%  SAM: /scicomp/groups/OID/NCIRD/ID-OD/ID_nomenclatures/label/LABEL_RES/scripts/modelfromalign_Linux v3.5 (July 15, 2005) compiled 12/08/06_16:15:55
%  (c) 1992-2001 Regents of the University of California, Santa Cruz
%
%          Sequence Alignment and Modeling Software System
%         http://www.cse.ucsc.edu/research/compbio/sam.html
%
% ----------------- Citations (SAM, SAM-T2K, HMMs) --------------------
% R. Hughey, A. Krogh, Hidden Markov models for sequence analysis:
%  Extension and analysis of the basic method, CABIOS 12:95-107, 1996.
% K. Karplus, et al., What is the value added by human intervention in protein
%  structure prediction, Proteins: Stucture, Function, Genetics 45(S5):86--91, 2001.
% A. Krogh et al., Hidden Markov models in computational biology:
%  Applications to protein modeling, JMB 235:1501-1531, Feb 1994.
% ---------------------------------------------------------------------
%  c-3-4-7-VIC_hmm   Host: node16.hpc.biotech.cdc.gov    Tue Nov  8 12:44:08 2016
%  vfn4              Dir:  /scicomp/groups/OID/NCIRD/ID-OD/ID_nomenclatures/H3/versions/H3v2016R2/c-3-4-5-6-7-VIC
% ---------------------------------------------------------------------
%  Alignment weights from internal calc.  Total (38.26) Max (0.34) Min (0.02)
%  Weights from alignment method 1 (karplus), b=-1.000000, e=0.500000
MODEL --  Model from alignment file /scicomp/groups/OID/NCIRD/ID-OD/ID_nomenclatures/label/LABEL_RES/training_data/H3v2016R2/c-3-4-5-6-7-VIC/c-3-4-7-VIC.fasta
alphabet DNA
FREQAVE
0.000000 0.000000 0.000000 
0.000000 0.000000 0.000000 
0.000000 0.000000 0.000000 
0.339070 0.221561 0.198207 0.241162 
0.339070 0.221561 0.198207 0.241162 
Begin
0.000000 0.000000 0.000000 
0.000000 0.000000 0.000000 
0.000000 0.004898 0.491768 
0.250000 0.250000 0.250000 0.250000 
0.250000 0.250000 0.250000 0.250000 
   1
0.000000 0.032704 0.046210 
0.000000 0.962399 0.462022 
0.041395 0.005039 0.491768 
0.980128 0.006624 0.006624 0.006624 
0.250000 0.250000 0.250000 0.250000 
   2
0.624894 0.004830 0.046210 
0.333711 0.990131 0.462022 
0.041395 0.005039 0.491768 
0.006624 0.006624 0.006624 0.980128 
0.250000 0.250000 0.250000 0.250000 
   3
0.624894 0.004830 0.046210 
0.333711 0.990131 0.462022 
0.041395 0.005039 0.491768 
0.006624 0.980128 0.006624 0.006624 
0.250000 0.250000 0.250000 0.250000 
   4
0.624894 0.004830 0.046210 
0.333711 0.990131 0.462022 
0.041395 0.005039 0.491768 
0.980128 0.006624 0.006624 0.006624 
0.250000 0.250000 0.250000 0.250000 
   5
0.620117 0.004830 0.046210 
0.338488 0.990131 0.462022 
0.041594 0.005036 0.491768 
0.980142 0.006619 0.006619 0.006619 
0.250000 0.250000 0.250000 0.250000 
   6
0.611175 0.004828 0.046210 
0.347231 0.990136 0.462022 
0.042096 0.005030 0.491768 
0.007567 0.979217 0.006608 0.006608 
0.250000 0.250000 0.250000 0.250000 
   7
0.615121 0.004822 0.046210 
0.342784 0.990148 0.462022 
0.042240 0.005028 0.491768 
0.977576 0.009214 0.006605 0.006605 
0.250000 0.250000 0.250000 0.250000 
   8
0.617235 0.004820 0.046210 
0.340524 0.990152 0.462022 
0.042240 0.005028 0.491768 
0.006605 0.006605 0.979036 0.007754 
0.250000 0.250000 0.250000 0.250000 
   9
0.611935 0.004820 0.046210 
0.345825 0.990152 0.462022 
0.042465 0.005026 0.491768 
0.007238 0.007488 0.053871 0.931404 
0.250000 0.250000 0.250000 0.250000 
  10
0.609953 0.004817 0.046210 
0.347581 0.990157 0.462022 
0.042689 0.005023 0.491768 
0.973193 0.013617 0.006595 0.006595 
0.250000 0.250000 0.250000 0.250000 
  11
0.607150 0.004815 0.046210 
0.350161 0.990162 0.462022 
0.042948 0.005020 0.491768 
0.006590 0.006590 0.013437 0.973384 
0.250000 0.250000 0.250000 0.250000 
  12
0.602992 0.004812 0.046210 
0.354061 0.990168 0.462022 
0.043287 0.005016 0.491768 
0.007840 0.006582 0.978220 0.007358 
0.250000 0.250000 0.250000 0.250000 
  13
0.607753 0.004808 0.046210 
0.348960 0.990176 0.462022 
0.043287 0.005016 0.491768 
0.978157 0.007421 0.007840 0.006582 
0.250000 0.250000 0.250000 0.250000 
  14
0.594633 0.004808 0.046210 
0.362080 0.990176 0.462022 
0.043862 0.005010 0.491768 
0.007825 0.006571 0.007250 0.978353 
0.250000 0.250000 0.250000 0.250000 
  15
0.602538 0.004802 0.046210 
0.353599 0.990188 0.462022 
0.043862 0.005010 0.491768 
0.012781 0.006571 0.007983 0.972665 
0.250000 0.250000 0.250000 0.250000 
  16
0.597703 0.004802 0.046210 
0.358434 0.990188 0.462022 
0.044075 0.005007 0.491768 
0.006566 0.980301 0.006566 0.006566 
0.250000 0.250000 0.250000 0.250000 
  17
0.600607 0.004800 0.046210 
0.355317 0.990193 0.462022 
0.044075 0.005007 0.491768 
0.006566 0.006566 0.980301 0.006566 
0.250000 0.250000 0.250000 0.250000 
  18
0.600607 0.004800 0.046210 
0.355317 0.990193 0.462022 
0.044075 0.005007 0.491768 
0.006566 0.006566 0.007421 0.979446 
0.250000 0.250000 0.250000 0.250000 
  19
0.600607 0.004800 0.046210 
0.355317 0.990193 0.462022 
0.044075 0.005007 0.491768 
0.006566 0.006566 0.007689 0.979179 
0.250000 0.250000 0.250000 0.250000 
  20
0.588086 0.004800 0.046210 
0.367839 0.990193 0.462022 
0.044634 0.005001 0.491768 
0.006555 0.007344 0.006555 0.979545 
0.250000 0.250000 0.250000 0.250000 
  21
0.595543 0.004794 0.046210 
0.359823 0.990205 0.462022 
0.044634 0.005001 0.491768 
0.008358 0.978531 0.006555 0.006555 
0.250000 0.250000 0.250000 0.250000 
  22
0.595543 0.004794 0.046210 
0.359823 0.990205 0.462022 
0.044634 0.005001 0.491768 
0.978383 0.008506 0.006555 0.006555 
0.250000 0.250000 0.250000 0.250000 
  23
0.590591 0.004794 0.046210 
0.364775 0.990205 0.462022 
0.044856 0.004999 0.491768 
0.008142 0.978756 0.006551 0.006551 
0.250000 0.250000 0.250000 0.250000 
  24
0.593530 0.004792 0.046210 
0.361614 0.990209 0.462022 
0.044856 0.004999 0.491768 
0.006551 0.006551 0.980347 0.006551 
0.250000 0.250000 0.250000 0.250000 
  25
0.593530 0.004792 0.046210 
0.361614 0.990209 0.462022 
0.044856 0.004999 0.491768 
0.006551 0.006551 0.015966 0.970932 
0.250000 0.250000 0.250000 0.250000 
  26
0.593530 0.004792 0.046210 
0.361614 0.990209 0.462022 
0.044856 0.004999 0.491768 
0.978034 0.008864 0.006551 0.006551 
0.250000 0.250000 0.250000 0.250000 
  27
0.540773 0.004792 0.046210 
0.414371 0.990209 0.462022 
0.047355 0.004974 0.491768 
0.006506 0.006506 0.979697 0.007291 
0.250000 0.250000 0.250000 0.250000 
  28
0.570892 0.004768 0.046210 
0.381754 0.990258 0.462022 
0.047355 0.004974 0.491768 
0.977950 0.008233 0.007312 0.006506 
0.250000 0.250000 0.250000 0.250000 
  29
0.570892 0.004768 0.046210 
0.381754 0.990258 0.462022 
0.047355 0.004974 0.491768 
0.006506 0.006506 0.008689 0.978299 
0.250000 0.250000 0.250000 0.250000 
  30
0.570892 0.004768 0.046210 
0.381754 0.990258 0.462022 
0.047355 0.004974 0.491768 
0.006506 0.006506 0.009211 0.977777 
0.250000 0.250000 0.250000 0.250000 
  31
0.570892 0.004768 0.046210 
0.381754 0.990258 0.462022 
0.047355 0.004974 0.491768 
0.010361 0.006506 0.971899 0.011234 
0.250000 0.250000 0.250000 0.250000 
  32
0.570892 0.004768 0.046210 
0.381754 0.990258 0.462022 
0.047355 0.004974 0.491768 
0.006506 0.006506 0.006506 0.980483 
0.250000 0.250000 0.250000 0.250000 
  33
0.570892 0.004768 0.046210 
0.381754 0.990258 0.462022 
0.047355 0.004974 0.491768 
0.979442 0.007546 0.006506 0.006506 
0.250000 0.250000 0.250000 0.250000 
  34
0.570892 0.004768 0.046210 
0.381754 0.990258 0.462022 
0.047355 0.004974 0.491768 
0.006506 0.006506 0.006506 0.980483 
0.250000 0.250000 0.250000 0.250000 
  35
0.570892 0.004768 0.046210 
0.381754 0.990258 0.462022 
0.047355 0.004974 0.491768 
0.008095 0.978894 0.006506 0.006506 
0.250000 0.250000 0.250000 0.250000 
  36
0.570892 0.004768 0.046210 
0.381754 0.990258 0.462022 
0.047355 0.004974 0.491768 
0.006506 0.006506 0.009059 0.977930 
0.250000 0.250000 0.250000 0.250000 
  37
0.570892 0.004768 0.046210 
0.381754 0.990258 0.462022 
0.047355 0.004974 0.491768 
0.009263 0.006506 0.973573 0.010658 
0.250000 0.250000 0.250000 0.250000 
  38
0.570892 0.004768 0.046210 
0.381754 0.990258 0.462022 
0.047355 0.004974 0.491768 
0.006506 0.015628 0.006506 0.971360 
0.250000 0.250000 0.250000 0.250000 
  39
0.570892 0.004768 0.046210 
0.381754 0.990258 0.462022 
0.047355 0.004974 0.491768 
0.029768 0.955519 0.006506 0.008207 
0.250000 0.250000 0.250000 0.250000 
  40
0.570892 0.004768 0.046210 
0.381754 0.990258 0.462022 
0.047355 0.004974 0.491768 
0.008576 0.978406 0.006509 0.006509 
0.250000 0.250000 0.250000 0.250000 
  41
0.570892 0.004768 0.046210 
0.381754 0.990258 0.462022 
0.047355 0.004974 0.491768 
0.006506 0.007186 0.019845 0.966463 
0.250000 0.250000 0.250000 0.250000 
  42
0.570892 0.004768 0.046210 
0.381754 0.990258 0.462022 
0.047355 0.004974 0.491768 
0.006506 0.006506 0.008434 0.978555 
0.250000 0.250000 0.250000 0.250000 
  43
0.570892 0.004768 0.046210 
0.381754 0.990258 0.462022 
0.047355 0.004974 0.491768 
0.007182 0.006506 0.007280 0.979032 
0.250000 0.250000 0.250000 0.250000 
  44
0.570892 0.004768 0.046210 
0.381754 0.990258 0.462022 
0.047355 0.004974 0.491768 
0.007387 0.006506 0.007209 0.978899 
0.250000 0.250000 0.250000 0.250000 
  45
0.570892 0.004768 0.046210 
0.381754 0.990258 0.462022 
0.047355 0.004974 0.491768 
0.007812 0.006506 0.975721 0.009961 
0.250000 0.250000 0.250000 0.250000 
  46
0.566915 0.004768 0.046210 
0.385730 0.990258 0.462022 
0.047544 0.004972 0.491768 
0.019091 0.966600 0.006503 0.007806 
0.250000 0.250000 0.250000 0.250000 
  47
0.569178 0.004766 0.046210 
0.383278 0.990261 0.462022 
0.047544 0.004972 0.491768 
0.006503 0.006503 0.980492 0.006503 
0.250000 0.250000 0.250000 0.250000 
  48
0.569178 0.004766 0.046210 
0.383278 0.990261 0.462022 
0.047544 0.004972 0.491768 
0.006503 0.006503 0.033292 0.953703 
0.250000 0.250000 0.250000 0.250000 
  49
0.412821 0.004766 0.046210 
0.539636 0.990261 0.462022 
0.056355 0.004904 0.491768 
0.007331 0.006379 0.979911 0.006379 
0.250000 0.250000 0.250000 0.250000 
  50
0.489332 0.004701 0.046210 
0.454313 0.990395 0.462022 
0.056355 0.004904 0.491768 
0.980862 0.006379 0.006379 0.006379 
0.250000 0.250000 0.250000 0.250000 
  51
0.489332 0.004701 0.046210 
0.454313 0.990395 0.462022 
0.056355 0.004904 0.491768 
0.979082 0.008159 0.006379 0.006379 
0.250000 0.250000 0.250000 0.250000 
  52
0.489332 0.004701 0.046210 
0.454313 0.990395 0.462022 
0.056355 0.004904 0.491768 
0.977065 0.008643 0.007913 0.006379 
0.250000 0.250000 0.250000 0.250000 
  53
0.489332 0.004701 0.046210 
0.454313 0.990395 0.462022 
0.056355 0.004904 0.491768 
0.980862 0.006379 0.006379 0.006379 
0.250000 0.250000 0.250000 0.250000 
  54
0.489332 0.004701 0.046210 
0.454313 0.990395 0.462022 
0.056355 0.004904 0.491768 
0.973339 0.011656 0.008625 0.006379 
0.250000 0.250000 0.250000 0.250000 
  55
0.489332 0.004701 0.046210 
0.454313 0.990395 0.462022 
0.056355 0.004904 0.491768 
0.052763 0.006379 0.919565 0.021293 
0.250000 0.250000 0.250000 0.250000 
  56
0.489332 0.004701 0.046210 
0.454313 0.990395 0.462022 
0.056355 0.004904 0.491768 
0.006379 0.006379 0.008036 0.979206 
0.250000 0.250000 0.250000 0.250000 
  57
0.489332 0.004701 0.046210 
0.454313 0.990395 0.462022 
0.056355 0.004904 0.491768 
0.006379 0.006379 0.011955 0.975287 
0.250000 0.250000 0.250000 0.250000 
  58
0.489332 0.004701 0.046210 
0.454313 0.990395 0.462022 
0.056355 0.004904 0.491768 
0.007448 0.006379 0.979793 0.006379 
0.250000 0.250000 0.250000 0.250000 
  59
0.489332 0.004701 0.046210 
0.454313 0.990395 0.462022 
0.056355 0.004904 0.491768 
0.006379 0.006379 0.980862 0.006379 
0.250000 0.250000 0.250000 0.250000 
  60
0.489332 0.004701 0.046210 
0.454313 0.990395 0.462022 
0.056355 0.004904 0.491768 
0.008058 0.006379 0.006379 0.979184 
0.250000 0.250000 0.250000 0.250000 
  61
0.489332 0.004701 0.046210 
0.454313 0.990395 0.462022 
0.056355 0.004904 0.491768 
0.009183 0.978058 0.006379 0.006379 
0.250000 0.250000 0.250000 0.250000 
  62
0.489332 0.004701 0.046210 
0.454313 0.990395 0.462022 
0.056355 0.004904 0.491768 
0.055424 0.930874 0.006379 0.007322 
0.250000 0.250000 0.250000 0.250000 
  63
0.483126 0.004701 0.046210 
0.460519 0.990395 0.462022 
0.056707 0.004902 0.491768 
0.973976 0.013274 0.006375 0.006375 
0.250000 0.250000 0.250000 0.250000 
  64
0.486143 0.004699 0.046210 
0.457150 0.990399 0.462022 
0.056707 0.004902 0.491768 
0.977623 0.009627 0.006375 0.006375 
0.250000 0.250000 0.250000 0.250000 
  65
0.486143 0.004699 0.046210 
0.457150 0.990399 0.462022 
0.056707 0.004902 0.491768 
0.980874 0.006375 0.006375 0.006375 
0.250000 0.250000 0.250000 0.250000 
  66
0.481275 0.004699 0.046210 
0.462018 0.990399 0.462022 
0.056984 0.004900 0.491768 
0.007082 0.006372 0.007041 0.979505 
0.250000 0.250000 0.250000 0.250000 
  67
0.483629 0.004697 0.046210 
0.459386 0.990402 0.462022 
0.056984 0.004900 0.491768 
0.006372 0.979944 0.006372 0.007312 
0.250000 0.250000 0.250000 0.250000 
  68
0.483629 0.004697 0.046210 
0.459386 0.990402 0.462022 
0.056984 0.004900 0.491768 
0.980884 0.006372 0.006372 0.006372 
0.250000 0.250000 0.250000 0.250000 
  69
0.483629 0.004697 0.046210 
0.459386 0.990402 0.462022 
0.056984 0.004900 0.491768 
0.009737 0.006372 0.976774 0.007116 
0.250000 0.250000 0.250000 0.250000 
  70
0.483629 0.004697 0.046210 
0.459386 0.990402 0.462022 
0.056984 0.004900 0.491768 
0.976960 0.009113 0.006372 0.007555 
0.250000 0.250000 0.250000 0.250000 
  71
0.483629 0.004697 0.046210 
0.459386 0.990402 0.462022 
0.056984 0.004900 0.491768 
0.980884 0.006372 0.006372 0.006372 
0.250000 0.250000 0.250000 0.250000 
  72
0.483629 0.004697 0.046210 
0.459386 0.990402 0.462022 
0.056984 0.004900 0.491768 
0.006375 0.006375 0.979922 0.007328 
0.250000 0.250000 0.250000 0.250000 
  73
0.483629 0.004697 0.046210 
0.459386 0.990402 0.462022 
0.056984 0.004900 0.491768 
0.980884 0.006372 0.006372 0.006372 
0.250000 0.250000 0.250000 0.250000 
  74
0.483629 0.004697 0.046210 
0.459386 0.990402 0.462022 
0.056984 0.004900 0.491768 
0.011153 0.975414 0.006372 0.007061 
0.250000 0.250000 0.250000 0.250000 
  75
0.483629 0.004697 0.046210 
0.459386 0.990402 0.462022 
0.056984 0.004900 0.491768 
0.006372 0.006372 0.979954 0.007301 
0.250000 0.250000 0.250000 0.250000 
  76
0.483629 0.004697 0.046210 
0.459386 0.990402 0.462022 
0.056984 0.004900 0.491768 
0.976439 0.010808 0.006377 0.006377 
0.250000 0.250000 0.250000 0.250000 
  77
0.483629 0.004697 0.046210 
0.459386 0.990402 0.462022 
0.056984 0.004900 0.491768 
0.007619 0.006372 0.975982 0.010027 
0.250000 0.250000 0.250000 0.250000 
  78
0.483629 0.004697 0.046210 
0.459386 0.990402 0.462022 
0.056984 0.004900 0.491768 
0.010492 0.973741 0.006372 0.009394 
0.250000 0.250000 0.250000 0.250000 
  79
0.483629 0.004697 0.046210 
0.459386 0.990402 0.462022 
0.056984 0.004900 0.491768 
0.006372 0.980884 0.006372 0.006372 
0.250000 0.250000 0.250000 0.250000 
  80
0.483629 0.004697 0.046210 
0.459386 0.990402 0.462022 
0.056984 0.004900 0.491768 
0.006372 0.006372 0.980884 0.006372 
0.250000 0.250000 0.250000 0.250000 
  81
0.483629 0.004697 0.046210 
0.459386 0.990402 0.462022 
0.056984 0.004900 0.491768 
0.978692 0.006372 0.007841 0.007095 
0.250000 0.250000 0.250000 0.250000 
  82
0.483629 0.004697 0.046210 
0.459386 0.990402 0.462022 
0.056984 0.004900 0.491768 
0.975005 0.012251 0.006372 0.006372 
0.250000 0.250000 0.250000 0.250000 
  83
0.483629 0.004697 0.046210 
0.459386 0.990402 0.462022 
0.056984 0.004900 0.491768 
0.006372 0.006372 0.980884 0.006372 
0.250000 0.250000 0.250000 0.250000 
  84
0.483629 0.004697 0.046210 
0.459386 0.990402 0.462022 
0.056984 0.004900 0.491768 
0.008440 0.978816 0.006372 0.006372 
0.250000 0.250000 0.250000 0.250000 
  85
0.483629 0.004697 0.046210 
0.459386 0.990402 0.462022 
0.056984 0.004900 0.491768 
0.006372 0.006372 0.978218 0.009038 
0.250000 0.250000 0.250000 0.250000 
  86
0.476301 0.004697 0.046210 
0.466714 0.990402 0.462022 
0.057405 0.004898 0.491768 
0.006367 0.006367 0.006367 0.980898 
0.250000 0.250000 0.250000 0.250000 
  87
0.479817 0.004695 0.046210 
0.462778 0.990408 0.462022 
0.057405 0.004898 0.491768 
0.010690 0.972113 0.006367 0.010829 
0.250000 0.250000 0.250000 0.250000 
  88
0.479817 0.004695 0.046210 
0.462778 0.990408 0.462022 
0.057405 0.004898 0.491768 
0.006367 0.006367 0.006367 0.980898 
0.250000 0.250000 0.250000 0.250000 
  89
0.479817 0.004695 0.046210 
0.462778 0.990408 0.462022 
0.057405 0.004898 0.491768 
0.006367 0.980898 0.006367 0.006367 
0.250000 0.250000 0.250000 0.250000 
  90
0.479817 0.004695 0.046210 
0.462778 0.990408 0.462022 
0.057405 0.004898 0.491768 
0.006367 0.006367 0.976398 0.010867 
0.250000 0.250000 0.250000 0.250000 
  91
0.479817 0.004695 0.046210 
0.462778 0.990408 0.462022 
0.057405 0.004898 0.491768 
0.006367 0.006367 0.980898 0.006367 
0.250000 0.250000 0.250000 0.250000 
  92
0.479817 0.004695 0.046210 
0.462778 0.990408 0.462022 
0.057405 0.004898 0.491768 
0.006367 0.006367 0.006367 0.980898 
0.250000 0.250000 0.250000 0.250000 
  93
0.479817 0.004695 0.046210 
0.462778 0.990408 0.462022 
0.057405 0.004898 0.491768 
0.006367 0.010742 0.006367 0.976523 
0.250000 0.250000 0.250000 0.250000 
  94
0.479817 0.004695 0.046210 
0.462778 0.990408 0.462022 
0.057405 0.004898 0.491768 
0.006367 0.980898 0.006367 0.006367 
0.250000 0.250000 0.250000 0.250000 
  95
0.479817 0.004695 0.046210 
0.462778 0.990408 0.462022 
0.057405 0.004898 0.491768 
0.006367 0.976063 0.006367 0.011202 
0.250000 0.250000 0.250000 0.250000 
  96
0.479817 0.004695 0.046210 
0.462778 0.990408 0.462022 
0.057405 0.004898 0.491768 
0.009871 0.975809 0.007246 0.007074 
0.250000 0.250000 0.250000 0.250000 
  97
0.479817 0.004695 0.046210 
0.462778 0.990408 0.462022 
0.057405 0.004898 0.491768 
0.006367 0.006367 0.980898 0.006367 
0.250000 0.250000 0.250000 0.250000 
  98
0.479817 0.004695 0.046210 
0.462778 0.990408 0.462022 
0.057405 0.004898 0.491768 
0.977700 0.009565 0.006367 0.006367 
0.250000 0.250000 0.250000 0.250000 
  99
0.479817 0.004695 0.046210 
0.462778 0.990408 0.462022 
0.057405 0.004898 0.491768 
0.006367 0.006367 0.977773 0.009492 
0.250000 0.250000 0.250000 0.250000 
 100
0.479817 0.004695 0.046210 
0.462778 0.990408 0.462022 
0.057405 0.004898 0.491768 
0.006367 0.006367 0.979980 0.007285 
0.250000 0.250000 0.250000 0.250000 
 101
0.479817 0.004695 0.046210 
0.462778 0.990408 0.462022 
0.057405 0.004898 0.491768 
0.980898 0.006367 0.006367 0.006367 
0.250000 0.250000 0.250000 0.250000 
 102
0.479817 0.004695 0.046210 
0.462778 0.990408 0.462022 
0.057405 0.004898 0.491768 
0.006367 0.006367 0.006367 0.980898 
0.250000 0.250000 0.250000 0.250000 
 103
0.479817 0.004695 0.046210 
0.462778 0.990408 0.462022 
0.057405 0.004898 0.491768 
0.006367 0.980898 0.006367 0.006367 
0.250000 0.250000 0.250000 0.250000 
 104
0.479817 0.004695 0.046210 
0.462778 0.990408 0.462022 
0.057405 0.004898 0.491768 
0.006367 0.006367 0.980898 0.006367 
0.250000 0.250000 0.250000 0.250000 
 105
0.479817 0.004695 0.046210 
0.462778 0.990408 0.462022 
0.057405 0.004898 0.491768 
0.980092 0.006367 0.006367 0.007174 
0.250000 0.250000 0.250000 0.250000 
 106
0.479817 0.004695 0.046210 
0.462778 0.990408 0.462022 
0.057405 0.004898 0.491768 
0.006367 0.980898 0.006367 0.006367 
0.250000 0.250000 0.250000 0.250000 
 107
0.479817 0.004695 0.046210 
0.462778 0.990408 0.462022 
0.057405 0.004898 0.491768 
0.006367 0.007751 0.006367 0.979514 
0.250000 0.250000 0.250000 0.250000 
 108
0.479817 0.004695 0.046210 
0.462778 0.990408 0.462022 
0.057405 0.004898 0.491768 
0.978483 0.007861 0.007289 0.006367 
0.250000 0.250000 0.250000 0.250000 
 109
0.479817 0.004695 0.046210 
0.462778 0.990408 0.462022 
0.057405 0.004898 0.491768 
0.006367 0.006367 0.976768 0.010497 
0.250000 0.250000 0.250000 0.250000 
 110
0.479817 0.004695 0.046210 
0.462778 0.990408 0.462022 
0.057405 0.004898 0.491768 
0.006367 0.006367 0.980898 0.006367 
0.250000 0.250000 0.250000 0.250000 
 111
0.479817 0.004695 0.046210 
0.462778 0.990408 0.462022 
0.057405 0.004898 0.491768 
0.977471 0.009794 0.006367 0.006367 
0.250000 0.250000 0.250000 0.250000 
 112
0.479817 0.004695 0.046210 
0.462778 0.990408 0.462022 
0.057405 0.004898 0.491768 
0.980898 0.006367 0.006367 0.006367 
0.250000 0.250000 0.250000 0.250000 
 113
0.479817 0.004695 0.046210 
0.462778 0.990408 0.462022 
0.057405 0.004898 0.491768 
0.980898 0.006367 0.006367 0.006367 
0.250000 0.250000 0.250000 0.250000 
 114
0.479817 0.004695 0.046210 
0.462778 0.990408 0.462022 
0.057405 0.004898 0.491768 
0.006367 0.006367 0.970753 0.016512 
0.250000 0.250000 0.250000 0.250000 
 115
0.479817 0.004695 0.046210 
0.462778 0.990408 0.462022 
0.057405 0.004898 0.491768 
0.006367 0.980898 0.006367 0.006367 
0.250000 0.250000 0.250000 0.250000 
 116
0.479817 0.004695 0.046210 
0.462778 0.990408 0.462022 
0.057405 0.004898 0.491768 
0.006367 0.980898 0.006367 0.006367 
0.250000 0.250000 0.250000 0.250000 
 117
0.479817 0.004695 0.046210 
0.462778 0.990408 0.462022 
0.057405 0.004898 0.491768 
0.975597 0.011668 0.006367 0.006367 
0.250000 0.250000 0.250000 0.250000 
 118
0.479817 0.004695 0.046210 
0.462778 0.990408 0.462022 
0.057405 0.004898 0.491768 
0.980898 0.006367 0.006367 0.006367 
0.250000 0.250000 0.250000 0.250000 
 119
0.479817 0.004695 0.046210 
0.462778 0.990408 0.462022 
0.057405 0.004898 0.491768 
0.006367 0.006367 0.980898 0.006367 
0.250000 0.250000 0.250000 0.250000 
 120
0.479817 0.004695 0.046210 
0.462778 0.990408 0.462022 
0.057405 0.004898 0.491768 
0.019618 0.966114 0.006367 0.007901 
0.250000 0.250000 0.250000 0.250000 
 121
0.479817 0.004695 0.046210 
0.462778 0.990408 0.462022 
0.057405 0.004898 0.491768 
0.980068 0.007197 0.006367 0.006367 
0.250000 0.250000 0.250000 0.250000 
 122
0.479817 0.004695 0.046210 
0.462778 0.990408 0.462022 
0.057405 0.004898 0.491768 
0.006367 0.006367 0.006367 0.980898 
0.250000 0.250000 0.250000 0.250000 
 123
0.479817 0.004695 0.046210 
0.462778 0.990408 0.462022 
0.057405 0.004898 0.491768 
0.977326 0.008937 0.006367 0.007370 
0.250000 0.250000 0.250000 0.250000 
 124
0.479817 0.004695 0.046210 
0.462778 0.990408 0.462022 
0.057405 0.004898 0.491768 
0.006367 0.980898 0.006367 0.006367 
0.250000 0.250000 0.250000 0.250000 
 125
0.479817 0.004695 0.046210 
0.462778 0.990408 0.462022 
0.057405 0.004898 0.491768 
0.006367 0.006367 0.006367 0.980898 
0.250000 0.250000 0.250000 0.250000 
 126
0.479817 0.004695 0.046210 
0.462778 0.990408 0.462022 
0.057405 0.004898 0.491768 
0.015783 0.970773 0.006367 0.007077 
0.250000 0.250000 0.250000 0.250000 
 127
0.479817 0.004695 0.046210 
0.462778 0.990408 0.462022 
0.057405 0.004898 0.491768 
0.980898 0.006367 0.006367 0.006367 
0.250000 0.250000 0.250000 0.250000 
 128
0.479817 0.004695 0.046210 
0.462778 0.990408 0.462022 
0.057405 0.004898 0.491768 
0.980898 0.006367 0.006367 0.006367 
0.250000 0.250000 0.250000 0.250000 
 129
0.479817 0.004695 0.046210 
0.462778 0.990408 0.462022 
0.057405 0.004898 0.491768 
0.978978 0.008287 0.006367 0.006367 
0.250000 0.250000 0.250000 0.250000 
 130
0.479817 0.004695 0.046210 
0.462778 0.990408 0.462022 
0.057405 0.004898 0.491768 
0.980898 0.006367 0.006367 0.006367 
0.250000 0.250000 0.250000 0.250000 
 131
0.479817 0.004695 0.046210 
0.462778 0.990408 0.462022 
0.057405 0.004898 0.491768 
0.006367 0.006367 0.980898 0.006367 
0.250000 0.250000 0.250000 0.250000 
 132
0.479817 0.004695 0.046210 
0.462778 0.990408 0.462022 
0.057405 0.004898 0.491768 
0.980898 0.006367 0.006367 0.006367 
0.250000 0.250000 0.250000 0.250000 
 133
0.479817 0.004695 0.046210 
0.462778 0.990408 0.462022 
0.057405 0.004898 0.491768 
0.980898 0.006367 0.006367 0.006367 
0.250000 0.250000 0.250000 0.250000 
 134
0.479817 0.004695 0.046210 
0.462778 0.990408 0.462022 
0.057405 0.004898 0.491768 
0.006367 0.006367 0.006367 0.980898 
0.250000 0.250000 0.250000 0.250000 
 135
0.479817 0.004695 0.046210 
0.462778 0.990408 0.462022 
0.057405 0.004898 0.491768 
0.008625 0.006367 0.963142 0.021865 
0.250000 0.250000 0.250000 0.250000 
 136
0.479817 0.004695 0.046210 
0.462778 0.990408 0.462022 
0.057405 0.004898 0.491768 
0.973035 0.014231 0.006367 0.006367 
0.250000 0.250000 0.250000 0.250000 
 137
0.479817 0.004695 0.046210 
0.462778 0.990408 0.462022 
0.057405 0.004898 0.491768 
0.006367 0.006367 0.979828 0.007437 
0.250000 0.250000 0.250000 0.250000 
 138
0.479817 0.004695 0.046210 
0.462778 0.990408 0.462022 
0.057405 0.004898 0.491768 
0.017705 0.948676 0.006367 0.027252 
0.250000 0.250000 0.250000 0.250000 
 139
0.479817 0.004695 0.046210 
0.462778 0.990408 0.462022 
0.057405 0.004898 0.491768 
0.968471 0.017731 0.007431 0.006367 
0.250000 0.250000 0.250000 0.250000 
 140
0.479817 0.004695 0.046210 
0.462778 0.990408 0.462022 
0.057405 0.004898 0.491768 
0.977001 0.010264 0.006367 0.006367 
0.250000 0.250000 0.250000 0.250000 
 141
0.479817 0.004695 0.046210 
0.462778 0.990408 0.462022 
0.057405 0.004898 0.491768 
0.006367 0.006367 0.006367 0.980898 
0.250000 0.250000 0.250000 0.250000 
 142
0.479817 0.004695 0.046210 
0.462778 0.990408 0.462022 
0.057405 0.004898 0.491768 
0.006367 0.980898 0.006367 0.006367 
0.250000 0.250000 0.250000 0.250000 
 143
0.479817 0.004695 0.046210 
0.462778 0.990408 0.462022 
0.057405 0.004898 0.491768 
0.979918 0.007347 0.006367 0.006367 
0.250000 0.250000 0.250000 0.250000 
 144
0.479817 0.004695 0.046210 
0.462778 0.990408 0.462022 
0.057405 0.004898 0.491768 
0.012247 0.006367 0.975018 0.006367 
0.250000 0.250000 0.250000 0.250000 
 145
0.479817 0.004695 0.046210 
0.462778 0.990408 0.462022 
0.057405 0.004898 0.491768 
0.006367 0.006367 0.980898 0.006367 
0.250000 0.250000 0.250000 0.250000 
 146
0.479817 0.004695 0.046210 
0.462778 0.990408 0.462022 
0.057405 0.004898 0.491768 
0.980077 0.007188 0.006367 0.006367 
0.250000 0.250000 0.250000 0.250000 
 147
0.479817 0.004695 0.046210 
0.462778 0.990408 0.462022 
0.057405 0.004898 0.491768 
0.975758 0.011507 0.006367 0.006367 
0.250000 0.250000 0.250000 0.250000 
 148
0.479817 0.004695 0.046210 
0.462778 0.990408 0.462022 
0.057405 0.004898 0.491768 
0.977890 0.009375 0.006367 0.006367 
0.250000 0.250000 0.250000 0.250000 
 149
0.479817 0.004695 0.046210 
0.462778 0.990408 0.462022 
0.057405 0.004898 0.491768 
0.006367 0.006367 0.006367 0.980898 
0.250000 0.250000 0.250000 0.250000 
 150
0.479817 0.004695 0.046210 
0.462778 0.990408 0.462022 
0.057405 0.004898 0.491768 
0.008302 0.006367 0.006367 0.978963 
0.250000 0.250000 0.250000 0.250000 
 151
0.479817 0.004695 0.046210 
0.462778 0.990408 0.462022 
0.057405 0.004898 0.491768 
0.006367 0.980898 0.006367 0.006367 
0.250000 0.250000 0.250000 0.250000 
 152
0.479817 0.004695 0.046210 
0.462778 0.990408 0.462022 
0.057405 0.004898 0.491768 
0.980898 0.006367 0.006367 0.006367 
0.250000 0.250000 0.250000 0.250000 
 153
0.479817 0.004695 0.046210 
0.462778 0.990408 0.462022 
0.057405 0.004898 0.491768 
0.977236 0.010015 0.006374 0.006374 
0.250000 0.250000 0.250000 0.250000 
 154
0.479817 0.004695 0.046210 
0.462778 0.990408 0.462022 
0.057405 0.004898 0.491768 
0.006367 0.980898 0.006367 0.006367 
0.250000 0.250000 0.250000 0.250000 
 155
0.479817 0.004695 0.046210 
0.462778 0.990408 0.462022 
0.057405 0.004898 0.491768 
0.006367 0.006367 0.006367 0.980898 
0.250000 0.250000 0.250000 0.250000 
 156
0.479817 0.004695 0.046210 
0.462778 0.990408 0.462022 
0.057405 0.004898 0.491768 
0.006367 0.006367 0.010184 0.977081 
0.250000 0.250000 0.250000 0.250000 
 157
0.479817 0.004695 0.046210 
0.462778 0.990408 0.462022 
0.057405 0.004898 0.491768 
0.980898 0.006367 0.006367 0.006367 
0.250000 0.250000 0.250000 0.250000 
 158
0.479817 0.004695 0.046210 
0.462778 0.990408 0.462022 
0.057405 0.004898 0.491768 
0.006367 0.006367 0.980898 0.006367 
0.250000 0.250000 0.250000 0.250000 
 159
0.479817 0.004695 0.046210 
0.462778 0.990408 0.462022 
0.057405 0.004898 0.491768 
0.006367 0.006367 0.010651 0.976614 
0.250000 0.250000 0.250000 0.250000 
 160
0.479817 0.004695 0.046210 
0.462778 0.990408 0.462022 
0.057405 0.004898 0.491768 
0.980898 0.006367 0.006367 0.006367 
0.250000 0.250000 0.250000 0.250000 
 161
0.479817 0.004695 0.046210 
0.462778 0.990408 0.462022 
0.057405 0.004898 0.491768 
0.980143 0.006367 0.007122 0.006367 
0.250000 0.250000 0.250000 0.250000 
 162
0.479817 0.004695 0.046210 
0.462778 0.990408 0.462022 
0.057405 0.004898 0.491768 
0.006367 0.006367 0.009728 0.977537 
0.250000 0.250000 0.250000 0.250000 
 163
0.479817 0.004695 0.046210 
0.462778 0.990408 0.462022 
0.057405 0.004898 0.491768 
0.006367 0.980898 0.006367 0.006367 
0.250000 0.250000 0.250000 0.250000 
 164
0.479817 0.004695 0.046210 
0.462778 0.990408 0.462022 
0.057405 0.004898 0.491768 
0.006367 0.006367 0.980898 0.006367 
0.250000 0.250000 0.250000 0.250000 
 165
0.479817 0.004695 0.046210 
0.462778 0.990408 0.462022 
0.057405 0.004898 0.491768 
0.006367 0.007822 0.012039 0.973772 
0.250000 0.250000 0.250000 0.250000 
 166
0.479817 0.004695 0.046210 
0.462778 0.990408 0.462022 
0.057405 0.004898 0.491768 
0.980898 0.006367 0.006367 0.006367 
0.250000 0.250000 0.250000 0.250000 
 167
0.479817 0.004695 0.046210 
0.462778 0.990408 0.462022 
0.057405 0.004898 0.491768 
0.006367 0.006367 0.980898 0.006367 
0.250000 0.250000 0.250000 0.250000 
 168
0.479817 0.004695 0.046210 
0.462778 0.990408 0.462022 
0.057405 0.004898 0.491768 
0.007113 0.007123 0.008154 0.977610 
0.250000 0.250000 0.250000 0.250000 
 169
0.479817 0.004695 0.046210 
0.462778 0.990408 0.462022 
0.057405 0.004898 0.491768 
0.006367 0.980898 0.006367 0.006367 
0.250000 0.250000 0.250000 0.250000 
 170
0.479817 0.004695 0.046210 
0.462778 0.990408 0.462022 
0.057405 0.004898 0.491768 
0.980898 0.006367 0.006367 0.006367 
0.250000 0.250000 0.250000 0.250000 
 171
0.479817 0.004695 0.046210 
0.462778 0.990408 0.462022 
0.057405 0.004898 0.491768 
0.027076 0.960189 0.006367 0.006367 
0.250000 0.250000 0.250000 0.250000 
 172
0.479817 0.004695 0.046210 
0.462778 0.990408 0.462022 
0.057405 0.004898 0.491768 
0.006367 0.006367 0.977510 0.009755 
0.250000 0.250000 0.250000 0.250000 
 173
0.479817 0.004695 0.046210 
0.462778 0.990408 0.462022 
0.057405 0.004898 0.491768 
0.006367 0.006367 0.006367 0.980898 
0.250000 0.250000 0.250000 0.250000 
 174
0.479817 0.004695 0.046210 
0.462778 0.990408 0.462022 
0.057405 0.004898 0.491768 
0.009022 0.977176 0.006367 0.007435 
0.250000 0.250000 0.250000 0.250000 
 175
0.479817 0.004695 0.046210 
0.462778 0.990408 0.462022 
0.057405 0.004898 0.491768 
0.009108 0.978157 0.006367 0.006367 
0.250000 0.250000 0.250000 0.250000 
 176
0.479817 0.004695 0.046210 
0.462778 0.990408 0.462022 
0.057405 0.004898 0.491768 
0.006367 0.006367 0.006367 0.980898 
0.250000 0.250000 0.250000 0.250000 
 177
0.479817 0.004695 0.046210 
0.462778 0.990408 0.462022 
0.057405 0.004898 0.491768 
0.007542 0.006367 0.015023 0.971068 
0.250000 0.250000 0.250000 0.250000 
 178
0.479817 0.004695 0.046210 
0.462778 0.990408 0.462022 
0.057405 0.004898 0.491768 
0.007299 0.006367 0.979966 0.006367 
0.250000 0.250000 0.250000 0.250000 
 179
0.479817 0.004695 0.046210 
0.462778 0.990408 0.462022 
0.057405 0.004898 0.491768 
0.979336 0.007929 0.006367 0.006367 
0.250000 0.250000 0.250000 0.250000 
 180
0.479817 0.004695 0.046210 
0.462778 0.990408 0.462022 
0.057405 0.004898 0.491768 
0.012608 0.974657 0.006367 0.006367 
0.250000 0.250000 0.250000 0.250000 
 181
0.479817 0.004695 0.046210 
0.462778 0.990408 0.462022 
0.057405 0.004898 0.491768 
0.976881 0.010377 0.006371 0.006371 
0.250000 0.250000 0.250000 0.250000 
 182
0.479817 0.004695 0.046210 
0.462778 0.990408 0.462022 
0.057405 0.004898 0.491768 
0.147458 0.836373 0.006372 0.009798 
0.250000 0.250000 0.250000 0.250000 
 183
0.479817 0.004695 0.046210 
0.462778 0.990408 0.462022 
0.057405 0.004898 0.491768 
0.006371 0.006371 0.013312 0.973946 
0.250000 0.250000 0.250000 0.250000 
 184
0.479817 0.004695 0.046210 
0.462778 0.990408 0.462022 
0.057405 0.004898 0.491768 
0.006367 0.006367 0.006367 0.980898 
0.250000 0.250000 0.250000 0.250000 
 185
0.479817 0.004695 0.046210 
0.462778 0.990408 0.462022 
0.057405 0.004898 0.491768 
0.006367 0.006367 0.979336 0.007929 
0.250000 0.250000 0.250000 0.250000 
 186
0.479817 0.004695 0.046210 
0.462778 0.990408 0.462022 
0.057405 0.004898 0.491768 
0.007379 0.006367 0.977993 0.008261 
0.250000 0.250000 0.250000 0.250000 
 187
0.479817 0.004695 0.046210 
0.462778 0.990408 0.462022 
0.057405 0.004898 0.491768 
0.006367 0.006367 0.007200 0.980065 
0.250000 0.250000 0.250000 0.250000 
 188
0.479817 0.004695 0.046210 
0.462778 0.990408 0.462022 
0.057405 0.004898 0.491768 
0.006367 0.006367 0.980898 0.006367 
0.250000 0.250000 0.250000 0.250000 
 189
0.479817 0.004695 0.046210 
0.462778 0.990408 0.462022 
0.057405 0.004898 0.491768 
0.978931 0.006367 0.007567 0.007134 
0.250000 0.250000 0.250000 0.250000 
 190
0.479817 0.004695 0.046210 
0.462778 0.990408 0.462022 
0.057405 0.004898 0.491768 
0.890008 0.097257 0.006367 0.006367 
0.250000 0.250000 0.250000 0.250000 
 191
0.479817 0.004695 0.046210 
0.462778 0.990408 0.462022 
0.057405 0.004898 0.491768 
0.007087 0.006367 0.979519 0.007026 
0.250000 0.250000 0.250000 0.250000 
 192
0.479817 0.004695 0.046210 
0.462778 0.990408 0.462022 
0.057405 0.004898 0.491768 
0.978101 0.007086 0.006367 0.008446 
0.250000 0.250000 0.250000 0.250000 
 193
0.479817 0.004695 0.046210 
0.462778 0.990408 0.462022 
0.057405 0.004898 0.491768 
0.007261 0.980004 0.006367 0.006367 
0.250000 0.250000 0.250000 0.250000 
 194
0.479817 0.004695 0.046210 
0.462778 0.990408 0.462022 
0.057405 0.004898 0.491768 
0.006371 0.980888 0.006371 0.006371 
0.250000 0.250000 0.250000 0.250000 
 195
0.479817 0.004695 0.046210 
0.462778 0.990408 0.462022 
0.057405 0.004898 0.491768 
0.006367 0.006367 0.021854 0.965412 
0.250000 0.250000 0.250000 0.250000 
 196
0.479817 0.004695 0.046210 
0.462778 0.990408 0.462022 
0.057405 0.004898 0.491768 
0.007232 0.980033 0.006367 0.006367 
0.250000 0.250000 0.250000 0.250000 
 197
0.479817 0.004695 0.046210 
0.462778 0.990408 0.462022 
0.057405 0.004898 0.491768 
0.979449 0.007816 0.006367 0.006367 
0.250000 0.250000 0.250000 0.250000 
 198
0.479817 0.004695 0.046210 
0.462778 0.990408 0.462022 
0.057405 0.004898 0.491768 
0.979695 0.007570 0.006367 0.006367 
0.250000 0.250000 0.250000 0.250000 
 199
0.479817 0.004695 0.046210 
0.462778 0.990408 0.462022 
0.057405 0.004898 0.491768 
0.979881 0.006367 0.007384 0.006367 
0.250000 0.250000 0.250000 0.250000 
 200
0.479817 0.004695 0.046210 
0.462778 0.990408 0.462022 
0.057405 0.004898 0.491768 
0.006367 0.006367 0.006367 0.980898 
0.250000 0.250000 0.250000 0.250000 
 201
0.479817 0.004695 0.046210 
0.462778 0.990408 0.462022 
0.057405 0.004898 0.491768 
0.979381 0.006367 0.007058 0.007194 
0.250000 0.250000 0.250000 0.250000 
 202
0.479817 0.004695 0.046210 
0.462778 0.990408 0.462022 
0.057405 0.004898 0.491768 
0.006367 0.006367 0.006367 0.980898 
0.250000 0.250000 0.250000 0.250000 
 203
0.479817 0.004695 0.046210 
0.462778 0.990408 0.462022 
0.057405 0.004898 0.491768 
0.006367 0.980898 0.006367 0.006367 
0.250000 0.250000 0.250000 0.250000 
 204
0.479817 0.004695 0.046210 
0.462778 0.990408 0.462022 
0.057405 0.004898 0.491768 
0.006367 0.006367 0.973937 0.013328 
0.250000 0.250000 0.250000 0.250000 
 205
0.479817 0.004695 0.046210 
0.462778 0.990408 0.462022 
0.057405 0.004898 0.491768 
0.057720 0.928474 0.007435 0.006371 
0.250000 0.250000 0.250000 0.250000 
 206
0.479817 0.004695 0.046210 
0.462778 0.990408 0.462022 
0.057405 0.004898 0.491768 
0.975256 0.011998 0.006373 0.006373 
0.250000 0.250000 0.250000 0.250000 
 207
0.479817 0.004695 0.046210 
0.462778 0.990408 0.462022 
0.057405 0.004898 0.491768 
0.011484 0.006367 0.974111 0.008037 
0.250000 0.250000 0.250000 0.250000 
 208
0.479817 0.004695 0.046210 
0.462778 0.990408 0.462022 
0.057405 0.004898 0.491768 
0.971119 0.007605 0.014909 0.006367 
0.250000 0.250000 0.250000 0.250000 
 209
0.479817 0.004695 0.046210 
0.462778 0.990408 0.462022 
0.057405 0.004898 0.491768 
0.009229 0.978036 0.006367 0.006367 
0.250000 0.250000 0.250000 0.250000 
 210
0.479817 0.004695 0.046210 
0.462778 0.990408 0.462022 
0.057405 0.004898 0.491768 
0.006367 0.006367 0.014749 0.972516 
0.250000 0.250000 0.250000 0.250000 
 211
0.479817 0.004695 0.046210 
0.462778 0.990408 0.462022 
0.057405 0.004898 0.491768 
0.006367 0.006367 0.980898 0.006367 
0.250000 0.250000 0.250000 0.250000 
 212
0.479817 0.004695 0.046210 
0.462778 0.990408 0.462022 
0.057405 0.004898 0.491768 
0.006367 0.006367 0.980898 0.006367 
0.250000 0.250000 0.250000 0.250000 
 213
0.479817 0.004695 0.046210 
0.462778 0.990408 0.462022 
0.057405 0.004898 0.491768 
0.007026 0.006367 0.009356 0.977250 
0.250000 0.250000 0.250000 0.250000 
 214
0.479817 0.004695 0.046210 
0.462778 0.990408 0.462022 
0.057405 0.004898 0.491768 
0.007374 0.006367 0.979891 0.006367 
0.250000 0.250000 0.250000 0.250000 
 215
0.479817 0.004695 0.046210 
0.462778 0.990408 0.462022 
0.057405 0.004898 0.491768 
0.979701 0.006367 0.006367 0.007564 
0.250000 0.250000 0.250000 0.250000 
 216
0.479817 0.004695 0.046210 
0.462778 0.990408 0.462022 
0.057405 0.004898 0.491768 
0.006367 0.006367 0.018014 0.969252 
0.250000 0.250000 0.250000 0.250000 
 217
0.479817 0.004695 0.046210 
0.462778 0.990408 0.462022 
0.057405 0.004898 0.491768 
0.008841 0.006367 0.978424 0.006367 
0.250000 0.250000 0.250000 0.250000 
 218
0.479817 0.004695 0.046210 
0.462778 0.990408 0.462022 
0.057405 0.004898 0.491768 
0.972947 0.007321 0.006367 0.013364 
0.250000 0.250000 0.250000 0.250000 
 219
0.479817 0.004695 0.046210 
0.462778 0.990408 0.462022 
0.057405 0.004898 0.491768 
0.023670 0.916874 0.006367 0.053088 
0.250000 0.250000 0.250000 0.250000 
 220
0.479817 0.004695 0.046210 
0.462778 0.990408 0.462022 
0.057405 0.004898 0.491768 
0.977743 0.009522 0.006367 0.006367 
0.250000 0.250000 0.250000 0.250000 
 221
0.479817 0.004695 0.046210 
0.462778 0.990408 0.462022 
0.057405 0.004898 0.491768 
0.006367 0.006367 0.006367 0.980898 
0.250000 0.250000 0.250000 0.250000 
 222
0.479817 0.004695 0.046210 
0.462778 0.990408 0.462022 
0.057405 0.004898 0.491768 
0.008901 0.006367 0.977365 0.007366 
0.250000 0.250000 0.250000 0.250000 
 223
0.479817 0.004695 0.046210 
0.462778 0.990408 0.462022 
0.057405 0.004898 0.491768 
0.023117 0.006367 0.964149 0.006367 
0.250000 0.250000 0.250000 0.250000 
 224
0.479817 0.004695 0.046210 
0.462778 0.990408 0.462022 
0.057405 0.004898 0.491768 
0.006367 0.006367 0.006367 0.980898 
0.250000 0.250000 0.250000 0.250000 
 225
0.479817 0.004695 0.046210 
0.462778 0.990408 0.462022 
0.057405 0.004898 0.491768 
0.006367 0.007226 0.008564 0.977843 
0.250000 0.250000 0.250000 0.250000 
 226
0.479817 0.004695 0.046210 
0.462778 0.990408 0.462022 
0.057405 0.004898 0.491768 
0.006367 0.980898 0.006367 0.006367 
0.250000 0.250000 0.250000 0.250000 
 227
0.479817 0.004695 0.046210 
0.462778 0.990408 0.462022 
0.057405 0.004898 0.491768 
0.980898 0.006367 0.006367 0.006367 
0.250000 0.250000 0.250000 0.250000 
 228
0.479817 0.004695 0.046210 
0.462778 0.990408 0.462022 
0.057405 0.004898 0.491768 
0.006367 0.006367 0.007766 0.979499 
0.250000 0.250000 0.250000 0.250000 
 229
0.479817 0.004695 0.046210 
0.462778 0.990408 0.462022 
0.057405 0.004898 0.491768 
0.006367 0.980898 0.006367 0.006367 
0.250000 0.250000 0.250000 0.250000 
 230
0.479817 0.004695 0.046210 
0.462778 0.990408 0.462022 
0.057405 0.004898 0.491768 
0.006367 0.980898 0.006367 0.006367 
0.250000 0.250000 0.250000 0.250000 
 231
0.479817 0.004695 0.046210 
0.462778 0.990408 0.462022 
0.057405 0.004898 0.491768 
0.976030 0.011235 0.006367 0.006367 
0.250000 0.250000 0.250000 0.250000 
 232
0.479817 0.004695 0.046210 
0.462778 0.990408 0.462022 
0.057405 0.004898 0.491768 
0.015460 0.971805 0.006367 0.006367 
0.250000 0.250000 0.250000 0.250000 
 233
0.479817 0.004695 0.046210 
0.462778 0.990408 0.462022 
0.057405 0.004898 0.491768 
0.939609 0.009418 0.007026 0.043946 
0.250000 0.250000 0.250000 0.250000 
 234
0.479817 0.004695 0.046210 
0.462778 0.990408 0.462022 
0.057405 0.004898 0.491768 
0.978877 0.008388 0.006367 0.006367 
0.250000 0.250000 0.250000 0.250000 
 235
