%  SAM: /scicomp/home/yfa9/CDC_projects/Mol_genetic_analysis/Nomenclature/B_NA_Nomenclature/All_v1/All_v1-4-revision/4_Module/label/LABEL_RES/scripts/modelfromalign_Linux v3.5 (July 15, 2005) compiled 12/08/06_16:15:55
%  (c) 1992-2001 Regents of the University of California, Santa Cruz
%
%          Sequence Alignment and Modeling Software System
%         http://www.cse.ucsc.edu/research/compbio/sam.html
%
% ----------------- Citations (SAM, SAM-T2K, HMMs) --------------------
% R. Hughey, A. Krogh, Hidden Markov models for sequence analysis:
%  Extension and analysis of the basic method, CABIOS 12:95-107, 1996.
% K. Karplus, et al., What is the value added by human intervention in protein
%  structure prediction, Proteins: Stucture, Function, Genetics 45(S5):86--91, 2001.
% A. Krogh et al., Hidden Markov models in computational biology:
%  Applications to protein modeling, JMB 235:1501-1531, Feb 1994.
% ---------------------------------------------------------------------
%  c-3_hmm   Host: login01.aspen.biotech.cdc.gov    Mon Oct 24 16:13:42 2016
%  yfa9      Dir:  /scicomp/home/yfa9/CDC_projects/Mol_genetic_analysis/Nomenclature/H3_Nomenclature/v_5/3_base/InfA-H3-HA-revised/c-3-4-5-6-7-VIC/c-3-4-7-VIC
% ---------------------------------------------------------------------
%  Alignment weights from internal calc.  Total (30.74) Max (0.09) Min (0.03)
%  Weights from alignment method 1 (karplus), b=-1.000000, e=0.500000
MODEL --  Model from alignment file /scicomp/home/yfa9/CDC_projects/Mol_genetic_analysis/Nomenclature/B_NA_Nomenclature/All_v1/All_v1-4-revision/4_Module/label/LABEL_RES/training_data/H3v2016-revision1/c-3-4-5-6-7-VIC/c-3-4-7-VIC/c-3.fasta
alphabet DNA
FREQAVE
0.000000 0.000000 0.000000 
0.000000 0.000000 0.000000 
0.000000 0.000000 0.000000 
0.339075 0.221510 0.198220 0.241195 
0.339075 0.221510 0.198220 0.241195 
Begin
0.000000 0.000000 0.000000 
0.000000 0.000000 0.000000 
0.000000 0.005685 0.491768 
0.250000 0.250000 0.250000 0.250000 
0.250000 0.250000 0.250000 0.250000 
   1
0.000000 0.034324 0.046210 
0.000000 0.959991 0.462022 
0.042729 0.005854 0.491768 
0.975321 0.008226 0.008226 0.008226 
0.250000 0.250000 0.250000 0.250000 
   2
0.612810 0.005612 0.046210 
0.344461 0.988534 0.462022 
0.042729 0.005854 0.491768 
0.008226 0.008226 0.008226 0.975321 
0.250000 0.250000 0.250000 0.250000 
   3
0.612810 0.005612 0.046210 
0.344461 0.988534 0.462022 
0.042729 0.005854 0.491768 
0.008226 0.975321 0.008226 0.008226 
0.250000 0.250000 0.250000 0.250000 
   4
0.612810 0.005612 0.046210 
0.344461 0.988534 0.462022 
0.042729 0.005854 0.491768 
0.975321 0.008226 0.008226 0.008226 
0.250000 0.250000 0.250000 0.250000 
   5
0.606319 0.005612 0.046210 
0.350952 0.988534 0.462022 
0.043008 0.005850 0.491768 
0.975349 0.008217 0.008217 0.008217 
0.250000 0.250000 0.250000 0.250000 
   6
0.595720 0.005607 0.046210 
0.361272 0.988543 0.462022 
0.043643 0.005840 0.491768 
0.008197 0.975410 0.008197 0.008197 
0.250000 0.250000 0.250000 0.250000 
   7
0.604522 0.005598 0.046210 
0.351834 0.988562 0.462022 
0.043643 0.005840 0.491768 
0.972416 0.011191 0.008197 0.008197 
0.250000 0.250000 0.250000 0.250000 
   8
0.604522 0.005598 0.046210 
0.351834 0.988562 0.462022 
0.043643 0.005840 0.491768 
0.008197 0.008197 0.973908 0.009698 
0.250000 0.250000 0.250000 0.250000 
   9
0.596895 0.005598 0.046210 
0.359462 0.988562 0.462022 
0.043979 0.005835 0.491768 
0.009164 0.009426 0.009673 0.971737 
0.250000 0.250000 0.250000 0.250000 
  10
0.593310 0.005593 0.046210 
0.362712 0.988572 0.462022 
0.044341 0.005829 0.491768 
0.973254 0.010397 0.008175 0.008175 
0.250000 0.250000 0.250000 0.250000 
  11
0.598199 0.005588 0.046210 
0.357460 0.988583 0.462022 
0.044341 0.005829 0.491768 
0.008175 0.008175 0.009361 0.974290 
0.250000 0.250000 0.250000 0.250000 
  12
0.598199 0.005588 0.046210 
0.357460 0.988583 0.462022 
0.044341 0.005829 0.491768 
0.008175 0.008175 0.974000 0.009651 
0.250000 0.250000 0.250000 0.250000 
  13
0.598199 0.005588 0.046210 
0.357460 0.988583 0.462022 
0.044341 0.005829 0.491768 
0.974115 0.009536 0.008175 0.008175 
0.250000 0.250000 0.250000 0.250000 
  14
0.598199 0.005588 0.046210 
0.357460 0.988583 0.462022 
0.044341 0.005829 0.491768 
0.008175 0.008175 0.009290 0.974360 
0.250000 0.250000 0.250000 0.250000 
  15
0.598199 0.005588 0.046210 
0.357460 0.988583 0.462022 
0.044341 0.005829 0.491768 
0.018283 0.008175 0.010338 0.963204 
0.250000 0.250000 0.250000 0.250000 
  16
0.592233 0.005588 0.046210 
0.363426 0.988583 0.462022 
0.044607 0.005826 0.491768 
0.008167 0.975500 0.008167 0.008167 
0.250000 0.250000 0.250000 0.250000 
  17
0.595787 0.005584 0.046210 
0.359606 0.988590 0.462022 
0.044607 0.005826 0.491768 
0.008167 0.008167 0.975500 0.008167 
0.250000 0.250000 0.250000 0.250000 
  18
0.595787 0.005584 0.046210 
0.359606 0.988590 0.462022 
0.044607 0.005826 0.491768 
0.008167 0.008167 0.009369 0.974298 
0.250000 0.250000 0.250000 0.250000 
  19
0.595787 0.005584 0.046210 
0.359606 0.988590 0.462022 
0.044607 0.005826 0.491768 
0.008167 0.008167 0.009625 0.974042 
0.250000 0.250000 0.250000 0.250000 
  20
0.581936 0.005584 0.046210 
0.373457 0.988590 0.462022 
0.045234 0.005817 0.491768 
0.008148 0.008148 0.008148 0.975556 
0.250000 0.250000 0.250000 0.250000 
  21
0.590110 0.005576 0.046210 
0.364657 0.988608 0.462022 
0.045234 0.005817 0.491768 
0.009330 0.974375 0.008148 0.008148 
0.250000 0.250000 0.250000 0.250000 
  22
0.590110 0.005576 0.046210 
0.364657 0.988608 0.462022 
0.045234 0.005817 0.491768 
0.975556 0.008148 0.008148 0.008148 
0.250000 0.250000 0.250000 0.250000 
  23
0.590110 0.005576 0.046210 
0.364657 0.988608 0.462022 
0.045234 0.005817 0.491768 
0.009283 0.974421 0.008148 0.008148 
0.250000 0.250000 0.250000 0.250000 
  24
0.590110 0.005576 0.046210 
0.364657 0.988608 0.462022 
0.045234 0.005817 0.491768 
0.008148 0.008148 0.975556 0.008148 
0.250000 0.250000 0.250000 0.250000 
  25
0.590110 0.005576 0.046210 
0.364657 0.988608 0.462022 
0.045234 0.005817 0.491768 
0.008148 0.008148 0.012524 0.971180 
0.250000 0.250000 0.250000 0.250000 
  26
0.590110 0.005576 0.046210 
0.364657 0.988608 0.462022 
0.045234 0.005817 0.491768 
0.975556 0.008148 0.008148 0.008148 
0.250000 0.250000 0.250000 0.250000 
  27
0.521456 0.005576 0.046210 
0.433310 0.988608 0.462022 
0.048568 0.005773 0.491768 
0.008058 0.008058 0.974711 0.009173 
0.250000 0.250000 0.250000 0.250000 
  28
0.559895 0.005534 0.046210 
0.391537 0.988692 0.462022 
0.048568 0.005773 0.491768 
0.973093 0.009604 0.009244 0.008058 
0.250000 0.250000 0.250000 0.250000 
  29
0.559895 0.005534 0.046210 
0.391537 0.988692 0.462022 
0.048568 0.005773 0.491768 
0.008058 0.008058 0.010664 0.973220 
0.250000 0.250000 0.250000 0.250000 
  30
0.559895 0.005534 0.046210 
0.391537 0.988692 0.462022 
0.048568 0.005773 0.491768 
0.008058 0.008058 0.010459 0.973425 
0.250000 0.250000 0.250000 0.250000 
  31
0.559895 0.005534 0.046210 
0.391537 0.988692 0.462022 
0.048568 0.005773 0.491768 
0.012783 0.008058 0.963571 0.015588 
0.250000 0.250000 0.250000 0.250000 
  32
0.559895 0.005534 0.046210 
0.391537 0.988692 0.462022 
0.048568 0.005773 0.491768 
0.008058 0.008058 0.008058 0.975826 
0.250000 0.250000 0.250000 0.250000 
  33
0.559895 0.005534 0.046210 
0.391537 0.988692 0.462022 
0.048568 0.005773 0.491768 
0.975826 0.008058 0.008058 0.008058 
0.250000 0.250000 0.250000 0.250000 
  34
0.559895 0.005534 0.046210 
0.391537 0.988692 0.462022 
0.048568 0.005773 0.491768 
0.008058 0.008058 0.008058 0.975826 
0.250000 0.250000 0.250000 0.250000 
  35
0.559895 0.005534 0.046210 
0.391537 0.988692 0.462022 
0.048568 0.005773 0.491768 
0.009781 0.974103 0.008058 0.008058 
0.250000 0.250000 0.250000 0.250000 
  36
0.559895 0.005534 0.046210 
0.391537 0.988692 0.462022 
0.048568 0.005773 0.491768 
0.008058 0.008058 0.009269 0.974615 
0.250000 0.250000 0.250000 0.250000 
  37
0.559895 0.005534 0.046210 
0.391537 0.988692 0.462022 
0.048568 0.005773 0.491768 
0.011875 0.008058 0.968407 0.011661 
0.250000 0.250000 0.250000 0.250000 
  38
0.559895 0.005534 0.046210 
0.391537 0.988692 0.462022 
0.048568 0.005773 0.491768 
0.008058 0.008058 0.008058 0.975826 
0.250000 0.250000 0.250000 0.250000 
  39
0.559895 0.005534 0.046210 
0.391537 0.988692 0.462022 
0.048568 0.005773 0.491768 
0.045249 0.936259 0.008058 0.010434 
0.250000 0.250000 0.250000 0.250000 
  40
0.559895 0.005534 0.046210 
0.391537 0.988692 0.462022 
0.048568 0.005773 0.491768 
0.009959 0.973912 0.008065 0.008065 
0.250000 0.250000 0.250000 0.250000 
  41
0.559895 0.005534 0.046210 
0.391537 0.988692 0.462022 
0.048568 0.005773 0.491768 
0.008058 0.009070 0.027620 0.955252 
0.250000 0.250000 0.250000 0.250000 
  42
0.559895 0.005534 0.046210 
0.391537 0.988692 0.462022 
0.048568 0.005773 0.491768 
0.008058 0.008058 0.011307 0.972577 
0.250000 0.250000 0.250000 0.250000 
  43
0.559895 0.005534 0.046210 
0.391537 0.988692 0.462022 
0.048568 0.005773 0.491768 
0.009163 0.008058 0.008058 0.974721 
0.250000 0.250000 0.250000 0.250000 
  44
0.559895 0.005534 0.046210 
0.391537 0.988692 0.462022 
0.048568 0.005773 0.491768 
0.008058 0.008058 0.008058 0.975826 
0.250000 0.250000 0.250000 0.250000 
  45
0.559895 0.005534 0.046210 
0.391537 0.988692 0.462022 
0.048568 0.005773 0.491768 
0.010050 0.008058 0.969491 0.012401 
0.250000 0.250000 0.250000 0.250000 
  46
0.554391 0.005534 0.046210 
0.397040 0.988692 0.462022 
0.048837 0.005770 0.491768 
0.012167 0.969726 0.008051 0.010055 
0.250000 0.250000 0.250000 0.250000 
  47
0.557460 0.005531 0.046210 
0.393704 0.988699 0.462022 
0.048837 0.005770 0.491768 
0.008051 0.008051 0.975846 0.008051 
0.250000 0.250000 0.250000 0.250000 
  48
0.557460 0.005531 0.046210 
0.393704 0.988699 0.462022 
0.048837 0.005770 0.491768 
0.008051 0.008051 0.033638 0.950259 
0.250000 0.250000 0.250000 0.250000 
  49
0.422241 0.005531 0.046210 
0.528922 0.988699 0.462022 
0.056473 0.005693 0.491768 
0.007892 0.007892 0.976323 0.007892 
0.250000 0.250000 0.250000 0.250000 
  50
0.488263 0.005457 0.046210 
0.455264 0.988850 0.462022 
0.056473 0.005693 0.491768 
0.976323 0.007892 0.007892 0.007892 
0.250000 0.250000 0.250000 0.250000 
  51
0.488263 0.005457 0.046210 
0.455264 0.988850 0.462022 
0.056473 0.005693 0.491768 
0.976323 0.007892 0.007892 0.007892 
0.250000 0.250000 0.250000 0.250000 
  52
0.488263 0.005457 0.046210 
0.455264 0.988850 0.462022 
0.056473 0.005693 0.491768 
0.971938 0.009746 0.010423 0.007892 
0.250000 0.250000 0.250000 0.250000 
  53
0.488263 0.005457 0.046210 
0.455264 0.988850 0.462022 
0.056473 0.005693 0.491768 
0.976323 0.007892 0.007892 0.007892 
0.250000 0.250000 0.250000 0.250000 
  54
0.488263 0.005457 0.046210 
0.455264 0.988850 0.462022 
0.056473 0.005693 0.491768 
0.970186 0.014029 0.007892 0.007892 
0.250000 0.250000 0.250000 0.250000 
  55
0.488263 0.005457 0.046210 
0.455264 0.988850 0.462022 
0.056473 0.005693 0.491768 
0.072231 0.007892 0.897322 0.022555 
0.250000 0.250000 0.250000 0.250000 
  56
0.488263 0.005457 0.046210 
0.455264 0.988850 0.462022 
0.056473 0.005693 0.491768 
0.007892 0.007892 0.010454 0.973761 
0.250000 0.250000 0.250000 0.250000 
  57
0.488263 0.005457 0.046210 
0.455264 0.988850 0.462022 
0.056473 0.005693 0.491768 
0.007892 0.007892 0.012205 0.972010 
0.250000 0.250000 0.250000 0.250000 
  58
0.488263 0.005457 0.046210 
0.455264 0.988850 0.462022 
0.056473 0.005693 0.491768 
0.009407 0.007892 0.974808 0.007892 
0.250000 0.250000 0.250000 0.250000 
  59
0.488263 0.005457 0.046210 
0.455264 0.988850 0.462022 
0.056473 0.005693 0.491768 
0.007892 0.007892 0.976323 0.007892 
0.250000 0.250000 0.250000 0.250000 
  60
0.488263 0.005457 0.046210 
0.455264 0.988850 0.462022 
0.056473 0.005693 0.491768 
0.009320 0.007892 0.007892 0.974895 
0.250000 0.250000 0.250000 0.250000 
  61
0.488263 0.005457 0.046210 
0.455264 0.988850 0.462022 
0.056473 0.005693 0.491768 
0.009864 0.974351 0.007892 0.007892 
0.250000 0.250000 0.250000 0.250000 
  62
0.488263 0.005457 0.046210 
0.455264 0.988850 0.462022 
0.056473 0.005693 0.491768 
0.080500 0.902245 0.007892 0.009363 
0.250000 0.250000 0.250000 0.250000 
  63
0.480674 0.005457 0.046210 
0.462852 0.988850 0.462022 
0.056905 0.005689 0.491768 
0.964965 0.019265 0.007885 0.007885 
0.250000 0.250000 0.250000 0.250000 
  64
0.484350 0.005454 0.046210 
0.458745 0.988857 0.462022 
0.056905 0.005689 0.491768 
0.976345 0.007885 0.007885 0.007885 
0.250000 0.250000 0.250000 0.250000 
  65
0.484350 0.005454 0.046210 
0.458745 0.988857 0.462022 
0.056905 0.005689 0.491768 
0.976345 0.007885 0.007885 0.007885 
0.250000 0.250000 0.250000 0.250000 
  66
0.484350 0.005454 0.046210 
0.458745 0.988857 0.462022 
0.056905 0.005689 0.491768 
0.008921 0.007885 0.008890 0.974305 
0.250000 0.250000 0.250000 0.250000 
  67
0.484350 0.005454 0.046210 
0.458745 0.988857 0.462022 
0.056905 0.005689 0.491768 
0.007885 0.976345 0.007885 0.007885 
0.250000 0.250000 0.250000 0.250000 
  68
0.484350 0.005454 0.046210 
0.458745 0.988857 0.462022 
0.056905 0.005689 0.491768 
0.976345 0.007885 0.007885 0.007885 
0.250000 0.250000 0.250000 0.250000 
  69
0.484350 0.005454 0.046210 
0.458745 0.988857 0.462022 
0.056905 0.005689 0.491768 
0.012390 0.007885 0.971841 0.007885 
0.250000 0.250000 0.250000 0.250000 
  70
0.484350 0.005454 0.046210 
0.458745 0.988857 0.462022 
0.056905 0.005689 0.491768 
0.974506 0.007885 0.007885 0.009724 
0.250000 0.250000 0.250000 0.250000 
  71
0.484350 0.005454 0.046210 
0.458745 0.988857 0.462022 
0.056905 0.005689 0.491768 
0.976345 0.007885 0.007885 0.007885 
0.250000 0.250000 0.250000 0.250000 
  72
0.484350 0.005454 0.046210 
0.458745 0.988857 0.462022 
0.056905 0.005689 0.491768 
0.007891 0.007891 0.974986 0.009231 
0.250000 0.250000 0.250000 0.250000 
  73
0.484350 0.005454 0.046210 
0.458745 0.988857 0.462022 
0.056905 0.005689 0.491768 
0.976345 0.007885 0.007885 0.007885 
0.250000 0.250000 0.250000 0.250000 
  74
0.484350 0.005454 0.046210 
0.458745 0.988857 0.462022 
0.056905 0.005689 0.491768 
0.007885 0.975233 0.007885 0.008997 
0.250000 0.250000 0.250000 0.250000 
  75
0.484350 0.005454 0.046210 
0.458745 0.988857 0.462022 
0.056905 0.005689 0.491768 
0.007885 0.007885 0.975082 0.009149 
0.250000 0.250000 0.250000 0.250000 
  76
0.484350 0.005454 0.046210 
0.458745 0.988857 0.462022 
0.056905 0.005689 0.491768 
0.976317 0.007894 0.007894 0.007894 
0.250000 0.250000 0.250000 0.250000 
  77
0.484350 0.005454 0.046210 
0.458745 0.988857 0.462022 
0.056905 0.005689 0.491768 
0.009741 0.007885 0.972759 0.009614 
0.250000 0.250000 0.250000 0.250000 
  78
0.484350 0.005454 0.046210 
0.458745 0.988857 0.462022 
0.056905 0.005689 0.491768 
0.010049 0.969522 0.007885 0.012544 
0.250000 0.250000 0.250000 0.250000 
  79
0.484350 0.005454 0.046210 
0.458745 0.988857 0.462022 
0.056905 0.005689 0.491768 
0.007885 0.976345 0.007885 0.007885 
0.250000 0.250000 0.250000 0.250000 
  80
0.484350 0.005454 0.046210 
0.458745 0.988857 0.462022 
0.056905 0.005689 0.491768 
0.007885 0.007885 0.976345 0.007885 
0.250000 0.250000 0.250000 0.250000 
  81
0.484350 0.005454 0.046210 
0.458745 0.988857 0.462022 
0.056905 0.005689 0.491768 
0.973135 0.007885 0.010051 0.008929 
0.250000 0.250000 0.250000 0.250000 
  82
0.484350 0.005454 0.046210 
0.458745 0.988857 0.462022 
0.056905 0.005689 0.491768 
0.968367 0.015864 0.007885 0.007885 
0.250000 0.250000 0.250000 0.250000 
  83
0.484350 0.005454 0.046210 
0.458745 0.988857 0.462022 
0.056905 0.005689 0.491768 
0.007885 0.007885 0.976345 0.007885 
0.250000 0.250000 0.250000 0.250000 
  84
0.484350 0.005454 0.046210 
0.458745 0.988857 0.462022 
0.056905 0.005689 0.491768 
0.009104 0.975126 0.007885 0.007885 
0.250000 0.250000 0.250000 0.250000 
  85
0.484350 0.005454 0.046210 
0.458745 0.988857 0.462022 
0.056905 0.005689 0.491768 
0.007885 0.007885 0.972540 0.011690 
0.250000 0.250000 0.250000 0.250000 
  86
0.475636 0.005454 0.046210 
0.467459 0.988857 0.462022 
0.057405 0.005685 0.491768 
0.007876 0.007876 0.007876 0.976371 
0.250000 0.250000 0.250000 0.250000 
  87
0.479817 0.005449 0.046210 
0.462778 0.988865 0.462022 
0.057405 0.005685 0.491768 
0.011095 0.973153 0.007876 0.007876 
0.250000 0.250000 0.250000 0.250000 
  88
0.479817 0.005449 0.046210 
0.462778 0.988865 0.462022 
0.057405 0.005685 0.491768 
0.007876 0.007876 0.007876 0.976371 
0.250000 0.250000 0.250000 0.250000 
  89
0.479817 0.005449 0.046210 
0.462778 0.988865 0.462022 
0.057405 0.005685 0.491768 
0.007876 0.976371 0.007876 0.007876 
0.250000 0.250000 0.250000 0.250000 
  90
0.479817 0.005449 0.046210 
0.462778 0.988865 0.462022 
0.057405 0.005685 0.491768 
0.007876 0.007876 0.970460 0.013788 
0.250000 0.250000 0.250000 0.250000 
  91
0.479817 0.005449 0.046210 
0.462778 0.988865 0.462022 
0.057405 0.005685 0.491768 
0.007876 0.007876 0.976371 0.007876 
0.250000 0.250000 0.250000 0.250000 
  92
0.479817 0.005449 0.046210 
0.462778 0.988865 0.462022 
0.057405 0.005685 0.491768 
0.007876 0.007876 0.007876 0.976371 
0.250000 0.250000 0.250000 0.250000 
  93
0.479817 0.005449 0.046210 
0.462778 0.988865 0.462022 
0.057405 0.005685 0.491768 
0.007876 0.007876 0.007876 0.976371 
0.250000 0.250000 0.250000 0.250000 
  94
0.479817 0.005449 0.046210 
0.462778 0.988865 0.462022 
0.057405 0.005685 0.491768 
0.007876 0.976371 0.007876 0.007876 
0.250000 0.250000 0.250000 0.250000 
  95
0.479817 0.005449 0.046210 
0.462778 0.988865 0.462022 
0.057405 0.005685 0.491768 
0.007876 0.970646 0.007876 0.013601 
0.250000 0.250000 0.250000 0.250000 
  96
0.479817 0.005449 0.046210 
0.462778 0.988865 0.462022 
0.057405 0.005685 0.491768 
0.013393 0.969733 0.007876 0.008999 
0.250000 0.250000 0.250000 0.250000 
  97
0.479817 0.005449 0.046210 
0.462778 0.988865 0.462022 
0.057405 0.005685 0.491768 
0.007876 0.007876 0.976371 0.007876 
0.250000 0.250000 0.250000 0.250000 
  98
0.479817 0.005449 0.046210 
0.462778 0.988865 0.462022 
0.057405 0.005685 0.491768 
0.971816 0.012432 0.007876 0.007876 
0.250000 0.250000 0.250000 0.250000 
  99
0.479817 0.005449 0.046210 
0.462778 0.988865 0.462022 
0.057405 0.005685 0.491768 
0.007876 0.007876 0.972322 0.011926 
0.250000 0.250000 0.250000 0.250000 
 100
0.479817 0.005449 0.046210 
0.462778 0.988865 0.462022 
0.057405 0.005685 0.491768 
0.007876 0.007876 0.976371 0.007876 
0.250000 0.250000 0.250000 0.250000 
 101
0.479817 0.005449 0.046210 
0.462778 0.988865 0.462022 
0.057405 0.005685 0.491768 
0.976371 0.007876 0.007876 0.007876 
0.250000 0.250000 0.250000 0.250000 
 102
0.479817 0.005449 0.046210 
0.462778 0.988865 0.462022 
0.057405 0.005685 0.491768 
0.007876 0.007876 0.007876 0.976371 
0.250000 0.250000 0.250000 0.250000 
 103
0.479817 0.005449 0.046210 
0.462778 0.988865 0.462022 
0.057405 0.005685 0.491768 
0.007876 0.976371 0.007876 0.007876 
0.250000 0.250000 0.250000 0.250000 
 104
0.479817 0.005449 0.046210 
0.462778 0.988865 0.462022 
0.057405 0.005685 0.491768 
0.007876 0.007876 0.976371 0.007876 
0.250000 0.250000 0.250000 0.250000 
 105
0.479817 0.005449 0.046210 
0.462778 0.988865 0.462022 
0.057405 0.005685 0.491768 
0.975213 0.007876 0.007876 0.009035 
0.250000 0.250000 0.250000 0.250000 
 106
0.479817 0.005449 0.046210 
0.462778 0.988865 0.462022 
0.057405 0.005685 0.491768 
0.007876 0.976371 0.007876 0.007876 
0.250000 0.250000 0.250000 0.250000 
 107
0.479817 0.005449 0.046210 
0.462778 0.988865 0.462022 
0.057405 0.005685 0.491768 
0.007876 0.009933 0.007876 0.974314 
0.250000 0.250000 0.250000 0.250000 
 108
0.479817 0.005449 0.046210 
0.462778 0.988865 0.462022 
0.057405 0.005685 0.491768 
0.975049 0.009198 0.007876 0.007876 
0.250000 0.250000 0.250000 0.250000 
 109
0.479817 0.005449 0.046210 
0.462778 0.988865 0.462022 
0.057405 0.005685 0.491768 
0.007876 0.007876 0.975121 0.009126 
0.250000 0.250000 0.250000 0.250000 
 110
0.479817 0.005449 0.046210 
0.462778 0.988865 0.462022 
0.057405 0.005685 0.491768 
0.007876 0.007876 0.976371 0.007876 
0.250000 0.250000 0.250000 0.250000 
 111
0.479817 0.005449 0.046210 
0.462778 0.988865 0.462022 
0.057405 0.005685 0.491768 
0.973054 0.011194 0.007876 0.007876 
0.250000 0.250000 0.250000 0.250000 
 112
0.479817 0.005449 0.046210 
0.462778 0.988865 0.462022 
0.057405 0.005685 0.491768 
0.976371 0.007876 0.007876 0.007876 
0.250000 0.250000 0.250000 0.250000 
 113
0.479817 0.005449 0.046210 
0.462778 0.988865 0.462022 
0.057405 0.005685 0.491768 
0.976371 0.007876 0.007876 0.007876 
0.250000 0.250000 0.250000 0.250000 
 114
0.479817 0.005449 0.046210 
0.462778 0.988865 0.462022 
0.057405 0.005685 0.491768 
0.007876 0.007876 0.965699 0.018548 
0.250000 0.250000 0.250000 0.250000 
 115
0.479817 0.005449 0.046210 
0.462778 0.988865 0.462022 
0.057405 0.005685 0.491768 
0.007876 0.976371 0.007876 0.007876 
0.250000 0.250000 0.250000 0.250000 
 116
0.479817 0.005449 0.046210 
0.462778 0.988865 0.462022 
0.057405 0.005685 0.491768 
0.007876 0.976371 0.007876 0.007876 
0.250000 0.250000 0.250000 0.250000 
 117
0.479817 0.005449 0.046210 
0.462778 0.988865 0.462022 
0.057405 0.005685 0.491768 
0.969896 0.014351 0.007876 0.007876 
0.250000 0.250000 0.250000 0.250000 
 118
0.479817 0.005449 0.046210 
0.462778 0.988865 0.462022 
0.057405 0.005685 0.491768 
0.976371 0.007876 0.007876 0.007876 
0.250000 0.250000 0.250000 0.250000 
 119
0.479817 0.005449 0.046210 
0.462778 0.988865 0.462022 
0.057405 0.005685 0.491768 
0.007876 0.007876 0.976371 0.007876 
0.250000 0.250000 0.250000 0.250000 
 120
0.479817 0.005449 0.046210 
0.462778 0.988865 0.462022 
0.057405 0.005685 0.491768 
0.016993 0.964657 0.007876 0.010474 
0.250000 0.250000 0.250000 0.250000 
 121
0.479817 0.005449 0.046210 
0.462778 0.988865 0.462022 
0.057405 0.005685 0.491768 
0.976371 0.007876 0.007876 0.007876 
0.250000 0.250000 0.250000 0.250000 
 122
0.479817 0.005449 0.046210 
0.462778 0.988865 0.462022 
0.057405 0.005685 0.491768 
0.007876 0.007876 0.007876 0.976371 
0.250000 0.250000 0.250000 0.250000 
 123
0.479817 0.005449 0.046210 
0.462778 0.988865 0.462022 
0.057405 0.005685 0.491768 
0.973666 0.010581 0.007876 0.007876 
0.250000 0.250000 0.250000 0.250000 
 124
0.479817 0.005449 0.046210 
0.462778 0.988865 0.462022 
0.057405 0.005685 0.491768 
0.007876 0.976371 0.007876 0.007876 
0.250000 0.250000 0.250000 0.250000 
 125
0.479817 0.005449 0.046210 
0.462778 0.988865 0.462022 
0.057405 0.005685 0.491768 
0.007876 0.007876 0.007876 0.976371 
0.250000 0.250000 0.250000 0.250000 
 126
0.479817 0.005449 0.046210 
0.462778 0.988865 0.462022 
0.057405 0.005685 0.491768 
0.019207 0.965040 0.007876 0.007876 
0.250000 0.250000 0.250000 0.250000 
 127
0.479817 0.005449 0.046210 
0.462778 0.988865 0.462022 
0.057405 0.005685 0.491768 
0.976371 0.007876 0.007876 0.007876 
0.250000 0.250000 0.250000 0.250000 
 128
0.479817 0.005449 0.046210 
0.462778 0.988865 0.462022 
0.057405 0.005685 0.491768 
0.976371 0.007876 0.007876 0.007876 
0.250000 0.250000 0.250000 0.250000 
 129
0.479817 0.005449 0.046210 
0.462778 0.988865 0.462022 
0.057405 0.005685 0.491768 
0.975227 0.009020 0.007876 0.007876 
0.250000 0.250000 0.250000 0.250000 
 130
0.479817 0.005449 0.046210 
0.462778 0.988865 0.462022 
0.057405 0.005685 0.491768 
0.976371 0.007876 0.007876 0.007876 
0.250000 0.250000 0.250000 0.250000 
 131
0.479817 0.005449 0.046210 
0.462778 0.988865 0.462022 
0.057405 0.005685 0.491768 
0.007876 0.007876 0.976371 0.007876 
0.250000 0.250000 0.250000 0.250000 
 132
0.479817 0.005449 0.046210 
0.462778 0.988865 0.462022 
0.057405 0.005685 0.491768 
0.976371 0.007876 0.007876 0.007876 
0.250000 0.250000 0.250000 0.250000 
 133
0.479817 0.005449 0.046210 
0.462778 0.988865 0.462022 
0.057405 0.005685 0.491768 
0.976371 0.007876 0.007876 0.007876 
0.250000 0.250000 0.250000 0.250000 
 134
0.479817 0.005449 0.046210 
0.462778 0.988865 0.462022 
0.057405 0.005685 0.491768 
0.007876 0.007876 0.007876 0.976371 
0.250000 0.250000 0.250000 0.250000 
 135
0.479817 0.005449 0.046210 
0.462778 0.988865 0.462022 
0.057405 0.005685 0.491768 
0.010342 0.007876 0.949220 0.032562 
0.250000 0.250000 0.250000 0.250000 
 136
0.479817 0.005449 0.046210 
0.462778 0.988865 0.462022 
0.057405 0.005685 0.491768 
0.965042 0.019205 0.007876 0.007876 
0.250000 0.250000 0.250000 0.250000 
 137
0.479817 0.005449 0.046210 
0.462778 0.988865 0.462022 
0.057405 0.005685 0.491768 
0.007876 0.007876 0.974751 0.009496 
0.250000 0.250000 0.250000 0.250000 
 138
0.479817 0.005449 0.046210 
0.462778 0.988865 0.462022 
0.057405 0.005685 0.491768 
0.015201 0.936757 0.007876 0.040166 
0.250000 0.250000 0.250000 0.250000 
 139
0.479817 0.005449 0.046210 
0.462778 0.988865 0.462022 
0.057405 0.005685 0.491768 
0.964875 0.017969 0.009279 0.007876 
0.250000 0.250000 0.250000 0.250000 
 140
0.479817 0.005449 0.046210 
0.462778 0.988865 0.462022 
0.057405 0.005685 0.491768 
0.970169 0.014079 0.007876 0.007876 
0.250000 0.250000 0.250000 0.250000 
 141
0.479817 0.005449 0.046210 
0.462778 0.988865 0.462022 
0.057405 0.005685 0.491768 
0.007876 0.007876 0.007876 0.976371 
0.250000 0.250000 0.250000 0.250000 
 142
0.479817 0.005449 0.046210 
0.462778 0.988865 0.462022 
0.057405 0.005685 0.491768 
0.007876 0.976371 0.007876 0.007876 
0.250000 0.250000 0.250000 0.250000 
 143
0.479817 0.005449 0.046210 
0.462778 0.988865 0.462022 
0.057405 0.005685 0.491768 
0.975045 0.009203 0.007876 0.007876 
0.250000 0.250000 0.250000 0.250000 
 144
0.479817 0.005449 0.046210 
0.462778 0.988865 0.462022 
0.057405 0.005685 0.491768 
0.016980 0.007876 0.967268 0.007876 
0.250000 0.250000 0.250000 0.250000 
 145
0.479817 0.005449 0.046210 
0.462778 0.988865 0.462022 
0.057405 0.005685 0.491768 
0.007876 0.007876 0.976371 0.007876 
0.250000 0.250000 0.250000 0.250000 
 146
0.479817 0.005449 0.046210 
0.462778 0.988865 0.462022 
0.057405 0.005685 0.491768 
0.975229 0.009018 0.007876 0.007876 
0.250000 0.250000 0.250000 0.250000 
 147
0.479817 0.005449 0.046210 
0.462778 0.988865 0.462022 
0.057405 0.005685 0.491768 
0.974917 0.009330 0.007876 0.007876 
0.250000 0.250000 0.250000 0.250000 
 148
0.479817 0.005449 0.046210 
0.462778 0.988865 0.462022 
0.057405 0.005685 0.491768 
0.976371 0.007876 0.007876 0.007876 
0.250000 0.250000 0.250000 0.250000 
 149
0.479817 0.005449 0.046210 
0.462778 0.988865 0.462022 
0.057405 0.005685 0.491768 
0.007876 0.007876 0.007876 0.976371 
0.250000 0.250000 0.250000 0.250000 
 150
0.479817 0.005449 0.046210 
0.462778 0.988865 0.462022 
0.057405 0.005685 0.491768 
0.007876 0.007876 0.007876 0.976371 
0.250000 0.250000 0.250000 0.250000 
 151
0.479817 0.005449 0.046210 
0.462778 0.988865 0.462022 
0.057405 0.005685 0.491768 
0.007876 0.976371 0.007876 0.007876 
0.250000 0.250000 0.250000 0.250000 
 152
0.479817 0.005449 0.046210 
0.462778 0.988865 0.462022 
0.057405 0.005685 0.491768 
0.976371 0.007876 0.007876 0.007876 
0.250000 0.250000 0.250000 0.250000 
 153
0.479817 0.005449 0.046210 
0.462778 0.988865 0.462022 
0.057405 0.005685 0.491768 
0.972932 0.011290 0.007889 0.007889 
0.250000 0.250000 0.250000 0.250000 
 154
0.479817 0.005449 0.046210 
0.462778 0.988865 0.462022 
0.057405 0.005685 0.491768 
0.007876 0.976371 0.007876 0.007876 
0.250000 0.250000 0.250000 0.250000 
 155
0.479817 0.005449 0.046210 
0.462778 0.988865 0.462022 
0.057405 0.005685 0.491768 
0.007876 0.007876 0.007876 0.976371 
0.250000 0.250000 0.250000 0.250000 
 156
0.479817 0.005449 0.046210 
0.462778 0.988865 0.462022 
0.057405 0.005685 0.491768 
0.007876 0.007876 0.013232 0.971015 
0.250000 0.250000 0.250000 0.250000 
 157
0.479817 0.005449 0.046210 
0.462778 0.988865 0.462022 
0.057405 0.005685 0.491768 
0.976371 0.007876 0.007876 0.007876 
0.250000 0.250000 0.250000 0.250000 
 158
0.479817 0.005449 0.046210 
0.462778 0.988865 0.462022 
0.057405 0.005685 0.491768 
0.007876 0.007876 0.976371 0.007876 
0.250000 0.250000 0.250000 0.250000 
 159
0.479817 0.005449 0.046210 
0.462778 0.988865 0.462022 
0.057405 0.005685 0.491768 
0.007876 0.007876 0.010914 0.973334 
0.250000 0.250000 0.250000 0.250000 
 160
0.479817 0.005449 0.046210 
0.462778 0.988865 0.462022 
0.057405 0.005685 0.491768 
0.976371 0.007876 0.007876 0.007876 
0.250000 0.250000 0.250000 0.250000 
 161
0.479817 0.005449 0.046210 
0.462778 0.988865 0.462022 
0.057405 0.005685 0.491768 
0.976371 0.007876 0.007876 0.007876 
0.250000 0.250000 0.250000 0.250000 
 162
0.479817 0.005449 0.046210 
0.462778 0.988865 0.462022 
0.057405 0.005685 0.491768 
0.007876 0.007876 0.009253 0.974994 
0.250000 0.250000 0.250000 0.250000 
 163
0.479817 0.005449 0.046210 
0.462778 0.988865 0.462022 
0.057405 0.005685 0.491768 
0.007876 0.976371 0.007876 0.007876 
0.250000 0.250000 0.250000 0.250000 
 164
0.479817 0.005449 0.046210 
0.462778 0.988865 0.462022 
0.057405 0.005685 0.491768 
0.007876 0.007876 0.976371 0.007876 
0.250000 0.250000 0.250000 0.250000 
 165
0.479817 0.005449 0.046210 
0.462778 0.988865 0.462022 
0.057405 0.005685 0.491768 
0.007876 0.010085 0.015068 0.966971 
0.250000 0.250000 0.250000 0.250000 
 166
0.479817 0.005449 0.046210 
0.462778 0.988865 0.462022 
0.057405 0.005685 0.491768 
0.976371 0.007876 0.007876 0.007876 
0.250000 0.250000 0.250000 0.250000 
 167
0.479817 0.005449 0.046210 
0.462778 0.988865 0.462022 
0.057405 0.005685 0.491768 
0.007876 0.007876 0.976371 0.007876 
0.250000 0.250000 0.250000 0.250000 
 168
0.479817 0.005449 0.046210 
0.462778 0.988865 0.462022 
0.057405 0.005685 0.491768 
0.008997 0.007876 0.008904 0.974223 
0.250000 0.250000 0.250000 0.250000 
 169
0.479817 0.005449 0.046210 
0.462778 0.988865 0.462022 
0.057405 0.005685 0.491768 
0.007876 0.976371 0.007876 0.007876 
0.250000 0.250000 0.250000 0.250000 
 170
0.479817 0.005449 0.046210 
0.462778 0.988865 0.462022 
0.057405 0.005685 0.491768 
0.976371 0.007876 0.007876 0.007876 
0.250000 0.250000 0.250000 0.250000 
 171
0.479817 0.005449 0.046210 
0.462778 0.988865 0.462022 
0.057405 0.005685 0.491768 
0.038868 0.945380 0.007876 0.007876 
0.250000 0.250000 0.250000 0.250000 
 172
0.479817 0.005449 0.046210 
0.462778 0.988865 0.462022 
0.057405 0.005685 0.491768 
0.007876 0.007876 0.971917 0.012330 
0.250000 0.250000 0.250000 0.250000 
 173
0.479817 0.005449 0.046210 
0.462778 0.988865 0.462022 
0.057405 0.005685 0.491768 
0.007876 0.007876 0.007876 0.976371 
0.250000 0.250000 0.250000 0.250000 
 174
0.479817 0.005449 0.046210 
0.462778 0.988865 0.462022 
0.057405 0.005685 0.491768 
0.009883 0.972860 0.007876 0.009380 
0.250000 0.250000 0.250000 0.250000 
 175
0.479817 0.005449 0.046210 
0.462778 0.988865 0.462022 
0.057405 0.005685 0.491768 
0.009737 0.974510 0.007876 0.007876 
0.250000 0.250000 0.250000 0.250000 
 176
0.479817 0.005449 0.046210 
0.462778 0.988865 0.462022 
0.057405 0.005685 0.491768 
0.007876 0.007876 0.007876 0.976371 
0.250000 0.250000 0.250000 0.250000 
 177
0.479817 0.005449 0.046210 
0.462778 0.988865 0.462022 
0.057405 0.005685 0.491768 
0.009828 0.007876 0.007876 0.974420 
0.250000 0.250000 0.250000 0.250000 
 178
0.479817 0.005449 0.046210 
0.462778 0.988865 0.462022 
0.057405 0.005685 0.491768 
0.007876 0.007876 0.976371 0.007876 
0.250000 0.250000 0.250000 0.250000 
 179
0.479817 0.005449 0.046210 
0.462778 0.988865 0.462022 
0.057405 0.005685 0.491768 
0.976371 0.007876 0.007876 0.007876 
0.250000 0.250000 0.250000 0.250000 
 180
0.479817 0.005449 0.046210 
0.462778 0.988865 0.462022 
0.057405 0.005685 0.491768 
0.016137 0.968110 0.007876 0.007876 
0.250000 0.250000 0.250000 0.250000 
 181
0.479817 0.005449 0.046210 
0.462778 0.988865 0.462022 
0.057405 0.005685 0.491768 
0.970466 0.013769 0.007883 0.007883 
0.250000 0.250000 0.250000 0.250000 
 182
0.479817 0.005449 0.046210 
0.462778 0.988865 0.462022 
0.057405 0.005685 0.491768 
0.028375 0.950236 0.007884 0.013505 
0.250000 0.250000 0.250000 0.250000 
 183
0.479817 0.005449 0.046210 
0.462778 0.988865 0.462022 
0.057405 0.005685 0.491768 
0.007883 0.007883 0.017516 0.966718 
0.250000 0.250000 0.250000 0.250000 
 184
0.479817 0.005449 0.046210 
0.462778 0.988865 0.462022 
0.057405 0.005685 0.491768 
0.007876 0.007876 0.007876 0.976371 
0.250000 0.250000 0.250000 0.250000 
 185
0.479817 0.005449 0.046210 
0.462778 0.988865 0.462022 
0.057405 0.005685 0.491768 
0.007876 0.007876 0.975248 0.008999 
0.250000 0.250000 0.250000 0.250000 
 186
0.479817 0.005449 0.046210 
0.462778 0.988865 0.462022 
0.057405 0.005685 0.491768 
0.007876 0.007876 0.973239 0.011008 
0.250000 0.250000 0.250000 0.250000 
 187
0.479817 0.005449 0.046210 
0.462778 0.988865 0.462022 
0.057405 0.005685 0.491768 
0.007876 0.007876 0.007876 0.976371 
0.250000 0.250000 0.250000 0.250000 
 188
0.479817 0.005449 0.046210 
0.462778 0.988865 0.462022 
0.057405 0.005685 0.491768 
0.007876 0.007876 0.976371 0.007876 
0.250000 0.250000 0.250000 0.250000 
 189
0.479817 0.005449 0.046210 
0.462778 0.988865 0.462022 
0.057405 0.005685 0.491768 
0.974704 0.007876 0.009544 0.007876 
0.250000 0.250000 0.250000 0.250000 
 190
0.479817 0.005449 0.046210 
0.462778 0.988865 0.462022 
0.057405 0.005685 0.491768 
0.974992 0.009256 0.007876 0.007876 
0.250000 0.250000 0.250000 0.250000 
 191
0.479817 0.005449 0.046210 
0.462778 0.988865 0.462022 
0.057405 0.005685 0.491768 
0.008917 0.007876 0.974350 0.008856 
0.250000 0.250000 0.250000 0.250000 
 192
0.479817 0.005449 0.046210 
0.462778 0.988865 0.462022 
0.057405 0.005685 0.491768 
0.974763 0.007876 0.007876 0.009485 
0.250000 0.250000 0.250000 0.250000 
 193
0.479817 0.005449 0.046210 
0.462778 0.988865 0.462022 
0.057405 0.005685 0.491768 
0.007876 0.976371 0.007876 0.007876 
0.250000 0.250000 0.250000 0.250000 
 194
0.479817 0.005449 0.046210 
0.462778 0.988865 0.462022 
0.057405 0.005685 0.491768 
0.007883 0.976351 0.007883 0.007883 
0.250000 0.250000 0.250000 0.250000 
 195
0.479817 0.005449 0.046210 
0.462778 0.988865 0.462022 
0.057405 0.005685 0.491768 
0.007876 0.007876 0.031733 0.952514 
0.250000 0.250000 0.250000 0.250000 
 196
0.479817 0.005449 0.046210 
0.462778 0.988865 0.462022 
0.057405 0.005685 0.491768 
0.007876 0.976371 0.007876 0.007876 
0.250000 0.250000 0.250000 0.250000 
 197
0.479817 0.005449 0.046210 
0.462778 0.988865 0.462022 
0.057405 0.005685 0.491768 
0.976371 0.007876 0.007876 0.007876 
0.250000 0.250000 0.250000 0.250000 
 198
0.479817 0.005449 0.046210 
0.462778 0.988865 0.462022 
0.057405 0.005685 0.491768 
0.974560 0.009688 0.007876 0.007876 
0.250000 0.250000 0.250000 0.250000 
 199
0.479817 0.005449 0.046210 
0.462778 0.988865 0.462022 
0.057405 0.005685 0.491768 
0.975036 0.007876 0.009212 0.007876 
0.250000 0.250000 0.250000 0.250000 
 200
0.479817 0.005449 0.046210 
0.462778 0.988865 0.462022 
0.057405 0.005685 0.491768 
0.007876 0.007876 0.007876 0.976371 
0.250000 0.250000 0.250000 0.250000 
 201
0.479817 0.005449 0.046210 
0.462778 0.988865 0.462022 
0.057405 0.005685 0.491768 
0.974148 0.007876 0.008888 0.009088 
0.250000 0.250000 0.250000 0.250000 
 202
0.479817 0.005449 0.046210 
0.462778 0.988865 0.462022 
0.057405 0.005685 0.491768 
0.007876 0.007876 0.007876 0.976371 
0.250000 0.250000 0.250000 0.250000 
 203
0.479817 0.005449 0.046210 
0.462778 0.988865 0.462022 
0.057405 0.005685 0.491768 
0.007876 0.976371 0.007876 0.007876 
0.250000 0.250000 0.250000 0.250000 
 204
0.479817 0.005449 0.046210 
0.462778 0.988865 0.462022 
0.057405 0.005685 0.491768 
0.007876 0.007876 0.973019 0.011229 
0.250000 0.250000 0.250000 0.250000 
 205
0.479817 0.005449 0.046210 
0.462778 0.988865 0.462022 
0.057405 0.005685 0.491768 
0.079047 0.903782 0.009288 0.007884 
0.250000 0.250000 0.250000 0.250000 
 206
0.479817 0.005449 0.046210 
0.462778 0.988865 0.462022 
0.057405 0.005685 0.491768 
0.972160 0.012069 0.007886 0.007886 
0.250000 0.250000 0.250000 0.250000 
 207
0.479817 0.005449 0.046210 
0.462778 0.988865 0.462022 
0.057405 0.005685 0.491768 
0.007876 0.007876 0.974521 0.009727 
0.250000 0.250000 0.250000 0.250000 
 208
0.479817 0.005449 0.046210 
0.462778 0.988865 0.462022 
0.057405 0.005685 0.491768 
0.962873 0.007876 0.021374 0.007876 
0.250000 0.250000 0.250000 0.250000 
 209
0.479817 0.005449 0.046210 
0.462778 0.988865 0.462022 
0.057405 0.005685 0.491768 
0.011511 0.972736 0.007876 0.007876 
0.250000 0.250000 0.250000 0.250000 
 210
0.479817 0.005449 0.046210 
0.462778 0.988865 0.462022 
0.057405 0.005685 0.491768 
0.007876 0.007876 0.013964 0.970283 
0.250000 0.250000 0.250000 0.250000 
 211
0.479817 0.005449 0.046210 
0.462778 0.988865 0.462022 
0.057405 0.005685 0.491768 
0.007876 0.007876 0.976371 0.007876 
0.250000 0.250000 0.250000 0.250000 
 212
0.479817 0.005449 0.046210 
0.462778 0.988865 0.462022 
0.057405 0.005685 0.491768 
0.007876 0.007876 0.976371 0.007876 
0.250000 0.250000 0.250000 0.250000 
 213
0.479817 0.005449 0.046210 
0.462778 0.988865 0.462022 
0.057405 0.005685 0.491768 
0.008856 0.007876 0.009055 0.974212 
0.250000 0.250000 0.250000 0.250000 
 214
0.479817 0.005449 0.046210 
0.462778 0.988865 0.462022 
0.057405 0.005685 0.491768 
0.009205 0.007876 0.975042 0.007876 
0.250000 0.250000 0.250000 0.250000 
 215
0.479817 0.005449 0.046210 
0.462778 0.988865 0.462022 
0.057405 0.005685 0.491768 
0.976371 0.007876 0.007876 0.007876 
0.250000 0.250000 0.250000 0.250000 
 216
0.479817 0.005449 0.046210 
0.462778 0.988865 0.462022 
0.057405 0.005685 0.491768 
0.007876 0.007876 0.007876 0.976371 
0.250000 0.250000 0.250000 0.250000 
 217
0.479817 0.005449 0.046210 
0.462778 0.988865 0.462022 
0.057405 0.005685 0.491768 
0.011575 0.007876 0.972672 0.007876 
0.250000 0.250000 0.250000 0.250000 
 218
0.479817 0.005449 0.046210 
0.462778 0.988865 0.462022 
0.057405 0.005685 0.491768 
0.963887 0.009348 0.007876 0.018889 
0.250000 0.250000 0.250000 0.250000 
 219
0.479817 0.005449 0.046210 
0.462778 0.988865 0.462022 
0.057405 0.005685 0.491768 
0.013322 0.966414 0.007876 0.012388 
0.250000 0.250000 0.250000 0.250000 
 220
0.479817 0.005449 0.046210 
0.462778 0.988865 0.462022 
0.057405 0.005685 0.491768 
0.972982 0.011265 0.007876 0.007876 
0.250000 0.250000 0.250000 0.250000 
 221
0.479817 0.005449 0.046210 
0.462778 0.988865 0.462022 
0.057405 0.005685 0.491768 
0.007876 0.007876 0.007876 0.976371 
0.250000 0.250000 0.250000 0.250000 
 222
0.479817 0.005449 0.046210 
0.462778 0.988865 0.462022 
0.057405 0.005685 0.491768 
0.009155 0.007876 0.973457 0.009512 
0.250000 0.250000 0.250000 0.250000 
 223
0.479817 0.005449 0.046210 
0.462778 0.988865 0.462022 
0.057405 0.005685 0.491768 
0.009060 0.007876 0.975187 0.007876 
0.250000 0.250000 0.250000 0.250000 
 224
0.479817 0.005449 0.046210 
0.462778 0.988865 0.462022 
0.057405 0.005685 0.491768 
0.007876 0.007876 0.007876 0.976371 
0.250000 0.250000 0.250000 0.250000 
 225
0.479817 0.005449 0.046210 
0.462778 0.988865 0.462022 
0.057405 0.005685 0.491768 
0.007876 0.007876 0.009063 0.975185 
0.250000 0.250000 0.250000 0.250000 
 226
0.479817 0.005449 0.046210 
0.462778 0.988865 0.462022 
0.057405 0.005685 0.491768 
0.007876 0.976371 0.007876 0.007876 
0.250000 0.250000 0.250000 0.250000 
 227
0.479817 0.005449 0.046210 
0.462778 0.988865 0.462022 
0.057405 0.005685 0.491768 
0.976371 0.007876 0.007876 0.007876 
0.250000 0.250000 0.250000 0.250000 
 228
0.479817 0.005449 0.046210 
0.462778 0.988865 0.462022 
0.057405 0.005685 0.491768 
0.007876 0.007876 0.009141 0.975107 
0.250000 0.250000 0.250000 0.250000 
 229
0.479817 0.005449 0.046210 
0.462778 0.988865 0.462022 
0.057405 0.005685 0.491768 
0.007876 0.976371 0.007876 0.007876 
0.250000 0.250000 0.250000 0.250000 
 230
0.479817 0.005449 0.046210 
0.462778 0.988865 0.462022 
0.057405 0.005685 0.491768 
0.007876 0.976371 0.007876 0.007876 
0.250000 0.250000 0.250000 0.250000 
 231
0.479817 0.005449 0.046210 
0.462778 0.988865 0.462022 
0.057405 0.005685 0.491768 
0.969609 0.014638 0.007876 0.007876 
0.250000 0.250000 0.250000 0.250000 
 232
0.479817 0.005449 0.046210 
0.462778 0.988865 0.462022 
0.057405 0.005685 0.491768 
0.021689 0.962558 0.007876 0.007876 
0.250000 0.250000 0.250000 0.250000 
 233
0.479817 0.005449 0.046210 
0.462778 0.988865 0.462022 
0.057405 0.005685 0.491768 
0.915989 0.007876 0.008970 0.067165 
