%  SAM: /scicomp/home/yfa9/CDC_projects/Mol_genetic_analysis/Nomenclature/B_NA_Nomenclature/All_v1/All_v1-4-revision/4_Module/label/LABEL_RES/scripts/modelfromalign_Linux v3.5 (July 15, 2005) compiled 12/08/06_16:15:55
%  (c) 1992-2001 Regents of the University of California, Santa Cruz
%
%          Sequence Alignment and Modeling Software System
%         http://www.cse.ucsc.edu/research/compbio/sam.html
%
% ----------------- Citations (SAM, SAM-T2K, HMMs) --------------------
% R. Hughey, A. Krogh, Hidden Markov models for sequence analysis:
%  Extension and analysis of the basic method, CABIOS 12:95-107, 1996.
% K. Karplus, et al., What is the value added by human intervention in protein
%  structure prediction, Proteins: Stucture, Function, Genetics 45(S5):86--91, 2001.
% A. Krogh et al., Hidden Markov models in computational biology:
%  Applications to protein modeling, JMB 235:1501-1531, Feb 1994.
% ---------------------------------------------------------------------
%  c-4-7-VIC_hmm   Host: login01.aspen.biotech.cdc.gov    Mon Oct 24 16:13:43 2016
%  yfa9            Dir:  /scicomp/home/yfa9/CDC_projects/Mol_genetic_analysis/Nomenclature/H3_Nomenclature/v_5/3_base/InfA-H3-HA-revised/c-3-4-5-6-7-VIC/c-3-4-7-VIC
% ---------------------------------------------------------------------
%  Alignment weights from internal calc.  Total (22.78) Max (0.24) Min (0.04)
%  Weights from alignment method 1 (karplus), b=-1.000000, e=0.500000
MODEL --  Model from alignment file /scicomp/home/yfa9/CDC_projects/Mol_genetic_analysis/Nomenclature/B_NA_Nomenclature/All_v1/All_v1-4-revision/4_Module/label/LABEL_RES/training_data/H3v2016-revision1/c-3-4-5-6-7-VIC/c-3-4-7-VIC/c-4-7-VIC.fasta
alphabet DNA
FREQAVE
0.000000 0.000000 0.000000 
0.000000 0.000000 0.000000 
0.000000 0.000000 0.000000 
0.339444 0.221520 0.198142 0.240894 
0.339444 0.221520 0.198142 0.240894 
Begin
0.000000 0.000000 0.000000 
0.000000 0.000000 0.000000 
0.000000 0.006851 0.491768 
0.250000 0.250000 0.250000 0.250000 
0.250000 0.250000 0.250000 0.250000 
   1
0.000000 0.024691 0.046210 
0.000000 0.968458 0.462022 
0.048693 0.006977 0.491768 
0.967501 0.010833 0.010833 0.010833 
0.250000 0.250000 0.250000 0.250000 
   2
0.558765 0.006688 0.046210 
0.392542 0.986335 0.462022 
0.048693 0.006977 0.491768 
0.010833 0.010833 0.010833 0.967501 
0.250000 0.250000 0.250000 0.250000 
   3
0.558765 0.006688 0.046210 
0.392542 0.986335 0.462022 
0.048693 0.006977 0.491768 
0.010833 0.967501 0.010833 0.010833 
0.250000 0.250000 0.250000 0.250000 
   4
0.558765 0.006688 0.046210 
0.392542 0.986335 0.462022 
0.048693 0.006977 0.491768 
0.967501 0.010833 0.010833 0.010833 
0.250000 0.250000 0.250000 0.250000 
   5
0.558765 0.006688 0.046210 
0.392542 0.986335 0.462022 
0.048693 0.006977 0.491768 
0.967501 0.010833 0.010833 0.010833 
0.250000 0.250000 0.250000 0.250000 
   6
0.558765 0.006688 0.046210 
0.392542 0.986335 0.462022 
0.048693 0.006977 0.491768 
0.012915 0.965419 0.010833 0.010833 
0.250000 0.250000 0.250000 0.250000 
   7
0.551155 0.006688 0.046210 
0.400152 0.986335 0.462022 
0.049066 0.006971 0.491768 
0.965710 0.012657 0.010816 0.010816 
0.250000 0.250000 0.250000 0.250000 
   8
0.555382 0.006682 0.046210 
0.395552 0.986348 0.462022 
0.049066 0.006971 0.491768 
0.010816 0.010816 0.967551 0.010816 
0.250000 0.250000 0.250000 0.250000 
   9
0.555382 0.006682 0.046210 
0.395552 0.986348 0.462022 
0.049066 0.006971 0.491768 
0.010816 0.010816 0.135734 0.842633 
0.250000 0.250000 0.250000 0.250000 
  10
0.555382 0.006682 0.046210 
0.395552 0.986348 0.462022 
0.049066 0.006971 0.491768 
0.952104 0.026264 0.010816 0.010816 
0.250000 0.250000 0.250000 0.250000 
  11
0.544776 0.006682 0.046210 
0.406158 0.986348 0.462022 
0.049592 0.006962 0.491768 
0.010794 0.010794 0.027116 0.951297 
0.250000 0.250000 0.250000 0.250000 
  12
0.532474 0.006673 0.046210 
0.417934 0.986365 0.462022 
0.050508 0.006947 0.491768 
0.013515 0.010755 0.964975 0.010755 
0.250000 0.250000 0.250000 0.250000 
  13
0.542312 0.006659 0.046210 
0.407179 0.986394 0.462022 
0.050508 0.006947 0.491768 
0.964975 0.010755 0.013515 0.010755 
0.250000 0.250000 0.250000 0.250000 
  14
0.515502 0.006659 0.046210 
0.433990 0.986394 0.462022 
0.051900 0.006925 0.491768 
0.013445 0.010700 0.010700 0.965155 
0.250000 0.250000 0.250000 0.250000 
  15
0.529703 0.006638 0.046210 
0.418397 0.986437 0.462022 
0.051900 0.006925 0.491768 
0.010700 0.010700 0.010700 0.967900 
0.250000 0.250000 0.250000 0.250000 
  16
0.529703 0.006638 0.046210 
0.418397 0.986437 0.462022 
0.051900 0.006925 0.491768 
0.010700 0.967900 0.010700 0.010700 
0.250000 0.250000 0.250000 0.250000 
  17
0.529703 0.006638 0.046210 
0.418397 0.986437 0.462022 
0.051900 0.006925 0.491768 
0.010700 0.010700 0.967900 0.010700 
0.250000 0.250000 0.250000 0.250000 
  18
0.529703 0.006638 0.046210 
0.418397 0.986437 0.462022 
0.051900 0.006925 0.491768 
0.010700 0.010700 0.010700 0.967900 
0.250000 0.250000 0.250000 0.250000 
  19
0.529703 0.006638 0.046210 
0.418397 0.986437 0.462022 
0.051900 0.006925 0.491768 
0.010700 0.010700 0.010700 0.967900 
0.250000 0.250000 0.250000 0.250000 
  20
0.529703 0.006638 0.046210 
0.418397 0.986437 0.462022 
0.051900 0.006925 0.491768 
0.010700 0.012534 0.010700 0.966066 
0.250000 0.250000 0.250000 0.250000 
  21
0.529703 0.006638 0.046210 
0.418397 0.986437 0.462022 
0.051900 0.006925 0.491768 
0.013189 0.965410 0.010700 0.010700 
0.250000 0.250000 0.250000 0.250000 
  22
0.529703 0.006638 0.046210 
0.418397 0.986437 0.462022 
0.051900 0.006925 0.491768 
0.962759 0.015841 0.010700 0.010700 
0.250000 0.250000 0.250000 0.250000 
  23
0.519685 0.006638 0.046210 
0.428415 0.986437 0.462022 
0.052425 0.006917 0.491768 
0.012959 0.965680 0.010680 0.010680 
0.250000 0.250000 0.250000 0.250000 
  24
0.524944 0.006630 0.046210 
0.422631 0.986452 0.462022 
0.052425 0.006917 0.491768 
0.010680 0.010680 0.967960 0.010680 
0.250000 0.250000 0.250000 0.250000 
  25
0.524944 0.006630 0.046210 
0.422631 0.986452 0.462022 
0.052425 0.006917 0.491768 
0.010680 0.010680 0.028515 0.950125 
0.250000 0.250000 0.250000 0.250000 
  26
0.524944 0.006630 0.046210 
0.422631 0.986452 0.462022 
0.052425 0.006917 0.491768 
0.961707 0.016933 0.010680 0.010680 
0.250000 0.250000 0.250000 0.250000 
  27
0.524944 0.006630 0.046210 
0.422631 0.986452 0.462022 
0.052425 0.006917 0.491768 
0.010680 0.010680 0.967960 0.010680 
0.250000 0.250000 0.250000 0.250000 
  28
0.524944 0.006630 0.046210 
0.422631 0.986452 0.462022 
0.052425 0.006917 0.491768 
0.965979 0.012661 0.010680 0.010680 
0.250000 0.250000 0.250000 0.250000 
  29
0.524944 0.006630 0.046210 
0.422631 0.986452 0.462022 
0.052425 0.006917 0.491768 
0.010680 0.010680 0.012584 0.966056 
0.250000 0.250000 0.250000 0.250000 
  30
0.524944 0.006630 0.046210 
0.422631 0.986452 0.462022 
0.052425 0.006917 0.491768 
0.010680 0.010680 0.014043 0.964597 
0.250000 0.250000 0.250000 0.250000 
  31
0.524944 0.006630 0.046210 
0.422631 0.986452 0.462022 
0.052425 0.006917 0.491768 
0.012822 0.010680 0.965818 0.010680 
0.250000 0.250000 0.250000 0.250000 
  32
0.524944 0.006630 0.046210 
0.422631 0.986452 0.462022 
0.052425 0.006917 0.491768 
0.010680 0.010680 0.010680 0.967960 
0.250000 0.250000 0.250000 0.250000 
  33
0.524944 0.006630 0.046210 
0.422631 0.986452 0.462022 
0.052425 0.006917 0.491768 
0.965255 0.013385 0.010680 0.010680 
0.250000 0.250000 0.250000 0.250000 
  34
0.524944 0.006630 0.046210 
0.422631 0.986452 0.462022 
0.052425 0.006917 0.491768 
0.010680 0.010680 0.010680 0.967960 
0.250000 0.250000 0.250000 0.250000 
  35
0.524944 0.006630 0.046210 
0.422631 0.986452 0.462022 
0.052425 0.006917 0.491768 
0.012855 0.965785 0.010680 0.010680 
0.250000 0.250000 0.250000 0.250000 
  36
0.524944 0.006630 0.046210 
0.422631 0.986452 0.462022 
0.052425 0.006917 0.491768 
0.010680 0.010680 0.016008 0.962632 
0.250000 0.250000 0.250000 0.250000 
  37
0.524944 0.006630 0.046210 
0.422631 0.986452 0.462022 
0.052425 0.006917 0.491768 
0.010680 0.010680 0.962412 0.016228 
0.250000 0.250000 0.250000 0.250000 
  38
0.524944 0.006630 0.046210 
0.422631 0.986452 0.462022 
0.052425 0.006917 0.491768 
0.010680 0.032294 0.010680 0.946345 
0.250000 0.250000 0.250000 0.250000 
  39
0.524944 0.006630 0.046210 
0.422631 0.986452 0.462022 
0.052425 0.006917 0.491768 
0.010680 0.967960 0.010680 0.010680 
0.250000 0.250000 0.250000 0.250000 
  40
0.524944 0.006630 0.046210 
0.422631 0.986452 0.462022 
0.052425 0.006917 0.491768 
0.013078 0.965561 0.010680 0.010680 
0.250000 0.250000 0.250000 0.250000 
  41
0.524944 0.006630 0.046210 
0.422631 0.986452 0.462022 
0.052425 0.006917 0.491768 
0.010680 0.010680 0.014641 0.963999 
0.250000 0.250000 0.250000 0.250000 
  42
0.524944 0.006630 0.046210 
0.422631 0.986452 0.462022 
0.052425 0.006917 0.491768 
0.010680 0.010680 0.010680 0.967960 
0.250000 0.250000 0.250000 0.250000 
  43
0.524944 0.006630 0.046210 
0.422631 0.986452 0.462022 
0.052425 0.006917 0.491768 
0.010680 0.010680 0.012966 0.965673 
0.250000 0.250000 0.250000 0.250000 
  44
0.524944 0.006630 0.046210 
0.422631 0.986452 0.462022 
0.052425 0.006917 0.491768 
0.012822 0.010680 0.012457 0.964041 
0.250000 0.250000 0.250000 0.250000 
  45
0.524944 0.006630 0.046210 
0.422631 0.986452 0.462022 
0.052425 0.006917 0.491768 
0.010680 0.010680 0.965987 0.012653 
0.250000 0.250000 0.250000 0.250000 
  46
0.524944 0.006630 0.046210 
0.422631 0.986452 0.462022 
0.052425 0.006917 0.491768 
0.031340 0.947300 0.010680 0.010680 
0.250000 0.250000 0.250000 0.250000 
  47
0.524944 0.006630 0.046210 
0.422631 0.986452 0.462022 
0.052425 0.006917 0.491768 
0.010680 0.010680 0.967960 0.010680 
0.250000 0.250000 0.250000 0.250000 
  48
0.524944 0.006630 0.046210 
0.422631 0.986452 0.462022 
0.052425 0.006917 0.491768 
0.010680 0.010680 0.040135 0.938505 
0.250000 0.250000 0.250000 0.250000 
  49
0.446550 0.006630 0.046210 
0.501025 0.986452 0.462022 
0.056885 0.006857 0.491768 
0.012712 0.010528 0.966232 0.010528 
0.250000 0.250000 0.250000 0.250000 
  50
0.484535 0.006573 0.046210 
0.458581 0.986570 0.462022 
0.056885 0.006857 0.491768 
0.968415 0.010528 0.010528 0.010528 
0.250000 0.250000 0.250000 0.250000 
  51
0.484535 0.006573 0.046210 
0.458581 0.986570 0.462022 
0.056885 0.006857 0.491768 
0.963514 0.015429 0.010528 0.010528 
0.250000 0.250000 0.250000 0.250000 
  52
0.484535 0.006573 0.046210 
0.458581 0.986570 0.462022 
0.056885 0.006857 0.491768 
0.965010 0.013933 0.010528 0.010528 
0.250000 0.250000 0.250000 0.250000 
  53
0.484535 0.006573 0.046210 
0.458581 0.986570 0.462022 
0.056885 0.006857 0.491768 
0.968415 0.010528 0.010528 0.010528 
0.250000 0.250000 0.250000 0.250000 
  54
0.484535 0.006573 0.046210 
0.458581 0.986570 0.462022 
0.056885 0.006857 0.491768 
0.958618 0.014830 0.016024 0.010528 
0.250000 0.250000 0.250000 0.250000 
  55
0.484535 0.006573 0.046210 
0.458581 0.986570 0.462022 
0.056885 0.006857 0.491768 
0.025456 0.010528 0.937724 0.026292 
0.250000 0.250000 0.250000 0.250000 
  56
0.484535 0.006573 0.046210 
0.458581 0.986570 0.462022 
0.056885 0.006857 0.491768 
0.010528 0.010528 0.010528 0.968415 
0.250000 0.250000 0.250000 0.250000 
  57
0.484535 0.006573 0.046210 
0.458581 0.986570 0.462022 
0.056885 0.006857 0.491768 
0.010528 0.010528 0.017794 0.961149 
0.250000 0.250000 0.250000 0.250000 
  58
0.484535 0.006573 0.046210 
0.458581 0.986570 0.462022 
0.056885 0.006857 0.491768 
0.010528 0.010528 0.968415 0.010528 
0.250000 0.250000 0.250000 0.250000 
  59
0.484535 0.006573 0.046210 
0.458581 0.986570 0.462022 
0.056885 0.006857 0.491768 
0.010528 0.010528 0.968415 0.010528 
0.250000 0.250000 0.250000 0.250000 
  60
0.484535 0.006573 0.046210 
0.458581 0.986570 0.462022 
0.056885 0.006857 0.491768 
0.012449 0.010528 0.010528 0.966494 
0.250000 0.250000 0.250000 0.250000 
  61
0.484535 0.006573 0.046210 
0.458581 0.986570 0.462022 
0.056885 0.006857 0.491768 
0.014878 0.964065 0.010528 0.010528 
0.250000 0.250000 0.250000 0.250000 
  62
0.484535 0.006573 0.046210 
0.458581 0.986570 0.462022 
0.056885 0.006857 0.491768 
0.017285 0.961659 0.010528 0.010528 
0.250000 0.250000 0.250000 0.250000 
  63
0.484535 0.006573 0.046210 
0.458581 0.986570 0.462022 
0.056885 0.006857 0.491768 
0.968415 0.010528 0.010528 0.010528 
0.250000 0.250000 0.250000 0.250000 
  64
0.484535 0.006573 0.046210 
0.458581 0.986570 0.462022 
0.056885 0.006857 0.491768 
0.959416 0.019527 0.010528 0.010528 
0.250000 0.250000 0.250000 0.250000 
  65
0.484535 0.006573 0.046210 
0.458581 0.986570 0.462022 
0.056885 0.006857 0.491768 
0.968415 0.010528 0.010528 0.010528 
0.250000 0.250000 0.250000 0.250000 
  66
0.475466 0.006573 0.046210 
0.467649 0.986570 0.462022 
0.057405 0.006851 0.491768 
0.010512 0.010512 0.010512 0.968463 
0.250000 0.250000 0.250000 0.250000 
  67
0.479817 0.006567 0.046210 
0.462778 0.986583 0.462022 
0.057405 0.006851 0.491768 
0.010512 0.966330 0.010512 0.012645 
0.250000 0.250000 0.250000 0.250000 
  68
0.479817 0.006567 0.046210 
0.462778 0.986583 0.462022 
0.057405 0.006851 0.491768 
0.968463 0.010512 0.010512 0.010512 
0.250000 0.250000 0.250000 0.250000 
  69
0.479817 0.006567 0.046210 
0.462778 0.986583 0.462022 
0.057405 0.006851 0.491768 
0.012279 0.010512 0.964896 0.012312 
0.250000 0.250000 0.250000 0.250000 
  70
0.479817 0.006567 0.046210 
0.462778 0.986583 0.462022 
0.057405 0.006851 0.491768 
0.962057 0.016918 0.010512 0.010512 
0.250000 0.250000 0.250000 0.250000 
  71
0.479817 0.006567 0.046210 
0.462778 0.986583 0.462022 
0.057405 0.006851 0.491768 
0.968463 0.010512 0.010512 0.010512 
0.250000 0.250000 0.250000 0.250000 
  72
0.479817 0.006567 0.046210 
0.462778 0.986583 0.462022 
0.057405 0.006851 0.491768 
0.010512 0.010512 0.968463 0.010512 
0.250000 0.250000 0.250000 0.250000 
  73
0.479817 0.006567 0.046210 
0.462778 0.986583 0.462022 
0.057405 0.006851 0.491768 
0.968463 0.010512 0.010512 0.010512 
0.250000 0.250000 0.250000 0.250000 
  74
0.479817 0.006567 0.046210 
0.462778 0.986583 0.462022 
0.057405 0.006851 0.491768 
0.023629 0.955346 0.010512 0.010512 
0.250000 0.250000 0.250000 0.250000 
  75
0.479817 0.006567 0.046210 
0.462778 0.986583 0.462022 
0.057405 0.006851 0.491768 
0.010512 0.010512 0.968463 0.010512 
0.250000 0.250000 0.250000 0.250000 
  76
0.479817 0.006567 0.046210 
0.462778 0.986583 0.462022 
0.057405 0.006851 0.491768 
0.958394 0.020582 0.010512 0.010512 
0.250000 0.250000 0.250000 0.250000 
  77
0.479817 0.006567 0.046210 
0.462778 0.986583 0.462022 
0.057405 0.006851 0.491768 
0.010512 0.010512 0.962341 0.016635 
0.250000 0.250000 0.250000 0.250000 
  78
0.479817 0.006567 0.046210 
0.462778 0.986583 0.462022 
0.057405 0.006851 0.491768 
0.018134 0.960841 0.010512 0.010512 
0.250000 0.250000 0.250000 0.250000 
  79
0.479817 0.006567 0.046210 
0.462778 0.986583 0.462022 
0.057405 0.006851 0.491768 
0.010512 0.968463 0.010512 0.010512 
0.250000 0.250000 0.250000 0.250000 
  80
0.479817 0.006567 0.046210 
0.462778 0.986583 0.462022 
0.057405 0.006851 0.491768 
0.010512 0.010512 0.968463 0.010512 
0.250000 0.250000 0.250000 0.250000 
  81
0.479817 0.006567 0.046210 
0.462778 0.986583 0.462022 
0.057405 0.006851 0.491768 
0.968463 0.010512 0.010512 0.010512 
0.250000 0.250000 0.250000 0.250000 
  82
0.479817 0.006567 0.046210 
0.462778 0.986583 0.462022 
0.057405 0.006851 0.491768 
0.968463 0.010512 0.010512 0.010512 
0.250000 0.250000 0.250000 0.250000 
  83
0.479817 0.006567 0.046210 
0.462778 0.986583 0.462022 
0.057405 0.006851 0.491768 
0.010512 0.010512 0.968463 0.010512 
0.250000 0.250000 0.250000 0.250000 
  84
0.479817 0.006567 0.046210 
0.462778 0.986583 0.462022 
0.057405 0.006851 0.491768 
0.014119 0.964856 0.010512 0.010512 
0.250000 0.250000 0.250000 0.250000 
  85
0.479817 0.006567 0.046210 
0.462778 0.986583 0.462022 
0.057405 0.006851 0.491768 
0.010512 0.010512 0.968463 0.010512 
0.250000 0.250000 0.250000 0.250000 
  86
0.479817 0.006567 0.046210 
0.462778 0.986583 0.462022 
0.057405 0.006851 0.491768 
0.010512 0.010512 0.010512 0.968463 
0.250000 0.250000 0.250000 0.250000 
  87
0.479817 0.006567 0.046210 
0.462778 0.986583 0.462022 
0.057405 0.006851 0.491768 
0.016073 0.953070 0.010512 0.020345 
0.250000 0.250000 0.250000 0.250000 
  88
0.479817 0.006567 0.046210 
0.462778 0.986583 0.462022 
0.057405 0.006851 0.491768 
0.010512 0.010512 0.010512 0.968463 
0.250000 0.250000 0.250000 0.250000 
  89
0.479817 0.006567 0.046210 
0.462778 0.986583 0.462022 
0.057405 0.006851 0.491768 
0.010512 0.968463 0.010512 0.010512 
0.250000 0.250000 0.250000 0.250000 
  90
0.479817 0.006567 0.046210 
0.462778 0.986583 0.462022 
0.057405 0.006851 0.491768 
0.010512 0.010512 0.966401 0.012574 
0.250000 0.250000 0.250000 0.250000 
  91
0.479817 0.006567 0.046210 
0.462778 0.986583 0.462022 
0.057405 0.006851 0.491768 
0.010512 0.010512 0.968463 0.010512 
0.250000 0.250000 0.250000 0.250000 
  92
0.479817 0.006567 0.046210 
0.462778 0.986583 0.462022 
0.057405 0.006851 0.491768 
0.010512 0.010512 0.010512 0.968463 
0.250000 0.250000 0.250000 0.250000 
  93
0.479817 0.006567 0.046210 
0.462778 0.986583 0.462022 
0.057405 0.006851 0.491768 
0.010512 0.022238 0.010512 0.956738 
0.250000 0.250000 0.250000 0.250000 
  94
0.479817 0.006567 0.046210 
0.462778 0.986583 0.462022 
0.057405 0.006851 0.491768 
0.010512 0.968463 0.010512 0.010512 
0.250000 0.250000 0.250000 0.250000 
  95
0.479817 0.006567 0.046210 
0.462778 0.986583 0.462022 
0.057405 0.006851 0.491768 
0.010512 0.968463 0.010512 0.010512 
0.250000 0.250000 0.250000 0.250000 
  96
0.479817 0.006567 0.046210 
0.462778 0.986583 0.462022 
0.057405 0.006851 0.491768 
0.010512 0.965911 0.013064 0.010512 
0.250000 0.250000 0.250000 0.250000 
  97
0.479817 0.006567 0.046210 
0.462778 0.986583 0.462022 
0.057405 0.006851 0.491768 
0.010512 0.010512 0.968463 0.010512 
0.250000 0.250000 0.250000 0.250000 
  98
0.479817 0.006567 0.046210 
0.462778 0.986583 0.462022 
0.057405 0.006851 0.491768 
0.968463 0.010512 0.010512 0.010512 
0.250000 0.250000 0.250000 0.250000 
  99
0.479817 0.006567 0.046210 
0.462778 0.986583 0.462022 
0.057405 0.006851 0.491768 
0.010512 0.010512 0.966669 0.012307 
0.250000 0.250000 0.250000 0.250000 
 100
0.479817 0.006567 0.046210 
0.462778 0.986583 0.462022 
0.057405 0.006851 0.491768 
0.010512 0.010512 0.966508 0.012467 
0.250000 0.250000 0.250000 0.250000 
 101
0.479817 0.006567 0.046210 
0.462778 0.986583 0.462022 
0.057405 0.006851 0.491768 
0.968463 0.010512 0.010512 0.010512 
0.250000 0.250000 0.250000 0.250000 
 102
0.479817 0.006567 0.046210 
0.462778 0.986583 0.462022 
0.057405 0.006851 0.491768 
0.010512 0.010512 0.010512 0.968463 
0.250000 0.250000 0.250000 0.250000 
 103
0.479817 0.006567 0.046210 
0.462778 0.986583 0.462022 
0.057405 0.006851 0.491768 
0.010512 0.968463 0.010512 0.010512 
0.250000 0.250000 0.250000 0.250000 
 104
0.479817 0.006567 0.046210 
0.462778 0.986583 0.462022 
0.057405 0.006851 0.491768 
0.010512 0.010512 0.968463 0.010512 
0.250000 0.250000 0.250000 0.250000 
 105
0.479817 0.006567 0.046210 
0.462778 0.986583 0.462022 
0.057405 0.006851 0.491768 
0.968463 0.010512 0.010512 0.010512 
0.250000 0.250000 0.250000 0.250000 
 106
0.479817 0.006567 0.046210 
0.462778 0.986583 0.462022 
0.057405 0.006851 0.491768 
0.010512 0.968463 0.010512 0.010512 
0.250000 0.250000 0.250000 0.250000 
 107
0.479817 0.006567 0.046210 
0.462778 0.986583 0.462022 
0.057405 0.006851 0.491768 
0.010512 0.010512 0.010512 0.968463 
0.250000 0.250000 0.250000 0.250000 
 108
0.479817 0.006567 0.046210 
0.462778 0.986583 0.462022 
0.057405 0.006851 0.491768 
0.964471 0.012449 0.012568 0.010512 
0.250000 0.250000 0.250000 0.250000 
 109
0.479817 0.006567 0.046210 
0.462778 0.986583 0.462022 
0.057405 0.006851 0.491768 
0.010512 0.010512 0.959145 0.019830 
0.250000 0.250000 0.250000 0.250000 
 110
0.479817 0.006567 0.046210 
0.462778 0.986583 0.462022 
0.057405 0.006851 0.491768 
0.010512 0.010512 0.968463 0.010512 
0.250000 0.250000 0.250000 0.250000 
 111
0.479817 0.006567 0.046210 
0.462778 0.986583 0.462022 
0.057405 0.006851 0.491768 
0.964822 0.014153 0.010512 0.010512 
0.250000 0.250000 0.250000 0.250000 
 112
0.479817 0.006567 0.046210 
0.462778 0.986583 0.462022 
0.057405 0.006851 0.491768 
0.968463 0.010512 0.010512 0.010512 
0.250000 0.250000 0.250000 0.250000 
 113
0.479817 0.006567 0.046210 
0.462778 0.986583 0.462022 
0.057405 0.006851 0.491768 
0.968463 0.010512 0.010512 0.010512 
0.250000 0.250000 0.250000 0.250000 
 114
0.479817 0.006567 0.046210 
0.462778 0.986583 0.462022 
0.057405 0.006851 0.491768 
0.010512 0.010512 0.958175 0.020800 
0.250000 0.250000 0.250000 0.250000 
 115
0.479817 0.006567 0.046210 
0.462778 0.986583 0.462022 
0.057405 0.006851 0.491768 
0.010512 0.968463 0.010512 0.010512 
0.250000 0.250000 0.250000 0.250000 
 116
0.479817 0.006567 0.046210 
0.462778 0.986583 0.462022 
0.057405 0.006851 0.491768 
0.010512 0.968463 0.010512 0.010512 
0.250000 0.250000 0.250000 0.250000 
 117
0.479817 0.006567 0.046210 
0.462778 0.986583 0.462022 
0.057405 0.006851 0.491768 
0.965036 0.013939 0.010512 0.010512 
0.250000 0.250000 0.250000 0.250000 
 118
0.479817 0.006567 0.046210 
0.462778 0.986583 0.462022 
0.057405 0.006851 0.491768 
0.968463 0.010512 0.010512 0.010512 
0.250000 0.250000 0.250000 0.250000 
 119
0.479817 0.006567 0.046210 
0.462778 0.986583 0.462022 
0.057405 0.006851 0.491768 
0.010512 0.010512 0.968463 0.010512 
0.250000 0.250000 0.250000 0.250000 
 120
0.479817 0.006567 0.046210 
0.462778 0.986583 0.462022 
0.057405 0.006851 0.491768 
0.031115 0.947860 0.010512 0.010512 
0.250000 0.250000 0.250000 0.250000 
 121
0.479817 0.006567 0.046210 
0.462778 0.986583 0.462022 
0.057405 0.006851 0.491768 
0.966580 0.012395 0.010512 0.010512 
0.250000 0.250000 0.250000 0.250000 
 122
0.479817 0.006567 0.046210 
0.462778 0.986583 0.462022 
0.057405 0.006851 0.491768 
0.010512 0.010512 0.010512 0.968463 
0.250000 0.250000 0.250000 0.250000 
 123
0.479817 0.006567 0.046210 
0.462778 0.986583 0.462022 
0.057405 0.006851 0.491768 
0.963126 0.013748 0.010512 0.012614 
0.250000 0.250000 0.250000 0.250000 
 124
0.479817 0.006567 0.046210 
0.462778 0.986583 0.462022 
0.057405 0.006851 0.491768 
0.010512 0.968463 0.010512 0.010512 
0.250000 0.250000 0.250000 0.250000 
 125
0.479817 0.006567 0.046210 
0.462778 0.986583 0.462022 
0.057405 0.006851 0.491768 
0.010512 0.010512 0.010512 0.968463 
0.250000 0.250000 0.250000 0.250000 
 126
0.479817 0.006567 0.046210 
0.462778 0.986583 0.462022 
0.057405 0.006851 0.491768 
0.016679 0.960539 0.010512 0.012270 
0.250000 0.250000 0.250000 0.250000 
 127
0.479817 0.006567 0.046210 
0.462778 0.986583 0.462022 
0.057405 0.006851 0.491768 
0.968463 0.010512 0.010512 0.010512 
0.250000 0.250000 0.250000 0.250000 
 128
0.479817 0.006567 0.046210 
0.462778 0.986583 0.462022 
0.057405 0.006851 0.491768 
0.968463 0.010512 0.010512 0.010512 
0.250000 0.250000 0.250000 0.250000 
 129
0.479817 0.006567 0.046210 
0.462778 0.986583 0.462022 
0.057405 0.006851 0.491768 
0.964959 0.014016 0.010512 0.010512 
0.250000 0.250000 0.250000 0.250000 
 130
0.479817 0.006567 0.046210 
0.462778 0.986583 0.462022 
0.057405 0.006851 0.491768 
0.968463 0.010512 0.010512 0.010512 
0.250000 0.250000 0.250000 0.250000 
 131
0.479817 0.006567 0.046210 
0.462778 0.986583 0.462022 
0.057405 0.006851 0.491768 
0.010512 0.010512 0.968463 0.010512 
0.250000 0.250000 0.250000 0.250000 
 132
0.479817 0.006567 0.046210 
0.462778 0.986583 0.462022 
0.057405 0.006851 0.491768 
0.968463 0.010512 0.010512 0.010512 
0.250000 0.250000 0.250000 0.250000 
 133
0.479817 0.006567 0.046210 
0.462778 0.986583 0.462022 
0.057405 0.006851 0.491768 
0.968463 0.010512 0.010512 0.010512 
0.250000 0.250000 0.250000 0.250000 
 134
0.479817 0.006567 0.046210 
0.462778 0.986583 0.462022 
0.057405 0.006851 0.491768 
0.010512 0.010512 0.010512 0.968463 
0.250000 0.250000 0.250000 0.250000 
 135
0.479817 0.006567 0.046210 
0.462778 0.986583 0.462022 
0.057405 0.006851 0.491768 
0.012381 0.010512 0.966594 0.010512 
0.250000 0.250000 0.250000 0.250000 
 136
0.479817 0.006567 0.046210 
0.462778 0.986583 0.462022 
0.057405 0.006851 0.491768 
0.966363 0.012612 0.010512 0.010512 
0.250000 0.250000 0.250000 0.250000 
 137
0.479817 0.006567 0.046210 
0.462778 0.986583 0.462022 
0.057405 0.006851 0.491768 
0.010512 0.010512 0.968463 0.010512 
0.250000 0.250000 0.250000 0.250000 
 138
0.479817 0.006567 0.046210 
0.462778 0.986583 0.462022 
0.057405 0.006851 0.491768 
0.029491 0.947812 0.010512 0.012185 
0.250000 0.250000 0.250000 0.250000 
 139
0.479817 0.006567 0.046210 
0.462778 0.986583 0.462022 
0.057405 0.006851 0.491768 
0.955985 0.022990 0.010512 0.010512 
0.250000 0.250000 0.250000 0.250000 
 140
0.479817 0.006567 0.046210 
0.462778 0.986583 0.462022 
0.057405 0.006851 0.491768 
0.968463 0.010512 0.010512 0.010512 
0.250000 0.250000 0.250000 0.250000 
 141
0.479817 0.006567 0.046210 
0.462778 0.986583 0.462022 
0.057405 0.006851 0.491768 
0.010512 0.010512 0.010512 0.968463 
0.250000 0.250000 0.250000 0.250000 
 142
0.479817 0.006567 0.046210 
0.462778 0.986583 0.462022 
0.057405 0.006851 0.491768 
0.010512 0.968463 0.010512 0.010512 
0.250000 0.250000 0.250000 0.250000 
 143
0.479817 0.006567 0.046210 
0.462778 0.986583 0.462022 
0.057405 0.006851 0.491768 
0.968463 0.010512 0.010512 0.010512 
0.250000 0.250000 0.250000 0.250000 
 144
0.479817 0.006567 0.046210 
0.462778 0.986583 0.462022 
0.057405 0.006851 0.491768 
0.010512 0.010512 0.968463 0.010512 
0.250000 0.250000 0.250000 0.250000 
 145
0.479817 0.006567 0.046210 
0.462778 0.986583 0.462022 
0.057405 0.006851 0.491768 
0.010512 0.010512 0.968463 0.010512 
0.250000 0.250000 0.250000 0.250000 
 146
0.479817 0.006567 0.046210 
0.462778 0.986583 0.462022 
0.057405 0.006851 0.491768 
0.968463 0.010512 0.010512 0.010512 
0.250000 0.250000 0.250000 0.250000 
 147
0.479817 0.006567 0.046210 
0.462778 0.986583 0.462022 
0.057405 0.006851 0.491768 
0.957488 0.021487 0.010512 0.010512 
0.250000 0.250000 0.250000 0.250000 
 148
0.479817 0.006567 0.046210 
0.462778 0.986583 0.462022 
0.057405 0.006851 0.491768 
0.961142 0.017834 0.010512 0.010512 
0.250000 0.250000 0.250000 0.250000 
 149
0.479817 0.006567 0.046210 
0.462778 0.986583 0.462022 
0.057405 0.006851 0.491768 
0.010512 0.010512 0.010512 0.968463 
0.250000 0.250000 0.250000 0.250000 
 150
0.479817 0.006567 0.046210 
0.462778 0.986583 0.462022 
0.057405 0.006851 0.491768 
0.014554 0.010512 0.010512 0.964422 
0.250000 0.250000 0.250000 0.250000 
 151
0.479817 0.006567 0.046210 
0.462778 0.986583 0.462022 
0.057405 0.006851 0.491768 
0.010512 0.968463 0.010512 0.010512 
0.250000 0.250000 0.250000 0.250000 
 152
0.479817 0.006567 0.046210 
0.462778 0.986583 0.462022 
0.057405 0.006851 0.491768 
0.968463 0.010512 0.010512 0.010512 
0.250000 0.250000 0.250000 0.250000 
 153
0.479817 0.006567 0.046210 
0.462778 0.986583 0.462022 
0.057405 0.006851 0.491768 
0.964696 0.014279 0.010512 0.010512 
0.250000 0.250000 0.250000 0.250000 
 154
0.479817 0.006567 0.046210 
0.462778 0.986583 0.462022 
0.057405 0.006851 0.491768 
0.010512 0.968463 0.010512 0.010512 
0.250000 0.250000 0.250000 0.250000 
 155
0.479817 0.006567 0.046210 
0.462778 0.986583 0.462022 
0.057405 0.006851 0.491768 
0.010512 0.010512 0.010512 0.968463 
0.250000 0.250000 0.250000 0.250000 
 156
0.479817 0.006567 0.046210 
0.462778 0.986583 0.462022 
0.057405 0.006851 0.491768 
0.010512 0.010512 0.012298 0.966677 
0.250000 0.250000 0.250000 0.250000 
 157
0.479817 0.006567 0.046210 
0.462778 0.986583 0.462022 
0.057405 0.006851 0.491768 
0.968463 0.010512 0.010512 0.010512 
0.250000 0.250000 0.250000 0.250000 
 158
0.479817 0.006567 0.046210 
0.462778 0.986583 0.462022 
0.057405 0.006851 0.491768 
0.010512 0.010512 0.968463 0.010512 
0.250000 0.250000 0.250000 0.250000 
 159
0.479817 0.006567 0.046210 
0.462778 0.986583 0.462022 
0.057405 0.006851 0.491768 
0.010512 0.010512 0.017935 0.961040 
0.250000 0.250000 0.250000 0.250000 
 160
0.479817 0.006567 0.046210 
0.462778 0.986583 0.462022 
0.057405 0.006851 0.491768 
0.968463 0.010512 0.010512 0.010512 
0.250000 0.250000 0.250000 0.250000 
 161
0.479817 0.006567 0.046210 
0.462778 0.986583 0.462022 
0.057405 0.006851 0.491768 
0.966697 0.010512 0.012278 0.010512 
0.250000 0.250000 0.250000 0.250000 
 162
0.479817 0.006567 0.046210 
0.462778 0.986583 0.462022 
0.057405 0.006851 0.491768 
0.010512 0.010512 0.017721 0.961254 
0.250000 0.250000 0.250000 0.250000 
 163
0.479817 0.006567 0.046210 
0.462778 0.986583 0.462022 
0.057405 0.006851 0.491768 
0.010512 0.968463 0.010512 0.010512 
0.250000 0.250000 0.250000 0.250000 
 164
0.479817 0.006567 0.046210 
0.462778 0.986583 0.462022 
0.057405 0.006851 0.491768 
0.010512 0.010512 0.968463 0.010512 
0.250000 0.250000 0.250000 0.250000 
 165
0.479817 0.006567 0.046210 
0.462778 0.986583 0.462022 
0.057405 0.006851 0.491768 
0.010512 0.010512 0.013174 0.965801 
0.250000 0.250000 0.250000 0.250000 
 166
0.479817 0.006567 0.046210 
0.462778 0.986583 0.462022 
0.057405 0.006851 0.491768 
0.968463 0.010512 0.010512 0.010512 
0.250000 0.250000 0.250000 0.250000 
 167
0.479817 0.006567 0.046210 
0.462778 0.986583 0.462022 
0.057405 0.006851 0.491768 
0.010512 0.010512 0.968463 0.010512 
0.250000 0.250000 0.250000 0.250000 
 168
0.479817 0.006567 0.046210 
0.462778 0.986583 0.462022 
0.057405 0.006851 0.491768 
0.010512 0.012513 0.013997 0.962977 
0.250000 0.250000 0.250000 0.250000 
 169
0.479817 0.006567 0.046210 
0.462778 0.986583 0.462022 
0.057405 0.006851 0.491768 
0.010512 0.968463 0.010512 0.010512 
0.250000 0.250000 0.250000 0.250000 
 170
0.479817 0.006567 0.046210 
0.462778 0.986583 0.462022 
0.057405 0.006851 0.491768 
0.968463 0.010512 0.010512 0.010512 
0.250000 0.250000 0.250000 0.250000 
 171
0.479817 0.006567 0.046210 
0.462778 0.986583 0.462022 
0.057405 0.006851 0.491768 
0.013940 0.965035 0.010512 0.010512 
0.250000 0.250000 0.250000 0.250000 
 172
0.479817 0.006567 0.046210 
0.462778 0.986583 0.462022 
0.057405 0.006851 0.491768 
0.010512 0.010512 0.966662 0.012314 
0.250000 0.250000 0.250000 0.250000 
 173
0.479817 0.006567 0.046210 
0.462778 0.986583 0.462022 
0.057405 0.006851 0.491768 
0.010512 0.010512 0.010512 0.968463 
0.250000 0.250000 0.250000 0.250000 
 174
0.479817 0.006567 0.046210 
0.462778 0.986583 0.462022 
0.057405 0.006851 0.491768 
0.014442 0.964533 0.010512 0.010512 
0.250000 0.250000 0.250000 0.250000 
 175
0.479817 0.006567 0.046210 
0.462778 0.986583 0.462022 
0.057405 0.006851 0.491768 
0.013438 0.965537 0.010512 0.010512 
0.250000 0.250000 0.250000 0.250000 
 176
0.479817 0.006567 0.046210 
0.462778 0.986583 0.462022 
0.057405 0.006851 0.491768 
0.010512 0.010512 0.010512 0.968463 
0.250000 0.250000 0.250000 0.250000 
 177
0.479817 0.006567 0.046210 
0.462778 0.986583 0.462022 
0.057405 0.006851 0.491768 
0.010512 0.010512 0.032950 0.946025 
0.250000 0.250000 0.250000 0.250000 
 178
0.479817 0.006567 0.046210 
0.462778 0.986583 0.462022 
0.057405 0.006851 0.491768 
0.012747 0.010512 0.966228 0.010512 
0.250000 0.250000 0.250000 0.250000 
 179
0.479817 0.006567 0.046210 
0.462778 0.986583 0.462022 
0.057405 0.006851 0.491768 
0.965750 0.013226 0.010512 0.010512 
0.250000 0.250000 0.250000 0.250000 
 180
0.479817 0.006567 0.046210 
0.462778 0.986583 0.462022 
0.057405 0.006851 0.491768 
0.012612 0.966363 0.010512 0.010512 
0.250000 0.250000 0.250000 0.250000 
 181
0.479817 0.006567 0.046210 
0.462778 0.986583 0.462022 
0.057405 0.006851 0.491768 
0.968463 0.010512 0.010512 0.010512 
0.250000 0.250000 0.250000 0.250000 
 182
0.479817 0.006567 0.046210 
0.462778 0.986583 0.462022 
0.057405 0.006851 0.491768 
0.334862 0.644113 0.010512 0.010512 
0.250000 0.250000 0.250000 0.250000 
 183
0.479817 0.006567 0.046210 
0.462778 0.986583 0.462022 
0.057405 0.006851 0.491768 
0.010512 0.010512 0.013857 0.965118 
0.250000 0.250000 0.250000 0.250000 
 184
0.479817 0.006567 0.046210 
0.462778 0.986583 0.462022 
0.057405 0.006851 0.491768 
0.010512 0.010512 0.010512 0.968463 
0.250000 0.250000 0.250000 0.250000 
 185
0.479817 0.006567 0.046210 
0.462778 0.986583 0.462022 
0.057405 0.006851 0.491768 
0.010512 0.010512 0.966220 0.012756 
0.250000 0.250000 0.250000 0.250000 
 186
0.479817 0.006567 0.046210 
0.462778 0.986583 0.462022 
0.057405 0.006851 0.491768 
0.012747 0.010512 0.966228 0.010512 
0.250000 0.250000 0.250000 0.250000 
 187
0.479817 0.006567 0.046210 
0.462778 0.986583 0.462022 
0.057405 0.006851 0.491768 
0.010512 0.010512 0.012743 0.966233 
0.250000 0.250000 0.250000 0.250000 
 188
0.479817 0.006567 0.046210 
0.462778 0.986583 0.462022 
0.057405 0.006851 0.491768 
0.010512 0.010512 0.968463 0.010512 
0.250000 0.250000 0.250000 0.250000 
 189
0.479817 0.006567 0.046210 
0.462778 0.986583 0.462022 
0.057405 0.006851 0.491768 
0.966545 0.010512 0.010512 0.012430 
0.250000 0.250000 0.250000 0.250000 
 190
0.479817 0.006567 0.046210 
0.462778 0.986583 0.462022 
0.057405 0.006851 0.491768 
0.721927 0.257048 0.010512 0.010512 
0.250000 0.250000 0.250000 0.250000 
 191
0.479817 0.006567 0.046210 
0.462778 0.986583 0.462022 
0.057405 0.006851 0.491768 
0.010512 0.010512 0.968463 0.010512 
0.250000 0.250000 0.250000 0.250000 
 192
0.479817 0.006567 0.046210 
0.462778 0.986583 0.462022 
0.057405 0.006851 0.491768 
0.964585 0.012252 0.010512 0.012651 
0.250000 0.250000 0.250000 0.250000 
 193
0.479817 0.006567 0.046210 
0.462778 0.986583 0.462022 
0.057405 0.006851 0.491768 
0.012712 0.966264 0.010512 0.010512 
0.250000 0.250000 0.250000 0.250000 
 194
0.479817 0.006567 0.046210 
0.462778 0.986583 0.462022 
0.057405 0.006851 0.491768 
0.010512 0.968463 0.010512 0.010512 
0.250000 0.250000 0.250000 0.250000 
 195
0.479817 0.006567 0.046210 
0.462778 0.986583 0.462022 
0.057405 0.006851 0.491768 
0.010512 0.010512 0.012290 0.966686 
0.250000 0.250000 0.250000 0.250000 
 196
0.479817 0.006567 0.046210 
0.462778 0.986583 0.462022 
0.057405 0.006851 0.491768 
0.012540 0.966435 0.010512 0.010512 
0.250000 0.250000 0.250000 0.250000 
 197
0.479817 0.006567 0.046210 
0.462778 0.986583 0.462022 
0.057405 0.006851 0.491768 
0.964581 0.014394 0.010512 0.010512 
0.250000 0.250000 0.250000 0.250000 
 198
0.479817 0.006567 0.046210 
0.462778 0.986583 0.462022 
0.057405 0.006851 0.491768 
0.968463 0.010512 0.010512 0.010512 
0.250000 0.250000 0.250000 0.250000 
 199
0.479817 0.006567 0.046210 
0.462778 0.986583 0.462022 
0.057405 0.006851 0.491768 
0.968463 0.010512 0.010512 0.010512 
0.250000 0.250000 0.250000 0.250000 
 200
0.479817 0.006567 0.046210 
0.462778 0.986583 0.462022 
0.057405 0.006851 0.491768 
0.010512 0.010512 0.010512 0.968463 
0.250000 0.250000 0.250000 0.250000 
 201
0.479817 0.006567 0.046210 
0.462778 0.986583 0.462022 
0.057405 0.006851 0.491768 
0.968463 0.010512 0.010512 0.010512 
0.250000 0.250000 0.250000 0.250000 
 202
0.479817 0.006567 0.046210 
0.462778 0.986583 0.462022 
0.057405 0.006851 0.491768 
0.010512 0.010512 0.010512 0.968463 
0.250000 0.250000 0.250000 0.250000 
 203
0.479817 0.006567 0.046210 
0.462778 0.986583 0.462022 
0.057405 0.006851 0.491768 
0.010512 0.968463 0.010512 0.010512 
0.250000 0.250000 0.250000 0.250000 
 204
0.479817 0.006567 0.046210 
0.462778 0.986583 0.462022 
0.057405 0.006851 0.491768 
0.010512 0.010512 0.955415 0.023561 
0.250000 0.250000 0.250000 0.250000 
 205
0.479817 0.006567 0.046210 
0.462778 0.986583 0.462022 
0.057405 0.006851 0.491768 
0.028993 0.949983 0.010512 0.010512 
0.250000 0.250000 0.250000 0.250000 
 206
0.479817 0.006567 0.046210 
0.462778 0.986583 0.462022 
0.057405 0.006851 0.491768 
0.960523 0.018452 0.010512 0.010512 
0.250000 0.250000 0.250000 0.250000 
 207
0.479817 0.006567 0.046210 
0.462778 0.986583 0.462022 
0.057405 0.006851 0.491768 
0.023752 0.010512 0.953222 0.012513 
0.250000 0.250000 0.250000 0.250000 
 208
0.479817 0.006567 0.046210 
0.462778 0.986583 0.462022 
0.057405 0.006851 0.491768 
0.966130 0.012845 0.010512 0.010512 
0.250000 0.250000 0.250000 0.250000 
 209
0.479817 0.006567 0.046210 
0.462778 0.986583 0.462022 
0.057405 0.006851 0.491768 
0.012796 0.966179 0.010512 0.010512 
0.250000 0.250000 0.250000 0.250000 
 210
0.479817 0.006567 0.046210 
0.462778 0.986583 0.462022 
0.057405 0.006851 0.491768 
0.010512 0.010512 0.022035 0.956940 
0.250000 0.250000 0.250000 0.250000 
 211
0.479817 0.006567 0.046210 
0.462778 0.986583 0.462022 
0.057405 0.006851 0.491768 
0.010512 0.010512 0.968463 0.010512 
0.250000 0.250000 0.250000 0.250000 
 212
0.479817 0.006567 0.046210 
0.462778 0.986583 0.462022 
0.057405 0.006851 0.491768 
0.010512 0.010512 0.968463 0.010512 
0.250000 0.250000 0.250000 0.250000 
 213
0.479817 0.006567 0.046210 
0.462778 0.986583 0.462022 
0.057405 0.006851 0.491768 
0.010512 0.010512 0.016756 0.962219 
0.250000 0.250000 0.250000 0.250000 
 214
0.479817 0.006567 0.046210 
0.462778 0.986583 0.462022 
0.057405 0.006851 0.491768 
0.010512 0.010512 0.968463 0.010512 
0.250000 0.250000 0.250000 0.250000 
 215
0.479817 0.006567 0.046210 
0.462778 0.986583 0.462022 
0.057405 0.006851 0.491768 
0.965994 0.010512 0.010512 0.012981 
0.250000 0.250000 0.250000 0.250000 
 216
0.479817 0.006567 0.046210 
0.462778 0.986583 0.462022 
0.057405 0.006851 0.491768 
0.010512 0.010512 0.039142 0.939833 
0.250000 0.250000 0.250000 0.250000 
 217
0.479817 0.006567 0.046210 
0.462778 0.986583 0.462022 
0.057405 0.006851 0.491768 
0.010512 0.010512 0.968463 0.010512 
0.250000 0.250000 0.250000 0.250000 
 218
0.479817 0.006567 0.046210 
0.462778 0.986583 0.462022 
0.057405 0.006851 0.491768 
0.968463 0.010512 0.010512 0.010512 
0.250000 0.250000 0.250000 0.250000 
 219
0.479817 0.006567 0.046210 
0.462778 0.986583 0.462022 
0.057405 0.006851 0.491768 
0.045202 0.811146 0.010512 0.133140 
0.250000 0.250000 0.250000 0.250000 
 220
0.479817 0.006567 0.046210 
0.462778 0.986583 0.462022 
0.057405 0.006851 0.491768 
0.965088 0.013887 0.010512 0.010512 
0.250000 0.250000 0.250000 0.250000 
 221
0.479817 0.006567 0.046210 
0.462778 0.986583 0.462022 
0.057405 0.006851 0.491768 
0.010512 0.010512 0.010512 0.968463 
0.250000 0.250000 0.250000 0.250000 
 222
0.479817 0.006567 0.046210 
0.462778 0.986583 0.462022 
0.057405 0.006851 0.491768 
0.016184 0.010512 0.962792 0.010512 
0.250000 0.250000 0.250000 0.250000 
 223
0.479817 0.006567 0.046210 
0.462778 0.986583 0.462022 
0.057405 0.006851 0.491768 
0.054741 0.010512 0.924235 0.010512 
0.250000 0.250000 0.250000 0.250000 
 224
0.479817 0.006567 0.046210 
0.462778 0.986583 0.462022 
0.057405 0.006851 0.491768 
0.010512 0.010512 0.010512 0.968463 
0.250000 0.250000 0.250000 0.250000 
 225
0.479817 0.006567 0.046210 
0.462778 0.986583 0.462022 
0.057405 0.006851 0.491768 
0.010512 0.012434 0.014584 0.962469 
0.250000 0.250000 0.250000 0.250000 
 226
0.479817 0.006567 0.046210 
0.462778 0.986583 0.462022 
0.057405 0.006851 0.491768 
0.010512 0.968463 0.010512 0.010512 
0.250000 0.250000 0.250000 0.250000 
 227
0.479817 0.006567 0.046210 
0.462778 0.986583 0.462022 
0.057405 0.006851 0.491768 
0.968463 0.010512 0.010512 0.010512 
0.250000 0.250000 0.250000 0.250000 
 228
0.479817 0.006567 0.046210 
0.462778 0.986583 0.462022 
0.057405 0.006851 0.491768 
0.010512 0.010512 0.012325 0.966651 
0.250000 0.250000 0.250000 0.250000 
 229
0.479817 0.006567 0.046210 
0.462778 0.986583 0.462022 
0.057405 0.006851 0.491768 
0.010512 0.968463 0.010512 0.010512 
0.250000 0.250000 0.250000 0.250000 
 230
0.479817 0.006567 0.046210 
0.462778 0.986583 0.462022 
0.057405 0.006851 0.491768 
0.010512 0.968463 0.010512 0.010512 
0.250000 0.250000 0.250000 0.250000 
 231
0.479817 0.006567 0.046210 
0.462778 0.986583 0.462022 
0.057405 0.006851 0.491768 
0.966295 0.012681 0.010512 0.010512 
0.250000 0.250000 0.250000 0.250000 
 232
0.479817 0.006567 0.046210 
0.462778 0.986583 0.462022 
0.057405 0.006851 0.491768 
0.010512 0.968463 0.010512 0.010512 
0.250000 0.250000 0.250000 0.250000 
 233
0.479817 0.006567 0.046210 
0.462778 0.986583 0.462022 
0.057405 0.006851 0.491768 
0.960479 0.018496 0.010512 0.010512 
