%  SAM: /scicomp/home/yfa9/CDC_projects/Mol_genetic_analysis/Nomenclature/B_NA_Nomenclature/All_v1/All_v1-4-revision/4_Module/label/LABEL_RES/scripts/modelfromalign_Linux v3.5 (July 15, 2005) compiled 12/08/06_16:15:55
%  (c) 1992-2001 Regents of the University of California, Santa Cruz
%
%          Sequence Alignment and Modeling Software System
%         http://www.cse.ucsc.edu/research/compbio/sam.html
%
% ----------------- Citations (SAM, SAM-T2K, HMMs) --------------------
% R. Hughey, A. Krogh, Hidden Markov models for sequence analysis:
%  Extension and analysis of the basic method, CABIOS 12:95-107, 1996.
% K. Karplus, et al., What is the value added by human intervention in protein
%  structure prediction, Proteins: Stucture, Function, Genetics 45(S5):86--91, 2001.
% A. Krogh et al., Hidden Markov models in computational biology:
%  Applications to protein modeling, JMB 235:1501-1531, Feb 1994.
% ---------------------------------------------------------------------
%  0_hmm   Host: login01.aspen.biotech.cdc.gov    Mon Oct 24 15:42:53 2016
%  yfa9    Dir:  /scicomp/home/yfa9/CDC_projects/Mol_genetic_analysis/Nomenclature/H3_Nomenclature/v_5/3_base/InfA-H3-HA-revised/c-0-1-2-PERTH
% ---------------------------------------------------------------------
%  Alignment weights from internal calc.  Total (23.35) Max (0.12) Min (0.03)
%  Weights from alignment method 1 (karplus), b=-1.000000, e=0.500000
MODEL --  Model from alignment file /scicomp/home/yfa9/CDC_projects/Mol_genetic_analysis/Nomenclature/B_NA_Nomenclature/All_v1/All_v1-4-revision/4_Module/label/LABEL_RES/training_data/H3v2016-revision1/c-0-1-2-PERTH/0.fasta
alphabet DNA
FREQAVE
0.000000 0.000000 0.000000 
0.000000 0.000000 0.000000 
0.000000 0.000000 0.000000 
0.339013 0.220508 0.199920 0.240559 
0.339013 0.220508 0.199920 0.240559 
Begin
0.000000 0.000000 0.000000 
0.000000 0.000000 0.000000 
0.000000 0.006753 0.491768 
0.250000 0.250000 0.250000 0.250000 
0.250000 0.250000 0.250000 0.250000 
   1
0.000000 0.019284 0.046210 
0.000000 0.973963 0.462022 
0.050877 0.006840 0.491768 
0.968541 0.010486 0.010486 0.010486 
0.250000 0.250000 0.250000 0.250000 
   2
0.538973 0.006557 0.046210 
0.410150 0.986603 0.462022 
0.050877 0.006840 0.491768 
0.010486 0.010486 0.010486 0.968541 
0.250000 0.250000 0.250000 0.250000 
   3
0.538973 0.006557 0.046210 
0.410150 0.986603 0.462022 
0.050877 0.006840 0.491768 
0.010486 0.968541 0.010486 0.010486 
0.250000 0.250000 0.250000 0.250000 
   4
0.538973 0.006557 0.046210 
0.410150 0.986603 0.462022 
0.050877 0.006840 0.491768 
0.968541 0.010486 0.010486 0.010486 
0.250000 0.250000 0.250000 0.250000 
   5
0.538973 0.006557 0.046210 
0.410150 0.986603 0.462022 
0.050877 0.006840 0.491768 
0.958055 0.020972 0.010486 0.010486 
0.250000 0.250000 0.250000 0.250000 
   6
0.538973 0.006557 0.046210 
0.410150 0.986603 0.462022 
0.050877 0.006840 0.491768 
0.013892 0.965135 0.010486 0.010486 
0.250000 0.250000 0.250000 0.250000 
   7
0.538973 0.006557 0.046210 
0.410150 0.986603 0.462022 
0.050877 0.006840 0.491768 
0.966731 0.012296 0.010486 0.010486 
0.250000 0.250000 0.250000 0.250000 
   8
0.538973 0.006557 0.046210 
0.410150 0.986603 0.462022 
0.050877 0.006840 0.491768 
0.014393 0.010486 0.964635 0.010486 
0.250000 0.250000 0.250000 0.250000 
   9
0.530174 0.006557 0.046210 
0.418949 0.986603 0.462022 
0.051329 0.006833 0.491768 
0.010469 0.010469 0.018309 0.960752 
0.250000 0.250000 0.250000 0.250000 
  10
0.534881 0.006550 0.046210 
0.413791 0.986616 0.462022 
0.051329 0.006833 0.491768 
0.956738 0.018008 0.010469 0.014785 
0.250000 0.250000 0.250000 0.250000 
  11
0.534881 0.006550 0.046210 
0.413791 0.986616 0.462022 
0.051329 0.006833 0.491768 
0.010469 0.010469 0.012577 0.966485 
0.250000 0.250000 0.250000 0.250000 
  12
0.534881 0.006550 0.046210 
0.413791 0.986616 0.462022 
0.051329 0.006833 0.491768 
0.010469 0.010469 0.966775 0.012287 
0.250000 0.250000 0.250000 0.250000 
  13
0.534881 0.006550 0.046210 
0.413791 0.986616 0.462022 
0.051329 0.006833 0.491768 
0.966742 0.012320 0.010469 0.010469 
0.250000 0.250000 0.250000 0.250000 
  14
0.534881 0.006550 0.046210 
0.413791 0.986616 0.462022 
0.051329 0.006833 0.491768 
0.010469 0.010469 0.010469 0.968593 
0.250000 0.250000 0.250000 0.250000 
  15
0.534881 0.006550 0.046210 
0.413791 0.986616 0.462022 
0.051329 0.006833 0.491768 
0.010469 0.010469 0.010469 0.968593 
0.250000 0.250000 0.250000 0.250000 
  16
0.534881 0.006550 0.046210 
0.413791 0.986616 0.462022 
0.051329 0.006833 0.491768 
0.010469 0.968593 0.010469 0.010469 
0.250000 0.250000 0.250000 0.250000 
  17
0.527177 0.006550 0.046210 
0.421494 0.986616 0.462022 
0.051727 0.006827 0.491768 
0.010454 0.010454 0.968637 0.010454 
0.250000 0.250000 0.250000 0.250000 
  18
0.531270 0.006544 0.046210 
0.417003 0.986628 0.462022 
0.051727 0.006827 0.491768 
0.018638 0.010454 0.015727 0.955181 
0.250000 0.250000 0.250000 0.250000 
  19
0.531270 0.006544 0.046210 
0.417003 0.986628 0.462022 
0.051727 0.006827 0.491768 
0.010454 0.010454 0.014304 0.964787 
0.250000 0.250000 0.250000 0.250000 
  20
0.531270 0.006544 0.046210 
0.417003 0.986628 0.462022 
0.051727 0.006827 0.491768 
0.010454 0.010454 0.010454 0.968637 
0.250000 0.250000 0.250000 0.250000 
  21
0.531270 0.006544 0.046210 
0.417003 0.986628 0.462022 
0.051727 0.006827 0.491768 
0.010454 0.968637 0.010454 0.010454 
0.250000 0.250000 0.250000 0.250000 
  22
0.531270 0.006544 0.046210 
0.417003 0.986628 0.462022 
0.051727 0.006827 0.491768 
0.968637 0.010454 0.010454 0.010454 
0.250000 0.250000 0.250000 0.250000 
  23
0.531270 0.006544 0.046210 
0.417003 0.986628 0.462022 
0.051727 0.006827 0.491768 
0.010454 0.968637 0.010454 0.010454 
0.250000 0.250000 0.250000 0.250000 
  24
0.531270 0.006544 0.046210 
0.417003 0.986628 0.462022 
0.051727 0.006827 0.491768 
0.010454 0.010454 0.968637 0.010454 
0.250000 0.250000 0.250000 0.250000 
  25
0.531270 0.006544 0.046210 
0.417003 0.986628 0.462022 
0.051727 0.006827 0.491768 
0.013823 0.010454 0.014558 0.961164 
0.250000 0.250000 0.250000 0.250000 
  26
0.531270 0.006544 0.046210 
0.417003 0.986628 0.462022 
0.051727 0.006827 0.491768 
0.961156 0.016226 0.012164 0.010454 
0.250000 0.250000 0.250000 0.250000 
  27
0.531270 0.006544 0.046210 
0.417003 0.986628 0.462022 
0.051727 0.006827 0.491768 
0.010454 0.010454 0.968637 0.010454 
0.250000 0.250000 0.250000 0.250000 
  28
0.531270 0.006544 0.046210 
0.417003 0.986628 0.462022 
0.051727 0.006827 0.491768 
0.966339 0.010454 0.010454 0.012752 
0.250000 0.250000 0.250000 0.250000 
  29
0.531270 0.006544 0.046210 
0.417003 0.986628 0.462022 
0.051727 0.006827 0.491768 
0.012752 0.014113 0.015161 0.957975 
0.250000 0.250000 0.250000 0.250000 
  30
0.531270 0.006544 0.046210 
0.417003 0.986628 0.462022 
0.051727 0.006827 0.491768 
0.010454 0.014082 0.014392 0.961072 
0.250000 0.250000 0.250000 0.250000 
  31
0.531270 0.006544 0.046210 
0.417003 0.986628 0.462022 
0.051727 0.006827 0.491768 
0.010454 0.010454 0.968637 0.010454 
0.250000 0.250000 0.250000 0.250000 
  32
0.531270 0.006544 0.046210 
0.417003 0.986628 0.462022 
0.051727 0.006827 0.491768 
0.010454 0.010454 0.010454 0.968637 
0.250000 0.250000 0.250000 0.250000 
  33
0.531270 0.006544 0.046210 
0.417003 0.986628 0.462022 
0.051727 0.006827 0.491768 
0.964375 0.012928 0.012242 0.010454 
0.250000 0.250000 0.250000 0.250000 
  34
0.531270 0.006544 0.046210 
0.417003 0.986628 0.462022 
0.051727 0.006827 0.491768 
0.016506 0.010454 0.012700 0.960340 
0.250000 0.250000 0.250000 0.250000 
  35
0.531270 0.006544 0.046210 
0.417003 0.986628 0.462022 
0.051727 0.006827 0.491768 
0.012928 0.966163 0.010454 0.010454 
0.250000 0.250000 0.250000 0.250000 
  36
0.531270 0.006544 0.046210 
0.417003 0.986628 0.462022 
0.051727 0.006827 0.491768 
0.010454 0.010454 0.014240 0.964851 
0.250000 0.250000 0.250000 0.250000 
  37
0.531270 0.006544 0.046210 
0.417003 0.986628 0.462022 
0.051727 0.006827 0.491768 
0.010454 0.010454 0.959250 0.019842 
0.250000 0.250000 0.250000 0.250000 
  38
0.531270 0.006544 0.046210 
0.417003 0.986628 0.462022 
0.051727 0.006827 0.491768 
0.012551 0.010454 0.013287 0.963708 
0.250000 0.250000 0.250000 0.250000 
  39
0.531270 0.006544 0.046210 
0.417003 0.986628 0.462022 
0.051727 0.006827 0.491768 
0.023257 0.953491 0.010454 0.012797 
0.250000 0.250000 0.250000 0.250000 
  40
0.531270 0.006544 0.046210 
0.417003 0.986628 0.462022 
0.051727 0.006827 0.491768 
0.010454 0.968637 0.010454 0.010454 
0.250000 0.250000 0.250000 0.250000 
  41
0.531270 0.006544 0.046210 
0.417003 0.986628 0.462022 
0.051727 0.006827 0.491768 
0.010454 0.010454 0.010454 0.968637 
0.250000 0.250000 0.250000 0.250000 
  42
0.531270 0.006544 0.046210 
0.417003 0.986628 0.462022 
0.051727 0.006827 0.491768 
0.010454 0.012161 0.021842 0.955543 
0.250000 0.250000 0.250000 0.250000 
  43
0.531270 0.006544 0.046210 
0.417003 0.986628 0.462022 
0.051727 0.006827 0.491768 
0.010454 0.010454 0.012928 0.966163 
0.250000 0.250000 0.250000 0.250000 
  44
0.531270 0.006544 0.046210 
0.417003 0.986628 0.462022 
0.051727 0.006827 0.491768 
0.010454 0.010454 0.016483 0.962608 
0.250000 0.250000 0.250000 0.250000 
  45
0.531270 0.006544 0.046210 
0.417003 0.986628 0.462022 
0.051727 0.006827 0.491768 
0.010454 0.010454 0.962870 0.016221 
0.250000 0.250000 0.250000 0.250000 
  46
0.531270 0.006544 0.046210 
0.417003 0.986628 0.462022 
0.051727 0.006827 0.491768 
0.023104 0.955988 0.010454 0.010454 
0.250000 0.250000 0.250000 0.250000 
  47
0.531270 0.006544 0.046210 
0.417003 0.986628 0.462022 
0.051727 0.006827 0.491768 
0.010454 0.010454 0.968637 0.010454 
0.250000 0.250000 0.250000 0.250000 
  48
0.531270 0.006544 0.046210 
0.417003 0.986628 0.462022 
0.051727 0.006827 0.491768 
0.012302 0.010454 0.013957 0.963287 
0.250000 0.250000 0.250000 0.250000 
  49
0.432357 0.006544 0.046210 
0.515916 0.986628 0.462022 
0.057405 0.006753 0.491768 
0.012257 0.010269 0.967205 0.010269 
0.250000 0.250000 0.250000 0.250000 
  50
0.479817 0.006473 0.046210 
0.462778 0.986775 0.462022 
0.057405 0.006753 0.491768 
0.969193 0.010269 0.010269 0.010269 
0.250000 0.250000 0.250000 0.250000 
  51
0.479817 0.006473 0.046210 
0.462778 0.986775 0.462022 
0.057405 0.006753 0.491768 
0.967133 0.012330 0.010269 0.010269 
0.250000 0.250000 0.250000 0.250000 
  52
0.479817 0.006473 0.046210 
0.462778 0.986775 0.462022 
0.057405 0.006753 0.491768 
0.969193 0.010269 0.010269 0.010269 
0.250000 0.250000 0.250000 0.250000 
  53
0.479817 0.006473 0.046210 
0.462778 0.986775 0.462022 
0.057405 0.006753 0.491768 
0.969193 0.010269 0.010269 0.010269 
0.250000 0.250000 0.250000 0.250000 
  54
0.479817 0.006473 0.046210 
0.462778 0.986775 0.462022 
0.057405 0.006753 0.491768 
0.964210 0.015253 0.010269 0.010269 
0.250000 0.250000 0.250000 0.250000 
  55
0.479817 0.006473 0.046210 
0.462778 0.986775 0.462022 
0.057405 0.006753 0.491768 
0.036307 0.010269 0.901397 0.052027 
0.250000 0.250000 0.250000 0.250000 
  56
0.479817 0.006473 0.046210 
0.462778 0.986775 0.462022 
0.057405 0.006753 0.491768 
0.010269 0.010269 0.010269 0.969193 
0.250000 0.250000 0.250000 0.250000 
  57
0.479817 0.006473 0.046210 
0.462778 0.986775 0.462022 
0.057405 0.006753 0.491768 
0.010269 0.010269 0.010269 0.969193 
0.250000 0.250000 0.250000 0.250000 
  58
0.479817 0.006473 0.046210 
0.462778 0.986775 0.462022 
0.057405 0.006753 0.491768 
0.011883 0.010269 0.965520 0.012329 
0.250000 0.250000 0.250000 0.250000 
  59
0.479817 0.006473 0.046210 
0.462778 0.986775 0.462022 
0.057405 0.006753 0.491768 
0.010269 0.010269 0.969193 0.010269 
0.250000 0.250000 0.250000 0.250000 
  60
0.479817 0.006473 0.046210 
0.462778 0.986775 0.462022 
0.057405 0.006753 0.491768 
0.010269 0.012570 0.154439 0.822721 
0.250000 0.250000 0.250000 0.250000 
  61
0.479817 0.006473 0.046210 
0.462778 0.986775 0.462022 
0.057405 0.006753 0.491768 
0.012590 0.966872 0.010269 0.010269 
0.250000 0.250000 0.250000 0.250000 
  62
0.479817 0.006473 0.046210 
0.462778 0.986775 0.462022 
0.057405 0.006753 0.491768 
0.019818 0.959610 0.010286 0.010286 
0.250000 0.250000 0.250000 0.250000 
  63
0.479817 0.006473 0.046210 
0.462778 0.986775 0.462022 
0.057405 0.006753 0.491768 
0.965687 0.013775 0.010269 0.010269 
0.250000 0.250000 0.250000 0.250000 
  64
0.479817 0.006473 0.046210 
0.462778 0.986775 0.462022 
0.057405 0.006753 0.491768 
0.966892 0.012570 0.010269 0.010269 
0.250000 0.250000 0.250000 0.250000 
  65
0.479817 0.006473 0.046210 
0.462778 0.986775 0.462022 
0.057405 0.006753 0.491768 
0.941233 0.019310 0.010269 0.029188 
0.250000 0.250000 0.250000 0.250000 
  66
0.479817 0.006473 0.046210 
0.462778 0.986775 0.462022 
0.057405 0.006753 0.491768 
0.010269 0.010269 0.013855 0.965607 
0.250000 0.250000 0.250000 0.250000 
  67
0.479817 0.006473 0.046210 
0.462778 0.986775 0.462022 
0.057405 0.006753 0.491768 
0.013605 0.962508 0.010269 0.013618 
0.250000 0.250000 0.250000 0.250000 
  68
0.479817 0.006473 0.046210 
0.462778 0.986775 0.462022 
0.057405 0.006753 0.491768 
0.967256 0.012206 0.010269 0.010269 
0.250000 0.250000 0.250000 0.250000 
  69
0.479817 0.006473 0.046210 
0.462778 0.986775 0.462022 
0.057405 0.006753 0.491768 
0.010269 0.010269 0.969193 0.010269 
0.250000 0.250000 0.250000 0.250000 
  70
0.479817 0.006473 0.046210 
0.462778 0.986775 0.462022 
0.057405 0.006753 0.491768 
0.963860 0.015602 0.010269 0.010269 
0.250000 0.250000 0.250000 0.250000 
  71
0.479817 0.006473 0.046210 
0.462778 0.986775 0.462022 
0.057405 0.006753 0.491768 
0.969193 0.010269 0.010269 0.010269 
0.250000 0.250000 0.250000 0.250000 
  72
0.479817 0.006473 0.046210 
0.462778 0.986775 0.462022 
0.057405 0.006753 0.491768 
0.010269 0.010269 0.965231 0.014231 
0.250000 0.250000 0.250000 0.250000 
  73
0.479817 0.006473 0.046210 
0.462778 0.986775 0.462022 
0.057405 0.006753 0.491768 
0.969193 0.010269 0.010269 0.010269 
0.250000 0.250000 0.250000 0.250000 
  74
0.479817 0.006473 0.046210 
0.462778 0.986775 0.462022 
0.057405 0.006753 0.491768 
0.017350 0.962112 0.010269 0.010269 
0.250000 0.250000 0.250000 0.250000 
  75
0.479817 0.006473 0.046210 
0.462778 0.986775 0.462022 
0.057405 0.006753 0.491768 
0.010269 0.010269 0.965006 0.014456 
0.250000 0.250000 0.250000 0.250000 
  76
0.479817 0.006473 0.046210 
0.462778 0.986775 0.462022 
0.057405 0.006753 0.491768 
0.969193 0.010269 0.010269 0.010269 
0.250000 0.250000 0.250000 0.250000 
  77
0.479817 0.006473 0.046210 
0.462778 0.986775 0.462022 
0.057405 0.006753 0.491768 
0.010269 0.010269 0.961230 0.018233 
0.250000 0.250000 0.250000 0.250000 
  78
0.479817 0.006473 0.046210 
0.462778 0.986775 0.462022 
0.057405 0.006753 0.491768 
0.012826 0.961005 0.010269 0.015900 
0.250000 0.250000 0.250000 0.250000 
  79
0.479817 0.006473 0.046210 
0.462778 0.986775 0.462022 
0.057405 0.006753 0.491768 
0.010269 0.969193 0.010269 0.010269 
0.250000 0.250000 0.250000 0.250000 
  80
0.479817 0.006473 0.046210 
0.462778 0.986775 0.462022 
0.057405 0.006753 0.491768 
0.010269 0.010269 0.969193 0.010269 
0.250000 0.250000 0.250000 0.250000 
  81
0.479817 0.006473 0.046210 
0.462778 0.986775 0.462022 
0.057405 0.006753 0.491768 
0.965435 0.014027 0.010269 0.010269 
0.250000 0.250000 0.250000 0.250000 
  82
0.479817 0.006473 0.046210 
0.462778 0.986775 0.462022 
0.057405 0.006753 0.491768 
0.969140 0.010287 0.010287 0.010287 
0.250000 0.250000 0.250000 0.250000 
  83
0.479817 0.006473 0.046210 
0.462778 0.986775 0.462022 
0.057405 0.006753 0.491768 
0.029590 0.010269 0.947780 0.012361 
0.250000 0.250000 0.250000 0.250000 
  84
0.479817 0.006473 0.046210 
0.462778 0.986775 0.462022 
0.057405 0.006753 0.491768 
0.019201 0.956777 0.010269 0.013753 
0.250000 0.250000 0.250000 0.250000 
  85
0.479817 0.006473 0.046210 
0.462778 0.986775 0.462022 
0.057405 0.006753 0.491768 
0.010269 0.010269 0.969193 0.010269 
0.250000 0.250000 0.250000 0.250000 
  86
0.479817 0.006473 0.046210 
0.462778 0.986775 0.462022 
0.057405 0.006753 0.491768 
0.010269 0.010269 0.010269 0.969193 
0.250000 0.250000 0.250000 0.250000 
  87
0.479817 0.006473 0.046210 
0.462778 0.986775 0.462022 
0.057405 0.006753 0.491768 
0.011875 0.965930 0.010269 0.011926 
0.250000 0.250000 0.250000 0.250000 
  88
0.479817 0.006473 0.046210 
0.462778 0.986775 0.462022 
0.057405 0.006753 0.491768 
0.010269 0.010269 0.010269 0.969193 
0.250000 0.250000 0.250000 0.250000 
  89
0.479817 0.006473 0.046210 
0.462778 0.986775 0.462022 
0.057405 0.006753 0.491768 
0.010269 0.969193 0.010269 0.010269 
0.250000 0.250000 0.250000 0.250000 
  90
0.479817 0.006473 0.046210 
0.462778 0.986775 0.462022 
0.057405 0.006753 0.491768 
0.010269 0.010269 0.967366 0.012096 
0.250000 0.250000 0.250000 0.250000 
  91
0.479817 0.006473 0.046210 
0.462778 0.986775 0.462022 
0.057405 0.006753 0.491768 
0.012992 0.010269 0.964888 0.011850 
0.250000 0.250000 0.250000 0.250000 
  92
0.479817 0.006473 0.046210 
0.462778 0.986775 0.462022 
0.057405 0.006753 0.491768 
0.010269 0.010269 0.010269 0.969193 
0.250000 0.250000 0.250000 0.250000 
  93
0.479817 0.006473 0.046210 
0.462778 0.986775 0.462022 
0.057405 0.006753 0.491768 
0.010269 0.010269 0.011970 0.967492 
0.250000 0.250000 0.250000 0.250000 
  94
0.479817 0.006473 0.046210 
0.462778 0.986775 0.462022 
0.057405 0.006753 0.491768 
0.010269 0.969193 0.010269 0.010269 
0.250000 0.250000 0.250000 0.250000 
  95
0.479817 0.006473 0.046210 
0.462778 0.986775 0.462022 
0.057405 0.006753 0.491768 
0.010269 0.969193 0.010269 0.010269 
0.250000 0.250000 0.250000 0.250000 
  96
0.479817 0.006473 0.046210 
0.462778 0.986775 0.462022 
0.057405 0.006753 0.491768 
0.013133 0.966329 0.010269 0.010269 
0.250000 0.250000 0.250000 0.250000 
  97
0.479817 0.006473 0.046210 
0.462778 0.986775 0.462022 
0.057405 0.006753 0.491768 
0.010269 0.010269 0.969193 0.010269 
0.250000 0.250000 0.250000 0.250000 
  98
0.479817 0.006473 0.046210 
0.462778 0.986775 0.462022 
0.057405 0.006753 0.491768 
0.969193 0.010269 0.010269 0.010269 
0.250000 0.250000 0.250000 0.250000 
  99
0.479817 0.006473 0.046210 
0.462778 0.986775 0.462022 
0.057405 0.006753 0.491768 
0.010284 0.010284 0.956527 0.022904 
0.250000 0.250000 0.250000 0.250000 
 100
0.479817 0.006473 0.046210 
0.462778 0.986775 0.462022 
0.057405 0.006753 0.491768 
0.010269 0.010269 0.969193 0.010269 
0.250000 0.250000 0.250000 0.250000 
 101
0.479817 0.006473 0.046210 
0.462778 0.986775 0.462022 
0.057405 0.006753 0.491768 
0.969193 0.010269 0.010269 0.010269 
0.250000 0.250000 0.250000 0.250000 
 102
0.479817 0.006473 0.046210 
0.462778 0.986775 0.462022 
0.057405 0.006753 0.491768 
0.010269 0.010269 0.012392 0.967071 
0.250000 0.250000 0.250000 0.250000 
 103
0.479817 0.006473 0.046210 
0.462778 0.986775 0.462022 
0.057405 0.006753 0.491768 
0.010269 0.969193 0.010269 0.010269 
0.250000 0.250000 0.250000 0.250000 
 104
0.479817 0.006473 0.046210 
0.462778 0.986775 0.462022 
0.057405 0.006753 0.491768 
0.010269 0.010269 0.969193 0.010269 
0.250000 0.250000 0.250000 0.250000 
 105
0.479817 0.006473 0.046210 
0.462778 0.986775 0.462022 
0.057405 0.006753 0.491768 
0.966960 0.012502 0.010269 0.010269 
0.250000 0.250000 0.250000 0.250000 
 106
0.479817 0.006473 0.046210 
0.462778 0.986775 0.462022 
0.057405 0.006753 0.491768 
0.012306 0.967156 0.010269 0.010269 
0.250000 0.250000 0.250000 0.250000 
 107
0.479817 0.006473 0.046210 
0.462778 0.986775 0.462022 
0.057405 0.006753 0.491768 
0.010269 0.010269 0.010269 0.969193 
0.250000 0.250000 0.250000 0.250000 
 108
0.479817 0.006473 0.046210 
0.462778 0.986775 0.462022 
0.057405 0.006753 0.491768 
0.967097 0.012365 0.010269 0.010269 
0.250000 0.250000 0.250000 0.250000 
 109
0.479817 0.006473 0.046210 
0.462778 0.986775 0.462022 
0.057405 0.006753 0.491768 
0.010269 0.010269 0.969193 0.010269 
0.250000 0.250000 0.250000 0.250000 
 110
0.479817 0.006473 0.046210 
0.462778 0.986775 0.462022 
0.057405 0.006753 0.491768 
0.010269 0.010269 0.969193 0.010269 
0.250000 0.250000 0.250000 0.250000 
 111
0.479817 0.006473 0.046210 
0.462778 0.986775 0.462022 
0.057405 0.006753 0.491768 
0.969193 0.010269 0.010269 0.010269 
0.250000 0.250000 0.250000 0.250000 
 112
0.479817 0.006473 0.046210 
0.462778 0.986775 0.462022 
0.057405 0.006753 0.491768 
0.969193 0.010269 0.010269 0.010269 
0.250000 0.250000 0.250000 0.250000 
 113
0.479817 0.006473 0.046210 
0.462778 0.986775 0.462022 
0.057405 0.006753 0.491768 
0.967364 0.010269 0.012098 0.010269 
0.250000 0.250000 0.250000 0.250000 
 114
0.479817 0.006473 0.046210 
0.462778 0.986775 0.462022 
0.057405 0.006753 0.491768 
0.010269 0.010269 0.959443 0.020019 
0.250000 0.250000 0.250000 0.250000 
 115
0.479817 0.006473 0.046210 
0.462778 0.986775 0.462022 
0.057405 0.006753 0.491768 
0.010269 0.969193 0.010269 0.010269 
0.250000 0.250000 0.250000 0.250000 
 116
0.479817 0.006473 0.046210 
0.462778 0.986775 0.462022 
0.057405 0.006753 0.491768 
0.010269 0.969193 0.010269 0.010269 
0.250000 0.250000 0.250000 0.250000 
 117
0.479817 0.006473 0.046210 
0.462778 0.986775 0.462022 
0.057405 0.006753 0.491768 
0.949031 0.027649 0.010269 0.013051 
0.250000 0.250000 0.250000 0.250000 
 118
0.479817 0.006473 0.046210 
0.462778 0.986775 0.462022 
0.057405 0.006753 0.491768 
0.969193 0.010269 0.010269 0.010269 
0.250000 0.250000 0.250000 0.250000 
 119
0.479817 0.006473 0.046210 
0.462778 0.986775 0.462022 
0.057405 0.006753 0.491768 
0.010269 0.010269 0.969193 0.010269 
0.250000 0.250000 0.250000 0.250000 
 120
0.479817 0.006473 0.046210 
0.462778 0.986775 0.462022 
0.057405 0.006753 0.491768 
0.061251 0.918211 0.010269 0.010269 
0.250000 0.250000 0.250000 0.250000 
 121
0.479817 0.006473 0.046210 
0.462778 0.986775 0.462022 
0.057405 0.006753 0.491768 
0.957510 0.016069 0.010269 0.016152 
0.250000 0.250000 0.250000 0.250000 
 122
0.479817 0.006473 0.046210 
0.462778 0.986775 0.462022 
0.057405 0.006753 0.491768 
0.010269 0.010269 0.010269 0.969193 
0.250000 0.250000 0.250000 0.250000 
 123
0.479817 0.006473 0.046210 
0.462778 0.986775 0.462022 
0.057405 0.006753 0.491768 
0.969193 0.010269 0.010269 0.010269 
0.250000 0.250000 0.250000 0.250000 
 124
0.479817 0.006473 0.046210 
0.462778 0.986775 0.462022 
0.057405 0.006753 0.491768 
0.010269 0.969193 0.010269 0.010269 
0.250000 0.250000 0.250000 0.250000 
 125
0.479817 0.006473 0.046210 
0.462778 0.986775 0.462022 
0.057405 0.006753 0.491768 
0.010269 0.010269 0.010269 0.969193 
0.250000 0.250000 0.250000 0.250000 
 126
0.479817 0.006473 0.046210 
0.462778 0.986775 0.462022 
0.057405 0.006753 0.491768 
0.012392 0.967071 0.010269 0.010269 
0.250000 0.250000 0.250000 0.250000 
 127
0.479817 0.006473 0.046210 
0.462778 0.986775 0.462022 
0.057405 0.006753 0.491768 
0.969193 0.010269 0.010269 0.010269 
0.250000 0.250000 0.250000 0.250000 
 128
0.479817 0.006473 0.046210 
0.462778 0.986775 0.462022 
0.057405 0.006753 0.491768 
0.967251 0.012212 0.010269 0.010269 
0.250000 0.250000 0.250000 0.250000 
 129
0.479817 0.006473 0.046210 
0.462778 0.986775 0.462022 
0.057405 0.006753 0.491768 
0.969193 0.010269 0.010269 0.010269 
0.250000 0.250000 0.250000 0.250000 
 130
0.479817 0.006473 0.046210 
0.462778 0.986775 0.462022 
0.057405 0.006753 0.491768 
0.969193 0.010269 0.010269 0.010269 
0.250000 0.250000 0.250000 0.250000 
 131
0.479817 0.006473 0.046210 
0.462778 0.986775 0.462022 
0.057405 0.006753 0.491768 
0.010269 0.010269 0.969193 0.010269 
0.250000 0.250000 0.250000 0.250000 
 132
0.479817 0.006473 0.046210 
0.462778 0.986775 0.462022 
0.057405 0.006753 0.491768 
0.969193 0.010269 0.010269 0.010269 
0.250000 0.250000 0.250000 0.250000 
 133
0.479817 0.006473 0.046210 
0.462778 0.986775 0.462022 
0.057405 0.006753 0.491768 
0.969193 0.010269 0.010269 0.010269 
0.250000 0.250000 0.250000 0.250000 
 134
0.479817 0.006473 0.046210 
0.462778 0.986775 0.462022 
0.057405 0.006753 0.491768 
0.010269 0.010269 0.010269 0.969193 
0.250000 0.250000 0.250000 0.250000 
 135
0.479817 0.006473 0.046210 
0.462778 0.986775 0.462022 
0.057405 0.006753 0.491768 
0.032148 0.010269 0.945733 0.011850 
0.250000 0.250000 0.250000 0.250000 
 136
0.479817 0.006473 0.046210 
0.462778 0.986775 0.462022 
0.057405 0.006753 0.491768 
0.967026 0.012436 0.010269 0.010269 
0.250000 0.250000 0.250000 0.250000 
 137
0.479817 0.006473 0.046210 
0.462778 0.986775 0.462022 
0.057405 0.006753 0.491768 
0.010269 0.010269 0.969193 0.010269 
0.250000 0.250000 0.250000 0.250000 
 138
0.479817 0.006473 0.046210 
0.462778 0.986775 0.462022 
0.057405 0.006753 0.491768 
0.023199 0.949907 0.010287 0.016607 
0.250000 0.250000 0.250000 0.250000 
 139
0.479817 0.006473 0.046210 
0.462778 0.986775 0.462022 
0.057405 0.006753 0.491768 
0.967473 0.011989 0.010269 0.010269 
0.250000 0.250000 0.250000 0.250000 
 140
0.479817 0.006473 0.046210 
0.462778 0.986775 0.462022 
0.057405 0.006753 0.491768 
0.966164 0.013298 0.010269 0.010269 
0.250000 0.250000 0.250000 0.250000 
 141
0.479817 0.006473 0.046210 
0.462778 0.986775 0.462022 
0.057405 0.006753 0.491768 
0.010269 0.010269 0.017763 0.961699 
0.250000 0.250000 0.250000 0.250000 
 142
0.479817 0.006473 0.046210 
0.462778 0.986775 0.462022 
0.057405 0.006753 0.491768 
0.010269 0.969193 0.010269 0.010269 
0.250000 0.250000 0.250000 0.250000 
 143
0.479817 0.006473 0.046210 
0.462778 0.986775 0.462022 
0.057405 0.006753 0.491768 
0.969193 0.010269 0.010269 0.010269 
0.250000 0.250000 0.250000 0.250000 
 144
0.479817 0.006473 0.046210 
0.462778 0.986775 0.462022 
0.057405 0.006753 0.491768 
0.010269 0.010269 0.969193 0.010269 
0.250000 0.250000 0.250000 0.250000 
 145
0.479817 0.006473 0.046210 
0.462778 0.986775 0.462022 
0.057405 0.006753 0.491768 
0.010269 0.010269 0.969193 0.010269 
0.250000 0.250000 0.250000 0.250000 
 146
0.479817 0.006473 0.046210 
0.462778 0.986775 0.462022 
0.057405 0.006753 0.491768 
0.965458 0.014005 0.010269 0.010269 
0.250000 0.250000 0.250000 0.250000 
 147
0.479817 0.006473 0.046210 
0.462778 0.986775 0.462022 
0.057405 0.006753 0.491768 
0.967426 0.012036 0.010269 0.010269 
0.250000 0.250000 0.250000 0.250000 
 148
0.479817 0.006473 0.046210 
0.462778 0.986775 0.462022 
0.057405 0.006753 0.491768 
0.966599 0.012864 0.010269 0.010269 
0.250000 0.250000 0.250000 0.250000 
 149
0.479817 0.006473 0.046210 
0.462778 0.986775 0.462022 
0.057405 0.006753 0.491768 
0.010269 0.010269 0.011996 0.967467 
0.250000 0.250000 0.250000 0.250000 
 150
0.479817 0.006473 0.046210 
0.462778 0.986775 0.462022 
0.057405 0.006753 0.491768 
0.010269 0.010269 0.014006 0.965456 
0.250000 0.250000 0.250000 0.250000 
 151
0.479817 0.006473 0.046210 
0.462778 0.986775 0.462022 
0.057405 0.006753 0.491768 
0.010269 0.969193 0.010269 0.010269 
0.250000 0.250000 0.250000 0.250000 
 152
0.479817 0.006473 0.046210 
0.462778 0.986775 0.462022 
0.057405 0.006753 0.491768 
0.969193 0.010269 0.010269 0.010269 
0.250000 0.250000 0.250000 0.250000 
 153
0.479817 0.006473 0.046210 
0.462778 0.986775 0.462022 
0.057405 0.006753 0.491768 
0.969193 0.010269 0.010269 0.010269 
0.250000 0.250000 0.250000 0.250000 
 154
0.479817 0.006473 0.046210 
0.462778 0.986775 0.462022 
0.057405 0.006753 0.491768 
0.010269 0.969193 0.010269 0.010269 
0.250000 0.250000 0.250000 0.250000 
 155
0.479817 0.006473 0.046210 
0.462778 0.986775 0.462022 
0.057405 0.006753 0.491768 
0.010269 0.010269 0.010269 0.969193 
0.250000 0.250000 0.250000 0.250000 
 156
0.479817 0.006473 0.046210 
0.462778 0.986775 0.462022 
0.057405 0.006753 0.491768 
0.010269 0.010269 0.012702 0.966760 
0.250000 0.250000 0.250000 0.250000 
 157
0.479817 0.006473 0.046210 
0.462778 0.986775 0.462022 
0.057405 0.006753 0.491768 
0.969193 0.010269 0.010269 0.010269 
0.250000 0.250000 0.250000 0.250000 
 158
0.479817 0.006473 0.046210 
0.462778 0.986775 0.462022 
0.057405 0.006753 0.491768 
0.010269 0.010269 0.969193 0.010269 
0.250000 0.250000 0.250000 0.250000 
 159
0.479817 0.006473 0.046210 
0.462778 0.986775 0.462022 
0.057405 0.006753 0.491768 
0.010269 0.010269 0.032422 0.947040 
0.250000 0.250000 0.250000 0.250000 
 160
0.479817 0.006473 0.046210 
0.462778 0.986775 0.462022 
0.057405 0.006753 0.491768 
0.969193 0.010269 0.010269 0.010269 
0.250000 0.250000 0.250000 0.250000 
 161
0.479817 0.006473 0.046210 
0.462778 0.986775 0.462022 
0.057405 0.006753 0.491768 
0.969193 0.010269 0.010269 0.010269 
0.250000 0.250000 0.250000 0.250000 
 162
0.479817 0.006473 0.046210 
0.462778 0.986775 0.462022 
0.057405 0.006753 0.491768 
0.010269 0.010269 0.015499 0.963963 
0.250000 0.250000 0.250000 0.250000 
 163
0.479817 0.006473 0.046210 
0.462778 0.986775 0.462022 
0.057405 0.006753 0.491768 
0.010269 0.969193 0.010269 0.010269 
0.250000 0.250000 0.250000 0.250000 
 164
0.479817 0.006473 0.046210 
0.462778 0.986775 0.462022 
0.057405 0.006753 0.491768 
0.010269 0.010269 0.969193 0.010269 
0.250000 0.250000 0.250000 0.250000 
 165
0.479817 0.006473 0.046210 
0.462778 0.986775 0.462022 
0.057405 0.006753 0.491768 
0.010269 0.010269 0.012367 0.967095 
0.250000 0.250000 0.250000 0.250000 
 166
0.479817 0.006473 0.046210 
0.462778 0.986775 0.462022 
0.057405 0.006753 0.491768 
0.969193 0.010269 0.010269 0.010269 
0.250000 0.250000 0.250000 0.250000 
 167
0.479817 0.006473 0.046210 
0.462778 0.986775 0.462022 
0.057405 0.006753 0.491768 
0.010269 0.010269 0.969193 0.010269 
0.250000 0.250000 0.250000 0.250000 
 168
0.479817 0.006473 0.046210 
0.462778 0.986775 0.462022 
0.057405 0.006753 0.491768 
0.010269 0.013832 0.015384 0.960515 
0.250000 0.250000 0.250000 0.250000 
 169
0.479817 0.006473 0.046210 
0.462778 0.986775 0.462022 
0.057405 0.006753 0.491768 
0.010269 0.969193 0.010269 0.010269 
0.250000 0.250000 0.250000 0.250000 
 170
0.479817 0.006473 0.046210 
0.462778 0.986775 0.462022 
0.057405 0.006753 0.491768 
0.969193 0.010269 0.010269 0.010269 
0.250000 0.250000 0.250000 0.250000 
 171
0.479817 0.006473 0.046210 
0.462778 0.986775 0.462022 
0.057405 0.006753 0.491768 
0.027765 0.951697 0.010269 0.010269 
0.250000 0.250000 0.250000 0.250000 
 172
0.479817 0.006473 0.046210 
0.462778 0.986775 0.462022 
0.057405 0.006753 0.491768 
0.010269 0.010269 0.969193 0.010269 
0.250000 0.250000 0.250000 0.250000 
 173
0.479817 0.006473 0.046210 
0.462778 0.986775 0.462022 
0.057405 0.006753 0.491768 
0.010269 0.010269 0.010269 0.969193 
0.250000 0.250000 0.250000 0.250000 
 174
0.479817 0.006473 0.046210 
0.462778 0.986775 0.462022 
0.057405 0.006753 0.491768 
0.012826 0.966636 0.010269 0.010269 
0.250000 0.250000 0.250000 0.250000 
 175
0.479817 0.006473 0.046210 
0.462778 0.986775 0.462022 
0.057405 0.006753 0.491768 
0.012050 0.967412 0.010269 0.010269 
0.250000 0.250000 0.250000 0.250000 
 176
0.479817 0.006473 0.046210 
0.462778 0.986775 0.462022 
0.057405 0.006753 0.491768 
0.010269 0.010269 0.010269 0.969193 
0.250000 0.250000 0.250000 0.250000 
 177
0.479817 0.006473 0.046210 
0.462778 0.986775 0.462022 
0.057405 0.006753 0.491768 
0.010269 0.010269 0.011971 0.967491 
0.250000 0.250000 0.250000 0.250000 
 178
0.479817 0.006473 0.046210 
0.462778 0.986775 0.462022 
0.057405 0.006753 0.491768 
0.010269 0.010269 0.969193 0.010269 
0.250000 0.250000 0.250000 0.250000 
 179
0.479817 0.006473 0.046210 
0.462778 0.986775 0.462022 
0.057405 0.006753 0.491768 
0.969193 0.010269 0.010269 0.010269 
0.250000 0.250000 0.250000 0.250000 
 180
0.479817 0.006473 0.046210 
0.462778 0.986775 0.462022 
0.057405 0.006753 0.491768 
0.013051 0.964512 0.010269 0.012168 
0.250000 0.250000 0.250000 0.250000 
 181
0.479817 0.006473 0.046210 
0.462778 0.986775 0.462022 
0.057405 0.006753 0.491768 
0.969193 0.010269 0.010269 0.010269 
0.250000 0.250000 0.250000 0.250000 
 182
0.479817 0.006473 0.046210 
0.462778 0.986775 0.462022 
0.057405 0.006753 0.491768 
0.029275 0.940006 0.012033 0.018686 
0.250000 0.250000 0.250000 0.250000 
 183
0.479817 0.006473 0.046210 
0.462778 0.986775 0.462022 
0.057405 0.006753 0.491768 
0.010269 0.010269 0.014409 0.965053 
0.250000 0.250000 0.250000 0.250000 
 184
0.479817 0.006473 0.046210 
0.462778 0.986775 0.462022 
0.057405 0.006753 0.491768 
0.010269 0.010269 0.010269 0.969193 
0.250000 0.250000 0.250000 0.250000 
 185
0.479817 0.006473 0.046210 
0.462778 0.986775 0.462022 
0.057405 0.006753 0.491768 
0.010269 0.010269 0.965526 0.013936 
0.250000 0.250000 0.250000 0.250000 
 186
0.479817 0.006473 0.046210 
0.462778 0.986775 0.462022 
0.057405 0.006753 0.491768 
0.012086 0.010269 0.962909 0.014736 
0.250000 0.250000 0.250000 0.250000 
 187
0.479817 0.006473 0.046210 
0.462778 0.986775 0.462022 
0.057405 0.006753 0.491768 
0.010269 0.010269 0.010269 0.969193 
0.250000 0.250000 0.250000 0.250000 
 188
0.479817 0.006473 0.046210 
0.462778 0.986775 0.462022 
0.057405 0.006753 0.491768 
0.010269 0.010269 0.967499 0.011963 
0.250000 0.250000 0.250000 0.250000 
 189
0.479817 0.006473 0.046210 
0.462778 0.986775 0.462022 
0.057405 0.006753 0.491768 
0.969193 0.010269 0.010269 0.010269 
0.250000 0.250000 0.250000 0.250000 
 190
0.479817 0.006473 0.046210 
0.462778 0.986775 0.462022 
0.057405 0.006753 0.491768 
0.967010 0.012452 0.010269 0.010269 
0.250000 0.250000 0.250000 0.250000 
 191
0.479817 0.006473 0.046210 
0.462778 0.986775 0.462022 
0.057405 0.006753 0.491768 
0.011906 0.012332 0.965493 0.010269 
0.250000 0.250000 0.250000 0.250000 
 192
0.479817 0.006473 0.046210 
0.462778 0.986775 0.462022 
0.057405 0.006753 0.491768 
0.967003 0.012459 0.010269 0.010269 
0.250000 0.250000 0.250000 0.250000 
 193
0.479817 0.006473 0.046210 
0.462778 0.986775 0.462022 
0.057405 0.006753 0.491768 
0.010269 0.969193 0.010269 0.010269 
0.250000 0.250000 0.250000 0.250000 
 194
0.479817 0.006473 0.046210 
0.462778 0.986775 0.462022 
0.057405 0.006753 0.491768 
0.013530 0.965932 0.010269 0.010269 
0.250000 0.250000 0.250000 0.250000 
 195
0.479817 0.006473 0.046210 
0.462778 0.986775 0.462022 
0.057405 0.006753 0.491768 
0.010269 0.010269 0.010269 0.969193 
0.250000 0.250000 0.250000 0.250000 
 196
0.479817 0.006473 0.046210 
0.462778 0.986775 0.462022 
0.057405 0.006753 0.491768 
0.019547 0.959915 0.010269 0.010269 
0.250000 0.250000 0.250000 0.250000 
 197
0.479817 0.006473 0.046210 
0.462778 0.986775 0.462022 
0.057405 0.006753 0.491768 
0.893672 0.085790 0.010269 0.010269 
0.250000 0.250000 0.250000 0.250000 
 198
0.479817 0.006473 0.046210 
0.462778 0.986775 0.462022 
0.057405 0.006753 0.491768 
0.969193 0.010269 0.010269 0.010269 
0.250000 0.250000 0.250000 0.250000 
 199
0.479817 0.006473 0.046210 
0.462778 0.986775 0.462022 
0.057405 0.006753 0.491768 
0.969193 0.010269 0.010269 0.010269 
0.250000 0.250000 0.250000 0.250000 
 200
0.479817 0.006473 0.046210 
0.462778 0.986775 0.462022 
0.057405 0.006753 0.491768 
0.010269 0.010269 0.010269 0.969193 
0.250000 0.250000 0.250000 0.250000 
 201
0.479817 0.006473 0.046210 
0.462778 0.986775 0.462022 
0.057405 0.006753 0.491768 
0.969193 0.010269 0.010269 0.010269 
0.250000 0.250000 0.250000 0.250000 
 202
0.479817 0.006473 0.046210 
0.462778 0.986775 0.462022 
0.057405 0.006753 0.491768 
0.010269 0.010269 0.010269 0.969193 
0.250000 0.250000 0.250000 0.250000 
 203
0.479817 0.006473 0.046210 
0.462778 0.986775 0.462022 
0.057405 0.006753 0.491768 
0.010269 0.969193 0.010269 0.010269 
0.250000 0.250000 0.250000 0.250000 
 204
0.479817 0.006473 0.046210 
0.462778 0.986775 0.462022 
0.057405 0.006753 0.491768 
0.010269 0.010269 0.964216 0.015246 
0.250000 0.250000 0.250000 0.250000 
 205
0.479817 0.006473 0.046210 
0.462778 0.986775 0.462022 
0.057405 0.006753 0.491768 
0.032838 0.946625 0.010269 0.010269 
0.250000 0.250000 0.250000 0.250000 
 206
0.479817 0.006473 0.046210 
0.462778 0.986775 0.462022 
0.057405 0.006753 0.491768 
0.966595 0.012867 0.010269 0.010269 
0.250000 0.250000 0.250000 0.250000 
 207
0.479817 0.006473 0.046210 
0.462778 0.986775 0.462022 
0.057405 0.006753 0.491768 
0.010269 0.010269 0.969193 0.010269 
0.250000 0.250000 0.250000 0.250000 
 208
0.479817 0.006473 0.046210 
0.462778 0.986775 0.462022 
0.057405 0.006753 0.491768 
0.965290 0.014172 0.010269 0.010269 
0.250000 0.250000 0.250000 0.250000 
 209
0.479817 0.006473 0.046210 
0.462778 0.986775 0.462022 
0.057405 0.006753 0.491768 
0.016689 0.962774 0.010269 0.010269 
0.250000 0.250000 0.250000 0.250000 
 210
0.479817 0.006473 0.046210 
0.462778 0.986775 0.462022 
0.057405 0.006753 0.491768 
0.012228 0.010283 0.018122 0.959367 
0.250000 0.250000 0.250000 0.250000 
 211
0.479817 0.006473 0.046210 
0.462778 0.986775 0.462022 
0.057405 0.006753 0.491768 
0.010269 0.010269 0.969193 0.010269 
0.250000 0.250000 0.250000 0.250000 
 212
0.479817 0.006473 0.046210 
0.462778 0.986775 0.462022 
0.057405 0.006753 0.491768 
0.010269 0.010269 0.969193 0.010269 
0.250000 0.250000 0.250000 0.250000 
 213
0.479817 0.006473 0.046210 
0.462778 0.986775 0.462022 
0.057405 0.006753 0.491768 
0.010269 0.010269 0.014407 0.965055 
0.250000 0.250000 0.250000 0.250000 
 214
0.479817 0.006473 0.046210 
0.462778 0.986775 0.462022 
0.057405 0.006753 0.491768 
0.010269 0.010269 0.959857 0.019605 
0.250000 0.250000 0.250000 0.250000 
 215
0.479817 0.006473 0.046210 
0.462778 0.986775 0.462022 
0.057405 0.006753 0.491768 
0.969193 0.010269 0.010269 0.010269 
0.250000 0.250000 0.250000 0.250000 
 216
0.479817 0.006473 0.046210 
0.462778 0.986775 0.462022 
0.057405 0.006753 0.491768 
0.010269 0.010269 0.010269 0.969193 
0.250000 0.250000 0.250000 0.250000 
 217
0.479817 0.006473 0.046210 
0.462778 0.986775 0.462022 
0.057405 0.006753 0.491768 
0.010269 0.010269 0.969193 0.010269 
0.250000 0.250000 0.250000 0.250000 
 218
0.479817 0.006473 0.046210 
0.462778 0.986775 0.462022 
0.057405 0.006753 0.491768 
0.969193 0.010269 0.010269 0.010269 
0.250000 0.250000 0.250000 0.250000 
 219
0.479817 0.006473 0.046210 
0.462778 0.986775 0.462022 
0.057405 0.006753 0.491768 
0.010269 0.956769 0.010269 0.022693 
0.250000 0.250000 0.250000 0.250000 
 220
0.479817 0.006473 0.046210 
0.462778 0.986775 0.462022 
0.057405 0.006753 0.491768 
0.954127 0.025335 0.010269 0.010269 
0.250000 0.250000 0.250000 0.250000 
 221
0.479817 0.006473 0.046210 
0.462778 0.986775 0.462022 
0.057405 0.006753 0.491768 
0.010269 0.010269 0.010269 0.969193 
0.250000 0.250000 0.250000 0.250000 
 222
0.479817 0.006473 0.046210 
0.462778 0.986775 0.462022 
0.057405 0.006753 0.491768 
0.010269 0.010269 0.967128 0.012335 
0.250000 0.250000 0.250000 0.250000 
 223
0.479817 0.006473 0.046210 
0.462778 0.986775 0.462022 
0.057405 0.006753 0.491768 
0.014514 0.010269 0.964949 0.010269 
0.250000 0.250000 0.250000 0.250000 
 224
0.479817 0.006473 0.046210 
0.462778 0.986775 0.462022 
0.057405 0.006753 0.491768 
0.010269 0.010269 0.010269 0.969193 
0.250000 0.250000 0.250000 0.250000 
 225
0.479817 0.006473 0.046210 
0.462778 0.986775 0.462022 
0.057405 0.006753 0.491768 
0.010269 0.010269 0.013884 0.965578 
0.250000 0.250000 0.250000 0.250000 
 226
0.479817 0.006473 0.046210 
0.462778 0.986775 0.462022 
0.057405 0.006753 0.491768 
0.010269 0.969193 0.010269 0.010269 
0.250000 0.250000 0.250000 0.250000 
 227
0.479817 0.006473 0.046210 
0.462778 0.986775 0.462022 
0.057405 0.006753 0.491768 
0.969193 0.010269 0.010269 0.010269 
0.250000 0.250000 0.250000 0.250000 
 228
0.479817 0.006473 0.046210 
0.462778 0.986775 0.462022 
0.057405 0.006753 0.491768 
0.010269 0.010269 0.010269 0.969193 
0.250000 0.250000 0.250000 0.250000 
 229
0.479817 0.006473 0.046210 
0.462778 0.986775 0.462022 
0.057405 0.006753 0.491768 
0.010269 0.969193 0.010269 0.010269 
0.250000 0.250000 0.250000 0.250000 
 230
0.479817 0.006473 0.046210 
0.462778 0.986775 0.462022 
0.057405 0.006753 0.491768 
0.010269 0.969193 0.010269 0.010269 
0.250000 0.250000 0.250000 0.250000 
 231
0.479817 0.006473 0.046210 
0.462778 0.986775 0.462022 
0.057405 0.006753 0.491768 
0.967214 0.012248 0.010269 0.010269 
0.250000 0.250000 0.250000 0.250000 
 232
0.479817 0.006473 0.046210 
0.462778 0.986775 0.462022 
0.057405 0.006753 0.491768 
0.018020 0.961442 0.010269 0.010269 
0.250000 0.250000 0.250000 0.250000 
 233
0.479817 0.006473 0.046210 
0.462778 0.986775 0.462022 
0.057405 0.006753 0.491768 
0.967507 0.011956 0.010269 0.010269 
0.250000 0.250000 0.250000 0.250000 
 234
