%  SAM: /scicomp/home/yfa9/CDC_projects/Mol_genetic_analysis/Nomenclature/H1_Nomenclature/All_plus_Ref_v5/v_2/label/LABEL_RES/scripts/modelfromalign_Linux v3.5 (July 15, 2005) compiled 12/08/06_16:15:55
%  (c) 1992-2001 Regents of the University of California, Santa Cruz
%
%          Sequence Alignment and Modeling Software System
%         http://www.cse.ucsc.edu/research/compbio/sam.html
%
% ----------------- Citations (SAM, SAM-T2K, HMMs) --------------------
% R. Hughey, A. Krogh, Hidden Markov models for sequence analysis:
%  Extension and analysis of the basic method, CABIOS 12:95-107, 1996.
% K. Karplus, et al., What is the value added by human intervention in protein
%  structure prediction, Proteins: Stucture, Function, Genetics 45(S5):86--91, 2001.
% A. Krogh et al., Hidden Markov models in computational biology:
%  Applications to protein modeling, JMB 235:1501-1531, Feb 1994.
% ---------------------------------------------------------------------
%  6_6like_hmm   Host: node8.aspen.biotech.cdc.gov    Tue Jun 28 08:20:50 2016
%  yfa9          Dir:  /scicomp/home/yfa9/CDC_projects/Mol_genetic_analysis/Nomenclature/H1_Nomenclature/All_plus_Ref_v5/v_2/Step4/From_Clustering_v2/H1Pdm009_v1/c-8-7-6-5-Old/c-6A-6_6like
% ---------------------------------------------------------------------
%  Alignment weights from internal calc.  Total (28.48) Max (0.13) Min (0.03)
%  Weights from alignment method 1 (karplus), b=-1.000000, e=0.500000
MODEL --  Model from alignment file /scicomp/home/yfa9/CDC_projects/Mol_genetic_analysis/Nomenclature/H1_Nomenclature/All_plus_Ref_v5/v_2/label/LABEL_RES/training_data/H1v2016_1/c-8-7-6-5-Old/c-6A-6_6like/6_6like.fasta
alphabet DNA
FREQAVE
0.000000 0.000000 0.000000 
0.000000 0.000000 0.000000 
0.000000 0.000000 0.000000 
0.353004 0.221639 0.186030 0.239327 
0.353004 0.221639 0.186030 0.239327 
Begin
0.000000 0.000000 0.000000 
0.000000 0.000000 0.000000 
0.000000 0.005974 0.491768 
0.250000 0.250000 0.250000 0.250000 
0.250000 0.250000 0.250000 0.250000 
   1
0.000000 0.005726 0.046210 
0.000000 0.988299 0.462022 
0.057405 0.005974 0.491768 
0.974557 0.008481 0.008481 0.008481 
0.250000 0.250000 0.250000 0.250000 
   2
0.479817 0.005726 0.046210 
0.462778 0.988299 0.462022 
0.057405 0.005974 0.491768 
0.008481 0.008481 0.008481 0.974557 
0.250000 0.250000 0.250000 0.250000 
   3
0.479817 0.005726 0.046210 
0.462778 0.988299 0.462022 
0.057405 0.005974 0.491768 
0.008481 0.974557 0.008481 0.008481 
0.250000 0.250000 0.250000 0.250000 
   4
0.479817 0.005726 0.046210 
0.462778 0.988299 0.462022 
0.057405 0.005974 0.491768 
0.970731 0.012307 0.008481 0.008481 
0.250000 0.250000 0.250000 0.250000 
   5
0.479817 0.005726 0.046210 
0.462778 0.988299 0.462022 
0.057405 0.005974 0.491768 
0.972287 0.008481 0.010751 0.008481 
0.250000 0.250000 0.250000 0.250000 
   6
0.479817 0.005726 0.046210 
0.462778 0.988299 0.462022 
0.057405 0.005974 0.491768 
0.008481 0.974557 0.008481 0.008481 
0.250000 0.250000 0.250000 0.250000 
   7
0.479817 0.005726 0.046210 
0.462778 0.988299 0.462022 
0.057405 0.005974 0.491768 
0.008481 0.974557 0.008481 0.008481 
0.250000 0.250000 0.250000 0.250000 
   8
0.479817 0.005726 0.046210 
0.462778 0.988299 0.462022 
0.057405 0.005974 0.491768 
0.008481 0.008481 0.967645 0.015394 
0.250000 0.250000 0.250000 0.250000 
   9
0.479817 0.005726 0.046210 
0.462778 0.988299 0.462022 
0.057405 0.005974 0.491768 
0.971506 0.010113 0.009900 0.008481 
0.250000 0.250000 0.250000 0.250000 
  10
0.479817 0.005726 0.046210 
0.462778 0.988299 0.462022 
0.057405 0.005974 0.491768 
0.974557 0.008481 0.008481 0.008481 
0.250000 0.250000 0.250000 0.250000 
  11
0.479817 0.005726 0.046210 
0.462778 0.988299 0.462022 
0.057405 0.005974 0.491768 
0.008481 0.008481 0.009664 0.973374 
0.250000 0.250000 0.250000 0.250000 
  12
0.479817 0.005726 0.046210 
0.462778 0.988299 0.462022 
0.057405 0.005974 0.491768 
0.974557 0.008481 0.008481 0.008481 
0.250000 0.250000 0.250000 0.250000 
  13
0.479817 0.005726 0.046210 
0.462778 0.988299 0.462022 
0.057405 0.005974 0.491768 
0.008481 0.008481 0.972712 0.010327 
0.250000 0.250000 0.250000 0.250000 
  14
0.479817 0.005726 0.046210 
0.462778 0.988299 0.462022 
0.057405 0.005974 0.491768 
0.008481 0.008481 0.009978 0.973060 
0.250000 0.250000 0.250000 0.250000 
  15
0.479817 0.005726 0.046210 
0.462778 0.988299 0.462022 
0.057405 0.005974 0.491768 
0.972196 0.010842 0.008481 0.008481 
0.250000 0.250000 0.250000 0.250000 
  16
0.479817 0.005726 0.046210 
0.462778 0.988299 0.462022 
0.057405 0.005974 0.491768 
0.009924 0.973114 0.008481 0.008481 
0.250000 0.250000 0.250000 0.250000 
  17
0.479817 0.005726 0.046210 
0.462778 0.988299 0.462022 
0.057405 0.005974 0.491768 
0.008481 0.008481 0.046371 0.936667 
0.250000 0.250000 0.250000 0.250000 
  18
0.479817 0.005726 0.046210 
0.462778 0.988299 0.462022 
0.057405 0.005974 0.491768 
0.974557 0.008481 0.008481 0.008481 
0.250000 0.250000 0.250000 0.250000 
  19
0.479817 0.005726 0.046210 
0.462778 0.988299 0.462022 
0.057405 0.005974 0.491768 
0.012023 0.971015 0.008481 0.008481 
0.250000 0.250000 0.250000 0.250000 
  20
0.479817 0.005726 0.046210 
0.462778 0.988299 0.462022 
0.057405 0.005974 0.491768 
0.008481 0.008481 0.010327 0.972712 
0.250000 0.250000 0.250000 0.250000 
  21
0.479817 0.005726 0.046210 
0.462778 0.988299 0.462022 
0.057405 0.005974 0.491768 
0.008481 0.011271 0.018133 0.962115 
0.250000 0.250000 0.250000 0.250000 
  22
0.479817 0.005726 0.046210 
0.462778 0.988299 0.462022 
0.057405 0.005974 0.491768 
0.009918 0.008481 0.967580 0.014020 
0.250000 0.250000 0.250000 0.250000 
  23
0.479817 0.005726 0.046210 
0.462778 0.988299 0.462022 
0.057405 0.005974 0.491768 
0.008481 0.008481 0.008481 0.974557 
0.250000 0.250000 0.250000 0.250000 
  24
0.479817 0.005726 0.046210 
0.462778 0.988299 0.462022 
0.057405 0.005974 0.491768 
0.015101 0.961906 0.008481 0.014512 
0.250000 0.250000 0.250000 0.250000 
  25
0.479817 0.005726 0.046210 
0.462778 0.988299 0.462022 
0.057405 0.005974 0.491768 
0.008481 0.009948 0.973091 0.008481 
0.250000 0.250000 0.250000 0.250000 
  26
0.479817 0.005726 0.046210 
0.462778 0.988299 0.462022 
0.057405 0.005974 0.491768 
0.008481 0.008481 0.008481 0.974557 
0.250000 0.250000 0.250000 0.250000 
  27
0.479817 0.005726 0.046210 
0.462778 0.988299 0.462022 
0.057405 0.005974 0.491768 
0.974557 0.008481 0.008481 0.008481 
0.250000 0.250000 0.250000 0.250000 
  28
0.479817 0.005726 0.046210 
0.462778 0.988299 0.462022 
0.057405 0.005974 0.491768 
0.008481 0.008481 0.011060 0.971978 
0.250000 0.250000 0.250000 0.250000 
  29
0.479817 0.005726 0.046210 
0.462778 0.988299 0.462022 
0.057405 0.005974 0.491768 
0.958269 0.014601 0.008481 0.018649 
0.250000 0.250000 0.250000 0.250000 
  30
0.479817 0.005726 0.046210 
0.462778 0.988299 0.462022 
0.057405 0.005974 0.491768 
0.008481 0.008481 0.016638 0.966401 
0.250000 0.250000 0.250000 0.250000 
  31
0.479817 0.005726 0.046210 
0.462778 0.988299 0.462022 
0.057405 0.005974 0.491768 
0.974557 0.008481 0.008481 0.008481 
0.250000 0.250000 0.250000 0.250000 
  32
0.479817 0.005726 0.046210 
0.462778 0.988299 0.462022 
0.057405 0.005974 0.491768 
0.008481 0.008481 0.974557 0.008481 
0.250000 0.250000 0.250000 0.250000 
  33
0.479817 0.005726 0.046210 
0.462778 0.988299 0.462022 
0.057405 0.005974 0.491768 
0.973278 0.009760 0.008481 0.008481 
0.250000 0.250000 0.250000 0.250000 
  34
0.479817 0.005726 0.046210 
0.462778 0.988299 0.462022 
0.057405 0.005974 0.491768 
0.011460 0.010319 0.011098 0.967122 
0.250000 0.250000 0.250000 0.250000 
  35
0.479817 0.005726 0.046210 
0.462778 0.988299 0.462022 
0.057405 0.005974 0.491768 
0.008481 0.009689 0.009698 0.972132 
0.250000 0.250000 0.250000 0.250000 
  36
0.479817 0.005726 0.046210 
0.462778 0.988299 0.462022 
0.057405 0.005974 0.491768 
0.008481 0.008481 0.012645 0.970393 
0.250000 0.250000 0.250000 0.250000 
  37
0.479817 0.005726 0.046210 
0.462778 0.988299 0.462022 
0.057405 0.005974 0.491768 
0.021836 0.961202 0.008481 0.008481 
0.250000 0.250000 0.250000 0.250000 
  38
0.479817 0.005726 0.046210 
0.462778 0.988299 0.462022 
0.057405 0.005974 0.491768 
0.008489 0.010437 0.969457 0.011617 
0.250000 0.250000 0.250000 0.250000 
  39
0.479817 0.005726 0.046210 
0.462778 0.988299 0.462022 
0.057405 0.005974 0.491768 
0.974557 0.008481 0.008481 0.008481 
0.250000 0.250000 0.250000 0.250000 
  40
0.479817 0.005726 0.046210 
0.462778 0.988299 0.462022 
0.057405 0.005974 0.491768 
0.942860 0.040178 0.008481 0.008481 
0.250000 0.250000 0.250000 0.250000 
  41
0.479817 0.005726 0.046210 
0.462778 0.988299 0.462022 
0.057405 0.005974 0.491768 
0.008481 0.008481 0.953629 0.029409 
0.250000 0.250000 0.250000 0.250000 
  42
0.479817 0.005726 0.046210 
0.462778 0.988299 0.462022 
0.057405 0.005974 0.491768 
0.010319 0.008481 0.964697 0.016503 
0.250000 0.250000 0.250000 0.250000 
  43
0.479817 0.005726 0.046210 
0.462778 0.988299 0.462022 
0.057405 0.005974 0.491768 
0.014791 0.968247 0.008481 0.008481 
0.250000 0.250000 0.250000 0.250000 
  44
0.479817 0.005726 0.046210 
0.462778 0.988299 0.462022 
0.057405 0.005974 0.491768 
0.008481 0.008481 0.973083 0.009956 
0.250000 0.250000 0.250000 0.250000 
  45
0.479817 0.005726 0.046210 
0.462778 0.988299 0.462022 
0.057405 0.005974 0.491768 
0.970830 0.008481 0.012208 0.008481 
0.250000 0.250000 0.250000 0.250000 
  46
0.479817 0.005726 0.046210 
0.462778 0.988299 0.462022 
0.057405 0.005974 0.491768 
0.972043 0.009725 0.008481 0.009752 
0.250000 0.250000 0.250000 0.250000 
  47
0.479817 0.005726 0.046210 
0.462778 0.988299 0.462022 
0.057405 0.005974 0.491768 
0.966962 0.014925 0.009632 0.008481 
0.250000 0.250000 0.250000 0.250000 
  48
0.479817 0.005726 0.046210 
0.462778 0.988299 0.462022 
0.057405 0.005974 0.491768 
0.012934 0.008481 0.011320 0.967265 
0.250000 0.250000 0.250000 0.250000 
  49
0.479817 0.005726 0.046210 
0.462778 0.988299 0.462022 
0.057405 0.005974 0.491768 
0.012641 0.970397 0.008481 0.008481 
0.250000 0.250000 0.250000 0.250000 
  50
0.479817 0.005726 0.046210 
0.462778 0.988299 0.462022 
0.057405 0.005974 0.491768 
0.008481 0.008481 0.974557 0.008481 
0.250000 0.250000 0.250000 0.250000 
  51
0.479817 0.005726 0.046210 
0.462778 0.988299 0.462022 
0.057405 0.005974 0.491768 
0.971549 0.008481 0.011489 0.008481 
0.250000 0.250000 0.250000 0.250000 
  52
0.479817 0.005726 0.046210 
0.462778 0.988299 0.462022 
0.057405 0.005974 0.491768 
0.008481 0.974557 0.008481 0.008481 
0.250000 0.250000 0.250000 0.250000 
  53
0.479817 0.005726 0.046210 
0.462778 0.988299 0.462022 
0.057405 0.005974 0.491768 
0.974557 0.008481 0.008481 0.008481 
0.250000 0.250000 0.250000 0.250000 
  54
0.479817 0.005726 0.046210 
0.462778 0.988299 0.462022 
0.057405 0.005974 0.491768 
0.008481 0.008481 0.969488 0.013550 
0.250000 0.250000 0.250000 0.250000 
  55
0.479817 0.005726 0.046210 
0.462778 0.988299 0.462022 
0.057405 0.005974 0.491768 
0.974557 0.008481 0.008481 0.008481 
0.250000 0.250000 0.250000 0.250000 
  56
0.479817 0.005726 0.046210 
0.462778 0.988299 0.462022 
0.057405 0.005974 0.491768 
0.008481 0.008481 0.974557 0.008481 
0.250000 0.250000 0.250000 0.250000 
  57
0.479817 0.005726 0.046210 
0.462778 0.988299 0.462022 
0.057405 0.005974 0.491768 
0.974557 0.008481 0.008481 0.008481 
0.250000 0.250000 0.250000 0.250000 
  58
0.479817 0.005726 0.046210 
0.462778 0.988299 0.462022 
0.057405 0.005974 0.491768 
0.008481 0.008481 0.012739 0.970299 
0.250000 0.250000 0.250000 0.250000 
  59
0.479817 0.005726 0.046210 
0.462778 0.988299 0.462022 
0.057405 0.005974 0.491768 
0.008481 0.008481 0.008481 0.974557 
0.250000 0.250000 0.250000 0.250000 
  60
0.479817 0.005726 0.046210 
0.462778 0.988299 0.462022 
0.057405 0.005974 0.491768 
0.902818 0.080221 0.008481 0.008481 
0.250000 0.250000 0.250000 0.250000 
  61
0.479817 0.005726 0.046210 
0.462778 0.988299 0.462022 
0.057405 0.005974 0.491768 
0.008481 0.008481 0.008481 0.974557 
0.250000 0.250000 0.250000 0.250000 
  62
0.479817 0.005726 0.046210 
0.462778 0.988299 0.462022 
0.057405 0.005974 0.491768 
0.008481 0.974557 0.008481 0.008481 
0.250000 0.250000 0.250000 0.250000 
  63
0.479817 0.005726 0.046210 
0.462778 0.988299 0.462022 
0.057405 0.005974 0.491768 
0.008481 0.008481 0.012000 0.971038 
0.250000 0.250000 0.250000 0.250000 
  64
0.479817 0.005726 0.046210 
0.462778 0.988299 0.462022 
0.057405 0.005974 0.491768 
0.974557 0.008481 0.008481 0.008481 
0.250000 0.250000 0.250000 0.250000 
  65
0.479817 0.005726 0.046210 
0.462778 0.988299 0.462022 
0.057405 0.005974 0.491768 
0.008481 0.008481 0.010487 0.972551 
0.250000 0.250000 0.250000 0.250000 
  66
0.479817 0.005726 0.046210 
0.462778 0.988299 0.462022 
0.057405 0.005974 0.491768 
0.971957 0.008481 0.011081 0.008481 
0.250000 0.250000 0.250000 0.250000 
  67
0.479817 0.005726 0.046210 
0.462778 0.988299 0.462022 
0.057405 0.005974 0.491768 
0.008481 0.974557 0.008481 0.008481 
0.250000 0.250000 0.250000 0.250000 
  68
0.479817 0.005726 0.046210 
0.462778 0.988299 0.462022 
0.057405 0.005974 0.491768 
0.008481 0.974557 0.008481 0.008481 
0.250000 0.250000 0.250000 0.250000 
  69
0.479817 0.005726 0.046210 
0.462778 0.988299 0.462022 
0.057405 0.005974 0.491768 
0.008481 0.009783 0.008481 0.973255 
0.250000 0.250000 0.250000 0.250000 
  70
0.479817 0.005726 0.046210 
0.462778 0.988299 0.462022 
0.057405 0.005974 0.491768 
0.008481 0.008481 0.011767 0.971272 
0.250000 0.250000 0.250000 0.250000 
  71
0.479817 0.005726 0.046210 
0.462778 0.988299 0.462022 
0.057405 0.005974 0.491768 
0.972580 0.008481 0.008481 0.010458 
0.250000 0.250000 0.250000 0.250000 
  72
0.479817 0.005726 0.046210 
0.462778 0.988299 0.462022 
0.057405 0.005974 0.491768 
0.008481 0.008481 0.016125 0.966913 
0.250000 0.250000 0.250000 0.250000 
  73
0.479817 0.005726 0.046210 
0.462778 0.988299 0.462022 
0.057405 0.005974 0.491768 
0.008481 0.008481 0.974557 0.008481 
0.250000 0.250000 0.250000 0.250000 
  74
0.479817 0.005726 0.046210 
0.462778 0.988299 0.462022 
0.057405 0.005974 0.491768 
0.974557 0.008481 0.008481 0.008481 
0.250000 0.250000 0.250000 0.250000 
  75
0.479817 0.005726 0.046210 
0.462778 0.988299 0.462022 
0.057405 0.005974 0.491768 
0.008481 0.008481 0.009956 0.973082 
0.250000 0.250000 0.250000 0.250000 
  76
0.479817 0.005726 0.046210 
0.462778 0.988299 0.462022 
0.057405 0.005974 0.491768 
0.010073 0.972965 0.008481 0.008481 
0.250000 0.250000 0.250000 0.250000 
  77
0.479817 0.005726 0.046210 
0.462778 0.988299 0.462022 
0.057405 0.005974 0.491768 
0.008489 0.009579 0.972346 0.009586 
0.250000 0.250000 0.250000 0.250000 
  78
0.479817 0.005726 0.046210 
0.462778 0.988299 0.462022 
0.057405 0.005974 0.491768 
0.023059 0.959979 0.008481 0.008481 
0.250000 0.250000 0.250000 0.250000 
  79
0.479817 0.005726 0.046210 
0.462778 0.988299 0.462022 
0.057405 0.005974 0.491768 
0.973297 0.009741 0.008481 0.008481 
0.250000 0.250000 0.250000 0.250000 
  80
0.479817 0.005726 0.046210 
0.462778 0.988299 0.462022 
0.057405 0.005974 0.491768 
0.974557 0.008481 0.008481 0.008481 
0.250000 0.250000 0.250000 0.250000 
  81
0.479817 0.005726 0.046210 
0.462778 0.988299 0.462022 
0.057405 0.005974 0.491768 
0.008481 0.008481 0.972641 0.010398 
0.250000 0.250000 0.250000 0.250000 
  82
0.479817 0.005726 0.046210 
0.462778 0.988299 0.462022 
0.057405 0.005974 0.491768 
0.974557 0.008481 0.008481 0.008481 
0.250000 0.250000 0.250000 0.250000 
  83
0.479817 0.005726 0.046210 
0.462778 0.988299 0.462022 
0.057405 0.005974 0.491768 
0.974557 0.008481 0.008481 0.008481 
0.250000 0.250000 0.250000 0.250000 
  84
0.479817 0.005726 0.046210 
0.462778 0.988299 0.462022 
0.057405 0.005974 0.491768 
0.008481 0.008481 0.012372 0.970666 
0.250000 0.250000 0.250000 0.250000 
  85
0.479817 0.005726 0.046210 
0.462778 0.988299 0.462022 
0.057405 0.005974 0.491768 
0.008481 0.008481 0.008481 0.974557 
0.250000 0.250000 0.250000 0.250000 
  86
0.479817 0.005726 0.046210 
0.462778 0.988299 0.462022 
0.057405 0.005974 0.491768 
0.008481 0.008481 0.974557 0.008481 
0.250000 0.250000 0.250000 0.250000 
  87
0.479817 0.005726 0.046210 
0.462778 0.988299 0.462022 
0.057405 0.005974 0.491768 
0.973342 0.009696 0.008481 0.008481 
0.250000 0.250000 0.250000 0.250000 
  88
0.479817 0.005726 0.046210 
0.462778 0.988299 0.462022 
0.057405 0.005974 0.491768 
0.974557 0.008481 0.008481 0.008481 
0.250000 0.250000 0.250000 0.250000 
  89
0.479817 0.005726 0.046210 
0.462778 0.988299 0.462022 
0.057405 0.005974 0.491768 
0.008481 0.008481 0.974557 0.008481 
0.250000 0.250000 0.250000 0.250000 
  90
0.479817 0.005726 0.046210 
0.462778 0.988299 0.462022 
0.057405 0.005974 0.491768 
0.974557 0.008481 0.008481 0.008481 
0.250000 0.250000 0.250000 0.250000 
  91
0.479817 0.005726 0.046210 
0.462778 0.988299 0.462022 
0.057405 0.005974 0.491768 
0.014998 0.968040 0.008481 0.008481 
0.250000 0.250000 0.250000 0.250000 
  92
0.479817 0.005726 0.046210 
0.462778 0.988299 0.462022 
0.057405 0.005974 0.491768 
0.973242 0.009796 0.008481 0.008481 
0.250000 0.250000 0.250000 0.250000 
  93
0.479817 0.005726 0.046210 
0.462778 0.988299 0.462022 
0.057405 0.005974 0.491768 
0.008481 0.008481 0.974557 0.008481 
0.250000 0.250000 0.250000 0.250000 
  94
0.479817 0.005726 0.046210 
0.462778 0.988299 0.462022 
0.057405 0.005974 0.491768 
0.974557 0.008481 0.008481 0.008481 
0.250000 0.250000 0.250000 0.250000 
  95
0.479817 0.005726 0.046210 
0.462778 0.988299 0.462022 
0.057405 0.005974 0.491768 
0.008481 0.008481 0.974557 0.008481 
0.250000 0.250000 0.250000 0.250000 
  96
0.479817 0.005726 0.046210 
0.462778 0.988299 0.462022 
0.057405 0.005974 0.491768 
0.009743 0.008481 0.009604 0.972172 
0.250000 0.250000 0.250000 0.250000 
  97
0.479817 0.005726 0.046210 
0.462778 0.988299 0.462022 
0.057405 0.005974 0.491768 
0.008481 0.974557 0.008481 0.008481 
0.250000 0.250000 0.250000 0.250000 
  98
0.479817 0.005726 0.046210 
0.462778 0.988299 0.462022 
0.057405 0.005974 0.491768 
0.008481 0.009939 0.008481 0.973099 
0.250000 0.250000 0.250000 0.250000 
  99
0.479817 0.005726 0.046210 
0.462778 0.988299 0.462022 
0.057405 0.005974 0.491768 
0.967265 0.015756 0.008490 0.008490 
0.250000 0.250000 0.250000 0.250000 
 100
0.479817 0.005726 0.046210 
0.462778 0.988299 0.462022 
0.057405 0.005974 0.491768 
0.008481 0.974557 0.008481 0.008481 
0.250000 0.250000 0.250000 0.250000 
 101
0.479817 0.005726 0.046210 
0.462778 0.988299 0.462022 
0.057405 0.005974 0.491768 
0.974557 0.008481 0.008481 0.008481 
0.250000 0.250000 0.250000 0.250000 
 102
0.479817 0.005726 0.046210 
0.462778 0.988299 0.462022 
0.057405 0.005974 0.491768 
0.008481 0.008481 0.974557 0.008481 
0.250000 0.250000 0.250000 0.250000 
 103
0.479817 0.005726 0.046210 
0.462778 0.988299 0.462022 
0.057405 0.005974 0.491768 
0.974557 0.008481 0.008481 0.008481 
0.250000 0.250000 0.250000 0.250000 
 104
0.479817 0.005726 0.046210 
0.462778 0.988299 0.462022 
0.057405 0.005974 0.491768 
0.008481 0.008481 0.974557 0.008481 
0.250000 0.250000 0.250000 0.250000 
 105
0.479817 0.005726 0.046210 
0.462778 0.988299 0.462022 
0.057405 0.005974 0.491768 
0.968599 0.013178 0.009742 0.008481 
0.250000 0.250000 0.250000 0.250000 
 106
0.479817 0.005726 0.046210 
0.462778 0.988299 0.462022 
0.057405 0.005974 0.491768 
0.009666 0.973372 0.008481 0.008481 
0.250000 0.250000 0.250000 0.250000 
 107
0.479817 0.005726 0.046210 
0.462778 0.988299 0.462022 
0.057405 0.005974 0.491768 
0.010891 0.008481 0.008481 0.972147 
0.250000 0.250000 0.250000 0.250000 
 108
0.479817 0.005726 0.046210 
0.462778 0.988299 0.462022 
0.057405 0.005974 0.491768 
0.966892 0.012982 0.008481 0.011645 
0.250000 0.250000 0.250000 0.250000 
 109
0.479817 0.005726 0.046210 
0.462778 0.988299 0.462022 
0.057405 0.005974 0.491768 
0.010168 0.008481 0.972870 0.008481 
0.250000 0.250000 0.250000 0.250000 
 110
0.479817 0.005726 0.046210 
0.462778 0.988299 0.462022 
0.057405 0.005974 0.491768 
0.008481 0.008481 0.008481 0.974557 
0.250000 0.250000 0.250000 0.250000 
 111
0.479817 0.005726 0.046210 
0.462778 0.988299 0.462022 
0.057405 0.005974 0.491768 
0.971331 0.011707 0.008481 0.008481 
0.250000 0.250000 0.250000 0.250000 
 112
0.479817 0.005726 0.046210 
0.462778 0.988299 0.462022 
0.057405 0.005974 0.491768 
0.008481 0.974557 0.008481 0.008481 
0.250000 0.250000 0.250000 0.250000 
 113
0.479817 0.005726 0.046210 
0.462778 0.988299 0.462022 
0.057405 0.005974 0.491768 
0.974557 0.008481 0.008481 0.008481 
0.250000 0.250000 0.250000 0.250000 
 114
0.479817 0.005726 0.046210 
0.462778 0.988299 0.462022 
0.057405 0.005974 0.491768 
0.930365 0.052673 0.008481 0.008481 
0.250000 0.250000 0.250000 0.250000 
 115
0.479817 0.005726 0.046210 
0.462778 0.988299 0.462022 
0.057405 0.005974 0.491768 
0.974557 0.008481 0.008481 0.008481 
0.250000 0.250000 0.250000 0.250000 
 116
0.479817 0.005726 0.046210 
0.462778 0.988299 0.462022 
0.057405 0.005974 0.491768 
0.971254 0.011784 0.008481 0.008481 
0.250000 0.250000 0.250000 0.250000 
 117
0.479817 0.005726 0.046210 
0.462778 0.988299 0.462022 
0.057405 0.005974 0.491768 
0.011081 0.971957 0.008481 0.008481 
0.250000 0.250000 0.250000 0.250000 
 118
0.479817 0.005726 0.046210 
0.462778 0.988299 0.462022 
0.057405 0.005974 0.491768 
0.974557 0.008481 0.008481 0.008481 
0.250000 0.250000 0.250000 0.250000 
 119
0.479817 0.005726 0.046210 
0.462778 0.988299 0.462022 
0.057405 0.005974 0.491768 
0.974557 0.008481 0.008481 0.008481 
0.250000 0.250000 0.250000 0.250000 
 120
0.479817 0.005726 0.046210 
0.462778 0.988299 0.462022 
0.057405 0.005974 0.491768 
0.008481 0.008481 0.008481 0.974557 
0.250000 0.250000 0.250000 0.250000 
 121
0.479817 0.005726 0.046210 
0.462778 0.988299 0.462022 
0.057405 0.005974 0.491768 
0.008481 0.973265 0.008481 0.009773 
0.250000 0.250000 0.250000 0.250000 
 122
0.479817 0.005726 0.046210 
0.462778 0.988299 0.462022 
0.057405 0.005974 0.491768 
0.008481 0.008481 0.008481 0.974557 
0.250000 0.250000 0.250000 0.250000 
 123
0.479817 0.005726 0.046210 
0.462778 0.988299 0.462022 
0.057405 0.005974 0.491768 
0.974557 0.008481 0.008481 0.008481 
0.250000 0.250000 0.250000 0.250000 
 124
0.479817 0.005726 0.046210 
0.462778 0.988299 0.462022 
0.057405 0.005974 0.491768 
0.974557 0.008481 0.008481 0.008481 
0.250000 0.250000 0.250000 0.250000 
 125
0.479817 0.005726 0.046210 
0.462778 0.988299 0.462022 
0.057405 0.005974 0.491768 
0.008481 0.008481 0.974557 0.008481 
0.250000 0.250000 0.250000 0.250000 
 126
0.479817 0.005726 0.046210 
0.462778 0.988299 0.462022 
0.057405 0.005974 0.491768 
0.974557 0.008481 0.008481 0.008481 
0.250000 0.250000 0.250000 0.250000 
 127
0.479817 0.005726 0.046210 
0.462778 0.988299 0.462022 
0.057405 0.005974 0.491768 
0.008481 0.974557 0.008481 0.008481 
0.250000 0.250000 0.250000 0.250000 
 128
0.479817 0.005726 0.046210 
0.462778 0.988299 0.462022 
0.057405 0.005974 0.491768 
0.008481 0.008481 0.008481 0.974557 
0.250000 0.250000 0.250000 0.250000 
 129
0.479817 0.005726 0.046210 
0.462778 0.988299 0.462022 
0.057405 0.005974 0.491768 
0.974557 0.008481 0.008481 0.008481 
0.250000 0.250000 0.250000 0.250000 
 130
0.479817 0.005726 0.046210 
0.462778 0.988299 0.462022 
0.057405 0.005974 0.491768 
0.974557 0.008481 0.008481 0.008481 
0.250000 0.250000 0.250000 0.250000 
 131
0.479817 0.005726 0.046210 
0.462778 0.988299 0.462022 
0.057405 0.005974 0.491768 
0.008481 0.008481 0.974557 0.008481 
0.250000 0.250000 0.250000 0.250000 
 132
0.479817 0.005726 0.046210 
0.462778 0.988299 0.462022 
0.057405 0.005974 0.491768 
0.974557 0.008481 0.008481 0.008481 
0.250000 0.250000 0.250000 0.250000 
 133
0.479817 0.005726 0.046210 
0.462778 0.988299 0.462022 
0.057405 0.005974 0.491768 
0.008481 0.008481 0.974557 0.008481 
0.250000 0.250000 0.250000 0.250000 
 134
0.479817 0.005726 0.046210 
0.462778 0.988299 0.462022 
0.057405 0.005974 0.491768 
0.974557 0.008481 0.008481 0.008481 
0.250000 0.250000 0.250000 0.250000 
 135
0.479817 0.005726 0.046210 
0.462778 0.988299 0.462022 
0.057405 0.005974 0.491768 
0.008481 0.008481 0.969378 0.013660 
0.250000 0.250000 0.250000 0.250000 
 136
0.479817 0.005726 0.046210 
0.462778 0.988299 0.462022 
0.057405 0.005974 0.491768 
0.008481 0.009664 0.008481 0.973375 
0.250000 0.250000 0.250000 0.250000 
 137
0.479817 0.005726 0.046210 
0.462778 0.988299 0.462022 
0.057405 0.005974 0.491768 
0.008481 0.008481 0.974557 0.008481 
0.250000 0.250000 0.250000 0.250000 
 138
0.479817 0.005726 0.046210 
0.462778 0.988299 0.462022 
0.057405 0.005974 0.491768 
0.009601 0.008481 0.022026 0.959892 
0.250000 0.250000 0.250000 0.250000 
 139
0.479817 0.005726 0.046210 
0.462778 0.988299 0.462022 
0.057405 0.005974 0.491768 
0.009918 0.973100 0.008491 0.008491 
0.250000 0.250000 0.250000 0.250000 
 140
0.479817 0.005726 0.046210 
0.462778 0.988299 0.462022 
0.057405 0.005974 0.491768 
0.008481 0.008481 0.008481 0.974557 
0.250000 0.250000 0.250000 0.250000 
 141
0.479817 0.005726 0.046210 
0.462778 0.988299 0.462022 
0.057405 0.005974 0.491768 
0.008481 0.010267 0.012053 0.969199 
0.250000 0.250000 0.250000 0.250000 
 142
0.479817 0.005726 0.046210 
0.462778 0.988299 0.462022 
0.057405 0.005974 0.491768 
0.964805 0.018233 0.008481 0.008481 
0.250000 0.250000 0.250000 0.250000 
 143
0.479817 0.005726 0.046210 
0.462778 0.988299 0.462022 
0.057405 0.005974 0.491768 
0.974557 0.008481 0.008481 0.008481 
0.250000 0.250000 0.250000 0.250000 
 144
0.479817 0.005726 0.046210 
0.462778 0.988299 0.462022 
0.057405 0.005974 0.491768 
0.008481 0.008481 0.970649 0.012389 
0.250000 0.250000 0.250000 0.250000 
 145
0.479817 0.005726 0.046210 
0.462778 0.988299 0.462022 
0.057405 0.005974 0.491768 
0.008481 0.008481 0.974557 0.008481 
0.250000 0.250000 0.250000 0.250000 
 146
0.479817 0.005726 0.046210 
0.462778 0.988299 0.462022 
0.057405 0.005974 0.491768 
0.008481 0.008481 0.008481 0.974557 
0.250000 0.250000 0.250000 0.250000 
 147
0.479817 0.005726 0.046210 
0.462778 0.988299 0.462022 
0.057405 0.005974 0.491768 
0.008481 0.008481 0.008481 0.974557 
0.250000 0.250000 0.250000 0.250000 
 148
0.479817 0.005726 0.046210 
0.462778 0.988299 0.462022 
0.057405 0.005974 0.491768 
0.008481 0.008481 0.973059 0.009979 
0.250000 0.250000 0.250000 0.250000 
 149
0.479817 0.005726 0.046210 
0.462778 0.988299 0.462022 
0.057405 0.005974 0.491768 
0.008481 0.008481 0.008481 0.974557 
0.250000 0.250000 0.250000 0.250000 
 150
0.479817 0.005726 0.046210 
0.462778 0.988299 0.462022 
0.057405 0.005974 0.491768 
0.971390 0.008481 0.011648 0.008481 
0.250000 0.250000 0.250000 0.250000 
 151
0.479817 0.005726 0.046210 
0.462778 0.988299 0.462022 
0.057405 0.005974 0.491768 
0.008481 0.974557 0.008481 0.008481 
0.250000 0.250000 0.250000 0.250000 
 152
0.479817 0.005726 0.046210 
0.462778 0.988299 0.462022 
0.057405 0.005974 0.491768 
0.974557 0.008481 0.008481 0.008481 
0.250000 0.250000 0.250000 0.250000 
 153
0.479817 0.005726 0.046210 
0.462778 0.988299 0.462022 
0.057405 0.005974 0.491768 
0.973268 0.009770 0.008481 0.008481 
0.250000 0.250000 0.250000 0.250000 
 154
0.479817 0.005726 0.046210 
0.462778 0.988299 0.462022 
0.057405 0.005974 0.491768 
0.017369 0.965652 0.008489 0.008489 
0.250000 0.250000 0.250000 0.250000 
 155
0.479817 0.005726 0.046210 
0.462778 0.988299 0.462022 
0.057405 0.005974 0.491768 
0.972178 0.009621 0.008481 0.009720 
0.250000 0.250000 0.250000 0.250000 
 156
0.479817 0.005726 0.046210 
0.462778 0.988299 0.462022 
0.057405 0.005974 0.491768 
0.008481 0.008481 0.974557 0.008481 
0.250000 0.250000 0.250000 0.250000 
 157
0.479817 0.005726 0.046210 
0.462778 0.988299 0.462022 
0.057405 0.005974 0.491768 
0.973081 0.009957 0.008481 0.008481 
0.250000 0.250000 0.250000 0.250000 
 158
0.479817 0.005726 0.046210 
0.462778 0.988299 0.462022 
0.057405 0.005974 0.491768 
0.974557 0.008481 0.008481 0.008481 
0.250000 0.250000 0.250000 0.250000 
 159
0.479817 0.005726 0.046210 
0.462778 0.988299 0.462022 
0.057405 0.005974 0.491768 
0.023060 0.957548 0.008481 0.010911 
0.250000 0.250000 0.250000 0.250000 
 160
0.479817 0.005726 0.046210 
0.462778 0.988299 0.462022 
0.057405 0.005974 0.491768 
0.008481 0.008481 0.974557 0.008481 
0.250000 0.250000 0.250000 0.250000 
 161
0.479817 0.005726 0.046210 
0.462778 0.988299 0.462022 
0.057405 0.005974 0.491768 
0.974557 0.008481 0.008481 0.008481 
0.250000 0.250000 0.250000 0.250000 
 162
0.479817 0.005726 0.046210 
0.462778 0.988299 0.462022 
0.057405 0.005974 0.491768 
0.008481 0.008481 0.018831 0.964207 
0.250000 0.250000 0.250000 0.250000 
 163
0.479817 0.005726 0.046210 
0.462778 0.988299 0.462022 
0.057405 0.005974 0.491768 
0.935004 0.047989 0.008503 0.008503 
0.250000 0.250000 0.250000 0.250000 
 164
0.479817 0.005726 0.046210 
0.462778 0.988299 0.462022 
0.057405 0.005974 0.491768 
0.973339 0.009699 0.008481 0.008481 
0.250000 0.250000 0.250000 0.250000 
 165
0.479817 0.005726 0.046210 
0.462778 0.988299 0.462022 
0.057405 0.005974 0.491768 
0.008481 0.008481 0.867521 0.115518 
0.250000 0.250000 0.250000 0.250000 
 166
0.479817 0.005726 0.046210 
0.462778 0.988299 0.462022 
0.057405 0.005974 0.491768 
0.013665 0.969373 0.008481 0.008481 
0.250000 0.250000 0.250000 0.250000 
 167
0.479817 0.005726 0.046210 
0.462778 0.988299 0.462022 
0.057405 0.005974 0.491768 
0.009712 0.973326 0.008481 0.008481 
0.250000 0.250000 0.250000 0.250000 
 168
0.479817 0.005726 0.046210 
0.462778 0.988299 0.462022 
0.057405 0.005974 0.491768 
0.009953 0.973086 0.008481 0.008481 
0.250000 0.250000 0.250000 0.250000 
 169
0.479817 0.005726 0.046210 
0.462778 0.988299 0.462022 
0.057405 0.005974 0.491768 
0.974557 0.008481 0.008481 0.008481 
0.250000 0.250000 0.250000 0.250000 
 170
0.479817 0.005726 0.046210 
0.462778 0.988299 0.462022 
0.057405 0.005974 0.491768 
0.971005 0.012033 0.008481 0.008481 
0.250000 0.250000 0.250000 0.250000 
 171
0.479817 0.005726 0.046210 
0.462778 0.988299 0.462022 
0.057405 0.005974 0.491768 
0.973088 0.009950 0.008481 0.008481 
0.250000 0.250000 0.250000 0.250000 
 172
0.479817 0.005726 0.046210 
0.462778 0.988299 0.462022 
0.057405 0.005974 0.491768 
0.008499 0.008499 0.971758 0.011243 
0.250000 0.250000 0.250000 0.250000 
 173
0.479817 0.005726 0.046210 
0.462778 0.988299 0.462022 
0.057405 0.005974 0.491768 
0.008481 0.008481 0.008481 0.974557 
0.250000 0.250000 0.250000 0.250000 
 174
0.479817 0.005726 0.046210 
0.462778 0.988299 0.462022 
0.057405 0.005974 0.491768 
0.974557 0.008481 0.008481 0.008481 
0.250000 0.250000 0.250000 0.250000 
 175
0.479817 0.005726 0.046210 
0.462778 0.988299 0.462022 
0.057405 0.005974 0.491768 
0.008481 0.008481 0.008481 0.974557 
0.250000 0.250000 0.250000 0.250000 
 176
0.479817 0.005726 0.046210 
0.462778 0.988299 0.462022 
0.057405 0.005974 0.491768 
0.008481 0.974557 0.008481 0.008481 
0.250000 0.250000 0.250000 0.250000 
 177
0.479817 0.005726 0.046210 
0.462778 0.988299 0.462022 
0.057405 0.005974 0.491768 
0.008481 0.008481 0.974557 0.008481 
0.250000 0.250000 0.250000 0.250000 
 178
0.479817 0.005726 0.046210 
0.462778 0.988299 0.462022 
0.057405 0.005974 0.491768 
0.974528 0.008491 0.008491 0.008491 
0.250000 0.250000 0.250000 0.250000 
 179
0.479817 0.005726 0.046210 
0.462778 0.988299 0.462022 
0.057405 0.005974 0.491768 
0.971671 0.011367 0.008481 0.008481 
0.250000 0.250000 0.250000 0.250000 
 180
0.479817 0.005726 0.046210 
0.462778 0.988299 0.462022 
0.057405 0.005974 0.491768 
0.960168 0.022855 0.008489 0.008489 
0.250000 0.250000 0.250000 0.250000 
 181
0.479817 0.005726 0.046210 
0.462778 0.988299 0.462022 
0.057405 0.005974 0.491768 
0.008481 0.008481 0.968953 0.014085 
0.250000 0.250000 0.250000 0.250000 
 182
0.479817 0.005726 0.046210 
0.462778 0.988299 0.462022 
0.057405 0.005974 0.491768 
0.008481 0.008481 0.008481 0.974557 
0.250000 0.250000 0.250000 0.250000 
 183
0.479817 0.005726 0.046210 
0.462778 0.988299 0.462022 
0.057405 0.005974 0.491768 
0.966918 0.012785 0.011816 0.008481 
0.250000 0.250000 0.250000 0.250000 
 184
0.479817 0.005726 0.046210 
0.462778 0.988299 0.462022 
0.057405 0.005974 0.491768 
0.967962 0.015059 0.008489 0.008489 
0.250000 0.250000 0.250000 0.250000 
 185
0.479817 0.005726 0.046210 
0.462778 0.988299 0.462022 
0.057405 0.005974 0.491768 
0.032713 0.950325 0.008481 0.008481 
0.250000 0.250000 0.250000 0.250000 
 186
0.479817 0.005726 0.046210 
0.462778 0.988299 0.462022 
0.057405 0.005974 0.491768 
0.971916 0.009723 0.008492 0.009868 
0.250000 0.250000 0.250000 0.250000 
 187
0.479817 0.005726 0.046210 
0.462778 0.988299 0.462022 
0.057405 0.005974 0.491768 
0.008492 0.974523 0.008492 0.008492 
0.250000 0.250000 0.250000 0.250000 
 188
0.479817 0.005726 0.046210 
0.462778 0.988299 0.462022 
0.057405 0.005974 0.491768 
0.008481 0.974557 0.008481 0.008481 
0.250000 0.250000 0.250000 0.250000 
 189
0.479817 0.005726 0.046210 
0.462778 0.988299 0.462022 
0.057405 0.005974 0.491768 
0.022955 0.958378 0.008481 0.010186 
0.250000 0.250000 0.250000 0.250000 
 190
0.479817 0.005726 0.046210 
0.462778 0.988299 0.462022 
0.057405 0.005974 0.491768 
0.035522 0.947516 0.008481 0.008481 
0.250000 0.250000 0.250000 0.250000 
 191
0.479817 0.005726 0.046210 
0.462778 0.988299 0.462022 
0.057405 0.005974 0.491768 
0.008481 0.008481 0.013749 0.969289 
0.250000 0.250000 0.250000 0.250000 
 192
0.479817 0.005726 0.046210 
0.462778 0.988299 0.462022 
0.057405 0.005974 0.491768 
0.974557 0.008481 0.008481 0.008481 
0.250000 0.250000 0.250000 0.250000 
 193
0.479817 0.005726 0.046210 
0.462778 0.988299 0.462022 
0.057405 0.005974 0.491768 
0.031459 0.950094 0.009966 0.008481 
0.250000 0.250000 0.250000 0.250000 
 194
0.479817 0.005726 0.046210 
0.462778 0.988299 0.462022 
0.057405 0.005974 0.491768 
0.008481 0.008481 0.972476 0.010562 
0.250000 0.250000 0.250000 0.250000 
 195
0.479817 0.005726 0.046210 
0.462778 0.988299 0.462022 
0.057405 0.005974 0.491768 
0.008481 0.008481 0.973352 0.009687 
0.250000 0.250000 0.250000 0.250000 
 196
0.479817 0.005726 0.046210 
0.462778 0.988299 0.462022 
0.057405 0.005974 0.491768 
0.008481 0.008481 0.974557 0.008481 
0.250000 0.250000 0.250000 0.250000 
 197
0.479817 0.005726 0.046210 
0.462778 0.988299 0.462022 
0.057405 0.005974 0.491768 
0.008481 0.008481 0.973374 0.009664 
0.250000 0.250000 0.250000 0.250000 
 198
0.479817 0.005726 0.046210 
0.462778 0.988299 0.462022 
0.057405 0.005974 0.491768 
0.971009 0.010397 0.008481 0.010113 
0.250000 0.250000 0.250000 0.250000 
 199
0.479817 0.005726 0.046210 
0.462778 0.988299 0.462022 
0.057405 0.005974 0.491768 
0.008489 0.008489 0.013218 0.969805 
0.250000 0.250000 0.250000 0.250000 
 200
0.479817 0.005726 0.046210 
0.462778 0.988299 0.462022 
0.057405 0.005974 0.491768 
0.008481 0.008481 0.008481 0.974557 
0.250000 0.250000 0.250000 0.250000 
 201
0.479817 0.005726 0.046210 
0.462778 0.988299 0.462022 
0.057405 0.005974 0.491768 
0.012627 0.970411 0.008481 0.008481 
0.250000 0.250000 0.250000 0.250000 
 202
0.479817 0.005726 0.046210 
0.462778 0.988299 0.462022 
0.057405 0.005974 0.491768 
0.008481 0.008481 0.974557 0.008481 
0.250000 0.250000 0.250000 0.250000 
 203
0.479817 0.005726 0.046210 
0.462778 0.988299 0.462022 
0.057405 0.005974 0.491768 
0.974557 0.008481 0.008481 0.008481 
0.250000 0.250000 0.250000 0.250000 
 204
0.479817 0.005726 0.046210 
0.462778 0.988299 0.462022 
0.057405 0.005974 0.491768 
0.008481 0.008481 0.008481 0.974557 
0.250000 0.250000 0.250000 0.250000 
 205
0.479817 0.005726 0.046210 
0.462778 0.988299 0.462022 
0.057405 0.005974 0.491768 
0.008481 0.008481 0.010113 0.972925 
0.250000 0.250000 0.250000 0.250000 
 206
0.479817 0.005726 0.046210 
0.462778 0.988299 0.462022 
0.057405 0.005974 0.491768 
0.008481 0.008481 0.008481 0.974557 
0.250000 0.250000 0.250000 0.250000 
 207
0.479817 0.005726 0.046210 
0.462778 0.988299 0.462022 
0.057405 0.005974 0.491768 
0.046431 0.936607 0.008481 0.008481 
0.250000 0.250000 0.250000 0.250000 
 208
0.479817 0.005726 0.046210 
0.462778 0.988299 0.462022 
0.057405 0.005974 0.491768 
0.008481 0.974557 0.008481 0.008481 
0.250000 0.250000 0.250000 0.250000 
 209
0.479817 0.005726 0.046210 
0.462778 0.988299 0.462022 
0.057405 0.005974 0.491768 
0.009995 0.973043 0.008481 0.008481 
0.250000 0.250000 0.250000 0.250000 
 210
0.479817 0.005726 0.046210 
0.462778 0.988299 0.462022 
0.057405 0.005974 0.491768 
0.008481 0.008481 0.008481 0.974557 
0.250000 0.250000 0.250000 0.250000 
 211
0.479817 0.005726 0.046210 
0.462778 0.988299 0.462022 
0.057405 0.005974 0.491768 
0.973374 0.009664 0.008481 0.008481 
0.250000 0.250000 0.250000 0.250000 
 212
0.479817 0.005726 0.046210 
0.462778 0.988299 0.462022 
0.057405 0.005974 0.491768 
0.974524 0.008492 0.008492 0.008492 
0.250000 0.250000 0.250000 0.250000 
 213
0.479817 0.005726 0.046210 
0.462778 0.988299 0.462022 
0.057405 0.005974 0.491768 
0.974557 0.008481 0.008481 0.008481 
0.250000 0.250000 0.250000 0.250000 
 214
0.479817 0.005726 0.046210 
0.462778 0.988299 0.462022 
0.057405 0.005974 0.491768 
0.008481 0.008481 0.008481 0.974557 
0.250000 0.250000 0.250000 0.250000 
 215
0.479817 0.005726 0.046210 
0.462778 0.988299 0.462022 
0.057405 0.005974 0.491768 
0.008481 0.974557 0.008481 0.008481 
0.250000 0.250000 0.250000 0.250000 
 216
0.479817 0.005726 0.046210 
0.462778 0.988299 0.462022 
0.057405 0.005974 0.491768 
0.008481 0.008481 0.008481 0.974557 
0.250000 0.250000 0.250000 0.250000 
 217
0.479817 0.005726 0.046210 
0.462778 0.988299 0.462022 
0.057405 0.005974 0.491768 
0.972110 0.010928 0.008481 0.008481 
0.250000 0.250000 0.250000 0.250000 
 218
0.479817 0.005726 0.046210 
0.462778 0.988299 0.462022 
0.057405 0.005974 0.491768 
0.936342 0.045567 0.009610 0.008481 
0.250000 0.250000 0.250000 0.250000 
 219
0.479817 0.005726 0.046210 
0.462778 0.988299 0.462022 
0.057405 0.005974 0.491768 
0.008481 0.008481 0.973097 0.009941 
0.250000 0.250000 0.250000 0.250000 
 220
0.479817 0.005726 0.046210 
0.462778 0.988299 0.462022 
0.057405 0.005974 0.491768 
0.974557 0.008481 0.008481 0.008481 
0.250000 0.250000 0.250000 0.250000 
 221
0.479817 0.005726 0.046210 
0.462778 0.988299 0.462022 
0.057405 0.005974 0.491768 
0.008481 0.008481 0.009730 0.973309 
0.250000 0.250000 0.250000 0.250000 
 222
0.479817 0.005726 0.046210 
0.462778 0.988299 0.462022 
0.057405 0.005974 0.491768 
0.012736 0.008481 0.008481 0.970302 
0.250000 0.250000 0.250000 0.250000 
 223
0.479817 0.005726 0.046210 
0.462778 0.988299 0.462022 
0.057405 0.005974 0.491768 
0.008481 0.974557 0.008481 0.008481 
0.250000 0.250000 0.250000 0.250000 
 224
0.479817 0.005726 0.046210 
0.462778 0.988299 0.462022 
0.057405 0.005974 0.491768 
0.008481 0.008481 0.974557 0.008481 
0.250000 0.250000 0.250000 0.250000 
 225
0.479817 0.005726 0.046210 
0.462778 0.988299 0.462022 
0.057405 0.005974 0.491768 
0.008481 0.008481 0.009960 0.973078 
0.250000 0.250000 0.250000 0.250000 
 226
0.479817 0.005726 0.046210 
0.462778 0.988299 0.462022 
0.057405 0.005974 0.491768 
0.008481 0.974557 0.008481 0.008481 
0.250000 0.250000 0.250000 0.250000 
 227
0.479817 0.005726 0.046210 
0.462778 0.988299 0.462022 
0.057405 0.005974 0.491768 
0.008481 0.974557 0.008481 0.008481 
0.250000 0.250000 0.250000 0.250000 
 228
0.479817 0.005726 0.046210 
0.462778 0.988299 0.462022 
0.057405 0.005974 0.491768 
0.011519 0.008481 0.969841 0.010159 
0.250000 0.250000 0.250000 0.250000 
 229
0.479817 0.005726 0.046210 
0.462778 0.988299 0.462022 
0.057405 0.005974 0.491768 
0.008481 0.008481 0.008481 0.974557 
0.250000 0.250000 0.250000 0.250000 
 230
0.479817 0.005726 0.046210 
0.462778 0.988299 0.462022 
0.057405 0.005974 0.491768 
0.008481 0.974557 0.008481 0.008481 
0.250000 0.250000 0.250000 0.250000 
 231
0.479817 0.005726 0.046210 
0.462778 0.988299 0.462022 
0.057405 0.005974 0.491768 
0.008481 0.974557 0.008481 0.008481 
0.250000 0.250000 0.250000 0.250000 
 232
0.479817 0.005726 0.046210 
0.462778 0.988299 0.462022 
0.057405 0.005974 0.491768 
0.974557 0.008481 0.008481 0.008481 
0.250000 0.250000 0.250000 0.250000 
 233
0.479817 0.005726 0.046210 
0.462778 0.988299 0.462022 
0.057405 0.005974 0.491768 
0.008481 0.008481 0.010030 0.973008 
