%  SAM: /scicomp/home/yfa9/CDC_projects/Mol_genetic_analysis/Nomenclature/H1_Nomenclature/All_plus_Ref_v5/v_2/label/LABEL_RES/scripts/modelfromalign_Linux v3.5 (July 15, 2005) compiled 12/08/06_16:15:55
%  (c) 1992-2001 Regents of the University of California, Santa Cruz
%
%          Sequence Alignment and Modeling Software System
%         http://www.cse.ucsc.edu/research/compbio/sam.html
%
% ----------------- Citations (SAM, SAM-T2K, HMMs) --------------------
% R. Hughey, A. Krogh, Hidden Markov models for sequence analysis:
%  Extension and analysis of the basic method, CABIOS 12:95-107, 1996.
% K. Karplus, et al., What is the value added by human intervention in protein
%  structure prediction, Proteins: Stucture, Function, Genetics 45(S5):86--91, 2001.
% A. Krogh et al., Hidden Markov models in computational biology:
%  Applications to protein modeling, JMB 235:1501-1531, Feb 1994.
% ---------------------------------------------------------------------
%  6A_hmm   Host: node8.aspen.biotech.cdc.gov    Tue Jun 28 08:20:51 2016
%  yfa9     Dir:  /scicomp/home/yfa9/CDC_projects/Mol_genetic_analysis/Nomenclature/H1_Nomenclature/All_plus_Ref_v5/v_2/Step4/From_Clustering_v2/H1Pdm009_v1/c-8-7-6-5-Old/c-6A-6_6like
% ---------------------------------------------------------------------
%  Alignment weights from internal calc.  Total (12.69) Max (0.10) Min (0.07)
%  Weights from alignment method 1 (karplus), b=-1.000000, e=0.500000
MODEL --  Model from alignment file /scicomp/home/yfa9/CDC_projects/Mol_genetic_analysis/Nomenclature/H1_Nomenclature/All_plus_Ref_v5/v_2/label/LABEL_RES/training_data/H1v2016_1/c-8-7-6-5-Old/c-6A-6_6like/6A.fasta
alphabet DNA
FREQAVE
0.000000 0.000000 0.000000 
0.000000 0.000000 0.000000 
0.000000 0.000000 0.000000 
0.353312 0.220805 0.186775 0.239108 
0.353312 0.220805 0.186775 0.239108 
Begin
0.000000 0.000000 0.000000 
0.000000 0.000000 0.000000 
0.000000 0.009257 0.491768 
0.250000 0.250000 0.250000 0.250000 
0.250000 0.250000 0.250000 0.250000 
   1
0.000000 0.008874 0.046210 
0.000000 0.981869 0.462022 
0.057405 0.009257 0.491768 
0.945210 0.018263 0.018263 0.018263 
0.250000 0.250000 0.250000 0.250000 
   2
0.479817 0.008874 0.046210 
0.462778 0.981869 0.462022 
0.057405 0.009257 0.491768 
0.018263 0.018263 0.018263 0.945210 
0.250000 0.250000 0.250000 0.250000 
   3
0.479817 0.008874 0.046210 
0.462778 0.981869 0.462022 
0.057405 0.009257 0.491768 
0.018263 0.945210 0.018263 0.018263 
0.250000 0.250000 0.250000 0.250000 
   4
0.479817 0.008874 0.046210 
0.462778 0.981869 0.462022 
0.057405 0.009257 0.491768 
0.921792 0.041681 0.018263 0.018263 
0.250000 0.250000 0.250000 0.250000 
   5
0.479817 0.008874 0.046210 
0.462778 0.981869 0.462022 
0.057405 0.009257 0.491768 
0.932179 0.025702 0.023855 0.018263 
0.250000 0.250000 0.250000 0.250000 
   6
0.479817 0.008874 0.046210 
0.462778 0.981869 0.462022 
0.057405 0.009257 0.491768 
0.041681 0.921792 0.018263 0.018263 
0.250000 0.250000 0.250000 0.250000 
   7
0.479817 0.008874 0.046210 
0.462778 0.981869 0.462022 
0.057405 0.009257 0.491768 
0.018263 0.937771 0.025702 0.018263 
0.250000 0.250000 0.250000 0.250000 
   8
0.479817 0.008874 0.046210 
0.462778 0.981869 0.462022 
0.057405 0.009257 0.491768 
0.025702 0.018263 0.937771 0.018263 
0.250000 0.250000 0.250000 0.250000 
   9
0.479817 0.008874 0.046210 
0.462778 0.981869 0.462022 
0.057405 0.009257 0.491768 
0.945210 0.018263 0.018263 0.018263 
0.250000 0.250000 0.250000 0.250000 
  10
0.479817 0.008874 0.046210 
0.462778 0.981869 0.462022 
0.057405 0.009257 0.491768 
0.945210 0.018263 0.018263 0.018263 
0.250000 0.250000 0.250000 0.250000 
  11
0.479817 0.008874 0.046210 
0.462778 0.981869 0.462022 
0.057405 0.009257 0.491768 
0.018263 0.018263 0.018263 0.945210 
0.250000 0.250000 0.250000 0.250000 
  12
0.479817 0.008874 0.046210 
0.462778 0.981869 0.462022 
0.057405 0.009257 0.491768 
0.945210 0.018263 0.018263 0.018263 
0.250000 0.250000 0.250000 0.250000 
  13
0.479817 0.008874 0.046210 
0.462778 0.981869 0.462022 
0.057405 0.009257 0.491768 
0.018263 0.018263 0.945210 0.018263 
0.250000 0.250000 0.250000 0.250000 
  14
0.479817 0.008874 0.046210 
0.462778 0.981869 0.462022 
0.057405 0.009257 0.491768 
0.018263 0.018263 0.018263 0.945210 
0.250000 0.250000 0.250000 0.250000 
  15
0.479817 0.008874 0.046210 
0.462778 0.981869 0.462022 
0.057405 0.009257 0.491768 
0.945210 0.018263 0.018263 0.018263 
0.250000 0.250000 0.250000 0.250000 
  16
0.479817 0.008874 0.046210 
0.462778 0.981869 0.462022 
0.057405 0.009257 0.491768 
0.018263 0.831664 0.018263 0.131809 
0.250000 0.250000 0.250000 0.250000 
  17
0.479817 0.008874 0.046210 
0.462778 0.981869 0.462022 
0.057405 0.009257 0.491768 
0.018263 0.018263 0.095853 0.867620 
0.250000 0.250000 0.250000 0.250000 
  18
0.479817 0.008874 0.046210 
0.462778 0.981869 0.462022 
0.057405 0.009257 0.491768 
0.945210 0.018263 0.018263 0.018263 
0.250000 0.250000 0.250000 0.250000 
  19
0.479817 0.008874 0.046210 
0.462778 0.981869 0.462022 
0.057405 0.009257 0.491768 
0.018263 0.945210 0.018263 0.018263 
0.250000 0.250000 0.250000 0.250000 
  20
0.479817 0.008874 0.046210 
0.462778 0.981869 0.462022 
0.057405 0.009257 0.491768 
0.018263 0.018263 0.018263 0.945210 
0.250000 0.250000 0.250000 0.250000 
  21
0.479817 0.008874 0.046210 
0.462778 0.981869 0.462022 
0.057405 0.009257 0.491768 
0.018263 0.018263 0.018263 0.945210 
0.250000 0.250000 0.250000 0.250000 
  22
0.479817 0.008874 0.046210 
0.462778 0.981869 0.462022 
0.057405 0.009257 0.491768 
0.018263 0.018263 0.945210 0.018263 
0.250000 0.250000 0.250000 0.250000 
  23
0.479817 0.008874 0.046210 
0.462778 0.981869 0.462022 
0.057405 0.009257 0.491768 
0.018263 0.018263 0.018263 0.945210 
0.250000 0.250000 0.250000 0.250000 
  24
0.479817 0.008874 0.046210 
0.462778 0.981869 0.462022 
0.057405 0.009257 0.491768 
0.018263 0.945210 0.018263 0.018263 
0.250000 0.250000 0.250000 0.250000 
  25
0.479817 0.008874 0.046210 
0.462778 0.981869 0.462022 
0.057405 0.009257 0.491768 
0.018263 0.018263 0.945210 0.018263 
0.250000 0.250000 0.250000 0.250000 
  26
0.479817 0.008874 0.046210 
0.462778 0.981869 0.462022 
0.057405 0.009257 0.491768 
0.018263 0.018263 0.018263 0.945210 
0.250000 0.250000 0.250000 0.250000 
  27
0.479817 0.008874 0.046210 
0.462778 0.981869 0.462022 
0.057405 0.009257 0.491768 
0.945210 0.018263 0.018263 0.018263 
0.250000 0.250000 0.250000 0.250000 
  28
0.479817 0.008874 0.046210 
0.462778 0.981869 0.462022 
0.057405 0.009257 0.491768 
0.018263 0.018263 0.018263 0.945210 
0.250000 0.250000 0.250000 0.250000 
  29
0.479817 0.008874 0.046210 
0.462778 0.981869 0.462022 
0.057405 0.009257 0.491768 
0.932843 0.024348 0.018263 0.024545 
0.250000 0.250000 0.250000 0.250000 
  30
0.479817 0.008874 0.046210 
0.462778 0.981869 0.462022 
0.057405 0.009257 0.491768 
0.018263 0.018263 0.018263 0.945210 
0.250000 0.250000 0.250000 0.250000 
  31
0.479817 0.008874 0.046210 
0.462778 0.981869 0.462022 
0.057405 0.009257 0.491768 
0.945210 0.018263 0.018263 0.018263 
0.250000 0.250000 0.250000 0.250000 
  32
0.479817 0.008874 0.046210 
0.462778 0.981869 0.462022 
0.057405 0.009257 0.491768 
0.018263 0.018263 0.945210 0.018263 
0.250000 0.250000 0.250000 0.250000 
  33
0.479817 0.008874 0.046210 
0.462778 0.981869 0.462022 
0.057405 0.009257 0.491768 
0.945210 0.018263 0.018263 0.018263 
0.250000 0.250000 0.250000 0.250000 
  34
0.479817 0.008874 0.046210 
0.462778 0.981869 0.462022 
0.057405 0.009257 0.491768 
0.018263 0.018263 0.034669 0.928804 
0.250000 0.250000 0.250000 0.250000 
  35
0.479817 0.008874 0.046210 
0.462778 0.981869 0.462022 
0.057405 0.009257 0.491768 
0.018263 0.018263 0.018263 0.945210 
0.250000 0.250000 0.250000 0.250000 
  36
0.479817 0.008874 0.046210 
0.462778 0.981869 0.462022 
0.057405 0.009257 0.491768 
0.024050 0.018263 0.018263 0.939423 
0.250000 0.250000 0.250000 0.250000 
  37
0.479817 0.008874 0.046210 
0.462778 0.981869 0.462022 
0.057405 0.009257 0.491768 
0.023836 0.939637 0.018263 0.018263 
0.250000 0.250000 0.250000 0.250000 
  38
0.479817 0.008874 0.046210 
0.462778 0.981869 0.462022 
0.057405 0.009257 0.491768 
0.018263 0.018263 0.945210 0.018263 
0.250000 0.250000 0.250000 0.250000 
  39
0.479817 0.008874 0.046210 
0.462778 0.981869 0.462022 
0.057405 0.009257 0.491768 
0.945210 0.018263 0.018263 0.018263 
0.250000 0.250000 0.250000 0.250000 
  40
0.479817 0.008874 0.046210 
0.462778 0.981869 0.462022 
0.057405 0.009257 0.491768 
0.945210 0.018263 0.018263 0.018263 
0.250000 0.250000 0.250000 0.250000 
  41
0.479817 0.008874 0.046210 
0.462778 0.981869 0.462022 
0.057405 0.009257 0.491768 
0.018263 0.018263 0.945210 0.018263 
0.250000 0.250000 0.250000 0.250000 
  42
0.479817 0.008874 0.046210 
0.462778 0.981869 0.462022 
0.057405 0.009257 0.491768 
0.018263 0.018263 0.945210 0.018263 
0.250000 0.250000 0.250000 0.250000 
  43
0.479817 0.008874 0.046210 
0.462778 0.981869 0.462022 
0.057405 0.009257 0.491768 
0.023994 0.939479 0.018263 0.018263 
0.250000 0.250000 0.250000 0.250000 
  44
0.479817 0.008874 0.046210 
0.462778 0.981869 0.462022 
0.057405 0.009257 0.491768 
0.018263 0.018263 0.945210 0.018263 
0.250000 0.250000 0.250000 0.250000 
  45
0.479817 0.008874 0.046210 
0.462778 0.981869 0.462022 
0.057405 0.009257 0.491768 
0.945210 0.018263 0.018263 0.018263 
0.250000 0.250000 0.250000 0.250000 
  46
0.479817 0.008874 0.046210 
0.462778 0.981869 0.462022 
0.057405 0.009257 0.491768 
0.933316 0.030157 0.018263 0.018263 
0.250000 0.250000 0.250000 0.250000 
  47
0.479817 0.008874 0.046210 
0.462778 0.981869 0.462022 
0.057405 0.009257 0.491768 
0.945210 0.018263 0.018263 0.018263 
0.250000 0.250000 0.250000 0.250000 
  48
0.479817 0.008874 0.046210 
0.462778 0.981869 0.462022 
0.057405 0.009257 0.491768 
0.018263 0.023993 0.018263 0.939480 
0.250000 0.250000 0.250000 0.250000 
  49
0.479817 0.008874 0.046210 
0.462778 0.981869 0.462022 
0.057405 0.009257 0.491768 
0.018263 0.945210 0.018263 0.018263 
0.250000 0.250000 0.250000 0.250000 
  50
0.479817 0.008874 0.046210 
0.462778 0.981869 0.462022 
0.057405 0.009257 0.491768 
0.018263 0.018263 0.945210 0.018263 
0.250000 0.250000 0.250000 0.250000 
  51
0.479817 0.008874 0.046210 
0.462778 0.981869 0.462022 
0.057405 0.009257 0.491768 
0.945210 0.018263 0.018263 0.018263 
0.250000 0.250000 0.250000 0.250000 
  52
0.479817 0.008874 0.046210 
0.462778 0.981869 0.462022 
0.057405 0.009257 0.491768 
0.018263 0.945210 0.018263 0.018263 
0.250000 0.250000 0.250000 0.250000 
  53
0.479817 0.008874 0.046210 
0.462778 0.981869 0.462022 
0.057405 0.009257 0.491768 
0.945210 0.018263 0.018263 0.018263 
0.250000 0.250000 0.250000 0.250000 
  54
0.479817 0.008874 0.046210 
0.462778 0.981869 0.462022 
0.057405 0.009257 0.491768 
0.018263 0.018263 0.945210 0.018263 
0.250000 0.250000 0.250000 0.250000 
  55
0.479817 0.008874 0.046210 
0.462778 0.981869 0.462022 
0.057405 0.009257 0.491768 
0.945210 0.018263 0.018263 0.018263 
0.250000 0.250000 0.250000 0.250000 
  56
0.479817 0.008874 0.046210 
0.462778 0.981869 0.462022 
0.057405 0.009257 0.491768 
0.018365 0.018365 0.944905 0.018365 
0.250000 0.250000 0.250000 0.250000 
  57
0.479817 0.008874 0.046210 
0.462778 0.981869 0.462022 
0.057405 0.009257 0.491768 
0.945210 0.018263 0.018263 0.018263 
0.250000 0.250000 0.250000 0.250000 
  58
0.479817 0.008874 0.046210 
0.462778 0.981869 0.462022 
0.057405 0.009257 0.491768 
0.018263 0.018263 0.036593 0.926881 
0.250000 0.250000 0.250000 0.250000 
  59
0.479817 0.008874 0.046210 
0.462778 0.981869 0.462022 
0.057405 0.009257 0.491768 
0.018263 0.018263 0.018263 0.945210 
0.250000 0.250000 0.250000 0.250000 
  60
0.479817 0.008874 0.046210 
0.462778 0.981869 0.462022 
0.057405 0.009257 0.491768 
0.945210 0.018263 0.018263 0.018263 
0.250000 0.250000 0.250000 0.250000 
  61
0.479817 0.008874 0.046210 
0.462778 0.981869 0.462022 
0.057405 0.009257 0.491768 
0.018263 0.018263 0.018263 0.945210 
0.250000 0.250000 0.250000 0.250000 
  62
0.479817 0.008874 0.046210 
0.462778 0.981869 0.462022 
0.057405 0.009257 0.491768 
0.018263 0.945210 0.018263 0.018263 
0.250000 0.250000 0.250000 0.250000 
  63
0.479817 0.008874 0.046210 
0.462778 0.981869 0.462022 
0.057405 0.009257 0.491768 
0.018263 0.018263 0.018263 0.945210 
0.250000 0.250000 0.250000 0.250000 
  64
0.479817 0.008874 0.046210 
0.462778 0.981869 0.462022 
0.057405 0.009257 0.491768 
0.945210 0.018263 0.018263 0.018263 
0.250000 0.250000 0.250000 0.250000 
  65
0.479817 0.008874 0.046210 
0.462778 0.981869 0.462022 
0.057405 0.009257 0.491768 
0.018263 0.018263 0.018263 0.945210 
0.250000 0.250000 0.250000 0.250000 
  66
0.479817 0.008874 0.046210 
0.462778 0.981869 0.462022 
0.057405 0.009257 0.491768 
0.945210 0.018263 0.018263 0.018263 
0.250000 0.250000 0.250000 0.250000 
  67
0.479817 0.008874 0.046210 
0.462778 0.981869 0.462022 
0.057405 0.009257 0.491768 
0.018263 0.945210 0.018263 0.018263 
0.250000 0.250000 0.250000 0.250000 
  68
0.479817 0.008874 0.046210 
0.462778 0.981869 0.462022 
0.057405 0.009257 0.491768 
0.018263 0.945210 0.018263 0.018263 
0.250000 0.250000 0.250000 0.250000 
  69
0.479817 0.008874 0.046210 
0.462778 0.981869 0.462022 
0.057405 0.009257 0.491768 
0.018263 0.018263 0.018263 0.945210 
0.250000 0.250000 0.250000 0.250000 
  70
0.479817 0.008874 0.046210 
0.462778 0.981869 0.462022 
0.057405 0.009257 0.491768 
0.018263 0.018263 0.018263 0.945210 
0.250000 0.250000 0.250000 0.250000 
  71
0.479817 0.008874 0.046210 
0.462778 0.981869 0.462022 
0.057405 0.009257 0.491768 
0.945210 0.018263 0.018263 0.018263 
0.250000 0.250000 0.250000 0.250000 
  72
0.479817 0.008874 0.046210 
0.462778 0.981869 0.462022 
0.057405 0.009257 0.491768 
0.018263 0.018263 0.025102 0.938371 
0.250000 0.250000 0.250000 0.250000 
  73
0.479817 0.008874 0.046210 
0.462778 0.981869 0.462022 
0.057405 0.009257 0.491768 
0.018263 0.018263 0.945210 0.018263 
0.250000 0.250000 0.250000 0.250000 
  74
0.479817 0.008874 0.046210 
0.462778 0.981869 0.462022 
0.057405 0.009257 0.491768 
0.945210 0.018263 0.018263 0.018263 
0.250000 0.250000 0.250000 0.250000 
  75
0.479817 0.008874 0.046210 
0.462778 0.981869 0.462022 
0.057405 0.009257 0.491768 
0.018263 0.018263 0.024322 0.939152 
0.250000 0.250000 0.250000 0.250000 
  76
0.479817 0.008874 0.046210 
0.462778 0.981869 0.462022 
0.057405 0.009257 0.491768 
0.018361 0.944916 0.018361 0.018361 
0.250000 0.250000 0.250000 0.250000 
  77
0.479817 0.008874 0.046210 
0.462778 0.981869 0.462022 
0.057405 0.009257 0.491768 
0.018263 0.018263 0.945210 0.018263 
0.250000 0.250000 0.250000 0.250000 
  78
0.479817 0.008874 0.046210 
0.462778 0.981869 0.462022 
0.057405 0.009257 0.491768 
0.030302 0.933171 0.018263 0.018263 
0.250000 0.250000 0.250000 0.250000 
  79
0.479817 0.008874 0.046210 
0.462778 0.981869 0.462022 
0.057405 0.009257 0.491768 
0.945210 0.018263 0.018263 0.018263 
0.250000 0.250000 0.250000 0.250000 
  80
0.479817 0.008874 0.046210 
0.462778 0.981869 0.462022 
0.057405 0.009257 0.491768 
0.945210 0.018263 0.018263 0.018263 
0.250000 0.250000 0.250000 0.250000 
  81
0.479817 0.008874 0.046210 
0.462778 0.981869 0.462022 
0.057405 0.009257 0.491768 
0.018263 0.018263 0.938882 0.024591 
0.250000 0.250000 0.250000 0.250000 
  82
0.479817 0.008874 0.046210 
0.462778 0.981869 0.462022 
0.057405 0.009257 0.491768 
0.945210 0.018263 0.018263 0.018263 
0.250000 0.250000 0.250000 0.250000 
  83
0.479817 0.008874 0.046210 
0.462778 0.981869 0.462022 
0.057405 0.009257 0.491768 
0.938371 0.025102 0.018263 0.018263 
0.250000 0.250000 0.250000 0.250000 
  84
0.479817 0.008874 0.046210 
0.462778 0.981869 0.462022 
0.057405 0.009257 0.491768 
0.018263 0.018263 0.018263 0.945210 
0.250000 0.250000 0.250000 0.250000 
  85
0.479817 0.008874 0.046210 
0.462778 0.981869 0.462022 
0.057405 0.009257 0.491768 
0.018263 0.018263 0.018263 0.945210 
0.250000 0.250000 0.250000 0.250000 
  86
0.479817 0.008874 0.046210 
0.462778 0.981869 0.462022 
0.057405 0.009257 0.491768 
0.018263 0.018263 0.945210 0.018263 
0.250000 0.250000 0.250000 0.250000 
  87
0.479817 0.008874 0.046210 
0.462778 0.981869 0.462022 
0.057405 0.009257 0.491768 
0.945210 0.018263 0.018263 0.018263 
0.250000 0.250000 0.250000 0.250000 
  88
0.479817 0.008874 0.046210 
0.462778 0.981869 0.462022 
0.057405 0.009257 0.491768 
0.938839 0.018263 0.018263 0.024634 
0.250000 0.250000 0.250000 0.250000 
  89
0.479817 0.008874 0.046210 
0.462778 0.981869 0.462022 
0.057405 0.009257 0.491768 
0.018263 0.018263 0.945210 0.018263 
0.250000 0.250000 0.250000 0.250000 
  90
0.479817 0.008874 0.046210 
0.462778 0.981869 0.462022 
0.057405 0.009257 0.491768 
0.945210 0.018263 0.018263 0.018263 
0.250000 0.250000 0.250000 0.250000 
  91
0.479817 0.008874 0.046210 
0.462778 0.981869 0.462022 
0.057405 0.009257 0.491768 
0.018263 0.945210 0.018263 0.018263 
0.250000 0.250000 0.250000 0.250000 
  92
0.479817 0.008874 0.046210 
0.462778 0.981869 0.462022 
0.057405 0.009257 0.491768 
0.945210 0.018263 0.018263 0.018263 
0.250000 0.250000 0.250000 0.250000 
  93
0.479817 0.008874 0.046210 
0.462778 0.981869 0.462022 
0.057405 0.009257 0.491768 
0.018263 0.018263 0.945210 0.018263 
0.250000 0.250000 0.250000 0.250000 
  94
0.479817 0.008874 0.046210 
0.462778 0.981869 0.462022 
0.057405 0.009257 0.491768 
0.945210 0.018263 0.018263 0.018263 
0.250000 0.250000 0.250000 0.250000 
  95
0.479817 0.008874 0.046210 
0.462778 0.981869 0.462022 
0.057405 0.009257 0.491768 
0.018263 0.018263 0.945210 0.018263 
0.250000 0.250000 0.250000 0.250000 
  96
0.479817 0.008874 0.046210 
0.462778 0.981869 0.462022 
0.057405 0.009257 0.491768 
0.018263 0.018263 0.018263 0.945210 
0.250000 0.250000 0.250000 0.250000 
  97
0.479817 0.008874 0.046210 
0.462778 0.981869 0.462022 
0.057405 0.009257 0.491768 
0.018263 0.945210 0.018263 0.018263 
0.250000 0.250000 0.250000 0.250000 
  98
0.479817 0.008874 0.046210 
0.462778 0.981869 0.462022 
0.057405 0.009257 0.491768 
0.018263 0.018263 0.018263 0.945210 
0.250000 0.250000 0.250000 0.250000 
  99
0.479817 0.008874 0.046210 
0.462778 0.981869 0.462022 
0.057405 0.009257 0.491768 
0.945210 0.018263 0.018263 0.018263 
0.250000 0.250000 0.250000 0.250000 
 100
0.479817 0.008874 0.046210 
0.462778 0.981869 0.462022 
0.057405 0.009257 0.491768 
0.018263 0.945210 0.018263 0.018263 
0.250000 0.250000 0.250000 0.250000 
 101
0.479817 0.008874 0.046210 
0.462778 0.981869 0.462022 
0.057405 0.009257 0.491768 
0.945210 0.018263 0.018263 0.018263 
0.250000 0.250000 0.250000 0.250000 
 102
0.479817 0.008874 0.046210 
0.462778 0.981869 0.462022 
0.057405 0.009257 0.491768 
0.018263 0.018263 0.939205 0.024268 
0.250000 0.250000 0.250000 0.250000 
 103
0.479817 0.008874 0.046210 
0.462778 0.981869 0.462022 
0.057405 0.009257 0.491768 
0.945210 0.018263 0.018263 0.018263 
0.250000 0.250000 0.250000 0.250000 
 104
0.479817 0.008874 0.046210 
0.462778 0.981869 0.462022 
0.057405 0.009257 0.491768 
0.018263 0.018263 0.945210 0.018263 
0.250000 0.250000 0.250000 0.250000 
 105
0.479817 0.008874 0.046210 
0.462778 0.981869 0.462022 
0.057405 0.009257 0.491768 
0.945210 0.018263 0.018263 0.018263 
0.250000 0.250000 0.250000 0.250000 
 106
0.479817 0.008874 0.046210 
0.462778 0.981869 0.462022 
0.057405 0.009257 0.491768 
0.024207 0.939267 0.018263 0.018263 
0.250000 0.250000 0.250000 0.250000 
 107
0.479817 0.008874 0.046210 
0.462778 0.981869 0.462022 
0.057405 0.009257 0.491768 
0.018263 0.018263 0.018263 0.945210 
0.250000 0.250000 0.250000 0.250000 
 108
0.479817 0.008874 0.046210 
0.462778 0.981869 0.462022 
0.057405 0.009257 0.491768 
0.945210 0.018263 0.018263 0.018263 
0.250000 0.250000 0.250000 0.250000 
 109
0.479817 0.008874 0.046210 
0.462778 0.981869 0.462022 
0.057405 0.009257 0.491768 
0.018263 0.018263 0.915160 0.048313 
0.250000 0.250000 0.250000 0.250000 
 110
0.479817 0.008874 0.046210 
0.462778 0.981869 0.462022 
0.057405 0.009257 0.491768 
0.018263 0.018263 0.018263 0.945210 
0.250000 0.250000 0.250000 0.250000 
 111
0.479817 0.008874 0.046210 
0.462778 0.981869 0.462022 
0.057405 0.009257 0.491768 
0.945210 0.018263 0.018263 0.018263 
0.250000 0.250000 0.250000 0.250000 
 112
0.479817 0.008874 0.046210 
0.462778 0.981869 0.462022 
0.057405 0.009257 0.491768 
0.018263 0.945210 0.018263 0.018263 
0.250000 0.250000 0.250000 0.250000 
 113
0.479817 0.008874 0.046210 
0.462778 0.981869 0.462022 
0.057405 0.009257 0.491768 
0.939335 0.024138 0.018263 0.018263 
0.250000 0.250000 0.250000 0.250000 
 114
0.479817 0.008874 0.046210 
0.462778 0.981869 0.462022 
0.057405 0.009257 0.491768 
0.945210 0.018263 0.018263 0.018263 
0.250000 0.250000 0.250000 0.250000 
 115
0.479817 0.008874 0.046210 
0.462778 0.981869 0.462022 
0.057405 0.009257 0.491768 
0.945210 0.018263 0.018263 0.018263 
0.250000 0.250000 0.250000 0.250000 
 116
0.479817 0.008874 0.046210 
0.462778 0.981869 0.462022 
0.057405 0.009257 0.491768 
0.939617 0.023856 0.018263 0.018263 
0.250000 0.250000 0.250000 0.250000 
 117
0.479817 0.008874 0.046210 
0.462778 0.981869 0.462022 
0.057405 0.009257 0.491768 
0.029689 0.933784 0.018263 0.018263 
0.250000 0.250000 0.250000 0.250000 
 118
0.479817 0.008874 0.046210 
0.462778 0.981869 0.462022 
0.057405 0.009257 0.491768 
0.945210 0.018263 0.018263 0.018263 
0.250000 0.250000 0.250000 0.250000 
 119
0.479817 0.008874 0.046210 
0.462778 0.981869 0.462022 
0.057405 0.009257 0.491768 
0.945210 0.018263 0.018263 0.018263 
0.250000 0.250000 0.250000 0.250000 
 120
0.479817 0.008874 0.046210 
0.462778 0.981869 0.462022 
0.057405 0.009257 0.491768 
0.018263 0.018263 0.024972 0.938501 
0.250000 0.250000 0.250000 0.250000 
 121
0.479817 0.008874 0.046210 
0.462778 0.981869 0.462022 
0.057405 0.009257 0.491768 
0.018263 0.945210 0.018263 0.018263 
0.250000 0.250000 0.250000 0.250000 
 122
0.479817 0.008874 0.046210 
0.462778 0.981869 0.462022 
0.057405 0.009257 0.491768 
0.018263 0.018263 0.018263 0.945210 
0.250000 0.250000 0.250000 0.250000 
 123
0.479817 0.008874 0.046210 
0.462778 0.981869 0.462022 
0.057405 0.009257 0.491768 
0.945210 0.018263 0.018263 0.018263 
0.250000 0.250000 0.250000 0.250000 
 124
0.479817 0.008874 0.046210 
0.462778 0.981869 0.462022 
0.057405 0.009257 0.491768 
0.945210 0.018263 0.018263 0.018263 
0.250000 0.250000 0.250000 0.250000 
 125
0.479817 0.008874 0.046210 
0.462778 0.981869 0.462022 
0.057405 0.009257 0.491768 
0.018263 0.018263 0.945210 0.018263 
0.250000 0.250000 0.250000 0.250000 
 126
0.479817 0.008874 0.046210 
0.462778 0.981869 0.462022 
0.057405 0.009257 0.491768 
0.939154 0.018263 0.018263 0.024319 
0.250000 0.250000 0.250000 0.250000 
 127
0.479817 0.008874 0.046210 
0.462778 0.981869 0.462022 
0.057405 0.009257 0.491768 
0.024319 0.939154 0.018263 0.018263 
0.250000 0.250000 0.250000 0.250000 
 128
0.479817 0.008874 0.046210 
0.462778 0.981869 0.462022 
0.057405 0.009257 0.491768 
0.018263 0.018263 0.018263 0.945210 
0.250000 0.250000 0.250000 0.250000 
 129
0.479817 0.008874 0.046210 
0.462778 0.981869 0.462022 
0.057405 0.009257 0.491768 
0.945210 0.018263 0.018263 0.018263 
0.250000 0.250000 0.250000 0.250000 
 130
0.479817 0.008874 0.046210 
0.462778 0.981869 0.462022 
0.057405 0.009257 0.491768 
0.945210 0.018263 0.018263 0.018263 
0.250000 0.250000 0.250000 0.250000 
 131
0.479817 0.008874 0.046210 
0.462778 0.981869 0.462022 
0.057405 0.009257 0.491768 
0.018263 0.018263 0.945210 0.018263 
0.250000 0.250000 0.250000 0.250000 
 132
0.479817 0.008874 0.046210 
0.462778 0.981869 0.462022 
0.057405 0.009257 0.491768 
0.257895 0.018263 0.018263 0.705578 
0.250000 0.250000 0.250000 0.250000 
 133
0.479817 0.008874 0.046210 
0.462778 0.981869 0.462022 
0.057405 0.009257 0.491768 
0.018263 0.018263 0.945210 0.018263 
0.250000 0.250000 0.250000 0.250000 
 134
0.479817 0.008874 0.046210 
0.462778 0.981869 0.462022 
0.057405 0.009257 0.491768 
0.945210 0.018263 0.018263 0.018263 
0.250000 0.250000 0.250000 0.250000 
 135
0.479817 0.008874 0.046210 
0.462778 0.981869 0.462022 
0.057405 0.009257 0.491768 
0.018263 0.018263 0.945210 0.018263 
0.250000 0.250000 0.250000 0.250000 
 136
0.479817 0.008874 0.046210 
0.462778 0.981869 0.462022 
0.057405 0.009257 0.491768 
0.018263 0.018263 0.018263 0.945210 
0.250000 0.250000 0.250000 0.250000 
 137
0.479817 0.008874 0.046210 
0.462778 0.981869 0.462022 
0.057405 0.009257 0.491768 
0.018263 0.018263 0.945210 0.018263 
0.250000 0.250000 0.250000 0.250000 
 138
0.479817 0.008874 0.046210 
0.462778 0.981869 0.462022 
0.057405 0.009257 0.491768 
0.018263 0.018263 0.025694 0.937779 
0.250000 0.250000 0.250000 0.250000 
 139
0.479817 0.008874 0.046210 
0.462778 0.981869 0.462022 
0.057405 0.009257 0.491768 
0.018263 0.945210 0.018263 0.018263 
0.250000 0.250000 0.250000 0.250000 
 140
0.479817 0.008874 0.046210 
0.462778 0.981869 0.462022 
0.057405 0.009257 0.491768 
0.018263 0.018263 0.018263 0.945210 
0.250000 0.250000 0.250000 0.250000 
 141
0.479817 0.008874 0.046210 
0.462778 0.981869 0.462022 
0.057405 0.009257 0.491768 
0.018263 0.018263 0.031313 0.932160 
0.250000 0.250000 0.250000 0.250000 
 142
0.479817 0.008874 0.046210 
0.462778 0.981869 0.462022 
0.057405 0.009257 0.491768 
0.945210 0.018263 0.018263 0.018263 
0.250000 0.250000 0.250000 0.250000 
 143
0.479817 0.008874 0.046210 
0.462778 0.981869 0.462022 
0.057405 0.009257 0.491768 
0.945210 0.018263 0.018263 0.018263 
0.250000 0.250000 0.250000 0.250000 
 144
0.479817 0.008874 0.046210 
0.462778 0.981869 0.462022 
0.057405 0.009257 0.491768 
0.018263 0.018263 0.926034 0.037439 
0.250000 0.250000 0.250000 0.250000 
 145
0.479817 0.008874 0.046210 
0.462778 0.981869 0.462022 
0.057405 0.009257 0.491768 
0.018263 0.018263 0.945210 0.018263 
0.250000 0.250000 0.250000 0.250000 
 146
0.479817 0.008874 0.046210 
0.462778 0.981869 0.462022 
0.057405 0.009257 0.491768 
0.018263 0.018263 0.018263 0.945210 
0.250000 0.250000 0.250000 0.250000 
 147
0.479817 0.008874 0.046210 
0.462778 0.981869 0.462022 
0.057405 0.009257 0.491768 
0.018263 0.018263 0.018263 0.945210 
0.250000 0.250000 0.250000 0.250000 
 148
0.479817 0.008874 0.046210 
0.462778 0.981869 0.462022 
0.057405 0.009257 0.491768 
0.018358 0.018358 0.944926 0.018358 
0.250000 0.250000 0.250000 0.250000 
 149
0.479817 0.008874 0.046210 
0.462778 0.981869 0.462022 
0.057405 0.009257 0.491768 
0.018263 0.018263 0.018263 0.945210 
0.250000 0.250000 0.250000 0.250000 
 150
0.479817 0.008874 0.046210 
0.462778 0.981869 0.462022 
0.057405 0.009257 0.491768 
0.939460 0.024013 0.018263 0.018263 
0.250000 0.250000 0.250000 0.250000 
 151
0.479817 0.008874 0.046210 
0.462778 0.981869 0.462022 
0.057405 0.009257 0.491768 
0.018263 0.945210 0.018263 0.018263 
0.250000 0.250000 0.250000 0.250000 
 152
0.479817 0.008874 0.046210 
0.462778 0.981869 0.462022 
0.057405 0.009257 0.491768 
0.945210 0.018263 0.018263 0.018263 
0.250000 0.250000 0.250000 0.250000 
 153
0.479817 0.008874 0.046210 
0.462778 0.981869 0.462022 
0.057405 0.009257 0.491768 
0.939026 0.024447 0.018263 0.018263 
0.250000 0.250000 0.250000 0.250000 
 154
0.479817 0.008874 0.046210 
0.462778 0.981869 0.462022 
0.057405 0.009257 0.491768 
0.018263 0.945210 0.018263 0.018263 
0.250000 0.250000 0.250000 0.250000 
 155
0.479817 0.008874 0.046210 
0.462778 0.981869 0.462022 
0.057405 0.009257 0.491768 
0.945210 0.018263 0.018263 0.018263 
0.250000 0.250000 0.250000 0.250000 
 156
0.479817 0.008874 0.046210 
0.462778 0.981869 0.462022 
0.057405 0.009257 0.491768 
0.018263 0.018263 0.945210 0.018263 
0.250000 0.250000 0.250000 0.250000 
 157
0.479817 0.008874 0.046210 
0.462778 0.981869 0.462022 
0.057405 0.009257 0.491768 
0.945210 0.018263 0.018263 0.018263 
0.250000 0.250000 0.250000 0.250000 
 158
0.479817 0.008874 0.046210 
0.462778 0.981869 0.462022 
0.057405 0.009257 0.491768 
0.933219 0.030254 0.018263 0.018263 
0.250000 0.250000 0.250000 0.250000 
 159
0.479817 0.008874 0.046210 
0.462778 0.981869 0.462022 
0.057405 0.009257 0.491768 
0.025562 0.921468 0.018263 0.034707 
0.250000 0.250000 0.250000 0.250000 
 160
0.479817 0.008874 0.046210 
0.462778 0.981869 0.462022 
0.057405 0.009257 0.491768 
0.018263 0.018263 0.945210 0.018263 
0.250000 0.250000 0.250000 0.250000 
 161
0.479817 0.008874 0.046210 
0.462778 0.981869 0.462022 
0.057405 0.009257 0.491768 
0.945210 0.018263 0.018263 0.018263 
0.250000 0.250000 0.250000 0.250000 
 162
0.479817 0.008874 0.046210 
0.462778 0.981869 0.462022 
0.057405 0.009257 0.491768 
0.018263 0.018263 0.018263 0.945210 
0.250000 0.250000 0.250000 0.250000 
 163
0.479817 0.008874 0.046210 
0.462778 0.981869 0.462022 
0.057405 0.009257 0.491768 
0.882337 0.081136 0.018263 0.018263 
0.250000 0.250000 0.250000 0.250000 
 164
0.479817 0.008874 0.046210 
0.462778 0.981869 0.462022 
0.057405 0.009257 0.491768 
0.945210 0.018263 0.018263 0.018263 
0.250000 0.250000 0.250000 0.250000 
 165
0.479817 0.008874 0.046210 
0.462778 0.981869 0.462022 
0.057405 0.009257 0.491768 
0.018263 0.018263 0.933433 0.030040 
0.250000 0.250000 0.250000 0.250000 
 166
0.479817 0.008874 0.046210 
0.462778 0.981869 0.462022 
0.057405 0.009257 0.491768 
0.024011 0.939463 0.018263 0.018263 
0.250000 0.250000 0.250000 0.250000 
 167
0.479817 0.008874 0.046210 
0.462778 0.981869 0.462022 
0.057405 0.009257 0.491768 
0.018263 0.945210 0.018263 0.018263 
0.250000 0.250000 0.250000 0.250000 
 168
0.479817 0.008874 0.046210 
0.462778 0.981869 0.462022 
0.057405 0.009257 0.491768 
0.029629 0.933844 0.018263 0.018263 
0.250000 0.250000 0.250000 0.250000 
 169
0.479817 0.008874 0.046210 
0.462778 0.981869 0.462022 
0.057405 0.009257 0.491768 
0.945210 0.018263 0.018263 0.018263 
0.250000 0.250000 0.250000 0.250000 
 170
0.479817 0.008874 0.046210 
0.462778 0.981869 0.462022 
0.057405 0.009257 0.491768 
0.945210 0.018263 0.018263 0.018263 
0.250000 0.250000 0.250000 0.250000 
 171
0.479817 0.008874 0.046210 
0.462778 0.981869 0.462022 
0.057405 0.009257 0.491768 
0.945210 0.018263 0.018263 0.018263 
0.250000 0.250000 0.250000 0.250000 
 172
0.479817 0.008874 0.046210 
0.462778 0.981869 0.462022 
0.057405 0.009257 0.491768 
0.018263 0.018263 0.903309 0.060164 
0.250000 0.250000 0.250000 0.250000 
 173
0.479817 0.008874 0.046210 
0.462778 0.981869 0.462022 
0.057405 0.009257 0.491768 
0.018263 0.018263 0.018263 0.945210 
0.250000 0.250000 0.250000 0.250000 
 174
0.479817 0.008874 0.046210 
0.462778 0.981869 0.462022 
0.057405 0.009257 0.491768 
0.945210 0.018263 0.018263 0.018263 
0.250000 0.250000 0.250000 0.250000 
 175
0.479817 0.008874 0.046210 
0.462778 0.981869 0.462022 
0.057405 0.009257 0.491768 
0.018263 0.018263 0.018263 0.945210 
0.250000 0.250000 0.250000 0.250000 
 176
0.479817 0.008874 0.046210 
0.462778 0.981869 0.462022 
0.057405 0.009257 0.491768 
0.018263 0.945210 0.018263 0.018263 
0.250000 0.250000 0.250000 0.250000 
 177
0.479817 0.008874 0.046210 
0.462778 0.981869 0.462022 
0.057405 0.009257 0.491768 
0.018263 0.018263 0.945210 0.018263 
0.250000 0.250000 0.250000 0.250000 
 178
0.479817 0.008874 0.046210 
0.462778 0.981869 0.462022 
0.057405 0.009257 0.491768 
0.945210 0.018263 0.018263 0.018263 
0.250000 0.250000 0.250000 0.250000 
 179
0.479817 0.008874 0.046210 
0.462778 0.981869 0.462022 
0.057405 0.009257 0.491768 
0.945210 0.018263 0.018263 0.018263 
0.250000 0.250000 0.250000 0.250000 
 180
0.479817 0.008874 0.046210 
0.462778 0.981869 0.462022 
0.057405 0.009257 0.491768 
0.945210 0.018263 0.018263 0.018263 
0.250000 0.250000 0.250000 0.250000 
 181
0.479817 0.008874 0.046210 
0.462778 0.981869 0.462022 
0.057405 0.009257 0.491768 
0.018263 0.018263 0.945210 0.018263 
0.250000 0.250000 0.250000 0.250000 
 182
0.479817 0.008874 0.046210 
0.462778 0.981869 0.462022 
0.057405 0.009257 0.491768 
0.018263 0.018263 0.018263 0.945210 
0.250000 0.250000 0.250000 0.250000 
 183
0.479817 0.008874 0.046210 
0.462778 0.981869 0.462022 
0.057405 0.009257 0.491768 
0.939019 0.024454 0.018263 0.018263 
0.250000 0.250000 0.250000 0.250000 
 184
0.479817 0.008874 0.046210 
0.462778 0.981869 0.462022 
0.057405 0.009257 0.491768 
0.939422 0.024051 0.018263 0.018263 
0.250000 0.250000 0.250000 0.250000 
 185
0.479817 0.008874 0.046210 
0.462778 0.981869 0.462022 
0.057405 0.009257 0.491768 
0.024242 0.939231 0.018263 0.018263 
0.250000 0.250000 0.250000 0.250000 
 186
0.479817 0.008874 0.046210 
0.462778 0.981869 0.462022 
0.057405 0.009257 0.491768 
0.945210 0.018263 0.018263 0.018263 
0.250000 0.250000 0.250000 0.250000 
 187
0.479817 0.008874 0.046210 
0.462778 0.981869 0.462022 
0.057405 0.009257 0.491768 
0.018263 0.945210 0.018263 0.018263 
0.250000 0.250000 0.250000 0.250000 
 188
0.479817 0.008874 0.046210 
0.462778 0.981869 0.462022 
0.057405 0.009257 0.491768 
0.018263 0.945210 0.018263 0.018263 
0.250000 0.250000 0.250000 0.250000 
 189
0.479817 0.008874 0.046210 
0.462778 0.981869 0.462022 
0.057405 0.009257 0.491768 
0.018263 0.945210 0.018263 0.018263 
0.250000 0.250000 0.250000 0.250000 
 190
0.479817 0.008874 0.046210 
0.462778 0.981869 0.462022 
0.057405 0.009257 0.491768 
0.031186 0.932288 0.018263 0.018263 
0.250000 0.250000 0.250000 0.250000 
 191
0.479817 0.008874 0.046210 
0.462778 0.981869 0.462022 
0.057405 0.009257 0.491768 
0.018263 0.018263 0.029573 0.933901 
0.250000 0.250000 0.250000 0.250000 
 192
0.479817 0.008874 0.046210 
0.462778 0.981869 0.462022 
0.057405 0.009257 0.491768 
0.933808 0.018263 0.018263 0.029665 
0.250000 0.250000 0.250000 0.250000 
 193
0.479817 0.008874 0.046210 
0.462778 0.981869 0.462022 
0.057405 0.009257 0.491768 
0.018263 0.945210 0.018263 0.018263 
0.250000 0.250000 0.250000 0.250000 
 194
0.479817 0.008874 0.046210 
0.462778 0.981869 0.462022 
0.057405 0.009257 0.491768 
0.024221 0.018263 0.939252 0.018263 
0.250000 0.250000 0.250000 0.250000 
 195
0.479817 0.008874 0.046210 
0.462778 0.981869 0.462022 
0.057405 0.009257 0.491768 
0.018263 0.018263 0.945210 0.018263 
0.250000 0.250000 0.250000 0.250000 
 196
0.479817 0.008874 0.046210 
0.462778 0.981869 0.462022 
0.057405 0.009257 0.491768 
0.018263 0.018263 0.945210 0.018263 
0.250000 0.250000 0.250000 0.250000 
 197
0.479817 0.008874 0.046210 
0.462778 0.981869 0.462022 
0.057405 0.009257 0.491768 
0.018263 0.018263 0.945210 0.018263 
0.250000 0.250000 0.250000 0.250000 
 198
0.479817 0.008874 0.046210 
0.462778 0.981869 0.462022 
0.057405 0.009257 0.491768 
0.945210 0.018263 0.018263 0.018263 
0.250000 0.250000 0.250000 0.250000 
 199
0.479817 0.008874 0.046210 
0.462778 0.981869 0.462022 
0.057405 0.009257 0.491768 
0.018263 0.018263 0.018263 0.945210 
0.250000 0.250000 0.250000 0.250000 
 200
0.479817 0.008874 0.046210 
0.462778 0.981869 0.462022 
0.057405 0.009257 0.491768 
0.018263 0.018263 0.018263 0.945210 
0.250000 0.250000 0.250000 0.250000 
 201
0.479817 0.008874 0.046210 
0.462778 0.981869 0.462022 
0.057405 0.009257 0.491768 
0.024636 0.938837 0.018263 0.018263 
0.250000 0.250000 0.250000 0.250000 
 202
0.479817 0.008874 0.046210 
0.462778 0.981869 0.462022 
0.057405 0.009257 0.491768 
0.018263 0.018263 0.945210 0.018263 
0.250000 0.250000 0.250000 0.250000 
 203
0.479817 0.008874 0.046210 
0.462778 0.981869 0.462022 
0.057405 0.009257 0.491768 
0.945210 0.018263 0.018263 0.018263 
0.250000 0.250000 0.250000 0.250000 
 204
0.479817 0.008874 0.046210 
0.462778 0.981869 0.462022 
0.057405 0.009257 0.491768 
0.018263 0.018263 0.018263 0.945210 
0.250000 0.250000 0.250000 0.250000 
 205
0.479817 0.008874 0.046210 
0.462778 0.981869 0.462022 
0.057405 0.009257 0.491768 
0.018263 0.018263 0.024784 0.938690 
0.250000 0.250000 0.250000 0.250000 
 206
0.479817 0.008874 0.046210 
0.462778 0.981869 0.462022 
0.057405 0.009257 0.491768 
0.018263 0.018263 0.018263 0.945210 
0.250000 0.250000 0.250000 0.250000 
 207
0.479817 0.008874 0.046210 
0.462778 0.981869 0.462022 
0.057405 0.009257 0.491768 
0.018263 0.945210 0.018263 0.018263 
0.250000 0.250000 0.250000 0.250000 
 208
0.479817 0.008874 0.046210 
0.462778 0.981869 0.462022 
0.057405 0.009257 0.491768 
0.018263 0.945210 0.018263 0.018263 
0.250000 0.250000 0.250000 0.250000 
 209
0.479817 0.008874 0.046210 
0.462778 0.981869 0.462022 
0.057405 0.009257 0.491768 
0.018263 0.945210 0.018263 0.018263 
0.250000 0.250000 0.250000 0.250000 
 210
0.479817 0.008874 0.046210 
0.462778 0.981869 0.462022 
0.057405 0.009257 0.491768 
0.018263 0.018263 0.018263 0.945210 
0.250000 0.250000 0.250000 0.250000 
 211
0.479817 0.008874 0.046210 
0.462778 0.981869 0.462022 
0.057405 0.009257 0.491768 
0.945210 0.018263 0.018263 0.018263 
0.250000 0.250000 0.250000 0.250000 
 212
0.479817 0.008874 0.046210 
0.462778 0.981869 0.462022 
0.057405 0.009257 0.491768 
0.945210 0.018263 0.018263 0.018263 
0.250000 0.250000 0.250000 0.250000 
 213
0.479817 0.008874 0.046210 
0.462778 0.981869 0.462022 
0.057405 0.009257 0.491768 
0.945210 0.018263 0.018263 0.018263 
0.250000 0.250000 0.250000 0.250000 
 214
0.479817 0.008874 0.046210 
0.462778 0.981869 0.462022 
0.057405 0.009257 0.491768 
0.018263 0.018263 0.018263 0.945210 
0.250000 0.250000 0.250000 0.250000 
 215
0.479817 0.008874 0.046210 
0.462778 0.981869 0.462022 
0.057405 0.009257 0.491768 
0.018263 0.945210 0.018263 0.018263 
0.250000 0.250000 0.250000 0.250000 
 216
0.479817 0.008874 0.046210 
0.462778 0.981869 0.462022 
0.057405 0.009257 0.491768 
0.018263 0.018263 0.024320 0.939153 
0.250000 0.250000 0.250000 0.250000 
 217
0.479817 0.008874 0.046210 
0.462778 0.981869 0.462022 
0.057405 0.009257 0.491768 
0.945210 0.018263 0.018263 0.018263 
0.250000 0.250000 0.250000 0.250000 
 218
0.479817 0.008874 0.046210 
0.462778 0.981869 0.462022 
0.057405 0.009257 0.491768 
0.945210 0.018263 0.018263 0.018263 
0.250000 0.250000 0.250000 0.250000 
 219
0.479817 0.008874 0.046210 
0.462778 0.981869 0.462022 
0.057405 0.009257 0.491768 
0.018263 0.018263 0.945210 0.018263 
0.250000 0.250000 0.250000 0.250000 
 220
0.479817 0.008874 0.046210 
0.462778 0.981869 0.462022 
0.057405 0.009257 0.491768 
0.945210 0.018263 0.018263 0.018263 
0.250000 0.250000 0.250000 0.250000 
 221
0.479817 0.008874 0.046210 
0.462778 0.981869 0.462022 
0.057405 0.009257 0.491768 
0.018263 0.018263 0.018263 0.945210 
0.250000 0.250000 0.250000 0.250000 
 222
0.479817 0.008874 0.046210 
0.462778 0.981869 0.462022 
0.057405 0.009257 0.491768 
0.018263 0.018263 0.018263 0.945210 
0.250000 0.250000 0.250000 0.250000 
 223
0.479817 0.008874 0.046210 
0.462778 0.981869 0.462022 
0.057405 0.009257 0.491768 
0.018263 0.945210 0.018263 0.018263 
0.250000 0.250000 0.250000 0.250000 
 224
0.479817 0.008874 0.046210 
0.462778 0.981869 0.462022 
0.057405 0.009257 0.491768 
0.018263 0.018263 0.945210 0.018263 
0.250000 0.250000 0.250000 0.250000 
 225
0.479817 0.008874 0.046210 
0.462778 0.981869 0.462022 
0.057405 0.009257 0.491768 
0.018263 0.923641 0.018263 0.039832 
0.250000 0.250000 0.250000 0.250000 
 226
0.479817 0.008874 0.046210 
0.462778 0.981869 0.462022 
0.057405 0.009257 0.491768 
0.018263 0.945210 0.018263 0.018263 
0.250000 0.250000 0.250000 0.250000 
 227
0.479817 0.008874 0.046210 
0.462778 0.981869 0.462022 
0.057405 0.009257 0.491768 
0.018263 0.945210 0.018263 0.018263 
0.250000 0.250000 0.250000 0.250000 
 228
0.479817 0.008874 0.046210 
0.462778 0.981869 0.462022 
0.057405 0.009257 0.491768 
0.018366 0.024120 0.939148 0.018366 
0.250000 0.250000 0.250000 0.250000 
 229
0.479817 0.008874 0.046210 
0.462778 0.981869 0.462022 
0.057405 0.009257 0.491768 
0.018263 0.018263 0.018263 0.945210 
0.250000 0.250000 0.250000 0.250000 
 230
0.479817 0.008874 0.046210 
0.462778 0.981869 0.462022 
0.057405 0.009257 0.491768 
0.018263 0.945210 0.018263 0.018263 
0.250000 0.250000 0.250000 0.250000 
 231
0.479817 0.008874 0.046210 
0.462778 0.981869 0.462022 
0.057405 0.009257 0.491768 
0.018263 0.945210 0.018263 0.018263 
0.250000 0.250000 0.250000 0.250000 
 232
0.479817 0.008874 0.046210 
0.462778 0.981869 0.462022 
0.057405 0.009257 0.491768 
0.945210 0.018263 0.018263 0.018263 
0.250000 0.250000 0.250000 0.250000 
 233
0.479817 0.008874 0.046210 
0.462778 0.981869 0.462022 
0.057405 0.009257 0.491768 
0.018263 0.018263 0.018263 0.945210 
0.250000 0.250000 0.250000 0.250000 
 234
