%  SAM: /Volumes/gf_atl_2012/Tools/LABEL_RES/scripts/modelfromalign v3.5 (July 15, 2005) compiled 03/03/09_11:47:37
%  (c) 1992-2001 Regents of the University of California, Santa Cruz
%
%          Sequence Alignment and Modeling Software System
%         http://www.cse.ucsc.edu/research/compbio/sam.html
%
% ----------------- Citations (SAM, SAM-T2K, HMMs) --------------------
% R. Hughey, A. Krogh, Hidden Markov models for sequence analysis:
%  Extension and analysis of the basic method, CABIOS 12:95-107, 1996.
% K. Karplus, et al., What is the value added by human intervention in protein
%  structure prediction, Proteins: Stucture, Function, Genetics 45(S5):86--91, 2001.
% A. Krogh et al., Hidden Markov models in computational biology:
%  Applications to protein modeling, JMB 235:1501-1531, Feb 1994.
% ---------------------------------------------------------------------
%  B1_avNA_OR971_hmm   Host: m222714.cdc.gov    Fri Apr 12 12:08:01 2013
%  vfn4                Dir:  /Volumes/gf_atl_2012/Genotyping/H7/set_2013-04-05/base/c-B1_avNA
% ---------------------------------------------------------------------
%  Alignment weights from internal calc.  Total (6.08) Max (0.21) Min (0.14)
%  Weights from alignment method 1 (karplus), b=-1.000000, e=0.500000
MODEL --  Model from alignment file /Volumes/gf_atl_2012/Tools/LABEL_RES/training_data/H7/c-B1_avNA/B1_avNA_OR971.fasta
alphabet DNA
FREQAVE
0.000000 0.000000 0.000000 
0.000000 0.000000 0.000000 
0.000000 0.000000 0.000000 
0.328442 0.247884 0.192048 0.231626 
0.328442 0.247884 0.192048 0.231626 
Begin
0.000000 0.000000 0.000000 
0.000000 0.000000 0.000000 
0.000000 0.012021 0.491768 
0.250000 0.250000 0.250000 0.250000 
0.250000 0.250000 0.250000 0.250000 
   1
0.000000 0.019020 0.046210 
0.000000 0.968959 0.462022 
0.055082 0.012112 0.491768 
0.036143 0.891570 0.036143 0.036143 
0.250000 0.250000 0.250000 0.250000 
   2
0.500869 0.011610 0.046210 
0.444049 0.976278 0.462022 
0.055082 0.012112 0.491768 
0.891570 0.036143 0.036143 0.036143 
0.250000 0.250000 0.250000 0.250000 
   3
0.500869 0.011610 0.046210 
0.444049 0.976278 0.462022 
0.055082 0.012112 0.491768 
0.036143 0.036143 0.891570 0.036143 
0.250000 0.250000 0.250000 0.250000 
   4
0.500869 0.011610 0.046210 
0.444049 0.976278 0.462022 
0.055082 0.012112 0.491768 
0.891570 0.036143 0.036143 0.036143 
0.250000 0.250000 0.250000 0.250000 
   5
0.500869 0.011610 0.046210 
0.444049 0.976278 0.462022 
0.055082 0.012112 0.491768 
0.891570 0.036143 0.036143 0.036143 
0.250000 0.250000 0.250000 0.250000 
   6
0.500869 0.011610 0.046210 
0.444049 0.976278 0.462022 
0.055082 0.012112 0.491768 
0.891570 0.036143 0.036143 0.036143 
0.250000 0.250000 0.250000 0.250000 
   7
0.500869 0.011610 0.046210 
0.444049 0.976278 0.462022 
0.055082 0.012112 0.491768 
0.891570 0.036143 0.036143 0.036143 
0.250000 0.250000 0.250000 0.250000 
   8
0.500869 0.011610 0.046210 
0.444049 0.976278 0.462022 
0.055082 0.012112 0.491768 
0.036143 0.036143 0.036143 0.891570 
0.250000 0.250000 0.250000 0.250000 
   9
0.500869 0.011610 0.046210 
0.444049 0.976278 0.462022 
0.055082 0.012112 0.491768 
0.891570 0.036143 0.036143 0.036143 
0.250000 0.250000 0.250000 0.250000 
  10
0.500869 0.011610 0.046210 
0.444049 0.976278 0.462022 
0.055082 0.012112 0.491768 
0.036143 0.036143 0.036143 0.891570 
0.250000 0.250000 0.250000 0.250000 
  11
0.500869 0.011610 0.046210 
0.444049 0.976278 0.462022 
0.055082 0.012112 0.491768 
0.036143 0.891570 0.036143 0.036143 
0.250000 0.250000 0.250000 0.250000 
  12
0.500869 0.011610 0.046210 
0.444049 0.976278 0.462022 
0.055082 0.012112 0.491768 
0.036143 0.036143 0.504984 0.422730 
0.250000 0.250000 0.250000 0.250000 
  13
0.500869 0.011610 0.046210 
0.444049 0.976278 0.462022 
0.055082 0.012112 0.491768 
0.036143 0.036143 0.891570 0.036143 
0.250000 0.250000 0.250000 0.250000 
  14
0.500869 0.011610 0.046210 
0.444049 0.976278 0.462022 
0.055082 0.012112 0.491768 
0.036143 0.036143 0.036143 0.891570 
0.250000 0.250000 0.250000 0.250000 
  15
0.500869 0.011610 0.046210 
0.444049 0.976278 0.462022 
0.055082 0.012112 0.491768 
0.036143 0.036143 0.036143 0.891570 
0.250000 0.250000 0.250000 0.250000 
  16
0.500869 0.011610 0.046210 
0.444049 0.976278 0.462022 
0.055082 0.012112 0.491768 
0.036143 0.891570 0.036143 0.036143 
0.250000 0.250000 0.250000 0.250000 
  17
0.500869 0.011610 0.046210 
0.444049 0.976278 0.462022 
0.055082 0.012112 0.491768 
0.036143 0.891570 0.036143 0.036143 
0.250000 0.250000 0.250000 0.250000 
  18
0.500869 0.011610 0.046210 
0.444049 0.976278 0.462022 
0.055082 0.012112 0.491768 
0.435524 0.492189 0.036143 0.036143 
0.250000 0.250000 0.250000 0.250000 
  19
0.500869 0.011610 0.046210 
0.444049 0.976278 0.462022 
0.055082 0.012112 0.491768 
0.036143 0.036143 0.891570 0.036143 
0.250000 0.250000 0.250000 0.250000 
  20
0.500869 0.011610 0.046210 
0.444049 0.976278 0.462022 
0.055082 0.012112 0.491768 
0.891570 0.036143 0.036143 0.036143 
0.250000 0.250000 0.250000 0.250000 
  21
0.500869 0.011610 0.046210 
0.444049 0.976278 0.462022 
0.055082 0.012112 0.491768 
0.036143 0.036143 0.891570 0.036143 
0.250000 0.250000 0.250000 0.250000 
  22
0.500869 0.011610 0.046210 
0.444049 0.976278 0.462022 
0.055082 0.012112 0.491768 
0.036143 0.036143 0.891570 0.036143 
0.250000 0.250000 0.250000 0.250000 
  23
0.500869 0.011610 0.046210 
0.444049 0.976278 0.462022 
0.055082 0.012112 0.491768 
0.891570 0.036143 0.036143 0.036143 
0.250000 0.250000 0.250000 0.250000 
  24
0.500869 0.011610 0.046210 
0.444049 0.976278 0.462022 
0.055082 0.012112 0.491768 
0.036143 0.036143 0.036143 0.891570 
0.250000 0.250000 0.250000 0.250000 
  25
0.500869 0.011610 0.046210 
0.444049 0.976278 0.462022 
0.055082 0.012112 0.491768 
0.036143 0.891570 0.036143 0.036143 
0.250000 0.250000 0.250000 0.250000 
  26
0.500869 0.011610 0.046210 
0.444049 0.976278 0.462022 
0.055082 0.012112 0.491768 
0.036143 0.036143 0.891570 0.036143 
0.250000 0.250000 0.250000 0.250000 
  27
0.500869 0.011610 0.046210 
0.444049 0.976278 0.462022 
0.055082 0.012112 0.491768 
0.066160 0.036143 0.036143 0.861553 
0.250000 0.250000 0.250000 0.250000 
  28
0.500869 0.011610 0.046210 
0.444049 0.976278 0.462022 
0.055082 0.012112 0.491768 
0.036143 0.891570 0.036143 0.036143 
0.250000 0.250000 0.250000 0.250000 
  29
0.500869 0.011610 0.046210 
0.444049 0.976278 0.462022 
0.055082 0.012112 0.491768 
0.036143 0.036143 0.036143 0.891570 
0.250000 0.250000 0.250000 0.250000 
  30
0.500869 0.011610 0.046210 
0.444049 0.976278 0.462022 
0.055082 0.012112 0.491768 
0.036143 0.891570 0.036143 0.036143 
0.250000 0.250000 0.250000 0.250000 
  31
0.500869 0.011610 0.046210 
0.444049 0.976278 0.462022 
0.055082 0.012112 0.491768 
0.036143 0.891570 0.036143 0.036143 
0.250000 0.250000 0.250000 0.250000 
  32
0.500869 0.011610 0.046210 
0.444049 0.976278 0.462022 
0.055082 0.012112 0.491768 
0.058779 0.036143 0.800452 0.104625 
0.250000 0.250000 0.250000 0.250000 
  33
0.500869 0.011610 0.046210 
0.444049 0.976278 0.462022 
0.055082 0.012112 0.491768 
0.891570 0.036143 0.036143 0.036143 
0.250000 0.250000 0.250000 0.250000 
  34
0.500869 0.011610 0.046210 
0.444049 0.976278 0.462022 
0.055082 0.012112 0.491768 
0.891570 0.036143 0.036143 0.036143 
0.250000 0.250000 0.250000 0.250000 
  35
0.500869 0.011610 0.046210 
0.444049 0.976278 0.462022 
0.055082 0.012112 0.491768 
0.891570 0.036143 0.036143 0.036143 
0.250000 0.250000 0.250000 0.250000 
  36
0.500869 0.011610 0.046210 
0.444049 0.976278 0.462022 
0.055082 0.012112 0.491768 
0.036143 0.036143 0.225100 0.702613 
0.250000 0.250000 0.250000 0.250000 
  37
0.500869 0.011610 0.046210 
0.444049 0.976278 0.462022 
0.055082 0.012112 0.491768 
0.036143 0.891570 0.036143 0.036143 
0.250000 0.250000 0.250000 0.250000 
  38
0.500869 0.011610 0.046210 
0.444049 0.976278 0.462022 
0.055082 0.012112 0.491768 
0.036143 0.891570 0.036143 0.036143 
0.250000 0.250000 0.250000 0.250000 
  39
0.500869 0.011610 0.046210 
0.444049 0.976278 0.462022 
0.055082 0.012112 0.491768 
0.667841 0.259873 0.036143 0.036143 
0.250000 0.250000 0.250000 0.250000 
  40
0.500869 0.011610 0.046210 
0.444049 0.976278 0.462022 
0.055082 0.012112 0.491768 
0.891570 0.036143 0.036143 0.036143 
0.250000 0.250000 0.250000 0.250000 
  41
0.500869 0.011610 0.046210 
0.444049 0.976278 0.462022 
0.055082 0.012112 0.491768 
0.036143 0.036143 0.891570 0.036143 
0.250000 0.250000 0.250000 0.250000 
  42
0.500869 0.011610 0.046210 
0.444049 0.976278 0.462022 
0.055082 0.012112 0.491768 
0.891570 0.036143 0.036143 0.036143 
0.250000 0.250000 0.250000 0.250000 
  43
0.500869 0.011610 0.046210 
0.444049 0.976278 0.462022 
0.055082 0.012112 0.491768 
0.891570 0.036143 0.036143 0.036143 
0.250000 0.250000 0.250000 0.250000 
  44
0.500869 0.011610 0.046210 
0.444049 0.976278 0.462022 
0.055082 0.012112 0.491768 
0.891570 0.036143 0.036143 0.036143 
0.250000 0.250000 0.250000 0.250000 
  45
0.500869 0.011610 0.046210 
0.444049 0.976278 0.462022 
0.055082 0.012112 0.491768 
0.180253 0.747460 0.036143 0.036143 
0.250000 0.250000 0.250000 0.250000 
  46
0.500869 0.011610 0.046210 
0.444049 0.976278 0.462022 
0.055082 0.012112 0.491768 
0.036143 0.891570 0.036143 0.036143 
0.250000 0.250000 0.250000 0.250000 
  47
0.500869 0.011610 0.046210 
0.444049 0.976278 0.462022 
0.055082 0.012112 0.491768 
0.036143 0.036143 0.036143 0.891570 
0.250000 0.250000 0.250000 0.250000 
  48
0.500869 0.011610 0.046210 
0.444049 0.976278 0.462022 
0.055082 0.012112 0.491768 
0.036143 0.891570 0.036143 0.036143 
0.250000 0.250000 0.250000 0.250000 
  49
0.500869 0.011610 0.046210 
0.444049 0.976278 0.462022 
0.055082 0.012112 0.491768 
0.891570 0.036143 0.036143 0.036143 
0.250000 0.250000 0.250000 0.250000 
  50
0.500869 0.011610 0.046210 
0.444049 0.976278 0.462022 
0.055082 0.012112 0.491768 
0.891570 0.036143 0.036143 0.036143 
0.250000 0.250000 0.250000 0.250000 
  51
0.500869 0.011610 0.046210 
0.444049 0.976278 0.462022 
0.055082 0.012112 0.491768 
0.036143 0.036143 0.891570 0.036143 
0.250000 0.250000 0.250000 0.250000 
  52
0.500869 0.011610 0.046210 
0.444049 0.976278 0.462022 
0.055082 0.012112 0.491768 
0.891570 0.036143 0.036143 0.036143 
0.250000 0.250000 0.250000 0.250000 
  53
0.500869 0.011610 0.046210 
0.444049 0.976278 0.462022 
0.055082 0.012112 0.491768 
0.036143 0.036143 0.891570 0.036143 
0.250000 0.250000 0.250000 0.250000 
  54
0.500869 0.011610 0.046210 
0.444049 0.976278 0.462022 
0.055082 0.012112 0.491768 
0.319430 0.608283 0.036143 0.036143 
0.250000 0.250000 0.250000 0.250000 
  55
0.500869 0.011610 0.046210 
0.444049 0.976278 0.462022 
0.055082 0.012112 0.491768 
0.036143 0.036143 0.865365 0.062348 
0.250000 0.250000 0.250000 0.250000 
  56
0.500869 0.011610 0.046210 
0.444049 0.976278 0.462022 
0.055082 0.012112 0.491768 
0.036143 0.036143 0.036143 0.891570 
0.250000 0.250000 0.250000 0.250000 
  57
0.500869 0.011610 0.046210 
0.444049 0.976278 0.462022 
0.055082 0.012112 0.491768 
0.891570 0.036143 0.036143 0.036143 
0.250000 0.250000 0.250000 0.250000 
  58
0.500869 0.011610 0.046210 
0.444049 0.976278 0.462022 
0.055082 0.012112 0.491768 
0.891570 0.036143 0.036143 0.036143 
0.250000 0.250000 0.250000 0.250000 
  59
0.500869 0.011610 0.046210 
0.444049 0.976278 0.462022 
0.055082 0.012112 0.491768 
0.036143 0.036143 0.891570 0.036143 
0.250000 0.250000 0.250000 0.250000 
  60
0.500869 0.011610 0.046210 
0.444049 0.976278 0.462022 
0.055082 0.012112 0.491768 
0.867249 0.060464 0.036143 0.036143 
0.250000 0.250000 0.250000 0.250000 
  61
0.500869 0.011610 0.046210 
0.444049 0.976278 0.462022 
0.055082 0.012112 0.491768 
0.036143 0.891570 0.036143 0.036143 
0.250000 0.250000 0.250000 0.250000 
  62
0.500869 0.011610 0.046210 
0.444049 0.976278 0.462022 
0.055082 0.012112 0.491768 
0.891570 0.036143 0.036143 0.036143 
0.250000 0.250000 0.250000 0.250000 
  63
0.500869 0.011610 0.046210 
0.444049 0.976278 0.462022 
0.055082 0.012112 0.491768 
0.088982 0.838732 0.036143 0.036143 
0.250000 0.250000 0.250000 0.250000 
  64
0.500869 0.011610 0.046210 
0.444049 0.976278 0.462022 
0.055082 0.012112 0.491768 
0.891570 0.036143 0.036143 0.036143 
0.250000 0.250000 0.250000 0.250000 
  65
0.500869 0.011610 0.046210 
0.444049 0.976278 0.462022 
0.055082 0.012112 0.491768 
0.104625 0.823088 0.036143 0.036143 
0.250000 0.250000 0.250000 0.250000 
  66
0.500869 0.011610 0.046210 
0.444049 0.976278 0.462022 
0.055082 0.012112 0.491768 
0.336463 0.591250 0.036143 0.036143 
0.250000 0.250000 0.250000 0.250000 
  67
0.500869 0.011610 0.046210 
0.444049 0.976278 0.462022 
0.055082 0.012112 0.491768 
0.036143 0.891570 0.036143 0.036143 
0.250000 0.250000 0.250000 0.250000 
  68
0.500869 0.011610 0.046210 
0.444049 0.976278 0.462022 
0.055082 0.012112 0.491768 
0.036143 0.891570 0.036143 0.036143 
0.250000 0.250000 0.250000 0.250000 
  69
0.500869 0.011610 0.046210 
0.444049 0.976278 0.462022 
0.055082 0.012112 0.491768 
0.184790 0.742923 0.036143 0.036143 
0.250000 0.250000 0.250000 0.250000 
  70
0.500869 0.011610 0.046210 
0.444049 0.976278 0.462022 
0.055082 0.012112 0.491768 
0.891570 0.036143 0.036143 0.036143 
0.250000 0.250000 0.250000 0.250000 
  71
0.500869 0.011610 0.046210 
0.444049 0.976278 0.462022 
0.055082 0.012112 0.491768 
0.036143 0.036143 0.036143 0.891570 
0.250000 0.250000 0.250000 0.250000 
  72
0.500869 0.011610 0.046210 
0.444049 0.976278 0.462022 
0.055082 0.012112 0.491768 
0.036143 0.036143 0.036143 0.891570 
0.250000 0.250000 0.250000 0.250000 
  73
0.500869 0.011610 0.046210 
0.444049 0.976278 0.462022 
0.055082 0.012112 0.491768 
0.036143 0.891570 0.036143 0.036143 
0.250000 0.250000 0.250000 0.250000 
  74
0.500869 0.011610 0.046210 
0.444049 0.976278 0.462022 
0.055082 0.012112 0.491768 
0.891570 0.036143 0.036143 0.036143 
0.250000 0.250000 0.250000 0.250000 
  75
0.500869 0.011610 0.046210 
0.444049 0.976278 0.462022 
0.055082 0.012112 0.491768 
0.355441 0.572272 0.036143 0.036143 
0.250000 0.250000 0.250000 0.250000 
  76
0.500869 0.011610 0.046210 
0.444049 0.976278 0.462022 
0.055082 0.012112 0.491768 
0.036143 0.891570 0.036143 0.036143 
0.250000 0.250000 0.250000 0.250000 
  77
0.500869 0.011610 0.046210 
0.444049 0.976278 0.462022 
0.055082 0.012112 0.491768 
0.036143 0.036143 0.036143 0.891570 
0.250000 0.250000 0.250000 0.250000 
  78
0.500869 0.011610 0.046210 
0.444049 0.976278 0.462022 
0.055082 0.012112 0.491768 
0.891570 0.036143 0.036143 0.036143 
0.250000 0.250000 0.250000 0.250000 
  79
0.500869 0.011610 0.046210 
0.444049 0.976278 0.462022 
0.055082 0.012112 0.491768 
0.036143 0.891570 0.036143 0.036143 
0.250000 0.250000 0.250000 0.250000 
  80
0.500869 0.011610 0.046210 
0.444049 0.976278 0.462022 
0.055082 0.012112 0.491768 
0.036143 0.036143 0.036143 0.891570 
0.250000 0.250000 0.250000 0.250000 
  81
0.500869 0.011610 0.046210 
0.444049 0.976278 0.462022 
0.055082 0.012112 0.491768 
0.134529 0.793184 0.036143 0.036143 
0.250000 0.250000 0.250000 0.250000 
  82
0.500869 0.011610 0.046210 
0.444049 0.976278 0.462022 
0.055082 0.012112 0.491768 
0.891570 0.036143 0.036143 0.036143 
0.250000 0.250000 0.250000 0.250000 
  83
0.500869 0.011610 0.046210 
0.444049 0.976278 0.462022 
0.055082 0.012112 0.491768 
0.891570 0.036143 0.036143 0.036143 
0.250000 0.250000 0.250000 0.250000 
  84
0.500869 0.011610 0.046210 
0.444049 0.976278 0.462022 
0.055082 0.012112 0.491768 
0.036143 0.036143 0.036143 0.891570 
0.250000 0.250000 0.250000 0.250000 
  85
0.500869 0.011610 0.046210 
0.444049 0.976278 0.462022 
0.055082 0.012112 0.491768 
0.036143 0.891570 0.036143 0.036143 
0.250000 0.250000 0.250000 0.250000 
  86
0.500869 0.011610 0.046210 
0.444049 0.976278 0.462022 
0.055082 0.012112 0.491768 
0.036143 0.036143 0.891570 0.036143 
0.250000 0.250000 0.250000 0.250000 
  87
0.500869 0.011610 0.046210 
0.444049 0.976278 0.462022 
0.055082 0.012112 0.491768 
0.036143 0.036143 0.478380 0.449333 
0.250000 0.250000 0.250000 0.250000 
  88
0.500869 0.011610 0.046210 
0.444049 0.976278 0.462022 
0.055082 0.012112 0.491768 
0.891570 0.036143 0.036143 0.036143 
0.250000 0.250000 0.250000 0.250000 
  89
0.500869 0.011610 0.046210 
0.444049 0.976278 0.462022 
0.055082 0.012112 0.491768 
0.036143 0.036143 0.891570 0.036143 
0.250000 0.250000 0.250000 0.250000 
  90
0.500869 0.011610 0.046210 
0.444049 0.976278 0.462022 
0.055082 0.012112 0.491768 
0.253608 0.674105 0.036143 0.036143 
0.250000 0.250000 0.250000 0.250000 
  91
0.500869 0.011610 0.046210 
0.444049 0.976278 0.462022 
0.055082 0.012112 0.491768 
0.036143 0.891570 0.036143 0.036143 
0.250000 0.250000 0.250000 0.250000 
  92
0.500869 0.011610 0.046210 
0.444049 0.976278 0.462022 
0.055082 0.012112 0.491768 
0.891570 0.036143 0.036143 0.036143 
0.250000 0.250000 0.250000 0.250000 
  93
0.500869 0.011610 0.046210 
0.444049 0.976278 0.462022 
0.055082 0.012112 0.491768 
0.251500 0.676213 0.036143 0.036143 
0.250000 0.250000 0.250000 0.250000 
  94
0.500869 0.011610 0.046210 
0.444049 0.976278 0.462022 
0.055082 0.012112 0.491768 
0.891570 0.036143 0.036143 0.036143 
0.250000 0.250000 0.250000 0.250000 
  95
0.500869 0.011610 0.046210 
0.444049 0.976278 0.462022 
0.055082 0.012112 0.491768 
0.036143 0.036143 0.891570 0.036143 
0.250000 0.250000 0.250000 0.250000 
  96
0.500869 0.011610 0.046210 
0.444049 0.976278 0.462022 
0.055082 0.012112 0.491768 
0.233718 0.693995 0.036143 0.036143 
0.250000 0.250000 0.250000 0.250000 
  97
0.500869 0.011610 0.046210 
0.444049 0.976278 0.462022 
0.055082 0.012112 0.491768 
0.036143 0.891570 0.036143 0.036143 
0.250000 0.250000 0.250000 0.250000 
  98
0.500869 0.011610 0.046210 
0.444049 0.976278 0.462022 
0.055082 0.012112 0.491768 
0.036143 0.036143 0.036143 0.891570 
0.250000 0.250000 0.250000 0.250000 
  99
0.500869 0.011610 0.046210 
0.444049 0.976278 0.462022 
0.055082 0.012112 0.491768 
0.234202 0.693512 0.036143 0.036143 
0.250000 0.250000 0.250000 0.250000 
 100
0.500869 0.011610 0.046210 
0.444049 0.976278 0.462022 
0.055082 0.012112 0.491768 
0.036143 0.891570 0.036143 0.036143 
0.250000 0.250000 0.250000 0.250000 
 101
0.500869 0.011610 0.046210 
0.444049 0.976278 0.462022 
0.055082 0.012112 0.491768 
0.891570 0.036143 0.036143 0.036143 
0.250000 0.250000 0.250000 0.250000 
 102
0.500869 0.011610 0.046210 
0.444049 0.976278 0.462022 
0.055082 0.012112 0.491768 
0.891570 0.036143 0.036143 0.036143 
0.250000 0.250000 0.250000 0.250000 
 103
0.500869 0.011610 0.046210 
0.444049 0.976278 0.462022 
0.055082 0.012112 0.491768 
0.788198 0.139515 0.036143 0.036143 
0.250000 0.250000 0.250000 0.250000 
 104
0.500869 0.011610 0.046210 
0.444049 0.976278 0.462022 
0.055082 0.012112 0.491768 
0.036143 0.036143 0.891570 0.036143 
0.250000 0.250000 0.250000 0.250000 
 105
0.500869 0.011610 0.046210 
0.444049 0.976278 0.462022 
0.055082 0.012112 0.491768 
0.036143 0.036143 0.420693 0.507020 
0.250000 0.250000 0.250000 0.250000 
 106
0.500869 0.011610 0.046210 
0.444049 0.976278 0.462022 
0.055082 0.012112 0.491768 
0.036143 0.891570 0.036143 0.036143 
0.250000 0.250000 0.250000 0.250000 
 107
0.500869 0.011610 0.046210 
0.444049 0.976278 0.462022 
0.055082 0.012112 0.491768 
0.036143 0.036143 0.871544 0.056170 
0.250000 0.250000 0.250000 0.250000 
 108
0.500869 0.011610 0.046210 
0.444049 0.976278 0.462022 
0.055082 0.012112 0.491768 
0.225100 0.675446 0.036143 0.063310 
0.250000 0.250000 0.250000 0.250000 
 109
0.500869 0.011610 0.046210 
0.444049 0.976278 0.462022 
0.055082 0.012112 0.491768 
0.891570 0.036143 0.036143 0.036143 
0.250000 0.250000 0.250000 0.250000 
 110
0.500869 0.011610 0.046210 
0.444049 0.976278 0.462022 
0.055082 0.012112 0.491768 
0.839694 0.088019 0.036143 0.036143 
0.250000 0.250000 0.250000 0.250000 
 111
0.500869 0.011610 0.046210 
0.444049 0.976278 0.462022 
0.055082 0.012112 0.491768 
0.036143 0.036143 0.088982 0.838732 
0.250000 0.250000 0.250000 0.250000 
 112
0.500869 0.011610 0.046210 
0.444049 0.976278 0.462022 
0.055082 0.012112 0.491768 
0.891570 0.036143 0.036143 0.036143 
0.250000 0.250000 0.250000 0.250000 
 113
0.500869 0.011610 0.046210 
0.444049 0.976278 0.462022 
0.055082 0.012112 0.491768 
0.036143 0.036143 0.036143 0.891570 
0.250000 0.250000 0.250000 0.250000 
 114
0.500869 0.011610 0.046210 
0.444049 0.976278 0.462022 
0.055082 0.012112 0.491768 
0.036143 0.036143 0.704604 0.223110 
0.250000 0.250000 0.250000 0.250000 
 115
0.500869 0.011610 0.046210 
0.444049 0.976278 0.462022 
0.055082 0.012112 0.491768 
0.062348 0.865365 0.036143 0.036143 
0.250000 0.250000 0.250000 0.250000 
 116
0.500869 0.011610 0.046210 
0.444049 0.976278 0.462022 
0.055082 0.012112 0.491768 
0.447932 0.479781 0.036143 0.036143 
0.250000 0.250000 0.250000 0.250000 
 117
0.500869 0.011610 0.046210 
0.444049 0.976278 0.462022 
0.055082 0.012112 0.491768 
0.036143 0.891570 0.036143 0.036143 
0.250000 0.250000 0.250000 0.250000 
 118
0.500869 0.011610 0.046210 
0.444049 0.976278 0.462022 
0.055082 0.012112 0.491768 
0.891570 0.036143 0.036143 0.036143 
0.250000 0.250000 0.250000 0.250000 
 119
0.500869 0.011610 0.046210 
0.444049 0.976278 0.462022 
0.055082 0.012112 0.491768 
0.891570 0.036143 0.036143 0.036143 
0.250000 0.250000 0.250000 0.250000 
 120
0.500869 0.011610 0.046210 
0.444049 0.976278 0.462022 
0.055082 0.012112 0.491768 
0.694622 0.233091 0.036143 0.036143 
0.250000 0.250000 0.250000 0.250000 
 121
0.500869 0.011610 0.046210 
0.444049 0.976278 0.462022 
0.055082 0.012112 0.491768 
0.891570 0.036143 0.036143 0.036143 
0.250000 0.250000 0.250000 0.250000 
 122
0.500869 0.011610 0.046210 
0.444049 0.976278 0.462022 
0.055082 0.012112 0.491768 
0.036143 0.036143 0.079989 0.847725 
0.250000 0.250000 0.250000 0.250000 
 123
0.500869 0.011610 0.046210 
0.444049 0.976278 0.462022 
0.055082 0.012112 0.491768 
0.060626 0.036143 0.867087 0.036143 
0.250000 0.250000 0.250000 0.250000 
 124
0.500869 0.011610 0.046210 
0.444049 0.976278 0.462022 
0.055082 0.012112 0.491768 
0.062041 0.036143 0.036143 0.865672 
0.250000 0.250000 0.250000 0.250000 
 125
0.500869 0.011610 0.046210 
0.444049 0.976278 0.462022 
0.055082 0.012112 0.491768 
0.036143 0.891570 0.036143 0.036143 
0.250000 0.250000 0.250000 0.250000 
 126
0.500869 0.011610 0.046210 
0.444049 0.976278 0.462022 
0.055082 0.012112 0.491768 
0.036143 0.036143 0.891570 0.036143 
0.250000 0.250000 0.250000 0.250000 
 127
0.500869 0.011610 0.046210 
0.444049 0.976278 0.462022 
0.055082 0.012112 0.491768 
0.891570 0.036143 0.036143 0.036143 
0.250000 0.250000 0.250000 0.250000 
 128
0.500869 0.011610 0.046210 
0.444049 0.976278 0.462022 
0.055082 0.012112 0.491768 
0.036143 0.036143 0.891570 0.036143 
0.250000 0.250000 0.250000 0.250000 
 129
0.500869 0.011610 0.046210 
0.444049 0.976278 0.462022 
0.055082 0.012112 0.491768 
0.036143 0.036143 0.891570 0.036143 
0.250000 0.250000 0.250000 0.250000 
 130
0.500869 0.011610 0.046210 
0.444049 0.976278 0.462022 
0.055082 0.012112 0.491768 
0.184790 0.036143 0.742923 0.036143 
0.250000 0.250000 0.250000 0.250000 
 131
0.500869 0.011610 0.046210 
0.444049 0.976278 0.462022 
0.055082 0.012112 0.491768 
0.891570 0.036143 0.036143 0.036143 
0.250000 0.250000 0.250000 0.250000 
 132
0.500869 0.011610 0.046210 
0.444049 0.976278 0.462022 
0.055082 0.012112 0.491768 
0.702185 0.225528 0.036143 0.036143 
0.250000 0.250000 0.250000 0.250000 
 133
0.500869 0.011610 0.046210 
0.444049 0.976278 0.462022 
0.055082 0.012112 0.491768 
0.036143 0.891570 0.036143 0.036143 
0.250000 0.250000 0.250000 0.250000 
 134
0.500869 0.011610 0.046210 
0.444049 0.976278 0.462022 
0.055082 0.012112 0.491768 
0.036143 0.891570 0.036143 0.036143 
0.250000 0.250000 0.250000 0.250000 
 135
0.500869 0.011610 0.046210 
0.444049 0.976278 0.462022 
0.055082 0.012112 0.491768 
0.036143 0.891570 0.036143 0.036143 
0.250000 0.250000 0.250000 0.250000 
 136
0.500869 0.011610 0.046210 
0.444049 0.976278 0.462022 
0.055082 0.012112 0.491768 
0.891570 0.036143 0.036143 0.036143 
0.250000 0.250000 0.250000 0.250000 
 137
0.500869 0.011610 0.046210 
0.444049 0.976278 0.462022 
0.055082 0.012112 0.491768 
0.891570 0.036143 0.036143 0.036143 
0.250000 0.250000 0.250000 0.250000 
 138
0.500869 0.011610 0.046210 
0.444049 0.976278 0.462022 
0.055082 0.012112 0.491768 
0.891570 0.036143 0.036143 0.036143 
0.250000 0.250000 0.250000 0.250000 
 139
0.500869 0.011610 0.046210 
0.444049 0.976278 0.462022 
0.055082 0.012112 0.491768 
0.891570 0.036143 0.036143 0.036143 
0.250000 0.250000 0.250000 0.250000 
 140
0.500869 0.011610 0.046210 
0.444049 0.976278 0.462022 
0.055082 0.012112 0.491768 
0.036143 0.891570 0.036143 0.036143 
0.250000 0.250000 0.250000 0.250000 
 141
0.500869 0.011610 0.046210 
0.444049 0.976278 0.462022 
0.055082 0.012112 0.491768 
0.036143 0.891570 0.036143 0.036143 
0.250000 0.250000 0.250000 0.250000 
 142
0.500869 0.011610 0.046210 
0.444049 0.976278 0.462022 
0.055082 0.012112 0.491768 
0.036143 0.036143 0.861553 0.066160 
0.250000 0.250000 0.250000 0.250000 
 143
0.500869 0.011610 0.046210 
0.444049 0.976278 0.462022 
0.055082 0.012112 0.491768 
0.036143 0.036143 0.891570 0.036143 
0.250000 0.250000 0.250000 0.250000 
 144
0.500869 0.011610 0.046210 
0.444049 0.976278 0.462022 
0.055082 0.012112 0.491768 
0.891570 0.036143 0.036143 0.036143 
0.250000 0.250000 0.250000 0.250000 
 145
0.500869 0.011610 0.046210 
0.444049 0.976278 0.462022 
0.055082 0.012112 0.491768 
0.891570 0.036143 0.036143 0.036143 
0.250000 0.250000 0.250000 0.250000 
 146
0.500869 0.011610 0.046210 
0.444049 0.976278 0.462022 
0.055082 0.012112 0.491768 
0.036143 0.036143 0.891570 0.036143 
0.250000 0.250000 0.250000 0.250000 
 147
0.500869 0.011610 0.046210 
0.444049 0.976278 0.462022 
0.055082 0.012112 0.491768 
0.640674 0.036143 0.287040 0.036143 
0.250000 0.250000 0.250000 0.250000 
 148
0.500869 0.011610 0.046210 
0.444049 0.976278 0.462022 
0.055082 0.012112 0.491768 
0.036143 0.891570 0.036143 0.036143 
0.250000 0.250000 0.250000 0.250000 
 149
0.500869 0.011610 0.046210 
0.444049 0.976278 0.462022 
0.055082 0.012112 0.491768 
0.891570 0.036143 0.036143 0.036143 
0.250000 0.250000 0.250000 0.250000 
 150
0.500869 0.011610 0.046210 
0.444049 0.976278 0.462022 
0.055082 0.012112 0.491768 
0.036143 0.036143 0.891570 0.036143 
0.250000 0.250000 0.250000 0.250000 
 151
0.500869 0.011610 0.046210 
0.444049 0.976278 0.462022 
0.055082 0.012112 0.491768 
0.081535 0.036143 0.678078 0.204244 
0.250000 0.250000 0.250000 0.250000 
 152
0.500869 0.011610 0.046210 
0.444049 0.976278 0.462022 
0.055082 0.012112 0.491768 
0.036143 0.036143 0.063310 0.864403 
0.250000 0.250000 0.250000 0.250000 
 153
0.500869 0.011610 0.046210 
0.444049 0.976278 0.462022 
0.055082 0.012112 0.491768 
0.036143 0.864403 0.036143 0.063310 
0.250000 0.250000 0.250000 0.250000 
 154
0.500869 0.011610 0.046210 
0.444049 0.976278 0.462022 
0.055082 0.012112 0.491768 
0.063310 0.864403 0.036143 0.036143 
0.250000 0.250000 0.250000 0.250000 
 155
0.500869 0.011610 0.046210 
0.444049 0.976278 0.462022 
0.055082 0.012112 0.491768 
0.036143 0.891570 0.036143 0.036143 
0.250000 0.250000 0.250000 0.250000 
 156
0.500869 0.011610 0.046210 
0.444049 0.976278 0.462022 
0.055082 0.012112 0.491768 
0.834386 0.093327 0.036143 0.036143 
0.250000 0.250000 0.250000 0.250000 
 157
0.500869 0.011610 0.046210 
0.444049 0.976278 0.462022 
0.055082 0.012112 0.491768 
0.036143 0.036143 0.891570 0.036143 
0.250000 0.250000 0.250000 0.250000 
 158
0.500869 0.011610 0.046210 
0.444049 0.976278 0.462022 
0.055082 0.012112 0.491768 
0.891570 0.036143 0.036143 0.036143 
0.250000 0.250000 0.250000 0.250000 
 159
0.500869 0.011610 0.046210 
0.444049 0.976278 0.462022 
0.055082 0.012112 0.491768 
0.891570 0.036143 0.036143 0.036143 
0.250000 0.250000 0.250000 0.250000 
 160
0.500869 0.011610 0.046210 
0.444049 0.976278 0.462022 
0.055082 0.012112 0.491768 
0.036143 0.036143 0.036143 0.891570 
0.250000 0.250000 0.250000 0.250000 
 161
0.500869 0.011610 0.046210 
0.444049 0.976278 0.462022 
0.055082 0.012112 0.491768 
0.036143 0.891570 0.036143 0.036143 
0.250000 0.250000 0.250000 0.250000 
 162
0.500869 0.011610 0.046210 
0.444049 0.976278 0.462022 
0.055082 0.012112 0.491768 
0.036143 0.036143 0.063310 0.864403 
0.250000 0.250000 0.250000 0.250000 
 163
0.500869 0.011610 0.046210 
0.444049 0.976278 0.462022 
0.055082 0.012112 0.491768 
0.036143 0.891570 0.036143 0.036143 
0.250000 0.250000 0.250000 0.250000 
 164
0.500869 0.011610 0.046210 
0.444049 0.976278 0.462022 
0.055082 0.012112 0.491768 
0.036143 0.891570 0.036143 0.036143 
0.250000 0.250000 0.250000 0.250000 
 165
0.500869 0.011610 0.046210 
0.444049 0.976278 0.462022 
0.055082 0.012112 0.491768 
0.683564 0.244149 0.036143 0.036143 
0.250000 0.250000 0.250000 0.250000 
 166
0.500869 0.011610 0.046210 
0.444049 0.976278 0.462022 
0.055082 0.012112 0.491768 
0.036143 0.036143 0.891570 0.036143 
0.250000 0.250000 0.250000 0.250000 
 167
0.500869 0.011610 0.046210 
0.444049 0.976278 0.462022 
0.055082 0.012112 0.491768 
0.036143 0.036143 0.036143 0.891570 
0.250000 0.250000 0.250000 0.250000 
 168
0.500869 0.011610 0.046210 
0.444049 0.976278 0.462022 
0.055082 0.012112 0.491768 
0.036143 0.036143 0.891570 0.036143 
0.250000 0.250000 0.250000 0.250000 
 169
0.500869 0.011610 0.046210 
0.444049 0.976278 0.462022 
0.055082 0.012112 0.491768 
0.036143 0.036143 0.861553 0.066160 
0.250000 0.250000 0.250000 0.250000 
 170
0.500869 0.011610 0.046210 
0.444049 0.976278 0.462022 
0.055082 0.012112 0.491768 
0.036143 0.036143 0.036143 0.891570 
0.250000 0.250000 0.250000 0.250000 
 171
0.500869 0.011610 0.046210 
0.444049 0.976278 0.462022 
0.055082 0.012112 0.491768 
0.891570 0.036143 0.036143 0.036143 
0.250000 0.250000 0.250000 0.250000 
 172
0.500869 0.011610 0.046210 
0.444049 0.976278 0.462022 
0.055082 0.012112 0.491768 
0.036143 0.891570 0.036143 0.036143 
0.250000 0.250000 0.250000 0.250000 
 173
0.500869 0.011610 0.046210 
0.444049 0.976278 0.462022 
0.055082 0.012112 0.491768 
0.036143 0.891570 0.036143 0.036143 
0.250000 0.250000 0.250000 0.250000 
 174
0.500869 0.011610 0.046210 
0.444049 0.976278 0.462022 
0.055082 0.012112 0.491768 
0.866539 0.061174 0.036143 0.036143 
0.250000 0.250000 0.250000 0.250000 
 175
0.500869 0.011610 0.046210 
0.444049 0.976278 0.462022 
0.055082 0.012112 0.491768 
0.891570 0.036143 0.036143 0.036143 
0.250000 0.250000 0.250000 0.250000 
 176
0.500869 0.011610 0.046210 
0.444049 0.976278 0.462022 
0.055082 0.012112 0.491768 
0.036143 0.036143 0.891570 0.036143 
0.250000 0.250000 0.250000 0.250000 
 177
0.500869 0.011610 0.046210 
0.444049 0.976278 0.462022 
0.055082 0.012112 0.491768 
0.180253 0.036143 0.747460 0.036143 
0.250000 0.250000 0.250000 0.250000 
 178
0.500869 0.011610 0.046210 
0.444049 0.976278 0.462022 
0.055082 0.012112 0.491768 
0.036143 0.036143 0.891570 0.036143 
0.250000 0.250000 0.250000 0.250000 
 179
0.500869 0.011610 0.046210 
0.444049 0.976278 0.462022 
0.055082 0.012112 0.491768 
0.036143 0.036143 0.036143 0.891570 
0.250000 0.250000 0.250000 0.250000 
 180
0.500869 0.011610 0.046210 
0.444049 0.976278 0.462022 
0.055082 0.012112 0.491768 
0.891570 0.036143 0.036143 0.036143 
0.250000 0.250000 0.250000 0.250000 
 181
0.500869 0.011610 0.046210 
0.444049 0.976278 0.462022 
0.055082 0.012112 0.491768 
0.891570 0.036143 0.036143 0.036143 
0.250000 0.250000 0.250000 0.250000 
 182
0.500869 0.011610 0.046210 
0.444049 0.976278 0.462022 
0.055082 0.012112 0.491768 
0.036143 0.036143 0.036143 0.891570 
0.250000 0.250000 0.250000 0.250000 
 183
0.500869 0.011610 0.046210 
0.444049 0.976278 0.462022 
0.055082 0.012112 0.491768 
0.891570 0.036143 0.036143 0.036143 
0.250000 0.250000 0.250000 0.250000 
 184
0.500869 0.011610 0.046210 
0.444049 0.976278 0.462022 
0.055082 0.012112 0.491768 
0.036143 0.891570 0.036143 0.036143 
0.250000 0.250000 0.250000 0.250000 
 185
0.500869 0.011610 0.046210 
0.444049 0.976278 0.462022 
0.055082 0.012112 0.491768 
0.036143 0.891570 0.036143 0.036143 
0.250000 0.250000 0.250000 0.250000 
 186
0.500869 0.011610 0.046210 
0.444049 0.976278 0.462022 
0.055082 0.012112 0.491768 
0.747460 0.180253 0.036143 0.036143 
0.250000 0.250000 0.250000 0.250000 
 187
0.500869 0.011610 0.046210 
0.444049 0.976278 0.462022 
0.055082 0.012112 0.491768 
0.036143 0.036143 0.891570 0.036143 
0.250000 0.250000 0.250000 0.250000 
 188
0.500869 0.011610 0.046210 
0.444049 0.976278 0.462022 
0.055082 0.012112 0.491768 
0.036143 0.036143 0.891570 0.036143 
0.250000 0.250000 0.250000 0.250000 
 189
0.500869 0.011610 0.046210 
0.444049 0.976278 0.462022 
0.055082 0.012112 0.491768 
0.036143 0.036143 0.036143 0.891570 
0.250000 0.250000 0.250000 0.250000 
 190
0.500869 0.011610 0.046210 
0.444049 0.976278 0.462022 
0.055082 0.012112 0.491768 
0.036143 0.036143 0.891570 0.036143 
0.250000 0.250000 0.250000 0.250000 
 191
0.500869 0.011610 0.046210 
0.444049 0.976278 0.462022 
0.055082 0.012112 0.491768 
0.036143 0.036143 0.891570 0.036143 
0.250000 0.250000 0.250000 0.250000 
 192
0.500869 0.011610 0.046210 
0.444049 0.976278 0.462022 
0.055082 0.012112 0.491768 
0.180253 0.036143 0.652026 0.131578 
0.250000 0.250000 0.250000 0.250000 
 193
0.500869 0.011610 0.046210 
0.444049 0.976278 0.462022 
0.055082 0.012112 0.491768 
0.036143 0.036143 0.891570 0.036143 
0.250000 0.250000 0.250000 0.250000 
 194
0.500869 0.011610 0.046210 
0.444049 0.976278 0.462022 
0.055082 0.012112 0.491768 
0.891570 0.036143 0.036143 0.036143 
0.250000 0.250000 0.250000 0.250000 
 195
0.500869 0.011610 0.046210 
0.444049 0.976278 0.462022 
0.055082 0.012112 0.491768 
0.865365 0.062348 0.036143 0.036143 
0.250000 0.250000 0.250000 0.250000 
 196
0.500869 0.011610 0.046210 
0.444049 0.976278 0.462022 
0.055082 0.012112 0.491768 
0.036143 0.036143 0.036143 0.891570 
0.250000 0.250000 0.250000 0.250000 
 197
0.500869 0.011610 0.046210 
0.444049 0.976278 0.462022 
0.055082 0.012112 0.491768 
0.036143 0.891570 0.036143 0.036143 
0.250000 0.250000 0.250000 0.250000 
 198
0.500869 0.011610 0.046210 
0.444049 0.976278 0.462022 
0.055082 0.012112 0.491768 
0.036143 0.036143 0.113263 0.814450 
0.250000 0.250000 0.250000 0.250000 
 199
0.500869 0.011610 0.046210 
0.444049 0.976278 0.462022 
0.055082 0.012112 0.491768 
0.036143 0.891570 0.036143 0.036143 
0.250000 0.250000 0.250000 0.250000 
 200
0.500869 0.011610 0.046210 
0.444049 0.976278 0.462022 
0.055082 0.012112 0.491768 
0.891570 0.036143 0.036143 0.036143 
0.250000 0.250000 0.250000 0.250000 
 201
0.500869 0.011610 0.046210 
0.444049 0.976278 0.462022 
0.055082 0.012112 0.491768 
0.036143 0.036143 0.061815 0.865899 
0.250000 0.250000 0.250000 0.250000 
 202
0.500869 0.011610 0.046210 
0.444049 0.976278 0.462022 
0.055082 0.012112 0.491768 
0.036143 0.036143 0.891570 0.036143 
0.250000 0.250000 0.250000 0.250000 
 203
0.500869 0.011610 0.046210 
0.444049 0.976278 0.462022 
0.055082 0.012112 0.491768 
0.891570 0.036143 0.036143 0.036143 
0.250000 0.250000 0.250000 0.250000 
 204
0.500869 0.011610 0.046210 
0.444049 0.976278 0.462022 
0.055082 0.012112 0.491768 
0.616191 0.311523 0.036143 0.036143 
0.250000 0.250000 0.250000 0.250000 
 205
0.500869 0.011610 0.046210 
0.444049 0.976278 0.462022 
0.055082 0.012112 0.491768 
0.036143 0.036143 0.036143 0.891570 
0.250000 0.250000 0.250000 0.250000 
 206
0.500869 0.011610 0.046210 
0.444049 0.976278 0.462022 
0.055082 0.012112 0.491768 
0.036143 0.036143 0.036143 0.891570 
0.250000 0.250000 0.250000 0.250000 
 207
0.500869 0.011610 0.046210 
0.444049 0.976278 0.462022 
0.055082 0.012112 0.491768 
0.036143 0.036143 0.891570 0.036143 
0.250000 0.250000 0.250000 0.250000 
 208
0.500869 0.011610 0.046210 
0.444049 0.976278 0.462022 
0.055082 0.012112 0.491768 
0.036143 0.036143 0.702185 0.225528 
0.250000 0.250000 0.250000 0.250000 
 209
0.500869 0.011610 0.046210 
0.444049 0.976278 0.462022 
0.055082 0.012112 0.491768 
0.036143 0.036143 0.036143 0.891570 
0.250000 0.250000 0.250000 0.250000 
 210
0.500869 0.011610 0.046210 
0.444049 0.976278 0.462022 
0.055082 0.012112 0.491768 
0.036143 0.891570 0.036143 0.036143 
0.250000 0.250000 0.250000 0.250000 
 211
0.500869 0.011610 0.046210 
0.444049 0.976278 0.462022 
0.055082 0.012112 0.491768 
0.036143 0.891570 0.036143 0.036143 
0.250000 0.250000 0.250000 0.250000 
 212
0.500869 0.011610 0.046210 
0.444049 0.976278 0.462022 
0.055082 0.012112 0.491768 
0.891570 0.036143 0.036143 0.036143 
0.250000 0.250000 0.250000 0.250000 
 213
0.500869 0.011610 0.046210 
0.444049 0.976278 0.462022 
0.055082 0.012112 0.491768 
0.180253 0.747460 0.036143 0.036143 
0.250000 0.250000 0.250000 0.250000 
 214
0.500869 0.011610 0.046210 
0.444049 0.976278 0.462022 
0.055082 0.012112 0.491768 
0.036143 0.036143 0.036143 0.891570 
0.250000 0.250000 0.250000 0.250000 
 215
0.500869 0.011610 0.046210 
0.444049 0.976278 0.462022 
0.055082 0.012112 0.491768 
0.036143 0.036143 0.036143 0.891570 
0.250000 0.250000 0.250000 0.250000 
 216
0.500869 0.011610 0.046210 
0.444049 0.976278 0.462022 
0.055082 0.012112 0.491768 
0.036143 0.036143 0.036143 0.891570 
0.250000 0.250000 0.250000 0.250000 
 217
0.500869 0.011610 0.046210 
0.444049 0.976278 0.462022 
0.055082 0.012112 0.491768 
0.036143 0.891570 0.036143 0.036143 
0.250000 0.250000 0.250000 0.250000 
 218
0.500869 0.011610 0.046210 
0.444049 0.976278 0.462022 
0.055082 0.012112 0.491768 
0.891570 0.036143 0.036143 0.036143 
0.250000 0.250000 0.250000 0.250000 
 219
0.500869 0.011610 0.046210 
0.444049 0.976278 0.462022 
0.055082 0.012112 0.491768 
0.867249 0.060464 0.036143 0.036143 
0.250000 0.250000 0.250000 0.250000 
 220
0.500869 0.011610 0.046210 
0.444049 0.976278 0.462022 
0.055082 0.012112 0.491768 
0.036143 0.036143 0.036143 0.891570 
0.250000 0.250000 0.250000 0.250000 
 221
0.500869 0.011610 0.046210 
0.444049 0.976278 0.462022 
0.055082 0.012112 0.491768 
0.036143 0.036143 0.891570 0.036143 
0.250000 0.250000 0.250000 0.250000 
 222
0.500869 0.011610 0.046210 
0.444049 0.976278 0.462022 
0.055082 0.012112 0.491768 
0.390677 0.036143 0.066160 0.507020 
0.250000 0.250000 0.250000 0.250000 
 223
0.500869 0.011610 0.046210 
0.444049 0.976278 0.462022 
0.055082 0.012112 0.491768 
0.107391 0.820323 0.036143 0.036143 
0.250000 0.250000 0.250000 0.250000 
 224
0.500869 0.011610 0.046210 
0.444049 0.976278 0.462022 
0.055082 0.012112 0.491768 
0.891570 0.036143 0.036143 0.036143 
0.250000 0.250000 0.250000 0.250000 
 225
0.500869 0.011610 0.046210 
0.444049 0.976278 0.462022 
0.055082 0.012112 0.491768 
0.036143 0.036143 0.036143 0.891570 
0.250000 0.250000 0.250000 0.250000 
 226
0.500869 0.011610 0.046210 
0.444049 0.976278 0.462022 
0.055082 0.012112 0.491768 
0.036143 0.036143 0.036143 0.891570 
0.250000 0.250000 0.250000 0.250000 
 227
0.500869 0.011610 0.046210 
0.444049 0.976278 0.462022 
0.055082 0.012112 0.491768 
0.036143 0.036143 0.036143 0.891570 
0.250000 0.250000 0.250000 0.250000 
 228
0.500869 0.011610 0.046210 
0.444049 0.976278 0.462022 
0.055082 0.012112 0.491768 
0.287040 0.640674 0.036143 0.036143 
0.250000 0.250000 0.250000 0.250000 
 229
0.500869 0.011610 0.046210 
0.444049 0.976278 0.462022 
0.055082 0.012112 0.491768 
0.891570 0.036143 0.036143 0.036143 
0.250000 0.250000 0.250000 0.250000 
 230
0.500869 0.011610 0.046210 
0.444049 0.976278 0.462022 
0.055082 0.012112 0.491768 
0.036143 0.036143 0.036143 0.891570 
0.250000 0.250000 0.250000 0.250000 
 231
0.500869 0.011610 0.046210 
0.444049 0.976278 0.462022 
0.055082 0.012112 0.491768 
0.891570 0.036143 0.036143 0.036143 
0.250000 0.250000 0.250000 0.250000 
 232
0.500869 0.011610 0.046210 
0.444049 0.976278 0.462022 
0.055082 0.012112 0.491768 
0.891570 0.036143 0.036143 0.036143 
0.250000 0.250000 0.250000 0.250000 
 233
0.500869 0.011610 0.046210 
0.444049 0.976278 0.462022 
0.055082 0.012112 0.491768 
0.036143 0.036143 0.036143 0.891570 
0.250000 0.250000 0.250000 0.250000 
 234
0.500869 0.011610 0.046210 
0.444049 0.976278 0.462022 
0.055082 0.012112 0.491768 
0.036143 0.036143 0.107391 0.820323 
0.250000 0.250000 0.250000 0.250000 
 235
0.500869 0.011610 0.046210 
0.444049 0.976278 0.462022 
0.055082 0.012112 0.491768 
