%  SAM: /Volumes/gf_atl_2012/Tools/LABEL_RES/scripts/modelfromalign v3.5 (July 15, 2005) compiled 03/03/09_11:47:37
%  (c) 1992-2001 Regents of the University of California, Santa Cruz
%
%          Sequence Alignment and Modeling Software System
%         http://www.cse.ucsc.edu/research/compbio/sam.html
%
% ----------------- Citations (SAM, SAM-T2K, HMMs) --------------------
% R. Hughey, A. Krogh, Hidden Markov models for sequence analysis:
%  Extension and analysis of the basic method, CABIOS 12:95-107, 1996.
% K. Karplus, et al., What is the value added by human intervention in protein
%  structure prediction, Proteins: Stucture, Function, Genetics 45(S5):86--91, 2001.
% A. Krogh et al., Hidden Markov models in computational biology:
%  Applications to protein modeling, JMB 235:1501-1531, Feb 1994.
% ---------------------------------------------------------------------
%  B1E_avNA_AL993_hmm   Host: m222714.cdc.gov    Fri Apr 12 12:08:00 2013
%  vfn4                 Dir:  /Volumes/gf_atl_2012/Genotyping/H7/set_2013-04-05/base/c-B1_avNA
% ---------------------------------------------------------------------
%  Alignment weights from internal calc.  Total (13.67) Max (0.11) Min (0.06)
%  Weights from alignment method 1 (karplus), b=-1.000000, e=0.500000
MODEL --  Model from alignment file /Volumes/gf_atl_2012/Tools/LABEL_RES/training_data/H7/c-B1_avNA/B1E_avNA_AL993.fasta
alphabet DNA
FREQAVE
0.000000 0.000000 0.000000 
0.000000 0.000000 0.000000 
0.000000 0.000000 0.000000 
0.328602 0.250431 0.188870 0.232097 
0.328602 0.250431 0.188870 0.232097 
Begin
0.000000 0.000000 0.000000 
0.000000 0.000000 0.000000 
0.000000 0.008950 0.491768 
0.250000 0.250000 0.250000 0.250000 
0.250000 0.250000 0.250000 0.250000 
   1
0.000000 0.016378 0.046210 
0.000000 0.974672 0.462022 
0.054210 0.009020 0.491768 
0.017309 0.948072 0.017309 0.017309 
0.250000 0.250000 0.250000 0.250000 
   2
0.508768 0.008646 0.046210 
0.437022 0.982333 0.462022 
0.054210 0.009020 0.491768 
0.948072 0.017309 0.017309 0.017309 
0.250000 0.250000 0.250000 0.250000 
   3
0.508768 0.008646 0.046210 
0.437022 0.982333 0.462022 
0.054210 0.009020 0.491768 
0.017309 0.017309 0.892359 0.073022 
0.250000 0.250000 0.250000 0.250000 
   4
0.493848 0.008646 0.046210 
0.451942 0.982333 0.462022 
0.055031 0.009001 0.491768 
0.948294 0.017235 0.017235 0.017235 
0.250000 0.250000 0.250000 0.250000 
   5
0.501328 0.008628 0.046210 
0.443641 0.982370 0.462022 
0.055031 0.009001 0.491768 
0.948294 0.017235 0.017235 0.017235 
0.250000 0.250000 0.250000 0.250000 
   6
0.501328 0.008628 0.046210 
0.443641 0.982370 0.462022 
0.055031 0.009001 0.491768 
0.942650 0.022880 0.017235 0.017235 
0.250000 0.250000 0.250000 0.250000 
   7
0.501328 0.008628 0.046210 
0.443641 0.982370 0.462022 
0.055031 0.009001 0.491768 
0.948294 0.017235 0.017235 0.017235 
0.250000 0.250000 0.250000 0.250000 
   8
0.501328 0.008628 0.046210 
0.443641 0.982370 0.462022 
0.055031 0.009001 0.491768 
0.017235 0.017235 0.017235 0.948294 
0.250000 0.250000 0.250000 0.250000 
   9
0.501328 0.008628 0.046210 
0.443641 0.982370 0.462022 
0.055031 0.009001 0.491768 
0.948294 0.017235 0.017235 0.017235 
0.250000 0.250000 0.250000 0.250000 
  10
0.501328 0.008628 0.046210 
0.443641 0.982370 0.462022 
0.055031 0.009001 0.491768 
0.017235 0.017235 0.017235 0.948294 
0.250000 0.250000 0.250000 0.250000 
  11
0.501328 0.008628 0.046210 
0.443641 0.982370 0.462022 
0.055031 0.009001 0.491768 
0.017235 0.948294 0.017235 0.017235 
0.250000 0.250000 0.250000 0.250000 
  12
0.501328 0.008628 0.046210 
0.443641 0.982370 0.462022 
0.055031 0.009001 0.491768 
0.017235 0.017235 0.080703 0.884827 
0.250000 0.250000 0.250000 0.250000 
  13
0.501328 0.008628 0.046210 
0.443641 0.982370 0.462022 
0.055031 0.009001 0.491768 
0.017235 0.017235 0.948294 0.017235 
0.250000 0.250000 0.250000 0.250000 
  14
0.501328 0.008628 0.046210 
0.443641 0.982370 0.462022 
0.055031 0.009001 0.491768 
0.017235 0.017235 0.017235 0.948294 
0.250000 0.250000 0.250000 0.250000 
  15
0.501328 0.008628 0.046210 
0.443641 0.982370 0.462022 
0.055031 0.009001 0.491768 
0.017235 0.017235 0.017235 0.948294 
0.250000 0.250000 0.250000 0.250000 
  16
0.501328 0.008628 0.046210 
0.443641 0.982370 0.462022 
0.055031 0.009001 0.491768 
0.017235 0.948294 0.017235 0.017235 
0.250000 0.250000 0.250000 0.250000 
  17
0.501328 0.008628 0.046210 
0.443641 0.982370 0.462022 
0.055031 0.009001 0.491768 
0.017235 0.948294 0.017235 0.017235 
0.250000 0.250000 0.250000 0.250000 
  18
0.501328 0.008628 0.046210 
0.443641 0.982370 0.462022 
0.055031 0.009001 0.491768 
0.022049 0.943480 0.017235 0.017235 
0.250000 0.250000 0.250000 0.250000 
  19
0.501328 0.008628 0.046210 
0.443641 0.982370 0.462022 
0.055031 0.009001 0.491768 
0.017235 0.017235 0.948294 0.017235 
0.250000 0.250000 0.250000 0.250000 
  20
0.501328 0.008628 0.046210 
0.443641 0.982370 0.462022 
0.055031 0.009001 0.491768 
0.948294 0.017235 0.017235 0.017235 
0.250000 0.250000 0.250000 0.250000 
  21
0.501328 0.008628 0.046210 
0.443641 0.982370 0.462022 
0.055031 0.009001 0.491768 
0.017235 0.017235 0.941848 0.023681 
0.250000 0.250000 0.250000 0.250000 
  22
0.501328 0.008628 0.046210 
0.443641 0.982370 0.462022 
0.055031 0.009001 0.491768 
0.017235 0.017235 0.948294 0.017235 
0.250000 0.250000 0.250000 0.250000 
  23
0.501328 0.008628 0.046210 
0.443641 0.982370 0.462022 
0.055031 0.009001 0.491768 
0.948294 0.017235 0.017235 0.017235 
0.250000 0.250000 0.250000 0.250000 
  24
0.501328 0.008628 0.046210 
0.443641 0.982370 0.462022 
0.055031 0.009001 0.491768 
0.017235 0.017235 0.017235 0.948294 
0.250000 0.250000 0.250000 0.250000 
  25
0.501328 0.008628 0.046210 
0.443641 0.982370 0.462022 
0.055031 0.009001 0.491768 
0.017235 0.948294 0.017235 0.017235 
0.250000 0.250000 0.250000 0.250000 
  26
0.501328 0.008628 0.046210 
0.443641 0.982370 0.462022 
0.055031 0.009001 0.491768 
0.017235 0.017235 0.948294 0.017235 
0.250000 0.250000 0.250000 0.250000 
  27
0.501328 0.008628 0.046210 
0.443641 0.982370 0.462022 
0.055031 0.009001 0.491768 
0.017235 0.017235 0.028911 0.936618 
0.250000 0.250000 0.250000 0.250000 
  28
0.501328 0.008628 0.046210 
0.443641 0.982370 0.462022 
0.055031 0.009001 0.491768 
0.017235 0.948294 0.017235 0.017235 
0.250000 0.250000 0.250000 0.250000 
  29
0.501328 0.008628 0.046210 
0.443641 0.982370 0.462022 
0.055031 0.009001 0.491768 
0.017235 0.017235 0.017235 0.948294 
0.250000 0.250000 0.250000 0.250000 
  30
0.501328 0.008628 0.046210 
0.443641 0.982370 0.462022 
0.055031 0.009001 0.491768 
0.034256 0.931273 0.017235 0.017235 
0.250000 0.250000 0.250000 0.250000 
  31
0.501328 0.008628 0.046210 
0.443641 0.982370 0.462022 
0.055031 0.009001 0.491768 
0.017235 0.948294 0.017235 0.017235 
0.250000 0.250000 0.250000 0.250000 
  32
0.501328 0.008628 0.046210 
0.443641 0.982370 0.462022 
0.055031 0.009001 0.491768 
0.017235 0.017235 0.948294 0.017235 
0.250000 0.250000 0.250000 0.250000 
  33
0.501328 0.008628 0.046210 
0.443641 0.982370 0.462022 
0.055031 0.009001 0.491768 
0.948294 0.017235 0.017235 0.017235 
0.250000 0.250000 0.250000 0.250000 
  34
0.501328 0.008628 0.046210 
0.443641 0.982370 0.462022 
0.055031 0.009001 0.491768 
0.948294 0.017235 0.017235 0.017235 
0.250000 0.250000 0.250000 0.250000 
  35
0.501328 0.008628 0.046210 
0.443641 0.982370 0.462022 
0.055031 0.009001 0.491768 
0.948294 0.017235 0.017235 0.017235 
0.250000 0.250000 0.250000 0.250000 
  36
0.501328 0.008628 0.046210 
0.443641 0.982370 0.462022 
0.055031 0.009001 0.491768 
0.017235 0.017235 0.017235 0.948294 
0.250000 0.250000 0.250000 0.250000 
  37
0.501328 0.008628 0.046210 
0.443641 0.982370 0.462022 
0.055031 0.009001 0.491768 
0.017235 0.948294 0.017235 0.017235 
0.250000 0.250000 0.250000 0.250000 
  38
0.501328 0.008628 0.046210 
0.443641 0.982370 0.462022 
0.055031 0.009001 0.491768 
0.017235 0.948294 0.017235 0.017235 
0.250000 0.250000 0.250000 0.250000 
  39
0.501328 0.008628 0.046210 
0.443641 0.982370 0.462022 
0.055031 0.009001 0.491768 
0.777224 0.188306 0.017235 0.017235 
0.250000 0.250000 0.250000 0.250000 
  40
0.501328 0.008628 0.046210 
0.443641 0.982370 0.462022 
0.055031 0.009001 0.491768 
0.948294 0.017235 0.017235 0.017235 
0.250000 0.250000 0.250000 0.250000 
  41
0.501328 0.008628 0.046210 
0.443641 0.982370 0.462022 
0.055031 0.009001 0.491768 
0.017235 0.017235 0.948294 0.017235 
0.250000 0.250000 0.250000 0.250000 
  42
0.501328 0.008628 0.046210 
0.443641 0.982370 0.462022 
0.055031 0.009001 0.491768 
0.893570 0.017235 0.071960 0.017235 
0.250000 0.250000 0.250000 0.250000 
  43
0.501328 0.008628 0.046210 
0.443641 0.982370 0.462022 
0.055031 0.009001 0.491768 
0.948294 0.017235 0.017235 0.017235 
0.250000 0.250000 0.250000 0.250000 
  44
0.501328 0.008628 0.046210 
0.443641 0.982370 0.462022 
0.055031 0.009001 0.491768 
0.889744 0.075785 0.017235 0.017235 
0.250000 0.250000 0.250000 0.250000 
  45
0.501328 0.008628 0.046210 
0.443641 0.982370 0.462022 
0.055031 0.009001 0.491768 
0.937351 0.028179 0.017235 0.017235 
0.250000 0.250000 0.250000 0.250000 
  46
0.501328 0.008628 0.046210 
0.443641 0.982370 0.462022 
0.055031 0.009001 0.491768 
0.017235 0.948294 0.017235 0.017235 
0.250000 0.250000 0.250000 0.250000 
  47
0.501328 0.008628 0.046210 
0.443641 0.982370 0.462022 
0.055031 0.009001 0.491768 
0.017235 0.017235 0.017235 0.948294 
0.250000 0.250000 0.250000 0.250000 
  48
0.501328 0.008628 0.046210 
0.443641 0.982370 0.462022 
0.055031 0.009001 0.491768 
0.017235 0.948294 0.017235 0.017235 
0.250000 0.250000 0.250000 0.250000 
  49
0.501328 0.008628 0.046210 
0.443641 0.982370 0.462022 
0.055031 0.009001 0.491768 
0.939004 0.026525 0.017235 0.017235 
0.250000 0.250000 0.250000 0.250000 
  50
0.501328 0.008628 0.046210 
0.443641 0.982370 0.462022 
0.055031 0.009001 0.491768 
0.948294 0.017235 0.017235 0.017235 
0.250000 0.250000 0.250000 0.250000 
  51
0.501328 0.008628 0.046210 
0.443641 0.982370 0.462022 
0.055031 0.009001 0.491768 
0.017235 0.017235 0.948294 0.017235 
0.250000 0.250000 0.250000 0.250000 
  52
0.501328 0.008628 0.046210 
0.443641 0.982370 0.462022 
0.055031 0.009001 0.491768 
0.948294 0.017235 0.017235 0.017235 
0.250000 0.250000 0.250000 0.250000 
  53
0.501328 0.008628 0.046210 
0.443641 0.982370 0.462022 
0.055031 0.009001 0.491768 
0.017235 0.017235 0.948294 0.017235 
0.250000 0.250000 0.250000 0.250000 
  54
0.501328 0.008628 0.046210 
0.443641 0.982370 0.462022 
0.055031 0.009001 0.491768 
0.924366 0.041163 0.017235 0.017235 
0.250000 0.250000 0.250000 0.250000 
  55
0.501328 0.008628 0.046210 
0.443641 0.982370 0.462022 
0.055031 0.009001 0.491768 
0.017235 0.017235 0.266888 0.698641 
0.250000 0.250000 0.250000 0.250000 
  56
0.501328 0.008628 0.046210 
0.443641 0.982370 0.462022 
0.055031 0.009001 0.491768 
0.017235 0.017235 0.017235 0.948294 
0.250000 0.250000 0.250000 0.250000 
  57
0.501328 0.008628 0.046210 
0.443641 0.982370 0.462022 
0.055031 0.009001 0.491768 
0.885317 0.080213 0.017235 0.017235 
0.250000 0.250000 0.250000 0.250000 
  58
0.501328 0.008628 0.046210 
0.443641 0.982370 0.462022 
0.055031 0.009001 0.491768 
0.948294 0.017235 0.017235 0.017235 
0.250000 0.250000 0.250000 0.250000 
  59
0.501328 0.008628 0.046210 
0.443641 0.982370 0.462022 
0.055031 0.009001 0.491768 
0.017235 0.017235 0.948294 0.017235 
0.250000 0.250000 0.250000 0.250000 
  60
0.501328 0.008628 0.046210 
0.443641 0.982370 0.462022 
0.055031 0.009001 0.491768 
0.895336 0.034256 0.046904 0.023503 
0.250000 0.250000 0.250000 0.250000 
  61
0.501328 0.008628 0.046210 
0.443641 0.982370 0.462022 
0.055031 0.009001 0.491768 
0.017235 0.948294 0.017235 0.017235 
0.250000 0.250000 0.250000 0.250000 
  62
0.501328 0.008628 0.046210 
0.443641 0.982370 0.462022 
0.055031 0.009001 0.491768 
0.937475 0.028055 0.017235 0.017235 
0.250000 0.250000 0.250000 0.250000 
  63
0.501328 0.008628 0.046210 
0.443641 0.982370 0.462022 
0.055031 0.009001 0.491768 
0.061836 0.903694 0.017235 0.017235 
0.250000 0.250000 0.250000 0.250000 
  64
0.501328 0.008628 0.046210 
0.443641 0.982370 0.462022 
0.055031 0.009001 0.491768 
0.948294 0.017235 0.017235 0.017235 
0.250000 0.250000 0.250000 0.250000 
  65
0.501328 0.008628 0.046210 
0.443641 0.982370 0.462022 
0.055031 0.009001 0.491768 
0.198148 0.767381 0.017235 0.017235 
0.250000 0.250000 0.250000 0.250000 
  66
0.501328 0.008628 0.046210 
0.443641 0.982370 0.462022 
0.055031 0.009001 0.491768 
0.501760 0.463769 0.017235 0.017235 
0.250000 0.250000 0.250000 0.250000 
  67
0.501328 0.008628 0.046210 
0.443641 0.982370 0.462022 
0.055031 0.009001 0.491768 
0.022743 0.942786 0.017235 0.017235 
0.250000 0.250000 0.250000 0.250000 
  68
0.501328 0.008628 0.046210 
0.443641 0.982370 0.462022 
0.055031 0.009001 0.491768 
0.023317 0.942213 0.017235 0.017235 
0.250000 0.250000 0.250000 0.250000 
  69
0.501328 0.008628 0.046210 
0.443641 0.982370 0.462022 
0.055031 0.009001 0.491768 
0.916058 0.049471 0.017235 0.017235 
0.250000 0.250000 0.250000 0.250000 
  70
0.501328 0.008628 0.046210 
0.443641 0.982370 0.462022 
0.055031 0.009001 0.491768 
0.948294 0.017235 0.017235 0.017235 
0.250000 0.250000 0.250000 0.250000 
  71
0.501328 0.008628 0.046210 
0.443641 0.982370 0.462022 
0.055031 0.009001 0.491768 
0.017235 0.017235 0.017235 0.948294 
0.250000 0.250000 0.250000 0.250000 
  72
0.501328 0.008628 0.046210 
0.443641 0.982370 0.462022 
0.055031 0.009001 0.491768 
0.017235 0.017235 0.128217 0.837313 
0.250000 0.250000 0.250000 0.250000 
  73
0.501328 0.008628 0.046210 
0.443641 0.982370 0.462022 
0.055031 0.009001 0.491768 
0.017235 0.948294 0.017235 0.017235 
0.250000 0.250000 0.250000 0.250000 
  74
0.501328 0.008628 0.046210 
0.443641 0.982370 0.462022 
0.055031 0.009001 0.491768 
0.948294 0.017235 0.017235 0.017235 
0.250000 0.250000 0.250000 0.250000 
  75
0.501328 0.008628 0.046210 
0.443641 0.982370 0.462022 
0.055031 0.009001 0.491768 
0.918625 0.046904 0.017235 0.017235 
0.250000 0.250000 0.250000 0.250000 
  76
0.501328 0.008628 0.046210 
0.443641 0.982370 0.462022 
0.055031 0.009001 0.491768 
0.017235 0.948294 0.017235 0.017235 
0.250000 0.250000 0.250000 0.250000 
  77
0.501328 0.008628 0.046210 
0.443641 0.982370 0.462022 
0.055031 0.009001 0.491768 
0.017235 0.017235 0.017235 0.948294 
0.250000 0.250000 0.250000 0.250000 
  78
0.501328 0.008628 0.046210 
0.443641 0.982370 0.462022 
0.055031 0.009001 0.491768 
0.920058 0.031536 0.031172 0.017235 
0.250000 0.250000 0.250000 0.250000 
  79
0.501328 0.008628 0.046210 
0.443641 0.982370 0.462022 
0.055031 0.009001 0.491768 
0.017235 0.948294 0.017235 0.017235 
0.250000 0.250000 0.250000 0.250000 
  80
0.501328 0.008628 0.046210 
0.443641 0.982370 0.462022 
0.055031 0.009001 0.491768 
0.017235 0.017235 0.017235 0.948294 
0.250000 0.250000 0.250000 0.250000 
  81
0.501328 0.008628 0.046210 
0.443641 0.982370 0.462022 
0.055031 0.009001 0.491768 
0.761360 0.123279 0.098126 0.017235 
0.250000 0.250000 0.250000 0.250000 
  82
0.501328 0.008628 0.046210 
0.443641 0.982370 0.462022 
0.055031 0.009001 0.491768 
0.948294 0.017235 0.017235 0.017235 
0.250000 0.250000 0.250000 0.250000 
  83
0.501328 0.008628 0.046210 
0.443641 0.982370 0.462022 
0.055031 0.009001 0.491768 
0.948294 0.017235 0.017235 0.017235 
0.250000 0.250000 0.250000 0.250000 
  84
0.501328 0.008628 0.046210 
0.443641 0.982370 0.462022 
0.055031 0.009001 0.491768 
0.017235 0.017235 0.048573 0.916957 
0.250000 0.250000 0.250000 0.250000 
  85
0.501328 0.008628 0.046210 
0.443641 0.982370 0.462022 
0.055031 0.009001 0.491768 
0.017235 0.948294 0.017235 0.017235 
0.250000 0.250000 0.250000 0.250000 
  86
0.501328 0.008628 0.046210 
0.443641 0.982370 0.462022 
0.055031 0.009001 0.491768 
0.017325 0.017325 0.948026 0.017325 
0.250000 0.250000 0.250000 0.250000 
  87
0.501328 0.008628 0.046210 
0.443641 0.982370 0.462022 
0.055031 0.009001 0.491768 
0.017235 0.017235 0.937557 0.027973 
0.250000 0.250000 0.250000 0.250000 
  88
0.501328 0.008628 0.046210 
0.443641 0.982370 0.462022 
0.055031 0.009001 0.491768 
0.948294 0.017235 0.017235 0.017235 
0.250000 0.250000 0.250000 0.250000 
  89
0.501328 0.008628 0.046210 
0.443641 0.982370 0.462022 
0.055031 0.009001 0.491768 
0.017235 0.017235 0.948294 0.017235 
0.250000 0.250000 0.250000 0.250000 
  90
0.501328 0.008628 0.046210 
0.443641 0.982370 0.462022 
0.055031 0.009001 0.491768 
0.601388 0.359285 0.022092 0.017235 
0.250000 0.250000 0.250000 0.250000 
  91
0.501328 0.008628 0.046210 
0.443641 0.982370 0.462022 
0.055031 0.009001 0.491768 
0.017235 0.948294 0.017235 0.017235 
0.250000 0.250000 0.250000 0.250000 
  92
0.501328 0.008628 0.046210 
0.443641 0.982370 0.462022 
0.055031 0.009001 0.491768 
0.948294 0.017235 0.017235 0.017235 
0.250000 0.250000 0.250000 0.250000 
  93
0.501328 0.008628 0.046210 
0.443641 0.982370 0.462022 
0.055031 0.009001 0.491768 
0.511842 0.453687 0.017235 0.017235 
0.250000 0.250000 0.250000 0.250000 
  94
0.501328 0.008628 0.046210 
0.443641 0.982370 0.462022 
0.055031 0.009001 0.491768 
0.948294 0.017235 0.017235 0.017235 
0.250000 0.250000 0.250000 0.250000 
  95
0.501328 0.008628 0.046210 
0.443641 0.982370 0.462022 
0.055031 0.009001 0.491768 
0.017235 0.017235 0.948294 0.017235 
0.250000 0.250000 0.250000 0.250000 
  96
0.501328 0.008628 0.046210 
0.443641 0.982370 0.462022 
0.055031 0.009001 0.491768 
0.070940 0.894589 0.017235 0.017235 
0.250000 0.250000 0.250000 0.250000 
  97
0.501328 0.008628 0.046210 
0.443641 0.982370 0.462022 
0.055031 0.009001 0.491768 
0.017235 0.948294 0.017235 0.017235 
0.250000 0.250000 0.250000 0.250000 
  98
0.501328 0.008628 0.046210 
0.443641 0.982370 0.462022 
0.055031 0.009001 0.491768 
0.017235 0.017235 0.017235 0.948294 
0.250000 0.250000 0.250000 0.250000 
  99
0.501328 0.008628 0.046210 
0.443641 0.982370 0.462022 
0.055031 0.009001 0.491768 
0.024445 0.941084 0.017235 0.017235 
0.250000 0.250000 0.250000 0.250000 
 100
0.501328 0.008628 0.046210 
0.443641 0.982370 0.462022 
0.055031 0.009001 0.491768 
0.017235 0.948294 0.017235 0.017235 
0.250000 0.250000 0.250000 0.250000 
 101
0.501328 0.008628 0.046210 
0.443641 0.982370 0.462022 
0.055031 0.009001 0.491768 
0.948294 0.017235 0.017235 0.017235 
0.250000 0.250000 0.250000 0.250000 
 102
0.501328 0.008628 0.046210 
0.443641 0.982370 0.462022 
0.055031 0.009001 0.491768 
0.280595 0.684934 0.017235 0.017235 
0.250000 0.250000 0.250000 0.250000 
 103
0.501328 0.008628 0.046210 
0.443641 0.982370 0.462022 
0.055031 0.009001 0.491768 
0.948294 0.017235 0.017235 0.017235 
0.250000 0.250000 0.250000 0.250000 
 104
0.501328 0.008628 0.046210 
0.443641 0.982370 0.462022 
0.055031 0.009001 0.491768 
0.031172 0.024445 0.927148 0.017235 
0.250000 0.250000 0.250000 0.250000 
 105
0.501328 0.008628 0.046210 
0.443641 0.982370 0.462022 
0.055031 0.009001 0.491768 
0.017235 0.017235 0.017235 0.948294 
0.250000 0.250000 0.250000 0.250000 
 106
0.501328 0.008628 0.046210 
0.443641 0.982370 0.462022 
0.055031 0.009001 0.491768 
0.017235 0.948294 0.017235 0.017235 
0.250000 0.250000 0.250000 0.250000 
 107
0.501328 0.008628 0.046210 
0.443641 0.982370 0.462022 
0.055031 0.009001 0.491768 
0.017235 0.017235 0.607655 0.357874 
0.250000 0.250000 0.250000 0.250000 
 108
0.501328 0.008628 0.046210 
0.443641 0.982370 0.462022 
0.055031 0.009001 0.491768 
0.818222 0.147308 0.017235 0.017235 
0.250000 0.250000 0.250000 0.250000 
 109
0.501328 0.008628 0.046210 
0.443641 0.982370 0.462022 
0.055031 0.009001 0.491768 
0.932431 0.033099 0.017235 0.017235 
0.250000 0.250000 0.250000 0.250000 
 110
0.501328 0.008628 0.046210 
0.443641 0.982370 0.462022 
0.055031 0.009001 0.491768 
0.948294 0.017235 0.017235 0.017235 
0.250000 0.250000 0.250000 0.250000 
 111
0.501328 0.008628 0.046210 
0.443641 0.982370 0.462022 
0.055031 0.009001 0.491768 
0.017235 0.017235 0.033697 0.931832 
0.250000 0.250000 0.250000 0.250000 
 112
0.501328 0.008628 0.046210 
0.443641 0.982370 0.462022 
0.055031 0.009001 0.491768 
0.926516 0.039014 0.017235 0.017235 
0.250000 0.250000 0.250000 0.250000 
 113
0.501328 0.008628 0.046210 
0.443641 0.982370 0.462022 
0.055031 0.009001 0.491768 
0.017235 0.029273 0.053589 0.899903 
0.250000 0.250000 0.250000 0.250000 
 114
0.501328 0.008628 0.046210 
0.443641 0.982370 0.462022 
0.055031 0.009001 0.491768 
0.017235 0.028142 0.123208 0.831416 
0.250000 0.250000 0.250000 0.250000 
 115
0.501328 0.008628 0.046210 
0.443641 0.982370 0.462022 
0.055031 0.009001 0.491768 
0.943068 0.022461 0.017235 0.017235 
0.250000 0.250000 0.250000 0.250000 
 116
0.501328 0.008628 0.046210 
0.443641 0.982370 0.462022 
0.055031 0.009001 0.491768 
0.948294 0.017235 0.017235 0.017235 
0.250000 0.250000 0.250000 0.250000 
 117
0.501328 0.008628 0.046210 
0.443641 0.982370 0.462022 
0.055031 0.009001 0.491768 
0.030894 0.934635 0.017235 0.017235 
0.250000 0.250000 0.250000 0.250000 
 118
0.501328 0.008628 0.046210 
0.443641 0.982370 0.462022 
0.055031 0.009001 0.491768 
0.948294 0.017235 0.017235 0.017235 
0.250000 0.250000 0.250000 0.250000 
 119
0.501328 0.008628 0.046210 
0.443641 0.982370 0.462022 
0.055031 0.009001 0.491768 
0.941848 0.023681 0.017235 0.017235 
0.250000 0.250000 0.250000 0.250000 
 120
0.501328 0.008628 0.046210 
0.443641 0.982370 0.462022 
0.055031 0.009001 0.491768 
0.940863 0.024667 0.017235 0.017235 
0.250000 0.250000 0.250000 0.250000 
 121
0.501328 0.008628 0.046210 
0.443641 0.982370 0.462022 
0.055031 0.009001 0.491768 
0.948294 0.017235 0.017235 0.017235 
0.250000 0.250000 0.250000 0.250000 
 122
0.501328 0.008628 0.046210 
0.443641 0.982370 0.462022 
0.055031 0.009001 0.491768 
0.017235 0.017235 0.017235 0.948294 
0.250000 0.250000 0.250000 0.250000 
 123
0.501328 0.008628 0.046210 
0.443641 0.982370 0.462022 
0.055031 0.009001 0.491768 
0.948294 0.017235 0.017235 0.017235 
0.250000 0.250000 0.250000 0.250000 
 124
0.501328 0.008628 0.046210 
0.443641 0.982370 0.462022 
0.055031 0.009001 0.491768 
0.017235 0.017235 0.017235 0.948294 
0.250000 0.250000 0.250000 0.250000 
 125
0.501328 0.008628 0.046210 
0.443641 0.982370 0.462022 
0.055031 0.009001 0.491768 
0.017235 0.948294 0.017235 0.017235 
0.250000 0.250000 0.250000 0.250000 
 126
0.501328 0.008628 0.046210 
0.443641 0.982370 0.462022 
0.055031 0.009001 0.491768 
0.017235 0.017235 0.942147 0.023383 
0.250000 0.250000 0.250000 0.250000 
 127
0.501328 0.008628 0.046210 
0.443641 0.982370 0.462022 
0.055031 0.009001 0.491768 
0.948294 0.017235 0.017235 0.017235 
0.250000 0.250000 0.250000 0.250000 
 128
0.501328 0.008628 0.046210 
0.443641 0.982370 0.462022 
0.055031 0.009001 0.491768 
0.017235 0.017235 0.940863 0.024667 
0.250000 0.250000 0.250000 0.250000 
 129
0.501328 0.008628 0.046210 
0.443641 0.982370 0.462022 
0.055031 0.009001 0.491768 
0.017235 0.017235 0.031703 0.933826 
0.250000 0.250000 0.250000 0.250000 
 130
0.501328 0.008628 0.046210 
0.443641 0.982370 0.462022 
0.055031 0.009001 0.491768 
0.017235 0.017235 0.948294 0.017235 
0.250000 0.250000 0.250000 0.250000 
 131
0.501328 0.008628 0.046210 
0.443641 0.982370 0.462022 
0.055031 0.009001 0.491768 
0.948294 0.017235 0.017235 0.017235 
0.250000 0.250000 0.250000 0.250000 
 132
0.501328 0.008628 0.046210 
0.443641 0.982370 0.462022 
0.055031 0.009001 0.491768 
0.825288 0.135072 0.022405 0.017235 
0.250000 0.250000 0.250000 0.250000 
 133
0.501328 0.008628 0.046210 
0.443641 0.982370 0.462022 
0.055031 0.009001 0.491768 
0.024667 0.940863 0.017235 0.017235 
0.250000 0.250000 0.250000 0.250000 
 134
0.501328 0.008628 0.046210 
0.443641 0.982370 0.462022 
0.055031 0.009001 0.491768 
0.031172 0.934358 0.017235 0.017235 
0.250000 0.250000 0.250000 0.250000 
 135
0.501328 0.008628 0.046210 
0.443641 0.982370 0.462022 
0.055031 0.009001 0.491768 
0.318916 0.646614 0.017235 0.017235 
0.250000 0.250000 0.250000 0.250000 
 136
0.501328 0.008628 0.046210 
0.443641 0.982370 0.462022 
0.055031 0.009001 0.491768 
0.948294 0.017235 0.017235 0.017235 
0.250000 0.250000 0.250000 0.250000 
 137
0.501328 0.008628 0.046210 
0.443641 0.982370 0.462022 
0.055031 0.009001 0.491768 
0.942026 0.023503 0.017235 0.017235 
0.250000 0.250000 0.250000 0.250000 
 138
0.501328 0.008628 0.046210 
0.443641 0.982370 0.462022 
0.055031 0.009001 0.491768 
0.948294 0.017235 0.017235 0.017235 
0.250000 0.250000 0.250000 0.250000 
 139
0.501328 0.008628 0.046210 
0.443641 0.982370 0.462022 
0.055031 0.009001 0.491768 
0.948294 0.017235 0.017235 0.017235 
0.250000 0.250000 0.250000 0.250000 
 140
0.501328 0.008628 0.046210 
0.443641 0.982370 0.462022 
0.055031 0.009001 0.491768 
0.021899 0.943630 0.017235 0.017235 
0.250000 0.250000 0.250000 0.250000 
 141
0.501328 0.008628 0.046210 
0.443641 0.982370 0.462022 
0.055031 0.009001 0.491768 
0.354969 0.610561 0.017235 0.017235 
0.250000 0.250000 0.250000 0.250000 
 142
0.501328 0.008628 0.046210 
0.443641 0.982370 0.462022 
0.055031 0.009001 0.491768 
0.044958 0.022790 0.899100 0.033152 
0.250000 0.250000 0.250000 0.250000 
 143
0.501328 0.008628 0.046210 
0.443641 0.982370 0.462022 
0.055031 0.009001 0.491768 
0.017235 0.017235 0.948294 0.017235 
0.250000 0.250000 0.250000 0.250000 
 144
0.501328 0.008628 0.046210 
0.443641 0.982370 0.462022 
0.055031 0.009001 0.491768 
0.948294 0.017235 0.017235 0.017235 
0.250000 0.250000 0.250000 0.250000 
 145
0.501328 0.008628 0.046210 
0.443641 0.982370 0.462022 
0.055031 0.009001 0.491768 
0.948294 0.017235 0.017235 0.017235 
0.250000 0.250000 0.250000 0.250000 
 146
0.501328 0.008628 0.046210 
0.443641 0.982370 0.462022 
0.055031 0.009001 0.491768 
0.017235 0.017235 0.941848 0.023681 
0.250000 0.250000 0.250000 0.250000 
 147
0.501328 0.008628 0.046210 
0.443641 0.982370 0.462022 
0.055031 0.009001 0.491768 
0.948294 0.017235 0.017235 0.017235 
0.250000 0.250000 0.250000 0.250000 
 148
0.501328 0.008628 0.046210 
0.443641 0.982370 0.462022 
0.055031 0.009001 0.491768 
0.017235 0.948294 0.017235 0.017235 
0.250000 0.250000 0.250000 0.250000 
 149
0.501328 0.008628 0.046210 
0.443641 0.982370 0.462022 
0.055031 0.009001 0.491768 
0.948294 0.017235 0.017235 0.017235 
0.250000 0.250000 0.250000 0.250000 
 150
0.501328 0.008628 0.046210 
0.443641 0.982370 0.462022 
0.055031 0.009001 0.491768 
0.017235 0.017235 0.027907 0.937622 
0.250000 0.250000 0.250000 0.250000 
 151
0.501328 0.008628 0.046210 
0.443641 0.982370 0.462022 
0.055031 0.009001 0.491768 
0.017235 0.017235 0.948294 0.017235 
0.250000 0.250000 0.250000 0.250000 
 152
0.501328 0.008628 0.046210 
0.443641 0.982370 0.462022 
0.055031 0.009001 0.491768 
0.017235 0.017235 0.017235 0.948294 
0.250000 0.250000 0.250000 0.250000 
 153
0.501328 0.008628 0.046210 
0.443641 0.982370 0.462022 
0.055031 0.009001 0.491768 
0.114243 0.851287 0.017235 0.017235 
0.250000 0.250000 0.250000 0.250000 
 154
0.501328 0.008628 0.046210 
0.443641 0.982370 0.462022 
0.055031 0.009001 0.491768 
0.017235 0.948294 0.017235 0.017235 
0.250000 0.250000 0.250000 0.250000 
 155
0.501328 0.008628 0.046210 
0.443641 0.982370 0.462022 
0.055031 0.009001 0.491768 
0.017235 0.948294 0.017235 0.017235 
0.250000 0.250000 0.250000 0.250000 
 156
0.501328 0.008628 0.046210 
0.443641 0.982370 0.462022 
0.055031 0.009001 0.491768 
0.867948 0.068653 0.017235 0.046163 
0.250000 0.250000 0.250000 0.250000 
 157
0.501328 0.008628 0.046210 
0.443641 0.982370 0.462022 
0.055031 0.009001 0.491768 
0.017235 0.017235 0.948294 0.017235 
0.250000 0.250000 0.250000 0.250000 
 158
0.501328 0.008628 0.046210 
0.443641 0.982370 0.462022 
0.055031 0.009001 0.491768 
0.942447 0.023083 0.017235 0.017235 
0.250000 0.250000 0.250000 0.250000 
 159
0.501328 0.008628 0.046210 
0.443641 0.982370 0.462022 
0.055031 0.009001 0.491768 
0.913489 0.052040 0.017235 0.017235 
0.250000 0.250000 0.250000 0.250000 
 160
0.501328 0.008628 0.046210 
0.443641 0.982370 0.462022 
0.055031 0.009001 0.491768 
0.017235 0.017235 0.017235 0.948294 
0.250000 0.250000 0.250000 0.250000 
 161
0.501328 0.008628 0.046210 
0.443641 0.982370 0.462022 
0.055031 0.009001 0.491768 
0.017235 0.948294 0.017235 0.017235 
0.250000 0.250000 0.250000 0.250000 
 162
0.501328 0.008628 0.046210 
0.443641 0.982370 0.462022 
0.055031 0.009001 0.491768 
0.017235 0.017235 0.487315 0.478214 
0.250000 0.250000 0.250000 0.250000 
 163
0.501328 0.008628 0.046210 
0.443641 0.982370 0.462022 
0.055031 0.009001 0.491768 
0.017235 0.948294 0.017235 0.017235 
0.250000 0.250000 0.250000 0.250000 
 164
0.501328 0.008628 0.046210 
0.443641 0.982370 0.462022 
0.055031 0.009001 0.491768 
0.017235 0.948294 0.017235 0.017235 
0.250000 0.250000 0.250000 0.250000 
 165
0.501328 0.008628 0.046210 
0.443641 0.982370 0.462022 
0.055031 0.009001 0.491768 
0.948294 0.017235 0.017235 0.017235 
0.250000 0.250000 0.250000 0.250000 
 166
0.501328 0.008628 0.046210 
0.443641 0.982370 0.462022 
0.055031 0.009001 0.491768 
0.021916 0.017235 0.943614 0.017235 
0.250000 0.250000 0.250000 0.250000 
 167
0.501328 0.008628 0.046210 
0.443641 0.982370 0.462022 
0.055031 0.009001 0.491768 
0.017235 0.017235 0.017235 0.948294 
0.250000 0.250000 0.250000 0.250000 
 168
0.501328 0.008628 0.046210 
0.443641 0.982370 0.462022 
0.055031 0.009001 0.491768 
0.017235 0.017235 0.022365 0.943164 
0.250000 0.250000 0.250000 0.250000 
 169
0.501328 0.008628 0.046210 
0.443641 0.982370 0.462022 
0.055031 0.009001 0.491768 
0.017235 0.017235 0.942701 0.022828 
0.250000 0.250000 0.250000 0.250000 
 170
0.501328 0.008628 0.046210 
0.443641 0.982370 0.462022 
0.055031 0.009001 0.491768 
0.017235 0.017235 0.017235 0.948294 
0.250000 0.250000 0.250000 0.250000 
 171
0.501328 0.008628 0.046210 
0.443641 0.982370 0.462022 
0.055031 0.009001 0.491768 
0.943393 0.022136 0.017235 0.017235 
0.250000 0.250000 0.250000 0.250000 
 172
0.501328 0.008628 0.046210 
0.443641 0.982370 0.462022 
0.055031 0.009001 0.491768 
0.017235 0.948294 0.017235 0.017235 
0.250000 0.250000 0.250000 0.250000 
 173
0.501328 0.008628 0.046210 
0.443641 0.982370 0.462022 
0.055031 0.009001 0.491768 
0.017235 0.948294 0.017235 0.017235 
0.250000 0.250000 0.250000 0.250000 
 174
0.501328 0.008628 0.046210 
0.443641 0.982370 0.462022 
0.055031 0.009001 0.491768 
0.758603 0.206926 0.017235 0.017235 
0.250000 0.250000 0.250000 0.250000 
 175
0.501328 0.008628 0.046210 
0.443641 0.982370 0.462022 
0.055031 0.009001 0.491768 
0.938806 0.026724 0.017235 0.017235 
0.250000 0.250000 0.250000 0.250000 
 176
0.501328 0.008628 0.046210 
0.443641 0.982370 0.462022 
0.055031 0.009001 0.491768 
0.017235 0.017235 0.948294 0.017235 
0.250000 0.250000 0.250000 0.250000 
 177
0.501328 0.008628 0.046210 
0.443641 0.982370 0.462022 
0.055031 0.009001 0.491768 
0.017235 0.017235 0.923024 0.042506 
0.250000 0.250000 0.250000 0.250000 
 178
0.501328 0.008628 0.046210 
0.443641 0.982370 0.462022 
0.055031 0.009001 0.491768 
0.017235 0.022370 0.929223 0.031172 
0.250000 0.250000 0.250000 0.250000 
 179
0.501328 0.008628 0.046210 
0.443641 0.982370 0.462022 
0.055031 0.009001 0.491768 
0.017235 0.017235 0.017235 0.948294 
0.250000 0.250000 0.250000 0.250000 
 180
0.501328 0.008628 0.046210 
0.443641 0.982370 0.462022 
0.055031 0.009001 0.491768 
0.754694 0.210835 0.017235 0.017235 
0.250000 0.250000 0.250000 0.250000 
 181
0.501328 0.008628 0.046210 
0.443641 0.982370 0.462022 
0.055031 0.009001 0.491768 
0.942650 0.022880 0.017235 0.017235 
0.250000 0.250000 0.250000 0.250000 
 182
0.501328 0.008628 0.046210 
0.443641 0.982370 0.462022 
0.055031 0.009001 0.491768 
0.017235 0.017235 0.017235 0.948294 
0.250000 0.250000 0.250000 0.250000 
 183
0.501328 0.008628 0.046210 
0.443641 0.982370 0.462022 
0.055031 0.009001 0.491768 
0.948294 0.017235 0.017235 0.017235 
0.250000 0.250000 0.250000 0.250000 
 184
0.501328 0.008628 0.046210 
0.443641 0.982370 0.462022 
0.055031 0.009001 0.491768 
0.017235 0.948294 0.017235 0.017235 
0.250000 0.250000 0.250000 0.250000 
 185
0.501328 0.008628 0.046210 
0.443641 0.982370 0.462022 
0.055031 0.009001 0.491768 
0.017235 0.948294 0.017235 0.017235 
0.250000 0.250000 0.250000 0.250000 
 186
0.501328 0.008628 0.046210 
0.443641 0.982370 0.462022 
0.055031 0.009001 0.491768 
0.756765 0.208764 0.017235 0.017235 
0.250000 0.250000 0.250000 0.250000 
 187
0.501328 0.008628 0.046210 
0.443641 0.982370 0.462022 
0.055031 0.009001 0.491768 
0.017235 0.017235 0.948294 0.017235 
0.250000 0.250000 0.250000 0.250000 
 188
0.501328 0.008628 0.046210 
0.443641 0.982370 0.462022 
0.055031 0.009001 0.491768 
0.017235 0.017235 0.948294 0.017235 
0.250000 0.250000 0.250000 0.250000 
 189
0.501328 0.008628 0.046210 
0.443641 0.982370 0.462022 
0.055031 0.009001 0.491768 
0.017235 0.017235 0.057953 0.907577 
0.250000 0.250000 0.250000 0.250000 
 190
0.501328 0.008628 0.046210 
0.443641 0.982370 0.462022 
0.055031 0.009001 0.491768 
0.017235 0.017235 0.948294 0.017235 
0.250000 0.250000 0.250000 0.250000 
 191
0.501328 0.008628 0.046210 
0.443641 0.982370 0.462022 
0.055031 0.009001 0.491768 
0.017235 0.017235 0.948294 0.017235 
0.250000 0.250000 0.250000 0.250000 
 192
0.501328 0.008628 0.046210 
0.443641 0.982370 0.462022 
0.055031 0.009001 0.491768 
0.017235 0.017235 0.948294 0.017235 
0.250000 0.250000 0.250000 0.250000 
 193
0.501328 0.008628 0.046210 
0.443641 0.982370 0.462022 
0.055031 0.009001 0.491768 
0.017235 0.017235 0.948294 0.017235 
0.250000 0.250000 0.250000 0.250000 
 194
0.501328 0.008628 0.046210 
0.443641 0.982370 0.462022 
0.055031 0.009001 0.491768 
0.948294 0.017235 0.017235 0.017235 
0.250000 0.250000 0.250000 0.250000 
 195
0.501328 0.008628 0.046210 
0.443641 0.982370 0.462022 
0.055031 0.009001 0.491768 
0.895983 0.069547 0.017235 0.017235 
0.250000 0.250000 0.250000 0.250000 
 196
0.501328 0.008628 0.046210 
0.443641 0.982370 0.462022 
0.055031 0.009001 0.491768 
0.017235 0.017235 0.017235 0.948294 
0.250000 0.250000 0.250000 0.250000 
 197
0.501328 0.008628 0.046210 
0.443641 0.982370 0.462022 
0.055031 0.009001 0.491768 
0.017235 0.948294 0.017235 0.017235 
0.250000 0.250000 0.250000 0.250000 
 198
0.501328 0.008628 0.046210 
0.443641 0.982370 0.462022 
0.055031 0.009001 0.491768 
0.017235 0.017235 0.842408 0.123121 
0.250000 0.250000 0.250000 0.250000 
 199
0.501328 0.008628 0.046210 
0.443641 0.982370 0.462022 
0.055031 0.009001 0.491768 
0.017235 0.948294 0.017235 0.017235 
0.250000 0.250000 0.250000 0.250000 
 200
0.501328 0.008628 0.046210 
0.443641 0.982370 0.462022 
0.055031 0.009001 0.491768 
0.943018 0.022512 0.017235 0.017235 
0.250000 0.250000 0.250000 0.250000 
 201
0.501328 0.008628 0.046210 
0.443641 0.982370 0.462022 
0.055031 0.009001 0.491768 
0.017235 0.017235 0.084637 0.880892 
0.250000 0.250000 0.250000 0.250000 
 202
0.501328 0.008628 0.046210 
0.443641 0.982370 0.462022 
0.055031 0.009001 0.491768 
0.017235 0.017235 0.948294 0.017235 
0.250000 0.250000 0.250000 0.250000 
 203
0.501328 0.008628 0.046210 
0.443641 0.982370 0.462022 
0.055031 0.009001 0.491768 
0.770149 0.042068 0.017235 0.170548 
0.250000 0.250000 0.250000 0.250000 
 204
0.501328 0.008628 0.046210 
0.443641 0.982370 0.462022 
0.055031 0.009001 0.491768 
0.935744 0.017235 0.017235 0.029786 
0.250000 0.250000 0.250000 0.250000 
 205
0.501328 0.008628 0.046210 
0.443641 0.982370 0.462022 
0.055031 0.009001 0.491768 
0.017235 0.017235 0.017235 0.948294 
0.250000 0.250000 0.250000 0.250000 
 206
0.501328 0.008628 0.046210 
0.443641 0.982370 0.462022 
0.055031 0.009001 0.491768 
0.017235 0.017235 0.017235 0.948294 
0.250000 0.250000 0.250000 0.250000 
 207
0.501328 0.008628 0.046210 
0.443641 0.982370 0.462022 
0.055031 0.009001 0.491768 
0.017235 0.017235 0.212045 0.753485 
0.250000 0.250000 0.250000 0.250000 
 208
0.501328 0.008628 0.046210 
0.443641 0.982370 0.462022 
0.055031 0.009001 0.491768 
0.017235 0.017235 0.934167 0.031362 
0.250000 0.250000 0.250000 0.250000 
 209
0.501328 0.008628 0.046210 
0.443641 0.982370 0.462022 
0.055031 0.009001 0.491768 
0.017235 0.017235 0.017235 0.948294 
0.250000 0.250000 0.250000 0.250000 
 210
0.501328 0.008628 0.046210 
0.443641 0.982370 0.462022 
0.055031 0.009001 0.491768 
0.017235 0.942636 0.017235 0.022893 
0.250000 0.250000 0.250000 0.250000 
 211
0.501328 0.008628 0.046210 
0.443641 0.982370 0.462022 
0.055031 0.009001 0.491768 
0.017235 0.948294 0.017235 0.017235 
0.250000 0.250000 0.250000 0.250000 
 212
0.501328 0.008628 0.046210 
0.443641 0.982370 0.462022 
0.055031 0.009001 0.491768 
0.948294 0.017235 0.017235 0.017235 
0.250000 0.250000 0.250000 0.250000 
 213
0.501328 0.008628 0.046210 
0.443641 0.982370 0.462022 
0.055031 0.009001 0.491768 
0.100674 0.864855 0.017235 0.017235 
0.250000 0.250000 0.250000 0.250000 
 214
0.501328 0.008628 0.046210 
0.443641 0.982370 0.462022 
0.055031 0.009001 0.491768 
0.017235 0.017235 0.017235 0.948294 
0.250000 0.250000 0.250000 0.250000 
 215
0.501328 0.008628 0.046210 
0.443641 0.982370 0.462022 
0.055031 0.009001 0.491768 
0.017235 0.017235 0.017235 0.948294 
0.250000 0.250000 0.250000 0.250000 
 216
0.501328 0.008628 0.046210 
0.443641 0.982370 0.462022 
0.055031 0.009001 0.491768 
0.017235 0.017235 0.017235 0.948294 
0.250000 0.250000 0.250000 0.250000 
 217
0.501328 0.008628 0.046210 
0.443641 0.982370 0.462022 
0.055031 0.009001 0.491768 
0.017235 0.948294 0.017235 0.017235 
0.250000 0.250000 0.250000 0.250000 
 218
0.501328 0.008628 0.046210 
0.443641 0.982370 0.462022 
0.055031 0.009001 0.491768 
0.948294 0.017235 0.017235 0.017235 
0.250000 0.250000 0.250000 0.250000 
 219
0.501328 0.008628 0.046210 
0.443641 0.982370 0.462022 
0.055031 0.009001 0.491768 
0.017235 0.017235 0.843115 0.122415 
0.250000 0.250000 0.250000 0.250000 
 220
0.501328 0.008628 0.046210 
0.443641 0.982370 0.462022 
0.055031 0.009001 0.491768 
0.042229 0.793228 0.017235 0.147308 
0.250000 0.250000 0.250000 0.250000 
 221
0.501328 0.008628 0.046210 
0.443641 0.982370 0.462022 
0.055031 0.009001 0.491768 
0.017235 0.017235 0.948294 0.017235 
0.250000 0.250000 0.250000 0.250000 
 222
0.501328 0.008628 0.046210 
0.443641 0.982370 0.462022 
0.055031 0.009001 0.491768 
0.017235 0.017235 0.017235 0.948294 
0.250000 0.250000 0.250000 0.250000 
 223
0.501328 0.008628 0.046210 
0.443641 0.982370 0.462022 
0.055031 0.009001 0.491768 
0.098126 0.867403 0.017235 0.017235 
0.250000 0.250000 0.250000 0.250000 
 224
0.475774 0.008628 0.046210 
0.469194 0.982370 0.462022 
0.056474 0.008970 0.491768 
0.948665 0.017112 0.017112 0.017112 
0.250000 0.250000 0.250000 0.250000 
 225
0.488251 0.008598 0.046210 
0.455275 0.982433 0.462022 
0.056474 0.008970 0.491768 
0.017112 0.017112 0.321041 0.644736 
0.250000 0.250000 0.250000 0.250000 
 226
0.488251 0.008598 0.046210 
0.455275 0.982433 0.462022 
0.056474 0.008970 0.491768 
0.017112 0.017112 0.169324 0.796453 
0.250000 0.250000 0.250000 0.250000 
 227
0.488251 0.008598 0.046210 
0.455275 0.982433 0.462022 
0.056474 0.008970 0.491768 
0.017112 0.017112 0.017112 0.948665 
0.250000 0.250000 0.250000 0.250000 
 228
0.488251 0.008598 0.046210 
0.455275 0.982433 0.462022 
0.056474 0.008970 0.491768 
0.215166 0.750611 0.017112 0.017112 
0.250000 0.250000 0.250000 0.250000 
 229
0.488251 0.008598 0.046210 
0.455275 0.982433 0.462022 
0.056474 0.008970 0.491768 
0.930484 0.035292 0.017112 0.017112 
0.250000 0.250000 0.250000 0.250000 
 230
0.488251 0.008598 0.046210 
0.455275 0.982433 0.462022 
0.056474 0.008970 0.491768 
0.017112 0.017112 0.017112 0.948665 
0.250000 0.250000 0.250000 0.250000 
 231
0.488251 0.008598 0.046210 
0.455275 0.982433 0.462022 
0.056474 0.008970 0.491768 
0.934829 0.017112 0.030948 0.017112 
0.250000 0.250000 0.250000 0.250000 
 232
0.488251 0.008598 0.046210 
0.455275 0.982433 0.462022 
0.056474 0.008970 0.491768 
0.948665 0.017112 0.017112 0.017112 
0.250000 0.250000 0.250000 0.250000 
 233
0.488251 0.008598 0.046210 
0.455275 0.982433 0.462022 
0.056474 0.008970 0.491768 
0.017112 0.017112 0.017112 0.948665 
0.250000 0.250000 0.250000 0.250000 
 234
0.488251 0.008598 0.046210 
0.455275 0.982433 0.462022 
0.056474 0.008970 0.491768 
0.022964 0.017112 0.017112 0.942813 
0.250000 0.250000 0.250000 0.250000 
 235
0.488251 0.008598 0.046210 
0.455275 0.982433 0.462022 
0.056474 0.008970 0.491768 
