%  SAM: /Volumes/gf_atl_2012/Tools/LABEL_RES/scripts/modelfromalign v3.5 (July 15, 2005) compiled 03/03/09_11:47:37
%  (c) 1992-2001 Regents of the University of California, Santa Cruz
%
%          Sequence Alignment and Modeling Software System
%         http://www.cse.ucsc.edu/research/compbio/sam.html
%
% ----------------- Citations (SAM, SAM-T2K, HMMs) --------------------
% R. Hughey, A. Krogh, Hidden Markov models for sequence analysis:
%  Extension and analysis of the basic method, CABIOS 12:95-107, 1996.
% K. Karplus, et al., What is the value added by human intervention in protein
%  structure prediction, Proteins: Stucture, Function, Genetics 45(S5):86--91, 2001.
% A. Krogh et al., Hidden Markov models in computational biology:
%  Applications to protein modeling, JMB 235:1501-1531, Feb 1994.
% ---------------------------------------------------------------------
%  B1F_avNA_NY994_hmm   Host: m222714.cdc.gov    Fri Apr 12 12:08:00 2013
%  vfn4                 Dir:  /Volumes/gf_atl_2012/Genotyping/H7/set_2013-04-05/base/c-B1_avNA
% ---------------------------------------------------------------------
%  Alignment weights from internal calc.  Total (18.52) Max (0.23) Min (0.04)
%  Weights from alignment method 1 (karplus), b=-1.000000, e=0.500000
MODEL --  Model from alignment file /Volumes/gf_atl_2012/Tools/LABEL_RES/training_data/H7/c-B1_avNA/B1F_avNA_NY994.fasta
alphabet DNA
FREQAVE
0.000000 0.000000 0.000000 
0.000000 0.000000 0.000000 
0.000000 0.000000 0.000000 
0.332949 0.244491 0.184462 0.238098 
0.332949 0.244491 0.184462 0.238098 
Begin
0.000000 0.000000 0.000000 
0.000000 0.000000 0.000000 
0.000000 0.007695 0.491768 
0.250000 0.250000 0.250000 0.250000 
0.250000 0.250000 0.250000 0.250000 
   1
0.000000 0.008697 0.046210 
0.000000 0.983608 0.462022 
0.056746 0.007705 0.491768 
0.012837 0.961488 0.012837 0.012837 
0.250000 0.250000 0.250000 0.250000 
   2
0.485786 0.007386 0.046210 
0.457467 0.984908 0.462022 
0.056746 0.007705 0.491768 
0.961488 0.012837 0.012837 0.012837 
0.250000 0.250000 0.250000 0.250000 
   3
0.485786 0.007386 0.046210 
0.457467 0.984908 0.462022 
0.056746 0.007705 0.491768 
0.012837 0.012837 0.961488 0.012837 
0.250000 0.250000 0.250000 0.250000 
   4
0.485786 0.007386 0.046210 
0.457467 0.984908 0.462022 
0.056746 0.007705 0.491768 
0.961488 0.012837 0.012837 0.012837 
0.250000 0.250000 0.250000 0.250000 
   5
0.485786 0.007386 0.046210 
0.457467 0.984908 0.462022 
0.056746 0.007705 0.491768 
0.961488 0.012837 0.012837 0.012837 
0.250000 0.250000 0.250000 0.250000 
   6
0.485786 0.007386 0.046210 
0.457467 0.984908 0.462022 
0.056746 0.007705 0.491768 
0.961488 0.012837 0.012837 0.012837 
0.250000 0.250000 0.250000 0.250000 
   7
0.485786 0.007386 0.046210 
0.457467 0.984908 0.462022 
0.056746 0.007705 0.491768 
0.961488 0.012837 0.012837 0.012837 
0.250000 0.250000 0.250000 0.250000 
   8
0.485786 0.007386 0.046210 
0.457467 0.984908 0.462022 
0.056746 0.007705 0.491768 
0.012837 0.012837 0.012837 0.961488 
0.250000 0.250000 0.250000 0.250000 
   9
0.485786 0.007386 0.046210 
0.457467 0.984908 0.462022 
0.056746 0.007705 0.491768 
0.954724 0.012876 0.012876 0.019525 
0.250000 0.250000 0.250000 0.250000 
  10
0.485786 0.007386 0.046210 
0.457467 0.984908 0.462022 
0.056746 0.007705 0.491768 
0.012837 0.012837 0.012837 0.961488 
0.250000 0.250000 0.250000 0.250000 
  11
0.485786 0.007386 0.046210 
0.457467 0.984908 0.462022 
0.056746 0.007705 0.491768 
0.012837 0.961488 0.012837 0.012837 
0.250000 0.250000 0.250000 0.250000 
  12
0.485786 0.007386 0.046210 
0.457467 0.984908 0.462022 
0.056746 0.007705 0.491768 
0.012837 0.012837 0.037383 0.936943 
0.250000 0.250000 0.250000 0.250000 
  13
0.485786 0.007386 0.046210 
0.457467 0.984908 0.462022 
0.056746 0.007705 0.491768 
0.024721 0.012875 0.946719 0.015685 
0.250000 0.250000 0.250000 0.250000 
  14
0.485786 0.007386 0.046210 
0.457467 0.984908 0.462022 
0.056746 0.007705 0.491768 
0.012837 0.012837 0.012837 0.961488 
0.250000 0.250000 0.250000 0.250000 
  15
0.485786 0.007386 0.046210 
0.457467 0.984908 0.462022 
0.056746 0.007705 0.491768 
0.012837 0.012837 0.012837 0.961488 
0.250000 0.250000 0.250000 0.250000 
  16
0.485786 0.007386 0.046210 
0.457467 0.984908 0.462022 
0.056746 0.007705 0.491768 
0.012837 0.956472 0.017853 0.012837 
0.250000 0.250000 0.250000 0.250000 
  17
0.485786 0.007386 0.046210 
0.457467 0.984908 0.462022 
0.056746 0.007705 0.491768 
0.012837 0.961488 0.012837 0.012837 
0.250000 0.250000 0.250000 0.250000 
  18
0.485786 0.007386 0.046210 
0.457467 0.984908 0.462022 
0.056746 0.007705 0.491768 
0.020370 0.953955 0.012837 0.012837 
0.250000 0.250000 0.250000 0.250000 
  19
0.485786 0.007386 0.046210 
0.457467 0.984908 0.462022 
0.056746 0.007705 0.491768 
0.012837 0.012837 0.961488 0.012837 
0.250000 0.250000 0.250000 0.250000 
  20
0.485786 0.007386 0.046210 
0.457467 0.984908 0.462022 
0.056746 0.007705 0.491768 
0.961488 0.012837 0.012837 0.012837 
0.250000 0.250000 0.250000 0.250000 
  21
0.485786 0.007386 0.046210 
0.457467 0.984908 0.462022 
0.056746 0.007705 0.491768 
0.012837 0.012837 0.952913 0.021413 
0.250000 0.250000 0.250000 0.250000 
  22
0.485786 0.007386 0.046210 
0.457467 0.984908 0.462022 
0.056746 0.007705 0.491768 
0.012837 0.012837 0.961488 0.012837 
0.250000 0.250000 0.250000 0.250000 
  23
0.485786 0.007386 0.046210 
0.457467 0.984908 0.462022 
0.056746 0.007705 0.491768 
0.961488 0.012837 0.012837 0.012837 
0.250000 0.250000 0.250000 0.250000 
  24
0.485786 0.007386 0.046210 
0.457467 0.984908 0.462022 
0.056746 0.007705 0.491768 
0.012837 0.012837 0.022504 0.951822 
0.250000 0.250000 0.250000 0.250000 
  25
0.485786 0.007386 0.046210 
0.457467 0.984908 0.462022 
0.056746 0.007705 0.491768 
0.012837 0.961488 0.012837 0.012837 
0.250000 0.250000 0.250000 0.250000 
  26
0.485786 0.007386 0.046210 
0.457467 0.984908 0.462022 
0.056746 0.007705 0.491768 
0.012837 0.012837 0.961488 0.012837 
0.250000 0.250000 0.250000 0.250000 
  27
0.485786 0.007386 0.046210 
0.457467 0.984908 0.462022 
0.056746 0.007705 0.491768 
0.012837 0.012837 0.012837 0.961488 
0.250000 0.250000 0.250000 0.250000 
  28
0.485786 0.007386 0.046210 
0.457467 0.984908 0.462022 
0.056746 0.007705 0.491768 
0.012837 0.961488 0.012837 0.012837 
0.250000 0.250000 0.250000 0.250000 
  29
0.485786 0.007386 0.046210 
0.457467 0.984908 0.462022 
0.056746 0.007705 0.491768 
0.012837 0.012837 0.012837 0.961488 
0.250000 0.250000 0.250000 0.250000 
  30
0.474311 0.007386 0.046210 
0.468942 0.984908 0.462022 
0.057405 0.007695 0.491768 
0.012807 0.961578 0.012807 0.012807 
0.250000 0.250000 0.250000 0.250000 
  31
0.479817 0.007376 0.046210 
0.462778 0.984928 0.462022 
0.057405 0.007695 0.491768 
0.012807 0.961578 0.012807 0.012807 
0.250000 0.250000 0.250000 0.250000 
  32
0.479817 0.007376 0.046210 
0.462778 0.984928 0.462022 
0.057405 0.007695 0.491768 
0.012807 0.012807 0.961578 0.012807 
0.250000 0.250000 0.250000 0.250000 
  33
0.479817 0.007376 0.046210 
0.462778 0.984928 0.462022 
0.057405 0.007695 0.491768 
0.961578 0.012807 0.012807 0.012807 
0.250000 0.250000 0.250000 0.250000 
  34
0.479817 0.007376 0.046210 
0.462778 0.984928 0.462022 
0.057405 0.007695 0.491768 
0.961578 0.012807 0.012807 0.012807 
0.250000 0.250000 0.250000 0.250000 
  35
0.479817 0.007376 0.046210 
0.462778 0.984928 0.462022 
0.057405 0.007695 0.491768 
0.961578 0.012807 0.012807 0.012807 
0.250000 0.250000 0.250000 0.250000 
  36
0.479817 0.007376 0.046210 
0.462778 0.984928 0.462022 
0.057405 0.007695 0.491768 
0.012807 0.012807 0.012807 0.961578 
0.250000 0.250000 0.250000 0.250000 
  37
0.479817 0.007376 0.046210 
0.462778 0.984928 0.462022 
0.057405 0.007695 0.491768 
0.012807 0.961578 0.012807 0.012807 
0.250000 0.250000 0.250000 0.250000 
  38
0.479817 0.007376 0.046210 
0.462778 0.984928 0.462022 
0.057405 0.007695 0.491768 
0.012807 0.961578 0.012807 0.012807 
0.250000 0.250000 0.250000 0.250000 
  39
0.479817 0.007376 0.046210 
0.462778 0.984928 0.462022 
0.057405 0.007695 0.491768 
0.947050 0.027336 0.012807 0.012807 
0.250000 0.250000 0.250000 0.250000 
  40
0.479817 0.007376 0.046210 
0.462778 0.984928 0.462022 
0.057405 0.007695 0.491768 
0.961578 0.012807 0.012807 0.012807 
0.250000 0.250000 0.250000 0.250000 
  41
0.479817 0.007376 0.046210 
0.462778 0.984928 0.462022 
0.057405 0.007695 0.491768 
0.012807 0.012807 0.961578 0.012807 
0.250000 0.250000 0.250000 0.250000 
  42
0.479817 0.007376 0.046210 
0.462778 0.984928 0.462022 
0.057405 0.007695 0.491768 
0.791949 0.012807 0.012807 0.182437 
0.250000 0.250000 0.250000 0.250000 
  43
0.479817 0.007376 0.046210 
0.462778 0.984928 0.462022 
0.057405 0.007695 0.491768 
0.961578 0.012807 0.012807 0.012807 
0.250000 0.250000 0.250000 0.250000 
  44
0.479817 0.007376 0.046210 
0.462778 0.984928 0.462022 
0.057405 0.007695 0.491768 
0.961578 0.012807 0.012807 0.012807 
0.250000 0.250000 0.250000 0.250000 
  45
0.479817 0.007376 0.046210 
0.462778 0.984928 0.462022 
0.057405 0.007695 0.491768 
0.961578 0.012807 0.012807 0.012807 
0.250000 0.250000 0.250000 0.250000 
  46
0.479817 0.007376 0.046210 
0.462778 0.984928 0.462022 
0.057405 0.007695 0.491768 
0.012807 0.961578 0.012807 0.012807 
0.250000 0.250000 0.250000 0.250000 
  47
0.479817 0.007376 0.046210 
0.462778 0.984928 0.462022 
0.057405 0.007695 0.491768 
0.012807 0.012807 0.012807 0.961578 
0.250000 0.250000 0.250000 0.250000 
  48
0.479817 0.007376 0.046210 
0.462778 0.984928 0.462022 
0.057405 0.007695 0.491768 
0.040422 0.933896 0.012841 0.012841 
0.250000 0.250000 0.250000 0.250000 
  49
0.479817 0.007376 0.046210 
0.462778 0.984928 0.462022 
0.057405 0.007695 0.491768 
0.956200 0.018186 0.012807 0.012807 
0.250000 0.250000 0.250000 0.250000 
  50
0.479817 0.007376 0.046210 
0.462778 0.984928 0.462022 
0.057405 0.007695 0.491768 
0.961578 0.012807 0.012807 0.012807 
0.250000 0.250000 0.250000 0.250000 
  51
0.479817 0.007376 0.046210 
0.462778 0.984928 0.462022 
0.057405 0.007695 0.491768 
0.012807 0.012807 0.961578 0.012807 
0.250000 0.250000 0.250000 0.250000 
  52
0.479817 0.007376 0.046210 
0.462778 0.984928 0.462022 
0.057405 0.007695 0.491768 
0.961578 0.012807 0.012807 0.012807 
0.250000 0.250000 0.250000 0.250000 
  53
0.479817 0.007376 0.046210 
0.462778 0.984928 0.462022 
0.057405 0.007695 0.491768 
0.012807 0.012807 0.958773 0.015613 
0.250000 0.250000 0.250000 0.250000 
  54
0.479817 0.007376 0.046210 
0.462778 0.984928 0.462022 
0.057405 0.007695 0.491768 
0.958563 0.015822 0.012807 0.012807 
0.250000 0.250000 0.250000 0.250000 
  55
0.479817 0.007376 0.046210 
0.462778 0.984928 0.462022 
0.057405 0.007695 0.491768 
0.012807 0.012807 0.045664 0.928722 
0.250000 0.250000 0.250000 0.250000 
  56
0.479817 0.007376 0.046210 
0.462778 0.984928 0.462022 
0.057405 0.007695 0.491768 
0.012807 0.012807 0.012807 0.961578 
0.250000 0.250000 0.250000 0.250000 
  57
0.479817 0.007376 0.046210 
0.462778 0.984928 0.462022 
0.057405 0.007695 0.491768 
0.961578 0.012807 0.012807 0.012807 
0.250000 0.250000 0.250000 0.250000 
  58
0.479817 0.007376 0.046210 
0.462778 0.984928 0.462022 
0.057405 0.007695 0.491768 
0.961578 0.012807 0.012807 0.012807 
0.250000 0.250000 0.250000 0.250000 
  59
0.479817 0.007376 0.046210 
0.462778 0.984928 0.462022 
0.057405 0.007695 0.491768 
0.012807 0.012807 0.961578 0.012807 
0.250000 0.250000 0.250000 0.250000 
  60
0.479817 0.007376 0.046210 
0.462778 0.984928 0.462022 
0.057405 0.007695 0.491768 
0.958403 0.015983 0.012807 0.012807 
0.250000 0.250000 0.250000 0.250000 
  61
0.479817 0.007376 0.046210 
0.462778 0.984928 0.462022 
0.057405 0.007695 0.491768 
0.012807 0.961578 0.012807 0.012807 
0.250000 0.250000 0.250000 0.250000 
  62
0.479817 0.007376 0.046210 
0.462778 0.984928 0.462022 
0.057405 0.007695 0.491768 
0.961578 0.012807 0.012807 0.012807 
0.250000 0.250000 0.250000 0.250000 
  63
0.479817 0.007376 0.046210 
0.462778 0.984928 0.462022 
0.057405 0.007695 0.491768 
0.024863 0.949523 0.012807 0.012807 
0.250000 0.250000 0.250000 0.250000 
  64
0.479817 0.007376 0.046210 
0.462778 0.984928 0.462022 
0.057405 0.007695 0.491768 
0.961578 0.012807 0.012807 0.012807 
0.250000 0.250000 0.250000 0.250000 
  65
0.479817 0.007376 0.046210 
0.462778 0.984928 0.462022 
0.057405 0.007695 0.491768 
0.273967 0.700419 0.012807 0.012807 
0.250000 0.250000 0.250000 0.250000 
  66
0.479817 0.007376 0.046210 
0.462778 0.984928 0.462022 
0.057405 0.007695 0.491768 
0.123476 0.850910 0.012807 0.012807 
0.250000 0.250000 0.250000 0.250000 
  67
0.479817 0.007376 0.046210 
0.462778 0.984928 0.462022 
0.057405 0.007695 0.491768 
0.012807 0.961578 0.012807 0.012807 
0.250000 0.250000 0.250000 0.250000 
  68
0.479817 0.007376 0.046210 
0.462778 0.984928 0.462022 
0.057405 0.007695 0.491768 
0.012807 0.961578 0.012807 0.012807 
0.250000 0.250000 0.250000 0.250000 
  69
0.479817 0.007376 0.046210 
0.462778 0.984928 0.462022 
0.057405 0.007695 0.491768 
0.025411 0.948974 0.012807 0.012807 
0.250000 0.250000 0.250000 0.250000 
  70
0.479817 0.007376 0.046210 
0.462778 0.984928 0.462022 
0.057405 0.007695 0.491768 
0.942279 0.032107 0.012807 0.012807 
0.250000 0.250000 0.250000 0.250000 
  71
0.479817 0.007376 0.046210 
0.462778 0.984928 0.462022 
0.057405 0.007695 0.491768 
0.012807 0.012807 0.012807 0.961578 
0.250000 0.250000 0.250000 0.250000 
  72
0.479817 0.007376 0.046210 
0.462778 0.984928 0.462022 
0.057405 0.007695 0.491768 
0.012807 0.012807 0.015983 0.958403 
0.250000 0.250000 0.250000 0.250000 
  73
0.479817 0.007376 0.046210 
0.462778 0.984928 0.462022 
0.057405 0.007695 0.491768 
0.015745 0.958640 0.012807 0.012807 
0.250000 0.250000 0.250000 0.250000 
  74
0.479817 0.007376 0.046210 
0.462778 0.984928 0.462022 
0.057405 0.007695 0.491768 
0.961578 0.012807 0.012807 0.012807 
0.250000 0.250000 0.250000 0.250000 
  75
0.479817 0.007376 0.046210 
0.462778 0.984928 0.462022 
0.057405 0.007695 0.491768 
0.961578 0.012807 0.012807 0.012807 
0.250000 0.250000 0.250000 0.250000 
  76
0.479817 0.007376 0.046210 
0.462778 0.984928 0.462022 
0.057405 0.007695 0.491768 
0.012807 0.961578 0.012807 0.012807 
0.250000 0.250000 0.250000 0.250000 
  77
0.479817 0.007376 0.046210 
0.462778 0.984928 0.462022 
0.057405 0.007695 0.491768 
0.012807 0.012807 0.012807 0.961578 
0.250000 0.250000 0.250000 0.250000 
  78
0.479817 0.007376 0.046210 
0.462778 0.984928 0.462022 
0.057405 0.007695 0.491768 
0.935948 0.038438 0.012807 0.012807 
0.250000 0.250000 0.250000 0.250000 
  79
0.479817 0.007376 0.046210 
0.462778 0.984928 0.462022 
0.057405 0.007695 0.491768 
0.012807 0.961578 0.012807 0.012807 
0.250000 0.250000 0.250000 0.250000 
  80
0.479817 0.007376 0.046210 
0.462778 0.984928 0.462022 
0.057405 0.007695 0.491768 
0.012807 0.012807 0.012807 0.961578 
0.250000 0.250000 0.250000 0.250000 
  81
0.479817 0.007376 0.046210 
0.462778 0.984928 0.462022 
0.057405 0.007695 0.491768 
0.046816 0.921660 0.012807 0.018717 
0.250000 0.250000 0.250000 0.250000 
  82
0.479817 0.007376 0.046210 
0.462778 0.984928 0.462022 
0.057405 0.007695 0.491768 
0.961578 0.012807 0.012807 0.012807 
0.250000 0.250000 0.250000 0.250000 
  83
0.479817 0.007376 0.046210 
0.462778 0.984928 0.462022 
0.057405 0.007695 0.491768 
0.961578 0.012807 0.012807 0.012807 
0.250000 0.250000 0.250000 0.250000 
  84
0.479817 0.007376 0.046210 
0.462778 0.984928 0.462022 
0.057405 0.007695 0.491768 
0.012807 0.012807 0.181601 0.792785 
0.250000 0.250000 0.250000 0.250000 
  85
0.479817 0.007376 0.046210 
0.462778 0.984928 0.462022 
0.057405 0.007695 0.491768 
0.012807 0.961578 0.012807 0.012807 
0.250000 0.250000 0.250000 0.250000 
  86
0.479817 0.007376 0.046210 
0.462778 0.984928 0.462022 
0.057405 0.007695 0.491768 
0.012807 0.012807 0.961578 0.012807 
0.250000 0.250000 0.250000 0.250000 
  87
0.479817 0.007376 0.046210 
0.462778 0.984928 0.462022 
0.057405 0.007695 0.491768 
0.020019 0.012807 0.954367 0.012807 
0.250000 0.250000 0.250000 0.250000 
  88
0.479817 0.007376 0.046210 
0.462778 0.984928 0.462022 
0.057405 0.007695 0.491768 
0.961578 0.012807 0.012807 0.012807 
0.250000 0.250000 0.250000 0.250000 
  89
0.479817 0.007376 0.046210 
0.462778 0.984928 0.462022 
0.057405 0.007695 0.491768 
0.012807 0.012807 0.961578 0.012807 
0.250000 0.250000 0.250000 0.250000 
  90
0.479817 0.007376 0.046210 
0.462778 0.984928 0.462022 
0.057405 0.007695 0.491768 
0.961578 0.012807 0.012807 0.012807 
0.250000 0.250000 0.250000 0.250000 
  91
0.479817 0.007376 0.046210 
0.462778 0.984928 0.462022 
0.057405 0.007695 0.491768 
0.012807 0.961578 0.012807 0.012807 
0.250000 0.250000 0.250000 0.250000 
  92
0.479817 0.007376 0.046210 
0.462778 0.984928 0.462022 
0.057405 0.007695 0.491768 
0.961578 0.012807 0.012807 0.012807 
0.250000 0.250000 0.250000 0.250000 
  93
0.479817 0.007376 0.046210 
0.462778 0.984928 0.462022 
0.057405 0.007695 0.491768 
0.125952 0.848433 0.012807 0.012807 
0.250000 0.250000 0.250000 0.250000 
  94
0.479817 0.007376 0.046210 
0.462778 0.984928 0.462022 
0.057405 0.007695 0.491768 
0.961578 0.012807 0.012807 0.012807 
0.250000 0.250000 0.250000 0.250000 
  95
0.479817 0.007376 0.046210 
0.462778 0.984928 0.462022 
0.057405 0.007695 0.491768 
0.012807 0.012807 0.958286 0.016100 
0.250000 0.250000 0.250000 0.250000 
  96
0.479817 0.007376 0.046210 
0.462778 0.984928 0.462022 
0.057405 0.007695 0.491768 
0.501219 0.464851 0.012807 0.021122 
0.250000 0.250000 0.250000 0.250000 
  97
0.479817 0.007376 0.046210 
0.462778 0.984928 0.462022 
0.057405 0.007695 0.491768 
0.012807 0.961578 0.012807 0.012807 
0.250000 0.250000 0.250000 0.250000 
  98
0.479817 0.007376 0.046210 
0.462778 0.984928 0.462022 
0.057405 0.007695 0.491768 
0.012807 0.012807 0.012807 0.961578 
0.250000 0.250000 0.250000 0.250000 
  99
0.479817 0.007376 0.046210 
0.462778 0.984928 0.462022 
0.057405 0.007695 0.491768 
0.030552 0.831942 0.012807 0.124699 
0.250000 0.250000 0.250000 0.250000 
 100
0.479817 0.007376 0.046210 
0.462778 0.984928 0.462022 
0.057405 0.007695 0.491768 
0.012807 0.961578 0.012807 0.012807 
0.250000 0.250000 0.250000 0.250000 
 101
0.479817 0.007376 0.046210 
0.462778 0.984928 0.462022 
0.057405 0.007695 0.491768 
0.961578 0.012807 0.012807 0.012807 
0.250000 0.250000 0.250000 0.250000 
 102
0.479817 0.007376 0.046210 
0.462778 0.984928 0.462022 
0.057405 0.007695 0.491768 
0.958907 0.015479 0.012807 0.012807 
0.250000 0.250000 0.250000 0.250000 
 103
0.479817 0.007376 0.046210 
0.462778 0.984928 0.462022 
0.057405 0.007695 0.491768 
0.961578 0.012807 0.012807 0.012807 
0.250000 0.250000 0.250000 0.250000 
 104
0.479817 0.007376 0.046210 
0.462778 0.984928 0.462022 
0.057405 0.007695 0.491768 
0.023175 0.012807 0.951210 0.012807 
0.250000 0.250000 0.250000 0.250000 
 105
0.479817 0.007376 0.046210 
0.462778 0.984928 0.462022 
0.057405 0.007695 0.491768 
0.012807 0.012807 0.018663 0.955723 
0.250000 0.250000 0.250000 0.250000 
 106
0.479817 0.007376 0.046210 
0.462778 0.984928 0.462022 
0.057405 0.007695 0.491768 
0.073853 0.900532 0.012807 0.012807 
0.250000 0.250000 0.250000 0.250000 
 107
0.479817 0.007376 0.046210 
0.462778 0.984928 0.462022 
0.057405 0.007695 0.491768 
0.017740 0.017811 0.944134 0.020315 
0.250000 0.250000 0.250000 0.250000 
 108
0.479817 0.007376 0.046210 
0.462778 0.984928 0.462022 
0.057405 0.007695 0.491768 
0.037591 0.920339 0.012807 0.029263 
0.250000 0.250000 0.250000 0.250000 
 109
0.479817 0.007376 0.046210 
0.462778 0.984928 0.462022 
0.057405 0.007695 0.491768 
0.789014 0.185372 0.012807 0.012807 
0.250000 0.250000 0.250000 0.250000 
 110
0.479817 0.007376 0.046210 
0.462778 0.984928 0.462022 
0.057405 0.007695 0.491768 
0.961578 0.012807 0.012807 0.012807 
0.250000 0.250000 0.250000 0.250000 
 111
0.479817 0.007376 0.046210 
0.462778 0.984928 0.462022 
0.057405 0.007695 0.491768 
0.012807 0.012807 0.016064 0.958321 
0.250000 0.250000 0.250000 0.250000 
 112
0.479817 0.007376 0.046210 
0.462778 0.984928 0.462022 
0.057405 0.007695 0.491768 
0.791949 0.182437 0.012807 0.012807 
0.250000 0.250000 0.250000 0.250000 
 113
0.479817 0.007376 0.046210 
0.462778 0.984928 0.462022 
0.057405 0.007695 0.491768 
0.012807 0.012807 0.015291 0.959095 
0.250000 0.250000 0.250000 0.250000 
 114
0.479817 0.007376 0.046210 
0.462778 0.984928 0.462022 
0.057405 0.007695 0.491768 
0.012807 0.012807 0.953264 0.021122 
0.250000 0.250000 0.250000 0.250000 
 115
0.479817 0.007376 0.046210 
0.462778 0.984928 0.462022 
0.057405 0.007695 0.491768 
0.961578 0.012807 0.012807 0.012807 
0.250000 0.250000 0.250000 0.250000 
 116
0.479817 0.007376 0.046210 
0.462778 0.984928 0.462022 
0.057405 0.007695 0.491768 
0.961578 0.012807 0.012807 0.012807 
0.250000 0.250000 0.250000 0.250000 
 117
0.479817 0.007376 0.046210 
0.462778 0.984928 0.462022 
0.057405 0.007695 0.491768 
0.032400 0.941986 0.012807 0.012807 
0.250000 0.250000 0.250000 0.250000 
 118
0.479817 0.007376 0.046210 
0.462778 0.984928 0.462022 
0.057405 0.007695 0.491768 
0.961578 0.012807 0.012807 0.012807 
0.250000 0.250000 0.250000 0.250000 
 119
0.479817 0.007376 0.046210 
0.462778 0.984928 0.462022 
0.057405 0.007695 0.491768 
0.951782 0.022604 0.012807 0.012807 
0.250000 0.250000 0.250000 0.250000 
 120
0.479817 0.007376 0.046210 
0.462778 0.984928 0.462022 
0.057405 0.007695 0.491768 
0.961578 0.012807 0.012807 0.012807 
0.250000 0.250000 0.250000 0.250000 
 121
0.479817 0.007376 0.046210 
0.462778 0.984928 0.462022 
0.057405 0.007695 0.491768 
0.961578 0.012807 0.012807 0.012807 
0.250000 0.250000 0.250000 0.250000 
 122
0.479817 0.007376 0.046210 
0.462778 0.984928 0.462022 
0.057405 0.007695 0.491768 
0.012807 0.012807 0.012807 0.961578 
0.250000 0.250000 0.250000 0.250000 
 123
0.479817 0.007376 0.046210 
0.462778 0.984928 0.462022 
0.057405 0.007695 0.491768 
0.961578 0.012807 0.012807 0.012807 
0.250000 0.250000 0.250000 0.250000 
 124
0.479817 0.007376 0.046210 
0.462778 0.984928 0.462022 
0.057405 0.007695 0.491768 
0.012807 0.012807 0.017811 0.956574 
0.250000 0.250000 0.250000 0.250000 
 125
0.479817 0.007376 0.046210 
0.462778 0.984928 0.462022 
0.057405 0.007695 0.491768 
0.012807 0.961578 0.012807 0.012807 
0.250000 0.250000 0.250000 0.250000 
 126
0.479817 0.007376 0.046210 
0.462778 0.984928 0.462022 
0.057405 0.007695 0.491768 
0.017811 0.012807 0.106509 0.862872 
0.250000 0.250000 0.250000 0.250000 
 127
0.479817 0.007376 0.046210 
0.462778 0.984928 0.462022 
0.057405 0.007695 0.491768 
0.961578 0.012807 0.012807 0.012807 
0.250000 0.250000 0.250000 0.250000 
 128
0.479817 0.007376 0.046210 
0.462778 0.984928 0.462022 
0.057405 0.007695 0.491768 
0.017811 0.012807 0.953401 0.015981 
0.250000 0.250000 0.250000 0.250000 
 129
0.479817 0.007376 0.046210 
0.462778 0.984928 0.462022 
0.057405 0.007695 0.491768 
0.012807 0.012807 0.399637 0.574748 
0.250000 0.250000 0.250000 0.250000 
 130
0.479817 0.007376 0.046210 
0.462778 0.984928 0.462022 
0.057405 0.007695 0.491768 
0.029940 0.012857 0.944347 0.012857 
0.250000 0.250000 0.250000 0.250000 
 131
0.479817 0.007376 0.046210 
0.462778 0.984928 0.462022 
0.057405 0.007695 0.491768 
0.961578 0.012807 0.012807 0.012807 
0.250000 0.250000 0.250000 0.250000 
 132
0.479817 0.007376 0.046210 
0.462778 0.984928 0.462022 
0.057405 0.007695 0.491768 
0.597617 0.373992 0.012807 0.015583 
0.250000 0.250000 0.250000 0.250000 
 133
0.479817 0.007376 0.046210 
0.462778 0.984928 0.462022 
0.057405 0.007695 0.491768 
0.012807 0.961578 0.012807 0.012807 
0.250000 0.250000 0.250000 0.250000 
 134
0.479817 0.007376 0.046210 
0.462778 0.984928 0.462022 
0.057405 0.007695 0.491768 
0.012807 0.961578 0.012807 0.012807 
0.250000 0.250000 0.250000 0.250000 
 135
0.479817 0.007376 0.046210 
0.462778 0.984928 0.462022 
0.057405 0.007695 0.491768 
0.027344 0.947041 0.012807 0.012807 
0.250000 0.250000 0.250000 0.250000 
 136
0.479817 0.007376 0.046210 
0.462778 0.984928 0.462022 
0.057405 0.007695 0.491768 
0.961578 0.012807 0.012807 0.012807 
0.250000 0.250000 0.250000 0.250000 
 137
0.479817 0.007376 0.046210 
0.462778 0.984928 0.462022 
0.057405 0.007695 0.491768 
0.949794 0.024591 0.012807 0.012807 
0.250000 0.250000 0.250000 0.250000 
 138
0.479817 0.007376 0.046210 
0.462778 0.984928 0.462022 
0.057405 0.007695 0.491768 
0.961578 0.012807 0.012807 0.012807 
0.250000 0.250000 0.250000 0.250000 
 139
0.479817 0.007376 0.046210 
0.462778 0.984928 0.462022 
0.057405 0.007695 0.491768 
0.961578 0.012807 0.012807 0.012807 
0.250000 0.250000 0.250000 0.250000 
 140
0.479817 0.007376 0.046210 
0.462778 0.984928 0.462022 
0.057405 0.007695 0.491768 
0.063042 0.904382 0.012807 0.019768 
0.250000 0.250000 0.250000 0.250000 
 141
0.479817 0.007376 0.046210 
0.462778 0.984928 0.462022 
0.057405 0.007695 0.491768 
0.147707 0.826526 0.012884 0.012884 
0.250000 0.250000 0.250000 0.250000 
 142
0.479817 0.007376 0.046210 
0.462778 0.984928 0.462022 
0.057405 0.007695 0.491768 
0.053340 0.129121 0.804698 0.012841 
0.250000 0.250000 0.250000 0.250000 
 143
0.479817 0.007376 0.046210 
0.462778 0.984928 0.462022 
0.057405 0.007695 0.491768 
0.012807 0.012807 0.961578 0.012807 
0.250000 0.250000 0.250000 0.250000 
 144
0.479817 0.007376 0.046210 
0.462778 0.984928 0.462022 
0.057405 0.007695 0.491768 
0.961578 0.012807 0.012807 0.012807 
0.250000 0.250000 0.250000 0.250000 
 145
0.479817 0.007376 0.046210 
0.462778 0.984928 0.462022 
0.057405 0.007695 0.491768 
0.958950 0.015435 0.012807 0.012807 
0.250000 0.250000 0.250000 0.250000 
 146
0.479817 0.007376 0.046210 
0.462778 0.984928 0.462022 
0.057405 0.007695 0.491768 
0.027319 0.012807 0.943840 0.016033 
0.250000 0.250000 0.250000 0.250000 
 147
0.479817 0.007376 0.046210 
0.462778 0.984928 0.462022 
0.057405 0.007695 0.491768 
0.946537 0.027849 0.012807 0.012807 
0.250000 0.250000 0.250000 0.250000 
 148
0.479817 0.007376 0.046210 
0.462778 0.984928 0.462022 
0.057405 0.007695 0.491768 
0.012807 0.961578 0.012807 0.012807 
0.250000 0.250000 0.250000 0.250000 
 149
0.479817 0.007376 0.046210 
0.462778 0.984928 0.462022 
0.057405 0.007695 0.491768 
0.961578 0.012807 0.012807 0.012807 
0.250000 0.250000 0.250000 0.250000 
 150
0.479817 0.007376 0.046210 
0.462778 0.984928 0.462022 
0.057405 0.007695 0.491768 
0.012807 0.012807 0.034556 0.939830 
0.250000 0.250000 0.250000 0.250000 
 151
0.479817 0.007376 0.046210 
0.462778 0.984928 0.462022 
0.057405 0.007695 0.491768 
0.012807 0.012807 0.958342 0.016044 
0.250000 0.250000 0.250000 0.250000 
 152
0.479817 0.007376 0.046210 
0.462778 0.984928 0.462022 
0.057405 0.007695 0.491768 
0.012807 0.012807 0.012807 0.961578 
0.250000 0.250000 0.250000 0.250000 
 153
0.479817 0.007376 0.046210 
0.462778 0.984928 0.462022 
0.057405 0.007695 0.491768 
0.012807 0.961578 0.012807 0.012807 
0.250000 0.250000 0.250000 0.250000 
 154
0.479817 0.007376 0.046210 
0.462778 0.984928 0.462022 
0.057405 0.007695 0.491768 
0.012807 0.961578 0.012807 0.012807 
0.250000 0.250000 0.250000 0.250000 
 155
0.479817 0.007376 0.046210 
0.462778 0.984928 0.462022 
0.057405 0.007695 0.491768 
0.016087 0.958299 0.012807 0.012807 
0.250000 0.250000 0.250000 0.250000 
 156
0.479817 0.007376 0.046210 
0.462778 0.984928 0.462022 
0.057405 0.007695 0.491768 
0.949965 0.024421 0.012807 0.012807 
0.250000 0.250000 0.250000 0.250000 
 157
0.479817 0.007376 0.046210 
0.462778 0.984928 0.462022 
0.057405 0.007695 0.491768 
0.012807 0.012807 0.961578 0.012807 
0.250000 0.250000 0.250000 0.250000 
 158
0.479817 0.007376 0.046210 
0.462778 0.984928 0.462022 
0.057405 0.007695 0.491768 
0.791949 0.182437 0.012807 0.012807 
0.250000 0.250000 0.250000 0.250000 
 159
0.479817 0.007376 0.046210 
0.462778 0.984928 0.462022 
0.057405 0.007695 0.491768 
0.947360 0.012807 0.024591 0.015241 
0.250000 0.250000 0.250000 0.250000 
 160
0.479817 0.007376 0.046210 
0.462778 0.984928 0.462022 
0.057405 0.007695 0.491768 
0.012807 0.012807 0.012807 0.961578 
0.250000 0.250000 0.250000 0.250000 
 161
0.479817 0.007376 0.046210 
0.462778 0.984928 0.462022 
0.057405 0.007695 0.491768 
0.012807 0.961578 0.012807 0.012807 
0.250000 0.250000 0.250000 0.250000 
 162
0.479817 0.007376 0.046210 
0.462778 0.984928 0.462022 
0.057405 0.007695 0.491768 
0.012807 0.012807 0.012807 0.961578 
0.250000 0.250000 0.250000 0.250000 
 163
0.479817 0.007376 0.046210 
0.462778 0.984928 0.462022 
0.057405 0.007695 0.491768 
0.012807 0.961578 0.012807 0.012807 
0.250000 0.250000 0.250000 0.250000 
 164
0.479817 0.007376 0.046210 
0.462778 0.984928 0.462022 
0.057405 0.007695 0.491768 
0.012807 0.961578 0.012807 0.012807 
0.250000 0.250000 0.250000 0.250000 
 165
0.479817 0.007376 0.046210 
0.462778 0.984928 0.462022 
0.057405 0.007695 0.491768 
0.955340 0.019045 0.012807 0.012807 
0.250000 0.250000 0.250000 0.250000 
 166
0.479817 0.007376 0.046210 
0.462778 0.984928 0.462022 
0.057405 0.007695 0.491768 
0.012807 0.012807 0.961578 0.012807 
0.250000 0.250000 0.250000 0.250000 
 167
0.479817 0.007376 0.046210 
0.462778 0.984928 0.462022 
0.057405 0.007695 0.491768 
0.012807 0.012807 0.012807 0.961578 
0.250000 0.250000 0.250000 0.250000 
 168
0.479817 0.007376 0.046210 
0.462778 0.984928 0.462022 
0.057405 0.007695 0.491768 
0.012807 0.012807 0.018296 0.956090 
0.250000 0.250000 0.250000 0.250000 
 169
0.479817 0.007376 0.046210 
0.462778 0.984928 0.462022 
0.057405 0.007695 0.491768 
0.012807 0.012807 0.956574 0.017811 
0.250000 0.250000 0.250000 0.250000 
 170
0.479817 0.007376 0.046210 
0.462778 0.984928 0.462022 
0.057405 0.007695 0.491768 
0.012807 0.012807 0.012807 0.961578 
0.250000 0.250000 0.250000 0.250000 
 171
0.479817 0.007376 0.046210 
0.462778 0.984928 0.462022 
0.057405 0.007695 0.491768 
0.791949 0.182437 0.012807 0.012807 
0.250000 0.250000 0.250000 0.250000 
 172
0.479817 0.007376 0.046210 
0.462778 0.984928 0.462022 
0.057405 0.007695 0.491768 
0.012807 0.961578 0.012807 0.012807 
0.250000 0.250000 0.250000 0.250000 
 173
0.479817 0.007376 0.046210 
0.462778 0.984928 0.462022 
0.057405 0.007695 0.491768 
0.012807 0.961578 0.012807 0.012807 
0.250000 0.250000 0.250000 0.250000 
 174
0.479817 0.007376 0.046210 
0.462778 0.984928 0.462022 
0.057405 0.007695 0.491768 
0.884375 0.090011 0.012807 0.012807 
0.250000 0.250000 0.250000 0.250000 
 175
0.479817 0.007376 0.046210 
0.462778 0.984928 0.462022 
0.057405 0.007695 0.491768 
0.961578 0.012807 0.012807 0.012807 
0.250000 0.250000 0.250000 0.250000 
 176
0.479817 0.007376 0.046210 
0.462778 0.984928 0.462022 
0.057405 0.007695 0.491768 
0.012807 0.012807 0.946644 0.027741 
0.250000 0.250000 0.250000 0.250000 
 177
0.479817 0.007376 0.046210 
0.462778 0.984928 0.462022 
0.057405 0.007695 0.491768 
0.012851 0.012851 0.947631 0.026668 
0.250000 0.250000 0.250000 0.250000 
 178
0.479817 0.007376 0.046210 
0.462778 0.984928 0.462022 
0.057405 0.007695 0.491768 
0.012807 0.012807 0.950141 0.024245 
0.250000 0.250000 0.250000 0.250000 
 179
0.479817 0.007376 0.046210 
0.462778 0.984928 0.462022 
0.057405 0.007695 0.491768 
0.012807 0.012807 0.012807 0.961578 
0.250000 0.250000 0.250000 0.250000 
 180
0.479817 0.007376 0.046210 
0.462778 0.984928 0.462022 
0.057405 0.007695 0.491768 
0.955903 0.018483 0.012807 0.012807 
0.250000 0.250000 0.250000 0.250000 
 181
0.479817 0.007376 0.046210 
0.462778 0.984928 0.462022 
0.057405 0.007695 0.491768 
0.949794 0.024591 0.012807 0.012807 
0.250000 0.250000 0.250000 0.250000 
 182
0.479817 0.007376 0.046210 
0.462778 0.984928 0.462022 
0.057405 0.007695 0.491768 
0.012807 0.012807 0.031163 0.943223 
0.250000 0.250000 0.250000 0.250000 
 183
0.479817 0.007376 0.046210 
0.462778 0.984928 0.462022 
0.057405 0.007695 0.491768 
0.961578 0.012807 0.012807 0.012807 
0.250000 0.250000 0.250000 0.250000 
 184
0.479817 0.007376 0.046210 
0.462778 0.984928 0.462022 
0.057405 0.007695 0.491768 
0.012807 0.961578 0.012807 0.012807 
0.250000 0.250000 0.250000 0.250000 
 185
0.479817 0.007376 0.046210 
0.462778 0.984928 0.462022 
0.057405 0.007695 0.491768 
0.012807 0.961578 0.012807 0.012807 
0.250000 0.250000 0.250000 0.250000 
 186
0.479817 0.007376 0.046210 
0.462778 0.984928 0.462022 
0.057405 0.007695 0.491768 
0.940769 0.033617 0.012807 0.012807 
0.250000 0.250000 0.250000 0.250000 
 187
0.479817 0.007376 0.046210 
0.462778 0.984928 0.462022 
0.057405 0.007695 0.491768 
0.012807 0.012807 0.961578 0.012807 
0.250000 0.250000 0.250000 0.250000 
 188
0.479817 0.007376 0.046210 
0.462778 0.984928 0.462022 
0.057405 0.007695 0.491768 
0.015282 0.012807 0.954100 0.017811 
0.250000 0.250000 0.250000 0.250000 
 189
0.479817 0.007376 0.046210 
0.462778 0.984928 0.462022 
0.057405 0.007695 0.491768 
0.012807 0.012807 0.046728 0.927658 
0.250000 0.250000 0.250000 0.250000 
 190
0.479817 0.007376 0.046210 
0.462778 0.984928 0.462022 
0.057405 0.007695 0.491768 
0.012807 0.012807 0.961578 0.012807 
0.250000 0.250000 0.250000 0.250000 
 191
0.479817 0.007376 0.046210 
0.462778 0.984928 0.462022 
0.057405 0.007695 0.491768 
0.012807 0.012807 0.961578 0.012807 
0.250000 0.250000 0.250000 0.250000 
 192
0.479817 0.007376 0.046210 
0.462778 0.984928 0.462022 
0.057405 0.007695 0.491768 
0.012807 0.012807 0.946350 0.028036 
0.250000 0.250000 0.250000 0.250000 
 193
0.479817 0.007376 0.046210 
0.462778 0.984928 0.462022 
0.057405 0.007695 0.491768 
0.012807 0.012807 0.961578 0.012807 
0.250000 0.250000 0.250000 0.250000 
 194
0.479817 0.007376 0.046210 
0.462778 0.984928 0.462022 
0.057405 0.007695 0.491768 
0.961578 0.012807 0.012807 0.012807 
0.250000 0.250000 0.250000 0.250000 
 195
0.479817 0.007376 0.046210 
0.462778 0.984928 0.462022 
0.057405 0.007695 0.491768 
0.902295 0.067264 0.017634 0.012807 
0.250000 0.250000 0.250000 0.250000 
 196
0.479817 0.007376 0.046210 
0.462778 0.984928 0.462022 
0.057405 0.007695 0.491768 
0.012807 0.012807 0.012807 0.961578 
0.250000 0.250000 0.250000 0.250000 
 197
0.479817 0.007376 0.046210 
0.462778 0.984928 0.462022 
0.057405 0.007695 0.491768 
0.012807 0.961578 0.012807 0.012807 
0.250000 0.250000 0.250000 0.250000 
 198
0.479817 0.007376 0.046210 
0.462778 0.984928 0.462022 
0.057405 0.007695 0.491768 
0.012807 0.012807 0.012807 0.961578 
0.250000 0.250000 0.250000 0.250000 
 199
0.479817 0.007376 0.046210 
0.462778 0.984928 0.462022 
0.057405 0.007695 0.491768 
0.012807 0.961578 0.012807 0.012807 
0.250000 0.250000 0.250000 0.250000 
 200
0.479817 0.007376 0.046210 
0.462778 0.984928 0.462022 
0.057405 0.007695 0.491768 
0.961578 0.012807 0.012807 0.012807 
0.250000 0.250000 0.250000 0.250000 
 201
0.479817 0.007376 0.046210 
0.462778 0.984928 0.462022 
0.057405 0.007695 0.491768 
0.012807 0.012807 0.023361 0.951025 
0.250000 0.250000 0.250000 0.250000 
 202
0.479817 0.007376 0.046210 
0.462778 0.984928 0.462022 
0.057405 0.007695 0.491768 
0.020366 0.012807 0.954020 0.012807 
0.250000 0.250000 0.250000 0.250000 
 203
0.479817 0.007376 0.046210 
0.462778 0.984928 0.462022 
0.057405 0.007695 0.491768 
0.961578 0.012807 0.012807 0.012807 
0.250000 0.250000 0.250000 0.250000 
 204
0.479817 0.007376 0.046210 
0.462778 0.984928 0.462022 
0.057405 0.007695 0.491768 
0.952330 0.022056 0.012807 0.012807 
0.250000 0.250000 0.250000 0.250000 
 205
0.479817 0.007376 0.046210 
0.462778 0.984928 0.462022 
0.057405 0.007695 0.491768 
0.012807 0.012807 0.012807 0.961578 
0.250000 0.250000 0.250000 0.250000 
 206
0.479817 0.007376 0.046210 
0.462778 0.984928 0.462022 
0.057405 0.007695 0.491768 
0.012807 0.012807 0.012807 0.961578 
0.250000 0.250000 0.250000 0.250000 
 207
0.479817 0.007376 0.046210 
0.462778 0.984928 0.462022 
0.057405 0.007695 0.491768 
0.012807 0.012807 0.949112 0.025274 
0.250000 0.250000 0.250000 0.250000 
 208
0.479817 0.007376 0.046210 
0.462778 0.984928 0.462022 
0.057405 0.007695 0.491768 
0.012807 0.012807 0.947714 0.026671 
0.250000 0.250000 0.250000 0.250000 
 209
0.479817 0.007376 0.046210 
0.462778 0.984928 0.462022 
0.057405 0.007695 0.491768 
0.012807 0.015473 0.012807 0.958912 
0.250000 0.250000 0.250000 0.250000 
 210
0.479817 0.007376 0.046210 
0.462778 0.984928 0.462022 
0.057405 0.007695 0.491768 
0.012807 0.961578 0.012807 0.012807 
0.250000 0.250000 0.250000 0.250000 
 211
0.479817 0.007376 0.046210 
0.462778 0.984928 0.462022 
0.057405 0.007695 0.491768 
0.012807 0.961578 0.012807 0.012807 
0.250000 0.250000 0.250000 0.250000 
 212
0.479817 0.007376 0.046210 
0.462778 0.984928 0.462022 
0.057405 0.007695 0.491768 
0.961578 0.012807 0.012807 0.012807 
0.250000 0.250000 0.250000 0.250000 
 213
0.479817 0.007376 0.046210 
0.462778 0.984928 0.462022 
0.057405 0.007695 0.491768 
0.071438 0.902948 0.012807 0.012807 
0.250000 0.250000 0.250000 0.250000 
 214
0.479817 0.007376 0.046210 
0.462778 0.984928 0.462022 
0.057405 0.007695 0.491768 
0.012807 0.012807 0.012807 0.961578 
0.250000 0.250000 0.250000 0.250000 
 215
0.479817 0.007376 0.046210 
0.462778 0.984928 0.462022 
0.057405 0.007695 0.491768 
0.012807 0.012807 0.012807 0.961578 
0.250000 0.250000 0.250000 0.250000 
 216
0.479817 0.007376 0.046210 
0.462778 0.984928 0.462022 
0.057405 0.007695 0.491768 
0.012807 0.012807 0.012807 0.961578 
0.250000 0.250000 0.250000 0.250000 
 217
0.479817 0.007376 0.046210 
0.462778 0.984928 0.462022 
0.057405 0.007695 0.491768 
0.012807 0.057335 0.012807 0.917051 
0.250000 0.250000 0.250000 0.250000 
 218
0.479817 0.007376 0.046210 
0.462778 0.984928 0.462022 
0.057405 0.007695 0.491768 
0.106153 0.012807 0.868233 0.012807 
0.250000 0.250000 0.250000 0.250000 
 219
0.479817 0.007376 0.046210 
0.462778 0.984928 0.462022 
0.057405 0.007695 0.491768 
0.019042 0.012807 0.878837 0.089314 
0.250000 0.250000 0.250000 0.250000 
 220
0.479817 0.007376 0.046210 
0.462778 0.984928 0.462022 
0.057405 0.007695 0.491768 
0.012807 0.012807 0.012807 0.961578 
0.250000 0.250000 0.250000 0.250000 
 221
0.479817 0.007376 0.046210 
0.462778 0.984928 0.462022 
0.057405 0.007695 0.491768 
0.012837 0.012837 0.961488 0.012837 
0.250000 0.250000 0.250000 0.250000 
 222
0.479817 0.007376 0.046210 
0.462778 0.984928 0.462022 
0.057405 0.007695 0.491768 
0.070915 0.012807 0.012807 0.903471 
0.250000 0.250000 0.250000 0.250000 
 223
0.479817 0.007376 0.046210 
0.462778 0.984928 0.462022 
0.057405 0.007695 0.491768 
0.012807 0.961578 0.012807 0.012807 
0.250000 0.250000 0.250000 0.250000 
 224
0.479817 0.007376 0.046210 
0.462778 0.984928 0.462022 
0.057405 0.007695 0.491768 
0.961578 0.012807 0.012807 0.012807 
0.250000 0.250000 0.250000 0.250000 
 225
0.479817 0.007376 0.046210 
0.462778 0.984928 0.462022 
0.057405 0.007695 0.491768 
0.012807 0.012807 0.012807 0.961578 
0.250000 0.250000 0.250000 0.250000 
 226
0.479817 0.007376 0.046210 
0.462778 0.984928 0.462022 
0.057405 0.007695 0.491768 
0.012807 0.012807 0.027077 0.947308 
0.250000 0.250000 0.250000 0.250000 
 227
0.479817 0.007376 0.046210 
0.462778 0.984928 0.462022 
0.057405 0.007695 0.491768 
0.012807 0.012807 0.012807 0.961578 
0.250000 0.250000 0.250000 0.250000 
 228
0.479817 0.007376 0.046210 
0.462778 0.984928 0.462022 
0.057405 0.007695 0.491768 
0.017194 0.957191 0.012807 0.012807 
0.250000 0.250000 0.250000 0.250000 
 229
0.479817 0.007376 0.046210 
0.462778 0.984928 0.462022 
0.057405 0.007695 0.491768 
0.961578 0.012807 0.012807 0.012807 
0.250000 0.250000 0.250000 0.250000 
 230
0.479817 0.007376 0.046210 
0.462778 0.984928 0.462022 
0.057405 0.007695 0.491768 
0.012807 0.012807 0.012807 0.961578 
0.250000 0.250000 0.250000 0.250000 
 231
0.479817 0.007376 0.046210 
0.462778 0.984928 0.462022 
0.057405 0.007695 0.491768 
0.961578 0.012807 0.012807 0.012807 
0.250000 0.250000 0.250000 0.250000 
 232
0.479817 0.007376 0.046210 
0.462778 0.984928 0.462022 
0.057405 0.007695 0.491768 
0.956143 0.018242 0.012807 0.012807 
0.250000 0.250000 0.250000 0.250000 
 233
0.479817 0.007376 0.046210 
0.462778 0.984928 0.462022 
0.057405 0.007695 0.491768 
0.012807 0.012807 0.012807 0.961578 
0.250000 0.250000 0.250000 0.250000 
 234
0.479817 0.007376 0.046210 
0.462778 0.984928 0.462022 
0.057405 0.007695 0.491768 
0.012807 0.012807 0.012807 0.961578 
0.250000 0.250000 0.250000 0.250000 
 235
0.479817 0.007376 0.046210 
0.462778 0.984928 0.462022 
0.057405 0.007695 0.491768 
