%  SAM: /scicomp/home/vfn4/Tools/LABEL_RES/scripts/modelfromalign v3.5 (July 15, 2005) compiled 12/08/06_16:15:55
%  (c) 1992-2001 Regents of the University of California, Santa Cruz
%
%          Sequence Alignment and Modeling Software System
%         http://www.cse.ucsc.edu/research/compbio/sam.html
%
% ----------------- Citations (SAM, SAM-T2K, HMMs) --------------------
% R. Hughey, A. Krogh, Hidden Markov models for sequence analysis:
%  Extension and analysis of the basic method, CABIOS 12:95-107, 1996.
% K. Karplus, et al., What is the value added by human intervention in protein
%  structure prediction, Proteins: Stucture, Function, Genetics 45(S5):86--91, 2001.
% A. Krogh et al., Hidden Markov models in computational biology:
%  Applications to protein modeling, JMB 235:1501-1531, Feb 1994.
% ---------------------------------------------------------------------
%  c-0-1-2-PERTH_hmm   Host: node5.aspen.biotech.cdc.gov    Tue Jan  6 16:14:39 2015
%  vfn4                Dir:  /scicomp/home/vfn4/fluA/HA_H3/H3prerelease1
% ---------------------------------------------------------------------
%  Alignment weights from internal calc.  Total (27.50) Max (0.08) Min (0.03)
%  Weights from alignment method 1 (karplus), b=-1.000000, e=0.500000
MODEL --  Model from alignment file /scicomp/home/vfn4/Tools/LABEL_RES/training_data/H3prerelease1/c-0-1-2-PERTH.fasta
alphabet DNA
FREQAVE
0.000000 0.000000 0.000000 
0.000000 0.000000 0.000000 
0.000000 0.000000 0.000000 
0.339426 0.220737 0.199503 0.240334 
0.339426 0.220737 0.199503 0.240334 
Begin
0.000000 0.000000 0.000000 
0.000000 0.000000 0.000000 
0.000000 0.006109 0.491768 
0.250000 0.250000 0.250000 0.250000 
0.250000 0.250000 0.250000 0.250000 
   1
0.000000 0.019879 0.046210 
0.000000 0.974012 0.462022 
0.049691 0.006196 0.491768 
0.973104 0.008965 0.008965 0.008965 
0.250000 0.250000 0.250000 0.250000 
   2
0.542748 0.005939 0.046210 
0.407561 0.987865 0.462022 
0.050040 0.006191 0.491768 
0.008955 0.008955 0.008955 0.973134 
0.250000 0.250000 0.250000 0.250000 
   3
0.546560 0.005935 0.046210 
0.403400 0.987874 0.462022 
0.050040 0.006191 0.491768 
0.008955 0.973134 0.008955 0.008955 
0.250000 0.250000 0.250000 0.250000 
   4
0.546560 0.005935 0.046210 
0.403400 0.987874 0.462022 
0.050040 0.006191 0.491768 
0.971456 0.010634 0.008955 0.008955 
0.250000 0.250000 0.250000 0.250000 
   5
0.546560 0.005935 0.046210 
0.403400 0.987874 0.462022 
0.050040 0.006191 0.491768 
0.973134 0.008955 0.008955 0.008955 
0.250000 0.250000 0.250000 0.250000 
   6
0.546560 0.005935 0.046210 
0.403400 0.987874 0.462022 
0.050040 0.006191 0.491768 
0.011331 0.970758 0.008955 0.008955 
0.250000 0.250000 0.250000 0.250000 
   7
0.540220 0.005935 0.046210 
0.409740 0.987874 0.462022 
0.050359 0.006187 0.491768 
0.973162 0.008946 0.008946 0.008946 
0.250000 0.250000 0.250000 0.250000 
   8
0.543667 0.005931 0.046210 
0.405974 0.987882 0.462022 
0.050359 0.006187 0.491768 
0.012141 0.008946 0.969967 0.008946 
0.250000 0.250000 0.250000 0.250000 
   9
0.529788 0.005931 0.046210 
0.419853 0.987882 0.462022 
0.051068 0.006178 0.491768 
0.008926 0.008926 0.010961 0.971186 
0.250000 0.250000 0.250000 0.250000 
  10
0.537245 0.005922 0.046210 
0.411688 0.987900 0.462022 
0.051068 0.006178 0.491768 
0.966867 0.013245 0.008926 0.010961 
0.250000 0.250000 0.250000 0.250000 
  11
0.530258 0.005922 0.046210 
0.418675 0.987900 0.462022 
0.051427 0.006174 0.491768 
0.008916 0.008916 0.011641 0.970526 
0.250000 0.250000 0.250000 0.250000 
  12
0.533989 0.005918 0.046210 
0.414584 0.987908 0.462022 
0.051427 0.006174 0.491768 
0.008916 0.008916 0.973251 0.008916 
0.250000 0.250000 0.250000 0.250000 
  13
0.533989 0.005918 0.046210 
0.414584 0.987908 0.462022 
0.051427 0.006174 0.491768 
0.971832 0.010335 0.008916 0.008916 
0.250000 0.250000 0.250000 0.250000 
  14
0.533989 0.005918 0.046210 
0.414584 0.987908 0.462022 
0.051427 0.006174 0.491768 
0.008916 0.008916 0.008916 0.973251 
0.250000 0.250000 0.250000 0.250000 
  15
0.533989 0.005918 0.046210 
0.414584 0.987908 0.462022 
0.051427 0.006174 0.491768 
0.008916 0.008916 0.010782 0.971385 
0.250000 0.250000 0.250000 0.250000 
  16
0.533989 0.005918 0.046210 
0.414584 0.987908 0.462022 
0.051427 0.006174 0.491768 
0.008916 0.973251 0.008916 0.008916 
0.250000 0.250000 0.250000 0.250000 
  17
0.527713 0.005918 0.046210 
0.420860 0.987908 0.462022 
0.051752 0.006170 0.491768 
0.008908 0.008908 0.973277 0.008908 
0.250000 0.250000 0.250000 0.250000 
  18
0.531045 0.005914 0.046210 
0.417203 0.987916 0.462022 
0.051752 0.006170 0.491768 
0.008908 0.008908 0.012550 0.969634 
0.250000 0.250000 0.250000 0.250000 
  19
0.531045 0.005914 0.046210 
0.417203 0.987916 0.462022 
0.051752 0.006170 0.491768 
0.008908 0.008908 0.010698 0.971487 
0.250000 0.250000 0.250000 0.250000 
  20
0.531045 0.005914 0.046210 
0.417203 0.987916 0.462022 
0.051752 0.006170 0.491768 
0.008908 0.008908 0.008908 0.973277 
0.250000 0.250000 0.250000 0.250000 
  21
0.531045 0.005914 0.046210 
0.417203 0.987916 0.462022 
0.051752 0.006170 0.491768 
0.008908 0.971541 0.008908 0.010644 
0.250000 0.250000 0.250000 0.250000 
  22
0.531045 0.005914 0.046210 
0.417203 0.987916 0.462022 
0.051752 0.006170 0.491768 
0.973277 0.008908 0.008908 0.008908 
0.250000 0.250000 0.250000 0.250000 
  23
0.531045 0.005914 0.046210 
0.417203 0.987916 0.462022 
0.051752 0.006170 0.491768 
0.008908 0.973277 0.008908 0.008908 
0.250000 0.250000 0.250000 0.250000 
  24
0.524205 0.005914 0.046210 
0.424043 0.987916 0.462022 
0.052108 0.006166 0.491768 
0.008898 0.010462 0.971742 0.008898 
0.250000 0.250000 0.250000 0.250000 
  25
0.527816 0.005910 0.046210 
0.420076 0.987925 0.462022 
0.052108 0.006166 0.491768 
0.008898 0.008898 0.011793 0.970410 
0.250000 0.250000 0.250000 0.250000 
  26
0.527816 0.005910 0.046210 
0.420076 0.987925 0.462022 
0.052108 0.006166 0.491768 
0.964562 0.016353 0.010187 0.008898 
0.250000 0.250000 0.250000 0.250000 
  27
0.527816 0.005910 0.046210 
0.420076 0.987925 0.462022 
0.052108 0.006166 0.491768 
0.008898 0.008898 0.973306 0.008898 
0.250000 0.250000 0.250000 0.250000 
  28
0.527816 0.005910 0.046210 
0.420076 0.987925 0.462022 
0.052108 0.006166 0.491768 
0.973306 0.008898 0.008898 0.008898 
0.250000 0.250000 0.250000 0.250000 
  29
0.527816 0.005910 0.046210 
0.420076 0.987925 0.462022 
0.052108 0.006166 0.491768 
0.008898 0.010553 0.012875 0.967674 
0.250000 0.250000 0.250000 0.250000 
  30
0.527816 0.005910 0.046210 
0.420076 0.987925 0.462022 
0.052108 0.006166 0.491768 
0.008898 0.011665 0.010379 0.969058 
0.250000 0.250000 0.250000 0.250000 
  31
0.527816 0.005910 0.046210 
0.420076 0.987925 0.462022 
0.052108 0.006166 0.491768 
0.010561 0.008898 0.971642 0.008898 
0.250000 0.250000 0.250000 0.250000 
  32
0.527816 0.005910 0.046210 
0.420076 0.987925 0.462022 
0.052108 0.006166 0.491768 
0.010402 0.008898 0.008898 0.971802 
0.250000 0.250000 0.250000 0.250000 
  33
0.527816 0.005910 0.046210 
0.420076 0.987925 0.462022 
0.052108 0.006166 0.491768 
0.967819 0.013051 0.010231 0.008898 
0.250000 0.250000 0.250000 0.250000 
  34
0.527816 0.005910 0.046210 
0.420076 0.987925 0.462022 
0.052108 0.006166 0.491768 
0.008898 0.008898 0.010415 0.971788 
0.250000 0.250000 0.250000 0.250000 
  35
0.527816 0.005910 0.046210 
0.420076 0.987925 0.462022 
0.052108 0.006166 0.491768 
0.011810 0.970394 0.008898 0.008898 
0.250000 0.250000 0.250000 0.250000 
  36
0.527816 0.005910 0.046210 
0.420076 0.987925 0.462022 
0.052108 0.006166 0.491768 
0.008898 0.010561 0.014406 0.966135 
0.250000 0.250000 0.250000 0.250000 
  37
0.527816 0.005910 0.046210 
0.420076 0.987925 0.462022 
0.052108 0.006166 0.491768 
0.015825 0.008898 0.962260 0.013016 
0.250000 0.250000 0.250000 0.250000 
  38
0.527816 0.005910 0.046210 
0.420076 0.987925 0.462022 
0.052108 0.006166 0.491768 
0.008898 0.008898 0.010564 0.971640 
0.250000 0.250000 0.250000 0.250000 
  39
0.527816 0.005910 0.046210 
0.420076 0.987925 0.462022 
0.052108 0.006166 0.491768 
0.018425 0.963778 0.008898 0.008898 
0.250000 0.250000 0.250000 0.250000 
  40
0.520950 0.005910 0.046210 
0.426942 0.987925 0.462022 
0.052468 0.006161 0.491768 
0.014140 0.968083 0.008889 0.008889 
0.250000 0.250000 0.250000 0.250000 
  41
0.524551 0.005906 0.046210 
0.422980 0.987933 0.462022 
0.052468 0.006161 0.491768 
0.008889 0.010251 0.012803 0.968057 
0.250000 0.250000 0.250000 0.250000 
  42
0.524551 0.005906 0.046210 
0.422980 0.987933 0.462022 
0.052468 0.006161 0.491768 
0.008889 0.008889 0.008889 0.973334 
0.250000 0.250000 0.250000 0.250000 
  43
0.524551 0.005906 0.046210 
0.422980 0.987933 0.462022 
0.052468 0.006161 0.491768 
0.008889 0.008889 0.010567 0.971655 
0.250000 0.250000 0.250000 0.250000 
  44
0.524551 0.005906 0.046210 
0.422980 0.987933 0.462022 
0.052468 0.006161 0.491768 
0.008889 0.008889 0.013480 0.968743 
0.250000 0.250000 0.250000 0.250000 
  45
0.524551 0.005906 0.046210 
0.422980 0.987933 0.462022 
0.052468 0.006161 0.491768 
0.008889 0.008889 0.962173 0.020050 
0.250000 0.250000 0.250000 0.250000 
  46
0.524551 0.005906 0.046210 
0.422980 0.987933 0.462022 
0.052468 0.006161 0.491768 
0.019545 0.959391 0.010603 0.010461 
0.250000 0.250000 0.250000 0.250000 
  47
0.524551 0.005906 0.046210 
0.422980 0.987933 0.462022 
0.052468 0.006161 0.491768 
0.008889 0.008889 0.973334 0.008889 
0.250000 0.250000 0.250000 0.250000 
  48
0.524551 0.005906 0.046210 
0.422980 0.987933 0.462022 
0.052468 0.006161 0.491768 
0.010302 0.008889 0.011701 0.969108 
0.250000 0.250000 0.250000 0.250000 
  49
0.438554 0.005906 0.046210 
0.508977 0.987933 0.462022 
0.057405 0.006109 0.491768 
0.010381 0.008773 0.972072 0.008773 
0.250000 0.250000 0.250000 0.250000 
  50
0.479817 0.005856 0.046210 
0.462778 0.988035 0.462022 
0.057405 0.006109 0.491768 
0.973680 0.008773 0.008773 0.008773 
0.250000 0.250000 0.250000 0.250000 
  51
0.479817 0.005856 0.046210 
0.462778 0.988035 0.462022 
0.057405 0.006109 0.491768 
0.969383 0.011389 0.010455 0.008773 
0.250000 0.250000 0.250000 0.250000 
  52
0.479817 0.005856 0.046210 
0.462778 0.988035 0.462022 
0.057405 0.006109 0.491768 
0.972160 0.010293 0.008773 0.008773 
0.250000 0.250000 0.250000 0.250000 
  53
0.479817 0.005856 0.046210 
0.462778 0.988035 0.462022 
0.057405 0.006109 0.491768 
0.973680 0.008773 0.008773 0.008773 
0.250000 0.250000 0.250000 0.250000 
  54
0.479817 0.005856 0.046210 
0.462778 0.988035 0.462022 
0.057405 0.006109 0.491768 
0.970156 0.012298 0.008773 0.008773 
0.250000 0.250000 0.250000 0.250000 
  55
0.479817 0.005856 0.046210 
0.462778 0.988035 0.462022 
0.057405 0.006109 0.491768 
0.048794 0.008773 0.932160 0.010273 
0.250000 0.250000 0.250000 0.250000 
  56
0.479817 0.005856 0.046210 
0.462778 0.988035 0.462022 
0.057405 0.006109 0.491768 
0.008773 0.008773 0.008773 0.973680 
0.250000 0.250000 0.250000 0.250000 
  57
0.479817 0.005856 0.046210 
0.462778 0.988035 0.462022 
0.057405 0.006109 0.491768 
0.008773 0.008773 0.016848 0.965605 
0.250000 0.250000 0.250000 0.250000 
  58
0.479817 0.005856 0.046210 
0.462778 0.988035 0.462022 
0.057405 0.006109 0.491768 
0.008773 0.008773 0.972143 0.010310 
0.250000 0.250000 0.250000 0.250000 
  59
0.479817 0.005856 0.046210 
0.462778 0.988035 0.462022 
0.057405 0.006109 0.491768 
0.008773 0.008773 0.973680 0.008773 
0.250000 0.250000 0.250000 0.250000 
  60
0.479817 0.005856 0.046210 
0.462778 0.988035 0.462022 
0.057405 0.006109 0.491768 
0.008773 0.008773 0.014552 0.967902 
0.250000 0.250000 0.250000 0.250000 
  61
0.479817 0.005856 0.046210 
0.462778 0.988035 0.462022 
0.057405 0.006109 0.491768 
0.010558 0.971895 0.008773 0.008773 
0.250000 0.250000 0.250000 0.250000 
  62
0.479817 0.005856 0.046210 
0.462778 0.988035 0.462022 
0.057405 0.006109 0.491768 
0.015106 0.967328 0.008783 0.008783 
0.250000 0.250000 0.250000 0.250000 
  63
0.479817 0.005856 0.046210 
0.462778 0.988035 0.462022 
0.057405 0.006109 0.491768 
0.971966 0.010487 0.008773 0.008773 
0.250000 0.250000 0.250000 0.250000 
  64
0.479817 0.005856 0.046210 
0.462778 0.988035 0.462022 
0.057405 0.006109 0.491768 
0.972079 0.010375 0.008773 0.008773 
0.250000 0.250000 0.250000 0.250000 
  65
0.479817 0.005856 0.046210 
0.462778 0.988035 0.462022 
0.057405 0.006109 0.491768 
0.966589 0.015865 0.008773 0.008773 
0.250000 0.250000 0.250000 0.250000 
  66
0.479817 0.005856 0.046210 
0.462778 0.988035 0.462022 
0.057405 0.006109 0.491768 
0.008773 0.008773 0.011263 0.971191 
0.250000 0.250000 0.250000 0.250000 
  67
0.479817 0.005856 0.046210 
0.462778 0.988035 0.462022 
0.057405 0.006109 0.491768 
0.010088 0.969900 0.008773 0.011238 
0.250000 0.250000 0.250000 0.250000 
  68
0.479817 0.005856 0.046210 
0.462778 0.988035 0.462022 
0.057405 0.006109 0.491768 
0.972180 0.010273 0.008773 0.008773 
0.250000 0.250000 0.250000 0.250000 
  69
0.479817 0.005856 0.046210 
0.462778 0.988035 0.462022 
0.057405 0.006109 0.491768 
0.008773 0.008773 0.973680 0.008773 
0.250000 0.250000 0.250000 0.250000 
  70
0.479817 0.005856 0.046210 
0.462778 0.988035 0.462022 
0.057405 0.006109 0.491768 
0.969702 0.012752 0.008773 0.008773 
0.250000 0.250000 0.250000 0.250000 
  71
0.479817 0.005856 0.046210 
0.462778 0.988035 0.462022 
0.057405 0.006109 0.491768 
0.973680 0.008773 0.008773 0.008773 
0.250000 0.250000 0.250000 0.250000 
  72
0.479817 0.005856 0.046210 
0.462778 0.988035 0.462022 
0.057405 0.006109 0.491768 
0.008773 0.008773 0.973680 0.008773 
0.250000 0.250000 0.250000 0.250000 
  73
0.479817 0.005856 0.046210 
0.462778 0.988035 0.462022 
0.057405 0.006109 0.491768 
0.968603 0.013850 0.008773 0.008773 
0.250000 0.250000 0.250000 0.250000 
  74
0.479817 0.005856 0.046210 
0.462778 0.988035 0.462022 
0.057405 0.006109 0.491768 
0.016806 0.965648 0.008773 0.008773 
0.250000 0.250000 0.250000 0.250000 
  75
0.479817 0.005856 0.046210 
0.462778 0.988035 0.462022 
0.057405 0.006109 0.491768 
0.008773 0.008773 0.971678 0.010775 
0.250000 0.250000 0.250000 0.250000 
  76
0.479817 0.005856 0.046210 
0.462778 0.988035 0.462022 
0.057405 0.006109 0.491768 
0.971998 0.008773 0.008773 0.010455 
0.250000 0.250000 0.250000 0.250000 
  77
0.479817 0.005856 0.046210 
0.462778 0.988035 0.462022 
0.057405 0.006109 0.491768 
0.008773 0.008773 0.967763 0.014690 
0.250000 0.250000 0.250000 0.250000 
  78
0.479817 0.005856 0.046210 
0.462778 0.988035 0.462022 
0.057405 0.006109 0.491768 
0.011031 0.967100 0.008773 0.013096 
0.250000 0.250000 0.250000 0.250000 
  79
0.479817 0.005856 0.046210 
0.462778 0.988035 0.462022 
0.057405 0.006109 0.491768 
0.008773 0.973680 0.008773 0.008773 
0.250000 0.250000 0.250000 0.250000 
  80
0.479817 0.005856 0.046210 
0.462778 0.988035 0.462022 
0.057405 0.006109 0.491768 
0.008773 0.008773 0.973680 0.008773 
0.250000 0.250000 0.250000 0.250000 
  81
0.479817 0.005856 0.046210 
0.462778 0.988035 0.462022 
0.057405 0.006109 0.491768 
0.972303 0.010151 0.008773 0.008773 
0.250000 0.250000 0.250000 0.250000 
  82
0.479817 0.005856 0.046210 
0.462778 0.988035 0.462022 
0.057405 0.006109 0.491768 
0.973622 0.008793 0.008793 0.008793 
0.250000 0.250000 0.250000 0.250000 
  83
0.479817 0.005856 0.046210 
0.462778 0.988035 0.462022 
0.057405 0.006109 0.491768 
0.008773 0.008773 0.973680 0.008773 
0.250000 0.250000 0.250000 0.250000 
  84
0.479817 0.005856 0.046210 
0.462778 0.988035 0.462022 
0.057405 0.006109 0.491768 
0.011494 0.968277 0.008783 0.011446 
0.250000 0.250000 0.250000 0.250000 
  85
0.479817 0.005856 0.046210 
0.462778 0.988035 0.462022 
0.057405 0.006109 0.491768 
0.008773 0.008773 0.973680 0.008773 
0.250000 0.250000 0.250000 0.250000 
  86
0.479817 0.005856 0.046210 
0.462778 0.988035 0.462022 
0.057405 0.006109 0.491768 
0.008773 0.008773 0.008773 0.973680 
0.250000 0.250000 0.250000 0.250000 
  87
0.479817 0.005856 0.046210 
0.462778 0.988035 0.462022 
0.057405 0.006109 0.491768 
0.011388 0.969864 0.008782 0.009966 
0.250000 0.250000 0.250000 0.250000 
  88
0.479817 0.005856 0.046210 
0.462778 0.988035 0.462022 
0.057405 0.006109 0.491768 
0.008773 0.008773 0.008773 0.973680 
0.250000 0.250000 0.250000 0.250000 
  89
0.479817 0.005856 0.046210 
0.462778 0.988035 0.462022 
0.057405 0.006109 0.491768 
0.008773 0.973680 0.008773 0.008773 
0.250000 0.250000 0.250000 0.250000 
  90
0.479817 0.005856 0.046210 
0.462778 0.988035 0.462022 
0.057405 0.006109 0.491768 
0.008773 0.008773 0.973680 0.008773 
0.250000 0.250000 0.250000 0.250000 
  91
0.479817 0.005856 0.046210 
0.462778 0.988035 0.462022 
0.057405 0.006109 0.491768 
0.010237 0.008773 0.971056 0.009934 
0.250000 0.250000 0.250000 0.250000 
  92
0.479817 0.005856 0.046210 
0.462778 0.988035 0.462022 
0.057405 0.006109 0.491768 
0.008773 0.008773 0.008773 0.973680 
0.250000 0.250000 0.250000 0.250000 
  93
0.479817 0.005856 0.046210 
0.462778 0.988035 0.462022 
0.057405 0.006109 0.491768 
0.008773 0.008773 0.010728 0.971725 
0.250000 0.250000 0.250000 0.250000 
  94
0.479817 0.005856 0.046210 
0.462778 0.988035 0.462022 
0.057405 0.006109 0.491768 
0.008773 0.973680 0.008773 0.008773 
0.250000 0.250000 0.250000 0.250000 
  95
0.479817 0.005856 0.046210 
0.462778 0.988035 0.462022 
0.057405 0.006109 0.491768 
0.008773 0.973680 0.008773 0.008773 
0.250000 0.250000 0.250000 0.250000 
  96
0.479817 0.005856 0.046210 
0.462778 0.988035 0.462022 
0.057405 0.006109 0.491768 
0.010552 0.971901 0.008773 0.008773 
0.250000 0.250000 0.250000 0.250000 
  97
0.479817 0.005856 0.046210 
0.462778 0.988035 0.462022 
0.057405 0.006109 0.491768 
0.008773 0.008773 0.973680 0.008773 
0.250000 0.250000 0.250000 0.250000 
  98
0.479817 0.005856 0.046210 
0.462778 0.988035 0.462022 
0.057405 0.006109 0.491768 
0.973680 0.008773 0.008773 0.008773 
0.250000 0.250000 0.250000 0.250000 
  99
0.479817 0.005856 0.046210 
0.462778 0.988035 0.462022 
0.057405 0.006109 0.491768 
0.008783 0.008783 0.960418 0.022016 
0.250000 0.250000 0.250000 0.250000 
 100
0.479817 0.005856 0.046210 
0.462778 0.988035 0.462022 
0.057405 0.006109 0.491768 
0.008773 0.008773 0.973680 0.008773 
0.250000 0.250000 0.250000 0.250000 
 101
0.479817 0.005856 0.046210 
0.462778 0.988035 0.462022 
0.057405 0.006109 0.491768 
0.973680 0.008773 0.008773 0.008773 
0.250000 0.250000 0.250000 0.250000 
 102
0.479817 0.005856 0.046210 
0.462778 0.988035 0.462022 
0.057405 0.006109 0.491768 
0.008773 0.008773 0.011696 0.970757 
0.250000 0.250000 0.250000 0.250000 
 103
0.479817 0.005856 0.046210 
0.462778 0.988035 0.462022 
0.057405 0.006109 0.491768 
0.008773 0.973680 0.008773 0.008773 
0.250000 0.250000 0.250000 0.250000 
 104
0.479817 0.005856 0.046210 
0.462778 0.988035 0.462022 
0.057405 0.006109 0.491768 
0.008773 0.008773 0.973680 0.008773 
0.250000 0.250000 0.250000 0.250000 
 105
0.479817 0.005856 0.046210 
0.462778 0.988035 0.462022 
0.057405 0.006109 0.491768 
0.971950 0.010503 0.008773 0.008773 
0.250000 0.250000 0.250000 0.250000 
 106
0.479817 0.005856 0.046210 
0.462778 0.988035 0.462022 
0.057405 0.006109 0.491768 
0.010306 0.972147 0.008773 0.008773 
0.250000 0.250000 0.250000 0.250000 
 107
0.479817 0.005856 0.046210 
0.462778 0.988035 0.462022 
0.057405 0.006109 0.491768 
0.008773 0.008773 0.008773 0.973680 
0.250000 0.250000 0.250000 0.250000 
 108
0.479817 0.005856 0.046210 
0.462778 0.988035 0.462022 
0.057405 0.006109 0.491768 
0.972423 0.008773 0.010030 0.008773 
0.250000 0.250000 0.250000 0.250000 
 109
0.479817 0.005856 0.046210 
0.462778 0.988035 0.462022 
0.057405 0.006109 0.491768 
0.008773 0.008773 0.973680 0.008773 
0.250000 0.250000 0.250000 0.250000 
 110
0.479817 0.005856 0.046210 
0.462778 0.988035 0.462022 
0.057405 0.006109 0.491768 
0.008773 0.008773 0.973680 0.008773 
0.250000 0.250000 0.250000 0.250000 
 111
0.479817 0.005856 0.046210 
0.462778 0.988035 0.462022 
0.057405 0.006109 0.491768 
0.970572 0.011882 0.008773 0.008773 
0.250000 0.250000 0.250000 0.250000 
 112
0.479817 0.005856 0.046210 
0.462778 0.988035 0.462022 
0.057405 0.006109 0.491768 
0.973680 0.008773 0.008773 0.008773 
0.250000 0.250000 0.250000 0.250000 
 113
0.479817 0.005856 0.046210 
0.462778 0.988035 0.462022 
0.057405 0.006109 0.491768 
0.973680 0.008773 0.008773 0.008773 
0.250000 0.250000 0.250000 0.250000 
 114
0.479817 0.005856 0.046210 
0.462778 0.988035 0.462022 
0.057405 0.006109 0.491768 
0.008773 0.008773 0.971199 0.011254 
0.250000 0.250000 0.250000 0.250000 
 115
0.479817 0.005856 0.046210 
0.462778 0.988035 0.462022 
0.057405 0.006109 0.491768 
0.008773 0.973680 0.008773 0.008773 
0.250000 0.250000 0.250000 0.250000 
 116
0.479817 0.005856 0.046210 
0.462778 0.988035 0.462022 
0.057405 0.006109 0.491768 
0.008773 0.973680 0.008773 0.008773 
0.250000 0.250000 0.250000 0.250000 
 117
0.479817 0.005856 0.046210 
0.462778 0.988035 0.462022 
0.057405 0.006109 0.491768 
0.959707 0.022746 0.008773 0.008773 
0.250000 0.250000 0.250000 0.250000 
 118
0.479817 0.005856 0.046210 
0.462778 0.988035 0.462022 
0.057405 0.006109 0.491768 
0.973680 0.008773 0.008773 0.008773 
0.250000 0.250000 0.250000 0.250000 
 119
0.479817 0.005856 0.046210 
0.462778 0.988035 0.462022 
0.057405 0.006109 0.491768 
0.008773 0.008773 0.973680 0.008773 
0.250000 0.250000 0.250000 0.250000 
 120
0.479817 0.005856 0.046210 
0.462778 0.988035 0.462022 
0.057405 0.006109 0.491768 
0.037393 0.945060 0.008773 0.008773 
0.250000 0.250000 0.250000 0.250000 
 121
0.479817 0.005856 0.046210 
0.462778 0.988035 0.462022 
0.057405 0.006109 0.491768 
0.958188 0.024266 0.008773 0.008773 
0.250000 0.250000 0.250000 0.250000 
 122
0.479817 0.005856 0.046210 
0.462778 0.988035 0.462022 
0.057405 0.006109 0.491768 
0.008773 0.008773 0.008773 0.973680 
0.250000 0.250000 0.250000 0.250000 
 123
0.479817 0.005856 0.046210 
0.462778 0.988035 0.462022 
0.057405 0.006109 0.491768 
0.972111 0.010342 0.008773 0.008773 
0.250000 0.250000 0.250000 0.250000 
 124
0.479817 0.005856 0.046210 
0.462778 0.988035 0.462022 
0.057405 0.006109 0.491768 
0.008773 0.973680 0.008773 0.008773 
0.250000 0.250000 0.250000 0.250000 
 125
0.479817 0.005856 0.046210 
0.462778 0.988035 0.462022 
0.057405 0.006109 0.491768 
0.008773 0.008773 0.008773 0.973680 
0.250000 0.250000 0.250000 0.250000 
 126
0.479817 0.005856 0.046210 
0.462778 0.988035 0.462022 
0.057405 0.006109 0.491768 
0.010441 0.972012 0.008773 0.008773 
0.250000 0.250000 0.250000 0.250000 
 127
0.479817 0.005856 0.046210 
0.462778 0.988035 0.462022 
0.057405 0.006109 0.491768 
0.973680 0.008773 0.008773 0.008773 
0.250000 0.250000 0.250000 0.250000 
 128
0.479817 0.005856 0.046210 
0.462778 0.988035 0.462022 
0.057405 0.006109 0.491768 
0.972182 0.010272 0.008773 0.008773 
0.250000 0.250000 0.250000 0.250000 
 129
0.479817 0.005856 0.046210 
0.462778 0.988035 0.462022 
0.057405 0.006109 0.491768 
0.973680 0.008773 0.008773 0.008773 
0.250000 0.250000 0.250000 0.250000 
 130
0.479817 0.005856 0.046210 
0.462778 0.988035 0.462022 
0.057405 0.006109 0.491768 
0.973680 0.008773 0.008773 0.008773 
0.250000 0.250000 0.250000 0.250000 
 131
0.479817 0.005856 0.046210 
0.462778 0.988035 0.462022 
0.057405 0.006109 0.491768 
0.008773 0.008773 0.973680 0.008773 
0.250000 0.250000 0.250000 0.250000 
 132
0.479817 0.005856 0.046210 
0.462778 0.988035 0.462022 
0.057405 0.006109 0.491768 
0.972170 0.008773 0.010283 0.008773 
0.250000 0.250000 0.250000 0.250000 
 133
0.479817 0.005856 0.046210 
0.462778 0.988035 0.462022 
0.057405 0.006109 0.491768 
0.973680 0.008773 0.008773 0.008773 
0.250000 0.250000 0.250000 0.250000 
 134
0.479817 0.005856 0.046210 
0.462778 0.988035 0.462022 
0.057405 0.006109 0.491768 
0.008773 0.008773 0.008773 0.973680 
0.250000 0.250000 0.250000 0.250000 
 135
0.479817 0.005856 0.046210 
0.462778 0.988035 0.462022 
0.057405 0.006109 0.491768 
0.019596 0.008773 0.959137 0.012493 
0.250000 0.250000 0.250000 0.250000 
 136
0.479817 0.005856 0.046210 
0.462778 0.988035 0.462022 
0.057405 0.006109 0.491768 
0.971891 0.010562 0.008773 0.008773 
0.250000 0.250000 0.250000 0.250000 
 137
0.479817 0.005856 0.046210 
0.462778 0.988035 0.462022 
0.057405 0.006109 0.491768 
0.008773 0.008773 0.972366 0.010088 
0.250000 0.250000 0.250000 0.250000 
 138
0.479817 0.005856 0.046210 
0.462778 0.988035 0.462022 
0.057405 0.006109 0.491768 
0.016284 0.961646 0.008785 0.013284 
0.250000 0.250000 0.250000 0.250000 
 139
0.479817 0.005856 0.046210 
0.462778 0.988035 0.462022 
0.057405 0.006109 0.491768 
0.972338 0.010115 0.008773 0.008773 
0.250000 0.250000 0.250000 0.250000 
 140
0.479817 0.005856 0.046210 
0.462778 0.988035 0.462022 
0.057405 0.006109 0.491768 
0.968623 0.013831 0.008773 0.008773 
0.250000 0.250000 0.250000 0.250000 
 141
0.479817 0.005856 0.046210 
0.462778 0.988035 0.462022 
0.057405 0.006109 0.491768 
0.008773 0.008773 0.008773 0.973680 
0.250000 0.250000 0.250000 0.250000 
 142
0.479817 0.005856 0.046210 
0.462778 0.988035 0.462022 
0.057405 0.006109 0.491768 
0.008773 0.973680 0.008773 0.008773 
0.250000 0.250000 0.250000 0.250000 
 143
0.479817 0.005856 0.046210 
0.462778 0.988035 0.462022 
0.057405 0.006109 0.491768 
0.973680 0.008773 0.008773 0.008773 
0.250000 0.250000 0.250000 0.250000 
 144
0.479817 0.005856 0.046210 
0.462778 0.988035 0.462022 
0.057405 0.006109 0.491768 
0.008773 0.008773 0.973680 0.008773 
0.250000 0.250000 0.250000 0.250000 
 145
0.479817 0.005856 0.046210 
0.462778 0.988035 0.462022 
0.057405 0.006109 0.491768 
0.012832 0.008773 0.969622 0.008773 
0.250000 0.250000 0.250000 0.250000 
 146
0.479817 0.005856 0.046210 
0.462778 0.988035 0.462022 
0.057405 0.006109 0.491768 
0.972119 0.010334 0.008773 0.008773 
0.250000 0.250000 0.250000 0.250000 
 147
0.479817 0.005856 0.046210 
0.462778 0.988035 0.462022 
0.057405 0.006109 0.491768 
0.972326 0.010127 0.008773 0.008773 
0.250000 0.250000 0.250000 0.250000 
 148
0.479817 0.005856 0.046210 
0.462778 0.988035 0.462022 
0.057405 0.006109 0.491768 
0.971268 0.011185 0.008773 0.008773 
0.250000 0.250000 0.250000 0.250000 
 149
0.479817 0.005856 0.046210 
0.462778 0.988035 0.462022 
0.057405 0.006109 0.491768 
0.008773 0.008773 0.008773 0.973680 
0.250000 0.250000 0.250000 0.250000 
 150
0.479817 0.005856 0.046210 
0.462778 0.988035 0.462022 
0.057405 0.006109 0.491768 
0.008773 0.008773 0.010044 0.972410 
0.250000 0.250000 0.250000 0.250000 
 151
0.479817 0.005856 0.046210 
0.462778 0.988035 0.462022 
0.057405 0.006109 0.491768 
0.008773 0.973680 0.008773 0.008773 
0.250000 0.250000 0.250000 0.250000 
 152
0.479817 0.005856 0.046210 
0.462778 0.988035 0.462022 
0.057405 0.006109 0.491768 
0.973680 0.008773 0.008773 0.008773 
0.250000 0.250000 0.250000 0.250000 
 153
0.479817 0.005856 0.046210 
0.462778 0.988035 0.462022 
0.057405 0.006109 0.491768 
0.963084 0.019370 0.008773 0.008773 
0.250000 0.250000 0.250000 0.250000 
 154
0.479817 0.005856 0.046210 
0.462778 0.988035 0.462022 
0.057405 0.006109 0.491768 
0.008773 0.973680 0.008773 0.008773 
0.250000 0.250000 0.250000 0.250000 
 155
0.479817 0.005856 0.046210 
0.462778 0.988035 0.462022 
0.057405 0.006109 0.491768 
0.008773 0.008773 0.008773 0.973680 
0.250000 0.250000 0.250000 0.250000 
 156
0.479817 0.005856 0.046210 
0.462778 0.988035 0.462022 
0.057405 0.006109 0.491768 
0.008773 0.008773 0.010786 0.971667 
0.250000 0.250000 0.250000 0.250000 
 157
0.479817 0.005856 0.046210 
0.462778 0.988035 0.462022 
0.057405 0.006109 0.491768 
0.973680 0.008773 0.008773 0.008773 
0.250000 0.250000 0.250000 0.250000 
 158
0.479817 0.005856 0.046210 
0.462778 0.988035 0.462022 
0.057405 0.006109 0.491768 
0.008773 0.008773 0.973680 0.008773 
0.250000 0.250000 0.250000 0.250000 
 159
0.479817 0.005856 0.046210 
0.462778 0.988035 0.462022 
0.057405 0.006109 0.491768 
0.010315 0.009883 0.010330 0.969473 
0.250000 0.250000 0.250000 0.250000 
 160
0.479817 0.005856 0.046210 
0.462778 0.988035 0.462022 
0.057405 0.006109 0.491768 
0.971846 0.008773 0.008773 0.010607 
0.250000 0.250000 0.250000 0.250000 
 161
0.479817 0.005856 0.046210 
0.462778 0.988035 0.462022 
0.057405 0.006109 0.491768 
0.973680 0.008773 0.008773 0.008773 
0.250000 0.250000 0.250000 0.250000 
 162
0.479817 0.005856 0.046210 
0.462778 0.988035 0.462022 
0.057405 0.006109 0.491768 
0.008773 0.008773 0.012837 0.969616 
0.250000 0.250000 0.250000 0.250000 
 163
0.479817 0.005856 0.046210 
0.462778 0.988035 0.462022 
0.057405 0.006109 0.491768 
0.008773 0.973680 0.008773 0.008773 
0.250000 0.250000 0.250000 0.250000 
 164
0.479817 0.005856 0.046210 
0.462778 0.988035 0.462022 
0.057405 0.006109 0.491768 
0.008773 0.008773 0.973680 0.008773 
0.250000 0.250000 0.250000 0.250000 
 165
0.479817 0.005856 0.046210 
0.462778 0.988035 0.462022 
0.057405 0.006109 0.491768 
0.008773 0.008773 0.010704 0.971750 
0.250000 0.250000 0.250000 0.250000 
 166
0.479817 0.005856 0.046210 
0.462778 0.988035 0.462022 
0.057405 0.006109 0.491768 
0.970848 0.011606 0.008773 0.008773 
0.250000 0.250000 0.250000 0.250000 
 167
0.479817 0.005856 0.046210 
0.462778 0.988035 0.462022 
0.057405 0.006109 0.491768 
0.008773 0.008773 0.973680 0.008773 
0.250000 0.250000 0.250000 0.250000 
 168
0.479817 0.005856 0.046210 
0.462778 0.988035 0.462022 
0.057405 0.006109 0.491768 
0.008773 0.011501 0.014064 0.965662 
0.250000 0.250000 0.250000 0.250000 
 169
0.479817 0.005856 0.046210 
0.462778 0.988035 0.462022 
0.057405 0.006109 0.491768 
0.008773 0.973680 0.008773 0.008773 
0.250000 0.250000 0.250000 0.250000 
 170
0.479817 0.005856 0.046210 
0.462778 0.988035 0.462022 
0.057405 0.006109 0.491768 
0.973680 0.008773 0.008773 0.008773 
0.250000 0.250000 0.250000 0.250000 
 171
0.479817 0.005856 0.046210 
0.462778 0.988035 0.462022 
0.057405 0.006109 0.491768 
0.020780 0.961673 0.008773 0.008773 
0.250000 0.250000 0.250000 0.250000 
 172
0.479817 0.005856 0.046210 
0.462778 0.988035 0.462022 
0.057405 0.006109 0.491768 
0.008773 0.008773 0.972050 0.010403 
0.250000 0.250000 0.250000 0.250000 
 173
0.479817 0.005856 0.046210 
0.462778 0.988035 0.462022 
0.057405 0.006109 0.491768 
0.008773 0.008773 0.008773 0.973680 
0.250000 0.250000 0.250000 0.250000 
 174
0.479817 0.005856 0.046210 
0.462778 0.988035 0.462022 
0.057405 0.006109 0.491768 
0.010249 0.971042 0.008773 0.009935 
0.250000 0.250000 0.250000 0.250000 
 175
0.479817 0.005856 0.046210 
0.462778 0.988035 0.462022 
0.057405 0.006109 0.491768 
0.011251 0.971203 0.008773 0.008773 
0.250000 0.250000 0.250000 0.250000 
 176
0.479817 0.005856 0.046210 
0.462778 0.988035 0.462022 
0.057405 0.006109 0.491768 
0.008773 0.008773 0.008773 0.973680 
0.250000 0.250000 0.250000 0.250000 
 177
0.479817 0.005856 0.046210 
0.462778 0.988035 0.462022 
0.057405 0.006109 0.491768 
0.008773 0.008773 0.010069 0.972385 
0.250000 0.250000 0.250000 0.250000 
 178
0.479817 0.005856 0.046210 
0.462778 0.988035 0.462022 
0.057405 0.006109 0.491768 
0.008773 0.008773 0.973680 0.008773 
0.250000 0.250000 0.250000 0.250000 
 179
0.479817 0.005856 0.046210 
0.462778 0.988035 0.462022 
0.057405 0.006109 0.491768 
0.973680 0.008773 0.008773 0.008773 
0.250000 0.250000 0.250000 0.250000 
 180
0.479817 0.005856 0.046210 
0.462778 0.988035 0.462022 
0.057405 0.006109 0.491768 
0.008773 0.972134 0.008773 0.010319 
0.250000 0.250000 0.250000 0.250000 
 181
0.479817 0.005856 0.046210 
0.462778 0.988035 0.462022 
0.057405 0.006109 0.491768 
0.973680 0.008773 0.008773 0.008773 
0.250000 0.250000 0.250000 0.250000 
 182
0.479817 0.005856 0.046210 
0.462778 0.988035 0.462022 
0.057405 0.006109 0.491768 
0.016858 0.957929 0.010189 0.015023 
0.250000 0.250000 0.250000 0.250000 
 183
0.479817 0.005856 0.046210 
0.462778 0.988035 0.462022 
0.057405 0.006109 0.491768 
0.008773 0.008773 0.013923 0.968531 
0.250000 0.250000 0.250000 0.250000 
 184
0.479817 0.005856 0.046210 
0.462778 0.988035 0.462022 
0.057405 0.006109 0.491768 
0.008773 0.008773 0.008773 0.973680 
0.250000 0.250000 0.250000 0.250000 
 185
0.479817 0.005856 0.046210 
0.462778 0.988035 0.462022 
0.057405 0.006109 0.491768 
0.008773 0.008773 0.973680 0.008773 
0.250000 0.250000 0.250000 0.250000 
 186
0.479817 0.005856 0.046210 
0.462778 0.988035 0.462022 
0.057405 0.006109 0.491768 
0.008773 0.008773 0.884395 0.098058 
0.250000 0.250000 0.250000 0.250000 
 187
0.479817 0.005856 0.046210 
0.462778 0.988035 0.462022 
0.057405 0.006109 0.491768 
0.008773 0.008773 0.008773 0.973680 
0.250000 0.250000 0.250000 0.250000 
 188
0.479817 0.005856 0.046210 
0.462778 0.988035 0.462022 
0.057405 0.006109 0.491768 
0.008773 0.008773 0.973680 0.008773 
0.250000 0.250000 0.250000 0.250000 
 189
0.479817 0.005856 0.046210 
0.462778 0.988035 0.462022 
0.057405 0.006109 0.491768 
0.973680 0.008773 0.008773 0.008773 
0.250000 0.250000 0.250000 0.250000 
 190
0.479817 0.005856 0.046210 
0.462778 0.988035 0.462022 
0.057405 0.006109 0.491768 
0.973680 0.008773 0.008773 0.008773 
0.250000 0.250000 0.250000 0.250000 
 191
0.479817 0.005856 0.046210 
0.462778 0.988035 0.462022 
0.057405 0.006109 0.491768 
0.012416 0.010369 0.967146 0.010069 
0.250000 0.250000 0.250000 0.250000 
 192
0.479817 0.005856 0.046210 
0.462778 0.988035 0.462022 
0.057405 0.006109 0.491768 
0.972153 0.010301 0.008773 0.008773 
0.250000 0.250000 0.250000 0.250000 
 193
0.479817 0.005856 0.046210 
0.462778 0.988035 0.462022 
0.057405 0.006109 0.491768 
0.008773 0.973680 0.008773 0.008773 
0.250000 0.250000 0.250000 0.250000 
 194
0.479817 0.005856 0.046210 
0.462778 0.988035 0.462022 
0.057405 0.006109 0.491768 
0.013983 0.968470 0.008773 0.008773 
0.250000 0.250000 0.250000 0.250000 
 195
0.479817 0.005856 0.046210 
0.462778 0.988035 0.462022 
0.057405 0.006109 0.491768 
0.008773 0.008773 0.008773 0.973680 
0.250000 0.250000 0.250000 0.250000 
 196
0.479817 0.005856 0.046210 
0.462778 0.988035 0.462022 
0.057405 0.006109 0.491768 
0.082911 0.896891 0.011425 0.008773 
0.250000 0.250000 0.250000 0.250000 
 197
0.479817 0.005856 0.046210 
0.462778 0.988035 0.462022 
0.057405 0.006109 0.491768 
0.973680 0.008773 0.008773 0.008773 
0.250000 0.250000 0.250000 0.250000 
 198
0.479817 0.005856 0.046210 
0.462778 0.988035 0.462022 
0.057405 0.006109 0.491768 
0.970703 0.011751 0.008773 0.008773 
0.250000 0.250000 0.250000 0.250000 
 199
0.479817 0.005856 0.046210 
0.462778 0.988035 0.462022 
0.057405 0.006109 0.491768 
0.973680 0.008773 0.008773 0.008773 
0.250000 0.250000 0.250000 0.250000 
 200
0.479817 0.005856 0.046210 
0.462778 0.988035 0.462022 
0.057405 0.006109 0.491768 
0.008773 0.008773 0.008773 0.973680 
0.250000 0.250000 0.250000 0.250000 
 201
0.479817 0.005856 0.046210 
0.462778 0.988035 0.462022 
0.057405 0.006109 0.491768 
0.973680 0.008773 0.008773 0.008773 
0.250000 0.250000 0.250000 0.250000 
 202
0.479817 0.005856 0.046210 
0.462778 0.988035 0.462022 
0.057405 0.006109 0.491768 
0.008773 0.008773 0.008773 0.973680 
0.250000 0.250000 0.250000 0.250000 
 203
0.479817 0.005856 0.046210 
0.462778 0.988035 0.462022 
0.057405 0.006109 0.491768 
0.008773 0.973680 0.008773 0.008773 
0.250000 0.250000 0.250000 0.250000 
 204
0.479817 0.005856 0.046210 
0.462778 0.988035 0.462022 
0.057405 0.006109 0.491768 
0.008773 0.008773 0.966305 0.016148 
0.250000 0.250000 0.250000 0.250000 
 205
0.479817 0.005856 0.046210 
0.462778 0.988035 0.462022 
0.057405 0.006109 0.491768 
0.018561 0.963893 0.008773 0.008773 
0.250000 0.250000 0.250000 0.250000 
 206
0.479817 0.005856 0.046210 
0.462778 0.988035 0.462022 
0.057405 0.006109 0.491768 
0.972204 0.010249 0.008773 0.008773 
0.250000 0.250000 0.250000 0.250000 
 207
0.479817 0.005856 0.046210 
0.462778 0.988035 0.462022 
0.057405 0.006109 0.491768 
0.010089 0.008773 0.970057 0.011081 
0.250000 0.250000 0.250000 0.250000 
 208
0.479817 0.005856 0.046210 
0.462778 0.988035 0.462022 
0.057405 0.006109 0.491768 
0.971998 0.010455 0.008773 0.008773 
0.250000 0.250000 0.250000 0.250000 
 209
0.479817 0.005856 0.046210 
0.462778 0.988035 0.462022 
0.057405 0.006109 0.491768 
0.016635 0.964401 0.008773 0.010190 
0.250000 0.250000 0.250000 0.250000 
 210
0.479817 0.005856 0.046210 
0.462778 0.988035 0.462022 
0.057405 0.006109 0.491768 
0.008773 0.008773 0.012397 0.970056 
0.250000 0.250000 0.250000 0.250000 
 211
0.479817 0.005856 0.046210 
0.462778 0.988035 0.462022 
0.057405 0.006109 0.491768 
0.008773 0.008773 0.973680 0.008773 
0.250000 0.250000 0.250000 0.250000 
 212
0.479817 0.005856 0.046210 
0.462778 0.988035 0.462022 
0.057405 0.006109 0.491768 
0.008773 0.008773 0.973680 0.008773 
0.250000 0.250000 0.250000 0.250000 
 213
0.479817 0.005856 0.046210 
0.462778 0.988035 0.462022 
0.057405 0.006109 0.491768 
0.008773 0.008773 0.022499 0.959954 
0.250000 0.250000 0.250000 0.250000 
 214
0.479817 0.005856 0.046210 
0.462778 0.988035 0.462022 
0.057405 0.006109 0.491768 
0.008773 0.008773 0.972121 0.010333 
0.250000 0.250000 0.250000 0.250000 
 215
0.479817 0.005856 0.046210 
0.462778 0.988035 0.462022 
0.057405 0.006109 0.491768 
0.973680 0.008773 0.008773 0.008773 
0.250000 0.250000 0.250000 0.250000 
 216
0.479817 0.005856 0.046210 
0.462778 0.988035 0.462022 
0.057405 0.006109 0.491768 
0.008773 0.008773 0.011271 0.971183 
0.250000 0.250000 0.250000 0.250000 
 217
0.479817 0.005856 0.046210 
0.462778 0.988035 0.462022 
0.057405 0.006109 0.491768 
0.008773 0.008773 0.973680 0.008773 
0.250000 0.250000 0.250000 0.250000 
 218
0.479817 0.005856 0.046210 
0.462778 0.988035 0.462022 
0.057405 0.006109 0.491768 
0.972271 0.008773 0.008773 0.010182 
0.250000 0.250000 0.250000 0.250000 
 219
0.479817 0.005856 0.046210 
0.462778 0.988035 0.462022 
0.057405 0.006109 0.491768 
0.011665 0.969253 0.008773 0.010309 
0.250000 0.250000 0.250000 0.250000 
 220
0.479817 0.005856 0.046210 
0.462778 0.988035 0.462022 
0.057405 0.006109 0.491768 
0.967576 0.014878 0.008773 0.008773 
0.250000 0.250000 0.250000 0.250000 
 221
0.479817 0.005856 0.046210 
0.462778 0.988035 0.462022 
0.057405 0.006109 0.491768 
0.008773 0.008773 0.008773 0.973680 
0.250000 0.250000 0.250000 0.250000 
 222
0.479817 0.005856 0.046210 
0.462778 0.988035 0.462022 
0.057405 0.006109 0.491768 
0.010430 0.008773 0.965928 0.014869 
0.250000 0.250000 0.250000 0.250000 
 223
0.479817 0.005856 0.046210 
0.462778 0.988035 0.462022 
0.057405 0.006109 0.491768 
0.012205 0.008773 0.970249 0.008773 
0.250000 0.250000 0.250000 0.250000 
 224
0.479817 0.005856 0.046210 
0.462778 0.988035 0.462022 
0.057405 0.006109 0.491768 
0.008773 0.008773 0.008773 0.973680 
0.250000 0.250000 0.250000 0.250000 
 225
0.479817 0.005856 0.046210 
0.462778 0.988035 0.462022 
0.057405 0.006109 0.491768 
0.008773 0.008773 0.008773 0.973680 
0.250000 0.250000 0.250000 0.250000 
 226
0.479817 0.005856 0.046210 
0.462778 0.988035 0.462022 
0.057405 0.006109 0.491768 
0.008773 0.973680 0.008773 0.008773 
0.250000 0.250000 0.250000 0.250000 
 227
0.479817 0.005856 0.046210 
0.462778 0.988035 0.462022 
0.057405 0.006109 0.491768 
0.973680 0.008773 0.008773 0.008773 
0.250000 0.250000 0.250000 0.250000 
 228
0.479817 0.005856 0.046210 
0.462778 0.988035 0.462022 
0.057405 0.006109 0.491768 
0.008773 0.008773 0.011846 0.970607 
0.250000 0.250000 0.250000 0.250000 
 229
0.479817 0.005856 0.046210 
0.462778 0.988035 0.462022 
0.057405 0.006109 0.491768 
0.008773 0.973680 0.008773 0.008773 
0.250000 0.250000 0.250000 0.250000 
 230
0.479817 0.005856 0.046210 
0.462778 0.988035 0.462022 
0.057405 0.006109 0.491768 
0.008773 0.973680 0.008773 0.008773 
0.250000 0.250000 0.250000 0.250000 
 231
0.479817 0.005856 0.046210 
0.462778 0.988035 0.462022 
0.057405 0.006109 0.491768 
0.945735 0.036718 0.008773 0.008773 
0.250000 0.250000 0.250000 0.250000 
 232
0.479817 0.005856 0.046210 
0.462778 0.988035 0.462022 
0.057405 0.006109 0.491768 
0.588460 0.393994 0.008773 0.008773 
0.250000 0.250000 0.250000 0.250000 
 233
0.479817 0.005856 0.046210 
0.462778 0.988035 0.462022 
0.057405 0.006109 0.491768 
0.971289 0.009942 0.009996 0.008773 
0.250000 0.250000 0.250000 0.250000 
 234
0.479817 0.005856 0.046210 
0.462778 0.988035 0.462022 
0.057405 0.006109 0.491768 
0.967184 0.015269 0.008773 0.008773 
0.250000 0.250000 0.250000 0.250000 
 235
0.479817 0.005856 0.046210 
0.462778 0.988035 0.462022 
0.057405 0.006109 0.491768 
0.973649 0.008784 0.008784 0.008784 
