%  SAM: /scicomp/home/vfn4/Tools/LABEL_RES/scripts/modelfromalign v3.5 (July 15, 2005) compiled 12/08/06_16:15:55
%  (c) 1992-2001 Regents of the University of California, Santa Cruz
%
%          Sequence Alignment and Modeling Software System
%         http://www.cse.ucsc.edu/research/compbio/sam.html
%
% ----------------- Citations (SAM, SAM-T2K, HMMs) --------------------
% R. Hughey, A. Krogh, Hidden Markov models for sequence analysis:
%  Extension and analysis of the basic method, CABIOS 12:95-107, 1996.
% K. Karplus, et al., What is the value added by human intervention in protein
%  structure prediction, Proteins: Stucture, Function, Genetics 45(S5):86--91, 2001.
% A. Krogh et al., Hidden Markov models in computational biology:
%  Applications to protein modeling, JMB 235:1501-1531, Feb 1994.
% ---------------------------------------------------------------------
%  c-3-4-5-6-7-VIC_hmm   Host: node5.aspen.biotech.cdc.gov    Tue Jan  6 16:14:40 2015
%  vfn4                  Dir:  /scicomp/home/vfn4/fluA/HA_H3/H3prerelease1
% ---------------------------------------------------------------------
%  Alignment weights from internal calc.  Total (52.74) Max (0.42) Min (0.01)
%  Weights from alignment method 1 (karplus), b=-1.000000, e=0.500000
MODEL --  Model from alignment file /scicomp/home/vfn4/Tools/LABEL_RES/training_data/H3prerelease1/c-3-4-5-6-7-VIC.fasta
alphabet DNA
FREQAVE
0.000000 0.000000 0.000000 
0.000000 0.000000 0.000000 
0.000000 0.000000 0.000000 
0.338860 0.222324 0.198163 0.240654 
0.338860 0.222324 0.198163 0.240654 
Begin
0.000000 0.000000 0.000000 
0.000000 0.000000 0.000000 
0.000000 0.003867 0.491768 
0.250000 0.250000 0.250000 0.250000 
0.250000 0.250000 0.250000 0.250000 
   1
0.000000 0.044197 0.046210 
0.000000 0.951937 0.462022 
0.033605 0.004030 0.491768 
0.985282 0.004906 0.004906 0.004906 
0.250000 0.250000 0.250000 0.250000 
   2
0.695482 0.003863 0.046210 
0.270913 0.992108 0.462022 
0.033605 0.004030 0.491768 
0.004906 0.004906 0.004906 0.985282 
0.250000 0.250000 0.250000 0.250000 
   3
0.695482 0.003863 0.046210 
0.270913 0.992108 0.462022 
0.033605 0.004030 0.491768 
0.004906 0.985282 0.004906 0.004906 
0.250000 0.250000 0.250000 0.250000 
   4
0.695482 0.003863 0.046210 
0.270913 0.992108 0.462022 
0.033605 0.004030 0.491768 
0.982859 0.007329 0.004906 0.004906 
0.250000 0.250000 0.250000 0.250000 
   5
0.692096 0.003863 0.046210 
0.274299 0.992108 0.462022 
0.033719 0.004028 0.491768 
0.983345 0.006848 0.004904 0.004904 
0.250000 0.250000 0.250000 0.250000 
   6
0.689772 0.003861 0.046210 
0.276509 0.992110 0.462022 
0.033878 0.004026 0.491768 
0.007125 0.983073 0.004901 0.004901 
0.250000 0.250000 0.250000 0.250000 
   7
0.691201 0.003860 0.046210 
0.274921 0.992114 0.462022 
0.033939 0.004026 0.491768 
0.983253 0.006948 0.004900 0.004900 
0.250000 0.250000 0.250000 0.250000 
   8
0.692455 0.003859 0.046210 
0.273606 0.992115 0.462022 
0.033939 0.004026 0.491768 
0.005849 0.004900 0.983567 0.005684 
0.250000 0.250000 0.250000 0.250000 
   9
0.688795 0.003859 0.046210 
0.277265 0.992115 0.462022 
0.034064 0.004024 0.491768 
0.017843 0.005381 0.092901 0.883875 
0.250000 0.250000 0.250000 0.250000 
  10
0.678771 0.003857 0.046210 
0.287165 0.992118 0.462022 
0.034497 0.004019 0.491768 
0.981018 0.009204 0.004889 0.004889 
0.250000 0.250000 0.250000 0.250000 
  11
0.664448 0.003853 0.046210 
0.301055 0.992128 0.462022 
0.035308 0.004010 0.491768 
0.006383 0.004875 0.012077 0.976666 
0.250000 0.250000 0.250000 0.250000 
  12
0.661691 0.003844 0.046210 
0.303002 0.992146 0.462022 
0.035968 0.004003 0.491768 
0.005762 0.004864 0.983559 0.005816 
0.250000 0.250000 0.250000 0.250000 
  13
0.674071 0.003837 0.046210 
0.289961 0.992160 0.462022 
0.035968 0.004003 0.491768 
0.983923 0.005451 0.005762 0.004864 
0.250000 0.250000 0.250000 0.250000 
  14
0.639342 0.003837 0.046210 
0.324690 0.992160 0.462022 
0.037262 0.003990 0.491768 
0.005738 0.004843 0.005278 0.984141 
0.250000 0.250000 0.250000 0.250000 
  15
0.662345 0.003824 0.046210 
0.300393 0.992186 0.462022 
0.037262 0.003990 0.491768 
0.007798 0.005527 0.005668 0.981007 
0.250000 0.250000 0.250000 0.250000 
  16
0.649707 0.003824 0.046210 
0.313031 0.992186 0.462022 
0.037739 0.003985 0.491768 
0.004836 0.985492 0.004836 0.004836 
0.250000 0.250000 0.250000 0.250000 
  17
0.656000 0.003820 0.046210 
0.306261 0.992195 0.462022 
0.037816 0.003985 0.491768 
0.004835 0.004835 0.985495 0.004835 
0.250000 0.250000 0.250000 0.250000 
  18
0.653830 0.003819 0.046210 
0.308355 0.992196 0.462022 
0.037948 0.003983 0.491768 
0.005390 0.004833 0.005925 0.983853 
0.250000 0.250000 0.250000 0.250000 
  19
0.656126 0.003818 0.046210 
0.305925 0.992198 0.462022 
0.037948 0.003983 0.491768 
0.005582 0.005228 0.005556 0.983634 
0.250000 0.250000 0.250000 0.250000 
  20
0.642752 0.003818 0.046210 
0.319299 0.992198 0.462022 
0.038463 0.003979 0.491768 
0.004826 0.005365 0.004826 0.984984 
0.250000 0.250000 0.250000 0.250000 
  21
0.636530 0.003814 0.046210 
0.325008 0.992208 0.462022 
0.039046 0.003973 0.491768 
0.007839 0.981465 0.004817 0.005878 
0.250000 0.250000 0.250000 0.250000 
  22
0.638046 0.003809 0.046210 
0.322908 0.992218 0.462022 
0.039366 0.003971 0.491768 
0.984446 0.005928 0.004813 0.004813 
0.250000 0.250000 0.250000 0.250000 
  23
0.640235 0.003806 0.046210 
0.320399 0.992223 0.462022 
0.039486 0.003970 0.491768 
0.006055 0.984322 0.004811 0.004811 
0.250000 0.250000 0.250000 0.250000 
  24
0.627962 0.003986 0.046210 
0.332551 0.992045 0.462022 
0.039970 0.003965 0.491768 
0.004805 0.004805 0.984488 0.005902 
0.250000 0.250000 0.250000 0.250000 
  25
0.637805 0.003801 0.046210 
0.322225 0.992233 0.462022 
0.039970 0.003965 0.491768 
0.004805 0.005432 0.009598 0.980165 
0.250000 0.250000 0.250000 0.250000 
  26
0.627373 0.003801 0.046210 
0.332656 0.992233 0.462022 
0.040392 0.003962 0.491768 
0.984171 0.006230 0.004800 0.004800 
0.250000 0.250000 0.250000 0.250000 
  27
0.593058 0.003798 0.046210 
0.366550 0.992240 0.462022 
0.042115 0.003948 0.491768 
0.004779 0.004779 0.984888 0.005555 
0.250000 0.250000 0.250000 0.250000 
  28
0.618367 0.003785 0.046210 
0.339518 0.992267 0.462022 
0.042115 0.003948 0.491768 
0.982978 0.006954 0.005289 0.004779 
0.250000 0.250000 0.250000 0.250000 
  29
0.615900 0.003785 0.046210 
0.341985 0.992267 0.462022 
0.042220 0.003948 0.491768 
0.004777 0.004777 0.006733 0.983712 
0.250000 0.250000 0.250000 0.250000 
  30
0.597042 0.003784 0.046210 
0.360738 0.992268 0.462022 
0.043098 0.003941 0.491768 
0.004767 0.007234 0.006540 0.981458 
0.250000 0.250000 0.250000 0.250000 
  31
0.609464 0.003778 0.046210 
0.347438 0.992281 0.462022 
0.043098 0.003941 0.491768 
0.006472 0.004767 0.980847 0.007914 
0.250000 0.250000 0.250000 0.250000 
  32
0.609464 0.003778 0.046210 
0.347438 0.992281 0.462022 
0.043098 0.003941 0.491768 
0.004769 0.004769 0.004769 0.985694 
0.250000 0.250000 0.250000 0.250000 
  33
0.609464 0.003778 0.046210 
0.347438 0.992281 0.462022 
0.043098 0.003941 0.491768 
0.982462 0.005318 0.004767 0.007453 
0.250000 0.250000 0.250000 0.250000 
  34
0.609464 0.003778 0.046210 
0.347438 0.992281 0.462022 
0.043098 0.003941 0.491768 
0.004767 0.004767 0.004767 0.985698 
0.250000 0.250000 0.250000 0.250000 
  35
0.601865 0.003778 0.046210 
0.355037 0.992281 0.462022 
0.043428 0.003939 0.491768 
0.006295 0.984178 0.004764 0.004764 
0.250000 0.250000 0.250000 0.250000 
  36
0.606473 0.003776 0.046210 
0.350099 0.992285 0.462022 
0.043428 0.003939 0.491768 
0.004764 0.004764 0.010464 0.980009 
0.250000 0.250000 0.250000 0.250000 
  37
0.606473 0.003776 0.046210 
0.350099 0.992285 0.462022 
0.043428 0.003939 0.491768 
0.006631 0.004764 0.981665 0.006940 
0.250000 0.250000 0.250000 0.250000 
  38
0.606473 0.003776 0.046210 
0.350099 0.992285 0.462022 
0.043428 0.003939 0.491768 
0.004764 0.010428 0.004764 0.980044 
0.250000 0.250000 0.250000 0.250000 
  39
0.606473 0.003776 0.046210 
0.350099 0.992285 0.462022 
0.043428 0.003939 0.491768 
0.059408 0.930622 0.004764 0.005206 
0.250000 0.250000 0.250000 0.250000 
  40
0.603348 0.003776 0.046210 
0.353224 0.992285 0.462022 
0.043564 0.003938 0.491768 
0.014321 0.976152 0.004764 0.004764 
0.250000 0.250000 0.250000 0.250000 
  41
0.602766 0.003775 0.046210 
0.353670 0.992287 0.462022 
0.043672 0.003937 0.491768 
0.004761 0.007104 0.012672 0.975463 
0.250000 0.250000 0.250000 0.250000 
  42
0.604261 0.003774 0.046210 
0.352067 0.992289 0.462022 
0.043672 0.003937 0.491768 
0.004761 0.009096 0.006394 0.979749 
0.250000 0.250000 0.250000 0.250000 
  43
0.598804 0.003774 0.046210 
0.357523 0.992289 0.462022 
0.043912 0.003936 0.491768 
0.005140 0.005275 0.005187 0.984398 
0.250000 0.250000 0.250000 0.250000 
  44
0.602090 0.003773 0.046210 
0.353999 0.992292 0.462022 
0.043912 0.003936 0.491768 
0.005348 0.004759 0.011409 0.978485 
0.250000 0.250000 0.250000 0.250000 
  45
0.602090 0.003773 0.046210 
0.353999 0.992292 0.462022 
0.043912 0.003936 0.491768 
0.005523 0.004759 0.967891 0.021827 
0.250000 0.250000 0.250000 0.250000 
  46
0.599596 0.003773 0.046210 
0.356492 0.992292 0.462022 
0.044021 0.003935 0.491768 
0.015442 0.960876 0.004757 0.018924 
0.250000 0.250000 0.250000 0.250000 
  47
0.601095 0.003772 0.046210 
0.354884 0.992293 0.462022 
0.044021 0.003935 0.491768 
0.004757 0.004757 0.985728 0.004757 
0.250000 0.250000 0.250000 0.250000 
  48
0.601095 0.003772 0.046210 
0.354884 0.992293 0.462022 
0.044021 0.003935 0.491768 
0.004757 0.004757 0.022286 0.968199 
0.250000 0.250000 0.250000 0.250000 
  49
0.410577 0.003772 0.046210 
0.545401 0.992293 0.462022 
0.054382 0.003879 0.491768 
0.005576 0.004671 0.985083 0.004671 
0.250000 0.250000 0.250000 0.250000 
  50
0.507210 0.003718 0.046210 
0.438408 0.992403 0.462022 
0.054382 0.003879 0.491768 
0.985988 0.004671 0.004671 0.004671 
0.250000 0.250000 0.250000 0.250000 
  51
0.507210 0.003718 0.046210 
0.438408 0.992403 0.462022 
0.054382 0.003879 0.491768 
0.984658 0.006001 0.004671 0.004671 
0.250000 0.250000 0.250000 0.250000 
  52
0.504233 0.003718 0.046210 
0.441385 0.992403 0.462022 
0.054545 0.003878 0.491768 
0.909072 0.080655 0.005603 0.004670 
0.250000 0.250000 0.250000 0.250000 
  53
0.505738 0.003717 0.046210 
0.439717 0.992404 0.462022 
0.054545 0.003878 0.491768 
0.985991 0.004670 0.004670 0.004670 
0.250000 0.250000 0.250000 0.250000 
  54
0.505738 0.003717 0.046210 
0.439717 0.992404 0.462022 
0.054545 0.003878 0.491768 
0.978112 0.010752 0.006467 0.004670 
0.250000 0.250000 0.250000 0.250000 
  55
0.501741 0.003717 0.046210 
0.443714 0.992404 0.462022 
0.054764 0.003877 0.491768 
0.043747 0.006618 0.936655 0.012980 
0.250000 0.250000 0.250000 0.250000 
  56
0.503755 0.003717 0.046210 
0.441482 0.992406 0.462022 
0.054764 0.003877 0.491768 
0.004668 0.004668 0.005333 0.985331 
0.250000 0.250000 0.250000 0.250000 
  57
0.503755 0.003717 0.046210 
0.441482 0.992406 0.462022 
0.054764 0.003877 0.491768 
0.004668 0.004668 0.038423 0.952241 
0.250000 0.250000 0.250000 0.250000 
  58
0.503755 0.003717 0.046210 
0.441482 0.992406 0.462022 
0.054764 0.003877 0.491768 
0.005322 0.004668 0.985342 0.004668 
0.250000 0.250000 0.250000 0.250000 
  59
0.503755 0.003717 0.046210 
0.441482 0.992406 0.462022 
0.054764 0.003877 0.491768 
0.004668 0.004668 0.985996 0.004668 
0.250000 0.250000 0.250000 0.250000 
  60
0.503755 0.003717 0.046210 
0.441482 0.992406 0.462022 
0.054764 0.003877 0.491768 
0.005555 0.004668 0.015085 0.974692 
0.250000 0.250000 0.250000 0.250000 
  61
0.503755 0.003717 0.046210 
0.441482 0.992406 0.462022 
0.054764 0.003877 0.491768 
0.008249 0.982415 0.004668 0.004668 
0.250000 0.250000 0.250000 0.250000 
  62
0.503755 0.003717 0.046210 
0.441482 0.992406 0.462022 
0.054764 0.003877 0.491768 
0.038525 0.951401 0.004668 0.005406 
0.250000 0.250000 0.250000 0.250000 
  63
0.487145 0.003717 0.046210 
0.458092 0.992406 0.462022 
0.055688 0.003873 0.491768 
0.965496 0.020448 0.004664 0.009392 
0.250000 0.250000 0.250000 0.250000 
  64
0.495373 0.003713 0.046210 
0.448939 0.992414 0.462022 
0.055688 0.003873 0.491768 
0.980779 0.008608 0.005089 0.005523 
0.250000 0.250000 0.250000 0.250000 
  65
0.495373 0.003713 0.046210 
0.448939 0.992414 0.462022 
0.055688 0.003873 0.491768 
0.986014 0.004662 0.004662 0.004662 
0.250000 0.250000 0.250000 0.250000 
  66
0.492112 0.003713 0.046210 
0.452199 0.992414 0.462022 
0.055871 0.003873 0.491768 
0.004661 0.004661 0.005180 0.985498 
0.250000 0.250000 0.250000 0.250000 
  67
0.493722 0.003712 0.046210 
0.450407 0.992415 0.462022 
0.055871 0.003873 0.491768 
0.004661 0.984813 0.004661 0.005865 
0.250000 0.250000 0.250000 0.250000 
  68
0.493722 0.003712 0.046210 
0.450407 0.992415 0.462022 
0.055871 0.003873 0.491768 
0.985215 0.005463 0.004661 0.004661 
0.250000 0.250000 0.250000 0.250000 
  69
0.493722 0.003712 0.046210 
0.450407 0.992415 0.462022 
0.055871 0.003873 0.491768 
0.008756 0.005880 0.979915 0.005449 
0.250000 0.250000 0.250000 0.250000 
  70
0.493722 0.003712 0.046210 
0.450407 0.992415 0.462022 
0.055871 0.003873 0.491768 
0.934644 0.055272 0.004661 0.005424 
0.250000 0.250000 0.250000 0.250000 
  71
0.493722 0.003712 0.046210 
0.450407 0.992415 0.462022 
0.055871 0.003873 0.491768 
0.982970 0.007708 0.004661 0.004661 
0.250000 0.250000 0.250000 0.250000 
  72
0.493722 0.003712 0.046210 
0.450407 0.992415 0.462022 
0.055871 0.003873 0.491768 
0.004662 0.004662 0.983409 0.007267 
0.250000 0.250000 0.250000 0.250000 
  73
0.493722 0.003712 0.046210 
0.450407 0.992415 0.462022 
0.055871 0.003873 0.491768 
0.986017 0.004661 0.004661 0.004661 
0.250000 0.250000 0.250000 0.250000 
  74
0.493722 0.003712 0.046210 
0.450407 0.992415 0.462022 
0.055871 0.003873 0.491768 
0.012832 0.977400 0.004661 0.005107 
0.250000 0.250000 0.250000 0.250000 
  75
0.493722 0.003712 0.046210 
0.450407 0.992415 0.462022 
0.055871 0.003873 0.491768 
0.004661 0.004661 0.986017 0.004661 
0.250000 0.250000 0.250000 0.250000 
  76
0.493722 0.003712 0.046210 
0.450407 0.992415 0.462022 
0.055871 0.003873 0.491768 
0.982717 0.007535 0.005084 0.004663 
0.250000 0.250000 0.250000 0.250000 
  77
0.493722 0.003712 0.046210 
0.450407 0.992415 0.462022 
0.055871 0.003873 0.491768 
0.005393 0.004661 0.975360 0.014586 
0.250000 0.250000 0.250000 0.250000 
  78
0.493722 0.003712 0.046210 
0.450407 0.992415 0.462022 
0.055871 0.003873 0.491768 
0.008133 0.980310 0.004661 0.006896 
0.250000 0.250000 0.250000 0.250000 
  79
0.493722 0.003712 0.046210 
0.450407 0.992415 0.462022 
0.055871 0.003873 0.491768 
0.004661 0.986017 0.004661 0.004661 
0.250000 0.250000 0.250000 0.250000 
  80
0.493722 0.003712 0.046210 
0.450407 0.992415 0.462022 
0.055871 0.003873 0.491768 
0.004661 0.007247 0.983431 0.004661 
0.250000 0.250000 0.250000 0.250000 
  81
0.493722 0.003712 0.046210 
0.450407 0.992415 0.462022 
0.055871 0.003873 0.491768 
0.984160 0.005228 0.005542 0.005070 
0.250000 0.250000 0.250000 0.250000 
  82
0.493722 0.003712 0.046210 
0.450407 0.992415 0.462022 
0.055871 0.003873 0.491768 
0.981879 0.008799 0.004661 0.004661 
0.250000 0.250000 0.250000 0.250000 
  83
0.493722 0.003712 0.046210 
0.450407 0.992415 0.462022 
0.055871 0.003873 0.491768 
0.004661 0.004661 0.984446 0.006232 
0.250000 0.250000 0.250000 0.250000 
  84
0.493722 0.003712 0.046210 
0.450407 0.992415 0.462022 
0.055871 0.003873 0.491768 
0.010167 0.980511 0.004661 0.004661 
0.250000 0.250000 0.250000 0.250000 
  85
0.493722 0.003712 0.046210 
0.450407 0.992415 0.462022 
0.055871 0.003873 0.491768 
0.004661 0.004661 0.982461 0.008218 
0.250000 0.250000 0.250000 0.250000 
  86
0.489211 0.003712 0.046210 
0.454918 0.992415 0.462022 
0.056124 0.003872 0.491768 
0.004659 0.004659 0.004659 0.986022 
0.250000 0.250000 0.250000 0.250000 
  87
0.491428 0.003711 0.046210 
0.452448 0.992417 0.462022 
0.056124 0.003872 0.491768 
0.008187 0.979184 0.004659 0.007969 
0.250000 0.250000 0.250000 0.250000 
  88
0.491428 0.003711 0.046210 
0.452448 0.992417 0.462022 
0.056124 0.003872 0.491768 
0.004659 0.006321 0.004659 0.984360 
0.250000 0.250000 0.250000 0.250000 
  89
0.488122 0.003711 0.046210 
0.455754 0.992417 0.462022 
0.056310 0.003871 0.491768 
0.004658 0.986025 0.004658 0.004658 
0.250000 0.250000 0.250000 0.250000 
  90
0.489741 0.003710 0.046210 
0.453949 0.992419 0.462022 
0.056310 0.003871 0.491768 
0.004658 0.004658 0.983155 0.007528 
0.250000 0.250000 0.250000 0.250000 
  91
0.489741 0.003710 0.046210 
0.453949 0.992419 0.462022 
0.056310 0.003871 0.491768 
0.004658 0.004658 0.986025 0.004658 
0.250000 0.250000 0.250000 0.250000 
  92
0.489741 0.003710 0.046210 
0.453949 0.992419 0.462022 
0.056310 0.003871 0.491768 
0.004658 0.004658 0.004658 0.986025 
0.250000 0.250000 0.250000 0.250000 
  93
0.489741 0.003710 0.046210 
0.453949 0.992419 0.462022 
0.056310 0.003871 0.491768 
0.004658 0.007019 0.004658 0.983664 
0.250000 0.250000 0.250000 0.250000 
  94
0.489741 0.003710 0.046210 
0.453949 0.992419 0.462022 
0.056310 0.003871 0.491768 
0.004658 0.986025 0.004658 0.004658 
0.250000 0.250000 0.250000 0.250000 
  95
0.489741 0.003710 0.046210 
0.453949 0.992419 0.462022 
0.056310 0.003871 0.491768 
0.004658 0.983884 0.004658 0.006800 
0.250000 0.250000 0.250000 0.250000 
  96
0.489741 0.003710 0.046210 
0.453949 0.992419 0.462022 
0.056310 0.003871 0.491768 
0.013667 0.975834 0.005432 0.005067 
0.250000 0.250000 0.250000 0.250000 
  97
0.486203 0.003710 0.046210 
0.457487 0.992419 0.462022 
0.056510 0.003870 0.491768 
0.004657 0.004657 0.986029 0.004657 
0.250000 0.250000 0.250000 0.250000 
  98
0.487929 0.003710 0.046210 
0.455561 0.992420 0.462022 
0.056510 0.003870 0.491768 
0.983631 0.007055 0.004657 0.004657 
0.250000 0.250000 0.250000 0.250000 
  99
0.487929 0.003710 0.046210 
0.455561 0.992420 0.462022 
0.056510 0.003870 0.491768 
0.004657 0.004657 0.979933 0.010753 
0.250000 0.250000 0.250000 0.250000 
 100
0.487929 0.003710 0.046210 
0.455561 0.992420 0.462022 
0.056510 0.003870 0.491768 
0.004657 0.004657 0.984684 0.006002 
0.250000 0.250000 0.250000 0.250000 
 101
0.487929 0.003710 0.046210 
0.455561 0.992420 0.462022 
0.056510 0.003870 0.491768 
0.986029 0.004657 0.004657 0.004657 
0.250000 0.250000 0.250000 0.250000 
 102
0.487929 0.003710 0.046210 
0.455561 0.992420 0.462022 
0.056510 0.003870 0.491768 
0.004657 0.005214 0.004657 0.985472 
0.250000 0.250000 0.250000 0.250000 
 103
0.487929 0.003710 0.046210 
0.455561 0.992420 0.462022 
0.056510 0.003870 0.491768 
0.004657 0.986029 0.004657 0.004657 
0.250000 0.250000 0.250000 0.250000 
 104
0.487929 0.003710 0.046210 
0.455561 0.992420 0.462022 
0.056510 0.003870 0.491768 
0.004657 0.004657 0.986029 0.004657 
0.250000 0.250000 0.250000 0.250000 
 105
0.487929 0.003710 0.046210 
0.455561 0.992420 0.462022 
0.056510 0.003870 0.491768 
0.985079 0.005172 0.004657 0.005092 
0.250000 0.250000 0.250000 0.250000 
 106
0.487929 0.003710 0.046210 
0.455561 0.992420 0.462022 
0.056510 0.003870 0.491768 
0.004658 0.986026 0.004658 0.004658 
0.250000 0.250000 0.250000 0.250000 
 107
0.487929 0.003710 0.046210 
0.455561 0.992420 0.462022 
0.056510 0.003870 0.491768 
0.004657 0.005570 0.004657 0.985116 
0.250000 0.250000 0.250000 0.250000 
 108
0.487929 0.003710 0.046210 
0.455561 0.992420 0.462022 
0.056510 0.003870 0.491768 
0.540782 0.446631 0.005260 0.007328 
0.250000 0.250000 0.250000 0.250000 
 109
0.487929 0.003710 0.046210 
0.455561 0.992420 0.462022 
0.056510 0.003870 0.491768 
0.004657 0.004657 0.982260 0.008426 
0.250000 0.250000 0.250000 0.250000 
 110
0.487929 0.003710 0.046210 
0.455561 0.992420 0.462022 
0.056510 0.003870 0.491768 
0.006045 0.004657 0.984641 0.004657 
0.250000 0.250000 0.250000 0.250000 
 111
0.487929 0.003710 0.046210 
0.455561 0.992420 0.462022 
0.056510 0.003870 0.491768 
0.983497 0.007188 0.004657 0.004657 
0.250000 0.250000 0.250000 0.250000 
 112
0.483523 0.003710 0.046210 
0.459967 0.992420 0.462022 
0.056760 0.003869 0.491768 
0.986033 0.004655 0.004655 0.004655 
0.250000 0.250000 0.250000 0.250000 
 113
0.485663 0.003709 0.046210 
0.457577 0.992422 0.462022 
0.056760 0.003869 0.491768 
0.986033 0.004655 0.004655 0.004655 
0.250000 0.250000 0.250000 0.250000 
 114
0.485663 0.003709 0.046210 
0.457577 0.992422 0.462022 
0.056760 0.003869 0.491768 
0.004655 0.004655 0.978743 0.011946 
0.250000 0.250000 0.250000 0.250000 
 115
0.485663 0.003709 0.046210 
0.457577 0.992422 0.462022 
0.056760 0.003869 0.491768 
0.004655 0.986033 0.004655 0.004655 
0.250000 0.250000 0.250000 0.250000 
 116
0.485663 0.003709 0.046210 
0.457577 0.992422 0.462022 
0.056760 0.003869 0.491768 
0.004655 0.986033 0.004655 0.004655 
0.250000 0.250000 0.250000 0.250000 
 117
0.485663 0.003709 0.046210 
0.457577 0.992422 0.462022 
0.056760 0.003869 0.491768 
0.975661 0.015028 0.004656 0.004656 
0.250000 0.250000 0.250000 0.250000 
 118
0.485663 0.003709 0.046210 
0.457577 0.992422 0.462022 
0.056760 0.003869 0.491768 
0.986033 0.004655 0.004655 0.004655 
0.250000 0.250000 0.250000 0.250000 
 119
0.485663 0.003709 0.046210 
0.457577 0.992422 0.462022 
0.056760 0.003869 0.491768 
0.004655 0.004655 0.986033 0.004655 
0.250000 0.250000 0.250000 0.250000 
 120
0.485663 0.003709 0.046210 
0.457577 0.992422 0.462022 
0.056760 0.003869 0.491768 
0.022506 0.966903 0.004656 0.005935 
0.250000 0.250000 0.250000 0.250000 
 121
0.485663 0.003709 0.046210 
0.457577 0.992422 0.462022 
0.056760 0.003869 0.491768 
0.984871 0.005361 0.005113 0.004656 
0.250000 0.250000 0.250000 0.250000 
 122
0.485663 0.003709 0.046210 
0.457577 0.992422 0.462022 
0.056760 0.003869 0.491768 
0.004655 0.004655 0.004655 0.986033 
0.250000 0.250000 0.250000 0.250000 
 123
0.485663 0.003709 0.046210 
0.457577 0.992422 0.462022 
0.056760 0.003869 0.491768 
0.982110 0.007897 0.004655 0.005337 
0.250000 0.250000 0.250000 0.250000 
 124
0.478206 0.003709 0.046210 
0.465034 0.992422 0.462022 
0.057186 0.003867 0.491768 
0.004653 0.986041 0.004653 0.004653 
0.250000 0.250000 0.250000 0.250000 
 125
0.481799 0.003707 0.046210 
0.461015 0.992426 0.462022 
0.057186 0.003867 0.491768 
0.004653 0.004653 0.004653 0.986041 
0.250000 0.250000 0.250000 0.250000 
 126
0.481799 0.003707 0.046210 
0.461015 0.992426 0.462022 
0.057186 0.003867 0.491768 
0.010754 0.979480 0.004653 0.005113 
0.250000 0.250000 0.250000 0.250000 
 127
0.481799 0.003707 0.046210 
0.461015 0.992426 0.462022 
0.057186 0.003867 0.491768 
0.986041 0.004653 0.004653 0.004653 
0.250000 0.250000 0.250000 0.250000 
 128
0.481799 0.003707 0.046210 
0.461015 0.992426 0.462022 
0.057186 0.003867 0.491768 
0.986041 0.004653 0.004653 0.004653 
0.250000 0.250000 0.250000 0.250000 
 129
0.481799 0.003707 0.046210 
0.461015 0.992426 0.462022 
0.057186 0.003867 0.491768 
0.984089 0.006605 0.004653 0.004653 
0.250000 0.250000 0.250000 0.250000 
 130
0.481799 0.003707 0.046210 
0.461015 0.992426 0.462022 
0.057186 0.003867 0.491768 
0.986041 0.004653 0.004653 0.004653 
0.250000 0.250000 0.250000 0.250000 
 131
0.481799 0.003707 0.046210 
0.461015 0.992426 0.462022 
0.057186 0.003867 0.491768 
0.004653 0.004653 0.986041 0.004653 
0.250000 0.250000 0.250000 0.250000 
 132
0.481799 0.003707 0.046210 
0.461015 0.992426 0.462022 
0.057186 0.003867 0.491768 
0.983795 0.006899 0.004653 0.004653 
0.250000 0.250000 0.250000 0.250000 
 133
0.481799 0.003707 0.046210 
0.461015 0.992426 0.462022 
0.057186 0.003867 0.491768 
0.986041 0.004653 0.004653 0.004653 
0.250000 0.250000 0.250000 0.250000 
 134
0.481799 0.003707 0.046210 
0.461015 0.992426 0.462022 
0.057186 0.003867 0.491768 
0.004653 0.004653 0.004653 0.986041 
0.250000 0.250000 0.250000 0.250000 
 135
0.481799 0.003707 0.046210 
0.461015 0.992426 0.462022 
0.057186 0.003867 0.491768 
0.005907 0.004653 0.977889 0.011551 
0.250000 0.250000 0.250000 0.250000 
 136
0.481799 0.003707 0.046210 
0.461015 0.992426 0.462022 
0.057186 0.003867 0.491768 
0.980881 0.009813 0.004653 0.004653 
0.250000 0.250000 0.250000 0.250000 
 137
0.481799 0.003707 0.046210 
0.461015 0.992426 0.462022 
0.057186 0.003867 0.491768 
0.004653 0.004653 0.984863 0.005831 
0.250000 0.250000 0.250000 0.250000 
 138
0.481799 0.003707 0.046210 
0.461015 0.992426 0.462022 
0.057186 0.003867 0.491768 
0.020326 0.958185 0.004653 0.016837 
0.250000 0.250000 0.250000 0.250000 
 139
0.481799 0.003707 0.046210 
0.461015 0.992426 0.462022 
0.057186 0.003867 0.491768 
0.975080 0.014843 0.005425 0.004653 
0.250000 0.250000 0.250000 0.250000 
 140
0.481799 0.003707 0.046210 
0.461015 0.992426 0.462022 
0.057186 0.003867 0.491768 
0.976761 0.013934 0.004653 0.004653 
0.250000 0.250000 0.250000 0.250000 
 141
0.481799 0.003707 0.046210 
0.461015 0.992426 0.462022 
0.057186 0.003867 0.491768 
0.004653 0.004653 0.005272 0.985422 
0.250000 0.250000 0.250000 0.250000 
 142
0.481799 0.003707 0.046210 
0.461015 0.992426 0.462022 
0.057186 0.003867 0.491768 
0.004653 0.986041 0.004653 0.004653 
0.250000 0.250000 0.250000 0.250000 
 143
0.481799 0.003707 0.046210 
0.461015 0.992426 0.462022 
0.057186 0.003867 0.491768 
0.985358 0.005336 0.004653 0.004653 
0.250000 0.250000 0.250000 0.250000 
 144
0.481799 0.003707 0.046210 
0.461015 0.992426 0.462022 
0.057186 0.003867 0.491768 
0.008530 0.004653 0.980731 0.006086 
0.250000 0.250000 0.250000 0.250000 
 145
0.481799 0.003707 0.046210 
0.461015 0.992426 0.462022 
0.057186 0.003867 0.491768 
0.005989 0.004653 0.984705 0.004653 
0.250000 0.250000 0.250000 0.250000 
 146
0.481799 0.003707 0.046210 
0.461015 0.992426 0.462022 
0.057186 0.003867 0.491768 
0.982045 0.008649 0.004653 0.004653 
0.250000 0.250000 0.250000 0.250000 
 147
0.481799 0.003707 0.046210 
0.461015 0.992426 0.462022 
0.057186 0.003867 0.491768 
0.971674 0.019020 0.004653 0.004653 
0.250000 0.250000 0.250000 0.250000 
 148
0.481799 0.003707 0.046210 
0.461015 0.992426 0.462022 
0.057186 0.003867 0.491768 
0.984180 0.006514 0.004653 0.004653 
0.250000 0.250000 0.250000 0.250000 
 149
0.481799 0.003707 0.046210 
0.461015 0.992426 0.462022 
0.057186 0.003867 0.491768 
0.004653 0.004653 0.004653 0.986041 
0.250000 0.250000 0.250000 0.250000 
 150
0.481799 0.003707 0.046210 
0.461015 0.992426 0.462022 
0.057186 0.003867 0.491768 
0.005633 0.004653 0.005174 0.984540 
0.250000 0.250000 0.250000 0.250000 
 151
0.481799 0.003707 0.046210 
0.461015 0.992426 0.462022 
0.057186 0.003867 0.491768 
0.004653 0.986041 0.004653 0.004653 
0.250000 0.250000 0.250000 0.250000 
 152
0.481799 0.003707 0.046210 
0.461015 0.992426 0.462022 
0.057186 0.003867 0.491768 
0.986041 0.004653 0.004653 0.004653 
0.250000 0.250000 0.250000 0.250000 
 153
0.481799 0.003707 0.046210 
0.461015 0.992426 0.462022 
0.057186 0.003867 0.491768 
0.983494 0.007196 0.004655 0.004655 
0.250000 0.250000 0.250000 0.250000 
 154
0.481799 0.003707 0.046210 
0.461015 0.992426 0.462022 
0.057186 0.003867 0.491768 
0.004653 0.986041 0.004653 0.004653 
0.250000 0.250000 0.250000 0.250000 
 155
0.481799 0.003707 0.046210 
0.461015 0.992426 0.462022 
0.057186 0.003867 0.491768 
0.004653 0.004653 0.004653 0.986041 
0.250000 0.250000 0.250000 0.250000 
 156
0.481799 0.003707 0.046210 
0.461015 0.992426 0.462022 
0.057186 0.003867 0.491768 
0.004655 0.004655 0.014843 0.975848 
0.250000 0.250000 0.250000 0.250000 
 157
0.481799 0.003707 0.046210 
0.461015 0.992426 0.462022 
0.057186 0.003867 0.491768 
0.986041 0.004653 0.004653 0.004653 
0.250000 0.250000 0.250000 0.250000 
 158
0.481799 0.003707 0.046210 
0.461015 0.992426 0.462022 
0.057186 0.003867 0.491768 
0.004653 0.004653 0.986041 0.004653 
0.250000 0.250000 0.250000 0.250000 
 159
0.481799 0.003707 0.046210 
0.461015 0.992426 0.462022 
0.057186 0.003867 0.491768 
0.004655 0.005625 0.009917 0.979804 
0.250000 0.250000 0.250000 0.250000 
 160
0.481799 0.003707 0.046210 
0.461015 0.992426 0.462022 
0.057186 0.003867 0.491768 
0.986041 0.004653 0.004653 0.004653 
0.250000 0.250000 0.250000 0.250000 
 161
0.481799 0.003707 0.046210 
0.461015 0.992426 0.462022 
0.057186 0.003867 0.491768 
0.985528 0.004653 0.005166 0.004653 
0.250000 0.250000 0.250000 0.250000 
 162
0.481799 0.003707 0.046210 
0.461015 0.992426 0.462022 
0.057186 0.003867 0.491768 
0.004653 0.004653 0.006632 0.984063 
0.250000 0.250000 0.250000 0.250000 
 163
0.481799 0.003707 0.046210 
0.461015 0.992426 0.462022 
0.057186 0.003867 0.491768 
0.004653 0.986041 0.004653 0.004653 
0.250000 0.250000 0.250000 0.250000 
 164
0.481799 0.003707 0.046210 
0.461015 0.992426 0.462022 
0.057186 0.003867 0.491768 
0.004653 0.004653 0.986041 0.004653 
0.250000 0.250000 0.250000 0.250000 
 165
0.481799 0.003707 0.046210 
0.461015 0.992426 0.462022 
0.057186 0.003867 0.491768 
0.004653 0.005617 0.008624 0.981106 
0.250000 0.250000 0.250000 0.250000 
 166
0.481799 0.003707 0.046210 
0.461015 0.992426 0.462022 
0.057186 0.003867 0.491768 
0.986041 0.004653 0.004653 0.004653 
0.250000 0.250000 0.250000 0.250000 
 167
0.481799 0.003707 0.046210 
0.461015 0.992426 0.462022 
0.057186 0.003867 0.491768 
0.004653 0.004653 0.986041 0.004653 
0.250000 0.250000 0.250000 0.250000 
 168
0.481799 0.003707 0.046210 
0.461015 0.992426 0.462022 
0.057186 0.003867 0.491768 
0.005079 0.005142 0.006928 0.982851 
0.250000 0.250000 0.250000 0.250000 
 169
0.477989 0.003707 0.046210 
0.464824 0.992426 0.462022 
0.057405 0.003867 0.491768 
0.004652 0.986045 0.004652 0.004652 
0.250000 0.250000 0.250000 0.250000 
 170
0.479817 0.003706 0.046210 
0.462778 0.992427 0.462022 
0.057405 0.003867 0.491768 
0.986045 0.004652 0.004652 0.004652 
0.250000 0.250000 0.250000 0.250000 
 171
0.479817 0.003706 0.046210 
0.462778 0.992427 0.462022 
0.057405 0.003867 0.491768 
0.045844 0.944852 0.004652 0.004652 
0.250000 0.250000 0.250000 0.250000 
 172
0.479817 0.003706 0.046210 
0.462778 0.992427 0.462022 
0.057405 0.003867 0.491768 
0.005392 0.004652 0.983586 0.006370 
0.250000 0.250000 0.250000 0.250000 
 173
0.479817 0.003706 0.046210 
0.462778 0.992427 0.462022 
0.057405 0.003867 0.491768 
0.004652 0.004652 0.004652 0.986045 
0.250000 0.250000 0.250000 0.250000 
 174
0.479817 0.003706 0.046210 
0.462778 0.992427 0.462022 
0.057405 0.003867 0.491768 
0.007588 0.982418 0.004652 0.005342 
0.250000 0.250000 0.250000 0.250000 
 175
0.479817 0.003706 0.046210 
0.462778 0.992427 0.462022 
0.057405 0.003867 0.491768 
0.007017 0.983679 0.004652 0.004652 
0.250000 0.250000 0.250000 0.250000 
 176
0.479817 0.003706 0.046210 
0.462778 0.992427 0.462022 
0.057405 0.003867 0.491768 
0.004652 0.004652 0.004652 0.986045 
0.250000 0.250000 0.250000 0.250000 
 177
0.479817 0.003706 0.046210 
0.462778 0.992427 0.462022 
0.057405 0.003867 0.491768 
0.005028 0.005096 0.010377 0.979499 
0.250000 0.250000 0.250000 0.250000 
 178
0.479817 0.003706 0.046210 
0.462778 0.992427 0.462022 
0.057405 0.003867 0.491768 
0.005205 0.004652 0.985492 0.004652 
0.250000 0.250000 0.250000 0.250000 
 179
0.479817 0.003706 0.046210 
0.462778 0.992427 0.462022 
0.057405 0.003867 0.491768 
0.985183 0.005514 0.004652 0.004652 
0.250000 0.250000 0.250000 0.250000 
 180
0.479817 0.003706 0.046210 
0.462778 0.992427 0.462022 
0.057405 0.003867 0.491768 
0.011239 0.979037 0.004652 0.005072 
0.250000 0.250000 0.250000 0.250000 
 181
0.479817 0.003706 0.046210 
0.462778 0.992427 0.462022 
0.057405 0.003867 0.491768 
0.979978 0.010710 0.004656 0.004656 
0.250000 0.250000 0.250000 0.250000 
 182
0.479817 0.003706 0.046210 
0.462778 0.992427 0.462022 
0.057405 0.003867 0.491768 
0.101822 0.887198 0.004656 0.006325 
0.250000 0.250000 0.250000 0.250000 
 183
0.479817 0.003706 0.046210 
0.462778 0.992427 0.462022 
0.057405 0.003867 0.491768 
0.004653 0.004653 0.008517 0.982177 
0.250000 0.250000 0.250000 0.250000 
 184
0.479817 0.003706 0.046210 
0.462778 0.992427 0.462022 
0.057405 0.003867 0.491768 
0.004652 0.004652 0.004652 0.986045 
0.250000 0.250000 0.250000 0.250000 
 185
0.479817 0.003706 0.046210 
0.462778 0.992427 0.462022 
0.057405 0.003867 0.491768 
0.005299 0.004652 0.984061 0.005989 
0.250000 0.250000 0.250000 0.250000 
 186
0.479817 0.003706 0.046210 
0.462778 0.992427 0.462022 
0.057405 0.003867 0.491768 
0.005350 0.004652 0.981856 0.008143 
0.250000 0.250000 0.250000 0.250000 
 187
0.479817 0.003706 0.046210 
0.462778 0.992427 0.462022 
0.057405 0.003867 0.491768 
0.004652 0.004652 0.005237 0.985460 
0.250000 0.250000 0.250000 0.250000 
 188
0.479817 0.003706 0.046210 
0.462778 0.992427 0.462022 
0.057405 0.003867 0.491768 
0.004652 0.004652 0.986045 0.004652 
0.250000 0.250000 0.250000 0.250000 
 189
0.479817 0.003706 0.046210 
0.462778 0.992427 0.462022 
0.057405 0.003867 0.491768 
0.979640 0.005041 0.005368 0.009951 
0.250000 0.250000 0.250000 0.250000 
 190
0.479817 0.003706 0.046210 
0.462778 0.992427 0.462022 
0.057405 0.003867 0.491768 
0.934881 0.055815 0.004652 0.004652 
0.250000 0.250000 0.250000 0.250000 
 191
0.479817 0.003706 0.046210 
0.462778 0.992427 0.462022 
0.057405 0.003867 0.491768 
0.006453 0.004652 0.981453 0.007443 
0.250000 0.250000 0.250000 0.250000 
 192
0.479817 0.003706 0.046210 
0.462778 0.992427 0.462022 
0.057405 0.003867 0.491768 
0.981196 0.008438 0.004652 0.005715 
0.250000 0.250000 0.250000 0.250000 
 193
0.479817 0.003706 0.046210 
0.462778 0.992427 0.462022 
0.057405 0.003867 0.491768 
0.005458 0.985239 0.004652 0.004652 
0.250000 0.250000 0.250000 0.250000 
 194
0.479817 0.003706 0.046210 
0.462778 0.992427 0.462022 
0.057405 0.003867 0.491768 
0.005788 0.984906 0.004653 0.004653 
0.250000 0.250000 0.250000 0.250000 
 195
0.479817 0.003706 0.046210 
0.462778 0.992427 0.462022 
0.057405 0.003867 0.491768 
0.004652 0.004652 0.012094 0.978603 
0.250000 0.250000 0.250000 0.250000 
 196
0.479817 0.003706 0.046210 
0.462778 0.992427 0.462022 
0.057405 0.003867 0.491768 
0.005220 0.985476 0.004652 0.004652 
0.250000 0.250000 0.250000 0.250000 
 197
0.479817 0.003706 0.046210 
0.462778 0.992427 0.462022 
0.057405 0.003867 0.491768 
0.984546 0.006150 0.004652 0.004652 
0.250000 0.250000 0.250000 0.250000 
 198
0.479817 0.003706 0.046210 
0.462778 0.992427 0.462022 
0.057405 0.003867 0.491768 
0.984284 0.006413 0.004652 0.004652 
0.250000 0.250000 0.250000 0.250000 
 199
0.479817 0.003706 0.046210 
0.462778 0.992427 0.462022 
0.057405 0.003867 0.491768 
0.985324 0.004652 0.005373 0.004652 
0.250000 0.250000 0.250000 0.250000 
 200
0.479817 0.003706 0.046210 
0.462778 0.992427 0.462022 
0.057405 0.003867 0.491768 
0.004652 0.004652 0.004652 0.986045 
0.250000 0.250000 0.250000 0.250000 
 201
0.479817 0.003706 0.046210 
0.462778 0.992427 0.462022 
0.057405 0.003867 0.491768 
0.983975 0.005258 0.005618 0.005148 
0.250000 0.250000 0.250000 0.250000 
 202
0.479817 0.003706 0.046210 
0.462778 0.992427 0.462022 
0.057405 0.003867 0.491768 
0.004652 0.004652 0.004652 0.986045 
0.250000 0.250000 0.250000 0.250000 
 203
0.479817 0.003706 0.046210 
0.462778 0.992427 0.462022 
0.057405 0.003867 0.491768 
0.004652 0.986045 0.004652 0.004652 
0.250000 0.250000 0.250000 0.250000 
 204
0.479817 0.003706 0.046210 
0.462778 0.992427 0.462022 
0.057405 0.003867 0.491768 
0.004652 0.004652 0.982199 0.008498 
0.250000 0.250000 0.250000 0.250000 
 205
0.479817 0.003706 0.046210 
0.462778 0.992427 0.462022 
0.057405 0.003867 0.491768 
0.474003 0.515920 0.005424 0.004653 
0.250000 0.250000 0.250000 0.250000 
 206
0.479817 0.003706 0.046210 
0.462778 0.992427 0.462022 
0.057405 0.003867 0.491768 
0.982549 0.008144 0.004654 0.004654 
0.250000 0.250000 0.250000 0.250000 
 207
0.479817 0.003706 0.046210 
0.462778 0.992427 0.462022 
0.057405 0.003867 0.491768 
0.007525 0.004652 0.982258 0.005565 
0.250000 0.250000 0.250000 0.250000 
 208
0.479817 0.003706 0.046210 
0.462778 0.992427 0.462022 
0.057405 0.003867 0.491768 
0.980181 0.005649 0.009518 0.004652 
0.250000 0.250000 0.250000 0.250000 
 209
0.479817 0.003706 0.046210 
0.462778 0.992427 0.462022 
0.057405 0.003867 0.491768 
0.006523 0.984174 0.004652 0.004652 
0.250000 0.250000 0.250000 0.250000 
 210
0.479817 0.003706 0.046210 
0.462778 0.992427 0.462022 
0.057405 0.003867 0.491768 
0.004652 0.007232 0.009728 0.978388 
0.250000 0.250000 0.250000 0.250000 
 211
0.479817 0.003706 0.046210 
0.462778 0.992427 0.462022 
0.057405 0.003867 0.491768 
0.004652 0.004652 0.986045 0.004652 
0.250000 0.250000 0.250000 0.250000 
 212
0.479817 0.003706 0.046210 
0.462778 0.992427 0.462022 
0.057405 0.003867 0.491768 
0.006980 0.004652 0.983717 0.004652 
0.250000 0.250000 0.250000 0.250000 
 213
0.479817 0.003706 0.046210 
0.462778 0.992427 0.462022 
0.057405 0.003867 0.491768 
0.005070 0.004652 0.007061 0.983218 
0.250000 0.250000 0.250000 0.250000 
 214
0.479817 0.003706 0.046210 
0.462778 0.992427 0.462022 
0.057405 0.003867 0.491768 
0.005393 0.004652 0.985303 0.004652 
0.250000 0.250000 0.250000 0.250000 
 215
0.479817 0.003706 0.046210 
0.462778 0.992427 0.462022 
0.057405 0.003867 0.491768 
0.985217 0.004652 0.004652 0.005480 
0.250000 0.250000 0.250000 0.250000 
 216
0.479817 0.003706 0.046210 
0.462778 0.992427 0.462022 
0.057405 0.003867 0.491768 
0.004652 0.004652 0.017418 0.973279 
0.250000 0.250000 0.250000 0.250000 
 217
0.479817 0.003706 0.046210 
0.462778 0.992427 0.462022 
0.057405 0.003867 0.491768 
0.006738 0.004652 0.983958 0.004652 
0.250000 0.250000 0.250000 0.250000 
 218
0.479817 0.003706 0.046210 
0.462778 0.992427 0.462022 
0.057405 0.003867 0.491768 
0.981686 0.005203 0.004652 0.008459 
0.250000 0.250000 0.250000 0.250000 
 219
0.479817 0.003706 0.046210 
0.462778 0.992427 0.462022 
0.057405 0.003867 0.491768 
0.015244 0.950567 0.004652 0.029537 
0.250000 0.250000 0.250000 0.250000 
 220
0.479817 0.003706 0.046210 
0.462778 0.992427 0.462022 
0.057405 0.003867 0.491768 
0.983454 0.007243 0.004652 0.004652 
0.250000 0.250000 0.250000 0.250000 
 221
0.479817 0.003706 0.046210 
0.462778 0.992427 0.462022 
0.057405 0.003867 0.491768 
0.004652 0.004652 0.004652 0.986045 
0.250000 0.250000 0.250000 0.250000 
 222
0.479817 0.003706 0.046210 
0.462778 0.992427 0.462022 
0.057405 0.003867 0.491768 
0.006215 0.004652 0.982366 0.006767 
0.250000 0.250000 0.250000 0.250000 
 223
0.479817 0.003706 0.046210 
0.462778 0.992427 0.462022 
0.057405 0.003867 0.491768 
0.015391 0.004652 0.975306 0.004652 
0.250000 0.250000 0.250000 0.250000 
 224
0.479817 0.003706 0.046210 
0.462778 0.992427 0.462022 
0.057405 0.003867 0.491768 
0.004652 0.004652 0.004652 0.986045 
0.250000 0.250000 0.250000 0.250000 
 225
0.479817 0.003706 0.046210 
0.462778 0.992427 0.462022 
0.057405 0.003867 0.491768 
0.004652 0.005124 0.005886 0.984338 
0.250000 0.250000 0.250000 0.250000 
 226
0.479817 0.003706 0.046210 
0.462778 0.992427 0.462022 
0.057405 0.003867 0.491768 
0.004652 0.986045 0.004652 0.004652 
0.250000 0.250000 0.250000 0.250000 
 227
0.479817 0.003706 0.046210 
0.462778 0.992427 0.462022 
0.057405 0.003867 0.491768 
0.986045 0.004652 0.004652 0.004652 
0.250000 0.250000 0.250000 0.250000 
 228
0.479817 0.003706 0.046210 
0.462778 0.992427 0.462022 
0.057405 0.003867 0.491768 
0.004652 0.004652 0.007008 0.983689 
0.250000 0.250000 0.250000 0.250000 
 229
0.479817 0.003706 0.046210 
0.462778 0.992427 0.462022 
0.057405 0.003867 0.491768 
0.004652 0.986045 0.004652 0.004652 
0.250000 0.250000 0.250000 0.250000 
 230
0.479817 0.003706 0.046210 
0.462778 0.992427 0.462022 
0.057405 0.003867 0.491768 
0.004652 0.986045 0.004652 0.004652 
0.250000 0.250000 0.250000 0.250000 
 231
0.479817 0.003706 0.046210 
0.462778 0.992427 0.462022 
0.057405 0.003867 0.491768 
0.979688 0.011009 0.004652 0.004652 
0.250000 0.250000 0.250000 0.250000 
 232
0.479817 0.003706 0.046210 
0.462778 0.992427 0.462022 
0.057405 0.003867 0.491768 
0.011606 0.979091 0.004652 0.004652 
0.250000 0.250000 0.250000 0.250000 
 233
0.479817 0.003706 0.046210 
0.462778 0.992427 0.462022 
0.057405 0.003867 0.491768 
0.963875 0.007707 0.004652 0.023766 
0.250000 0.250000 0.250000 0.250000 
 234
0.479817 0.003706 0.046210 
0.462778 0.992427 0.462022 
0.057405 0.003867 0.491768 
0.983814 0.006232 0.005302 0.004652 
0.250000 0.250000 0.250000 0.250000 
 235
0.479817 0.003706 0.046210 
0.462778 0.992427 0.462022 
0.057405 0.003867 0.491768 
0.986042 0.004653 0.004653 0.004653 
