%  SAM: /scicomp/home/vfn4/Tools/LABEL_RES/scripts/modelfromalign v3.5 (July 15, 2005) compiled 12/08/06_16:15:55
%  (c) 1992-2001 Regents of the University of California, Santa Cruz
%
%          Sequence Alignment and Modeling Software System
%         http://www.cse.ucsc.edu/research/compbio/sam.html
%
% ----------------- Citations (SAM, SAM-T2K, HMMs) --------------------
% R. Hughey, A. Krogh, Hidden Markov models for sequence analysis:
%  Extension and analysis of the basic method, CABIOS 12:95-107, 1996.
% K. Karplus, et al., What is the value added by human intervention in protein
%  structure prediction, Proteins: Stucture, Function, Genetics 45(S5):86--91, 2001.
% A. Krogh et al., Hidden Markov models in computational biology:
%  Applications to protein modeling, JMB 235:1501-1531, Feb 1994.
% ---------------------------------------------------------------------
%  c-3C_hmm   Host: node5.aspen.biotech.cdc.gov    Tue Jan  6 16:14:41 2015
%  vfn4       Dir:  /scicomp/home/vfn4/fluA/HA_H3/H3prerelease1
% ---------------------------------------------------------------------
%  Alignment weights from internal calc.  Total (62.62) Max (0.15) Min (0.01)
%  Weights from alignment method 1 (karplus), b=-1.000000, e=0.500000
MODEL --  Model from alignment file /scicomp/home/vfn4/Tools/LABEL_RES/training_data/H3prerelease1/c-3C.fasta
alphabet DNA
FREQAVE
0.000000 0.000000 0.000000 
0.000000 0.000000 0.000000 
0.000000 0.000000 0.000000 
0.339363 0.222686 0.195233 0.242718 
0.339363 0.222686 0.195233 0.242718 
Begin
0.000000 0.000000 0.000000 
0.000000 0.000000 0.000000 
0.000000 0.003381 0.491768 
0.250000 0.250000 0.250000 0.250000 
0.250000 0.250000 0.250000 0.250000 
   1
0.000000 0.036837 0.046210 
0.000000 0.959782 0.462022 
0.034334 0.003499 0.491768 
0.987700 0.004100 0.004100 0.004100 
0.250000 0.250000 0.250000 0.250000 
   2
0.688879 0.003354 0.046210 
0.276787 0.993147 0.462022 
0.034334 0.003499 0.491768 
0.004100 0.004100 0.004100 0.987700 
0.250000 0.250000 0.250000 0.250000 
   3
0.688879 0.003354 0.046210 
0.276787 0.993147 0.462022 
0.034334 0.003499 0.491768 
0.004100 0.987700 0.004100 0.004100 
0.250000 0.250000 0.250000 0.250000 
   4
0.677884 0.003354 0.046210 
0.287782 0.993147 0.462022 
0.034716 0.003495 0.491768 
0.986474 0.005336 0.004095 0.004095 
0.250000 0.250000 0.250000 0.250000 
   5
0.673743 0.003351 0.046210 
0.291541 0.993154 0.462022 
0.035126 0.003492 0.491768 
0.986679 0.005139 0.004091 0.004091 
0.250000 0.250000 0.250000 0.250000 
   6
0.681703 0.003347 0.046210 
0.283171 0.993161 0.462022 
0.035126 0.003492 0.491768 
0.005653 0.985771 0.004090 0.004485 
0.250000 0.250000 0.250000 0.250000 
   7
0.681703 0.003347 0.046210 
0.283171 0.993161 0.462022 
0.035126 0.003492 0.491768 
0.985705 0.005733 0.004090 0.004472 
0.250000 0.250000 0.250000 0.250000 
   8
0.681703 0.003347 0.046210 
0.283171 0.993161 0.462022 
0.035126 0.003492 0.491768 
0.005811 0.004090 0.985310 0.004789 
0.250000 0.250000 0.250000 0.250000 
   9
0.677278 0.003347 0.046210 
0.287596 0.993161 0.462022 
0.035282 0.003491 0.491768 
0.004743 0.004089 0.017472 0.973695 
0.250000 0.250000 0.250000 0.250000 
  10
0.668727 0.003346 0.046210 
0.295991 0.993163 0.462022 
0.035695 0.003487 0.491768 
0.986574 0.005259 0.004083 0.004083 
0.250000 0.250000 0.250000 0.250000 
  11
0.653328 0.003343 0.046210 
0.310978 0.993170 0.462022 
0.036543 0.003481 0.491768 
0.004077 0.004077 0.006159 0.985687 
0.250000 0.250000 0.250000 0.250000 
  12
0.668860 0.003336 0.046210 
0.294597 0.993183 0.462022 
0.036543 0.003481 0.491768 
0.004073 0.004073 0.984391 0.007462 
0.250000 0.250000 0.250000 0.250000 
  13
0.649249 0.003336 0.046210 
0.314208 0.993183 0.462022 
0.037274 0.003475 0.491768 
0.987204 0.004066 0.004066 0.004664 
0.250000 0.250000 0.250000 0.250000 
  14
0.593898 0.003331 0.046210 
0.368828 0.993194 0.462022 
0.040008 0.003456 0.491768 
0.004041 0.004041 0.004906 0.987012 
0.250000 0.250000 0.250000 0.250000 
  15
0.573971 0.003313 0.046210 
0.386021 0.993231 0.462022 
0.042721 0.003440 0.491768 
0.004605 0.004015 0.004488 0.986891 
0.250000 0.250000 0.250000 0.250000 
  16
0.608212 0.003298 0.046210 
0.349067 0.993262 0.462022 
0.042921 0.003439 0.491768 
0.004013 0.987960 0.004013 0.004013 
0.250000 0.250000 0.250000 0.250000 
  17
0.611066 0.003297 0.046210 
0.346013 0.993264 0.462022 
0.042921 0.003439 0.491768 
0.004013 0.004693 0.987280 0.004013 
0.250000 0.250000 0.250000 0.250000 
  18
0.605401 0.003297 0.046210 
0.351678 0.993264 0.462022 
0.043166 0.003438 0.491768 
0.004691 0.004385 0.021358 0.969566 
0.250000 0.250000 0.250000 0.250000 
  19
0.604402 0.003295 0.046210 
0.352432 0.993267 0.462022 
0.043358 0.003437 0.491768 
0.004010 0.005228 0.005189 0.985574 
0.250000 0.250000 0.250000 0.250000 
  20
0.607103 0.003294 0.046210 
0.349539 0.993269 0.462022 
0.043358 0.003437 0.491768 
0.004010 0.004010 0.004719 0.987261 
0.250000 0.250000 0.250000 0.250000 
  21
0.604517 0.003294 0.046210 
0.352124 0.993269 0.462022 
0.043471 0.003436 0.491768 
0.006879 0.984202 0.004009 0.004910 
0.250000 0.250000 0.250000 0.250000 
  22
0.604077 0.003294 0.046210 
0.352452 0.993270 0.462022 
0.043558 0.003436 0.491768 
0.981596 0.006918 0.004008 0.007477 
0.250000 0.250000 0.250000 0.250000 
  23
0.603234 0.003293 0.046210 
0.353207 0.993271 0.462022 
0.043648 0.003435 0.491768 
0.004908 0.987076 0.004008 0.004008 
0.250000 0.250000 0.250000 0.250000 
  24
0.604478 0.003293 0.046210 
0.351874 0.993272 0.462022 
0.043648 0.003435 0.491768 
0.004008 0.004008 0.987977 0.004008 
0.250000 0.250000 0.250000 0.250000 
  25
0.604478 0.003293 0.046210 
0.351874 0.993272 0.462022 
0.043648 0.003435 0.491768 
0.004827 0.004008 0.006049 0.985117 
0.250000 0.250000 0.250000 0.250000 
  26
0.599594 0.003293 0.046210 
0.356758 0.993272 0.462022 
0.043862 0.003434 0.491768 
0.981569 0.009360 0.004006 0.005064 
0.250000 0.250000 0.250000 0.250000 
  27
0.584577 0.003292 0.046210 
0.371560 0.993274 0.462022 
0.044664 0.003430 0.491768 
0.004000 0.004000 0.987421 0.004579 
0.250000 0.250000 0.250000 0.250000 
  28
0.595268 0.003288 0.046210 
0.360067 0.993282 0.462022 
0.044664 0.003430 0.491768 
0.985215 0.005028 0.004567 0.005190 
0.250000 0.250000 0.250000 0.250000 
  29
0.593216 0.003288 0.046210 
0.362120 0.993282 0.462022 
0.044756 0.003430 0.491768 
0.004000 0.004000 0.006795 0.985205 
0.250000 0.250000 0.250000 0.250000 
  30
0.590317 0.003288 0.046210 
0.364926 0.993283 0.462022 
0.044941 0.003429 0.491768 
0.003999 0.004376 0.004947 0.986677 
0.250000 0.250000 0.250000 0.250000 
  31
0.586698 0.003287 0.046210 
0.368360 0.993285 0.462022 
0.045215 0.003427 0.491768 
0.004384 0.004401 0.983762 0.007453 
0.250000 0.250000 0.250000 0.250000 
  32
0.590276 0.003285 0.046210 
0.364509 0.993287 0.462022 
0.045215 0.003427 0.491768 
0.003996 0.003996 0.004855 0.987153 
0.250000 0.250000 0.250000 0.250000 
  33
0.590276 0.003285 0.046210 
0.364509 0.993287 0.462022 
0.045215 0.003427 0.491768 
0.985250 0.004804 0.005949 0.003996 
0.250000 0.250000 0.250000 0.250000 
  34
0.590276 0.003285 0.046210 
0.364509 0.993287 0.462022 
0.045215 0.003427 0.491768 
0.005687 0.003996 0.021201 0.969116 
0.250000 0.250000 0.250000 0.250000 
  35
0.588195 0.003285 0.046210 
0.366589 0.993287 0.462022 
0.045310 0.003427 0.491768 
0.005786 0.986220 0.003997 0.003997 
0.250000 0.250000 0.250000 0.250000 
  36
0.589421 0.003285 0.046210 
0.365269 0.993288 0.462022 
0.045310 0.003427 0.491768 
0.003996 0.003996 0.007958 0.984050 
0.250000 0.250000 0.250000 0.250000 
  37
0.589421 0.003285 0.046210 
0.365269 0.993288 0.462022 
0.045310 0.003427 0.491768 
0.004873 0.003996 0.982165 0.008966 
0.250000 0.250000 0.250000 0.250000 
  38
0.589421 0.003285 0.046210 
0.365269 0.993288 0.462022 
0.045310 0.003427 0.491768 
0.004829 0.004421 0.003996 0.986754 
0.250000 0.250000 0.250000 0.250000 
  39
0.589421 0.003285 0.046210 
0.365269 0.993288 0.462022 
0.045310 0.003427 0.491768 
0.012658 0.978699 0.003996 0.004647 
0.250000 0.250000 0.250000 0.250000 
  40
0.589421 0.003285 0.046210 
0.365269 0.993288 0.462022 
0.045310 0.003427 0.491768 
0.007406 0.984603 0.003996 0.003996 
0.250000 0.250000 0.250000 0.250000 
  41
0.589421 0.003285 0.046210 
0.365269 0.993288 0.462022 
0.045310 0.003427 0.491768 
0.003996 0.006020 0.007669 0.982316 
0.250000 0.250000 0.250000 0.250000 
  42
0.589421 0.003285 0.046210 
0.365269 0.993288 0.462022 
0.045310 0.003427 0.491768 
0.003996 0.003996 0.005627 0.986382 
0.250000 0.250000 0.250000 0.250000 
  43
0.582677 0.003285 0.046210 
0.372014 0.993288 0.462022 
0.045617 0.003425 0.491768 
0.005991 0.005056 0.005711 0.983242 
0.250000 0.250000 0.250000 0.250000 
  44
0.586633 0.003284 0.046210 
0.367749 0.993291 0.462022 
0.045617 0.003425 0.491768 
0.004374 0.004475 0.005254 0.985896 
0.250000 0.250000 0.250000 0.250000 
  45
0.586633 0.003284 0.046210 
0.367749 0.993291 0.462022 
0.045617 0.003425 0.491768 
0.003994 0.003994 0.981213 0.010800 
0.250000 0.250000 0.250000 0.250000 
  46
0.586633 0.003284 0.046210 
0.367749 0.993291 0.462022 
0.045617 0.003425 0.491768 
0.008008 0.982737 0.003997 0.005258 
0.250000 0.250000 0.250000 0.250000 
  47
0.586633 0.003284 0.046210 
0.367749 0.993291 0.462022 
0.045617 0.003425 0.491768 
0.003994 0.003994 0.988019 0.003994 
0.250000 0.250000 0.250000 0.250000 
  48
0.586633 0.003284 0.046210 
0.367749 0.993291 0.462022 
0.045617 0.003425 0.491768 
0.003994 0.004381 0.006925 0.984701 
0.250000 0.250000 0.250000 0.250000 
  49
0.407199 0.003284 0.046210 
0.547184 0.993291 0.462022 
0.055593 0.003387 0.491768 
0.004573 0.003938 0.987552 0.003938 
0.250000 0.250000 0.250000 0.250000 
  50
0.496242 0.003246 0.046210 
0.448166 0.993367 0.462022 
0.055593 0.003387 0.491768 
0.987706 0.004419 0.003938 0.003938 
0.250000 0.250000 0.250000 0.250000 
  51
0.496242 0.003246 0.046210 
0.448166 0.993367 0.462022 
0.055593 0.003387 0.491768 
0.986129 0.005994 0.003938 0.003938 
0.250000 0.250000 0.250000 0.250000 
  52
0.492348 0.003246 0.046210 
0.452059 0.993367 0.462022 
0.055810 0.003386 0.491768 
0.986127 0.004642 0.005295 0.003937 
0.250000 0.250000 0.250000 0.250000 
  53
0.494273 0.003246 0.046210 
0.449917 0.993368 0.462022 
0.055810 0.003386 0.491768 
0.988190 0.003937 0.003937 0.003937 
0.250000 0.250000 0.250000 0.250000 
  54
0.494273 0.003246 0.046210 
0.449917 0.993368 0.462022 
0.055810 0.003386 0.491768 
0.984704 0.006533 0.004826 0.003937 
0.250000 0.250000 0.250000 0.250000 
  55
0.494273 0.003246 0.046210 
0.449917 0.993368 0.462022 
0.055810 0.003386 0.491768 
0.125487 0.004504 0.861794 0.008215 
0.250000 0.250000 0.250000 0.250000 
  56
0.491695 0.003246 0.046210 
0.452495 0.993368 0.462022 
0.055954 0.003386 0.491768 
0.004336 0.003936 0.005491 0.986237 
0.250000 0.250000 0.250000 0.250000 
  57
0.492966 0.003245 0.046210 
0.451080 0.993369 0.462022 
0.055954 0.003386 0.491768 
0.004308 0.003936 0.012098 0.979657 
0.250000 0.250000 0.250000 0.250000 
  58
0.492966 0.003245 0.046210 
0.451080 0.993369 0.462022 
0.055954 0.003386 0.491768 
0.004382 0.003936 0.986772 0.004910 
0.250000 0.250000 0.250000 0.250000 
  59
0.492966 0.003245 0.046210 
0.451080 0.993369 0.462022 
0.055954 0.003386 0.491768 
0.004601 0.003936 0.987527 0.003936 
0.250000 0.250000 0.250000 0.250000 
  60
0.492966 0.003245 0.046210 
0.451080 0.993369 0.462022 
0.055954 0.003386 0.491768 
0.004779 0.004451 0.009864 0.980906 
0.250000 0.250000 0.250000 0.250000 
  61
0.492966 0.003245 0.046210 
0.451080 0.993369 0.462022 
0.055954 0.003386 0.491768 
0.004919 0.986014 0.005131 0.003937 
0.250000 0.250000 0.250000 0.250000 
  62
0.492966 0.003245 0.046210 
0.451080 0.993369 0.462022 
0.055954 0.003386 0.491768 
0.010159 0.981967 0.003937 0.003937 
0.250000 0.250000 0.250000 0.250000 
  63
0.492966 0.003245 0.046210 
0.451080 0.993369 0.462022 
0.055954 0.003386 0.491768 
0.983487 0.007444 0.003937 0.005131 
0.250000 0.250000 0.250000 0.250000 
  64
0.492966 0.003245 0.046210 
0.451080 0.993369 0.462022 
0.055954 0.003386 0.491768 
0.984147 0.006078 0.004384 0.005392 
0.250000 0.250000 0.250000 0.250000 
  65
0.492966 0.003245 0.046210 
0.451080 0.993369 0.462022 
0.055954 0.003386 0.491768 
0.985851 0.005083 0.003936 0.005130 
0.250000 0.250000 0.250000 0.250000 
  66
0.492966 0.003245 0.046210 
0.451080 0.993369 0.462022 
0.055954 0.003386 0.491768 
0.005130 0.003936 0.005160 0.985774 
0.250000 0.250000 0.250000 0.250000 
  67
0.492966 0.003245 0.046210 
0.451080 0.993369 0.462022 
0.055954 0.003386 0.491768 
0.005049 0.986433 0.003936 0.004582 
0.250000 0.250000 0.250000 0.250000 
  68
0.492966 0.003245 0.046210 
0.451080 0.993369 0.462022 
0.055954 0.003386 0.491768 
0.987322 0.004806 0.003936 0.003936 
0.250000 0.250000 0.250000 0.250000 
  69
0.492966 0.003245 0.046210 
0.451080 0.993369 0.462022 
0.055954 0.003386 0.491768 
0.005696 0.004377 0.984813 0.005114 
0.250000 0.250000 0.250000 0.250000 
  70
0.492966 0.003245 0.046210 
0.451080 0.993369 0.462022 
0.055954 0.003386 0.491768 
0.986871 0.004853 0.004340 0.003936 
0.250000 0.250000 0.250000 0.250000 
  71
0.492966 0.003245 0.046210 
0.451080 0.993369 0.462022 
0.055954 0.003386 0.491768 
0.987410 0.004718 0.003936 0.003936 
0.250000 0.250000 0.250000 0.250000 
  72
0.492966 0.003245 0.046210 
0.451080 0.993369 0.462022 
0.055954 0.003386 0.491768 
0.003936 0.005859 0.060002 0.930203 
0.250000 0.250000 0.250000 0.250000 
  73
0.492966 0.003245 0.046210 
0.451080 0.993369 0.462022 
0.055954 0.003386 0.491768 
0.987302 0.004826 0.003936 0.003936 
0.250000 0.250000 0.250000 0.250000 
  74
0.492966 0.003245 0.046210 
0.451080 0.993369 0.462022 
0.055954 0.003386 0.491768 
0.006176 0.985518 0.003936 0.004371 
0.250000 0.250000 0.250000 0.250000 
  75
0.492966 0.003245 0.046210 
0.451080 0.993369 0.462022 
0.055954 0.003386 0.491768 
0.004837 0.004967 0.985043 0.005153 
0.250000 0.250000 0.250000 0.250000 
  76
0.492966 0.003245 0.046210 
0.451080 0.993369 0.462022 
0.055954 0.003386 0.491768 
0.987701 0.003936 0.004427 0.003936 
0.250000 0.250000 0.250000 0.250000 
  77
0.492966 0.003245 0.046210 
0.451080 0.993369 0.462022 
0.055954 0.003386 0.491768 
0.004821 0.003938 0.978319 0.012922 
0.250000 0.250000 0.250000 0.250000 
  78
0.492966 0.003245 0.046210 
0.451080 0.993369 0.462022 
0.055954 0.003386 0.491768 
0.007722 0.981834 0.003936 0.006508 
0.250000 0.250000 0.250000 0.250000 
  79
0.492966 0.003245 0.046210 
0.451080 0.993369 0.462022 
0.055954 0.003386 0.491768 
0.003936 0.988192 0.003936 0.003936 
0.250000 0.250000 0.250000 0.250000 
  80
0.492966 0.003245 0.046210 
0.451080 0.993369 0.462022 
0.055954 0.003386 0.491768 
0.003936 0.003936 0.988192 0.003936 
0.250000 0.250000 0.250000 0.250000 
  81
0.492966 0.003245 0.046210 
0.451080 0.993369 0.462022 
0.055954 0.003386 0.491768 
0.981868 0.007367 0.003936 0.006828 
0.250000 0.250000 0.250000 0.250000 
  82
0.492966 0.003245 0.046210 
0.451080 0.993369 0.462022 
0.055954 0.003386 0.491768 
0.987317 0.004811 0.003936 0.003936 
0.250000 0.250000 0.250000 0.250000 
  83
0.492966 0.003245 0.046210 
0.451080 0.993369 0.462022 
0.055954 0.003386 0.491768 
0.004480 0.003936 0.984183 0.007401 
0.250000 0.250000 0.250000 0.250000 
  84
0.492966 0.003245 0.046210 
0.451080 0.993369 0.462022 
0.055954 0.003386 0.491768 
0.008969 0.982773 0.003936 0.004322 
0.250000 0.250000 0.250000 0.250000 
  85
0.486243 0.003245 0.046210 
0.457803 0.993369 0.462022 
0.056333 0.003384 0.491768 
0.003934 0.003934 0.986588 0.005543 
0.250000 0.250000 0.250000 0.250000 
  86
0.489534 0.003244 0.046210 
0.454133 0.993371 0.462022 
0.056333 0.003384 0.491768 
0.003934 0.003934 0.003934 0.988197 
0.250000 0.250000 0.250000 0.250000 
  87
0.489534 0.003244 0.046210 
0.454133 0.993371 0.462022 
0.056333 0.003384 0.491768 
0.005704 0.985624 0.003935 0.004737 
0.250000 0.250000 0.250000 0.250000 
  88
0.489534 0.003244 0.046210 
0.454133 0.993371 0.462022 
0.056333 0.003384 0.491768 
0.003934 0.003934 0.003934 0.988197 
0.250000 0.250000 0.250000 0.250000 
  89
0.489534 0.003244 0.046210 
0.454133 0.993371 0.462022 
0.056333 0.003384 0.491768 
0.003934 0.988197 0.003934 0.003934 
0.250000 0.250000 0.250000 0.250000 
  90
0.489534 0.003244 0.046210 
0.454133 0.993371 0.462022 
0.056333 0.003384 0.491768 
0.003934 0.003934 0.986589 0.005542 
0.250000 0.250000 0.250000 0.250000 
  91
0.482899 0.003244 0.046210 
0.460768 0.993371 0.462022 
0.056709 0.003383 0.491768 
0.004572 0.003935 0.987559 0.003935 
0.250000 0.250000 0.250000 0.250000 
  92
0.486124 0.003243 0.046210 
0.457166 0.993374 0.462022 
0.056709 0.003383 0.491768 
0.003933 0.003933 0.003933 0.988202 
0.250000 0.250000 0.250000 0.250000 
  93
0.486124 0.003243 0.046210 
0.457166 0.993374 0.462022 
0.056709 0.003383 0.491768 
0.004305 0.008537 0.006754 0.980405 
0.250000 0.250000 0.250000 0.250000 
  94
0.486124 0.003243 0.046210 
0.457166 0.993374 0.462022 
0.056709 0.003383 0.491768 
0.003933 0.988202 0.003933 0.003933 
0.250000 0.250000 0.250000 0.250000 
  95
0.486124 0.003243 0.046210 
0.457166 0.993374 0.462022 
0.056709 0.003383 0.491768 
0.003933 0.988202 0.003933 0.003933 
0.250000 0.250000 0.250000 0.250000 
  96
0.486124 0.003243 0.046210 
0.457166 0.993374 0.462022 
0.056709 0.003383 0.491768 
0.012628 0.978839 0.004252 0.004281 
0.250000 0.250000 0.250000 0.250000 
  97
0.486124 0.003243 0.046210 
0.457166 0.993374 0.462022 
0.056709 0.003383 0.491768 
0.003933 0.003933 0.988202 0.003933 
0.250000 0.250000 0.250000 0.250000 
  98
0.486124 0.003243 0.046210 
0.457166 0.993374 0.462022 
0.056709 0.003383 0.491768 
0.988202 0.003933 0.003933 0.003933 
0.250000 0.250000 0.250000 0.250000 
  99
0.486124 0.003243 0.046210 
0.457166 0.993374 0.462022 
0.056709 0.003383 0.491768 
0.003933 0.003933 0.983319 0.008815 
0.250000 0.250000 0.250000 0.250000 
 100
0.486124 0.003243 0.046210 
0.457166 0.993374 0.462022 
0.056709 0.003383 0.491768 
0.003933 0.003933 0.987208 0.004926 
0.250000 0.250000 0.250000 0.250000 
 101
0.482501 0.003243 0.046210 
0.460790 0.993374 0.462022 
0.056915 0.003383 0.491768 
0.988202 0.003933 0.003933 0.003933 
0.250000 0.250000 0.250000 0.250000 
 102
0.484255 0.003242 0.046210 
0.458829 0.993375 0.462022 
0.056915 0.003383 0.491768 
0.003932 0.003932 0.005468 0.986669 
0.250000 0.250000 0.250000 0.250000 
 103
0.484255 0.003242 0.046210 
0.458829 0.993375 0.462022 
0.056915 0.003383 0.491768 
0.003932 0.986981 0.003932 0.005156 
0.250000 0.250000 0.250000 0.250000 
 104
0.484255 0.003242 0.046210 
0.458829 0.993375 0.462022 
0.056915 0.003383 0.491768 
0.003932 0.003932 0.988205 0.003932 
0.250000 0.250000 0.250000 0.250000 
 105
0.484255 0.003242 0.046210 
0.458829 0.993375 0.462022 
0.056915 0.003383 0.491768 
0.987706 0.004431 0.003932 0.003932 
0.250000 0.250000 0.250000 0.250000 
 106
0.484255 0.003242 0.046210 
0.458829 0.993375 0.462022 
0.056915 0.003383 0.491768 
0.004495 0.987640 0.003932 0.003932 
0.250000 0.250000 0.250000 0.250000 
 107
0.484255 0.003242 0.046210 
0.458829 0.993375 0.462022 
0.056915 0.003383 0.491768 
0.003932 0.003932 0.003932 0.988205 
0.250000 0.250000 0.250000 0.250000 
 108
0.484255 0.003242 0.046210 
0.458829 0.993375 0.462022 
0.056915 0.003383 0.491768 
0.977748 0.013371 0.004949 0.003932 
0.250000 0.250000 0.250000 0.250000 
 109
0.484255 0.003242 0.046210 
0.458829 0.993375 0.462022 
0.056915 0.003383 0.491768 
0.003932 0.004367 0.987309 0.004392 
0.250000 0.250000 0.250000 0.250000 
 110
0.484255 0.003242 0.046210 
0.458829 0.993375 0.462022 
0.056915 0.003383 0.491768 
0.004406 0.003932 0.987330 0.004332 
0.250000 0.250000 0.250000 0.250000 
 111
0.484255 0.003242 0.046210 
0.458829 0.993375 0.462022 
0.056915 0.003383 0.491768 
0.986481 0.005078 0.004509 0.003932 
0.250000 0.250000 0.250000 0.250000 
 112
0.484255 0.003242 0.046210 
0.458829 0.993375 0.462022 
0.056915 0.003383 0.491768 
0.988205 0.003932 0.003932 0.003932 
0.250000 0.250000 0.250000 0.250000 
 113
0.484255 0.003242 0.046210 
0.458829 0.993375 0.462022 
0.056915 0.003383 0.491768 
0.988205 0.003932 0.003932 0.003932 
0.250000 0.250000 0.250000 0.250000 
 114
0.484255 0.003242 0.046210 
0.458829 0.993375 0.462022 
0.056915 0.003383 0.491768 
0.004434 0.003933 0.968282 0.023352 
0.250000 0.250000 0.250000 0.250000 
 115
0.484255 0.003242 0.046210 
0.458829 0.993375 0.462022 
0.056915 0.003383 0.491768 
0.003932 0.988205 0.003932 0.003932 
0.250000 0.250000 0.250000 0.250000 
 116
0.484255 0.003242 0.046210 
0.458829 0.993375 0.462022 
0.056915 0.003383 0.491768 
0.003932 0.988205 0.003932 0.003932 
0.250000 0.250000 0.250000 0.250000 
 117
0.484255 0.003242 0.046210 
0.458829 0.993375 0.462022 
0.056915 0.003383 0.491768 
0.985983 0.005781 0.003933 0.004303 
0.250000 0.250000 0.250000 0.250000 
 118
0.484255 0.003242 0.046210 
0.458829 0.993375 0.462022 
0.056915 0.003383 0.491768 
0.987657 0.004479 0.003932 0.003932 
0.250000 0.250000 0.250000 0.250000 
 119
0.484255 0.003242 0.046210 
0.458829 0.993375 0.462022 
0.056915 0.003383 0.491768 
0.003932 0.003932 0.987549 0.004587 
0.250000 0.250000 0.250000 0.250000 
 120
0.484255 0.003242 0.046210 
0.458829 0.993375 0.462022 
0.056915 0.003383 0.491768 
0.014822 0.976261 0.003932 0.004985 
0.250000 0.250000 0.250000 0.250000 
 121
0.484255 0.003242 0.046210 
0.458829 0.993375 0.462022 
0.056915 0.003383 0.491768 
0.974883 0.014466 0.006719 0.003932 
0.250000 0.250000 0.250000 0.250000 
 122
0.484255 0.003242 0.046210 
0.458829 0.993375 0.462022 
0.056915 0.003383 0.491768 
0.003932 0.003932 0.004677 0.987459 
0.250000 0.250000 0.250000 0.250000 
 123
0.484255 0.003242 0.046210 
0.458829 0.993375 0.462022 
0.056915 0.003383 0.491768 
0.984665 0.007468 0.003933 0.003933 
0.250000 0.250000 0.250000 0.250000 
 124
0.484255 0.003242 0.046210 
0.458829 0.993375 0.462022 
0.056915 0.003383 0.491768 
0.003932 0.988205 0.003932 0.003932 
0.250000 0.250000 0.250000 0.250000 
 125
0.484255 0.003242 0.046210 
0.458829 0.993375 0.462022 
0.056915 0.003383 0.491768 
0.003932 0.003932 0.003932 0.988205 
0.250000 0.250000 0.250000 0.250000 
 126
0.484255 0.003242 0.046210 
0.458829 0.993375 0.462022 
0.056915 0.003383 0.491768 
0.004997 0.986469 0.004250 0.004283 
0.250000 0.250000 0.250000 0.250000 
 127
0.484255 0.003242 0.046210 
0.458829 0.993375 0.462022 
0.056915 0.003383 0.491768 
0.987748 0.004388 0.003932 0.003932 
0.250000 0.250000 0.250000 0.250000 
 128
0.484255 0.003242 0.046210 
0.458829 0.993375 0.462022 
0.056915 0.003383 0.491768 
0.983698 0.008074 0.004295 0.003933 
0.250000 0.250000 0.250000 0.250000 
 129
0.484255 0.003242 0.046210 
0.458829 0.993375 0.462022 
0.056915 0.003383 0.491768 
0.986847 0.004718 0.004502 0.003932 
0.250000 0.250000 0.250000 0.250000 
 130
0.484255 0.003242 0.046210 
0.458829 0.993375 0.462022 
0.056915 0.003383 0.491768 
0.987748 0.004389 0.003932 0.003932 
0.250000 0.250000 0.250000 0.250000 
 131
0.484255 0.003242 0.046210 
0.458829 0.993375 0.462022 
0.056915 0.003383 0.491768 
0.003932 0.003932 0.988205 0.003932 
0.250000 0.250000 0.250000 0.250000 
 132
0.484255 0.003242 0.046210 
0.458829 0.993375 0.462022 
0.056915 0.003383 0.491768 
0.985704 0.006432 0.003932 0.003932 
0.250000 0.250000 0.250000 0.250000 
 133
0.484255 0.003242 0.046210 
0.458829 0.993375 0.462022 
0.056915 0.003383 0.491768 
0.988205 0.003932 0.003932 0.003932 
0.250000 0.250000 0.250000 0.250000 
 134
0.484255 0.003242 0.046210 
0.458829 0.993375 0.462022 
0.056915 0.003383 0.491768 
0.003932 0.003932 0.003932 0.988205 
0.250000 0.250000 0.250000 0.250000 
 135
0.484255 0.003242 0.046210 
0.458829 0.993375 0.462022 
0.056915 0.003383 0.491768 
0.004917 0.003932 0.984948 0.006203 
0.250000 0.250000 0.250000 0.250000 
 136
0.484255 0.003242 0.046210 
0.458829 0.993375 0.462022 
0.056915 0.003383 0.491768 
0.985677 0.006459 0.003932 0.003932 
0.250000 0.250000 0.250000 0.250000 
 137
0.484255 0.003242 0.046210 
0.458829 0.993375 0.462022 
0.056915 0.003383 0.491768 
0.003932 0.003932 0.987267 0.004869 
0.250000 0.250000 0.250000 0.250000 
 138
0.484255 0.003242 0.046210 
0.458829 0.993375 0.462022 
0.056915 0.003383 0.491768 
0.037058 0.952827 0.003932 0.006183 
0.250000 0.250000 0.250000 0.250000 
 139
0.484255 0.003242 0.046210 
0.458829 0.993375 0.462022 
0.056915 0.003383 0.491768 
0.986652 0.004541 0.004415 0.004392 
0.250000 0.250000 0.250000 0.250000 
 140
0.484255 0.003242 0.046210 
0.458829 0.993375 0.462022 
0.056915 0.003383 0.491768 
0.983434 0.008702 0.003932 0.003932 
0.250000 0.250000 0.250000 0.250000 
 141
0.484255 0.003242 0.046210 
0.458829 0.993375 0.462022 
0.056915 0.003383 0.491768 
0.003932 0.003932 0.005497 0.986639 
0.250000 0.250000 0.250000 0.250000 
 142
0.484255 0.003242 0.046210 
0.458829 0.993375 0.462022 
0.056915 0.003383 0.491768 
0.003932 0.988205 0.003932 0.003932 
0.250000 0.250000 0.250000 0.250000 
 143
0.484255 0.003242 0.046210 
0.458829 0.993375 0.462022 
0.056915 0.003383 0.491768 
0.987740 0.004396 0.003932 0.003932 
0.250000 0.250000 0.250000 0.250000 
 144
0.484255 0.003242 0.046210 
0.458829 0.993375 0.462022 
0.056915 0.003383 0.491768 
0.004970 0.003932 0.985434 0.005664 
0.250000 0.250000 0.250000 0.250000 
 145
0.484255 0.003242 0.046210 
0.458829 0.993375 0.462022 
0.056915 0.003383 0.491768 
0.005231 0.003932 0.986905 0.003932 
0.250000 0.250000 0.250000 0.250000 
 146
0.484255 0.003242 0.046210 
0.458829 0.993375 0.462022 
0.056915 0.003383 0.491768 
0.077030 0.915105 0.003932 0.003932 
0.250000 0.250000 0.250000 0.250000 
 147
0.484255 0.003242 0.046210 
0.458829 0.993375 0.462022 
0.056915 0.003383 0.491768 
0.984292 0.007844 0.003932 0.003932 
0.250000 0.250000 0.250000 0.250000 
 148
0.484255 0.003242 0.046210 
0.458829 0.993375 0.462022 
0.056915 0.003383 0.491768 
0.987389 0.004748 0.003932 0.003932 
0.250000 0.250000 0.250000 0.250000 
 149
0.484255 0.003242 0.046210 
0.458829 0.993375 0.462022 
0.056915 0.003383 0.491768 
0.003932 0.003932 0.004389 0.987747 
0.250000 0.250000 0.250000 0.250000 
 150
0.484255 0.003242 0.046210 
0.458829 0.993375 0.462022 
0.056915 0.003383 0.491768 
0.004424 0.003932 0.006322 0.985322 
0.250000 0.250000 0.250000 0.250000 
 151
0.481030 0.003242 0.046210 
0.462055 0.993375 0.462022 
0.057100 0.003382 0.491768 
0.003931 0.988207 0.003931 0.003931 
0.250000 0.250000 0.250000 0.250000 
 152
0.482586 0.003242 0.046210 
0.460314 0.993376 0.462022 
0.057100 0.003382 0.491768 
0.988207 0.003931 0.003931 0.003931 
0.250000 0.250000 0.250000 0.250000 
 153
0.482586 0.003242 0.046210 
0.460314 0.993376 0.462022 
0.057100 0.003382 0.491768 
0.985991 0.006147 0.003931 0.003931 
0.250000 0.250000 0.250000 0.250000 
 154
0.482586 0.003242 0.046210 
0.460314 0.993376 0.462022 
0.057100 0.003382 0.491768 
0.003931 0.988207 0.003931 0.003931 
0.250000 0.250000 0.250000 0.250000 
 155
0.477263 0.003242 0.046210 
0.465638 0.993376 0.462022 
0.057405 0.003381 0.491768 
0.003930 0.003930 0.003930 0.988211 
0.250000 0.250000 0.250000 0.250000 
 156
0.479817 0.003241 0.046210 
0.462778 0.993378 0.462022 
0.057405 0.003381 0.491768 
0.003930 0.012588 0.016443 0.967039 
0.250000 0.250000 0.250000 0.250000 
 157
0.479817 0.003241 0.046210 
0.462778 0.993378 0.462022 
0.057405 0.003381 0.491768 
0.988211 0.003930 0.003930 0.003930 
0.250000 0.250000 0.250000 0.250000 
 158
0.479817 0.003241 0.046210 
0.462778 0.993378 0.462022 
0.057405 0.003381 0.491768 
0.003930 0.003930 0.988211 0.003930 
0.250000 0.250000 0.250000 0.250000 
 159
0.479817 0.003241 0.046210 
0.462778 0.993378 0.462022 
0.057405 0.003381 0.491768 
0.004358 0.003931 0.007357 0.984354 
0.250000 0.250000 0.250000 0.250000 
 160
0.479817 0.003241 0.046210 
0.462778 0.993378 0.462022 
0.057405 0.003381 0.491768 
0.988211 0.003930 0.003930 0.003930 
0.250000 0.250000 0.250000 0.250000 
 161
0.479817 0.003241 0.046210 
0.462778 0.993378 0.462022 
0.057405 0.003381 0.491768 
0.988211 0.003930 0.003930 0.003930 
0.250000 0.250000 0.250000 0.250000 
 162
0.479817 0.003241 0.046210 
0.462778 0.993378 0.462022 
0.057405 0.003381 0.491768 
0.003930 0.003930 0.006162 0.985979 
0.250000 0.250000 0.250000 0.250000 
 163
0.479817 0.003241 0.046210 
0.462778 0.993378 0.462022 
0.057405 0.003381 0.491768 
0.003930 0.988211 0.003930 0.003930 
0.250000 0.250000 0.250000 0.250000 
 164
0.479817 0.003241 0.046210 
0.462778 0.993378 0.462022 
0.057405 0.003381 0.491768 
0.003930 0.003930 0.988211 0.003930 
0.250000 0.250000 0.250000 0.250000 
 165
0.479817 0.003241 0.046210 
0.462778 0.993378 0.462022 
0.057405 0.003381 0.491768 
0.004508 0.003930 0.020921 0.970641 
0.250000 0.250000 0.250000 0.250000 
 166
0.479817 0.003241 0.046210 
0.462778 0.993378 0.462022 
0.057405 0.003381 0.491768 
0.988211 0.003930 0.003930 0.003930 
0.250000 0.250000 0.250000 0.250000 
 167
0.479817 0.003241 0.046210 
0.462778 0.993378 0.462022 
0.057405 0.003381 0.491768 
0.003930 0.003930 0.987743 0.004397 
0.250000 0.250000 0.250000 0.250000 
 168
0.479817 0.003241 0.046210 
0.462778 0.993378 0.462022 
0.057405 0.003381 0.491768 
0.006646 0.004990 0.007125 0.981239 
0.250000 0.250000 0.250000 0.250000 
 169
0.479817 0.003241 0.046210 
0.462778 0.993378 0.462022 
0.057405 0.003381 0.491768 
0.003930 0.988211 0.003930 0.003930 
0.250000 0.250000 0.250000 0.250000 
 170
0.479817 0.003241 0.046210 
0.462778 0.993378 0.462022 
0.057405 0.003381 0.491768 
0.988211 0.003930 0.003930 0.003930 
0.250000 0.250000 0.250000 0.250000 
 171
0.479817 0.003241 0.046210 
0.462778 0.993378 0.462022 
0.057405 0.003381 0.491768 
0.013053 0.979087 0.003930 0.003930 
0.250000 0.250000 0.250000 0.250000 
 172
0.479817 0.003241 0.046210 
0.462778 0.993378 0.462022 
0.057405 0.003381 0.491768 
0.003930 0.003930 0.983510 0.008630 
0.250000 0.250000 0.250000 0.250000 
 173
0.479817 0.003241 0.046210 
0.462778 0.993378 0.462022 
0.057405 0.003381 0.491768 
0.003930 0.003930 0.003930 0.988211 
0.250000 0.250000 0.250000 0.250000 
 174
0.479817 0.003241 0.046210 
0.462778 0.993378 0.462022 
0.057405 0.003381 0.491768 
0.006361 0.984275 0.003930 0.005434 
0.250000 0.250000 0.250000 0.250000 
 175
0.479817 0.003241 0.046210 
0.462778 0.993378 0.462022 
0.057405 0.003381 0.491768 
0.004458 0.987683 0.003930 0.003930 
0.250000 0.250000 0.250000 0.250000 
 176
0.479817 0.003241 0.046210 
0.462778 0.993378 0.462022 
0.057405 0.003381 0.491768 
0.003930 0.003930 0.003930 0.988211 
0.250000 0.250000 0.250000 0.250000 
 177
0.479817 0.003241 0.046210 
0.462778 0.993378 0.462022 
0.057405 0.003381 0.491768 
0.003930 0.003930 0.004451 0.987689 
0.250000 0.250000 0.250000 0.250000 
 178
0.479817 0.003241 0.046210 
0.462778 0.993378 0.462022 
0.057405 0.003381 0.491768 
0.003930 0.003930 0.988211 0.003930 
0.250000 0.250000 0.250000 0.250000 
 179
0.479817 0.003241 0.046210 
0.462778 0.993378 0.462022 
0.057405 0.003381 0.491768 
0.988211 0.003930 0.003930 0.003930 
0.250000 0.250000 0.250000 0.250000 
 180
0.479817 0.003241 0.046210 
0.462778 0.993378 0.462022 
0.057405 0.003381 0.491768 
0.008125 0.984014 0.003930 0.003930 
0.250000 0.250000 0.250000 0.250000 
 181
0.479817 0.003241 0.046210 
0.462778 0.993378 0.462022 
0.057405 0.003381 0.491768 
0.986575 0.005566 0.003930 0.003930 
0.250000 0.250000 0.250000 0.250000 
 182
0.479817 0.003241 0.046210 
0.462778 0.993378 0.462022 
0.057405 0.003381 0.491768 
0.986682 0.004889 0.003930 0.004500 
0.250000 0.250000 0.250000 0.250000 
 183
0.479817 0.003241 0.046210 
0.462778 0.993378 0.462022 
0.057405 0.003381 0.491768 
0.004403 0.003930 0.008732 0.982934 
0.250000 0.250000 0.250000 0.250000 
 184
0.479817 0.003241 0.046210 
0.462778 0.993378 0.462022 
0.057405 0.003381 0.491768 
0.003930 0.003930 0.004406 0.987735 
0.250000 0.250000 0.250000 0.250000 
 185
0.479817 0.003241 0.046210 
0.462778 0.993378 0.462022 
0.057405 0.003381 0.491768 
0.004328 0.003930 0.986932 0.004811 
0.250000 0.250000 0.250000 0.250000 
 186
0.479817 0.003241 0.046210 
0.462778 0.993378 0.462022 
0.057405 0.003381 0.491768 
0.004454 0.003930 0.965125 0.026491 
0.250000 0.250000 0.250000 0.250000 
 187
0.479817 0.003241 0.046210 
0.462778 0.993378 0.462022 
0.057405 0.003381 0.491768 
0.008333 0.003930 0.005371 0.982366 
0.250000 0.250000 0.250000 0.250000 
 188
0.479817 0.003241 0.046210 
0.462778 0.993378 0.462022 
0.057405 0.003381 0.491768 
0.003930 0.003930 0.988211 0.003930 
0.250000 0.250000 0.250000 0.250000 
 189
0.479817 0.003241 0.046210 
0.462778 0.993378 0.462022 
0.057405 0.003381 0.491768 
0.983648 0.008492 0.003930 0.003930 
0.250000 0.250000 0.250000 0.250000 
 190
0.479817 0.003241 0.046210 
0.462778 0.993378 0.462022 
0.057405 0.003381 0.491768 
0.987708 0.004432 0.003930 0.003930 
0.250000 0.250000 0.250000 0.250000 
 191
0.479817 0.003241 0.046210 
0.462778 0.993378 0.462022 
0.057405 0.003381 0.491768 
0.004321 0.003930 0.005899 0.985850 
0.250000 0.250000 0.250000 0.250000 
 192
0.479817 0.003241 0.046210 
0.462778 0.993378 0.462022 
0.057405 0.003381 0.491768 
0.984154 0.007143 0.003930 0.004773 
0.250000 0.250000 0.250000 0.250000 
 193
0.479817 0.003241 0.046210 
0.462778 0.993378 0.462022 
0.057405 0.003381 0.491768 
0.005015 0.987125 0.003930 0.003930 
0.250000 0.250000 0.250000 0.250000 
 194
0.479817 0.003241 0.046210 
0.462778 0.993378 0.462022 
0.057405 0.003381 0.491768 
0.005391 0.986750 0.003930 0.003930 
0.250000 0.250000 0.250000 0.250000 
 195
0.479817 0.003241 0.046210 
0.462778 0.993378 0.462022 
0.057405 0.003381 0.491768 
0.005345 0.003930 0.004841 0.985885 
0.250000 0.250000 0.250000 0.250000 
 196
0.479817 0.003241 0.046210 
0.462778 0.993378 0.462022 
0.057405 0.003381 0.491768 
0.007308 0.984833 0.003930 0.003930 
0.250000 0.250000 0.250000 0.250000 
 197
0.479817 0.003241 0.046210 
0.462778 0.993378 0.462022 
0.057405 0.003381 0.491768 
0.987508 0.004633 0.003930 0.003930 
0.250000 0.250000 0.250000 0.250000 
 198
0.479817 0.003241 0.046210 
0.462778 0.993378 0.462022 
0.057405 0.003381 0.491768 
0.986631 0.005084 0.004355 0.003930 
0.250000 0.250000 0.250000 0.250000 
 199
0.479817 0.003241 0.046210 
0.462778 0.993378 0.462022 
0.057405 0.003381 0.491768 
0.988211 0.003930 0.003930 0.003930 
0.250000 0.250000 0.250000 0.250000 
 200
0.479817 0.003241 0.046210 
0.462778 0.993378 0.462022 
0.057405 0.003381 0.491768 
0.003930 0.003930 0.003930 0.988211 
0.250000 0.250000 0.250000 0.250000 
 201
0.479817 0.003241 0.046210 
0.462778 0.993378 0.462022 
0.057405 0.003381 0.491768 
0.980095 0.004497 0.004415 0.010993 
0.250000 0.250000 0.250000 0.250000 
 202
0.479817 0.003241 0.046210 
0.462778 0.993378 0.462022 
0.057405 0.003381 0.491768 
0.003930 0.003930 0.003930 0.988211 
0.250000 0.250000 0.250000 0.250000 
 203
0.479817 0.003241 0.046210 
0.462778 0.993378 0.462022 
0.057405 0.003381 0.491768 
0.003930 0.988211 0.003930 0.003930 
0.250000 0.250000 0.250000 0.250000 
 204
0.479817 0.003241 0.046210 
0.462778 0.993378 0.462022 
0.057405 0.003381 0.491768 
0.003930 0.003930 0.980520 0.011620 
0.250000 0.250000 0.250000 0.250000 
 205
0.479817 0.003241 0.046210 
0.462778 0.993378 0.462022 
0.057405 0.003381 0.491768 
0.042587 0.949144 0.003930 0.004339 
0.250000 0.250000 0.250000 0.250000 
 206
0.479817 0.003241 0.046210 
0.462778 0.993378 0.462022 
0.057405 0.003381 0.491768 
0.985208 0.006452 0.004409 0.003930 
0.250000 0.250000 0.250000 0.250000 
 207
0.479817 0.003241 0.046210 
0.462778 0.993378 0.462022 
0.057405 0.003381 0.491768 
0.004325 0.003930 0.985512 0.006233 
0.250000 0.250000 0.250000 0.250000 
 208
0.479817 0.003241 0.046210 
0.462778 0.993378 0.462022 
0.057405 0.003381 0.491768 
0.985766 0.005975 0.004329 0.003930 
0.250000 0.250000 0.250000 0.250000 
 209
0.479817 0.003241 0.046210 
0.462778 0.993378 0.462022 
0.057405 0.003381 0.491768 
0.006650 0.985490 0.003930 0.003930 
0.250000 0.250000 0.250000 0.250000 
 210
0.479817 0.003241 0.046210 
0.462778 0.993378 0.462022 
0.057405 0.003381 0.491768 
0.005142 0.006671 0.012490 0.975697 
0.250000 0.250000 0.250000 0.250000 
 211
0.479817 0.003241 0.046210 
0.462778 0.993378 0.462022 
0.057405 0.003381 0.491768 
0.003930 0.003930 0.988211 0.003930 
0.250000 0.250000 0.250000 0.250000 
 212
0.479817 0.003241 0.046210 
0.462778 0.993378 0.462022 
0.057405 0.003381 0.491768 
0.003930 0.003930 0.988211 0.003930 
0.250000 0.250000 0.250000 0.250000 
 213
0.479817 0.003241 0.046210 
0.462778 0.993378 0.462022 
0.057405 0.003381 0.491768 
0.004386 0.003930 0.005914 0.985770 
0.250000 0.250000 0.250000 0.250000 
 214
0.479817 0.003241 0.046210 
0.462778 0.993378 0.462022 
0.057405 0.003381 0.491768 
0.003930 0.003930 0.987690 0.004451 
0.250000 0.250000 0.250000 0.250000 
 215
0.479817 0.003241 0.046210 
0.462778 0.993378 0.462022 
0.057405 0.003381 0.491768 
0.988211 0.003930 0.003930 0.003930 
0.250000 0.250000 0.250000 0.250000 
 216
0.479817 0.003241 0.046210 
0.462778 0.993378 0.462022 
0.057405 0.003381 0.491768 
0.003930 0.003930 0.005678 0.986463 
0.250000 0.250000 0.250000 0.250000 
 217
0.479817 0.003241 0.046210 
0.462778 0.993378 0.462022 
0.057405 0.003381 0.491768 
0.005892 0.003930 0.986249 0.003930 
0.250000 0.250000 0.250000 0.250000 
 218
0.479817 0.003241 0.046210 
0.462778 0.993378 0.462022 
0.057405 0.003381 0.491768 
0.986847 0.004728 0.003930 0.004495 
0.250000 0.250000 0.250000 0.250000 
 219
0.479817 0.003241 0.046210 
0.462778 0.993378 0.462022 
0.057405 0.003381 0.491768 
0.018343 0.971750 0.004260 0.005646 
0.250000 0.250000 0.250000 0.250000 
 220
0.479817 0.003241 0.046210 
0.462778 0.993378 0.462022 
0.057405 0.003381 0.491768 
0.983083 0.009057 0.003930 0.003930 
0.250000 0.250000 0.250000 0.250000 
 221
0.479817 0.003241 0.046210 
0.462778 0.993378 0.462022 
0.057405 0.003381 0.491768 
0.003930 0.003930 0.004499 0.987642 
0.250000 0.250000 0.250000 0.250000 
 222
0.479817 0.003241 0.046210 
0.462778 0.993378 0.462022 
0.057405 0.003381 0.491768 
0.004878 0.003930 0.944218 0.046974 
0.250000 0.250000 0.250000 0.250000 
 223
0.479817 0.003241 0.046210 
0.462778 0.993378 0.462022 
0.057405 0.003381 0.491768 
0.005632 0.003930 0.986509 0.003930 
0.250000 0.250000 0.250000 0.250000 
 224
0.479817 0.003241 0.046210 
0.462778 0.993378 0.462022 
0.057405 0.003381 0.491768 
0.003930 0.003930 0.003930 0.988211 
0.250000 0.250000 0.250000 0.250000 
 225
0.479817 0.003241 0.046210 
0.462778 0.993378 0.462022 
0.057405 0.003381 0.491768 
0.005222 0.003930 0.005596 0.985252 
0.250000 0.250000 0.250000 0.250000 
 226
0.479817 0.003241 0.046210 
0.462778 0.993378 0.462022 
0.057405 0.003381 0.491768 
0.003930 0.988211 0.003930 0.003930 
0.250000 0.250000 0.250000 0.250000 
 227
0.479817 0.003241 0.046210 
0.462778 0.993378 0.462022 
0.057405 0.003381 0.491768 
0.988211 0.003930 0.003930 0.003930 
0.250000 0.250000 0.250000 0.250000 
 228
0.479817 0.003241 0.046210 
0.462778 0.993378 0.462022 
0.057405 0.003381 0.491768 
0.003930 0.003930 0.004856 0.987285 
0.250000 0.250000 0.250000 0.250000 
 229
0.479817 0.003241 0.046210 
0.462778 0.993378 0.462022 
0.057405 0.003381 0.491768 
0.003930 0.988211 0.003930 0.003930 
0.250000 0.250000 0.250000 0.250000 
 230
0.479817 0.003241 0.046210 
0.462778 0.993378 0.462022 
0.057405 0.003381 0.491768 
0.004516 0.987624 0.003930 0.003930 
0.250000 0.250000 0.250000 0.250000 
 231
0.479817 0.003241 0.046210 
0.462778 0.993378 0.462022 
0.057405 0.003381 0.491768 
0.982807 0.008376 0.004373 0.004444 
0.250000 0.250000 0.250000 0.250000 
 232
0.479817 0.003241 0.046210 
0.462778 0.993378 0.462022 
0.057405 0.003381 0.491768 
0.026910 0.965230 0.003930 0.003930 
0.250000 0.250000 0.250000 0.250000 
 233
0.479817 0.003241 0.046210 
0.462778 0.993378 0.462022 
0.057405 0.003381 0.491768 
0.986176 0.005964 0.003930 0.003930 
0.250000 0.250000 0.250000 0.250000 
 234
0.479817 0.003241 0.046210 
0.462778 0.993378 0.462022 
0.057405 0.003381 0.491768 
0.985462 0.006270 0.004338 0.003930 
0.250000 0.250000 0.250000 0.250000 
 235
0.479817 0.003241 0.046210 
0.462778 0.993378 0.462022 
0.057405 0.003381 0.491768 
0.988211 0.003930 0.003930 0.003930 
