%  SAM: /scicomp/home/vfn4/nomen/label/LABEL_RES/scripts/modelfromalign_Linux v3.5 (July 15, 2005) compiled 12/08/06_16:15:55
%  (c) 1992-2001 Regents of the University of California, Santa Cruz
%
%          Sequence Alignment and Modeling Software System
%         http://www.cse.ucsc.edu/research/compbio/sam.html
%
% ----------------- Citations (SAM, SAM-T2K, HMMs) --------------------
% R. Hughey, A. Krogh, Hidden Markov models for sequence analysis:
%  Extension and analysis of the basic method, CABIOS 12:95-107, 1996.
% K. Karplus, et al., What is the value added by human intervention in protein
%  structure prediction, Proteins: Stucture, Function, Genetics 45(S5):86--91, 2001.
% A. Krogh et al., Hidden Markov models in computational biology:
%  Applications to protein modeling, JMB 235:1501-1531, Feb 1994.
% ---------------------------------------------------------------------
%  3C.2a1b_hmm   Host: id-dev-03    Tue Dec  3 12:56:38 2019
%  vfn4          Dir:  /scicomp/groups/OID/NCIRD/ID-OD/ID_nomenclatures/H3/training/H3v2019R1/stub6r1/c-3C.2a1x
% ---------------------------------------------------------------------
%  Alignment weights from internal calc.  Total (87.33) Max (0.23) Min (0.01)
%  Weights from alignment method 1 (karplus), b=-1.000000, e=0.500000
MODEL --  Model from alignment file /scicomp/home/vfn4/nomen/label/LABEL_RES/training_data/stub6/c-3C.2a1x/3C.2a1b.fasta
alphabet DNA
FREQAVE
0.000000 0.000000 0.000000 
0.000000 0.000000 0.000000 
0.000000 0.000000 0.000000 
0.344867 0.224331 0.194377 0.236424 
0.344867 0.224331 0.194377 0.236424 
Begin
0.000000 0.000000 0.000000 
0.000000 0.000000 0.000000 
0.000000 0.002573 0.491768 
0.250000 0.250000 0.250000 0.250000 
0.250000 0.250000 0.250000 0.250000 
   1
0.000000 0.009373 0.046210 
0.000000 0.988054 0.462022 
0.048584 0.002591 0.491768 
0.004333 0.002854 0.989960 0.002854 
0.250000 0.250000 0.250000 0.250000 
   2
0.553381 0.002624 0.046210 
0.398035 0.994785 0.462022 
0.048743 0.002590 0.491768 
0.990371 0.003159 0.002853 0.003618 
0.250000 0.250000 0.250000 0.250000 
   3
0.553432 0.002483 0.046210 
0.397825 0.994927 0.462022 
0.048982 0.002590 0.491768 
0.986841 0.006914 0.003161 0.003085 
0.250000 0.250000 0.250000 0.250000 
   4
0.554118 0.002482 0.046210 
0.396900 0.994928 0.462022 
0.049081 0.002590 0.491768 
0.971377 0.022899 0.002862 0.002862 
0.250000 0.250000 0.250000 0.250000 
   5
0.551595 0.002482 0.046210 
0.399324 0.994928 0.462022 
0.049261 0.002589 0.491768 
0.990811 0.003487 0.002851 0.002851 
0.250000 0.250000 0.250000 0.250000 
   6
0.553615 0.002482 0.046210 
0.397124 0.994929 0.462022 
0.049261 0.002589 0.491768 
0.988886 0.005403 0.002856 0.002856 
0.250000 0.250000 0.250000 0.250000 
   7
0.551650 0.002753 0.046210 
0.399089 0.994658 0.462022 
0.049059 0.002590 0.491768 
0.989059 0.004570 0.003468 0.002903 
0.250000 0.250000 0.250000 0.250000 
   8
0.534631 0.002875 0.046210 
0.416310 0.994536 0.462022 
0.049658 0.002588 0.491768 
0.003440 0.003523 0.003220 0.989817 
0.250000 0.250000 0.250000 0.250000 
   9
0.541152 0.002481 0.046210 
0.409190 0.994931 0.462022 
0.050102 0.002587 0.491768 
0.007014 0.002849 0.057512 0.932625 
0.250000 0.250000 0.250000 0.250000 
  10
0.539906 0.002480 0.046210 
0.409992 0.994933 0.462022 
0.050409 0.002586 0.491768 
0.003376 0.002849 0.990437 0.003339 
0.250000 0.250000 0.250000 0.250000 
  11
0.543213 0.002479 0.046210 
0.406378 0.994934 0.462022 
0.050409 0.002586 0.491768 
0.003213 0.002849 0.990764 0.003175 
0.250000 0.250000 0.250000 0.250000 
  12
0.543213 0.002479 0.046210 
0.406378 0.994934 0.462022 
0.050409 0.002586 0.491768 
0.003655 0.003351 0.003746 0.989248 
0.250000 0.250000 0.250000 0.250000 
  13
0.536750 0.002479 0.046210 
0.412841 0.994934 0.462022 
0.050737 0.002586 0.491768 
0.005068 0.989238 0.002847 0.002847 
0.250000 0.250000 0.250000 0.250000 
  14
0.538518 0.002479 0.046210 
0.410745 0.994936 0.462022 
0.050825 0.002586 0.491768 
0.005133 0.989174 0.002847 0.002847 
0.250000 0.250000 0.250000 0.250000 
  15
0.539448 0.002478 0.046210 
0.409728 0.994936 0.462022 
0.050825 0.002586 0.491768 
0.985141 0.009166 0.002847 0.002847 
0.250000 0.250000 0.250000 0.250000 
  16
0.537972 0.002478 0.046210 
0.411203 0.994936 0.462022 
0.050900 0.002585 0.491768 
0.990610 0.003360 0.002846 0.003184 
0.250000 0.250000 0.250000 0.250000 
  17
0.536694 0.002478 0.046210 
0.412406 0.994936 0.462022 
0.051005 0.002585 0.491768 
0.990006 0.003687 0.002846 0.003461 
0.250000 0.250000 0.250000 0.250000 
  18
0.537809 0.002478 0.046210 
0.411186 0.994937 0.462022 
0.051005 0.002585 0.491768 
0.002846 0.002846 0.003563 0.990745 
0.250000 0.250000 0.250000 0.250000 
  19
0.532138 0.002478 0.046210 
0.416857 0.994937 0.462022 
0.051296 0.002585 0.491768 
0.004689 0.989131 0.002846 0.003334 
0.250000 0.250000 0.250000 0.250000 
  20
0.533659 0.002477 0.046210 
0.415045 0.994938 0.462022 
0.051374 0.002584 0.491768 
0.990872 0.003438 0.002845 0.002845 
0.250000 0.250000 0.250000 0.250000 
  21
0.530572 0.002477 0.046210 
0.418054 0.994938 0.462022 
0.051575 0.002584 0.491768 
0.005703 0.002845 0.987894 0.003558 
0.250000 0.250000 0.250000 0.250000 
  22
0.530920 0.002477 0.046210 
0.417505 0.994939 0.462022 
0.051664 0.002584 0.491768 
0.988241 0.005110 0.003382 0.003268 
0.250000 0.250000 0.250000 0.250000 
  23
0.531839 0.002477 0.046210 
0.416497 0.994940 0.462022 
0.051664 0.002584 0.491768 
0.991098 0.003214 0.002844 0.002844 
0.250000 0.250000 0.250000 0.250000 
  24
0.529616 0.002477 0.046210 
0.418720 0.994940 0.462022 
0.051779 0.002584 0.491768 
0.005676 0.002844 0.005067 0.986414 
0.250000 0.250000 0.250000 0.250000 
  25
0.530796 0.002476 0.046210 
0.417425 0.994940 0.462022 
0.051779 0.002584 0.491768 
0.988691 0.005621 0.002844 0.002844 
0.250000 0.250000 0.250000 0.250000 
  26
0.521338 0.002476 0.046210 
0.426882 0.994940 0.462022 
0.052274 0.002582 0.491768 
0.006184 0.987731 0.002843 0.003242 
0.250000 0.250000 0.250000 0.250000 
  27
0.524828 0.002475 0.046210 
0.422899 0.994942 0.462022 
0.052352 0.002582 0.491768 
0.002842 0.005130 0.988432 0.003596 
0.250000 0.250000 0.250000 0.250000 
  28
0.521371 0.002475 0.046210 
0.426277 0.994942 0.462022 
0.052575 0.002582 0.491768 
0.988009 0.006306 0.002842 0.002842 
0.250000 0.250000 0.250000 0.250000 
  29
0.521753 0.002475 0.046210 
0.425672 0.994943 0.462022 
0.052671 0.002582 0.491768 
0.003177 0.005462 0.985063 0.006298 
0.250000 0.250000 0.250000 0.250000 
  30
0.519675 0.002475 0.046210 
0.427654 0.994944 0.462022 
0.052832 0.002581 0.491768 
0.010489 0.981492 0.002841 0.005178 
0.250000 0.250000 0.250000 0.250000 
  31
0.521259 0.002474 0.046210 
0.425909 0.994944 0.462022 
0.052832 0.002581 0.491768 
0.005128 0.989190 0.002841 0.002841 
0.250000 0.250000 0.250000 0.250000 
  32
0.521259 0.002474 0.046210 
0.425909 0.994944 0.462022 
0.052832 0.002581 0.491768 
0.002841 0.002841 0.991083 0.003234 
0.250000 0.250000 0.250000 0.250000 
  33
0.519216 0.002474 0.046210 
0.427953 0.994944 0.462022 
0.052940 0.002581 0.491768 
0.930554 0.063078 0.003178 0.003190 
0.250000 0.250000 0.250000 0.250000 
  34
0.516913 0.002474 0.046210 
0.430147 0.994945 0.462022 
0.053119 0.002581 0.491768 
0.991109 0.003210 0.002840 0.002840 
0.250000 0.250000 0.250000 0.250000 
  35
0.514584 0.002474 0.046210 
0.432297 0.994945 0.462022 
0.053336 0.002580 0.491768 
0.003476 0.002841 0.989291 0.004393 
0.250000 0.250000 0.250000 0.250000 
  36
0.514857 0.002473 0.046210 
0.431807 0.994946 0.462022 
0.053434 0.002580 0.491768 
0.020712 0.972925 0.003112 0.003251 
0.250000 0.250000 0.250000 0.250000 
  37
0.515802 0.002473 0.046210 
0.430764 0.994947 0.462022 
0.053434 0.002580 0.491768 
0.003275 0.002840 0.989854 0.004031 
0.250000 0.250000 0.250000 0.250000 
  38
0.515802 0.002473 0.046210 
0.430764 0.994947 0.462022 
0.053434 0.002580 0.491768 
0.002840 0.002840 0.002840 0.991481 
0.250000 0.250000 0.250000 0.250000 
  39
0.515802 0.002473 0.046210 
0.430764 0.994947 0.462022 
0.053434 0.002580 0.491768 
0.006449 0.985832 0.002840 0.004879 
0.250000 0.250000 0.250000 0.250000 
  40
0.507700 0.002473 0.046210 
0.438866 0.994947 0.462022 
0.053870 0.002579 0.491768 
0.002839 0.004589 0.002839 0.989734 
0.250000 0.250000 0.250000 0.250000 
  41
0.511847 0.002472 0.046210 
0.434282 0.994948 0.462022 
0.053870 0.002579 0.491768 
0.002839 0.991485 0.002839 0.002839 
0.250000 0.250000 0.250000 0.250000 
  42
0.511847 0.002472 0.046210 
0.434282 0.994948 0.462022 
0.053870 0.002579 0.491768 
0.002839 0.002839 0.984509 0.009814 
0.250000 0.250000 0.250000 0.250000 
  43
0.499465 0.002472 0.046210 
0.446665 0.994948 0.462022 
0.054546 0.002578 0.491768 
0.003918 0.002839 0.990031 0.003213 
0.250000 0.250000 0.250000 0.250000 
  44
0.478954 0.002471 0.046210 
0.466500 0.994951 0.462022 
0.056046 0.002575 0.491768 
0.002833 0.002833 0.002833 0.991500 
0.250000 0.250000 0.250000 0.250000 
  45
0.492129 0.002468 0.046210 
0.451824 0.994956 0.462022 
0.056046 0.002575 0.491768 
0.003217 0.003261 0.003715 0.989807 
0.250000 0.250000 0.250000 0.250000 
  46
0.489903 0.002468 0.046210 
0.454050 0.994956 0.462022 
0.056171 0.002575 0.491768 
0.002833 0.991501 0.002833 0.002833 
0.250000 0.250000 0.250000 0.250000 
  47
0.490996 0.002468 0.046210 
0.452832 0.994957 0.462022 
0.056171 0.002575 0.491768 
0.002833 0.991501 0.002833 0.002833 
0.250000 0.250000 0.250000 0.250000 
  48
0.489005 0.002468 0.046210 
0.454824 0.994957 0.462022 
0.056284 0.002575 0.491768 
0.013089 0.979463 0.003949 0.003500 
0.250000 0.250000 0.250000 0.250000 
  49
0.488162 0.002468 0.046210 
0.455554 0.994957 0.462022 
0.056386 0.002575 0.491768 
0.002832 0.002832 0.991503 0.002832 
0.250000 0.250000 0.250000 0.250000 
  50
0.489052 0.002468 0.046210 
0.454562 0.994958 0.462022 
0.056386 0.002575 0.491768 
0.991502 0.002833 0.002833 0.002833 
0.250000 0.250000 0.250000 0.250000 
  51
0.482796 0.002468 0.046210 
0.460818 0.994958 0.462022 
0.056741 0.002574 0.491768 
0.002832 0.002832 0.988952 0.005384 
0.250000 0.250000 0.250000 0.250000 
  52
0.485835 0.002467 0.046210 
0.457424 0.994959 0.462022 
0.056741 0.002574 0.491768 
0.002832 0.002832 0.991504 0.002832 
0.250000 0.250000 0.250000 0.250000 
  53
0.485835 0.002467 0.046210 
0.457424 0.994959 0.462022 
0.056741 0.002574 0.491768 
0.990137 0.002832 0.003395 0.003636 
0.250000 0.250000 0.250000 0.250000 
  54
0.485835 0.002467 0.046210 
0.457424 0.994959 0.462022 
0.056741 0.002574 0.491768 
0.003396 0.002832 0.002832 0.990940 
0.250000 0.250000 0.250000 0.250000 
  55
0.485835 0.002467 0.046210 
0.457424 0.994959 0.462022 
0.056741 0.002574 0.491768 
0.003636 0.990334 0.002832 0.003198 
0.250000 0.250000 0.250000 0.250000 
  56
0.485835 0.002467 0.046210 
0.457424 0.994959 0.462022 
0.056741 0.002574 0.491768 
0.002832 0.002832 0.991504 0.002832 
0.250000 0.250000 0.250000 0.250000 
  57
0.485835 0.002467 0.046210 
0.457424 0.994959 0.462022 
0.056741 0.002574 0.491768 
0.991106 0.002832 0.002832 0.003231 
0.250000 0.250000 0.250000 0.250000 
  58
0.485835 0.002467 0.046210 
0.457424 0.994959 0.462022 
0.056741 0.002574 0.491768 
0.003570 0.990766 0.002832 0.002832 
0.250000 0.250000 0.250000 0.250000 
  59
0.479947 0.002467 0.046210 
0.463312 0.994959 0.462022 
0.057077 0.002573 0.491768 
0.002831 0.002831 0.002831 0.991507 
0.250000 0.250000 0.250000 0.250000 
  60
0.482790 0.002467 0.046210 
0.460133 0.994960 0.462022 
0.057077 0.002573 0.491768 
0.988804 0.005259 0.003105 0.002832 
0.250000 0.250000 0.250000 0.250000 
  61
0.482790 0.002467 0.046210 
0.460133 0.994960 0.462022 
0.057077 0.002573 0.491768 
0.002831 0.002831 0.989974 0.004364 
0.250000 0.250000 0.250000 0.250000 
  62
0.482790 0.002467 0.046210 
0.460133 0.994960 0.462022 
0.057077 0.002573 0.491768 
0.003481 0.002831 0.990565 0.003123 
0.250000 0.250000 0.250000 0.250000 
  63
0.482790 0.002467 0.046210 
0.460133 0.994960 0.462022 
0.057077 0.002573 0.491768 
0.986610 0.007728 0.002831 0.002831 
0.250000 0.250000 0.250000 0.250000 
  64
0.482790 0.002467 0.046210 
0.460133 0.994960 0.462022 
0.057077 0.002573 0.491768 
0.991137 0.003201 0.002831 0.002831 
0.250000 0.250000 0.250000 0.250000 
  65
0.482790 0.002467 0.046210 
0.460133 0.994960 0.462022 
0.057077 0.002573 0.491768 
0.991127 0.002832 0.003210 0.002832 
0.250000 0.250000 0.250000 0.250000 
  66
0.482790 0.002467 0.046210 
0.460133 0.994960 0.462022 
0.057077 0.002573 0.491768 
0.003404 0.003138 0.984049 0.009409 
0.250000 0.250000 0.250000 0.250000 
  67
0.482790 0.002467 0.046210 
0.460133 0.994960 0.462022 
0.057077 0.002573 0.491768 
0.002831 0.991507 0.002831 0.002831 
0.250000 0.250000 0.250000 0.250000 
  68
0.479902 0.002467 0.046210 
0.463021 0.994960 0.462022 
0.057242 0.002573 0.491768 
0.002831 0.991508 0.002831 0.002831 
0.250000 0.250000 0.250000 0.250000 
  69
0.481292 0.002466 0.046210 
0.461466 0.994960 0.462022 
0.057242 0.002573 0.491768 
0.988020 0.005211 0.003088 0.003681 
0.250000 0.250000 0.250000 0.250000 
  70
0.481292 0.002466 0.046210 
0.461466 0.994960 0.462022 
0.057242 0.002573 0.491768 
0.990624 0.003150 0.002831 0.003395 
0.250000 0.250000 0.250000 0.250000 
  71
0.478457 0.002466 0.046210 
0.464301 0.994960 0.462022 
0.057405 0.002573 0.491768 
0.002830 0.002830 0.991131 0.003209 
0.250000 0.250000 0.250000 0.250000 
  72
0.479817 0.002466 0.046210 
0.462778 0.994961 0.462022 
0.057405 0.002573 0.491768 
0.020282 0.972228 0.002831 0.004659 
0.250000 0.250000 0.250000 0.250000 
  73
0.479817 0.002466 0.046210 
0.462778 0.994961 0.462022 
0.057405 0.002573 0.491768 
0.986484 0.007564 0.002831 0.003121 
0.250000 0.250000 0.250000 0.250000 
  74
0.479817 0.002466 0.046210 
0.462778 0.994961 0.462022 
0.057405 0.002573 0.491768 
0.002830 0.003181 0.003521 0.990467 
0.250000 0.250000 0.250000 0.250000 
  75
0.479817 0.002466 0.046210 
0.462778 0.994961 0.462022 
0.057405 0.002573 0.491768 
0.989767 0.004573 0.002830 0.002830 
0.250000 0.250000 0.250000 0.250000 
  76
0.479817 0.002466 0.046210 
0.462778 0.994961 0.462022 
0.057405 0.002573 0.491768 
0.002830 0.991509 0.002830 0.002830 
0.250000 0.250000 0.250000 0.250000 
  77
0.479817 0.002466 0.046210 
0.462778 0.994961 0.462022 
0.057405 0.002573 0.491768 
0.002830 0.002830 0.002830 0.991509 
0.250000 0.250000 0.250000 0.250000 
  78
0.479817 0.002466 0.046210 
0.462778 0.994961 0.462022 
0.057405 0.002573 0.491768 
0.007105 0.986792 0.002830 0.003272 
0.250000 0.250000 0.250000 0.250000 
  79
0.479817 0.002466 0.046210 
0.462778 0.994961 0.462022 
0.057405 0.002573 0.491768 
0.991051 0.003289 0.002830 0.002830 
0.250000 0.250000 0.250000 0.250000 
  80
0.479817 0.002466 0.046210 
0.462778 0.994961 0.462022 
0.057405 0.002573 0.491768 
0.989639 0.004423 0.003108 0.002831 
0.250000 0.250000 0.250000 0.250000 
  81
0.479817 0.002466 0.046210 
0.462778 0.994961 0.462022 
0.057405 0.002573 0.491768 
0.987001 0.007339 0.002830 0.002830 
0.250000 0.250000 0.250000 0.250000 
  82
0.479817 0.002466 0.046210 
0.462778 0.994961 0.462022 
0.057405 0.002573 0.491768 
0.991509 0.002830 0.002830 0.002830 
0.250000 0.250000 0.250000 0.250000 
  83
0.479817 0.002466 0.046210 
0.462778 0.994961 0.462022 
0.057405 0.002573 0.491768 
0.002830 0.002830 0.991509 0.002830 
0.250000 0.250000 0.250000 0.250000 
  84
0.479817 0.002466 0.046210 
0.462778 0.994961 0.462022 
0.057405 0.002573 0.491768 
0.990090 0.003946 0.002830 0.003133 
0.250000 0.250000 0.250000 0.250000 
  85
0.479817 0.002466 0.046210 
0.462778 0.994961 0.462022 
0.057405 0.002573 0.491768 
0.991509 0.002830 0.002830 0.002830 
0.250000 0.250000 0.250000 0.250000 
  86
0.479817 0.002466 0.046210 
0.462778 0.994961 0.462022 
0.057405 0.002573 0.491768 
0.002830 0.002830 0.002830 0.991509 
0.250000 0.250000 0.250000 0.250000 
  87
0.479817 0.002466 0.046210 
0.462778 0.994961 0.462022 
0.057405 0.002573 0.491768 
0.004432 0.002830 0.985059 0.007678 
0.250000 0.250000 0.250000 0.250000 
  88
0.479817 0.002466 0.046210 
0.462778 0.994961 0.462022 
0.057405 0.002573 0.491768 
0.990612 0.003447 0.002830 0.003111 
0.250000 0.250000 0.250000 0.250000 
  89
0.479817 0.002466 0.046210 
0.462778 0.994961 0.462022 
0.057405 0.002573 0.491768 
0.002830 0.002830 0.991509 0.002830 
0.250000 0.250000 0.250000 0.250000 
  90
0.479817 0.002466 0.046210 
0.462778 0.994961 0.462022 
0.057405 0.002573 0.491768 
0.990148 0.003075 0.003350 0.003427 
0.250000 0.250000 0.250000 0.250000 
  91
0.479817 0.002466 0.046210 
0.462778 0.994961 0.462022 
0.057405 0.002573 0.491768 
0.991083 0.003257 0.002830 0.002830 
0.250000 0.250000 0.250000 0.250000 
  92
0.479817 0.002466 0.046210 
0.462778 0.994961 0.462022 
0.057405 0.002573 0.491768 
0.988068 0.006272 0.002830 0.002830 
0.250000 0.250000 0.250000 0.250000 
  93
0.479817 0.002466 0.046210 
0.462778 0.994961 0.462022 
0.057405 0.002573 0.491768 
0.003540 0.002830 0.003598 0.990032 
0.250000 0.250000 0.250000 0.250000 
  94
0.479817 0.002466 0.046210 
0.462778 0.994961 0.462022 
0.057405 0.002573 0.491768 
0.003414 0.990925 0.002830 0.002830 
0.250000 0.250000 0.250000 0.250000 
  95
0.479817 0.002466 0.046210 
0.462778 0.994961 0.462022 
0.057405 0.002573 0.491768 
0.990953 0.003386 0.002831 0.002831 
0.250000 0.250000 0.250000 0.250000 
  96
0.479817 0.002466 0.046210 
0.462778 0.994961 0.462022 
0.057405 0.002573 0.491768 
0.003152 0.002830 0.988996 0.005022 
0.250000 0.250000 0.250000 0.250000 
  97
0.479817 0.002466 0.046210 
0.462778 0.994961 0.462022 
0.057405 0.002573 0.491768 
0.004761 0.002830 0.989578 0.002830 
0.250000 0.250000 0.250000 0.250000 
  98
0.479817 0.002466 0.046210 
0.462778 0.994961 0.462022 
0.057405 0.002573 0.491768 
0.006176 0.987810 0.002831 0.003183 
0.250000 0.250000 0.250000 0.250000 
  99
0.479817 0.002466 0.046210 
0.462778 0.994961 0.462022 
0.057405 0.002573 0.491768 
0.985904 0.008164 0.002830 0.003101 
0.250000 0.250000 0.250000 0.250000 
 100
0.479817 0.002466 0.046210 
0.462778 0.994961 0.462022 
0.057405 0.002573 0.491768 
0.982787 0.011257 0.003126 0.002830 
0.250000 0.250000 0.250000 0.250000 
 101
0.479817 0.002466 0.046210 
0.462778 0.994961 0.462022 
0.057405 0.002573 0.491768 
0.002830 0.002830 0.003880 0.990460 
0.250000 0.250000 0.250000 0.250000 
 102
0.479817 0.002466 0.046210 
0.462778 0.994961 0.462022 
0.057405 0.002573 0.491768 
0.004346 0.002830 0.003632 0.989191 
0.250000 0.250000 0.250000 0.250000 
 103
0.479817 0.002466 0.046210 
0.462778 0.994961 0.462022 
0.057405 0.002573 0.491768 
0.002830 0.991509 0.002830 0.002830 
0.250000 0.250000 0.250000 0.250000 
 104
0.479817 0.002466 0.046210 
0.462778 0.994961 0.462022 
0.057405 0.002573 0.491768 
0.990848 0.003491 0.002830 0.002830 
0.250000 0.250000 0.250000 0.250000 
 105
0.479817 0.002466 0.046210 
0.462778 0.994961 0.462022 
0.057405 0.002573 0.491768 
0.989118 0.005219 0.002832 0.002832 
0.250000 0.250000 0.250000 0.250000 
 106
0.479817 0.002466 0.046210 
0.462778 0.994961 0.462022 
0.057405 0.002573 0.491768 
0.002830 0.991509 0.002830 0.002830 
0.250000 0.250000 0.250000 0.250000 
 107
0.479817 0.002466 0.046210 
0.462778 0.994961 0.462022 
0.057405 0.002573 0.491768 
0.002830 0.002830 0.002830 0.991509 
0.250000 0.250000 0.250000 0.250000 
 108
0.479817 0.002466 0.046210 
0.462778 0.994961 0.462022 
0.057405 0.002573 0.491768 
0.002830 0.003323 0.006334 0.987513 
0.250000 0.250000 0.250000 0.250000 
 109
0.479817 0.002466 0.046210 
0.462778 0.994961 0.462022 
0.057405 0.002573 0.491768 
0.991509 0.002830 0.002830 0.002830 
0.250000 0.250000 0.250000 0.250000 
 110
0.479817 0.002466 0.046210 
0.462778 0.994961 0.462022 
0.057405 0.002573 0.491768 
0.002830 0.002830 0.991084 0.003256 
0.250000 0.250000 0.250000 0.250000 
 111
0.479817 0.002466 0.046210 
0.462778 0.994961 0.462022 
0.057405 0.002573 0.491768 
0.002831 0.002831 0.027087 0.967251 
0.250000 0.250000 0.250000 0.250000 
 112
0.479817 0.002466 0.046210 
0.462778 0.994961 0.462022 
0.057405 0.002573 0.491768 
0.991509 0.002830 0.002830 0.002830 
0.250000 0.250000 0.250000 0.250000 
 113
0.479817 0.002466 0.046210 
0.462778 0.994961 0.462022 
0.057405 0.002573 0.491768 
0.991138 0.002830 0.003202 0.002830 
0.250000 0.250000 0.250000 0.250000 
 114
0.479817 0.002466 0.046210 
0.462778 0.994961 0.462022 
0.057405 0.002573 0.491768 
0.002830 0.002830 0.004373 0.989967 
0.250000 0.250000 0.250000 0.250000 
 115
0.479817 0.002466 0.046210 
0.462778 0.994961 0.462022 
0.057405 0.002573 0.491768 
0.003473 0.990466 0.002830 0.003231 
0.250000 0.250000 0.250000 0.250000 
 116
0.479817 0.002466 0.046210 
0.462778 0.994961 0.462022 
0.057405 0.002573 0.491768 
0.002830 0.002830 0.991509 0.002830 
0.250000 0.250000 0.250000 0.250000 
 117
0.479817 0.002466 0.046210 
0.462778 0.994961 0.462022 
0.057405 0.002573 0.491768 
0.004995 0.003174 0.005858 0.985973 
0.250000 0.250000 0.250000 0.250000 
 118
0.479817 0.002466 0.046210 
0.462778 0.994961 0.462022 
0.057405 0.002573 0.491768 
0.991509 0.002830 0.002830 0.002830 
0.250000 0.250000 0.250000 0.250000 
 119
0.479817 0.002466 0.046210 
0.462778 0.994961 0.462022 
0.057405 0.002573 0.491768 
0.002830 0.002830 0.991132 0.003207 
0.250000 0.250000 0.250000 0.250000 
 120
0.479817 0.002466 0.046210 
0.462778 0.994961 0.462022 
0.057405 0.002573 0.491768 
0.007113 0.003571 0.003711 0.985605 
0.250000 0.250000 0.250000 0.250000 
 121
0.479817 0.002466 0.046210 
0.462778 0.994961 0.462022 
0.057405 0.002573 0.491768 
0.002830 0.991509 0.002830 0.002830 
0.250000 0.250000 0.250000 0.250000 
 122
0.479817 0.002466 0.046210 
0.462778 0.994961 0.462022 
0.057405 0.002573 0.491768 
0.991509 0.002830 0.002830 0.002830 
0.250000 0.250000 0.250000 0.250000 
 123
0.479817 0.002466 0.046210 
0.462778 0.994961 0.462022 
0.057405 0.002573 0.491768 
0.032659 0.961678 0.002831 0.002831 
0.250000 0.250000 0.250000 0.250000 
 124
0.479817 0.002466 0.046210 
0.462778 0.994961 0.462022 
0.057405 0.002573 0.491768 
0.002830 0.002830 0.003746 0.990593 
0.250000 0.250000 0.250000 0.250000 
 125
0.479817 0.002466 0.046210 
0.462778 0.994961 0.462022 
0.057405 0.002573 0.491768 
0.002830 0.002830 0.002830 0.991509 
0.250000 0.250000 0.250000 0.250000 
 126
0.479817 0.002466 0.046210 
0.462778 0.994961 0.462022 
0.057405 0.002573 0.491768 
0.005276 0.989064 0.002830 0.002830 
0.250000 0.250000 0.250000 0.250000 
 127
0.479817 0.002466 0.046210 
0.462778 0.994961 0.462022 
0.057405 0.002573 0.491768 
0.004839 0.989501 0.002830 0.002830 
0.250000 0.250000 0.250000 0.250000 
 128
0.479817 0.002466 0.046210 
0.462778 0.994961 0.462022 
0.057405 0.002573 0.491768 
0.002830 0.002830 0.002830 0.991509 
0.250000 0.250000 0.250000 0.250000 
 129
0.479817 0.002466 0.046210 
0.462778 0.994961 0.462022 
0.057405 0.002573 0.491768 
0.003671 0.002830 0.006185 0.987314 
0.250000 0.250000 0.250000 0.250000 
 130
0.479817 0.002466 0.046210 
0.462778 0.994961 0.462022 
0.057405 0.002573 0.491768 
0.002830 0.002830 0.991509 0.002830 
0.250000 0.250000 0.250000 0.250000 
 131
0.479817 0.002466 0.046210 
0.462778 0.994961 0.462022 
0.057405 0.002573 0.491768 
0.990540 0.003799 0.002831 0.002831 
0.250000 0.250000 0.250000 0.250000 
 132
0.479817 0.002466 0.046210 
0.462778 0.994961 0.462022 
0.057405 0.002573 0.491768 
0.010912 0.983138 0.002831 0.003118 
0.250000 0.250000 0.250000 0.250000 
 133
0.479817 0.002466 0.046210 
0.462778 0.994961 0.462022 
0.057405 0.002573 0.491768 
0.990950 0.003113 0.003107 0.002830 
0.250000 0.250000 0.250000 0.250000 
 134
0.479817 0.002466 0.046210 
0.462778 0.994961 0.462022 
0.057405 0.002573 0.491768 
0.989301 0.004525 0.003092 0.003083 
0.250000 0.250000 0.250000 0.250000 
 135
0.479817 0.002466 0.046210 
0.462778 0.994961 0.462022 
0.057405 0.002573 0.491768 
0.002831 0.003203 0.006191 0.987775 
0.250000 0.250000 0.250000 0.250000 
 136
0.479817 0.002466 0.046210 
0.462778 0.994961 0.462022 
0.057405 0.002573 0.491768 
0.003108 0.002830 0.003133 0.990929 
0.250000 0.250000 0.250000 0.250000 
 137
0.479817 0.002466 0.046210 
0.462778 0.994961 0.462022 
0.057405 0.002573 0.491768 
0.003142 0.002830 0.987067 0.006960 
0.250000 0.250000 0.250000 0.250000 
 138
0.479817 0.002466 0.046210 
0.462778 0.994961 0.462022 
0.057405 0.002573 0.491768 
0.004854 0.002831 0.982076 0.010240 
0.250000 0.250000 0.250000 0.250000 
 139
0.479817 0.002466 0.046210 
0.462778 0.994961 0.462022 
0.057405 0.002573 0.491768 
0.003069 0.003610 0.003622 0.989699 
0.250000 0.250000 0.250000 0.250000 
 140
0.479817 0.002466 0.046210 
0.462778 0.994961 0.462022 
0.057405 0.002573 0.491768 
0.002830 0.002830 0.991509 0.002830 
0.250000 0.250000 0.250000 0.250000 
 141
0.479817 0.002466 0.046210 
0.462778 0.994961 0.462022 
0.057405 0.002573 0.491768 
0.990335 0.003365 0.003148 0.003152 
0.250000 0.250000 0.250000 0.250000 
 142
0.479817 0.002466 0.046210 
0.462778 0.994961 0.462022 
0.057405 0.002573 0.491768 
0.989628 0.003747 0.003566 0.003059 
0.250000 0.250000 0.250000 0.250000 
 143
0.479817 0.002466 0.046210 
0.462778 0.994961 0.462022 
0.057405 0.002573 0.491768 
0.003511 0.009136 0.003427 0.983926 
0.250000 0.250000 0.250000 0.250000 
 144
0.479817 0.002466 0.046210 
0.462778 0.994961 0.462022 
0.057405 0.002573 0.491768 
0.973067 0.004338 0.017614 0.004980 
0.250000 0.250000 0.250000 0.250000 
 145
0.479817 0.002466 0.046210 
0.462778 0.994961 0.462022 
0.057405 0.002573 0.491768 
0.005068 0.989271 0.002830 0.002830 
0.250000 0.250000 0.250000 0.250000 
 146
0.479817 0.002466 0.046210 
0.462778 0.994961 0.462022 
0.057405 0.002573 0.491768 
0.003461 0.990879 0.002830 0.002830 
0.250000 0.250000 0.250000 0.250000 
 147
0.479817 0.002466 0.046210 
0.462778 0.994961 0.462022 
0.057405 0.002573 0.491768 
0.003591 0.003496 0.003553 0.989360 
0.250000 0.250000 0.250000 0.250000 
 148
0.479817 0.002466 0.046210 
0.462778 0.994961 0.462022 
0.057405 0.002573 0.491768 
0.020525 0.973814 0.002830 0.002830 
0.250000 0.250000 0.250000 0.250000 
 149
0.479817 0.002466 0.046210 
0.462778 0.994961 0.462022 
0.057405 0.002573 0.491768 
0.991018 0.002830 0.002830 0.003321 
0.250000 0.250000 0.250000 0.250000 
 150
0.479817 0.002466 0.046210 
0.462778 0.994961 0.462022 
0.057405 0.002573 0.491768 
0.989993 0.003789 0.003388 0.002830 
0.250000 0.250000 0.250000 0.250000 
 151
0.479817 0.002466 0.046210 
0.462778 0.994961 0.462022 
0.057405 0.002573 0.491768 
0.991509 0.002830 0.002830 0.002830 
0.250000 0.250000 0.250000 0.250000 
 152
0.479817 0.002466 0.046210 
0.462778 0.994961 0.462022 
0.057405 0.002573 0.491768 
0.002830 0.002830 0.002830 0.991509 
0.250000 0.250000 0.250000 0.250000 
 153
0.479817 0.002466 0.046210 
0.462778 0.994961 0.462022 
0.057405 0.002573 0.491768 
0.990821 0.003195 0.002830 0.003154 
0.250000 0.250000 0.250000 0.250000 
 154
0.479817 0.002466 0.046210 
0.462778 0.994961 0.462022 
0.057405 0.002573 0.491768 
0.002830 0.002830 0.002830 0.991509 
0.250000 0.250000 0.250000 0.250000 
 155
0.479817 0.002466 0.046210 
0.462778 0.994961 0.462022 
0.057405 0.002573 0.491768 
0.002830 0.991509 0.002830 0.002830 
0.250000 0.250000 0.250000 0.250000 
 156
0.479817 0.002466 0.046210 
0.462778 0.994961 0.462022 
0.057405 0.002573 0.491768 
0.002830 0.002830 0.986452 0.007888 
0.250000 0.250000 0.250000 0.250000 
 157
0.479817 0.002466 0.046210 
0.462778 0.994961 0.462022 
0.057405 0.002573 0.491768 
0.062937 0.931402 0.002830 0.002830 
0.250000 0.250000 0.250000 0.250000 
 158
0.479817 0.002466 0.046210 
0.462778 0.994961 0.462022 
0.057405 0.002573 0.491768 
0.990598 0.003742 0.002830 0.002830 
0.250000 0.250000 0.250000 0.250000 
 159
0.479817 0.002466 0.046210 
0.462778 0.994961 0.462022 
0.057405 0.002573 0.491768 
0.020793 0.003069 0.972330 0.003808 
0.250000 0.250000 0.250000 0.250000 
 160
0.479817 0.002466 0.046210 
0.462778 0.994961 0.462022 
0.057405 0.002573 0.491768 
0.989834 0.004194 0.003141 0.002831 
0.250000 0.250000 0.250000 0.250000 
 161
0.479817 0.002466 0.046210 
0.462778 0.994961 0.462022 
0.057405 0.002573 0.491768 
0.004926 0.989413 0.002830 0.002830 
0.250000 0.250000 0.250000 0.250000 
 162
0.479817 0.002466 0.046210 
0.462778 0.994961 0.462022 
0.057405 0.002573 0.491768 
0.002830 0.003275 0.012171 0.981724 
0.250000 0.250000 0.250000 0.250000 
 163
0.479817 0.002466 0.046210 
0.462778 0.994961 0.462022 
0.057405 0.002573 0.491768 
0.002830 0.002830 0.991509 0.002830 
0.250000 0.250000 0.250000 0.250000 
 164
0.479817 0.002466 0.046210 
0.462778 0.994961 0.462022 
0.057405 0.002573 0.491768 
0.003200 0.002830 0.991140 0.002830 
0.250000 0.250000 0.250000 0.250000 
 165
0.479817 0.002466 0.046210 
0.462778 0.994961 0.462022 
0.057405 0.002573 0.491768 
0.003087 0.003064 0.005603 0.988246 
0.250000 0.250000 0.250000 0.250000 
 166
0.479817 0.002466 0.046210 
0.462778 0.994961 0.462022 
0.057405 0.002573 0.491768 
0.002830 0.002830 0.988883 0.005456 
0.250000 0.250000 0.250000 0.250000 
 167
0.479817 0.002466 0.046210 
0.462778 0.994961 0.462022 
0.057405 0.002573 0.491768 
0.991129 0.002831 0.002831 0.003209 
0.250000 0.250000 0.250000 0.250000 
 168
0.479817 0.002466 0.046210 
0.462778 0.994961 0.462022 
0.057405 0.002573 0.491768 
0.002830 0.002830 0.006316 0.988023 
0.250000 0.250000 0.250000 0.250000 
 169
0.479817 0.002466 0.046210 
0.462778 0.994961 0.462022 
0.057405 0.002573 0.491768 
0.004674 0.002830 0.989665 0.002830 
0.250000 0.250000 0.250000 0.250000 
 170
0.479817 0.002466 0.046210 
0.462778 0.994961 0.462022 
0.057405 0.002573 0.491768 
0.988156 0.005791 0.002830 0.003223 
0.250000 0.250000 0.250000 0.250000 
 171
0.479817 0.002466 0.046210 
0.462778 0.994961 0.462022 
0.057405 0.002573 0.491768 
0.028704 0.960731 0.005477 0.005087 
0.250000 0.250000 0.250000 0.250000 
 172
0.479817 0.002466 0.046210 
0.462778 0.994961 0.462022 
0.057405 0.002573 0.491768 
0.937290 0.057048 0.002831 0.002831 
0.250000 0.250000 0.250000 0.250000 
 173
0.479817 0.002466 0.046210 
0.462778 0.994961 0.462022 
0.057405 0.002573 0.491768 
0.002830 0.002830 0.003199 0.991140 
0.250000 0.250000 0.250000 0.250000 
 174
0.479817 0.002466 0.046210 
0.462778 0.994961 0.462022 
0.057405 0.002573 0.491768 
0.002831 0.002831 0.988081 0.006257 
0.250000 0.250000 0.250000 0.250000 
 175
0.479817 0.002466 0.046210 
0.462778 0.994961 0.462022 
0.057405 0.002573 0.491768 
0.003981 0.002830 0.990085 0.003104 
0.250000 0.250000 0.250000 0.250000 
 176
0.479817 0.002466 0.046210 
0.462778 0.994961 0.462022 
0.057405 0.002573 0.491768 
0.002830 0.002830 0.002830 0.991509 
0.250000 0.250000 0.250000 0.250000 
 177
0.479817 0.002466 0.046210 
0.462778 0.994961 0.462022 
0.057405 0.002573 0.491768 
0.002830 0.002830 0.004847 0.989492 
0.250000 0.250000 0.250000 0.250000 
 178
0.479817 0.002466 0.046210 
0.462778 0.994961 0.462022 
0.057405 0.002573 0.491768 
0.002830 0.991509 0.002830 0.002830 
0.250000 0.250000 0.250000 0.250000 
 179
0.479817 0.002466 0.046210 
0.462778 0.994961 0.462022 
0.057405 0.002573 0.491768 
0.991509 0.002830 0.002830 0.002830 
0.250000 0.250000 0.250000 0.250000 
 180
0.479817 0.002466 0.046210 
0.462778 0.994961 0.462022 
0.057405 0.002573 0.491768 
0.002830 0.002830 0.004278 0.990062 
0.250000 0.250000 0.250000 0.250000 
 181
0.479817 0.002466 0.046210 
0.462778 0.994961 0.462022 
0.057405 0.002573 0.491768 
0.002830 0.991509 0.002830 0.002830 
0.250000 0.250000 0.250000 0.250000 
 182
0.479817 0.002466 0.046210 
0.462778 0.994961 0.462022 
0.057405 0.002573 0.491768 
0.002830 0.991509 0.002830 0.002830 
0.250000 0.250000 0.250000 0.250000 
 183
0.479817 0.002466 0.046210 
0.462778 0.994961 0.462022 
0.057405 0.002573 0.491768 
0.987363 0.006977 0.002830 0.002830 
0.250000 0.250000 0.250000 0.250000 
 184
0.479817 0.002466 0.046210 
0.462778 0.994961 0.462022 
0.057405 0.002573 0.491768 
0.005100 0.986593 0.002831 0.005477 
0.250000 0.250000 0.250000 0.250000 
 185
0.479817 0.002466 0.046210 
0.462778 0.994961 0.462022 
0.057405 0.002573 0.491768 
0.228128 0.766211 0.002830 0.002830 
0.250000 0.250000 0.250000 0.250000 
 186
0.479817 0.002466 0.046210 
0.462778 0.994961 0.462022 
0.057405 0.002573 0.491768 
0.007054 0.986490 0.002831 0.003625 
0.250000 0.250000 0.250000 0.250000 
 187
0.479817 0.002466 0.046210 
0.462778 0.994961 0.462022 
0.057405 0.002573 0.491768 
0.990419 0.003920 0.002830 0.002830 
0.250000 0.250000 0.250000 0.250000 
 188
0.479817 0.002466 0.046210 
0.462778 0.994961 0.462022 
0.057405 0.002573 0.491768 
0.991111 0.003229 0.002830 0.002830 
0.250000 0.250000 0.250000 0.250000 
 189
0.479817 0.002466 0.046210 
0.462778 0.994961 0.462022 
0.057405 0.002573 0.491768 
0.003181 0.003076 0.987654 0.006089 
0.250000 0.250000 0.250000 0.250000 
 190
0.479817 0.002466 0.046210 
0.462778 0.994961 0.462022 
0.057405 0.002573 0.491768 
0.002830 0.002830 0.002830 0.991509 
0.250000 0.250000 0.250000 0.250000 
 191
0.479817 0.002466 0.046210 
0.462778 0.994961 0.462022 
0.057405 0.002573 0.491768 
0.002830 0.991509 0.002830 0.002830 
0.250000 0.250000 0.250000 0.250000 
 192
0.479817 0.002466 0.046210 
0.462778 0.994961 0.462022 
0.057405 0.002573 0.491768 
0.002830 0.002830 0.990368 0.003972 
0.250000 0.250000 0.250000 0.250000 
 193
0.479817 0.002466 0.046210 
0.462778 0.994961 0.462022 
0.057405 0.002573 0.491768 
0.991509 0.002830 0.002830 0.002830 
0.250000 0.250000 0.250000 0.250000 
 194
0.479817 0.002466 0.046210 
0.462778 0.994961 0.462022 
0.057405 0.002573 0.491768 
0.003224 0.002830 0.991115 0.002830 
0.250000 0.250000 0.250000 0.250000 
 195
0.479817 0.002466 0.046210 
0.462778 0.994961 0.462022 
0.057405 0.002573 0.491768 
0.989316 0.004648 0.003206 0.002830 
0.250000 0.250000 0.250000 0.250000 
 196
0.479817 0.002466 0.046210 
0.462778 0.994961 0.462022 
0.057405 0.002573 0.491768 
0.004754 0.002830 0.986737 0.005679 
0.250000 0.250000 0.250000 0.250000 
 197
0.479817 0.002466 0.046210 
0.462778 0.994961 0.462022 
0.057405 0.002573 0.491768 
0.002830 0.002830 0.002830 0.991509 
0.250000 0.250000 0.250000 0.250000 
 198
0.479817 0.002466 0.046210 
0.462778 0.994961 0.462022 
0.057405 0.002573 0.491768 
0.988969 0.005371 0.002830 0.002830 
0.250000 0.250000 0.250000 0.250000 
 199
0.479817 0.002466 0.046210 
0.462778 0.994961 0.462022 
0.057405 0.002573 0.491768 
0.989375 0.004965 0.002830 0.002830 
0.250000 0.250000 0.250000 0.250000 
 200
0.479817 0.002466 0.046210 
0.462778 0.994961 0.462022 
0.057405 0.002573 0.491768 
0.002830 0.002830 0.002830 0.991509 
0.250000 0.250000 0.250000 0.250000 
 201
0.479817 0.002466 0.046210 
0.462778 0.994961 0.462022 
0.057405 0.002573 0.491768 
0.989739 0.004105 0.003096 0.003060 
0.250000 0.250000 0.250000 0.250000 
 202
0.479817 0.002466 0.046210 
0.462778 0.994961 0.462022 
0.057405 0.002573 0.491768 
0.002830 0.991509 0.002830 0.002830 
0.250000 0.250000 0.250000 0.250000 
 203
0.479817 0.002466 0.046210 
0.462778 0.994961 0.462022 
0.057405 0.002573 0.491768 
0.991509 0.002830 0.002830 0.002830 
0.250000 0.250000 0.250000 0.250000 
 204
0.479817 0.002466 0.046210 
0.462778 0.994961 0.462022 
0.057405 0.002573 0.491768 
0.002830 0.002830 0.003373 0.990967 
0.250000 0.250000 0.250000 0.250000 
 205
0.479817 0.002466 0.046210 
0.462778 0.994961 0.462022 
0.057405 0.002573 0.491768 
0.003111 0.990480 0.002831 0.003579 
0.250000 0.250000 0.250000 0.250000 
 206
0.479817 0.002466 0.046210 
0.462778 0.994961 0.462022 
0.057405 0.002573 0.491768 
0.002830 0.002830 0.991509 0.002830 
0.250000 0.250000 0.250000 0.250000 
 207
0.479817 0.002466 0.046210 
0.462778 0.994961 0.462022 
0.057405 0.002573 0.491768 
0.002830 0.002830 0.002830 0.991509 
0.250000 0.250000 0.250000 0.250000 
 208
0.479817 0.002466 0.046210 
0.462778 0.994961 0.462022 
0.057405 0.002573 0.491768 
0.003130 0.002830 0.990455 0.003585 
0.250000 0.250000 0.250000 0.250000 
 209
0.479817 0.002466 0.046210 
0.462778 0.994961 0.462022 
0.057405 0.002573 0.491768 
0.002830 0.002830 0.002830 0.991509 
0.250000 0.250000 0.250000 0.250000 
 210
0.479817 0.002466 0.046210 
0.462778 0.994961 0.462022 
0.057405 0.002573 0.491768 
0.989627 0.003590 0.003705 0.003079 
0.250000 0.250000 0.250000 0.250000 
 211
0.479817 0.002466 0.046210 
0.462778 0.994961 0.462022 
0.057405 0.002573 0.491768 
0.002831 0.002831 0.025031 0.969308 
0.250000 0.250000 0.250000 0.250000 
 212
0.479817 0.002466 0.046210 
0.462778 0.994961 0.462022 
0.057405 0.002573 0.491768 
0.002830 0.002830 0.002830 0.991509 
0.250000 0.250000 0.250000 0.250000 
 213
0.479817 0.002466 0.046210 
0.462778 0.994961 0.462022 
0.057405 0.002573 0.491768 
0.007445 0.986895 0.002830 0.002830 
0.250000 0.250000 0.250000 0.250000 
 214
0.479817 0.002466 0.046210 
0.462778 0.994961 0.462022 
0.057405 0.002573 0.491768 
0.002830 0.991509 0.002830 0.002830 
0.250000 0.250000 0.250000 0.250000 
 215
0.479817 0.002466 0.046210 
0.462778 0.994961 0.462022 
0.057405 0.002573 0.491768 
0.002830 0.991509 0.002830 0.002830 
0.250000 0.250000 0.250000 0.250000 
 216
0.479817 0.002856 0.046210 
0.462778 0.994571 0.462022 
0.056823 0.002574 0.491768 
0.017338 0.976626 0.002834 0.003202 
0.250000 0.250000 0.250000 0.250000 
 217
0.474948 0.002467 0.046210 
0.468229 0.994959 0.462022 
0.057405 0.002573 0.491768 
0.003206 0.991126 0.002834 0.002834 
0.250000 0.250000 0.250000 0.250000 
 218
0.479817 0.002466 0.046210 
0.462778 0.994961 0.462022 
0.057405 0.002573 0.491768 
0.991506 0.002831 0.002831 0.002831 
0.250000 0.250000 0.250000 0.250000 
 219
0.479817 0.002466 0.046210 
0.462778 0.994961 0.462022 
0.057405 0.002573 0.491768 
0.002830 0.002830 0.989684 0.004655 
0.250000 0.250000 0.250000 0.250000 
 220
0.479817 0.002466 0.046210 
0.462778 0.994961 0.462022 
0.057405 0.002573 0.491768 
0.002830 0.002830 0.991509 0.002830 
0.250000 0.250000 0.250000 0.250000 
 221
0.479817 0.002466 0.046210 
0.462778 0.994961 0.462022 
0.057405 0.002573 0.491768 
0.002830 0.002830 0.991509 0.002830 
0.250000 0.250000 0.250000 0.250000 
 222
0.479817 0.002466 0.046210 
0.462778 0.994961 0.462022 
0.057405 0.002573 0.491768 
0.003358 0.002830 0.004359 0.989453 
0.250000 0.250000 0.250000 0.250000 
 223
0.479817 0.002466 0.046210 
0.462778 0.994961 0.462022 
0.057405 0.002573 0.491768 
0.002830 0.002830 0.991509 0.002830 
0.250000 0.250000 0.250000 0.250000 
 224
0.479817 0.002466 0.046210 
0.462778 0.994961 0.462022 
0.057405 0.002573 0.491768 
0.990974 0.003365 0.002830 0.002830 
0.250000 0.250000 0.250000 0.250000 
 225
0.479817 0.002466 0.046210 
0.462778 0.994961 0.462022 
0.057405 0.002573 0.491768 
0.011114 0.960771 0.002831 0.025285 
0.250000 0.250000 0.250000 0.250000 
 226
0.479817 0.002466 0.046210 
0.462778 0.994961 0.462022 
0.057405 0.002573 0.491768 
0.002830 0.002830 0.002830 0.991509 
0.250000 0.250000 0.250000 0.250000 
 227
0.479817 0.002466 0.046210 
0.462778 0.994961 0.462022 
0.057405 0.002573 0.491768 
0.002830 0.991509 0.002830 0.002830 
0.250000 0.250000 0.250000 0.250000 
 228
0.479817 0.002466 0.046210 
0.462778 0.994961 0.462022 
0.057405 0.002573 0.491768 
0.002830 0.002830 0.008635 0.985704 
0.250000 0.250000 0.250000 0.250000 
 229
0.479817 0.002466 0.046210 
0.462778 0.994961 0.462022 
0.057405 0.002573 0.491768 
0.003290 0.990778 0.002830 0.003102 
0.250000 0.250000 0.250000 0.250000 
 230
0.479817 0.002466 0.046210 
0.462778 0.994961 0.462022 
0.057405 0.002573 0.491768 
0.991509 0.002830 0.002830 0.002830 
0.250000 0.250000 0.250000 0.250000 
 231
0.479817 0.002466 0.046210 
0.462778 0.994961 0.462022 
0.057405 0.002573 0.491768 
0.003690 0.002830 0.982786 0.010695 
0.250000 0.250000 0.250000 0.250000 
 232
0.479817 0.002466 0.046210 
0.462778 0.994961 0.462022 
0.057405 0.002573 0.491768 
0.017501 0.976351 0.003317 0.002830 
0.250000 0.250000 0.250000 0.250000 
 233
0.479817 0.002466 0.046210 
0.462778 0.994961 0.462022 
0.057405 0.002573 0.491768 
0.019118 0.975221 0.002831 0.002831 
0.250000 0.250000 0.250000 0.250000 
 234
0.479817 0.002466 0.046210 
0.462778 0.994961 0.462022 
0.057405 0.002573 0.491768 
0.005380 0.002831 0.988172 0.003618 
0.250000 0.250000 0.250000 0.250000 
 235
0.479817 0.002466 0.046210 
0.462778 0.994961 0.462022 
0.057405 0.002573 0.491768 
