%  SAM: /scicomp/home/vfn4/nomen/label/LABEL_RES/scripts/modelfromalign_Linux v3.5 (July 15, 2005) compiled 12/08/06_16:15:55
%  (c) 1992-2001 Regents of the University of California, Santa Cruz
%
%          Sequence Alignment and Modeling Software System
%         http://www.cse.ucsc.edu/research/compbio/sam.html
%
% ----------------- Citations (SAM, SAM-T2K, HMMs) --------------------
% R. Hughey, A. Krogh, Hidden Markov models for sequence analysis:
%  Extension and analysis of the basic method, CABIOS 12:95-107, 1996.
% K. Karplus, et al., What is the value added by human intervention in protein
%  structure prediction, Proteins: Stucture, Function, Genetics 45(S5):86--91, 2001.
% A. Krogh et al., Hidden Markov models in computational biology:
%  Applications to protein modeling, JMB 235:1501-1531, Feb 1994.
% ---------------------------------------------------------------------
%  c-3C.2a1a_hmm   Host: id-dev-03    Tue Dec  3 12:56:41 2019
%  vfn4            Dir:  /scicomp/groups/OID/NCIRD/ID-OD/ID_nomenclatures/H3/training/H3v2019R1/stub6r1/c-3C.2a1x
% ---------------------------------------------------------------------
%  Alignment weights from internal calc.  Total (68.79) Max (0.25) Min (0.01)
%  Weights from alignment method 1 (karplus), b=-1.000000, e=0.500000
MODEL --  Model from alignment file /scicomp/home/vfn4/nomen/label/LABEL_RES/training_data/stub6/c-3C.2a1x/c-3C.2a1a.fasta
alphabet DNA
FREQAVE
0.000000 0.000000 0.000000 
0.000000 0.000000 0.000000 
0.000000 0.000000 0.000000 
0.345176 0.222568 0.193634 0.238622 
0.345176 0.222568 0.193634 0.238622 
Begin
0.000000 0.000000 0.000000 
0.000000 0.000000 0.000000 
0.000000 0.003135 0.491768 
0.250000 0.250000 0.250000 0.250000 
0.250000 0.250000 0.250000 0.250000 
   1
0.000000 0.015572 0.046210 
0.000000 0.981292 0.462022 
0.045162 0.003175 0.491768 
0.004576 0.003638 0.988147 0.003638 
0.250000 0.250000 0.250000 0.250000 
   2
0.576165 0.003044 0.046210 
0.378672 0.993781 0.462022 
0.045831 0.003172 0.491768 
0.988254 0.003959 0.003634 0.004153 
0.250000 0.250000 0.250000 0.250000 
   3
0.584696 0.003041 0.046210 
0.369473 0.993787 0.462022 
0.045831 0.003172 0.491768 
0.987246 0.004966 0.004153 0.003634 
0.250000 0.250000 0.250000 0.250000 
   4
0.577875 0.003041 0.046210 
0.376294 0.993787 0.462022 
0.046146 0.003171 0.491768 
0.980942 0.004662 0.010760 0.003636 
0.250000 0.250000 0.250000 0.250000 
   5
0.546059 0.003040 0.046210 
0.407795 0.993789 0.462022 
0.047859 0.003164 0.491768 
0.970253 0.022500 0.003624 0.003624 
0.250000 0.250000 0.250000 0.250000 
   6
0.559629 0.003033 0.046210 
0.392512 0.993802 0.462022 
0.048181 0.003163 0.491768 
0.986696 0.006062 0.003621 0.003621 
0.250000 0.250000 0.250000 0.250000 
   7
0.563402 0.003032 0.046210 
0.388417 0.993805 0.462022 
0.048181 0.003163 0.491768 
0.986476 0.004838 0.005061 0.003625 
0.250000 0.250000 0.250000 0.250000 
   8
0.559251 0.003032 0.046210 
0.392568 0.993805 0.462022 
0.048382 0.003163 0.491768 
0.004885 0.004309 0.004215 0.986591 
0.250000 0.250000 0.250000 0.250000 
   9
0.561582 0.003031 0.046210 
0.390036 0.993806 0.462022 
0.048382 0.003163 0.491768 
0.003953 0.003620 0.005504 0.986922 
0.250000 0.250000 0.250000 0.250000 
  10
0.554536 0.003031 0.046210 
0.397082 0.993806 0.462022 
0.048725 0.003161 0.491768 
0.007409 0.003619 0.985000 0.003973 
0.250000 0.250000 0.250000 0.250000 
  11
0.556579 0.003030 0.046210 
0.394696 0.993808 0.462022 
0.048818 0.003161 0.491768 
0.004175 0.003619 0.987772 0.004434 
0.250000 0.250000 0.250000 0.250000 
  12
0.557634 0.003030 0.046210 
0.393548 0.993809 0.462022 
0.048818 0.003161 0.491768 
0.007460 0.003618 0.009675 0.979247 
0.250000 0.250000 0.250000 0.250000 
  13
0.542591 0.003030 0.046210 
0.408591 0.993809 0.462022 
0.049563 0.003158 0.491768 
0.004305 0.988466 0.003614 0.003614 
0.250000 0.250000 0.250000 0.250000 
  14
0.550878 0.003027 0.046210 
0.399559 0.993814 0.462022 
0.049563 0.003158 0.491768 
0.007771 0.984594 0.003614 0.004021 
0.250000 0.250000 0.250000 0.250000 
  15
0.548430 0.003027 0.046210 
0.402007 0.993814 0.462022 
0.049685 0.003158 0.491768 
0.986284 0.006154 0.003614 0.003949 
0.250000 0.250000 0.250000 0.250000 
  16
0.549776 0.003027 0.046210 
0.400540 0.993815 0.462022 
0.049685 0.003158 0.491768 
0.985942 0.006830 0.003614 0.003614 
0.250000 0.250000 0.250000 0.250000 
  17
0.547764 0.003027 0.046210 
0.402551 0.993815 0.462022 
0.049785 0.003158 0.491768 
0.988379 0.004393 0.003614 0.003614 
0.250000 0.250000 0.250000 0.250000 
  18
0.548868 0.003027 0.046210 
0.401347 0.993816 0.462022 
0.049785 0.003158 0.491768 
0.003615 0.003938 0.004695 0.987752 
0.250000 0.250000 0.250000 0.250000 
  19
0.544394 0.003027 0.046210 
0.405821 0.993816 0.462022 
0.050009 0.003157 0.491768 
0.004744 0.987706 0.003612 0.003938 
0.250000 0.250000 0.250000 0.250000 
  20
0.544814 0.003026 0.046210 
0.405178 0.993817 0.462022 
0.050110 0.003157 0.491768 
0.989165 0.003612 0.003612 0.003612 
0.250000 0.250000 0.250000 0.250000 
  21
0.526423 0.003026 0.046210 
0.423467 0.993818 0.462022 
0.051107 0.003153 0.491768 
0.004589 0.003607 0.987861 0.003943 
0.250000 0.250000 0.250000 0.250000 
  22
0.534948 0.003023 0.046210 
0.413946 0.993824 0.462022 
0.051206 0.003153 0.491768 
0.988483 0.003975 0.003607 0.003936 
0.250000 0.250000 0.250000 0.250000 
  23
0.535989 0.003022 0.046210 
0.412804 0.993825 0.462022 
0.051206 0.003153 0.491768 
0.988171 0.004615 0.003607 0.003607 
0.250000 0.250000 0.250000 0.250000 
  24
0.535989 0.003022 0.046210 
0.412804 0.993825 0.462022 
0.051206 0.003153 0.491768 
0.003896 0.004745 0.018022 0.973337 
0.250000 0.250000 0.250000 0.250000 
  25
0.519476 0.003022 0.046210 
0.429317 0.993825 0.462022 
0.052066 0.003150 0.491768 
0.987930 0.004864 0.003603 0.003603 
0.250000 0.250000 0.250000 0.250000 
  26
0.528199 0.003020 0.046210 
0.419736 0.993830 0.462022 
0.052066 0.003150 0.491768 
0.004846 0.987412 0.003603 0.004139 
0.250000 0.250000 0.250000 0.250000 
  27
0.516730 0.003020 0.046210 
0.431204 0.993830 0.462022 
0.052670 0.003148 0.491768 
0.004244 0.003600 0.987717 0.004438 
0.250000 0.250000 0.250000 0.250000 
  28
0.522725 0.003018 0.046210 
0.424605 0.993834 0.462022 
0.052670 0.003148 0.491768 
0.987725 0.005074 0.003600 0.003600 
0.250000 0.250000 0.250000 0.250000 
  29
0.520716 0.003018 0.046210 
0.426614 0.993834 0.462022 
0.052776 0.003148 0.491768 
0.004163 0.003917 0.986891 0.005029 
0.250000 0.250000 0.250000 0.250000 
  30
0.513127 0.003018 0.046210 
0.434097 0.993834 0.462022 
0.053236 0.003147 0.491768 
0.009856 0.980817 0.003598 0.005729 
0.250000 0.250000 0.250000 0.250000 
  31
0.517598 0.003016 0.046210 
0.429167 0.993837 0.462022 
0.053236 0.003147 0.491768 
0.003598 0.989206 0.003598 0.003598 
0.250000 0.250000 0.250000 0.250000 
  32
0.517598 0.003016 0.046210 
0.429167 0.993837 0.462022 
0.053236 0.003147 0.491768 
0.003598 0.003598 0.989206 0.003598 
0.250000 0.250000 0.250000 0.250000 
  33
0.514530 0.003016 0.046210 
0.432234 0.993837 0.462022 
0.053400 0.003146 0.491768 
0.986160 0.005028 0.003597 0.005214 
0.250000 0.250000 0.250000 0.250000 
  34
0.506588 0.003016 0.046210 
0.440013 0.993838 0.462022 
0.053913 0.003145 0.491768 
0.989214 0.003595 0.003595 0.003595 
0.250000 0.250000 0.250000 0.250000 
  35
0.511460 0.003014 0.046210 
0.434627 0.993841 0.462022 
0.053913 0.003145 0.491768 
0.003595 0.003595 0.987873 0.004936 
0.250000 0.250000 0.250000 0.250000 
  36
0.511460 0.003014 0.046210 
0.434627 0.993841 0.462022 
0.053913 0.003145 0.491768 
0.006477 0.984462 0.005466 0.003596 
0.250000 0.250000 0.250000 0.250000 
  37
0.506900 0.003014 0.046210 
0.439187 0.993841 0.462022 
0.054160 0.003144 0.491768 
0.003594 0.003594 0.987502 0.005309 
0.250000 0.250000 0.250000 0.250000 
  38
0.509222 0.003014 0.046210 
0.436618 0.993842 0.462022 
0.054160 0.003144 0.491768 
0.003594 0.003594 0.003594 0.989217 
0.250000 0.250000 0.250000 0.250000 
  39
0.509222 0.003014 0.046210 
0.436618 0.993842 0.462022 
0.054160 0.003144 0.491768 
0.009472 0.982120 0.003594 0.004813 
0.250000 0.250000 0.250000 0.250000 
  40
0.503027 0.003014 0.046210 
0.442813 0.993842 0.462022 
0.054498 0.003143 0.491768 
0.003593 0.003593 0.003593 0.989221 
0.250000 0.250000 0.250000 0.250000 
  41
0.506163 0.003013 0.046210 
0.439340 0.993844 0.462022 
0.054498 0.003143 0.491768 
0.003593 0.989221 0.003593 0.003593 
0.250000 0.250000 0.250000 0.250000 
  42
0.506163 0.003013 0.046210 
0.439340 0.993844 0.462022 
0.054498 0.003143 0.491768 
0.003594 0.003594 0.984843 0.007969 
0.250000 0.250000 0.250000 0.250000 
  43
0.492983 0.003013 0.046210 
0.452520 0.993844 0.462022 
0.055226 0.003141 0.491768 
0.004886 0.003590 0.987934 0.003590 
0.250000 0.250000 0.250000 0.250000 
  44
0.494761 0.003011 0.046210 
0.450013 0.993848 0.462022 
0.055492 0.003140 0.491768 
0.003589 0.003589 0.003589 0.989232 
0.250000 0.250000 0.250000 0.250000 
  45
0.497151 0.003010 0.046210 
0.447357 0.993850 0.462022 
0.055492 0.003140 0.491768 
0.004646 0.004916 0.004758 0.985680 
0.250000 0.250000 0.250000 0.250000 
  46
0.494924 0.003010 0.046210 
0.449583 0.993850 0.462022 
0.055616 0.003140 0.491768 
0.003589 0.989234 0.003589 0.003589 
0.250000 0.250000 0.250000 0.250000 
  47
0.489776 0.003010 0.046210 
0.454608 0.993850 0.462022 
0.055966 0.003139 0.491768 
0.003587 0.989238 0.003587 0.003587 
0.250000 0.250000 0.250000 0.250000 
  48
0.490560 0.003009 0.046210 
0.453474 0.993852 0.462022 
0.056095 0.003139 0.491768 
0.015225 0.976538 0.004649 0.003588 
0.250000 0.250000 0.250000 0.250000 
  49
0.491689 0.003009 0.046210 
0.452216 0.993853 0.462022 
0.056095 0.003139 0.491768 
0.003587 0.003587 0.989239 0.003587 
0.250000 0.250000 0.250000 0.250000 
  50
0.491689 0.003009 0.046210 
0.452216 0.993853 0.462022 
0.056095 0.003139 0.491768 
0.983060 0.003587 0.009766 0.003587 
0.250000 0.250000 0.250000 0.250000 
  51
0.491689 0.003009 0.046210 
0.452216 0.993853 0.462022 
0.056095 0.003139 0.491768 
0.003587 0.003587 0.969626 0.023200 
0.250000 0.250000 0.250000 0.250000 
  52
0.488558 0.003009 0.046210 
0.455347 0.993853 0.462022 
0.056271 0.003138 0.491768 
0.003586 0.003586 0.988200 0.004627 
0.250000 0.250000 0.250000 0.250000 
  53
0.487387 0.003008 0.046210 
0.456342 0.993854 0.462022 
0.056424 0.003138 0.491768 
0.986969 0.003586 0.003586 0.005860 
0.250000 0.250000 0.250000 0.250000 
  54
0.488709 0.003008 0.046210 
0.454867 0.993855 0.462022 
0.056424 0.003138 0.491768 
0.007106 0.003586 0.004772 0.984537 
0.250000 0.250000 0.250000 0.250000 
  55
0.488709 0.003008 0.046210 
0.454867 0.993855 0.462022 
0.056424 0.003138 0.491768 
0.003971 0.988080 0.003586 0.004363 
0.250000 0.250000 0.250000 0.250000 
  56
0.482979 0.003008 0.046210 
0.460597 0.993855 0.462022 
0.056749 0.003137 0.491768 
0.003585 0.003585 0.989245 0.003585 
0.250000 0.250000 0.250000 0.250000 
  57
0.485763 0.003007 0.046210 
0.457488 0.993856 0.462022 
0.056749 0.003137 0.491768 
0.988812 0.003585 0.004019 0.003585 
0.250000 0.250000 0.250000 0.250000 
  58
0.485763 0.003007 0.046210 
0.457488 0.993856 0.462022 
0.056749 0.003137 0.491768 
0.004273 0.988558 0.003585 0.003585 
0.250000 0.250000 0.250000 0.250000 
  59
0.485763 0.003007 0.046210 
0.457488 0.993856 0.462022 
0.056749 0.003137 0.491768 
0.003585 0.003585 0.003585 0.989246 
0.250000 0.250000 0.250000 0.250000 
  60
0.485763 0.003007 0.046210 
0.457488 0.993856 0.462022 
0.056749 0.003137 0.491768 
0.987257 0.005025 0.003857 0.003860 
0.250000 0.250000 0.250000 0.250000 
  61
0.485763 0.003007 0.046210 
0.457488 0.993856 0.462022 
0.056749 0.003137 0.491768 
0.003585 0.003585 0.987463 0.005366 
0.250000 0.250000 0.250000 0.250000 
  62
0.485763 0.003007 0.046210 
0.457488 0.993856 0.462022 
0.056749 0.003137 0.491768 
0.004859 0.003585 0.987383 0.004173 
0.250000 0.250000 0.250000 0.250000 
  63
0.485763 0.003007 0.046210 
0.457488 0.993856 0.462022 
0.056749 0.003137 0.491768 
0.984187 0.005217 0.007010 0.003586 
0.250000 0.250000 0.250000 0.250000 
  64
0.485763 0.003007 0.046210 
0.457488 0.993856 0.462022 
0.056749 0.003137 0.491768 
0.989246 0.003585 0.003585 0.003585 
0.250000 0.250000 0.250000 0.250000 
  65
0.485763 0.003007 0.046210 
0.457488 0.993856 0.462022 
0.056749 0.003137 0.491768 
0.988513 0.003955 0.003948 0.003585 
0.250000 0.250000 0.250000 0.250000 
  66
0.485763 0.003007 0.046210 
0.457488 0.993856 0.462022 
0.056749 0.003137 0.491768 
0.003585 0.003585 0.595561 0.397269 
0.250000 0.250000 0.250000 0.250000 
  67
0.483486 0.003007 0.046210 
0.459765 0.993856 0.462022 
0.056879 0.003137 0.491768 
0.003584 0.989248 0.003584 0.003584 
0.250000 0.250000 0.250000 0.250000 
  68
0.484589 0.003007 0.046210 
0.458532 0.993857 0.462022 
0.056879 0.003137 0.491768 
0.003584 0.989248 0.003584 0.003584 
0.250000 0.250000 0.250000 0.250000 
  69
0.484589 0.003007 0.046210 
0.458532 0.993857 0.462022 
0.056879 0.003137 0.491768 
0.983324 0.009507 0.003585 0.003585 
0.250000 0.250000 0.250000 0.250000 
  70
0.484589 0.003007 0.046210 
0.458532 0.993857 0.462022 
0.056879 0.003137 0.491768 
0.989243 0.003586 0.003586 0.003586 
0.250000 0.250000 0.250000 0.250000 
  71
0.484589 0.003007 0.046210 
0.458532 0.993857 0.462022 
0.056879 0.003137 0.491768 
0.003584 0.003584 0.989248 0.003584 
0.250000 0.250000 0.250000 0.250000 
  72
0.484589 0.003007 0.046210 
0.458532 0.993857 0.462022 
0.056879 0.003137 0.491768 
0.048480 0.943407 0.003585 0.004529 
0.250000 0.250000 0.250000 0.250000 
  73
0.484589 0.003007 0.046210 
0.458532 0.993857 0.462022 
0.056879 0.003137 0.491768 
0.987057 0.005775 0.003584 0.003584 
0.250000 0.250000 0.250000 0.250000 
  74
0.484589 0.003007 0.046210 
0.458532 0.993857 0.462022 
0.056879 0.003137 0.491768 
0.003584 0.003584 0.004490 0.988342 
0.250000 0.250000 0.250000 0.250000 
  75
0.484589 0.003007 0.046210 
0.458532 0.993857 0.462022 
0.056879 0.003137 0.491768 
0.987451 0.005381 0.003584 0.003584 
0.250000 0.250000 0.250000 0.250000 
  76
0.484589 0.003007 0.046210 
0.458532 0.993857 0.462022 
0.056879 0.003137 0.491768 
0.003584 0.989248 0.003584 0.003584 
0.250000 0.250000 0.250000 0.250000 
  77
0.484589 0.003007 0.046210 
0.458532 0.993857 0.462022 
0.056879 0.003137 0.491768 
0.003584 0.003584 0.003584 0.989248 
0.250000 0.250000 0.250000 0.250000 
  78
0.481402 0.003007 0.046210 
0.461719 0.993857 0.462022 
0.057060 0.003136 0.491768 
0.006828 0.986003 0.003585 0.003585 
0.250000 0.250000 0.250000 0.250000 
  79
0.482941 0.003006 0.046210 
0.459998 0.993858 0.462022 
0.057060 0.003136 0.491768 
0.989250 0.003583 0.003583 0.003583 
0.250000 0.250000 0.250000 0.250000 
  80
0.482941 0.003006 0.046210 
0.459998 0.993858 0.462022 
0.057060 0.003136 0.491768 
0.988138 0.004695 0.003583 0.003583 
0.250000 0.250000 0.250000 0.250000 
  81
0.482941 0.003006 0.046210 
0.459998 0.993858 0.462022 
0.057060 0.003136 0.491768 
0.987121 0.005713 0.003583 0.003583 
0.250000 0.250000 0.250000 0.250000 
  82
0.482941 0.003006 0.046210 
0.459998 0.993858 0.462022 
0.057060 0.003136 0.491768 
0.988033 0.003584 0.004799 0.003584 
0.250000 0.250000 0.250000 0.250000 
  83
0.482941 0.003006 0.046210 
0.459998 0.993858 0.462022 
0.057060 0.003136 0.491768 
0.003583 0.003583 0.989250 0.003583 
0.250000 0.250000 0.250000 0.250000 
  84
0.482941 0.003006 0.046210 
0.459998 0.993858 0.462022 
0.057060 0.003136 0.491768 
0.987065 0.004491 0.003583 0.004861 
0.250000 0.250000 0.250000 0.250000 
  85
0.482941 0.003006 0.046210 
0.459998 0.993858 0.462022 
0.057060 0.003136 0.491768 
0.986611 0.003583 0.005007 0.004799 
0.250000 0.250000 0.250000 0.250000 
  86
0.482941 0.003006 0.046210 
0.459998 0.993858 0.462022 
0.057060 0.003136 0.491768 
0.003583 0.003583 0.003583 0.989250 
0.250000 0.250000 0.250000 0.250000 
  87
0.482941 0.003006 0.046210 
0.459998 0.993858 0.462022 
0.057060 0.003136 0.491768 
0.005903 0.003583 0.984796 0.005718 
0.250000 0.250000 0.250000 0.250000 
  88
0.482941 0.003006 0.046210 
0.459998 0.993858 0.462022 
0.057060 0.003136 0.491768 
0.986867 0.005966 0.003583 0.003583 
0.250000 0.250000 0.250000 0.250000 
  89
0.480649 0.003006 0.046210 
0.462290 0.993858 0.462022 
0.057191 0.003136 0.491768 
0.004154 0.003584 0.988678 0.003584 
0.250000 0.250000 0.250000 0.250000 
  90
0.481753 0.003006 0.046210 
0.461055 0.993858 0.462022 
0.057191 0.003136 0.491768 
0.987582 0.004315 0.004153 0.003950 
0.250000 0.250000 0.250000 0.250000 
  91
0.481753 0.003006 0.046210 
0.461055 0.993858 0.462022 
0.057191 0.003136 0.491768 
0.983845 0.008989 0.003583 0.003583 
0.250000 0.250000 0.250000 0.250000 
  92
0.481753 0.003006 0.046210 
0.461055 0.993858 0.462022 
0.057191 0.003136 0.491768 
0.959503 0.032666 0.004248 0.003583 
0.250000 0.250000 0.250000 0.250000 
  93
0.481753 0.003006 0.046210 
0.461055 0.993858 0.462022 
0.057191 0.003136 0.491768 
0.003583 0.003583 0.004453 0.988381 
0.250000 0.250000 0.250000 0.250000 
  94
0.481753 0.003006 0.046210 
0.461055 0.993858 0.462022 
0.057191 0.003136 0.491768 
0.004035 0.988799 0.003583 0.003583 
0.250000 0.250000 0.250000 0.250000 
  95
0.481753 0.003006 0.046210 
0.461055 0.993858 0.462022 
0.057191 0.003136 0.491768 
0.988169 0.004664 0.003584 0.003584 
0.250000 0.250000 0.250000 0.250000 
  96
0.481753 0.003006 0.046210 
0.461055 0.993858 0.462022 
0.057191 0.003136 0.491768 
0.003583 0.003583 0.984604 0.008229 
0.250000 0.250000 0.250000 0.250000 
  97
0.478031 0.003006 0.046210 
0.464777 0.993858 0.462022 
0.057405 0.003135 0.491768 
0.004149 0.003582 0.988687 0.003582 
0.250000 0.250000 0.250000 0.250000 
  98
0.479817 0.003005 0.046210 
0.462778 0.993859 0.462022 
0.057405 0.003135 0.491768 
0.016400 0.976111 0.003583 0.003906 
0.250000 0.250000 0.250000 0.250000 
  99
0.479817 0.003005 0.046210 
0.462778 0.993859 0.462022 
0.057405 0.003135 0.491768 
0.987939 0.004896 0.003582 0.003582 
0.250000 0.250000 0.250000 0.250000 
 100
0.479817 0.003005 0.046210 
0.462778 0.993859 0.462022 
0.057405 0.003135 0.491768 
0.980550 0.011589 0.003861 0.004000 
0.250000 0.250000 0.250000 0.250000 
 101
0.479817 0.003005 0.046210 
0.462778 0.993859 0.462022 
0.057405 0.003135 0.491768 
0.003582 0.003582 0.004183 0.988653 
0.250000 0.250000 0.250000 0.250000 
 102
0.479817 0.003005 0.046210 
0.462778 0.993859 0.462022 
0.057405 0.003135 0.491768 
0.004065 0.003582 0.004018 0.988335 
0.250000 0.250000 0.250000 0.250000 
 103
0.479817 0.003005 0.046210 
0.462778 0.993859 0.462022 
0.057405 0.003135 0.491768 
0.003582 0.989253 0.003582 0.003582 
0.250000 0.250000 0.250000 0.250000 
 104
0.479817 0.003005 0.046210 
0.462778 0.993859 0.462022 
0.057405 0.003135 0.491768 
0.989253 0.003582 0.003582 0.003582 
0.250000 0.250000 0.250000 0.250000 
 105
0.479817 0.003005 0.046210 
0.462778 0.993859 0.462022 
0.057405 0.003135 0.491768 
0.987836 0.004998 0.003583 0.003583 
0.250000 0.250000 0.250000 0.250000 
 106
0.479817 0.003005 0.046210 
0.462778 0.993859 0.462022 
0.057405 0.003135 0.491768 
0.003582 0.989253 0.003582 0.003582 
0.250000 0.250000 0.250000 0.250000 
 107
0.479817 0.003005 0.046210 
0.462778 0.993859 0.462022 
0.057405 0.003135 0.491768 
0.003582 0.003582 0.003582 0.989253 
0.250000 0.250000 0.250000 0.250000 
 108
0.479817 0.003005 0.046210 
0.462778 0.993859 0.462022 
0.057405 0.003135 0.491768 
0.003583 0.003915 0.045856 0.946646 
0.250000 0.250000 0.250000 0.250000 
 109
0.479817 0.003005 0.046210 
0.462778 0.993859 0.462022 
0.057405 0.003135 0.491768 
0.989253 0.003582 0.003582 0.003582 
0.250000 0.250000 0.250000 0.250000 
 110
0.479817 0.003005 0.046210 
0.462778 0.993859 0.462022 
0.057405 0.003135 0.491768 
0.003582 0.003582 0.988751 0.004085 
0.250000 0.250000 0.250000 0.250000 
 111
0.479817 0.003005 0.046210 
0.462778 0.993859 0.462022 
0.057405 0.003135 0.491768 
0.003583 0.003583 0.024238 0.968596 
0.250000 0.250000 0.250000 0.250000 
 112
0.479817 0.003005 0.046210 
0.462778 0.993859 0.462022 
0.057405 0.003135 0.491768 
0.989253 0.003582 0.003582 0.003582 
0.250000 0.250000 0.250000 0.250000 
 113
0.479817 0.003005 0.046210 
0.462778 0.993859 0.462022 
0.057405 0.003135 0.491768 
0.989253 0.003582 0.003582 0.003582 
0.250000 0.250000 0.250000 0.250000 
 114
0.479817 0.003005 0.046210 
0.462778 0.993859 0.462022 
0.057405 0.003135 0.491768 
0.003582 0.003582 0.007993 0.984843 
0.250000 0.250000 0.250000 0.250000 
 115
0.479817 0.003005 0.046210 
0.462778 0.993859 0.462022 
0.057405 0.003135 0.491768 
0.003582 0.989253 0.003582 0.003582 
0.250000 0.250000 0.250000 0.250000 
 116
0.479817 0.003005 0.046210 
0.462778 0.993859 0.462022 
0.057405 0.003135 0.491768 
0.003582 0.003582 0.989253 0.003582 
0.250000 0.250000 0.250000 0.250000 
 117
0.479817 0.003005 0.046210 
0.462778 0.993859 0.462022 
0.057405 0.003135 0.491768 
0.004395 0.003582 0.005171 0.986852 
0.250000 0.250000 0.250000 0.250000 
 118
0.479817 0.003005 0.046210 
0.462778 0.993859 0.462022 
0.057405 0.003135 0.491768 
0.989253 0.003582 0.003582 0.003582 
0.250000 0.250000 0.250000 0.250000 
 119
0.479817 0.003005 0.046210 
0.462778 0.993859 0.462022 
0.057405 0.003135 0.491768 
0.003582 0.003582 0.988002 0.004834 
0.250000 0.250000 0.250000 0.250000 
 120
0.479817 0.003005 0.046210 
0.462778 0.993859 0.462022 
0.057405 0.003135 0.491768 
0.003868 0.003879 0.004603 0.987650 
0.250000 0.250000 0.250000 0.250000 
 121
0.479817 0.003005 0.046210 
0.462778 0.993859 0.462022 
0.057405 0.003135 0.491768 
0.003582 0.989253 0.003582 0.003582 
0.250000 0.250000 0.250000 0.250000 
 122
0.479817 0.003005 0.046210 
0.462778 0.993859 0.462022 
0.057405 0.003135 0.491768 
0.989253 0.003582 0.003582 0.003582 
0.250000 0.250000 0.250000 0.250000 
 123
0.479817 0.003005 0.046210 
0.462778 0.993859 0.462022 
0.057405 0.003135 0.491768 
0.021926 0.967389 0.003583 0.007101 
0.250000 0.250000 0.250000 0.250000 
 124
0.479817 0.003005 0.046210 
0.462778 0.993859 0.462022 
0.057405 0.003135 0.491768 
0.003582 0.004912 0.005628 0.985878 
0.250000 0.250000 0.250000 0.250000 
 125
0.479817 0.003005 0.046210 
0.462778 0.993859 0.462022 
0.057405 0.003135 0.491768 
0.003582 0.003582 0.007099 0.985737 
0.250000 0.250000 0.250000 0.250000 
 126
0.479817 0.003005 0.046210 
0.462778 0.993859 0.462022 
0.057405 0.003135 0.491768 
0.008375 0.984461 0.003582 0.003582 
0.250000 0.250000 0.250000 0.250000 
 127
0.479817 0.003005 0.046210 
0.462778 0.993859 0.462022 
0.057405 0.003135 0.491768 
0.004671 0.984352 0.003583 0.007394 
0.250000 0.250000 0.250000 0.250000 
 128
0.479817 0.003005 0.046210 
0.462778 0.993859 0.462022 
0.057405 0.003135 0.491768 
0.003582 0.003582 0.007099 0.985737 
0.250000 0.250000 0.250000 0.250000 
 129
0.479817 0.003005 0.046210 
0.462778 0.993859 0.462022 
0.057405 0.003135 0.491768 
0.004002 0.003899 0.007231 0.984868 
0.250000 0.250000 0.250000 0.250000 
 130
0.479817 0.003005 0.046210 
0.462778 0.993859 0.462022 
0.057405 0.003135 0.491768 
0.003583 0.003583 0.989252 0.003583 
0.250000 0.250000 0.250000 0.250000 
 131
0.479817 0.003005 0.046210 
0.462778 0.993859 0.462022 
0.057405 0.003135 0.491768 
0.988822 0.004014 0.003582 0.003582 
0.250000 0.250000 0.250000 0.250000 
 132
0.479817 0.003005 0.046210 
0.462778 0.993859 0.462022 
0.057405 0.003135 0.491768 
0.016247 0.975958 0.003583 0.004212 
0.250000 0.250000 0.250000 0.250000 
 133
0.479817 0.003005 0.046210 
0.462778 0.993859 0.462022 
0.057405 0.003135 0.491768 
0.988599 0.004237 0.003582 0.003582 
0.250000 0.250000 0.250000 0.250000 
 134
0.479817 0.003005 0.046210 
0.462778 0.993859 0.462022 
0.057405 0.003135 0.491768 
0.988679 0.004157 0.003582 0.003582 
0.250000 0.250000 0.250000 0.250000 
 135
0.479817 0.003005 0.046210 
0.462778 0.993859 0.462022 
0.057405 0.003135 0.491768 
0.003582 0.003582 0.007768 0.985067 
0.250000 0.250000 0.250000 0.250000 
 136
0.479817 0.003005 0.046210 
0.462778 0.993859 0.462022 
0.057405 0.003135 0.491768 
0.046753 0.003583 0.003583 0.946080 
0.250000 0.250000 0.250000 0.250000 
 137
0.479817 0.003005 0.046210 
0.462778 0.993859 0.462022 
0.057405 0.003135 0.491768 
0.004709 0.003582 0.987003 0.004706 
0.250000 0.250000 0.250000 0.250000 
 138
0.479817 0.003005 0.046210 
0.462778 0.993859 0.462022 
0.057405 0.003135 0.491768 
0.004223 0.003582 0.988071 0.004124 
0.250000 0.250000 0.250000 0.250000 
 139
0.479817 0.003005 0.046210 
0.462778 0.993859 0.462022 
0.057405 0.003135 0.491768 
0.050351 0.004844 0.004009 0.940796 
0.250000 0.250000 0.250000 0.250000 
 140
0.479817 0.003005 0.046210 
0.462778 0.993859 0.462022 
0.057405 0.003135 0.491768 
0.003582 0.003582 0.989253 0.003582 
0.250000 0.250000 0.250000 0.250000 
 141
0.479817 0.003005 0.046210 
0.462778 0.993859 0.462022 
0.057405 0.003135 0.491768 
0.988536 0.003582 0.004299 0.003582 
0.250000 0.250000 0.250000 0.250000 
 142
0.479817 0.003005 0.046210 
0.462778 0.993859 0.462022 
0.057405 0.003135 0.491768 
0.988267 0.003955 0.003864 0.003913 
0.250000 0.250000 0.250000 0.250000 
 143
0.479817 0.003005 0.046210 
0.462778 0.993859 0.462022 
0.057405 0.003135 0.491768 
0.004398 0.003582 0.004073 0.987947 
0.250000 0.250000 0.250000 0.250000 
 144
0.479817 0.003005 0.046210 
0.462778 0.993859 0.462022 
0.057405 0.003135 0.491768 
0.986687 0.004590 0.004001 0.004722 
0.250000 0.250000 0.250000 0.250000 
 145
0.479817 0.003005 0.046210 
0.462778 0.993859 0.462022 
0.057405 0.003135 0.491768 
0.004498 0.988015 0.003582 0.003905 
0.250000 0.250000 0.250000 0.250000 
 146
0.479817 0.003005 0.046210 
0.462778 0.993859 0.462022 
0.057405 0.003135 0.491768 
0.004704 0.987729 0.003582 0.003985 
0.250000 0.250000 0.250000 0.250000 
 147
0.479817 0.003005 0.046210 
0.462778 0.993859 0.462022 
0.057405 0.003135 0.491768 
0.004738 0.005446 0.003884 0.985932 
0.250000 0.250000 0.250000 0.250000 
 148
0.479817 0.003005 0.046210 
0.462778 0.993859 0.462022 
0.057405 0.003135 0.491768 
0.006124 0.986712 0.003582 0.003582 
0.250000 0.250000 0.250000 0.250000 
 149
0.479817 0.003005 0.046210 
0.462778 0.993859 0.462022 
0.057405 0.003135 0.491768 
0.988517 0.003929 0.003583 0.003971 
0.250000 0.250000 0.250000 0.250000 
 150
0.479817 0.003005 0.046210 
0.462778 0.993859 0.462022 
0.057405 0.003135 0.491768 
0.988561 0.004275 0.003582 0.003582 
0.250000 0.250000 0.250000 0.250000 
 151
0.479817 0.003005 0.046210 
0.462778 0.993859 0.462022 
0.057405 0.003135 0.491768 
0.988834 0.003582 0.004002 0.003582 
0.250000 0.250000 0.250000 0.250000 
 152
0.479817 0.003005 0.046210 
0.462778 0.993859 0.462022 
0.057405 0.003135 0.491768 
0.003582 0.003582 0.003582 0.989253 
0.250000 0.250000 0.250000 0.250000 
 153
0.479817 0.003005 0.046210 
0.462778 0.993859 0.462022 
0.057405 0.003135 0.491768 
0.988176 0.003924 0.004317 0.003583 
0.250000 0.250000 0.250000 0.250000 
 154
0.479817 0.003005 0.046210 
0.462778 0.993859 0.462022 
0.057405 0.003135 0.491768 
0.003582 0.003582 0.003582 0.989253 
0.250000 0.250000 0.250000 0.250000 
 155
0.479817 0.003005 0.046210 
0.462778 0.993859 0.462022 
0.057405 0.003135 0.491768 
0.003582 0.989253 0.003582 0.003582 
0.250000 0.250000 0.250000 0.250000 
 156
0.479817 0.003005 0.046210 
0.462778 0.993859 0.462022 
0.057405 0.003135 0.491768 
0.003582 0.003582 0.976161 0.016675 
0.250000 0.250000 0.250000 0.250000 
 157
0.479817 0.003005 0.046210 
0.462778 0.993859 0.462022 
0.057405 0.003135 0.491768 
0.023076 0.966871 0.003583 0.006471 
0.250000 0.250000 0.250000 0.250000 
 158
0.479817 0.003005 0.046210 
0.462778 0.993859 0.462022 
0.057405 0.003135 0.491768 
0.988248 0.004209 0.003960 0.003583 
0.250000 0.250000 0.250000 0.250000 
 159
0.479817 0.003005 0.046210 
0.462778 0.993859 0.462022 
0.057405 0.003135 0.491768 
0.003582 0.003582 0.987886 0.004950 
0.250000 0.250000 0.250000 0.250000 
 160
0.479817 0.003005 0.046210 
0.462778 0.993859 0.462022 
0.057405 0.003135 0.491768 
0.985637 0.004339 0.006442 0.003582 
0.250000 0.250000 0.250000 0.250000 
 161
0.479817 0.003005 0.046210 
0.462778 0.993859 0.462022 
0.057405 0.003135 0.491768 
0.004450 0.988385 0.003582 0.003582 
0.250000 0.250000 0.250000 0.250000 
 162
0.479817 0.003005 0.046210 
0.462778 0.993859 0.462022 
0.057405 0.003135 0.491768 
0.004175 0.003584 0.007449 0.984792 
0.250000 0.250000 0.250000 0.250000 
 163
0.479817 0.003005 0.046210 
0.462778 0.993859 0.462022 
0.057405 0.003135 0.491768 
0.003582 0.003582 0.989253 0.003582 
0.250000 0.250000 0.250000 0.250000 
 164
0.479817 0.003005 0.046210 
0.462778 0.993859 0.462022 
0.057405 0.003135 0.491768 
0.003582 0.003582 0.989253 0.003582 
0.250000 0.250000 0.250000 0.250000 
 165
0.479817 0.003005 0.046210 
0.462778 0.993859 0.462022 
0.057405 0.003135 0.491768 
0.003862 0.004032 0.006202 0.985904 
0.250000 0.250000 0.250000 0.250000 
 166
0.479817 0.003005 0.046210 
0.462778 0.993859 0.462022 
0.057405 0.003135 0.491768 
0.003582 0.003582 0.987915 0.004921 
0.250000 0.250000 0.250000 0.250000 
 167
0.479817 0.003005 0.046210 
0.462778 0.993859 0.462022 
0.057405 0.003135 0.491768 
0.986834 0.006002 0.003582 0.003582 
0.250000 0.250000 0.250000 0.250000 
 168
0.479817 0.003005 0.046210 
0.462778 0.993859 0.462022 
0.057405 0.003135 0.491768 
0.003582 0.003582 0.010947 0.981889 
0.250000 0.250000 0.250000 0.250000 
 169
0.479817 0.003005 0.046210 
0.462778 0.993859 0.462022 
0.057405 0.003135 0.491768 
0.005103 0.003582 0.987733 0.003582 
0.250000 0.250000 0.250000 0.250000 
 170
0.479817 0.003005 0.046210 
0.462778 0.993859 0.462022 
0.057405 0.003135 0.491768 
0.986834 0.006002 0.003582 0.003582 
0.250000 0.250000 0.250000 0.250000 
 171
0.479817 0.003005 0.046210 
0.462778 0.993859 0.462022 
0.057405 0.003135 0.491768 
0.005032 0.986834 0.003582 0.004552 
0.250000 0.250000 0.250000 0.250000 
 172
0.479817 0.003005 0.046210 
0.462778 0.993859 0.462022 
0.057405 0.003135 0.491768 
0.985100 0.007735 0.003583 0.003583 
0.250000 0.250000 0.250000 0.250000 
 173
0.479817 0.003005 0.046210 
0.462778 0.993859 0.462022 
0.057405 0.003135 0.491768 
0.003582 0.003582 0.003582 0.989253 
0.250000 0.250000 0.250000 0.250000 
 174
0.479817 0.003005 0.046210 
0.462778 0.993859 0.462022 
0.057405 0.003135 0.491768 
0.004590 0.003582 0.987243 0.004585 
0.250000 0.250000 0.250000 0.250000 
 175
0.479817 0.003005 0.046210 
0.462778 0.993859 0.462022 
0.057405 0.003135 0.491768 
0.004331 0.003582 0.988504 0.003582 
0.250000 0.250000 0.250000 0.250000 
 176
0.479817 0.003005 0.046210 
0.462778 0.993859 0.462022 
0.057405 0.003135 0.491768 
0.003582 0.003582 0.003582 0.989253 
0.250000 0.250000 0.250000 0.250000 
 177
0.479817 0.003005 0.046210 
0.462778 0.993859 0.462022 
0.057405 0.003135 0.491768 
0.003582 0.004193 0.003999 0.988226 
0.250000 0.250000 0.250000 0.250000 
 178
0.479817 0.003005 0.046210 
0.462778 0.993859 0.462022 
0.057405 0.003135 0.491768 
0.003582 0.989253 0.003582 0.003582 
0.250000 0.250000 0.250000 0.250000 
 179
0.479817 0.003005 0.046210 
0.462778 0.993859 0.462022 
0.057405 0.003135 0.491768 
0.989253 0.003582 0.003582 0.003582 
0.250000 0.250000 0.250000 0.250000 
 180
0.479817 0.003005 0.046210 
0.462778 0.993859 0.462022 
0.057405 0.003135 0.491768 
0.003582 0.003582 0.004819 0.988017 
0.250000 0.250000 0.250000 0.250000 
 181
0.479817 0.003005 0.046210 
0.462778 0.993859 0.462022 
0.057405 0.003135 0.491768 
0.003582 0.989253 0.003582 0.003582 
0.250000 0.250000 0.250000 0.250000 
 182
0.479817 0.003005 0.046210 
0.462778 0.993859 0.462022 
0.057405 0.003135 0.491768 
0.003582 0.989253 0.003582 0.003582 
0.250000 0.250000 0.250000 0.250000 
 183
0.479817 0.003005 0.046210 
0.462778 0.993859 0.462022 
0.057405 0.003135 0.491768 
0.969023 0.021490 0.005440 0.004047 
0.250000 0.250000 0.250000 0.250000 
 184
0.479817 0.003005 0.046210 
0.462778 0.993859 0.462022 
0.057405 0.003135 0.491768 
0.005619 0.987215 0.003583 0.003583 
0.250000 0.250000 0.250000 0.250000 
 185
0.479817 0.003005 0.046210 
0.462778 0.993859 0.462022 
0.057405 0.003135 0.491768 
0.986178 0.006322 0.003583 0.003917 
0.250000 0.250000 0.250000 0.250000 
 186
0.479817 0.003005 0.046210 
0.462778 0.993859 0.462022 
0.057405 0.003135 0.491768 
0.020460 0.972371 0.003584 0.003584 
0.250000 0.250000 0.250000 0.250000 
 187
0.479817 0.003005 0.046210 
0.462778 0.993859 0.462022 
0.057405 0.003135 0.491768 
0.988552 0.004283 0.003582 0.003582 
0.250000 0.250000 0.250000 0.250000 
 188
0.479817 0.003005 0.046210 
0.462778 0.993859 0.462022 
0.057405 0.003135 0.491768 
0.989253 0.003582 0.003582 0.003582 
0.250000 0.250000 0.250000 0.250000 
 189
0.479817 0.003005 0.046210 
0.462778 0.993859 0.462022 
0.057405 0.003135 0.491768 
0.004448 0.003582 0.987758 0.004212 
0.250000 0.250000 0.250000 0.250000 
 190
0.479817 0.003005 0.046210 
0.462778 0.993859 0.462022 
0.057405 0.003135 0.491768 
0.003582 0.003582 0.003582 0.989253 
0.250000 0.250000 0.250000 0.250000 
 191
0.479817 0.003005 0.046210 
0.462778 0.993859 0.462022 
0.057405 0.003135 0.491768 
0.003582 0.989253 0.003582 0.003582 
0.250000 0.250000 0.250000 0.250000 
 192
0.479817 0.003005 0.046210 
0.462778 0.993859 0.462022 
0.057405 0.003135 0.491768 
0.003582 0.003582 0.987469 0.005367 
0.250000 0.250000 0.250000 0.250000 
 193
0.479817 0.003005 0.046210 
0.462778 0.993859 0.462022 
0.057405 0.003135 0.491768 
0.987441 0.003583 0.004584 0.004392 
0.250000 0.250000 0.250000 0.250000 
 194
0.479817 0.003005 0.046210 
0.462778 0.993859 0.462022 
0.057405 0.003135 0.491768 
0.004079 0.003582 0.988757 0.003582 
0.250000 0.250000 0.250000 0.250000 
 195
0.479817 0.003005 0.046210 
0.462778 0.993859 0.462022 
0.057405 0.003135 0.491768 
0.987889 0.004401 0.004128 0.003582 
0.250000 0.250000 0.250000 0.250000 
 196
0.479817 0.003005 0.046210 
0.462778 0.993859 0.462022 
0.057405 0.003135 0.491768 
0.004290 0.003582 0.987634 0.004494 
0.250000 0.250000 0.250000 0.250000 
 197
0.479817 0.003005 0.046210 
0.462778 0.993859 0.462022 
0.057405 0.003135 0.491768 
0.003582 0.003582 0.003582 0.989253 
0.250000 0.250000 0.250000 0.250000 
 198
0.479817 0.003005 0.046210 
0.462778 0.993859 0.462022 
0.057405 0.003135 0.491768 
0.987809 0.004623 0.003583 0.003985 
0.250000 0.250000 0.250000 0.250000 
 199
0.479817 0.003005 0.046210 
0.462778 0.993859 0.462022 
0.057405 0.003135 0.491768 
0.988726 0.004110 0.003582 0.003582 
0.250000 0.250000 0.250000 0.250000 
 200
0.479817 0.003005 0.046210 
0.462778 0.993859 0.462022 
0.057405 0.003135 0.491768 
0.003582 0.003582 0.003582 0.989253 
0.250000 0.250000 0.250000 0.250000 
 201
0.479817 0.003005 0.046210 
0.462778 0.993859 0.462022 
0.057405 0.003135 0.491768 
0.940702 0.006355 0.004420 0.048523 
0.250000 0.250000 0.250000 0.250000 
 202
0.479817 0.003005 0.046210 
0.462778 0.993859 0.462022 
0.057405 0.003135 0.491768 
0.003582 0.983078 0.007003 0.006337 
0.250000 0.250000 0.250000 0.250000 
 203
0.479817 0.003005 0.046210 
0.462778 0.993859 0.462022 
0.057405 0.003135 0.491768 
0.989253 0.003582 0.003582 0.003582 
0.250000 0.250000 0.250000 0.250000 
 204
0.479817 0.003005 0.046210 
0.462778 0.993859 0.462022 
0.057405 0.003135 0.491768 
0.003582 0.003582 0.004008 0.988827 
0.250000 0.250000 0.250000 0.250000 
 205
0.479817 0.003005 0.046210 
0.462778 0.993859 0.462022 
0.057405 0.003135 0.491768 
0.003582 0.989253 0.003582 0.003582 
0.250000 0.250000 0.250000 0.250000 
 206
0.479817 0.003005 0.046210 
0.462778 0.993859 0.462022 
0.057405 0.003135 0.491768 
0.003582 0.003582 0.989253 0.003582 
0.250000 0.250000 0.250000 0.250000 
 207
0.479817 0.003005 0.046210 
0.462778 0.993859 0.462022 
0.057405 0.003135 0.491768 
0.004762 0.003867 0.184417 0.806954 
0.250000 0.250000 0.250000 0.250000 
 208
0.479817 0.003005 0.046210 
0.462778 0.993859 0.462022 
0.057405 0.003135 0.491768 
0.003906 0.003583 0.969385 0.023127 
0.250000 0.250000 0.250000 0.250000 
 209
0.479817 0.003005 0.046210 
0.462778 0.993859 0.462022 
0.057405 0.003135 0.491768 
0.003582 0.003582 0.003582 0.989253 
0.250000 0.250000 0.250000 0.250000 
 210
0.479817 0.003005 0.046210 
0.462778 0.993859 0.462022 
0.057405 0.003135 0.491768 
0.987968 0.004867 0.003582 0.003582 
0.250000 0.250000 0.250000 0.250000 
 211
0.479817 0.003005 0.046210 
0.462778 0.993859 0.462022 
0.057405 0.003135 0.491768 
0.003927 0.003582 0.021465 0.971026 
0.250000 0.250000 0.250000 0.250000 
 212
0.479817 0.003005 0.046210 
0.462778 0.993859 0.462022 
0.057405 0.003135 0.491768 
0.003582 0.003582 0.003582 0.989253 
0.250000 0.250000 0.250000 0.250000 
 213
0.479817 0.003005 0.046210 
0.462778 0.993859 0.462022 
0.057405 0.003135 0.491768 
0.006051 0.986784 0.003582 0.003582 
0.250000 0.250000 0.250000 0.250000 
 214
0.479817 0.003005 0.046210 
0.462778 0.993859 0.462022 
0.057405 0.003135 0.491768 
0.003582 0.989253 0.003582 0.003582 
0.250000 0.250000 0.250000 0.250000 
 215
0.479817 0.003005 0.046210 
0.462778 0.993859 0.462022 
0.057405 0.003135 0.491768 
0.003582 0.989253 0.003582 0.003582 
0.250000 0.250000 0.250000 0.250000 
 216
0.479817 0.003005 0.046210 
0.462778 0.993859 0.462022 
0.057405 0.003135 0.491768 
0.986618 0.005670 0.003582 0.004130 
0.250000 0.250000 0.250000 0.250000 
 217
0.479817 0.003005 0.046210 
0.462778 0.993859 0.462022 
0.057405 0.003135 0.491768 
0.003582 0.989253 0.003582 0.003582 
0.250000 0.250000 0.250000 0.250000 
 218
0.479817 0.003005 0.046210 
0.462778 0.993859 0.462022 
0.057405 0.003135 0.491768 
0.989253 0.003582 0.003582 0.003582 
0.250000 0.250000 0.250000 0.250000 
 219
0.479817 0.003005 0.046210 
0.462778 0.993859 0.462022 
0.057405 0.003135 0.491768 
0.003582 0.003582 0.986358 0.006478 
0.250000 0.250000 0.250000 0.250000 
 220
0.479817 0.003005 0.046210 
0.462778 0.993859 0.462022 
0.057405 0.003135 0.491768 
0.003582 0.003582 0.989253 0.003582 
0.250000 0.250000 0.250000 0.250000 
 221
0.479817 0.003005 0.046210 
0.462778 0.993859 0.462022 
0.057405 0.003135 0.491768 
0.003582 0.003582 0.989253 0.003582 
0.250000 0.250000 0.250000 0.250000 
 222
0.479817 0.003005 0.046210 
0.462778 0.993859 0.462022 
0.057405 0.003135 0.491768 
0.005467 0.003583 0.009670 0.981281 
0.250000 0.250000 0.250000 0.250000 
 223
0.479817 0.003005 0.046210 
0.462778 0.993859 0.462022 
0.057405 0.003135 0.491768 
0.004202 0.003582 0.988633 0.003582 
0.250000 0.250000 0.250000 0.250000 
 224
0.479817 0.003005 0.046210 
0.462778 0.993859 0.462022 
0.057405 0.003135 0.491768 
0.985832 0.003582 0.007003 0.003582 
0.250000 0.250000 0.250000 0.250000 
 225
0.479817 0.003005 0.046210 
0.462778 0.993859 0.462022 
0.057405 0.003135 0.491768 
0.004902 0.976613 0.003584 0.014901 
0.250000 0.250000 0.250000 0.250000 
 226
0.479817 0.003005 0.046210 
0.462778 0.993859 0.462022 
0.057405 0.003135 0.491768 
0.003582 0.003582 0.003582 0.989253 
0.250000 0.250000 0.250000 0.250000 
 227
0.479817 0.003005 0.046210 
0.462778 0.993859 0.462022 
0.057405 0.003135 0.491768 
0.003582 0.989253 0.003582 0.003582 
0.250000 0.250000 0.250000 0.250000 
 228
0.479817 0.003005 0.046210 
0.462778 0.993859 0.462022 
0.057405 0.003135 0.491768 
0.003582 0.005445 0.005510 0.985462 
0.250000 0.250000 0.250000 0.250000 
 229
0.479817 0.003005 0.046210 
0.462778 0.993859 0.462022 
0.057405 0.003135 0.491768 
0.003582 0.989253 0.003582 0.003582 
0.250000 0.250000 0.250000 0.250000 
 230
0.479817 0.003005 0.046210 
0.462778 0.993859 0.462022 
0.057405 0.003135 0.491768 
0.989253 0.003582 0.003582 0.003582 
0.250000 0.250000 0.250000 0.250000 
 231
0.479817 0.003005 0.046210 
0.462778 0.993859 0.462022 
0.057405 0.003135 0.491768 
0.004809 0.007643 0.005392 0.982156 
0.250000 0.250000 0.250000 0.250000 
 232
0.479817 0.003005 0.046210 
0.462778 0.993859 0.462022 
0.057405 0.003135 0.491768 
0.051445 0.940679 0.003584 0.004291 
0.250000 0.250000 0.250000 0.250000 
 233
0.479817 0.003005 0.046210 
0.462778 0.993859 0.462022 
0.057405 0.003135 0.491768 
0.034347 0.958487 0.003583 0.003583 
0.250000 0.250000 0.250000 0.250000 
 234
0.479817 0.003005 0.046210 
0.462778 0.993859 0.462022 
0.057405 0.003135 0.491768 
0.004112 0.003582 0.986326 0.005979 
0.250000 0.250000 0.250000 0.250000 
 235
0.479817 0.003005 0.046210 
0.462778 0.993859 0.462022 
0.057405 0.003135 0.491768 
