%  SAM: /scicomp/home/yfa9/CDC_projects/Mol_genetic_analysis/Nomenclature/B_NA_Nomenclature/All_v1/All_v1-4-revision/4_Module/label/LABEL_RES/scripts/modelfromalign_Linux v3.5 (July 15, 2005) compiled 12/08/06_16:15:55
%  (c) 1992-2001 Regents of the University of California, Santa Cruz
%
%          Sequence Alignment and Modeling Software System
%         http://www.cse.ucsc.edu/research/compbio/sam.html
%
% ----------------- Citations (SAM, SAM-T2K, HMMs) --------------------
% R. Hughey, A. Krogh, Hidden Markov models for sequence analysis:
%  Extension and analysis of the basic method, CABIOS 12:95-107, 1996.
% K. Karplus, et al., What is the value added by human intervention in protein
%  structure prediction, Proteins: Stucture, Function, Genetics 45(S5):86--91, 2001.
% A. Krogh et al., Hidden Markov models in computational biology:
%  Applications to protein modeling, JMB 235:1501-1531, Feb 1994.
% ---------------------------------------------------------------------
%  6_hmm   Host: login01.aspen.biotech.cdc.gov    Tue Oct 25 10:32:43 2016
%  yfa9    Dir:  /scicomp/home/yfa9/CDC_projects/Mol_genetic_analysis/Nomenclature/H3_Nomenclature/v_5/3_base/InfA-H3-HA-revised/c-3-4-5-6-7-VIC/c-5-6
% ---------------------------------------------------------------------
%  Alignment weights from internal calc.  Total (24.00) Max (0.08) Min (0.03)
%  Weights from alignment method 1 (karplus), b=-1.000000, e=0.500000
MODEL --  Model from alignment file /scicomp/home/yfa9/CDC_projects/Mol_genetic_analysis/Nomenclature/B_NA_Nomenclature/All_v1/All_v1-4-revision/4_Module/label/LABEL_RES/training_data/H3v2016-revision1/c-3-4-5-6-7-VIC/c-5-6/6.fasta
alphabet DNA
FREQAVE
0.000000 0.000000 0.000000 
0.000000 0.000000 0.000000 
0.000000 0.000000 0.000000 
0.339014 0.222524 0.198629 0.239833 
0.339014 0.222524 0.198629 0.239833 
Begin
0.000000 0.000000 0.000000 
0.000000 0.000000 0.000000 
0.000000 0.006642 0.491768 
0.250000 0.250000 0.250000 0.250000 
0.250000 0.250000 0.250000 0.250000 
   1
0.000000 0.031650 0.046210 
0.000000 0.961708 0.462022 
0.045653 0.006814 0.491768 
0.968734 0.010422 0.010422 0.010422 
0.250000 0.250000 0.250000 0.250000 
   2
0.586312 0.006532 0.046210 
0.368035 0.986654 0.462022 
0.045653 0.006814 0.491768 
0.010422 0.010422 0.010422 0.968734 
0.250000 0.250000 0.250000 0.250000 
   3
0.586312 0.006532 0.046210 
0.368035 0.986654 0.462022 
0.045653 0.006814 0.491768 
0.010422 0.968734 0.010422 0.010422 
0.250000 0.250000 0.250000 0.250000 
   4
0.586312 0.006532 0.046210 
0.368035 0.986654 0.462022 
0.045653 0.006814 0.491768 
0.966648 0.012508 0.010422 0.010422 
0.250000 0.250000 0.250000 0.250000 
   5
0.586312 0.006532 0.046210 
0.368035 0.986654 0.462022 
0.045653 0.006814 0.491768 
0.962489 0.016667 0.010422 0.010422 
0.250000 0.250000 0.250000 0.250000 
   6
0.586312 0.006532 0.046210 
0.368035 0.986654 0.462022 
0.045653 0.006814 0.491768 
0.013473 0.965683 0.010422 0.010422 
0.250000 0.250000 0.250000 0.250000 
   7
0.586312 0.006532 0.046210 
0.368035 0.986654 0.462022 
0.045653 0.006814 0.491768 
0.966435 0.012721 0.010422 0.010422 
0.250000 0.250000 0.250000 0.250000 
   8
0.586312 0.006532 0.046210 
0.368035 0.986654 0.462022 
0.045653 0.006814 0.491768 
0.012477 0.010422 0.966678 0.010422 
0.250000 0.250000 0.250000 0.250000 
   9
0.586312 0.006532 0.046210 
0.368035 0.986654 0.462022 
0.045653 0.006814 0.491768 
0.069743 0.010422 0.015259 0.904576 
0.250000 0.250000 0.250000 0.250000 
  10
0.586312 0.006532 0.046210 
0.368035 0.986654 0.462022 
0.045653 0.006814 0.491768 
0.968734 0.010422 0.010422 0.010422 
0.250000 0.250000 0.250000 0.250000 
  11
0.568944 0.006532 0.046210 
0.385403 0.986654 0.462022 
0.046460 0.006799 0.491768 
0.017434 0.010385 0.023861 0.948319 
0.250000 0.250000 0.250000 0.250000 
  12
0.559527 0.006518 0.046210 
0.394013 0.986683 0.462022 
0.047382 0.006783 0.491768 
0.010344 0.010344 0.965739 0.013573 
0.250000 0.250000 0.250000 0.250000 
  13
0.570639 0.006502 0.046210 
0.381978 0.986715 0.462022 
0.047382 0.006783 0.491768 
0.968967 0.010344 0.010344 0.010344 
0.250000 0.250000 0.250000 0.250000 
  14
0.543802 0.006502 0.046210 
0.408816 0.986715 0.462022 
0.048689 0.006761 0.491768 
0.010290 0.010290 0.010290 0.969131 
0.250000 0.250000 0.250000 0.250000 
  15
0.558798 0.006481 0.046210 
0.392512 0.986758 0.462022 
0.048689 0.006761 0.491768 
0.010290 0.010290 0.010290 0.969131 
0.250000 0.250000 0.250000 0.250000 
  16
0.533872 0.006481 0.046210 
0.417439 0.986758 0.462022 
0.049934 0.006741 0.491768 
0.010241 0.969277 0.010241 0.010241 
0.250000 0.250000 0.250000 0.250000 
  17
0.539899 0.006462 0.046210 
0.410167 0.986797 0.462022 
0.050317 0.006735 0.491768 
0.010227 0.010227 0.969320 0.010227 
0.250000 0.250000 0.250000 0.250000 
  18
0.544045 0.006456 0.046210 
0.405638 0.986808 0.462022 
0.050317 0.006735 0.491768 
0.010227 0.010227 0.012239 0.967308 
0.250000 0.250000 0.250000 0.250000 
  19
0.544045 0.006456 0.046210 
0.405638 0.986808 0.462022 
0.050317 0.006735 0.491768 
0.013605 0.010227 0.010227 0.965942 
0.250000 0.250000 0.250000 0.250000 
  20
0.544045 0.006456 0.046210 
0.405638 0.986808 0.462022 
0.050317 0.006735 0.491768 
0.010227 0.010227 0.010227 0.969320 
0.250000 0.250000 0.250000 0.250000 
  21
0.544045 0.006456 0.046210 
0.405638 0.986808 0.462022 
0.050317 0.006735 0.491768 
0.013806 0.965740 0.010227 0.010227 
0.250000 0.250000 0.250000 0.250000 
  22
0.544045 0.006456 0.046210 
0.405638 0.986808 0.462022 
0.050317 0.006735 0.491768 
0.969320 0.010227 0.010227 0.010227 
0.250000 0.250000 0.250000 0.250000 
  23
0.544045 0.006456 0.046210 
0.405638 0.986808 0.462022 
0.050317 0.006735 0.491768 
0.010227 0.969320 0.010227 0.010227 
0.250000 0.250000 0.250000 0.250000 
  24
0.544045 0.006456 0.046210 
0.405638 0.986808 0.462022 
0.050317 0.006735 0.491768 
0.010227 0.010227 0.967221 0.012325 
0.250000 0.250000 0.250000 0.250000 
  25
0.544045 0.006456 0.046210 
0.405638 0.986808 0.462022 
0.050317 0.006735 0.491768 
0.010227 0.012245 0.010227 0.967301 
0.250000 0.250000 0.250000 0.250000 
  26
0.544045 0.006456 0.046210 
0.405638 0.986808 0.462022 
0.050317 0.006735 0.491768 
0.969320 0.010227 0.010227 0.010227 
0.250000 0.250000 0.250000 0.250000 
  27
0.534200 0.006456 0.046210 
0.415483 0.986808 0.462022 
0.050818 0.006728 0.491768 
0.010208 0.010208 0.967677 0.011907 
0.250000 0.250000 0.250000 0.250000 
  28
0.539511 0.006449 0.046210 
0.409671 0.986823 0.462022 
0.050818 0.006728 0.491768 
0.965497 0.014087 0.010208 0.010208 
0.250000 0.250000 0.250000 0.250000 
  29
0.539511 0.006449 0.046210 
0.409671 0.986823 0.462022 
0.050818 0.006728 0.491768 
0.010208 0.010208 0.010208 0.969375 
0.250000 0.250000 0.250000 0.250000 
  30
0.539511 0.006449 0.046210 
0.409671 0.986823 0.462022 
0.050818 0.006728 0.491768 
0.010208 0.010208 0.012118 0.967465 
0.250000 0.250000 0.250000 0.250000 
  31
0.539511 0.006449 0.046210 
0.409671 0.986823 0.462022 
0.050818 0.006728 0.491768 
0.010208 0.010208 0.967280 0.012303 
0.250000 0.250000 0.250000 0.250000 
  32
0.539511 0.006449 0.046210 
0.409671 0.986823 0.462022 
0.050818 0.006728 0.491768 
0.010224 0.010224 0.010224 0.969329 
0.250000 0.250000 0.250000 0.250000 
  33
0.539511 0.006449 0.046210 
0.409671 0.986823 0.462022 
0.050818 0.006728 0.491768 
0.969375 0.010208 0.010208 0.010208 
0.250000 0.250000 0.250000 0.250000 
  34
0.539511 0.006449 0.046210 
0.409671 0.986823 0.462022 
0.050818 0.006728 0.491768 
0.010208 0.010208 0.010208 0.969375 
0.250000 0.250000 0.250000 0.250000 
  35
0.539511 0.006449 0.046210 
0.409671 0.986823 0.462022 
0.050818 0.006728 0.491768 
0.010208 0.969375 0.010208 0.010208 
0.250000 0.250000 0.250000 0.250000 
  36
0.539511 0.006449 0.046210 
0.409671 0.986823 0.462022 
0.050818 0.006728 0.491768 
0.010208 0.010208 0.010208 0.969375 
0.250000 0.250000 0.250000 0.250000 
  37
0.539511 0.006449 0.046210 
0.409671 0.986823 0.462022 
0.050818 0.006728 0.491768 
0.010208 0.010208 0.969375 0.010208 
0.250000 0.250000 0.250000 0.250000 
  38
0.539511 0.006449 0.046210 
0.409671 0.986823 0.462022 
0.050818 0.006728 0.491768 
0.010208 0.010208 0.010208 0.969375 
0.250000 0.250000 0.250000 0.250000 
  39
0.539511 0.006449 0.046210 
0.409671 0.986823 0.462022 
0.050818 0.006728 0.491768 
0.010208 0.969375 0.010208 0.010208 
0.250000 0.250000 0.250000 0.250000 
  40
0.539511 0.006449 0.046210 
0.409671 0.986823 0.462022 
0.050818 0.006728 0.491768 
0.013395 0.966188 0.010208 0.010208 
0.250000 0.250000 0.250000 0.250000 
  41
0.539511 0.006449 0.046210 
0.409671 0.986823 0.462022 
0.050818 0.006728 0.491768 
0.010208 0.010208 0.012594 0.966990 
0.250000 0.250000 0.250000 0.250000 
  42
0.539511 0.006449 0.046210 
0.409671 0.986823 0.462022 
0.050818 0.006728 0.491768 
0.010208 0.019570 0.013827 0.956396 
0.250000 0.250000 0.250000 0.250000 
  43
0.539511 0.006449 0.046210 
0.409671 0.986823 0.462022 
0.050818 0.006728 0.491768 
0.010208 0.010208 0.010208 0.969375 
0.250000 0.250000 0.250000 0.250000 
  44
0.539511 0.006449 0.046210 
0.409671 0.986823 0.462022 
0.050818 0.006728 0.491768 
0.010208 0.010208 0.018628 0.960956 
0.250000 0.250000 0.250000 0.250000 
  45
0.539511 0.006449 0.046210 
0.409671 0.986823 0.462022 
0.050818 0.006728 0.491768 
0.010208 0.010208 0.961562 0.018021 
0.250000 0.250000 0.250000 0.250000 
  46
0.539511 0.006449 0.046210 
0.409671 0.986823 0.462022 
0.050818 0.006728 0.491768 
0.023435 0.887260 0.010208 0.079097 
0.250000 0.250000 0.250000 0.250000 
  47
0.539511 0.006449 0.046210 
0.409671 0.986823 0.462022 
0.050818 0.006728 0.491768 
0.010208 0.010208 0.969375 0.010208 
0.250000 0.250000 0.250000 0.250000 
  48
0.539511 0.006449 0.046210 
0.409671 0.986823 0.462022 
0.050818 0.006728 0.491768 
0.010208 0.010208 0.020718 0.958866 
0.250000 0.250000 0.250000 0.250000 
  49
0.450039 0.006449 0.046210 
0.499143 0.986823 0.462022 
0.055811 0.006661 0.491768 
0.012346 0.010045 0.967564 0.010045 
0.250000 0.250000 0.250000 0.250000 
  50
0.494262 0.006385 0.046210 
0.449927 0.986954 0.462022 
0.055811 0.006661 0.491768 
0.969865 0.010045 0.010045 0.010045 
0.250000 0.250000 0.250000 0.250000 
  51
0.494262 0.006385 0.046210 
0.449927 0.986954 0.462022 
0.055811 0.006661 0.491768 
0.969865 0.010045 0.010045 0.010045 
0.250000 0.250000 0.250000 0.250000 
  52
0.494262 0.006385 0.046210 
0.449927 0.986954 0.462022 
0.055811 0.006661 0.491768 
0.969865 0.010045 0.010045 0.010045 
0.250000 0.250000 0.250000 0.250000 
  53
0.494262 0.006385 0.046210 
0.449927 0.986954 0.462022 
0.055811 0.006661 0.491768 
0.969865 0.010045 0.010045 0.010045 
0.250000 0.250000 0.250000 0.250000 
  54
0.494262 0.006385 0.046210 
0.449927 0.986954 0.462022 
0.055811 0.006661 0.491768 
0.967558 0.012352 0.010045 0.010045 
0.250000 0.250000 0.250000 0.250000 
  55
0.484401 0.006385 0.046210 
0.459788 0.986954 0.462022 
0.056367 0.006654 0.491768 
0.014971 0.010029 0.964971 0.010029 
0.250000 0.250000 0.250000 0.250000 
  56
0.489225 0.006378 0.046210 
0.454408 0.986967 0.462022 
0.056367 0.006654 0.491768 
0.010029 0.010029 0.010029 0.969913 
0.250000 0.250000 0.250000 0.250000 
  57
0.489225 0.006378 0.046210 
0.454408 0.986967 0.462022 
0.056367 0.006654 0.491768 
0.010029 0.010029 0.143196 0.836745 
0.250000 0.250000 0.250000 0.250000 
  58
0.489225 0.006378 0.046210 
0.454408 0.986967 0.462022 
0.056367 0.006654 0.491768 
0.010029 0.010029 0.969913 0.010029 
0.250000 0.250000 0.250000 0.250000 
  59
0.489225 0.006378 0.046210 
0.454408 0.986967 0.462022 
0.056367 0.006654 0.491768 
0.010029 0.010029 0.969913 0.010029 
0.250000 0.250000 0.250000 0.250000 
  60
0.489225 0.006378 0.046210 
0.454408 0.986967 0.462022 
0.056367 0.006654 0.491768 
0.010029 0.010029 0.010029 0.969913 
0.250000 0.250000 0.250000 0.250000 
  61
0.489225 0.006378 0.046210 
0.454408 0.986967 0.462022 
0.056367 0.006654 0.491768 
0.011871 0.968071 0.010029 0.010029 
0.250000 0.250000 0.250000 0.250000 
  62
0.489225 0.006378 0.046210 
0.454408 0.986967 0.462022 
0.056367 0.006654 0.491768 
0.016758 0.963184 0.010029 0.010029 
0.250000 0.250000 0.250000 0.250000 
  63
0.480302 0.006378 0.046210 
0.463331 0.986967 0.462022 
0.056874 0.006648 0.491768 
0.966050 0.013872 0.010039 0.010039 
0.250000 0.250000 0.250000 0.250000 
  64
0.484626 0.006373 0.046210 
0.458499 0.986979 0.462022 
0.056874 0.006648 0.491768 
0.969956 0.010015 0.010015 0.010015 
0.250000 0.250000 0.250000 0.250000 
  65
0.484626 0.006373 0.046210 
0.458499 0.986979 0.462022 
0.056874 0.006648 0.491768 
0.969956 0.010015 0.010015 0.010015 
0.250000 0.250000 0.250000 0.250000 
  66
0.484626 0.006373 0.046210 
0.458499 0.986979 0.462022 
0.056874 0.006648 0.491768 
0.010015 0.010015 0.010015 0.969956 
0.250000 0.250000 0.250000 0.250000 
  67
0.484626 0.006373 0.046210 
0.458499 0.986979 0.462022 
0.056874 0.006648 0.491768 
0.010015 0.968191 0.010015 0.011780 
0.250000 0.250000 0.250000 0.250000 
  68
0.484626 0.006373 0.046210 
0.458499 0.986979 0.462022 
0.056874 0.006648 0.491768 
0.969956 0.010015 0.010015 0.010015 
0.250000 0.250000 0.250000 0.250000 
  69
0.484626 0.006373 0.046210 
0.458499 0.986979 0.462022 
0.056874 0.006648 0.491768 
0.013056 0.010015 0.966914 0.010015 
0.250000 0.250000 0.250000 0.250000 
  70
0.484626 0.006373 0.046210 
0.458499 0.986979 0.462022 
0.056874 0.006648 0.491768 
0.966642 0.013328 0.010015 0.010015 
0.250000 0.250000 0.250000 0.250000 
  71
0.484626 0.006373 0.046210 
0.458499 0.986979 0.462022 
0.056874 0.006648 0.491768 
0.967839 0.012131 0.010015 0.010015 
0.250000 0.250000 0.250000 0.250000 
  72
0.484626 0.006373 0.046210 
0.458499 0.986979 0.462022 
0.056874 0.006648 0.491768 
0.010015 0.010015 0.969956 0.010015 
0.250000 0.250000 0.250000 0.250000 
  73
0.484626 0.006373 0.046210 
0.458499 0.986979 0.462022 
0.056874 0.006648 0.491768 
0.969956 0.010015 0.010015 0.010015 
0.250000 0.250000 0.250000 0.250000 
  74
0.484626 0.006373 0.046210 
0.458499 0.986979 0.462022 
0.056874 0.006648 0.491768 
0.011830 0.968141 0.010015 0.010015 
0.250000 0.250000 0.250000 0.250000 
  75
0.484626 0.006373 0.046210 
0.458499 0.986979 0.462022 
0.056874 0.006648 0.491768 
0.010015 0.010015 0.969956 0.010015 
0.250000 0.250000 0.250000 0.250000 
  76
0.484626 0.006373 0.046210 
0.458499 0.986979 0.462022 
0.056874 0.006648 0.491768 
0.969956 0.010015 0.010015 0.010015 
0.250000 0.250000 0.250000 0.250000 
  77
0.484626 0.006373 0.046210 
0.458499 0.986979 0.462022 
0.056874 0.006648 0.491768 
0.010015 0.010015 0.969956 0.010015 
0.250000 0.250000 0.250000 0.250000 
  78
0.484626 0.006373 0.046210 
0.458499 0.986979 0.462022 
0.056874 0.006648 0.491768 
0.013775 0.966196 0.010015 0.010015 
0.250000 0.250000 0.250000 0.250000 
  79
0.484626 0.006373 0.046210 
0.458499 0.986979 0.462022 
0.056874 0.006648 0.491768 
0.010015 0.969956 0.010015 0.010015 
0.250000 0.250000 0.250000 0.250000 
  80
0.484626 0.006373 0.046210 
0.458499 0.986979 0.462022 
0.056874 0.006648 0.491768 
0.010015 0.010015 0.969956 0.010015 
0.250000 0.250000 0.250000 0.250000 
  81
0.484626 0.006373 0.046210 
0.458499 0.986979 0.462022 
0.056874 0.006648 0.491768 
0.969956 0.010015 0.010015 0.010015 
0.250000 0.250000 0.250000 0.250000 
  82
0.484626 0.006373 0.046210 
0.458499 0.986979 0.462022 
0.056874 0.006648 0.491768 
0.969956 0.010015 0.010015 0.010015 
0.250000 0.250000 0.250000 0.250000 
  83
0.484626 0.006373 0.046210 
0.458499 0.986979 0.462022 
0.056874 0.006648 0.491768 
0.010015 0.010015 0.964386 0.015585 
0.250000 0.250000 0.250000 0.250000 
  84
0.484626 0.006373 0.046210 
0.458499 0.986979 0.462022 
0.056874 0.006648 0.491768 
0.016863 0.963108 0.010015 0.010015 
0.250000 0.250000 0.250000 0.250000 
  85
0.484626 0.006373 0.046210 
0.458499 0.986979 0.462022 
0.056874 0.006648 0.491768 
0.010015 0.010015 0.969956 0.010015 
0.250000 0.250000 0.250000 0.250000 
  86
0.484626 0.006373 0.046210 
0.458499 0.986979 0.462022 
0.056874 0.006648 0.491768 
0.010015 0.010015 0.010015 0.969956 
0.250000 0.250000 0.250000 0.250000 
  87
0.484626 0.006373 0.046210 
0.458499 0.986979 0.462022 
0.056874 0.006648 0.491768 
0.011584 0.966177 0.010015 0.012224 
0.250000 0.250000 0.250000 0.250000 
  88
0.484626 0.006373 0.046210 
0.458499 0.986979 0.462022 
0.056874 0.006648 0.491768 
0.010015 0.010015 0.010015 0.969956 
0.250000 0.250000 0.250000 0.250000 
  89
0.484626 0.006373 0.046210 
0.458499 0.986979 0.462022 
0.056874 0.006648 0.491768 
0.010015 0.969956 0.010015 0.010015 
0.250000 0.250000 0.250000 0.250000 
  90
0.484626 0.006373 0.046210 
0.458499 0.986979 0.462022 
0.056874 0.006648 0.491768 
0.010015 0.010015 0.969956 0.010015 
0.250000 0.250000 0.250000 0.250000 
  91
0.484626 0.006373 0.046210 
0.458499 0.986979 0.462022 
0.056874 0.006648 0.491768 
0.010015 0.010015 0.969956 0.010015 
0.250000 0.250000 0.250000 0.250000 
  92
0.484626 0.006373 0.046210 
0.458499 0.986979 0.462022 
0.056874 0.006648 0.491768 
0.010015 0.010015 0.010015 0.969956 
0.250000 0.250000 0.250000 0.250000 
  93
0.484626 0.006373 0.046210 
0.458499 0.986979 0.462022 
0.056874 0.006648 0.491768 
0.010015 0.010015 0.010015 0.969956 
0.250000 0.250000 0.250000 0.250000 
  94
0.484626 0.006373 0.046210 
0.458499 0.986979 0.462022 
0.056874 0.006648 0.491768 
0.010015 0.969956 0.010015 0.010015 
0.250000 0.250000 0.250000 0.250000 
  95
0.484626 0.006373 0.046210 
0.458499 0.986979 0.462022 
0.056874 0.006648 0.491768 
0.010015 0.969956 0.010015 0.010015 
0.250000 0.250000 0.250000 0.250000 
  96
0.484626 0.006373 0.046210 
0.458499 0.986979 0.462022 
0.056874 0.006648 0.491768 
0.011632 0.966734 0.011619 0.010015 
0.250000 0.250000 0.250000 0.250000 
  97
0.475381 0.006373 0.046210 
0.467744 0.986979 0.462022 
0.057405 0.006642 0.491768 
0.010000 0.010000 0.970000 0.010000 
0.250000 0.250000 0.250000 0.250000 
  98
0.479817 0.006367 0.046210 
0.462778 0.986991 0.462022 
0.057405 0.006642 0.491768 
0.970000 0.010000 0.010000 0.010000 
0.250000 0.250000 0.250000 0.250000 
  99
0.479817 0.006367 0.046210 
0.462778 0.986991 0.462022 
0.057405 0.006642 0.491768 
0.010000 0.010000 0.965770 0.014230 
0.250000 0.250000 0.250000 0.250000 
 100
0.479817 0.006367 0.046210 
0.462778 0.986991 0.462022 
0.057405 0.006642 0.491768 
0.010000 0.010000 0.968246 0.011754 
0.250000 0.250000 0.250000 0.250000 
 101
0.479817 0.006367 0.046210 
0.462778 0.986991 0.462022 
0.057405 0.006642 0.491768 
0.970000 0.010000 0.010000 0.010000 
0.250000 0.250000 0.250000 0.250000 
 102
0.479817 0.006367 0.046210 
0.462778 0.986991 0.462022 
0.057405 0.006642 0.491768 
0.010000 0.010000 0.010000 0.970000 
0.250000 0.250000 0.250000 0.250000 
 103
0.479817 0.006367 0.046210 
0.462778 0.986991 0.462022 
0.057405 0.006642 0.491768 
0.010000 0.970000 0.010000 0.010000 
0.250000 0.250000 0.250000 0.250000 
 104
0.479817 0.006367 0.046210 
0.462778 0.986991 0.462022 
0.057405 0.006642 0.491768 
0.010000 0.010000 0.970000 0.010000 
0.250000 0.250000 0.250000 0.250000 
 105
0.479817 0.006367 0.046210 
0.462778 0.986991 0.462022 
0.057405 0.006642 0.491768 
0.968057 0.011943 0.010000 0.010000 
0.250000 0.250000 0.250000 0.250000 
 106
0.479817 0.006367 0.046210 
0.462778 0.986991 0.462022 
0.057405 0.006642 0.491768 
0.010014 0.969959 0.010014 0.010014 
0.250000 0.250000 0.250000 0.250000 
 107
0.479817 0.006367 0.046210 
0.462778 0.986991 0.462022 
0.057405 0.006642 0.491768 
0.010000 0.010000 0.010000 0.970000 
0.250000 0.250000 0.250000 0.250000 
 108
0.479817 0.006367 0.046210 
0.462778 0.986991 0.462022 
0.057405 0.006642 0.491768 
0.013193 0.958354 0.010000 0.018453 
0.250000 0.250000 0.250000 0.250000 
 109
0.479817 0.006367 0.046210 
0.462778 0.986991 0.462022 
0.057405 0.006642 0.491768 
0.010000 0.010000 0.970000 0.010000 
0.250000 0.250000 0.250000 0.250000 
 110
0.479817 0.006367 0.046210 
0.462778 0.986991 0.462022 
0.057405 0.006642 0.491768 
0.011661 0.010000 0.968339 0.010000 
0.250000 0.250000 0.250000 0.250000 
 111
0.479817 0.006367 0.046210 
0.462778 0.986991 0.462022 
0.057405 0.006642 0.491768 
0.970000 0.010000 0.010000 0.010000 
0.250000 0.250000 0.250000 0.250000 
 112
0.479817 0.006367 0.046210 
0.462778 0.986991 0.462022 
0.057405 0.006642 0.491768 
0.970000 0.010000 0.010000 0.010000 
0.250000 0.250000 0.250000 0.250000 
 113
0.479817 0.006367 0.046210 
0.462778 0.986991 0.462022 
0.057405 0.006642 0.491768 
0.970000 0.010000 0.010000 0.010000 
0.250000 0.250000 0.250000 0.250000 
 114
0.479817 0.006367 0.046210 
0.462778 0.986991 0.462022 
0.057405 0.006642 0.491768 
0.010000 0.010000 0.970000 0.010000 
0.250000 0.250000 0.250000 0.250000 
 115
0.479817 0.006367 0.046210 
0.462778 0.986991 0.462022 
0.057405 0.006642 0.491768 
0.010000 0.970000 0.010000 0.010000 
0.250000 0.250000 0.250000 0.250000 
 116
0.479817 0.006367 0.046210 
0.462778 0.986991 0.462022 
0.057405 0.006642 0.491768 
0.010000 0.970000 0.010000 0.010000 
0.250000 0.250000 0.250000 0.250000 
 117
0.479817 0.006367 0.046210 
0.462778 0.986991 0.462022 
0.057405 0.006642 0.491768 
0.964344 0.015656 0.010000 0.010000 
0.250000 0.250000 0.250000 0.250000 
 118
0.479817 0.006367 0.046210 
0.462778 0.986991 0.462022 
0.057405 0.006642 0.491768 
0.970000 0.010000 0.010000 0.010000 
0.250000 0.250000 0.250000 0.250000 
 119
0.479817 0.006367 0.046210 
0.462778 0.986991 0.462022 
0.057405 0.006642 0.491768 
0.010000 0.010000 0.970000 0.010000 
0.250000 0.250000 0.250000 0.250000 
 120
0.479817 0.006367 0.046210 
0.462778 0.986991 0.462022 
0.057405 0.006642 0.491768 
0.028390 0.949198 0.010000 0.012412 
0.250000 0.250000 0.250000 0.250000 
 121
0.479817 0.006367 0.046210 
0.462778 0.986991 0.462022 
0.057405 0.006642 0.491768 
0.968010 0.011990 0.010000 0.010000 
0.250000 0.250000 0.250000 0.250000 
 122
0.479817 0.006367 0.046210 
0.462778 0.986991 0.462022 
0.057405 0.006642 0.491768 
0.010000 0.010000 0.010000 0.970000 
0.250000 0.250000 0.250000 0.250000 
 123
0.479817 0.006367 0.046210 
0.462778 0.986991 0.462022 
0.057405 0.006642 0.491768 
0.965735 0.014265 0.010000 0.010000 
0.250000 0.250000 0.250000 0.250000 
 124
0.479817 0.006367 0.046210 
0.462778 0.986991 0.462022 
0.057405 0.006642 0.491768 
0.010000 0.970000 0.010000 0.010000 
0.250000 0.250000 0.250000 0.250000 
 125
0.479817 0.006367 0.046210 
0.462778 0.986991 0.462022 
0.057405 0.006642 0.491768 
0.010000 0.010000 0.010000 0.970000 
0.250000 0.250000 0.250000 0.250000 
 126
0.479817 0.006367 0.046210 
0.462778 0.986991 0.462022 
0.057405 0.006642 0.491768 
0.016333 0.963667 0.010000 0.010000 
0.250000 0.250000 0.250000 0.250000 
 127
0.479817 0.006367 0.046210 
0.462778 0.986991 0.462022 
0.057405 0.006642 0.491768 
0.970000 0.010000 0.010000 0.010000 
0.250000 0.250000 0.250000 0.250000 
 128
0.479817 0.006367 0.046210 
0.462778 0.986991 0.462022 
0.057405 0.006642 0.491768 
0.970000 0.010000 0.010000 0.010000 
0.250000 0.250000 0.250000 0.250000 
 129
0.479817 0.006367 0.046210 
0.462778 0.986991 0.462022 
0.057405 0.006642 0.491768 
0.968185 0.011815 0.010000 0.010000 
0.250000 0.250000 0.250000 0.250000 
 130
0.479817 0.006367 0.046210 
0.462778 0.986991 0.462022 
0.057405 0.006642 0.491768 
0.970000 0.010000 0.010000 0.010000 
0.250000 0.250000 0.250000 0.250000 
 131
0.479817 0.006367 0.046210 
0.462778 0.986991 0.462022 
0.057405 0.006642 0.491768 
0.010000 0.010000 0.970000 0.010000 
0.250000 0.250000 0.250000 0.250000 
 132
0.479817 0.006367 0.046210 
0.462778 0.986991 0.462022 
0.057405 0.006642 0.491768 
0.963305 0.016695 0.010000 0.010000 
0.250000 0.250000 0.250000 0.250000 
 133
0.479817 0.006367 0.046210 
0.462778 0.986991 0.462022 
0.057405 0.006642 0.491768 
0.970000 0.010000 0.010000 0.010000 
0.250000 0.250000 0.250000 0.250000 
 134
0.479817 0.006367 0.046210 
0.462778 0.986991 0.462022 
0.057405 0.006642 0.491768 
0.010000 0.010000 0.010000 0.970000 
0.250000 0.250000 0.250000 0.250000 
 135
0.479817 0.006367 0.046210 
0.462778 0.986991 0.462022 
0.057405 0.006642 0.491768 
0.012276 0.010000 0.967724 0.010000 
0.250000 0.250000 0.250000 0.250000 
 136
0.479817 0.006367 0.046210 
0.462778 0.986991 0.462022 
0.057405 0.006642 0.491768 
0.964008 0.015992 0.010000 0.010000 
0.250000 0.250000 0.250000 0.250000 
 137
0.479817 0.006367 0.046210 
0.462778 0.986991 0.462022 
0.057405 0.006642 0.491768 
0.010000 0.010000 0.968044 0.011956 
0.250000 0.250000 0.250000 0.250000 
 138
0.479817 0.006367 0.046210 
0.462778 0.986991 0.462022 
0.057405 0.006642 0.491768 
0.053953 0.924336 0.010000 0.011711 
0.250000 0.250000 0.250000 0.250000 
 139
0.479817 0.006367 0.046210 
0.462778 0.986991 0.462022 
0.057405 0.006642 0.491768 
0.966819 0.013181 0.010000 0.010000 
0.250000 0.250000 0.250000 0.250000 
 140
0.479817 0.006367 0.046210 
0.462778 0.986991 0.462022 
0.057405 0.006642 0.491768 
0.944589 0.035411 0.010000 0.010000 
0.250000 0.250000 0.250000 0.250000 
 141
0.479817 0.006367 0.046210 
0.462778 0.986991 0.462022 
0.057405 0.006642 0.491768 
0.010000 0.010000 0.011815 0.968185 
0.250000 0.250000 0.250000 0.250000 
 142
0.479817 0.006367 0.046210 
0.462778 0.986991 0.462022 
0.057405 0.006642 0.491768 
0.010000 0.970000 0.010000 0.010000 
0.250000 0.250000 0.250000 0.250000 
 143
0.479817 0.006367 0.046210 
0.462778 0.986991 0.462022 
0.057405 0.006642 0.491768 
0.970000 0.010000 0.010000 0.010000 
0.250000 0.250000 0.250000 0.250000 
 144
0.479817 0.006367 0.046210 
0.462778 0.986991 0.462022 
0.057405 0.006642 0.491768 
0.010000 0.010000 0.966241 0.013759 
0.250000 0.250000 0.250000 0.250000 
 145
0.479817 0.006367 0.046210 
0.462778 0.986991 0.462022 
0.057405 0.006642 0.491768 
0.015609 0.010000 0.964391 0.010000 
0.250000 0.250000 0.250000 0.250000 
 146
0.479817 0.006367 0.046210 
0.462778 0.986991 0.462022 
0.057405 0.006642 0.491768 
0.970000 0.010000 0.010000 0.010000 
0.250000 0.250000 0.250000 0.250000 
 147
0.479817 0.006367 0.046210 
0.462778 0.986991 0.462022 
0.057405 0.006642 0.491768 
0.923838 0.056162 0.010000 0.010000 
0.250000 0.250000 0.250000 0.250000 
 148
0.479817 0.006367 0.046210 
0.462778 0.986991 0.462022 
0.057405 0.006642 0.491768 
0.970000 0.010000 0.010000 0.010000 
0.250000 0.250000 0.250000 0.250000 
 149
0.479817 0.006367 0.046210 
0.462778 0.986991 0.462022 
0.057405 0.006642 0.491768 
0.010000 0.010000 0.010000 0.970000 
0.250000 0.250000 0.250000 0.250000 
 150
0.479817 0.006367 0.046210 
0.462778 0.986991 0.462022 
0.057405 0.006642 0.491768 
0.010000 0.010000 0.012217 0.967784 
0.250000 0.250000 0.250000 0.250000 
 151
0.479817 0.006367 0.046210 
0.462778 0.986991 0.462022 
0.057405 0.006642 0.491768 
0.010000 0.970000 0.010000 0.010000 
0.250000 0.250000 0.250000 0.250000 
 152
0.479817 0.006367 0.046210 
0.462778 0.986991 0.462022 
0.057405 0.006642 0.491768 
0.970000 0.010000 0.010000 0.010000 
0.250000 0.250000 0.250000 0.250000 
 153
0.479817 0.006367 0.046210 
0.462778 0.986991 0.462022 
0.057405 0.006642 0.491768 
0.970000 0.010000 0.010000 0.010000 
0.250000 0.250000 0.250000 0.250000 
 154
0.479817 0.006367 0.046210 
0.462778 0.986991 0.462022 
0.057405 0.006642 0.491768 
0.010000 0.970000 0.010000 0.010000 
0.250000 0.250000 0.250000 0.250000 
 155
0.479817 0.006367 0.046210 
0.462778 0.986991 0.462022 
0.057405 0.006642 0.491768 
0.010000 0.010000 0.010000 0.970000 
0.250000 0.250000 0.250000 0.250000 
 156
0.479817 0.006367 0.046210 
0.462778 0.986991 0.462022 
0.057405 0.006642 0.491768 
0.010000 0.010000 0.013067 0.966933 
0.250000 0.250000 0.250000 0.250000 
 157
0.479817 0.006367 0.046210 
0.462778 0.986991 0.462022 
0.057405 0.006642 0.491768 
0.970000 0.010000 0.010000 0.010000 
0.250000 0.250000 0.250000 0.250000 
 158
0.479817 0.006367 0.046210 
0.462778 0.986991 0.462022 
0.057405 0.006642 0.491768 
0.010000 0.010000 0.970000 0.010000 
0.250000 0.250000 0.250000 0.250000 
 159
0.479817 0.006367 0.046210 
0.462778 0.986991 0.462022 
0.057405 0.006642 0.491768 
0.010000 0.010000 0.012301 0.967699 
0.250000 0.250000 0.250000 0.250000 
 160
0.479817 0.006367 0.046210 
0.462778 0.986991 0.462022 
0.057405 0.006642 0.491768 
0.970000 0.010000 0.010000 0.010000 
0.250000 0.250000 0.250000 0.250000 
 161
0.479817 0.006367 0.046210 
0.462778 0.986991 0.462022 
0.057405 0.006642 0.491768 
0.970000 0.010000 0.010000 0.010000 
0.250000 0.250000 0.250000 0.250000 
 162
0.479817 0.006367 0.046210 
0.462778 0.986991 0.462022 
0.057405 0.006642 0.491768 
0.010000 0.010000 0.010000 0.970000 
0.250000 0.250000 0.250000 0.250000 
 163
0.479817 0.006367 0.046210 
0.462778 0.986991 0.462022 
0.057405 0.006642 0.491768 
0.010000 0.970000 0.010000 0.010000 
0.250000 0.250000 0.250000 0.250000 
 164
0.479817 0.006367 0.046210 
0.462778 0.986991 0.462022 
0.057405 0.006642 0.491768 
0.010000 0.010000 0.970000 0.010000 
0.250000 0.250000 0.250000 0.250000 
 165
0.479817 0.006367 0.046210 
0.462778 0.986991 0.462022 
0.057405 0.006642 0.491768 
0.010000 0.010000 0.013599 0.966401 
0.250000 0.250000 0.250000 0.250000 
 166
0.479817 0.006367 0.046210 
0.462778 0.986991 0.462022 
0.057405 0.006642 0.491768 
0.970000 0.010000 0.010000 0.010000 
0.250000 0.250000 0.250000 0.250000 
 167
0.479817 0.006367 0.046210 
0.462778 0.986991 0.462022 
0.057405 0.006642 0.491768 
0.010000 0.010000 0.970000 0.010000 
0.250000 0.250000 0.250000 0.250000 
 168
0.479817 0.006367 0.046210 
0.462778 0.986991 0.462022 
0.057405 0.006642 0.491768 
0.010000 0.010000 0.016788 0.963212 
0.250000 0.250000 0.250000 0.250000 
 169
0.479817 0.006367 0.046210 
0.462778 0.986991 0.462022 
0.057405 0.006642 0.491768 
0.010000 0.970000 0.010000 0.010000 
0.250000 0.250000 0.250000 0.250000 
 170
0.479817 0.006367 0.046210 
0.462778 0.986991 0.462022 
0.057405 0.006642 0.491768 
0.970000 0.010000 0.010000 0.010000 
0.250000 0.250000 0.250000 0.250000 
 171
0.479817 0.006367 0.046210 
0.462778 0.986991 0.462022 
0.057405 0.006642 0.491768 
0.017278 0.962722 0.010000 0.010000 
0.250000 0.250000 0.250000 0.250000 
 172
0.479817 0.006367 0.046210 
0.462778 0.986991 0.462022 
0.057405 0.006642 0.491768 
0.010000 0.010000 0.970000 0.010000 
0.250000 0.250000 0.250000 0.250000 
 173
0.479817 0.006367 0.046210 
0.462778 0.986991 0.462022 
0.057405 0.006642 0.491768 
0.010000 0.010000 0.010000 0.970000 
0.250000 0.250000 0.250000 0.250000 
 174
0.479817 0.006367 0.046210 
0.462778 0.986991 0.462022 
0.057405 0.006642 0.491768 
0.015137 0.964863 0.010000 0.010000 
0.250000 0.250000 0.250000 0.250000 
 175
0.479817 0.006367 0.046210 
0.462778 0.986991 0.462022 
0.057405 0.006642 0.491768 
0.011686 0.968314 0.010000 0.010000 
0.250000 0.250000 0.250000 0.250000 
 176
0.479817 0.006367 0.046210 
0.462778 0.986991 0.462022 
0.057405 0.006642 0.491768 
0.010000 0.010000 0.010000 0.970000 
0.250000 0.250000 0.250000 0.250000 
 177
0.479817 0.006367 0.046210 
0.462778 0.986991 0.462022 
0.057405 0.006642 0.491768 
0.010000 0.011833 0.010000 0.968167 
0.250000 0.250000 0.250000 0.250000 
 178
0.479817 0.006367 0.046210 
0.462778 0.986991 0.462022 
0.057405 0.006642 0.491768 
0.010000 0.010000 0.970000 0.010000 
0.250000 0.250000 0.250000 0.250000 
 179
0.479817 0.006367 0.046210 
0.462778 0.986991 0.462022 
0.057405 0.006642 0.491768 
0.970000 0.010000 0.010000 0.010000 
0.250000 0.250000 0.250000 0.250000 
 180
0.479817 0.006367 0.046210 
0.462778 0.986991 0.462022 
0.057405 0.006642 0.491768 
0.021072 0.958928 0.010000 0.010000 
0.250000 0.250000 0.250000 0.250000 
 181
0.479817 0.006367 0.046210 
0.462778 0.986991 0.462022 
0.057405 0.006642 0.491768 
0.951765 0.028197 0.010019 0.010019 
0.250000 0.250000 0.250000 0.250000 
 182
0.479817 0.006367 0.046210 
0.462778 0.986991 0.462022 
0.057405 0.006642 0.491768 
0.045788 0.934174 0.010019 0.010019 
0.250000 0.250000 0.250000 0.250000 
 183
0.479817 0.006367 0.046210 
0.462778 0.986991 0.462022 
0.057405 0.006642 0.491768 
0.010000 0.010000 0.011661 0.968339 
0.250000 0.250000 0.250000 0.250000 
 184
0.479817 0.006367 0.046210 
0.462778 0.986991 0.462022 
0.057405 0.006642 0.491768 
0.010000 0.010000 0.010000 0.970000 
0.250000 0.250000 0.250000 0.250000 
 185
0.479817 0.006367 0.046210 
0.462778 0.986991 0.462022 
0.057405 0.006642 0.491768 
0.011899 0.010000 0.966211 0.011890 
0.250000 0.250000 0.250000 0.250000 
 186
0.479817 0.006367 0.046210 
0.462778 0.986991 0.462022 
0.057405 0.006642 0.491768 
0.010000 0.010000 0.959430 0.020570 
0.250000 0.250000 0.250000 0.250000 
 187
0.479817 0.006367 0.046210 
0.462778 0.986991 0.462022 
0.057405 0.006642 0.491768 
0.010000 0.010000 0.010000 0.970000 
0.250000 0.250000 0.250000 0.250000 
 188
0.479817 0.006367 0.046210 
0.462778 0.986991 0.462022 
0.057405 0.006642 0.491768 
0.010000 0.010000 0.970000 0.010000 
0.250000 0.250000 0.250000 0.250000 
 189
0.479817 0.006367 0.046210 
0.462778 0.986991 0.462022 
0.057405 0.006642 0.491768 
0.968293 0.011707 0.010000 0.010000 
0.250000 0.250000 0.250000 0.250000 
 190
0.479817 0.006367 0.046210 
0.462778 0.986991 0.462022 
0.057405 0.006642 0.491768 
0.968282 0.011718 0.010000 0.010000 
0.250000 0.250000 0.250000 0.250000 
 191
0.479817 0.006367 0.046210 
0.462778 0.986991 0.462022 
0.057405 0.006642 0.491768 
0.010000 0.010000 0.966520 0.013480 
0.250000 0.250000 0.250000 0.250000 
 192
0.479817 0.006367 0.046210 
0.462778 0.986991 0.462022 
0.057405 0.006642 0.491768 
0.967933 0.012067 0.010000 0.010000 
0.250000 0.250000 0.250000 0.250000 
 193
0.479817 0.006367 0.046210 
0.462778 0.986991 0.462022 
0.057405 0.006642 0.491768 
0.011720 0.968280 0.010000 0.010000 
0.250000 0.250000 0.250000 0.250000 
 194
0.479817 0.006367 0.046210 
0.462778 0.986991 0.462022 
0.057405 0.006642 0.491768 
0.012332 0.967668 0.010000 0.010000 
0.250000 0.250000 0.250000 0.250000 
 195
0.479817 0.006367 0.046210 
0.462778 0.986991 0.462022 
0.057405 0.006642 0.491768 
0.010000 0.010000 0.011942 0.968058 
0.250000 0.250000 0.250000 0.250000 
 196
0.479817 0.006367 0.046210 
0.462778 0.986991 0.462022 
0.057405 0.006642 0.491768 
0.010000 0.970000 0.010000 0.010000 
0.250000 0.250000 0.250000 0.250000 
 197
0.479817 0.006367 0.046210 
0.462778 0.986991 0.462022 
0.057405 0.006642 0.491768 
0.968105 0.011895 0.010000 0.010000 
0.250000 0.250000 0.250000 0.250000 
 198
0.479817 0.006367 0.046210 
0.462778 0.986991 0.462022 
0.057405 0.006642 0.491768 
0.962845 0.017155 0.010000 0.010000 
0.250000 0.250000 0.250000 0.250000 
 199
0.479817 0.006367 0.046210 
0.462778 0.986991 0.462022 
0.057405 0.006642 0.491768 
0.970000 0.010000 0.010000 0.010000 
0.250000 0.250000 0.250000 0.250000 
 200
0.479817 0.006367 0.046210 
0.462778 0.986991 0.462022 
0.057405 0.006642 0.491768 
0.010000 0.010000 0.010000 0.970000 
0.250000 0.250000 0.250000 0.250000 
 201
0.479817 0.006367 0.046210 
0.462778 0.986991 0.462022 
0.057405 0.006642 0.491768 
0.966342 0.011974 0.011684 0.010000 
0.250000 0.250000 0.250000 0.250000 
 202
0.479817 0.006367 0.046210 
0.462778 0.986991 0.462022 
0.057405 0.006642 0.491768 
0.010000 0.010000 0.010000 0.970000 
0.250000 0.250000 0.250000 0.250000 
 203
0.479817 0.006367 0.046210 
0.462778 0.986991 0.462022 
0.057405 0.006642 0.491768 
0.010000 0.970000 0.010000 0.010000 
0.250000 0.250000 0.250000 0.250000 
 204
0.479817 0.006367 0.046210 
0.462778 0.986991 0.462022 
0.057405 0.006642 0.491768 
0.010000 0.010000 0.970000 0.010000 
0.250000 0.250000 0.250000 0.250000 
 205
0.479817 0.006367 0.046210 
0.462778 0.986991 0.462022 
0.057405 0.006642 0.491768 
0.970000 0.010000 0.010000 0.010000 
0.250000 0.250000 0.250000 0.250000 
 206
0.479817 0.006367 0.046210 
0.462778 0.986991 0.462022 
0.057405 0.006642 0.491768 
0.970000 0.010000 0.010000 0.010000 
0.250000 0.250000 0.250000 0.250000 
 207
0.479817 0.006367 0.046210 
0.462778 0.986991 0.462022 
0.057405 0.006642 0.491768 
0.010000 0.010000 0.970000 0.010000 
0.250000 0.250000 0.250000 0.250000 
 208
0.479817 0.006367 0.046210 
0.462778 0.986991 0.462022 
0.057405 0.006642 0.491768 
0.970000 0.010000 0.010000 0.010000 
0.250000 0.250000 0.250000 0.250000 
 209
0.479817 0.006367 0.046210 
0.462778 0.986991 0.462022 
0.057405 0.006642 0.491768 
0.011805 0.968195 0.010000 0.010000 
0.250000 0.250000 0.250000 0.250000 
 210
0.479817 0.006367 0.046210 
0.462778 0.986991 0.462022 
0.057405 0.006642 0.491768 
0.010000 0.010000 0.013267 0.966733 
0.250000 0.250000 0.250000 0.250000 
 211
0.479817 0.006367 0.046210 
0.462778 0.986991 0.462022 
0.057405 0.006642 0.491768 
0.010000 0.010000 0.970000 0.010000 
0.250000 0.250000 0.250000 0.250000 
 212
0.479817 0.006367 0.046210 
0.462778 0.986991 0.462022 
0.057405 0.006642 0.491768 
0.010000 0.010000 0.970000 0.010000 
0.250000 0.250000 0.250000 0.250000 
 213
0.479817 0.006367 0.046210 
0.462778 0.986991 0.462022 
0.057405 0.006642 0.491768 
0.010000 0.010000 0.010000 0.970000 
0.250000 0.250000 0.250000 0.250000 
 214
0.479817 0.006367 0.046210 
0.462778 0.986991 0.462022 
0.057405 0.006642 0.491768 
0.010000 0.010000 0.970000 0.010000 
0.250000 0.250000 0.250000 0.250000 
 215
0.479817 0.006367 0.046210 
0.462778 0.986991 0.462022 
0.057405 0.006642 0.491768 
0.970000 0.010000 0.010000 0.010000 
0.250000 0.250000 0.250000 0.250000 
 216
0.479817 0.006367 0.046210 
0.462778 0.986991 0.462022 
0.057405 0.006642 0.491768 
0.010000 0.010000 0.031070 0.948930 
0.250000 0.250000 0.250000 0.250000 
 217
0.479817 0.006367 0.046210 
0.462778 0.986991 0.462022 
0.057405 0.006642 0.491768 
0.011818 0.010000 0.968182 0.010000 
0.250000 0.250000 0.250000 0.250000 
 218
0.479817 0.006367 0.046210 
0.462778 0.986991 0.462022 
0.057405 0.006642 0.491768 
0.970000 0.010000 0.010000 0.010000 
0.250000 0.250000 0.250000 0.250000 
 219
0.479817 0.006367 0.046210 
0.462778 0.986991 0.462022 
0.057405 0.006642 0.491768 
0.013170 0.963589 0.010000 0.013242 
0.250000 0.250000 0.250000 0.250000 
 220
0.479817 0.006367 0.046210 
0.462778 0.986991 0.462022 
0.057405 0.006642 0.491768 
0.966108 0.013892 0.010000 0.010000 
0.250000 0.250000 0.250000 0.250000 
 221
0.479817 0.006367 0.046210 
0.462778 0.986991 0.462022 
0.057405 0.006642 0.491768 
0.010000 0.010000 0.010000 0.970000 
0.250000 0.250000 0.250000 0.250000 
 222
0.479817 0.006367 0.046210 
0.462778 0.986991 0.462022 
0.057405 0.006642 0.491768 
0.011588 0.010000 0.966845 0.011567 
0.250000 0.250000 0.250000 0.250000 
 223
0.479817 0.006367 0.046210 
0.462778 0.986991 0.462022 
0.057405 0.006642 0.491768 
0.013367 0.010000 0.966633 0.010000 
0.250000 0.250000 0.250000 0.250000 
 224
0.479817 0.006367 0.046210 
0.462778 0.986991 0.462022 
0.057405 0.006642 0.491768 
0.010000 0.010000 0.010000 0.970000 
0.250000 0.250000 0.250000 0.250000 
 225
0.479817 0.006367 0.046210 
0.462778 0.986991 0.462022 
0.057405 0.006642 0.491768 
0.010000 0.010000 0.010000 0.970000 
0.250000 0.250000 0.250000 0.250000 
 226
0.479817 0.006367 0.046210 
0.462778 0.986991 0.462022 
0.057405 0.006642 0.491768 
0.010000 0.970000 0.010000 0.010000 
0.250000 0.250000 0.250000 0.250000 
 227
0.479817 0.006367 0.046210 
0.462778 0.986991 0.462022 
0.057405 0.006642 0.491768 
0.970000 0.010000 0.010000 0.010000 
0.250000 0.250000 0.250000 0.250000 
 228
0.479817 0.006367 0.046210 
0.462778 0.986991 0.462022 
0.057405 0.006642 0.491768 
0.010000 0.010000 0.016193 0.963807 
0.250000 0.250000 0.250000 0.250000 
 229
0.479817 0.006367 0.046210 
0.462778 0.986991 0.462022 
0.057405 0.006642 0.491768 
0.010000 0.970000 0.010000 0.010000 
0.250000 0.250000 0.250000 0.250000 
 230
0.479817 0.006367 0.046210 
0.462778 0.986991 0.462022 
0.057405 0.006642 0.491768 
0.010000 0.970000 0.010000 0.010000 
0.250000 0.250000 0.250000 0.250000 
 231
0.479817 0.006367 0.046210 
0.462778 0.986991 0.462022 
0.057405 0.006642 0.491768 
0.965929 0.014071 0.010000 0.010000 
0.250000 0.250000 0.250000 0.250000 
 232
0.479817 0.006367 0.046210 
0.462778 0.986991 0.462022 
0.057405 0.006642 0.491768 
0.011673 0.968327 0.010000 0.010000 
0.250000 0.250000 0.250000 0.250000 
 233
0.479817 0.006367 0.046210 
0.462778 0.986991 0.462022 
0.057405 0.006642 0.491768 
0.967392 0.012608 0.010000 0.010000 
0.250000 0.250000 0.250000 0.250000 
 234
