%  SAM: /scicomp/home/vfn4/Tools/LABEL_RES/scripts/modelfromalign v3.5 (July 15, 2005) compiled 12/08/06_16:15:55
%  (c) 1992-2001 Regents of the University of California, Santa Cruz
%
%          Sequence Alignment and Modeling Software System
%         http://www.cse.ucsc.edu/research/compbio/sam.html
%
% ----------------- Citations (SAM, SAM-T2K, HMMs) --------------------
% R. Hughey, A. Krogh, Hidden Markov models for sequence analysis:
%  Extension and analysis of the basic method, CABIOS 12:95-107, 1996.
% K. Karplus, et al., What is the value added by human intervention in protein
%  structure prediction, Proteins: Stucture, Function, Genetics 45(S5):86--91, 2001.
% A. Krogh et al., Hidden Markov models in computational biology:
%  Applications to protein modeling, JMB 235:1501-1531, Feb 1994.
% ---------------------------------------------------------------------
%  PERTH16-like_hmm   Host: node4.aspen.biotech.cdc.gov    Wed Dec 31 12:51:29 2014
%  vfn4               Dir:  /scicomp/home/vfn4/fluA/HA_H3/H3prerelease1/c-0-1-2-PERTH/c-1-2-PERTH
% ---------------------------------------------------------------------
%  Alignment weights from internal calc.  Total (18.52) Max (0.08) Min (0.05)
%  Weights from alignment method 1 (karplus), b=-1.000000, e=0.500000
MODEL --  Model from alignment file /scicomp/home/vfn4/Tools/LABEL_RES/training_data/H3prerelease1/c-0-1-2-PERTH/c-1-2-PERTH/PERTH16-like.fasta
alphabet DNA
FREQAVE
0.000000 0.000000 0.000000 
0.000000 0.000000 0.000000 
0.000000 0.000000 0.000000 
0.339592 0.220632 0.199732 0.240044 
0.339592 0.220632 0.199732 0.240044 
Begin
0.000000 0.000000 0.000000 
0.000000 0.000000 0.000000 
0.000000 0.007695 0.491768 
0.250000 0.250000 0.250000 0.250000 
0.250000 0.250000 0.250000 0.250000 
   1
0.000000 0.010138 0.046210 
0.000000 0.982166 0.462022 
0.056045 0.007717 0.491768 
0.961390 0.012870 0.012870 0.012870 
0.250000 0.250000 0.250000 0.250000 
   2
0.492145 0.007397 0.046210 
0.451811 0.984887 0.462022 
0.056045 0.007717 0.491768 
0.012870 0.012870 0.012870 0.961390 
0.250000 0.250000 0.250000 0.250000 
   3
0.492145 0.007397 0.046210 
0.451811 0.984887 0.462022 
0.056045 0.007717 0.491768 
0.012870 0.961390 0.012870 0.012870 
0.250000 0.250000 0.250000 0.250000 
   4
0.492145 0.007397 0.046210 
0.451811 0.984887 0.462022 
0.056045 0.007717 0.491768 
0.958301 0.015959 0.012870 0.012870 
0.250000 0.250000 0.250000 0.250000 
   5
0.492145 0.007397 0.046210 
0.451811 0.984887 0.462022 
0.056045 0.007717 0.491768 
0.961390 0.012870 0.012870 0.012870 
0.250000 0.250000 0.250000 0.250000 
   6
0.492145 0.007397 0.046210 
0.451811 0.984887 0.462022 
0.056045 0.007717 0.491768 
0.015515 0.958744 0.012870 0.012870 
0.250000 0.250000 0.250000 0.250000 
   7
0.480397 0.007397 0.046210 
0.463558 0.984887 0.462022 
0.056711 0.007706 0.491768 
0.961483 0.012839 0.012839 0.012839 
0.250000 0.250000 0.250000 0.250000 
   8
0.486108 0.007387 0.046210 
0.457181 0.984907 0.462022 
0.056711 0.007706 0.491768 
0.012839 0.012839 0.961483 0.012839 
0.250000 0.250000 0.250000 0.250000 
   9
0.474015 0.007387 0.046210 
0.469274 0.984907 0.462022 
0.057405 0.007695 0.491768 
0.012807 0.012807 0.012807 0.961578 
0.250000 0.250000 0.250000 0.250000 
  10
0.479817 0.007376 0.046210 
0.462778 0.984928 0.462022 
0.057405 0.007695 0.491768 
0.961578 0.012807 0.012807 0.012807 
0.250000 0.250000 0.250000 0.250000 
  11
0.479817 0.007376 0.046210 
0.462778 0.984928 0.462022 
0.057405 0.007695 0.491768 
0.012807 0.012807 0.012807 0.961578 
0.250000 0.250000 0.250000 0.250000 
  12
0.479817 0.007376 0.046210 
0.462778 0.984928 0.462022 
0.057405 0.007695 0.491768 
0.012807 0.012807 0.961578 0.012807 
0.250000 0.250000 0.250000 0.250000 
  13
0.479817 0.007376 0.046210 
0.462778 0.984928 0.462022 
0.057405 0.007695 0.491768 
0.961578 0.012807 0.012807 0.012807 
0.250000 0.250000 0.250000 0.250000 
  14
0.479817 0.007376 0.046210 
0.462778 0.984928 0.462022 
0.057405 0.007695 0.491768 
0.012807 0.012807 0.012807 0.961578 
0.250000 0.250000 0.250000 0.250000 
  15
0.479817 0.007376 0.046210 
0.462778 0.984928 0.462022 
0.057405 0.007695 0.491768 
0.012807 0.012807 0.016027 0.958359 
0.250000 0.250000 0.250000 0.250000 
  16
0.479817 0.007376 0.046210 
0.462778 0.984928 0.462022 
0.057405 0.007695 0.491768 
0.012807 0.961578 0.012807 0.012807 
0.250000 0.250000 0.250000 0.250000 
  17
0.479817 0.007376 0.046210 
0.462778 0.984928 0.462022 
0.057405 0.007695 0.491768 
0.012807 0.012807 0.961578 0.012807 
0.250000 0.250000 0.250000 0.250000 
  18
0.479817 0.007376 0.046210 
0.462778 0.984928 0.462022 
0.057405 0.007695 0.491768 
0.012807 0.012807 0.018199 0.956187 
0.250000 0.250000 0.250000 0.250000 
  19
0.479817 0.007376 0.046210 
0.462778 0.984928 0.462022 
0.057405 0.007695 0.491768 
0.012807 0.012807 0.012807 0.961578 
0.250000 0.250000 0.250000 0.250000 
  20
0.479817 0.007376 0.046210 
0.462778 0.984928 0.462022 
0.057405 0.007695 0.491768 
0.012807 0.012807 0.012807 0.961578 
0.250000 0.250000 0.250000 0.250000 
  21
0.479817 0.007376 0.046210 
0.462778 0.984928 0.462022 
0.057405 0.007695 0.491768 
0.012807 0.961578 0.012807 0.012807 
0.250000 0.250000 0.250000 0.250000 
  22
0.479817 0.007376 0.046210 
0.462778 0.984928 0.462022 
0.057405 0.007695 0.491768 
0.961578 0.012807 0.012807 0.012807 
0.250000 0.250000 0.250000 0.250000 
  23
0.479817 0.007376 0.046210 
0.462778 0.984928 0.462022 
0.057405 0.007695 0.491768 
0.012807 0.961578 0.012807 0.012807 
0.250000 0.250000 0.250000 0.250000 
  24
0.479817 0.007376 0.046210 
0.462778 0.984928 0.462022 
0.057405 0.007695 0.491768 
0.012807 0.012807 0.961578 0.012807 
0.250000 0.250000 0.250000 0.250000 
  25
0.479817 0.007376 0.046210 
0.462778 0.984928 0.462022 
0.057405 0.007695 0.491768 
0.012807 0.012807 0.015568 0.958817 
0.250000 0.250000 0.250000 0.250000 
  26
0.479817 0.007376 0.046210 
0.462778 0.984928 0.462022 
0.057405 0.007695 0.491768 
0.955608 0.018778 0.012807 0.012807 
0.250000 0.250000 0.250000 0.250000 
  27
0.479817 0.007376 0.046210 
0.462778 0.984928 0.462022 
0.057405 0.007695 0.491768 
0.012807 0.012807 0.961578 0.012807 
0.250000 0.250000 0.250000 0.250000 
  28
0.479817 0.007376 0.046210 
0.462778 0.984928 0.462022 
0.057405 0.007695 0.491768 
0.961578 0.012807 0.012807 0.012807 
0.250000 0.250000 0.250000 0.250000 
  29
0.479817 0.007376 0.046210 
0.462778 0.984928 0.462022 
0.057405 0.007695 0.491768 
0.012807 0.012807 0.017929 0.956456 
0.250000 0.250000 0.250000 0.250000 
  30
0.479817 0.007376 0.046210 
0.462778 0.984928 0.462022 
0.057405 0.007695 0.491768 
0.012807 0.012807 0.012807 0.961578 
0.250000 0.250000 0.250000 0.250000 
  31
0.479817 0.007376 0.046210 
0.462778 0.984928 0.462022 
0.057405 0.007695 0.491768 
0.016146 0.012807 0.958239 0.012807 
0.250000 0.250000 0.250000 0.250000 
  32
0.479817 0.007376 0.046210 
0.462778 0.984928 0.462022 
0.057405 0.007695 0.491768 
0.015841 0.012807 0.012807 0.958544 
0.250000 0.250000 0.250000 0.250000 
  33
0.479817 0.007376 0.046210 
0.462778 0.984928 0.462022 
0.057405 0.007695 0.491768 
0.955945 0.018441 0.012807 0.012807 
0.250000 0.250000 0.250000 0.250000 
  34
0.479817 0.007376 0.046210 
0.462778 0.984928 0.462022 
0.057405 0.007695 0.491768 
0.012807 0.012807 0.012807 0.961578 
0.250000 0.250000 0.250000 0.250000 
  35
0.479817 0.007376 0.046210 
0.462778 0.984928 0.462022 
0.057405 0.007695 0.491768 
0.015562 0.958823 0.012807 0.012807 
0.250000 0.250000 0.250000 0.250000 
  36
0.479817 0.007376 0.046210 
0.462778 0.984928 0.462022 
0.057405 0.007695 0.491768 
0.012807 0.016146 0.018373 0.952673 
0.250000 0.250000 0.250000 0.250000 
  37
0.479817 0.007376 0.046210 
0.462778 0.984928 0.462022 
0.057405 0.007695 0.491768 
0.025176 0.012807 0.940483 0.021534 
0.250000 0.250000 0.250000 0.250000 
  38
0.479817 0.007376 0.046210 
0.462778 0.984928 0.462022 
0.057405 0.007695 0.491768 
0.012807 0.012807 0.012807 0.961578 
0.250000 0.250000 0.250000 0.250000 
  39
0.479817 0.007376 0.046210 
0.462778 0.984928 0.462022 
0.057405 0.007695 0.491768 
0.012807 0.961578 0.012807 0.012807 
0.250000 0.250000 0.250000 0.250000 
  40
0.479817 0.007376 0.046210 
0.462778 0.984928 0.462022 
0.057405 0.007695 0.491768 
0.018280 0.956106 0.012807 0.012807 
0.250000 0.250000 0.250000 0.250000 
  41
0.479817 0.007376 0.046210 
0.462778 0.984928 0.462022 
0.057405 0.007695 0.491768 
0.012807 0.015623 0.020899 0.950671 
0.250000 0.250000 0.250000 0.250000 
  42
0.479817 0.007376 0.046210 
0.462778 0.984928 0.462022 
0.057405 0.007695 0.491768 
0.012807 0.012807 0.012807 0.961578 
0.250000 0.250000 0.250000 0.250000 
  43
0.479817 0.007376 0.046210 
0.462778 0.984928 0.462022 
0.057405 0.007695 0.491768 
0.012807 0.012807 0.012807 0.961578 
0.250000 0.250000 0.250000 0.250000 
  44
0.479817 0.007376 0.046210 
0.462778 0.984928 0.462022 
0.057405 0.007695 0.491768 
0.012807 0.012807 0.012807 0.961578 
0.250000 0.250000 0.250000 0.250000 
  45
0.479817 0.007376 0.046210 
0.462778 0.984928 0.462022 
0.057405 0.007695 0.491768 
0.012807 0.012807 0.946838 0.027548 
0.250000 0.250000 0.250000 0.250000 
  46
0.479817 0.007376 0.046210 
0.462778 0.984928 0.462022 
0.057405 0.007695 0.491768 
0.020059 0.951132 0.015971 0.012838 
0.250000 0.250000 0.250000 0.250000 
  47
0.479817 0.007376 0.046210 
0.462778 0.984928 0.462022 
0.057405 0.007695 0.491768 
0.012807 0.012807 0.961578 0.012807 
0.250000 0.250000 0.250000 0.250000 
  48
0.479817 0.007376 0.046210 
0.462778 0.984928 0.462022 
0.057405 0.007695 0.491768 
0.012807 0.012807 0.016341 0.958045 
0.250000 0.250000 0.250000 0.250000 
  49
0.479817 0.007376 0.046210 
0.462778 0.984928 0.462022 
0.057405 0.007695 0.491768 
0.012807 0.012807 0.961578 0.012807 
0.250000 0.250000 0.250000 0.250000 
  50
0.479817 0.007376 0.046210 
0.462778 0.984928 0.462022 
0.057405 0.007695 0.491768 
0.961578 0.012807 0.012807 0.012807 
0.250000 0.250000 0.250000 0.250000 
  51
0.479817 0.007376 0.046210 
0.462778 0.984928 0.462022 
0.057405 0.007695 0.491768 
0.955298 0.015962 0.015933 0.012807 
0.250000 0.250000 0.250000 0.250000 
  52
0.479817 0.007376 0.046210 
0.462778 0.984928 0.462022 
0.057405 0.007695 0.491768 
0.958484 0.015901 0.012807 0.012807 
0.250000 0.250000 0.250000 0.250000 
  53
0.479817 0.007376 0.046210 
0.462778 0.984928 0.462022 
0.057405 0.007695 0.491768 
0.961578 0.012807 0.012807 0.012807 
0.250000 0.250000 0.250000 0.250000 
  54
0.479817 0.007376 0.046210 
0.462778 0.984928 0.462022 
0.057405 0.007695 0.491768 
0.956014 0.018371 0.012807 0.012807 
0.250000 0.250000 0.250000 0.250000 
  55
0.479817 0.007376 0.046210 
0.462778 0.984928 0.462022 
0.057405 0.007695 0.491768 
0.061788 0.012807 0.912597 0.012807 
0.250000 0.250000 0.250000 0.250000 
  56
0.479817 0.007376 0.046210 
0.462778 0.984928 0.462022 
0.057405 0.007695 0.491768 
0.012807 0.012807 0.012807 0.961578 
0.250000 0.250000 0.250000 0.250000 
  57
0.479817 0.007376 0.046210 
0.462778 0.984928 0.462022 
0.057405 0.007695 0.491768 
0.012807 0.012807 0.015601 0.958784 
0.250000 0.250000 0.250000 0.250000 
  58
0.479817 0.007376 0.046210 
0.462778 0.984928 0.462022 
0.057405 0.007695 0.491768 
0.012807 0.012807 0.961578 0.012807 
0.250000 0.250000 0.250000 0.250000 
  59
0.479817 0.007376 0.046210 
0.462778 0.984928 0.462022 
0.057405 0.007695 0.491768 
0.012807 0.012807 0.961578 0.012807 
0.250000 0.250000 0.250000 0.250000 
  60
0.479817 0.007376 0.046210 
0.462778 0.984928 0.462022 
0.057405 0.007695 0.491768 
0.012807 0.012807 0.015649 0.958737 
0.250000 0.250000 0.250000 0.250000 
  61
0.479817 0.007376 0.046210 
0.462778 0.984928 0.462022 
0.057405 0.007695 0.491768 
0.012807 0.961578 0.012807 0.012807 
0.250000 0.250000 0.250000 0.250000 
  62
0.479817 0.007376 0.046210 
0.462778 0.984928 0.462022 
0.057405 0.007695 0.491768 
0.015442 0.958944 0.012807 0.012807 
0.250000 0.250000 0.250000 0.250000 
  63
0.479817 0.007376 0.046210 
0.462778 0.984928 0.462022 
0.057405 0.007695 0.491768 
0.961578 0.012807 0.012807 0.012807 
0.250000 0.250000 0.250000 0.250000 
  64
0.479817 0.007376 0.046210 
0.462778 0.984928 0.462022 
0.057405 0.007695 0.491768 
0.958521 0.015865 0.012807 0.012807 
0.250000 0.250000 0.250000 0.250000 
  65
0.479817 0.007376 0.046210 
0.462778 0.984928 0.462022 
0.057405 0.007695 0.491768 
0.961578 0.012807 0.012807 0.012807 
0.250000 0.250000 0.250000 0.250000 
  66
0.479817 0.007376 0.046210 
0.462778 0.984928 0.462022 
0.057405 0.007695 0.491768 
0.012807 0.012807 0.012807 0.961578 
0.250000 0.250000 0.250000 0.250000 
  67
0.479817 0.007376 0.046210 
0.462778 0.984928 0.462022 
0.057405 0.007695 0.491768 
0.012807 0.961578 0.012807 0.012807 
0.250000 0.250000 0.250000 0.250000 
  68
0.479817 0.007376 0.046210 
0.462778 0.984928 0.462022 
0.057405 0.007695 0.491768 
0.961578 0.012807 0.012807 0.012807 
0.250000 0.250000 0.250000 0.250000 
  69
0.479817 0.007376 0.046210 
0.462778 0.984928 0.462022 
0.057405 0.007695 0.491768 
0.012807 0.012807 0.961578 0.012807 
0.250000 0.250000 0.250000 0.250000 
  70
0.479817 0.007376 0.046210 
0.462778 0.984928 0.462022 
0.057405 0.007695 0.491768 
0.961578 0.012807 0.012807 0.012807 
0.250000 0.250000 0.250000 0.250000 
  71
0.479817 0.007376 0.046210 
0.462778 0.984928 0.462022 
0.057405 0.007695 0.491768 
0.961578 0.012807 0.012807 0.012807 
0.250000 0.250000 0.250000 0.250000 
  72
0.479817 0.007376 0.046210 
0.462778 0.984928 0.462022 
0.057405 0.007695 0.491768 
0.012807 0.012807 0.961578 0.012807 
0.250000 0.250000 0.250000 0.250000 
  73
0.479817 0.007376 0.046210 
0.462778 0.984928 0.462022 
0.057405 0.007695 0.491768 
0.961578 0.012807 0.012807 0.012807 
0.250000 0.250000 0.250000 0.250000 
  74
0.479817 0.007376 0.046210 
0.462778 0.984928 0.462022 
0.057405 0.007695 0.491768 
0.019335 0.955050 0.012807 0.012807 
0.250000 0.250000 0.250000 0.250000 
  75
0.479817 0.007376 0.046210 
0.462778 0.984928 0.462022 
0.057405 0.007695 0.491768 
0.012807 0.012807 0.961578 0.012807 
0.250000 0.250000 0.250000 0.250000 
  76
0.479817 0.007376 0.046210 
0.462778 0.984928 0.462022 
0.057405 0.007695 0.491768 
0.958453 0.012807 0.012807 0.015933 
0.250000 0.250000 0.250000 0.250000 
  77
0.479817 0.007376 0.046210 
0.462778 0.984928 0.462022 
0.057405 0.007695 0.491768 
0.012807 0.012807 0.961578 0.012807 
0.250000 0.250000 0.250000 0.250000 
  78
0.479817 0.007376 0.046210 
0.462778 0.984928 0.462022 
0.057405 0.007695 0.491768 
0.012807 0.961578 0.012807 0.012807 
0.250000 0.250000 0.250000 0.250000 
  79
0.479817 0.007376 0.046210 
0.462778 0.984928 0.462022 
0.057405 0.007695 0.491768 
0.012807 0.961578 0.012807 0.012807 
0.250000 0.250000 0.250000 0.250000 
  80
0.479817 0.007376 0.046210 
0.462778 0.984928 0.462022 
0.057405 0.007695 0.491768 
0.012807 0.012807 0.961578 0.012807 
0.250000 0.250000 0.250000 0.250000 
  81
0.479817 0.007376 0.046210 
0.462778 0.984928 0.462022 
0.057405 0.007695 0.491768 
0.961578 0.012807 0.012807 0.012807 
0.250000 0.250000 0.250000 0.250000 
  82
0.479817 0.007376 0.046210 
0.462778 0.984928 0.462022 
0.057405 0.007695 0.491768 
0.961578 0.012807 0.012807 0.012807 
0.250000 0.250000 0.250000 0.250000 
  83
0.479817 0.007376 0.046210 
0.462778 0.984928 0.462022 
0.057405 0.007695 0.491768 
0.012807 0.012807 0.961578 0.012807 
0.250000 0.250000 0.250000 0.250000 
  84
0.479817 0.007376 0.046210 
0.462778 0.984928 0.462022 
0.057405 0.007695 0.491768 
0.016393 0.957927 0.012840 0.012840 
0.250000 0.250000 0.250000 0.250000 
  85
0.479817 0.007376 0.046210 
0.462778 0.984928 0.462022 
0.057405 0.007695 0.491768 
0.012807 0.012807 0.961578 0.012807 
0.250000 0.250000 0.250000 0.250000 
  86
0.479817 0.007376 0.046210 
0.462778 0.984928 0.462022 
0.057405 0.007695 0.491768 
0.012807 0.012807 0.012807 0.961578 
0.250000 0.250000 0.250000 0.250000 
  87
0.479817 0.007376 0.046210 
0.462778 0.984928 0.462022 
0.057405 0.007695 0.491768 
0.012838 0.961487 0.012838 0.012838 
0.250000 0.250000 0.250000 0.250000 
  88
0.479817 0.007376 0.046210 
0.462778 0.984928 0.462022 
0.057405 0.007695 0.491768 
0.012807 0.012807 0.012807 0.961578 
0.250000 0.250000 0.250000 0.250000 
  89
0.479817 0.007376 0.046210 
0.462778 0.984928 0.462022 
0.057405 0.007695 0.491768 
0.012807 0.961578 0.012807 0.012807 
0.250000 0.250000 0.250000 0.250000 
  90
0.479817 0.007376 0.046210 
0.462778 0.984928 0.462022 
0.057405 0.007695 0.491768 
0.012807 0.012807 0.961578 0.012807 
0.250000 0.250000 0.250000 0.250000 
  91
0.479817 0.007376 0.046210 
0.462778 0.984928 0.462022 
0.057405 0.007695 0.491768 
0.015779 0.012807 0.958607 0.012807 
0.250000 0.250000 0.250000 0.250000 
  92
0.479817 0.007376 0.046210 
0.462778 0.984928 0.462022 
0.057405 0.007695 0.491768 
0.012807 0.012807 0.012807 0.961578 
0.250000 0.250000 0.250000 0.250000 
  93
0.479817 0.007376 0.046210 
0.462778 0.984928 0.462022 
0.057405 0.007695 0.491768 
0.012807 0.012807 0.016305 0.958081 
0.250000 0.250000 0.250000 0.250000 
  94
0.479817 0.007376 0.046210 
0.462778 0.984928 0.462022 
0.057405 0.007695 0.491768 
0.012807 0.961578 0.012807 0.012807 
0.250000 0.250000 0.250000 0.250000 
  95
0.479817 0.007376 0.046210 
0.462778 0.984928 0.462022 
0.057405 0.007695 0.491768 
0.012807 0.961578 0.012807 0.012807 
0.250000 0.250000 0.250000 0.250000 
  96
0.479817 0.007376 0.046210 
0.462778 0.984928 0.462022 
0.057405 0.007695 0.491768 
0.012807 0.961578 0.012807 0.012807 
0.250000 0.250000 0.250000 0.250000 
  97
0.479817 0.007376 0.046210 
0.462778 0.984928 0.462022 
0.057405 0.007695 0.491768 
0.012807 0.012807 0.961578 0.012807 
0.250000 0.250000 0.250000 0.250000 
  98
0.479817 0.007376 0.046210 
0.462778 0.984928 0.462022 
0.057405 0.007695 0.491768 
0.961578 0.012807 0.012807 0.012807 
0.250000 0.250000 0.250000 0.250000 
  99
0.479817 0.007376 0.046210 
0.462778 0.984928 0.462022 
0.057405 0.007695 0.491768 
0.012807 0.012807 0.953446 0.020940 
0.250000 0.250000 0.250000 0.250000 
 100
0.479817 0.007376 0.046210 
0.462778 0.984928 0.462022 
0.057405 0.007695 0.491768 
0.012807 0.012807 0.961578 0.012807 
0.250000 0.250000 0.250000 0.250000 
 101
0.479817 0.007376 0.046210 
0.462778 0.984928 0.462022 
0.057405 0.007695 0.491768 
0.961578 0.012807 0.012807 0.012807 
0.250000 0.250000 0.250000 0.250000 
 102
0.479817 0.007376 0.046210 
0.462778 0.984928 0.462022 
0.057405 0.007695 0.491768 
0.012807 0.012807 0.015972 0.958414 
0.250000 0.250000 0.250000 0.250000 
 103
0.479817 0.007376 0.046210 
0.462778 0.984928 0.462022 
0.057405 0.007695 0.491768 
0.012807 0.961578 0.012807 0.012807 
0.250000 0.250000 0.250000 0.250000 
 104
0.479817 0.007376 0.046210 
0.462778 0.984928 0.462022 
0.057405 0.007695 0.491768 
0.012807 0.012807 0.961578 0.012807 
0.250000 0.250000 0.250000 0.250000 
 105
0.479817 0.007376 0.046210 
0.462778 0.984928 0.462022 
0.057405 0.007695 0.491768 
0.961578 0.012807 0.012807 0.012807 
0.250000 0.250000 0.250000 0.250000 
 106
0.479817 0.007376 0.046210 
0.462778 0.984928 0.462022 
0.057405 0.007695 0.491768 
0.015856 0.958529 0.012807 0.012807 
0.250000 0.250000 0.250000 0.250000 
 107
0.479817 0.007376 0.046210 
0.462778 0.984928 0.462022 
0.057405 0.007695 0.491768 
0.012807 0.012807 0.012807 0.961578 
0.250000 0.250000 0.250000 0.250000 
 108
0.479817 0.007376 0.046210 
0.462778 0.984928 0.462022 
0.057405 0.007695 0.491768 
0.958926 0.012807 0.015459 0.012807 
0.250000 0.250000 0.250000 0.250000 
 109
0.479817 0.007376 0.046210 
0.462778 0.984928 0.462022 
0.057405 0.007695 0.491768 
0.012807 0.012807 0.961578 0.012807 
0.250000 0.250000 0.250000 0.250000 
 110
0.479817 0.007376 0.046210 
0.462778 0.984928 0.462022 
0.057405 0.007695 0.491768 
0.012807 0.012807 0.961578 0.012807 
0.250000 0.250000 0.250000 0.250000 
 111
0.479817 0.007376 0.046210 
0.462778 0.984928 0.462022 
0.057405 0.007695 0.491768 
0.958552 0.015834 0.012807 0.012807 
0.250000 0.250000 0.250000 0.250000 
 112
0.479817 0.007376 0.046210 
0.462778 0.984928 0.462022 
0.057405 0.007695 0.491768 
0.961578 0.012807 0.012807 0.012807 
0.250000 0.250000 0.250000 0.250000 
 113
0.479817 0.007376 0.046210 
0.462778 0.984928 0.462022 
0.057405 0.007695 0.491768 
0.961578 0.012807 0.012807 0.012807 
0.250000 0.250000 0.250000 0.250000 
 114
0.479817 0.007376 0.046210 
0.462778 0.984928 0.462022 
0.057405 0.007695 0.491768 
0.012807 0.012807 0.956126 0.018259 
0.250000 0.250000 0.250000 0.250000 
 115
0.479817 0.007376 0.046210 
0.462778 0.984928 0.462022 
0.057405 0.007695 0.491768 
0.012807 0.961578 0.012807 0.012807 
0.250000 0.250000 0.250000 0.250000 
 116
0.479817 0.007376 0.046210 
0.462778 0.984928 0.462022 
0.057405 0.007695 0.491768 
0.012807 0.961578 0.012807 0.012807 
0.250000 0.250000 0.250000 0.250000 
 117
0.479817 0.007376 0.046210 
0.462778 0.984928 0.462022 
0.057405 0.007695 0.491768 
0.939431 0.034954 0.012807 0.012807 
0.250000 0.250000 0.250000 0.250000 
 118
0.479817 0.007376 0.046210 
0.462778 0.984928 0.462022 
0.057405 0.007695 0.491768 
0.961578 0.012807 0.012807 0.012807 
0.250000 0.250000 0.250000 0.250000 
 119
0.479817 0.007376 0.046210 
0.462778 0.984928 0.462022 
0.057405 0.007695 0.491768 
0.012807 0.012807 0.961578 0.012807 
0.250000 0.250000 0.250000 0.250000 
 120
0.479817 0.007376 0.046210 
0.462778 0.984928 0.462022 
0.057405 0.007695 0.491768 
0.039709 0.934677 0.012807 0.012807 
0.250000 0.250000 0.250000 0.250000 
 121
0.479817 0.007376 0.046210 
0.462778 0.984928 0.462022 
0.057405 0.007695 0.491768 
0.936629 0.037756 0.012807 0.012807 
0.250000 0.250000 0.250000 0.250000 
 122
0.479817 0.007376 0.046210 
0.462778 0.984928 0.462022 
0.057405 0.007695 0.491768 
0.012807 0.012807 0.012807 0.961578 
0.250000 0.250000 0.250000 0.250000 
 123
0.479817 0.007376 0.046210 
0.462778 0.984928 0.462022 
0.057405 0.007695 0.491768 
0.958623 0.015763 0.012807 0.012807 
0.250000 0.250000 0.250000 0.250000 
 124
0.479817 0.007376 0.046210 
0.462778 0.984928 0.462022 
0.057405 0.007695 0.491768 
0.012807 0.961578 0.012807 0.012807 
0.250000 0.250000 0.250000 0.250000 
 125
0.479817 0.007376 0.046210 
0.462778 0.984928 0.462022 
0.057405 0.007695 0.491768 
0.012807 0.012807 0.012807 0.961578 
0.250000 0.250000 0.250000 0.250000 
 126
0.479817 0.007376 0.046210 
0.462778 0.984928 0.462022 
0.057405 0.007695 0.491768 
0.012807 0.961578 0.012807 0.012807 
0.250000 0.250000 0.250000 0.250000 
 127
0.479817 0.007376 0.046210 
0.462778 0.984928 0.462022 
0.057405 0.007695 0.491768 
0.961578 0.012807 0.012807 0.012807 
0.250000 0.250000 0.250000 0.250000 
 128
0.479817 0.007376 0.046210 
0.462778 0.984928 0.462022 
0.057405 0.007695 0.491768 
0.961578 0.012807 0.012807 0.012807 
0.250000 0.250000 0.250000 0.250000 
 129
0.479817 0.007376 0.046210 
0.462778 0.984928 0.462022 
0.057405 0.007695 0.491768 
0.961578 0.012807 0.012807 0.012807 
0.250000 0.250000 0.250000 0.250000 
 130
0.479817 0.007376 0.046210 
0.462778 0.984928 0.462022 
0.057405 0.007695 0.491768 
0.961578 0.012807 0.012807 0.012807 
0.250000 0.250000 0.250000 0.250000 
 131
0.479817 0.007376 0.046210 
0.462778 0.984928 0.462022 
0.057405 0.007695 0.491768 
0.012807 0.012807 0.961578 0.012807 
0.250000 0.250000 0.250000 0.250000 
 132
0.479817 0.007376 0.046210 
0.462778 0.984928 0.462022 
0.057405 0.007695 0.491768 
0.958507 0.012807 0.015879 0.012807 
0.250000 0.250000 0.250000 0.250000 
 133
0.479817 0.007376 0.046210 
0.462778 0.984928 0.462022 
0.057405 0.007695 0.491768 
0.961578 0.012807 0.012807 0.012807 
0.250000 0.250000 0.250000 0.250000 
 134
0.479817 0.007376 0.046210 
0.462778 0.984928 0.462022 
0.057405 0.007695 0.491768 
0.012807 0.012807 0.012807 0.961578 
0.250000 0.250000 0.250000 0.250000 
 135
0.479817 0.007376 0.046210 
0.462778 0.984928 0.462022 
0.057405 0.007695 0.491768 
0.012807 0.012807 0.955560 0.018825 
0.250000 0.250000 0.250000 0.250000 
 136
0.479817 0.007376 0.046210 
0.462778 0.984928 0.462022 
0.057405 0.007695 0.491768 
0.961578 0.012807 0.012807 0.012807 
0.250000 0.250000 0.250000 0.250000 
 137
0.479817 0.007376 0.046210 
0.462778 0.984928 0.462022 
0.057405 0.007695 0.491768 
0.012807 0.012807 0.958815 0.015571 
0.250000 0.250000 0.250000 0.250000 
 138
0.479817 0.007376 0.046210 
0.462778 0.984928 0.462022 
0.057405 0.007695 0.491768 
0.018349 0.948370 0.012807 0.020474 
0.250000 0.250000 0.250000 0.250000 
 139
0.479817 0.007376 0.046210 
0.462778 0.984928 0.462022 
0.057405 0.007695 0.491768 
0.961578 0.012807 0.012807 0.012807 
0.250000 0.250000 0.250000 0.250000 
 140
0.479817 0.007376 0.046210 
0.462778 0.984928 0.462022 
0.057405 0.007695 0.491768 
0.957676 0.016710 0.012807 0.012807 
0.250000 0.250000 0.250000 0.250000 
 141
0.479817 0.007376 0.046210 
0.462778 0.984928 0.462022 
0.057405 0.007695 0.491768 
0.012807 0.012807 0.012807 0.961578 
0.250000 0.250000 0.250000 0.250000 
 142
0.479817 0.007376 0.046210 
0.462778 0.984928 0.462022 
0.057405 0.007695 0.491768 
0.012807 0.961578 0.012807 0.012807 
0.250000 0.250000 0.250000 0.250000 
 143
0.479817 0.007376 0.046210 
0.462778 0.984928 0.462022 
0.057405 0.007695 0.491768 
0.961578 0.012807 0.012807 0.012807 
0.250000 0.250000 0.250000 0.250000 
 144
0.479817 0.007376 0.046210 
0.462778 0.984928 0.462022 
0.057405 0.007695 0.491768 
0.012807 0.012807 0.961578 0.012807 
0.250000 0.250000 0.250000 0.250000 
 145
0.479817 0.007376 0.046210 
0.462778 0.984928 0.462022 
0.057405 0.007695 0.491768 
0.019335 0.012807 0.955050 0.012807 
0.250000 0.250000 0.250000 0.250000 
 146
0.479817 0.007376 0.046210 
0.462778 0.984928 0.462022 
0.057405 0.007695 0.491768 
0.961578 0.012807 0.012807 0.012807 
0.250000 0.250000 0.250000 0.250000 
 147
0.479817 0.007376 0.046210 
0.462778 0.984928 0.462022 
0.057405 0.007695 0.491768 
0.961578 0.012807 0.012807 0.012807 
0.250000 0.250000 0.250000 0.250000 
 148
0.479817 0.007376 0.046210 
0.462778 0.984928 0.462022 
0.057405 0.007695 0.491768 
0.961578 0.012807 0.012807 0.012807 
0.250000 0.250000 0.250000 0.250000 
 149
0.479817 0.007376 0.046210 
0.462778 0.984928 0.462022 
0.057405 0.007695 0.491768 
0.012807 0.012807 0.012807 0.961578 
0.250000 0.250000 0.250000 0.250000 
 150
0.479817 0.007376 0.046210 
0.462778 0.984928 0.462022 
0.057405 0.007695 0.491768 
0.012807 0.012807 0.012807 0.961578 
0.250000 0.250000 0.250000 0.250000 
 151
0.479817 0.007376 0.046210 
0.462778 0.984928 0.462022 
0.057405 0.007695 0.491768 
0.012807 0.961578 0.012807 0.012807 
0.250000 0.250000 0.250000 0.250000 
 152
0.479817 0.007376 0.046210 
0.462778 0.984928 0.462022 
0.057405 0.007695 0.491768 
0.961578 0.012807 0.012807 0.012807 
0.250000 0.250000 0.250000 0.250000 
 153
0.479817 0.007376 0.046210 
0.462778 0.984928 0.462022 
0.057405 0.007695 0.491768 
0.939150 0.035236 0.012807 0.012807 
0.250000 0.250000 0.250000 0.250000 
 154
0.479817 0.007376 0.046210 
0.462778 0.984928 0.462022 
0.057405 0.007695 0.491768 
0.012807 0.961578 0.012807 0.012807 
0.250000 0.250000 0.250000 0.250000 
 155
0.479817 0.007376 0.046210 
0.462778 0.984928 0.462022 
0.057405 0.007695 0.491768 
0.012807 0.012807 0.012807 0.961578 
0.250000 0.250000 0.250000 0.250000 
 156
0.479817 0.007376 0.046210 
0.462778 0.984928 0.462022 
0.057405 0.007695 0.491768 
0.012807 0.012807 0.012807 0.961578 
0.250000 0.250000 0.250000 0.250000 
 157
0.479817 0.007376 0.046210 
0.462778 0.984928 0.462022 
0.057405 0.007695 0.491768 
0.961578 0.012807 0.012807 0.012807 
0.250000 0.250000 0.250000 0.250000 
 158
0.479817 0.007376 0.046210 
0.462778 0.984928 0.462022 
0.057405 0.007695 0.491768 
0.012807 0.012807 0.961578 0.012807 
0.250000 0.250000 0.250000 0.250000 
 159
0.479817 0.007376 0.046210 
0.462778 0.984928 0.462022 
0.057405 0.007695 0.491768 
0.012807 0.015347 0.016120 0.955726 
0.250000 0.250000 0.250000 0.250000 
 160
0.479817 0.007376 0.046210 
0.462778 0.984928 0.462022 
0.057405 0.007695 0.491768 
0.958089 0.012807 0.012807 0.016296 
0.250000 0.250000 0.250000 0.250000 
 161
0.479817 0.007376 0.046210 
0.462778 0.984928 0.462022 
0.057405 0.007695 0.491768 
0.961578 0.012807 0.012807 0.012807 
0.250000 0.250000 0.250000 0.250000 
 162
0.479817 0.007376 0.046210 
0.462778 0.984928 0.462022 
0.057405 0.007695 0.491768 
0.012807 0.012807 0.012807 0.961578 
0.250000 0.250000 0.250000 0.250000 
 163
0.479817 0.007376 0.046210 
0.462778 0.984928 0.462022 
0.057405 0.007695 0.491768 
0.012807 0.961578 0.012807 0.012807 
0.250000 0.250000 0.250000 0.250000 
 164
0.479817 0.007376 0.046210 
0.462778 0.984928 0.462022 
0.057405 0.007695 0.491768 
0.012807 0.012807 0.961578 0.012807 
0.250000 0.250000 0.250000 0.250000 
 165
0.479817 0.007376 0.046210 
0.462778 0.984928 0.462022 
0.057405 0.007695 0.491768 
0.012807 0.012807 0.012807 0.961578 
0.250000 0.250000 0.250000 0.250000 
 166
0.479817 0.007376 0.046210 
0.462778 0.984928 0.462022 
0.057405 0.007695 0.491768 
0.957393 0.016992 0.012807 0.012807 
0.250000 0.250000 0.250000 0.250000 
 167
0.479817 0.007376 0.046210 
0.462778 0.984928 0.462022 
0.057405 0.007695 0.491768 
0.012807 0.012807 0.961578 0.012807 
0.250000 0.250000 0.250000 0.250000 
 168
0.479817 0.007376 0.046210 
0.462778 0.984928 0.462022 
0.057405 0.007695 0.491768 
0.012807 0.012807 0.016006 0.958380 
0.250000 0.250000 0.250000 0.250000 
 169
0.479817 0.007376 0.046210 
0.462778 0.984928 0.462022 
0.057405 0.007695 0.491768 
0.012807 0.961578 0.012807 0.012807 
0.250000 0.250000 0.250000 0.250000 
 170
0.479817 0.007376 0.046210 
0.462778 0.984928 0.462022 
0.057405 0.007695 0.491768 
0.961578 0.012807 0.012807 0.012807 
0.250000 0.250000 0.250000 0.250000 
 171
0.479817 0.007376 0.046210 
0.462778 0.984928 0.462022 
0.057405 0.007695 0.491768 
0.012807 0.961578 0.012807 0.012807 
0.250000 0.250000 0.250000 0.250000 
 172
0.479817 0.007376 0.046210 
0.462778 0.984928 0.462022 
0.057405 0.007695 0.491768 
0.012807 0.012807 0.958563 0.015822 
0.250000 0.250000 0.250000 0.250000 
 173
0.479817 0.007376 0.046210 
0.462778 0.984928 0.462022 
0.057405 0.007695 0.491768 
0.012807 0.012807 0.012807 0.961578 
0.250000 0.250000 0.250000 0.250000 
 174
0.479817 0.007376 0.046210 
0.462778 0.984928 0.462022 
0.057405 0.007695 0.491768 
0.015766 0.956060 0.012807 0.015367 
0.250000 0.250000 0.250000 0.250000 
 175
0.479817 0.007376 0.046210 
0.462778 0.984928 0.462022 
0.057405 0.007695 0.491768 
0.012807 0.961578 0.012807 0.012807 
0.250000 0.250000 0.250000 0.250000 
 176
0.479817 0.007376 0.046210 
0.462778 0.984928 0.462022 
0.057405 0.007695 0.491768 
0.012807 0.012807 0.012807 0.961578 
0.250000 0.250000 0.250000 0.250000 
 177
0.479817 0.007376 0.046210 
0.462778 0.984928 0.462022 
0.057405 0.007695 0.491768 
0.012807 0.012807 0.012807 0.961578 
0.250000 0.250000 0.250000 0.250000 
 178
0.479817 0.007376 0.046210 
0.462778 0.984928 0.462022 
0.057405 0.007695 0.491768 
0.012807 0.012807 0.961578 0.012807 
0.250000 0.250000 0.250000 0.250000 
 179
0.479817 0.007376 0.046210 
0.462778 0.984928 0.462022 
0.057405 0.007695 0.491768 
0.961578 0.012807 0.012807 0.012807 
0.250000 0.250000 0.250000 0.250000 
 180
0.479817 0.007376 0.046210 
0.462778 0.984928 0.462022 
0.057405 0.007695 0.491768 
0.012807 0.961578 0.012807 0.012807 
0.250000 0.250000 0.250000 0.250000 
 181
0.479817 0.007376 0.046210 
0.462778 0.984928 0.462022 
0.057405 0.007695 0.491768 
0.961578 0.012807 0.012807 0.012807 
0.250000 0.250000 0.250000 0.250000 
 182
0.479817 0.007376 0.046210 
0.462778 0.984928 0.462022 
0.057405 0.007695 0.491768 
0.021245 0.947976 0.012807 0.017972 
0.250000 0.250000 0.250000 0.250000 
 183
0.479817 0.007376 0.046210 
0.462778 0.984928 0.462022 
0.057405 0.007695 0.491768 
0.012807 0.012807 0.016552 0.957834 
0.250000 0.250000 0.250000 0.250000 
 184
0.479817 0.007376 0.046210 
0.462778 0.984928 0.462022 
0.057405 0.007695 0.491768 
0.012807 0.012807 0.012807 0.961578 
0.250000 0.250000 0.250000 0.250000 
 185
0.479817 0.007376 0.046210 
0.462778 0.984928 0.462022 
0.057405 0.007695 0.491768 
0.012807 0.012807 0.961578 0.012807 
0.250000 0.250000 0.250000 0.250000 
 186
0.479817 0.007376 0.046210 
0.462778 0.984928 0.462022 
0.057405 0.007695 0.491768 
0.012807 0.012807 0.961578 0.012807 
0.250000 0.250000 0.250000 0.250000 
 187
0.479817 0.007376 0.046210 
0.462778 0.984928 0.462022 
0.057405 0.007695 0.491768 
0.012807 0.012807 0.012807 0.961578 
0.250000 0.250000 0.250000 0.250000 
 188
0.479817 0.007376 0.046210 
0.462778 0.984928 0.462022 
0.057405 0.007695 0.491768 
0.012807 0.012807 0.961578 0.012807 
0.250000 0.250000 0.250000 0.250000 
 189
0.479817 0.007376 0.046210 
0.462778 0.984928 0.462022 
0.057405 0.007695 0.491768 
0.961578 0.012807 0.012807 0.012807 
0.250000 0.250000 0.250000 0.250000 
 190
0.479817 0.007376 0.046210 
0.462778 0.984928 0.462022 
0.057405 0.007695 0.491768 
0.961578 0.012807 0.012807 0.012807 
0.250000 0.250000 0.250000 0.250000 
 191
0.479817 0.007376 0.046210 
0.462778 0.984928 0.462022 
0.057405 0.007695 0.491768 
0.012807 0.012807 0.958499 0.015887 
0.250000 0.250000 0.250000 0.250000 
 192
0.479817 0.007376 0.046210 
0.462778 0.984928 0.462022 
0.057405 0.007695 0.491768 
0.961578 0.012807 0.012807 0.012807 
0.250000 0.250000 0.250000 0.250000 
 193
0.479817 0.007376 0.046210 
0.462778 0.984928 0.462022 
0.057405 0.007695 0.491768 
0.012807 0.961578 0.012807 0.012807 
0.250000 0.250000 0.250000 0.250000 
 194
0.479817 0.007376 0.046210 
0.462778 0.984928 0.462022 
0.057405 0.007695 0.491768 
0.015545 0.958841 0.012807 0.012807 
0.250000 0.250000 0.250000 0.250000 
 195
0.479817 0.007376 0.046210 
0.462778 0.984928 0.462022 
0.057405 0.007695 0.491768 
0.012807 0.012807 0.012807 0.961578 
0.250000 0.250000 0.250000 0.250000 
 196
0.479817 0.007376 0.046210 
0.462778 0.984928 0.462022 
0.057405 0.007695 0.491768 
0.012807 0.961578 0.012807 0.012807 
0.250000 0.250000 0.250000 0.250000 
 197
0.479817 0.007376 0.046210 
0.462778 0.984928 0.462022 
0.057405 0.007695 0.491768 
0.961578 0.012807 0.012807 0.012807 
0.250000 0.250000 0.250000 0.250000 
 198
0.479817 0.007376 0.046210 
0.462778 0.984928 0.462022 
0.057405 0.007695 0.491768 
0.958529 0.015856 0.012807 0.012807 
0.250000 0.250000 0.250000 0.250000 
 199
0.479817 0.007376 0.046210 
0.462778 0.984928 0.462022 
0.057405 0.007695 0.491768 
0.961578 0.012807 0.012807 0.012807 
0.250000 0.250000 0.250000 0.250000 
 200
0.479817 0.007376 0.046210 
0.462778 0.984928 0.462022 
0.057405 0.007695 0.491768 
0.012807 0.012807 0.012807 0.961578 
0.250000 0.250000 0.250000 0.250000 
 201
0.479817 0.007376 0.046210 
0.462778 0.984928 0.462022 
0.057405 0.007695 0.491768 
0.961578 0.012807 0.012807 0.012807 
0.250000 0.250000 0.250000 0.250000 
 202
0.479817 0.007376 0.046210 
0.462778 0.984928 0.462022 
0.057405 0.007695 0.491768 
0.012807 0.012807 0.012807 0.961578 
0.250000 0.250000 0.250000 0.250000 
 203
0.479817 0.007376 0.046210 
0.462778 0.984928 0.462022 
0.057405 0.007695 0.491768 
0.012807 0.961578 0.012807 0.012807 
0.250000 0.250000 0.250000 0.250000 
 204
0.479817 0.007376 0.046210 
0.462778 0.984928 0.462022 
0.057405 0.007695 0.491768 
0.012807 0.012807 0.955414 0.018972 
0.250000 0.250000 0.250000 0.250000 
 205
0.479817 0.007376 0.046210 
0.462778 0.984928 0.462022 
0.057405 0.007695 0.491768 
0.016120 0.958266 0.012807 0.012807 
0.250000 0.250000 0.250000 0.250000 
 206
0.479817 0.007376 0.046210 
0.462778 0.984928 0.462022 
0.057405 0.007695 0.491768 
0.958620 0.015766 0.012807 0.012807 
0.250000 0.250000 0.250000 0.250000 
 207
0.479817 0.007376 0.046210 
0.462778 0.984928 0.462022 
0.057405 0.007695 0.491768 
0.012807 0.012807 0.961578 0.012807 
0.250000 0.250000 0.250000 0.250000 
 208
0.479817 0.007376 0.046210 
0.462778 0.984928 0.462022 
0.057405 0.007695 0.491768 
0.961578 0.012807 0.012807 0.012807 
0.250000 0.250000 0.250000 0.250000 
 209
0.479817 0.007376 0.046210 
0.462778 0.984928 0.462022 
0.057405 0.007695 0.491768 
0.022152 0.949348 0.012807 0.015693 
0.250000 0.250000 0.250000 0.250000 
 210
0.479817 0.007376 0.046210 
0.462778 0.984928 0.462022 
0.057405 0.007695 0.491768 
0.012807 0.012807 0.016552 0.957834 
0.250000 0.250000 0.250000 0.250000 
 211
0.479817 0.007376 0.046210 
0.462778 0.984928 0.462022 
0.057405 0.007695 0.491768 
0.012807 0.012807 0.961578 0.012807 
0.250000 0.250000 0.250000 0.250000 
 212
0.479817 0.007376 0.046210 
0.462778 0.984928 0.462022 
0.057405 0.007695 0.491768 
0.012807 0.012807 0.961578 0.012807 
0.250000 0.250000 0.250000 0.250000 
 213
0.479817 0.007376 0.046210 
0.462778 0.984928 0.462022 
0.057405 0.007695 0.491768 
0.012807 0.012807 0.037981 0.936405 
0.250000 0.250000 0.250000 0.250000 
 214
0.479817 0.007376 0.046210 
0.462778 0.984928 0.462022 
0.057405 0.007695 0.491768 
0.012807 0.012807 0.958588 0.015797 
0.250000 0.250000 0.250000 0.250000 
 215
0.479817 0.007376 0.046210 
0.462778 0.984928 0.462022 
0.057405 0.007695 0.491768 
0.961578 0.012807 0.012807 0.012807 
0.250000 0.250000 0.250000 0.250000 
 216
0.479817 0.007376 0.046210 
0.462778 0.984928 0.462022 
0.057405 0.007695 0.491768 
0.012807 0.012807 0.015556 0.958830 
0.250000 0.250000 0.250000 0.250000 
 217
0.479817 0.007376 0.046210 
0.462778 0.984928 0.462022 
0.057405 0.007695 0.491768 
0.012807 0.012807 0.961578 0.012807 
0.250000 0.250000 0.250000 0.250000 
 218
0.479817 0.007376 0.046210 
0.462778 0.984928 0.462022 
0.057405 0.007695 0.491768 
0.961578 0.012807 0.012807 0.012807 
0.250000 0.250000 0.250000 0.250000 
 219
0.479817 0.007376 0.046210 
0.462778 0.984928 0.462022 
0.057405 0.007695 0.491768 
0.015929 0.955518 0.012807 0.015746 
0.250000 0.250000 0.250000 0.250000 
 220
0.479817 0.007376 0.046210 
0.462778 0.984928 0.462022 
0.057405 0.007695 0.491768 
0.961578 0.012807 0.012807 0.012807 
0.250000 0.250000 0.250000 0.250000 
 221
0.479817 0.007376 0.046210 
0.462778 0.984928 0.462022 
0.057405 0.007695 0.491768 
0.012807 0.012807 0.012807 0.961578 
0.250000 0.250000 0.250000 0.250000 
 222
0.479817 0.007376 0.046210 
0.462778 0.984928 0.462022 
0.057405 0.007695 0.491768 
0.015929 0.012807 0.949229 0.022035 
0.250000 0.250000 0.250000 0.250000 
 223
0.479817 0.007376 0.046210 
0.462778 0.984928 0.462022 
0.057405 0.007695 0.491768 
0.016013 0.012807 0.958372 0.012807 
0.250000 0.250000 0.250000 0.250000 
 224
0.479817 0.007376 0.046210 
0.462778 0.984928 0.462022 
0.057405 0.007695 0.491768 
0.012807 0.012807 0.012807 0.961578 
0.250000 0.250000 0.250000 0.250000 
 225
0.479817 0.007376 0.046210 
0.462778 0.984928 0.462022 
0.057405 0.007695 0.491768 
0.012807 0.012807 0.012807 0.961578 
0.250000 0.250000 0.250000 0.250000 
 226
0.479817 0.007376 0.046210 
0.462778 0.984928 0.462022 
0.057405 0.007695 0.491768 
0.012807 0.961578 0.012807 0.012807 
0.250000 0.250000 0.250000 0.250000 
 227
0.479817 0.007376 0.046210 
0.462778 0.984928 0.462022 
0.057405 0.007695 0.491768 
0.961578 0.012807 0.012807 0.012807 
0.250000 0.250000 0.250000 0.250000 
 228
0.479817 0.007376 0.046210 
0.462778 0.984928 0.462022 
0.057405 0.007695 0.491768 
0.012807 0.012807 0.016351 0.958034 
0.250000 0.250000 0.250000 0.250000 
 229
0.479817 0.007376 0.046210 
0.462778 0.984928 0.462022 
0.057405 0.007695 0.491768 
0.012807 0.961578 0.012807 0.012807 
0.250000 0.250000 0.250000 0.250000 
 230
0.479817 0.007376 0.046210 
0.462778 0.984928 0.462022 
0.057405 0.007695 0.491768 
0.012807 0.961578 0.012807 0.012807 
0.250000 0.250000 0.250000 0.250000 
 231
0.479817 0.007376 0.046210 
0.462778 0.984928 0.462022 
0.057405 0.007695 0.491768 
0.933001 0.041385 0.012807 0.012807 
0.250000 0.250000 0.250000 0.250000 
 232
0.479817 0.007376 0.046210 
0.462778 0.984928 0.462022 
0.057405 0.007695 0.491768 
0.958828 0.015558 0.012807 0.012807 
0.250000 0.250000 0.250000 0.250000 
 233
0.479817 0.007376 0.046210 
0.462778 0.984928 0.462022 
0.057405 0.007695 0.491768 
0.958658 0.012807 0.015728 0.012807 
0.250000 0.250000 0.250000 0.250000 
 234
0.479817 0.007376 0.046210 
0.462778 0.984928 0.462022 
0.057405 0.007695 0.491768 
0.961578 0.012807 0.012807 0.012807 
0.250000 0.250000 0.250000 0.250000 
 235
0.479817 0.007376 0.046210 
0.462778 0.984928 0.462022 
