%  SAM: modelfromalign v3.5 (July 15, 2005) compiled 03/03/09_11:47:37
%  (c) 1992-2001 Regents of the University of California, Santa Cruz
%
%          Sequence Alignment and Modeling Software System
%         http://www.cse.ucsc.edu/research/compbio/sam.html
%
% ----------------- Citations (SAM, SAM-T2K, HMMs) --------------------
% R. Hughey, A. Krogh, Hidden Markov models for sequence analysis:
%  Extension and analysis of the basic method, CABIOS 12:95-107, 1996.
% K. Karplus, et al., What is the value added by human intervention in protein
%  structure prediction, Proteins: Stucture, Function, Genetics 45(S5):86--91, 2001.
% A. Krogh et al., Hidden Markov models in computational biology:
%  Applications to protein modeling, JMB 235:1501-1531, Feb 1994.
% ---------------------------------------------------------------------
%  A_HA_H1_hmm   Host: m222714.cdc.gov    Wed May 21 18:05:52 2014
%  vfn4          Dir:  /Volumes/gf_atl_2012/Genotyping/IRMA/segments/HA
% ---------------------------------------------------------------------
%  Alignment weights from internal calc.  Total (90.91) Max (0.53) Min (0.01)
%  Weights from alignment method 1 (karplus), b=-1.000000, e=0.500000
MODEL --  Model from alignment file rev/A_HA_H1.fasta
alphabet DNA
FREQAVE
0.000000 0.000000 0.000000 
0.000000 0.000000 0.000000 
0.000000 0.000000 0.000000 
0.242758 0.186636 0.223672 0.346933 
0.242758 0.186636 0.223672 0.346933 
Begin
0.000000 0.000000 0.000000 
0.000000 0.000000 0.000000 
0.000000 0.002487 0.491768 
0.250000 0.250000 0.250000 0.250000 
0.250000 0.250000 0.250000 0.250000 
   1
0.000000 0.002612 0.046210 
0.000000 0.994902 0.462022 
0.057051 0.002487 0.491768 
0.002721 0.002721 0.075433 0.919125 
0.250000 0.250000 0.250000 0.250000 
   2
0.476860 0.002384 0.046210 
0.466088 0.995128 0.462022 
0.057405 0.002487 0.491768 
0.002720 0.002720 0.104134 0.890427 
0.250000 0.250000 0.250000 0.250000 
   3
0.479817 0.002384 0.046210 
0.462778 0.995130 0.462022 
0.057405 0.002487 0.491768 
0.991116 0.002720 0.002720 0.003444 
0.250000 0.250000 0.250000 0.250000 
   4
0.479817 0.002384 0.046210 
0.462778 0.995130 0.462022 
0.057405 0.002487 0.491768 
0.682985 0.308093 0.002963 0.005958 
0.250000 0.250000 0.250000 0.250000 
   5
0.479817 0.002384 0.046210 
0.462778 0.995130 0.462022 
0.057405 0.002487 0.491768 
0.991226 0.003334 0.002720 0.002720 
0.250000 0.250000 0.250000 0.250000 
   6
0.479817 0.002384 0.046210 
0.462778 0.995130 0.462022 
0.057405 0.002487 0.491768 
0.003003 0.002721 0.003028 0.991248 
0.250000 0.250000 0.250000 0.250000 
   7
0.479817 0.002384 0.046210 
0.462778 0.995130 0.462022 
0.057405 0.002487 0.491768 
0.576596 0.417964 0.002720 0.002720 
0.250000 0.250000 0.250000 0.250000 
   8
0.479817 0.002384 0.046210 
0.462778 0.995130 0.462022 
0.057405 0.002487 0.491768 
0.003076 0.002720 0.990003 0.004201 
0.250000 0.250000 0.250000 0.250000 
   9
0.479817 0.002384 0.046210 
0.462778 0.995130 0.462022 
0.057405 0.002487 0.491768 
0.991840 0.002720 0.002720 0.002720 
0.250000 0.250000 0.250000 0.250000 
  10
0.479817 0.002384 0.046210 
0.462778 0.995130 0.462022 
0.057405 0.002487 0.491768 
0.003588 0.002720 0.005413 0.988279 
0.250000 0.250000 0.250000 0.250000 
  11
0.479817 0.002384 0.046210 
0.462778 0.995130 0.462022 
0.057405 0.002487 0.491768 
0.990857 0.002991 0.002720 0.003433 
0.250000 0.250000 0.250000 0.250000 
  12
0.479817 0.002384 0.046210 
0.462778 0.995130 0.462022 
0.057405 0.002487 0.491768 
0.002720 0.002720 0.051567 0.942993 
0.250000 0.250000 0.250000 0.250000 
  13
0.479817 0.002384 0.046210 
0.462778 0.995130 0.462022 
0.057405 0.002487 0.491768 
0.002720 0.003116 0.006422 0.987742 
0.250000 0.250000 0.250000 0.250000 
  14
0.479817 0.002384 0.046210 
0.462778 0.995130 0.462022 
0.057405 0.002487 0.491768 
0.003162 0.004220 0.983899 0.008719 
0.250000 0.250000 0.250000 0.250000 
  15
0.479817 0.002384 0.046210 
0.462778 0.995130 0.462022 
0.057405 0.002487 0.491768 
0.002720 0.006548 0.003228 0.987504 
0.250000 0.250000 0.250000 0.250000 
  16
0.479817 0.002384 0.046210 
0.462778 0.995130 0.462022 
0.057405 0.002487 0.491768 
0.711937 0.282321 0.003021 0.002720 
0.250000 0.250000 0.250000 0.250000 
  17
0.479817 0.002384 0.046210 
0.462778 0.995130 0.462022 
0.057405 0.002487 0.491768 
0.002988 0.002720 0.991317 0.002975 
0.250000 0.250000 0.250000 0.250000 
  18
0.479817 0.002384 0.046210 
0.462778 0.995130 0.462022 
0.057405 0.002487 0.491768 
0.990453 0.003237 0.003335 0.002974 
0.250000 0.250000 0.250000 0.250000 
  19
0.479817 0.002384 0.046210 
0.462778 0.995130 0.462022 
0.057405 0.002487 0.491768 
0.003335 0.011739 0.824362 0.160564 
0.250000 0.250000 0.250000 0.250000 
  20
0.479817 0.002384 0.046210 
0.462778 0.995130 0.462022 
0.057405 0.002487 0.491768 
0.003062 0.002720 0.011303 0.982915 
0.250000 0.250000 0.250000 0.250000 
  21
0.479817 0.002384 0.046210 
0.462778 0.995130 0.462022 
0.057405 0.002487 0.491768 
0.003544 0.984854 0.002720 0.008882 
0.250000 0.250000 0.250000 0.250000 
  22
0.479817 0.002384 0.046210 
0.462778 0.995130 0.462022 
0.057405 0.002487 0.491768 
0.008758 0.004186 0.410613 0.576443 
0.250000 0.250000 0.250000 0.250000 
  23
0.479817 0.002384 0.046210 
0.462778 0.995130 0.462022 
0.057405 0.002487 0.491768 
0.985087 0.002720 0.003024 0.009169 
0.250000 0.250000 0.250000 0.250000 
  24
0.479817 0.002384 0.046210 
0.462778 0.995130 0.462022 
0.057405 0.002487 0.491768 
0.511346 0.482927 0.002720 0.003007 
0.250000 0.250000 0.250000 0.250000 
  25
0.479817 0.002384 0.046210 
0.462778 0.995130 0.462022 
0.057405 0.002487 0.491768 
0.855922 0.003712 0.018242 0.122125 
0.250000 0.250000 0.250000 0.250000 
  26
0.479817 0.008617 0.046210 
0.462778 0.988896 0.462022 
0.049084 0.002502 0.491768 
0.003488 0.989767 0.003492 0.003254 
0.250000 0.250000 0.250000 0.250000 
  27
0.555220 0.002399 0.046210 
0.395696 0.995099 0.462022 
0.049084 0.002502 0.491768 
0.989751 0.003661 0.003436 0.003152 
0.250000 0.250000 0.250000 0.250000 
  28
0.555220 0.002528 0.046210 
0.395696 0.994969 0.462022 
0.048937 0.002503 0.491768 
0.004752 0.003788 0.966984 0.024476 
0.250000 0.250000 0.250000 0.250000 
  29
0.551191 0.002750 0.046210 
0.399871 0.994747 0.462022 
0.048804 0.002503 0.491768 
0.003669 0.002741 0.989892 0.003698 
0.250000 0.250000 0.250000 0.250000 
  30
0.557758 0.002399 0.046210 
0.393438 0.995098 0.462022 
0.048804 0.002503 0.491768 
0.003785 0.003698 0.988729 0.003788 
0.250000 0.250000 0.250000 0.250000 
  31
0.554779 0.002528 0.046210 
0.396417 0.994969 0.462022 
0.048805 0.002503 0.491768 
0.990142 0.004018 0.002741 0.003099 
0.250000 0.250000 0.250000 0.250000 
  32
0.410891 0.003379 0.046210 
0.540304 0.994118 0.462022 
0.055736 0.002489 0.491768 
0.002723 0.003840 0.011982 0.981455 
0.250000 0.250000 0.250000 0.250000 
  33
0.494940 0.002386 0.046210 
0.449324 0.995124 0.462022 
0.055736 0.002489 0.491768 
0.002950 0.003462 0.011755 0.981832 
0.250000 0.250000 0.250000 0.250000 
  34
0.491563 0.002386 0.046210 
0.452701 0.995124 0.462022 
0.055925 0.002489 0.491768 
0.669799 0.319100 0.004703 0.006398 
0.250000 0.250000 0.250000 0.250000 
  35
0.467447 0.002386 0.046210 
0.476628 0.995125 0.462022 
0.057405 0.002487 0.491768 
0.003224 0.991336 0.002720 0.002720 
0.250000 0.250000 0.250000 0.250000 
  36
0.479817 0.002384 0.046210 
0.462778 0.995130 0.462022 
0.057405 0.002487 0.491768 
0.991083 0.003130 0.003067 0.002720 
0.250000 0.250000 0.250000 0.250000 
  37
0.479817 0.002384 0.046210 
0.462778 0.995130 0.462022 
0.057405 0.002487 0.491768 
0.396228 0.598332 0.002720 0.002720 
0.250000 0.250000 0.250000 0.250000 
  38
0.479817 0.002384 0.046210 
0.462778 0.995130 0.462022 
0.057405 0.002487 0.491768 
0.002720 0.002720 0.991840 0.002720 
0.250000 0.250000 0.250000 0.250000 
  39
0.479817 0.002384 0.046210 
0.462778 0.995130 0.462022 
0.057405 0.002487 0.491768 
0.991840 0.002720 0.002720 0.002720 
0.250000 0.250000 0.250000 0.250000 
  40
0.479817 0.002384 0.046210 
0.462778 0.995130 0.462022 
0.057405 0.002487 0.491768 
0.002720 0.002720 0.991840 0.002720 
0.250000 0.250000 0.250000 0.250000 
  41
0.479817 0.002384 0.046210 
0.462778 0.995130 0.462022 
0.057405 0.002487 0.491768 
0.991840 0.002720 0.002720 0.002720 
0.250000 0.250000 0.250000 0.250000 
  42
0.479817 0.002384 0.046210 
0.462778 0.995130 0.462022 
0.057405 0.002487 0.491768 
0.002720 0.002720 0.002720 0.991840 
0.250000 0.250000 0.250000 0.250000 
  43
0.479817 0.002384 0.046210 
0.462778 0.995130 0.462022 
0.057405 0.002487 0.491768 
0.002720 0.002720 0.991840 0.002720 
0.250000 0.250000 0.250000 0.250000 
  44
0.479817 0.002384 0.046210 
0.462778 0.995130 0.462022 
0.057405 0.002487 0.491768 
0.002720 0.002720 0.991840 0.002720 
0.250000 0.250000 0.250000 0.250000 
  45
0.479817 0.002384 0.046210 
0.462778 0.995130 0.462022 
0.057405 0.002487 0.491768 
0.991840 0.002720 0.002720 0.002720 
0.250000 0.250000 0.250000 0.250000 
  46
0.479817 0.002384 0.046210 
0.462778 0.995130 0.462022 
0.057405 0.002487 0.491768 
0.040186 0.953808 0.002720 0.003286 
0.250000 0.250000 0.250000 0.250000 
  47
0.479817 0.002384 0.046210 
0.462778 0.995130 0.462022 
0.057405 0.002487 0.491768 
0.991840 0.002720 0.002720 0.002720 
0.250000 0.250000 0.250000 0.250000 
  48
0.479817 0.002384 0.046210 
0.462778 0.995130 0.462022 
0.057405 0.002487 0.491768 
0.990606 0.003954 0.002720 0.002720 
0.250000 0.250000 0.250000 0.250000 
  49
0.479817 0.002384 0.046210 
0.462778 0.995130 0.462022 
0.057405 0.002487 0.491768 
0.608881 0.385679 0.002720 0.002720 
0.250000 0.250000 0.250000 0.250000 
  50
0.479817 0.002384 0.046210 
0.462778 0.995130 0.462022 
0.057405 0.002487 0.491768 
0.002989 0.002720 0.990087 0.004204 
0.250000 0.250000 0.250000 0.250000 
  51
0.479817 0.002384 0.046210 
0.462778 0.995130 0.462022 
0.057405 0.002487 0.491768 
0.011551 0.002720 0.010030 0.975700 
0.250000 0.250000 0.250000 0.250000 
  52
0.479817 0.002384 0.046210 
0.462778 0.995130 0.462022 
0.057405 0.002487 0.491768 
0.004460 0.990100 0.002720 0.002720 
0.250000 0.250000 0.250000 0.250000 
  53
0.479817 0.002384 0.046210 
0.462778 0.995130 0.462022 
0.057405 0.002487 0.491768 
0.979309 0.015251 0.002720 0.002720 
0.250000 0.250000 0.250000 0.250000 
  54
0.479817 0.002384 0.046210 
0.462778 0.995130 0.462022 
0.057405 0.002487 0.491768 
0.003102 0.006250 0.014162 0.976486 
0.250000 0.250000 0.250000 0.250000 
  55
0.479817 0.002384 0.046210 
0.462778 0.995130 0.462022 
0.057405 0.002487 0.491768 
0.003200 0.003687 0.003377 0.989736 
0.250000 0.250000 0.250000 0.250000 
  56
0.479817 0.002384 0.046210 
0.462778 0.995130 0.462022 
0.057405 0.002487 0.491768 
0.002720 0.991840 0.002720 0.002720 
0.250000 0.250000 0.250000 0.250000 
  57
0.479817 0.002384 0.046210 
0.462778 0.995130 0.462022 
0.057405 0.002487 0.491768 
0.002720 0.002720 0.991425 0.003135 
0.250000 0.250000 0.250000 0.250000 
  58
0.479817 0.002384 0.046210 
0.462778 0.995130 0.462022 
0.057405 0.002487 0.491768 
0.003369 0.002720 0.990124 0.003788 
0.250000 0.250000 0.250000 0.250000 
  59
0.479817 0.002384 0.046210 
0.462778 0.995130 0.462022 
0.057405 0.002487 0.491768 
0.002720 0.002720 0.991840 0.002720 
0.250000 0.250000 0.250000 0.250000 
  60
0.479817 0.002384 0.046210 
0.462778 0.995130 0.462022 
0.057405 0.002487 0.491768 
0.002720 0.002720 0.991840 0.002720 
0.250000 0.250000 0.250000 0.250000 
  61
0.479817 0.002384 0.046210 
0.462778 0.995130 0.462022 
0.057405 0.002487 0.491768 
0.003590 0.002721 0.986893 0.006796 
0.250000 0.250000 0.250000 0.250000 
  62
0.479817 0.002384 0.046210 
0.462778 0.995130 0.462022 
0.057405 0.002487 0.491768 
0.991160 0.002720 0.003400 0.002720 
0.250000 0.250000 0.250000 0.250000 
  63
0.479817 0.002384 0.046210 
0.462778 0.995130 0.462022 
0.057405 0.002487 0.491768 
0.007075 0.987485 0.002720 0.002720 
0.250000 0.250000 0.250000 0.250000 
  64
0.479817 0.002384 0.046210 
0.462778 0.995130 0.462022 
0.057405 0.002487 0.491768 
0.019466 0.973065 0.002720 0.004749 
0.250000 0.250000 0.250000 0.250000 
  65
0.479817 0.002384 0.046210 
0.462778 0.995130 0.462022 
0.057405 0.002487 0.491768 
0.003066 0.991494 0.002720 0.002720 
0.250000 0.250000 0.250000 0.250000 
  66
0.479817 0.002384 0.046210 
0.462778 0.995130 0.462022 
0.057405 0.002487 0.491768 
0.987841 0.003096 0.004779 0.004284 
0.250000 0.250000 0.250000 0.250000 
  67
0.479817 0.002384 0.046210 
0.462778 0.995130 0.462022 
0.057405 0.002487 0.491768 
0.002720 0.989958 0.002720 0.004602 
0.250000 0.250000 0.250000 0.250000 
  68
0.479817 0.002384 0.046210 
0.462778 0.995130 0.462022 
0.057405 0.002487 0.491768 
0.991840 0.002720 0.002720 0.002720 
0.250000 0.250000 0.250000 0.250000 
  69
0.479817 0.002384 0.046210 
0.462778 0.995130 0.462022 
0.057405 0.002487 0.491768 
0.002720 0.002720 0.984745 0.009815 
0.250000 0.250000 0.250000 0.250000 
  70
0.479817 0.002384 0.046210 
0.462778 0.995130 0.462022 
0.057405 0.002487 0.491768 
0.002720 0.002994 0.304580 0.689706 
0.250000 0.250000 0.250000 0.250000 
  71
0.479817 0.002384 0.046210 
0.462778 0.995130 0.462022 
0.057405 0.002487 0.491768 
0.989428 0.005132 0.002720 0.002720 
0.250000 0.250000 0.250000 0.250000 
  72
0.479817 0.002384 0.046210 
0.462778 0.995130 0.462022 
0.057405 0.002487 0.491768 
0.491823 0.020667 0.481480 0.006030 
0.250000 0.250000 0.250000 0.250000 
  73
0.479817 0.002384 0.046210 
0.462778 0.995130 0.462022 
0.057405 0.002487 0.491768 
0.292227 0.009505 0.663043 0.035224 
0.250000 0.250000 0.250000 0.250000 
  74
0.479817 0.002384 0.046210 
0.462778 0.995130 0.462022 
0.057405 0.002487 0.491768 
0.989645 0.002720 0.004915 0.002720 
0.250000 0.250000 0.250000 0.250000 
  75
0.479817 0.002384 0.046210 
0.462778 0.995130 0.462022 
0.057405 0.002487 0.491768 
0.136030 0.854753 0.004602 0.004615 
0.250000 0.250000 0.250000 0.250000 
  76
0.479817 0.002384 0.046210 
0.462778 0.995130 0.462022 
0.057405 0.002487 0.491768 
0.234584 0.121338 0.062187 0.581890 
0.250000 0.250000 0.250000 0.250000 
  77
0.479817 0.002384 0.046210 
0.462778 0.995130 0.462022 
0.057405 0.002487 0.491768 
0.990284 0.003671 0.003324 0.002720 
0.250000 0.250000 0.250000 0.250000 
  78
0.479817 0.002384 0.046210 
0.462778 0.995130 0.462022 
0.057405 0.002487 0.491768 
0.003176 0.002720 0.981026 0.013078 
0.250000 0.250000 0.250000 0.250000 
  79
0.479817 0.002384 0.046210 
0.462778 0.995130 0.462022 
0.057405 0.002487 0.491768 
0.003130 0.002721 0.916241 0.077908 
0.250000 0.250000 0.250000 0.250000 
  80
0.479817 0.002384 0.046210 
0.462778 0.995130 0.462022 
0.057405 0.002487 0.491768 
0.985902 0.008658 0.002720 0.002720 
0.250000 0.250000 0.250000 0.250000 
  81
0.479817 0.002384 0.046210 
0.462778 0.995130 0.462022 
0.057405 0.002487 0.491768 
0.579583 0.413777 0.002922 0.003718 
0.250000 0.250000 0.250000 0.250000 
  82
0.479817 0.002384 0.046210 
0.462778 0.995130 0.462022 
0.057405 0.002487 0.491768 
0.178842 0.189736 0.005616 0.625807 
0.250000 0.250000 0.250000 0.250000 
  83
0.479817 0.002384 0.046210 
0.462778 0.995130 0.462022 
0.057405 0.002487 0.491768 
0.002720 0.991840 0.002720 0.002720 
0.250000 0.250000 0.250000 0.250000 
  84
0.479817 0.002384 0.046210 
0.462778 0.995130 0.462022 
0.057405 0.002487 0.491768 
0.989106 0.002720 0.002720 0.005454 
0.250000 0.250000 0.250000 0.250000 
  85
0.479817 0.002384 0.046210 
0.462778 0.995130 0.462022 
0.057405 0.002487 0.491768 
0.960029 0.034531 0.002720 0.002720 
0.250000 0.250000 0.250000 0.250000 
  86
0.479817 0.002384 0.046210 
0.462778 0.995130 0.462022 
0.057405 0.002487 0.491768 
0.003154 0.002720 0.991406 0.002720 
0.250000 0.250000 0.250000 0.250000 
  87
0.479817 0.002384 0.046210 
0.462778 0.995130 0.462022 
0.057405 0.002487 0.491768 
0.002720 0.003083 0.002720 0.991477 
0.250000 0.250000 0.250000 0.250000 
  88
0.479817 0.002384 0.046210 
0.462778 0.995130 0.462022 
0.057405 0.002487 0.491768 
0.011553 0.981803 0.002720 0.003924 
0.250000 0.250000 0.250000 0.250000 
  89
0.479817 0.002384 0.046210 
0.462778 0.995130 0.462022 
0.057405 0.002487 0.491768 
0.002720 0.991840 0.002720 0.002720 
0.250000 0.250000 0.250000 0.250000 
  90
0.479817 0.002384 0.046210 
0.462778 0.995130 0.462022 
0.057405 0.002487 0.491768 
0.003444 0.002720 0.989908 0.003928 
0.250000 0.250000 0.250000 0.250000 
  91
0.479817 0.002384 0.046210 
0.462778 0.995130 0.462022 
0.057405 0.002487 0.491768 
0.012237 0.981587 0.002720 0.003456 
0.250000 0.250000 0.250000 0.250000 
  92
0.479817 0.002384 0.046210 
0.462778 0.995130 0.462022 
0.057405 0.002487 0.491768 
0.957421 0.036621 0.003238 0.002720 
0.250000 0.250000 0.250000 0.250000 
  93
0.479817 0.002384 0.046210 
0.462778 0.995130 0.462022 
0.057405 0.002487 0.491768 
0.002720 0.002720 0.986042 0.008518 
0.250000 0.250000 0.250000 0.250000 
  94
0.479817 0.002384 0.046210 
0.462778 0.995130 0.462022 
0.057405 0.002487 0.491768 
0.653070 0.011404 0.011275 0.324250 
0.250000 0.250000 0.250000 0.250000 
  95
0.479817 0.002384 0.046210 
0.462778 0.995130 0.462022 
0.057405 0.002487 0.491768 
0.002720 0.991491 0.003069 0.002720 
0.250000 0.250000 0.250000 0.250000 
  96
0.479817 0.002384 0.046210 
0.462778 0.995130 0.462022 
0.057405 0.002487 0.491768 
0.002720 0.002720 0.008023 0.986537 
0.250000 0.250000 0.250000 0.250000 
  97
0.479817 0.002384 0.046210 
0.462778 0.995130 0.462022 
0.057405 0.002487 0.491768 
0.005571 0.125940 0.003489 0.865000 
0.250000 0.250000 0.250000 0.250000 
  98
0.479817 0.002384 0.046210 
0.462778 0.995130 0.462022 
0.057405 0.002487 0.491768 
0.002720 0.991840 0.002720 0.002720 
0.250000 0.250000 0.250000 0.250000 
  99
0.479817 0.002384 0.046210 
0.462778 0.995130 0.462022 
0.057405 0.002487 0.491768 
0.990860 0.002720 0.003700 0.002720 
0.250000 0.250000 0.250000 0.250000 
 100
0.479817 0.002384 0.046210 
0.462778 0.995130 0.462022 
0.057405 0.002487 0.491768 
0.623112 0.371447 0.002720 0.002720 
0.250000 0.250000 0.250000 0.250000 
 101
0.479817 0.002384 0.046210 
0.462778 0.995130 0.462022 
0.057405 0.002487 0.491768 
0.002720 0.002720 0.002720 0.991840 
0.250000 0.250000 0.250000 0.250000 
 102
0.479817 0.002384 0.046210 
0.462778 0.995130 0.462022 
0.057405 0.002487 0.491768 
0.991840 0.002720 0.002720 0.002720 
0.250000 0.250000 0.250000 0.250000 
 103
0.479817 0.002384 0.046210 
0.462778 0.995130 0.462022 
0.057405 0.002487 0.491768 
0.014705 0.957865 0.002720 0.024710 
0.250000 0.250000 0.250000 0.250000 
 104
0.479817 0.002384 0.046210 
0.462778 0.995130 0.462022 
0.057405 0.002487 0.491768 
0.990966 0.003594 0.002720 0.002720 
0.250000 0.250000 0.250000 0.250000 
 105
0.479817 0.002384 0.046210 
0.462778 0.995130 0.462022 
0.057405 0.002487 0.491768 
0.002722 0.002722 0.007189 0.987368 
0.250000 0.250000 0.250000 0.250000 
 106
0.479817 0.002384 0.046210 
0.462778 0.995130 0.462022 
0.057405 0.002487 0.491768 
0.002927 0.003405 0.986148 0.007519 
0.250000 0.250000 0.250000 0.250000 
 107
0.479817 0.002384 0.046210 
0.462778 0.995130 0.462022 
0.057405 0.002487 0.491768 
0.003558 0.991002 0.002720 0.002720 
0.250000 0.250000 0.250000 0.250000 
 108
0.479817 0.002384 0.046210 
0.462778 0.995130 0.462022 
0.057405 0.002487 0.491768 
0.003335 0.002720 0.989542 0.004404 
0.250000 0.250000 0.250000 0.250000 
 109
0.479817 0.002384 0.046210 
0.462778 0.995130 0.462022 
0.057405 0.002487 0.491768 
0.002720 0.002720 0.983290 0.011270 
0.250000 0.250000 0.250000 0.250000 
 110
0.479817 0.002384 0.046210 
0.462778 0.995130 0.462022 
0.057405 0.002487 0.491768 
0.991840 0.002720 0.002720 0.002720 
0.250000 0.250000 0.250000 0.250000 
 111
0.479817 0.002384 0.046210 
0.462778 0.995130 0.462022 
0.057405 0.002487 0.491768 
0.709664 0.284896 0.002720 0.002720 
0.250000 0.250000 0.250000 0.250000 
 112
0.479817 0.002384 0.046210 
0.462778 0.995130 0.462022 
0.057405 0.002487 0.491768 
0.965900 0.028338 0.002720 0.003042 
0.250000 0.250000 0.250000 0.250000 
 113
0.479817 0.002384 0.046210 
0.462778 0.995130 0.462022 
0.057405 0.002487 0.491768 
0.991390 0.002720 0.003169 0.002720 
0.250000 0.250000 0.250000 0.250000 
 114
0.479817 0.002384 0.046210 
0.462778 0.995130 0.462022 
0.057405 0.002487 0.491768 
0.002720 0.002720 0.003174 0.991386 
0.250000 0.250000 0.250000 0.250000 
 115
0.479817 0.002384 0.046210 
0.462778 0.995130 0.462022 
0.057405 0.002487 0.491768 
0.008083 0.003576 0.919632 0.068709 
0.250000 0.250000 0.250000 0.250000 
 116
0.479817 0.002384 0.046210 
0.462778 0.995130 0.462022 
0.057405 0.002487 0.491768 
0.002720 0.003433 0.017459 0.976388 
0.250000 0.250000 0.250000 0.250000 
 117
0.479817 0.002384 0.046210 
0.462778 0.995130 0.462022 
0.057405 0.002487 0.491768 
0.002981 0.986278 0.002922 0.007818 
0.250000 0.250000 0.250000 0.250000 
 118
0.479817 0.002384 0.046210 
0.462778 0.995130 0.462022 
0.057405 0.002487 0.491768 
0.320320 0.673728 0.002720 0.003232 
0.250000 0.250000 0.250000 0.250000 
 119
0.479817 0.002384 0.046210 
0.462778 0.995130 0.462022 
0.057405 0.002487 0.491768 
0.005893 0.002720 0.002720 0.988667 
0.250000 0.250000 0.250000 0.250000 
 120
0.479817 0.002384 0.046210 
0.462778 0.995130 0.462022 
0.057405 0.002487 0.491768 
0.935127 0.059433 0.002720 0.002720 
0.250000 0.250000 0.250000 0.250000 
 121
0.479817 0.002384 0.046210 
0.462778 0.995130 0.462022 
0.057405 0.002487 0.491768 
0.692208 0.295425 0.008103 0.004265 
0.250000 0.250000 0.250000 0.250000 
 122
0.479817 0.002384 0.046210 
0.462778 0.995130 0.462022 
0.057405 0.002487 0.491768 
0.989438 0.005122 0.002720 0.002720 
0.250000 0.250000 0.250000 0.250000 
 123
0.479817 0.002384 0.046210 
0.462778 0.995130 0.462022 
0.057405 0.002487 0.491768 
0.004650 0.004390 0.382721 0.608238 
0.250000 0.250000 0.250000 0.250000 
 124
0.479817 0.002384 0.046210 
0.462778 0.995130 0.462022 
0.057405 0.002487 0.491768 
0.002720 0.003242 0.630557 0.363481 
0.250000 0.250000 0.250000 0.250000 
 125
0.479817 0.002384 0.046210 
0.462778 0.995130 0.462022 
0.057405 0.002487 0.491768 
0.009379 0.005180 0.965089 0.020352 
0.250000 0.250000 0.250000 0.250000 
 126
0.479817 0.002384 0.046210 
0.462778 0.995130 0.462022 
0.057405 0.002487 0.491768 
0.002720 0.004017 0.417969 0.575293 
0.250000 0.250000 0.250000 0.250000 
 127
0.479817 0.002384 0.046210 
0.462778 0.995130 0.462022 
0.057405 0.002487 0.491768 
0.003389 0.002720 0.421348 0.572543 
0.250000 0.250000 0.250000 0.250000 
 128
0.479817 0.002384 0.046210 
0.462778 0.995130 0.462022 
0.057405 0.002487 0.491768 
0.420937 0.573623 0.002720 0.002720 
0.250000 0.250000 0.250000 0.250000 
 129
0.479817 0.002384 0.046210 
0.462778 0.995130 0.462022 
0.057405 0.002487 0.491768 
0.004493 0.002721 0.013950 0.978835 
0.250000 0.250000 0.250000 0.250000 
 130
0.479817 0.002384 0.046210 
0.462778 0.995130 0.462022 
0.057405 0.002487 0.491768 
0.003758 0.003634 0.032769 0.959839 
0.250000 0.250000 0.250000 0.250000 
 131
0.479817 0.002384 0.046210 
0.462778 0.995130 0.462022 
0.057405 0.002487 0.491768 
0.003526 0.991034 0.002720 0.002720 
0.250000 0.250000 0.250000 0.250000 
 132
0.479817 0.002384 0.046210 
0.462778 0.995130 0.462022 
0.057405 0.002487 0.491768 
0.985175 0.007883 0.003975 0.002968 
0.250000 0.250000 0.250000 0.250000 
 133
0.479817 0.002384 0.046210 
0.462778 0.995130 0.462022 
0.057405 0.002487 0.491768 
0.009296 0.026699 0.049563 0.914442 
0.250000 0.250000 0.250000 0.250000 
 134
0.479817 0.002384 0.046210 
0.462778 0.995130 0.462022 
0.057405 0.002487 0.491768 
0.002720 0.002720 0.004287 0.990273 
0.250000 0.250000 0.250000 0.250000 
 135
0.479817 0.002384 0.046210 
0.462778 0.995130 0.462022 
0.057405 0.002487 0.491768 
0.002720 0.002720 0.976002 0.018558 
0.250000 0.250000 0.250000 0.250000 
 136
0.479817 0.002384 0.046210 
0.462778 0.995130 0.462022 
0.057405 0.002487 0.491768 
0.003929 0.003180 0.873502 0.119390 
0.250000 0.250000 0.250000 0.250000 
 137
0.479817 0.002384 0.046210 
0.462778 0.995130 0.462022 
0.057405 0.002487 0.491768 
0.990363 0.002720 0.004196 0.002720 
0.250000 0.250000 0.250000 0.250000 
 138
0.479817 0.002384 0.046210 
0.462778 0.995130 0.462022 
0.057405 0.002487 0.491768 
0.363714 0.630846 0.002720 0.002720 
0.250000 0.250000 0.250000 0.250000 
 139
0.479817 0.002384 0.046210 
0.462778 0.995130 0.462022 
0.057405 0.002487 0.491768 
0.002720 0.002720 0.559022 0.435538 
0.250000 0.250000 0.250000 0.250000 
 140
0.479817 0.002384 0.046210 
0.462778 0.995130 0.462022 
0.057405 0.002487 0.491768 
0.002720 0.004529 0.004432 0.988320 
0.250000 0.250000 0.250000 0.250000 
 141
0.479817 0.002384 0.046210 
0.462778 0.995130 0.462022 
0.057405 0.002487 0.491768 
0.002720 0.002720 0.018323 0.976237 
0.250000 0.250000 0.250000 0.250000 
 142
0.479817 0.002384 0.046210 
0.462778 0.995130 0.462022 
0.057405 0.002487 0.491768 
0.014846 0.003001 0.395926 0.586228 
0.250000 0.250000 0.250000 0.250000 
 143
0.479817 0.002384 0.046210 
0.462778 0.995130 0.462022 
0.057405 0.002487 0.491768 
0.991840 0.002720 0.002720 0.002720 
0.250000 0.250000 0.250000 0.250000 
 144
0.479817 0.002384 0.046210 
0.462778 0.995130 0.462022 
0.057405 0.002487 0.491768 
0.003002 0.003028 0.983651 0.010319 
0.250000 0.250000 0.250000 0.250000 
 145
0.479817 0.002384 0.046210 
0.462778 0.995130 0.462022 
0.057405 0.002487 0.491768 
0.063710 0.004135 0.551197 0.380958 
0.250000 0.250000 0.250000 0.250000 
 146
0.479817 0.002384 0.046210 
0.462778 0.995130 0.462022 
0.057405 0.002487 0.491768 
0.002720 0.002720 0.991470 0.003090 
0.250000 0.250000 0.250000 0.250000 
 147
0.479817 0.002384 0.046210 
0.462778 0.995130 0.462022 
0.057405 0.002487 0.491768 
0.002720 0.002720 0.991269 0.003291 
0.250000 0.250000 0.250000 0.250000 
 148
0.479817 0.002384 0.046210 
0.462778 0.995130 0.462022 
0.057405 0.002487 0.491768 
0.903779 0.086878 0.006361 0.002982 
0.250000 0.250000 0.250000 0.250000 
 149
0.479817 0.002384 0.046210 
0.462778 0.995130 0.462022 
0.057405 0.002487 0.491768 
0.008023 0.002978 0.004136 0.984863 
0.250000 0.250000 0.250000 0.250000 
 150
0.479817 0.002384 0.046210 
0.462778 0.995130 0.462022 
0.057405 0.002487 0.491768 
0.002970 0.002720 0.982666 0.011644 
0.250000 0.250000 0.250000 0.250000 
 151
0.479817 0.002384 0.046210 
0.462778 0.995130 0.462022 
0.057405 0.002487 0.491768 
0.279506 0.003359 0.003871 0.713265 
0.250000 0.250000 0.250000 0.250000 
 152
0.479817 0.002384 0.046210 
0.462778 0.995130 0.462022 
0.057405 0.002487 0.491768 
0.991840 0.002720 0.002720 0.002720 
0.250000 0.250000 0.250000 0.250000 
 153
0.479817 0.002384 0.046210 
0.462778 0.995130 0.462022 
0.057405 0.002487 0.491768 
0.002720 0.003141 0.008797 0.985342 
0.250000 0.250000 0.250000 0.250000 
 154
0.479817 0.002384 0.046210 
0.462778 0.995130 0.462022 
0.057405 0.002487 0.491768 
0.002720 0.002720 0.079466 0.915094 
0.250000 0.250000 0.250000 0.250000 
 155
0.479817 0.002384 0.046210 
0.462778 0.995130 0.462022 
0.057405 0.002487 0.491768 
0.003504 0.002720 0.005701 0.988075 
0.250000 0.250000 0.250000 0.250000 
 156
0.479817 0.002384 0.046210 
0.462778 0.995130 0.462022 
0.057405 0.002487 0.491768 
0.002721 0.007302 0.682101 0.307876 
0.250000 0.250000 0.250000 0.250000 
 157
0.479817 0.002384 0.046210 
0.462778 0.995130 0.462022 
0.057405 0.002487 0.491768 
0.002720 0.002720 0.383553 0.611007 
0.250000 0.250000 0.250000 0.250000 
 158
0.479817 0.002384 0.046210 
0.462778 0.995130 0.462022 
0.057405 0.002487 0.491768 
0.002720 0.003374 0.005440 0.988466 
0.250000 0.250000 0.250000 0.250000 
 159
0.479817 0.002384 0.046210 
0.462778 0.995130 0.462022 
0.057405 0.002487 0.491768 
0.002720 0.003127 0.980167 0.013986 
0.250000 0.250000 0.250000 0.250000 
 160
0.479817 0.002384 0.046210 
0.462778 0.995130 0.462022 
0.057405 0.002487 0.491768 
0.002720 0.002720 0.321513 0.673047 
0.250000 0.250000 0.250000 0.250000 
 161
0.479817 0.002384 0.046210 
0.462778 0.995130 0.462022 
0.057405 0.002487 0.491768 
0.002720 0.002720 0.988536 0.006024 
0.250000 0.250000 0.250000 0.250000 
 162
0.479817 0.002384 0.046210 
0.462778 0.995130 0.462022 
0.057405 0.002487 0.491768 
0.002720 0.042977 0.002720 0.951583 
0.250000 0.250000 0.250000 0.250000 
 163
0.479817 0.002384 0.046210 
0.462778 0.995130 0.462022 
0.057405 0.002487 0.491768 
0.109167 0.882198 0.002720 0.005915 
0.250000 0.250000 0.250000 0.250000 
 164
0.479817 0.002384 0.046210 
0.462778 0.995130 0.462022 
0.057405 0.002487 0.491768 
0.002932 0.004866 0.030433 0.961769 
0.250000 0.250000 0.250000 0.250000 
 165
0.479817 0.002384 0.046210 
0.462778 0.995130 0.462022 
0.057405 0.002487 0.491768 
0.002949 0.003005 0.002994 0.991052 
0.250000 0.250000 0.250000 0.250000 
 166
0.479817 0.002384 0.046210 
0.462778 0.995130 0.462022 
0.057405 0.002487 0.491768 
0.002720 0.007855 0.149299 0.840126 
0.250000 0.250000 0.250000 0.250000 
 167
0.479817 0.002384 0.046210 
0.462778 0.995130 0.462022 
0.057405 0.002487 0.491768 
0.991840 0.002720 0.002720 0.002720 
0.250000 0.250000 0.250000 0.250000 
 168
0.479817 0.002384 0.046210 
0.462778 0.995130 0.462022 
0.057405 0.002487 0.491768 
0.859449 0.131624 0.003975 0.004953 
0.250000 0.250000 0.250000 0.250000 
 169
0.479817 0.002384 0.046210 
0.462778 0.995130 0.462022 
0.057405 0.002487 0.491768 
0.004411 0.007215 0.343250 0.645123 
0.250000 0.250000 0.250000 0.250000 
 170
0.479817 0.002384 0.046210 
0.462778 0.995130 0.462022 
0.057405 0.002487 0.491768 
0.003169 0.003430 0.022434 0.970967 
0.250000 0.250000 0.250000 0.250000 
 171
0.479817 0.002384 0.046210 
0.462778 0.995130 0.462022 
0.057405 0.002487 0.491768 
0.002720 0.007888 0.005654 0.983739 
0.250000 0.250000 0.250000 0.250000 
 172
0.479817 0.002384 0.046210 
0.462778 0.995130 0.462022 
0.057405 0.002487 0.491768 
0.032200 0.105408 0.006053 0.856338 
0.250000 0.250000 0.250000 0.250000 
 173
0.479817 0.002384 0.046210 
0.462778 0.995130 0.462022 
0.057405 0.002487 0.491768 
0.002720 0.991839 0.002720 0.002720 
0.250000 0.250000 0.250000 0.250000 
 174
0.479817 0.002384 0.046210 
0.462778 0.995130 0.462022 
0.057405 0.002487 0.491768 
0.469666 0.002720 0.524642 0.002972 
0.250000 0.250000 0.250000 0.250000 
 175
0.479817 0.002384 0.046210 
0.462778 0.995130 0.462022 
0.057405 0.002487 0.491768 
0.002720 0.004441 0.092641 0.900198 
0.250000 0.250000 0.250000 0.250000 
 176
0.479817 0.002384 0.046210 
0.462778 0.995130 0.462022 
0.057405 0.002487 0.491768 
0.003164 0.002720 0.002720 0.991396 
0.250000 0.250000 0.250000 0.250000 
 177
0.479817 0.002384 0.046210 
0.462778 0.995130 0.462022 
0.057405 0.002487 0.491768 
0.002720 0.002720 0.991840 0.002720 
0.250000 0.250000 0.250000 0.250000 
 178
0.479817 0.002384 0.046210 
0.462778 0.995130 0.462022 
0.057405 0.002487 0.491768 
0.002922 0.003103 0.534394 0.459582 
0.250000 0.250000 0.250000 0.250000 
 179
0.479817 0.002384 0.046210 
0.462778 0.995130 0.462022 
0.057405 0.002487 0.491768 
0.002720 0.002720 0.003558 0.991002 
0.250000 0.250000 0.250000 0.250000 
 180
0.479817 0.002384 0.046210 
0.462778 0.995130 0.462022 
0.057405 0.002487 0.491768 
0.002720 0.002720 0.984054 0.010506 
0.250000 0.250000 0.250000 0.250000 
 181
0.479817 0.002384 0.046210 
0.462778 0.995130 0.462022 
0.057405 0.002487 0.491768 
0.010077 0.242708 0.006601 0.740614 
0.250000 0.250000 0.250000 0.250000 
 182
0.479817 0.002384 0.046210 
0.462778 0.995130 0.462022 
0.057405 0.002487 0.491768 
0.004685 0.985512 0.002723 0.007080 
0.250000 0.250000 0.250000 0.250000 
 183
0.479817 0.002384 0.046210 
0.462778 0.995130 0.462022 
0.057405 0.002487 0.491768 
0.988746 0.002720 0.002720 0.005814 
0.250000 0.250000 0.250000 0.250000 
 184
0.479817 0.002384 0.046210 
0.462778 0.995130 0.462022 
0.057405 0.002487 0.491768 
0.396316 0.598244 0.002720 0.002720 
0.250000 0.250000 0.250000 0.250000 
 185
0.479817 0.002384 0.046210 
0.462778 0.995130 0.462022 
0.057405 0.002487 0.491768 
0.003335 0.002720 0.002720 0.991225 
0.250000 0.250000 0.250000 0.250000 
 186
0.479817 0.002384 0.046210 
0.462778 0.995130 0.462022 
0.057405 0.002487 0.491768 
0.991840 0.002720 0.002720 0.002720 
0.250000 0.250000 0.250000 0.250000 
 187
0.479817 0.002384 0.046210 
0.462778 0.995130 0.462022 
0.057405 0.002487 0.491768 
0.003447 0.002995 0.065104 0.928454 
0.250000 0.250000 0.250000 0.250000 
 188
0.479817 0.002384 0.046210 
0.462778 0.995130 0.462022 
0.057405 0.002487 0.491768 
0.002722 0.002972 0.028102 0.966204 
0.250000 0.250000 0.250000 0.250000 
 189
0.479817 0.002384 0.046210 
0.462778 0.995130 0.462022 
0.057405 0.002487 0.491768 
0.002720 0.002720 0.003873 0.990687 
0.250000 0.250000 0.250000 0.250000 
 190
0.479817 0.002384 0.046210 
0.462778 0.995130 0.462022 
0.057405 0.002487 0.491768 
0.030877 0.121498 0.006321 0.841304 
0.250000 0.250000 0.250000 0.250000 
 191
0.479817 0.002384 0.046210 
0.462778 0.995130 0.462022 
0.057405 0.002487 0.491768 
0.005130 0.986057 0.002720 0.006093 
0.250000 0.250000 0.250000 0.250000 
 192
0.479817 0.002384 0.046210 
0.462778 0.995130 0.462022 
0.057405 0.002487 0.491768 
0.005601 0.988621 0.002720 0.003058 
0.250000 0.250000 0.250000 0.250000 
 193
0.479817 0.002384 0.046210 
0.462778 0.995130 0.462022 
0.057405 0.002487 0.491768 
0.441981 0.552579 0.002720 0.002720 
0.250000 0.250000 0.250000 0.250000 
 194
0.479817 0.002384 0.046210 
0.462778 0.995130 0.462022 
0.057405 0.002487 0.491768 
0.002720 0.002720 0.002720 0.991840 
0.250000 0.250000 0.250000 0.250000 
 195
0.479817 0.002384 0.046210 
0.462778 0.995130 0.462022 
0.057405 0.002487 0.491768 
0.991840 0.002720 0.002720 0.002720 
0.250000 0.250000 0.250000 0.250000 
 196
0.479817 0.002384 0.046210 
0.462778 0.995130 0.462022 
0.057405 0.002487 0.491768 
0.203376 0.786810 0.004223 0.005591 
0.250000 0.250000 0.250000 0.250000 
 197
0.479817 0.002384 0.046210 
0.462778 0.995130 0.462022 
0.057405 0.002487 0.491768 
0.002720 0.003180 0.004128 0.989971 
0.250000 0.250000 0.250000 0.250000 
 198
0.479817 0.002384 0.046210 
0.462778 0.995130 0.462022 
0.057405 0.002487 0.491768 
0.002922 0.003125 0.927265 0.066688 
0.250000 0.250000 0.250000 0.250000 
 199
0.479817 0.002384 0.046210 
0.462778 0.995130 0.462022 
0.057405 0.002487 0.491768 
0.954324 0.040232 0.002722 0.002722 
0.250000 0.250000 0.250000 0.250000 
 200
0.479817 0.002384 0.046210 
0.462778 0.995130 0.462022 
0.057405 0.002487 0.491768 
0.002720 0.002720 0.002720 0.991840 
0.250000 0.250000 0.250000 0.250000 
 201
0.479817 0.002384 0.046210 
0.462778 0.995130 0.462022 
0.057405 0.002487 0.491768 
0.991839 0.002720 0.002720 0.002720 
0.250000 0.250000 0.250000 0.250000 
 202
0.479817 0.002384 0.046210 
0.462778 0.995130 0.462022 
0.057405 0.002487 0.491768 
0.859538 0.007049 0.004421 0.128992 
0.250000 0.250000 0.250000 0.250000 
 203
0.479817 0.002384 0.046210 
0.462778 0.995130 0.462022 
0.057405 0.002487 0.491768 
0.003527 0.990582 0.002720 0.003171 
0.250000 0.250000 0.250000 0.250000 
 204
0.479817 0.002384 0.046210 
0.462778 0.995130 0.462022 
0.057405 0.002487 0.491768 
0.002720 0.002720 0.003257 0.991303 
0.250000 0.250000 0.250000 0.250000 
 205
0.479817 0.002384 0.046210 
0.462778 0.995130 0.462022 
0.057405 0.002487 0.491768 
0.011725 0.115859 0.571743 0.300673 
0.250000 0.250000 0.250000 0.250000 
 206
0.479817 0.002384 0.046210 
0.462778 0.995130 0.462022 
0.057405 0.002487 0.491768 
0.002727 0.002727 0.989593 0.004953 
0.250000 0.250000 0.250000 0.250000 
 207
0.479817 0.002384 0.046210 
0.462778 0.995130 0.462022 
0.057405 0.002487 0.491768 
0.002720 0.002720 0.991840 0.002720 
0.250000 0.250000 0.250000 0.250000 
 208
0.479817 0.002384 0.046210 
0.462778 0.995130 0.462022 
0.057405 0.002487 0.491768 
0.934087 0.060473 0.002720 0.002720 
0.250000 0.250000 0.250000 0.250000 
 209
0.479817 0.002384 0.046210 
0.462778 0.995130 0.462022 
0.057405 0.002487 0.491768 
0.003067 0.002720 0.002720 0.991492 
0.250000 0.250000 0.250000 0.250000 
 210
0.479817 0.002384 0.046210 
0.462778 0.995130 0.462022 
0.057405 0.002487 0.491768 
0.002720 0.002720 0.003572 0.990987 
0.250000 0.250000 0.250000 0.250000 
 211
0.479817 0.002384 0.046210 
0.462778 0.995130 0.462022 
0.057405 0.002487 0.491768 
0.002720 0.002997 0.243355 0.750928 
0.250000 0.250000 0.250000 0.250000 
 212
0.479817 0.002384 0.046210 
0.462778 0.995130 0.462022 
0.057405 0.002487 0.491768 
0.002720 0.002720 0.034235 0.960325 
0.250000 0.250000 0.250000 0.250000 
 213
0.479817 0.002384 0.046210 
0.462778 0.995130 0.462022 
0.057405 0.002487 0.491768 
0.002720 0.002720 0.002720 0.991840 
0.250000 0.250000 0.250000 0.250000 
 214
0.479817 0.002384 0.046210 
0.462778 0.995130 0.462022 
0.057405 0.002487 0.491768 
0.007059 0.563947 0.170891 0.258103 
0.250000 0.250000 0.250000 0.250000 
 215
0.479817 0.002384 0.046210 
0.462778 0.995130 0.462022 
0.057405 0.002487 0.491768 
0.991069 0.002720 0.002720 0.003491 
0.250000 0.250000 0.250000 0.250000 
 216
0.479817 0.002384 0.046210 
0.462778 0.995130 0.462022 
0.057405 0.002487 0.491768 
0.002720 0.002720 0.978868 0.015692 
0.250000 0.250000 0.250000 0.250000 
 217
0.479817 0.002384 0.046210 
0.462778 0.995130 0.462022 
0.057405 0.002487 0.491768 
0.823866 0.169923 0.002720 0.003491 
0.250000 0.250000 0.250000 0.250000 
 218
0.479817 0.002384 0.046210 
0.462778 0.995130 0.462022 
0.057405 0.002487 0.491768 
0.002720 0.002720 0.990705 0.003855 
0.250000 0.250000 0.250000 0.250000 
 219
0.479817 0.002384 0.046210 
0.462778 0.995130 0.462022 
0.057405 0.002487 0.491768 
0.007855 0.003017 0.003155 0.985973 
0.250000 0.250000 0.250000 0.250000 
 220
0.479817 0.002384 0.046210 
0.462778 0.995130 0.462022 
0.057405 0.002487 0.491768 
0.003780 0.011953 0.341322 0.642946 
0.250000 0.250000 0.250000 0.250000 
 221
0.479817 0.002384 0.046210 
0.462778 0.995130 0.462022 
0.057405 0.002487 0.491768 
0.002720 0.002720 0.003251 0.991309 
0.250000 0.250000 0.250000 0.250000 
 222
0.479817 0.002384 0.046210 
0.462778 0.995130 0.462022 
0.057405 0.002487 0.491768 
0.002720 0.002720 0.990942 0.003618 
0.250000 0.250000 0.250000 0.250000 
 223
0.479817 0.002384 0.046210 
0.462778 0.995130 0.462022 
0.057405 0.002487 0.491768 
0.003028 0.002720 0.989559 0.004693 
0.250000 0.250000 0.250000 0.250000 
 224
0.479817 0.002384 0.046210 
0.462778 0.995130 0.462022 
0.057405 0.002487 0.491768 
0.991840 0.002720 0.002720 0.002720 
0.250000 0.250000 0.250000 0.250000 
 225
0.479817 0.002384 0.046210 
0.462778 0.995130 0.462022 
0.057405 0.002487 0.491768 
0.002984 0.008011 0.002720 0.986284 
0.250000 0.250000 0.250000 0.250000 
 226
0.479817 0.002384 0.046210 
0.462778 0.995130 0.462022 
0.057405 0.002487 0.491768 
0.024595 0.969965 0.002720 0.002720 
0.250000 0.250000 0.250000 0.250000 
 227
0.479817 0.002384 0.046210 
0.462778 0.995130 0.462022 
0.057405 0.002487 0.491768 
0.002720 0.002720 0.991840 0.002720 
0.250000 0.250000 0.250000 0.250000 
 228
0.479817 0.002384 0.046210 
0.462778 0.995130 0.462022 
0.057405 0.002487 0.491768 
0.991348 0.002720 0.003212 0.002720 
0.250000 0.250000 0.250000 0.250000 
 229
0.479817 0.002384 0.046210 
0.462778 0.995130 0.462022 
0.057405 0.002487 0.491768 
0.003835 0.007866 0.580527 0.407773 
0.250000 0.250000 0.250000 0.250000 
 230
0.479817 0.002384 0.046210 
0.462778 0.995130 0.462022 
0.057405 0.002487 0.491768 
0.006765 0.570644 0.003931 0.418660 
0.250000 0.250000 0.250000 0.250000 
 231
0.479817 0.002384 0.046210 
0.462778 0.995130 0.462022 
0.057405 0.002487 0.491768 
0.004516 0.003027 0.428661 0.563796 
0.250000 0.250000 0.250000 0.250000 
 232
0.479817 0.002384 0.046210 
0.462778 0.995130 0.462022 
0.057405 0.002487 0.491768 
0.443282 0.551277 0.002721 0.002721 
0.250000 0.250000 0.250000 0.250000 
 233
0.479817 0.002384 0.046210 
0.462778 0.995130 0.462022 
0.057405 0.002487 0.491768 
0.002720 0.002720 0.004364 0.990196 
0.250000 0.250000 0.250000 0.250000 
 234
0.479817 0.002384 0.046210 
0.462778 0.995130 0.462022 
0.057405 0.002487 0.491768 
0.002720 0.002720 0.379997 0.614563 
0.250000 0.250000 0.250000 0.250000 
 235
0.479817 0.002384 0.046210 
0.462778 0.995130 0.462022 
0.057405 0.002487 0.491768 
0.698008 0.296301 0.002720 0.002971 
0.250000 0.250000 0.250000 0.250000 
 236
0.479817 0.002384 0.046210 
0.462778 0.995130 0.462022 
0.057405 0.002487 0.491768 
