%  SAM: modelfromalign v3.5 (July 15, 2005) compiled 03/03/09_11:47:37
%  (c) 1992-2001 Regents of the University of California, Santa Cruz
%
%          Sequence Alignment and Modeling Software System
%         http://www.cse.ucsc.edu/research/compbio/sam.html
%
% ----------------- Citations (SAM, SAM-T2K, HMMs) --------------------
% R. Hughey, A. Krogh, Hidden Markov models for sequence analysis:
%  Extension and analysis of the basic method, CABIOS 12:95-107, 1996.
% K. Karplus, et al., What is the value added by human intervention in protein
%  structure prediction, Proteins: Stucture, Function, Genetics 45(S5):86--91, 2001.
% A. Krogh et al., Hidden Markov models in computational biology:
%  Applications to protein modeling, JMB 235:1501-1531, Feb 1994.
% ---------------------------------------------------------------------
%  A_HA_H3_hmm   Host: m222714.cdc.gov    Wed May 21 18:06:12 2014
%  vfn4          Dir:  /Volumes/gf_atl_2012/Genotyping/IRMA/segments/HA
% ---------------------------------------------------------------------
%  Alignment weights from internal calc.  Total (60.01) Max (0.21) Min (0.01)
%  Weights from alignment method 1 (karplus), b=-1.000000, e=0.500000
MODEL --  Model from alignment file rev/A_HA_H3.fasta
alphabet DNA
FREQAVE
0.000000 0.000000 0.000000 
0.000000 0.000000 0.000000 
0.000000 0.000000 0.000000 
0.238465 0.199087 0.225967 0.336481 
0.238465 0.199087 0.225967 0.336481 
Begin
0.000000 0.000000 0.000000 
0.000000 0.000000 0.000000 
0.000000 0.003497 0.491768 
0.250000 0.250000 0.250000 0.250000 
0.250000 0.250000 0.250000 0.250000 
   1
0.000000 0.003658 0.046210 
0.000000 0.992844 0.462022 
0.057067 0.003498 0.491768 
0.004099 0.004099 0.005574 0.986228 
0.250000 0.250000 0.250000 0.250000 
   2
0.482879 0.003353 0.046210 
0.460054 0.993148 0.462022 
0.057067 0.003498 0.491768 
0.004099 0.004099 0.968768 0.023034 
0.250000 0.250000 0.250000 0.250000 
   3
0.482879 0.003353 0.046210 
0.460054 0.993148 0.462022 
0.057067 0.003498 0.491768 
0.987702 0.004099 0.004099 0.004099 
0.250000 0.250000 0.250000 0.250000 
   4
0.482879 0.003353 0.046210 
0.460054 0.993148 0.462022 
0.057067 0.003498 0.491768 
0.961140 0.029953 0.004099 0.004808 
0.250000 0.250000 0.250000 0.250000 
   5
0.482879 0.003353 0.046210 
0.460054 0.993148 0.462022 
0.057067 0.003498 0.491768 
0.987702 0.004099 0.004099 0.004099 
0.250000 0.250000 0.250000 0.250000 
   6
0.482879 0.003353 0.046210 
0.460054 0.993148 0.462022 
0.057067 0.003498 0.491768 
0.005548 0.004099 0.009263 0.981089 
0.250000 0.250000 0.250000 0.250000 
   7
0.482879 0.003353 0.046210 
0.460054 0.993148 0.462022 
0.057067 0.003498 0.491768 
0.005736 0.986066 0.004099 0.004099 
0.250000 0.250000 0.250000 0.250000 
   8
0.482879 0.003353 0.046210 
0.460054 0.993148 0.462022 
0.057067 0.003498 0.491768 
0.005206 0.004099 0.986595 0.004099 
0.250000 0.250000 0.250000 0.250000 
   9
0.482879 0.003353 0.046210 
0.460054 0.993148 0.462022 
0.057067 0.003498 0.491768 
0.987702 0.004099 0.004099 0.004099 
0.250000 0.250000 0.250000 0.250000 
  10
0.482879 0.003353 0.046210 
0.460054 0.993148 0.462022 
0.057067 0.003498 0.491768 
0.981659 0.009712 0.004530 0.004099 
0.250000 0.250000 0.250000 0.250000 
  11
0.482879 0.003353 0.046210 
0.460054 0.993148 0.462022 
0.057067 0.003498 0.491768 
0.987696 0.004101 0.004101 0.004101 
0.250000 0.250000 0.250000 0.250000 
  12
0.482879 0.003353 0.046210 
0.460054 0.993148 0.462022 
0.057067 0.003498 0.491768 
0.005732 0.004102 0.005609 0.984557 
0.250000 0.250000 0.250000 0.250000 
  13
0.482879 0.003353 0.046210 
0.460054 0.993148 0.462022 
0.057067 0.003498 0.491768 
0.005920 0.985881 0.004099 0.004099 
0.250000 0.250000 0.250000 0.250000 
  14
0.482879 0.003353 0.046210 
0.460054 0.993148 0.462022 
0.057067 0.003498 0.491768 
0.004099 0.004099 0.006867 0.984934 
0.250000 0.250000 0.250000 0.250000 
  15
0.482879 0.003353 0.046210 
0.460054 0.993148 0.462022 
0.057067 0.003498 0.491768 
0.004099 0.004099 0.009458 0.982343 
0.250000 0.250000 0.250000 0.250000 
  16
0.482879 0.003353 0.046210 
0.460054 0.993148 0.462022 
0.057067 0.003498 0.491768 
0.005041 0.986761 0.004099 0.004099 
0.250000 0.250000 0.250000 0.250000 
  17
0.482879 0.003353 0.046210 
0.460054 0.993148 0.462022 
0.057067 0.003498 0.491768 
0.004099 0.004099 0.987702 0.004099 
0.250000 0.250000 0.250000 0.250000 
  18
0.482879 0.003353 0.046210 
0.460054 0.993148 0.462022 
0.057067 0.003498 0.491768 
0.987702 0.004099 0.004099 0.004099 
0.250000 0.250000 0.250000 0.250000 
  19
0.482879 0.003353 0.046210 
0.460054 0.993148 0.462022 
0.057067 0.003498 0.491768 
0.005117 0.004099 0.891960 0.098823 
0.250000 0.250000 0.250000 0.250000 
  20
0.482879 0.003353 0.046210 
0.460054 0.993148 0.462022 
0.057067 0.003498 0.491768 
0.004099 0.004099 0.967430 0.024371 
0.250000 0.250000 0.250000 0.250000 
  21
0.482879 0.003353 0.046210 
0.460054 0.993148 0.462022 
0.057067 0.003498 0.491768 
0.005117 0.005479 0.004099 0.985304 
0.250000 0.250000 0.250000 0.250000 
  22
0.482879 0.003353 0.046210 
0.460054 0.993148 0.462022 
0.057067 0.003498 0.491768 
0.901618 0.088158 0.004099 0.006125 
0.250000 0.250000 0.250000 0.250000 
  23
0.482879 0.003353 0.046210 
0.460054 0.993148 0.462022 
0.057067 0.003498 0.491768 
0.986908 0.004099 0.004099 0.004893 
0.250000 0.250000 0.250000 0.250000 
  24
0.482879 0.003353 0.046210 
0.460054 0.993148 0.462022 
0.057067 0.003498 0.491768 
0.004099 0.004099 0.004584 0.987218 
0.250000 0.250000 0.250000 0.250000 
  25
0.482879 0.003353 0.046210 
0.460054 0.993148 0.462022 
0.057067 0.003498 0.491768 
0.048827 0.941207 0.005866 0.004099 
0.250000 0.250000 0.250000 0.250000 
  26
0.482879 0.003353 0.046210 
0.460054 0.993148 0.462022 
0.057067 0.003498 0.491768 
0.004099 0.004099 0.004099 0.987702 
0.250000 0.250000 0.250000 0.250000 
  27
0.482879 0.003353 0.046210 
0.460054 0.993148 0.462022 
0.057067 0.003498 0.491768 
0.004099 0.004099 0.004099 0.987702 
0.250000 0.250000 0.250000 0.250000 
  28
0.482879 0.003353 0.046210 
0.460054 0.993148 0.462022 
0.057067 0.003498 0.491768 
0.005307 0.985921 0.004673 0.004099 
0.250000 0.250000 0.250000 0.250000 
  29
0.482879 0.003353 0.046210 
0.460054 0.993148 0.462022 
0.057067 0.003498 0.491768 
0.004099 0.004099 0.987702 0.004099 
0.250000 0.250000 0.250000 0.250000 
  30
0.482879 0.003353 0.046210 
0.460054 0.993148 0.462022 
0.057067 0.003498 0.491768 
0.004099 0.004099 0.987702 0.004099 
0.250000 0.250000 0.250000 0.250000 
  31
0.482879 0.003353 0.046210 
0.460054 0.993148 0.462022 
0.057067 0.003498 0.491768 
0.004099 0.004590 0.027684 0.963627 
0.250000 0.250000 0.250000 0.250000 
  32
0.482879 0.003353 0.046210 
0.460054 0.993148 0.462022 
0.057067 0.003498 0.491768 
0.004099 0.005866 0.221927 0.768107 
0.250000 0.250000 0.250000 0.250000 
  33
0.482879 0.003353 0.046210 
0.460054 0.993148 0.462022 
0.057067 0.003498 0.491768 
0.004099 0.005944 0.004954 0.985002 
0.250000 0.250000 0.250000 0.250000 
  34
0.482879 0.003353 0.046210 
0.460054 0.993148 0.462022 
0.057067 0.003498 0.491768 
0.004099 0.004099 0.190600 0.801202 
0.250000 0.250000 0.250000 0.250000 
  35
0.476993 0.003353 0.046210 
0.465939 0.993148 0.462022 
0.057405 0.003497 0.491768 
0.004478 0.004098 0.004479 0.986944 
0.250000 0.250000 0.250000 0.250000 
  36
0.479817 0.003352 0.046210 
0.462778 0.993150 0.462022 
0.057405 0.003497 0.491768 
0.004098 0.984135 0.006831 0.004937 
0.250000 0.250000 0.250000 0.250000 
  37
0.479817 0.003352 0.046210 
0.462778 0.993150 0.462022 
0.057405 0.003497 0.491768 
0.005488 0.986316 0.004098 0.004098 
0.250000 0.250000 0.250000 0.250000 
  38
0.479817 0.003352 0.046210 
0.462778 0.993150 0.462022 
0.057405 0.003497 0.491768 
0.004098 0.004098 0.987707 0.004098 
0.250000 0.250000 0.250000 0.250000 
  39
0.479817 0.003352 0.046210 
0.462778 0.993150 0.462022 
0.057405 0.003497 0.491768 
0.986913 0.004098 0.004891 0.004098 
0.250000 0.250000 0.250000 0.250000 
  40
0.479817 0.003352 0.046210 
0.462778 0.993150 0.462022 
0.057405 0.003497 0.491768 
0.096657 0.886766 0.004596 0.011981 
0.250000 0.250000 0.250000 0.250000 
  41
0.479817 0.003352 0.046210 
0.462778 0.993150 0.462022 
0.057405 0.003497 0.491768 
0.004466 0.986841 0.004595 0.004098 
0.250000 0.250000 0.250000 0.250000 
  42
0.479817 0.003352 0.046210 
0.462778 0.993150 0.462022 
0.057405 0.003497 0.491768 
0.005704 0.004098 0.982532 0.007666 
0.250000 0.250000 0.250000 0.250000 
  43
0.479817 0.003352 0.046210 
0.462778 0.993150 0.462022 
0.057405 0.003497 0.491768 
0.004098 0.004098 0.987707 0.004098 
0.250000 0.250000 0.250000 0.250000 
  44
0.479817 0.003352 0.046210 
0.462778 0.993150 0.462022 
0.057405 0.003497 0.491768 
0.004098 0.004098 0.987707 0.004098 
0.250000 0.250000 0.250000 0.250000 
  45
0.479817 0.003352 0.046210 
0.462778 0.993150 0.462022 
0.057405 0.003497 0.491768 
0.987707 0.004098 0.004098 0.004098 
0.250000 0.250000 0.250000 0.250000 
  46
0.479817 0.003352 0.046210 
0.462778 0.993150 0.462022 
0.057405 0.003497 0.491768 
0.005937 0.004098 0.981664 0.008302 
0.250000 0.250000 0.250000 0.250000 
  47
0.479817 0.003352 0.046210 
0.462778 0.993150 0.462022 
0.057405 0.003497 0.491768 
0.985797 0.005654 0.004451 0.004098 
0.250000 0.250000 0.250000 0.250000 
  48
0.479817 0.003352 0.046210 
0.462778 0.993150 0.462022 
0.057405 0.003497 0.491768 
0.004839 0.004408 0.014428 0.976324 
0.250000 0.250000 0.250000 0.250000 
  49
0.479817 0.003352 0.046210 
0.462778 0.993150 0.462022 
0.057405 0.003497 0.491768 
0.297684 0.674846 0.004098 0.023372 
0.250000 0.250000 0.250000 0.250000 
  50
0.479817 0.003352 0.046210 
0.462778 0.993150 0.462022 
0.057405 0.003497 0.491768 
0.986017 0.005788 0.004098 0.004098 
0.250000 0.250000 0.250000 0.250000 
  51
0.479817 0.003352 0.046210 
0.462778 0.993150 0.462022 
0.057405 0.003497 0.491768 
0.004098 0.004839 0.006995 0.984068 
0.250000 0.250000 0.250000 0.250000 
  52
0.479817 0.003352 0.046210 
0.462778 0.993150 0.462022 
0.057405 0.003497 0.491768 
0.031887 0.958598 0.004098 0.005417 
0.250000 0.250000 0.250000 0.250000 
  53
0.479817 0.003352 0.046210 
0.462778 0.993150 0.462022 
0.057405 0.003497 0.491768 
0.983358 0.008446 0.004098 0.004098 
0.250000 0.250000 0.250000 0.250000 
  54
0.479817 0.003352 0.046210 
0.462778 0.993150 0.462022 
0.057405 0.003497 0.491768 
0.986794 0.005010 0.004098 0.004098 
0.250000 0.250000 0.250000 0.250000 
  55
0.479817 0.003352 0.046210 
0.462778 0.993150 0.462022 
0.057405 0.003497 0.491768 
0.114412 0.004098 0.796491 0.084999 
0.250000 0.250000 0.250000 0.250000 
  56
0.479817 0.003352 0.046210 
0.462778 0.993150 0.462022 
0.057405 0.003497 0.491768 
0.004098 0.004098 0.987707 0.004098 
0.250000 0.250000 0.250000 0.250000 
  57
0.479817 0.003352 0.046210 
0.462778 0.993150 0.462022 
0.057405 0.003497 0.491768 
0.004098 0.004098 0.987707 0.004098 
0.250000 0.250000 0.250000 0.250000 
  58
0.479817 0.003352 0.046210 
0.462778 0.993150 0.462022 
0.057405 0.003497 0.491768 
0.009435 0.004098 0.975078 0.011388 
0.250000 0.250000 0.250000 0.250000 
  59
0.479817 0.003352 0.046210 
0.462778 0.993150 0.462022 
0.057405 0.003497 0.491768 
0.985863 0.004462 0.005577 0.004098 
0.250000 0.250000 0.250000 0.250000 
  60
0.479817 0.003352 0.046210 
0.462778 0.993150 0.462022 
0.057405 0.003497 0.491768 
0.515426 0.472482 0.005577 0.006515 
0.250000 0.250000 0.250000 0.250000 
  61
0.479817 0.003352 0.046210 
0.462778 0.993150 0.462022 
0.057405 0.003497 0.491768 
0.005095 0.004098 0.775670 0.215137 
0.250000 0.250000 0.250000 0.250000 
  62
0.479817 0.003352 0.046210 
0.462778 0.993150 0.462022 
0.057405 0.003497 0.491768 
0.966370 0.005907 0.023625 0.004098 
0.250000 0.250000 0.250000 0.250000 
  63
0.479817 0.003352 0.046210 
0.462778 0.993150 0.462022 
0.057405 0.003497 0.491768 
0.726194 0.258125 0.005902 0.009778 
0.250000 0.250000 0.250000 0.250000 
  64
0.479817 0.003352 0.046210 
0.462778 0.993150 0.462022 
0.057405 0.003497 0.491768 
0.961021 0.028123 0.005485 0.005371 
0.250000 0.250000 0.250000 0.250000 
  65
0.479817 0.003352 0.046210 
0.462778 0.993150 0.462022 
0.057405 0.003497 0.491768 
0.579553 0.409123 0.007226 0.004098 
0.250000 0.250000 0.250000 0.250000 
  66
0.479817 0.003352 0.046210 
0.462778 0.993150 0.462022 
0.057405 0.003497 0.491768 
0.005998 0.004098 0.976940 0.012965 
0.250000 0.250000 0.250000 0.250000 
  67
0.479817 0.003352 0.046210 
0.462778 0.993150 0.462022 
0.057405 0.003497 0.491768 
0.982780 0.008039 0.004482 0.004699 
0.250000 0.250000 0.250000 0.250000 
  68
0.479817 0.003352 0.046210 
0.462778 0.993150 0.462022 
0.057405 0.003497 0.491768 
0.975414 0.016390 0.004098 0.004098 
0.250000 0.250000 0.250000 0.250000 
  69
0.479817 0.003352 0.046210 
0.462778 0.993150 0.462022 
0.057405 0.003497 0.491768 
0.005391 0.004098 0.937338 0.053173 
0.250000 0.250000 0.250000 0.250000 
  70
0.479817 0.003352 0.046210 
0.462778 0.993150 0.462022 
0.057405 0.003497 0.491768 
0.892461 0.098021 0.005420 0.004098 
0.250000 0.250000 0.250000 0.250000 
  71
0.479817 0.003352 0.046210 
0.462778 0.993150 0.462022 
0.057405 0.003497 0.491768 
0.004098 0.004098 0.987707 0.004098 
0.250000 0.250000 0.250000 0.250000 
  72
0.479817 0.003352 0.046210 
0.462778 0.993150 0.462022 
0.057405 0.003497 0.491768 
0.987707 0.004098 0.004098 0.004098 
0.250000 0.250000 0.250000 0.250000 
  73
0.479817 0.003352 0.046210 
0.462778 0.993150 0.462022 
0.057405 0.003497 0.491768 
0.937348 0.011969 0.046585 0.004098 
0.250000 0.250000 0.250000 0.250000 
  74
0.479817 0.003352 0.046210 
0.462778 0.993150 0.462022 
0.057405 0.003497 0.491768 
0.987707 0.004098 0.004098 0.004098 
0.250000 0.250000 0.250000 0.250000 
  75
0.479817 0.003352 0.046210 
0.462778 0.993150 0.462022 
0.057405 0.003497 0.491768 
0.006238 0.903181 0.010152 0.080429 
0.250000 0.250000 0.250000 0.250000 
  76
0.479817 0.003352 0.046210 
0.462778 0.993150 0.462022 
0.057405 0.003497 0.491768 
0.004098 0.004098 0.902835 0.088970 
0.250000 0.250000 0.250000 0.250000 
  77
0.479817 0.003352 0.046210 
0.462778 0.993150 0.462022 
0.057405 0.003497 0.491768 
0.987707 0.004098 0.004098 0.004098 
0.250000 0.250000 0.250000 0.250000 
  78
0.479817 0.003352 0.046210 
0.462778 0.993150 0.462022 
0.057405 0.003497 0.491768 
0.980562 0.007214 0.004417 0.007807 
0.250000 0.250000 0.250000 0.250000 
  79
0.479817 0.003352 0.046210 
0.462778 0.993150 0.462022 
0.057405 0.003497 0.491768 
0.882892 0.108912 0.004098 0.004098 
0.250000 0.250000 0.250000 0.250000 
  80
0.479817 0.003352 0.046210 
0.462778 0.993150 0.462022 
0.057405 0.003497 0.491768 
0.987263 0.004542 0.004098 0.004098 
0.250000 0.250000 0.250000 0.250000 
  81
0.479817 0.003352 0.046210 
0.462778 0.993150 0.462022 
0.057405 0.003497 0.491768 
0.979925 0.011879 0.004098 0.004098 
0.250000 0.250000 0.250000 0.250000 
  82
0.479817 0.003352 0.046210 
0.462778 0.993150 0.462022 
0.057405 0.003497 0.491768 
0.523891 0.467913 0.004098 0.004098 
0.250000 0.250000 0.250000 0.250000 
  83
0.479817 0.003352 0.046210 
0.462778 0.993150 0.462022 
0.057405 0.003497 0.491768 
0.005082 0.004098 0.986722 0.004098 
0.250000 0.250000 0.250000 0.250000 
  84
0.479817 0.003352 0.046210 
0.462778 0.993150 0.462022 
0.057405 0.003497 0.491768 
0.987066 0.004734 0.004100 0.004100 
0.250000 0.250000 0.250000 0.250000 
  85
0.479817 0.003352 0.046210 
0.462778 0.993150 0.462022 
0.057405 0.003497 0.491768 
0.004098 0.004098 0.004713 0.987091 
0.250000 0.250000 0.250000 0.250000 
  86
0.479817 0.003352 0.046210 
0.462778 0.993150 0.462022 
0.057405 0.003497 0.491768 
0.005681 0.986123 0.004098 0.004098 
0.250000 0.250000 0.250000 0.250000 
  87
0.479817 0.003352 0.046210 
0.462778 0.993150 0.462022 
0.057405 0.003497 0.491768 
0.987707 0.004098 0.004098 0.004098 
0.250000 0.250000 0.250000 0.250000 
  88
0.479817 0.003352 0.046210 
0.462778 0.993150 0.462022 
0.057405 0.003497 0.491768 
0.004098 0.011446 0.026735 0.957721 
0.250000 0.250000 0.250000 0.250000 
  89
0.479817 0.003352 0.046210 
0.462778 0.993150 0.462022 
0.057405 0.003497 0.491768 
0.972865 0.018939 0.004098 0.004098 
0.250000 0.250000 0.250000 0.250000 
  90
0.479817 0.003352 0.046210 
0.462778 0.993150 0.462022 
0.057405 0.003497 0.491768 
0.004098 0.004098 0.004098 0.987707 
0.250000 0.250000 0.250000 0.250000 
  91
0.479817 0.003352 0.046210 
0.462778 0.993150 0.462022 
0.057405 0.003497 0.491768 
0.004098 0.987707 0.004098 0.004098 
0.250000 0.250000 0.250000 0.250000 
  92
0.479817 0.003352 0.046210 
0.462778 0.993150 0.462022 
0.057405 0.003497 0.491768 
0.004098 0.986338 0.004098 0.005467 
0.250000 0.250000 0.250000 0.250000 
  93
0.479817 0.003352 0.046210 
0.462778 0.993150 0.462022 
0.057405 0.003497 0.491768 
0.006727 0.004098 0.984128 0.005047 
0.250000 0.250000 0.250000 0.250000 
  94
0.479817 0.003352 0.046210 
0.462778 0.993150 0.462022 
0.057405 0.003497 0.491768 
0.906153 0.085651 0.004098 0.004098 
0.250000 0.250000 0.250000 0.250000 
  95
0.479817 0.003352 0.046210 
0.462778 0.993150 0.462022 
0.057405 0.003497 0.491768 
0.986362 0.004098 0.004451 0.005090 
0.250000 0.250000 0.250000 0.250000 
  96
0.479817 0.003352 0.046210 
0.462778 0.993150 0.462022 
0.057405 0.003497 0.491768 
0.987213 0.004591 0.004098 0.004098 
0.250000 0.250000 0.250000 0.250000 
  97
0.479817 0.003352 0.046210 
0.462778 0.993150 0.462022 
0.057405 0.003497 0.491768 
0.008598 0.901761 0.004098 0.085543 
0.250000 0.250000 0.250000 0.250000 
  98
0.479817 0.003352 0.046210 
0.462778 0.993150 0.462022 
0.057405 0.003497 0.491768 
0.004098 0.987707 0.004098 0.004098 
0.250000 0.250000 0.250000 0.250000 
  99
0.479817 0.003352 0.046210 
0.462778 0.993150 0.462022 
0.057405 0.003497 0.491768 
0.987707 0.004098 0.004098 0.004098 
0.250000 0.250000 0.250000 0.250000 
 100
0.479817 0.003352 0.046210 
0.462778 0.993150 0.462022 
0.057405 0.003497 0.491768 
0.959415 0.006346 0.004098 0.030141 
0.250000 0.250000 0.250000 0.250000 
 101
0.479817 0.003352 0.046210 
0.462778 0.993150 0.462022 
0.057405 0.003497 0.491768 
0.987707 0.004098 0.004098 0.004098 
0.250000 0.250000 0.250000 0.250000 
 102
0.479817 0.003352 0.046210 
0.462778 0.993150 0.462022 
0.057405 0.003497 0.491768 
0.004098 0.004098 0.005937 0.985868 
0.250000 0.250000 0.250000 0.250000 
 103
0.479817 0.003352 0.046210 
0.462778 0.993150 0.462022 
0.057405 0.003497 0.491768 
0.004098 0.004098 0.987707 0.004098 
0.250000 0.250000 0.250000 0.250000 
 104
0.479817 0.003352 0.046210 
0.462778 0.993150 0.462022 
0.057405 0.003497 0.491768 
0.004098 0.004098 0.987707 0.004098 
0.250000 0.250000 0.250000 0.250000 
 105
0.479817 0.003352 0.046210 
0.462778 0.993150 0.462022 
0.057405 0.003497 0.491768 
0.986715 0.004098 0.005090 0.004098 
0.250000 0.250000 0.250000 0.250000 
 106
0.479817 0.003352 0.046210 
0.462778 0.993150 0.462022 
0.057405 0.003497 0.491768 
0.004098 0.004098 0.234598 0.757206 
0.250000 0.250000 0.250000 0.250000 
 107
0.479817 0.003352 0.046210 
0.462778 0.993150 0.462022 
0.057405 0.003497 0.491768 
0.986221 0.005224 0.004098 0.004457 
0.250000 0.250000 0.250000 0.250000 
 108
0.479817 0.003352 0.046210 
0.462778 0.993150 0.462022 
0.057405 0.003497 0.491768 
0.111068 0.877119 0.004098 0.007716 
0.250000 0.250000 0.250000 0.250000 
 109
0.479817 0.003352 0.046210 
0.462778 0.993150 0.462022 
0.057405 0.003497 0.491768 
0.054554 0.854325 0.005937 0.085184 
0.250000 0.250000 0.250000 0.250000 
 110
0.479817 0.003352 0.046210 
0.462778 0.993150 0.462022 
0.057405 0.003497 0.491768 
0.987707 0.004098 0.004098 0.004098 
0.250000 0.250000 0.250000 0.250000 
 111
0.479817 0.003352 0.046210 
0.462778 0.993150 0.462022 
0.057405 0.003497 0.491768 
0.004824 0.004098 0.019520 0.971558 
0.250000 0.250000 0.250000 0.250000 
 112
0.479817 0.003352 0.046210 
0.462778 0.993150 0.462022 
0.057405 0.003497 0.491768 
0.004098 0.004098 0.987707 0.004098 
0.250000 0.250000 0.250000 0.250000 
 113
0.479817 0.003352 0.046210 
0.462778 0.993150 0.462022 
0.057405 0.003497 0.491768 
0.004098 0.004098 0.987707 0.004098 
0.250000 0.250000 0.250000 0.250000 
 114
0.479817 0.003352 0.046210 
0.462778 0.993150 0.462022 
0.057405 0.003497 0.491768 
0.987248 0.004098 0.004098 0.004557 
0.250000 0.250000 0.250000 0.250000 
 115
0.479817 0.003352 0.046210 
0.462778 0.993150 0.462022 
0.057405 0.003497 0.491768 
0.805177 0.179610 0.008866 0.006347 
0.250000 0.250000 0.250000 0.250000 
 116
0.479817 0.003352 0.046210 
0.462778 0.993150 0.462022 
0.057405 0.003497 0.491768 
0.004098 0.004098 0.004098 0.987707 
0.250000 0.250000 0.250000 0.250000 
 117
0.479817 0.003352 0.046210 
0.462778 0.993150 0.462022 
0.057405 0.003497 0.491768 
0.004098 0.004098 0.978060 0.013745 
0.250000 0.250000 0.250000 0.250000 
 118
0.479817 0.003352 0.046210 
0.462778 0.993150 0.462022 
0.057405 0.003497 0.491768 
0.004098 0.004098 0.015469 0.976336 
0.250000 0.250000 0.250000 0.250000 
 119
0.479817 0.003352 0.046210 
0.462778 0.993150 0.462022 
0.057405 0.003497 0.491768 
0.004098 0.004098 0.004098 0.987707 
0.250000 0.250000 0.250000 0.250000 
 120
0.479817 0.003352 0.046210 
0.462778 0.993150 0.462022 
0.057405 0.003497 0.491768 
0.004098 0.004098 0.004098 0.987707 
0.250000 0.250000 0.250000 0.250000 
 121
0.479817 0.003352 0.046210 
0.462778 0.993150 0.462022 
0.057405 0.003497 0.491768 
0.031001 0.960804 0.004098 0.004098 
0.250000 0.250000 0.250000 0.250000 
 122
0.479817 0.003352 0.046210 
0.462778 0.993150 0.462022 
0.057405 0.003497 0.491768 
0.004551 0.004098 0.004098 0.987253 
0.250000 0.250000 0.250000 0.250000 
 123
0.479817 0.003352 0.046210 
0.462778 0.993150 0.462022 
0.057405 0.003497 0.491768 
0.987083 0.004722 0.004098 0.004098 
0.250000 0.250000 0.250000 0.250000 
 124
0.479817 0.003352 0.046210 
0.462778 0.993150 0.462022 
0.057405 0.003497 0.491768 
0.010197 0.095588 0.340086 0.554129 
0.250000 0.250000 0.250000 0.250000 
 125
0.479817 0.003352 0.046210 
0.462778 0.993150 0.462022 
0.057405 0.003497 0.491768 
0.004098 0.004098 0.978529 0.013274 
0.250000 0.250000 0.250000 0.250000 
 126
0.479817 0.003352 0.046210 
0.462778 0.993150 0.462022 
0.057405 0.003497 0.491768 
0.004098 0.004098 0.984755 0.007049 
0.250000 0.250000 0.250000 0.250000 
 127
0.479817 0.003352 0.046210 
0.462778 0.993150 0.462022 
0.057405 0.003497 0.491768 
0.200506 0.034412 0.006911 0.758170 
0.250000 0.250000 0.250000 0.250000 
 128
0.479817 0.003352 0.046210 
0.462778 0.993150 0.462022 
0.057405 0.003497 0.491768 
0.004950 0.986855 0.004098 0.004098 
0.250000 0.250000 0.250000 0.250000 
 129
0.479817 0.003352 0.046210 
0.462778 0.993150 0.462022 
0.057405 0.003497 0.491768 
0.983751 0.004563 0.007269 0.004416 
0.250000 0.250000 0.250000 0.250000 
 130
0.479817 0.003352 0.046210 
0.462778 0.993150 0.462022 
0.057405 0.003497 0.491768 
0.006613 0.004098 0.708094 0.281195 
0.250000 0.250000 0.250000 0.250000 
 131
0.479817 0.003352 0.046210 
0.462778 0.993150 0.462022 
0.057405 0.003497 0.491768 
0.004098 0.004444 0.007002 0.984456 
0.250000 0.250000 0.250000 0.250000 
 132
0.479817 0.003352 0.046210 
0.462778 0.993150 0.462022 
0.057405 0.003497 0.491768 
0.004098 0.004098 0.005441 0.986364 
0.250000 0.250000 0.250000 0.250000 
 133
0.479817 0.003352 0.046210 
0.462778 0.993150 0.462022 
0.057405 0.003497 0.491768 
0.021511 0.004418 0.800217 0.173854 
0.250000 0.250000 0.250000 0.250000 
 134
0.479817 0.003352 0.046210 
0.462778 0.993150 0.462022 
0.057405 0.003497 0.491768 
0.986715 0.005090 0.004098 0.004098 
0.250000 0.250000 0.250000 0.250000 
 135
0.479817 0.003352 0.046210 
0.462778 0.993150 0.462022 
0.057405 0.003497 0.491768 
0.099806 0.890208 0.004098 0.005889 
0.250000 0.250000 0.250000 0.250000 
 136
0.479817 0.003352 0.046210 
0.462778 0.993150 0.462022 
0.057405 0.003497 0.491768 
0.007548 0.004098 0.880237 0.108117 
0.250000 0.250000 0.250000 0.250000 
 137
0.479817 0.003352 0.046210 
0.462778 0.993150 0.462022 
0.057405 0.003497 0.491768 
0.006078 0.005133 0.004425 0.984364 
0.250000 0.250000 0.250000 0.250000 
 138
0.479817 0.003352 0.046210 
0.462778 0.993150 0.462022 
0.057405 0.003497 0.491768 
0.004098 0.050108 0.940371 0.005424 
0.250000 0.250000 0.250000 0.250000 
 139
0.479817 0.003352 0.046210 
0.462778 0.993150 0.462022 
0.057405 0.003497 0.491768 
0.818967 0.028638 0.075944 0.076451 
0.250000 0.250000 0.250000 0.250000 
 140
0.479817 0.003352 0.046210 
0.462778 0.993150 0.462022 
0.057405 0.003497 0.491768 
0.986658 0.004098 0.004098 0.005146 
0.250000 0.250000 0.250000 0.250000 
 141
0.479817 0.003352 0.046210 
0.462778 0.993150 0.462022 
0.057405 0.003497 0.491768 
0.004099 0.004099 0.972650 0.019152 
0.250000 0.250000 0.250000 0.250000 
 142
0.479817 0.003352 0.046210 
0.462778 0.993150 0.462022 
0.057405 0.003497 0.491768 
0.639305 0.103233 0.005098 0.252365 
0.250000 0.250000 0.250000 0.250000 
 143
0.479817 0.003352 0.046210 
0.462778 0.993150 0.462022 
0.057405 0.003497 0.491768 
0.004098 0.004098 0.983916 0.007888 
0.250000 0.250000 0.250000 0.250000 
 144
0.479817 0.003352 0.046210 
0.462778 0.993150 0.462022 
0.057405 0.003497 0.491768 
0.004098 0.004098 0.955496 0.036307 
0.250000 0.250000 0.250000 0.250000 
 145
0.479817 0.003352 0.046210 
0.462778 0.993150 0.462022 
0.057405 0.003497 0.491768 
0.004098 0.004098 0.451858 0.539947 
0.250000 0.250000 0.250000 0.250000 
 146
0.479817 0.003352 0.046210 
0.462778 0.993150 0.462022 
0.057405 0.003497 0.491768 
0.004098 0.004098 0.012747 0.979058 
0.250000 0.250000 0.250000 0.250000 
 147
0.479817 0.003352 0.046210 
0.462778 0.993150 0.462022 
0.057405 0.003497 0.491768 
0.004098 0.004098 0.004098 0.987707 
0.250000 0.250000 0.250000 0.250000 
 148
0.479817 0.003352 0.046210 
0.462778 0.993150 0.462022 
0.057405 0.003497 0.491768 
0.039128 0.948423 0.004098 0.008351 
0.250000 0.250000 0.250000 0.250000 
 149
0.479817 0.003352 0.046210 
0.462778 0.993150 0.462022 
0.057405 0.003497 0.491768 
0.987707 0.004098 0.004098 0.004098 
0.250000 0.250000 0.250000 0.250000 
 150
0.479817 0.003352 0.046210 
0.462778 0.993150 0.462022 
0.057405 0.003497 0.491768 
0.004098 0.004098 0.008154 0.983650 
0.250000 0.250000 0.250000 0.250000 
 151
0.479817 0.003352 0.046210 
0.462778 0.993150 0.462022 
0.057405 0.003497 0.491768 
0.011310 0.008815 0.815068 0.164807 
0.250000 0.250000 0.250000 0.250000 
 152
0.479817 0.003352 0.046210 
0.462778 0.993150 0.462022 
0.057405 0.003497 0.491768 
0.004098 0.004098 0.004618 0.987187 
0.250000 0.250000 0.250000 0.250000 
 153
0.479817 0.003352 0.046210 
0.462778 0.993150 0.462022 
0.057405 0.003497 0.491768 
0.004098 0.987251 0.004098 0.004554 
0.250000 0.250000 0.250000 0.250000 
 154
0.479817 0.003352 0.046210 
0.462778 0.993150 0.462022 
0.057405 0.003497 0.491768 
0.262240 0.729565 0.004098 0.004098 
0.250000 0.250000 0.250000 0.250000 
 155
0.479817 0.003352 0.046210 
0.462778 0.993150 0.462022 
0.057405 0.003497 0.491768 
0.987707 0.004098 0.004098 0.004098 
0.250000 0.250000 0.250000 0.250000 
 156
0.479817 0.003352 0.046210 
0.462778 0.993150 0.462022 
0.057405 0.003497 0.491768 
0.983683 0.008121 0.004098 0.004098 
0.250000 0.250000 0.250000 0.250000 
 157
0.479817 0.003352 0.046210 
0.462778 0.993150 0.462022 
0.057405 0.003497 0.491768 
0.006038 0.004098 0.694281 0.295582 
0.250000 0.250000 0.250000 0.250000 
 158
0.479817 0.003352 0.046210 
0.462778 0.993150 0.462022 
0.057405 0.003497 0.491768 
0.004098 0.004098 0.987707 0.004098 
0.250000 0.250000 0.250000 0.250000 
 159
0.479817 0.003352 0.046210 
0.462778 0.993150 0.462022 
0.057405 0.003497 0.491768 
0.004098 0.982523 0.004098 0.009282 
0.250000 0.250000 0.250000 0.250000 
 160
0.479817 0.003352 0.046210 
0.462778 0.993150 0.462022 
0.057405 0.003497 0.491768 
0.144347 0.841359 0.004408 0.009886 
0.250000 0.250000 0.250000 0.250000 
 161
0.479817 0.003352 0.046210 
0.462778 0.993150 0.462022 
0.057405 0.003497 0.491768 
0.004098 0.004618 0.004881 0.986403 
0.250000 0.250000 0.250000 0.250000 
 162
0.479817 0.003352 0.046210 
0.462778 0.993150 0.462022 
0.057405 0.003497 0.491768 
0.004098 0.004098 0.004098 0.987707 
0.250000 0.250000 0.250000 0.250000 
 163
0.479817 0.003352 0.046210 
0.462778 0.993150 0.462022 
0.057405 0.003497 0.491768 
0.036867 0.953811 0.004098 0.005224 
0.250000 0.250000 0.250000 0.250000 
 164
0.479817 0.003352 0.046210 
0.462778 0.993150 0.462022 
0.057405 0.003497 0.491768 
0.004098 0.005244 0.010905 0.979753 
0.250000 0.250000 0.250000 0.250000 
 165
0.479817 0.003352 0.046210 
0.462778 0.993150 0.462022 
0.057405 0.003497 0.491768 
0.004098 0.004098 0.004098 0.987707 
0.250000 0.250000 0.250000 0.250000 
 166
0.479817 0.003352 0.046210 
0.462778 0.993150 0.462022 
0.057405 0.003497 0.491768 
0.004640 0.004098 0.132854 0.858407 
0.250000 0.250000 0.250000 0.250000 
 167
0.479817 0.003352 0.046210 
0.462778 0.993150 0.462022 
0.057405 0.003497 0.491768 
0.987707 0.004098 0.004098 0.004098 
0.250000 0.250000 0.250000 0.250000 
 168
0.479817 0.003352 0.046210 
0.462778 0.993150 0.462022 
0.057405 0.003497 0.491768 
0.868972 0.078465 0.040801 0.011761 
0.250000 0.250000 0.250000 0.250000 
 169
0.479817 0.003352 0.046210 
0.462778 0.993150 0.462022 
0.057405 0.003497 0.491768 
0.005140 0.005499 0.009791 0.979571 
0.250000 0.250000 0.250000 0.250000 
 170
0.479817 0.003352 0.046210 
0.462778 0.993150 0.462022 
0.057405 0.003497 0.491768 
0.005332 0.986472 0.004098 0.004098 
0.250000 0.250000 0.250000 0.250000 
 171
0.479817 0.003352 0.046210 
0.462778 0.993150 0.462022 
0.057405 0.003497 0.491768 
0.006060 0.004098 0.985745 0.004098 
0.250000 0.250000 0.250000 0.250000 
 172
0.479817 0.003352 0.046210 
0.462778 0.993150 0.462022 
0.057405 0.003497 0.491768 
0.004098 0.004098 0.148500 0.843305 
0.250000 0.250000 0.250000 0.250000 
 173
0.479817 0.003352 0.046210 
0.462778 0.993150 0.462022 
0.057405 0.003497 0.491768 
0.004098 0.004098 0.004098 0.987707 
0.250000 0.250000 0.250000 0.250000 
 174
0.479817 0.003352 0.046210 
0.462778 0.993150 0.462022 
0.057405 0.003497 0.491768 
0.004098 0.004098 0.987707 0.004098 
0.250000 0.250000 0.250000 0.250000 
 175
0.479817 0.003352 0.046210 
0.462778 0.993150 0.462022 
0.057405 0.003497 0.491768 
0.699934 0.289436 0.004949 0.005681 
0.250000 0.250000 0.250000 0.250000 
 176
0.479817 0.003352 0.046210 
0.462778 0.993150 0.462022 
0.057405 0.003497 0.491768 
0.004098 0.005507 0.004098 0.986297 
0.250000 0.250000 0.250000 0.250000 
 177
0.479817 0.003352 0.046210 
0.462778 0.993150 0.462022 
0.057405 0.003497 0.491768 
0.004470 0.004098 0.976153 0.015279 
0.250000 0.250000 0.250000 0.250000 
 178
0.479817 0.003352 0.046210 
0.462778 0.993150 0.462022 
0.057405 0.003497 0.491768 
0.004099 0.004099 0.073044 0.918758 
0.250000 0.250000 0.250000 0.250000 
 179
0.479817 0.003352 0.046210 
0.462778 0.993150 0.462022 
0.057405 0.003497 0.491768 
0.004098 0.004098 0.983998 0.007806 
0.250000 0.250000 0.250000 0.250000 
 180
0.479817 0.003352 0.046210 
0.462778 0.993150 0.462022 
0.057405 0.003497 0.491768 
0.004098 0.016064 0.004098 0.975739 
0.250000 0.250000 0.250000 0.250000 
 181
0.479817 0.003352 0.046210 
0.462778 0.993150 0.462022 
0.057405 0.003497 0.491768 
0.023523 0.968281 0.004098 0.004098 
0.250000 0.250000 0.250000 0.250000 
 182
0.479817 0.003352 0.046210 
0.462778 0.993150 0.462022 
0.057405 0.003497 0.491768 
0.004098 0.004098 0.004098 0.987707 
0.250000 0.250000 0.250000 0.250000 
 183
0.479817 0.003352 0.046210 
0.462778 0.993150 0.462022 
0.057405 0.003497 0.491768 
0.987707 0.004098 0.004098 0.004098 
0.250000 0.250000 0.250000 0.250000 
 184
0.479817 0.003352 0.046210 
0.462778 0.993150 0.462022 
0.057405 0.003497 0.491768 
0.005915 0.014217 0.117831 0.862037 
0.250000 0.250000 0.250000 0.250000 
 185
0.479817 0.003352 0.046210 
0.462778 0.993150 0.462022 
0.057405 0.003497 0.491768 
0.965181 0.005204 0.005998 0.023617 
0.250000 0.250000 0.250000 0.250000 
 186
0.479817 0.003352 0.046210 
0.462778 0.993150 0.462022 
0.057405 0.003497 0.491768 
0.004498 0.005305 0.687604 0.302593 
0.250000 0.250000 0.250000 0.250000 
 187
0.479817 0.003352 0.046210 
0.462778 0.993150 0.462022 
0.057405 0.003497 0.491768 
0.689726 0.295262 0.007308 0.007703 
0.250000 0.250000 0.250000 0.250000 
 188
0.479817 0.003352 0.046210 
0.462778 0.993150 0.462022 
0.057405 0.003497 0.491768 
0.004098 0.007468 0.004784 0.983651 
0.250000 0.250000 0.250000 0.250000 
 189
0.479817 0.003352 0.046210 
0.462778 0.993150 0.462022 
0.057405 0.003497 0.491768 
0.076084 0.004098 0.865040 0.054778 
0.250000 0.250000 0.250000 0.250000 
 190
0.479817 0.003352 0.046210 
0.462778 0.993150 0.462022 
0.057405 0.003497 0.491768 
0.679552 0.312252 0.004098 0.004098 
0.250000 0.250000 0.250000 0.250000 
 191
0.479817 0.003352 0.046210 
0.462778 0.993150 0.462022 
0.057405 0.003497 0.491768 
0.004098 0.004098 0.004098 0.987707 
0.250000 0.250000 0.250000 0.250000 
 192
0.479817 0.003352 0.046210 
0.462778 0.993150 0.462022 
0.057405 0.003497 0.491768 
0.004098 0.987707 0.004098 0.004098 
0.250000 0.250000 0.250000 0.250000 
 193
0.479817 0.003352 0.046210 
0.462778 0.993150 0.462022 
0.057405 0.003497 0.491768 
0.147093 0.844018 0.004098 0.004791 
0.250000 0.250000 0.250000 0.250000 
 194
0.479817 0.003352 0.046210 
0.462778 0.993150 0.462022 
0.057405 0.003497 0.491768 
0.004098 0.004446 0.004587 0.986870 
0.250000 0.250000 0.250000 0.250000 
 195
0.479817 0.003352 0.046210 
0.462778 0.993150 0.462022 
0.057405 0.003497 0.491768 
0.004098 0.004098 0.957009 0.034795 
0.250000 0.250000 0.250000 0.250000 
 196
0.479817 0.003352 0.046210 
0.462778 0.993150 0.462022 
0.057405 0.003497 0.491768 
0.966296 0.025509 0.004098 0.004098 
0.250000 0.250000 0.250000 0.250000 
 197
0.479817 0.003352 0.046210 
0.462778 0.993150 0.462022 
0.057405 0.003497 0.491768 
0.004098 0.004098 0.004098 0.987707 
0.250000 0.250000 0.250000 0.250000 
 198
0.479817 0.003352 0.046210 
0.462778 0.993150 0.462022 
0.057405 0.003497 0.491768 
0.987707 0.004098 0.004098 0.004098 
0.250000 0.250000 0.250000 0.250000 
 199
0.479817 0.003352 0.046210 
0.462778 0.993150 0.462022 
0.057405 0.003497 0.491768 
0.798161 0.111287 0.005009 0.085543 
0.250000 0.250000 0.250000 0.250000 
 200
0.479817 0.003352 0.046210 
0.462778 0.993150 0.462022 
0.057405 0.003497 0.491768 
0.004098 0.986851 0.004098 0.004954 
0.250000 0.250000 0.250000 0.250000 
 201
0.479817 0.003352 0.046210 
0.462778 0.993150 0.462022 
0.057405 0.003497 0.491768 
0.004098 0.004098 0.004098 0.987707 
0.250000 0.250000 0.250000 0.250000 
 202
0.479817 0.003352 0.046210 
0.462778 0.993150 0.462022 
0.057405 0.003497 0.491768 
0.007548 0.004098 0.305732 0.682622 
0.250000 0.250000 0.250000 0.250000 
 203
0.479817 0.003352 0.046210 
0.462778 0.993150 0.462022 
0.057405 0.003497 0.491768 
0.004098 0.004098 0.986623 0.005182 
0.250000 0.250000 0.250000 0.250000 
 204
0.479817 0.003352 0.046210 
0.462778 0.993150 0.462022 
0.057405 0.003497 0.491768 
0.004098 0.004098 0.987707 0.004098 
0.250000 0.250000 0.250000 0.250000 
 205
0.479817 0.003352 0.046210 
0.462778 0.993150 0.462022 
0.057405 0.003497 0.491768 
0.829541 0.161087 0.005274 0.004098 
0.250000 0.250000 0.250000 0.250000 
 206
0.479817 0.003352 0.046210 
0.462778 0.993150 0.462022 
0.057405 0.003497 0.491768 
0.004098 0.009151 0.004098 0.982653 
0.250000 0.250000 0.250000 0.250000 
 207
0.479817 0.003352 0.046210 
0.462778 0.993150 0.462022 
0.057405 0.003497 0.491768 
0.004098 0.004098 0.004098 0.987707 
0.250000 0.250000 0.250000 0.250000 
 208
0.479817 0.003352 0.046210 
0.462778 0.993150 0.462022 
0.057405 0.003497 0.491768 
0.004098 0.004098 0.126192 0.865613 
0.250000 0.250000 0.250000 0.250000 
 209
0.479817 0.003352 0.046210 
0.462778 0.993150 0.462022 
0.057405 0.003497 0.491768 
0.005228 0.004099 0.985626 0.005047 
0.250000 0.250000 0.250000 0.250000 
 210
0.479817 0.003352 0.046210 
0.462778 0.993150 0.462022 
0.057405 0.003497 0.491768 
0.004098 0.008153 0.004479 0.983270 
0.250000 0.250000 0.250000 0.250000 
 211
0.479817 0.003352 0.046210 
0.462778 0.993150 0.462022 
0.057405 0.003497 0.491768 
0.092078 0.813487 0.004098 0.090337 
0.250000 0.250000 0.250000 0.250000 
 212
0.479817 0.003352 0.046210 
0.462778 0.993150 0.462022 
0.057405 0.003497 0.491768 
0.987707 0.004098 0.004098 0.004098 
0.250000 0.250000 0.250000 0.250000 
 213
0.479817 0.003352 0.046210 
0.462778 0.993150 0.462022 
0.057405 0.003497 0.491768 
0.005067 0.004098 0.006378 0.984457 
0.250000 0.250000 0.250000 0.250000 
 214
0.479817 0.003352 0.046210 
0.462778 0.993150 0.462022 
0.057405 0.003497 0.491768 
0.004929 0.004098 0.032411 0.958563 
0.250000 0.250000 0.250000 0.250000 
 215
0.479817 0.003352 0.046210 
0.462778 0.993150 0.462022 
0.057405 0.003497 0.491768 
0.004098 0.987707 0.004098 0.004098 
0.250000 0.250000 0.250000 0.250000 
 216
0.479817 0.003352 0.046210 
0.462778 0.993150 0.462022 
0.057405 0.003497 0.491768 
0.986204 0.005601 0.004098 0.004098 
0.250000 0.250000 0.250000 0.250000 
 217
0.479817 0.003352 0.046210 
0.462778 0.993150 0.462022 
0.057405 0.003497 0.491768 
0.013243 0.004665 0.440218 0.541874 
0.250000 0.250000 0.250000 0.250000 
 218
0.479817 0.003352 0.046210 
0.462778 0.993150 0.462022 
0.057405 0.003497 0.491768 
0.004100 0.004100 0.707601 0.284198 
0.250000 0.250000 0.250000 0.250000 
 219
0.479817 0.003352 0.046210 
0.462778 0.993150 0.462022 
0.057405 0.003497 0.491768 
0.004098 0.004098 0.987263 0.004542 
0.250000 0.250000 0.250000 0.250000 
 220
0.479817 0.003352 0.046210 
0.462778 0.993150 0.462022 
0.057405 0.003497 0.491768 
0.087880 0.004099 0.030198 0.877824 
0.250000 0.250000 0.250000 0.250000 
 221
0.479817 0.003352 0.046210 
0.462778 0.993150 0.462022 
0.057405 0.003497 0.491768 
0.987707 0.004098 0.004098 0.004098 
0.250000 0.250000 0.250000 0.250000 
 222
0.479817 0.003352 0.046210 
0.462778 0.993150 0.462022 
0.057405 0.003497 0.491768 
0.004098 0.004098 0.005510 0.986294 
0.250000 0.250000 0.250000 0.250000 
 223
0.479817 0.003352 0.046210 
0.462778 0.993150 0.462022 
0.057405 0.003497 0.491768 
0.090060 0.901745 0.004098 0.004098 
0.250000 0.250000 0.250000 0.250000 
 224
0.479817 0.003352 0.046210 
0.462778 0.993150 0.462022 
0.057405 0.003497 0.491768 
0.004098 0.004098 0.987707 0.004098 
0.250000 0.250000 0.250000 0.250000 
 225
0.479817 0.003352 0.046210 
0.462778 0.993150 0.462022 
0.057405 0.003497 0.491768 
0.987707 0.004098 0.004098 0.004098 
0.250000 0.250000 0.250000 0.250000 
 226
0.479817 0.003352 0.046210 
0.462778 0.993150 0.462022 
0.057405 0.003497 0.491768 
0.174190 0.654670 0.004100 0.167039 
0.250000 0.250000 0.250000 0.250000 
 227
0.479817 0.003352 0.046210 
0.462778 0.993150 0.462022 
0.057405 0.003497 0.491768 
0.010636 0.979114 0.004098 0.006152 
0.250000 0.250000 0.250000 0.250000 
 228
0.479817 0.003352 0.046210 
0.462778 0.993150 0.462022 
0.057405 0.003497 0.491768 
0.038309 0.004504 0.925867 0.031320 
0.250000 0.250000 0.250000 0.250000 
 229
0.479817 0.003352 0.046210 
0.462778 0.993150 0.462022 
0.057405 0.003497 0.491768 
0.898248 0.093556 0.004098 0.004098 
0.250000 0.250000 0.250000 0.250000 
 230
0.479817 0.003352 0.046210 
0.462778 0.993150 0.462022 
0.057405 0.003497 0.491768 
0.004552 0.004098 0.004098 0.987252 
0.250000 0.250000 0.250000 0.250000 
 231
0.479817 0.003352 0.046210 
0.462778 0.993150 0.462022 
0.057405 0.003497 0.491768 
0.004098 0.004098 0.005779 0.986026 
0.250000 0.250000 0.250000 0.250000 
 232
0.479817 0.003352 0.046210 
0.462778 0.993150 0.462022 
0.057405 0.003497 0.491768 
0.115520 0.876285 0.004098 0.004098 
0.250000 0.250000 0.250000 0.250000 
 233
0.479817 0.003352 0.046210 
0.462778 0.993150 0.462022 
0.057405 0.003497 0.491768 
0.004098 0.004098 0.004720 0.987084 
0.250000 0.250000 0.250000 0.250000 
 234
0.479817 0.003352 0.046210 
0.462778 0.993150 0.462022 
0.057405 0.003497 0.491768 
0.004098 0.004098 0.981481 0.010323 
0.250000 0.250000 0.250000 0.250000 
 235
0.479817 0.003352 0.046210 
0.462778 0.993150 0.462022 
0.057405 0.003497 0.491768 
0.975503 0.016302 0.004098 0.004098 
0.250000 0.250000 0.250000 0.250000 
 236
0.479817 0.003352 0.046210 
0.462778 0.993150 0.462022 
0.057405 0.003497 0.491768 
