%  SAM: modelfromalign v3.5 (July 15, 2005) compiled 03/03/09_11:47:37
%  (c) 1992-2001 Regents of the University of California, Santa Cruz
%
%          Sequence Alignment and Modeling Software System
%         http://www.cse.ucsc.edu/research/compbio/sam.html
%
% ----------------- Citations (SAM, SAM-T2K, HMMs) --------------------
% R. Hughey, A. Krogh, Hidden Markov models for sequence analysis:
%  Extension and analysis of the basic method, CABIOS 12:95-107, 1996.
% K. Karplus, et al., What is the value added by human intervention in protein
%  structure prediction, Proteins: Stucture, Function, Genetics 45(S5):86--91, 2001.
% A. Krogh et al., Hidden Markov models in computational biology:
%  Applications to protein modeling, JMB 235:1501-1531, Feb 1994.
% ---------------------------------------------------------------------
%  A_HA_H5_hmm   Host: m222714.cdc.gov    Wed May 21 18:06:21 2014
%  vfn4          Dir:  /Volumes/gf_atl_2012/Genotyping/IRMA/segments/HA
% ---------------------------------------------------------------------
%  Alignment weights from internal calc.  Total (60.93) Max (0.26) Min (0.01)
%  Weights from alignment method 1 (karplus), b=-1.000000, e=0.500000
MODEL --  Model from alignment file rev/A_HA_H5.fasta
alphabet DNA
FREQAVE
0.000000 0.000000 0.000000 
0.000000 0.000000 0.000000 
0.000000 0.000000 0.000000 
0.236916 0.184435 0.227423 0.351226 
0.236916 0.184435 0.227423 0.351226 
Begin
0.000000 0.000000 0.000000 
0.000000 0.000000 0.000000 
0.000000 0.003455 0.491768 
0.250000 0.250000 0.250000 0.250000 
0.250000 0.250000 0.250000 0.250000 
   1
0.000000 0.298906 0.046210 
0.000000 0.697639 0.462022 
0.008460 0.004905 0.491768 
0.006381 0.006381 0.016205 0.971034 
0.250000 0.250000 0.250000 0.250000 
   2
0.918266 0.004702 0.046210 
0.073274 0.990393 0.462022 
0.008503 0.004893 0.491768 
0.006361 0.006361 0.058928 0.928351 
0.250000 0.250000 0.250000 0.250000 
   3
0.907725 0.004690 0.046210 
0.083772 0.990417 0.462022 
0.008634 0.004857 0.491768 
0.981118 0.006294 0.006294 0.006294 
0.250000 0.250000 0.250000 0.250000 
   4
0.784078 0.004655 0.046210 
0.207288 0.990488 0.462022 
0.010013 0.004557 0.491768 
0.960332 0.026597 0.005771 0.007300 
0.250000 0.250000 0.250000 0.250000 
   5
0.899320 0.004368 0.046210 
0.090667 0.991075 0.462022 
0.010113 0.004540 0.491768 
0.982776 0.005741 0.005741 0.005741 
0.250000 0.250000 0.250000 0.250000 
   6
0.902450 0.004352 0.046210 
0.087436 0.991109 0.462022 
0.010174 0.004530 0.491768 
0.005724 0.006704 0.005724 0.981848 
0.250000 0.250000 0.250000 0.250000 
   7
0.891740 0.004342 0.046210 
0.098087 0.991129 0.462022 
0.010340 0.004502 0.491768 
0.010478 0.978167 0.005678 0.005678 
0.250000 0.250000 0.250000 0.250000 
   8
0.897925 0.004316 0.046210 
0.091735 0.991182 0.462022 
0.010427 0.004488 0.491768 
0.005654 0.005654 0.983038 0.005654 
0.250000 0.250000 0.250000 0.250000 
   9
0.895589 0.005476 0.046210 
0.093984 0.990036 0.462022 
0.010498 0.004477 0.491768 
0.980767 0.006496 0.007101 0.005636 
0.250000 0.250000 0.250000 0.250000 
  10
0.781788 0.004292 0.046210 
0.207714 0.991231 0.462022 
0.011971 0.004286 0.491768 
0.968097 0.017182 0.006615 0.008106 
0.250000 0.250000 0.250000 0.250000 
  11
0.874754 0.005235 0.046210 
0.113275 0.990479 0.462022 
0.012129 0.004269 0.491768 
0.984129 0.005290 0.005290 0.005290 
0.250000 0.250000 0.250000 0.250000 
  12
0.861648 0.004092 0.046210 
0.126223 0.991638 0.462022 
0.012485 0.004233 0.491768 
0.005232 0.007723 0.015098 0.971948 
0.250000 0.250000 0.250000 0.250000 
  13
0.816145 0.004058 0.046210 
0.171371 0.991709 0.462022 
0.013435 0.004149 0.491768 
0.005095 0.008937 0.010436 0.975532 
0.250000 0.250000 0.250000 0.250000 
  14
0.860723 0.004267 0.046210 
0.125843 0.991584 0.462022 
0.013659 0.004131 0.491768 
0.005072 0.005072 0.983119 0.006737 
0.250000 0.250000 0.250000 0.250000 
  15
0.865131 0.003960 0.046210 
0.121210 0.991909 0.462022 
0.013812 0.004119 0.491768 
0.005048 0.006171 0.005048 0.983732 
0.250000 0.250000 0.250000 0.250000 
  16
0.862963 0.003949 0.046210 
0.123225 0.991932 0.462022 
0.013978 0.004107 0.491768 
0.008983 0.980960 0.005028 0.005028 
0.250000 0.250000 0.250000 0.250000 
  17
0.869907 0.003937 0.046210 
0.116114 0.991956 0.462022 
0.014026 0.004104 0.491768 
0.005023 0.005023 0.984931 0.005023 
0.250000 0.250000 0.250000 0.250000 
  18
0.870260 0.004072 0.046210 
0.115713 0.991824 0.462022 
0.014056 0.004101 0.491768 
0.984941 0.005020 0.005020 0.005020 
0.250000 0.250000 0.250000 0.250000 
  19
0.855252 0.003931 0.046210 
0.130692 0.991967 0.462022 
0.014304 0.004084 0.491768 
0.005617 0.004992 0.123233 0.866158 
0.250000 0.250000 0.250000 0.250000 
  20
0.867574 0.004988 0.046210 
0.118122 0.990928 0.462022 
0.014281 0.004085 0.491768 
0.006175 0.010734 0.004994 0.978096 
0.250000 0.250000 0.250000 0.250000 
  21
0.853089 0.003916 0.046210 
0.132630 0.991998 0.462022 
0.014535 0.004068 0.491768 
0.004967 0.985100 0.004967 0.004967 
0.250000 0.250000 0.250000 0.250000 
  22
0.862170 0.003900 0.046210 
0.123294 0.992032 0.462022 
0.014625 0.004062 0.491768 
0.007220 0.005405 0.010237 0.977137 
0.250000 0.250000 0.250000 0.250000 
  23
0.867475 0.758192 0.046210 
0.117900 0.237746 0.462022 
0.003483 0.016533 0.491768 
0.282012 0.239329 0.239329 0.239329 
0.250000 0.250000 0.250000 0.250000 
  24
0.204546 0.015848 0.046210 
0.791971 0.967619 0.462022 
0.014751 0.004054 0.491768 
0.985167 0.004944 0.004944 0.004944 
0.250000 0.250000 0.250000 0.250000 
  25
0.842714 0.003886 0.046210 
0.142536 0.992060 0.462022 
0.015108 0.004032 0.491768 
0.935119 0.053966 0.006006 0.004909 
0.250000 0.250000 0.250000 0.250000 
  26
0.863102 0.760019 0.046210 
0.121791 0.235949 0.462022 
0.003483 0.016535 0.491768 
0.239628 0.239628 0.281117 0.239628 
0.250000 0.250000 0.250000 0.250000 
  27
0.195611 0.015849 0.046210 
0.800906 0.967616 0.462022 
0.015331 0.004019 0.491768 
0.007760 0.006571 0.961913 0.023756 
0.250000 0.250000 0.250000 0.250000 
  28
0.843188 0.003852 0.046210 
0.141482 0.992129 0.462022 
0.015610 0.004003 0.491768 
0.004863 0.985410 0.004863 0.004863 
0.250000 0.250000 0.250000 0.250000 
  29
0.850392 0.003837 0.046210 
0.133998 0.992160 0.462022 
0.015738 0.003996 0.491768 
0.983801 0.004852 0.005964 0.005383 
0.250000 0.250000 0.250000 0.250000 
  30
0.845985 0.003830 0.046210 
0.138277 0.992174 0.462022 
0.015920 0.003986 0.491768 
0.024197 0.004837 0.398205 0.572761 
0.250000 0.250000 0.250000 0.250000 
  31
0.833976 0.003821 0.046210 
0.150104 0.992194 0.462022 
0.016274 0.003967 0.491768 
0.004808 0.004808 0.985575 0.004808 
0.250000 0.250000 0.250000 0.250000 
  32
0.847300 0.003803 0.046210 
0.136426 0.992230 0.462022 
0.016360 0.003963 0.491768 
0.004801 0.004801 0.985596 0.004801 
0.250000 0.250000 0.250000 0.250000 
  33
0.832768 0.003799 0.046210 
0.150872 0.992238 0.462022 
0.016676 0.003948 0.491768 
0.856056 0.132812 0.006354 0.004777 
0.250000 0.250000 0.250000 0.250000 
  34
0.838399 0.003784 0.046210 
0.144925 0.992268 0.462022 
0.016853 0.003939 0.491768 
0.004764 0.004764 0.005978 0.984493 
0.250000 0.250000 0.250000 0.250000 
  35
0.844681 0.003776 0.046210 
0.138466 0.992284 0.462022 
0.016897 0.003937 0.491768 
0.004761 0.007161 0.004761 0.983317 
0.250000 0.250000 0.250000 0.250000 
  36
0.836109 0.003774 0.046210 
0.146994 0.992288 0.462022 
0.017081 0.003929 0.491768 
0.009752 0.980230 0.004748 0.005270 
0.250000 0.250000 0.250000 0.250000 
  37
0.835996 0.003766 0.046210 
0.146923 0.992305 0.462022 
0.017240 0.003922 0.491768 
0.007846 0.973274 0.014143 0.004737 
0.250000 0.250000 0.250000 0.250000 
  38
0.841601 0.003759 0.046210 
0.141159 0.992319 0.462022 
0.017278 0.003920 0.491768 
0.984976 0.005555 0.004735 0.004735 
0.250000 0.250000 0.250000 0.250000 
  39
0.835870 0.003758 0.046210 
0.146853 0.992322 0.462022 
0.017409 0.003915 0.491768 
0.151786 0.838762 0.004726 0.004726 
0.250000 0.250000 0.250000 0.250000 
  40
0.840629 0.003752 0.046210 
0.141961 0.992333 0.462022 
0.017438 0.003913 0.491768 
0.004724 0.006033 0.984519 0.004724 
0.250000 0.250000 0.250000 0.250000 
  41
0.840429 0.003751 0.046210 
0.142133 0.992335 0.462022 
0.017465 0.003912 0.491768 
0.983940 0.004722 0.004722 0.006616 
0.250000 0.250000 0.250000 0.250000 
  42
0.824684 0.003750 0.046210 
0.157852 0.992338 0.462022 
0.017768 0.003900 0.491768 
0.006588 0.004703 0.984006 0.004703 
0.250000 0.250000 0.250000 0.250000 
  43
0.827127 0.003738 0.046210 
0.155105 0.992362 0.462022 
0.017981 0.003891 0.491768 
0.982197 0.004689 0.006570 0.006544 
0.250000 0.250000 0.250000 0.250000 
  44
0.824506 0.003730 0.046210 
0.157513 0.992379 0.462022 
0.018210 0.003882 0.491768 
0.004676 0.004676 0.005224 0.985425 
0.250000 0.250000 0.250000 0.250000 
  45
0.814364 0.003721 0.046210 
0.167426 0.992397 0.462022 
0.018593 0.003868 0.491768 
0.006519 0.006442 0.982385 0.004653 
0.250000 0.250000 0.250000 0.250000 
  46
0.829014 0.003707 0.046210 
0.152393 0.992425 0.462022 
0.018640 0.003866 0.491768 
0.004651 0.004651 0.986048 0.004651 
0.250000 0.250000 0.250000 0.250000 
  47
0.830054 0.003706 0.046210 
0.151306 0.992428 0.462022 
0.018659 0.003865 0.491768 
0.986047 0.004651 0.004651 0.004651 
0.250000 0.250000 0.250000 0.250000 
  48
0.826651 0.003705 0.046210 
0.154689 0.992430 0.462022 
0.018739 0.003862 0.491768 
0.009493 0.005889 0.051765 0.932853 
0.250000 0.250000 0.250000 0.250000 
  49
0.829159 0.003702 0.046210 
0.152102 0.992435 0.462022 
0.018759 0.003862 0.491768 
0.984779 0.005320 0.005258 0.004644 
0.250000 0.250000 0.250000 0.250000 
  50
0.816158 0.003702 0.046210 
0.165083 0.992437 0.462022 
0.019022 0.003852 0.491768 
0.981522 0.007962 0.004630 0.005886 
0.250000 0.250000 0.250000 0.250000 
  51
0.819111 0.003693 0.046210 
0.161866 0.992455 0.462022 
0.019186 0.003847 0.491768 
0.838717 0.150070 0.006592 0.004621 
0.250000 0.250000 0.250000 0.250000 
  52
0.823655 0.003687 0.046210 
0.157160 0.992466 0.462022 
0.019234 0.003845 0.491768 
0.163343 0.827419 0.004619 0.004619 
0.250000 0.250000 0.250000 0.250000 
  53
0.825713 0.003686 0.046210 
0.155054 0.992469 0.462022 
0.019234 0.003845 0.491768 
0.984808 0.005955 0.004619 0.004619 
0.250000 0.250000 0.250000 0.250000 
  54
0.824955 0.003686 0.046210 
0.155812 0.992469 0.462022 
0.019248 0.003845 0.491768 
0.005658 0.007092 0.037716 0.949533 
0.250000 0.250000 0.250000 0.250000 
  55
0.823162 0.003685 0.046210 
0.157590 0.992470 0.462022 
0.019295 0.003843 0.491768 
0.986154 0.004615 0.004615 0.004615 
0.250000 0.250000 0.250000 0.250000 
  56
0.820274 0.003684 0.046210 
0.160431 0.992473 0.462022 
0.019390 0.003840 0.491768 
0.007358 0.982789 0.004611 0.005242 
0.250000 0.250000 0.250000 0.250000 
  57
0.818103 0.003681 0.046210 
0.162507 0.992480 0.462022 
0.019510 0.003836 0.491768 
0.985252 0.005539 0.004604 0.004604 
0.250000 0.250000 0.250000 0.250000 
  58
0.823204 0.003677 0.046210 
0.157286 0.992487 0.462022 
0.019510 0.003836 0.491768 
0.004604 0.004604 0.986187 0.004604 
0.250000 0.250000 0.250000 0.250000 
  59
0.822080 0.003677 0.046210 
0.158409 0.992487 0.462022 
0.019532 0.003835 0.491768 
0.004603 0.004603 0.985574 0.005219 
0.250000 0.250000 0.250000 0.250000 
  60
0.823005 0.003676 0.046210 
0.157462 0.992489 0.462022 
0.019532 0.003835 0.491768 
0.986190 0.004603 0.004603 0.004603 
0.250000 0.250000 0.250000 0.250000 
  61
0.819493 0.003676 0.046210 
0.160974 0.992489 0.462022 
0.019601 0.003833 0.491768 
0.004600 0.984255 0.004600 0.006546 
0.250000 0.250000 0.250000 0.250000 
  62
0.800147 0.003674 0.046210 
0.180252 0.992493 0.462022 
0.020047 0.003819 0.491768 
0.007641 0.004578 0.982614 0.005166 
0.250000 0.250000 0.250000 0.250000 
  63
0.814941 0.003660 0.046210 
0.165012 0.992521 0.462022 
0.020115 0.003817 0.491768 
0.005293 0.004576 0.698019 0.292112 
0.250000 0.250000 0.250000 0.250000 
  64
0.810581 0.003658 0.046210 
0.169303 0.992525 0.462022 
0.020260 0.003812 0.491768 
0.978789 0.005013 0.005192 0.011006 
0.250000 0.250000 0.250000 0.250000 
  65
0.812126 0.003654 0.046210 
0.167614 0.992534 0.462022 
0.020347 0.003810 0.491768 
0.006495 0.004564 0.759684 0.229256 
0.250000 0.250000 0.250000 0.250000 
  66
0.803511 0.003652 0.046210 
0.176142 0.992539 0.462022 
0.020597 0.003802 0.491768 
0.005302 0.004553 0.978256 0.011890 
0.250000 0.250000 0.250000 0.250000 
  67
0.811621 0.003645 0.046210 
0.167783 0.992553 0.462022 
0.020633 0.003801 0.491768 
0.976412 0.006316 0.004552 0.012721 
0.250000 0.250000 0.250000 0.250000 
  68
0.804556 0.003644 0.046210 
0.174812 0.992555 0.462022 
0.020809 0.003796 0.491768 
0.006014 0.004544 0.005021 0.984421 
0.250000 0.250000 0.250000 0.250000 
  69
0.809144 0.003639 0.046210 
0.170047 0.992565 0.462022 
0.020857 0.003795 0.491768 
0.004542 0.986374 0.004542 0.004542 
0.250000 0.250000 0.250000 0.250000 
  70
0.807471 0.003638 0.046210 
0.171672 0.992567 0.462022 
0.020931 0.003793 0.491768 
0.985839 0.004539 0.005083 0.004539 
0.250000 0.250000 0.250000 0.250000 
  71
0.802785 0.003636 0.046210 
0.176285 0.992572 0.462022 
0.021090 0.003788 0.491768 
0.004532 0.004532 0.004532 0.986404 
0.250000 0.250000 0.250000 0.250000 
  72
0.796765 0.003631 0.046210 
0.182145 0.992580 0.462022 
0.021349 0.003781 0.491768 
0.005024 0.004522 0.004522 0.985931 
0.250000 0.250000 0.250000 0.250000 
  73
0.804045 0.003625 0.046210 
0.174606 0.992594 0.462022 
0.021402 0.003780 0.491768 
0.004519 0.983635 0.004519 0.007326 
0.250000 0.250000 0.250000 0.250000 
  74
0.801498 0.003623 0.046210 
0.177099 0.992597 0.462022 
0.021500 0.003777 0.491768 
0.004515 0.004515 0.980455 0.010515 
0.250000 0.250000 0.250000 0.250000 
  75
0.797257 0.003621 0.046210 
0.181242 0.992602 0.462022 
0.021672 0.003773 0.491768 
0.005551 0.004509 0.985030 0.004910 
0.250000 0.250000 0.250000 0.250000 
  76
0.795422 0.003617 0.046210 
0.182906 0.992610 0.462022 
0.021851 0.003768 0.491768 
0.977412 0.004502 0.011759 0.006327 
0.250000 0.250000 0.250000 0.250000 
  77
0.800445 0.003612 0.046210 
0.177704 0.992619 0.462022 
0.021885 0.003768 0.491768 
0.061613 0.928073 0.005428 0.004886 
0.250000 0.250000 0.250000 0.250000 
  78
0.798259 0.003611 0.046210 
0.179856 0.992621 0.462022 
0.021960 0.003766 0.491768 
0.006834 0.004497 0.073513 0.915155 
0.250000 0.250000 0.250000 0.250000 
  79
0.795448 0.003610 0.046210 
0.182592 0.992625 0.462022 
0.022083 0.003763 0.491768 
0.140526 0.843149 0.011831 0.004494 
0.250000 0.250000 0.250000 0.250000 
  80
0.798050 0.003607 0.046210 
0.179867 0.992631 0.462022 
0.022124 0.003762 0.491768 
0.005810 0.005418 0.971705 0.017067 
0.250000 0.250000 0.250000 0.250000 
  81
0.798653 0.003606 0.046210 
0.179223 0.992633 0.462022 
0.022143 0.003761 0.491768 
0.004491 0.004491 0.004953 0.986066 
0.250000 0.250000 0.250000 0.250000 
  82
0.799349 0.003605 0.046210 
0.178508 0.992634 0.462022 
0.022143 0.003761 0.491768 
0.985750 0.005268 0.004491 0.004491 
0.250000 0.250000 0.250000 0.250000 
  83
0.799349 0.003605 0.046210 
0.178508 0.992634 0.462022 
0.022143 0.003761 0.491768 
0.014544 0.976112 0.004491 0.004853 
0.250000 0.250000 0.250000 0.250000 
  84
0.789858 0.003605 0.046210 
0.187999 0.992634 0.462022 
0.022355 0.003756 0.491768 
0.127501 0.859941 0.004483 0.008075 
0.250000 0.250000 0.250000 0.250000 
  85
0.793245 0.003600 0.046210 
0.184400 0.992644 0.462022 
0.022449 0.003754 0.491768 
0.005080 0.984954 0.004479 0.005487 
0.250000 0.250000 0.250000 0.250000 
  86
0.796576 0.003598 0.046210 
0.180975 0.992648 0.462022 
0.022449 0.003754 0.491768 
0.984565 0.006476 0.004479 0.004479 
0.250000 0.250000 0.250000 0.250000 
  87
0.780608 0.003598 0.046210 
0.196943 0.992648 0.462022 
0.022813 0.003745 0.491768 
0.705010 0.286055 0.004468 0.004468 
0.250000 0.250000 0.250000 0.250000 
  88
0.793275 0.003590 0.046210 
0.183912 0.992665 0.462022 
0.022813 0.003745 0.491768 
0.004467 0.004467 0.986037 0.005029 
0.250000 0.250000 0.250000 0.250000 
  89
0.793275 0.003590 0.046210 
0.183912 0.992665 0.462022 
0.022813 0.003745 0.491768 
0.005354 0.004467 0.005289 0.984891 
0.250000 0.250000 0.250000 0.250000 
  90
0.793275 0.003590 0.046210 
0.183912 0.992665 0.462022 
0.022813 0.003745 0.491768 
0.006064 0.004467 0.913449 0.076020 
0.250000 0.250000 0.250000 0.250000 
  91
0.790715 0.003590 0.046210 
0.186472 0.992665 0.462022 
0.022872 0.003744 0.491768 
0.009520 0.981551 0.004465 0.004465 
0.250000 0.250000 0.250000 0.250000 
  92
0.792744 0.003589 0.046210 
0.184384 0.992667 0.462022 
0.022872 0.003744 0.491768 
0.004465 0.004465 0.982174 0.008897 
0.250000 0.250000 0.250000 0.250000 
  93
0.792744 0.003589 0.046210 
0.184384 0.992667 0.462022 
0.022872 0.003744 0.491768 
0.120594 0.004465 0.849958 0.024984 
0.250000 0.250000 0.250000 0.250000 
  94
0.792744 0.003589 0.046210 
0.184384 0.992667 0.462022 
0.022872 0.003744 0.491768 
0.960848 0.029686 0.005002 0.004465 
0.250000 0.250000 0.250000 0.250000 
  95
0.790633 0.003589 0.046210 
0.186495 0.992667 0.462022 
0.022920 0.003743 0.491768 
0.004463 0.004463 0.986611 0.004463 
0.250000 0.250000 0.250000 0.250000 
  96
0.784895 0.003588 0.046210 
0.192184 0.992669 0.462022 
0.023091 0.003739 0.491768 
0.007106 0.006892 0.011301 0.974701 
0.250000 0.250000 0.250000 0.250000 
  97
0.788950 0.003584 0.046210 
0.187958 0.992677 0.462022 
0.023133 0.003738 0.491768 
0.004456 0.986633 0.004456 0.004456 
0.250000 0.250000 0.250000 0.250000 
  98
0.790377 0.003583 0.046210 
0.186490 0.992679 0.462022 
0.023133 0.003738 0.491768 
0.004456 0.006262 0.004852 0.984431 
0.250000 0.250000 0.250000 0.250000 
  99
0.790377 0.003583 0.046210 
0.186490 0.992679 0.462022 
0.023133 0.003738 0.491768 
0.143109 0.011145 0.005688 0.840058 
0.250000 0.250000 0.250000 0.250000 
 100
0.790377 0.003583 0.046210 
0.186490 0.992679 0.462022 
0.023133 0.003738 0.491768 
0.004456 0.986633 0.004456 0.004456 
0.250000 0.250000 0.250000 0.250000 
 101
0.789127 0.003583 0.046210 
0.187740 0.992679 0.462022 
0.023162 0.003737 0.491768 
0.986636 0.004455 0.004455 0.004455 
0.250000 0.250000 0.250000 0.250000 
 102
0.788276 0.003583 0.046210 
0.188562 0.992680 0.462022 
0.023205 0.003737 0.491768 
0.961610 0.029483 0.004453 0.004453 
0.250000 0.250000 0.250000 0.250000 
 103
0.786846 0.003582 0.046210 
0.189950 0.992682 0.462022 
0.023272 0.003735 0.491768 
0.004451 0.004451 0.004451 0.986647 
0.250000 0.250000 0.250000 0.250000 
 104
0.786500 0.003580 0.046210 
0.190228 0.992685 0.462022 
0.023333 0.003734 0.491768 
0.984771 0.004449 0.004449 0.006331 
0.250000 0.250000 0.250000 0.250000 
 105
0.788566 0.003579 0.046210 
0.188101 0.992687 0.462022 
0.023333 0.003734 0.491768 
0.983690 0.007411 0.004449 0.004449 
0.250000 0.250000 0.250000 0.250000 
 106
0.788566 0.003579 0.046210 
0.188101 0.992687 0.462022 
0.023333 0.003734 0.491768 
0.976049 0.015053 0.004449 0.004449 
0.250000 0.250000 0.250000 0.250000 
 107
0.788566 0.003759 0.046210 
0.188101 0.992507 0.462022 
0.023302 0.003734 0.491768 
0.006969 0.005725 0.005451 0.981855 
0.250000 0.250000 0.250000 0.250000 
 108
0.787522 0.003580 0.046210 
0.189176 0.992686 0.462022 
0.023333 0.003734 0.491768 
0.006488 0.004449 0.010421 0.978642 
0.250000 0.250000 0.250000 0.250000 
 109
0.788566 0.003579 0.046210 
0.188101 0.992687 0.462022 
0.023333 0.003734 0.491768 
0.004449 0.986113 0.004988 0.004449 
0.250000 0.250000 0.250000 0.250000 
 110
0.788566 0.003579 0.046210 
0.188101 0.992687 0.462022 
0.023333 0.003734 0.491768 
0.985784 0.004909 0.004858 0.004449 
0.250000 0.250000 0.250000 0.250000 
 111
0.786193 0.003579 0.046210 
0.190474 0.992687 0.462022 
0.023388 0.003733 0.491768 
0.007486 0.005259 0.928657 0.058598 
0.250000 0.250000 0.250000 0.250000 
 112
0.788063 0.003578 0.046210 
0.188548 0.992690 0.462022 
0.023388 0.003733 0.491768 
0.985336 0.005068 0.004447 0.005149 
0.250000 0.250000 0.250000 0.250000 
 113
0.781209 0.003578 0.046210 
0.195403 0.992690 0.462022 
0.023550 0.003729 0.491768 
0.032825 0.957723 0.004442 0.005010 
0.250000 0.250000 0.250000 0.250000 
 114
0.783083 0.003574 0.046210 
0.193368 0.992696 0.462022 
0.023633 0.003727 0.491768 
0.005321 0.005044 0.004439 0.985195 
0.250000 0.250000 0.250000 0.250000 
 115
0.785847 0.003573 0.046210 
0.190520 0.992700 0.462022 
0.023633 0.003727 0.491768 
0.986682 0.004439 0.004439 0.004439 
0.250000 0.250000 0.250000 0.250000 
 116
0.784750 0.003573 0.046210 
0.191617 0.992700 0.462022 
0.023659 0.003727 0.491768 
0.004439 0.004439 0.005094 0.986028 
0.250000 0.250000 0.250000 0.250000 
 117
0.785612 0.003572 0.046210 
0.190729 0.992701 0.462022 
0.023659 0.003727 0.491768 
0.004439 0.004439 0.005928 0.985195 
0.250000 0.250000 0.250000 0.250000 
 118
0.785612 0.003572 0.046210 
0.190729 0.992701 0.462022 
0.023659 0.003727 0.491768 
0.004439 0.004439 0.004439 0.986684 
0.250000 0.250000 0.250000 0.250000 
 119
0.785612 0.003572 0.046210 
0.190729 0.992701 0.462022 
0.023659 0.003727 0.491768 
0.004439 0.986684 0.004439 0.004439 
0.250000 0.250000 0.250000 0.250000 
 120
0.785612 0.003572 0.046210 
0.190729 0.992701 0.462022 
0.023659 0.003727 0.491768 
0.070476 0.920647 0.004439 0.004439 
0.250000 0.250000 0.250000 0.250000 
 121
0.785612 0.003572 0.046210 
0.190729 0.992701 0.462022 
0.023659 0.003727 0.491768 
0.004439 0.004439 0.004930 0.986193 
0.250000 0.250000 0.250000 0.250000 
 122
0.783672 0.003572 0.046210 
0.192669 0.992701 0.462022 
0.023705 0.003726 0.491768 
0.986002 0.005119 0.004439 0.004439 
0.250000 0.250000 0.250000 0.250000 
 123
0.782519 0.003571 0.046210 
0.193776 0.992703 0.462022 
0.023769 0.003724 0.491768 
0.863444 0.122743 0.007122 0.006691 
0.250000 0.250000 0.250000 0.250000 
 124
0.783459 0.003570 0.046210 
0.192773 0.992705 0.462022 
0.023796 0.003724 0.491768 
0.285796 0.704434 0.004436 0.005334 
0.250000 0.250000 0.250000 0.250000 
 125
0.784369 0.003570 0.046210 
0.191835 0.992707 0.462022 
0.023796 0.003724 0.491768 
0.005674 0.005108 0.040661 0.948556 
0.250000 0.250000 0.250000 0.250000 
 126
0.781096 0.003570 0.046210 
0.195108 0.992707 0.462022 
0.023874 0.003722 0.491768 
0.005241 0.004432 0.022458 0.967870 
0.250000 0.250000 0.250000 0.250000 
 127
0.783661 0.003568 0.046210 
0.192465 0.992710 0.462022 
0.023874 0.003722 0.491768 
0.031894 0.004432 0.958471 0.005204 
0.250000 0.250000 0.250000 0.250000 
 128
0.783661 0.003568 0.046210 
0.192465 0.992710 0.462022 
0.023874 0.003722 0.491768 
0.004432 0.004432 0.983677 0.007459 
0.250000 0.250000 0.250000 0.250000 
 129
0.783661 0.003568 0.046210 
0.192465 0.992710 0.462022 
0.023874 0.003722 0.491768 
0.012974 0.004432 0.101099 0.881495 
0.250000 0.250000 0.250000 0.250000 
 130
0.782620 0.003568 0.046210 
0.193505 0.992710 0.462022 
0.023899 0.003722 0.491768 
0.981812 0.009326 0.004431 0.004431 
0.250000 0.250000 0.250000 0.250000 
 131
0.783436 0.003567 0.046210 
0.192665 0.992711 0.462022 
0.023899 0.003722 0.491768 
0.005109 0.004878 0.009154 0.980859 
0.250000 0.250000 0.250000 0.250000 
 132
0.783436 0.003567 0.046210 
0.192665 0.992711 0.462022 
0.023899 0.003722 0.491768 
0.007014 0.004431 0.067211 0.921344 
0.250000 0.250000 0.250000 0.250000 
 133
0.783436 0.003567 0.046210 
0.192665 0.992711 0.462022 
0.023899 0.003722 0.491768 
0.005092 0.986046 0.004431 0.004431 
0.250000 0.250000 0.250000 0.250000 
 134
0.780648 0.003567 0.046210 
0.195453 0.992711 0.462022 
0.023966 0.003720 0.491768 
0.984963 0.005544 0.004429 0.005064 
0.250000 0.250000 0.250000 0.250000 
 135
0.782830 0.003566 0.046210 
0.193204 0.992713 0.462022 
0.023966 0.003720 0.491768 
0.004429 0.004429 0.130091 0.861051 
0.250000 0.250000 0.250000 0.250000 
 136
0.782830 0.003566 0.046210 
0.193204 0.992713 0.462022 
0.023966 0.003720 0.491768 
0.004429 0.004429 0.004429 0.986713 
0.250000 0.250000 0.250000 0.250000 
 137
0.782830 0.003566 0.046210 
0.193204 0.992713 0.462022 
0.023966 0.003720 0.491768 
0.004429 0.004429 0.986713 0.004429 
0.250000 0.250000 0.250000 0.250000 
 138
0.782830 0.003566 0.046210 
0.193204 0.992713 0.462022 
0.023966 0.003720 0.491768 
0.004429 0.004429 0.981773 0.009369 
0.250000 0.250000 0.250000 0.250000 
 139
0.782830 0.003566 0.046210 
0.193204 0.992713 0.462022 
0.023966 0.003720 0.491768 
0.983442 0.006836 0.005292 0.004429 
0.250000 0.250000 0.250000 0.250000 
 140
0.778951 0.003566 0.046210 
0.197083 0.992713 0.462022 
0.024059 0.003718 0.491768 
0.966754 0.020407 0.004426 0.008412 
0.250000 0.250000 0.250000 0.250000 
 141
0.781984 0.003564 0.046210 
0.193956 0.992717 0.462022 
0.024059 0.003718 0.491768 
0.006201 0.004426 0.055830 0.933543 
0.250000 0.250000 0.250000 0.250000 
 142
0.781984 0.003564 0.046210 
0.193956 0.992717 0.462022 
0.024059 0.003718 0.491768 
0.004426 0.004426 0.006153 0.984995 
0.250000 0.250000 0.250000 0.250000 
 143
0.781984 0.003564 0.046210 
0.193956 0.992717 0.462022 
0.024059 0.003718 0.491768 
0.004426 0.005007 0.004426 0.986141 
0.250000 0.250000 0.250000 0.250000 
 144
0.781984 0.003564 0.046210 
0.193956 0.992717 0.462022 
0.024059 0.003718 0.491768 
0.006422 0.005652 0.056185 0.931742 
0.250000 0.250000 0.250000 0.250000 
 145
0.781984 0.003564 0.046210 
0.193956 0.992717 0.462022 
0.024059 0.003718 0.491768 
0.983167 0.007980 0.004426 0.004426 
0.250000 0.250000 0.250000 0.250000 
 146
0.780686 0.003564 0.046210 
0.195255 0.992717 0.462022 
0.024091 0.003718 0.491768 
0.004425 0.004425 0.985461 0.005689 
0.250000 0.250000 0.250000 0.250000 
 147
0.781701 0.003564 0.046210 
0.194209 0.992718 0.462022 
0.024091 0.003718 0.491768 
0.004975 0.004771 0.067890 0.922364 
0.250000 0.250000 0.250000 0.250000 
 148
0.774094 0.003564 0.046210 
0.201815 0.992718 0.462022 
0.024275 0.003714 0.491768 
0.004420 0.004420 0.983509 0.007652 
0.250000 0.250000 0.250000 0.250000 
 149
0.780028 0.003560 0.046210 
0.195697 0.992726 0.462022 
0.024275 0.003714 0.491768 
0.004420 0.004420 0.986009 0.005152 
0.250000 0.250000 0.250000 0.250000 
 150
0.777384 0.003560 0.046210 
0.198340 0.992726 0.462022 
0.024340 0.003713 0.491768 
0.981110 0.009339 0.004802 0.004749 
0.250000 0.250000 0.250000 0.250000 
 151
0.779445 0.003559 0.046210 
0.196216 0.992728 0.462022 
0.024340 0.003713 0.491768 
0.004418 0.005155 0.956549 0.033878 
0.250000 0.250000 0.250000 0.250000 
 152
0.779445 0.003559 0.046210 
0.196216 0.992728 0.462022 
0.024340 0.003713 0.491768 
0.004418 0.004807 0.005407 0.985369 
0.250000 0.250000 0.250000 0.250000 
 153
0.779445 0.003559 0.046210 
0.196216 0.992728 0.462022 
0.024340 0.003713 0.491768 
0.016127 0.004418 0.005279 0.974176 
0.250000 0.250000 0.250000 0.250000 
 154
0.779445 0.003559 0.046210 
0.196216 0.992728 0.462022 
0.024340 0.003713 0.491768 
0.985906 0.005259 0.004418 0.004418 
0.250000 0.250000 0.250000 0.250000 
 155
0.779445 0.003559 0.046210 
0.196216 0.992728 0.462022 
0.024340 0.003713 0.491768 
0.004418 0.004418 0.007041 0.984124 
0.250000 0.250000 0.250000 0.250000 
 156
0.779445 0.003559 0.046210 
0.196216 0.992728 0.462022 
0.024340 0.003713 0.491768 
0.005658 0.004418 0.019252 0.970672 
0.250000 0.250000 0.250000 0.250000 
 157
0.779445 0.003559 0.046210 
0.196216 0.992728 0.462022 
0.024340 0.003713 0.491768 
0.005139 0.004418 0.005612 0.984831 
0.250000 0.250000 0.250000 0.250000 
 158
0.779445 0.003559 0.046210 
0.196216 0.992728 0.462022 
0.024340 0.003713 0.491768 
0.004418 0.004418 0.984044 0.007121 
0.250000 0.250000 0.250000 0.250000 
 159
0.779445 0.003559 0.046210 
0.196216 0.992728 0.462022 
0.024340 0.003713 0.491768 
0.005190 0.004418 0.960995 0.029398 
0.250000 0.250000 0.250000 0.250000 
 160
0.775565 0.003559 0.046210 
0.200095 0.992728 0.462022 
0.024434 0.003711 0.491768 
0.004415 0.004415 0.006375 0.984796 
0.250000 0.250000 0.250000 0.250000 
 161
0.778586 0.003557 0.046210 
0.196980 0.992732 0.462022 
0.024434 0.003711 0.491768 
0.004415 0.004415 0.983017 0.008154 
0.250000 0.250000 0.250000 0.250000 
 162
0.778586 0.003557 0.046210 
0.196980 0.992732 0.462022 
0.024434 0.003711 0.491768 
0.004415 0.004415 0.017174 0.973996 
0.250000 0.250000 0.250000 0.250000 
 163
0.778586 0.003557 0.046210 
0.196980 0.992732 0.462022 
0.024434 0.003711 0.491768 
0.006161 0.004415 0.985010 0.004415 
0.250000 0.250000 0.250000 0.250000 
 164
0.778586 0.003557 0.046210 
0.196980 0.992732 0.462022 
0.024434 0.003711 0.491768 
0.004417 0.005528 0.005605 0.984449 
0.250000 0.250000 0.250000 0.250000 
 165
0.778586 0.003557 0.046210 
0.196980 0.992732 0.462022 
0.024434 0.003711 0.491768 
0.004415 0.123478 0.018184 0.853923 
0.250000 0.250000 0.250000 0.250000 
 166
0.778586 0.003557 0.046210 
0.196980 0.992732 0.462022 
0.024434 0.003711 0.491768 
0.004415 0.006455 0.017909 0.971221 
0.250000 0.250000 0.250000 0.250000 
 167
0.778586 0.004533 0.046210 
0.196980 0.991756 0.462022 
0.024251 0.003715 0.491768 
0.004420 0.004856 0.004856 0.985868 
0.250000 0.250000 0.250000 0.250000 
 168
0.772739 0.004245 0.046210 
0.203010 0.992040 0.462022 
0.024305 0.003714 0.491768 
0.005264 0.004419 0.014415 0.975902 
0.250000 0.250000 0.250000 0.250000 
 169
0.779754 0.003560 0.046210 
0.195941 0.992727 0.462022 
0.024305 0.003714 0.491768 
0.986744 0.004419 0.004419 0.004419 
0.250000 0.250000 0.250000 0.250000 
 170
0.779754 0.003560 0.046210 
0.195941 0.992727 0.462022 
0.024305 0.003714 0.491768 
0.745891 0.241989 0.006628 0.005493 
0.250000 0.250000 0.250000 0.250000 
 171
0.775480 0.003560 0.046210 
0.200214 0.992727 0.462022 
0.024410 0.003711 0.491768 
0.004953 0.004416 0.021116 0.969516 
0.250000 0.250000 0.250000 0.250000 
 172
0.773509 0.003558 0.046210 
0.202081 0.992731 0.462022 
0.024540 0.003709 0.491768 
0.006157 0.005062 0.970570 0.018212 
0.250000 0.250000 0.250000 0.250000 
 173
0.777630 0.003555 0.046210 
0.197830 0.992736 0.462022 
0.024540 0.003709 0.491768 
0.004412 0.004412 0.006210 0.984967 
0.250000 0.250000 0.250000 0.250000 
 174
0.775118 0.003555 0.046210 
0.200342 0.992736 0.462022 
0.024602 0.003708 0.491768 
0.008775 0.004410 0.012261 0.974554 
0.250000 0.250000 0.250000 0.250000 
 175
0.777070 0.003554 0.046210 
0.198328 0.992738 0.462022 
0.024602 0.003708 0.491768 
0.005515 0.985665 0.004410 0.004410 
0.250000 0.250000 0.250000 0.250000 
 176
0.777070 0.003554 0.046210 
0.198328 0.992738 0.462022 
0.024602 0.003708 0.491768 
0.049507 0.004411 0.941288 0.004794 
0.250000 0.250000 0.250000 0.250000 
 177
0.777070 0.003554 0.046210 
0.198328 0.992738 0.462022 
0.024602 0.003708 0.491768 
0.004410 0.004410 0.007348 0.983832 
0.250000 0.250000 0.250000 0.250000 
 178
0.777070 0.003554 0.046210 
0.198328 0.992738 0.462022 
0.024602 0.003708 0.491768 
0.007668 0.004410 0.004778 0.983144 
0.250000 0.250000 0.250000 0.250000 
 179
0.777070 0.003955 0.046210 
0.198328 0.992337 0.462022 
0.024525 0.003709 0.491768 
0.004413 0.004413 0.985027 0.006146 
0.250000 0.250000 0.250000 0.250000 
 180
0.771800 0.003555 0.046210 
0.203676 0.992735 0.462022 
0.024672 0.003706 0.491768 
0.004408 0.011261 0.010264 0.974066 
0.250000 0.250000 0.250000 0.250000 
 181
0.776433 0.003553 0.046210 
0.198896 0.992741 0.462022 
0.024672 0.003706 0.491768 
0.006859 0.004408 0.006728 0.982005 
0.250000 0.250000 0.250000 0.250000 
 182
0.776433 0.003553 0.046210 
0.198896 0.992741 0.462022 
0.024672 0.003706 0.491768 
0.004410 0.005441 0.978024 0.012125 
0.250000 0.250000 0.250000 0.250000 
 183
0.775176 0.003553 0.046210 
0.200152 0.992741 0.462022 
0.024703 0.003706 0.491768 
0.013704 0.004409 0.007052 0.974834 
0.250000 0.250000 0.250000 0.250000 
 184
0.776151 0.003552 0.046210 
0.199146 0.992742 0.462022 
0.024703 0.003706 0.491768 
0.005390 0.985796 0.004407 0.004407 
0.250000 0.250000 0.250000 0.250000 
 185
0.776151 0.003552 0.046210 
0.199146 0.992742 0.462022 
0.024703 0.003706 0.491768 
0.983251 0.004883 0.006826 0.005040 
0.250000 0.250000 0.250000 0.250000 
 186
0.776151 0.003552 0.046210 
0.199146 0.992742 0.462022 
0.024703 0.003706 0.491768 
0.975901 0.015285 0.004407 0.004407 
0.250000 0.250000 0.250000 0.250000 
 187
0.776151 0.003552 0.046210 
0.199146 0.992742 0.462022 
0.024703 0.003706 0.491768 
0.004941 0.004407 0.004407 0.986245 
0.250000 0.250000 0.250000 0.250000 
 188
0.774891 0.003552 0.046210 
0.200406 0.992742 0.462022 
0.024734 0.003705 0.491768 
0.985723 0.004780 0.005091 0.004406 
0.250000 0.250000 0.250000 0.250000 
 189
0.775869 0.003552 0.046210 
0.199397 0.992743 0.462022 
0.024734 0.003705 0.491768 
0.013060 0.005360 0.952687 0.028893 
0.250000 0.250000 0.250000 0.250000 
 190
0.775869 0.003552 0.046210 
0.199397 0.992743 0.462022 
0.024734 0.003705 0.491768 
0.005346 0.004406 0.011596 0.978652 
0.250000 0.250000 0.250000 0.250000 
 191
0.775869 0.003552 0.046210 
0.199397 0.992743 0.462022 
0.024734 0.003705 0.491768 
0.004406 0.985678 0.004957 0.004959 
0.250000 0.250000 0.250000 0.250000 
 192
0.775869 0.003552 0.046210 
0.199397 0.992743 0.462022 
0.024734 0.003705 0.491768 
0.018848 0.004406 0.950719 0.026027 
0.250000 0.250000 0.250000 0.250000 
 193
0.775869 0.003552 0.046210 
0.199397 0.992743 0.462022 
0.024734 0.003705 0.491768 
0.007582 0.981455 0.005091 0.005872 
0.250000 0.250000 0.250000 0.250000 
 194
0.774810 0.003552 0.046210 
0.200456 0.992743 0.462022 
0.024760 0.003705 0.491768 
0.008300 0.982890 0.004405 0.004405 
0.250000 0.250000 0.250000 0.250000 
 195
0.774642 0.003551 0.046210 
0.200597 0.992744 0.462022 
0.024785 0.003704 0.491768 
0.068090 0.923101 0.004405 0.004405 
0.250000 0.250000 0.250000 0.250000 
 196
0.775409 0.003551 0.046210 
0.199806 0.992745 0.462022 
0.024785 0.003704 0.491768 
0.004405 0.004405 0.005063 0.986128 
0.250000 0.250000 0.250000 0.250000 
 197
0.775409 0.003551 0.046210 
0.199806 0.992745 0.462022 
0.024785 0.003704 0.491768 
0.983265 0.007926 0.004405 0.004405 
0.250000 0.250000 0.250000 0.250000 
 198
0.775409 0.003551 0.046210 
0.199806 0.992745 0.462022 
0.024785 0.003704 0.491768 
0.012838 0.972436 0.009324 0.005402 
0.250000 0.250000 0.250000 0.250000 
 199
0.775409 0.003551 0.046210 
0.199806 0.992745 0.462022 
0.024785 0.003704 0.491768 
0.005198 0.004405 0.005658 0.984738 
0.250000 0.250000 0.250000 0.250000 
 200
0.770886 0.003551 0.046210 
0.204330 0.992745 0.462022 
0.024898 0.003702 0.491768 
0.004401 0.004401 0.889556 0.101641 
0.250000 0.250000 0.250000 0.250000 
 201
0.774389 0.003549 0.046210 
0.200714 0.992749 0.462022 
0.024898 0.003702 0.491768 
0.930938 0.059609 0.004401 0.005051 
0.250000 0.250000 0.250000 0.250000 
 202
0.774389 0.003549 0.046210 
0.200714 0.992749 0.462022 
0.024898 0.003702 0.491768 
0.004401 0.004401 0.004401 0.986796 
0.250000 0.250000 0.250000 0.250000 
 203
0.774389 0.003549 0.046210 
0.200714 0.992749 0.462022 
0.024898 0.003702 0.491768 
0.986097 0.005100 0.004401 0.004401 
0.250000 0.250000 0.250000 0.250000 
 204
0.774389 0.003549 0.046210 
0.200714 0.992749 0.462022 
0.024898 0.003702 0.491768 
0.005666 0.004872 0.944113 0.045349 
0.250000 0.250000 0.250000 0.250000 
 205
0.774389 0.003549 0.046210 
0.200714 0.992749 0.462022 
0.024898 0.003702 0.491768 
0.011999 0.978812 0.004401 0.004788 
0.250000 0.250000 0.250000 0.250000 
 206
0.774389 0.003549 0.046210 
0.200714 0.992749 0.462022 
0.024898 0.003702 0.491768 
0.005204 0.005297 0.004401 0.985097 
0.250000 0.250000 0.250000 0.250000 
 207
0.774389 0.003549 0.046210 
0.200714 0.992749 0.462022 
0.024898 0.003702 0.491768 
0.007364 0.004876 0.089558 0.898202 
0.250000 0.250000 0.250000 0.250000 
 208
0.774389 0.003549 0.046210 
0.200714 0.992749 0.462022 
0.024898 0.003702 0.491768 
0.004401 0.013653 0.977544 0.004401 
0.250000 0.250000 0.250000 0.250000 
 209
0.774389 0.003549 0.046210 
0.200714 0.992749 0.462022 
0.024898 0.003702 0.491768 
0.004401 0.004401 0.986796 0.004401 
0.250000 0.250000 0.250000 0.250000 
 210
0.774389 0.003549 0.046210 
0.200714 0.992749 0.462022 
0.024898 0.003702 0.491768 
0.023757 0.966043 0.004401 0.005798 
0.250000 0.250000 0.250000 0.250000 
 211
0.774389 0.003549 0.046210 
0.200714 0.992749 0.462022 
0.024898 0.003702 0.491768 
0.004410 0.004410 0.005129 0.986051 
0.250000 0.250000 0.250000 0.250000 
 212
0.774389 0.003549 0.046210 
0.200714 0.992749 0.462022 
0.024898 0.003702 0.491768 
0.004401 0.004401 0.005755 0.985442 
0.250000 0.250000 0.250000 0.250000 
 213
0.774389 0.003549 0.046210 
0.200714 0.992749 0.462022 
0.024898 0.003702 0.491768 
0.004401 0.004401 0.022660 0.968537 
0.250000 0.250000 0.250000 0.250000 
 214
0.773239 0.003549 0.046210 
0.201863 0.992749 0.462022 
0.024926 0.003702 0.491768 
0.004401 0.005232 0.881329 0.109038 
0.250000 0.250000 0.250000 0.250000 
 215
0.774129 0.003548 0.046210 
0.200945 0.992750 0.462022 
0.024926 0.003702 0.491768 
0.004401 0.005818 0.012799 0.976981 
0.250000 0.250000 0.250000 0.250000 
 216
0.774129 0.003548 0.046210 
0.200945 0.992750 0.462022 
0.024926 0.003702 0.491768 
0.008919 0.006416 0.083333 0.901332 
0.250000 0.250000 0.250000 0.250000 
 217
0.774129 0.003548 0.046210 
0.200945 0.992750 0.462022 
0.024926 0.003702 0.491768 
0.986798 0.004401 0.004401 0.004401 
0.250000 0.250000 0.250000 0.250000 
 218
0.774129 0.003548 0.046210 
0.200945 0.992750 0.462022 
0.024926 0.003702 0.491768 
0.005056 0.004401 0.897080 0.093464 
0.250000 0.250000 0.250000 0.250000 
 219
0.774129 0.003548 0.046210 
0.200945 0.992750 0.462022 
0.024926 0.003702 0.491768 
0.981661 0.009538 0.004401 0.004401 
0.250000 0.250000 0.250000 0.250000 
 220
0.774129 0.003548 0.046210 
0.200945 0.992750 0.462022 
0.024926 0.003702 0.491768 
0.004401 0.004401 0.986186 0.005013 
0.250000 0.250000 0.250000 0.250000 
 221
0.774129 0.003548 0.046210 
0.200945 0.992750 0.462022 
0.024926 0.003702 0.491768 
0.004401 0.005029 0.004965 0.985605 
0.250000 0.250000 0.250000 0.250000 
 222
0.774129 0.003548 0.046210 
0.200945 0.992750 0.462022 
0.024926 0.003702 0.491768 
0.004401 0.006313 0.007949 0.981338 
0.250000 0.250000 0.250000 0.250000 
 223
0.774129 0.003548 0.046210 
0.200945 0.992750 0.462022 
0.024926 0.003702 0.491768 
0.005081 0.005170 0.005540 0.984210 
0.250000 0.250000 0.250000 0.250000 
 224
0.774129 0.003548 0.046210 
0.200945 0.992750 0.462022 
0.024926 0.003702 0.491768 
0.004401 0.007919 0.982730 0.004951 
0.250000 0.250000 0.250000 0.250000 
 225
0.774129 0.003548 0.046210 
0.200945 0.992750 0.462022 
0.024926 0.003702 0.491768 
0.005329 0.007920 0.969548 0.017202 
0.250000 0.250000 0.250000 0.250000 
 226
0.774129 0.003548 0.046210 
0.200945 0.992750 0.462022 
0.024926 0.003702 0.491768 
0.986798 0.004401 0.004401 0.004401 
0.250000 0.250000 0.250000 0.250000 
 227
0.774129 0.003548 0.046210 
0.200945 0.992750 0.462022 
0.024926 0.003702 0.491768 
0.007919 0.004401 0.004855 0.982825 
0.250000 0.250000 0.250000 0.250000 
 228
0.774129 0.003548 0.046210 
0.200945 0.992750 0.462022 
0.024926 0.003702 0.491768 
0.881777 0.109420 0.004401 0.004401 
0.250000 0.250000 0.250000 0.250000 
 229
0.774129 0.003548 0.046210 
0.200945 0.992750 0.462022 
0.024926 0.003702 0.491768 
0.004401 0.007919 0.983280 0.004401 
0.250000 0.250000 0.250000 0.250000 
 230
0.774129 0.003548 0.046210 
0.200945 0.992750 0.462022 
0.024926 0.003702 0.491768 
0.980599 0.004401 0.004401 0.010600 
0.250000 0.250000 0.250000 0.250000 
 231
0.774129 0.003548 0.046210 
0.200945 0.992750 0.462022 
0.024926 0.003702 0.491768 
0.004939 0.006261 0.008463 0.980338 
0.250000 0.250000 0.250000 0.250000 
 232
0.774129 0.003548 0.046210 
0.200945 0.992750 0.462022 
0.024926 0.003702 0.491768 
0.004718 0.005466 0.012746 0.977069 
0.250000 0.250000 0.250000 0.250000 
 233
0.774129 0.003548 0.046210 
0.200945 0.992750 0.462022 
0.024926 0.003702 0.491768 
0.004401 0.004401 0.982978 0.008219 
0.250000 0.250000 0.250000 0.250000 
 234
0.774129 0.003548 0.046210 
0.200945 0.992750 0.462022 
0.024926 0.003702 0.491768 
0.977504 0.013695 0.004401 0.004401 
0.250000 0.250000 0.250000 0.250000 
 235
0.774129 0.003548 0.046210 
0.200945 0.992750 0.462022 
0.024926 0.003702 0.491768 
0.004401 0.005126 0.004401 0.986073 
0.250000 0.250000 0.250000 0.250000 
 236
0.774129 0.003548 0.046210 
0.200945 0.992750 0.462022 
0.024926 0.003702 0.491768 
