%  SAM: modelfromalign v3.5 (July 15, 2005) compiled 03/03/09_11:47:37
%  (c) 1992-2001 Regents of the University of California, Santa Cruz
%
%          Sequence Alignment and Modeling Software System
%         http://www.cse.ucsc.edu/research/compbio/sam.html
%
% ----------------- Citations (SAM, SAM-T2K, HMMs) --------------------
% R. Hughey, A. Krogh, Hidden Markov models for sequence analysis:
%  Extension and analysis of the basic method, CABIOS 12:95-107, 1996.
% K. Karplus, et al., What is the value added by human intervention in protein
%  structure prediction, Proteins: Stucture, Function, Genetics 45(S5):86--91, 2001.
% A. Krogh et al., Hidden Markov models in computational biology:
%  Applications to protein modeling, JMB 235:1501-1531, Feb 1994.
% ---------------------------------------------------------------------
%  A_HA_H10_hmm   Host: m222714.cdc.gov    Wed May 21 18:06:09 2014
%  vfn4           Dir:  /Volumes/gf_atl_2012/Genotyping/IRMA/segments/HA
% ---------------------------------------------------------------------
%  Alignment weights from internal calc.  Total (20.83) Max (0.15) Min (0.04)
%  Weights from alignment method 1 (karplus), b=-1.000000, e=0.500000
MODEL --  Model from alignment file rev/A_HA_H10.fasta
alphabet DNA
FREQAVE
0.000000 0.000000 0.000000 
0.000000 0.000000 0.000000 
0.000000 0.000000 0.000000 
0.234198 0.189161 0.240210 0.336430 
0.234198 0.189161 0.240210 0.336430 
Begin
0.000000 0.000000 0.000000 
0.000000 0.000000 0.000000 
0.000000 0.007213 0.491768 
0.250000 0.250000 0.250000 0.250000 
0.250000 0.250000 0.250000 0.250000 
   1
0.000000 0.079699 0.046210 
0.000000 0.913089 0.462022 
0.034120 0.007779 0.491768 
0.013056 0.013056 0.960833 0.013056 
0.250000 0.250000 0.250000 0.250000 
   2
0.674511 0.007456 0.046210 
0.291369 0.984765 0.462022 
0.034685 0.007754 0.491768 
0.012983 0.012983 0.012983 0.961052 
0.250000 0.250000 0.250000 0.250000 
   3
0.667638 0.007433 0.046210 
0.297676 0.984813 0.462022 
0.035323 0.007728 0.491768 
0.957096 0.012904 0.012904 0.017097 
0.250000 0.250000 0.250000 0.250000 
   4
0.679915 0.007408 0.046210 
0.284762 0.984864 0.462022 
0.035323 0.007728 0.491768 
0.955406 0.018787 0.012904 0.012904 
0.250000 0.250000 0.250000 0.250000 
   5
0.679915 0.007408 0.046210 
0.284762 0.984864 0.462022 
0.035323 0.007728 0.491768 
0.955406 0.018787 0.012904 0.012904 
0.250000 0.250000 0.250000 0.250000 
   6
0.679915 0.010719 0.046210 
0.284762 0.981553 0.462022 
0.034704 0.007754 0.491768 
0.012980 0.012980 0.012980 0.961060 
0.250000 0.250000 0.250000 0.250000 
   7
0.685523 0.007432 0.046210 
0.279772 0.984814 0.462022 
0.034704 0.007754 0.491768 
0.941461 0.026976 0.018583 0.012980 
0.250000 0.250000 0.250000 0.250000 
   8
0.656737 0.007432 0.046210 
0.308559 0.984814 0.462022 
0.035733 0.007711 0.491768 
0.016624 0.018716 0.951805 0.012855 
0.250000 0.250000 0.250000 0.250000 
   9
0.664249 0.007392 0.046210 
0.300019 0.984897 0.462022 
0.036165 0.007695 0.491768 
0.952302 0.022087 0.012805 0.012805 
0.250000 0.250000 0.250000 0.250000 
  10
0.672285 0.007376 0.046210 
0.291550 0.984930 0.462022 
0.036165 0.007695 0.491768 
0.024397 0.949992 0.012805 0.012805 
0.250000 0.250000 0.250000 0.250000 
  11
0.672285 0.007376 0.046210 
0.291550 0.984930 0.462022 
0.036165 0.007695 0.491768 
0.961584 0.012805 0.012805 0.012805 
0.250000 0.250000 0.250000 0.250000 
  12
0.672285 0.007376 0.046210 
0.291550 0.984930 0.462022 
0.036165 0.007695 0.491768 
0.012805 0.012805 0.017273 0.957117 
0.250000 0.250000 0.250000 0.250000 
  13
0.672285 0.007376 0.046210 
0.291550 0.984930 0.462022 
0.036165 0.007695 0.491768 
0.012805 0.012805 0.012805 0.961584 
0.250000 0.250000 0.250000 0.250000 
  14
0.672285 0.007376 0.046210 
0.291550 0.984930 0.462022 
0.036165 0.007695 0.491768 
0.012805 0.961584 0.012805 0.012805 
0.250000 0.250000 0.250000 0.250000 
  15
0.672285 0.007376 0.046210 
0.291550 0.984930 0.462022 
0.036165 0.007695 0.491768 
0.012805 0.012805 0.012805 0.961584 
0.250000 0.250000 0.250000 0.250000 
  16
0.672285 0.007376 0.046210 
0.291550 0.984930 0.462022 
0.036165 0.007695 0.491768 
0.015791 0.954195 0.017208 0.012805 
0.250000 0.250000 0.250000 0.250000 
  17
0.656101 0.007376 0.046210 
0.307734 0.984930 0.462022 
0.036760 0.007672 0.491768 
0.012740 0.017119 0.957402 0.012740 
0.250000 0.250000 0.250000 0.250000 
  18
0.618718 0.007354 0.046210 
0.344522 0.984973 0.462022 
0.038621 0.007607 0.491768 
0.953127 0.016355 0.012550 0.017968 
0.250000 0.250000 0.250000 0.250000 
  19
0.605584 0.007292 0.046210 
0.355796 0.985101 0.462022 
0.040417 0.007551 0.491768 
0.012389 0.012389 0.014893 0.960330 
0.250000 0.250000 0.250000 0.250000 
  20
0.575424 0.007238 0.046210 
0.384159 0.985211 0.462022 
0.042921 0.007482 0.491768 
0.012192 0.012192 0.949302 0.026314 
0.250000 0.250000 0.250000 0.250000 
  21
0.611068 0.007172 0.046210 
0.346011 0.985346 0.462022 
0.042921 0.007482 0.491768 
0.012192 0.963424 0.012192 0.012192 
0.250000 0.250000 0.250000 0.250000 
  22
0.593738 0.007172 0.046210 
0.363341 0.985346 0.462022 
0.043678 0.007463 0.491768 
0.012138 0.012138 0.963586 0.012138 
0.250000 0.250000 0.250000 0.250000 
  23
0.604209 0.007154 0.046210 
0.352114 0.985384 0.462022 
0.043678 0.007463 0.491768 
0.959678 0.016046 0.012138 0.012138 
0.250000 0.250000 0.250000 0.250000 
  24
0.593880 0.007154 0.046210 
0.362443 0.985384 0.462022 
0.044134 0.007452 0.491768 
0.012107 0.012107 0.012107 0.963680 
0.250000 0.250000 0.250000 0.250000 
  25
0.600078 0.007143 0.046210 
0.355788 0.985406 0.462022 
0.044134 0.007452 0.491768 
0.012107 0.963680 0.012107 0.012107 
0.250000 0.250000 0.250000 0.250000 
  26
0.600078 0.007143 0.046210 
0.355788 0.985406 0.462022 
0.044134 0.007452 0.491768 
0.012107 0.012107 0.012107 0.963680 
0.250000 0.250000 0.250000 0.250000 
  27
0.600078 0.007143 0.046210 
0.355788 0.985406 0.462022 
0.044134 0.007452 0.491768 
0.012107 0.012107 0.012107 0.963680 
0.250000 0.250000 0.250000 0.250000 
  28
0.600078 0.007143 0.046210 
0.355788 0.985406 0.462022 
0.044134 0.007452 0.491768 
0.012107 0.012107 0.026929 0.948858 
0.250000 0.250000 0.250000 0.250000 
  29
0.600078 0.007143 0.046210 
0.355788 0.985406 0.462022 
0.044134 0.007452 0.491768 
0.012107 0.012107 0.963680 0.012107 
0.250000 0.250000 0.250000 0.250000 
  30
0.588558 0.007143 0.046210 
0.367308 0.985406 0.462022 
0.044648 0.007439 0.491768 
0.012072 0.012072 0.963784 0.012072 
0.250000 0.250000 0.250000 0.250000 
  31
0.595417 0.007131 0.046210 
0.359935 0.985430 0.462022 
0.044648 0.007439 0.491768 
0.963784 0.012072 0.012072 0.012072 
0.250000 0.250000 0.250000 0.250000 
  32
0.560666 0.007131 0.046210 
0.394686 0.985430 0.462022 
0.046255 0.007403 0.491768 
0.011970 0.011970 0.011970 0.964088 
0.250000 0.250000 0.250000 0.250000 
  33
0.570133 0.007096 0.046210 
0.383611 0.985501 0.462022 
0.046757 0.007392 0.491768 
0.011941 0.011941 0.015845 0.960274 
0.250000 0.250000 0.250000 0.250000 
  34
0.576310 0.007086 0.046210 
0.376933 0.985522 0.462022 
0.046757 0.007392 0.491768 
0.011941 0.011941 0.237787 0.738332 
0.250000 0.250000 0.250000 0.250000 
  35
0.576310 0.007086 0.046210 
0.376933 0.985522 0.462022 
0.046757 0.007392 0.491768 
0.011941 0.011941 0.035092 0.941027 
0.250000 0.250000 0.250000 0.250000 
  36
0.576310 0.007086 0.046210 
0.376933 0.985522 0.462022 
0.046757 0.007392 0.491768 
0.011941 0.011941 0.011941 0.964178 
0.250000 0.250000 0.250000 0.250000 
  37
0.576310 0.007086 0.046210 
0.376933 0.985522 0.462022 
0.046757 0.007392 0.491768 
0.011941 0.011941 0.929859 0.046260 
0.250000 0.250000 0.250000 0.250000 
  38
0.576310 0.007086 0.046210 
0.376933 0.985522 0.462022 
0.046757 0.007392 0.491768 
0.964178 0.011941 0.011941 0.011941 
0.250000 0.250000 0.250000 0.250000 
  39
0.568583 0.007086 0.046210 
0.384660 0.985522 0.462022 
0.047121 0.007385 0.491768 
0.619203 0.356958 0.011919 0.011919 
0.250000 0.250000 0.250000 0.250000 
  40
0.573011 0.007079 0.046210 
0.379868 0.985537 0.462022 
0.047121 0.007385 0.491768 
0.763758 0.206969 0.017353 0.011919 
0.250000 0.250000 0.250000 0.250000 
  41
0.562958 0.007079 0.046210 
0.389922 0.985537 0.462022 
0.047599 0.007375 0.491768 
0.011892 0.011892 0.964324 0.011892 
0.250000 0.250000 0.250000 0.250000 
  42
0.568675 0.007069 0.046210 
0.383726 0.985556 0.462022 
0.047599 0.007375 0.491768 
0.964324 0.011892 0.011892 0.011892 
0.250000 0.250000 0.250000 0.250000 
  43
0.568675 0.007069 0.046210 
0.383726 0.985556 0.462022 
0.047599 0.007375 0.491768 
0.081031 0.890163 0.016914 0.011892 
0.250000 0.250000 0.250000 0.250000 
  44
0.558428 0.007069 0.046210 
0.393973 0.985556 0.462022 
0.048092 0.007365 0.491768 
0.964406 0.011865 0.011865 0.011865 
0.250000 0.250000 0.250000 0.250000 
  45
0.564209 0.007060 0.046210 
0.387699 0.985576 0.462022 
0.048092 0.007365 0.491768 
0.964406 0.011865 0.011865 0.011865 
0.250000 0.250000 0.250000 0.250000 
  46
0.556482 0.007060 0.046210 
0.395426 0.985576 0.462022 
0.048466 0.007357 0.491768 
0.034954 0.931245 0.019550 0.014252 
0.250000 0.250000 0.250000 0.250000 
  47
0.560816 0.007052 0.046210 
0.390718 0.985590 0.462022 
0.048466 0.007357 0.491768 
0.957172 0.019140 0.011844 0.011844 
0.250000 0.250000 0.250000 0.250000 
  48
0.560816 0.007052 0.046210 
0.390718 0.985590 0.462022 
0.048466 0.007357 0.491768 
0.958108 0.018204 0.011844 0.011844 
0.250000 0.250000 0.250000 0.250000 
  49
0.560816 0.007052 0.046210 
0.390718 0.985590 0.462022 
0.048466 0.007357 0.491768 
0.768837 0.194280 0.025038 0.011844 
0.250000 0.250000 0.250000 0.250000 
  50
0.560816 0.007052 0.046210 
0.390718 0.985590 0.462022 
0.048466 0.007357 0.491768 
0.947721 0.011844 0.028591 0.011844 
0.250000 0.250000 0.250000 0.250000 
  51
0.560816 0.007052 0.046210 
0.390718 0.985590 0.462022 
0.048466 0.007357 0.491768 
0.016046 0.011844 0.960265 0.011844 
0.250000 0.250000 0.250000 0.250000 
  52
0.560816 0.007052 0.046210 
0.390718 0.985590 0.462022 
0.048466 0.007357 0.491768 
0.964467 0.011844 0.011844 0.011844 
0.250000 0.250000 0.250000 0.250000 
  53
0.547703 0.007052 0.046210 
0.403830 0.985590 0.462022 
0.049110 0.007345 0.491768 
0.964570 0.011810 0.011810 0.011810 
0.250000 0.250000 0.250000 0.250000 
  54
0.554981 0.007041 0.046210 
0.395909 0.985614 0.462022 
0.049110 0.007345 0.491768 
0.013845 0.962535 0.011810 0.011810 
0.250000 0.250000 0.250000 0.250000 
  55
0.539320 0.007041 0.046210 
0.411569 0.985614 0.462022 
0.049892 0.007330 0.491768 
0.283123 0.040470 0.611422 0.064984 
0.250000 0.250000 0.250000 0.250000 
  56
0.547900 0.007027 0.046210 
0.402208 0.985643 0.462022 
0.049892 0.007330 0.491768 
0.011770 0.011770 0.964690 0.011770 
0.250000 0.250000 0.250000 0.250000 
  57
0.531821 0.007027 0.046210 
0.418287 0.985643 0.462022 
0.050707 0.007316 0.491768 
0.011730 0.011730 0.964810 0.011730 
0.250000 0.250000 0.250000 0.250000 
  58
0.540512 0.007013 0.046210 
0.408781 0.985672 0.462022 
0.050707 0.007316 0.491768 
0.011730 0.011730 0.964810 0.011730 
0.250000 0.250000 0.250000 0.250000 
  59
0.540512 0.007013 0.046210 
0.408781 0.985672 0.462022 
0.050707 0.007316 0.491768 
0.964810 0.011730 0.011730 0.011730 
0.250000 0.250000 0.250000 0.250000 
  60
0.540512 0.007013 0.046210 
0.408781 0.985672 0.462022 
0.050707 0.007316 0.491768 
0.011730 0.011730 0.015790 0.960751 
0.250000 0.250000 0.250000 0.250000 
  61
0.529638 0.007013 0.046210 
0.419655 0.985672 0.462022 
0.051265 0.007306 0.491768 
0.035798 0.917141 0.020898 0.026163 
0.250000 0.250000 0.250000 0.250000 
  62
0.521745 0.007003 0.046210 
0.426991 0.985691 0.462022 
0.051977 0.007294 0.491768 
0.961232 0.015428 0.011670 0.011670 
0.250000 0.250000 0.250000 0.250000 
  63
0.529001 0.006992 0.046210 
0.419022 0.985714 0.462022 
0.051977 0.007294 0.491768 
0.011670 0.011670 0.289026 0.687633 
0.250000 0.250000 0.250000 0.250000 
  64
0.529001 0.006992 0.046210 
0.419022 0.985714 0.462022 
0.051977 0.007294 0.491768 
0.314825 0.661835 0.011670 0.011670 
0.250000 0.250000 0.250000 0.250000 
  65
0.529001 0.006992 0.046210 
0.419022 0.985714 0.462022 
0.051977 0.007294 0.491768 
0.942184 0.030675 0.011670 0.015471 
0.250000 0.250000 0.250000 0.250000 
  66
0.529001 0.006992 0.046210 
0.419022 0.985714 0.462022 
0.051977 0.007294 0.491768 
0.011670 0.011670 0.951134 0.025525 
0.250000 0.250000 0.250000 0.250000 
  67
0.529001 0.006992 0.046210 
0.419022 0.985714 0.462022 
0.051977 0.007294 0.491768 
0.665975 0.310684 0.011670 0.011670 
0.250000 0.250000 0.250000 0.250000 
  68
0.529001 0.006992 0.046210 
0.419022 0.985714 0.462022 
0.051977 0.007294 0.491768 
0.011670 0.964989 0.011670 0.011670 
0.250000 0.250000 0.250000 0.250000 
  69
0.529001 0.006992 0.046210 
0.419022 0.985714 0.462022 
0.051977 0.007294 0.491768 
0.011670 0.011670 0.964989 0.011670 
0.250000 0.250000 0.250000 0.250000 
  70
0.529001 0.006992 0.046210 
0.419022 0.985714 0.462022 
0.051977 0.007294 0.491768 
0.011670 0.017449 0.677818 0.293063 
0.250000 0.250000 0.250000 0.250000 
  71
0.516337 0.006992 0.046210 
0.431685 0.985714 0.462022 
0.052644 0.007283 0.491768 
0.965079 0.011640 0.011640 0.011640 
0.250000 0.250000 0.250000 0.250000 
  72
0.522960 0.006981 0.046210 
0.424396 0.985736 0.462022 
0.052644 0.007283 0.491768 
0.703688 0.273032 0.011640 0.011640 
0.250000 0.250000 0.250000 0.250000 
  73
0.522960 0.006981 0.046210 
0.424396 0.985736 0.462022 
0.052644 0.007283 0.491768 
0.956554 0.020165 0.011640 0.011640 
0.250000 0.250000 0.250000 0.250000 
  74
0.522960 0.006981 0.046210 
0.424396 0.985736 0.462022 
0.052644 0.007283 0.491768 
0.965079 0.011640 0.011640 0.011640 
0.250000 0.250000 0.250000 0.250000 
  75
0.522960 0.006981 0.046210 
0.424396 0.985736 0.462022 
0.052644 0.007283 0.491768 
0.016665 0.960054 0.011640 0.011640 
0.250000 0.250000 0.250000 0.250000 
  76
0.507838 0.006981 0.046210 
0.439518 0.985736 0.462022 
0.053452 0.007270 0.491768 
0.294369 0.029202 0.040345 0.636083 
0.250000 0.250000 0.250000 0.250000 
  77
0.515635 0.006969 0.046210 
0.430912 0.985761 0.462022 
0.053452 0.007270 0.491768 
0.965184 0.011605 0.011605 0.011605 
0.250000 0.250000 0.250000 0.250000 
  78
0.515635 0.006969 0.046210 
0.430912 0.985761 0.462022 
0.053452 0.007270 0.491768 
0.011605 0.011605 0.939619 0.037170 
0.250000 0.250000 0.250000 0.250000 
  79
0.515635 0.006969 0.046210 
0.430912 0.985761 0.462022 
0.053452 0.007270 0.491768 
0.947579 0.029210 0.011605 0.011605 
0.250000 0.250000 0.250000 0.250000 
  80
0.515635 0.006969 0.046210 
0.430912 0.985761 0.462022 
0.053452 0.007270 0.491768 
0.965184 0.011605 0.011605 0.011605 
0.250000 0.250000 0.250000 0.250000 
  81
0.515635 0.006969 0.046210 
0.430912 0.985761 0.462022 
0.053452 0.007270 0.491768 
0.965184 0.011605 0.011605 0.011605 
0.250000 0.250000 0.250000 0.250000 
  82
0.515635 0.006969 0.046210 
0.430912 0.985761 0.462022 
0.053452 0.007270 0.491768 
0.228809 0.747980 0.011605 0.011605 
0.250000 0.250000 0.250000 0.250000 
  83
0.515635 0.006969 0.046210 
0.430912 0.985761 0.462022 
0.053452 0.007270 0.491768 
0.011605 0.011605 0.965184 0.011605 
0.250000 0.250000 0.250000 0.250000 
  84
0.515635 0.006969 0.046210 
0.430912 0.985761 0.462022 
0.053452 0.007270 0.491768 
0.961097 0.011605 0.011605 0.015693 
0.250000 0.250000 0.250000 0.250000 
  85
0.515635 0.006969 0.046210 
0.430912 0.985761 0.462022 
0.053452 0.007270 0.491768 
0.011605 0.011605 0.015206 0.961583 
0.250000 0.250000 0.250000 0.250000 
  86
0.515635 0.006969 0.046210 
0.430912 0.985761 0.462022 
0.053452 0.007270 0.491768 
0.011605 0.965184 0.011605 0.011605 
0.250000 0.250000 0.250000 0.250000 
  87
0.515635 0.006969 0.046210 
0.430912 0.985761 0.462022 
0.053452 0.007270 0.491768 
0.965184 0.011605 0.011605 0.011605 
0.250000 0.250000 0.250000 0.250000 
  88
0.515635 0.006969 0.046210 
0.430912 0.985761 0.462022 
0.053452 0.007270 0.491768 
0.011605 0.011605 0.647282 0.329507 
0.250000 0.250000 0.250000 0.250000 
  89
0.515635 0.006969 0.046210 
0.430912 0.985761 0.462022 
0.053452 0.007270 0.491768 
0.011605 0.965184 0.011605 0.011605 
0.250000 0.250000 0.250000 0.250000 
  90
0.515635 0.006969 0.046210 
0.430912 0.985761 0.462022 
0.053452 0.007270 0.491768 
0.011605 0.011605 0.965184 0.011605 
0.250000 0.250000 0.250000 0.250000 
  91
0.515635 0.006969 0.046210 
0.430912 0.985761 0.462022 
0.053452 0.007270 0.491768 
0.011605 0.014572 0.945887 0.027936 
0.250000 0.250000 0.250000 0.250000 
  92
0.515635 0.006969 0.046210 
0.430912 0.985761 0.462022 
0.053452 0.007270 0.491768 
0.011605 0.011605 0.965184 0.011605 
0.250000 0.250000 0.250000 0.250000 
  93
0.515635 0.006969 0.046210 
0.430912 0.985761 0.462022 
0.053452 0.007270 0.491768 
0.011605 0.011605 0.965184 0.011605 
0.250000 0.250000 0.250000 0.250000 
  94
0.515635 0.006969 0.046210 
0.430912 0.985761 0.462022 
0.053452 0.007270 0.491768 
0.011605 0.965184 0.011605 0.011605 
0.250000 0.250000 0.250000 0.250000 
  95
0.515635 0.006969 0.046210 
0.430912 0.985761 0.462022 
0.053452 0.007270 0.491768 
0.965184 0.011605 0.011605 0.011605 
0.250000 0.250000 0.250000 0.250000 
  96
0.515635 0.006969 0.046210 
0.430912 0.985761 0.462022 
0.053452 0.007270 0.491768 
0.965184 0.011605 0.011605 0.011605 
0.250000 0.250000 0.250000 0.250000 
  97
0.515635 0.006969 0.046210 
0.430912 0.985761 0.462022 
0.053452 0.007270 0.491768 
0.011605 0.965184 0.011605 0.011605 
0.250000 0.250000 0.250000 0.250000 
  98
0.515635 0.006969 0.046210 
0.430912 0.985761 0.462022 
0.053452 0.007270 0.491768 
0.011605 0.011605 0.965184 0.011605 
0.250000 0.250000 0.250000 0.250000 
  99
0.515635 0.006969 0.046210 
0.430912 0.985761 0.462022 
0.053452 0.007270 0.491768 
0.011605 0.011605 0.011605 0.965184 
0.250000 0.250000 0.250000 0.250000 
 100
0.515635 0.006969 0.046210 
0.430912 0.985761 0.462022 
0.053452 0.007270 0.491768 
0.959975 0.016814 0.011605 0.011605 
0.250000 0.250000 0.250000 0.250000 
 101
0.515635 0.006969 0.046210 
0.430912 0.985761 0.462022 
0.053452 0.007270 0.491768 
0.965184 0.011605 0.011605 0.011605 
0.250000 0.250000 0.250000 0.250000 
 102
0.515635 0.006969 0.046210 
0.430912 0.985761 0.462022 
0.053452 0.007270 0.491768 
0.965184 0.011605 0.011605 0.011605 
0.250000 0.250000 0.250000 0.250000 
 103
0.515635 0.006969 0.046210 
0.430912 0.985761 0.462022 
0.053452 0.007270 0.491768 
0.011605 0.011605 0.965184 0.011605 
0.250000 0.250000 0.250000 0.250000 
 104
0.515635 0.006969 0.046210 
0.430912 0.985761 0.462022 
0.053452 0.007270 0.491768 
0.011605 0.011605 0.965184 0.011605 
0.250000 0.250000 0.250000 0.250000 
 105
0.515635 0.006969 0.046210 
0.430912 0.985761 0.462022 
0.053452 0.007270 0.491768 
0.965184 0.011605 0.011605 0.011605 
0.250000 0.250000 0.250000 0.250000 
 106
0.515635 0.006969 0.046210 
0.430912 0.985761 0.462022 
0.053452 0.007270 0.491768 
0.240433 0.098301 0.563395 0.097871 
0.250000 0.250000 0.250000 0.250000 
 107
0.515635 0.006969 0.046210 
0.430912 0.985761 0.462022 
0.053452 0.007270 0.491768 
0.965184 0.011605 0.011605 0.011605 
0.250000 0.250000 0.250000 0.250000 
 108
0.515635 0.006969 0.046210 
0.430912 0.985761 0.462022 
0.053452 0.007270 0.491768 
0.100136 0.876653 0.011605 0.011605 
0.250000 0.250000 0.250000 0.250000 
 109
0.515635 0.006969 0.046210 
0.430912 0.985761 0.462022 
0.053452 0.007270 0.491768 
0.048018 0.248536 0.011605 0.691841 
0.250000 0.250000 0.250000 0.250000 
 110
0.515635 0.006969 0.046210 
0.430912 0.985761 0.462022 
0.053452 0.007270 0.491768 
0.965184 0.011605 0.011605 0.011605 
0.250000 0.250000 0.250000 0.250000 
 111
0.515635 0.006969 0.046210 
0.430912 0.985761 0.462022 
0.053452 0.007270 0.491768 
0.011605 0.011605 0.011605 0.965184 
0.250000 0.250000 0.250000 0.250000 
 112
0.515635 0.006969 0.046210 
0.430912 0.985761 0.462022 
0.053452 0.007270 0.491768 
0.648069 0.313509 0.013948 0.024474 
0.250000 0.250000 0.250000 0.250000 
 113
0.515635 0.006969 0.046210 
0.430912 0.985761 0.462022 
0.053452 0.007270 0.491768 
0.965184 0.011605 0.011605 0.011605 
0.250000 0.250000 0.250000 0.250000 
 114
0.515635 0.006969 0.046210 
0.430912 0.985761 0.462022 
0.053452 0.007270 0.491768 
0.011605 0.011605 0.653237 0.323552 
0.250000 0.250000 0.250000 0.250000 
 115
0.515635 0.006969 0.046210 
0.430912 0.985761 0.462022 
0.053452 0.007270 0.491768 
0.655912 0.320878 0.011605 0.011605 
0.250000 0.250000 0.250000 0.250000 
 116
0.515635 0.006969 0.046210 
0.430912 0.985761 0.462022 
0.053452 0.007270 0.491768 
0.011605 0.011605 0.011605 0.965184 
0.250000 0.250000 0.250000 0.250000 
 117
0.515635 0.006969 0.046210 
0.430912 0.985761 0.462022 
0.053452 0.007270 0.491768 
0.011605 0.011605 0.962286 0.014503 
0.250000 0.250000 0.250000 0.250000 
 118
0.515635 0.006969 0.046210 
0.430912 0.985761 0.462022 
0.053452 0.007270 0.491768 
0.011605 0.011605 0.034711 0.942079 
0.250000 0.250000 0.250000 0.250000 
 119
0.515635 0.006969 0.046210 
0.430912 0.985761 0.462022 
0.053452 0.007270 0.491768 
0.011605 0.011605 0.011605 0.965184 
0.250000 0.250000 0.250000 0.250000 
 120
0.515635 0.006969 0.046210 
0.430912 0.985761 0.462022 
0.053452 0.007270 0.491768 
0.011605 0.011605 0.011605 0.965184 
0.250000 0.250000 0.250000 0.250000 
 121
0.515635 0.006969 0.046210 
0.430912 0.985761 0.462022 
0.053452 0.007270 0.491768 
0.269513 0.707276 0.011605 0.011605 
0.250000 0.250000 0.250000 0.250000 
 122
0.515635 0.006969 0.046210 
0.430912 0.985761 0.462022 
0.053452 0.007270 0.491768 
0.011605 0.011605 0.011605 0.965184 
0.250000 0.250000 0.250000 0.250000 
 123
0.515635 0.006969 0.046210 
0.430912 0.985761 0.462022 
0.053452 0.007270 0.491768 
0.965184 0.011605 0.011605 0.011605 
0.250000 0.250000 0.250000 0.250000 
 124
0.515635 0.006969 0.046210 
0.430912 0.985761 0.462022 
0.053452 0.007270 0.491768 
0.048900 0.203582 0.671698 0.075820 
0.250000 0.250000 0.250000 0.250000 
 125
0.515635 0.006969 0.046210 
0.430912 0.985761 0.462022 
0.053452 0.007270 0.491768 
0.011605 0.011605 0.965184 0.011605 
0.250000 0.250000 0.250000 0.250000 
 126
0.515635 0.006969 0.046210 
0.430912 0.985761 0.462022 
0.053452 0.007270 0.491768 
0.011605 0.011605 0.962349 0.014441 
0.250000 0.250000 0.250000 0.250000 
 127
0.515635 0.006969 0.046210 
0.430912 0.985761 0.462022 
0.053452 0.007270 0.491768 
0.842263 0.051885 0.088156 0.017696 
0.250000 0.250000 0.250000 0.250000 
 128
0.515635 0.006969 0.046210 
0.430912 0.985761 0.462022 
0.053452 0.007270 0.491768 
0.011605 0.965184 0.011605 0.011605 
0.250000 0.250000 0.250000 0.250000 
 129
0.515635 0.006969 0.046210 
0.430912 0.985761 0.462022 
0.053452 0.007270 0.491768 
0.965184 0.011605 0.011605 0.011605 
0.250000 0.250000 0.250000 0.250000 
 130
0.515635 0.006969 0.046210 
0.430912 0.985761 0.462022 
0.053452 0.007270 0.491768 
0.941024 0.035765 0.011605 0.011605 
0.250000 0.250000 0.250000 0.250000 
 131
0.515635 0.006969 0.046210 
0.430912 0.985761 0.462022 
0.053452 0.007270 0.491768 
0.016507 0.960283 0.011605 0.011605 
0.250000 0.250000 0.250000 0.250000 
 132
0.515635 0.006969 0.046210 
0.430912 0.985761 0.462022 
0.053452 0.007270 0.491768 
0.965184 0.011605 0.011605 0.011605 
0.250000 0.250000 0.250000 0.250000 
 133
0.515635 0.006969 0.046210 
0.430912 0.985761 0.462022 
0.053452 0.007270 0.491768 
0.087937 0.885362 0.011605 0.015096 
0.250000 0.250000 0.250000 0.250000 
 134
0.515635 0.006969 0.046210 
0.430912 0.985761 0.462022 
0.053452 0.007270 0.491768 
0.965184 0.011605 0.011605 0.011605 
0.250000 0.250000 0.250000 0.250000 
 135
0.515635 0.006969 0.046210 
0.430912 0.985761 0.462022 
0.053452 0.007270 0.491768 
0.011605 0.965184 0.011605 0.011605 
0.250000 0.250000 0.250000 0.250000 
 136
0.515635 0.006969 0.046210 
0.430912 0.985761 0.462022 
0.053452 0.007270 0.491768 
0.011605 0.011605 0.049352 0.927437 
0.250000 0.250000 0.250000 0.250000 
 137
0.515635 0.006969 0.046210 
0.430912 0.985761 0.462022 
0.053452 0.007270 0.491768 
0.011605 0.095099 0.025283 0.868013 
0.250000 0.250000 0.250000 0.250000 
 138
0.515635 0.006969 0.046210 
0.430912 0.985761 0.462022 
0.053452 0.007270 0.491768 
0.011605 0.011605 0.021169 0.955620 
0.250000 0.250000 0.250000 0.250000 
 139
0.515635 0.006969 0.046210 
0.430912 0.985761 0.462022 
0.053452 0.007270 0.491768 
0.011605 0.011605 0.896510 0.080279 
0.250000 0.250000 0.250000 0.250000 
 140
0.515635 0.006969 0.046210 
0.430912 0.985761 0.462022 
0.053452 0.007270 0.491768 
0.965184 0.011605 0.011605 0.011605 
0.250000 0.250000 0.250000 0.250000 
 141
0.515635 0.006969 0.046210 
0.430912 0.985761 0.462022 
0.053452 0.007270 0.491768 
0.011605 0.011605 0.965184 0.011605 
0.250000 0.250000 0.250000 0.250000 
 142
0.515635 0.006969 0.046210 
0.430912 0.985761 0.462022 
0.053452 0.007270 0.491768 
0.011605 0.011605 0.663199 0.313590 
0.250000 0.250000 0.250000 0.250000 
 143
0.515635 0.006969 0.046210 
0.430912 0.985761 0.462022 
0.053452 0.007270 0.491768 
0.011605 0.965184 0.011605 0.011605 
0.250000 0.250000 0.250000 0.250000 
 144
0.515635 0.006969 0.046210 
0.430912 0.985761 0.462022 
0.053452 0.007270 0.491768 
0.077591 0.899198 0.011605 0.011605 
0.250000 0.250000 0.250000 0.250000 
 145
0.515635 0.006969 0.046210 
0.430912 0.985761 0.462022 
0.053452 0.007270 0.491768 
0.795677 0.181112 0.011605 0.011605 
0.250000 0.250000 0.250000 0.250000 
 146
0.515635 0.006969 0.046210 
0.430912 0.985761 0.462022 
0.053452 0.007270 0.491768 
0.011605 0.011605 0.022304 0.954485 
0.250000 0.250000 0.250000 0.250000 
 147
0.515635 0.006969 0.046210 
0.430912 0.985761 0.462022 
0.053452 0.007270 0.491768 
0.011605 0.014891 0.022071 0.951432 
0.250000 0.250000 0.250000 0.250000 
 148
0.515635 0.006969 0.046210 
0.430912 0.985761 0.462022 
0.053452 0.007270 0.491768 
0.621967 0.354822 0.011605 0.011605 
0.250000 0.250000 0.250000 0.250000 
 149
0.515635 0.006969 0.046210 
0.430912 0.985761 0.462022 
0.053452 0.007270 0.491768 
0.965184 0.011605 0.011605 0.011605 
0.250000 0.250000 0.250000 0.250000 
 150
0.515635 0.006969 0.046210 
0.430912 0.985761 0.462022 
0.053452 0.007270 0.491768 
0.011605 0.011605 0.015376 0.961413 
0.250000 0.250000 0.250000 0.250000 
 151
0.515635 0.006969 0.046210 
0.430912 0.985761 0.462022 
0.053452 0.007270 0.491768 
0.240137 0.729685 0.011605 0.018573 
0.250000 0.250000 0.250000 0.250000 
 152
0.515635 0.006969 0.046210 
0.430912 0.985761 0.462022 
0.053452 0.007270 0.491768 
0.011605 0.011605 0.035386 0.941403 
0.250000 0.250000 0.250000 0.250000 
 153
0.515635 0.006969 0.046210 
0.430912 0.985761 0.462022 
0.053452 0.007270 0.491768 
0.011605 0.011605 0.014891 0.961898 
0.250000 0.250000 0.250000 0.250000 
 154
0.515635 0.006969 0.046210 
0.430912 0.985761 0.462022 
0.053452 0.007270 0.491768 
0.035569 0.637865 0.304378 0.022188 
0.250000 0.250000 0.250000 0.250000 
 155
0.515635 0.006969 0.046210 
0.430912 0.985761 0.462022 
0.053452 0.007270 0.491768 
0.965184 0.011605 0.011605 0.011605 
0.250000 0.250000 0.250000 0.250000 
 156
0.515635 0.006969 0.046210 
0.430912 0.985761 0.462022 
0.053452 0.007270 0.491768 
0.030165 0.944146 0.011605 0.014084 
0.250000 0.250000 0.250000 0.250000 
 157
0.515635 0.006969 0.046210 
0.430912 0.985761 0.462022 
0.053452 0.007270 0.491768 
0.011605 0.011605 0.053311 0.923478 
0.250000 0.250000 0.250000 0.250000 
 158
0.515635 0.006969 0.046210 
0.430912 0.985761 0.462022 
0.053452 0.007270 0.491768 
0.011605 0.011605 0.965184 0.011605 
0.250000 0.250000 0.250000 0.250000 
 159
0.515635 0.006969 0.046210 
0.430912 0.985761 0.462022 
0.053452 0.007270 0.491768 
0.011605 0.046532 0.011605 0.930257 
0.250000 0.250000 0.250000 0.250000 
 160
0.515635 0.006969 0.046210 
0.430912 0.985761 0.462022 
0.053452 0.007270 0.491768 
0.150064 0.826725 0.011605 0.011605 
0.250000 0.250000 0.250000 0.250000 
 161
0.515635 0.006969 0.046210 
0.430912 0.985761 0.462022 
0.053452 0.007270 0.491768 
0.011605 0.011605 0.013561 0.963228 
0.250000 0.250000 0.250000 0.250000 
 162
0.515635 0.006969 0.046210 
0.430912 0.985761 0.462022 
0.053452 0.007270 0.491768 
0.011605 0.011605 0.011605 0.965184 
0.250000 0.250000 0.250000 0.250000 
 163
0.515635 0.006969 0.046210 
0.430912 0.985761 0.462022 
0.053452 0.007270 0.491768 
0.011605 0.011605 0.950015 0.026774 
0.250000 0.250000 0.250000 0.250000 
 164
0.515635 0.006969 0.046210 
0.430912 0.985761 0.462022 
0.053452 0.007270 0.491768 
0.965184 0.011605 0.011605 0.011605 
0.250000 0.250000 0.250000 0.250000 
 165
0.515635 0.006969 0.046210 
0.430912 0.985761 0.462022 
0.053452 0.007270 0.491768 
0.841105 0.135685 0.011605 0.011605 
0.250000 0.250000 0.250000 0.250000 
 166
0.515635 0.006969 0.046210 
0.430912 0.985761 0.462022 
0.053452 0.007270 0.491768 
0.291673 0.682404 0.011605 0.014318 
0.250000 0.250000 0.250000 0.250000 
 167
0.515635 0.006969 0.046210 
0.430912 0.985761 0.462022 
0.053452 0.007270 0.491768 
0.961448 0.015342 0.011605 0.011605 
0.250000 0.250000 0.250000 0.250000 
 168
0.515635 0.006969 0.046210 
0.430912 0.985761 0.462022 
0.053452 0.007270 0.491768 
0.011605 0.965184 0.011605 0.011605 
0.250000 0.250000 0.250000 0.250000 
 169
0.515635 0.006969 0.046210 
0.430912 0.985761 0.462022 
0.053452 0.007270 0.491768 
0.293969 0.029602 0.027844 0.648584 
0.250000 0.250000 0.250000 0.250000 
 170
0.515635 0.006969 0.046210 
0.430912 0.985761 0.462022 
0.053452 0.007270 0.491768 
0.011605 0.965184 0.011605 0.011605 
0.250000 0.250000 0.250000 0.250000 
 171
0.515635 0.006969 0.046210 
0.430912 0.985761 0.462022 
0.053452 0.007270 0.491768 
0.014257 0.011605 0.962532 0.011605 
0.250000 0.250000 0.250000 0.250000 
 172
0.515635 0.006969 0.046210 
0.430912 0.985761 0.462022 
0.053452 0.007270 0.491768 
0.011605 0.011605 0.181937 0.794852 
0.250000 0.250000 0.250000 0.250000 
 173
0.515635 0.006969 0.046210 
0.430912 0.985761 0.462022 
0.053452 0.007270 0.491768 
0.011605 0.011605 0.011605 0.965184 
0.250000 0.250000 0.250000 0.250000 
 174
0.515635 0.006969 0.046210 
0.430912 0.985761 0.462022 
0.053452 0.007270 0.491768 
0.011605 0.011605 0.965184 0.011605 
0.250000 0.250000 0.250000 0.250000 
 175
0.515635 0.006969 0.046210 
0.430912 0.985761 0.462022 
0.053452 0.007270 0.491768 
0.011605 0.011605 0.072565 0.904225 
0.250000 0.250000 0.250000 0.250000 
 176
0.515635 0.006969 0.046210 
0.430912 0.985761 0.462022 
0.053452 0.007270 0.491768 
0.011605 0.011605 0.011605 0.965184 
0.250000 0.250000 0.250000 0.250000 
 177
0.515635 0.006969 0.046210 
0.430912 0.985761 0.462022 
0.053452 0.007270 0.491768 
0.011605 0.011605 0.965184 0.011605 
0.250000 0.250000 0.250000 0.250000 
 178
0.515635 0.006969 0.046210 
0.430912 0.985761 0.462022 
0.053452 0.007270 0.491768 
0.011605 0.011605 0.015693 0.961097 
0.250000 0.250000 0.250000 0.250000 
 179
0.515635 0.006969 0.046210 
0.430912 0.985761 0.462022 
0.053452 0.007270 0.491768 
0.011605 0.011605 0.965184 0.011605 
0.250000 0.250000 0.250000 0.250000 
 180
0.515635 0.006969 0.046210 
0.430912 0.985761 0.462022 
0.053452 0.007270 0.491768 
0.011605 0.014687 0.011605 0.962102 
0.250000 0.250000 0.250000 0.250000 
 181
0.515635 0.006969 0.046210 
0.430912 0.985761 0.462022 
0.053452 0.007270 0.491768 
0.106423 0.870366 0.011605 0.011605 
0.250000 0.250000 0.250000 0.250000 
 182
0.515635 0.006969 0.046210 
0.430912 0.985761 0.462022 
0.053452 0.007270 0.491768 
0.011605 0.011605 0.011605 0.965184 
0.250000 0.250000 0.250000 0.250000 
 183
0.515635 0.006969 0.046210 
0.430912 0.985761 0.462022 
0.053452 0.007270 0.491768 
0.965184 0.011605 0.011605 0.011605 
0.250000 0.250000 0.250000 0.250000 
 184
0.515635 0.006969 0.046210 
0.430912 0.985761 0.462022 
0.053452 0.007270 0.491768 
0.018591 0.011605 0.116558 0.853246 
0.250000 0.250000 0.250000 0.250000 
 185
0.515635 0.006969 0.046210 
0.430912 0.985761 0.462022 
0.053452 0.007270 0.491768 
0.011605 0.011605 0.011605 0.965184 
0.250000 0.250000 0.250000 0.250000 
 186
0.515635 0.006969 0.046210 
0.430912 0.985761 0.462022 
0.053452 0.007270 0.491768 
0.011605 0.965184 0.011605 0.011605 
0.250000 0.250000 0.250000 0.250000 
 187
0.500366 0.006969 0.046210 
0.446181 0.985761 0.462022 
0.054281 0.007257 0.491768 
0.014902 0.011571 0.016041 0.957487 
0.250000 0.250000 0.250000 0.250000 
 188
0.508125 0.006956 0.046210 
0.437594 0.985786 0.462022 
0.054281 0.007257 0.491768 
0.015369 0.959067 0.011571 0.013993 
0.250000 0.250000 0.250000 0.250000 
 189
0.508125 0.006956 0.046210 
0.437594 0.985786 0.462022 
0.054281 0.007257 0.491768 
0.314020 0.011571 0.072450 0.601959 
0.250000 0.250000 0.250000 0.250000 
 190
0.508125 0.006956 0.046210 
0.437594 0.985786 0.462022 
0.054281 0.007257 0.491768 
0.932155 0.044704 0.011571 0.011571 
0.250000 0.250000 0.250000 0.250000 
 191
0.508125 0.006956 0.046210 
0.437594 0.985786 0.462022 
0.054281 0.007257 0.491768 
0.011571 0.011571 0.011571 0.965288 
0.250000 0.250000 0.250000 0.250000 
 192
0.508125 0.006956 0.046210 
0.437594 0.985786 0.462022 
0.054281 0.007257 0.491768 
0.011571 0.965288 0.011571 0.011571 
0.250000 0.250000 0.250000 0.250000 
 193
0.508125 0.006956 0.046210 
0.437594 0.985786 0.462022 
0.054281 0.007257 0.491768 
0.166035 0.810823 0.011571 0.011571 
0.250000 0.250000 0.250000 0.250000 
 194
0.508125 0.006956 0.046210 
0.437594 0.985786 0.462022 
0.054281 0.007257 0.491768 
0.011571 0.011571 0.011571 0.965288 
0.250000 0.250000 0.250000 0.250000 
 195
0.508125 0.006956 0.046210 
0.437594 0.985786 0.462022 
0.054281 0.007257 0.491768 
0.011571 0.011571 0.959161 0.017698 
0.250000 0.250000 0.250000 0.250000 
 196
0.508125 0.006956 0.046210 
0.437594 0.985786 0.462022 
0.054281 0.007257 0.491768 
0.935093 0.041766 0.011571 0.011571 
0.250000 0.250000 0.250000 0.250000 
 197
0.493324 0.006956 0.046210 
0.452395 0.985786 0.462022 
0.055097 0.007245 0.491768 
0.011538 0.011538 0.011538 0.965387 
0.250000 0.250000 0.250000 0.250000 
 198
0.500735 0.006945 0.046210 
0.444168 0.985810 0.462022 
0.055097 0.007245 0.491768 
0.965387 0.011538 0.011538 0.011538 
0.250000 0.250000 0.250000 0.250000 
 199
0.500735 0.006945 0.046210 
0.444168 0.985810 0.462022 
0.055097 0.007245 0.491768 
0.058728 0.915591 0.011538 0.014144 
0.250000 0.250000 0.250000 0.250000 
 200
0.500735 0.006945 0.046210 
0.444168 0.985810 0.462022 
0.055097 0.007245 0.491768 
0.011538 0.965387 0.011538 0.011538 
0.250000 0.250000 0.250000 0.250000 
 201
0.500735 0.006945 0.046210 
0.444168 0.985810 0.462022 
0.055097 0.007245 0.491768 
0.011538 0.011538 0.011538 0.965387 
0.250000 0.250000 0.250000 0.250000 
 202
0.500735 0.006945 0.046210 
0.444168 0.985810 0.462022 
0.055097 0.007245 0.491768 
0.147139 0.829785 0.011538 0.011538 
0.250000 0.250000 0.250000 0.250000 
 203
0.500735 0.006945 0.046210 
0.444168 0.985810 0.462022 
0.055097 0.007245 0.491768 
0.011538 0.011538 0.013457 0.963467 
0.250000 0.250000 0.250000 0.250000 
 204
0.500735 0.006945 0.046210 
0.444168 0.985810 0.462022 
0.055097 0.007245 0.491768 
0.011538 0.011538 0.011538 0.965387 
0.250000 0.250000 0.250000 0.250000 
 205
0.500735 0.006945 0.046210 
0.444168 0.985810 0.462022 
0.055097 0.007245 0.491768 
0.013827 0.963097 0.011538 0.011538 
0.250000 0.250000 0.250000 0.250000 
 206
0.500735 0.006945 0.046210 
0.444168 0.985810 0.462022 
0.055097 0.007245 0.491768 
0.011538 0.011538 0.011538 0.965387 
0.250000 0.250000 0.250000 0.250000 
 207
0.500735 0.006945 0.046210 
0.444168 0.985810 0.462022 
0.055097 0.007245 0.491768 
0.011538 0.011538 0.013473 0.963452 
0.250000 0.250000 0.250000 0.250000 
 208
0.500735 0.006945 0.046210 
0.444168 0.985810 0.462022 
0.055097 0.007245 0.491768 
0.011538 0.011538 0.079772 0.897153 
0.250000 0.250000 0.250000 0.250000 
 209
0.500735 0.006945 0.046210 
0.444168 0.985810 0.462022 
0.055097 0.007245 0.491768 
0.011538 0.011538 0.960632 0.016292 
0.250000 0.250000 0.250000 0.250000 
 210
0.500735 0.006945 0.046210 
0.444168 0.985810 0.462022 
0.055097 0.007245 0.491768 
0.011538 0.011538 0.011538 0.965387 
0.250000 0.250000 0.250000 0.250000 
 211
0.500735 0.006945 0.046210 
0.444168 0.985810 0.462022 
0.055097 0.007245 0.491768 
0.030274 0.651256 0.011538 0.306933 
0.250000 0.250000 0.250000 0.250000 
 212
0.500735 0.006945 0.046210 
0.444168 0.985810 0.462022 
0.055097 0.007245 0.491768 
0.965387 0.011538 0.011538 0.011538 
0.250000 0.250000 0.250000 0.250000 
 213
0.500735 0.006945 0.046210 
0.444168 0.985810 0.462022 
0.055097 0.007245 0.491768 
0.011538 0.011538 0.011538 0.965387 
0.250000 0.250000 0.250000 0.250000 
 214
0.500735 0.006945 0.046210 
0.444168 0.985810 0.462022 
0.055097 0.007245 0.491768 
0.050256 0.919573 0.013653 0.016518 
0.250000 0.250000 0.250000 0.250000 
 215
0.500735 0.006945 0.046210 
0.444168 0.985810 0.462022 
0.055097 0.007245 0.491768 
0.011538 0.011538 0.965387 0.011538 
0.250000 0.250000 0.250000 0.250000 
 216
0.500735 0.006945 0.046210 
0.444168 0.985810 0.462022 
0.055097 0.007245 0.491768 
0.011538 0.011538 0.011538 0.965387 
0.250000 0.250000 0.250000 0.250000 
 217
0.500735 0.006945 0.046210 
0.444168 0.985810 0.462022 
0.055097 0.007245 0.491768 
0.011538 0.011538 0.307501 0.669423 
0.250000 0.250000 0.250000 0.250000 
 218
0.500735 0.006945 0.046210 
0.444168 0.985810 0.462022 
0.055097 0.007245 0.491768 
0.011538 0.011538 0.011538 0.965387 
0.250000 0.250000 0.250000 0.250000 
 219
0.500735 0.006945 0.046210 
0.444168 0.985810 0.462022 
0.055097 0.007245 0.491768 
0.011538 0.011538 0.965387 0.011538 
0.250000 0.250000 0.250000 0.250000 
 220
0.500735 0.006945 0.046210 
0.444168 0.985810 0.462022 
0.055097 0.007245 0.491768 
0.011538 0.011538 0.965387 0.011538 
0.250000 0.250000 0.250000 0.250000 
 221
0.500735 0.006945 0.046210 
0.444168 0.985810 0.462022 
0.055097 0.007245 0.491768 
0.965387 0.011538 0.011538 0.011538 
0.250000 0.250000 0.250000 0.250000 
 222
0.500735 0.006945 0.046210 
0.444168 0.985810 0.462022 
0.055097 0.007245 0.491768 
0.011538 0.011538 0.011538 0.965387 
0.250000 0.250000 0.250000 0.250000 
 223
0.500735 0.006945 0.046210 
0.444168 0.985810 0.462022 
0.055097 0.007245 0.491768 
0.207480 0.769444 0.011538 0.011538 
0.250000 0.250000 0.250000 0.250000 
 224
0.500735 0.006945 0.046210 
0.444168 0.985810 0.462022 
0.055097 0.007245 0.491768 
0.011538 0.011538 0.965387 0.011538 
0.250000 0.250000 0.250000 0.250000 
 225
0.500735 0.006945 0.046210 
0.444168 0.985810 0.462022 
0.055097 0.007245 0.491768 
0.965387 0.011538 0.011538 0.011538 
0.250000 0.250000 0.250000 0.250000 
 226
0.500735 0.006945 0.046210 
0.444168 0.985810 0.462022 
0.055097 0.007245 0.491768 
0.107078 0.568747 0.051831 0.272343 
0.250000 0.250000 0.250000 0.250000 
 227
0.500735 0.006945 0.046210 
0.444168 0.985810 0.462022 
0.055097 0.007245 0.491768 
0.011538 0.315968 0.045840 0.626654 
0.250000 0.250000 0.250000 0.250000 
 228
0.500735 0.006945 0.046210 
0.444168 0.985810 0.462022 
0.055097 0.007245 0.491768 
0.312586 0.014920 0.014526 0.657968 
0.250000 0.250000 0.250000 0.250000 
 229
0.500735 0.006945 0.046210 
0.444168 0.985810 0.462022 
0.055097 0.007245 0.491768 
0.135530 0.841394 0.011538 0.011538 
0.250000 0.250000 0.250000 0.250000 
 230
0.500735 0.006945 0.046210 
0.444168 0.985810 0.462022 
0.055097 0.007245 0.491768 
0.011538 0.011538 0.011538 0.965387 
0.250000 0.250000 0.250000 0.250000 
 231
0.500735 0.006945 0.046210 
0.444168 0.985810 0.462022 
0.055097 0.007245 0.491768 
0.011538 0.011538 0.855102 0.121822 
0.250000 0.250000 0.250000 0.250000 
 232
0.500735 0.006945 0.046210 
0.444168 0.985810 0.462022 
0.055097 0.007245 0.491768 
0.517710 0.459215 0.011538 0.011538 
0.250000 0.250000 0.250000 0.250000 
 233
0.500735 0.006945 0.046210 
0.444168 0.985810 0.462022 
0.055097 0.007245 0.491768 
0.011538 0.011538 0.011538 0.965387 
0.250000 0.250000 0.250000 0.250000 
 234
0.500735 0.006945 0.046210 
0.444168 0.985810 0.462022 
0.055097 0.007245 0.491768 
0.011538 0.011538 0.963275 0.013649 
0.250000 0.250000 0.250000 0.250000 
 235
0.500735 0.006945 0.046210 
0.444168 0.985810 0.462022 
0.055097 0.007245 0.491768 
0.322475 0.654449 0.011538 0.011538 
0.250000 0.250000 0.250000 0.250000 
 236
0.500735 0.006945 0.046210 
0.444168 0.985810 0.462022 
0.055097 0.007245 0.491768 
