%  SAM: /scicomp/home/vfn4/nomen/label/LABEL_RES/scripts/modelfromalign_Linux v3.5 (July 15, 2005) compiled 12/08/06_16:15:55
%  (c) 1992-2001 Regents of the University of California, Santa Cruz
%
%          Sequence Alignment and Modeling Software System
%         http://www.cse.ucsc.edu/research/compbio/sam.html
%
% ----------------- Citations (SAM, SAM-T2K, HMMs) --------------------
% R. Hughey, A. Krogh, Hidden Markov models for sequence analysis:
%  Extension and analysis of the basic method, CABIOS 12:95-107, 1996.
% K. Karplus, et al., What is the value added by human intervention in protein
%  structure prediction, Proteins: Stucture, Function, Genetics 45(S5):86--91, 2001.
% A. Krogh et al., Hidden Markov models in computational biology:
%  Applications to protein modeling, JMB 235:1501-1531, Feb 1994.
% ---------------------------------------------------------------------
%  c-3-4-Old_hmm   Host: id-dev-01.biotech.cdc.gov    Wed Feb  7 15:55:52 2018
%  vfn4            Dir:  /scicomp/groups/OID/NCIRD/ID-OD/ID_nomenclatures/H1/H1pdm09v2018R3/base/c-otherwise/c-1-to-6-8-Old/c-non-6C/c-non-5/c-1-2-3-4-8-Old/c-1-3-4-8-Old/c-1-3-4-Old
% ---------------------------------------------------------------------
%  Alignment weights from internal calc.  Total (19.05) Max (0.12) Min (0.04)
%  Weights from alignment method 1 (karplus), b=-1.000000, e=0.500000
MODEL --  Model from alignment file /scicomp/home/vfn4/nomen/label/LABEL_RES/training_data/H1pdm09v2018R3/c-otherwise/c-1-to-6-8-Old/c-non-6C/c-non-5/c-1-2-3-4-8-Old/c-1-3-4-8-Old/c-1-3-4-Old/c-3-4-Old.fasta
alphabet DNA
FREQAVE
0.000000 0.000000 0.000000 
0.000000 0.000000 0.000000 
0.000000 0.000000 0.000000 
0.352697 0.222654 0.184899 0.239751 
0.352697 0.222654 0.184899 0.239751 
Begin
0.000000 0.000000 0.000000 
0.000000 0.000000 0.000000 
0.000000 0.007579 0.491768 
0.250000 0.250000 0.250000 0.250000 
0.250000 0.250000 0.250000 0.250000 
   1
0.000000 0.007264 0.046210 
0.000000 0.985157 0.462022 
0.057405 0.007579 0.491768 
0.250000 0.250000 0.250000 0.250000
0.250000 0.250000 0.250000 0.250000 
   2
0.479817 0.007264 0.046210 
0.462778 0.985157 0.462022 
0.057405 0.007579 0.491768 
0.250000 0.250000 0.250000 0.250000
0.250000 0.250000 0.250000 0.250000 
   3
0.479817 0.007264 0.046210 
0.462778 0.985157 0.462022 
0.057405 0.007579 0.491768 
0.250000 0.250000 0.250000 0.250000
0.250000 0.250000 0.250000 0.250000 
   4
0.479817 0.007264 0.046210 
0.462778 0.985157 0.462022 
0.057405 0.007579 0.491768 
0.250000 0.250000 0.250000 0.250000
0.250000 0.250000 0.250000 0.250000 
   5
0.479817 0.007264 0.046210 
0.462778 0.985157 0.462022 
0.057405 0.007579 0.491768 
0.250000 0.250000 0.250000 0.250000
0.250000 0.250000 0.250000 0.250000 
   6
0.479817 0.007264 0.046210 
0.462778 0.985157 0.462022 
0.057405 0.007579 0.491768 
0.028435 0.944205 0.012467 0.014893 
0.250000 0.250000 0.250000 0.250000 
   7
0.479817 0.007264 0.046210 
0.462778 0.985157 0.462022 
0.057405 0.007579 0.491768 
0.250000 0.250000 0.250000 0.250000
0.250000 0.250000 0.250000 0.250000 
   8
0.479817 0.007264 0.046210 
0.462778 0.985157 0.462022 
0.057405 0.007579 0.491768 
0.250000 0.250000 0.250000 0.250000
0.250000 0.250000 0.250000 0.250000 
   9
0.479817 0.007264 0.046210 
0.462778 0.985157 0.462022 
0.057405 0.007579 0.491768 
0.250000 0.250000 0.250000 0.250000
0.250000 0.250000 0.250000 0.250000 
  10
0.479817 0.007264 0.046210 
0.462778 0.985157 0.462022 
0.057405 0.007579 0.491768 
0.957317 0.017748 0.012467 0.012467 
0.250000 0.250000 0.250000 0.250000 
  11
0.479817 0.007264 0.046210 
0.462778 0.985157 0.462022 
0.057405 0.007579 0.491768 
0.012467 0.012467 0.017549 0.957516 
0.250000 0.250000 0.250000 0.250000 
  12
0.479817 0.007264 0.046210 
0.462778 0.985157 0.462022 
0.057405 0.007579 0.491768 
0.250000 0.250000 0.250000 0.250000
0.250000 0.250000 0.250000 0.250000 
  13
0.479817 0.007264 0.046210 
0.462778 0.985157 0.462022 
0.057405 0.007579 0.491768 
0.012467 0.012467 0.957879 0.017186 
0.250000 0.250000 0.250000 0.250000 
  14
0.479817 0.007264 0.046210 
0.462778 0.985157 0.462022 
0.057405 0.007579 0.491768 
0.250000 0.250000 0.250000 0.250000
0.250000 0.250000 0.250000 0.250000 
  15
0.479817 0.007264 0.046210 
0.462778 0.985157 0.462022 
0.057405 0.007579 0.491768 
0.955576 0.017196 0.014761 0.012467 
0.250000 0.250000 0.250000 0.250000 
  16
0.479817 0.007264 0.046210 
0.462778 0.985157 0.462022 
0.057405 0.007579 0.491768 
0.020757 0.954309 0.012467 0.012467 
0.250000 0.250000 0.250000 0.250000 
  17
0.479817 0.007264 0.046210 
0.462778 0.985157 0.462022 
0.057405 0.007579 0.491768 
0.012467 0.015313 0.033266 0.938954 
0.250000 0.250000 0.250000 0.250000 
  18
0.479817 0.007264 0.046210 
0.462778 0.985157 0.462022 
0.057405 0.007579 0.491768 
0.955848 0.019218 0.012467 0.012467 
0.250000 0.250000 0.250000 0.250000 
  19
0.479817 0.007264 0.046210 
0.462778 0.985157 0.462022 
0.057405 0.007579 0.491768 
0.012467 0.956563 0.012467 0.018502 
0.250000 0.250000 0.250000 0.250000 
  20
0.479817 0.007264 0.046210 
0.462778 0.985157 0.462022 
0.057405 0.007579 0.491768 
0.012467 0.012467 0.017909 0.957156 
0.250000 0.250000 0.250000 0.250000 
  21
0.479817 0.007264 0.046210 
0.462778 0.985157 0.462022 
0.057405 0.007579 0.491768 
0.250000 0.250000 0.250000 0.250000
0.250000 0.250000 0.250000 0.250000 
  22
0.479817 0.007264 0.046210 
0.462778 0.985157 0.462022 
0.057405 0.007579 0.491768 
0.250000 0.250000 0.250000 0.250000
0.250000 0.250000 0.250000 0.250000 
  23
0.479817 0.007264 0.046210 
0.462778 0.985157 0.462022 
0.057405 0.007579 0.491768 
0.250000 0.250000 0.250000 0.250000
0.250000 0.250000 0.250000 0.250000 
  24
0.479817 0.007264 0.046210 
0.462778 0.985157 0.462022 
0.057405 0.007579 0.491768 
0.021137 0.953928 0.012467 0.012467 
0.250000 0.250000 0.250000 0.250000 
  25
0.479817 0.007264 0.046210 
0.462778 0.985157 0.462022 
0.057405 0.007579 0.491768 
0.012498 0.012498 0.955251 0.019753 
0.250000 0.250000 0.250000 0.250000 
  26
0.479817 0.007264 0.046210 
0.462778 0.985157 0.462022 
0.057405 0.007579 0.491768 
0.250000 0.250000 0.250000 0.250000
0.250000 0.250000 0.250000 0.250000 
  27
0.479817 0.007264 0.046210 
0.462778 0.985157 0.462022 
0.057405 0.007579 0.491768 
0.250000 0.250000 0.250000 0.250000
0.250000 0.250000 0.250000 0.250000 
  28
0.479817 0.007264 0.046210 
0.462778 0.985157 0.462022 
0.057405 0.007579 0.491768 
0.250000 0.250000 0.250000 0.250000
0.250000 0.250000 0.250000 0.250000 
  29
0.479817 0.007264 0.046210 
0.462778 0.985157 0.462022 
0.057405 0.007579 0.491768 
0.250000 0.250000 0.250000 0.250000
0.250000 0.250000 0.250000 0.250000 
  30
0.479817 0.007264 0.046210 
0.462778 0.985157 0.462022 
0.057405 0.007579 0.491768 
0.250000 0.250000 0.250000 0.250000
0.250000 0.250000 0.250000 0.250000 
  31
0.479817 0.007264 0.046210 
0.462778 0.985157 0.462022 
0.057405 0.007579 0.491768 
0.250000 0.250000 0.250000 0.250000
0.250000 0.250000 0.250000 0.250000 
  32
0.479817 0.007264 0.046210 
0.462778 0.985157 0.462022 
0.057405 0.007579 0.491768 
0.250000 0.250000 0.250000 0.250000
0.250000 0.250000 0.250000 0.250000 
  33
0.479817 0.007264 0.046210 
0.462778 0.985157 0.462022 
0.057405 0.007579 0.491768 
0.250000 0.250000 0.250000 0.250000
0.250000 0.250000 0.250000 0.250000 
  34
0.479817 0.007264 0.046210 
0.462778 0.985157 0.462022 
0.057405 0.007579 0.491768 
0.250000 0.250000 0.250000 0.250000
0.250000 0.250000 0.250000 0.250000 
  35
0.479817 0.007264 0.046210 
0.462778 0.985157 0.462022 
0.057405 0.007579 0.491768 
0.015202 0.012467 0.012467 0.959863 
0.250000 0.250000 0.250000 0.250000 
  36
0.479817 0.007264 0.046210 
0.462778 0.985157 0.462022 
0.057405 0.007579 0.491768 
0.019880 0.012467 0.014977 0.952676 
0.250000 0.250000 0.250000 0.250000 
  37
0.479817 0.007264 0.046210 
0.462778 0.985157 0.462022 
0.057405 0.007579 0.491768 
0.018439 0.956627 0.012467 0.012467 
0.250000 0.250000 0.250000 0.250000 
  38
0.479817 0.007264 0.046210 
0.462778 0.985157 0.462022 
0.057405 0.007579 0.491768 
0.012467 0.025838 0.949227 0.012467 
0.250000 0.250000 0.250000 0.250000 
  39
0.479817 0.007264 0.046210 
0.462778 0.985157 0.462022 
0.057405 0.007579 0.491768 
0.250000 0.250000 0.250000 0.250000
0.250000 0.250000 0.250000 0.250000 
  40
0.479817 0.007264 0.046210 
0.462778 0.985157 0.462022 
0.057405 0.007579 0.491768 
0.952667 0.017680 0.012467 0.017186 
0.250000 0.250000 0.250000 0.250000 
  41
0.479817 0.007264 0.046210 
0.462778 0.985157 0.462022 
0.057405 0.007579 0.491768 
0.012467 0.012467 0.957887 0.017178 
0.250000 0.250000 0.250000 0.250000 
  42
0.479817 0.007264 0.046210 
0.462778 0.985157 0.462022 
0.057405 0.007579 0.491768 
0.015419 0.012467 0.928058 0.044056 
0.250000 0.250000 0.250000 0.250000 
  43
0.479817 0.007264 0.046210 
0.462778 0.985157 0.462022 
0.057405 0.007579 0.491768 
0.032120 0.940201 0.012467 0.015211 
0.250000 0.250000 0.250000 0.250000 
  44
0.479817 0.007264 0.046210 
0.462778 0.985157 0.462022 
0.057405 0.007579 0.491768 
0.250000 0.250000 0.250000 0.250000
0.250000 0.250000 0.250000 0.250000 
  45
0.479817 0.007264 0.046210 
0.462778 0.985157 0.462022 
0.057405 0.007579 0.491768 
0.250000 0.250000 0.250000 0.250000
0.250000 0.250000 0.250000 0.250000 
  46
0.479817 0.007264 0.046210 
0.462778 0.985157 0.462022 
0.057405 0.007579 0.491768 
0.250000 0.250000 0.250000 0.250000
0.250000 0.250000 0.250000 0.250000 
  47
0.479817 0.007264 0.046210 
0.462778 0.985157 0.462022 
0.057405 0.007579 0.491768 
0.250000 0.250000 0.250000 0.250000
0.250000 0.250000 0.250000 0.250000 
  48
0.479817 0.007264 0.046210 
0.462778 0.985157 0.462022 
0.057405 0.007579 0.491768 
0.017186 0.012467 0.020353 0.949994 
0.250000 0.250000 0.250000 0.250000 
  49
0.479817 0.007264 0.046210 
0.462778 0.985157 0.462022 
0.057405 0.007579 0.491768 
0.015144 0.959922 0.012467 0.012467 
0.250000 0.250000 0.250000 0.250000 
  50
0.479817 0.007264 0.046210 
0.462778 0.985157 0.462022 
0.057405 0.007579 0.491768 
0.250000 0.250000 0.250000 0.250000
0.250000 0.250000 0.250000 0.250000 
  51
0.479817 0.007264 0.046210 
0.462778 0.985157 0.462022 
0.057405 0.007579 0.491768 
0.250000 0.250000 0.250000 0.250000
0.250000 0.250000 0.250000 0.250000 
  52
0.479817 0.007264 0.046210 
0.462778 0.985157 0.462022 
0.057405 0.007579 0.491768 
0.250000 0.250000 0.250000 0.250000
0.250000 0.250000 0.250000 0.250000 
  53
0.479817 0.007264 0.046210 
0.462778 0.985157 0.462022 
0.057405 0.007579 0.491768 
0.250000 0.250000 0.250000 0.250000
0.250000 0.250000 0.250000 0.250000 
  54
0.479817 0.007264 0.046210 
0.462778 0.985157 0.462022 
0.057405 0.007579 0.491768 
0.250000 0.250000 0.250000 0.250000
0.250000 0.250000 0.250000 0.250000 
  55
0.479817 0.007264 0.046210 
0.462778 0.985157 0.462022 
0.057405 0.007579 0.491768 
0.250000 0.250000 0.250000 0.250000
0.250000 0.250000 0.250000 0.250000 
  56
0.479817 0.007264 0.046210 
0.462778 0.985157 0.462022 
0.057405 0.007579 0.491768 
0.012467 0.012467 0.958781 0.016284 
0.250000 0.250000 0.250000 0.250000 
  57
0.479817 0.007264 0.046210 
0.462778 0.985157 0.462022 
0.057405 0.007579 0.491768 
0.250000 0.250000 0.250000 0.250000
0.250000 0.250000 0.250000 0.250000 
  58
0.479817 0.007264 0.046210 
0.462778 0.985157 0.462022 
0.057405 0.007579 0.491768 
0.012467 0.012467 0.024931 0.950135 
0.250000 0.250000 0.250000 0.250000 
  59
0.479817 0.007264 0.046210 
0.462778 0.985157 0.462022 
0.057405 0.007579 0.491768 
0.250000 0.250000 0.250000 0.250000
0.250000 0.250000 0.250000 0.250000 
  60
0.479817 0.007264 0.046210 
0.462778 0.985157 0.462022 
0.057405 0.007579 0.491768 
0.250000 0.250000 0.250000 0.250000
0.250000 0.250000 0.250000 0.250000 
  61
0.479817 0.007264 0.046210 
0.462778 0.985157 0.462022 
0.057405 0.007579 0.491768 
0.012467 0.012467 0.012467 0.962598 
0.250000 0.250000 0.250000 0.250000 
  62
0.479817 0.007264 0.046210 
0.462778 0.985157 0.462022 
0.057405 0.007579 0.491768 
0.250000 0.250000 0.250000 0.250000
0.250000 0.250000 0.250000 0.250000 
  63
0.479817 0.007264 0.046210 
0.462778 0.985157 0.462022 
0.057405 0.007579 0.491768 
0.012467 0.012467 0.034612 0.940454 
0.250000 0.250000 0.250000 0.250000 
  64
0.479817 0.007264 0.046210 
0.462778 0.985157 0.462022 
0.057405 0.007579 0.491768 
0.250000 0.250000 0.250000 0.250000
0.250000 0.250000 0.250000 0.250000 
  65
0.479817 0.007264 0.046210 
0.462778 0.985157 0.462022 
0.057405 0.007579 0.491768 
0.250000 0.250000 0.250000 0.250000
0.250000 0.250000 0.250000 0.250000 
  66
0.479817 0.007264 0.046210 
0.462778 0.985157 0.462022 
0.057405 0.007579 0.491768 
0.250000 0.250000 0.250000 0.250000
0.250000 0.250000 0.250000 0.250000 
  67
0.479817 0.007264 0.046210 
0.462778 0.985157 0.462022 
0.057405 0.007579 0.491768 
0.250000 0.250000 0.250000 0.250000
0.250000 0.250000 0.250000 0.250000 
  68
0.479817 0.007264 0.046210 
0.462778 0.985157 0.462022 
0.057405 0.007579 0.491768 
0.250000 0.250000 0.250000 0.250000
0.250000 0.250000 0.250000 0.250000 
  69
0.479817 0.007264 0.046210 
0.462778 0.985157 0.462022 
0.057405 0.007579 0.491768 
0.250000 0.250000 0.250000 0.250000
0.250000 0.250000 0.250000 0.250000 
  70
0.479817 0.007264 0.046210 
0.462778 0.985157 0.462022 
0.057405 0.007579 0.491768 
0.250000 0.250000 0.250000 0.250000
0.250000 0.250000 0.250000 0.250000 
  71
0.479817 0.007264 0.046210 
0.462778 0.985157 0.462022 
0.057405 0.007579 0.491768 
0.250000 0.250000 0.250000 0.250000
0.250000 0.250000 0.250000 0.250000 
  72
0.479817 0.007264 0.046210 
0.462778 0.985157 0.462022 
0.057405 0.007579 0.491768 
0.250000 0.250000 0.250000 0.250000
0.250000 0.250000 0.250000 0.250000 
  73
0.479817 0.007264 0.046210 
0.462778 0.985157 0.462022 
0.057405 0.007579 0.491768 
0.250000 0.250000 0.250000 0.250000
0.250000 0.250000 0.250000 0.250000 
  74
0.479817 0.007264 0.046210 
0.462778 0.985157 0.462022 
0.057405 0.007579 0.491768 
0.250000 0.250000 0.250000 0.250000
0.250000 0.250000 0.250000 0.250000 
  75
0.479817 0.007264 0.046210 
0.462778 0.985157 0.462022 
0.057405 0.007579 0.491768 
0.250000 0.250000 0.250000 0.250000
0.250000 0.250000 0.250000 0.250000 
  76
0.479817 0.007264 0.046210 
0.462778 0.985157 0.462022 
0.057405 0.007579 0.491768 
0.250000 0.250000 0.250000 0.250000
0.250000 0.250000 0.250000 0.250000 
  77
0.479817 0.007264 0.046210 
0.462778 0.985157 0.462022 
0.057405 0.007579 0.491768 
0.250000 0.250000 0.250000 0.250000
0.250000 0.250000 0.250000 0.250000 
  78
0.479817 0.007264 0.046210 
0.462778 0.985157 0.462022 
0.057405 0.007579 0.491768 
0.025008 0.947847 0.012467 0.014677 
0.250000 0.250000 0.250000 0.250000 
  79
0.479817 0.007264 0.046210 
0.462778 0.985157 0.462022 
0.057405 0.007579 0.491768 
0.250000 0.250000 0.250000 0.250000
0.250000 0.250000 0.250000 0.250000 
  80
0.479817 0.007264 0.046210 
0.462778 0.985157 0.462022 
0.057405 0.007579 0.491768 
0.955570 0.014776 0.017186 0.012467 
0.250000 0.250000 0.250000 0.250000 
  81
0.479817 0.007264 0.046210 
0.462778 0.985157 0.462022 
0.057405 0.007579 0.491768 
0.250000 0.250000 0.250000 0.250000
0.250000 0.250000 0.250000 0.250000 
  82
0.479817 0.007264 0.046210 
0.462778 0.985157 0.462022 
0.057405 0.007579 0.491768 
0.250000 0.250000 0.250000 0.250000
0.250000 0.250000 0.250000 0.250000 
  83
0.479817 0.007264 0.046210 
0.462778 0.985157 0.462022 
0.057405 0.007579 0.491768 
0.250000 0.250000 0.250000 0.250000
0.250000 0.250000 0.250000 0.250000 
  84
0.479817 0.007264 0.046210 
0.462778 0.985157 0.462022 
0.057405 0.007579 0.491768 
0.012467 0.012467 0.012467 0.962598 
0.250000 0.250000 0.250000 0.250000 
  85
0.479817 0.007264 0.046210 
0.462778 0.985157 0.462022 
0.057405 0.007579 0.491768 
0.250000 0.250000 0.250000 0.250000
0.250000 0.250000 0.250000 0.250000 
  86
0.479817 0.007264 0.046210 
0.462778 0.985157 0.462022 
0.057405 0.007579 0.491768 
0.250000 0.250000 0.250000 0.250000
0.250000 0.250000 0.250000 0.250000 
  87
0.479817 0.007264 0.046210 
0.462778 0.985157 0.462022 
0.057405 0.007579 0.491768 
0.250000 0.250000 0.250000 0.250000
0.250000 0.250000 0.250000 0.250000 
  88
0.479817 0.007264 0.046210 
0.462778 0.985157 0.462022 
0.057405 0.007579 0.491768 
0.250000 0.250000 0.250000 0.250000
0.250000 0.250000 0.250000 0.250000 
  89
0.479817 0.007264 0.046210 
0.462778 0.985157 0.462022 
0.057405 0.007579 0.491768 
0.250000 0.250000 0.250000 0.250000
0.250000 0.250000 0.250000 0.250000 
  90
0.479817 0.007264 0.046210 
0.462778 0.985157 0.462022 
0.057405 0.007579 0.491768 
0.959747 0.015318 0.012467 0.012467 
0.250000 0.250000 0.250000 0.250000 
  91
0.479817 0.007264 0.046210 
0.462778 0.985157 0.462022 
0.057405 0.007579 0.491768 
0.250000 0.250000 0.250000 0.250000
0.250000 0.250000 0.250000 0.250000 
  92
0.479817 0.007264 0.046210 
0.462778 0.985157 0.462022 
0.057405 0.007579 0.491768 
0.250000 0.250000 0.250000 0.250000
0.250000 0.250000 0.250000 0.250000 
  93
0.479817 0.007264 0.046210 
0.462778 0.985157 0.462022 
0.057405 0.007579 0.491768 
0.012467 0.012467 0.959735 0.015331 
0.250000 0.250000 0.250000 0.250000 
  94
0.479817 0.007264 0.046210 
0.462778 0.985157 0.462022 
0.057405 0.007579 0.491768 
0.250000 0.250000 0.250000 0.250000
0.250000 0.250000 0.250000 0.250000 
  95
0.479817 0.007264 0.046210 
0.462778 0.985157 0.462022 
0.057405 0.007579 0.491768 
0.250000 0.250000 0.250000 0.250000
0.250000 0.250000 0.250000 0.250000 
  96
0.479817 0.007264 0.046210 
0.462778 0.985157 0.462022 
0.057405 0.007579 0.491768 
0.250000 0.250000 0.250000 0.250000
0.250000 0.250000 0.250000 0.250000 
  97
0.479817 0.007264 0.046210 
0.462778 0.985157 0.462022 
0.057405 0.007579 0.491768 
0.250000 0.250000 0.250000 0.250000
0.250000 0.250000 0.250000 0.250000 
  98
0.479817 0.007264 0.046210 
0.462778 0.985157 0.462022 
0.057405 0.007579 0.491768 
0.250000 0.250000 0.250000 0.250000
0.250000 0.250000 0.250000 0.250000 
  99
0.479817 0.007264 0.046210 
0.462778 0.985157 0.462022 
0.057405 0.007579 0.491768 
0.954597 0.020468 0.012467 0.012467 
0.250000 0.250000 0.250000 0.250000 
 100
0.479817 0.007264 0.046210 
0.462778 0.985157 0.462022 
0.057405 0.007579 0.491768 
0.250000 0.250000 0.250000 0.250000
0.250000 0.250000 0.250000 0.250000 
 101
0.479817 0.007264 0.046210 
0.462778 0.985157 0.462022 
0.057405 0.007579 0.491768 
0.250000 0.250000 0.250000 0.250000
0.250000 0.250000 0.250000 0.250000 
 102
0.479817 0.007264 0.046210 
0.462778 0.985157 0.462022 
0.057405 0.007579 0.491768 
0.012467 0.012467 0.957460 0.017606 
0.250000 0.250000 0.250000 0.250000 
 103
0.479817 0.007264 0.046210 
0.462778 0.985157 0.462022 
0.057405 0.007579 0.491768 
0.250000 0.250000 0.250000 0.250000
0.250000 0.250000 0.250000 0.250000 
 104
0.479817 0.007264 0.046210 
0.462778 0.985157 0.462022 
0.057405 0.007579 0.491768 
0.250000 0.250000 0.250000 0.250000
0.250000 0.250000 0.250000 0.250000 
 105
0.479817 0.007264 0.046210 
0.462778 0.985157 0.462022 
0.057405 0.007579 0.491768 
0.955635 0.012467 0.016596 0.015302 
0.250000 0.250000 0.250000 0.250000 
 106
0.479817 0.007264 0.046210 
0.462778 0.985157 0.462022 
0.057405 0.007579 0.491768 
0.250000 0.250000 0.250000 0.250000
0.250000 0.250000 0.250000 0.250000 
 107
0.479817 0.007264 0.046210 
0.462778 0.985157 0.462022 
0.057405 0.007579 0.491768 
0.250000 0.250000 0.250000 0.250000
0.250000 0.250000 0.250000 0.250000 
 108
0.479817 0.007264 0.046210 
0.462778 0.985157 0.462022 
0.057405 0.007579 0.491768 
0.250000 0.250000 0.250000 0.250000
0.250000 0.250000 0.250000 0.250000 
 109
0.479817 0.007264 0.046210 
0.462778 0.985157 0.462022 
0.057405 0.007579 0.491768 
0.012467 0.012467 0.959696 0.015370 
0.250000 0.250000 0.250000 0.250000 
 110
0.479817 0.007264 0.046210 
0.462778 0.985157 0.462022 
0.057405 0.007579 0.491768 
0.250000 0.250000 0.250000 0.250000
0.250000 0.250000 0.250000 0.250000 
 111
0.479817 0.007264 0.046210 
0.462778 0.985157 0.462022 
0.057405 0.007579 0.491768 
0.250000 0.250000 0.250000 0.250000
0.250000 0.250000 0.250000 0.250000 
 112
0.479817 0.007264 0.046210 
0.462778 0.985157 0.462022 
0.057405 0.007579 0.491768 
0.250000 0.250000 0.250000 0.250000
0.250000 0.250000 0.250000 0.250000 
 113
0.479817 0.007264 0.046210 
0.462778 0.985157 0.462022 
0.057405 0.007579 0.491768 
0.250000 0.250000 0.250000 0.250000
0.250000 0.250000 0.250000 0.250000 
 114
0.479817 0.007264 0.046210 
0.462778 0.985157 0.462022 
0.057405 0.007579 0.491768 
0.250000 0.250000 0.250000 0.250000
0.250000 0.250000 0.250000 0.250000 
 115
0.479817 0.007264 0.046210 
0.462778 0.985157 0.462022 
0.057405 0.007579 0.491768 
0.250000 0.250000 0.250000 0.250000
0.250000 0.250000 0.250000 0.250000 
 116
0.479817 0.007264 0.046210 
0.462778 0.985157 0.462022 
0.057405 0.007579 0.491768 
0.952440 0.022625 0.012467 0.012467 
0.250000 0.250000 0.250000 0.250000 
 117
0.479817 0.007264 0.046210 
0.462778 0.985157 0.462022 
0.057405 0.007579 0.491768 
0.012467 0.962598 0.012467 0.012467 
0.250000 0.250000 0.250000 0.250000 
 118
0.479817 0.007264 0.046210 
0.462778 0.985157 0.462022 
0.057405 0.007579 0.491768 
0.250000 0.250000 0.250000 0.250000
0.250000 0.250000 0.250000 0.250000 
 119
0.479817 0.007264 0.046210 
0.462778 0.985157 0.462022 
0.057405 0.007579 0.491768 
0.250000 0.250000 0.250000 0.250000
0.250000 0.250000 0.250000 0.250000 
 120
0.479817 0.007264 0.046210 
0.462778 0.985157 0.462022 
0.057405 0.007579 0.491768 
0.012467 0.012467 0.022367 0.952698 
0.250000 0.250000 0.250000 0.250000 
 121
0.479817 0.007264 0.046210 
0.462778 0.985157 0.462022 
0.057405 0.007579 0.491768 
0.250000 0.250000 0.250000 0.250000
0.250000 0.250000 0.250000 0.250000 
 122
0.479817 0.007264 0.046210 
0.462778 0.985157 0.462022 
0.057405 0.007579 0.491768 
0.250000 0.250000 0.250000 0.250000
0.250000 0.250000 0.250000 0.250000 
 123
0.479817 0.007264 0.046210 
0.462778 0.985157 0.462022 
0.057405 0.007579 0.491768 
0.943175 0.024352 0.020006 0.012467 
0.250000 0.250000 0.250000 0.250000 
 124
0.479817 0.007264 0.046210 
0.462778 0.985157 0.462022 
0.057405 0.007579 0.491768 
0.250000 0.250000 0.250000 0.250000
0.250000 0.250000 0.250000 0.250000 
 125
0.479817 0.007264 0.046210 
0.462778 0.985157 0.462022 
0.057405 0.007579 0.491768 
0.250000 0.250000 0.250000 0.250000
0.250000 0.250000 0.250000 0.250000 
 126
0.479817 0.007264 0.046210 
0.462778 0.985157 0.462022 
0.057405 0.007579 0.491768 
0.959778 0.015288 0.012467 0.012467 
0.250000 0.250000 0.250000 0.250000 
 127
0.479817 0.007264 0.046210 
0.462778 0.985157 0.462022 
0.057405 0.007579 0.491768 
0.250000 0.250000 0.250000 0.250000
0.250000 0.250000 0.250000 0.250000 
 128
0.479817 0.007264 0.046210 
0.462778 0.985157 0.462022 
0.057405 0.007579 0.491768 
0.250000 0.250000 0.250000 0.250000
0.250000 0.250000 0.250000 0.250000 
 129
0.479817 0.007264 0.046210 
0.462778 0.985157 0.462022 
0.057405 0.007579 0.491768 
0.952200 0.022865 0.012467 0.012467 
0.250000 0.250000 0.250000 0.250000 
 130
0.479817 0.007264 0.046210 
0.462778 0.985157 0.462022 
0.057405 0.007579 0.491768 
0.250000 0.250000 0.250000 0.250000
0.250000 0.250000 0.250000 0.250000 
 131
0.479817 0.007264 0.046210 
0.462778 0.985157 0.462022 
0.057405 0.007579 0.491768 
0.250000 0.250000 0.250000 0.250000
0.250000 0.250000 0.250000 0.250000 
 132
0.479817 0.007264 0.046210 
0.462778 0.985157 0.462022 
0.057405 0.007579 0.491768 
0.250000 0.250000 0.250000 0.250000
0.250000 0.250000 0.250000 0.250000 
 133
0.479817 0.007264 0.046210 
0.462778 0.985157 0.462022 
0.057405 0.007579 0.491768 
0.250000 0.250000 0.250000 0.250000
0.250000 0.250000 0.250000 0.250000 
 134
0.479817 0.007264 0.046210 
0.462778 0.985157 0.462022 
0.057405 0.007579 0.491768 
0.250000 0.250000 0.250000 0.250000
0.250000 0.250000 0.250000 0.250000 
 135
0.479817 0.007264 0.046210 
0.462778 0.985157 0.462022 
0.057405 0.007579 0.491768 
0.016290 0.012467 0.943986 0.027256 
0.250000 0.250000 0.250000 0.250000 
 136
0.479817 0.007264 0.046210 
0.462778 0.985157 0.462022 
0.057405 0.007579 0.491768 
0.250000 0.250000 0.250000 0.250000
0.250000 0.250000 0.250000 0.250000 
 137
0.479817 0.007264 0.046210 
0.462778 0.985157 0.462022 
0.057405 0.007579 0.491768 
0.250000 0.250000 0.250000 0.250000
0.250000 0.250000 0.250000 0.250000 
 138
0.479817 0.007264 0.046210 
0.462778 0.985157 0.462022 
0.057405 0.007579 0.491768 
0.012467 0.015709 0.019896 0.951927 
0.250000 0.250000 0.250000 0.250000 
 139
0.479817 0.007264 0.046210 
0.462778 0.985157 0.462022 
0.057405 0.007579 0.491768 
0.250000 0.250000 0.250000 0.250000
0.250000 0.250000 0.250000 0.250000 
 140
0.479817 0.007264 0.046210 
0.462778 0.985157 0.462022 
0.057405 0.007579 0.491768 
0.012467 0.012467 0.020583 0.954482 
0.250000 0.250000 0.250000 0.250000 
 141
0.479817 0.007264 0.046210 
0.462778 0.985157 0.462022 
0.057405 0.007579 0.491768 
0.250000 0.250000 0.250000 0.250000
0.250000 0.250000 0.250000 0.250000 
 142
0.479817 0.007264 0.046210 
0.462778 0.985157 0.462022 
0.057405 0.007579 0.491768 
0.949089 0.025976 0.012467 0.012467 
0.250000 0.250000 0.250000 0.250000 
 143
0.479817 0.007264 0.046210 
0.462778 0.985157 0.462022 
0.057405 0.007579 0.491768 
0.250000 0.250000 0.250000 0.250000
0.250000 0.250000 0.250000 0.250000 
 144
0.479817 0.007264 0.046210 
0.462778 0.985157 0.462022 
0.057405 0.007579 0.491768 
0.250000 0.250000 0.250000 0.250000
0.250000 0.250000 0.250000 0.250000 
 145
0.479817 0.007264 0.046210 
0.462778 0.985157 0.462022 
0.057405 0.007579 0.491768 
0.017414 0.016001 0.954117 0.012467 
0.250000 0.250000 0.250000 0.250000 
 146
0.479817 0.007264 0.046210 
0.462778 0.985157 0.462022 
0.057405 0.007579 0.491768 
0.250000 0.250000 0.250000 0.250000
0.250000 0.250000 0.250000 0.250000 
 147
0.479817 0.007264 0.046210 
0.462778 0.985157 0.462022 
0.057405 0.007579 0.491768 
0.250000 0.250000 0.250000 0.250000
0.250000 0.250000 0.250000 0.250000 
 148
0.479817 0.007264 0.046210 
0.462778 0.985157 0.462022 
0.057405 0.007579 0.491768 
0.012467 0.012467 0.954106 0.020959 
0.250000 0.250000 0.250000 0.250000 
 149
0.479817 0.007264 0.046210 
0.462778 0.985157 0.462022 
0.057405 0.007579 0.491768 
0.250000 0.250000 0.250000 0.250000
0.250000 0.250000 0.250000 0.250000 
 150
0.479817 0.007264 0.046210 
0.462778 0.985157 0.462022 
0.057405 0.007579 0.491768 
0.250000 0.250000 0.250000 0.250000
0.250000 0.250000 0.250000 0.250000 
 151
0.479817 0.007264 0.046210 
0.462778 0.985157 0.462022 
0.057405 0.007579 0.491768 
0.250000 0.250000 0.250000 0.250000
0.250000 0.250000 0.250000 0.250000 
 152
0.479817 0.007264 0.046210 
0.462778 0.985157 0.462022 
0.057405 0.007579 0.491768 
0.250000 0.250000 0.250000 0.250000
0.250000 0.250000 0.250000 0.250000 
 153
0.479817 0.007264 0.046210 
0.462778 0.985157 0.462022 
0.057405 0.007579 0.491768 
0.250000 0.250000 0.250000 0.250000
0.250000 0.250000 0.250000 0.250000 
 154
0.479817 0.007264 0.046210 
0.462778 0.985157 0.462022 
0.057405 0.007579 0.491768 
0.033594 0.936944 0.012467 0.016995 
0.250000 0.250000 0.250000 0.250000 
 155
0.479817 0.007264 0.046210 
0.462778 0.985157 0.462022 
0.057405 0.007579 0.491768 
0.250000 0.250000 0.250000 0.250000
0.250000 0.250000 0.250000 0.250000 
 156
0.479817 0.007264 0.046210 
0.462778 0.985157 0.462022 
0.057405 0.007579 0.491768 
0.250000 0.250000 0.250000 0.250000
0.250000 0.250000 0.250000 0.250000 
 157
0.479817 0.007264 0.046210 
0.462778 0.985157 0.462022 
0.057405 0.007579 0.491768 
0.250000 0.250000 0.250000 0.250000
0.250000 0.250000 0.250000 0.250000 
 158
0.479817 0.007264 0.046210 
0.462778 0.985157 0.462022 
0.057405 0.007579 0.491768 
0.250000 0.250000 0.250000 0.250000
0.250000 0.250000 0.250000 0.250000 
 159
0.479817 0.007264 0.046210 
0.462778 0.985157 0.462022 
0.057405 0.007579 0.491768 
0.031325 0.943741 0.012467 0.012467 
0.250000 0.250000 0.250000 0.250000 
 160
0.479817 0.007264 0.046210 
0.462778 0.985157 0.462022 
0.057405 0.007579 0.491768 
0.017722 0.012467 0.957344 0.012467 
0.250000 0.250000 0.250000 0.250000 
 161
0.479817 0.007264 0.046210 
0.462778 0.985157 0.462022 
0.057405 0.007579 0.491768 
0.957141 0.012467 0.017925 0.012467 
0.250000 0.250000 0.250000 0.250000 
 162
0.479817 0.007264 0.046210 
0.462778 0.985157 0.462022 
0.057405 0.007579 0.491768 
0.250000 0.250000 0.250000 0.250000
0.250000 0.250000 0.250000 0.250000 
 163
0.479817 0.007264 0.046210 
0.462778 0.985157 0.462022 
0.057405 0.007579 0.491768 
0.952351 0.022715 0.012467 0.012467 
0.250000 0.250000 0.250000 0.250000 
 164
0.479817 0.007264 0.046210 
0.462778 0.985157 0.462022 
0.057405 0.007579 0.491768 
0.250000 0.250000 0.250000 0.250000
0.250000 0.250000 0.250000 0.250000 
 165
0.479817 0.007264 0.046210 
0.462778 0.985157 0.462022 
0.057405 0.007579 0.491768 
0.012467 0.012467 0.957711 0.017355 
0.250000 0.250000 0.250000 0.250000 
 166
0.479817 0.007264 0.046210 
0.462778 0.985157 0.462022 
0.057405 0.007579 0.491768 
0.250000 0.250000 0.250000 0.250000
0.250000 0.250000 0.250000 0.250000 
 167
0.479817 0.007264 0.046210 
0.462778 0.985157 0.462022 
0.057405 0.007579 0.491768 
0.019799 0.950547 0.012467 0.017186 
0.250000 0.250000 0.250000 0.250000 
 168
0.479817 0.007264 0.046210 
0.462778 0.985157 0.462022 
0.057405 0.007579 0.491768 
0.250000 0.250000 0.250000 0.250000
0.250000 0.250000 0.250000 0.250000 
 169
0.479817 0.007264 0.046210 
0.462778 0.985157 0.462022 
0.057405 0.007579 0.491768 
0.250000 0.250000 0.250000 0.250000
0.250000 0.250000 0.250000 0.250000 
 170
0.479817 0.007264 0.046210 
0.462778 0.985157 0.462022 
0.057405 0.007579 0.491768 
0.250000 0.250000 0.250000 0.250000
0.250000 0.250000 0.250000 0.250000 
 171
0.479817 0.007264 0.046210 
0.462778 0.985157 0.462022 
0.057405 0.007579 0.491768 
0.250000 0.250000 0.250000 0.250000
0.250000 0.250000 0.250000 0.250000 
 172
0.479817 0.007264 0.046210 
0.462778 0.985157 0.462022 
0.057405 0.007579 0.491768 
0.012467 0.012467 0.955572 0.019494 
0.250000 0.250000 0.250000 0.250000 
 173
0.479817 0.007264 0.046210 
0.462778 0.985157 0.462022 
0.057405 0.007579 0.491768 
0.250000 0.250000 0.250000 0.250000
0.250000 0.250000 0.250000 0.250000 
 174
0.479817 0.007264 0.046210 
0.462778 0.985157 0.462022 
0.057405 0.007579 0.491768 
0.250000 0.250000 0.250000 0.250000
0.250000 0.250000 0.250000 0.250000 
 175
0.479817 0.007264 0.046210 
0.462778 0.985157 0.462022 
0.057405 0.007579 0.491768 
0.250000 0.250000 0.250000 0.250000
0.250000 0.250000 0.250000 0.250000 
 176
0.479817 0.007264 0.046210 
0.462778 0.985157 0.462022 
0.057405 0.007579 0.491768 
0.250000 0.250000 0.250000 0.250000
0.250000 0.250000 0.250000 0.250000 
 177
0.479817 0.007264 0.046210 
0.462778 0.985157 0.462022 
0.057405 0.007579 0.491768 
0.250000 0.250000 0.250000 0.250000
0.250000 0.250000 0.250000 0.250000 
 178
0.479817 0.007264 0.046210 
0.462778 0.985157 0.462022 
0.057405 0.007579 0.491768 
0.250000 0.250000 0.250000 0.250000
0.250000 0.250000 0.250000 0.250000 
 179
0.479817 0.007264 0.046210 
0.462778 0.985157 0.462022 
0.057405 0.007579 0.491768 
0.250000 0.250000 0.250000 0.250000
0.250000 0.250000 0.250000 0.250000 
 180
0.479817 0.007264 0.046210 
0.462778 0.985157 0.462022 
0.057405 0.007579 0.491768 
0.250000 0.250000 0.250000 0.250000
0.250000 0.250000 0.250000 0.250000 
 181
0.479817 0.007264 0.046210 
0.462778 0.985157 0.462022 
0.057405 0.007579 0.491768 
0.012467 0.012467 0.962598 0.012467 
0.250000 0.250000 0.250000 0.250000 
 182
0.479817 0.007264 0.046210 
0.462778 0.985157 0.462022 
0.057405 0.007579 0.491768 
0.250000 0.250000 0.250000 0.250000
0.250000 0.250000 0.250000 0.250000 
 183
0.479817 0.007264 0.046210 
0.462778 0.985157 0.462022 
0.057405 0.007579 0.491768 
0.250000 0.250000 0.250000 0.250000
0.250000 0.250000 0.250000 0.250000 
 184
0.479817 0.007264 0.046210 
0.462778 0.985157 0.462022 
0.057405 0.007579 0.491768 
0.250000 0.250000 0.250000 0.250000
0.250000 0.250000 0.250000 0.250000 
 185
0.479817 0.007264 0.046210 
0.462778 0.985157 0.462022 
0.057405 0.007579 0.491768 
0.250000 0.250000 0.250000 0.250000
0.250000 0.250000 0.250000 0.250000 
 186
0.479817 0.007264 0.046210 
0.462778 0.985157 0.462022 
0.057405 0.007579 0.491768 
0.250000 0.250000 0.250000 0.250000
0.250000 0.250000 0.250000 0.250000 
 187
0.479817 0.007264 0.046210 
0.462778 0.985157 0.462022 
0.057405 0.007579 0.491768 
0.250000 0.250000 0.250000 0.250000
0.250000 0.250000 0.250000 0.250000 
 188
0.479817 0.007264 0.046210 
0.462778 0.985157 0.462022 
0.057405 0.007579 0.491768 
0.250000 0.250000 0.250000 0.250000
0.250000 0.250000 0.250000 0.250000 
 189
0.479817 0.007264 0.046210 
0.462778 0.985157 0.462022 
0.057405 0.007579 0.491768 
0.250000 0.250000 0.250000 0.250000
0.250000 0.250000 0.250000 0.250000 
 190
0.479817 0.007264 0.046210 
0.462778 0.985157 0.462022 
0.057405 0.007579 0.491768 
0.028103 0.946963 0.012467 0.012467 
0.250000 0.250000 0.250000 0.250000 
 191
0.479817 0.007264 0.046210 
0.462778 0.985157 0.462022 
0.057405 0.007579 0.491768 
0.250000 0.250000 0.250000 0.250000
0.250000 0.250000 0.250000 0.250000 
 192
0.479817 0.007264 0.046210 
0.462778 0.985157 0.462022 
0.057405 0.007579 0.491768 
0.250000 0.250000 0.250000 0.250000
0.250000 0.250000 0.250000 0.250000 
 193
0.479817 0.007264 0.046210 
0.462778 0.985157 0.462022 
0.057405 0.007579 0.491768 
0.012467 0.957214 0.012467 0.017851 
0.250000 0.250000 0.250000 0.250000 
 194
0.479817 0.007264 0.046210 
0.462778 0.985157 0.462022 
0.057405 0.007579 0.491768 
0.250000 0.250000 0.250000 0.250000
0.250000 0.250000 0.250000 0.250000 
 195
0.479817 0.007264 0.046210 
0.462778 0.985157 0.462022 
0.057405 0.007579 0.491768 
0.250000 0.250000 0.250000 0.250000
0.250000 0.250000 0.250000 0.250000 
 196
0.479817 0.007264 0.046210 
0.462778 0.985157 0.462022 
0.057405 0.007579 0.491768 
0.250000 0.250000 0.250000 0.250000
0.250000 0.250000 0.250000 0.250000 
 197
0.479817 0.007264 0.046210 
0.462778 0.985157 0.462022 
0.057405 0.007579 0.491768 
0.250000 0.250000 0.250000 0.250000
0.250000 0.250000 0.250000 0.250000 
 198
0.479817 0.007264 0.046210 
0.462778 0.985157 0.462022 
0.057405 0.007579 0.491768 
0.250000 0.250000 0.250000 0.250000
0.250000 0.250000 0.250000 0.250000 
 199
0.479817 0.007264 0.046210 
0.462778 0.985157 0.462022 
0.057405 0.007579 0.491768 
0.250000 0.250000 0.250000 0.250000
0.250000 0.250000 0.250000 0.250000 
 200
0.479817 0.007264 0.046210 
0.462778 0.985157 0.462022 
0.057405 0.007579 0.491768 
0.250000 0.250000 0.250000 0.250000
0.250000 0.250000 0.250000 0.250000 
 201
0.479817 0.007264 0.046210 
0.462778 0.985157 0.462022 
0.057405 0.007579 0.491768 
0.025835 0.949231 0.012467 0.012467 
0.250000 0.250000 0.250000 0.250000 
 202
0.479817 0.007264 0.046210 
0.462778 0.985157 0.462022 
0.057405 0.007579 0.491768 
0.250000 0.250000 0.250000 0.250000
0.250000 0.250000 0.250000 0.250000 
 203
0.479817 0.007264 0.046210 
0.462778 0.985157 0.462022 
0.057405 0.007579 0.491768 
0.250000 0.250000 0.250000 0.250000
0.250000 0.250000 0.250000 0.250000 
 204
0.479817 0.007264 0.046210 
0.462778 0.985157 0.462022 
0.057405 0.007579 0.491768 
0.250000 0.250000 0.250000 0.250000
0.250000 0.250000 0.250000 0.250000 
 205
0.479817 0.007264 0.046210 
0.462778 0.985157 0.462022 
0.057405 0.007579 0.491768 
0.250000 0.250000 0.250000 0.250000
0.250000 0.250000 0.250000 0.250000 
 206
0.479817 0.007264 0.046210 
0.462778 0.985157 0.462022 
0.057405 0.007579 0.491768 
0.250000 0.250000 0.250000 0.250000
0.250000 0.250000 0.250000 0.250000 
 207
0.479817 0.007264 0.046210 
0.462778 0.985157 0.462022 
0.057405 0.007579 0.491768 
0.250000 0.250000 0.250000 0.250000
0.250000 0.250000 0.250000 0.250000 
 208
0.479817 0.007264 0.046210 
0.462778 0.985157 0.462022 
0.057405 0.007579 0.491768 
0.250000 0.250000 0.250000 0.250000
0.250000 0.250000 0.250000 0.250000 
 209
0.479817 0.007264 0.046210 
0.462778 0.985157 0.462022 
0.057405 0.007579 0.491768 
0.250000 0.250000 0.250000 0.250000
0.250000 0.250000 0.250000 0.250000 
 210
0.479817 0.007264 0.046210 
0.462778 0.985157 0.462022 
0.057405 0.007579 0.491768 
0.250000 0.250000 0.250000 0.250000
0.250000 0.250000 0.250000 0.250000 
 211
0.479817 0.007264 0.046210 
0.462778 0.985157 0.462022 
0.057405 0.007579 0.491768 
0.250000 0.250000 0.250000 0.250000
0.250000 0.250000 0.250000 0.250000 
 212
0.479817 0.007264 0.046210 
0.462778 0.985157 0.462022 
0.057405 0.007579 0.491768 
0.250000 0.250000 0.250000 0.250000
0.250000 0.250000 0.250000 0.250000 
 213
0.479817 0.007264 0.046210 
0.462778 0.985157 0.462022 
0.057405 0.007579 0.491768 
0.959050 0.012467 0.016015 0.012467 
0.250000 0.250000 0.250000 0.250000 
 214
0.479817 0.007264 0.046210 
0.462778 0.985157 0.462022 
0.057405 0.007579 0.491768 
0.250000 0.250000 0.250000 0.250000
0.250000 0.250000 0.250000 0.250000 
 215
0.479817 0.007264 0.046210 
0.462778 0.985157 0.462022 
0.057405 0.007579 0.491768 
0.250000 0.250000 0.250000 0.250000
0.250000 0.250000 0.250000 0.250000 
 216
0.479817 0.007264 0.046210 
0.462778 0.985157 0.462022 
0.057405 0.007579 0.491768 
0.012467 0.012467 0.020132 0.954934 
0.250000 0.250000 0.250000 0.250000 
 217
0.479817 0.007264 0.046210 
0.462778 0.985157 0.462022 
0.057405 0.007579 0.491768 
0.250000 0.250000 0.250000 0.250000
0.250000 0.250000 0.250000 0.250000 
 218
0.479817 0.007264 0.046210 
0.462778 0.985157 0.462022 
0.057405 0.007579 0.491768 
0.250000 0.250000 0.250000 0.250000
0.250000 0.250000 0.250000 0.250000 
 219
0.479817 0.007264 0.046210 
0.462778 0.985157 0.462022 
0.057405 0.007579 0.491768 
0.250000 0.250000 0.250000 0.250000
0.250000 0.250000 0.250000 0.250000 
 220
0.479817 0.007264 0.046210 
0.462778 0.985157 0.462022 
0.057405 0.007579 0.491768 
0.250000 0.250000 0.250000 0.250000
0.250000 0.250000 0.250000 0.250000 
 221
0.479817 0.007264 0.046210 
0.462778 0.985157 0.462022 
0.057405 0.007579 0.491768 
0.012467 0.012467 0.012467 0.962598 
0.250000 0.250000 0.250000 0.250000 
 222
0.479817 0.007264 0.046210 
0.462778 0.985157 0.462022 
0.057405 0.007579 0.491768 
0.019640 0.012467 0.012467 0.955426 
0.250000 0.250000 0.250000 0.250000 
 223
0.479817 0.007264 0.046210 
0.462778 0.985157 0.462022 
0.057405 0.007579 0.491768 
0.250000 0.250000 0.250000 0.250000
0.250000 0.250000 0.250000 0.250000 
 224
0.479817 0.007264 0.046210 
0.462778 0.985157 0.462022 
0.057405 0.007579 0.491768 
0.250000 0.250000 0.250000 0.250000
0.250000 0.250000 0.250000 0.250000 
 225
0.479817 0.007264 0.046210 
0.462778 0.985157 0.462022 
0.057405 0.007579 0.491768 
0.034841 0.012467 0.012467 0.940225 
0.250000 0.250000 0.250000 0.250000 
 226
0.479817 0.007264 0.046210 
0.462778 0.985157 0.462022 
0.057405 0.007579 0.491768 
0.250000 0.250000 0.250000 0.250000
0.250000 0.250000 0.250000 0.250000 
 227
0.479817 0.007264 0.046210 
0.462778 0.985157 0.462022 
0.057405 0.007579 0.491768 
0.250000 0.250000 0.250000 0.250000
0.250000 0.250000 0.250000 0.250000 
 228
0.479817 0.007264 0.046210 
0.462778 0.985157 0.462022 
0.057405 0.007579 0.491768 
0.017457 0.012467 0.954727 0.015349 
0.250000 0.250000 0.250000 0.250000 
 229
0.479817 0.007264 0.046210 
0.462778 0.985157 0.462022 
0.057405 0.007579 0.491768 
0.250000 0.250000 0.250000 0.250000
0.250000 0.250000 0.250000 0.250000 
 230
0.479817 0.007264 0.046210 
0.462778 0.985157 0.462022 
0.057405 0.007579 0.491768 
0.250000 0.250000 0.250000 0.250000
0.250000 0.250000 0.250000 0.250000 
 231
0.479817 0.007264 0.046210 
0.462778 0.985157 0.462022 
0.057405 0.007579 0.491768 
0.250000 0.250000 0.250000 0.250000
0.250000 0.250000 0.250000 0.250000 
 232
0.479817 0.007264 0.046210 
0.462778 0.985157 0.462022 
0.057405 0.007579 0.491768 
0.250000 0.250000 0.250000 0.250000
0.250000 0.250000 0.250000 0.250000 
 233
0.479817 0.007264 0.046210 
0.462778 0.985157 0.462022 
0.057405 0.007579 0.491768 
0.250000 0.250000 0.250000 0.250000
0.250000 0.250000 0.250000 0.250000 
 234
0.479817 0.007264 0.046210 
0.462778 0.985157 0.462022 
0.057405 0.007579 0.491768 
0.012467 0.012467 0.956465 0.018600 
0.250000 0.250000 0.250000 0.250000 
 235
0.479817 0.007264 0.046210 
0.462778 0.985157 0.462022 
0.057405 0.007579 0.491768 
