%  SAM: /scicomp/home/yfa9/CDC_projects/Mol_genetic_analysis/Nomenclature/B_NA_Nomenclature/All_v1/All_v1-4-revision/4_Module/label/LABEL_RES/scripts/modelfromalign_Linux v3.5 (July 15, 2005) compiled 12/08/06_16:15:55
%  (c) 1992-2001 Regents of the University of California, Santa Cruz
%
%          Sequence Alignment and Modeling Software System
%         http://www.cse.ucsc.edu/research/compbio/sam.html
%
% ----------------- Citations (SAM, SAM-T2K, HMMs) --------------------
% R. Hughey, A. Krogh, Hidden Markov models for sequence analysis:
%  Extension and analysis of the basic method, CABIOS 12:95-107, 1996.
% K. Karplus, et al., What is the value added by human intervention in protein
%  structure prediction, Proteins: Stucture, Function, Genetics 45(S5):86--91, 2001.
% A. Krogh et al., Hidden Markov models in computational biology:
%  Applications to protein modeling, JMB 235:1501-1531, Feb 1994.
% ---------------------------------------------------------------------
%  c-1-2-PERTH_hmm   Host: login01.aspen.biotech.cdc.gov    Mon Oct 24 15:42:54 2016
%  yfa9              Dir:  /scicomp/home/yfa9/CDC_projects/Mol_genetic_analysis/Nomenclature/H3_Nomenclature/v_5/3_base/InfA-H3-HA-revised/c-0-1-2-PERTH
% ---------------------------------------------------------------------
%  Alignment weights from internal calc.  Total (21.52) Max (0.08) Min (0.04)
%  Weights from alignment method 1 (karplus), b=-1.000000, e=0.500000
MODEL --  Model from alignment file /scicomp/home/yfa9/CDC_projects/Mol_genetic_analysis/Nomenclature/B_NA_Nomenclature/All_v1/All_v1-4-revision/4_Module/label/LABEL_RES/training_data/H3v2016-revision1/c-0-1-2-PERTH/c-1-2-PERTH.fasta
alphabet DNA
FREQAVE
0.000000 0.000000 0.000000 
0.000000 0.000000 0.000000 
0.000000 0.000000 0.000000 
0.339346 0.220670 0.199854 0.240130 
0.339346 0.220670 0.199854 0.240130 
Begin
0.000000 0.000000 0.000000 
0.000000 0.000000 0.000000 
0.000000 0.007081 0.491768 
0.250000 0.250000 0.250000 0.250000 
0.250000 0.250000 0.250000 0.250000 
   1
0.000000 0.012125 0.046210 
0.000000 0.980794 0.462022 
0.054621 0.007119 0.491768 
0.966393 0.011202 0.011202 0.011202 
0.250000 0.250000 0.250000 0.250000 
   2
0.495032 0.006824 0.046210 
0.450347 0.986057 0.462022 
0.055173 0.007111 0.491768 
0.011181 0.011181 0.011181 0.966456 
0.250000 0.250000 0.250000 0.250000 
   3
0.500040 0.006817 0.046210 
0.444787 0.986072 0.462022 
0.055173 0.007111 0.491768 
0.011181 0.966456 0.011181 0.011181 
0.250000 0.250000 0.250000 0.250000 
   4
0.500040 0.006817 0.046210 
0.444787 0.986072 0.462022 
0.055173 0.007111 0.491768 
0.964025 0.013612 0.011181 0.011181 
0.250000 0.250000 0.250000 0.250000 
   5
0.500040 0.006817 0.046210 
0.444787 0.986072 0.462022 
0.055173 0.007111 0.491768 
0.966456 0.011181 0.011181 0.011181 
0.250000 0.250000 0.250000 0.250000 
   6
0.500040 0.006817 0.046210 
0.444787 0.986072 0.462022 
0.055173 0.007111 0.491768 
0.013163 0.964474 0.011181 0.011181 
0.250000 0.250000 0.250000 0.250000 
   7
0.490513 0.006817 0.046210 
0.454313 0.986072 0.462022 
0.055704 0.007104 0.491768 
0.966514 0.011162 0.011162 0.011162 
0.250000 0.250000 0.250000 0.250000 
   8
0.495231 0.006809 0.046210 
0.449065 0.986087 0.462022 
0.055704 0.007104 0.491768 
0.011162 0.011162 0.966514 0.011162 
0.250000 0.250000 0.250000 0.250000 
   9
0.485451 0.006809 0.046210 
0.458844 0.986087 0.462022 
0.056254 0.007096 0.491768 
0.011142 0.011142 0.011142 0.966573 
0.250000 0.250000 0.250000 0.250000 
  10
0.490246 0.006802 0.046210 
0.453500 0.986101 0.462022 
0.056254 0.007096 0.491768 
0.966573 0.011142 0.011142 0.011142 
0.250000 0.250000 0.250000 0.250000 
  11
0.480156 0.006802 0.046210 
0.463589 0.986101 0.462022 
0.056828 0.007089 0.491768 
0.011122 0.011122 0.013641 0.964114 
0.250000 0.250000 0.250000 0.250000 
  12
0.485050 0.006795 0.046210 
0.458122 0.986116 0.462022 
0.056828 0.007089 0.491768 
0.011122 0.011122 0.966633 0.011122 
0.250000 0.250000 0.250000 0.250000 
  13
0.485050 0.006795 0.046210 
0.458122 0.986116 0.462022 
0.056828 0.007089 0.491768 
0.966633 0.011122 0.011122 0.011122 
0.250000 0.250000 0.250000 0.250000 
  14
0.485050 0.006795 0.046210 
0.458122 0.986116 0.462022 
0.056828 0.007089 0.491768 
0.011122 0.011122 0.011122 0.966633 
0.250000 0.250000 0.250000 0.250000 
  15
0.485050 0.006795 0.046210 
0.458122 0.986116 0.462022 
0.056828 0.007089 0.491768 
0.011122 0.011122 0.013789 0.963966 
0.250000 0.250000 0.250000 0.250000 
  16
0.485050 0.006795 0.046210 
0.458122 0.986116 0.462022 
0.056828 0.007089 0.491768 
0.011122 0.966633 0.011122 0.011122 
0.250000 0.250000 0.250000 0.250000 
  17
0.485050 0.006795 0.046210 
0.458122 0.986116 0.462022 
0.056828 0.007089 0.491768 
0.011122 0.011122 0.966633 0.011122 
0.250000 0.250000 0.250000 0.250000 
  18
0.485050 0.006795 0.046210 
0.458122 0.986116 0.462022 
0.056828 0.007089 0.491768 
0.011122 0.011122 0.015170 0.962586 
0.250000 0.250000 0.250000 0.250000 
  19
0.485050 0.006795 0.046210 
0.458122 0.986116 0.462022 
0.056828 0.007089 0.491768 
0.011122 0.011122 0.011122 0.966633 
0.250000 0.250000 0.250000 0.250000 
  20
0.485050 0.006795 0.046210 
0.458122 0.986116 0.462022 
0.056828 0.007089 0.491768 
0.011122 0.011122 0.011122 0.966633 
0.250000 0.250000 0.250000 0.250000 
  21
0.485050 0.006795 0.046210 
0.458122 0.986116 0.462022 
0.056828 0.007089 0.491768 
0.011122 0.964209 0.011122 0.013547 
0.250000 0.250000 0.250000 0.250000 
  22
0.485050 0.006795 0.046210 
0.458122 0.986116 0.462022 
0.056828 0.007089 0.491768 
0.966633 0.011122 0.011122 0.011122 
0.250000 0.250000 0.250000 0.250000 
  23
0.485050 0.006795 0.046210 
0.458122 0.986116 0.462022 
0.056828 0.007089 0.491768 
0.011122 0.966633 0.011122 0.011122 
0.250000 0.250000 0.250000 0.250000 
  24
0.474990 0.006795 0.046210 
0.468182 0.986116 0.462022 
0.057405 0.007081 0.491768 
0.011103 0.011103 0.966692 0.011103 
0.250000 0.250000 0.250000 0.250000 
  25
0.479817 0.006788 0.046210 
0.462778 0.986131 0.462022 
0.057405 0.007081 0.491768 
0.011103 0.011103 0.013191 0.964604 
0.250000 0.250000 0.250000 0.250000 
  26
0.479817 0.006788 0.046210 
0.462778 0.986131 0.462022 
0.057405 0.007081 0.491768 
0.962170 0.015625 0.011103 0.011103 
0.250000 0.250000 0.250000 0.250000 
  27
0.479817 0.006788 0.046210 
0.462778 0.986131 0.462022 
0.057405 0.007081 0.491768 
0.011103 0.011103 0.966692 0.011103 
0.250000 0.250000 0.250000 0.250000 
  28
0.479817 0.006788 0.046210 
0.462778 0.986131 0.462022 
0.057405 0.007081 0.491768 
0.966692 0.011103 0.011103 0.011103 
0.250000 0.250000 0.250000 0.250000 
  29
0.479817 0.006788 0.046210 
0.462778 0.986131 0.462022 
0.057405 0.007081 0.491768 
0.011103 0.011103 0.014882 0.962913 
0.250000 0.250000 0.250000 0.250000 
  30
0.479817 0.006788 0.046210 
0.462778 0.986131 0.462022 
0.057405 0.007081 0.491768 
0.011103 0.011103 0.011103 0.966692 
0.250000 0.250000 0.250000 0.250000 
  31
0.479817 0.006788 0.046210 
0.462778 0.986131 0.462022 
0.057405 0.007081 0.491768 
0.013658 0.011103 0.964137 0.011103 
0.250000 0.250000 0.250000 0.250000 
  32
0.479817 0.006788 0.046210 
0.462778 0.986131 0.462022 
0.057405 0.007081 0.491768 
0.013403 0.011103 0.011103 0.964392 
0.250000 0.250000 0.250000 0.250000 
  33
0.479817 0.006788 0.046210 
0.462778 0.986131 0.462022 
0.057405 0.007081 0.491768 
0.962384 0.015411 0.011103 0.011103 
0.250000 0.250000 0.250000 0.250000 
  34
0.479817 0.006788 0.046210 
0.462778 0.986131 0.462022 
0.057405 0.007081 0.491768 
0.011103 0.011103 0.013585 0.964210 
0.250000 0.250000 0.250000 0.250000 
  35
0.479817 0.006788 0.046210 
0.462778 0.986131 0.462022 
0.057405 0.007081 0.491768 
0.013180 0.964615 0.011103 0.011103 
0.250000 0.250000 0.250000 0.250000 
  36
0.479817 0.006788 0.046210 
0.462778 0.986131 0.462022 
0.057405 0.007081 0.491768 
0.011103 0.013658 0.015344 0.959896 
0.250000 0.250000 0.250000 0.250000 
  37
0.479817 0.006788 0.046210 
0.462778 0.986131 0.462022 
0.057405 0.007081 0.491768 
0.019091 0.011103 0.952010 0.017797 
0.250000 0.250000 0.250000 0.250000 
  38
0.479817 0.006788 0.046210 
0.462778 0.986131 0.462022 
0.057405 0.007081 0.491768 
0.011103 0.011103 0.013458 0.964337 
0.250000 0.250000 0.250000 0.250000 
  39
0.479817 0.006788 0.046210 
0.462778 0.986131 0.462022 
0.057405 0.007081 0.491768 
0.011103 0.966692 0.011103 0.011103 
0.250000 0.250000 0.250000 0.250000 
  40
0.479817 0.006788 0.046210 
0.462778 0.986131 0.462022 
0.057405 0.007081 0.491768 
0.019284 0.958511 0.011103 0.011103 
0.250000 0.250000 0.250000 0.250000 
  41
0.479817 0.006788 0.046210 
0.462778 0.986131 0.462022 
0.057405 0.007081 0.491768 
0.011103 0.013172 0.017141 0.958585 
0.250000 0.250000 0.250000 0.250000 
  42
0.479817 0.006788 0.046210 
0.462778 0.986131 0.462022 
0.057405 0.007081 0.491768 
0.011103 0.011103 0.011103 0.966692 
0.250000 0.250000 0.250000 0.250000 
  43
0.479817 0.006788 0.046210 
0.462778 0.986131 0.462022 
0.057405 0.007081 0.491768 
0.011103 0.011103 0.011103 0.966692 
0.250000 0.250000 0.250000 0.250000 
  44
0.479817 0.006788 0.046210 
0.462778 0.986131 0.462022 
0.057405 0.007081 0.491768 
0.011103 0.011103 0.011103 0.966692 
0.250000 0.250000 0.250000 0.250000 
  45
0.479817 0.006788 0.046210 
0.462778 0.986131 0.462022 
0.057405 0.007081 0.491768 
0.011103 0.011103 0.955575 0.022220 
0.250000 0.250000 0.250000 0.250000 
  46
0.479817 0.006788 0.046210 
0.462778 0.986131 0.462022 
0.057405 0.007081 0.491768 
0.016868 0.956141 0.013545 0.013446 
0.250000 0.250000 0.250000 0.250000 
  47
0.479817 0.006788 0.046210 
0.462778 0.986131 0.462022 
0.057405 0.007081 0.491768 
0.011103 0.011103 0.966692 0.011103 
0.250000 0.250000 0.250000 0.250000 
  48
0.479817 0.006788 0.046210 
0.462778 0.986131 0.462022 
0.057405 0.007081 0.491768 
0.011103 0.011103 0.013961 0.963834 
0.250000 0.250000 0.250000 0.250000 
  49
0.479817 0.006788 0.046210 
0.462778 0.986131 0.462022 
0.057405 0.007081 0.491768 
0.011103 0.011103 0.966692 0.011103 
0.250000 0.250000 0.250000 0.250000 
  50
0.479817 0.006788 0.046210 
0.462778 0.986131 0.462022 
0.057405 0.007081 0.491768 
0.966692 0.011103 0.011103 0.011103 
0.250000 0.250000 0.250000 0.250000 
  51
0.479817 0.006788 0.046210 
0.462778 0.986131 0.462022 
0.057405 0.007081 0.491768 
0.960034 0.015341 0.013522 0.011103 
0.250000 0.250000 0.250000 0.250000 
  52
0.479817 0.006788 0.046210 
0.462778 0.986131 0.462022 
0.057405 0.007081 0.491768 
0.964334 0.013461 0.011103 0.011103 
0.250000 0.250000 0.250000 0.250000 
  53
0.479817 0.006788 0.046210 
0.462778 0.986131 0.462022 
0.057405 0.007081 0.491768 
0.966692 0.011103 0.011103 0.011103 
0.250000 0.250000 0.250000 0.250000 
  54
0.479817 0.006788 0.046210 
0.462778 0.986131 0.462022 
0.057405 0.007081 0.491768 
0.962454 0.015341 0.011103 0.011103 
0.250000 0.250000 0.250000 0.250000 
  55
0.479817 0.006788 0.046210 
0.462778 0.986131 0.462022 
0.057405 0.007081 0.491768 
0.051731 0.011103 0.922584 0.014583 
0.250000 0.250000 0.250000 0.250000 
  56
0.479817 0.006788 0.046210 
0.462778 0.986131 0.462022 
0.057405 0.007081 0.491768 
0.011103 0.011103 0.011103 0.966692 
0.250000 0.250000 0.250000 0.250000 
  57
0.479817 0.006788 0.046210 
0.462778 0.986131 0.462022 
0.057405 0.007081 0.491768 
0.011103 0.011103 0.023477 0.954318 
0.250000 0.250000 0.250000 0.250000 
  58
0.479817 0.006788 0.046210 
0.462778 0.986131 0.462022 
0.057405 0.007081 0.491768 
0.011103 0.011103 0.964320 0.013475 
0.250000 0.250000 0.250000 0.250000 
  59
0.479817 0.006788 0.046210 
0.462778 0.986131 0.462022 
0.057405 0.007081 0.491768 
0.011103 0.011103 0.966692 0.011103 
0.250000 0.250000 0.250000 0.250000 
  60
0.479817 0.006788 0.046210 
0.462778 0.986131 0.462022 
0.057405 0.007081 0.491768 
0.011103 0.011103 0.013267 0.964528 
0.250000 0.250000 0.250000 0.250000 
  61
0.479817 0.006788 0.046210 
0.462778 0.986131 0.462022 
0.057405 0.007081 0.491768 
0.011103 0.966692 0.011103 0.011103 
0.250000 0.250000 0.250000 0.250000 
  62
0.479817 0.006788 0.046210 
0.462778 0.986131 0.462022 
0.057405 0.007081 0.491768 
0.017557 0.960238 0.011103 0.011103 
0.250000 0.250000 0.250000 0.250000 
  63
0.479817 0.006788 0.046210 
0.462778 0.986131 0.462022 
0.057405 0.007081 0.491768 
0.966692 0.011103 0.011103 0.011103 
0.250000 0.250000 0.250000 0.250000 
  64
0.479817 0.006788 0.046210 
0.462778 0.986131 0.462022 
0.057405 0.007081 0.491768 
0.964358 0.013437 0.011103 0.011103 
0.250000 0.250000 0.250000 0.250000 
  65
0.479817 0.006788 0.046210 
0.462778 0.986131 0.462022 
0.057405 0.007081 0.491768 
0.966692 0.011103 0.011103 0.011103 
0.250000 0.250000 0.250000 0.250000 
  66
0.479817 0.006788 0.046210 
0.462778 0.986131 0.462022 
0.057405 0.007081 0.491768 
0.011103 0.011103 0.011103 0.966692 
0.250000 0.250000 0.250000 0.250000 
  67
0.479817 0.006788 0.046210 
0.462778 0.986131 0.462022 
0.057405 0.007081 0.491768 
0.011103 0.966692 0.011103 0.011103 
0.250000 0.250000 0.250000 0.250000 
  68
0.479817 0.006788 0.046210 
0.462778 0.986131 0.462022 
0.057405 0.007081 0.491768 
0.966692 0.011103 0.011103 0.011103 
0.250000 0.250000 0.250000 0.250000 
  69
0.479817 0.006788 0.046210 
0.462778 0.986131 0.462022 
0.057405 0.007081 0.491768 
0.011103 0.011103 0.966692 0.011103 
0.250000 0.250000 0.250000 0.250000 
  70
0.479817 0.006788 0.046210 
0.462778 0.986131 0.462022 
0.057405 0.007081 0.491768 
0.966692 0.011103 0.011103 0.011103 
0.250000 0.250000 0.250000 0.250000 
  71
0.479817 0.006788 0.046210 
0.462778 0.986131 0.462022 
0.057405 0.007081 0.491768 
0.966692 0.011103 0.011103 0.011103 
0.250000 0.250000 0.250000 0.250000 
  72
0.479817 0.006788 0.046210 
0.462778 0.986131 0.462022 
0.057405 0.007081 0.491768 
0.011103 0.011103 0.966692 0.011103 
0.250000 0.250000 0.250000 0.250000 
  73
0.479817 0.006788 0.046210 
0.462778 0.986131 0.462022 
0.057405 0.007081 0.491768 
0.958609 0.019186 0.011103 0.011103 
0.250000 0.250000 0.250000 0.250000 
  74
0.479817 0.006788 0.046210 
0.462778 0.986131 0.462022 
0.057405 0.007081 0.491768 
0.018034 0.959761 0.011103 0.011103 
0.250000 0.250000 0.250000 0.250000 
  75
0.479817 0.006788 0.046210 
0.462778 0.986131 0.462022 
0.057405 0.007081 0.491768 
0.011103 0.011103 0.966692 0.011103 
0.250000 0.250000 0.250000 0.250000 
  76
0.479817 0.006788 0.046210 
0.462778 0.986131 0.462022 
0.057405 0.007081 0.491768 
0.964273 0.011103 0.011103 0.013522 
0.250000 0.250000 0.250000 0.250000 
  77
0.479817 0.006788 0.046210 
0.462778 0.986131 0.462022 
0.057405 0.007081 0.491768 
0.011103 0.011103 0.966692 0.011103 
0.250000 0.250000 0.250000 0.250000 
  78
0.479817 0.006788 0.046210 
0.462778 0.986131 0.462022 
0.057405 0.007081 0.491768 
0.014935 0.962860 0.011103 0.011103 
0.250000 0.250000 0.250000 0.250000 
  79
0.479817 0.006788 0.046210 
0.462778 0.986131 0.462022 
0.057405 0.007081 0.491768 
0.011103 0.966692 0.011103 0.011103 
0.250000 0.250000 0.250000 0.250000 
  80
0.479817 0.006788 0.046210 
0.462778 0.986131 0.462022 
0.057405 0.007081 0.491768 
0.011103 0.011103 0.966692 0.011103 
0.250000 0.250000 0.250000 0.250000 
  81
0.479817 0.006788 0.046210 
0.462778 0.986131 0.462022 
0.057405 0.007081 0.491768 
0.966692 0.011103 0.011103 0.011103 
0.250000 0.250000 0.250000 0.250000 
  82
0.479817 0.006788 0.046210 
0.462778 0.986131 0.462022 
0.057405 0.007081 0.491768 
0.966692 0.011103 0.011103 0.011103 
0.250000 0.250000 0.250000 0.250000 
  83
0.479817 0.006788 0.046210 
0.462778 0.986131 0.462022 
0.057405 0.007081 0.491768 
0.011103 0.011103 0.966692 0.011103 
0.250000 0.250000 0.250000 0.250000 
  84
0.479817 0.006788 0.046210 
0.462778 0.986131 0.462022 
0.057405 0.007081 0.491768 
0.013834 0.963919 0.011123 0.011123 
0.250000 0.250000 0.250000 0.250000 
  85
0.479817 0.006788 0.046210 
0.462778 0.986131 0.462022 
0.057405 0.007081 0.491768 
0.011103 0.011103 0.966692 0.011103 
0.250000 0.250000 0.250000 0.250000 
  86
0.479817 0.006788 0.046210 
0.462778 0.986131 0.462022 
0.057405 0.007081 0.491768 
0.011103 0.011103 0.011103 0.966692 
0.250000 0.250000 0.250000 0.250000 
  87
0.479817 0.006788 0.046210 
0.462778 0.986131 0.462022 
0.057405 0.007081 0.491768 
0.013554 0.964204 0.011121 0.011121 
0.250000 0.250000 0.250000 0.250000 
  88
0.479817 0.006788 0.046210 
0.462778 0.986131 0.462022 
0.057405 0.007081 0.491768 
0.011103 0.011103 0.011103 0.966692 
0.250000 0.250000 0.250000 0.250000 
  89
0.479817 0.006788 0.046210 
0.462778 0.986131 0.462022 
0.057405 0.007081 0.491768 
0.011103 0.966692 0.011103 0.011103 
0.250000 0.250000 0.250000 0.250000 
  90
0.479817 0.006788 0.046210 
0.462778 0.986131 0.462022 
0.057405 0.007081 0.491768 
0.011103 0.011103 0.966692 0.011103 
0.250000 0.250000 0.250000 0.250000 
  91
0.479817 0.006788 0.046210 
0.462778 0.986131 0.462022 
0.057405 0.007081 0.491768 
0.013397 0.011103 0.964397 0.011103 
0.250000 0.250000 0.250000 0.250000 
  92
0.479817 0.006788 0.046210 
0.462778 0.986131 0.462022 
0.057405 0.007081 0.491768 
0.011103 0.011103 0.011103 0.966692 
0.250000 0.250000 0.250000 0.250000 
  93
0.479817 0.006788 0.046210 
0.462778 0.986131 0.462022 
0.057405 0.007081 0.491768 
0.011103 0.011103 0.013887 0.963908 
0.250000 0.250000 0.250000 0.250000 
  94
0.479817 0.006788 0.046210 
0.462778 0.986131 0.462022 
0.057405 0.007081 0.491768 
0.011103 0.966692 0.011103 0.011103 
0.250000 0.250000 0.250000 0.250000 
  95
0.479817 0.006788 0.046210 
0.462778 0.986131 0.462022 
0.057405 0.007081 0.491768 
0.011103 0.966692 0.011103 0.011103 
0.250000 0.250000 0.250000 0.250000 
  96
0.479817 0.006788 0.046210 
0.462778 0.986131 0.462022 
0.057405 0.007081 0.491768 
0.013646 0.964149 0.011103 0.011103 
0.250000 0.250000 0.250000 0.250000 
  97
0.479817 0.006788 0.046210 
0.462778 0.986131 0.462022 
0.057405 0.007081 0.491768 
0.011103 0.011103 0.966692 0.011103 
0.250000 0.250000 0.250000 0.250000 
  98
0.479817 0.006788 0.046210 
0.462778 0.986131 0.462022 
0.057405 0.007081 0.491768 
0.966692 0.011103 0.011103 0.011103 
0.250000 0.250000 0.250000 0.250000 
  99
0.479817 0.006788 0.046210 
0.462778 0.986131 0.462022 
0.057405 0.007081 0.491768 
0.011103 0.011103 0.957960 0.019835 
0.250000 0.250000 0.250000 0.250000 
 100
0.479817 0.006788 0.046210 
0.462778 0.986131 0.462022 
0.057405 0.007081 0.491768 
0.011103 0.011103 0.966692 0.011103 
0.250000 0.250000 0.250000 0.250000 
 101
0.479817 0.006788 0.046210 
0.462778 0.986131 0.462022 
0.057405 0.007081 0.491768 
0.966692 0.011103 0.011103 0.011103 
0.250000 0.250000 0.250000 0.250000 
 102
0.479817 0.006788 0.046210 
0.462778 0.986131 0.462022 
0.057405 0.007081 0.491768 
0.011103 0.011103 0.013303 0.964492 
0.250000 0.250000 0.250000 0.250000 
 103
0.479817 0.006788 0.046210 
0.462778 0.986131 0.462022 
0.057405 0.007081 0.491768 
0.011103 0.966692 0.011103 0.011103 
0.250000 0.250000 0.250000 0.250000 
 104
0.479817 0.006788 0.046210 
0.462778 0.986131 0.462022 
0.057405 0.007081 0.491768 
0.011103 0.011103 0.966692 0.011103 
0.250000 0.250000 0.250000 0.250000 
 105
0.479817 0.006788 0.046210 
0.462778 0.986131 0.462022 
0.057405 0.007081 0.491768 
0.966692 0.011103 0.011103 0.011103 
0.250000 0.250000 0.250000 0.250000 
 106
0.479817 0.006788 0.046210 
0.462778 0.986131 0.462022 
0.057405 0.007081 0.491768 
0.013350 0.964445 0.011103 0.011103 
0.250000 0.250000 0.250000 0.250000 
 107
0.479817 0.006788 0.046210 
0.462778 0.986131 0.462022 
0.057405 0.007081 0.491768 
0.011103 0.011103 0.011103 0.966692 
0.250000 0.250000 0.250000 0.250000 
 108
0.479817 0.006788 0.046210 
0.462778 0.986131 0.462022 
0.057405 0.007081 0.491768 
0.964720 0.011103 0.013075 0.011103 
0.250000 0.250000 0.250000 0.250000 
 109
0.479817 0.006788 0.046210 
0.462778 0.986131 0.462022 
0.057405 0.007081 0.491768 
0.011103 0.011103 0.966692 0.011103 
0.250000 0.250000 0.250000 0.250000 
 110
0.479817 0.006788 0.046210 
0.462778 0.986131 0.462022 
0.057405 0.007081 0.491768 
0.011103 0.011103 0.966692 0.011103 
0.250000 0.250000 0.250000 0.250000 
 111
0.479817 0.006788 0.046210 
0.462778 0.986131 0.462022 
0.057405 0.007081 0.491768 
0.962129 0.015666 0.011103 0.011103 
0.250000 0.250000 0.250000 0.250000 
 112
0.479817 0.006788 0.046210 
0.462778 0.986131 0.462022 
0.057405 0.007081 0.491768 
0.966692 0.011103 0.011103 0.011103 
0.250000 0.250000 0.250000 0.250000 
 113
0.479817 0.006788 0.046210 
0.462778 0.986131 0.462022 
0.057405 0.007081 0.491768 
0.966692 0.011103 0.011103 0.011103 
0.250000 0.250000 0.250000 0.250000 
 114
0.479817 0.006788 0.046210 
0.462778 0.986131 0.462022 
0.057405 0.007081 0.491768 
0.011103 0.011103 0.962567 0.015228 
0.250000 0.250000 0.250000 0.250000 
 115
0.479817 0.006788 0.046210 
0.462778 0.986131 0.462022 
0.057405 0.007081 0.491768 
0.011103 0.966692 0.011103 0.011103 
0.250000 0.250000 0.250000 0.250000 
 116
0.479817 0.006788 0.046210 
0.462778 0.986131 0.462022 
0.057405 0.007081 0.491768 
0.011103 0.966692 0.011103 0.011103 
0.250000 0.250000 0.250000 0.250000 
 117
0.479817 0.006788 0.046210 
0.462778 0.986131 0.462022 
0.057405 0.007081 0.491768 
0.949432 0.028363 0.011103 0.011103 
0.250000 0.250000 0.250000 0.250000 
 118
0.479817 0.006788 0.046210 
0.462778 0.986131 0.462022 
0.057405 0.007081 0.491768 
0.966692 0.011103 0.011103 0.011103 
0.250000 0.250000 0.250000 0.250000 
 119
0.479817 0.006788 0.046210 
0.462778 0.986131 0.462022 
0.057405 0.007081 0.491768 
0.011103 0.011103 0.966692 0.011103 
0.250000 0.250000 0.250000 0.250000 
 120
0.479817 0.006788 0.046210 
0.462778 0.986131 0.462022 
0.057405 0.007081 0.491768 
0.031545 0.946250 0.011103 0.011103 
0.250000 0.250000 0.250000 0.250000 
 121
0.479817 0.006788 0.046210 
0.462778 0.986131 0.462022 
0.057405 0.007081 0.491768 
0.943711 0.034084 0.011103 0.011103 
0.250000 0.250000 0.250000 0.250000 
 122
0.479817 0.006788 0.046210 
0.462778 0.986131 0.462022 
0.057405 0.007081 0.491768 
0.011103 0.011103 0.011103 0.966692 
0.250000 0.250000 0.250000 0.250000 
 123
0.479817 0.006788 0.046210 
0.462778 0.986131 0.462022 
0.057405 0.007081 0.491768 
0.964398 0.013397 0.011103 0.011103 
0.250000 0.250000 0.250000 0.250000 
 124
0.479817 0.006788 0.046210 
0.462778 0.986131 0.462022 
0.057405 0.007081 0.491768 
0.011103 0.966692 0.011103 0.011103 
0.250000 0.250000 0.250000 0.250000 
 125
0.479817 0.006788 0.046210 
0.462778 0.986131 0.462022 
0.057405 0.007081 0.491768 
0.011103 0.011103 0.011103 0.966692 
0.250000 0.250000 0.250000 0.250000 
 126
0.479817 0.006788 0.046210 
0.462778 0.986131 0.462022 
0.057405 0.007081 0.491768 
0.011103 0.966692 0.011103 0.011103 
0.250000 0.250000 0.250000 0.250000 
 127
0.479817 0.006788 0.046210 
0.462778 0.986131 0.462022 
0.057405 0.007081 0.491768 
0.966692 0.011103 0.011103 0.011103 
0.250000 0.250000 0.250000 0.250000 
 128
0.479817 0.006788 0.046210 
0.462778 0.986131 0.462022 
0.057405 0.007081 0.491768 
0.966692 0.011103 0.011103 0.011103 
0.250000 0.250000 0.250000 0.250000 
 129
0.479817 0.006788 0.046210 
0.462778 0.986131 0.462022 
0.057405 0.007081 0.491768 
0.966692 0.011103 0.011103 0.011103 
0.250000 0.250000 0.250000 0.250000 
 130
0.479817 0.006788 0.046210 
0.462778 0.986131 0.462022 
0.057405 0.007081 0.491768 
0.966692 0.011103 0.011103 0.011103 
0.250000 0.250000 0.250000 0.250000 
 131
0.479817 0.006788 0.046210 
0.462778 0.986131 0.462022 
0.057405 0.007081 0.491768 
0.011103 0.011103 0.966692 0.011103 
0.250000 0.250000 0.250000 0.250000 
 132
0.479817 0.006788 0.046210 
0.462778 0.986131 0.462022 
0.057405 0.007081 0.491768 
0.964421 0.011103 0.013374 0.011103 
0.250000 0.250000 0.250000 0.250000 
 133
0.479817 0.006788 0.046210 
0.462778 0.986131 0.462022 
0.057405 0.007081 0.491768 
0.966692 0.011103 0.011103 0.011103 
0.250000 0.250000 0.250000 0.250000 
 134
0.479817 0.006788 0.046210 
0.462778 0.986131 0.462022 
0.057405 0.007081 0.491768 
0.011103 0.011103 0.011103 0.966692 
0.250000 0.250000 0.250000 0.250000 
 135
0.479817 0.006788 0.046210 
0.462778 0.986131 0.462022 
0.057405 0.007081 0.491768 
0.011103 0.011103 0.962077 0.015718 
0.250000 0.250000 0.250000 0.250000 
 136
0.479817 0.006788 0.046210 
0.462778 0.986131 0.462022 
0.057405 0.007081 0.491768 
0.966692 0.011103 0.011103 0.011103 
0.250000 0.250000 0.250000 0.250000 
 137
0.479817 0.006788 0.046210 
0.462778 0.986131 0.462022 
0.057405 0.007081 0.491768 
0.011103 0.011103 0.964615 0.013180 
0.250000 0.250000 0.250000 0.250000 
 138
0.479817 0.006788 0.046210 
0.462778 0.986131 0.462022 
0.057405 0.007081 0.491768 
0.017632 0.953989 0.011103 0.017277 
0.250000 0.250000 0.250000 0.250000 
 139
0.479817 0.006788 0.046210 
0.462778 0.986131 0.462022 
0.057405 0.007081 0.491768 
0.966692 0.011103 0.011103 0.011103 
0.250000 0.250000 0.250000 0.250000 
 140
0.479817 0.006788 0.046210 
0.462778 0.986131 0.462022 
0.057405 0.007081 0.491768 
0.963605 0.014190 0.011103 0.011103 
0.250000 0.250000 0.250000 0.250000 
 141
0.479817 0.006788 0.046210 
0.462778 0.986131 0.462022 
0.057405 0.007081 0.491768 
0.011103 0.011103 0.011103 0.966692 
0.250000 0.250000 0.250000 0.250000 
 142
0.479817 0.006788 0.046210 
0.462778 0.986131 0.462022 
0.057405 0.007081 0.491768 
0.011103 0.966692 0.011103 0.011103 
0.250000 0.250000 0.250000 0.250000 
 143
0.479817 0.006788 0.046210 
0.462778 0.986131 0.462022 
0.057405 0.007081 0.491768 
0.966692 0.011103 0.011103 0.011103 
0.250000 0.250000 0.250000 0.250000 
 144
0.479817 0.006788 0.046210 
0.462778 0.986131 0.462022 
0.057405 0.007081 0.491768 
0.011103 0.011103 0.966692 0.011103 
0.250000 0.250000 0.250000 0.250000 
 145
0.479817 0.006788 0.046210 
0.462778 0.986131 0.462022 
0.057405 0.007081 0.491768 
0.018030 0.011103 0.959765 0.011103 
0.250000 0.250000 0.250000 0.250000 
 146
0.479817 0.006788 0.046210 
0.462778 0.986131 0.462022 
0.057405 0.007081 0.491768 
0.966692 0.011103 0.011103 0.011103 
0.250000 0.250000 0.250000 0.250000 
 147
0.479817 0.006788 0.046210 
0.462778 0.986131 0.462022 
0.057405 0.007081 0.491768 
0.966692 0.011103 0.011103 0.011103 
0.250000 0.250000 0.250000 0.250000 
 148
0.479817 0.006788 0.046210 
0.462778 0.986131 0.462022 
0.057405 0.007081 0.491768 
0.966692 0.011103 0.011103 0.011103 
0.250000 0.250000 0.250000 0.250000 
 149
0.479817 0.006788 0.046210 
0.462778 0.986131 0.462022 
0.057405 0.007081 0.491768 
0.011103 0.011103 0.011103 0.966692 
0.250000 0.250000 0.250000 0.250000 
 150
0.479817 0.006788 0.046210 
0.462778 0.986131 0.462022 
0.057405 0.007081 0.491768 
0.011103 0.011103 0.011103 0.966692 
0.250000 0.250000 0.250000 0.250000 
 151
0.479817 0.006788 0.046210 
0.462778 0.986131 0.462022 
0.057405 0.007081 0.491768 
0.011103 0.966692 0.011103 0.011103 
0.250000 0.250000 0.250000 0.250000 
 152
0.479817 0.006788 0.046210 
0.462778 0.986131 0.462022 
0.057405 0.007081 0.491768 
0.966692 0.011103 0.011103 0.011103 
0.250000 0.250000 0.250000 0.250000 
 153
0.479817 0.006788 0.046210 
0.462778 0.986131 0.462022 
0.057405 0.007081 0.491768 
0.949921 0.027874 0.011103 0.011103 
0.250000 0.250000 0.250000 0.250000 
 154
0.479817 0.006788 0.046210 
0.462778 0.986131 0.462022 
0.057405 0.007081 0.491768 
0.011103 0.966692 0.011103 0.011103 
0.250000 0.250000 0.250000 0.250000 
 155
0.479817 0.006788 0.046210 
0.462778 0.986131 0.462022 
0.057405 0.007081 0.491768 
0.011103 0.011103 0.011103 0.966692 
0.250000 0.250000 0.250000 0.250000 
 156
0.479817 0.006788 0.046210 
0.462778 0.986131 0.462022 
0.057405 0.007081 0.491768 
0.011103 0.011103 0.011103 0.966692 
0.250000 0.250000 0.250000 0.250000 
 157
0.479817 0.006788 0.046210 
0.462778 0.986131 0.462022 
0.057405 0.007081 0.491768 
0.966692 0.011103 0.011103 0.011103 
0.250000 0.250000 0.250000 0.250000 
 158
0.479817 0.006788 0.046210 
0.462778 0.986131 0.462022 
0.057405 0.007081 0.491768 
0.011103 0.011103 0.966692 0.011103 
0.250000 0.250000 0.250000 0.250000 
 159
0.479817 0.006788 0.046210 
0.462778 0.986131 0.462022 
0.057405 0.007081 0.491768 
0.011103 0.012977 0.013720 0.962200 
0.250000 0.250000 0.250000 0.250000 
 160
0.479817 0.006788 0.046210 
0.462778 0.986131 0.462022 
0.057405 0.007081 0.491768 
0.963902 0.011103 0.011103 0.013893 
0.250000 0.250000 0.250000 0.250000 
 161
0.479817 0.006788 0.046210 
0.462778 0.986131 0.462022 
0.057405 0.007081 0.491768 
0.966692 0.011103 0.011103 0.011103 
0.250000 0.250000 0.250000 0.250000 
 162
0.479817 0.006788 0.046210 
0.462778 0.986131 0.462022 
0.057405 0.007081 0.491768 
0.011103 0.011103 0.011103 0.966692 
0.250000 0.250000 0.250000 0.250000 
 163
0.479817 0.006788 0.046210 
0.462778 0.986131 0.462022 
0.057405 0.007081 0.491768 
0.011103 0.966692 0.011103 0.011103 
0.250000 0.250000 0.250000 0.250000 
 164
0.479817 0.006788 0.046210 
0.462778 0.986131 0.462022 
0.057405 0.007081 0.491768 
0.011103 0.011103 0.966692 0.011103 
0.250000 0.250000 0.250000 0.250000 
 165
0.479817 0.006788 0.046210 
0.462778 0.986131 0.462022 
0.057405 0.007081 0.491768 
0.011103 0.011103 0.013910 0.963885 
0.250000 0.250000 0.250000 0.250000 
 166
0.479817 0.006788 0.046210 
0.462778 0.986131 0.462022 
0.057405 0.007081 0.491768 
0.963155 0.014640 0.011103 0.011103 
0.250000 0.250000 0.250000 0.250000 
 167
0.479817 0.006788 0.046210 
0.462778 0.986131 0.462022 
0.057405 0.007081 0.491768 
0.011103 0.011103 0.966692 0.011103 
0.250000 0.250000 0.250000 0.250000 
 168
0.479817 0.006788 0.046210 
0.462778 0.986131 0.462022 
0.057405 0.007081 0.491768 
0.011103 0.011103 0.013642 0.964153 
0.250000 0.250000 0.250000 0.250000 
 169
0.479817 0.006788 0.046210 
0.462778 0.986131 0.462022 
0.057405 0.007081 0.491768 
0.011103 0.966692 0.011103 0.011103 
0.250000 0.250000 0.250000 0.250000 
 170
0.479817 0.006788 0.046210 
0.462778 0.986131 0.462022 
0.057405 0.007081 0.491768 
0.966692 0.011103 0.011103 0.011103 
0.250000 0.250000 0.250000 0.250000 
 171
0.479817 0.006788 0.046210 
0.462778 0.986131 0.462022 
0.057405 0.007081 0.491768 
0.013691 0.964104 0.011103 0.011103 
0.250000 0.250000 0.250000 0.250000 
 172
0.479817 0.006788 0.046210 
0.462778 0.986131 0.462022 
0.057405 0.007081 0.491768 
0.011103 0.011103 0.964339 0.013456 
0.250000 0.250000 0.250000 0.250000 
 173
0.479817 0.006788 0.046210 
0.462778 0.986131 0.462022 
0.057405 0.007081 0.491768 
0.011103 0.011103 0.011103 0.966692 
0.250000 0.250000 0.250000 0.250000 
 174
0.479817 0.006788 0.046210 
0.462778 0.986131 0.462022 
0.057405 0.007081 0.491768 
0.013334 0.962583 0.011103 0.012981 
0.250000 0.250000 0.250000 0.250000 
 175
0.479817 0.006788 0.046210 
0.462778 0.986131 0.462022 
0.057405 0.007081 0.491768 
0.013504 0.964291 0.011103 0.011103 
0.250000 0.250000 0.250000 0.250000 
 176
0.479817 0.006788 0.046210 
0.462778 0.986131 0.462022 
0.057405 0.007081 0.491768 
0.011103 0.011103 0.011103 0.966692 
0.250000 0.250000 0.250000 0.250000 
 177
0.479817 0.006788 0.046210 
0.462778 0.986131 0.462022 
0.057405 0.007081 0.491768 
0.011103 0.011103 0.011103 0.966692 
0.250000 0.250000 0.250000 0.250000 
 178
0.479817 0.006788 0.046210 
0.462778 0.986131 0.462022 
0.057405 0.007081 0.491768 
0.011103 0.011103 0.966692 0.011103 
0.250000 0.250000 0.250000 0.250000 
 179
0.479817 0.006788 0.046210 
0.462778 0.986131 0.462022 
0.057405 0.007081 0.491768 
0.966692 0.011103 0.011103 0.011103 
0.250000 0.250000 0.250000 0.250000 
 180
0.479817 0.006788 0.046210 
0.462778 0.986131 0.462022 
0.057405 0.007081 0.491768 
0.011103 0.966692 0.011103 0.011103 
0.250000 0.250000 0.250000 0.250000 
 181
0.479817 0.006788 0.046210 
0.462778 0.986131 0.462022 
0.057405 0.007081 0.491768 
0.966692 0.011103 0.011103 0.011103 
0.250000 0.250000 0.250000 0.250000 
 182
0.479817 0.006788 0.046210 
0.462778 0.986131 0.462022 
0.057405 0.007081 0.491768 
0.019640 0.954415 0.011103 0.014842 
0.250000 0.250000 0.250000 0.250000 
 183
0.479817 0.006788 0.046210 
0.462778 0.986131 0.462022 
0.057405 0.007081 0.491768 
0.011103 0.011103 0.014193 0.963602 
0.250000 0.250000 0.250000 0.250000 
 184
0.479817 0.006788 0.046210 
0.462778 0.986131 0.462022 
0.057405 0.007081 0.491768 
0.011103 0.011103 0.011103 0.966692 
0.250000 0.250000 0.250000 0.250000 
 185
0.479817 0.006788 0.046210 
0.462778 0.986131 0.462022 
0.057405 0.007081 0.491768 
0.011103 0.011103 0.966692 0.011103 
0.250000 0.250000 0.250000 0.250000 
 186
0.479817 0.006788 0.046210 
0.462778 0.986131 0.462022 
0.057405 0.007081 0.491768 
0.014583 0.011103 0.816771 0.157544 
0.250000 0.250000 0.250000 0.250000 
 187
0.479817 0.006788 0.046210 
0.462778 0.986131 0.462022 
0.057405 0.007081 0.491768 
0.011103 0.011103 0.011103 0.966692 
0.250000 0.250000 0.250000 0.250000 
 188
0.479817 0.006788 0.046210 
0.462778 0.986131 0.462022 
0.057405 0.007081 0.491768 
0.011103 0.011103 0.966692 0.011103 
0.250000 0.250000 0.250000 0.250000 
 189
0.479817 0.006788 0.046210 
0.462778 0.986131 0.462022 
0.057405 0.007081 0.491768 
0.966692 0.011103 0.011103 0.011103 
0.250000 0.250000 0.250000 0.250000 
 190
0.479817 0.006788 0.046210 
0.462778 0.986131 0.462022 
0.057405 0.007081 0.491768 
0.966692 0.011103 0.011103 0.011103 
0.250000 0.250000 0.250000 0.250000 
 191
0.479817 0.006788 0.046210 
0.462778 0.986131 0.462022 
0.057405 0.007081 0.491768 
0.015206 0.011130 0.960344 0.013320 
0.250000 0.250000 0.250000 0.250000 
 192
0.479817 0.006788 0.046210 
0.462778 0.986131 0.462022 
0.057405 0.007081 0.491768 
0.966692 0.011103 0.011103 0.011103 
0.250000 0.250000 0.250000 0.250000 
 193
0.479817 0.006788 0.046210 
0.462778 0.986131 0.462022 
0.057405 0.007081 0.491768 
0.011103 0.966692 0.011103 0.011103 
0.250000 0.250000 0.250000 0.250000 
 194
0.479817 0.006788 0.046210 
0.462778 0.986131 0.462022 
0.057405 0.007081 0.491768 
0.019466 0.958329 0.011103 0.011103 
0.250000 0.250000 0.250000 0.250000 
 195
0.479817 0.006788 0.046210 
0.462778 0.986131 0.462022 
0.057405 0.007081 0.491768 
0.011103 0.011103 0.011103 0.966692 
0.250000 0.250000 0.250000 0.250000 
 196
0.479817 0.006788 0.046210 
0.462778 0.986131 0.462022 
0.057405 0.007081 0.491768 
0.127707 0.845766 0.015424 0.011103 
0.250000 0.250000 0.250000 0.250000 
 197
0.479817 0.006788 0.046210 
0.462778 0.986131 0.462022 
0.057405 0.007081 0.491768 
0.966692 0.011103 0.011103 0.011103 
0.250000 0.250000 0.250000 0.250000 
 198
0.479817 0.006788 0.046210 
0.462778 0.986131 0.462022 
0.057405 0.007081 0.491768 
0.962224 0.015571 0.011103 0.011103 
0.250000 0.250000 0.250000 0.250000 
 199
0.479817 0.006788 0.046210 
0.462778 0.986131 0.462022 
0.057405 0.007081 0.491768 
0.966692 0.011103 0.011103 0.011103 
0.250000 0.250000 0.250000 0.250000 
 200
0.479817 0.006788 0.046210 
0.462778 0.986131 0.462022 
0.057405 0.007081 0.491768 
0.011103 0.011103 0.011103 0.966692 
0.250000 0.250000 0.250000 0.250000 
 201
0.479817 0.006788 0.046210 
0.462778 0.986131 0.462022 
0.057405 0.007081 0.491768 
0.966692 0.011103 0.011103 0.011103 
0.250000 0.250000 0.250000 0.250000 
 202
0.479817 0.006788 0.046210 
0.462778 0.986131 0.462022 
0.057405 0.007081 0.491768 
0.011103 0.011103 0.011103 0.966692 
0.250000 0.250000 0.250000 0.250000 
 203
0.479817 0.006788 0.046210 
0.462778 0.986131 0.462022 
0.057405 0.007081 0.491768 
0.011103 0.966692 0.011103 0.011103 
0.250000 0.250000 0.250000 0.250000 
 204
0.479817 0.006788 0.046210 
0.462778 0.986131 0.462022 
0.057405 0.007081 0.491768 
0.011103 0.011103 0.960215 0.017580 
0.250000 0.250000 0.250000 0.250000 
 205
0.479817 0.006788 0.046210 
0.462778 0.986131 0.462022 
0.057405 0.007081 0.491768 
0.013720 0.964074 0.011103 0.011103 
0.250000 0.250000 0.250000 0.250000 
 206
0.479817 0.006788 0.046210 
0.462778 0.986131 0.462022 
0.057405 0.007081 0.491768 
0.964461 0.013334 0.011103 0.011103 
0.250000 0.250000 0.250000 0.250000 
 207
0.479817 0.006788 0.046210 
0.462778 0.986131 0.462022 
0.057405 0.007081 0.491768 
0.013315 0.011103 0.960609 0.014973 
0.250000 0.250000 0.250000 0.250000 
 208
0.479817 0.006788 0.046210 
0.462778 0.986131 0.462022 
0.057405 0.007081 0.491768 
0.966692 0.011103 0.011103 0.011103 
0.250000 0.250000 0.250000 0.250000 
 209
0.479817 0.006788 0.046210 
0.462778 0.986131 0.462022 
0.057405 0.007081 0.491768 
0.017782 0.957812 0.011103 0.013303 
0.250000 0.250000 0.250000 0.250000 
 210
0.479817 0.006788 0.046210 
0.462778 0.986131 0.462022 
0.057405 0.007081 0.491768 
0.011103 0.011103 0.014193 0.963602 
0.250000 0.250000 0.250000 0.250000 
 211
0.479817 0.006788 0.046210 
0.462778 0.986131 0.462022 
0.057405 0.007081 0.491768 
0.011103 0.011103 0.966692 0.011103 
0.250000 0.250000 0.250000 0.250000 
 212
0.479817 0.006788 0.046210 
0.462778 0.986131 0.462022 
0.057405 0.007081 0.491768 
0.011103 0.011103 0.966692 0.011103 
0.250000 0.250000 0.250000 0.250000 
 213
0.479817 0.006788 0.046210 
0.462778 0.986131 0.462022 
0.057405 0.007081 0.491768 
0.011103 0.011103 0.030571 0.947224 
0.250000 0.250000 0.250000 0.250000 
 214
0.479817 0.006788 0.046210 
0.462778 0.986131 0.462022 
0.057405 0.007081 0.491768 
0.011103 0.011103 0.964369 0.013426 
0.250000 0.250000 0.250000 0.250000 
 215
0.479817 0.006788 0.046210 
0.462778 0.986131 0.462022 
0.057405 0.007081 0.491768 
0.966692 0.011103 0.011103 0.011103 
0.250000 0.250000 0.250000 0.250000 
 216
0.479817 0.006788 0.046210 
0.462778 0.986131 0.462022 
0.057405 0.007081 0.491768 
0.011103 0.011103 0.015164 0.962631 
0.250000 0.250000 0.250000 0.250000 
 217
0.479817 0.006788 0.046210 
0.462778 0.986131 0.462022 
0.057405 0.007081 0.491768 
0.011103 0.011103 0.966692 0.011103 
0.250000 0.250000 0.250000 0.250000 
 218
0.479817 0.006788 0.046210 
0.462778 0.986131 0.462022 
0.057405 0.007081 0.491768 
0.964519 0.011103 0.011103 0.013276 
0.250000 0.250000 0.250000 0.250000 
 219
0.479817 0.006788 0.046210 
0.462778 0.986131 0.462022 
0.057405 0.007081 0.491768 
0.015715 0.959832 0.011103 0.013350 
0.250000 0.250000 0.250000 0.250000 
 220
0.479817 0.006788 0.046210 
0.462778 0.986131 0.462022 
0.057405 0.007081 0.491768 
0.964178 0.013617 0.011103 0.011103 
0.250000 0.250000 0.250000 0.250000 
 221
0.479817 0.006788 0.046210 
0.462778 0.986131 0.462022 
0.057405 0.007081 0.491768 
0.011103 0.011103 0.011103 0.966692 
0.250000 0.250000 0.250000 0.250000 
 222
0.479817 0.006788 0.046210 
0.462778 0.986131 0.462022 
0.057405 0.007081 0.491768 
0.013472 0.011103 0.957075 0.018351 
0.250000 0.250000 0.250000 0.250000 
 223
0.479817 0.006788 0.046210 
0.462778 0.986131 0.462022 
0.057405 0.007081 0.491768 
0.013433 0.011103 0.964362 0.011103 
0.250000 0.250000 0.250000 0.250000 
 224
0.479817 0.006788 0.046210 
0.462778 0.986131 0.462022 
0.057405 0.007081 0.491768 
0.011103 0.011103 0.011103 0.966692 
0.250000 0.250000 0.250000 0.250000 
 225
0.479817 0.006788 0.046210 
0.462778 0.986131 0.462022 
0.057405 0.007081 0.491768 
0.011103 0.011103 0.011103 0.966692 
0.250000 0.250000 0.250000 0.250000 
 226
0.479817 0.006788 0.046210 
0.462778 0.986131 0.462022 
0.057405 0.007081 0.491768 
0.011103 0.966692 0.011103 0.011103 
0.250000 0.250000 0.250000 0.250000 
 227
0.479817 0.006788 0.046210 
0.462778 0.986131 0.462022 
0.057405 0.007081 0.491768 
0.966692 0.011103 0.011103 0.011103 
0.250000 0.250000 0.250000 0.250000 
 228
0.479817 0.006788 0.046210 
0.462778 0.986131 0.462022 
0.057405 0.007081 0.491768 
0.011103 0.011103 0.016236 0.961559 
0.250000 0.250000 0.250000 0.250000 
 229
0.479817 0.006788 0.046210 
0.462778 0.986131 0.462022 
0.057405 0.007081 0.491768 
0.011103 0.966692 0.011103 0.011103 
0.250000 0.250000 0.250000 0.250000 
 230
0.479817 0.006788 0.046210 
0.462778 0.986131 0.462022 
0.057405 0.007081 0.491768 
0.011103 0.966692 0.011103 0.011103 
0.250000 0.250000 0.250000 0.250000 
 231
0.479817 0.006788 0.046210 
0.462778 0.986131 0.462022 
0.057405 0.007081 0.491768 
0.921580 0.056215 0.011103 0.011103 
0.250000 0.250000 0.250000 0.250000 
 232
0.479817 0.006788 0.046210 
0.462778 0.986131 0.462022 
0.057405 0.007081 0.491768 
0.964644 0.013151 0.011103 0.011103 
0.250000 0.250000 0.250000 0.250000 
 233
0.479817 0.006788 0.046210 
0.462778 0.986131 0.462022 
0.057405 0.007081 0.491768 
0.964621 0.011103 0.013174 0.011103 
