%  SAM: /scicomp/home/yfa9/CDC_projects/Mol_genetic_analysis/Nomenclature/B_NA_Nomenclature/All_v1/All_v1-4-revision/4_Module/label/LABEL_RES/scripts/modelfromalign_Linux v3.5 (July 15, 2005) compiled 12/08/06_16:15:55
%  (c) 1992-2001 Regents of the University of California, Santa Cruz
%
%          Sequence Alignment and Modeling Software System
%         http://www.cse.ucsc.edu/research/compbio/sam.html
%
% ----------------- Citations (SAM, SAM-T2K, HMMs) --------------------
% R. Hughey, A. Krogh, Hidden Markov models for sequence analysis:
%  Extension and analysis of the basic method, CABIOS 12:95-107, 1996.
% K. Karplus, et al., What is the value added by human intervention in protein
%  structure prediction, Proteins: Stucture, Function, Genetics 45(S5):86--91, 2001.
% A. Krogh et al., Hidden Markov models in computational biology:
%  Applications to protein modeling, JMB 235:1501-1531, Feb 1994.
% ---------------------------------------------------------------------
%  3A_hmm   Host: login01.aspen.biotech.cdc.gov    Fri Oct 21 15:04:33 2016
%  yfa9     Dir:  /scicomp/home/yfa9/CDC_projects/Mol_genetic_analysis/Nomenclature/H3_Nomenclature/v_5/3_base/InfA-H3-HA-revised/c-3-4-5-6-7-VIC/c-3-4-7-VIC/c-3
% ---------------------------------------------------------------------
%  Alignment weights from internal calc.  Total (15.43) Max (0.09) Min (0.06)
%  Weights from alignment method 1 (karplus), b=-1.000000, e=0.500000
MODEL --  Model from alignment file /scicomp/home/yfa9/CDC_projects/Mol_genetic_analysis/Nomenclature/B_NA_Nomenclature/All_v1/All_v1-4-revision/4_Module/label/LABEL_RES/training_data/H3v2016-revision1/c-3-4-5-6-7-VIC/c-3-4-7-VIC/c-3/3A.fasta
alphabet DNA
FREQAVE
0.000000 0.000000 0.000000 
0.000000 0.000000 0.000000 
0.000000 0.000000 0.000000 
0.340844 0.220862 0.197792 0.240502 
0.340844 0.220862 0.197792 0.240502 
Begin
0.000000 0.000000 0.000000 
0.000000 0.000000 0.000000 
0.000000 0.008452 0.491768 
0.250000 0.250000 0.250000 0.250000 
0.250000 0.250000 0.250000 0.250000 
   1
0.000000 0.025161 0.046210 
0.000000 0.966387 0.462022 
0.050510 0.008598 0.491768 
0.952802 0.015733 0.015733 0.015733 
0.250000 0.250000 0.250000 0.250000 
   2
0.542300 0.008242 0.046210 
0.407190 0.983160 0.462022 
0.050510 0.008598 0.491768 
0.015733 0.015733 0.015733 0.952802 
0.250000 0.250000 0.250000 0.250000 
   3
0.542300 0.008242 0.046210 
0.407190 0.983160 0.462022 
0.050510 0.008598 0.491768 
0.015733 0.952802 0.015733 0.015733 
0.250000 0.250000 0.250000 0.250000 
   4
0.542300 0.008242 0.046210 
0.407190 0.983160 0.462022 
0.050510 0.008598 0.491768 
0.952802 0.015733 0.015733 0.015733 
0.250000 0.250000 0.250000 0.250000 
   5
0.542300 0.008242 0.046210 
0.407190 0.983160 0.462022 
0.050510 0.008598 0.491768 
0.952802 0.015733 0.015733 0.015733 
0.250000 0.250000 0.250000 0.250000 
   6
0.542300 0.008242 0.046210 
0.407190 0.983160 0.462022 
0.050510 0.008598 0.491768 
0.015733 0.952802 0.015733 0.015733 
0.250000 0.250000 0.250000 0.250000 
   7
0.542300 0.008242 0.046210 
0.407190 0.983160 0.462022 
0.050510 0.008598 0.491768 
0.952802 0.015733 0.015733 0.015733 
0.250000 0.250000 0.250000 0.250000 
   8
0.542300 0.008242 0.046210 
0.407190 0.983160 0.462022 
0.050510 0.008598 0.491768 
0.015733 0.015733 0.948390 0.020144 
0.250000 0.250000 0.250000 0.250000 
   9
0.542300 0.008242 0.046210 
0.407190 0.983160 0.462022 
0.050510 0.008598 0.491768 
0.015733 0.015733 0.015733 0.952802 
0.250000 0.250000 0.250000 0.250000 
  10
0.542300 0.008242 0.046210 
0.407190 0.983160 0.462022 
0.050510 0.008598 0.491768 
0.952802 0.015733 0.015733 0.015733 
0.250000 0.250000 0.250000 0.250000 
  11
0.542300 0.008242 0.046210 
0.407190 0.983160 0.462022 
0.050510 0.008598 0.491768 
0.015733 0.015733 0.019801 0.948733 
0.250000 0.250000 0.250000 0.250000 
  12
0.542300 0.008242 0.046210 
0.407190 0.983160 0.462022 
0.050510 0.008598 0.491768 
0.015733 0.015733 0.952802 0.015733 
0.250000 0.250000 0.250000 0.250000 
  13
0.542300 0.008242 0.046210 
0.407190 0.983160 0.462022 
0.050510 0.008598 0.491768 
0.952802 0.015733 0.015733 0.015733 
0.250000 0.250000 0.250000 0.250000 
  14
0.542300 0.008242 0.046210 
0.407190 0.983160 0.462022 
0.050510 0.008598 0.491768 
0.015733 0.015733 0.015733 0.952802 
0.250000 0.250000 0.250000 0.250000 
  15
0.542300 0.008242 0.046210 
0.407190 0.983160 0.462022 
0.050510 0.008598 0.491768 
0.015733 0.015733 0.015733 0.952802 
0.250000 0.250000 0.250000 0.250000 
  16
0.528197 0.008242 0.046210 
0.421293 0.983160 0.462022 
0.051232 0.008581 0.491768 
0.015671 0.952988 0.015671 0.015671 
0.250000 0.250000 0.250000 0.250000 
  17
0.535753 0.008225 0.046210 
0.413015 0.983194 0.462022 
0.051232 0.008581 0.491768 
0.015671 0.015671 0.952988 0.015671 
0.250000 0.250000 0.250000 0.250000 
  18
0.535753 0.008225 0.046210 
0.413015 0.983194 0.462022 
0.051232 0.008581 0.491768 
0.015671 0.015671 0.015671 0.952988 
0.250000 0.250000 0.250000 0.250000 
  19
0.535753 0.008225 0.046210 
0.413015 0.983194 0.462022 
0.051232 0.008581 0.491768 
0.015671 0.015671 0.015671 0.952988 
0.250000 0.250000 0.250000 0.250000 
  20
0.535753 0.008225 0.046210 
0.413015 0.983194 0.462022 
0.051232 0.008581 0.491768 
0.015671 0.015671 0.015671 0.952988 
0.250000 0.250000 0.250000 0.250000 
  21
0.535753 0.008225 0.046210 
0.413015 0.983194 0.462022 
0.051232 0.008581 0.491768 
0.015671 0.952988 0.015671 0.015671 
0.250000 0.250000 0.250000 0.250000 
  22
0.535753 0.008225 0.046210 
0.413015 0.983194 0.462022 
0.051232 0.008581 0.491768 
0.952988 0.015671 0.015671 0.015671 
0.250000 0.250000 0.250000 0.250000 
  23
0.535753 0.008225 0.046210 
0.413015 0.983194 0.462022 
0.051232 0.008581 0.491768 
0.015671 0.952988 0.015671 0.015671 
0.250000 0.250000 0.250000 0.250000 
  24
0.535753 0.008225 0.046210 
0.413015 0.983194 0.462022 
0.051232 0.008581 0.491768 
0.015671 0.015671 0.952988 0.015671 
0.250000 0.250000 0.250000 0.250000 
  25
0.535753 0.008225 0.046210 
0.413015 0.983194 0.462022 
0.051232 0.008581 0.491768 
0.015671 0.015671 0.015671 0.952988 
0.250000 0.250000 0.250000 0.250000 
  26
0.535753 0.008225 0.046210 
0.413015 0.983194 0.462022 
0.051232 0.008581 0.491768 
0.952988 0.015671 0.015671 0.015671 
0.250000 0.250000 0.250000 0.250000 
  27
0.504754 0.008225 0.046210 
0.444014 0.983194 0.462022 
0.052871 0.008543 0.491768 
0.015538 0.015538 0.953387 0.015538 
0.250000 0.250000 0.250000 0.250000 
  28
0.520901 0.008189 0.046210 
0.426227 0.983268 0.462022 
0.052871 0.008543 0.491768 
0.949143 0.015538 0.019782 0.015538 
0.250000 0.250000 0.250000 0.250000 
  29
0.520901 0.008189 0.046210 
0.426227 0.983268 0.462022 
0.052871 0.008543 0.491768 
0.015538 0.015538 0.024311 0.944613 
0.250000 0.250000 0.250000 0.250000 
  30
0.520901 0.008189 0.046210 
0.426227 0.983268 0.462022 
0.052871 0.008543 0.491768 
0.015538 0.015538 0.015538 0.953387 
0.250000 0.250000 0.250000 0.250000 
  31
0.520901 0.008189 0.046210 
0.426227 0.983268 0.462022 
0.052871 0.008543 0.491768 
0.027918 0.015538 0.916912 0.039633 
0.250000 0.250000 0.250000 0.250000 
  32
0.520901 0.008189 0.046210 
0.426227 0.983268 0.462022 
0.052871 0.008543 0.491768 
0.015538 0.015538 0.015538 0.953387 
0.250000 0.250000 0.250000 0.250000 
  33
0.520901 0.008189 0.046210 
0.426227 0.983268 0.462022 
0.052871 0.008543 0.491768 
0.953387 0.015538 0.015538 0.015538 
0.250000 0.250000 0.250000 0.250000 
  34
0.520901 0.008189 0.046210 
0.426227 0.983268 0.462022 
0.052871 0.008543 0.491768 
0.015538 0.015538 0.015538 0.953387 
0.250000 0.250000 0.250000 0.250000 
  35
0.520901 0.008189 0.046210 
0.426227 0.983268 0.462022 
0.052871 0.008543 0.491768 
0.015538 0.953387 0.015538 0.015538 
0.250000 0.250000 0.250000 0.250000 
  36
0.520901 0.008189 0.046210 
0.426227 0.983268 0.462022 
0.052871 0.008543 0.491768 
0.015538 0.015538 0.015538 0.953387 
0.250000 0.250000 0.250000 0.250000 
  37
0.520901 0.008189 0.046210 
0.426227 0.983268 0.462022 
0.052871 0.008543 0.491768 
0.028069 0.015538 0.937000 0.019393 
0.250000 0.250000 0.250000 0.250000 
  38
0.520901 0.008189 0.046210 
0.426227 0.983268 0.462022 
0.052871 0.008543 0.491768 
0.015538 0.015538 0.015538 0.953387 
0.250000 0.250000 0.250000 0.250000 
  39
0.520901 0.008189 0.046210 
0.426227 0.983268 0.462022 
0.052871 0.008543 0.491768 
0.151039 0.813611 0.015538 0.019812 
0.250000 0.250000 0.250000 0.250000 
  40
0.520901 0.008189 0.046210 
0.426227 0.983268 0.462022 
0.052871 0.008543 0.491768 
0.015538 0.953387 0.015538 0.015538 
0.250000 0.250000 0.250000 0.250000 
  41
0.520901 0.008189 0.046210 
0.426227 0.983268 0.462022 
0.052871 0.008543 0.491768 
0.015538 0.019351 0.028660 0.936452 
0.250000 0.250000 0.250000 0.250000 
  42
0.520901 0.008189 0.046210 
0.426227 0.983268 0.462022 
0.052871 0.008543 0.491768 
0.015538 0.015538 0.019639 0.949285 
0.250000 0.250000 0.250000 0.250000 
  43
0.520901 0.008189 0.046210 
0.426227 0.983268 0.462022 
0.052871 0.008543 0.491768 
0.019443 0.015538 0.015538 0.949481 
0.250000 0.250000 0.250000 0.250000 
  44
0.520901 0.008189 0.046210 
0.426227 0.983268 0.462022 
0.052871 0.008543 0.491768 
0.015538 0.015538 0.015538 0.953387 
0.250000 0.250000 0.250000 0.250000 
  45
0.520901 0.008189 0.046210 
0.426227 0.983268 0.462022 
0.052871 0.008543 0.491768 
0.019798 0.015538 0.936868 0.027796 
0.250000 0.250000 0.250000 0.250000 
  46
0.520901 0.008189 0.046210 
0.426227 0.983268 0.462022 
0.052871 0.008543 0.491768 
0.024109 0.944816 0.015538 0.015538 
0.250000 0.250000 0.250000 0.250000 
  47
0.520901 0.008189 0.046210 
0.426227 0.983268 0.462022 
0.052871 0.008543 0.491768 
0.015538 0.015538 0.953387 0.015538 
0.250000 0.250000 0.250000 0.250000 
  48
0.520901 0.008189 0.046210 
0.426227 0.983268 0.462022 
0.052871 0.008543 0.491768 
0.015538 0.015538 0.075074 0.893851 
0.250000 0.250000 0.250000 0.250000 
  49
0.441921 0.008189 0.046210 
0.505207 0.983268 0.462022 
0.057405 0.008452 0.491768 
0.015219 0.015219 0.954344 0.015219 
0.250000 0.250000 0.250000 0.250000 
  50
0.479817 0.008101 0.046210 
0.462778 0.983447 0.462022 
0.057405 0.008452 0.491768 
0.954344 0.015219 0.015219 0.015219 
0.250000 0.250000 0.250000 0.250000 
  51
0.479817 0.008101 0.046210 
0.462778 0.983447 0.462022 
0.057405 0.008452 0.491768 
0.954344 0.015219 0.015219 0.015219 
0.250000 0.250000 0.250000 0.250000 
  52
0.479817 0.008101 0.046210 
0.462778 0.983447 0.462022 
0.057405 0.008452 0.491768 
0.950466 0.019097 0.015219 0.015219 
0.250000 0.250000 0.250000 0.250000 
  53
0.479817 0.008101 0.046210 
0.462778 0.983447 0.462022 
0.057405 0.008452 0.491768 
0.954344 0.015219 0.015219 0.015219 
0.250000 0.250000 0.250000 0.250000 
  54
0.479817 0.008101 0.046210 
0.462778 0.983447 0.462022 
0.057405 0.008452 0.491768 
0.954344 0.015219 0.015219 0.015219 
0.250000 0.250000 0.250000 0.250000 
  55
0.479817 0.008101 0.046210 
0.462778 0.983447 0.462022 
0.057405 0.008452 0.491768 
0.180282 0.015219 0.754158 0.050342 
0.250000 0.250000 0.250000 0.250000 
  56
0.479817 0.008101 0.046210 
0.462778 0.983447 0.462022 
0.057405 0.008452 0.491768 
0.015219 0.015219 0.015219 0.954344 
0.250000 0.250000 0.250000 0.250000 
  57
0.479817 0.008101 0.046210 
0.462778 0.983447 0.462022 
0.057405 0.008452 0.491768 
0.015219 0.015219 0.015219 0.954344 
0.250000 0.250000 0.250000 0.250000 
  58
0.479817 0.008101 0.046210 
0.462778 0.983447 0.462022 
0.057405 0.008452 0.491768 
0.015219 0.015219 0.954344 0.015219 
0.250000 0.250000 0.250000 0.250000 
  59
0.479817 0.008101 0.046210 
0.462778 0.983447 0.462022 
0.057405 0.008452 0.491768 
0.015219 0.015219 0.954344 0.015219 
0.250000 0.250000 0.250000 0.250000 
  60
0.479817 0.008101 0.046210 
0.462778 0.983447 0.462022 
0.057405 0.008452 0.491768 
0.015219 0.015219 0.015219 0.954344 
0.250000 0.250000 0.250000 0.250000 
  61
0.479817 0.008101 0.046210 
0.462778 0.983447 0.462022 
0.057405 0.008452 0.491768 
0.019410 0.950153 0.015219 0.015219 
0.250000 0.250000 0.250000 0.250000 
  62
0.479817 0.008101 0.046210 
0.462778 0.983447 0.462022 
0.057405 0.008452 0.491768 
0.052447 0.917116 0.015219 0.015219 
0.250000 0.250000 0.250000 0.250000 
  63
0.479817 0.008101 0.046210 
0.462778 0.983447 0.462022 
0.057405 0.008452 0.491768 
0.954344 0.015219 0.015219 0.015219 
0.250000 0.250000 0.250000 0.250000 
  64
0.479817 0.008101 0.046210 
0.462778 0.983447 0.462022 
0.057405 0.008452 0.491768 
0.954344 0.015219 0.015219 0.015219 
0.250000 0.250000 0.250000 0.250000 
  65
0.479817 0.008101 0.046210 
0.462778 0.983447 0.462022 
0.057405 0.008452 0.491768 
0.954344 0.015219 0.015219 0.015219 
0.250000 0.250000 0.250000 0.250000 
  66
0.479817 0.008101 0.046210 
0.462778 0.983447 0.462022 
0.057405 0.008452 0.491768 
0.015219 0.015219 0.015219 0.954344 
0.250000 0.250000 0.250000 0.250000 
  67
0.479817 0.008101 0.046210 
0.462778 0.983447 0.462022 
0.057405 0.008452 0.491768 
0.015219 0.954344 0.015219 0.015219 
0.250000 0.250000 0.250000 0.250000 
  68
0.479817 0.008101 0.046210 
0.462778 0.983447 0.462022 
0.057405 0.008452 0.491768 
0.954344 0.015219 0.015219 0.015219 
0.250000 0.250000 0.250000 0.250000 
  69
0.479817 0.008101 0.046210 
0.462778 0.983447 0.462022 
0.057405 0.008452 0.491768 
0.019092 0.015219 0.950471 0.015219 
0.250000 0.250000 0.250000 0.250000 
  70
0.479817 0.008101 0.046210 
0.462778 0.983447 0.462022 
0.057405 0.008452 0.491768 
0.954344 0.015219 0.015219 0.015219 
0.250000 0.250000 0.250000 0.250000 
  71
0.479817 0.008101 0.046210 
0.462778 0.983447 0.462022 
0.057405 0.008452 0.491768 
0.954344 0.015219 0.015219 0.015219 
0.250000 0.250000 0.250000 0.250000 
  72
0.479817 0.008101 0.046210 
0.462778 0.983447 0.462022 
0.057405 0.008452 0.491768 
0.015219 0.015219 0.949927 0.019635 
0.250000 0.250000 0.250000 0.250000 
  73
0.479817 0.008101 0.046210 
0.462778 0.983447 0.462022 
0.057405 0.008452 0.491768 
0.954344 0.015219 0.015219 0.015219 
0.250000 0.250000 0.250000 0.250000 
  74
0.479817 0.008101 0.046210 
0.462778 0.983447 0.462022 
0.057405 0.008452 0.491768 
0.015219 0.950492 0.015219 0.019071 
0.250000 0.250000 0.250000 0.250000 
  75
0.479817 0.008101 0.046210 
0.462778 0.983447 0.462022 
0.057405 0.008452 0.491768 
0.015219 0.015219 0.954344 0.015219 
0.250000 0.250000 0.250000 0.250000 
  76
0.479817 0.008101 0.046210 
0.462778 0.983447 0.462022 
0.057405 0.008452 0.491768 
0.954344 0.015219 0.015219 0.015219 
0.250000 0.250000 0.250000 0.250000 
  77
0.479817 0.008101 0.046210 
0.462778 0.983447 0.462022 
0.057405 0.008452 0.491768 
0.015219 0.015219 0.954344 0.015219 
0.250000 0.250000 0.250000 0.250000 
  78
0.479817 0.008101 0.046210 
0.462778 0.983447 0.462022 
0.057405 0.008452 0.491768 
0.019253 0.945738 0.015219 0.019791 
0.250000 0.250000 0.250000 0.250000 
  79
0.479817 0.008101 0.046210 
0.462778 0.983447 0.462022 
0.057405 0.008452 0.491768 
0.015219 0.954344 0.015219 0.015219 
0.250000 0.250000 0.250000 0.250000 
  80
0.479817 0.008101 0.046210 
0.462778 0.983447 0.462022 
0.057405 0.008452 0.491768 
0.015219 0.015219 0.954344 0.015219 
0.250000 0.250000 0.250000 0.250000 
  81
0.479817 0.008101 0.046210 
0.462778 0.983447 0.462022 
0.057405 0.008452 0.491768 
0.954344 0.015219 0.015219 0.015219 
0.250000 0.250000 0.250000 0.250000 
  82
0.479817 0.008101 0.046210 
0.462778 0.983447 0.462022 
0.057405 0.008452 0.491768 
0.945543 0.024020 0.015219 0.015219 
0.250000 0.250000 0.250000 0.250000 
  83
0.479817 0.008101 0.046210 
0.462778 0.983447 0.462022 
0.057405 0.008452 0.491768 
0.015219 0.015219 0.954344 0.015219 
0.250000 0.250000 0.250000 0.250000 
  84
0.479817 0.008101 0.046210 
0.462778 0.983447 0.462022 
0.057405 0.008452 0.491768 
0.019363 0.950200 0.015219 0.015219 
0.250000 0.250000 0.250000 0.250000 
  85
0.479817 0.008101 0.046210 
0.462778 0.983447 0.462022 
0.057405 0.008452 0.491768 
0.015219 0.015219 0.954344 0.015219 
0.250000 0.250000 0.250000 0.250000 
  86
0.479817 0.008101 0.046210 
0.462778 0.983447 0.462022 
0.057405 0.008452 0.491768 
0.015219 0.015219 0.015219 0.954344 
0.250000 0.250000 0.250000 0.250000 
  87
0.479817 0.008101 0.046210 
0.462778 0.983447 0.462022 
0.057405 0.008452 0.491768 
0.023663 0.945900 0.015219 0.015219 
0.250000 0.250000 0.250000 0.250000 
  88
0.479817 0.008101 0.046210 
0.462778 0.983447 0.462022 
0.057405 0.008452 0.491768 
0.015219 0.015219 0.015219 0.954344 
0.250000 0.250000 0.250000 0.250000 
  89
0.479817 0.008101 0.046210 
0.462778 0.983447 0.462022 
0.057405 0.008452 0.491768 
0.015219 0.954344 0.015219 0.015219 
0.250000 0.250000 0.250000 0.250000 
  90
0.479817 0.008101 0.046210 
0.462778 0.983447 0.462022 
0.057405 0.008452 0.491768 
0.015219 0.015219 0.954344 0.015219 
0.250000 0.250000 0.250000 0.250000 
  91
0.479817 0.008101 0.046210 
0.462778 0.983447 0.462022 
0.057405 0.008452 0.491768 
0.015219 0.015219 0.954344 0.015219 
0.250000 0.250000 0.250000 0.250000 
  92
0.479817 0.008101 0.046210 
0.462778 0.983447 0.462022 
0.057405 0.008452 0.491768 
0.015219 0.015219 0.015219 0.954344 
0.250000 0.250000 0.250000 0.250000 
  93
0.479817 0.008101 0.046210 
0.462778 0.983447 0.462022 
0.057405 0.008452 0.491768 
0.015219 0.015219 0.015219 0.954344 
0.250000 0.250000 0.250000 0.250000 
  94
0.479817 0.008101 0.046210 
0.462778 0.983447 0.462022 
0.057405 0.008452 0.491768 
0.015219 0.954344 0.015219 0.015219 
0.250000 0.250000 0.250000 0.250000 
  95
0.479817 0.008101 0.046210 
0.462778 0.983447 0.462022 
0.057405 0.008452 0.491768 
0.015219 0.954344 0.015219 0.015219 
0.250000 0.250000 0.250000 0.250000 
  96
0.479817 0.008101 0.046210 
0.462778 0.983447 0.462022 
0.057405 0.008452 0.491768 
0.019317 0.950246 0.015219 0.015219 
0.250000 0.250000 0.250000 0.250000 
  97
0.479817 0.008101 0.046210 
0.462778 0.983447 0.462022 
0.057405 0.008452 0.491768 
0.015219 0.015219 0.954344 0.015219 
0.250000 0.250000 0.250000 0.250000 
  98
0.479817 0.008101 0.046210 
0.462778 0.983447 0.462022 
0.057405 0.008452 0.491768 
0.945543 0.024020 0.015219 0.015219 
0.250000 0.250000 0.250000 0.250000 
  99
0.479817 0.008101 0.046210 
0.462778 0.983447 0.462022 
0.057405 0.008452 0.491768 
0.015219 0.015219 0.950419 0.019143 
0.250000 0.250000 0.250000 0.250000 
 100
0.479817 0.008101 0.046210 
0.462778 0.983447 0.462022 
0.057405 0.008452 0.491768 
0.015219 0.015219 0.954344 0.015219 
0.250000 0.250000 0.250000 0.250000 
 101
0.479817 0.008101 0.046210 
0.462778 0.983447 0.462022 
0.057405 0.008452 0.491768 
0.954344 0.015219 0.015219 0.015219 
0.250000 0.250000 0.250000 0.250000 
 102
0.479817 0.008101 0.046210 
0.462778 0.983447 0.462022 
0.057405 0.008452 0.491768 
0.015219 0.015219 0.015219 0.954344 
0.250000 0.250000 0.250000 0.250000 
 103
0.479817 0.008101 0.046210 
0.462778 0.983447 0.462022 
0.057405 0.008452 0.491768 
0.015219 0.954344 0.015219 0.015219 
0.250000 0.250000 0.250000 0.250000 
 104
0.479817 0.008101 0.046210 
0.462778 0.983447 0.462022 
0.057405 0.008452 0.491768 
0.015219 0.015219 0.954344 0.015219 
0.250000 0.250000 0.250000 0.250000 
 105
0.479817 0.008101 0.046210 
0.462778 0.983447 0.462022 
0.057405 0.008452 0.491768 
0.950435 0.015219 0.015219 0.019128 
0.250000 0.250000 0.250000 0.250000 
 106
0.479817 0.008101 0.046210 
0.462778 0.983447 0.462022 
0.057405 0.008452 0.491768 
0.015219 0.954344 0.015219 0.015219 
0.250000 0.250000 0.250000 0.250000 
 107
0.479817 0.008101 0.046210 
0.462778 0.983447 0.462022 
0.057405 0.008452 0.491768 
0.015219 0.015219 0.015219 0.954344 
0.250000 0.250000 0.250000 0.250000 
 108
0.479817 0.008101 0.046210 
0.462778 0.983447 0.462022 
0.057405 0.008452 0.491768 
0.954344 0.015219 0.015219 0.015219 
0.250000 0.250000 0.250000 0.250000 
 109
0.479817 0.008101 0.046210 
0.462778 0.983447 0.462022 
0.057405 0.008452 0.491768 
0.015219 0.015219 0.954344 0.015219 
0.250000 0.250000 0.250000 0.250000 
 110
0.479817 0.008101 0.046210 
0.462778 0.983447 0.462022 
0.057405 0.008452 0.491768 
0.015219 0.015219 0.954344 0.015219 
0.250000 0.250000 0.250000 0.250000 
 111
0.479817 0.008101 0.046210 
0.462778 0.983447 0.462022 
0.057405 0.008452 0.491768 
0.954344 0.015219 0.015219 0.015219 
0.250000 0.250000 0.250000 0.250000 
 112
0.479817 0.008101 0.046210 
0.462778 0.983447 0.462022 
0.057405 0.008452 0.491768 
0.954344 0.015219 0.015219 0.015219 
0.250000 0.250000 0.250000 0.250000 
 113
0.479817 0.008101 0.046210 
0.462778 0.983447 0.462022 
0.057405 0.008452 0.491768 
0.954344 0.015219 0.015219 0.015219 
0.250000 0.250000 0.250000 0.250000 
 114
0.479817 0.008101 0.046210 
0.462778 0.983447 0.462022 
0.057405 0.008452 0.491768 
0.015219 0.015219 0.944681 0.024882 
0.250000 0.250000 0.250000 0.250000 
 115
0.479817 0.008101 0.046210 
0.462778 0.983447 0.462022 
0.057405 0.008452 0.491768 
0.015219 0.954344 0.015219 0.015219 
0.250000 0.250000 0.250000 0.250000 
 116
0.479817 0.008101 0.046210 
0.462778 0.983447 0.462022 
0.057405 0.008452 0.491768 
0.015219 0.954344 0.015219 0.015219 
0.250000 0.250000 0.250000 0.250000 
 117
0.479817 0.008101 0.046210 
0.462778 0.983447 0.462022 
0.057405 0.008452 0.491768 
0.942373 0.027190 0.015219 0.015219 
0.250000 0.250000 0.250000 0.250000 
 118
0.479817 0.008101 0.046210 
0.462778 0.983447 0.462022 
0.057405 0.008452 0.491768 
0.954344 0.015219 0.015219 0.015219 
0.250000 0.250000 0.250000 0.250000 
 119
0.479817 0.008101 0.046210 
0.462778 0.983447 0.462022 
0.057405 0.008452 0.491768 
0.015219 0.015219 0.954344 0.015219 
0.250000 0.250000 0.250000 0.250000 
 120
0.479817 0.008101 0.046210 
0.462778 0.983447 0.462022 
0.057405 0.008452 0.491768 
0.023038 0.937904 0.015219 0.023840 
0.250000 0.250000 0.250000 0.250000 
 121
0.479817 0.008101 0.046210 
0.462778 0.983447 0.462022 
0.057405 0.008452 0.491768 
0.954344 0.015219 0.015219 0.015219 
0.250000 0.250000 0.250000 0.250000 
 122
0.479817 0.008101 0.046210 
0.462778 0.983447 0.462022 
0.057405 0.008452 0.491768 
0.015219 0.015219 0.015219 0.954344 
0.250000 0.250000 0.250000 0.250000 
 123
0.479817 0.008101 0.046210 
0.462778 0.983447 0.462022 
0.057405 0.008452 0.491768 
0.950246 0.019317 0.015219 0.015219 
0.250000 0.250000 0.250000 0.250000 
 124
0.479817 0.008101 0.046210 
0.462778 0.983447 0.462022 
0.057405 0.008452 0.491768 
0.015219 0.954344 0.015219 0.015219 
0.250000 0.250000 0.250000 0.250000 
 125
0.479817 0.008101 0.046210 
0.462778 0.983447 0.462022 
0.057405 0.008452 0.491768 
0.015219 0.015219 0.015219 0.954344 
0.250000 0.250000 0.250000 0.250000 
 126
0.479817 0.008101 0.046210 
0.462778 0.983447 0.462022 
0.057405 0.008452 0.491768 
0.060471 0.909092 0.015219 0.015219 
0.250000 0.250000 0.250000 0.250000 
 127
0.479817 0.008101 0.046210 
0.462778 0.983447 0.462022 
0.057405 0.008452 0.491768 
0.954344 0.015219 0.015219 0.015219 
0.250000 0.250000 0.250000 0.250000 
 128
0.479817 0.008101 0.046210 
0.462778 0.983447 0.462022 
0.057405 0.008452 0.491768 
0.954344 0.015219 0.015219 0.015219 
0.250000 0.250000 0.250000 0.250000 
 129
0.479817 0.008101 0.046210 
0.462778 0.983447 0.462022 
0.057405 0.008452 0.491768 
0.954344 0.015219 0.015219 0.015219 
0.250000 0.250000 0.250000 0.250000 
 130
0.479817 0.008101 0.046210 
0.462778 0.983447 0.462022 
0.057405 0.008452 0.491768 
0.954344 0.015219 0.015219 0.015219 
0.250000 0.250000 0.250000 0.250000 
 131
0.479817 0.008101 0.046210 
0.462778 0.983447 0.462022 
0.057405 0.008452 0.491768 
0.015219 0.015219 0.954344 0.015219 
0.250000 0.250000 0.250000 0.250000 
 132
0.479817 0.008101 0.046210 
0.462778 0.983447 0.462022 
0.057405 0.008452 0.491768 
0.954344 0.015219 0.015219 0.015219 
0.250000 0.250000 0.250000 0.250000 
 133
0.479817 0.008101 0.046210 
0.462778 0.983447 0.462022 
0.057405 0.008452 0.491768 
0.954344 0.015219 0.015219 0.015219 
0.250000 0.250000 0.250000 0.250000 
 134
0.479817 0.008101 0.046210 
0.462778 0.983447 0.462022 
0.057405 0.008452 0.491768 
0.015219 0.015219 0.015219 0.954344 
0.250000 0.250000 0.250000 0.250000 
 135
0.479817 0.008101 0.046210 
0.462778 0.983447 0.462022 
0.057405 0.008452 0.491768 
0.015219 0.015219 0.860539 0.109024 
0.250000 0.250000 0.250000 0.250000 
 136
0.479817 0.008101 0.046210 
0.462778 0.983447 0.462022 
0.057405 0.008452 0.491768 
0.954344 0.015219 0.015219 0.015219 
0.250000 0.250000 0.250000 0.250000 
 137
0.479817 0.008101 0.046210 
0.462778 0.983447 0.462022 
0.057405 0.008452 0.491768 
0.015219 0.015219 0.954344 0.015219 
0.250000 0.250000 0.250000 0.250000 
 138
0.479817 0.008101 0.046210 
0.462778 0.983447 0.462022 
0.057405 0.008452 0.491768 
0.034880 0.929652 0.015219 0.020249 
0.250000 0.250000 0.250000 0.250000 
 139
0.479817 0.008101 0.046210 
0.462778 0.983447 0.462022 
0.057405 0.008452 0.491768 
0.937953 0.027355 0.019473 0.015219 
0.250000 0.250000 0.250000 0.250000 
 140
0.479817 0.008101 0.046210 
0.462778 0.983447 0.462022 
0.057405 0.008452 0.491768 
0.942236 0.027326 0.015219 0.015219 
0.250000 0.250000 0.250000 0.250000 
 141
0.479817 0.008101 0.046210 
0.462778 0.983447 0.462022 
0.057405 0.008452 0.491768 
0.015219 0.015219 0.015219 0.954344 
0.250000 0.250000 0.250000 0.250000 
 142
0.479817 0.008101 0.046210 
0.462778 0.983447 0.462022 
0.057405 0.008452 0.491768 
0.015219 0.954344 0.015219 0.015219 
0.250000 0.250000 0.250000 0.250000 
 143
0.479817 0.008101 0.046210 
0.462778 0.983447 0.462022 
0.057405 0.008452 0.491768 
0.950120 0.019443 0.015219 0.015219 
0.250000 0.250000 0.250000 0.250000 
 144
0.479817 0.008101 0.046210 
0.462778 0.983447 0.462022 
0.057405 0.008452 0.491768 
0.047876 0.015219 0.921687 0.015219 
0.250000 0.250000 0.250000 0.250000 
 145
0.479817 0.008101 0.046210 
0.462778 0.983447 0.462022 
0.057405 0.008452 0.491768 
0.015219 0.015219 0.954344 0.015219 
0.250000 0.250000 0.250000 0.250000 
 146
0.479817 0.008101 0.046210 
0.462778 0.983447 0.462022 
0.057405 0.008452 0.491768 
0.954344 0.015219 0.015219 0.015219 
0.250000 0.250000 0.250000 0.250000 
 147
0.479817 0.008101 0.046210 
0.462778 0.983447 0.462022 
0.057405 0.008452 0.491768 
0.954344 0.015219 0.015219 0.015219 
0.250000 0.250000 0.250000 0.250000 
 148
0.479817 0.008101 0.046210 
0.462778 0.983447 0.462022 
0.057405 0.008452 0.491768 
0.954344 0.015219 0.015219 0.015219 
0.250000 0.250000 0.250000 0.250000 
 149
0.479817 0.008101 0.046210 
0.462778 0.983447 0.462022 
0.057405 0.008452 0.491768 
0.015219 0.015219 0.015219 0.954344 
0.250000 0.250000 0.250000 0.250000 
 150
0.479817 0.008101 0.046210 
0.462778 0.983447 0.462022 
0.057405 0.008452 0.491768 
0.015219 0.015219 0.015219 0.954344 
0.250000 0.250000 0.250000 0.250000 
 151
0.479817 0.008101 0.046210 
0.462778 0.983447 0.462022 
0.057405 0.008452 0.491768 
0.015219 0.954344 0.015219 0.015219 
0.250000 0.250000 0.250000 0.250000 
 152
0.479817 0.008101 0.046210 
0.462778 0.983447 0.462022 
0.057405 0.008452 0.491768 
0.954344 0.015219 0.015219 0.015219 
0.250000 0.250000 0.250000 0.250000 
 153
0.479817 0.008101 0.046210 
0.462778 0.983447 0.462022 
0.057405 0.008452 0.491768 
0.950079 0.019345 0.015288 0.015288 
0.250000 0.250000 0.250000 0.250000 
 154
0.479817 0.008101 0.046210 
0.462778 0.983447 0.462022 
0.057405 0.008452 0.491768 
0.015219 0.954344 0.015219 0.015219 
0.250000 0.250000 0.250000 0.250000 
 155
0.479817 0.008101 0.046210 
0.462778 0.983447 0.462022 
0.057405 0.008452 0.491768 
0.015219 0.015219 0.015219 0.954344 
0.250000 0.250000 0.250000 0.250000 
 156
0.479817 0.008101 0.046210 
0.462778 0.983447 0.462022 
0.057405 0.008452 0.491768 
0.015219 0.015219 0.015219 0.954344 
0.250000 0.250000 0.250000 0.250000 
 157
0.479817 0.008101 0.046210 
0.462778 0.983447 0.462022 
0.057405 0.008452 0.491768 
0.954344 0.015219 0.015219 0.015219 
0.250000 0.250000 0.250000 0.250000 
 158
0.479817 0.008101 0.046210 
0.462778 0.983447 0.462022 
0.057405 0.008452 0.491768 
0.015219 0.015219 0.954344 0.015219 
0.250000 0.250000 0.250000 0.250000 
 159
0.479817 0.008101 0.046210 
0.462778 0.983447 0.462022 
0.057405 0.008452 0.491768 
0.015219 0.015219 0.020014 0.949549 
0.250000 0.250000 0.250000 0.250000 
 160
0.479817 0.008101 0.046210 
0.462778 0.983447 0.462022 
0.057405 0.008452 0.491768 
0.954344 0.015219 0.015219 0.015219 
0.250000 0.250000 0.250000 0.250000 
 161
0.479817 0.008101 0.046210 
0.462778 0.983447 0.462022 
0.057405 0.008452 0.491768 
0.954344 0.015219 0.015219 0.015219 
0.250000 0.250000 0.250000 0.250000 
 162
0.479817 0.008101 0.046210 
0.462778 0.983447 0.462022 
0.057405 0.008452 0.491768 
0.015219 0.015219 0.015219 0.954344 
0.250000 0.250000 0.250000 0.250000 
 163
0.479817 0.008101 0.046210 
0.462778 0.983447 0.462022 
0.057405 0.008452 0.491768 
0.015219 0.954344 0.015219 0.015219 
0.250000 0.250000 0.250000 0.250000 
 164
0.479817 0.008101 0.046210 
0.462778 0.983447 0.462022 
0.057405 0.008452 0.491768 
0.015219 0.015219 0.954344 0.015219 
0.250000 0.250000 0.250000 0.250000 
 165
0.479817 0.008101 0.046210 
0.462778 0.983447 0.462022 
0.057405 0.008452 0.491768 
0.015219 0.023470 0.018961 0.942350 
0.250000 0.250000 0.250000 0.250000 
 166
0.479817 0.008101 0.046210 
0.462778 0.983447 0.462022 
0.057405 0.008452 0.491768 
0.954344 0.015219 0.015219 0.015219 
0.250000 0.250000 0.250000 0.250000 
 167
0.479817 0.008101 0.046210 
0.462778 0.983447 0.462022 
0.057405 0.008452 0.491768 
0.015219 0.015219 0.954344 0.015219 
0.250000 0.250000 0.250000 0.250000 
 168
0.479817 0.008101 0.046210 
0.462778 0.983447 0.462022 
0.057405 0.008452 0.491768 
0.019267 0.015219 0.015219 0.950296 
0.250000 0.250000 0.250000 0.250000 
 169
0.479817 0.008101 0.046210 
0.462778 0.983447 0.462022 
0.057405 0.008452 0.491768 
0.015219 0.954344 0.015219 0.015219 
0.250000 0.250000 0.250000 0.250000 
 170
0.479817 0.008101 0.046210 
0.462778 0.983447 0.462022 
0.057405 0.008452 0.491768 
0.954344 0.015219 0.015219 0.015219 
0.250000 0.250000 0.250000 0.250000 
 171
0.479817 0.008101 0.046210 
0.462778 0.983447 0.462022 
0.057405 0.008452 0.491768 
0.015219 0.954344 0.015219 0.015219 
0.250000 0.250000 0.250000 0.250000 
 172
0.479817 0.008101 0.046210 
0.462778 0.983447 0.462022 
0.057405 0.008452 0.491768 
0.015219 0.015219 0.945905 0.023657 
0.250000 0.250000 0.250000 0.250000 
 173
0.479817 0.008101 0.046210 
0.462778 0.983447 0.462022 
0.057405 0.008452 0.491768 
0.015219 0.015219 0.015219 0.954344 
0.250000 0.250000 0.250000 0.250000 
 174
0.479817 0.008101 0.046210 
0.462778 0.983447 0.462022 
0.057405 0.008452 0.491768 
0.023029 0.946534 0.015219 0.015219 
0.250000 0.250000 0.250000 0.250000 
 175
0.479817 0.008101 0.046210 
0.462778 0.983447 0.462022 
0.057405 0.008452 0.491768 
0.015219 0.954344 0.015219 0.015219 
0.250000 0.250000 0.250000 0.250000 
 176
0.479817 0.008101 0.046210 
0.462778 0.983447 0.462022 
0.057405 0.008452 0.491768 
0.015219 0.015219 0.015219 0.954344 
0.250000 0.250000 0.250000 0.250000 
 177
0.479817 0.008101 0.046210 
0.462778 0.983447 0.462022 
0.057405 0.008452 0.491768 
0.015219 0.015219 0.015219 0.954344 
0.250000 0.250000 0.250000 0.250000 
 178
0.479817 0.008101 0.046210 
0.462778 0.983447 0.462022 
0.057405 0.008452 0.491768 
0.015219 0.015219 0.954344 0.015219 
0.250000 0.250000 0.250000 0.250000 
 179
0.479817 0.008101 0.046210 
0.462778 0.983447 0.462022 
0.057405 0.008452 0.491768 
0.954344 0.015219 0.015219 0.015219 
0.250000 0.250000 0.250000 0.250000 
 180
0.479817 0.008101 0.046210 
0.462778 0.983447 0.462022 
0.057405 0.008452 0.491768 
0.019851 0.949711 0.015219 0.015219 
0.250000 0.250000 0.250000 0.250000 
 181
0.479817 0.008101 0.046210 
0.462778 0.983447 0.462022 
0.057405 0.008452 0.491768 
0.954344 0.015219 0.015219 0.015219 
0.250000 0.250000 0.250000 0.250000 
 182
0.479817 0.008101 0.046210 
0.462778 0.983447 0.462022 
0.057405 0.008452 0.491768 
0.075109 0.894454 0.015219 0.015219 
0.250000 0.250000 0.250000 0.250000 
 183
0.479817 0.008101 0.046210 
0.462778 0.983447 0.462022 
0.057405 0.008452 0.491768 
0.015219 0.015219 0.030885 0.938677 
0.250000 0.250000 0.250000 0.250000 
 184
0.479817 0.008101 0.046210 
0.462778 0.983447 0.462022 
0.057405 0.008452 0.491768 
0.015219 0.015219 0.015219 0.954344 
0.250000 0.250000 0.250000 0.250000 
 185
0.479817 0.008101 0.046210 
0.462778 0.983447 0.462022 
0.057405 0.008452 0.491768 
0.015219 0.015219 0.954344 0.015219 
0.250000 0.250000 0.250000 0.250000 
 186
0.479817 0.008101 0.046210 
0.462778 0.983447 0.462022 
0.057405 0.008452 0.491768 
0.015219 0.015219 0.942536 0.027027 
0.250000 0.250000 0.250000 0.250000 
 187
0.479817 0.008101 0.046210 
0.462778 0.983447 0.462022 
0.057405 0.008452 0.491768 
0.015219 0.015219 0.015219 0.954344 
0.250000 0.250000 0.250000 0.250000 
 188
0.479817 0.008101 0.046210 
0.462778 0.983447 0.462022 
0.057405 0.008452 0.491768 
0.015219 0.015219 0.954344 0.015219 
0.250000 0.250000 0.250000 0.250000 
 189
0.479817 0.008101 0.046210 
0.462778 0.983447 0.462022 
0.057405 0.008452 0.491768 
0.954344 0.015219 0.015219 0.015219 
0.250000 0.250000 0.250000 0.250000 
 190
0.479817 0.008101 0.046210 
0.462778 0.983447 0.462022 
0.057405 0.008452 0.491768 
0.954344 0.015219 0.015219 0.015219 
0.250000 0.250000 0.250000 0.250000 
 191
0.479817 0.008101 0.046210 
0.462778 0.983447 0.462022 
0.057405 0.008452 0.491768 
0.015219 0.015219 0.954344 0.015219 
0.250000 0.250000 0.250000 0.250000 
 192
0.479817 0.008101 0.046210 
0.462778 0.983447 0.462022 
0.057405 0.008452 0.491768 
0.949798 0.015219 0.015219 0.019765 
0.250000 0.250000 0.250000 0.250000 
 193
0.479817 0.008101 0.046210 
0.462778 0.983447 0.462022 
0.057405 0.008452 0.491768 
0.015219 0.954344 0.015219 0.015219 
0.250000 0.250000 0.250000 0.250000 
 194
0.479817 0.008101 0.046210 
0.462778 0.983447 0.462022 
0.057405 0.008452 0.491768 
0.015219 0.954344 0.015219 0.015219 
0.250000 0.250000 0.250000 0.250000 
 195
0.479817 0.008101 0.046210 
0.462778 0.983447 0.462022 
0.057405 0.008452 0.491768 
0.015219 0.015219 0.105435 0.864128 
0.250000 0.250000 0.250000 0.250000 
 196
0.479817 0.008101 0.046210 
0.462778 0.983447 0.462022 
0.057405 0.008452 0.491768 
0.015219 0.954344 0.015219 0.015219 
0.250000 0.250000 0.250000 0.250000 
 197
0.479817 0.008101 0.046210 
0.462778 0.983447 0.462022 
0.057405 0.008452 0.491768 
0.954344 0.015219 0.015219 0.015219 
0.250000 0.250000 0.250000 0.250000 
 198
0.479817 0.008101 0.046210 
0.462778 0.983447 0.462022 
0.057405 0.008452 0.491768 
0.954344 0.015219 0.015219 0.015219 
0.250000 0.250000 0.250000 0.250000 
 199
0.479817 0.008101 0.046210 
0.462778 0.983447 0.462022 
0.057405 0.008452 0.491768 
0.954344 0.015219 0.015219 0.015219 
0.250000 0.250000 0.250000 0.250000 
 200
0.479817 0.008101 0.046210 
0.462778 0.983447 0.462022 
0.057405 0.008452 0.491768 
0.015219 0.015219 0.015219 0.954344 
0.250000 0.250000 0.250000 0.250000 
 201
0.479817 0.008101 0.046210 
0.462778 0.983447 0.462022 
0.057405 0.008452 0.491768 
0.954344 0.015219 0.015219 0.015219 
0.250000 0.250000 0.250000 0.250000 
 202
0.479817 0.008101 0.046210 
0.462778 0.983447 0.462022 
0.057405 0.008452 0.491768 
0.015219 0.015219 0.015219 0.954344 
0.250000 0.250000 0.250000 0.250000 
 203
0.479817 0.008101 0.046210 
0.462778 0.983447 0.462022 
0.057405 0.008452 0.491768 
0.015219 0.954344 0.015219 0.015219 
0.250000 0.250000 0.250000 0.250000 
 204
0.479817 0.008101 0.046210 
0.462778 0.983447 0.462022 
0.057405 0.008452 0.491768 
0.015219 0.015219 0.950235 0.019327 
0.250000 0.250000 0.250000 0.250000 
 205
0.479817 0.008101 0.046210 
0.462778 0.983447 0.462022 
0.057405 0.008452 0.491768 
0.176737 0.788438 0.019548 0.015277 
0.250000 0.250000 0.250000 0.250000 
 206
0.479817 0.008101 0.046210 
0.462778 0.983447 0.462022 
0.057405 0.008452 0.491768 
0.942492 0.027070 0.015219 0.015219 
0.250000 0.250000 0.250000 0.250000 
 207
0.479817 0.008101 0.046210 
0.462778 0.983447 0.462022 
0.057405 0.008452 0.491768 
0.015219 0.015219 0.954344 0.015219 
0.250000 0.250000 0.250000 0.250000 
 208
0.479817 0.008101 0.046210 
0.462778 0.983447 0.462022 
0.057405 0.008452 0.491768 
0.954344 0.015219 0.015219 0.015219 
0.250000 0.250000 0.250000 0.250000 
 209
0.479817 0.008101 0.046210 
0.462778 0.983447 0.462022 
0.057405 0.008452 0.491768 
0.019990 0.949573 0.015219 0.015219 
0.250000 0.250000 0.250000 0.250000 
 210
0.479817 0.008101 0.046210 
0.462778 0.983447 0.462022 
0.057405 0.008452 0.491768 
0.015219 0.015219 0.019178 0.950385 
0.250000 0.250000 0.250000 0.250000 
 211
0.479817 0.008101 0.046210 
0.462778 0.983447 0.462022 
0.057405 0.008452 0.491768 
0.015219 0.015219 0.954344 0.015219 
0.250000 0.250000 0.250000 0.250000 
 212
0.479817 0.008101 0.046210 
0.462778 0.983447 0.462022 
0.057405 0.008452 0.491768 
0.015219 0.015219 0.954344 0.015219 
0.250000 0.250000 0.250000 0.250000 
 213
0.479817 0.008101 0.046210 
0.462778 0.983447 0.462022 
0.057405 0.008452 0.491768 
0.015219 0.015219 0.015219 0.954344 
0.250000 0.250000 0.250000 0.250000 
 214
0.479817 0.008101 0.046210 
0.462778 0.983447 0.462022 
0.057405 0.008452 0.491768 
0.015219 0.015219 0.954344 0.015219 
0.250000 0.250000 0.250000 0.250000 
 215
0.479817 0.008101 0.046210 
0.462778 0.983447 0.462022 
0.057405 0.008452 0.491768 
0.954344 0.015219 0.015219 0.015219 
0.250000 0.250000 0.250000 0.250000 
 216
0.479817 0.008101 0.046210 
0.462778 0.983447 0.462022 
0.057405 0.008452 0.491768 
0.015219 0.015219 0.015219 0.954344 
0.250000 0.250000 0.250000 0.250000 
 217
0.479817 0.008101 0.046210 
0.462778 0.983447 0.462022 
0.057405 0.008452 0.491768 
0.015219 0.015219 0.954344 0.015219 
0.250000 0.250000 0.250000 0.250000 
 218
0.479817 0.008101 0.046210 
0.462778 0.983447 0.462022 
0.057405 0.008452 0.491768 
0.911747 0.019691 0.015219 0.053344 
0.250000 0.250000 0.250000 0.250000 
 219
0.479817 0.008101 0.046210 
0.462778 0.983447 0.462022 
0.057405 0.008452 0.491768 
0.015219 0.954344 0.015219 0.015219 
0.250000 0.250000 0.250000 0.250000 
 220
0.479817 0.008101 0.046210 
0.462778 0.983447 0.462022 
0.057405 0.008452 0.491768 
0.949398 0.020165 0.015219 0.015219 
0.250000 0.250000 0.250000 0.250000 
 221
0.479817 0.008101 0.046210 
0.462778 0.983447 0.462022 
0.057405 0.008452 0.491768 
0.015219 0.015219 0.015219 0.954344 
0.250000 0.250000 0.250000 0.250000 
 222
0.479817 0.008101 0.046210 
0.462778 0.983447 0.462022 
0.057405 0.008452 0.491768 
0.015219 0.015219 0.954344 0.015219 
0.250000 0.250000 0.250000 0.250000 
 223
0.479817 0.008101 0.046210 
0.462778 0.983447 0.462022 
0.057405 0.008452 0.491768 
0.015219 0.015219 0.954344 0.015219 
0.250000 0.250000 0.250000 0.250000 
 224
0.479817 0.008101 0.046210 
0.462778 0.983447 0.462022 
0.057405 0.008452 0.491768 
0.015219 0.015219 0.015219 0.954344 
0.250000 0.250000 0.250000 0.250000 
 225
0.479817 0.008101 0.046210 
0.462778 0.983447 0.462022 
0.057405 0.008452 0.491768 
0.015219 0.015219 0.015219 0.954344 
0.250000 0.250000 0.250000 0.250000 
 226
0.479817 0.008101 0.046210 
0.462778 0.983447 0.462022 
0.057405 0.008452 0.491768 
0.015219 0.954344 0.015219 0.015219 
0.250000 0.250000 0.250000 0.250000 
 227
0.479817 0.008101 0.046210 
0.462778 0.983447 0.462022 
0.057405 0.008452 0.491768 
0.954344 0.015219 0.015219 0.015219 
0.250000 0.250000 0.250000 0.250000 
 228
0.479817 0.008101 0.046210 
0.462778 0.983447 0.462022 
0.057405 0.008452 0.491768 
0.015219 0.015219 0.015219 0.954344 
0.250000 0.250000 0.250000 0.250000 
 229
0.479817 0.008101 0.046210 
0.462778 0.983447 0.462022 
0.057405 0.008452 0.491768 
0.015219 0.954344 0.015219 0.015219 
0.250000 0.250000 0.250000 0.250000 
 230
0.479817 0.008101 0.046210 
0.462778 0.983447 0.462022 
0.057405 0.008452 0.491768 
0.015219 0.954344 0.015219 0.015219 
0.250000 0.250000 0.250000 0.250000 
 231
0.479817 0.008101 0.046210 
0.462778 0.983447 0.462022 
0.057405 0.008452 0.491768 
0.939025 0.030538 0.015219 0.015219 
0.250000 0.250000 0.250000 0.250000 
 232
0.479817 0.008101 0.046210 
0.462778 0.983447 0.462022 
0.057405 0.008452 0.491768 
0.015219 0.954344 0.015219 0.015219 
0.250000 0.250000 0.250000 0.250000 
 233
0.479817 0.008101 0.046210 
0.462778 0.983447 0.462022 
0.057405 0.008452 0.491768 
0.954344 0.015219 0.015219 0.015219 
