%  SAM: /scicomp/home/vfn4/Tools/LABEL_RES/scripts/modelfromalign v3.5 (July 15, 2005) compiled 12/08/06_16:15:55
%  (c) 1992-2001 Regents of the University of California, Santa Cruz
%
%          Sequence Alignment and Modeling Software System
%         http://www.cse.ucsc.edu/research/compbio/sam.html
%
% ----------------- Citations (SAM, SAM-T2K, HMMs) --------------------
% R. Hughey, A. Krogh, Hidden Markov models for sequence analysis:
%  Extension and analysis of the basic method, CABIOS 12:95-107, 1996.
% K. Karplus, et al., What is the value added by human intervention in protein
%  structure prediction, Proteins: Stucture, Function, Genetics 45(S5):86--91, 2001.
% A. Krogh et al., Hidden Markov models in computational biology:
%  Applications to protein modeling, JMB 235:1501-1531, Feb 1994.
% ---------------------------------------------------------------------
%  5_hmm   Host: node4.aspen.biotech.cdc.gov    Wed Dec 31 14:59:03 2014
%  vfn4    Dir:  /scicomp/home/vfn4/fluA/HA_H3/H3prerelease1/c-3-4-5-6-7-VIC/c-5-6
% ---------------------------------------------------------------------
%  Alignment weights from internal calc.  Total (26.19) Max (0.14) Min (0.03)
%  Weights from alignment method 1 (karplus), b=-1.000000, e=0.500000
MODEL --  Model from alignment file /scicomp/home/vfn4/Tools/LABEL_RES/training_data/H3prerelease1/c-3-4-5-6-7-VIC/c-5-6/5.fasta
alphabet DNA
FREQAVE
0.000000 0.000000 0.000000 
0.000000 0.000000 0.000000 
0.000000 0.000000 0.000000 
0.338477 0.223056 0.198722 0.239745 
0.338477 0.223056 0.198722 0.239745 
Begin
0.000000 0.000000 0.000000 
0.000000 0.000000 0.000000 
0.000000 0.006297 0.491768 
0.250000 0.250000 0.250000 0.250000 
0.250000 0.250000 0.250000 0.250000 
   1
0.000000 0.044463 0.046210 
0.000000 0.949240 0.462022 
0.040636 0.006549 0.491768 
0.970667 0.009778 0.009778 0.009778 
0.250000 0.250000 0.250000 0.250000 
   2
0.631772 0.006278 0.046210 
0.327592 0.987173 0.462022 
0.040636 0.006549 0.491768 
0.009778 0.009778 0.009778 0.970667 
0.250000 0.250000 0.250000 0.250000 
   3
0.631772 0.006278 0.046210 
0.327592 0.987173 0.462022 
0.040636 0.006549 0.491768 
0.009778 0.970667 0.009778 0.009778 
0.250000 0.250000 0.250000 0.250000 
   4
0.631772 0.006278 0.046210 
0.327592 0.987173 0.462022 
0.040636 0.006549 0.491768 
0.965655 0.014790 0.009778 0.009778 
0.250000 0.250000 0.250000 0.250000 
   5
0.631772 0.006278 0.046210 
0.327592 0.987173 0.462022 
0.040636 0.006549 0.491768 
0.968512 0.011933 0.009778 0.009778 
0.250000 0.250000 0.250000 0.250000 
   6
0.631772 0.006278 0.046210 
0.327592 0.987173 0.462022 
0.040636 0.006549 0.491768 
0.012759 0.967686 0.009778 0.009778 
0.250000 0.250000 0.250000 0.250000 
   7
0.631772 0.006278 0.046210 
0.327592 0.987173 0.462022 
0.040636 0.006549 0.491768 
0.970667 0.009778 0.009778 0.009778 
0.250000 0.250000 0.250000 0.250000 
   8
0.631772 0.006278 0.046210 
0.327592 0.987173 0.462022 
0.040636 0.006549 0.491768 
0.009778 0.009778 0.970667 0.009778 
0.250000 0.250000 0.250000 0.250000 
   9
0.631772 0.006278 0.046210 
0.327592 0.987173 0.462022 
0.040636 0.006549 0.491768 
0.009778 0.009778 0.266454 0.713991 
0.250000 0.250000 0.250000 0.250000 
  10
0.601709 0.006278 0.046210 
0.357655 0.987173 0.462022 
0.041896 0.006522 0.491768 
0.967873 0.012699 0.009714 0.009714 
0.250000 0.250000 0.250000 0.250000 
  11
0.583880 0.006252 0.046210 
0.374224 0.987226 0.462022 
0.043482 0.006491 0.491768 
0.009640 0.009640 0.012756 0.967963 
0.250000 0.250000 0.250000 0.250000 
  12
0.581228 0.006222 0.046210 
0.375290 0.987287 0.462022 
0.044586 0.006471 0.491768 
0.009593 0.009593 0.971221 0.009593 
0.250000 0.250000 0.250000 0.250000 
  13
0.595983 0.006203 0.046210 
0.359431 0.987327 0.462022 
0.044586 0.006471 0.491768 
0.971221 0.009593 0.009593 0.009593 
0.250000 0.250000 0.250000 0.250000 
  14
0.559919 0.006203 0.046210 
0.395495 0.987327 0.462022 
0.046254 0.006442 0.491768 
0.009526 0.009526 0.009526 0.971421 
0.250000 0.250000 0.250000 0.250000 
  15
0.580868 0.006175 0.046210 
0.372879 0.987383 0.462022 
0.046254 0.006442 0.491768 
0.009526 0.011562 0.009526 0.969385 
0.250000 0.250000 0.250000 0.250000 
  16
0.580868 0.006175 0.046210 
0.372879 0.987383 0.462022 
0.046254 0.006442 0.491768 
0.009526 0.971421 0.009526 0.009526 
0.250000 0.250000 0.250000 0.250000 
  17
0.580868 0.006175 0.046210 
0.372879 0.987383 0.462022 
0.046254 0.006442 0.491768 
0.009526 0.009526 0.971421 0.009526 
0.250000 0.250000 0.250000 0.250000 
  18
0.580868 0.006175 0.046210 
0.372879 0.987383 0.462022 
0.046254 0.006442 0.491768 
0.011458 0.009526 0.012323 0.966692 
0.250000 0.250000 0.250000 0.250000 
  19
0.580868 0.006175 0.046210 
0.372879 0.987383 0.462022 
0.046254 0.006442 0.491768 
0.009526 0.010993 0.009526 0.969954 
0.250000 0.250000 0.250000 0.250000 
  20
0.580868 0.006175 0.046210 
0.372879 0.987383 0.462022 
0.046254 0.006442 0.491768 
0.009526 0.009526 0.009526 0.971421 
0.250000 0.250000 0.250000 0.250000 
  21
0.580868 0.006175 0.046210 
0.372879 0.987383 0.462022 
0.046254 0.006442 0.491768 
0.012948 0.965471 0.009526 0.012054 
0.250000 0.250000 0.250000 0.250000 
  22
0.580868 0.006175 0.046210 
0.372879 0.987383 0.462022 
0.046254 0.006442 0.491768 
0.971421 0.009526 0.009526 0.009526 
0.250000 0.250000 0.250000 0.250000 
  23
0.580868 0.006175 0.046210 
0.372879 0.987383 0.462022 
0.046254 0.006442 0.491768 
0.011562 0.969385 0.009526 0.009526 
0.250000 0.250000 0.250000 0.250000 
  24
0.537094 0.006912 0.046210 
0.416652 0.986646 0.462022 
0.048058 0.006414 0.491768 
0.009460 0.009460 0.969598 0.011482 
0.250000 0.250000 0.250000 0.250000 
  25
0.564520 0.006148 0.046210 
0.387423 0.987438 0.462022 
0.048058 0.006414 0.491768 
0.009460 0.009460 0.009460 0.971620 
0.250000 0.250000 0.250000 0.250000 
  26
0.554374 0.006148 0.046210 
0.397569 0.987438 0.462022 
0.048550 0.006406 0.491768 
0.971671 0.009443 0.009443 0.009443 
0.250000 0.250000 0.250000 0.250000 
  27
0.553513 0.006141 0.046210 
0.397937 0.987453 0.462022 
0.048870 0.006402 0.491768 
0.009432 0.009432 0.971703 0.009432 
0.250000 0.250000 0.250000 0.250000 
  28
0.557158 0.006136 0.046210 
0.393972 0.987462 0.462022 
0.048870 0.006402 0.491768 
0.971703 0.009432 0.009432 0.009432 
0.250000 0.250000 0.250000 0.250000 
  29
0.550092 0.006136 0.046210 
0.401038 0.987462 0.462022 
0.049218 0.006397 0.491768 
0.009421 0.009421 0.012767 0.968392 
0.250000 0.250000 0.250000 0.250000 
  30
0.554007 0.006131 0.046210 
0.396775 0.987472 0.462022 
0.049218 0.006397 0.491768 
0.009421 0.013854 0.009421 0.967305 
0.250000 0.250000 0.250000 0.250000 
  31
0.554007 0.006131 0.046210 
0.396775 0.987472 0.462022 
0.049218 0.006397 0.491768 
0.009421 0.009421 0.970111 0.011048 
0.250000 0.250000 0.250000 0.250000 
  32
0.554007 0.006131 0.046210 
0.396775 0.987472 0.462022 
0.049218 0.006397 0.491768 
0.009421 0.009421 0.009421 0.971738 
0.250000 0.250000 0.250000 0.250000 
  33
0.554007 0.006131 0.046210 
0.396775 0.987472 0.462022 
0.049218 0.006397 0.491768 
0.960465 0.009421 0.009421 0.020694 
0.250000 0.250000 0.250000 0.250000 
  34
0.554007 0.006131 0.046210 
0.396775 0.987472 0.462022 
0.049218 0.006397 0.491768 
0.009421 0.009421 0.009421 0.971738 
0.250000 0.250000 0.250000 0.250000 
  35
0.554007 0.006131 0.046210 
0.396775 0.987472 0.462022 
0.049218 0.006397 0.491768 
0.012648 0.968510 0.009421 0.009421 
0.250000 0.250000 0.250000 0.250000 
  36
0.554007 0.006131 0.046210 
0.396775 0.987472 0.462022 
0.049218 0.006397 0.491768 
0.009421 0.009421 0.027118 0.954041 
0.250000 0.250000 0.250000 0.250000 
  37
0.554007 0.006131 0.046210 
0.396775 0.987472 0.462022 
0.049218 0.006397 0.491768 
0.009421 0.009421 0.969991 0.011168 
0.250000 0.250000 0.250000 0.250000 
  38
0.554007 0.006131 0.046210 
0.396775 0.987472 0.462022 
0.049218 0.006397 0.491768 
0.009421 0.009421 0.009421 0.971738 
0.250000 0.250000 0.250000 0.250000 
  39
0.554007 0.006131 0.046210 
0.396775 0.987472 0.462022 
0.049218 0.006397 0.491768 
0.176214 0.804944 0.009421 0.009421 
0.250000 0.250000 0.250000 0.250000 
  40
0.546491 0.006131 0.046210 
0.404291 0.987472 0.462022 
0.049591 0.006391 0.491768 
0.039286 0.941898 0.009408 0.009408 
0.250000 0.250000 0.250000 0.250000 
  41
0.543635 0.006126 0.046210 
0.406774 0.987482 0.462022 
0.049940 0.006386 0.491768 
0.009397 0.017119 0.009397 0.964087 
0.250000 0.250000 0.250000 0.250000 
  42
0.547464 0.006122 0.046210 
0.402596 0.987492 0.462022 
0.049940 0.006386 0.491768 
0.009397 0.013819 0.009397 0.967387 
0.250000 0.250000 0.250000 0.250000 
  43
0.538965 0.006122 0.046210 
0.411095 0.987492 0.462022 
0.050368 0.006380 0.491768 
0.009384 0.011054 0.009384 0.970179 
0.250000 0.250000 0.250000 0.250000 
  44
0.543585 0.006116 0.046210 
0.406047 0.987503 0.462022 
0.050368 0.006380 0.491768 
0.009384 0.009384 0.030700 0.950532 
0.250000 0.250000 0.250000 0.250000 
  45
0.543585 0.006116 0.046210 
0.406047 0.987503 0.462022 
0.050368 0.006380 0.491768 
0.009384 0.009384 0.914088 0.067145 
0.250000 0.250000 0.250000 0.250000 
  46
0.543585 0.006116 0.046210 
0.406047 0.987503 0.462022 
0.050368 0.006380 0.491768 
0.014254 0.966978 0.009384 0.009384 
0.250000 0.250000 0.250000 0.250000 
  47
0.543585 0.006116 0.046210 
0.406047 0.987503 0.462022 
0.050368 0.006380 0.491768 
0.009384 0.009384 0.971849 0.009384 
0.250000 0.250000 0.250000 0.250000 
  48
0.543585 0.006116 0.046210 
0.406047 0.987503 0.462022 
0.050368 0.006380 0.491768 
0.009384 0.009384 0.010832 0.970401 
0.250000 0.250000 0.250000 0.250000 
  49
0.451395 0.006116 0.046210 
0.498237 0.987503 0.462022 
0.055483 0.006318 0.491768 
0.009240 0.009240 0.972279 0.009240 
0.250000 0.250000 0.250000 0.250000 
  50
0.497235 0.006056 0.046210 
0.447282 0.987626 0.462022 
0.055483 0.006318 0.491768 
0.972279 0.009240 0.009240 0.009240 
0.250000 0.250000 0.250000 0.250000 
  51
0.497235 0.006056 0.046210 
0.447282 0.987626 0.462022 
0.055483 0.006318 0.491768 
0.970409 0.011111 0.009240 0.009240 
0.250000 0.250000 0.250000 0.250000 
  52
0.489604 0.006056 0.046210 
0.454913 0.987626 0.462022 
0.055910 0.006313 0.491768 
0.678043 0.303498 0.009230 0.009230 
0.250000 0.250000 0.250000 0.250000 
  53
0.493369 0.006052 0.046210 
0.450722 0.987635 0.462022 
0.055910 0.006313 0.491768 
0.972311 0.009230 0.009230 0.009230 
0.250000 0.250000 0.250000 0.250000 
  54
0.493369 0.006052 0.046210 
0.450722 0.987635 0.462022 
0.055910 0.006313 0.491768 
0.964044 0.015613 0.011113 0.009230 
0.250000 0.250000 0.250000 0.250000 
  55
0.493369 0.006052 0.046210 
0.450722 0.987635 0.462022 
0.055910 0.006313 0.491768 
0.065854 0.014205 0.909440 0.010501 
0.250000 0.250000 0.250000 0.250000 
  56
0.493369 0.006052 0.046210 
0.450722 0.987635 0.462022 
0.055910 0.006313 0.491768 
0.009230 0.009230 0.009230 0.972311 
0.250000 0.250000 0.250000 0.250000 
  57
0.493369 0.006052 0.046210 
0.450722 0.987635 0.462022 
0.055910 0.006313 0.491768 
0.009230 0.009230 0.020429 0.961112 
0.250000 0.250000 0.250000 0.250000 
  58
0.493369 0.006052 0.046210 
0.450722 0.987635 0.462022 
0.055910 0.006313 0.491768 
0.009230 0.009230 0.972311 0.009230 
0.250000 0.250000 0.250000 0.250000 
  59
0.493369 0.006052 0.046210 
0.450722 0.987635 0.462022 
0.055910 0.006313 0.491768 
0.009230 0.009230 0.972311 0.009230 
0.250000 0.250000 0.250000 0.250000 
  60
0.493369 0.006052 0.046210 
0.450722 0.987635 0.462022 
0.055910 0.006313 0.491768 
0.009230 0.009230 0.024978 0.956563 
0.250000 0.250000 0.250000 0.250000 
  61
0.493369 0.006052 0.046210 
0.450722 0.987635 0.462022 
0.055910 0.006313 0.491768 
0.010675 0.970865 0.009230 0.009230 
0.250000 0.250000 0.250000 0.250000 
  62
0.493369 0.006052 0.046210 
0.450722 0.987635 0.462022 
0.055910 0.006313 0.491768 
0.037859 0.942340 0.009230 0.010571 
0.250000 0.250000 0.250000 0.250000 
  63
0.484474 0.006052 0.046210 
0.459617 0.987635 0.462022 
0.056411 0.006308 0.491768 
0.921502 0.060063 0.009217 0.009217 
0.250000 0.250000 0.250000 0.250000 
  64
0.488822 0.006046 0.046210 
0.454767 0.987646 0.462022 
0.056411 0.006308 0.491768 
0.959754 0.018239 0.010762 0.011245 
0.250000 0.250000 0.250000 0.250000 
  65
0.488822 0.006046 0.046210 
0.454767 0.987646 0.462022 
0.056411 0.006308 0.491768 
0.972347 0.009217 0.009217 0.009217 
0.250000 0.250000 0.250000 0.250000 
  66
0.488822 0.006046 0.046210 
0.454767 0.987646 0.462022 
0.056411 0.006308 0.491768 
0.009217 0.009217 0.009217 0.972347 
0.250000 0.250000 0.250000 0.250000 
  67
0.488822 0.006046 0.046210 
0.454767 0.987646 0.462022 
0.056411 0.006308 0.491768 
0.009217 0.970942 0.009217 0.010623 
0.250000 0.250000 0.250000 0.250000 
  68
0.488822 0.006046 0.046210 
0.454767 0.987646 0.462022 
0.056411 0.006308 0.491768 
0.972347 0.009217 0.009217 0.009217 
0.250000 0.250000 0.250000 0.250000 
  69
0.488822 0.006046 0.046210 
0.454767 0.987646 0.462022 
0.056411 0.006308 0.491768 
0.012543 0.012483 0.963979 0.010995 
0.250000 0.250000 0.250000 0.250000 
  70
0.488822 0.006046 0.046210 
0.454767 0.987646 0.462022 
0.056411 0.006308 0.491768 
0.776252 0.205313 0.009217 0.009217 
0.250000 0.250000 0.250000 0.250000 
  71
0.488822 0.006046 0.046210 
0.454767 0.987646 0.462022 
0.056411 0.006308 0.491768 
0.967818 0.013747 0.009217 0.009217 
0.250000 0.250000 0.250000 0.250000 
  72
0.488822 0.006046 0.046210 
0.454767 0.987646 0.462022 
0.056411 0.006308 0.491768 
0.009217 0.009217 0.972347 0.009217 
0.250000 0.250000 0.250000 0.250000 
  73
0.488822 0.006046 0.046210 
0.454767 0.987646 0.462022 
0.056411 0.006308 0.491768 
0.972347 0.009217 0.009217 0.009217 
0.250000 0.250000 0.250000 0.250000 
  74
0.488822 0.006046 0.046210 
0.454767 0.987646 0.462022 
0.056411 0.006308 0.491768 
0.011992 0.969573 0.009217 0.009217 
0.250000 0.250000 0.250000 0.250000 
  75
0.488822 0.006046 0.046210 
0.454767 0.987646 0.462022 
0.056411 0.006308 0.491768 
0.009217 0.009217 0.972347 0.009217 
0.250000 0.250000 0.250000 0.250000 
  76
0.488822 0.006046 0.046210 
0.454767 0.987646 0.462022 
0.056411 0.006308 0.491768 
0.969674 0.010576 0.010532 0.009217 
0.250000 0.250000 0.250000 0.250000 
  77
0.488822 0.006046 0.046210 
0.454767 0.987646 0.462022 
0.056411 0.006308 0.491768 
0.009217 0.009217 0.958319 0.023246 
0.250000 0.250000 0.250000 0.250000 
  78
0.488822 0.006046 0.046210 
0.454767 0.987646 0.462022 
0.056411 0.006308 0.491768 
0.013354 0.968211 0.009217 0.009217 
0.250000 0.250000 0.250000 0.250000 
  79
0.488822 0.006046 0.046210 
0.454767 0.987646 0.462022 
0.056411 0.006308 0.491768 
0.009217 0.972347 0.009217 0.009217 
0.250000 0.250000 0.250000 0.250000 
  80
0.488822 0.006046 0.046210 
0.454767 0.987646 0.462022 
0.056411 0.006308 0.491768 
0.009217 0.013747 0.967818 0.009217 
0.250000 0.250000 0.250000 0.250000 
  81
0.488822 0.006046 0.046210 
0.454767 0.987646 0.462022 
0.056411 0.006308 0.491768 
0.970650 0.010915 0.009217 0.009217 
0.250000 0.250000 0.250000 0.250000 
  82
0.488822 0.006046 0.046210 
0.454767 0.987646 0.462022 
0.056411 0.006308 0.491768 
0.972347 0.009217 0.009217 0.009217 
0.250000 0.250000 0.250000 0.250000 
  83
0.488822 0.006046 0.046210 
0.454767 0.987646 0.462022 
0.056411 0.006308 0.491768 
0.009217 0.009217 0.970754 0.010811 
0.250000 0.250000 0.250000 0.250000 
  84
0.488822 0.006046 0.046210 
0.454767 0.987646 0.462022 
0.056411 0.006308 0.491768 
0.021922 0.959643 0.009217 0.009217 
0.250000 0.250000 0.250000 0.250000 
  85
0.488822 0.006046 0.046210 
0.454767 0.987646 0.462022 
0.056411 0.006308 0.491768 
0.009217 0.009217 0.966429 0.015136 
0.250000 0.250000 0.250000 0.250000 
  86
0.488822 0.006046 0.046210 
0.454767 0.987646 0.462022 
0.056411 0.006308 0.491768 
0.009217 0.009217 0.009217 0.972347 
0.250000 0.250000 0.250000 0.250000 
  87
0.488822 0.006046 0.046210 
0.454767 0.987646 0.462022 
0.056411 0.006308 0.491768 
0.010689 0.970876 0.009217 0.009217 
0.250000 0.250000 0.250000 0.250000 
  88
0.488822 0.006046 0.046210 
0.454767 0.987646 0.462022 
0.056411 0.006308 0.491768 
0.009217 0.012543 0.009217 0.969022 
0.250000 0.250000 0.250000 0.250000 
  89
0.480934 0.006046 0.046210 
0.462655 0.987646 0.462022 
0.056860 0.006303 0.491768 
0.009207 0.972380 0.009207 0.009207 
0.250000 0.250000 0.250000 0.250000 
  90
0.484758 0.006042 0.046210 
0.458382 0.987655 0.462022 
0.056860 0.006303 0.491768 
0.009207 0.009207 0.972380 0.009207 
0.250000 0.250000 0.250000 0.250000 
  91
0.484758 0.006042 0.046210 
0.458382 0.987655 0.462022 
0.056860 0.006303 0.491768 
0.009207 0.009207 0.972380 0.009207 
0.250000 0.250000 0.250000 0.250000 
  92
0.484758 0.006042 0.046210 
0.458382 0.987655 0.462022 
0.056860 0.006303 0.491768 
0.009207 0.009207 0.009207 0.972380 
0.250000 0.250000 0.250000 0.250000 
  93
0.484758 0.006042 0.046210 
0.458382 0.987655 0.462022 
0.056860 0.006303 0.491768 
0.009207 0.009207 0.009207 0.972380 
0.250000 0.250000 0.250000 0.250000 
  94
0.484758 0.006042 0.046210 
0.458382 0.987655 0.462022 
0.056860 0.006303 0.491768 
0.009207 0.972380 0.009207 0.009207 
0.250000 0.250000 0.250000 0.250000 
  95
0.484758 0.006042 0.046210 
0.458382 0.987655 0.462022 
0.056860 0.006303 0.491768 
0.009207 0.972380 0.009207 0.009207 
0.250000 0.250000 0.250000 0.250000 
  96
0.484758 0.006042 0.046210 
0.458382 0.987655 0.462022 
0.056860 0.006303 0.491768 
0.015395 0.966192 0.009207 0.009207 
0.250000 0.250000 0.250000 0.250000 
  97
0.484758 0.006042 0.046210 
0.458382 0.987655 0.462022 
0.056860 0.006303 0.491768 
0.009207 0.009207 0.972380 0.009207 
0.250000 0.250000 0.250000 0.250000 
  98
0.484758 0.006042 0.046210 
0.458382 0.987655 0.462022 
0.056860 0.006303 0.491768 
0.972380 0.009207 0.009207 0.009207 
0.250000 0.250000 0.250000 0.250000 
  99
0.484758 0.006042 0.046210 
0.458382 0.987655 0.462022 
0.056860 0.006303 0.491768 
0.009207 0.009207 0.956989 0.024597 
0.250000 0.250000 0.250000 0.250000 
 100
0.484758 0.006042 0.046210 
0.458382 0.987655 0.462022 
0.056860 0.006303 0.491768 
0.009207 0.009207 0.970377 0.011209 
0.250000 0.250000 0.250000 0.250000 
 101
0.484758 0.006042 0.046210 
0.458382 0.987655 0.462022 
0.056860 0.006303 0.491768 
0.972380 0.009207 0.009207 0.009207 
0.250000 0.250000 0.250000 0.250000 
 102
0.484758 0.006042 0.046210 
0.458382 0.987655 0.462022 
0.056860 0.006303 0.491768 
0.009207 0.010707 0.009207 0.970879 
0.250000 0.250000 0.250000 0.250000 
 103
0.484758 0.006042 0.046210 
0.458382 0.987655 0.462022 
0.056860 0.006303 0.491768 
0.009207 0.972380 0.009207 0.009207 
0.250000 0.250000 0.250000 0.250000 
 104
0.484758 0.006042 0.046210 
0.458382 0.987655 0.462022 
0.056860 0.006303 0.491768 
0.009207 0.009207 0.972380 0.009207 
0.250000 0.250000 0.250000 0.250000 
 105
0.484758 0.006042 0.046210 
0.458382 0.987655 0.462022 
0.056860 0.006303 0.491768 
0.972380 0.009207 0.009207 0.009207 
0.250000 0.250000 0.250000 0.250000 
 106
0.484758 0.006042 0.046210 
0.458382 0.987655 0.462022 
0.056860 0.006303 0.491768 
0.009207 0.972380 0.009207 0.009207 
0.250000 0.250000 0.250000 0.250000 
 107
0.484758 0.006042 0.046210 
0.458382 0.987655 0.462022 
0.056860 0.006303 0.491768 
0.009207 0.009207 0.009207 0.972380 
0.250000 0.250000 0.250000 0.250000 
 108
0.484758 0.006042 0.046210 
0.458382 0.987655 0.462022 
0.056860 0.006303 0.491768 
0.013894 0.964727 0.009207 0.012172 
0.250000 0.250000 0.250000 0.250000 
 109
0.484758 0.006042 0.046210 
0.458382 0.987655 0.462022 
0.056860 0.006303 0.491768 
0.009207 0.009207 0.966709 0.014878 
0.250000 0.250000 0.250000 0.250000 
 110
0.484758 0.006042 0.046210 
0.458382 0.987655 0.462022 
0.056860 0.006303 0.491768 
0.012774 0.009207 0.968813 0.009207 
0.250000 0.250000 0.250000 0.250000 
 111
0.484758 0.006042 0.046210 
0.458382 0.987655 0.462022 
0.056860 0.006303 0.491768 
0.970472 0.011115 0.009207 0.009207 
0.250000 0.250000 0.250000 0.250000 
 112
0.484758 0.006042 0.046210 
0.458382 0.987655 0.462022 
0.056860 0.006303 0.491768 
0.972380 0.009207 0.009207 0.009207 
0.250000 0.250000 0.250000 0.250000 
 113
0.484758 0.006042 0.046210 
0.458382 0.987655 0.462022 
0.056860 0.006303 0.491768 
0.972380 0.009207 0.009207 0.009207 
0.250000 0.250000 0.250000 0.250000 
 114
0.484758 0.006042 0.046210 
0.458382 0.987655 0.462022 
0.056860 0.006303 0.491768 
0.009207 0.009207 0.966157 0.015429 
0.250000 0.250000 0.250000 0.250000 
 115
0.484758 0.006042 0.046210 
0.458382 0.987655 0.462022 
0.056860 0.006303 0.491768 
0.009207 0.972380 0.009207 0.009207 
0.250000 0.250000 0.250000 0.250000 
 116
0.484758 0.006042 0.046210 
0.458382 0.987655 0.462022 
0.056860 0.006303 0.491768 
0.009207 0.972380 0.009207 0.009207 
0.250000 0.250000 0.250000 0.250000 
 117
0.484758 0.006042 0.046210 
0.458382 0.987655 0.462022 
0.056860 0.006303 0.491768 
0.948079 0.033507 0.009207 0.009207 
0.250000 0.250000 0.250000 0.250000 
 118
0.484758 0.006042 0.046210 
0.458382 0.987655 0.462022 
0.056860 0.006303 0.491768 
0.972380 0.009207 0.009207 0.009207 
0.250000 0.250000 0.250000 0.250000 
 119
0.484758 0.006042 0.046210 
0.458382 0.987655 0.462022 
0.056860 0.006303 0.491768 
0.009207 0.009207 0.972380 0.009207 
0.250000 0.250000 0.250000 0.250000 
 120
0.484758 0.006042 0.046210 
0.458382 0.987655 0.462022 
0.056860 0.006303 0.491768 
0.035290 0.946296 0.009207 0.009207 
0.250000 0.250000 0.250000 0.250000 
 121
0.484758 0.006042 0.046210 
0.458382 0.987655 0.462022 
0.056860 0.006303 0.491768 
0.970907 0.009207 0.010679 0.009207 
0.250000 0.250000 0.250000 0.250000 
 122
0.484758 0.006042 0.046210 
0.458382 0.987655 0.462022 
0.056860 0.006303 0.491768 
0.009207 0.009207 0.009207 0.972380 
0.250000 0.250000 0.250000 0.250000 
 123
0.484758 0.006042 0.046210 
0.458382 0.987655 0.462022 
0.056860 0.006303 0.491768 
0.968367 0.013220 0.009207 0.009207 
0.250000 0.250000 0.250000 0.250000 
 124
0.484758 0.006042 0.046210 
0.458382 0.987655 0.462022 
0.056860 0.006303 0.491768 
0.009207 0.972380 0.009207 0.009207 
0.250000 0.250000 0.250000 0.250000 
 125
0.484758 0.006042 0.046210 
0.458382 0.987655 0.462022 
0.056860 0.006303 0.491768 
0.009207 0.009207 0.009207 0.972380 
0.250000 0.250000 0.250000 0.250000 
 126
0.484758 0.006042 0.046210 
0.458382 0.987655 0.462022 
0.056860 0.006303 0.491768 
0.009207 0.972380 0.009207 0.009207 
0.250000 0.250000 0.250000 0.250000 
 127
0.484758 0.006042 0.046210 
0.458382 0.987655 0.462022 
0.056860 0.006303 0.491768 
0.972380 0.009207 0.009207 0.009207 
0.250000 0.250000 0.250000 0.250000 
 128
0.484758 0.006042 0.046210 
0.458382 0.987655 0.462022 
0.056860 0.006303 0.491768 
0.972380 0.009207 0.009207 0.009207 
0.250000 0.250000 0.250000 0.250000 
 129
0.484758 0.006042 0.046210 
0.458382 0.987655 0.462022 
0.056860 0.006303 0.491768 
0.972380 0.009207 0.009207 0.009207 
0.250000 0.250000 0.250000 0.250000 
 130
0.484758 0.006042 0.046210 
0.458382 0.987655 0.462022 
0.056860 0.006303 0.491768 
0.972380 0.009207 0.009207 0.009207 
0.250000 0.250000 0.250000 0.250000 
 131
0.484758 0.006042 0.046210 
0.458382 0.987655 0.462022 
0.056860 0.006303 0.491768 
0.009207 0.009207 0.972380 0.009207 
0.250000 0.250000 0.250000 0.250000 
 132
0.484758 0.006042 0.046210 
0.458382 0.987655 0.462022 
0.056860 0.006303 0.491768 
0.970960 0.010626 0.009207 0.009207 
0.250000 0.250000 0.250000 0.250000 
 133
0.484758 0.006042 0.046210 
0.458382 0.987655 0.462022 
0.056860 0.006303 0.491768 
0.972380 0.009207 0.009207 0.009207 
0.250000 0.250000 0.250000 0.250000 
 134
0.484758 0.006042 0.046210 
0.458382 0.987655 0.462022 
0.056860 0.006303 0.491768 
0.009207 0.009207 0.009207 0.972380 
0.250000 0.250000 0.250000 0.250000 
 135
0.484758 0.006042 0.046210 
0.458382 0.987655 0.462022 
0.056860 0.006303 0.491768 
0.010751 0.009207 0.970835 0.009207 
0.250000 0.250000 0.250000 0.250000 
 136
0.484758 0.006042 0.046210 
0.458382 0.987655 0.462022 
0.056860 0.006303 0.491768 
0.972380 0.009207 0.009207 0.009207 
0.250000 0.250000 0.250000 0.250000 
 137
0.484758 0.006042 0.046210 
0.458382 0.987655 0.462022 
0.056860 0.006303 0.491768 
0.009207 0.009207 0.972380 0.009207 
0.250000 0.250000 0.250000 0.250000 
 138
0.484758 0.006042 0.046210 
0.458382 0.987655 0.462022 
0.056860 0.006303 0.491768 
0.009207 0.967951 0.009207 0.013635 
0.250000 0.250000 0.250000 0.250000 
 139
0.484758 0.006042 0.046210 
0.458382 0.987655 0.462022 
0.056860 0.006303 0.491768 
0.959076 0.022510 0.009207 0.009207 
0.250000 0.250000 0.250000 0.250000 
 140
0.484758 0.006042 0.046210 
0.458382 0.987655 0.462022 
0.056860 0.006303 0.491768 
0.967384 0.014202 0.009207 0.009207 
0.250000 0.250000 0.250000 0.250000 
 141
0.484758 0.006042 0.046210 
0.458382 0.987655 0.462022 
0.056860 0.006303 0.491768 
0.009207 0.009207 0.009207 0.972380 
0.250000 0.250000 0.250000 0.250000 
 142
0.484758 0.006042 0.046210 
0.458382 0.987655 0.462022 
0.056860 0.006303 0.491768 
0.009207 0.972380 0.009207 0.009207 
0.250000 0.250000 0.250000 0.250000 
 143
0.484758 0.006042 0.046210 
0.458382 0.987655 0.462022 
0.056860 0.006303 0.491768 
0.972380 0.009207 0.009207 0.009207 
0.250000 0.250000 0.250000 0.250000 
 144
0.484758 0.006042 0.046210 
0.458382 0.987655 0.462022 
0.056860 0.006303 0.491768 
0.009207 0.009207 0.969678 0.011909 
0.250000 0.250000 0.250000 0.250000 
 145
0.484758 0.006042 0.046210 
0.458382 0.987655 0.462022 
0.056860 0.006303 0.491768 
0.009207 0.009207 0.972380 0.009207 
0.250000 0.250000 0.250000 0.250000 
 146
0.484758 0.006042 0.046210 
0.458382 0.987655 0.462022 
0.056860 0.006303 0.491768 
0.961814 0.019773 0.009207 0.009207 
0.250000 0.250000 0.250000 0.250000 
 147
0.484758 0.006042 0.046210 
0.458382 0.987655 0.462022 
0.056860 0.006303 0.491768 
0.970684 0.010902 0.009207 0.009207 
0.250000 0.250000 0.250000 0.250000 
 148
0.484758 0.006042 0.046210 
0.458382 0.987655 0.462022 
0.056860 0.006303 0.491768 
0.972380 0.009207 0.009207 0.009207 
0.250000 0.250000 0.250000 0.250000 
 149
0.484758 0.006042 0.046210 
0.458382 0.987655 0.462022 
0.056860 0.006303 0.491768 
0.009207 0.009207 0.009207 0.972380 
0.250000 0.250000 0.250000 0.250000 
 150
0.484758 0.006042 0.046210 
0.458382 0.987655 0.462022 
0.056860 0.006303 0.491768 
0.009207 0.009207 0.009207 0.972380 
0.250000 0.250000 0.250000 0.250000 
 151
0.484758 0.006042 0.046210 
0.458382 0.987655 0.462022 
0.056860 0.006303 0.491768 
0.009207 0.972380 0.009207 0.009207 
0.250000 0.250000 0.250000 0.250000 
 152
0.484758 0.006042 0.046210 
0.458382 0.987655 0.462022 
0.056860 0.006303 0.491768 
0.972380 0.009207 0.009207 0.009207 
0.250000 0.250000 0.250000 0.250000 
 153
0.484758 0.006042 0.046210 
0.458382 0.987655 0.462022 
0.056860 0.006303 0.491768 
0.969438 0.012149 0.009207 0.009207 
0.250000 0.250000 0.250000 0.250000 
 154
0.484758 0.006042 0.046210 
0.458382 0.987655 0.462022 
0.056860 0.006303 0.491768 
0.009207 0.972380 0.009207 0.009207 
0.250000 0.250000 0.250000 0.250000 
 155
0.484758 0.006042 0.046210 
0.458382 0.987655 0.462022 
0.056860 0.006303 0.491768 
0.009207 0.009207 0.009207 0.972380 
0.250000 0.250000 0.250000 0.250000 
 156
0.484758 0.006042 0.046210 
0.458382 0.987655 0.462022 
0.056860 0.006303 0.491768 
0.009224 0.009224 0.040615 0.940936 
0.250000 0.250000 0.250000 0.250000 
 157
0.484758 0.006042 0.046210 
0.458382 0.987655 0.462022 
0.056860 0.006303 0.491768 
0.972380 0.009207 0.009207 0.009207 
0.250000 0.250000 0.250000 0.250000 
 158
0.484758 0.006042 0.046210 
0.458382 0.987655 0.462022 
0.056860 0.006303 0.491768 
0.009207 0.009207 0.972380 0.009207 
0.250000 0.250000 0.250000 0.250000 
 159
0.484758 0.006042 0.046210 
0.458382 0.987655 0.462022 
0.056860 0.006303 0.491768 
0.009220 0.011257 0.018375 0.961148 
0.250000 0.250000 0.250000 0.250000 
 160
0.484758 0.006042 0.046210 
0.458382 0.987655 0.462022 
0.056860 0.006303 0.491768 
0.972380 0.009207 0.009207 0.009207 
0.250000 0.250000 0.250000 0.250000 
 161
0.484758 0.006042 0.046210 
0.458382 0.987655 0.462022 
0.056860 0.006303 0.491768 
0.972380 0.009207 0.009207 0.009207 
0.250000 0.250000 0.250000 0.250000 
 162
0.484758 0.006042 0.046210 
0.458382 0.987655 0.462022 
0.056860 0.006303 0.491768 
0.009207 0.009207 0.009207 0.972380 
0.250000 0.250000 0.250000 0.250000 
 163
0.484758 0.006042 0.046210 
0.458382 0.987655 0.462022 
0.056860 0.006303 0.491768 
0.009207 0.972380 0.009207 0.009207 
0.250000 0.250000 0.250000 0.250000 
 164
0.484758 0.006042 0.046210 
0.458382 0.987655 0.462022 
0.056860 0.006303 0.491768 
0.009207 0.009207 0.972380 0.009207 
0.250000 0.250000 0.250000 0.250000 
 165
0.484758 0.006042 0.046210 
0.458382 0.987655 0.462022 
0.056860 0.006303 0.491768 
0.009207 0.009207 0.009207 0.972380 
0.250000 0.250000 0.250000 0.250000 
 166
0.484758 0.006042 0.046210 
0.458382 0.987655 0.462022 
0.056860 0.006303 0.491768 
0.972380 0.009207 0.009207 0.009207 
0.250000 0.250000 0.250000 0.250000 
 167
0.484758 0.006042 0.046210 
0.458382 0.987655 0.462022 
0.056860 0.006303 0.491768 
0.009207 0.009207 0.972380 0.009207 
0.250000 0.250000 0.250000 0.250000 
 168
0.484758 0.006042 0.046210 
0.458382 0.987655 0.462022 
0.056860 0.006303 0.491768 
0.009207 0.009207 0.009207 0.972380 
0.250000 0.250000 0.250000 0.250000 
 169
0.475260 0.006042 0.046210 
0.467880 0.987655 0.462022 
0.057405 0.006297 0.491768 
0.009194 0.972418 0.009194 0.009194 
0.250000 0.250000 0.250000 0.250000 
 170
0.479817 0.006036 0.046210 
0.462778 0.987666 0.462022 
0.057405 0.006297 0.491768 
0.972418 0.009194 0.009194 0.009194 
0.250000 0.250000 0.250000 0.250000 
 171
0.479817 0.006036 0.046210 
0.462778 0.987666 0.462022 
0.057405 0.006297 0.491768 
0.144750 0.836862 0.009194 0.009194 
0.250000 0.250000 0.250000 0.250000 
 172
0.479817 0.006036 0.046210 
0.462778 0.987666 0.462022 
0.057405 0.006297 0.491768 
0.011738 0.009194 0.969874 0.009194 
0.250000 0.250000 0.250000 0.250000 
 173
0.479817 0.006036 0.046210 
0.462778 0.987666 0.462022 
0.057405 0.006297 0.491768 
0.009194 0.009194 0.009194 0.972418 
0.250000 0.250000 0.250000 0.250000 
 174
0.479817 0.006036 0.046210 
0.462778 0.987666 0.462022 
0.057405 0.006297 0.491768 
0.010843 0.967875 0.009194 0.012087 
0.250000 0.250000 0.250000 0.250000 
 175
0.479817 0.006036 0.046210 
0.462778 0.987666 0.462022 
0.057405 0.006297 0.491768 
0.009194 0.972418 0.009194 0.009194 
0.250000 0.250000 0.250000 0.250000 
 176
0.479817 0.006036 0.046210 
0.462778 0.987666 0.462022 
0.057405 0.006297 0.491768 
0.009194 0.009194 0.009194 0.972418 
0.250000 0.250000 0.250000 0.250000 
 177
0.479817 0.006036 0.046210 
0.462778 0.987666 0.462022 
0.057405 0.006297 0.491768 
0.009194 0.009194 0.012580 0.969032 
0.250000 0.250000 0.250000 0.250000 
 178
0.479817 0.006036 0.046210 
0.462778 0.987666 0.462022 
0.057405 0.006297 0.491768 
0.009194 0.009194 0.972418 0.009194 
0.250000 0.250000 0.250000 0.250000 
 179
0.479817 0.006036 0.046210 
0.462778 0.987666 0.462022 
0.057405 0.006297 0.491768 
0.972418 0.009194 0.009194 0.009194 
0.250000 0.250000 0.250000 0.250000 
 180
0.479817 0.006036 0.046210 
0.462778 0.987666 0.462022 
0.057405 0.006297 0.491768 
0.013022 0.967266 0.009194 0.010517 
0.250000 0.250000 0.250000 0.250000 
 181
0.479817 0.006036 0.046210 
0.462778 0.987666 0.462022 
0.057405 0.006297 0.491768 
0.970335 0.011277 0.009194 0.009194 
0.250000 0.250000 0.250000 0.250000 
 182
0.479817 0.006036 0.046210 
0.462778 0.987666 0.462022 
0.057405 0.006297 0.491768 
0.019812 0.961800 0.009194 0.009194 
0.250000 0.250000 0.250000 0.250000 
 183
0.479817 0.006036 0.046210 
0.462778 0.987666 0.462022 
0.057405 0.006297 0.491768 
0.009194 0.009194 0.009194 0.972418 
0.250000 0.250000 0.250000 0.250000 
 184
0.479817 0.006036 0.046210 
0.462778 0.987666 0.462022 
0.057405 0.006297 0.491768 
0.009194 0.009194 0.009194 0.972418 
0.250000 0.250000 0.250000 0.250000 
 185
0.479817 0.006036 0.046210 
0.462778 0.987666 0.462022 
0.057405 0.006297 0.491768 
0.009194 0.009194 0.972418 0.009194 
0.250000 0.250000 0.250000 0.250000 
 186
0.479817 0.006036 0.046210 
0.462778 0.987666 0.462022 
0.057405 0.006297 0.491768 
0.009194 0.009194 0.972418 0.009194 
0.250000 0.250000 0.250000 0.250000 
 187
0.479817 0.006036 0.046210 
0.462778 0.987666 0.462022 
0.057405 0.006297 0.491768 
0.009194 0.009194 0.009194 0.972418 
0.250000 0.250000 0.250000 0.250000 
 188
0.479817 0.006036 0.046210 
0.462778 0.987666 0.462022 
0.057405 0.006297 0.491768 
0.009194 0.009194 0.972418 0.009194 
0.250000 0.250000 0.250000 0.250000 
 189
0.479817 0.006036 0.046210 
0.462778 0.987666 0.462022 
0.057405 0.006297 0.491768 
0.970690 0.009194 0.009194 0.010922 
0.250000 0.250000 0.250000 0.250000 
 190
0.479817 0.006036 0.046210 
0.462778 0.987666 0.462022 
0.057405 0.006297 0.491768 
0.972418 0.009194 0.009194 0.009194 
0.250000 0.250000 0.250000 0.250000 
 191
0.479817 0.006036 0.046210 
0.462778 0.987666 0.462022 
0.057405 0.006297 0.491768 
0.015097 0.009194 0.962644 0.013065 
0.250000 0.250000 0.250000 0.250000 
 192
0.479817 0.006036 0.046210 
0.462778 0.987666 0.462022 
0.057405 0.006297 0.491768 
0.965360 0.016252 0.009194 0.009194 
0.250000 0.250000 0.250000 0.250000 
 193
0.479817 0.006036 0.046210 
0.462778 0.987666 0.462022 
0.057405 0.006297 0.491768 
0.009194 0.972418 0.009194 0.009194 
0.250000 0.250000 0.250000 0.250000 
 194
0.479817 0.006036 0.046210 
0.462778 0.987666 0.462022 
0.057405 0.006297 0.491768 
0.010624 0.970988 0.009194 0.009194 
0.250000 0.250000 0.250000 0.250000 
 195
0.479817 0.006036 0.046210 
0.462778 0.987666 0.462022 
0.057405 0.006297 0.491768 
0.009194 0.009194 0.010634 0.970978 
0.250000 0.250000 0.250000 0.250000 
 196
0.479817 0.006036 0.046210 
0.462778 0.987666 0.462022 
0.057405 0.006297 0.491768 
0.009194 0.972418 0.009194 0.009194 
0.250000 0.250000 0.250000 0.250000 
 197
0.479817 0.006036 0.046210 
0.462778 0.987666 0.462022 
0.057405 0.006297 0.491768 
0.970973 0.010639 0.009194 0.009194 
0.250000 0.250000 0.250000 0.250000 
 198
0.479817 0.006036 0.046210 
0.462778 0.987666 0.462022 
0.057405 0.006297 0.491768 
0.972418 0.009194 0.009194 0.009194 
0.250000 0.250000 0.250000 0.250000 
 199
0.479817 0.006036 0.046210 
0.462778 0.987666 0.462022 
0.057405 0.006297 0.491768 
0.972418 0.009194 0.009194 0.009194 
0.250000 0.250000 0.250000 0.250000 
 200
0.479817 0.006036 0.046210 
0.462778 0.987666 0.462022 
0.057405 0.006297 0.491768 
0.009194 0.009194 0.009194 0.972418 
0.250000 0.250000 0.250000 0.250000 
 201
0.479817 0.006036 0.046210 
0.462778 0.987666 0.462022 
0.057405 0.006297 0.491768 
0.972418 0.009194 0.009194 0.009194 
0.250000 0.250000 0.250000 0.250000 
 202
0.479817 0.006036 0.046210 
0.462778 0.987666 0.462022 
0.057405 0.006297 0.491768 
0.009194 0.009194 0.009194 0.972418 
0.250000 0.250000 0.250000 0.250000 
 203
0.479817 0.006036 0.046210 
0.462778 0.987666 0.462022 
0.057405 0.006297 0.491768 
0.009194 0.972418 0.009194 0.009194 
0.250000 0.250000 0.250000 0.250000 
 204
0.479817 0.006036 0.046210 
0.462778 0.987666 0.462022 
0.057405 0.006297 0.491768 
0.009194 0.009194 0.972418 0.009194 
0.250000 0.250000 0.250000 0.250000 
 205
0.479817 0.006036 0.046210 
0.462778 0.987666 0.462022 
0.057405 0.006297 0.491768 
0.972418 0.009194 0.009194 0.009194 
0.250000 0.250000 0.250000 0.250000 
 206
0.479817 0.006036 0.046210 
0.462778 0.987666 0.462022 
0.057405 0.006297 0.491768 
0.970987 0.010625 0.009194 0.009194 
0.250000 0.250000 0.250000 0.250000 
 207
0.479817 0.006036 0.046210 
0.462778 0.987666 0.462022 
0.057405 0.006297 0.491768 
0.010988 0.009194 0.970624 0.009194 
0.250000 0.250000 0.250000 0.250000 
 208
0.479817 0.006036 0.046210 
0.462778 0.987666 0.462022 
0.057405 0.006297 0.491768 
0.972418 0.009194 0.009194 0.009194 
0.250000 0.250000 0.250000 0.250000 
 209
0.479817 0.006036 0.046210 
0.462778 0.987666 0.462022 
0.057405 0.006297 0.491768 
0.009194 0.972418 0.009194 0.009194 
0.250000 0.250000 0.250000 0.250000 
 210
0.479817 0.006036 0.046210 
0.462778 0.987666 0.462022 
0.057405 0.006297 0.491768 
0.009194 0.013712 0.010782 0.966312 
0.250000 0.250000 0.250000 0.250000 
 211
0.479817 0.006036 0.046210 
0.462778 0.987666 0.462022 
0.057405 0.006297 0.491768 
0.009194 0.009194 0.972418 0.009194 
0.250000 0.250000 0.250000 0.250000 
 212
0.479817 0.006036 0.046210 
0.462778 0.987666 0.462022 
0.057405 0.006297 0.491768 
0.015130 0.009194 0.966482 0.009194 
0.250000 0.250000 0.250000 0.250000 
 213
0.479817 0.006036 0.046210 
0.462778 0.987666 0.462022 
0.057405 0.006297 0.491768 
0.009194 0.009194 0.012128 0.969484 
0.250000 0.250000 0.250000 0.250000 
 214
0.479817 0.006036 0.046210 
0.462778 0.987666 0.462022 
0.057405 0.006297 0.491768 
0.009194 0.009194 0.972418 0.009194 
0.250000 0.250000 0.250000 0.250000 
 215
0.479817 0.006036 0.046210 
0.462778 0.987666 0.462022 
0.057405 0.006297 0.491768 
0.972418 0.009194 0.009194 0.009194 
0.250000 0.250000 0.250000 0.250000 
 216
0.479817 0.006036 0.046210 
0.462778 0.987666 0.462022 
0.057405 0.006297 0.491768 
0.009194 0.009194 0.011738 0.969874 
0.250000 0.250000 0.250000 0.250000 
 217
0.479817 0.006036 0.046210 
0.462778 0.987666 0.462022 
0.057405 0.006297 0.491768 
0.012908 0.009194 0.968704 0.009194 
0.250000 0.250000 0.250000 0.250000 
 218
0.479817 0.006036 0.046210 
0.462778 0.987666 0.462022 
0.057405 0.006297 0.491768 
0.970713 0.009194 0.009194 0.010899 
0.250000 0.250000 0.250000 0.250000 
 219
0.479817 0.006036 0.046210 
0.462778 0.987666 0.462022 
0.057405 0.006297 0.491768 
0.009194 0.972418 0.009194 0.009194 
0.250000 0.250000 0.250000 0.250000 
 220
0.479817 0.006036 0.046210 
0.462778 0.987666 0.462022 
0.057405 0.006297 0.491768 
0.971013 0.010599 0.009194 0.009194 
0.250000 0.250000 0.250000 0.250000 
 221
0.479817 0.006036 0.046210 
0.462778 0.987666 0.462022 
0.057405 0.006297 0.491768 
0.009194 0.009194 0.009194 0.972418 
0.250000 0.250000 0.250000 0.250000 
 222
0.479817 0.006036 0.046210 
0.462778 0.987666 0.462022 
0.057405 0.006297 0.491768 
0.009194 0.009194 0.967163 0.014449 
0.250000 0.250000 0.250000 0.250000 
 223
0.479817 0.006036 0.046210 
0.462778 0.987666 0.462022 
0.057405 0.006297 0.491768 
0.012710 0.009194 0.968902 0.009194 
0.250000 0.250000 0.250000 0.250000 
 224
0.479817 0.006036 0.046210 
0.462778 0.987666 0.462022 
0.057405 0.006297 0.491768 
0.009194 0.009194 0.009194 0.972418 
0.250000 0.250000 0.250000 0.250000 
 225
0.479817 0.006036 0.046210 
0.462778 0.987666 0.462022 
0.057405 0.006297 0.491768 
0.009194 0.009194 0.009194 0.972418 
0.250000 0.250000 0.250000 0.250000 
 226
0.479817 0.006036 0.046210 
0.462778 0.987666 0.462022 
0.057405 0.006297 0.491768 
0.009194 0.972418 0.009194 0.009194 
0.250000 0.250000 0.250000 0.250000 
 227
0.479817 0.006036 0.046210 
0.462778 0.987666 0.462022 
0.057405 0.006297 0.491768 
0.972418 0.009194 0.009194 0.009194 
0.250000 0.250000 0.250000 0.250000 
 228
0.479817 0.006036 0.046210 
0.462778 0.987666 0.462022 
0.057405 0.006297 0.491768 
0.009194 0.009194 0.011101 0.970511 
0.250000 0.250000 0.250000 0.250000 
 229
0.479817 0.006036 0.046210 
0.462778 0.987666 0.462022 
0.057405 0.006297 0.491768 
0.009194 0.972418 0.009194 0.009194 
0.250000 0.250000 0.250000 0.250000 
 230
0.479817 0.006036 0.046210 
0.462778 0.987666 0.462022 
0.057405 0.006297 0.491768 
0.009194 0.972418 0.009194 0.009194 
0.250000 0.250000 0.250000 0.250000 
 231
0.479817 0.006036 0.046210 
0.462778 0.987666 0.462022 
0.057405 0.006297 0.491768 
0.967077 0.014534 0.009194 0.009194 
0.250000 0.250000 0.250000 0.250000 
 232
0.479817 0.006036 0.046210 
0.462778 0.987666 0.462022 
0.057405 0.006297 0.491768 
0.015580 0.966032 0.009194 0.009194 
0.250000 0.250000 0.250000 0.250000 
 233
0.479817 0.006036 0.046210 
0.462778 0.987666 0.462022 
0.057405 0.006297 0.491768 
0.969103 0.012509 0.009194 0.009194 
0.250000 0.250000 0.250000 0.250000 
 234
0.479817 0.006036 0.046210 
0.462778 0.987666 0.462022 
0.057405 0.006297 0.491768 
0.969802 0.011810 0.009194 0.009194 
0.250000 0.250000 0.250000 0.250000 
 235
0.479817 0.006036 0.046210 
0.462778 0.987666 0.462022 
0.057405 0.006297 0.491768 
0.972418 0.009194 0.009194 0.009194 
