%  SAM: /scicomp/home/vfn4/Tools/LABEL_RES/scripts/modelfromalign v3.5 (July 15, 2005) compiled 12/08/06_16:15:55
%  (c) 1992-2001 Regents of the University of California, Santa Cruz
%
%          Sequence Alignment and Modeling Software System
%         http://www.cse.ucsc.edu/research/compbio/sam.html
%
% ----------------- Citations (SAM, SAM-T2K, HMMs) --------------------
% R. Hughey, A. Krogh, Hidden Markov models for sequence analysis:
%  Extension and analysis of the basic method, CABIOS 12:95-107, 1996.
% K. Karplus, et al., What is the value added by human intervention in protein
%  structure prediction, Proteins: Stucture, Function, Genetics 45(S5):86--91, 2001.
% A. Krogh et al., Hidden Markov models in computational biology:
%  Applications to protein modeling, JMB 235:1501-1531, Feb 1994.
% ---------------------------------------------------------------------
%  6_hmm   Host: node4.aspen.biotech.cdc.gov    Wed Dec 31 14:59:03 2014
%  vfn4    Dir:  /scicomp/home/vfn4/fluA/HA_H3/H3prerelease1/c-3-4-5-6-7-VIC/c-5-6
% ---------------------------------------------------------------------
%  Alignment weights from internal calc.  Total (24.49) Max (0.09) Min (0.03)
%  Weights from alignment method 1 (karplus), b=-1.000000, e=0.500000
MODEL --  Model from alignment file /scicomp/home/vfn4/Tools/LABEL_RES/training_data/H3prerelease1/c-3-4-5-6-7-VIC/c-5-6/6.fasta
alphabet DNA
FREQAVE
0.000000 0.000000 0.000000 
0.000000 0.000000 0.000000 
0.000000 0.000000 0.000000 
0.339063 0.222718 0.198298 0.239920 
0.339063 0.222718 0.198298 0.239920 
Begin
0.000000 0.000000 0.000000 
0.000000 0.000000 0.000000 
0.000000 0.006561 0.491768 
0.250000 0.250000 0.250000 0.250000 
0.250000 0.250000 0.250000 0.250000 
   1
0.000000 0.037135 0.046210 
0.000000 0.956304 0.462022 
0.043557 0.006770 0.491768 
0.969065 0.010312 0.010312 0.010312 
0.250000 0.250000 0.250000 0.250000 
   2
0.605308 0.006489 0.046210 
0.351135 0.986741 0.462022 
0.043557 0.006770 0.491768 
0.010312 0.010312 0.010312 0.969065 
0.250000 0.250000 0.250000 0.250000 
   3
0.605308 0.006489 0.046210 
0.351135 0.986741 0.462022 
0.043557 0.006770 0.491768 
0.010312 0.969065 0.010312 0.010312 
0.250000 0.250000 0.250000 0.250000 
   4
0.605308 0.006489 0.046210 
0.351135 0.986741 0.462022 
0.043557 0.006770 0.491768 
0.967027 0.012350 0.010312 0.010312 
0.250000 0.250000 0.250000 0.250000 
   5
0.605308 0.006489 0.046210 
0.351135 0.986741 0.462022 
0.043557 0.006770 0.491768 
0.963111 0.016265 0.010312 0.010312 
0.250000 0.250000 0.250000 0.250000 
   6
0.605308 0.006489 0.046210 
0.351135 0.986741 0.462022 
0.043557 0.006770 0.491768 
0.013322 0.966055 0.010312 0.010312 
0.250000 0.250000 0.250000 0.250000 
   7
0.605308 0.006489 0.046210 
0.351135 0.986741 0.462022 
0.043557 0.006770 0.491768 
0.966862 0.012515 0.010312 0.010312 
0.250000 0.250000 0.250000 0.250000 
   8
0.605308 0.006489 0.046210 
0.351135 0.986741 0.462022 
0.043557 0.006770 0.491768 
0.013840 0.010312 0.965537 0.010312 
0.250000 0.250000 0.250000 0.250000 
   9
0.605308 0.006489 0.046210 
0.351135 0.986741 0.462022 
0.043557 0.006770 0.491768 
0.067231 0.010312 0.016407 0.906051 
0.250000 0.250000 0.250000 0.250000 
  10
0.605308 0.006489 0.046210 
0.351135 0.986741 0.462022 
0.043557 0.006770 0.491768 
0.969065 0.010312 0.010312 0.010312 
0.250000 0.250000 0.250000 0.250000 
  11
0.589029 0.006489 0.046210 
0.367414 0.986741 0.462022 
0.044277 0.006755 0.491768 
0.017185 0.010276 0.024647 0.947892 
0.250000 0.250000 0.250000 0.250000 
  12
0.580248 0.006475 0.046210 
0.375475 0.986769 0.462022 
0.045113 0.006739 0.491768 
0.010236 0.010236 0.966180 0.013348 
0.250000 0.250000 0.250000 0.250000 
  13
0.591202 0.006460 0.046210 
0.363685 0.986801 0.462022 
0.045113 0.006739 0.491768 
0.969292 0.010236 0.010236 0.010236 
0.250000 0.250000 0.250000 0.250000 
  14
0.560591 0.006460 0.046210 
0.394296 0.986801 0.462022 
0.046538 0.006713 0.491768 
0.010172 0.010172 0.010172 0.969483 
0.250000 0.250000 0.250000 0.250000 
  15
0.578293 0.006435 0.046210 
0.375169 0.986852 0.462022 
0.046538 0.006713 0.491768 
0.010172 0.010172 0.010172 0.969483 
0.250000 0.250000 0.250000 0.250000 
  16
0.555028 0.006435 0.046210 
0.398434 0.986852 0.462022 
0.047646 0.006694 0.491768 
0.010126 0.969623 0.010126 0.010126 
0.250000 0.250000 0.250000 0.250000 
  17
0.561173 0.006417 0.046210 
0.391180 0.986889 0.462022 
0.047986 0.006688 0.491768 
0.010112 0.010112 0.969664 0.010112 
0.250000 0.250000 0.250000 0.250000 
  18
0.556113 0.006411 0.046210 
0.395901 0.986900 0.462022 
0.048424 0.006681 0.491768 
0.010095 0.010095 0.012055 0.967756 
0.250000 0.250000 0.250000 0.250000 
  19
0.561197 0.006404 0.046210 
0.390379 0.986914 0.462022 
0.048424 0.006681 0.491768 
0.013367 0.010095 0.010095 0.966444 
0.250000 0.250000 0.250000 0.250000 
  20
0.553989 0.006404 0.046210 
0.397586 0.986914 0.462022 
0.048776 0.006676 0.491768 
0.010081 0.010081 0.010081 0.969757 
0.250000 0.250000 0.250000 0.250000 
  21
0.548961 0.006399 0.046210 
0.402263 0.986925 0.462022 
0.049221 0.006669 0.491768 
0.013526 0.966346 0.010064 0.010064 
0.250000 0.250000 0.250000 0.250000 
  22
0.553975 0.006392 0.046210 
0.396804 0.986939 0.462022 
0.049221 0.006669 0.491768 
0.969808 0.010064 0.010064 0.010064 
0.250000 0.250000 0.250000 0.250000 
  23
0.553975 0.006392 0.046210 
0.396804 0.986939 0.462022 
0.049221 0.006669 0.491768 
0.010064 0.969808 0.010064 0.010064 
0.250000 0.250000 0.250000 0.250000 
  24
0.553975 0.006392 0.046210 
0.396804 0.986939 0.462022 
0.049221 0.006669 0.491768 
0.010064 0.010064 0.967718 0.012154 
0.250000 0.250000 0.250000 0.250000 
  25
0.553975 0.006392 0.046210 
0.396804 0.986939 0.462022 
0.049221 0.006669 0.491768 
0.010064 0.012020 0.010064 0.967852 
0.250000 0.250000 0.250000 0.250000 
  26
0.553975 0.006392 0.046210 
0.396804 0.986939 0.462022 
0.049221 0.006669 0.491768 
0.969808 0.010064 0.010064 0.010064 
0.250000 0.250000 0.250000 0.250000 
  27
0.544517 0.006392 0.046210 
0.406261 0.986939 0.462022 
0.049691 0.006661 0.491768 
0.010046 0.010046 0.968220 0.011687 
0.250000 0.250000 0.250000 0.250000 
  28
0.549716 0.006385 0.046210 
0.400592 0.986953 0.462022 
0.049691 0.006661 0.491768 
0.966146 0.013761 0.010046 0.010046 
0.250000 0.250000 0.250000 0.250000 
  29
0.549716 0.006385 0.046210 
0.400592 0.986953 0.462022 
0.049691 0.006661 0.491768 
0.010046 0.010046 0.010046 0.969861 
0.250000 0.250000 0.250000 0.250000 
  30
0.533234 0.006385 0.046210 
0.417075 0.986953 0.462022 
0.050524 0.006649 0.491768 
0.010016 0.010016 0.011863 0.968104 
0.250000 0.250000 0.250000 0.250000 
  31
0.542170 0.006373 0.046210 
0.407306 0.986978 0.462022 
0.050524 0.006649 0.491768 
0.010016 0.010016 0.967871 0.012096 
0.250000 0.250000 0.250000 0.250000 
  32
0.542170 0.006373 0.046210 
0.407306 0.986978 0.462022 
0.050524 0.006649 0.491768 
0.010031 0.010031 0.010031 0.969907 
0.250000 0.250000 0.250000 0.250000 
  33
0.542170 0.006373 0.046210 
0.407306 0.986978 0.462022 
0.050524 0.006649 0.491768 
0.969951 0.010016 0.010016 0.010016 
0.250000 0.250000 0.250000 0.250000 
  34
0.542170 0.006373 0.046210 
0.407306 0.986978 0.462022 
0.050524 0.006649 0.491768 
0.010016 0.010016 0.010016 0.969951 
0.250000 0.250000 0.250000 0.250000 
  35
0.542170 0.006373 0.046210 
0.407306 0.986978 0.462022 
0.050524 0.006649 0.491768 
0.010016 0.969951 0.010016 0.010016 
0.250000 0.250000 0.250000 0.250000 
  36
0.542170 0.006373 0.046210 
0.407306 0.986978 0.462022 
0.050524 0.006649 0.491768 
0.010016 0.010016 0.010016 0.969951 
0.250000 0.250000 0.250000 0.250000 
  37
0.542170 0.006373 0.046210 
0.407306 0.986978 0.462022 
0.050524 0.006649 0.491768 
0.010016 0.010016 0.969951 0.010016 
0.250000 0.250000 0.250000 0.250000 
  38
0.542170 0.006373 0.046210 
0.407306 0.986978 0.462022 
0.050524 0.006649 0.491768 
0.010016 0.010016 0.010016 0.969951 
0.250000 0.250000 0.250000 0.250000 
  39
0.542170 0.006373 0.046210 
0.407306 0.986978 0.462022 
0.050524 0.006649 0.491768 
0.010016 0.969951 0.010016 0.010016 
0.250000 0.250000 0.250000 0.250000 
  40
0.542170 0.006373 0.046210 
0.407306 0.986978 0.462022 
0.050524 0.006649 0.491768 
0.013074 0.966894 0.010016 0.010016 
0.250000 0.250000 0.250000 0.250000 
  41
0.542170 0.006373 0.046210 
0.407306 0.986978 0.462022 
0.050524 0.006649 0.491768 
0.010016 0.010016 0.012338 0.967630 
0.250000 0.250000 0.250000 0.250000 
  42
0.542170 0.006373 0.046210 
0.407306 0.986978 0.462022 
0.050524 0.006649 0.491768 
0.010016 0.019050 0.013508 0.957425 
0.250000 0.250000 0.250000 0.250000 
  43
0.542170 0.006373 0.046210 
0.407306 0.986978 0.462022 
0.050524 0.006649 0.491768 
0.010016 0.010016 0.010016 0.969951 
0.250000 0.250000 0.250000 0.250000 
  44
0.542170 0.006373 0.046210 
0.407306 0.986978 0.462022 
0.050524 0.006649 0.491768 
0.010016 0.010016 0.016751 0.963216 
0.250000 0.250000 0.250000 0.250000 
  45
0.542170 0.006373 0.046210 
0.407306 0.986978 0.462022 
0.050524 0.006649 0.491768 
0.010016 0.010016 0.962477 0.017491 
0.250000 0.250000 0.250000 0.250000 
  46
0.542170 0.006373 0.046210 
0.407306 0.986978 0.462022 
0.050524 0.006649 0.491768 
0.022584 0.892776 0.010016 0.074624 
0.250000 0.250000 0.250000 0.250000 
  47
0.542170 0.006373 0.046210 
0.407306 0.986978 0.462022 
0.050524 0.006649 0.491768 
0.010016 0.010016 0.969951 0.010016 
0.250000 0.250000 0.250000 0.250000 
  48
0.542170 0.006373 0.046210 
0.407306 0.986978 0.462022 
0.050524 0.006649 0.491768 
0.010016 0.010016 0.020143 0.959825 
0.250000 0.250000 0.250000 0.250000 
  49
0.455108 0.006373 0.046210 
0.494368 0.986978 0.462022 
0.055342 0.006585 0.491768 
0.012100 0.009863 0.968175 0.009863 
0.250000 0.250000 0.250000 0.250000 
  50
0.498509 0.006312 0.046210 
0.446148 0.987103 0.462022 
0.055342 0.006585 0.491768 
0.970412 0.009863 0.009863 0.009863 
0.250000 0.250000 0.250000 0.250000 
  51
0.498509 0.006312 0.046210 
0.446148 0.987103 0.462022 
0.055342 0.006585 0.491768 
0.970412 0.009863 0.009863 0.009863 
0.250000 0.250000 0.250000 0.250000 
  52
0.498509 0.006312 0.046210 
0.446148 0.987103 0.462022 
0.055342 0.006585 0.491768 
0.968428 0.011847 0.009863 0.009863 
0.250000 0.250000 0.250000 0.250000 
  53
0.498509 0.006312 0.046210 
0.446148 0.987103 0.462022 
0.055342 0.006585 0.491768 
0.970412 0.009863 0.009863 0.009863 
0.250000 0.250000 0.250000 0.250000 
  54
0.498509 0.006312 0.046210 
0.446148 0.987103 0.462022 
0.055342 0.006585 0.491768 
0.968251 0.012024 0.009863 0.009863 
0.250000 0.250000 0.250000 0.250000 
  55
0.488974 0.006312 0.046210 
0.455684 0.987103 0.462022 
0.055875 0.006579 0.491768 
0.017424 0.009847 0.962881 0.009847 
0.250000 0.250000 0.250000 0.250000 
  56
0.493681 0.006306 0.046210 
0.450444 0.987116 0.462022 
0.055875 0.006579 0.491768 
0.009847 0.009847 0.009847 0.970458 
0.250000 0.250000 0.250000 0.250000 
  57
0.493681 0.006306 0.046210 
0.450444 0.987116 0.462022 
0.055875 0.006579 0.491768 
0.009847 0.009847 0.141762 0.838543 
0.250000 0.250000 0.250000 0.250000 
  58
0.493681 0.006306 0.046210 
0.450444 0.987116 0.462022 
0.055875 0.006579 0.491768 
0.009847 0.009847 0.970458 0.009847 
0.250000 0.250000 0.250000 0.250000 
  59
0.493681 0.006306 0.046210 
0.450444 0.987116 0.462022 
0.055875 0.006579 0.491768 
0.009847 0.009847 0.970458 0.009847 
0.250000 0.250000 0.250000 0.250000 
  60
0.493681 0.006306 0.046210 
0.450444 0.987116 0.462022 
0.055875 0.006579 0.491768 
0.009847 0.009847 0.009847 0.970458 
0.250000 0.250000 0.250000 0.250000 
  61
0.493681 0.006306 0.046210 
0.450444 0.987116 0.462022 
0.055875 0.006579 0.491768 
0.015152 0.965153 0.009847 0.009847 
0.250000 0.250000 0.250000 0.250000 
  62
0.493681 0.006306 0.046210 
0.450444 0.987116 0.462022 
0.055875 0.006579 0.491768 
0.016332 0.963973 0.009847 0.009847 
0.250000 0.250000 0.250000 0.250000 
  63
0.485078 0.006306 0.046210 
0.459047 0.987116 0.462022 
0.056360 0.006573 0.491768 
0.954317 0.013244 0.009857 0.022581 
0.250000 0.250000 0.250000 0.250000 
  64
0.489287 0.006300 0.046210 
0.454352 0.987127 0.462022 
0.056360 0.006573 0.491768 
0.970498 0.009834 0.009834 0.009834 
0.250000 0.250000 0.250000 0.250000 
  65
0.489287 0.006300 0.046210 
0.454352 0.987127 0.462022 
0.056360 0.006573 0.491768 
0.970498 0.009834 0.009834 0.009834 
0.250000 0.250000 0.250000 0.250000 
  66
0.489287 0.006300 0.046210 
0.454352 0.987127 0.462022 
0.056360 0.006573 0.491768 
0.009834 0.009834 0.009834 0.970498 
0.250000 0.250000 0.250000 0.250000 
  67
0.489287 0.006300 0.046210 
0.454352 0.987127 0.462022 
0.056360 0.006573 0.491768 
0.009834 0.968794 0.009834 0.011538 
0.250000 0.250000 0.250000 0.250000 
  68
0.489287 0.006300 0.046210 
0.454352 0.987127 0.462022 
0.056360 0.006573 0.491768 
0.970498 0.009834 0.009834 0.009834 
0.250000 0.250000 0.250000 0.250000 
  69
0.489287 0.006300 0.046210 
0.454352 0.987127 0.462022 
0.056360 0.006573 0.491768 
0.014071 0.009834 0.966261 0.009834 
0.250000 0.250000 0.250000 0.250000 
  70
0.489287 0.006300 0.046210 
0.454352 0.987127 0.462022 
0.056360 0.006573 0.491768 
0.967319 0.013013 0.009834 0.009834 
0.250000 0.250000 0.250000 0.250000 
  71
0.489287 0.006300 0.046210 
0.454352 0.987127 0.462022 
0.056360 0.006573 0.491768 
0.968442 0.011890 0.009834 0.009834 
0.250000 0.250000 0.250000 0.250000 
  72
0.489287 0.006300 0.046210 
0.454352 0.987127 0.462022 
0.056360 0.006573 0.491768 
0.009834 0.009834 0.970498 0.009834 
0.250000 0.250000 0.250000 0.250000 
  73
0.489287 0.006300 0.046210 
0.454352 0.987127 0.462022 
0.056360 0.006573 0.491768 
0.970498 0.009834 0.009834 0.009834 
0.250000 0.250000 0.250000 0.250000 
  74
0.489287 0.006300 0.046210 
0.454352 0.987127 0.462022 
0.056360 0.006573 0.491768 
0.024009 0.956323 0.009834 0.009834 
0.250000 0.250000 0.250000 0.250000 
  75
0.489287 0.006300 0.046210 
0.454352 0.987127 0.462022 
0.056360 0.006573 0.491768 
0.009834 0.009834 0.970498 0.009834 
0.250000 0.250000 0.250000 0.250000 
  76
0.489287 0.006300 0.046210 
0.454352 0.987127 0.462022 
0.056360 0.006573 0.491768 
0.970498 0.009834 0.009834 0.009834 
0.250000 0.250000 0.250000 0.250000 
  77
0.489287 0.006300 0.046210 
0.454352 0.987127 0.462022 
0.056360 0.006573 0.491768 
0.009834 0.009834 0.957804 0.022528 
0.250000 0.250000 0.250000 0.250000 
  78
0.489287 0.006300 0.046210 
0.454352 0.987127 0.462022 
0.056360 0.006573 0.491768 
0.013472 0.966860 0.009834 0.009834 
0.250000 0.250000 0.250000 0.250000 
  79
0.489287 0.006300 0.046210 
0.454352 0.987127 0.462022 
0.056360 0.006573 0.491768 
0.009834 0.970498 0.009834 0.009834 
0.250000 0.250000 0.250000 0.250000 
  80
0.489287 0.006300 0.046210 
0.454352 0.987127 0.462022 
0.056360 0.006573 0.491768 
0.009834 0.009834 0.970498 0.009834 
0.250000 0.250000 0.250000 0.250000 
  81
0.489287 0.006300 0.046210 
0.454352 0.987127 0.462022 
0.056360 0.006573 0.491768 
0.970498 0.009834 0.009834 0.009834 
0.250000 0.250000 0.250000 0.250000 
  82
0.489287 0.006300 0.046210 
0.454352 0.987127 0.462022 
0.056360 0.006573 0.491768 
0.970498 0.009834 0.009834 0.009834 
0.250000 0.250000 0.250000 0.250000 
  83
0.489287 0.006300 0.046210 
0.454352 0.987127 0.462022 
0.056360 0.006573 0.491768 
0.009834 0.009834 0.965119 0.015213 
0.250000 0.250000 0.250000 0.250000 
  84
0.489287 0.006300 0.046210 
0.454352 0.987127 0.462022 
0.056360 0.006573 0.491768 
0.014810 0.965522 0.009834 0.009834 
0.250000 0.250000 0.250000 0.250000 
  85
0.489287 0.006300 0.046210 
0.454352 0.987127 0.462022 
0.056360 0.006573 0.491768 
0.009834 0.009834 0.970498 0.009834 
0.250000 0.250000 0.250000 0.250000 
  86
0.489287 0.006300 0.046210 
0.454352 0.987127 0.462022 
0.056360 0.006573 0.491768 
0.009834 0.009834 0.009834 0.970498 
0.250000 0.250000 0.250000 0.250000 
  87
0.489287 0.006300 0.046210 
0.454352 0.987127 0.462022 
0.056360 0.006573 0.491768 
0.011343 0.966855 0.009834 0.011967 
0.250000 0.250000 0.250000 0.250000 
  88
0.489287 0.006300 0.046210 
0.454352 0.987127 0.462022 
0.056360 0.006573 0.491768 
0.009834 0.009834 0.009834 0.970498 
0.250000 0.250000 0.250000 0.250000 
  89
0.489287 0.006300 0.046210 
0.454352 0.987127 0.462022 
0.056360 0.006573 0.491768 
0.009834 0.970498 0.009834 0.009834 
0.250000 0.250000 0.250000 0.250000 
  90
0.489287 0.006300 0.046210 
0.454352 0.987127 0.462022 
0.056360 0.006573 0.491768 
0.009834 0.009834 0.970498 0.009834 
0.250000 0.250000 0.250000 0.250000 
  91
0.489287 0.006300 0.046210 
0.454352 0.987127 0.462022 
0.056360 0.006573 0.491768 
0.009834 0.009834 0.970498 0.009834 
0.250000 0.250000 0.250000 0.250000 
  92
0.489287 0.006300 0.046210 
0.454352 0.987127 0.462022 
0.056360 0.006573 0.491768 
0.009834 0.009834 0.009834 0.970498 
0.250000 0.250000 0.250000 0.250000 
  93
0.489287 0.006300 0.046210 
0.454352 0.987127 0.462022 
0.056360 0.006573 0.491768 
0.009834 0.009834 0.009834 0.970498 
0.250000 0.250000 0.250000 0.250000 
  94
0.489287 0.006300 0.046210 
0.454352 0.987127 0.462022 
0.056360 0.006573 0.491768 
0.009834 0.970498 0.009834 0.009834 
0.250000 0.250000 0.250000 0.250000 
  95
0.489287 0.006300 0.046210 
0.454352 0.987127 0.462022 
0.056360 0.006573 0.491768 
0.009834 0.970498 0.009834 0.009834 
0.250000 0.250000 0.250000 0.250000 
  96
0.489287 0.006300 0.046210 
0.454352 0.987127 0.462022 
0.056360 0.006573 0.491768 
0.023934 0.954854 0.011378 0.009834 
0.250000 0.250000 0.250000 0.250000 
  97
0.480407 0.006300 0.046210 
0.463233 0.987127 0.462022 
0.056865 0.006567 0.491768 
0.009820 0.009820 0.970539 0.009820 
0.250000 0.250000 0.250000 0.250000 
  98
0.484711 0.006295 0.046210 
0.458424 0.987138 0.462022 
0.056865 0.006567 0.491768 
0.970539 0.009820 0.009820 0.009820 
0.250000 0.250000 0.250000 0.250000 
  99
0.484711 0.006295 0.046210 
0.458424 0.987138 0.462022 
0.056865 0.006567 0.491768 
0.009820 0.009820 0.966430 0.013929 
0.250000 0.250000 0.250000 0.250000 
 100
0.484711 0.006295 0.046210 
0.458424 0.987138 0.462022 
0.056865 0.006567 0.491768 
0.009820 0.009820 0.968846 0.011514 
0.250000 0.250000 0.250000 0.250000 
 101
0.484711 0.006295 0.046210 
0.458424 0.987138 0.462022 
0.056865 0.006567 0.491768 
0.970539 0.009820 0.009820 0.009820 
0.250000 0.250000 0.250000 0.250000 
 102
0.484711 0.006295 0.046210 
0.458424 0.987138 0.462022 
0.056865 0.006567 0.491768 
0.009820 0.009820 0.009820 0.970539 
0.250000 0.250000 0.250000 0.250000 
 103
0.484711 0.006295 0.046210 
0.458424 0.987138 0.462022 
0.056865 0.006567 0.491768 
0.009820 0.970539 0.009820 0.009820 
0.250000 0.250000 0.250000 0.250000 
 104
0.484711 0.006295 0.046210 
0.458424 0.987138 0.462022 
0.056865 0.006567 0.491768 
0.009820 0.009820 0.970539 0.009820 
0.250000 0.250000 0.250000 0.250000 
 105
0.484711 0.006295 0.046210 
0.458424 0.987138 0.462022 
0.056865 0.006567 0.491768 
0.968797 0.011562 0.009820 0.009820 
0.250000 0.250000 0.250000 0.250000 
 106
0.484711 0.006295 0.046210 
0.458424 0.987138 0.462022 
0.056865 0.006567 0.491768 
0.009833 0.970500 0.009833 0.009833 
0.250000 0.250000 0.250000 0.250000 
 107
0.484711 0.006295 0.046210 
0.458424 0.987138 0.462022 
0.056865 0.006567 0.491768 
0.009820 0.009820 0.009820 0.970539 
0.250000 0.250000 0.250000 0.250000 
 108
0.484711 0.006295 0.046210 
0.458424 0.987138 0.462022 
0.056865 0.006567 0.491768 
0.012888 0.959322 0.009820 0.017969 
0.250000 0.250000 0.250000 0.250000 
 109
0.484711 0.006295 0.046210 
0.458424 0.987138 0.462022 
0.056865 0.006567 0.491768 
0.009820 0.009820 0.970539 0.009820 
0.250000 0.250000 0.250000 0.250000 
 110
0.484711 0.006295 0.046210 
0.458424 0.987138 0.462022 
0.056865 0.006567 0.491768 
0.011421 0.009820 0.968938 0.009820 
0.250000 0.250000 0.250000 0.250000 
 111
0.484711 0.006295 0.046210 
0.458424 0.987138 0.462022 
0.056865 0.006567 0.491768 
0.970539 0.009820 0.009820 0.009820 
0.250000 0.250000 0.250000 0.250000 
 112
0.475303 0.006295 0.046210 
0.467832 0.987138 0.462022 
0.057405 0.006561 0.491768 
0.970582 0.009806 0.009806 0.009806 
0.250000 0.250000 0.250000 0.250000 
 113
0.479817 0.006289 0.046210 
0.462778 0.987150 0.462022 
0.057405 0.006561 0.491768 
0.970582 0.009806 0.009806 0.009806 
0.250000 0.250000 0.250000 0.250000 
 114
0.479817 0.006289 0.046210 
0.462778 0.987150 0.462022 
0.057405 0.006561 0.491768 
0.009806 0.009806 0.970582 0.009806 
0.250000 0.250000 0.250000 0.250000 
 115
0.479817 0.006289 0.046210 
0.462778 0.987150 0.462022 
0.057405 0.006561 0.491768 
0.009806 0.970582 0.009806 0.009806 
0.250000 0.250000 0.250000 0.250000 
 116
0.479817 0.006289 0.046210 
0.462778 0.987150 0.462022 
0.057405 0.006561 0.491768 
0.009806 0.970582 0.009806 0.009806 
0.250000 0.250000 0.250000 0.250000 
 117
0.479817 0.006289 0.046210 
0.462778 0.987150 0.462022 
0.057405 0.006561 0.491768 
0.965133 0.015255 0.009806 0.009806 
0.250000 0.250000 0.250000 0.250000 
 118
0.479817 0.006289 0.046210 
0.462778 0.987150 0.462022 
0.057405 0.006561 0.491768 
0.970582 0.009806 0.009806 0.009806 
0.250000 0.250000 0.250000 0.250000 
 119
0.479817 0.006289 0.046210 
0.462778 0.987150 0.462022 
0.057405 0.006561 0.491768 
0.009806 0.009806 0.970582 0.009806 
0.250000 0.250000 0.250000 0.250000 
 120
0.479817 0.006289 0.046210 
0.462778 0.987150 0.462022 
0.057405 0.006561 0.491768 
0.027550 0.950490 0.009806 0.012154 
0.250000 0.250000 0.250000 0.250000 
 121
0.479817 0.006289 0.046210 
0.462778 0.987150 0.462022 
0.057405 0.006561 0.491768 
0.968656 0.011732 0.009806 0.009806 
0.250000 0.250000 0.250000 0.250000 
 122
0.479817 0.006289 0.046210 
0.462778 0.987150 0.462022 
0.057405 0.006561 0.491768 
0.009806 0.009806 0.009806 0.970582 
0.250000 0.250000 0.250000 0.250000 
 123
0.479817 0.006289 0.046210 
0.462778 0.987150 0.462022 
0.057405 0.006561 0.491768 
0.964949 0.015440 0.009806 0.009806 
0.250000 0.250000 0.250000 0.250000 
 124
0.479817 0.006289 0.046210 
0.462778 0.987150 0.462022 
0.057405 0.006561 0.491768 
0.009806 0.970582 0.009806 0.009806 
0.250000 0.250000 0.250000 0.250000 
 125
0.479817 0.006289 0.046210 
0.462778 0.987150 0.462022 
0.057405 0.006561 0.491768 
0.009806 0.009806 0.009806 0.970582 
0.250000 0.250000 0.250000 0.250000 
 126
0.479817 0.006289 0.046210 
0.462778 0.987150 0.462022 
0.057405 0.006561 0.491768 
0.015840 0.964548 0.009806 0.009806 
0.250000 0.250000 0.250000 0.250000 
 127
0.479817 0.006289 0.046210 
0.462778 0.987150 0.462022 
0.057405 0.006561 0.491768 
0.970582 0.009806 0.009806 0.009806 
0.250000 0.250000 0.250000 0.250000 
 128
0.479817 0.006289 0.046210 
0.462778 0.987150 0.462022 
0.057405 0.006561 0.491768 
0.970582 0.009806 0.009806 0.009806 
0.250000 0.250000 0.250000 0.250000 
 129
0.479817 0.006289 0.046210 
0.462778 0.987150 0.462022 
0.057405 0.006561 0.491768 
0.968830 0.011558 0.009806 0.009806 
0.250000 0.250000 0.250000 0.250000 
 130
0.479817 0.006289 0.046210 
0.462778 0.987150 0.462022 
0.057405 0.006561 0.491768 
0.970582 0.009806 0.009806 0.009806 
0.250000 0.250000 0.250000 0.250000 
 131
0.479817 0.006289 0.046210 
0.462778 0.987150 0.462022 
0.057405 0.006561 0.491768 
0.009806 0.009806 0.970582 0.009806 
0.250000 0.250000 0.250000 0.250000 
 132
0.479817 0.006289 0.046210 
0.462778 0.987150 0.462022 
0.057405 0.006561 0.491768 
0.962532 0.017857 0.009806 0.009806 
0.250000 0.250000 0.250000 0.250000 
 133
0.479817 0.006289 0.046210 
0.462778 0.987150 0.462022 
0.057405 0.006561 0.491768 
0.970582 0.009806 0.009806 0.009806 
0.250000 0.250000 0.250000 0.250000 
 134
0.479817 0.006289 0.046210 
0.462778 0.987150 0.462022 
0.057405 0.006561 0.491768 
0.009806 0.009806 0.009806 0.970582 
0.250000 0.250000 0.250000 0.250000 
 135
0.479817 0.006289 0.046210 
0.462778 0.987150 0.462022 
0.057405 0.006561 0.491768 
0.012018 0.009806 0.968370 0.009806 
0.250000 0.250000 0.250000 0.250000 
 136
0.479817 0.006289 0.046210 
0.462778 0.987150 0.462022 
0.057405 0.006561 0.491768 
0.964921 0.015468 0.009806 0.009806 
0.250000 0.250000 0.250000 0.250000 
 137
0.479817 0.006289 0.046210 
0.462778 0.987150 0.462022 
0.057405 0.006561 0.491768 
0.009806 0.009806 0.968690 0.011698 
0.250000 0.250000 0.250000 0.250000 
 138
0.479817 0.006289 0.046210 
0.462778 0.987150 0.462022 
0.057405 0.006561 0.491768 
0.051967 0.926773 0.009806 0.011454 
0.250000 0.250000 0.250000 0.250000 
 139
0.479817 0.006289 0.046210 
0.462778 0.987150 0.462022 
0.057405 0.006561 0.491768 
0.967526 0.012862 0.009806 0.009806 
0.250000 0.250000 0.250000 0.250000 
 140
0.479817 0.006289 0.046210 
0.462778 0.987150 0.462022 
0.057405 0.006561 0.491768 
0.944837 0.035552 0.009806 0.009806 
0.250000 0.250000 0.250000 0.250000 
 141
0.479817 0.006289 0.046210 
0.462778 0.987150 0.462022 
0.057405 0.006561 0.491768 
0.009806 0.009806 0.011557 0.968831 
0.250000 0.250000 0.250000 0.250000 
 142
0.479817 0.006289 0.046210 
0.462778 0.987150 0.462022 
0.057405 0.006561 0.491768 
0.009806 0.970582 0.009806 0.009806 
0.250000 0.250000 0.250000 0.250000 
 143
0.479817 0.006289 0.046210 
0.462778 0.987150 0.462022 
0.057405 0.006561 0.491768 
0.970582 0.009806 0.009806 0.009806 
0.250000 0.250000 0.250000 0.250000 
 144
0.479817 0.006289 0.046210 
0.462778 0.987150 0.462022 
0.057405 0.006561 0.491768 
0.009806 0.009806 0.966950 0.013438 
0.250000 0.250000 0.250000 0.250000 
 145
0.479817 0.006289 0.046210 
0.462778 0.987150 0.462022 
0.057405 0.006561 0.491768 
0.015172 0.009806 0.965216 0.009806 
0.250000 0.250000 0.250000 0.250000 
 146
0.479817 0.006289 0.046210 
0.462778 0.987150 0.462022 
0.057405 0.006561 0.491768 
0.970582 0.009806 0.009806 0.009806 
0.250000 0.250000 0.250000 0.250000 
 147
0.479817 0.006289 0.046210 
0.462778 0.987150 0.462022 
0.057405 0.006561 0.491768 
0.920022 0.060367 0.009806 0.009806 
0.250000 0.250000 0.250000 0.250000 
 148
0.479817 0.006289 0.046210 
0.462778 0.987150 0.462022 
0.057405 0.006561 0.491768 
0.970582 0.009806 0.009806 0.009806 
0.250000 0.250000 0.250000 0.250000 
 149
0.479817 0.006289 0.046210 
0.462778 0.987150 0.462022 
0.057405 0.006561 0.491768 
0.009806 0.009806 0.009806 0.970582 
0.250000 0.250000 0.250000 0.250000 
 150
0.479817 0.006289 0.046210 
0.462778 0.987150 0.462022 
0.057405 0.006561 0.491768 
0.009806 0.009806 0.011687 0.968702 
0.250000 0.250000 0.250000 0.250000 
 151
0.479817 0.006289 0.046210 
0.462778 0.987150 0.462022 
0.057405 0.006561 0.491768 
0.009806 0.970582 0.009806 0.009806 
0.250000 0.250000 0.250000 0.250000 
 152
0.479817 0.006289 0.046210 
0.462778 0.987150 0.462022 
0.057405 0.006561 0.491768 
0.970582 0.009806 0.009806 0.009806 
0.250000 0.250000 0.250000 0.250000 
 153
0.479817 0.006289 0.046210 
0.462778 0.987150 0.462022 
0.057405 0.006561 0.491768 
0.970582 0.009806 0.009806 0.009806 
0.250000 0.250000 0.250000 0.250000 
 154
0.479817 0.006289 0.046210 
0.462778 0.987150 0.462022 
0.057405 0.006561 0.491768 
0.009806 0.970582 0.009806 0.009806 
0.250000 0.250000 0.250000 0.250000 
 155
0.479817 0.006289 0.046210 
0.462778 0.987150 0.462022 
0.057405 0.006561 0.491768 
0.009806 0.009806 0.009806 0.970582 
0.250000 0.250000 0.250000 0.250000 
 156
0.479817 0.006289 0.046210 
0.462778 0.987150 0.462022 
0.057405 0.006561 0.491768 
0.009806 0.009806 0.012747 0.967641 
0.250000 0.250000 0.250000 0.250000 
 157
0.479817 0.006289 0.046210 
0.462778 0.987150 0.462022 
0.057405 0.006561 0.491768 
0.970582 0.009806 0.009806 0.009806 
0.250000 0.250000 0.250000 0.250000 
 158
0.479817 0.006289 0.046210 
0.462778 0.987150 0.462022 
0.057405 0.006561 0.491768 
0.009806 0.009806 0.970582 0.009806 
0.250000 0.250000 0.250000 0.250000 
 159
0.479817 0.006289 0.046210 
0.462778 0.987150 0.462022 
0.057405 0.006561 0.491768 
0.009806 0.009806 0.012028 0.968360 
0.250000 0.250000 0.250000 0.250000 
 160
0.479817 0.006289 0.046210 
0.462778 0.987150 0.462022 
0.057405 0.006561 0.491768 
0.970582 0.009806 0.009806 0.009806 
0.250000 0.250000 0.250000 0.250000 
 161
0.479817 0.006289 0.046210 
0.462778 0.987150 0.462022 
0.057405 0.006561 0.491768 
0.970582 0.009806 0.009806 0.009806 
0.250000 0.250000 0.250000 0.250000 
 162
0.479817 0.006289 0.046210 
0.462778 0.987150 0.462022 
0.057405 0.006561 0.491768 
0.009806 0.009806 0.009806 0.970582 
0.250000 0.250000 0.250000 0.250000 
 163
0.479817 0.006289 0.046210 
0.462778 0.987150 0.462022 
0.057405 0.006561 0.491768 
0.009806 0.970582 0.009806 0.009806 
0.250000 0.250000 0.250000 0.250000 
 164
0.479817 0.006289 0.046210 
0.462778 0.987150 0.462022 
0.057405 0.006561 0.491768 
0.009806 0.009806 0.970582 0.009806 
0.250000 0.250000 0.250000 0.250000 
 165
0.479817 0.006289 0.046210 
0.462778 0.987150 0.462022 
0.057405 0.006561 0.491768 
0.009806 0.009806 0.013279 0.967110 
0.250000 0.250000 0.250000 0.250000 
 166
0.479817 0.006289 0.046210 
0.462778 0.987150 0.462022 
0.057405 0.006561 0.491768 
0.970582 0.009806 0.009806 0.009806 
0.250000 0.250000 0.250000 0.250000 
 167
0.479817 0.006289 0.046210 
0.462778 0.987150 0.462022 
0.057405 0.006561 0.491768 
0.009806 0.009806 0.970582 0.009806 
0.250000 0.250000 0.250000 0.250000 
 168
0.479817 0.006289 0.046210 
0.462778 0.987150 0.462022 
0.057405 0.006561 0.491768 
0.009806 0.009806 0.016399 0.963989 
0.250000 0.250000 0.250000 0.250000 
 169
0.479817 0.006289 0.046210 
0.462778 0.987150 0.462022 
0.057405 0.006561 0.491768 
0.009806 0.970582 0.009806 0.009806 
0.250000 0.250000 0.250000 0.250000 
 170
0.479817 0.006289 0.046210 
0.462778 0.987150 0.462022 
0.057405 0.006561 0.491768 
0.970582 0.009806 0.009806 0.009806 
0.250000 0.250000 0.250000 0.250000 
 171
0.479817 0.006289 0.046210 
0.462778 0.987150 0.462022 
0.057405 0.006561 0.491768 
0.016824 0.963564 0.009806 0.009806 
0.250000 0.250000 0.250000 0.250000 
 172
0.479817 0.006289 0.046210 
0.462778 0.987150 0.462022 
0.057405 0.006561 0.491768 
0.009806 0.009806 0.970582 0.009806 
0.250000 0.250000 0.250000 0.250000 
 173
0.479817 0.006289 0.046210 
0.462778 0.987150 0.462022 
0.057405 0.006561 0.491768 
0.009806 0.009806 0.009806 0.970582 
0.250000 0.250000 0.250000 0.250000 
 174
0.479817 0.006289 0.046210 
0.462778 0.987150 0.462022 
0.057405 0.006561 0.491768 
0.014741 0.965647 0.009806 0.009806 
0.250000 0.250000 0.250000 0.250000 
 175
0.479817 0.006289 0.046210 
0.462778 0.987150 0.462022 
0.057405 0.006561 0.491768 
0.011429 0.968960 0.009806 0.009806 
0.250000 0.250000 0.250000 0.250000 
 176
0.479817 0.006289 0.046210 
0.462778 0.987150 0.462022 
0.057405 0.006561 0.491768 
0.009806 0.009806 0.009806 0.970582 
0.250000 0.250000 0.250000 0.250000 
 177
0.479817 0.006289 0.046210 
0.462778 0.987150 0.462022 
0.057405 0.006561 0.491768 
0.009806 0.011561 0.009806 0.968827 
0.250000 0.250000 0.250000 0.250000 
 178
0.479817 0.006289 0.046210 
0.462778 0.987150 0.462022 
0.057405 0.006561 0.491768 
0.009806 0.009806 0.970582 0.009806 
0.250000 0.250000 0.250000 0.250000 
 179
0.479817 0.006289 0.046210 
0.462778 0.987150 0.462022 
0.057405 0.006561 0.491768 
0.970582 0.009806 0.009806 0.009806 
0.250000 0.250000 0.250000 0.250000 
 180
0.479817 0.006289 0.046210 
0.462778 0.987150 0.462022 
0.057405 0.006561 0.491768 
0.020388 0.960001 0.009806 0.009806 
0.250000 0.250000 0.250000 0.250000 
 181
0.479817 0.006289 0.046210 
0.462778 0.987150 0.462022 
0.057405 0.006561 0.491768 
0.951707 0.028646 0.009823 0.009823 
0.250000 0.250000 0.250000 0.250000 
 182
0.479817 0.006289 0.046210 
0.462778 0.987150 0.462022 
0.057405 0.006561 0.491768 
0.044247 0.936106 0.009823 0.009823 
0.250000 0.250000 0.250000 0.250000 
 183
0.479817 0.006289 0.046210 
0.462778 0.987150 0.462022 
0.057405 0.006561 0.491768 
0.009806 0.009806 0.011405 0.968984 
0.250000 0.250000 0.250000 0.250000 
 184
0.479817 0.006289 0.046210 
0.462778 0.987150 0.462022 
0.057405 0.006561 0.491768 
0.009806 0.009806 0.009806 0.970582 
0.250000 0.250000 0.250000 0.250000 
 185
0.479817 0.006289 0.046210 
0.462778 0.987150 0.462022 
0.057405 0.006561 0.491768 
0.011636 0.009806 0.966930 0.011628 
0.250000 0.250000 0.250000 0.250000 
 186
0.479817 0.006289 0.046210 
0.462778 0.987150 0.462022 
0.057405 0.006561 0.491768 
0.009806 0.009806 0.958784 0.021604 
0.250000 0.250000 0.250000 0.250000 
 187
0.479817 0.006289 0.046210 
0.462778 0.987150 0.462022 
0.057405 0.006561 0.491768 
0.009806 0.009806 0.009806 0.970582 
0.250000 0.250000 0.250000 0.250000 
 188
0.479817 0.006289 0.046210 
0.462778 0.987150 0.462022 
0.057405 0.006561 0.491768 
0.009806 0.009806 0.970582 0.009806 
0.250000 0.250000 0.250000 0.250000 
 189
0.479817 0.006289 0.046210 
0.462778 0.987150 0.462022 
0.057405 0.006561 0.491768 
0.956375 0.011356 0.009806 0.022464 
0.250000 0.250000 0.250000 0.250000 
 190
0.479817 0.006289 0.046210 
0.462778 0.987150 0.462022 
0.057405 0.006561 0.491768 
0.962094 0.018294 0.009806 0.009806 
0.250000 0.250000 0.250000 0.250000 
 191
0.479817 0.006289 0.046210 
0.462778 0.987150 0.462022 
0.057405 0.006561 0.491768 
0.009806 0.009806 0.967228 0.013160 
0.250000 0.250000 0.250000 0.250000 
 192
0.479817 0.006289 0.046210 
0.462778 0.987150 0.462022 
0.057405 0.006561 0.491768 
0.968579 0.011809 0.009806 0.009806 
0.250000 0.250000 0.250000 0.250000 
 193
0.479817 0.006289 0.046210 
0.462778 0.987150 0.462022 
0.057405 0.006561 0.491768 
0.011463 0.968925 0.009806 0.009806 
0.250000 0.250000 0.250000 0.250000 
 194
0.479817 0.006289 0.046210 
0.462778 0.987150 0.462022 
0.057405 0.006561 0.491768 
0.012073 0.968315 0.009806 0.009806 
0.250000 0.250000 0.250000 0.250000 
 195
0.479817 0.006289 0.046210 
0.462778 0.987150 0.462022 
0.057405 0.006561 0.491768 
0.009806 0.009806 0.011658 0.968731 
0.250000 0.250000 0.250000 0.250000 
 196
0.479817 0.006289 0.046210 
0.462778 0.987150 0.462022 
0.057405 0.006561 0.491768 
0.009806 0.970582 0.009806 0.009806 
0.250000 0.250000 0.250000 0.250000 
 197
0.479817 0.006289 0.046210 
0.462778 0.987150 0.462022 
0.057405 0.006561 0.491768 
0.968751 0.011638 0.009806 0.009806 
0.250000 0.250000 0.250000 0.250000 
 198
0.479817 0.006289 0.046210 
0.462778 0.987150 0.462022 
0.057405 0.006561 0.491768 
0.962543 0.017845 0.009806 0.009806 
0.250000 0.250000 0.250000 0.250000 
 199
0.479817 0.006289 0.046210 
0.462778 0.987150 0.462022 
0.057405 0.006561 0.491768 
0.970582 0.009806 0.009806 0.009806 
0.250000 0.250000 0.250000 0.250000 
 200
0.479817 0.006289 0.046210 
0.462778 0.987150 0.462022 
0.057405 0.006561 0.491768 
0.009806 0.009806 0.009806 0.970582 
0.250000 0.250000 0.250000 0.250000 
 201
0.479817 0.006289 0.046210 
0.462778 0.987150 0.462022 
0.057405 0.006561 0.491768 
0.967062 0.011711 0.011420 0.009806 
0.250000 0.250000 0.250000 0.250000 
 202
0.479817 0.006289 0.046210 
0.462778 0.987150 0.462022 
0.057405 0.006561 0.491768 
0.009806 0.009806 0.009806 0.970582 
0.250000 0.250000 0.250000 0.250000 
 203
0.479817 0.006289 0.046210 
0.462778 0.987150 0.462022 
0.057405 0.006561 0.491768 
0.009806 0.970582 0.009806 0.009806 
0.250000 0.250000 0.250000 0.250000 
 204
0.479817 0.006289 0.046210 
0.462778 0.987150 0.462022 
0.057405 0.006561 0.491768 
0.009806 0.009806 0.970582 0.009806 
0.250000 0.250000 0.250000 0.250000 
 205
0.479817 0.006289 0.046210 
0.462778 0.987150 0.462022 
0.057405 0.006561 0.491768 
0.970582 0.009806 0.009806 0.009806 
0.250000 0.250000 0.250000 0.250000 
 206
0.479817 0.006289 0.046210 
0.462778 0.987150 0.462022 
0.057405 0.006561 0.491768 
0.970582 0.009806 0.009806 0.009806 
0.250000 0.250000 0.250000 0.250000 
 207
0.479817 0.006289 0.046210 
0.462778 0.987150 0.462022 
0.057405 0.006561 0.491768 
0.009806 0.009806 0.970582 0.009806 
0.250000 0.250000 0.250000 0.250000 
 208
0.479817 0.006289 0.046210 
0.462778 0.987150 0.462022 
0.057405 0.006561 0.491768 
0.970582 0.009806 0.009806 0.009806 
0.250000 0.250000 0.250000 0.250000 
 209
0.479817 0.006289 0.046210 
0.462778 0.987150 0.462022 
0.057405 0.006561 0.491768 
0.011548 0.968841 0.009806 0.009806 
0.250000 0.250000 0.250000 0.250000 
 210
0.479817 0.006289 0.046210 
0.462778 0.987150 0.462022 
0.057405 0.006561 0.491768 
0.009806 0.009806 0.012948 0.967440 
0.250000 0.250000 0.250000 0.250000 
 211
0.479817 0.006289 0.046210 
0.462778 0.987150 0.462022 
0.057405 0.006561 0.491768 
0.009806 0.009806 0.970582 0.009806 
0.250000 0.250000 0.250000 0.250000 
 212
0.479817 0.006289 0.046210 
0.462778 0.987150 0.462022 
0.057405 0.006561 0.491768 
0.009806 0.009806 0.970582 0.009806 
0.250000 0.250000 0.250000 0.250000 
 213
0.479817 0.006289 0.046210 
0.462778 0.987150 0.462022 
0.057405 0.006561 0.491768 
0.009806 0.009806 0.009806 0.970582 
0.250000 0.250000 0.250000 0.250000 
 214
0.479817 0.006289 0.046210 
0.462778 0.987150 0.462022 
0.057405 0.006561 0.491768 
0.009806 0.009806 0.970582 0.009806 
0.250000 0.250000 0.250000 0.250000 
 215
0.479817 0.006289 0.046210 
0.462778 0.987150 0.462022 
0.057405 0.006561 0.491768 
0.970582 0.009806 0.009806 0.009806 
0.250000 0.250000 0.250000 0.250000 
 216
0.479817 0.006289 0.046210 
0.462778 0.987150 0.462022 
0.057405 0.006561 0.491768 
0.009806 0.009806 0.032705 0.947683 
0.250000 0.250000 0.250000 0.250000 
 217
0.479817 0.006289 0.046210 
0.462778 0.987150 0.462022 
0.057405 0.006561 0.491768 
0.011560 0.009806 0.968828 0.009806 
0.250000 0.250000 0.250000 0.250000 
 218
0.479817 0.006289 0.046210 
0.462778 0.987150 0.462022 
0.057405 0.006561 0.491768 
0.970582 0.009806 0.009806 0.009806 
0.250000 0.250000 0.250000 0.250000 
 219
0.479817 0.006289 0.046210 
0.462778 0.987150 0.462022 
0.057405 0.006561 0.491768 
0.012818 0.964528 0.009806 0.012848 
0.250000 0.250000 0.250000 0.250000 
 220
0.479817 0.006289 0.046210 
0.462778 0.987150 0.462022 
0.057405 0.006561 0.491768 
0.966817 0.013571 0.009806 0.009806 
0.250000 0.250000 0.250000 0.250000 
 221
0.479817 0.006289 0.046210 
0.462778 0.987150 0.462022 
0.057405 0.006561 0.491768 
0.009806 0.009806 0.009806 0.970582 
0.250000 0.250000 0.250000 0.250000 
 222
0.479817 0.006289 0.046210 
0.462778 0.987150 0.462022 
0.057405 0.006561 0.491768 
0.011333 0.009806 0.967551 0.011310 
0.250000 0.250000 0.250000 0.250000 
 223
0.479817 0.006289 0.046210 
0.462778 0.987150 0.462022 
0.057405 0.006561 0.491768 
0.013034 0.009806 0.967354 0.009806 
0.250000 0.250000 0.250000 0.250000 
 224
0.479817 0.006289 0.046210 
0.462778 0.987150 0.462022 
0.057405 0.006561 0.491768 
0.009806 0.009806 0.009806 0.970582 
0.250000 0.250000 0.250000 0.250000 
 225
0.479817 0.006289 0.046210 
0.462778 0.987150 0.462022 
0.057405 0.006561 0.491768 
0.009806 0.009806 0.009806 0.970582 
0.250000 0.250000 0.250000 0.250000 
 226
0.479817 0.006289 0.046210 
0.462778 0.987150 0.462022 
0.057405 0.006561 0.491768 
0.009806 0.970582 0.009806 0.009806 
0.250000 0.250000 0.250000 0.250000 
 227
0.479817 0.006289 0.046210 
0.462778 0.987150 0.462022 
0.057405 0.006561 0.491768 
0.970582 0.009806 0.009806 0.009806 
0.250000 0.250000 0.250000 0.250000 
 228
0.479817 0.006289 0.046210 
0.462778 0.987150 0.462022 
0.057405 0.006561 0.491768 
0.009806 0.009806 0.015737 0.964651 
0.250000 0.250000 0.250000 0.250000 
 229
0.479817 0.006289 0.046210 
0.462778 0.987150 0.462022 
0.057405 0.006561 0.491768 
0.009806 0.970582 0.009806 0.009806 
0.250000 0.250000 0.250000 0.250000 
 230
0.479817 0.006289 0.046210 
0.462778 0.987150 0.462022 
0.057405 0.006561 0.491768 
0.009806 0.970582 0.009806 0.009806 
0.250000 0.250000 0.250000 0.250000 
 231
0.479817 0.006289 0.046210 
0.462778 0.987150 0.462022 
0.057405 0.006561 0.491768 
0.966662 0.013726 0.009806 0.009806 
0.250000 0.250000 0.250000 0.250000 
 232
0.479817 0.006289 0.046210 
0.462778 0.987150 0.462022 
0.057405 0.006561 0.491768 
0.011416 0.968972 0.009806 0.009806 
0.250000 0.250000 0.250000 0.250000 
 233
0.479817 0.006289 0.046210 
0.462778 0.987150 0.462022 
0.057405 0.006561 0.491768 
0.968048 0.012340 0.009806 0.009806 
0.250000 0.250000 0.250000 0.250000 
 234
0.479817 0.006289 0.046210 
0.462778 0.987150 0.462022 
0.057405 0.006561 0.491768 
0.968364 0.009806 0.012025 0.009806 
0.250000 0.250000 0.250000 0.250000 
 235
0.479817 0.006289 0.046210 
0.462778 0.987150 0.462022 
0.057405 0.006561 0.491768 
0.970582 0.009806 0.009806 0.009806 
