%  SAM: /scicomp/home-pure/vfn4/Tools/label-dev/LABEL_RES/scripts/modelfromalign_Linux v3.5 (July 15, 2005) compiled 12/08/06_16:15:55
%  (c) 1992-2001 Regents of the University of California, Santa Cruz
%
%          Sequence Alignment and Modeling Software System
%         http://www.cse.ucsc.edu/research/compbio/sam.html
%
% ----------------- Citations (SAM, SAM-T2K, HMMs) --------------------
% R. Hughey, A. Krogh, Hidden Markov models for sequence analysis:
%  Extension and analysis of the basic method, CABIOS 12:95-107, 1996.
% K. Karplus, et al., What is the value added by human intervention in protein
%  structure prediction, Proteins: Stucture, Function, Genetics 45(S5):86--91, 2001.
% A. Krogh et al., Hidden Markov models in computational biology:
%  Applications to protein modeling, JMB 235:1501-1531, Feb 1994.
% ---------------------------------------------------------------------
%  2.3.4.4h_hmm   Host: node234.hpc.biotech.cdc.gov    Fri May  5 13:02:41 2023
%  vfn4           Dir:  /scicomp/home-pure/vfn4/fluA/H5/c-2344/c-2344x/c-2344xL2/e-f-like-repair/c-2344xL2-alt/c-2344fehLK
% ---------------------------------------------------------------------
%  Alignment weights from internal calc.  Total (11.09) Max (0.15) Min (0.08)
%  Weights from alignment method 1 (karplus), b=-1.000000, e=0.500000
MODEL --  Model from alignment file /scicomp/home-pure/vfn4/Tools/label-dev/LABEL_RES/training_data/c-2344xL2/c-2344fehLK/2.3.4.4h.fasta
alphabet DNA
FREQAVE
0.000000 0.000000 0.000000 
0.000000 0.000000 0.000000 
0.000000 0.000000 0.000000 
0.348466 0.227566 0.183744 0.240224 
0.348466 0.227566 0.183744 0.240224 
Begin
0.000000 0.000000 0.000000 
0.000000 0.000000 0.000000 
0.000000 0.009802 0.491768 
0.250000 0.250000 0.250000 0.250000 
0.250000 0.250000 0.250000 0.250000 
   1
0.000000 0.141796 0.046210 
0.000000 0.848402 0.462022 
0.030001 0.011298 0.491768 
0.911746 0.029418 0.029418 0.029418 
0.250000 0.250000 0.250000 0.250000 
   2
0.717127 0.010830 0.046210 
0.252873 0.977872 0.462022 
0.030335 0.011259 0.491768 
0.029134 0.029134 0.029134 0.912598 
0.250000 0.250000 0.250000 0.250000 
   3
0.725116 0.010792 0.046210 
0.244549 0.977949 0.462022 
0.030335 0.011259 0.491768 
0.029134 0.912598 0.029134 0.029134 
0.250000 0.250000 0.250000 0.250000 
   4
0.725116 0.010792 0.046210 
0.244549 0.977949 0.462022 
0.030335 0.011259 0.491768 
0.137686 0.804046 0.029134 0.029134 
0.250000 0.250000 0.250000 0.250000 
   5
0.725116 0.010792 0.046210 
0.244549 0.977949 0.462022 
0.030335 0.011259 0.491768 
0.912598 0.029134 0.029134 0.029134 
0.250000 0.250000 0.250000 0.250000 
   6
0.725116 0.010792 0.046210 
0.244549 0.977949 0.462022 
0.030335 0.011259 0.491768 
0.041327 0.900405 0.029134 0.029134 
0.250000 0.250000 0.250000 0.250000 
   7
0.725116 0.010792 0.046210 
0.244549 0.977949 0.462022 
0.030335 0.011259 0.491768 
0.790583 0.151149 0.029134 0.029134 
0.250000 0.250000 0.250000 0.250000 
   8
0.725116 0.010792 0.046210 
0.244549 0.977949 0.462022 
0.030335 0.011259 0.491768 
0.900405 0.041327 0.029134 0.029134 
0.250000 0.250000 0.250000 0.250000 
   9
0.725116 0.010792 0.046210 
0.244549 0.977949 0.462022 
0.030335 0.011259 0.491768 
0.912598 0.029134 0.029134 0.029134 
0.250000 0.250000 0.250000 0.250000 
  10
0.725116 0.010792 0.046210 
0.244549 0.977949 0.462022 
0.030335 0.011259 0.491768 
0.912598 0.029134 0.029134 0.029134 
0.250000 0.250000 0.250000 0.250000 
  11
0.725116 0.010792 0.046210 
0.244549 0.977949 0.462022 
0.030335 0.011259 0.491768 
0.029134 0.029134 0.029134 0.912598 
0.250000 0.250000 0.250000 0.250000 
  12
0.725116 0.010792 0.046210 
0.244549 0.977949 0.462022 
0.030335 0.011259 0.491768 
0.912598 0.029134 0.029134 0.029134 
0.250000 0.250000 0.250000 0.250000 
  13
0.725116 0.010792 0.046210 
0.244549 0.977949 0.462022 
0.030335 0.011259 0.491768 
0.061125 0.880607 0.029134 0.029134 
0.250000 0.250000 0.250000 0.250000 
  14
0.725116 0.010792 0.046210 
0.244549 0.977949 0.462022 
0.030335 0.011259 0.491768 
0.029134 0.029134 0.029134 0.912598 
0.250000 0.250000 0.250000 0.250000 
  15
0.725116 0.010792 0.046210 
0.244549 0.977949 0.462022 
0.030335 0.011259 0.491768 
0.497651 0.444081 0.029134 0.029134 
0.250000 0.250000 0.250000 0.250000 
  16
0.725116 0.010792 0.046210 
0.244549 0.977949 0.462022 
0.030335 0.011259 0.491768 
0.029134 0.029134 0.912598 0.029134 
0.250000 0.250000 0.250000 0.250000 
  17
0.725116 0.010792 0.046210 
0.244549 0.977949 0.462022 
0.030335 0.011259 0.491768 
0.029134 0.029134 0.029134 0.912598 
0.250000 0.250000 0.250000 0.250000 
  18
0.713349 0.010792 0.046210 
0.256316 0.977949 0.462022 
0.030696 0.011217 0.491768 
0.028840 0.028840 0.028840 0.913481 
0.250000 0.250000 0.250000 0.250000 
  19
0.721843 0.010752 0.046210 
0.247461 0.978031 0.462022 
0.030696 0.011217 0.491768 
0.243248 0.028840 0.699073 0.028840 
0.250000 0.250000 0.250000 0.250000 
  20
0.721843 0.010752 0.046210 
0.247461 0.978031 0.462022 
0.030696 0.011217 0.491768 
0.028840 0.028840 0.028840 0.913481 
0.250000 0.250000 0.250000 0.250000 
  21
0.721843 0.010752 0.046210 
0.247461 0.978031 0.462022 
0.030696 0.011217 0.491768 
0.028840 0.028840 0.028840 0.913481 
0.250000 0.250000 0.250000 0.250000 
  22
0.721843 0.010752 0.046210 
0.247461 0.978031 0.462022 
0.030696 0.011217 0.491768 
0.028840 0.028840 0.913481 0.028840 
0.250000 0.250000 0.250000 0.250000 
  23
0.721843 0.010752 0.046210 
0.247461 0.978031 0.462022 
0.030696 0.011217 0.491768 
0.028840 0.028840 0.028840 0.913481 
0.250000 0.250000 0.250000 0.250000 
  24
0.721843 0.010752 0.046210 
0.247461 0.978031 0.462022 
0.030696 0.011217 0.491768 
0.028840 0.028840 0.028840 0.913481 
0.250000 0.250000 0.250000 0.250000 
  25
0.721843 0.010752 0.046210 
0.247461 0.978031 0.462022 
0.030696 0.011217 0.491768 
0.069405 0.369373 0.028840 0.532382 
0.250000 0.250000 0.250000 0.250000 
  26
0.721843 0.010752 0.046210 
0.247461 0.978031 0.462022 
0.030696 0.011217 0.491768 
0.028840 0.028840 0.913481 0.028840 
0.250000 0.250000 0.250000 0.250000 
  27
0.721843 0.010752 0.046210 
0.247461 0.978031 0.462022 
0.030696 0.011217 0.491768 
0.913481 0.028840 0.028840 0.028840 
0.250000 0.250000 0.250000 0.250000 
  28
0.721843 0.010752 0.046210 
0.247461 0.978031 0.462022 
0.030696 0.011217 0.491768 
0.040171 0.902149 0.028840 0.028840 
0.250000 0.250000 0.250000 0.250000 
  29
0.721843 0.010752 0.046210 
0.247461 0.978031 0.462022 
0.030696 0.011217 0.491768 
0.028840 0.028840 0.028840 0.913481 
0.250000 0.250000 0.250000 0.250000 
  30
0.721843 0.010752 0.046210 
0.247461 0.978031 0.462022 
0.030696 0.011217 0.491768 
0.043509 0.898812 0.028840 0.028840 
0.250000 0.250000 0.250000 0.250000 
  31
0.721843 0.010752 0.046210 
0.247461 0.978031 0.462022 
0.030696 0.011217 0.491768 
0.069405 0.872916 0.028840 0.028840 
0.250000 0.250000 0.250000 0.250000 
  32
0.721843 0.010752 0.046210 
0.247461 0.978031 0.462022 
0.030696 0.011217 0.491768 
0.028840 0.028840 0.028840 0.913481 
0.250000 0.250000 0.250000 0.250000 
  33
0.721843 0.010752 0.046210 
0.247461 0.978031 0.462022 
0.030696 0.011217 0.491768 
0.028840 0.028840 0.028840 0.913481 
0.250000 0.250000 0.250000 0.250000 
  34
0.721843 0.010752 0.046210 
0.247461 0.978031 0.462022 
0.030696 0.011217 0.491768 
0.898812 0.043509 0.028840 0.028840 
0.250000 0.250000 0.250000 0.250000 
  35
0.721843 0.010752 0.046210 
0.247461 0.978031 0.462022 
0.030696 0.011217 0.491768 
0.028840 0.913481 0.028840 0.028840 
0.250000 0.250000 0.250000 0.250000 
  36
0.721843 0.010752 0.046210 
0.247461 0.978031 0.462022 
0.030696 0.011217 0.491768 
0.028840 0.028840 0.880978 0.061343 
0.250000 0.250000 0.250000 0.250000 
  37
0.721843 0.010752 0.046210 
0.247461 0.978031 0.462022 
0.030696 0.011217 0.491768 
0.028840 0.028840 0.913481 0.028840 
0.250000 0.250000 0.250000 0.250000 
  38
0.721843 0.010752 0.046210 
0.247461 0.978031 0.462022 
0.030696 0.011217 0.491768 
0.028840 0.028840 0.028840 0.913481 
0.250000 0.250000 0.250000 0.250000 
  39
0.721843 0.010752 0.046210 
0.247461 0.978031 0.462022 
0.030696 0.011217 0.491768 
0.028840 0.028840 0.028840 0.913481 
0.250000 0.250000 0.250000 0.250000 
  40
0.721843 0.010752 0.046210 
0.247461 0.978031 0.462022 
0.030696 0.011217 0.491768 
0.028840 0.913481 0.028840 0.028840 
0.250000 0.250000 0.250000 0.250000 
  41
0.721843 0.010752 0.046210 
0.247461 0.978031 0.462022 
0.030696 0.011217 0.491768 
0.028840 0.028840 0.040212 0.902108 
0.250000 0.250000 0.250000 0.250000 
  42
0.721843 0.010752 0.046210 
0.247461 0.978031 0.462022 
0.030696 0.011217 0.491768 
0.028840 0.028840 0.028840 0.913481 
0.250000 0.250000 0.250000 0.250000 
  43
0.721843 0.010752 0.046210 
0.247461 0.978031 0.462022 
0.030696 0.011217 0.491768 
0.891672 0.050648 0.028840 0.028840 
0.250000 0.250000 0.250000 0.250000 
  44
0.721843 0.010752 0.046210 
0.247461 0.978031 0.462022 
0.030696 0.011217 0.491768 
0.913481 0.028840 0.028840 0.028840 
0.250000 0.250000 0.250000 0.250000 
  45
0.721843 0.010752 0.046210 
0.247461 0.978031 0.462022 
0.030696 0.011217 0.491768 
0.913481 0.028840 0.028840 0.028840 
0.250000 0.250000 0.250000 0.250000 
  46
0.721843 0.010752 0.046210 
0.247461 0.978031 0.462022 
0.030696 0.011217 0.491768 
0.913481 0.028840 0.028840 0.028840 
0.250000 0.250000 0.250000 0.250000 
  47
0.721843 0.010752 0.046210 
0.247461 0.978031 0.462022 
0.030696 0.011217 0.491768 
0.028840 0.913481 0.028840 0.028840 
0.250000 0.250000 0.250000 0.250000 
  48
0.721843 0.010752 0.046210 
0.247461 0.978031 0.462022 
0.030696 0.011217 0.491768 
0.028840 0.028840 0.038840 0.903481 
0.250000 0.250000 0.250000 0.250000 
  49
0.256572 0.010752 0.046210 
0.712732 0.978031 0.462022 
0.057405 0.009802 0.491768 
0.020677 0.937968 0.020677 0.020677 
0.250000 0.250000 0.250000 0.250000 
  50
0.479817 0.009396 0.046210 
0.462778 0.980801 0.462022 
0.057405 0.009802 0.491768 
0.937968 0.020677 0.020677 0.020677 
0.250000 0.250000 0.250000 0.250000 
  51
0.479817 0.009396 0.046210 
0.462778 0.980801 0.462022 
0.057405 0.009802 0.491768 
0.020677 0.020677 0.088535 0.870110 
0.250000 0.250000 0.250000 0.250000 
  52
0.479817 0.009396 0.046210 
0.462778 0.980801 0.462022 
0.057405 0.009802 0.491768 
0.020677 0.020677 0.937968 0.020677 
0.250000 0.250000 0.250000 0.250000 
  53
0.479817 0.009396 0.046210 
0.462778 0.980801 0.462022 
0.057405 0.009802 0.491768 
0.937968 0.020677 0.020677 0.020677 
0.250000 0.250000 0.250000 0.250000 
  54
0.479817 0.009396 0.046210 
0.462778 0.980801 0.462022 
0.057405 0.009802 0.491768 
0.020677 0.937968 0.020677 0.020677 
0.250000 0.250000 0.250000 0.250000 
  55
0.479817 0.009396 0.046210 
0.462778 0.980801 0.462022 
0.057405 0.009802 0.491768 
0.937968 0.020677 0.020677 0.020677 
0.250000 0.250000 0.250000 0.250000 
  56
0.479817 0.009396 0.046210 
0.462778 0.980801 0.462022 
0.057405 0.009802 0.491768 
0.020677 0.020677 0.020677 0.937968 
0.250000 0.250000 0.250000 0.250000 
  57
0.479817 0.009396 0.046210 
0.462778 0.980801 0.462022 
0.057405 0.009802 0.491768 
0.020677 0.020677 0.031508 0.927137 
0.250000 0.250000 0.250000 0.250000 
  58
0.479817 0.009396 0.046210 
0.462778 0.980801 0.462022 
0.057405 0.009802 0.491768 
0.020677 0.020677 0.020677 0.937968 
0.250000 0.250000 0.250000 0.250000 
  59
0.479817 0.009396 0.046210 
0.462778 0.980801 0.462022 
0.057405 0.009802 0.491768 
0.020677 0.937968 0.020677 0.020677 
0.250000 0.250000 0.250000 0.250000 
  60
0.479817 0.009396 0.046210 
0.462778 0.980801 0.462022 
0.057405 0.009802 0.491768 
0.020677 0.020677 0.937968 0.020677 
0.250000 0.250000 0.250000 0.250000 
  61
0.479817 0.009396 0.046210 
0.462778 0.980801 0.462022 
0.057405 0.009802 0.491768 
0.929314 0.020677 0.029332 0.020677 
0.250000 0.250000 0.250000 0.250000 
  62
0.479817 0.009396 0.046210 
0.462778 0.980801 0.462022 
0.057405 0.009802 0.491768 
0.020677 0.020677 0.020677 0.937968 
0.250000 0.250000 0.250000 0.250000 
  63
0.479817 0.009396 0.046210 
0.462778 0.980801 0.462022 
0.057405 0.009802 0.491768 
0.020677 0.020677 0.020677 0.937968 
0.250000 0.250000 0.250000 0.250000 
  64
0.479817 0.009396 0.046210 
0.462778 0.980801 0.462022 
0.057405 0.009802 0.491768 
0.020677 0.937968 0.020677 0.020677 
0.250000 0.250000 0.250000 0.250000 
  65
0.479817 0.009396 0.046210 
0.462778 0.980801 0.462022 
0.057405 0.009802 0.491768 
0.020677 0.937968 0.020677 0.020677 
0.250000 0.250000 0.250000 0.250000 
  66
0.479817 0.009396 0.046210 
0.462778 0.980801 0.462022 
0.057405 0.009802 0.491768 
0.020677 0.020677 0.029680 0.928965 
0.250000 0.250000 0.250000 0.250000 
  67
0.479817 0.009396 0.046210 
0.462778 0.980801 0.462022 
0.057405 0.009802 0.491768 
0.020677 0.020677 0.020677 0.937968 
0.250000 0.250000 0.250000 0.250000 
  68
0.479817 0.009396 0.046210 
0.462778 0.980801 0.462022 
0.057405 0.009802 0.491768 
0.937968 0.020677 0.020677 0.020677 
0.250000 0.250000 0.250000 0.250000 
  69
0.479817 0.009396 0.046210 
0.462778 0.980801 0.462022 
0.057405 0.009802 0.491768 
0.020677 0.020677 0.909939 0.048706 
0.250000 0.250000 0.250000 0.250000 
  70
0.479817 0.009396 0.046210 
0.462778 0.980801 0.462022 
0.057405 0.009802 0.491768 
0.020677 0.020677 0.937968 0.020677 
0.250000 0.250000 0.250000 0.250000 
  71
0.479817 0.009396 0.046210 
0.462778 0.980801 0.462022 
0.057405 0.009802 0.491768 
0.937968 0.020677 0.020677 0.020677 
0.250000 0.250000 0.250000 0.250000 
  72
0.479817 0.009396 0.046210 
0.462778 0.980801 0.462022 
0.057405 0.009802 0.491768 
0.020677 0.020677 0.020677 0.937968 
0.250000 0.250000 0.250000 0.250000 
  73
0.479817 0.009396 0.046210 
0.462778 0.980801 0.462022 
0.057405 0.009802 0.491768 
0.020677 0.937968 0.020677 0.020677 
0.250000 0.250000 0.250000 0.250000 
  74
0.479817 0.009396 0.046210 
0.462778 0.980801 0.462022 
0.057405 0.009802 0.491768 
0.020677 0.020677 0.937968 0.020677 
0.250000 0.250000 0.250000 0.250000 
  75
0.479817 0.009396 0.046210 
0.462778 0.980801 0.462022 
0.057405 0.009802 0.491768 
0.937968 0.020677 0.020677 0.020677 
0.250000 0.250000 0.250000 0.250000 
  76
0.479817 0.009396 0.046210 
0.462778 0.980801 0.462022 
0.057405 0.009802 0.491768 
0.937968 0.020677 0.020677 0.020677 
0.250000 0.250000 0.250000 0.250000 
  77
0.479817 0.009396 0.046210 
0.462778 0.980801 0.462022 
0.057405 0.009802 0.491768 
0.937968 0.020677 0.020677 0.020677 
0.250000 0.250000 0.250000 0.250000 
  78
0.479817 0.009396 0.046210 
0.462778 0.980801 0.462022 
0.057405 0.009802 0.491768 
0.020677 0.020677 0.937968 0.020677 
0.250000 0.250000 0.250000 0.250000 
  79
0.479817 0.009396 0.046210 
0.462778 0.980801 0.462022 
0.057405 0.009802 0.491768 
0.937968 0.020677 0.020677 0.020677 
0.250000 0.250000 0.250000 0.250000 
  80
0.479817 0.009396 0.046210 
0.462778 0.980801 0.462022 
0.057405 0.009802 0.491768 
0.937968 0.020677 0.020677 0.020677 
0.250000 0.250000 0.250000 0.250000 
  81
0.479817 0.009396 0.046210 
0.462778 0.980801 0.462022 
0.057405 0.009802 0.491768 
0.020677 0.020677 0.937968 0.020677 
0.250000 0.250000 0.250000 0.250000 
  82
0.479817 0.009396 0.046210 
0.462778 0.980801 0.462022 
0.057405 0.009802 0.491768 
0.020677 0.020677 0.020677 0.937968 
0.250000 0.250000 0.250000 0.250000 
  83
0.479817 0.009396 0.046210 
0.462778 0.980801 0.462022 
0.057405 0.009802 0.491768 
0.020677 0.020677 0.937968 0.020677 
0.250000 0.250000 0.250000 0.250000 
  84
0.479817 0.009396 0.046210 
0.462778 0.980801 0.462022 
0.057405 0.009802 0.491768 
0.029002 0.929643 0.020677 0.020677 
0.250000 0.250000 0.250000 0.250000 
  85
0.479817 0.009396 0.046210 
0.462778 0.980801 0.462022 
0.057405 0.009802 0.491768 
0.937968 0.020677 0.020677 0.020677 
0.250000 0.250000 0.250000 0.250000 
  86
0.479817 0.009396 0.046210 
0.462778 0.980801 0.462022 
0.057405 0.009802 0.491768 
0.020677 0.020677 0.937968 0.020677 
0.250000 0.250000 0.250000 0.250000 
  87
0.479817 0.009396 0.046210 
0.462778 0.980801 0.462022 
0.057405 0.009802 0.491768 
0.927904 0.020677 0.030742 0.020677 
0.250000 0.250000 0.250000 0.250000 
  88
0.479817 0.009396 0.046210 
0.462778 0.980801 0.462022 
0.057405 0.009802 0.491768 
0.020677 0.937968 0.020677 0.020677 
0.250000 0.250000 0.250000 0.250000 
  89
0.479817 0.009396 0.046210 
0.462778 0.980801 0.462022 
0.057405 0.009802 0.491768 
0.937968 0.020677 0.020677 0.020677 
0.250000 0.250000 0.250000 0.250000 
  90
0.479817 0.009396 0.046210 
0.462778 0.980801 0.462022 
0.057405 0.009802 0.491768 
0.028263 0.930382 0.020677 0.020677 
0.250000 0.250000 0.250000 0.250000 
  91
0.479817 0.009396 0.046210 
0.462778 0.980801 0.462022 
0.057405 0.009802 0.491768 
0.020677 0.020677 0.937968 0.020677 
0.250000 0.250000 0.250000 0.250000 
  92
0.479817 0.009396 0.046210 
0.462778 0.980801 0.462022 
0.057405 0.009802 0.491768 
0.937968 0.020677 0.020677 0.020677 
0.250000 0.250000 0.250000 0.250000 
  93
0.479817 0.009396 0.046210 
0.462778 0.980801 0.462022 
0.057405 0.009802 0.491768 
0.034689 0.923956 0.020677 0.020677 
0.250000 0.250000 0.250000 0.250000 
  94
0.479817 0.009396 0.046210 
0.462778 0.980801 0.462022 
0.057405 0.009802 0.491768 
0.020677 0.937968 0.020677 0.020677 
0.250000 0.250000 0.250000 0.250000 
  95
0.479817 0.009396 0.046210 
0.462778 0.980801 0.462022 
0.057405 0.009802 0.491768 
0.020677 0.020677 0.020677 0.937968 
0.250000 0.250000 0.250000 0.250000 
  96
0.479817 0.009396 0.046210 
0.462778 0.980801 0.462022 
0.057405 0.009802 0.491768 
0.020677 0.020677 0.057316 0.901330 
0.250000 0.250000 0.250000 0.250000 
  97
0.479817 0.009396 0.046210 
0.462778 0.980801 0.462022 
0.057405 0.009802 0.491768 
0.020677 0.937968 0.020677 0.020677 
0.250000 0.250000 0.250000 0.250000 
  98
0.479817 0.009396 0.046210 
0.462778 0.980801 0.462022 
0.057405 0.009802 0.491768 
0.937968 0.020677 0.020677 0.020677 
0.250000 0.250000 0.250000 0.250000 
  99
0.479817 0.009396 0.046210 
0.462778 0.980801 0.462022 
0.057405 0.009802 0.491768 
0.020677 0.020677 0.914664 0.043981 
0.250000 0.250000 0.250000 0.250000 
 100
0.479817 0.009396 0.046210 
0.462778 0.980801 0.462022 
0.057405 0.009802 0.491768 
0.937968 0.020677 0.020677 0.020677 
0.250000 0.250000 0.250000 0.250000 
 101
0.479817 0.009396 0.046210 
0.462778 0.980801 0.462022 
0.057405 0.009802 0.491768 
0.020677 0.020677 0.937968 0.020677 
0.250000 0.250000 0.250000 0.250000 
 102
0.479817 0.009396 0.046210 
0.462778 0.980801 0.462022 
0.057405 0.009802 0.491768 
0.476651 0.481994 0.020677 0.020677 
0.250000 0.250000 0.250000 0.250000 
 103
0.479817 0.009396 0.046210 
0.462778 0.980801 0.462022 
0.057405 0.009802 0.491768 
0.937968 0.020677 0.020677 0.020677 
0.250000 0.250000 0.250000 0.250000 
 104
0.479817 0.009396 0.046210 
0.462778 0.980801 0.462022 
0.057405 0.009802 0.491768 
0.020677 0.020677 0.020677 0.937968 
0.250000 0.250000 0.250000 0.250000 
 105
0.479817 0.009396 0.046210 
0.462778 0.980801 0.462022 
0.057405 0.009802 0.491768 
0.927137 0.020677 0.020677 0.031508 
0.250000 0.250000 0.250000 0.250000 
 106
0.479817 0.009396 0.046210 
0.462778 0.980801 0.462022 
0.057405 0.009802 0.491768 
0.937968 0.020677 0.020677 0.020677 
0.250000 0.250000 0.250000 0.250000 
 107
0.479817 0.009396 0.046210 
0.462778 0.980801 0.462022 
0.057405 0.009802 0.491768 
0.020677 0.020677 0.020677 0.937968 
0.250000 0.250000 0.250000 0.250000 
 108
0.479817 0.009396 0.046210 
0.462778 0.980801 0.462022 
0.057405 0.009802 0.491768 
0.020677 0.937968 0.020677 0.020677 
0.250000 0.250000 0.250000 0.250000 
 109
0.479817 0.009396 0.046210 
0.462778 0.980801 0.462022 
0.057405 0.009802 0.491768 
0.020677 0.937968 0.020677 0.020677 
0.250000 0.250000 0.250000 0.250000 
 110
0.479817 0.009396 0.046210 
0.462778 0.980801 0.462022 
0.057405 0.009802 0.491768 
0.937968 0.020677 0.020677 0.020677 
0.250000 0.250000 0.250000 0.250000 
 111
0.479817 0.009396 0.046210 
0.462778 0.980801 0.462022 
0.057405 0.009802 0.491768 
0.937968 0.020677 0.020677 0.020677 
0.250000 0.250000 0.250000 0.250000 
 112
0.479817 0.009396 0.046210 
0.462778 0.980801 0.462022 
0.057405 0.009802 0.491768 
0.937968 0.020677 0.020677 0.020677 
0.250000 0.250000 0.250000 0.250000 
 113
0.479817 0.009396 0.046210 
0.462778 0.980801 0.462022 
0.057405 0.009802 0.491768 
0.937968 0.020677 0.020677 0.020677 
0.250000 0.250000 0.250000 0.250000 
 114
0.479817 0.009396 0.046210 
0.462778 0.980801 0.462022 
0.057405 0.009802 0.491768 
0.928413 0.030233 0.020677 0.020677 
0.250000 0.250000 0.250000 0.250000 
 115
0.479817 0.009396 0.046210 
0.462778 0.980801 0.462022 
0.057405 0.009802 0.491768 
0.937968 0.020677 0.020677 0.020677 
0.250000 0.250000 0.250000 0.250000 
 116
0.479817 0.009396 0.046210 
0.462778 0.980801 0.462022 
0.057405 0.009802 0.491768 
0.937968 0.020677 0.020677 0.020677 
0.250000 0.250000 0.250000 0.250000 
 117
0.479817 0.009396 0.046210 
0.462778 0.980801 0.462022 
0.057405 0.009802 0.491768 
0.020677 0.020677 0.937968 0.020677 
0.250000 0.250000 0.250000 0.250000 
 118
0.479817 0.009396 0.046210 
0.462778 0.980801 0.462022 
0.057405 0.009802 0.491768 
0.020677 0.937968 0.020677 0.020677 
0.250000 0.250000 0.250000 0.250000 
 119
0.479817 0.009396 0.046210 
0.462778 0.980801 0.462022 
0.057405 0.009802 0.491768 
0.020677 0.020677 0.020677 0.937968 
0.250000 0.250000 0.250000 0.250000 
 120
0.479817 0.009396 0.046210 
0.462778 0.980801 0.462022 
0.057405 0.009802 0.491768 
0.020677 0.020677 0.937968 0.020677 
0.250000 0.250000 0.250000 0.250000 
 121
0.479817 0.009396 0.046210 
0.462778 0.980801 0.462022 
0.057405 0.009802 0.491768 
0.937968 0.020677 0.020677 0.020677 
0.250000 0.250000 0.250000 0.250000 
 122
0.479817 0.009396 0.046210 
0.462778 0.980801 0.462022 
0.057405 0.009802 0.491768 
0.020677 0.020677 0.937968 0.020677 
0.250000 0.250000 0.250000 0.250000 
 123
0.479817 0.009396 0.046210 
0.462778 0.980801 0.462022 
0.057405 0.009802 0.491768 
0.020677 0.020677 0.020677 0.937968 
0.250000 0.250000 0.250000 0.250000 
 124
0.479817 0.009396 0.046210 
0.462778 0.980801 0.462022 
0.057405 0.009802 0.491768 
0.020677 0.937968 0.020677 0.020677 
0.250000 0.250000 0.250000 0.250000 
 125
0.479817 0.009396 0.046210 
0.462778 0.980801 0.462022 
0.057405 0.009802 0.491768 
0.020677 0.020677 0.020677 0.937968 
0.250000 0.250000 0.250000 0.250000 
 126
0.479817 0.009396 0.046210 
0.462778 0.980801 0.462022 
0.057405 0.009802 0.491768 
0.020677 0.020677 0.044169 0.914477 
0.250000 0.250000 0.250000 0.250000 
 127
0.479817 0.009396 0.046210 
0.462778 0.980801 0.462022 
0.057405 0.009802 0.491768 
0.937968 0.020677 0.020677 0.020677 
0.250000 0.250000 0.250000 0.250000 
 128
0.479817 0.009396 0.046210 
0.462778 0.980801 0.462022 
0.057405 0.009802 0.491768 
0.020677 0.020677 0.937968 0.020677 
0.250000 0.250000 0.250000 0.250000 
 129
0.479817 0.009396 0.046210 
0.462778 0.980801 0.462022 
0.057405 0.009802 0.491768 
0.634936 0.323710 0.020677 0.020677 
0.250000 0.250000 0.250000 0.250000 
 130
0.479817 0.009396 0.046210 
0.462778 0.980801 0.462022 
0.057405 0.009802 0.491768 
0.020677 0.020677 0.937968 0.020677 
0.250000 0.250000 0.250000 0.250000 
 131
0.479817 0.009396 0.046210 
0.462778 0.980801 0.462022 
0.057405 0.009802 0.491768 
0.937968 0.020677 0.020677 0.020677 
0.250000 0.250000 0.250000 0.250000 
 132
0.479817 0.009396 0.046210 
0.462778 0.980801 0.462022 
0.057405 0.009802 0.491768 
0.020677 0.063727 0.020677 0.894919 
0.250000 0.250000 0.250000 0.250000 
 133
0.479817 0.009396 0.046210 
0.462778 0.980801 0.462022 
0.057405 0.009802 0.491768 
0.020677 0.937968 0.020677 0.020677 
0.250000 0.250000 0.250000 0.250000 
 134
0.479817 0.009396 0.046210 
0.462778 0.980801 0.462022 
0.057405 0.009802 0.491768 
0.020677 0.020677 0.937968 0.020677 
0.250000 0.250000 0.250000 0.250000 
 135
0.479817 0.009396 0.046210 
0.462778 0.980801 0.462022 
0.057405 0.009802 0.491768 
0.020677 0.020677 0.937968 0.020677 
0.250000 0.250000 0.250000 0.250000 
 136
0.479817 0.009396 0.046210 
0.462778 0.980801 0.462022 
0.057405 0.009802 0.491768 
0.020677 0.020677 0.937968 0.020677 
0.250000 0.250000 0.250000 0.250000 
 137
0.479817 0.009396 0.046210 
0.462778 0.980801 0.462022 
0.057405 0.009802 0.491768 
0.937968 0.020677 0.020677 0.020677 
0.250000 0.250000 0.250000 0.250000 
 138
0.479817 0.009396 0.046210 
0.462778 0.980801 0.462022 
0.057405 0.009802 0.491768 
0.875453 0.083192 0.020677 0.020677 
0.250000 0.250000 0.250000 0.250000 
 139
0.479817 0.009396 0.046210 
0.462778 0.980801 0.462022 
0.057405 0.009802 0.491768 
0.020677 0.937968 0.020677 0.020677 
0.250000 0.250000 0.250000 0.250000 
 140
0.479817 0.009396 0.046210 
0.462778 0.980801 0.462022 
0.057405 0.009802 0.491768 
0.937968 0.020677 0.020677 0.020677 
0.250000 0.250000 0.250000 0.250000 
 141
0.479817 0.009396 0.046210 
0.462778 0.980801 0.462022 
0.057405 0.009802 0.491768 
0.020677 0.020677 0.930365 0.028281 
0.250000 0.250000 0.250000 0.250000 
 142
0.479817 0.009396 0.046210 
0.462778 0.980801 0.462022 
0.057405 0.009802 0.491768 
0.937968 0.020677 0.020677 0.020677 
0.250000 0.250000 0.250000 0.250000 
 143
0.479817 0.009396 0.046210 
0.462778 0.980801 0.462022 
0.057405 0.009802 0.491768 
0.020677 0.020677 0.020677 0.937968 
0.250000 0.250000 0.250000 0.250000 
 144
0.479817 0.009396 0.046210 
0.462778 0.980801 0.462022 
0.057405 0.009802 0.491768 
0.937968 0.020677 0.020677 0.020677 
0.250000 0.250000 0.250000 0.250000 
 145
0.479817 0.009396 0.046210 
0.462778 0.980801 0.462022 
0.057405 0.009802 0.491768 
0.020677 0.020677 0.937968 0.020677 
0.250000 0.250000 0.250000 0.250000 
 146
0.479817 0.009396 0.046210 
0.462778 0.980801 0.462022 
0.057405 0.009802 0.491768 
0.020677 0.020677 0.020677 0.937968 
0.250000 0.250000 0.250000 0.250000 
 147
0.479817 0.009396 0.046210 
0.462778 0.980801 0.462022 
0.057405 0.009802 0.491768 
0.078865 0.879780 0.020677 0.020677 
0.250000 0.250000 0.250000 0.250000 
 148
0.479817 0.009396 0.046210 
0.462778 0.980801 0.462022 
0.057405 0.009802 0.491768 
0.020677 0.937968 0.020677 0.020677 
0.250000 0.250000 0.250000 0.250000 
 149
0.479817 0.009396 0.046210 
0.462778 0.980801 0.462022 
0.057405 0.009802 0.491768 
0.937968 0.020677 0.020677 0.020677 
0.250000 0.250000 0.250000 0.250000 
 150
0.479817 0.009396 0.046210 
0.462778 0.980801 0.462022 
0.057405 0.009802 0.491768 
0.928413 0.030233 0.020677 0.020677 
0.250000 0.250000 0.250000 0.250000 
 151
0.479817 0.009396 0.046210 
0.462778 0.980801 0.462022 
0.057405 0.009802 0.491768 
0.937968 0.020677 0.020677 0.020677 
0.250000 0.250000 0.250000 0.250000 
 152
0.479817 0.009396 0.046210 
0.462778 0.980801 0.462022 
0.057405 0.009802 0.491768 
0.937968 0.020677 0.020677 0.020677 
0.250000 0.250000 0.250000 0.250000 
 153
0.479817 0.009396 0.046210 
0.462778 0.980801 0.462022 
0.057405 0.009802 0.491768 
0.028604 0.930041 0.020677 0.020677 
0.250000 0.250000 0.250000 0.250000 
 154
0.479817 0.009396 0.046210 
0.462778 0.980801 0.462022 
0.057405 0.009802 0.491768 
0.937968 0.020677 0.020677 0.020677 
0.250000 0.250000 0.250000 0.250000 
 155
0.479817 0.009396 0.046210 
0.462778 0.980801 0.462022 
0.057405 0.009802 0.491768 
0.020677 0.020677 0.937968 0.020677 
0.250000 0.250000 0.250000 0.250000 
 156
0.479817 0.009396 0.046210 
0.462778 0.980801 0.462022 
0.057405 0.009802 0.491768 
0.937968 0.020677 0.020677 0.020677 
0.250000 0.250000 0.250000 0.250000 
 157
0.479817 0.009396 0.046210 
0.462778 0.980801 0.462022 
0.057405 0.009802 0.491768 
0.020677 0.020677 0.937968 0.020677 
0.250000 0.250000 0.250000 0.250000 
 158
0.479817 0.009396 0.046210 
0.462778 0.980801 0.462022 
0.057405 0.009802 0.491768 
0.937968 0.020677 0.020677 0.020677 
0.250000 0.250000 0.250000 0.250000 
 159
0.479817 0.009396 0.046210 
0.462778 0.980801 0.462022 
0.057405 0.009802 0.491768 
0.020677 0.020677 0.937968 0.020677 
0.250000 0.250000 0.250000 0.250000 
 160
0.479817 0.009396 0.046210 
0.462778 0.980801 0.462022 
0.057405 0.009802 0.491768 
0.937968 0.020677 0.020677 0.020677 
0.250000 0.250000 0.250000 0.250000 
 161
0.479817 0.009396 0.046210 
0.462778 0.980801 0.462022 
0.057405 0.009802 0.491768 
0.937968 0.020677 0.020677 0.020677 
0.250000 0.250000 0.250000 0.250000 
 162
0.479817 0.009396 0.046210 
0.462778 0.980801 0.462022 
0.057405 0.009802 0.491768 
0.020677 0.020677 0.937968 0.020677 
0.250000 0.250000 0.250000 0.250000 
 163
0.479817 0.009396 0.046210 
0.462778 0.980801 0.462022 
0.057405 0.009802 0.491768 
0.020677 0.937968 0.020677 0.020677 
0.250000 0.250000 0.250000 0.250000 
 164
0.479817 0.009396 0.046210 
0.462778 0.980801 0.462022 
0.057405 0.009802 0.491768 
0.028281 0.930365 0.020677 0.020677 
0.250000 0.250000 0.250000 0.250000 
 165
0.479817 0.009396 0.046210 
0.462778 0.980801 0.462022 
0.057405 0.009802 0.491768 
0.110361 0.847126 0.021256 0.021256 
0.250000 0.250000 0.250000 0.250000 
 166
0.479817 0.009396 0.046210 
0.462778 0.980801 0.462022 
0.057405 0.009802 0.491768 
0.937968 0.020677 0.020677 0.020677 
0.250000 0.250000 0.250000 0.250000 
 167
0.479817 0.009396 0.046210 
0.462778 0.980801 0.462022 
0.057405 0.009802 0.491768 
0.490663 0.467982 0.020677 0.020677 
0.250000 0.250000 0.250000 0.250000 
 168
0.479817 0.009396 0.046210 
0.462778 0.980801 0.462022 
0.057405 0.009802 0.491768 
0.065640 0.893005 0.020677 0.020677 
0.250000 0.250000 0.250000 0.250000 
 169
0.479817 0.009396 0.046210 
0.462778 0.980801 0.462022 
0.057405 0.009802 0.491768 
0.020677 0.020677 0.937968 0.020677 
0.250000 0.250000 0.250000 0.250000 
 170
0.479817 0.009396 0.046210 
0.462778 0.980801 0.462022 
0.057405 0.009802 0.491768 
0.020677 0.020677 0.020677 0.937968 
0.250000 0.250000 0.250000 0.250000 
 171
0.479817 0.009396 0.046210 
0.462778 0.980801 0.462022 
0.057405 0.009802 0.491768 
0.020677 0.020677 0.937968 0.020677 
0.250000 0.250000 0.250000 0.250000 
 172
0.479817 0.009396 0.046210 
0.462778 0.980801 0.462022 
0.057405 0.009802 0.491768 
0.020677 0.020677 0.020677 0.937968 
0.250000 0.250000 0.250000 0.250000 
 173
0.479817 0.009396 0.046210 
0.462778 0.980801 0.462022 
0.057405 0.009802 0.491768 
0.020677 0.937968 0.020677 0.020677 
0.250000 0.250000 0.250000 0.250000 
 174
0.479817 0.009396 0.046210 
0.462778 0.980801 0.462022 
0.057405 0.009802 0.491768 
0.020677 0.020677 0.920102 0.038544 
0.250000 0.250000 0.250000 0.250000 
 175
0.479817 0.009396 0.046210 
0.462778 0.980801 0.462022 
0.057405 0.009802 0.491768 
0.030673 0.927972 0.020677 0.020677 
0.250000 0.250000 0.250000 0.250000 
 176
0.479817 0.009396 0.046210 
0.462778 0.980801 0.462022 
0.057405 0.009802 0.491768 
0.937968 0.020677 0.020677 0.020677 
0.250000 0.250000 0.250000 0.250000 
 177
0.479817 0.009396 0.046210 
0.462778 0.980801 0.462022 
0.057405 0.009802 0.491768 
0.020677 0.020677 0.020677 0.937968 
0.250000 0.250000 0.250000 0.250000 
 178
0.479817 0.009396 0.046210 
0.462778 0.980801 0.462022 
0.057405 0.009802 0.491768 
0.020677 0.020677 0.937968 0.020677 
0.250000 0.250000 0.250000 0.250000 
 179
0.479817 0.009396 0.046210 
0.462778 0.980801 0.462022 
0.057405 0.009802 0.491768 
0.020677 0.020677 0.020677 0.937968 
0.250000 0.250000 0.250000 0.250000 
 180
0.479817 0.009396 0.046210 
0.462778 0.980801 0.462022 
0.057405 0.009802 0.491768 
0.020677 0.937968 0.020677 0.020677 
0.250000 0.250000 0.250000 0.250000 
 181
0.479817 0.009396 0.046210 
0.462778 0.980801 0.462022 
0.057405 0.009802 0.491768 
0.937968 0.020677 0.020677 0.020677 
0.250000 0.250000 0.250000 0.250000 
 182
0.479817 0.009396 0.046210 
0.462778 0.980801 0.462022 
0.057405 0.009802 0.491768 
0.937968 0.020677 0.020677 0.020677 
0.250000 0.250000 0.250000 0.250000 
 183
0.479817 0.009396 0.046210 
0.462778 0.980801 0.462022 
0.057405 0.009802 0.491768 
0.020677 0.020677 0.030673 0.927972 
0.250000 0.250000 0.250000 0.250000 
 184
0.479817 0.009396 0.046210 
0.462778 0.980801 0.462022 
0.057405 0.009802 0.491768 
0.020677 0.937968 0.020677 0.020677 
0.250000 0.250000 0.250000 0.250000 
 185
0.479817 0.009396 0.046210 
0.462778 0.980801 0.462022 
0.057405 0.009802 0.491768 
0.020677 0.937968 0.020677 0.020677 
0.250000 0.250000 0.250000 0.250000 
 186
0.479817 0.009396 0.046210 
0.462778 0.980801 0.462022 
0.057405 0.009802 0.491768 
0.708435 0.250211 0.020677 0.020677 
0.250000 0.250000 0.250000 0.250000 
 187
0.479817 0.009396 0.046210 
0.462778 0.980801 0.462022 
0.057405 0.009802 0.491768 
0.020677 0.937968 0.020677 0.020677 
0.250000 0.250000 0.250000 0.250000 
 188
0.479817 0.009396 0.046210 
0.462778 0.980801 0.462022 
0.057405 0.009802 0.491768 
0.020677 0.020677 0.020677 0.937968 
0.250000 0.250000 0.250000 0.250000 
 189
0.479817 0.009396 0.046210 
0.462778 0.980801 0.462022 
0.057405 0.009802 0.491768 
0.020677 0.937968 0.020677 0.020677 
0.250000 0.250000 0.250000 0.250000 
 190
0.479817 0.009396 0.046210 
0.462778 0.980801 0.462022 
0.057405 0.009802 0.491768 
0.937968 0.020677 0.020677 0.020677 
0.250000 0.250000 0.250000 0.250000 
 191
0.479817 0.009396 0.046210 
0.462778 0.980801 0.462022 
0.057405 0.009802 0.491768 
0.923289 0.035357 0.020677 0.020677 
0.250000 0.250000 0.250000 0.250000 
 192
0.479817 0.009396 0.046210 
0.462778 0.980801 0.462022 
0.057405 0.009802 0.491768 
0.920102 0.038544 0.020677 0.020677 
0.250000 0.250000 0.250000 0.250000 
 193
0.479817 0.009396 0.046210 
0.462778 0.980801 0.462022 
0.057405 0.009802 0.491768 
0.020677 0.020677 0.937968 0.020677 
0.250000 0.250000 0.250000 0.250000 
 194
0.479817 0.009396 0.046210 
0.462778 0.980801 0.462022 
0.057405 0.009802 0.491768 
0.020677 0.020677 0.937968 0.020677 
0.250000 0.250000 0.250000 0.250000 
 195
0.479817 0.009396 0.046210 
0.462778 0.980801 0.462022 
0.057405 0.009802 0.491768 
0.020677 0.020677 0.020677 0.937968 
0.250000 0.250000 0.250000 0.250000 
 196
0.479817 0.009396 0.046210 
0.462778 0.980801 0.462022 
0.057405 0.009802 0.491768 
0.020677 0.020677 0.937968 0.020677 
0.250000 0.250000 0.250000 0.250000 
 197
0.479817 0.009396 0.046210 
0.462778 0.980801 0.462022 
0.057405 0.009802 0.491768 
0.020677 0.020677 0.020677 0.937968 
0.250000 0.250000 0.250000 0.250000 
 198
0.479817 0.009396 0.046210 
0.462778 0.980801 0.462022 
0.057405 0.009802 0.491768 
0.020677 0.937968 0.020677 0.020677 
0.250000 0.250000 0.250000 0.250000 
 199
0.479817 0.009396 0.046210 
0.462778 0.980801 0.462022 
0.057405 0.009802 0.491768 
0.851339 0.107306 0.020677 0.020677 
0.250000 0.250000 0.250000 0.250000 
 200
0.479817 0.009396 0.046210 
0.462778 0.980801 0.462022 
0.057405 0.009802 0.491768 
0.020677 0.020677 0.020677 0.937968 
0.250000 0.250000 0.250000 0.250000 
 201
0.479817 0.009396 0.046210 
0.462778 0.980801 0.462022 
0.057405 0.009802 0.491768 
0.020677 0.020677 0.020677 0.937968 
0.250000 0.250000 0.250000 0.250000 
 202
0.479817 0.009396 0.046210 
0.462778 0.980801 0.462022 
0.057405 0.009802 0.491768 
0.020677 0.020677 0.060385 0.898261 
0.250000 0.250000 0.250000 0.250000 
 203
0.479817 0.009396 0.046210 
0.462778 0.980801 0.462022 
0.057405 0.009802 0.491768 
0.020677 0.020677 0.020677 0.937968 
0.250000 0.250000 0.250000 0.250000 
 204
0.479817 0.009396 0.046210 
0.462778 0.980801 0.462022 
0.057405 0.009802 0.491768 
0.753302 0.205343 0.020677 0.020677 
0.250000 0.250000 0.250000 0.250000 
 205
0.479817 0.009396 0.046210 
0.462778 0.980801 0.462022 
0.057405 0.009802 0.491768 
0.937968 0.020677 0.020677 0.020677 
0.250000 0.250000 0.250000 0.250000 
 206
0.479817 0.009396 0.046210 
0.462778 0.980801 0.462022 
0.057405 0.009802 0.491768 
0.937968 0.020677 0.020677 0.020677 
0.250000 0.250000 0.250000 0.250000 
 207
0.479817 0.009396 0.046210 
0.462778 0.980801 0.462022 
0.057405 0.009802 0.491768 
0.035816 0.913527 0.020677 0.029980 
0.250000 0.250000 0.250000 0.250000 
 208
0.479817 0.009396 0.046210 
0.462778 0.980801 0.462022 
0.057405 0.009802 0.491768 
0.051255 0.907391 0.020677 0.020677 
0.250000 0.250000 0.250000 0.250000 
 209
0.479817 0.009396 0.046210 
0.462778 0.980801 0.462022 
0.057405 0.009802 0.491768 
0.937968 0.020677 0.020677 0.020677 
0.250000 0.250000 0.250000 0.250000 
 210
0.479817 0.009396 0.046210 
0.462778 0.980801 0.462022 
0.057405 0.009802 0.491768 
0.020677 0.020677 0.020677 0.937968 
0.250000 0.250000 0.250000 0.250000 
 211
0.479817 0.009396 0.046210 
0.462778 0.980801 0.462022 
0.057405 0.009802 0.491768 
0.020677 0.020677 0.020677 0.937968 
0.250000 0.250000 0.250000 0.250000 
 212
0.479817 0.009396 0.046210 
0.462778 0.980801 0.462022 
0.057405 0.009802 0.491768 
0.020677 0.937968 0.020677 0.020677 
0.250000 0.250000 0.250000 0.250000 
 213
0.479817 0.009396 0.046210 
0.462778 0.980801 0.462022 
0.057405 0.009802 0.491768 
0.020677 0.020677 0.020677 0.937968 
0.250000 0.250000 0.250000 0.250000 
 214
0.479817 0.009396 0.046210 
0.462778 0.980801 0.462022 
0.057405 0.009802 0.491768 
0.937968 0.020677 0.020677 0.020677 
0.250000 0.250000 0.250000 0.250000 
 215
0.479817 0.009396 0.046210 
0.462778 0.980801 0.462022 
0.057405 0.009802 0.491768 
0.020677 0.937968 0.020677 0.020677 
0.250000 0.250000 0.250000 0.250000 
 216
0.479817 0.009396 0.046210 
0.462778 0.980801 0.462022 
0.057405 0.009802 0.491768 
0.020677 0.020677 0.020677 0.937968 
0.250000 0.250000 0.250000 0.250000 
 217
0.479817 0.009396 0.046210 
0.462778 0.980801 0.462022 
0.057405 0.009802 0.491768 
0.020677 0.937968 0.020677 0.020677 
0.250000 0.250000 0.250000 0.250000 
 218
0.479817 0.009396 0.046210 
0.462778 0.980801 0.462022 
0.057405 0.009802 0.491768 
0.020677 0.020677 0.020677 0.937968 
0.250000 0.250000 0.250000 0.250000 
 219
0.479817 0.009396 0.046210 
0.462778 0.980801 0.462022 
0.057405 0.009802 0.491768 
0.902258 0.056388 0.020677 0.020677 
0.250000 0.250000 0.250000 0.250000 
 220
0.479817 0.009396 0.046210 
0.462778 0.980801 0.462022 
0.057405 0.009802 0.491768 
0.020677 0.937968 0.020677 0.020677 
0.250000 0.250000 0.250000 0.250000 
 221
0.479817 0.009396 0.046210 
0.462778 0.980801 0.462022 
0.057405 0.009802 0.491768 
0.020677 0.020677 0.937968 0.020677 
0.250000 0.250000 0.250000 0.250000 
 222
0.479817 0.009396 0.046210 
0.462778 0.980801 0.462022 
0.057405 0.009802 0.491768 
0.020677 0.020677 0.020677 0.937968 
0.250000 0.250000 0.250000 0.250000 
 223
0.479817 0.009396 0.046210 
0.462778 0.980801 0.462022 
0.057405 0.009802 0.491768 
0.020677 0.937968 0.020677 0.020677 
0.250000 0.250000 0.250000 0.250000 
 224
0.479817 0.009396 0.046210 
0.462778 0.980801 0.462022 
0.057405 0.009802 0.491768 
0.020677 0.937968 0.020677 0.020677 
0.250000 0.250000 0.250000 0.250000 
 225
0.479817 0.009396 0.046210 
0.462778 0.980801 0.462022 
0.057405 0.009802 0.491768 
0.937968 0.020677 0.020677 0.020677 
0.250000 0.250000 0.250000 0.250000 
 226
0.479817 0.009396 0.046210 
0.462778 0.980801 0.462022 
0.057405 0.009802 0.491768 
0.020677 0.020677 0.020677 0.937968 
0.250000 0.250000 0.250000 0.250000 
 227
0.479817 0.009396 0.046210 
0.462778 0.980801 0.462022 
0.057405 0.009802 0.491768 
0.020677 0.937968 0.020677 0.020677 
0.250000 0.250000 0.250000 0.250000 
 228
0.479817 0.009396 0.046210 
0.462778 0.980801 0.462022 
0.057405 0.009802 0.491768 
0.020677 0.937968 0.020677 0.020677 
0.250000 0.250000 0.250000 0.250000 
 229
0.479817 0.009396 0.046210 
0.462778 0.980801 0.462022 
0.057405 0.009802 0.491768 
0.020677 0.020677 0.937968 0.020677 
0.250000 0.250000 0.250000 0.250000 
 230
0.479817 0.009396 0.046210 
0.462778 0.980801 0.462022 
0.057405 0.009802 0.491768 
0.020677 0.020677 0.020677 0.937968 
0.250000 0.250000 0.250000 0.250000 
 231
0.479817 0.009396 0.046210 
0.462778 0.980801 0.462022 
0.057405 0.009802 0.491768 
0.020677 0.020677 0.036157 0.922488 
0.250000 0.250000 0.250000 0.250000 
 232
0.479817 0.009396 0.046210 
0.462778 0.980801 0.462022 
0.057405 0.009802 0.491768 
0.020677 0.020677 0.937968 0.020677 
0.250000 0.250000 0.250000 0.250000 
 233
0.479817 0.009396 0.046210 
0.462778 0.980801 0.462022 
0.057405 0.009802 0.491768 
0.020677 0.020677 0.020677 0.937968 
0.250000 0.250000 0.250000 0.250000 
 234
0.479817 0.009396 0.046210 
0.462778 0.980801 0.462022 
0.057405 0.009802 0.491768 
0.020677 0.020677 0.020677 0.937968 
0.250000 0.250000 0.250000 0.250000 
 235
0.479817 0.009396 0.046210 
