%  SAM: /scicomp/home-pure/vfn4/Tools/label-dev/LABEL_RES/scripts/modelfromalign_Linux v3.5 (July 15, 2005) compiled 12/08/06_16:15:55
%  (c) 1992-2001 Regents of the University of California, Santa Cruz
%
%          Sequence Alignment and Modeling Software System
%         http://www.cse.ucsc.edu/research/compbio/sam.html
%
% ----------------- Citations (SAM, SAM-T2K, HMMs) --------------------
% R. Hughey, A. Krogh, Hidden Markov models for sequence analysis:
%  Extension and analysis of the basic method, CABIOS 12:95-107, 1996.
% K. Karplus, et al., What is the value added by human intervention in protein
%  structure prediction, Proteins: Stucture, Function, Genetics 45(S5):86--91, 2001.
% A. Krogh et al., Hidden Markov models in computational biology:
%  Applications to protein modeling, JMB 235:1501-1531, Feb 1994.
% ---------------------------------------------------------------------
%  c-2344efLK_hmm   Host: node234.hpc.biotech.cdc.gov    Fri May  5 13:02:41 2023
%  vfn4             Dir:  /scicomp/home-pure/vfn4/fluA/H5/c-2344/c-2344x/c-2344xL2/e-f-like-repair/c-2344xL2-alt/c-2344fehLK
% ---------------------------------------------------------------------
%  Alignment weights from internal calc.  Total (27.07) Max (0.16) Min (0.03)
%  Weights from alignment method 1 (karplus), b=-1.000000, e=0.500000
MODEL --  Model from alignment file /scicomp/home-pure/vfn4/Tools/label-dev/LABEL_RES/training_data/c-2344xL2/c-2344fehLK/c-2344efLK.fasta
alphabet DNA
FREQAVE
0.000000 0.000000 0.000000 
0.000000 0.000000 0.000000 
0.000000 0.000000 0.000000 
0.349269 0.227627 0.184039 0.239066 
0.349269 0.227627 0.184039 0.239066 
Begin
0.000000 0.000000 0.000000 
0.000000 0.000000 0.000000 
0.000000 0.006169 0.491768 
0.250000 0.250000 0.250000 0.250000 
0.250000 0.250000 0.250000 0.250000 
   1
0.000000 0.294883 0.046210 
0.000000 0.698948 0.462022 
0.013772 0.008676 0.491768 
0.951968 0.016011 0.016011 0.016011 
0.250000 0.250000 0.250000 0.250000 
   2
0.852186 0.008316 0.046210 
0.134042 0.983008 0.462022 
0.014097 0.008570 0.491768 
0.015633 0.015633 0.015633 0.953101 
0.250000 0.250000 0.250000 0.250000 
   3
0.866644 0.008215 0.046210 
0.119259 0.983215 0.462022 
0.014176 0.008545 0.491768 
0.015545 0.953364 0.015545 0.015545 
0.250000 0.250000 0.250000 0.250000 
   4
0.871538 0.008191 0.046210 
0.114285 0.983263 0.462022 
0.014176 0.008545 0.491768 
0.015545 0.953364 0.015545 0.015545 
0.250000 0.250000 0.250000 0.250000 
   5
0.871538 0.008191 0.046210 
0.114285 0.983263 0.462022 
0.014176 0.008545 0.491768 
0.949839 0.015545 0.015545 0.019070 
0.250000 0.250000 0.250000 0.250000 
   6
0.871538 0.008191 0.046210 
0.114285 0.983263 0.462022 
0.014176 0.008545 0.491768 
0.024167 0.944742 0.015545 0.015545 
0.250000 0.250000 0.250000 0.250000 
   7
0.871538 0.008191 0.046210 
0.114285 0.983263 0.462022 
0.014176 0.008545 0.491768 
0.950717 0.018192 0.015545 0.015545 
0.250000 0.250000 0.250000 0.250000 
   8
0.871538 0.008191 0.046210 
0.114285 0.983263 0.462022 
0.014176 0.008545 0.491768 
0.944906 0.024003 0.015545 0.015545 
0.250000 0.250000 0.250000 0.250000 
   9
0.871538 0.008191 0.046210 
0.114285 0.983263 0.462022 
0.014176 0.008545 0.491768 
0.953364 0.015545 0.015545 0.015545 
0.250000 0.250000 0.250000 0.250000 
  10
0.871538 0.008191 0.046210 
0.114285 0.983263 0.462022 
0.014176 0.008545 0.491768 
0.932462 0.036447 0.015545 0.015545 
0.250000 0.250000 0.250000 0.250000 
  11
0.871538 0.008191 0.046210 
0.114285 0.983263 0.462022 
0.014176 0.008545 0.491768 
0.015545 0.015545 0.017909 0.951000 
0.250000 0.250000 0.250000 0.250000 
  12
0.871538 0.008191 0.046210 
0.114285 0.983263 0.462022 
0.014176 0.008545 0.491768 
0.906855 0.061999 0.015573 0.015573 
0.250000 0.250000 0.250000 0.250000 
  13
0.871538 0.008191 0.046210 
0.114285 0.983263 0.462022 
0.014176 0.008545 0.491768 
0.049696 0.919213 0.015545 0.015545 
0.250000 0.250000 0.250000 0.250000 
  14
0.871538 0.008191 0.046210 
0.114285 0.983263 0.462022 
0.014176 0.008545 0.491768 
0.015545 0.015545 0.015545 0.953364 
0.250000 0.250000 0.250000 0.250000 
  15
0.871538 0.008191 0.046210 
0.114285 0.983263 0.462022 
0.014176 0.008545 0.491768 
0.059006 0.906969 0.015545 0.018480 
0.250000 0.250000 0.250000 0.250000 
  16
0.871538 0.008191 0.046210 
0.114285 0.983263 0.462022 
0.014176 0.008545 0.491768 
0.018149 0.015545 0.939507 0.026798 
0.250000 0.250000 0.250000 0.250000 
  17
0.871538 0.008191 0.046210 
0.114285 0.983263 0.462022 
0.014176 0.008545 0.491768 
0.015545 0.015545 0.019472 0.949437 
0.250000 0.250000 0.250000 0.250000 
  18
0.871538 0.008191 0.046210 
0.114285 0.983263 0.462022 
0.014176 0.008545 0.491768 
0.015545 0.015545 0.015545 0.953364 
0.250000 0.250000 0.250000 0.250000 
  19
0.871538 0.008191 0.046210 
0.114285 0.983263 0.462022 
0.014176 0.008545 0.491768 
0.018191 0.015545 0.916829 0.049435 
0.250000 0.250000 0.250000 0.250000 
  20
0.871538 0.008191 0.046210 
0.114285 0.983263 0.462022 
0.014176 0.008545 0.491768 
0.015545 0.015545 0.023238 0.945671 
0.250000 0.250000 0.250000 0.250000 
  21
0.871538 0.008191 0.046210 
0.114285 0.983263 0.462022 
0.014176 0.008545 0.491768 
0.015545 0.015545 0.019011 0.949899 
0.250000 0.250000 0.250000 0.250000 
  22
0.871538 0.008191 0.046210 
0.114285 0.983263 0.462022 
0.014176 0.008545 0.491768 
0.017710 0.015545 0.948439 0.018306 
0.250000 0.250000 0.250000 0.250000 
  23
0.871538 0.008191 0.046210 
0.114285 0.983263 0.462022 
0.014176 0.008545 0.491768 
0.021162 0.015545 0.018306 0.944986 
0.250000 0.250000 0.250000 0.250000 
  24
0.871538 0.008191 0.046210 
0.114285 0.983263 0.462022 
0.014176 0.008545 0.491768 
0.015545 0.015545 0.019011 0.949899 
0.250000 0.250000 0.250000 0.250000 
  25
0.871538 0.008191 0.046210 
0.114285 0.983263 0.462022 
0.014176 0.008545 0.491768 
0.015545 0.945796 0.015545 0.023113 
0.250000 0.250000 0.250000 0.250000 
  26
0.871538 0.008191 0.046210 
0.114285 0.983263 0.462022 
0.014176 0.008545 0.491768 
0.015545 0.015545 0.948560 0.020349 
0.250000 0.250000 0.250000 0.250000 
  27
0.871538 0.008191 0.046210 
0.114285 0.983263 0.462022 
0.014176 0.008545 0.491768 
0.943468 0.015545 0.025441 0.015545 
0.250000 0.250000 0.250000 0.250000 
  28
0.869679 0.008191 0.046210 
0.116145 0.983263 0.462022 
0.014203 0.008537 0.491768 
0.025760 0.935422 0.015517 0.023301 
0.250000 0.250000 0.250000 0.250000 
  29
0.871299 0.008183 0.046210 
0.114498 0.983279 0.462022 
0.014203 0.008537 0.491768 
0.015517 0.015517 0.051794 0.917172 
0.250000 0.250000 0.250000 0.250000 
  30
0.871299 0.008183 0.046210 
0.114498 0.983279 0.462022 
0.014203 0.008537 0.491768 
0.022972 0.945994 0.015517 0.015517 
0.250000 0.250000 0.250000 0.250000 
  31
0.871299 0.008183 0.046210 
0.114498 0.983279 0.462022 
0.014203 0.008537 0.491768 
0.020912 0.948055 0.015517 0.015517 
0.250000 0.250000 0.250000 0.250000 
  32
0.869103 0.008183 0.046210 
0.116694 0.983279 0.462022 
0.014234 0.008528 0.491768 
0.015483 0.015483 0.025213 0.943820 
0.250000 0.250000 0.250000 0.250000 
  33
0.871016 0.008174 0.046210 
0.114750 0.983298 0.462022 
0.014234 0.008528 0.491768 
0.015483 0.015483 0.029386 0.939647 
0.250000 0.250000 0.250000 0.250000 
  34
0.871016 0.008174 0.046210 
0.114750 0.983298 0.462022 
0.014234 0.008528 0.491768 
0.950775 0.018259 0.015483 0.015483 
0.250000 0.250000 0.250000 0.250000 
  35
0.871016 0.008174 0.046210 
0.114750 0.983298 0.462022 
0.014234 0.008528 0.491768 
0.022183 0.940362 0.015483 0.021971 
0.250000 0.250000 0.250000 0.250000 
  36
0.871016 0.008174 0.046210 
0.114750 0.983298 0.462022 
0.014234 0.008528 0.491768 
0.015483 0.015483 0.939942 0.029091 
0.250000 0.250000 0.250000 0.250000 
  37
0.871016 0.008174 0.046210 
0.114750 0.983298 0.462022 
0.014234 0.008528 0.491768 
0.018088 0.015483 0.950945 0.015483 
0.250000 0.250000 0.250000 0.250000 
  38
0.871016 0.008174 0.046210 
0.114750 0.983298 0.462022 
0.014234 0.008528 0.491768 
0.015483 0.015483 0.027565 0.941468 
0.250000 0.250000 0.250000 0.250000 
  39
0.871016 0.008174 0.046210 
0.114750 0.983298 0.462022 
0.014234 0.008528 0.491768 
0.015483 0.015483 0.017876 0.951157 
0.250000 0.250000 0.250000 0.250000 
  40
0.871016 0.008174 0.046210 
0.114750 0.983298 0.462022 
0.014234 0.008528 0.491768 
0.015483 0.953550 0.015483 0.015483 
0.250000 0.250000 0.250000 0.250000 
  41
0.871016 0.008174 0.046210 
0.114750 0.983298 0.462022 
0.014234 0.008528 0.491768 
0.015483 0.017645 0.020592 0.946279 
0.250000 0.250000 0.250000 0.250000 
  42
0.871016 0.008174 0.046210 
0.114750 0.983298 0.462022 
0.014234 0.008528 0.491768 
0.015483 0.015483 0.024956 0.944077 
0.250000 0.250000 0.250000 0.250000 
  43
0.871016 0.008174 0.046210 
0.114750 0.983298 0.462022 
0.014234 0.008528 0.491768 
0.946558 0.019237 0.015483 0.018722 
0.250000 0.250000 0.250000 0.250000 
  44
0.871016 0.008174 0.046210 
0.114750 0.983298 0.462022 
0.014234 0.008528 0.491768 
0.950312 0.015483 0.015483 0.018722 
0.250000 0.250000 0.250000 0.250000 
  45
0.871016 0.008174 0.046210 
0.114750 0.983298 0.462022 
0.014234 0.008528 0.491768 
0.953469 0.015510 0.015510 0.015510 
0.250000 0.250000 0.250000 0.250000 
  46
0.871016 0.008174 0.046210 
0.114750 0.983298 0.462022 
0.014234 0.008528 0.491768 
0.941665 0.027368 0.015483 0.015483 
0.250000 0.250000 0.250000 0.250000 
  47
0.871016 0.008174 0.046210 
0.114750 0.983298 0.462022 
0.014234 0.008528 0.491768 
0.015483 0.953550 0.015483 0.015483 
0.250000 0.250000 0.250000 0.250000 
  48
0.871016 0.008174 0.046210 
0.114750 0.983298 0.462022 
0.014234 0.008528 0.491768 
0.015483 0.015483 0.017945 0.951089 
0.250000 0.250000 0.250000 0.250000 
  49
0.122459 0.008174 0.046210 
0.863307 0.983298 0.462022 
0.056610 0.006177 0.491768 
0.008923 0.973232 0.008923 0.008923 
0.250000 0.250000 0.250000 0.250000 
  50
0.487025 0.005921 0.046210 
0.456366 0.987903 0.462022 
0.056610 0.006177 0.491768 
0.973232 0.008923 0.008923 0.008923 
0.250000 0.250000 0.250000 0.250000 
  51
0.487025 0.005921 0.046210 
0.456366 0.987903 0.462022 
0.056610 0.006177 0.491768 
0.008923 0.008923 0.008923 0.973232 
0.250000 0.250000 0.250000 0.250000 
  52
0.487025 0.005921 0.046210 
0.456366 0.987903 0.462022 
0.056610 0.006177 0.491768 
0.011264 0.008923 0.970890 0.008923 
0.250000 0.250000 0.250000 0.250000 
  53
0.487025 0.005921 0.046210 
0.456366 0.987903 0.462022 
0.056610 0.006177 0.491768 
0.973232 0.008923 0.008923 0.008923 
0.250000 0.250000 0.250000 0.250000 
  54
0.487025 0.005921 0.046210 
0.456366 0.987903 0.462022 
0.056610 0.006177 0.491768 
0.012033 0.970122 0.008923 0.008923 
0.250000 0.250000 0.250000 0.250000 
  55
0.487025 0.005921 0.046210 
0.456366 0.987903 0.462022 
0.056610 0.006177 0.491768 
0.973232 0.008923 0.008923 0.008923 
0.250000 0.250000 0.250000 0.250000 
  56
0.487025 0.005921 0.046210 
0.456366 0.987903 0.462022 
0.056610 0.006177 0.491768 
0.012146 0.010764 0.008923 0.968167 
0.250000 0.250000 0.250000 0.250000 
  57
0.487025 0.005921 0.046210 
0.456366 0.987903 0.462022 
0.056610 0.006177 0.491768 
0.008923 0.008923 0.015307 0.966848 
0.250000 0.250000 0.250000 0.250000 
  58
0.487025 0.005921 0.046210 
0.456366 0.987903 0.462022 
0.056610 0.006177 0.491768 
0.008923 0.008923 0.008923 0.973232 
0.250000 0.250000 0.250000 0.250000 
  59
0.487025 0.005921 0.046210 
0.456366 0.987903 0.462022 
0.056610 0.006177 0.491768 
0.008923 0.973232 0.008923 0.008923 
0.250000 0.250000 0.250000 0.250000 
  60
0.487025 0.005921 0.046210 
0.456366 0.987903 0.462022 
0.056610 0.006177 0.491768 
0.008923 0.008923 0.973232 0.008923 
0.250000 0.250000 0.250000 0.250000 
  61
0.487025 0.005921 0.046210 
0.456366 0.987903 0.462022 
0.056610 0.006177 0.491768 
0.970008 0.008923 0.012146 0.008923 
0.250000 0.250000 0.250000 0.250000 
  62
0.487025 0.005921 0.046210 
0.456366 0.987903 0.462022 
0.056610 0.006177 0.491768 
0.012146 0.008923 0.008923 0.970008 
0.250000 0.250000 0.250000 0.250000 
  63
0.487025 0.005921 0.046210 
0.456366 0.987903 0.462022 
0.056610 0.006177 0.491768 
0.008923 0.008923 0.010915 0.971240 
0.250000 0.250000 0.250000 0.250000 
  64
0.487025 0.005921 0.046210 
0.456366 0.987903 0.462022 
0.056610 0.006177 0.491768 
0.008923 0.973232 0.008923 0.008923 
0.250000 0.250000 0.250000 0.250000 
  65
0.487025 0.005921 0.046210 
0.456366 0.987903 0.462022 
0.056610 0.006177 0.491768 
0.008923 0.973232 0.008923 0.008923 
0.250000 0.250000 0.250000 0.250000 
  66
0.487025 0.005921 0.046210 
0.456366 0.987903 0.462022 
0.056610 0.006177 0.491768 
0.008923 0.008923 0.010441 0.971714 
0.250000 0.250000 0.250000 0.250000 
  67
0.487025 0.005921 0.046210 
0.456366 0.987903 0.462022 
0.056610 0.006177 0.491768 
0.008923 0.008923 0.008923 0.973232 
0.250000 0.250000 0.250000 0.250000 
  68
0.487025 0.005921 0.046210 
0.456366 0.987903 0.462022 
0.056610 0.006177 0.491768 
0.973232 0.008923 0.008923 0.008923 
0.250000 0.250000 0.250000 0.250000 
  69
0.487025 0.005921 0.046210 
0.456366 0.987903 0.462022 
0.056610 0.006177 0.491768 
0.008923 0.008923 0.970236 0.011919 
0.250000 0.250000 0.250000 0.250000 
  70
0.487025 0.005921 0.046210 
0.456366 0.987903 0.462022 
0.056610 0.006177 0.491768 
0.008923 0.008923 0.973232 0.008923 
0.250000 0.250000 0.250000 0.250000 
  71
0.487025 0.005921 0.046210 
0.456366 0.987903 0.462022 
0.056610 0.006177 0.491768 
0.973232 0.008923 0.008923 0.008923 
0.250000 0.250000 0.250000 0.250000 
  72
0.487025 0.005921 0.046210 
0.456366 0.987903 0.462022 
0.056610 0.006177 0.491768 
0.008923 0.008923 0.008923 0.973232 
0.250000 0.250000 0.250000 0.250000 
  73
0.487025 0.005921 0.046210 
0.456366 0.987903 0.462022 
0.056610 0.006177 0.491768 
0.008923 0.973232 0.008923 0.008923 
0.250000 0.250000 0.250000 0.250000 
  74
0.487025 0.005921 0.046210 
0.456366 0.987903 0.462022 
0.056610 0.006177 0.491768 
0.008923 0.008923 0.973232 0.008923 
0.250000 0.250000 0.250000 0.250000 
  75
0.487025 0.005921 0.046210 
0.456366 0.987903 0.462022 
0.056610 0.006177 0.491768 
0.971787 0.010367 0.008923 0.008923 
0.250000 0.250000 0.250000 0.250000 
  76
0.487025 0.005921 0.046210 
0.456366 0.987903 0.462022 
0.056610 0.006177 0.491768 
0.973232 0.008923 0.008923 0.008923 
0.250000 0.250000 0.250000 0.250000 
  77
0.487025 0.005921 0.046210 
0.456366 0.987903 0.462022 
0.056610 0.006177 0.491768 
0.973232 0.008923 0.008923 0.008923 
0.250000 0.250000 0.250000 0.250000 
  78
0.487025 0.005921 0.046210 
0.456366 0.987903 0.462022 
0.056610 0.006177 0.491768 
0.008923 0.008923 0.973232 0.008923 
0.250000 0.250000 0.250000 0.250000 
  79
0.487025 0.005921 0.046210 
0.456366 0.987903 0.462022 
0.056610 0.006177 0.491768 
0.973232 0.008923 0.008923 0.008923 
0.250000 0.250000 0.250000 0.250000 
  80
0.487025 0.005921 0.046210 
0.456366 0.987903 0.462022 
0.056610 0.006177 0.491768 
0.973232 0.008923 0.008923 0.008923 
0.250000 0.250000 0.250000 0.250000 
  81
0.487025 0.005921 0.046210 
0.456366 0.987903 0.462022 
0.056610 0.006177 0.491768 
0.008923 0.008923 0.963235 0.018920 
0.250000 0.250000 0.250000 0.250000 
  82
0.487025 0.005921 0.046210 
0.456366 0.987903 0.462022 
0.056610 0.006177 0.491768 
0.008923 0.008923 0.008923 0.973232 
0.250000 0.250000 0.250000 0.250000 
  83
0.487025 0.005921 0.046210 
0.456366 0.987903 0.462022 
0.056610 0.006177 0.491768 
0.008923 0.008923 0.968732 0.013422 
0.250000 0.250000 0.250000 0.250000 
  84
0.487025 0.005921 0.046210 
0.456366 0.987903 0.462022 
0.056610 0.006177 0.491768 
0.048188 0.930989 0.008923 0.011901 
0.250000 0.250000 0.250000 0.250000 
  85
0.487025 0.005921 0.046210 
0.456366 0.987903 0.462022 
0.056610 0.006177 0.491768 
0.973232 0.008923 0.008923 0.008923 
0.250000 0.250000 0.250000 0.250000 
  86
0.487025 0.005921 0.046210 
0.456366 0.987903 0.462022 
0.056610 0.006177 0.491768 
0.008923 0.008923 0.973232 0.008923 
0.250000 0.250000 0.250000 0.250000 
  87
0.487025 0.005921 0.046210 
0.456366 0.987903 0.462022 
0.056610 0.006177 0.491768 
0.942358 0.039796 0.008923 0.008923 
0.250000 0.250000 0.250000 0.250000 
  88
0.487025 0.005921 0.046210 
0.456366 0.987903 0.462022 
0.056610 0.006177 0.491768 
0.008923 0.973232 0.008923 0.008923 
0.250000 0.250000 0.250000 0.250000 
  89
0.487025 0.005921 0.046210 
0.456366 0.987903 0.462022 
0.056610 0.006177 0.491768 
0.971391 0.008923 0.008923 0.010764 
0.250000 0.250000 0.250000 0.250000 
  90
0.487025 0.005921 0.046210 
0.456366 0.987903 0.462022 
0.056610 0.006177 0.491768 
0.014461 0.967694 0.008923 0.008923 
0.250000 0.250000 0.250000 0.250000 
  91
0.487025 0.005921 0.046210 
0.456366 0.987903 0.462022 
0.056610 0.006177 0.491768 
0.034376 0.008923 0.947778 0.008923 
0.250000 0.250000 0.250000 0.250000 
  92
0.487025 0.005921 0.046210 
0.456366 0.987903 0.462022 
0.056610 0.006177 0.491768 
0.968731 0.013424 0.008923 0.008923 
0.250000 0.250000 0.250000 0.250000 
  93
0.487025 0.005921 0.046210 
0.456366 0.987903 0.462022 
0.056610 0.006177 0.491768 
0.021601 0.960554 0.008923 0.008923 
0.250000 0.250000 0.250000 0.250000 
  94
0.487025 0.005921 0.046210 
0.456366 0.987903 0.462022 
0.056610 0.006177 0.491768 
0.010405 0.971749 0.008923 0.008923 
0.250000 0.250000 0.250000 0.250000 
  95
0.487025 0.005921 0.046210 
0.456366 0.987903 0.462022 
0.056610 0.006177 0.491768 
0.008923 0.008923 0.008923 0.973232 
0.250000 0.250000 0.250000 0.250000 
  96
0.487025 0.005921 0.046210 
0.456366 0.987903 0.462022 
0.056610 0.006177 0.491768 
0.008923 0.008923 0.010249 0.971906 
0.250000 0.250000 0.250000 0.250000 
  97
0.487025 0.005921 0.046210 
0.456366 0.987903 0.462022 
0.056610 0.006177 0.491768 
0.008923 0.973232 0.008923 0.008923 
0.250000 0.250000 0.250000 0.250000 
  98
0.487025 0.005921 0.046210 
0.456366 0.987903 0.462022 
0.056610 0.006177 0.491768 
0.973232 0.008923 0.008923 0.008923 
0.250000 0.250000 0.250000 0.250000 
  99
0.487025 0.005921 0.046210 
0.456366 0.987903 0.462022 
0.056610 0.006177 0.491768 
0.008923 0.008923 0.973232 0.008923 
0.250000 0.250000 0.250000 0.250000 
 100
0.487025 0.005921 0.046210 
0.456366 0.987903 0.462022 
0.056610 0.006177 0.491768 
0.973232 0.008923 0.008923 0.008923 
0.250000 0.250000 0.250000 0.250000 
 101
0.487025 0.005921 0.046210 
0.456366 0.987903 0.462022 
0.056610 0.006177 0.491768 
0.008923 0.008923 0.973232 0.008923 
0.250000 0.250000 0.250000 0.250000 
 102
0.487025 0.005921 0.046210 
0.456366 0.987903 0.462022 
0.056610 0.006177 0.491768 
0.022176 0.957721 0.008923 0.011180 
0.250000 0.250000 0.250000 0.250000 
 103
0.487025 0.005921 0.046210 
0.456366 0.987903 0.462022 
0.056610 0.006177 0.491768 
0.973232 0.008923 0.008923 0.008923 
0.250000 0.250000 0.250000 0.250000 
 104
0.487025 0.005921 0.046210 
0.456366 0.987903 0.462022 
0.056610 0.006177 0.491768 
0.008923 0.008923 0.008923 0.973232 
0.250000 0.250000 0.250000 0.250000 
 105
0.487025 0.005921 0.046210 
0.456366 0.987903 0.462022 
0.056610 0.006177 0.491768 
0.968444 0.010487 0.008923 0.012146 
0.250000 0.250000 0.250000 0.250000 
 106
0.487025 0.005921 0.046210 
0.456366 0.987903 0.462022 
0.056610 0.006177 0.491768 
0.969889 0.008923 0.012266 0.008923 
0.250000 0.250000 0.250000 0.250000 
 107
0.487025 0.005921 0.046210 
0.456366 0.987903 0.462022 
0.056610 0.006177 0.491768 
0.008923 0.008923 0.008923 0.973232 
0.250000 0.250000 0.250000 0.250000 
 108
0.487025 0.005921 0.046210 
0.456366 0.987903 0.462022 
0.056610 0.006177 0.491768 
0.010664 0.968267 0.008923 0.012146 
0.250000 0.250000 0.250000 0.250000 
 109
0.487025 0.005921 0.046210 
0.456366 0.987903 0.462022 
0.056610 0.006177 0.491768 
0.008923 0.973232 0.008923 0.008923 
0.250000 0.250000 0.250000 0.250000 
 110
0.487025 0.005921 0.046210 
0.456366 0.987903 0.462022 
0.056610 0.006177 0.491768 
0.973232 0.008923 0.008923 0.008923 
0.250000 0.250000 0.250000 0.250000 
 111
0.487025 0.005921 0.046210 
0.456366 0.987903 0.462022 
0.056610 0.006177 0.491768 
0.961712 0.020443 0.008923 0.008923 
0.250000 0.250000 0.250000 0.250000 
 112
0.487025 0.005921 0.046210 
0.456366 0.987903 0.462022 
0.056610 0.006177 0.491768 
0.973232 0.008923 0.008923 0.008923 
0.250000 0.250000 0.250000 0.250000 
 113
0.487025 0.005921 0.046210 
0.456366 0.987903 0.462022 
0.056610 0.006177 0.491768 
0.973232 0.008923 0.008923 0.008923 
0.250000 0.250000 0.250000 0.250000 
 114
0.487025 0.005921 0.046210 
0.456366 0.987903 0.462022 
0.056610 0.006177 0.491768 
0.938283 0.043872 0.008923 0.008923 
0.250000 0.250000 0.250000 0.250000 
 115
0.487025 0.005921 0.046210 
0.456366 0.987903 0.462022 
0.056610 0.006177 0.491768 
0.973232 0.008923 0.008923 0.008923 
0.250000 0.250000 0.250000 0.250000 
 116
0.487025 0.005921 0.046210 
0.456366 0.987903 0.462022 
0.056610 0.006177 0.491768 
0.973232 0.008923 0.008923 0.008923 
0.250000 0.250000 0.250000 0.250000 
 117
0.487025 0.005921 0.046210 
0.456366 0.987903 0.462022 
0.056610 0.006177 0.491768 
0.008923 0.008923 0.966246 0.015909 
0.250000 0.250000 0.250000 0.250000 
 118
0.487025 0.005921 0.046210 
0.456366 0.987903 0.462022 
0.056610 0.006177 0.491768 
0.008923 0.973232 0.008923 0.008923 
0.250000 0.250000 0.250000 0.250000 
 119
0.487025 0.005921 0.046210 
0.456366 0.987903 0.462022 
0.056610 0.006177 0.491768 
0.012211 0.008923 0.008923 0.969944 
0.250000 0.250000 0.250000 0.250000 
 120
0.487025 0.005921 0.046210 
0.456366 0.987903 0.462022 
0.056610 0.006177 0.491768 
0.008923 0.008923 0.966181 0.015974 
0.250000 0.250000 0.250000 0.250000 
 121
0.487025 0.005921 0.046210 
0.456366 0.987903 0.462022 
0.056610 0.006177 0.491768 
0.973232 0.008923 0.008923 0.008923 
0.250000 0.250000 0.250000 0.250000 
 122
0.487025 0.005921 0.046210 
0.456366 0.987903 0.462022 
0.056610 0.006177 0.491768 
0.008923 0.008923 0.973232 0.008923 
0.250000 0.250000 0.250000 0.250000 
 123
0.487025 0.005921 0.046210 
0.456366 0.987903 0.462022 
0.056610 0.006177 0.491768 
0.008923 0.008923 0.011490 0.970665 
0.250000 0.250000 0.250000 0.250000 
 124
0.487025 0.005921 0.046210 
0.456366 0.987903 0.462022 
0.056610 0.006177 0.491768 
0.008923 0.973232 0.008923 0.008923 
0.250000 0.250000 0.250000 0.250000 
 125
0.487025 0.005921 0.046210 
0.456366 0.987903 0.462022 
0.056610 0.006177 0.491768 
0.008923 0.008923 0.008923 0.973232 
0.250000 0.250000 0.250000 0.250000 
 126
0.487025 0.005921 0.046210 
0.456366 0.987903 0.462022 
0.056610 0.006177 0.491768 
0.008923 0.008923 0.030596 0.951559 
0.250000 0.250000 0.250000 0.250000 
 127
0.487025 0.005921 0.046210 
0.456366 0.987903 0.462022 
0.056610 0.006177 0.491768 
0.973232 0.008923 0.008923 0.008923 
0.250000 0.250000 0.250000 0.250000 
 128
0.487025 0.005921 0.046210 
0.456366 0.987903 0.462022 
0.056610 0.006177 0.491768 
0.008923 0.008923 0.973232 0.008923 
0.250000 0.250000 0.250000 0.250000 
 129
0.487025 0.005921 0.046210 
0.456366 0.987903 0.462022 
0.056610 0.006177 0.491768 
0.971605 0.010550 0.008923 0.008923 
0.250000 0.250000 0.250000 0.250000 
 130
0.487025 0.005921 0.046210 
0.456366 0.987903 0.462022 
0.056610 0.006177 0.491768 
0.008923 0.008923 0.973232 0.008923 
0.250000 0.250000 0.250000 0.250000 
 131
0.487025 0.005921 0.046210 
0.456366 0.987903 0.462022 
0.056610 0.006177 0.491768 
0.971195 0.010960 0.008923 0.008923 
0.250000 0.250000 0.250000 0.250000 
 132
0.487025 0.005921 0.046210 
0.456366 0.987903 0.462022 
0.056610 0.006177 0.491768 
0.008923 0.008923 0.008923 0.973232 
0.250000 0.250000 0.250000 0.250000 
 133
0.487025 0.005921 0.046210 
0.456366 0.987903 0.462022 
0.056610 0.006177 0.491768 
0.008923 0.971893 0.008923 0.010262 
0.250000 0.250000 0.250000 0.250000 
 134
0.487025 0.005921 0.046210 
0.456366 0.987903 0.462022 
0.056610 0.006177 0.491768 
0.008923 0.008923 0.973232 0.008923 
0.250000 0.250000 0.250000 0.250000 
 135
0.487025 0.005921 0.046210 
0.456366 0.987903 0.462022 
0.056610 0.006177 0.491768 
0.010305 0.008923 0.944359 0.036413 
0.250000 0.250000 0.250000 0.250000 
 136
0.487025 0.005921 0.046210 
0.456366 0.987903 0.462022 
0.056610 0.006177 0.491768 
0.013785 0.008923 0.968369 0.008923 
0.250000 0.250000 0.250000 0.250000 
 137
0.487025 0.005921 0.046210 
0.456366 0.987903 0.462022 
0.056610 0.006177 0.491768 
0.969429 0.012726 0.008923 0.008923 
0.250000 0.250000 0.250000 0.250000 
 138
0.487025 0.005921 0.046210 
0.456366 0.987903 0.462022 
0.056610 0.006177 0.491768 
0.973232 0.008923 0.008923 0.008923 
0.250000 0.250000 0.250000 0.250000 
 139
0.487025 0.005921 0.046210 
0.456366 0.987903 0.462022 
0.056610 0.006177 0.491768 
0.019203 0.962952 0.008923 0.008923 
0.250000 0.250000 0.250000 0.250000 
 140
0.487025 0.005921 0.046210 
0.456366 0.987903 0.462022 
0.056610 0.006177 0.491768 
0.973232 0.008923 0.008923 0.008923 
0.250000 0.250000 0.250000 0.250000 
 141
0.487025 0.005921 0.046210 
0.456366 0.987903 0.462022 
0.056610 0.006177 0.491768 
0.008923 0.008923 0.970202 0.011953 
0.250000 0.250000 0.250000 0.250000 
 142
0.487025 0.005921 0.046210 
0.456366 0.987903 0.462022 
0.056610 0.006177 0.491768 
0.973232 0.008923 0.008923 0.008923 
0.250000 0.250000 0.250000 0.250000 
 143
0.487025 0.005921 0.046210 
0.456366 0.987903 0.462022 
0.056610 0.006177 0.491768 
0.008923 0.008923 0.008923 0.973232 
0.250000 0.250000 0.250000 0.250000 
 144
0.487025 0.005921 0.046210 
0.456366 0.987903 0.462022 
0.056610 0.006177 0.491768 
0.973232 0.008923 0.008923 0.008923 
0.250000 0.250000 0.250000 0.250000 
 145
0.487025 0.005921 0.046210 
0.456366 0.987903 0.462022 
0.056610 0.006177 0.491768 
0.008923 0.012211 0.968340 0.010527 
0.250000 0.250000 0.250000 0.250000 
 146
0.487025 0.005921 0.046210 
0.456366 0.987903 0.462022 
0.056610 0.006177 0.491768 
0.008923 0.008923 0.008923 0.973232 
0.250000 0.250000 0.250000 0.250000 
 147
0.487025 0.008018 0.046210 
0.456366 0.985805 0.462022 
0.055356 0.006190 0.491768 
0.016740 0.965357 0.008951 0.008951 
0.250000 0.250000 0.250000 0.250000 
 148
0.476238 0.005933 0.046210 
0.468406 0.987877 0.462022 
0.056610 0.006177 0.491768 
0.008923 0.973232 0.008923 0.008923 
0.250000 0.250000 0.250000 0.250000 
 149
0.487025 0.005921 0.046210 
0.456366 0.987903 0.462022 
0.056610 0.006177 0.491768 
0.973232 0.008923 0.008923 0.008923 
0.250000 0.250000 0.250000 0.250000 
 150
0.487025 0.005921 0.046210 
0.456366 0.987903 0.462022 
0.056610 0.006177 0.491768 
0.969529 0.012626 0.008923 0.008923 
0.250000 0.250000 0.250000 0.250000 
 151
0.487025 0.005921 0.046210 
0.456366 0.987903 0.462022 
0.056610 0.006177 0.491768 
0.973232 0.008923 0.008923 0.008923 
0.250000 0.250000 0.250000 0.250000 
 152
0.487025 0.005921 0.046210 
0.456366 0.987903 0.462022 
0.056610 0.006177 0.491768 
0.962651 0.019504 0.008923 0.008923 
0.250000 0.250000 0.250000 0.250000 
 153
0.487025 0.005921 0.046210 
0.456366 0.987903 0.462022 
0.056610 0.006177 0.491768 
0.030991 0.951164 0.008923 0.008923 
0.250000 0.250000 0.250000 0.250000 
 154
0.487025 0.005921 0.046210 
0.456366 0.987903 0.462022 
0.056610 0.006177 0.491768 
0.971240 0.010915 0.008923 0.008923 
0.250000 0.250000 0.250000 0.250000 
 155
0.487025 0.005921 0.046210 
0.456366 0.987903 0.462022 
0.056610 0.006177 0.491768 
0.008923 0.008923 0.973232 0.008923 
0.250000 0.250000 0.250000 0.250000 
 156
0.487025 0.005921 0.046210 
0.456366 0.987903 0.462022 
0.056610 0.006177 0.491768 
0.971669 0.010486 0.008923 0.008923 
0.250000 0.250000 0.250000 0.250000 
 157
0.487025 0.005921 0.046210 
0.456366 0.987903 0.462022 
0.056610 0.006177 0.491768 
0.008923 0.008923 0.973232 0.008923 
0.250000 0.250000 0.250000 0.250000 
 158
0.487025 0.005921 0.046210 
0.456366 0.987903 0.462022 
0.056610 0.006177 0.491768 
0.973232 0.008923 0.008923 0.008923 
0.250000 0.250000 0.250000 0.250000 
 159
0.487025 0.005921 0.046210 
0.456366 0.987903 0.462022 
0.056610 0.006177 0.491768 
0.008923 0.008923 0.971806 0.010348 
0.250000 0.250000 0.250000 0.250000 
 160
0.487025 0.005921 0.046210 
0.456366 0.987903 0.462022 
0.056610 0.006177 0.491768 
0.973232 0.008923 0.008923 0.008923 
0.250000 0.250000 0.250000 0.250000 
 161
0.487025 0.005921 0.046210 
0.456366 0.987903 0.462022 
0.056610 0.006177 0.491768 
0.973232 0.008923 0.008923 0.008923 
0.250000 0.250000 0.250000 0.250000 
 162
0.487025 0.005921 0.046210 
0.456366 0.987903 0.462022 
0.056610 0.006177 0.491768 
0.008923 0.011180 0.957098 0.022799 
0.250000 0.250000 0.250000 0.250000 
 163
0.487025 0.005921 0.046210 
0.456366 0.987903 0.462022 
0.056610 0.006177 0.491768 
0.008923 0.973232 0.008923 0.008923 
0.250000 0.250000 0.250000 0.250000 
 164
0.487025 0.005921 0.046210 
0.456366 0.987903 0.462022 
0.056610 0.006177 0.491768 
0.008923 0.973232 0.008923 0.008923 
0.250000 0.250000 0.250000 0.250000 
 165
0.487025 0.005921 0.046210 
0.456366 0.987903 0.462022 
0.056610 0.006177 0.491768 
0.060948 0.919364 0.008923 0.010765 
0.250000 0.250000 0.250000 0.250000 
 166
0.487025 0.005921 0.046210 
0.456366 0.987903 0.462022 
0.056610 0.006177 0.491768 
0.973232 0.008923 0.008923 0.008923 
0.250000 0.250000 0.250000 0.250000 
 167
0.487025 0.005921 0.046210 
0.456366 0.987903 0.462022 
0.056610 0.006177 0.491768 
0.058223 0.915622 0.008923 0.017232 
0.250000 0.250000 0.250000 0.250000 
 168
0.487025 0.005921 0.046210 
0.456366 0.987903 0.462022 
0.056610 0.006177 0.491768 
0.054400 0.927755 0.008923 0.008923 
0.250000 0.250000 0.250000 0.250000 
 169
0.487025 0.005921 0.046210 
0.456366 0.987903 0.462022 
0.056610 0.006177 0.491768 
0.008923 0.008923 0.973232 0.008923 
0.250000 0.250000 0.250000 0.250000 
 170
0.487025 0.005921 0.046210 
0.456366 0.987903 0.462022 
0.056610 0.006177 0.491768 
0.008923 0.008923 0.008923 0.973232 
0.250000 0.250000 0.250000 0.250000 
 171
0.487025 0.005921 0.046210 
0.456366 0.987903 0.462022 
0.056610 0.006177 0.491768 
0.011604 0.008923 0.969096 0.010377 
0.250000 0.250000 0.250000 0.250000 
 172
0.487025 0.005921 0.046210 
0.456366 0.987903 0.462022 
0.056610 0.006177 0.491768 
0.008923 0.008923 0.008923 0.973232 
0.250000 0.250000 0.250000 0.250000 
 173
0.487025 0.005921 0.046210 
0.456366 0.987903 0.462022 
0.056610 0.006177 0.491768 
0.008923 0.973232 0.008923 0.008923 
0.250000 0.250000 0.250000 0.250000 
 174
0.487025 0.005921 0.046210 
0.456366 0.987903 0.462022 
0.056610 0.006177 0.491768 
0.008923 0.008923 0.971443 0.010712 
0.250000 0.250000 0.250000 0.250000 
 175
0.487025 0.005921 0.046210 
0.456366 0.987903 0.462022 
0.056610 0.006177 0.491768 
0.011809 0.968158 0.011110 0.008923 
0.250000 0.250000 0.250000 0.250000 
 176
0.487025 0.005921 0.046210 
0.456366 0.987903 0.462022 
0.056610 0.006177 0.491768 
0.973232 0.008923 0.008923 0.008923 
0.250000 0.250000 0.250000 0.250000 
 177
0.487025 0.005921 0.046210 
0.456366 0.987903 0.462022 
0.056610 0.006177 0.491768 
0.008923 0.008923 0.008923 0.973232 
0.250000 0.250000 0.250000 0.250000 
 178
0.487025 0.005921 0.046210 
0.456366 0.987903 0.462022 
0.056610 0.006177 0.491768 
0.008923 0.008923 0.961442 0.020713 
0.250000 0.250000 0.250000 0.250000 
 179
0.487025 0.005921 0.046210 
0.456366 0.987903 0.462022 
0.056610 0.006177 0.491768 
0.008923 0.012211 0.008923 0.969944 
0.250000 0.250000 0.250000 0.250000 
 180
0.487025 0.005921 0.046210 
0.456366 0.987903 0.462022 
0.056610 0.006177 0.491768 
0.023574 0.958581 0.008923 0.008923 
0.250000 0.250000 0.250000 0.250000 
 181
0.487025 0.005921 0.046210 
0.456366 0.987903 0.462022 
0.056610 0.006177 0.491768 
0.973232 0.008923 0.008923 0.008923 
0.250000 0.250000 0.250000 0.250000 
 182
0.487025 0.005921 0.046210 
0.456366 0.987903 0.462022 
0.056610 0.006177 0.491768 
0.973232 0.008923 0.008923 0.008923 
0.250000 0.250000 0.250000 0.250000 
 183
0.487025 0.005921 0.046210 
0.456366 0.987903 0.462022 
0.056610 0.006177 0.491768 
0.008923 0.008923 0.008923 0.973232 
0.250000 0.250000 0.250000 0.250000 
 184
0.487025 0.005921 0.046210 
0.456366 0.987903 0.462022 
0.056610 0.006177 0.491768 
0.008923 0.973232 0.008923 0.008923 
0.250000 0.250000 0.250000 0.250000 
 185
0.487025 0.005921 0.046210 
0.456366 0.987903 0.462022 
0.056610 0.006177 0.491768 
0.008923 0.973232 0.008923 0.008923 
0.250000 0.250000 0.250000 0.250000 
 186
0.487025 0.005921 0.046210 
0.456366 0.987903 0.462022 
0.056610 0.006177 0.491768 
0.965804 0.016332 0.008932 0.008932 
0.250000 0.250000 0.250000 0.250000 
 187
0.487025 0.005921 0.046210 
0.456366 0.987903 0.462022 
0.056610 0.006177 0.491768 
0.008923 0.971615 0.008923 0.010539 
0.250000 0.250000 0.250000 0.250000 
 188
0.487025 0.005921 0.046210 
0.456366 0.987903 0.462022 
0.056610 0.006177 0.491768 
0.008923 0.008923 0.008923 0.973232 
0.250000 0.250000 0.250000 0.250000 
 189
0.487025 0.005921 0.046210 
0.456366 0.987903 0.462022 
0.056610 0.006177 0.491768 
0.053193 0.928962 0.008923 0.008923 
0.250000 0.250000 0.250000 0.250000 
 190
0.487025 0.005921 0.046210 
0.456366 0.987903 0.462022 
0.056610 0.006177 0.491768 
0.973232 0.008923 0.008923 0.008923 
0.250000 0.250000 0.250000 0.250000 
 191
0.487025 0.005921 0.046210 
0.456366 0.987903 0.462022 
0.056610 0.006177 0.491768 
0.970639 0.011515 0.008923 0.008923 
0.250000 0.250000 0.250000 0.250000 
 192
0.487025 0.005921 0.046210 
0.456366 0.987903 0.462022 
0.056610 0.006177 0.491768 
0.962730 0.019425 0.008923 0.008923 
0.250000 0.250000 0.250000 0.250000 
 193
0.487025 0.005921 0.046210 
0.456366 0.987903 0.462022 
0.056610 0.006177 0.491768 
0.008923 0.008923 0.973232 0.008923 
0.250000 0.250000 0.250000 0.250000 
 194
0.487025 0.005921 0.046210 
0.456366 0.987903 0.462022 
0.056610 0.006177 0.491768 
0.008923 0.008923 0.973232 0.008923 
0.250000 0.250000 0.250000 0.250000 
 195
0.487025 0.005921 0.046210 
0.456366 0.987903 0.462022 
0.056610 0.006177 0.491768 
0.008923 0.008923 0.014012 0.968142 
0.250000 0.250000 0.250000 0.250000 
 196
0.487025 0.005921 0.046210 
0.456366 0.987903 0.462022 
0.056610 0.006177 0.491768 
0.008923 0.008923 0.968806 0.013349 
0.250000 0.250000 0.250000 0.250000 
 197
0.487025 0.005921 0.046210 
0.456366 0.987903 0.462022 
0.056610 0.006177 0.491768 
0.008923 0.008923 0.008923 0.973232 
0.250000 0.250000 0.250000 0.250000 
 198
0.487025 0.005921 0.046210 
0.456366 0.987903 0.462022 
0.056610 0.006177 0.491768 
0.019483 0.962672 0.008923 0.008923 
0.250000 0.250000 0.250000 0.250000 
 199
0.487025 0.005921 0.046210 
0.456366 0.987903 0.462022 
0.056610 0.006177 0.491768 
0.973232 0.008923 0.008923 0.008923 
0.250000 0.250000 0.250000 0.250000 
 200
0.487025 0.005921 0.046210 
0.456366 0.987903 0.462022 
0.056610 0.006177 0.491768 
0.008923 0.008923 0.008923 0.973232 
0.250000 0.250000 0.250000 0.250000 
 201
0.487025 0.005921 0.046210 
0.456366 0.987903 0.462022 
0.056610 0.006177 0.491768 
0.008923 0.010156 0.010658 0.970263 
0.250000 0.250000 0.250000 0.250000 
 202
0.487025 0.005921 0.046210 
0.456366 0.987903 0.462022 
0.056610 0.006177 0.491768 
0.008923 0.008923 0.013576 0.968579 
0.250000 0.250000 0.250000 0.250000 
 203
0.487025 0.005921 0.046210 
0.456366 0.987903 0.462022 
0.056610 0.006177 0.491768 
0.008923 0.008923 0.008923 0.973232 
0.250000 0.250000 0.250000 0.250000 
 204
0.487025 0.005921 0.046210 
0.456366 0.987903 0.462022 
0.056610 0.006177 0.491768 
0.943275 0.038880 0.008923 0.008923 
0.250000 0.250000 0.250000 0.250000 
 205
0.487025 0.005921 0.046210 
0.456366 0.987903 0.462022 
0.056610 0.006177 0.491768 
0.973232 0.008923 0.008923 0.008923 
0.250000 0.250000 0.250000 0.250000 
 206
0.487025 0.005921 0.046210 
0.456366 0.987903 0.462022 
0.056610 0.006177 0.491768 
0.971874 0.008923 0.010280 0.008923 
0.250000 0.250000 0.250000 0.250000 
 207
0.487025 0.005921 0.046210 
0.456366 0.987903 0.462022 
0.056610 0.006177 0.491768 
0.040645 0.941510 0.008923 0.008923 
0.250000 0.250000 0.250000 0.250000 
 208
0.487025 0.005921 0.046210 
0.456366 0.987903 0.462022 
0.056610 0.006177 0.491768 
0.014525 0.967630 0.008923 0.008923 
0.250000 0.250000 0.250000 0.250000 
 209
0.487025 0.005921 0.046210 
0.456366 0.987903 0.462022 
0.056610 0.006177 0.491768 
0.973232 0.008923 0.008923 0.008923 
0.250000 0.250000 0.250000 0.250000 
 210
0.487025 0.005921 0.046210 
0.456366 0.987903 0.462022 
0.056610 0.006177 0.491768 
0.008923 0.008923 0.013929 0.968225 
0.250000 0.250000 0.250000 0.250000 
 211
0.487025 0.005921 0.046210 
0.456366 0.987903 0.462022 
0.056610 0.006177 0.491768 
0.008923 0.008923 0.008923 0.973232 
0.250000 0.250000 0.250000 0.250000 
 212
0.487025 0.005921 0.046210 
0.456366 0.987903 0.462022 
0.056610 0.006177 0.491768 
0.008923 0.973232 0.008923 0.008923 
0.250000 0.250000 0.250000 0.250000 
 213
0.487025 0.005921 0.046210 
0.456366 0.987903 0.462022 
0.056610 0.006177 0.491768 
0.008923 0.008923 0.010227 0.971928 
0.250000 0.250000 0.250000 0.250000 
 214
0.487025 0.005921 0.046210 
0.456366 0.987903 0.462022 
0.056610 0.006177 0.491768 
0.973232 0.008923 0.008923 0.008923 
0.250000 0.250000 0.250000 0.250000 
 215
0.487025 0.005921 0.046210 
0.456366 0.987903 0.462022 
0.056610 0.006177 0.491768 
0.010493 0.970045 0.008923 0.010539 
0.250000 0.250000 0.250000 0.250000 
 216
0.487025 0.005921 0.046210 
0.456366 0.987903 0.462022 
0.056610 0.006177 0.491768 
0.008923 0.008923 0.016885 0.965270 
0.250000 0.250000 0.250000 0.250000 
 217
0.487025 0.005921 0.046210 
0.456366 0.987903 0.462022 
0.056610 0.006177 0.491768 
0.008923 0.973232 0.008923 0.008923 
0.250000 0.250000 0.250000 0.250000 
 218
0.487025 0.005921 0.046210 
0.456366 0.987903 0.462022 
0.056610 0.006177 0.491768 
0.008923 0.008923 0.008923 0.973232 
0.250000 0.250000 0.250000 0.250000 
 219
0.487025 0.005921 0.046210 
0.456366 0.987903 0.462022 
0.056610 0.006177 0.491768 
0.973232 0.008923 0.008923 0.008923 
0.250000 0.250000 0.250000 0.250000 
 220
0.487025 0.005921 0.046210 
0.456366 0.987903 0.462022 
0.056610 0.006177 0.491768 
0.010493 0.969949 0.008923 0.010636 
0.250000 0.250000 0.250000 0.250000 
 221
0.487025 0.005921 0.046210 
0.456366 0.987903 0.462022 
0.056610 0.006177 0.491768 
0.008923 0.008923 0.973232 0.008923 
0.250000 0.250000 0.250000 0.250000 
 222
0.487025 0.005921 0.046210 
0.456366 0.987903 0.462022 
0.056610 0.006177 0.491768 
0.008923 0.008923 0.008923 0.973232 
0.250000 0.250000 0.250000 0.250000 
 223
0.487025 0.005921 0.046210 
0.456366 0.987903 0.462022 
0.056610 0.006177 0.491768 
0.008923 0.973232 0.008923 0.008923 
0.250000 0.250000 0.250000 0.250000 
 224
0.487025 0.005921 0.046210 
0.456366 0.987903 0.462022 
0.056610 0.006177 0.491768 
0.008923 0.973232 0.008923 0.008923 
0.250000 0.250000 0.250000 0.250000 
 225
0.487025 0.005921 0.046210 
0.456366 0.987903 0.462022 
0.056610 0.006177 0.491768 
0.946834 0.035320 0.008923 0.008923 
0.250000 0.250000 0.250000 0.250000 
 226
0.487025 0.005921 0.046210 
0.456366 0.987903 0.462022 
0.056610 0.006177 0.491768 
0.008923 0.008923 0.008923 0.973232 
0.250000 0.250000 0.250000 0.250000 
 227
0.487025 0.005921 0.046210 
0.456366 0.987903 0.462022 
0.056610 0.006177 0.491768 
0.008923 0.973232 0.008923 0.008923 
0.250000 0.250000 0.250000 0.250000 
 228
0.487025 0.005921 0.046210 
0.456366 0.987903 0.462022 
0.056610 0.006177 0.491768 
0.008923 0.973232 0.008923 0.008923 
0.250000 0.250000 0.250000 0.250000 
 229
0.487025 0.005921 0.046210 
0.456366 0.987903 0.462022 
0.056610 0.006177 0.491768 
0.008923 0.008923 0.969577 0.012577 
0.250000 0.250000 0.250000 0.250000 
 230
0.487025 0.005921 0.046210 
0.456366 0.987903 0.462022 
0.056610 0.006177 0.491768 
0.008923 0.008923 0.008923 0.973232 
0.250000 0.250000 0.250000 0.250000 
 231
0.487025 0.005921 0.046210 
0.456366 0.987903 0.462022 
0.056610 0.006177 0.491768 
0.008923 0.008923 0.066014 0.916141 
0.250000 0.250000 0.250000 0.250000 
 232
0.487025 0.005921 0.046210 
0.456366 0.987903 0.462022 
0.056610 0.006177 0.491768 
0.008923 0.008923 0.973232 0.008923 
0.250000 0.250000 0.250000 0.250000 
 233
0.487025 0.005921 0.046210 
0.456366 0.987903 0.462022 
0.056610 0.006177 0.491768 
0.013330 0.008923 0.008923 0.968825 
0.250000 0.250000 0.250000 0.250000 
 234
0.487025 0.005921 0.046210 
0.456366 0.987903 0.462022 
0.056610 0.006177 0.491768 
0.008923 0.008923 0.008923 0.973232 
0.250000 0.250000 0.250000 0.250000 
 235
0.487025 0.005921 0.046210 
