%  SAM: /scicomp/groups/OID/NCIRD/ID-OD/ID_nomenclatures/label/LABEL_RES/scripts/modelfromalign_Linux v3.5 (July 15, 2005) compiled 12/08/06_16:15:55
%  (c) 1992-2001 Regents of the University of California, Santa Cruz
%
%          Sequence Alignment and Modeling Software System
%         http://www.cse.ucsc.edu/research/compbio/sam.html
%
% ----------------- Citations (SAM, SAM-T2K, HMMs) --------------------
% R. Hughey, A. Krogh, Hidden Markov models for sequence analysis:
%  Extension and analysis of the basic method, CABIOS 12:95-107, 1996.
% K. Karplus, et al., What is the value added by human intervention in protein
%  structure prediction, Proteins: Stucture, Function, Genetics 45(S5):86--91, 2001.
% A. Krogh et al., Hidden Markov models in computational biology:
%  Applications to protein modeling, JMB 235:1501-1531, Feb 1994.
% ---------------------------------------------------------------------
%  c-3C_hmm   Host: node16.hpc.biotech.cdc.gov    Mon Nov  7 17:30:58 2016
%  vfn4       Dir:  /scicomp/groups/OID/NCIRD/ID-OD/ID_nomenclatures/H3/versions/H3v2016R2
% ---------------------------------------------------------------------
%  Alignment weights from internal calc.  Total (94.55) Max (0.10) Min (0.01)
%  Weights from alignment method 1 (karplus), b=-1.000000, e=0.500000
MODEL --  Model from alignment file /scicomp/groups/OID/NCIRD/ID-OD/ID_nomenclatures/label/LABEL_RES/training_data/H3v2016R2/c-3C.fasta
alphabet DNA
FREQAVE
0.000000 0.000000 0.000000 
0.000000 0.000000 0.000000 
0.000000 0.000000 0.000000 
0.339652 0.222464 0.194975 0.242909 
0.339652 0.222464 0.194975 0.242909 
Begin
0.000000 0.000000 0.000000 
0.000000 0.000000 0.000000 
0.000000 0.002405 0.491768 
0.250000 0.250000 0.250000 0.250000 
0.250000 0.250000 0.250000 0.250000 
   1
0.000000 0.016632 0.046210 
0.000000 0.980963 0.462022 
0.040919 0.002440 0.491768 
0.992019 0.002661 0.002661 0.002661 
0.250000 0.250000 0.250000 0.250000 
   2
0.629206 0.002339 0.046210 
0.329875 0.995221 0.462022 
0.040919 0.002440 0.491768 
0.002661 0.002661 0.002661 0.992019 
0.250000 0.250000 0.250000 0.250000 
   3
0.629206 0.002339 0.046210 
0.329875 0.995221 0.462022 
0.040919 0.002440 0.491768 
0.002661 0.992019 0.002661 0.002661 
0.250000 0.250000 0.250000 0.250000 
   4
0.609850 0.002339 0.046210 
0.349231 0.995221 0.462022 
0.041727 0.002437 0.491768 
0.990790 0.003628 0.002924 0.002657 
0.250000 0.250000 0.250000 0.250000 
   5
0.615230 0.002336 0.046210 
0.343043 0.995226 0.462022 
0.042007 0.002437 0.491768 
0.990752 0.003935 0.002657 0.002657 
0.250000 0.250000 0.250000 0.250000 
   6
0.619353 0.002336 0.046210 
0.338641 0.995228 0.462022 
0.042007 0.002437 0.491768 
0.003944 0.990473 0.002656 0.002927 
0.250000 0.250000 0.250000 0.250000 
   7
0.619353 0.002336 0.046210 
0.338641 0.995228 0.462022 
0.042007 0.002437 0.491768 
0.989918 0.004078 0.003128 0.002877 
0.250000 0.250000 0.250000 0.250000 
   8
0.619353 0.002336 0.046210 
0.338641 0.995228 0.462022 
0.042007 0.002437 0.491768 
0.004097 0.002656 0.989007 0.004239 
0.250000 0.250000 0.250000 0.250000 
   9
0.616214 0.002336 0.046210 
0.341779 0.995228 0.462022 
0.042139 0.002436 0.491768 
0.003368 0.003882 0.013117 0.979633 
0.250000 0.250000 0.250000 0.250000 
  10
0.608184 0.002335 0.046210 
0.349677 0.995228 0.462022 
0.042563 0.002435 0.491768 
0.989533 0.004637 0.002943 0.002887 
0.250000 0.250000 0.250000 0.250000 
  11
0.595864 0.002334 0.046210 
0.361573 0.995231 0.462022 
0.043363 0.002433 0.491768 
0.002653 0.002653 0.004857 0.989836 
0.250000 0.250000 0.250000 0.250000 
  12
0.607061 0.002332 0.046210 
0.349576 0.995235 0.462022 
0.043363 0.002433 0.491768 
0.003022 0.002652 0.988796 0.005529 
0.250000 0.250000 0.250000 0.250000 
  13
0.591300 0.002332 0.046210 
0.365337 0.995235 0.462022 
0.044057 0.002431 0.491768 
0.990883 0.003061 0.002650 0.003407 
0.250000 0.250000 0.250000 0.250000 
  14
0.558491 0.002330 0.046210 
0.397451 0.995239 0.462022 
0.046002 0.002426 0.491768 
0.002644 0.002644 0.003568 0.991144 
0.250000 0.250000 0.250000 0.250000 
  15
0.535435 0.002326 0.046210 
0.418563 0.995248 0.462022 
0.048307 0.002421 0.491768 
0.003389 0.002637 0.004065 0.989909 
0.250000 0.250000 0.250000 0.250000 
  16
0.558987 0.002321 0.046210 
0.392705 0.995258 0.462022 
0.048466 0.002421 0.491768 
0.003006 0.991721 0.002636 0.002636 
0.250000 0.250000 0.250000 0.250000 
  17
0.560823 0.002320 0.046210 
0.390711 0.995259 0.462022 
0.048466 0.002421 0.491768 
0.002636 0.003123 0.991604 0.002636 
0.250000 0.250000 0.250000 0.250000 
  18
0.560823 0.002320 0.046210 
0.390711 0.995259 0.462022 
0.048466 0.002421 0.491768 
0.003733 0.003182 0.066061 0.927024 
0.250000 0.250000 0.250000 0.250000 
  19
0.559096 0.002320 0.046210 
0.392439 0.995259 0.462022 
0.048550 0.002421 0.491768 
0.002870 0.003612 0.004134 0.989385 
0.250000 0.250000 0.250000 0.250000 
  20
0.560063 0.002320 0.046210 
0.391387 0.995259 0.462022 
0.048550 0.002421 0.491768 
0.002636 0.002937 0.003077 0.991350 
0.250000 0.250000 0.250000 0.250000 
  21
0.558138 0.002320 0.046210 
0.393313 0.995259 0.462022 
0.048643 0.002420 0.491768 
0.006067 0.987961 0.002636 0.003335 
0.250000 0.250000 0.250000 0.250000 
  22
0.557865 0.002320 0.046210 
0.393492 0.995260 0.462022 
0.048709 0.002420 0.491768 
0.983267 0.009661 0.002636 0.004435 
0.250000 0.250000 0.250000 0.250000 
  23
0.557232 0.002320 0.046210 
0.394059 0.995260 0.462022 
0.048777 0.002420 0.491768 
0.003768 0.990961 0.002636 0.002636 
0.250000 0.250000 0.250000 0.250000 
  24
0.558006 0.002320 0.046210 
0.393217 0.995260 0.462022 
0.048777 0.002420 0.491768 
0.002636 0.002909 0.991314 0.003142 
0.250000 0.250000 0.250000 0.250000 
  25
0.558006 0.002320 0.046210 
0.393217 0.995260 0.462022 
0.048777 0.002420 0.491768 
0.003081 0.002858 0.011167 0.982894 
0.250000 0.250000 0.250000 0.250000 
  26
0.556671 0.002320 0.046210 
0.394552 0.995260 0.462022 
0.048842 0.002420 0.491768 
0.986122 0.007971 0.002636 0.003271 
0.250000 0.250000 0.250000 0.250000 
  27
0.545061 0.002320 0.046210 
0.406097 0.995260 0.462022 
0.049453 0.002419 0.491768 
0.002634 0.002634 0.991700 0.003032 
0.250000 0.250000 0.250000 0.250000 
  28
0.551879 0.002318 0.046210 
0.398668 0.995263 0.462022 
0.049453 0.002419 0.491768 
0.990109 0.003337 0.002923 0.003631 
0.250000 0.250000 0.250000 0.250000 
  29
0.550526 0.002318 0.046210 
0.400022 0.995263 0.462022 
0.049520 0.002419 0.491768 
0.002634 0.002634 0.004423 0.990309 
0.250000 0.250000 0.250000 0.250000 
  30
0.551272 0.002318 0.046210 
0.399208 0.995263 0.462022 
0.049520 0.002419 0.491768 
0.002634 0.002902 0.003784 0.990680 
0.250000 0.250000 0.250000 0.250000 
  31
0.551272 0.002318 0.046210 
0.399208 0.995263 0.462022 
0.049520 0.002419 0.491768 
0.002869 0.002879 0.990449 0.003803 
0.250000 0.250000 0.250000 0.250000 
  32
0.551272 0.002318 0.046210 
0.399208 0.995263 0.462022 
0.049520 0.002419 0.491768 
0.002634 0.003344 0.003106 0.990916 
0.250000 0.250000 0.250000 0.250000 
  33
0.551272 0.002318 0.046210 
0.399208 0.995263 0.462022 
0.049520 0.002419 0.491768 
0.990300 0.003210 0.003856 0.002634 
0.250000 0.250000 0.250000 0.250000 
  34
0.551272 0.002318 0.046210 
0.399208 0.995263 0.462022 
0.049520 0.002419 0.491768 
0.003380 0.003106 0.010954 0.982560 
0.250000 0.250000 0.250000 0.250000 
  35
0.549915 0.002318 0.046210 
0.400566 0.995263 0.462022 
0.049587 0.002418 0.491768 
0.004607 0.989813 0.002946 0.002634 
0.250000 0.250000 0.250000 0.250000 
  36
0.550662 0.002318 0.046210 
0.399751 0.995263 0.462022 
0.049587 0.002418 0.491768 
0.002634 0.002634 0.005900 0.988833 
0.250000 0.250000 0.250000 0.250000 
  37
0.550662 0.002318 0.046210 
0.399751 0.995263 0.462022 
0.049587 0.002418 0.491768 
0.005567 0.002634 0.984400 0.007399 
0.250000 0.250000 0.250000 0.250000 
  38
0.550662 0.002318 0.046210 
0.399751 0.995263 0.462022 
0.049587 0.002418 0.491768 
0.003849 0.002937 0.003062 0.990152 
0.250000 0.250000 0.250000 0.250000 
  39
0.550662 0.002318 0.046210 
0.399751 0.995263 0.462022 
0.049587 0.002418 0.491768 
0.007620 0.986602 0.002634 0.003144 
0.250000 0.250000 0.250000 0.250000 
  40
0.550662 0.002318 0.046210 
0.399751 0.995263 0.462022 
0.049587 0.002418 0.491768 
0.004984 0.989747 0.002634 0.002634 
0.250000 0.250000 0.250000 0.250000 
  41
0.550662 0.002318 0.046210 
0.399751 0.995263 0.462022 
0.049587 0.002418 0.491768 
0.002633 0.005850 0.005323 0.986193 
0.250000 0.250000 0.250000 0.250000 
  42
0.550662 0.002318 0.046210 
0.399751 0.995263 0.462022 
0.049587 0.002418 0.491768 
0.002634 0.002634 0.005689 0.989044 
0.250000 0.250000 0.250000 0.250000 
  43
0.550662 0.002318 0.046210 
0.399751 0.995263 0.462022 
0.049587 0.002418 0.491768 
0.003744 0.003278 0.003488 0.989491 
0.250000 0.250000 0.250000 0.250000 
  44
0.550662 0.002318 0.046210 
0.399751 0.995263 0.462022 
0.049587 0.002418 0.491768 
0.003399 0.003087 0.008740 0.984774 
0.250000 0.250000 0.250000 0.250000 
  45
0.550662 0.002318 0.046210 
0.399751 0.995263 0.462022 
0.049587 0.002418 0.491768 
0.003125 0.002633 0.986605 0.007636 
0.250000 0.250000 0.250000 0.250000 
  46
0.550662 0.002318 0.046210 
0.399751 0.995263 0.462022 
0.049587 0.002418 0.491768 
0.009324 0.983569 0.002634 0.004473 
0.250000 0.250000 0.250000 0.250000 
  47
0.550662 0.002318 0.046210 
0.399751 0.995263 0.462022 
0.049587 0.002418 0.491768 
0.002633 0.002633 0.992100 0.002633 
0.250000 0.250000 0.250000 0.250000 
  48
0.550662 0.002318 0.046210 
0.399751 0.995263 0.462022 
0.049587 0.002418 0.491768 
0.003583 0.002861 0.006034 0.987521 
0.250000 0.250000 0.250000 0.250000 
  49
0.418651 0.002318 0.046210 
0.531762 0.995263 0.462022 
0.057129 0.002405 0.491768 
0.003050 0.002617 0.991717 0.002617 
0.250000 0.250000 0.250000 0.250000 
  50
0.482323 0.002306 0.046210 
0.460549 0.995289 0.462022 
0.057129 0.002405 0.491768 
0.991321 0.002981 0.002617 0.003081 
0.250000 0.250000 0.250000 0.250000 
  51
0.482323 0.002306 0.046210 
0.460549 0.995289 0.462022 
0.057129 0.002405 0.491768 
0.989590 0.004917 0.002876 0.002617 
0.250000 0.250000 0.250000 0.250000 
  52
0.479079 0.002306 0.046210 
0.463793 0.995289 0.462022 
0.057315 0.002405 0.491768 
0.989592 0.004365 0.003426 0.002617 
0.250000 0.250000 0.250000 0.250000 
  53
0.480638 0.002305 0.046210 
0.462048 0.995290 0.462022 
0.057315 0.002405 0.491768 
0.991083 0.003683 0.002617 0.002617 
0.250000 0.250000 0.250000 0.250000 
  54
0.480638 0.002305 0.046210 
0.462048 0.995290 0.462022 
0.057315 0.002405 0.491768 
0.975502 0.017412 0.003107 0.003979 
0.250000 0.250000 0.250000 0.250000 
  55
0.480638 0.002565 0.046210 
0.462048 0.995030 0.462022 
0.056900 0.002406 0.491768 
0.454775 0.003297 0.536296 0.005632 
0.250000 0.250000 0.250000 0.250000 
  56
0.475596 0.002306 0.046210 
0.467503 0.995288 0.462022 
0.057405 0.002405 0.491768 
0.003180 0.003471 0.004737 0.988612 
0.250000 0.250000 0.250000 0.250000 
  57
0.479817 0.002305 0.046210 
0.462778 0.995290 0.462022 
0.057405 0.002405 0.491768 
0.002951 0.002616 0.008353 0.986079 
0.250000 0.250000 0.250000 0.250000 
  58
0.479817 0.002305 0.046210 
0.462778 0.995290 0.462022 
0.057405 0.002405 0.491768 
0.002920 0.002617 0.991090 0.003373 
0.250000 0.250000 0.250000 0.250000 
  59
0.479817 0.002305 0.046210 
0.462778 0.995290 0.462022 
0.057405 0.002405 0.491768 
0.003309 0.002616 0.991119 0.002955 
0.250000 0.250000 0.250000 0.250000 
  60
0.479817 0.002305 0.046210 
0.462778 0.995290 0.462022 
0.057405 0.002405 0.491768 
0.003464 0.003282 0.006197 0.987056 
0.250000 0.250000 0.250000 0.250000 
  61
0.479817 0.002305 0.046210 
0.462778 0.995290 0.462022 
0.057405 0.002405 0.491768 
0.003393 0.990574 0.003416 0.002617 
0.250000 0.250000 0.250000 0.250000 
  62
0.479817 0.002305 0.046210 
0.462778 0.995290 0.462022 
0.057405 0.002405 0.491768 
0.020598 0.973903 0.002617 0.002882 
0.250000 0.250000 0.250000 0.250000 
  63
0.479817 0.002305 0.046210 
0.462778 0.995290 0.462022 
0.057405 0.002405 0.491768 
0.986775 0.007192 0.002617 0.003416 
0.250000 0.250000 0.250000 0.250000 
  64
0.479817 0.002305 0.046210 
0.462778 0.995290 0.462022 
0.057405 0.002405 0.491768 
0.989429 0.004119 0.002880 0.003572 
0.250000 0.250000 0.250000 0.250000 
  65
0.479817 0.002305 0.046210 
0.462778 0.995290 0.462022 
0.057405 0.002405 0.491768 
0.989552 0.003571 0.002867 0.004010 
0.250000 0.250000 0.250000 0.250000 
  66
0.479817 0.002305 0.046210 
0.462778 0.995290 0.462022 
0.057405 0.002405 0.491768 
0.003416 0.002859 0.003289 0.990436 
0.250000 0.250000 0.250000 0.250000 
  67
0.479817 0.002305 0.046210 
0.462778 0.995290 0.462022 
0.057405 0.002405 0.491768 
0.003494 0.990741 0.002616 0.003148 
0.250000 0.250000 0.250000 0.250000 
  68
0.479817 0.002305 0.046210 
0.462778 0.995290 0.462022 
0.057405 0.002405 0.491768 
0.991127 0.003640 0.002616 0.002616 
0.250000 0.250000 0.250000 0.250000 
  69
0.479817 0.002305 0.046210 
0.462778 0.995290 0.462022 
0.057405 0.002405 0.491768 
0.003304 0.002852 0.989558 0.004285 
0.250000 0.250000 0.250000 0.250000 
  70
0.479817 0.002305 0.046210 
0.462778 0.995290 0.462022 
0.057405 0.002405 0.491768 
0.989738 0.004081 0.002971 0.003210 
0.250000 0.250000 0.250000 0.250000 
  71
0.479817 0.002305 0.046210 
0.462778 0.995290 0.462022 
0.057405 0.002405 0.491768 
0.990875 0.002944 0.002971 0.003210 
0.250000 0.250000 0.250000 0.250000 
  72
0.479817 0.002305 0.046210 
0.462778 0.995290 0.462022 
0.057405 0.002405 0.491768 
0.002616 0.003555 0.030210 0.963618 
0.250000 0.250000 0.250000 0.250000 
  73
0.479817 0.002305 0.046210 
0.462778 0.995290 0.462022 
0.057405 0.002405 0.491768 
0.991209 0.003558 0.002616 0.002616 
0.250000 0.250000 0.250000 0.250000 
  74
0.479817 0.002305 0.046210 
0.462778 0.995290 0.462022 
0.057405 0.002405 0.491768 
0.005117 0.989277 0.002617 0.002990 
0.250000 0.250000 0.250000 0.250000 
  75
0.479817 0.002305 0.046210 
0.462778 0.995290 0.462022 
0.057405 0.002405 0.491768 
0.003176 0.003134 0.988634 0.005055 
0.250000 0.250000 0.250000 0.250000 
  76
0.479817 0.002305 0.046210 
0.462778 0.995290 0.462022 
0.057405 0.002405 0.491768 
0.990285 0.003677 0.002616 0.003421 
0.250000 0.250000 0.250000 0.250000 
  77
0.479817 0.002305 0.046210 
0.462778 0.995290 0.462022 
0.057405 0.002405 0.491768 
0.003514 0.002618 0.984995 0.008873 
0.250000 0.250000 0.250000 0.250000 
  78
0.479817 0.002305 0.046210 
0.462778 0.995290 0.462022 
0.057405 0.002405 0.491768 
0.007465 0.985466 0.002876 0.004192 
0.250000 0.250000 0.250000 0.250000 
  79
0.479817 0.002305 0.046210 
0.462778 0.995290 0.462022 
0.057405 0.002405 0.491768 
0.002616 0.992151 0.002616 0.002616 
0.250000 0.250000 0.250000 0.250000 
  80
0.479817 0.002305 0.046210 
0.462778 0.995290 0.462022 
0.057405 0.002405 0.491768 
0.002616 0.002616 0.992151 0.002616 
0.250000 0.250000 0.250000 0.250000 
  81
0.479817 0.002305 0.046210 
0.462778 0.995290 0.462022 
0.057405 0.002405 0.491768 
0.987553 0.004980 0.002617 0.004850 
0.250000 0.250000 0.250000 0.250000 
  82
0.479817 0.002305 0.046210 
0.462778 0.995290 0.462022 
0.057405 0.002405 0.491768 
0.991515 0.003252 0.002617 0.002617 
0.250000 0.250000 0.250000 0.250000 
  83
0.479817 0.002305 0.046210 
0.462778 0.995290 0.462022 
0.057405 0.002405 0.491768 
0.002949 0.002616 0.989176 0.005258 
0.250000 0.250000 0.250000 0.250000 
  84
0.479817 0.002305 0.046210 
0.462778 0.995290 0.462022 
0.057405 0.002405 0.491768 
0.011584 0.981421 0.002617 0.004378 
0.250000 0.250000 0.250000 0.250000 
  85
0.479817 0.002305 0.046210 
0.462778 0.995290 0.462022 
0.057405 0.002405 0.491768 
0.002616 0.002616 0.988492 0.006275 
0.250000 0.250000 0.250000 0.250000 
  86
0.479817 0.002305 0.046210 
0.462778 0.995290 0.462022 
0.057405 0.002405 0.491768 
0.002616 0.002616 0.002616 0.992151 
0.250000 0.250000 0.250000 0.250000 
  87
0.479817 0.002305 0.046210 
0.462778 0.995290 0.462022 
0.057405 0.002405 0.491768 
0.004669 0.989620 0.002617 0.003094 
0.250000 0.250000 0.250000 0.250000 
  88
0.479817 0.002305 0.046210 
0.462778 0.995290 0.462022 
0.057405 0.002405 0.491768 
0.002616 0.002616 0.002616 0.992151 
0.250000 0.250000 0.250000 0.250000 
  89
0.479817 0.002305 0.046210 
0.462778 0.995290 0.462022 
0.057405 0.002405 0.491768 
0.002616 0.992151 0.002616 0.002616 
0.250000 0.250000 0.250000 0.250000 
  90
0.479817 0.002305 0.046210 
0.462778 0.995290 0.462022 
0.057405 0.002405 0.491768 
0.002617 0.002617 0.987985 0.006780 
0.250000 0.250000 0.250000 0.250000 
  91
0.479817 0.002305 0.046210 
0.462778 0.995290 0.462022 
0.057405 0.002405 0.491768 
0.003397 0.002617 0.991369 0.002617 
0.250000 0.250000 0.250000 0.250000 
  92
0.479817 0.002305 0.046210 
0.462778 0.995290 0.462022 
0.057405 0.002405 0.491768 
0.002616 0.002616 0.002616 0.992151 
0.250000 0.250000 0.250000 0.250000 
  93
0.479817 0.002305 0.046210 
0.462778 0.995290 0.462022 
0.057405 0.002405 0.491768 
0.002856 0.004081 0.004035 0.989028 
0.250000 0.250000 0.250000 0.250000 
  94
0.479817 0.002305 0.046210 
0.462778 0.995290 0.462022 
0.057405 0.002405 0.491768 
0.002989 0.991778 0.002616 0.002616 
0.250000 0.250000 0.250000 0.250000 
  95
0.479817 0.002305 0.046210 
0.462778 0.995290 0.462022 
0.057405 0.002405 0.491768 
0.002616 0.992151 0.002616 0.002616 
0.250000 0.250000 0.250000 0.250000 
  96
0.479817 0.002305 0.046210 
0.462778 0.995290 0.462022 
0.057405 0.002405 0.491768 
0.012573 0.981733 0.002834 0.002860 
0.250000 0.250000 0.250000 0.250000 
  97
0.479817 0.002305 0.046210 
0.462778 0.995290 0.462022 
0.057405 0.002405 0.491768 
0.002616 0.002616 0.992151 0.002616 
0.250000 0.250000 0.250000 0.250000 
  98
0.479817 0.002305 0.046210 
0.462778 0.995290 0.462022 
0.057405 0.002405 0.491768 
0.991788 0.002979 0.002616 0.002616 
0.250000 0.250000 0.250000 0.250000 
  99
0.479817 0.002305 0.046210 
0.462778 0.995290 0.462022 
0.057405 0.002405 0.491768 
0.002616 0.002616 0.987196 0.007572 
0.250000 0.250000 0.250000 0.250000 
 100
0.479817 0.002305 0.046210 
0.462778 0.995290 0.462022 
0.057405 0.002405 0.491768 
0.002616 0.002616 0.991298 0.003469 
0.250000 0.250000 0.250000 0.250000 
 101
0.479817 0.002305 0.046210 
0.462778 0.995290 0.462022 
0.057405 0.002405 0.491768 
0.992150 0.002617 0.002617 0.002617 
0.250000 0.250000 0.250000 0.250000 
 102
0.479817 0.002305 0.046210 
0.462778 0.995290 0.462022 
0.057405 0.002405 0.491768 
0.002616 0.002616 0.004175 0.990592 
0.250000 0.250000 0.250000 0.250000 
 103
0.479817 0.002305 0.046210 
0.462778 0.995290 0.462022 
0.057405 0.002405 0.491768 
0.002616 0.991098 0.002616 0.003669 
0.250000 0.250000 0.250000 0.250000 
 104
0.479817 0.002305 0.046210 
0.462778 0.995290 0.462022 
0.057405 0.002405 0.491768 
0.002616 0.002616 0.992151 0.002616 
0.250000 0.250000 0.250000 0.250000 
 105
0.479817 0.002305 0.046210 
0.462778 0.995290 0.462022 
0.057405 0.002405 0.491768 
0.991238 0.003259 0.002887 0.002616 
0.250000 0.250000 0.250000 0.250000 
 106
0.479817 0.002305 0.046210 
0.462778 0.995290 0.462022 
0.057405 0.002405 0.491768 
0.003000 0.991460 0.002617 0.002923 
0.250000 0.250000 0.250000 0.250000 
 107
0.479817 0.002305 0.046210 
0.462778 0.995290 0.462022 
0.057405 0.002405 0.491768 
0.002616 0.002616 0.003322 0.991445 
0.250000 0.250000 0.250000 0.250000 
 108
0.479817 0.002305 0.046210 
0.462778 0.995290 0.462022 
0.057405 0.002405 0.491768 
0.983912 0.010467 0.003005 0.002616 
0.250000 0.250000 0.250000 0.250000 
 109
0.479817 0.002305 0.046210 
0.462778 0.995290 0.462022 
0.057405 0.002405 0.491768 
0.002617 0.002889 0.991335 0.003159 
0.250000 0.250000 0.250000 0.250000 
 110
0.479817 0.002305 0.046210 
0.462778 0.995290 0.462022 
0.057405 0.002405 0.491768 
0.003366 0.002617 0.991053 0.002965 
0.250000 0.250000 0.250000 0.250000 
 111
0.479817 0.002305 0.046210 
0.462778 0.995290 0.462022 
0.057405 0.002405 0.491768 
0.990703 0.003563 0.003118 0.002616 
0.250000 0.250000 0.250000 0.250000 
 112
0.479817 0.002305 0.046210 
0.462778 0.995290 0.462022 
0.057405 0.002405 0.491768 
0.992151 0.002616 0.002616 0.002616 
0.250000 0.250000 0.250000 0.250000 
 113
0.479817 0.002305 0.046210 
0.462778 0.995290 0.462022 
0.057405 0.002405 0.491768 
0.992151 0.002616 0.002616 0.002616 
0.250000 0.250000 0.250000 0.250000 
 114
0.479817 0.002305 0.046210 
0.462778 0.995290 0.462022 
0.057405 0.002405 0.491768 
0.002910 0.002618 0.974013 0.020460 
0.250000 0.250000 0.250000 0.250000 
 115
0.479817 0.002305 0.046210 
0.462778 0.995290 0.462022 
0.057405 0.002405 0.491768 
0.002616 0.992151 0.002616 0.002616 
0.250000 0.250000 0.250000 0.250000 
 116
0.479817 0.002305 0.046210 
0.462778 0.995290 0.462022 
0.057405 0.002405 0.491768 
0.002616 0.992151 0.002616 0.002616 
0.250000 0.250000 0.250000 0.250000 
 117
0.479817 0.002305 0.046210 
0.462778 0.995290 0.462022 
0.057405 0.002405 0.491768 
0.988873 0.005556 0.002617 0.002954 
0.250000 0.250000 0.250000 0.250000 
 118
0.479817 0.002305 0.046210 
0.462778 0.995290 0.462022 
0.057405 0.002405 0.491768 
0.991593 0.003173 0.002617 0.002617 
0.250000 0.250000 0.250000 0.250000 
 119
0.479817 0.002305 0.046210 
0.462778 0.995290 0.462022 
0.057405 0.002405 0.491768 
0.002617 0.002617 0.991528 0.003238 
0.250000 0.250000 0.250000 0.250000 
 120
0.479817 0.002305 0.046210 
0.462778 0.995290 0.462022 
0.057405 0.002405 0.491768 
0.014266 0.974161 0.002617 0.008956 
0.250000 0.250000 0.250000 0.250000 
 121
0.479817 0.002305 0.046210 
0.462778 0.995290 0.462022 
0.057405 0.002405 0.491768 
0.984126 0.010126 0.003131 0.002617 
0.250000 0.250000 0.250000 0.250000 
 122
0.479817 0.002305 0.046210 
0.462778 0.995290 0.462022 
0.057405 0.002405 0.491768 
0.002616 0.002616 0.003415 0.991352 
0.250000 0.250000 0.250000 0.250000 
 123
0.479817 0.002305 0.046210 
0.462778 0.995290 0.462022 
0.057405 0.002405 0.491768 
0.987165 0.007152 0.002852 0.002831 
0.250000 0.250000 0.250000 0.250000 
 124
0.479817 0.002305 0.046210 
0.462778 0.995290 0.462022 
0.057405 0.002405 0.491768 
0.002617 0.992150 0.002617 0.002617 
0.250000 0.250000 0.250000 0.250000 
 125
0.479817 0.002305 0.046210 
0.462778 0.995290 0.462022 
0.057405 0.002405 0.491768 
0.002616 0.002616 0.002616 0.992151 
0.250000 0.250000 0.250000 0.250000 
 126
0.479817 0.002305 0.046210 
0.462778 0.995290 0.462022 
0.057405 0.002405 0.491768 
0.006775 0.987391 0.002831 0.003003 
0.250000 0.250000 0.250000 0.250000 
 127
0.479817 0.002305 0.046210 
0.462778 0.995290 0.462022 
0.057405 0.002405 0.491768 
0.991791 0.002976 0.002616 0.002616 
0.250000 0.250000 0.250000 0.250000 
 128
0.479817 0.002305 0.046210 
0.462778 0.995290 0.462022 
0.057405 0.002405 0.491768 
0.989656 0.004853 0.002875 0.002617 
0.250000 0.250000 0.250000 0.250000 
 129
0.479817 0.002305 0.046210 
0.462778 0.995290 0.462022 
0.057405 0.002405 0.491768 
0.990102 0.004196 0.003085 0.002617 
0.250000 0.250000 0.250000 0.250000 
 130
0.479817 0.002305 0.046210 
0.462778 0.995290 0.462022 
0.057405 0.002405 0.491768 
0.991631 0.003136 0.002616 0.002616 
0.250000 0.250000 0.250000 0.250000 
 131
0.479817 0.002305 0.046210 
0.462778 0.995290 0.462022 
0.057405 0.002405 0.491768 
0.002616 0.002616 0.992151 0.002616 
0.250000 0.250000 0.250000 0.250000 
 132
0.479817 0.002305 0.046210 
0.462778 0.995290 0.462022 
0.057405 0.002405 0.491768 
0.990046 0.004380 0.002616 0.002958 
0.250000 0.250000 0.250000 0.250000 
 133
0.479817 0.002305 0.046210 
0.462778 0.995290 0.462022 
0.057405 0.002405 0.491768 
0.991795 0.002973 0.002616 0.002616 
0.250000 0.250000 0.250000 0.250000 
 134
0.479817 0.002305 0.046210 
0.462778 0.995290 0.462022 
0.057405 0.002405 0.491768 
0.002616 0.002616 0.002616 0.992151 
0.250000 0.250000 0.250000 0.250000 
 135
0.479817 0.002305 0.046210 
0.462778 0.995290 0.462022 
0.057405 0.002405 0.491768 
0.004137 0.002617 0.988823 0.004423 
0.250000 0.250000 0.250000 0.250000 
 136
0.479817 0.002305 0.046210 
0.462778 0.995290 0.462022 
0.057405 0.002405 0.491768 
0.990667 0.004100 0.002616 0.002616 
0.250000 0.250000 0.250000 0.250000 
 137
0.479817 0.002305 0.046210 
0.462778 0.995290 0.462022 
0.057405 0.002405 0.491768 
0.002616 0.002616 0.991303 0.003464 
0.250000 0.250000 0.250000 0.250000 
 138
0.479817 0.002305 0.046210 
0.462778 0.995290 0.462022 
0.057405 0.002405 0.491768 
0.406458 0.586964 0.002617 0.003961 
0.250000 0.250000 0.250000 0.250000 
 139
0.479817 0.002305 0.046210 
0.462778 0.995290 0.462022 
0.057405 0.002405 0.491768 
0.989405 0.004693 0.003005 0.002897 
0.250000 0.250000 0.250000 0.250000 
 140
0.479817 0.002305 0.046210 
0.462778 0.995290 0.462022 
0.057405 0.002405 0.491768 
0.974642 0.020125 0.002617 0.002617 
0.250000 0.250000 0.250000 0.250000 
 141
0.479817 0.002305 0.046210 
0.462778 0.995290 0.462022 
0.057405 0.002405 0.491768 
0.002616 0.002616 0.005717 0.989050 
0.250000 0.250000 0.250000 0.250000 
 142
0.479817 0.002305 0.046210 
0.462778 0.995290 0.462022 
0.057405 0.002405 0.491768 
0.003192 0.991575 0.002616 0.002616 
0.250000 0.250000 0.250000 0.250000 
 143
0.479817 0.002305 0.046210 
0.462778 0.995290 0.462022 
0.057405 0.002405 0.491768 
0.991411 0.003357 0.002616 0.002616 
0.250000 0.250000 0.250000 0.250000 
 144
0.479817 0.002305 0.046210 
0.462778 0.995290 0.462022 
0.057405 0.002405 0.491768 
0.003649 0.002617 0.989094 0.004641 
0.250000 0.250000 0.250000 0.250000 
 145
0.479817 0.002305 0.046210 
0.462778 0.995290 0.462022 
0.057405 0.002405 0.491768 
0.004568 0.002617 0.990199 0.002617 
0.250000 0.250000 0.250000 0.250000 
 146
0.479817 0.002305 0.046210 
0.462778 0.995290 0.462022 
0.057405 0.002405 0.491768 
0.050339 0.944155 0.002617 0.002890 
0.250000 0.250000 0.250000 0.250000 
 147
0.479817 0.002305 0.046210 
0.462778 0.995290 0.462022 
0.057405 0.002405 0.491768 
0.987413 0.007354 0.002617 0.002617 
0.250000 0.250000 0.250000 0.250000 
 148
0.479817 0.002305 0.046210 
0.462778 0.995290 0.462022 
0.057405 0.002405 0.491768 
0.991103 0.003664 0.002617 0.002617 
0.250000 0.250000 0.250000 0.250000 
 149
0.479817 0.002305 0.046210 
0.462778 0.995290 0.462022 
0.057405 0.002405 0.491768 
0.002616 0.002616 0.003080 0.991687 
0.250000 0.250000 0.250000 0.250000 
 150
0.479817 0.002305 0.046210 
0.462778 0.995290 0.462022 
0.057405 0.002405 0.491768 
0.003183 0.002616 0.004005 0.990195 
0.250000 0.250000 0.250000 0.250000 
 151
0.479817 0.002305 0.046210 
0.462778 0.995290 0.462022 
0.057405 0.002405 0.491768 
0.002616 0.992151 0.002616 0.002616 
0.250000 0.250000 0.250000 0.250000 
 152
0.479817 0.002305 0.046210 
0.462778 0.995290 0.462022 
0.057405 0.002405 0.491768 
0.992151 0.002616 0.002616 0.002616 
0.250000 0.250000 0.250000 0.250000 
 153
0.479817 0.002305 0.046210 
0.462778 0.995290 0.462022 
0.057405 0.002405 0.491768 
0.989501 0.005267 0.002616 0.002616 
0.250000 0.250000 0.250000 0.250000 
 154
0.479817 0.002305 0.046210 
0.462778 0.995290 0.462022 
0.057405 0.002405 0.491768 
0.002616 0.992151 0.002616 0.002616 
0.250000 0.250000 0.250000 0.250000 
 155
0.479817 0.002305 0.046210 
0.462778 0.995290 0.462022 
0.057405 0.002405 0.491768 
0.002616 0.002616 0.002616 0.992151 
0.250000 0.250000 0.250000 0.250000 
 156
0.479817 0.002305 0.046210 
0.462778 0.995290 0.462022 
0.057405 0.002405 0.491768 
0.002976 0.006080 0.010708 0.980236 
0.250000 0.250000 0.250000 0.250000 
 157
0.479817 0.002305 0.046210 
0.462778 0.995290 0.462022 
0.057405 0.002405 0.491768 
0.992151 0.002616 0.002616 0.002616 
0.250000 0.250000 0.250000 0.250000 
 158
0.479817 0.002305 0.046210 
0.462778 0.995290 0.462022 
0.057405 0.002405 0.491768 
0.002616 0.002616 0.991775 0.002992 
0.250000 0.250000 0.250000 0.250000 
 159
0.479817 0.002305 0.046210 
0.462778 0.995290 0.462022 
0.057405 0.002405 0.491768 
0.002867 0.002881 0.007589 0.986663 
0.250000 0.250000 0.250000 0.250000 
 160
0.479817 0.002305 0.046210 
0.462778 0.995290 0.462022 
0.057405 0.002405 0.491768 
0.992151 0.002616 0.002616 0.002616 
0.250000 0.250000 0.250000 0.250000 
 161
0.479817 0.002305 0.046210 
0.462778 0.995290 0.462022 
0.057405 0.002405 0.491768 
0.991561 0.003205 0.002617 0.002617 
0.250000 0.250000 0.250000 0.250000 
 162
0.479817 0.002305 0.046210 
0.462778 0.995290 0.462022 
0.057405 0.002405 0.491768 
0.002616 0.002616 0.004021 0.990747 
0.250000 0.250000 0.250000 0.250000 
 163
0.479817 0.002305 0.046210 
0.462778 0.995290 0.462022 
0.057405 0.002405 0.491768 
0.002616 0.992151 0.002616 0.002616 
0.250000 0.250000 0.250000 0.250000 
 164
0.479817 0.002305 0.046210 
0.462778 0.995290 0.462022 
0.057405 0.002405 0.491768 
0.002616 0.002616 0.992151 0.002616 
0.250000 0.250000 0.250000 0.250000 
 165
0.479817 0.002305 0.046210 
0.462778 0.995290 0.462022 
0.057405 0.002405 0.491768 
0.003594 0.002843 0.012976 0.980587 
0.250000 0.250000 0.250000 0.250000 
 166
0.479817 0.002305 0.046210 
0.462778 0.995290 0.462022 
0.057405 0.002405 0.491768 
0.992151 0.002616 0.002616 0.002616 
0.250000 0.250000 0.250000 0.250000 
 167
0.479817 0.002305 0.046210 
0.462778 0.995290 0.462022 
0.057405 0.002405 0.491768 
0.002617 0.002617 0.991787 0.002979 
0.250000 0.250000 0.250000 0.250000 
 168
0.479817 0.002305 0.046210 
0.462778 0.995290 0.462022 
0.057405 0.002405 0.491768 
0.003815 0.003184 0.005087 0.987914 
0.250000 0.250000 0.250000 0.250000 
 169
0.479817 0.002305 0.046210 
0.462778 0.995290 0.462022 
0.057405 0.002405 0.491768 
0.002616 0.992151 0.002616 0.002616 
0.250000 0.250000 0.250000 0.250000 
 170
0.479817 0.002305 0.046210 
0.462778 0.995290 0.462022 
0.057405 0.002405 0.491768 
0.992151 0.002616 0.002616 0.002616 
0.250000 0.250000 0.250000 0.250000 
 171
0.479817 0.002305 0.046210 
0.462778 0.995290 0.462022 
0.057405 0.002405 0.491768 
0.022362 0.972404 0.002617 0.002617 
0.250000 0.250000 0.250000 0.250000 
 172
0.479817 0.002305 0.046210 
0.462778 0.995290 0.462022 
0.057405 0.002405 0.491768 
0.002616 0.002616 0.835409 0.159358 
0.250000 0.250000 0.250000 0.250000 
 173
0.479817 0.002305 0.046210 
0.462778 0.995290 0.462022 
0.057405 0.002405 0.491768 
0.002616 0.002616 0.002616 0.992151 
0.250000 0.250000 0.250000 0.250000 
 174
0.479817 0.002305 0.046210 
0.462778 0.995290 0.462022 
0.057405 0.002405 0.491768 
0.006024 0.986647 0.002616 0.004713 
0.250000 0.250000 0.250000 0.250000 
 175
0.479817 0.002305 0.046210 
0.462778 0.995290 0.462022 
0.057405 0.002405 0.491768 
0.003648 0.991120 0.002616 0.002616 
0.250000 0.250000 0.250000 0.250000 
 176
0.479817 0.002305 0.046210 
0.462778 0.995290 0.462022 
0.057405 0.002405 0.491768 
0.002616 0.002616 0.002616 0.992151 
0.250000 0.250000 0.250000 0.250000 
 177
0.479817 0.002305 0.046210 
0.462778 0.995290 0.462022 
0.057405 0.002405 0.491768 
0.002616 0.002616 0.004963 0.989804 
0.250000 0.250000 0.250000 0.250000 
 178
0.479817 0.002305 0.046210 
0.462778 0.995290 0.462022 
0.057405 0.002405 0.491768 
0.002616 0.002616 0.992151 0.002616 
0.250000 0.250000 0.250000 0.250000 
 179
0.479817 0.002305 0.046210 
0.462778 0.995290 0.462022 
0.057405 0.002405 0.491768 
0.991774 0.002993 0.002616 0.002616 
0.250000 0.250000 0.250000 0.250000 
 180
0.479817 0.002305 0.046210 
0.462778 0.995290 0.462022 
0.057405 0.002405 0.491768 
0.008121 0.986351 0.002617 0.002911 
0.250000 0.250000 0.250000 0.250000 
 181
0.479817 0.002305 0.046210 
0.462778 0.995290 0.462022 
0.057405 0.002405 0.491768 
0.990787 0.003711 0.002885 0.002616 
0.250000 0.250000 0.250000 0.250000 
 182
0.479817 0.002305 0.046210 
0.462778 0.995290 0.462022 
0.057405 0.002405 0.491768 
0.990366 0.003893 0.002843 0.002899 
0.250000 0.250000 0.250000 0.250000 
 183
0.479817 0.002305 0.046210 
0.462778 0.995290 0.462022 
0.057405 0.002405 0.491768 
0.003013 0.002616 0.008624 0.985746 
0.250000 0.250000 0.250000 0.250000 
 184
0.479817 0.002305 0.046210 
0.462778 0.995290 0.462022 
0.057405 0.002405 0.491768 
0.002926 0.002616 0.003210 0.991248 
0.250000 0.250000 0.250000 0.250000 
 185
0.479817 0.002305 0.046210 
0.462778 0.995290 0.462022 
0.057405 0.002405 0.491768 
0.003324 0.002616 0.990833 0.003227 
0.250000 0.250000 0.250000 0.250000 
 186
0.479817 0.002305 0.046210 
0.462778 0.995290 0.462022 
0.057405 0.002405 0.491768 
0.003406 0.002616 0.981678 0.012300 
0.250000 0.250000 0.250000 0.250000 
 187
0.479817 0.002305 0.046210 
0.462778 0.995290 0.462022 
0.057405 0.002405 0.491768 
0.005292 0.002616 0.003706 0.988386 
0.250000 0.250000 0.250000 0.250000 
 188
0.479817 0.002305 0.046210 
0.462778 0.995290 0.462022 
0.057405 0.002405 0.491768 
0.002616 0.002616 0.991752 0.003015 
0.250000 0.250000 0.250000 0.250000 
 189
0.479817 0.002305 0.046210 
0.462778 0.995290 0.462022 
0.057405 0.002405 0.491768 
0.988519 0.005502 0.002951 0.003028 
0.250000 0.250000 0.250000 0.250000 
 190
0.479817 0.002305 0.046210 
0.462778 0.995290 0.462022 
0.057405 0.002405 0.491768 
0.991241 0.003245 0.002616 0.002898 
0.250000 0.250000 0.250000 0.250000 
 191
0.479817 0.002305 0.046210 
0.462778 0.995290 0.462022 
0.057405 0.002405 0.491768 
0.003204 0.002616 0.006730 0.987449 
0.250000 0.250000 0.250000 0.250000 
 192
0.479817 0.002305 0.046210 
0.462778 0.995290 0.462022 
0.057405 0.002405 0.491768 
0.988432 0.005547 0.002859 0.003163 
0.250000 0.250000 0.250000 0.250000 
 193
0.479817 0.002305 0.046210 
0.462778 0.995290 0.462022 
0.057405 0.002405 0.491768 
0.003798 0.990702 0.002617 0.002884 
0.250000 0.250000 0.250000 0.250000 
 194
0.479817 0.002305 0.046210 
0.462778 0.995290 0.462022 
0.057405 0.002405 0.491768 
0.003996 0.990771 0.002616 0.002616 
0.250000 0.250000 0.250000 0.250000 
 195
0.479817 0.002305 0.046210 
0.462778 0.995290 0.462022 
0.057405 0.002405 0.491768 
0.011831 0.002841 0.003551 0.981776 
0.250000 0.250000 0.250000 0.250000 
 196
0.479817 0.002305 0.046210 
0.462778 0.995290 0.462022 
0.057405 0.002405 0.491768 
0.005938 0.988829 0.002616 0.002616 
0.250000 0.250000 0.250000 0.250000 
 197
0.479817 0.002305 0.046210 
0.462778 0.995290 0.462022 
0.057405 0.002405 0.491768 
0.990665 0.003133 0.002830 0.003372 
0.250000 0.250000 0.250000 0.250000 
 198
0.479817 0.002305 0.046210 
0.462778 0.995290 0.462022 
0.057405 0.002405 0.491768 
0.990818 0.003666 0.002899 0.002616 
0.250000 0.250000 0.250000 0.250000 
 199
0.479817 0.002305 0.046210 
0.462778 0.995290 0.462022 
0.057405 0.002405 0.491768 
0.991553 0.003214 0.002616 0.002616 
0.250000 0.250000 0.250000 0.250000 
 200
0.479817 0.002305 0.046210 
0.462778 0.995290 0.462022 
0.057405 0.002405 0.491768 
0.002616 0.002616 0.002616 0.992151 
0.250000 0.250000 0.250000 0.250000 
 201
0.479817 0.002305 0.046210 
0.462778 0.995290 0.462022 
0.057405 0.002405 0.491768 
0.987970 0.003000 0.003365 0.005665 
0.250000 0.250000 0.250000 0.250000 
 202
0.479817 0.002305 0.046210 
0.462778 0.995290 0.462022 
0.057405 0.002405 0.491768 
0.002616 0.002616 0.002616 0.992151 
0.250000 0.250000 0.250000 0.250000 
 203
0.479817 0.002305 0.046210 
0.462778 0.995290 0.462022 
0.057405 0.002405 0.491768 
0.002616 0.992151 0.002616 0.002616 
0.250000 0.250000 0.250000 0.250000 
 204
0.479817 0.002305 0.046210 
0.462778 0.995290 0.462022 
0.057405 0.002405 0.491768 
0.002617 0.002617 0.981865 0.012902 
0.250000 0.250000 0.250000 0.250000 
 205
0.479817 0.002305 0.046210 
0.462778 0.995290 0.462022 
0.057405 0.002405 0.491768 
0.033461 0.960786 0.002617 0.003137 
0.250000 0.250000 0.250000 0.250000 
 206
0.479817 0.002305 0.046210 
0.462778 0.995290 0.462022 
0.057405 0.002405 0.491768 
0.990611 0.004155 0.002617 0.002617 
0.250000 0.250000 0.250000 0.250000 
 207
0.479817 0.002305 0.046210 
0.462778 0.995290 0.462022 
0.057405 0.002405 0.491768 
0.003120 0.002616 0.989884 0.004379 
0.250000 0.250000 0.250000 0.250000 
 208
0.479817 0.002305 0.046210 
0.462778 0.995290 0.462022 
0.057405 0.002405 0.491768 
0.990821 0.003556 0.003007 0.002616 
0.250000 0.250000 0.250000 0.250000 
 209
0.479817 0.002305 0.046210 
0.462778 0.995290 0.462022 
0.057405 0.002405 0.491768 
0.004690 0.990077 0.002616 0.002616 
0.250000 0.250000 0.250000 0.250000 
 210
0.479817 0.002305 0.046210 
0.462778 0.995290 0.462022 
0.057405 0.002405 0.491768 
0.003128 0.004278 0.011194 0.981399 
0.250000 0.250000 0.250000 0.250000 
 211
0.479817 0.002305 0.046210 
0.462778 0.995290 0.462022 
0.057405 0.002405 0.491768 
0.002616 0.002616 0.992151 0.002616 
0.250000 0.250000 0.250000 0.250000 
 212
0.479817 0.002305 0.046210 
0.462778 0.995290 0.462022 
0.057405 0.002405 0.491768 
0.002616 0.002616 0.992151 0.002616 
0.250000 0.250000 0.250000 0.250000 
 213
0.479817 0.002305 0.046210 
0.462778 0.995290 0.462022 
0.057405 0.002405 0.491768 
0.003499 0.002616 0.015527 0.978358 
0.250000 0.250000 0.250000 0.250000 
 214
0.479817 0.002305 0.046210 
0.462778 0.995290 0.462022 
0.057405 0.002405 0.491768 
0.002617 0.002617 0.991331 0.003436 
0.250000 0.250000 0.250000 0.250000 
 215
0.479817 0.002305 0.046210 
0.462778 0.995290 0.462022 
0.057405 0.002405 0.491768 
0.991452 0.002891 0.002616 0.003040 
0.250000 0.250000 0.250000 0.250000 
 216
0.479817 0.002305 0.046210 
0.462778 0.995290 0.462022 
0.057405 0.002405 0.491768 
0.002616 0.002616 0.006491 0.988276 
0.250000 0.250000 0.250000 0.250000 
 217
0.479817 0.002305 0.046210 
0.462778 0.995290 0.462022 
0.057405 0.002405 0.491768 
0.009801 0.002617 0.984966 0.002617 
0.250000 0.250000 0.250000 0.250000 
 218
0.479817 0.002305 0.046210 
0.462778 0.995290 0.462022 
0.057405 0.002405 0.491768 
0.989470 0.004162 0.002616 0.003752 
0.250000 0.250000 0.250000 0.250000 
 219
0.479817 0.002305 0.046210 
0.462778 0.995290 0.462022 
0.057405 0.002405 0.491768 
0.010990 0.982015 0.002841 0.004155 
0.250000 0.250000 0.250000 0.250000 
 220
0.479817 0.002305 0.046210 
0.462778 0.995290 0.462022 
0.057405 0.002405 0.491768 
0.987745 0.007022 0.002617 0.002617 
0.250000 0.250000 0.250000 0.250000 
 221
0.479817 0.002305 0.046210 
0.462778 0.995290 0.462022 
0.057405 0.002405 0.491768 
0.002616 0.002616 0.003001 0.991766 
0.250000 0.250000 0.250000 0.250000 
 222
0.479817 0.002305 0.046210 
0.462778 0.995290 0.462022 
0.057405 0.002405 0.491768 
0.003392 0.002616 0.969174 0.024818 
0.250000 0.250000 0.250000 0.250000 
 223
0.479817 0.002305 0.046210 
0.462778 0.995290 0.462022 
0.057405 0.002405 0.491768 
0.003632 0.002617 0.991135 0.002617 
0.250000 0.250000 0.250000 0.250000 
 224
0.479817 0.002305 0.046210 
0.462778 0.995290 0.462022 
0.057405 0.002405 0.491768 
0.002616 0.002616 0.002616 0.992151 
0.250000 0.250000 0.250000 0.250000 
 225
0.479817 0.002305 0.046210 
0.462778 0.995290 0.462022 
0.057405 0.002405 0.491768 
0.003605 0.002617 0.004286 0.989493 
0.250000 0.250000 0.250000 0.250000 
 226
0.479817 0.002305 0.046210 
0.462778 0.995290 0.462022 
0.057405 0.002405 0.491768 
0.002616 0.992151 0.002616 0.002616 
0.250000 0.250000 0.250000 0.250000 
 227
0.479817 0.002305 0.046210 
0.462778 0.995290 0.462022 
0.057405 0.002405 0.491768 
0.992151 0.002616 0.002616 0.002616 
0.250000 0.250000 0.250000 0.250000 
 228
0.479817 0.002305 0.046210 
0.462778 0.995290 0.462022 
0.057405 0.002405 0.491768 
0.002616 0.002616 0.003536 0.991232 
0.250000 0.250000 0.250000 0.250000 
 229
0.479817 0.002305 0.046210 
0.462778 0.995290 0.462022 
0.057405 0.002405 0.491768 
0.002616 0.992151 0.002616 0.002616 
0.250000 0.250000 0.250000 0.250000 
 230
0.479817 0.002305 0.046210 
0.462778 0.995290 0.462022 
0.057405 0.002405 0.491768 
0.003016 0.991751 0.002616 0.002616 
0.250000 0.250000 0.250000 0.250000 
 231
0.479817 0.002305 0.046210 
0.462778 0.995290 0.462022 
0.057405 0.002405 0.491768 
0.984665 0.009014 0.003171 0.003150 
0.250000 0.250000 0.250000 0.250000 
 232
0.479817 0.002305 0.046210 
0.462778 0.995290 0.462022 
0.057405 0.002405 0.491768 
0.060754 0.934011 0.002617 0.002617 
0.250000 0.250000 0.250000 0.250000 
 233
0.479817 0.002305 0.046210 
0.462778 0.995290 0.462022 
0.057405 0.002405 0.491768 
0.984872 0.009895 0.002616 0.002616 
0.250000 0.250000 0.250000 0.250000 
 234
0.479817 0.002305 0.046210 
0.462778 0.995290 0.462022 
0.057405 0.002405 0.491768 
0.956379 0.038026 0.002978 0.002616 
0.250000 0.250000 0.250000 0.250000 
 235
0.479817 0.002305 0.046210 
0.462778 0.995290 0.462022 
