%  SAM: /scicomp/home/vfn4/nomen/label/LABEL_RES/scripts/modelfromalign_Linux v3.5 (July 15, 2005) compiled 12/08/06_16:15:55
%  (c) 1992-2001 Regents of the University of California, Santa Cruz
%
%          Sequence Alignment and Modeling Software System
%         http://www.cse.ucsc.edu/research/compbio/sam.html
%
% ----------------- Citations (SAM, SAM-T2K, HMMs) --------------------
% R. Hughey, A. Krogh, Hidden Markov models for sequence analysis:
%  Extension and analysis of the basic method, CABIOS 12:95-107, 1996.
% K. Karplus, et al., What is the value added by human intervention in protein
%  structure prediction, Proteins: Stucture, Function, Genetics 45(S5):86--91, 2001.
% A. Krogh et al., Hidden Markov models in computational biology:
%  Applications to protein modeling, JMB 235:1501-1531, Feb 1994.
% ---------------------------------------------------------------------
%  6B_hmm   Host: node70.hpc.biotech.cdc.gov    Tue Feb  6 09:49:48 2018
%  vfn4     Dir:  /scicomp/groups/OID/NCIRD/ID-OD/ID_nomenclatures/H1/H1pdm09v2018R3/base/c-6B/c-6B-6B2
% ---------------------------------------------------------------------
%  Alignment weights from internal calc.  Total (58.42) Max (0.35) Min (0.01)
%  Weights from alignment method 1 (karplus), b=-1.000000, e=0.500000
MODEL --  Model from alignment file /scicomp/home/vfn4/nomen/label/LABEL_RES/training_data/H1pdm09v2018R3/c-6B/c-6B-6B2/6B.fasta
alphabet DNA
FREQAVE
0.000000 0.000000 0.000000 
0.000000 0.000000 0.000000 
0.000000 0.000000 0.000000 
0.352707 0.221490 0.188140 0.237663 
0.352707 0.221490 0.188140 0.237663 
Begin
0.000000 0.000000 0.000000 
0.000000 0.000000 0.000000 
0.000000 0.003572 0.491768 
0.250000 0.250000 0.250000 0.250000 
0.250000 0.250000 0.250000 0.250000 
   1
0.000000 0.004051 0.046210 
0.000000 0.992377 0.462022 
0.056732 0.003574 0.491768 
0.987368 0.004211 0.004211 0.004211 
0.250000 0.250000 0.250000 0.250000 
   2
0.485921 0.003426 0.046210 
0.457348 0.993000 0.462022 
0.056732 0.003574 0.491768 
0.004211 0.004211 0.004211 0.987368 
0.250000 0.250000 0.250000 0.250000 
   3
0.481922 0.003426 0.046210 
0.461346 0.993000 0.462022 
0.056959 0.003573 0.491768 
0.004209 0.987372 0.004209 0.004209 
0.250000 0.250000 0.250000 0.250000 
   4
0.483857 0.003425 0.046210 
0.459184 0.993002 0.462022 
0.056959 0.003573 0.491768 
0.985461 0.005128 0.005201 0.004209 
0.250000 0.250000 0.250000 0.250000 
   5
0.483857 0.003425 0.046210 
0.459184 0.993002 0.462022 
0.056959 0.003573 0.491768 
0.986899 0.004683 0.004209 0.004209 
0.250000 0.250000 0.250000 0.250000 
   6
0.476091 0.003425 0.046210 
0.466950 0.993002 0.462022 
0.057405 0.003572 0.491768 
0.006738 0.984386 0.004208 0.004668 
0.250000 0.250000 0.250000 0.250000 
   7
0.479817 0.003424 0.046210 
0.462778 0.993004 0.462022 
0.057405 0.003572 0.491768 
0.006318 0.985266 0.004208 0.004208 
0.250000 0.250000 0.250000 0.250000 
   8
0.479817 0.003424 0.046210 
0.462778 0.993004 0.462022 
0.057405 0.003572 0.491768 
0.005046 0.004207 0.984667 0.006080 
0.250000 0.250000 0.250000 0.250000 
   9
0.479817 0.003424 0.046210 
0.462778 0.993004 0.462022 
0.057405 0.003572 0.491768 
0.987378 0.004207 0.004207 0.004207 
0.250000 0.250000 0.250000 0.250000 
  10
0.479817 0.003424 0.046210 
0.462778 0.993004 0.462022 
0.057405 0.003572 0.491768 
0.986475 0.005111 0.004207 0.004207 
0.250000 0.250000 0.250000 0.250000 
  11
0.479817 0.003424 0.046210 
0.462778 0.993004 0.462022 
0.057405 0.003572 0.491768 
0.004208 0.004666 0.024749 0.966377 
0.250000 0.250000 0.250000 0.250000 
  12
0.479817 0.003424 0.046210 
0.462778 0.993004 0.462022 
0.057405 0.003572 0.491768 
0.986149 0.005436 0.004207 0.004207 
0.250000 0.250000 0.250000 0.250000 
  13
0.479817 0.003424 0.046210 
0.462778 0.993004 0.462022 
0.057405 0.003572 0.491768 
0.005099 0.004713 0.985487 0.004701 
0.250000 0.250000 0.250000 0.250000 
  14
0.479817 0.003424 0.046210 
0.462778 0.993004 0.462022 
0.057405 0.003572 0.491768 
0.004207 0.004207 0.004207 0.987378 
0.250000 0.250000 0.250000 0.250000 
  15
0.479817 0.003424 0.046210 
0.462778 0.993004 0.462022 
0.057405 0.003572 0.491768 
0.986248 0.005337 0.004207 0.004207 
0.250000 0.250000 0.250000 0.250000 
  16
0.479817 0.003424 0.046210 
0.462778 0.993004 0.462022 
0.057405 0.003572 0.491768 
0.007419 0.983765 0.004207 0.004609 
0.250000 0.250000 0.250000 0.250000 
  17
0.479817 0.003424 0.046210 
0.462778 0.993004 0.462022 
0.057405 0.003572 0.491768 
0.004209 0.004209 0.038006 0.953575 
0.250000 0.250000 0.250000 0.250000 
  18
0.479817 0.003424 0.046210 
0.462778 0.993004 0.462022 
0.057405 0.003572 0.491768 
0.986132 0.005453 0.004207 0.004207 
0.250000 0.250000 0.250000 0.250000 
  19
0.479817 0.003424 0.046210 
0.462778 0.993004 0.462022 
0.057405 0.003572 0.491768 
0.009060 0.981115 0.004207 0.005617 
0.250000 0.250000 0.250000 0.250000 
  20
0.479817 0.003424 0.046210 
0.462778 0.993004 0.462022 
0.057405 0.003572 0.491768 
0.004207 0.005768 0.004207 0.985818 
0.250000 0.250000 0.250000 0.250000 
  21
0.479817 0.003424 0.046210 
0.462778 0.993004 0.462022 
0.057405 0.003572 0.491768 
0.004625 0.004208 0.005981 0.985185 
0.250000 0.250000 0.250000 0.250000 
  22
0.479817 0.003424 0.046210 
0.462778 0.993004 0.462022 
0.057405 0.003572 0.491768 
0.005308 0.004216 0.984790 0.005686 
0.250000 0.250000 0.250000 0.250000 
  23
0.479817 0.003424 0.046210 
0.462778 0.993004 0.462022 
0.057405 0.003572 0.491768 
0.004207 0.004207 0.004207 0.987378 
0.250000 0.250000 0.250000 0.250000 
  24
0.479817 0.003424 0.046210 
0.462778 0.993004 0.462022 
0.057405 0.003572 0.491768 
0.009775 0.981811 0.004207 0.004207 
0.250000 0.250000 0.250000 0.250000 
  25
0.479817 0.003424 0.046210 
0.462778 0.993004 0.462022 
0.057405 0.003572 0.491768 
0.004207 0.004207 0.985534 0.006051 
0.250000 0.250000 0.250000 0.250000 
  26
0.479817 0.003424 0.046210 
0.462778 0.993004 0.462022 
0.057405 0.003572 0.491768 
0.004207 0.004207 0.004207 0.987378 
0.250000 0.250000 0.250000 0.250000 
  27
0.479817 0.003424 0.046210 
0.462778 0.993004 0.462022 
0.057405 0.003572 0.491768 
0.986831 0.004754 0.004207 0.004207 
0.250000 0.250000 0.250000 0.250000 
  28
0.479817 0.003424 0.046210 
0.462778 0.993004 0.462022 
0.057405 0.003572 0.491768 
0.004685 0.004207 0.015247 0.975861 
0.250000 0.250000 0.250000 0.250000 
  29
0.479817 0.003424 0.046210 
0.462778 0.993004 0.462022 
0.057405 0.003572 0.491768 
0.983943 0.007642 0.004207 0.004207 
0.250000 0.250000 0.250000 0.250000 
  30
0.479817 0.003424 0.046210 
0.462778 0.993004 0.462022 
0.057405 0.003572 0.491768 
0.004208 0.004208 0.426061 0.565522 
0.250000 0.250000 0.250000 0.250000 
  31
0.479817 0.003424 0.046210 
0.462778 0.993004 0.462022 
0.057405 0.003572 0.491768 
0.986198 0.004207 0.005388 0.004207 
0.250000 0.250000 0.250000 0.250000 
  32
0.479817 0.003424 0.046210 
0.462778 0.993004 0.462022 
0.057405 0.003572 0.491768 
0.004207 0.004207 0.983811 0.007774 
0.250000 0.250000 0.250000 0.250000 
  33
0.479817 0.003424 0.046210 
0.462778 0.993004 0.462022 
0.057405 0.003572 0.491768 
0.986071 0.004584 0.005137 0.004207 
0.250000 0.250000 0.250000 0.250000 
  34
0.479817 0.003424 0.046210 
0.462778 0.993004 0.462022 
0.057405 0.003572 0.491768 
0.005882 0.005006 0.032119 0.956993 
0.250000 0.250000 0.250000 0.250000 
  35
0.479817 0.003424 0.046210 
0.462778 0.993004 0.462022 
0.057405 0.003572 0.491768 
0.004591 0.005503 0.005830 0.984076 
0.250000 0.250000 0.250000 0.250000 
  36
0.479817 0.003424 0.046210 
0.462778 0.993004 0.462022 
0.057405 0.003572 0.491768 
0.004939 0.004207 0.008708 0.982146 
0.250000 0.250000 0.250000 0.250000 
  37
0.479817 0.003424 0.046210 
0.462778 0.993004 0.462022 
0.057405 0.003572 0.491768 
0.158486 0.833098 0.004208 0.004208 
0.250000 0.250000 0.250000 0.250000 
  38
0.479817 0.003424 0.046210 
0.462778 0.993004 0.462022 
0.057405 0.003572 0.491768 
0.004747 0.005159 0.985145 0.004949 
0.250000 0.250000 0.250000 0.250000 
  39
0.479817 0.003424 0.046210 
0.462778 0.993004 0.462022 
0.057405 0.003572 0.491768 
0.982799 0.004835 0.007699 0.004666 
0.250000 0.250000 0.250000 0.250000 
  40
0.479817 0.003424 0.046210 
0.462778 0.993004 0.462022 
0.057405 0.003572 0.491768 
0.984181 0.006931 0.004680 0.004207 
0.250000 0.250000 0.250000 0.250000 
  41
0.479817 0.003424 0.046210 
0.462778 0.993004 0.462022 
0.057405 0.003572 0.491768 
0.004207 0.004207 0.985349 0.006236 
0.250000 0.250000 0.250000 0.250000 
  42
0.479817 0.003424 0.046210 
0.462778 0.993004 0.462022 
0.057405 0.003572 0.491768 
0.006537 0.004207 0.978242 0.011014 
0.250000 0.250000 0.250000 0.250000 
  43
0.479817 0.003424 0.046210 
0.462778 0.993004 0.462022 
0.057405 0.003572 0.491768 
0.030243 0.961340 0.004209 0.004209 
0.250000 0.250000 0.250000 0.250000 
  44
0.479817 0.003424 0.046210 
0.462778 0.993004 0.462022 
0.057405 0.003572 0.491768 
0.004208 0.004208 0.986739 0.004845 
0.250000 0.250000 0.250000 0.250000 
  45
0.479817 0.003424 0.046210 
0.462778 0.993004 0.462022 
0.057405 0.003572 0.491768 
0.985897 0.005101 0.004207 0.004795 
0.250000 0.250000 0.250000 0.250000 
  46
0.479817 0.003424 0.046210 
0.462778 0.993004 0.462022 
0.057405 0.003572 0.491768 
0.985088 0.006497 0.004207 0.004207 
0.250000 0.250000 0.250000 0.250000 
  47
0.479817 0.003424 0.046210 
0.462778 0.993004 0.462022 
0.057405 0.003572 0.491768 
0.972413 0.011291 0.012088 0.004208 
0.250000 0.250000 0.250000 0.250000 
  48
0.479817 0.003424 0.046210 
0.462778 0.993004 0.462022 
0.057405 0.003572 0.491768 
0.006792 0.004207 0.005862 0.983138 
0.250000 0.250000 0.250000 0.250000 
  49
0.479817 0.003424 0.046210 
0.462778 0.993004 0.462022 
0.057405 0.003572 0.491768 
0.005063 0.986095 0.004208 0.004634 
0.250000 0.250000 0.250000 0.250000 
  50
0.479817 0.003424 0.046210 
0.462778 0.993004 0.462022 
0.057405 0.003572 0.491768 
0.004207 0.004207 0.987378 0.004207 
0.250000 0.250000 0.250000 0.250000 
  51
0.479817 0.003424 0.046210 
0.462778 0.993004 0.462022 
0.057405 0.003572 0.491768 
0.984966 0.006618 0.004208 0.004208 
0.250000 0.250000 0.250000 0.250000 
  52
0.479817 0.003424 0.046210 
0.462778 0.993004 0.462022 
0.057405 0.003572 0.491768 
0.004207 0.987378 0.004207 0.004207 
0.250000 0.250000 0.250000 0.250000 
  53
0.479817 0.003424 0.046210 
0.462778 0.993004 0.462022 
0.057405 0.003572 0.491768 
0.987376 0.004208 0.004208 0.004208 
0.250000 0.250000 0.250000 0.250000 
  54
0.479817 0.003424 0.046210 
0.462778 0.993004 0.462022 
0.057405 0.003572 0.491768 
0.004208 0.004208 0.984556 0.007027 
0.250000 0.250000 0.250000 0.250000 
  55
0.479817 0.003424 0.046210 
0.462778 0.993004 0.462022 
0.057405 0.003572 0.491768 
0.986396 0.004207 0.005189 0.004207 
0.250000 0.250000 0.250000 0.250000 
  56
0.479817 0.003424 0.046210 
0.462778 0.993004 0.462022 
0.057405 0.003572 0.491768 
0.005112 0.004207 0.985189 0.005492 
0.250000 0.250000 0.250000 0.250000 
  57
0.479817 0.003424 0.046210 
0.462778 0.993004 0.462022 
0.057405 0.003572 0.491768 
0.941516 0.006146 0.004618 0.047721 
0.250000 0.250000 0.250000 0.250000 
  58
0.479817 0.003424 0.046210 
0.462778 0.993004 0.462022 
0.057405 0.003572 0.491768 
0.005025 0.004207 0.006443 0.984325 
0.250000 0.250000 0.250000 0.250000 
  59
0.479817 0.003424 0.046210 
0.462778 0.993004 0.462022 
0.057405 0.003572 0.491768 
0.004207 0.004207 0.004207 0.987378 
0.250000 0.250000 0.250000 0.250000 
  60
0.479817 0.003424 0.046210 
0.462778 0.993004 0.462022 
0.057405 0.003572 0.491768 
0.985550 0.006034 0.004208 0.004208 
0.250000 0.250000 0.250000 0.250000 
  61
0.479817 0.003424 0.046210 
0.462778 0.993004 0.462022 
0.057405 0.003572 0.491768 
0.004207 0.004207 0.004207 0.987378 
0.250000 0.250000 0.250000 0.250000 
  62
0.479817 0.003424 0.046210 
0.462778 0.993004 0.462022 
0.057405 0.003572 0.491768 
0.004207 0.987378 0.004207 0.004207 
0.250000 0.250000 0.250000 0.250000 
  63
0.479817 0.003424 0.046210 
0.462778 0.993004 0.462022 
0.057405 0.003572 0.491768 
0.004208 0.004208 0.006942 0.984641 
0.250000 0.250000 0.250000 0.250000 
  64
0.479817 0.003424 0.046210 
0.462778 0.993004 0.462022 
0.057405 0.003572 0.491768 
0.985838 0.005747 0.004207 0.004207 
0.250000 0.250000 0.250000 0.250000 
  65
0.479817 0.003424 0.046210 
0.462778 0.993004 0.462022 
0.057405 0.003572 0.491768 
0.004208 0.004208 0.004687 0.986897 
0.250000 0.250000 0.250000 0.250000 
  66
0.479817 0.003424 0.046210 
0.462778 0.993004 0.462022 
0.057405 0.003572 0.491768 
0.986870 0.004209 0.004713 0.004209 
0.250000 0.250000 0.250000 0.250000 
  67
0.479817 0.003424 0.046210 
0.462778 0.993004 0.462022 
0.057405 0.003572 0.491768 
0.005149 0.986429 0.004211 0.004211 
0.250000 0.250000 0.250000 0.250000 
  68
0.479817 0.003424 0.046210 
0.462778 0.993004 0.462022 
0.057405 0.003572 0.491768 
0.004207 0.987378 0.004207 0.004207 
0.250000 0.250000 0.250000 0.250000 
  69
0.479817 0.003573 0.046210 
0.462778 0.992855 0.462022 
0.057244 0.003572 0.491768 
0.004209 0.006383 0.005190 0.984219 
0.250000 0.250000 0.250000 0.250000 
  70
0.478466 0.003424 0.046210 
0.464290 0.993003 0.462022 
0.057405 0.003572 0.491768 
0.004216 0.004216 0.004216 0.987352 
0.250000 0.250000 0.250000 0.250000 
  71
0.479817 0.003424 0.046210 
0.462778 0.993004 0.462022 
0.057405 0.003572 0.491768 
0.987378 0.004207 0.004207 0.004207 
0.250000 0.250000 0.250000 0.250000 
  72
0.479817 0.003424 0.046210 
0.462778 0.993004 0.462022 
0.057405 0.003572 0.491768 
0.004207 0.004207 0.006520 0.985065 
0.250000 0.250000 0.250000 0.250000 
  73
0.479817 0.003424 0.046210 
0.462778 0.993004 0.462022 
0.057405 0.003572 0.491768 
0.004207 0.004207 0.987378 0.004207 
0.250000 0.250000 0.250000 0.250000 
  74
0.479817 0.003424 0.046210 
0.462778 0.993004 0.462022 
0.057405 0.003572 0.491768 
0.987378 0.004207 0.004207 0.004207 
0.250000 0.250000 0.250000 0.250000 
  75
0.479817 0.003424 0.046210 
0.462778 0.993004 0.462022 
0.057405 0.003572 0.491768 
0.004207 0.004207 0.004859 0.986726 
0.250000 0.250000 0.250000 0.250000 
  76
0.479817 0.003424 0.046210 
0.462778 0.993004 0.462022 
0.057405 0.003572 0.491768 
0.004688 0.986891 0.004211 0.004211 
0.250000 0.250000 0.250000 0.250000 
  77
0.479817 0.003424 0.046210 
0.462778 0.993004 0.462022 
0.057405 0.003572 0.491768 
0.004211 0.004211 0.987366 0.004211 
0.250000 0.250000 0.250000 0.250000 
  78
0.479817 0.003424 0.046210 
0.462778 0.993004 0.462022 
0.057405 0.003572 0.491768 
0.020916 0.969123 0.004207 0.005755 
0.250000 0.250000 0.250000 0.250000 
  79
0.479817 0.003424 0.046210 
0.462778 0.993004 0.462022 
0.057405 0.003572 0.491768 
0.987378 0.004207 0.004207 0.004207 
0.250000 0.250000 0.250000 0.250000 
  80
0.479817 0.003424 0.046210 
0.462778 0.993004 0.462022 
0.057405 0.003572 0.491768 
0.987376 0.004208 0.004208 0.004208 
0.250000 0.250000 0.250000 0.250000 
  81
0.479817 0.003424 0.046210 
0.462778 0.993004 0.462022 
0.057405 0.003572 0.491768 
0.004207 0.004207 0.986428 0.005157 
0.250000 0.250000 0.250000 0.250000 
  82
0.479817 0.003424 0.046210 
0.462778 0.993004 0.462022 
0.057405 0.003572 0.491768 
0.986591 0.004991 0.004209 0.004209 
0.250000 0.250000 0.250000 0.250000 
  83
0.479817 0.003424 0.046210 
0.462778 0.993004 0.462022 
0.057405 0.003572 0.491768 
0.987378 0.004207 0.004207 0.004207 
0.250000 0.250000 0.250000 0.250000 
  84
0.479817 0.003424 0.046210 
0.462778 0.993004 0.462022 
0.057405 0.003572 0.491768 
0.004207 0.004207 0.007530 0.984055 
0.250000 0.250000 0.250000 0.250000 
  85
0.479817 0.003424 0.046210 
0.462778 0.993004 0.462022 
0.057405 0.003572 0.491768 
0.005024 0.004207 0.004207 0.986562 
0.250000 0.250000 0.250000 0.250000 
  86
0.479817 0.003424 0.046210 
0.462778 0.993004 0.462022 
0.057405 0.003572 0.491768 
0.004208 0.004208 0.987375 0.004208 
0.250000 0.250000 0.250000 0.250000 
  87
0.479817 0.003424 0.046210 
0.462778 0.993004 0.462022 
0.057405 0.003572 0.491768 
0.986696 0.004890 0.004207 0.004207 
0.250000 0.250000 0.250000 0.250000 
  88
0.479817 0.003424 0.046210 
0.462778 0.993004 0.462022 
0.057405 0.003572 0.491768 
0.986820 0.004764 0.004208 0.004208 
0.250000 0.250000 0.250000 0.250000 
  89
0.479817 0.003424 0.046210 
0.462778 0.993004 0.462022 
0.057405 0.003572 0.491768 
0.004207 0.004207 0.987378 0.004207 
0.250000 0.250000 0.250000 0.250000 
  90
0.479817 0.003424 0.046210 
0.462778 0.993004 0.462022 
0.057405 0.003572 0.491768 
0.983467 0.005132 0.006812 0.004589 
0.250000 0.250000 0.250000 0.250000 
  91
0.479817 0.003424 0.046210 
0.462778 0.993004 0.462022 
0.057405 0.003572 0.491768 
0.004207 0.987378 0.004207 0.004207 
0.250000 0.250000 0.250000 0.250000 
  92
0.479817 0.003424 0.046210 
0.462778 0.993004 0.462022 
0.057405 0.003572 0.491768 
0.987378 0.004207 0.004207 0.004207 
0.250000 0.250000 0.250000 0.250000 
  93
0.479817 0.003424 0.046210 
0.462778 0.993004 0.462022 
0.057405 0.003572 0.491768 
0.004208 0.004208 0.912678 0.078905 
0.250000 0.250000 0.250000 0.250000 
  94
0.479817 0.003424 0.046210 
0.462778 0.993004 0.462022 
0.057405 0.003572 0.491768 
0.982147 0.004207 0.004207 0.009439 
0.250000 0.250000 0.250000 0.250000 
  95
0.479817 0.003424 0.046210 
0.462778 0.993004 0.462022 
0.057405 0.003572 0.491768 
0.004211 0.004211 0.985295 0.006284 
0.250000 0.250000 0.250000 0.250000 
  96
0.479817 0.003424 0.046210 
0.462778 0.993004 0.462022 
0.057405 0.003572 0.491768 
0.005202 0.004207 0.007894 0.982697 
0.250000 0.250000 0.250000 0.250000 
  97
0.479817 0.003424 0.046210 
0.462778 0.993004 0.462022 
0.057405 0.003572 0.491768 
0.005301 0.986284 0.004207 0.004207 
0.250000 0.250000 0.250000 0.250000 
  98
0.479817 0.003424 0.046210 
0.462778 0.993004 0.462022 
0.057405 0.003572 0.491768 
0.004207 0.004207 0.004207 0.987378 
0.250000 0.250000 0.250000 0.250000 
  99
0.479817 0.003424 0.046210 
0.462778 0.993004 0.462022 
0.057405 0.003572 0.491768 
0.982276 0.008349 0.005168 0.004207 
0.250000 0.250000 0.250000 0.250000 
 100
0.479817 0.003424 0.046210 
0.462778 0.993004 0.462022 
0.057405 0.003572 0.491768 
0.004922 0.986662 0.004208 0.004208 
0.250000 0.250000 0.250000 0.250000 
 101
0.479817 0.003424 0.046210 
0.462778 0.993004 0.462022 
0.057405 0.003572 0.491768 
0.986868 0.004207 0.004717 0.004207 
0.250000 0.250000 0.250000 0.250000 
 102
0.479817 0.003424 0.046210 
0.462778 0.993004 0.462022 
0.057405 0.003572 0.491768 
0.004210 0.004210 0.981433 0.010147 
0.250000 0.250000 0.250000 0.250000 
 103
0.479817 0.003424 0.046210 
0.462778 0.993004 0.462022 
0.057405 0.003572 0.491768 
0.987378 0.004207 0.004207 0.004207 
0.250000 0.250000 0.250000 0.250000 
 104
0.479817 0.003424 0.046210 
0.462778 0.993004 0.462022 
0.057405 0.003572 0.491768 
0.004208 0.004208 0.987376 0.004208 
0.250000 0.250000 0.250000 0.250000 
 105
0.479817 0.003424 0.046210 
0.462778 0.993004 0.462022 
0.057405 0.003572 0.491768 
0.985761 0.005182 0.004850 0.004207 
0.250000 0.250000 0.250000 0.250000 
 106
0.479817 0.003424 0.046210 
0.462778 0.993004 0.462022 
0.057405 0.003572 0.491768 
0.007249 0.983870 0.004208 0.004673 
0.250000 0.250000 0.250000 0.250000 
 107
0.479817 0.003424 0.046210 
0.462778 0.993004 0.462022 
0.057405 0.003572 0.491768 
0.004207 0.004207 0.004207 0.987378 
0.250000 0.250000 0.250000 0.250000 
 108
0.479817 0.003424 0.046210 
0.462778 0.993004 0.462022 
0.057405 0.003572 0.491768 
0.982518 0.009068 0.004207 0.004207 
0.250000 0.250000 0.250000 0.250000 
 109
0.479817 0.003424 0.046210 
0.462778 0.993004 0.462022 
0.057405 0.003572 0.491768 
0.004209 0.004209 0.983318 0.008263 
0.250000 0.250000 0.250000 0.250000 
 110
0.479817 0.003424 0.046210 
0.462778 0.993004 0.462022 
0.057405 0.003572 0.491768 
0.004207 0.004207 0.004207 0.987378 
0.250000 0.250000 0.250000 0.250000 
 111
0.479817 0.003424 0.046210 
0.462778 0.993004 0.462022 
0.057405 0.003572 0.491768 
0.984796 0.006088 0.004207 0.004908 
0.250000 0.250000 0.250000 0.250000 
 112
0.479817 0.003424 0.046210 
0.462778 0.993004 0.462022 
0.057405 0.003572 0.491768 
0.004863 0.986721 0.004208 0.004208 
0.250000 0.250000 0.250000 0.250000 
 113
0.479817 0.003424 0.046210 
0.462778 0.993004 0.462022 
0.057405 0.003572 0.491768 
0.987378 0.004207 0.004207 0.004207 
0.250000 0.250000 0.250000 0.250000 
 114
0.479817 0.003424 0.046210 
0.462778 0.993004 0.462022 
0.057405 0.003572 0.491768 
0.985357 0.006226 0.004208 0.004208 
0.250000 0.250000 0.250000 0.250000 
 115
0.479817 0.003424 0.046210 
0.462778 0.993004 0.462022 
0.057405 0.003572 0.491768 
0.987373 0.004209 0.004209 0.004209 
0.250000 0.250000 0.250000 0.250000 
 116
0.479817 0.003424 0.046210 
0.462778 0.993004 0.462022 
0.057405 0.003572 0.491768 
0.985993 0.005593 0.004207 0.004207 
0.250000 0.250000 0.250000 0.250000 
 117
0.479817 0.003424 0.046210 
0.462778 0.993004 0.462022 
0.057405 0.003572 0.491768 
0.008171 0.983414 0.004207 0.004207 
0.250000 0.250000 0.250000 0.250000 
 118
0.479817 0.003424 0.046210 
0.462778 0.993004 0.462022 
0.057405 0.003572 0.491768 
0.986455 0.005131 0.004207 0.004207 
0.250000 0.250000 0.250000 0.250000 
 119
0.479817 0.003424 0.046210 
0.462778 0.993004 0.462022 
0.057405 0.003572 0.491768 
0.987378 0.004207 0.004207 0.004207 
0.250000 0.250000 0.250000 0.250000 
 120
0.479817 0.003424 0.046210 
0.462778 0.993004 0.462022 
0.057405 0.003572 0.491768 
0.004207 0.004207 0.005230 0.986356 
0.250000 0.250000 0.250000 0.250000 
 121
0.479817 0.003424 0.046210 
0.462778 0.993004 0.462022 
0.057405 0.003572 0.491768 
0.005734 0.985848 0.004209 0.004209 
0.250000 0.250000 0.250000 0.250000 
 122
0.479817 0.003424 0.046210 
0.462778 0.993004 0.462022 
0.057405 0.003572 0.491768 
0.004207 0.004207 0.004207 0.987378 
0.250000 0.250000 0.250000 0.250000 
 123
0.479817 0.003424 0.046210 
0.462778 0.993004 0.462022 
0.057405 0.003572 0.491768 
0.982970 0.007416 0.004606 0.005007 
0.250000 0.250000 0.250000 0.250000 
 124
0.479817 0.003424 0.046210 
0.462778 0.993004 0.462022 
0.057405 0.003572 0.491768 
0.987378 0.004207 0.004207 0.004207 
0.250000 0.250000 0.250000 0.250000 
 125
0.479817 0.003424 0.046210 
0.462778 0.993004 0.462022 
0.057405 0.003572 0.491768 
0.004207 0.004207 0.986841 0.004744 
0.250000 0.250000 0.250000 0.250000 
 126
0.479817 0.003424 0.046210 
0.462778 0.993004 0.462022 
0.057405 0.003572 0.491768 
0.986101 0.005483 0.004208 0.004208 
0.250000 0.250000 0.250000 0.250000 
 127
0.479817 0.003424 0.046210 
0.462778 0.993004 0.462022 
0.057405 0.003572 0.491768 
0.004991 0.986595 0.004207 0.004207 
0.250000 0.250000 0.250000 0.250000 
 128
0.479817 0.003424 0.046210 
0.462778 0.993004 0.462022 
0.057405 0.003572 0.491768 
0.004207 0.004207 0.004207 0.987378 
0.250000 0.250000 0.250000 0.250000 
 129
0.479817 0.003424 0.046210 
0.462778 0.993004 0.462022 
0.057405 0.003572 0.491768 
0.985810 0.005776 0.004207 0.004207 
0.250000 0.250000 0.250000 0.250000 
 130
0.479817 0.003424 0.046210 
0.462778 0.993004 0.462022 
0.057405 0.003572 0.491768 
0.987378 0.004207 0.004207 0.004207 
0.250000 0.250000 0.250000 0.250000 
 131
0.479817 0.003424 0.046210 
0.462778 0.993004 0.462022 
0.057405 0.003572 0.491768 
0.004207 0.004207 0.987378 0.004207 
0.250000 0.250000 0.250000 0.250000 
 132
0.479817 0.003424 0.046210 
0.462778 0.993004 0.462022 
0.057405 0.003572 0.491768 
0.983349 0.005594 0.006848 0.004208 
0.250000 0.250000 0.250000 0.250000 
 133
0.479817 0.003424 0.046210 
0.462778 0.993004 0.462022 
0.057405 0.003572 0.491768 
0.004207 0.004207 0.987378 0.004207 
0.250000 0.250000 0.250000 0.250000 
 134
0.479817 0.003424 0.046210 
0.462778 0.993004 0.462022 
0.057405 0.003572 0.491768 
0.986867 0.004716 0.004208 0.004208 
0.250000 0.250000 0.250000 0.250000 
 135
0.479817 0.003424 0.046210 
0.462778 0.993004 0.462022 
0.057405 0.003572 0.491768 
0.004208 0.004208 0.982598 0.008985 
0.250000 0.250000 0.250000 0.250000 
 136
0.479817 0.003424 0.046210 
0.462778 0.993004 0.462022 
0.057405 0.003572 0.491768 
0.004207 0.004207 0.004207 0.987378 
0.250000 0.250000 0.250000 0.250000 
 137
0.479817 0.003424 0.046210 
0.462778 0.993004 0.462022 
0.057405 0.003572 0.491768 
0.004207 0.004207 0.987378 0.004207 
0.250000 0.250000 0.250000 0.250000 
 138
0.479817 0.003424 0.046210 
0.462778 0.993004 0.462022 
0.057405 0.003572 0.491768 
0.004538 0.004568 0.007516 0.983378 
0.250000 0.250000 0.250000 0.250000 
 139
0.479817 0.003424 0.046210 
0.462778 0.993004 0.462022 
0.057405 0.003572 0.491768 
0.004703 0.986883 0.004207 0.004207 
0.250000 0.250000 0.250000 0.250000 
 140
0.479817 0.003424 0.046210 
0.462778 0.993004 0.462022 
0.057405 0.003572 0.491768 
0.004207 0.004207 0.005818 0.985767 
0.250000 0.250000 0.250000 0.250000 
 141
0.479817 0.003424 0.046210 
0.462778 0.993004 0.462022 
0.057405 0.003572 0.491768 
0.004208 0.004208 0.011160 0.980424 
0.250000 0.250000 0.250000 0.250000 
 142
0.479817 0.003424 0.046210 
0.462778 0.993004 0.462022 
0.057405 0.003572 0.491768 
0.986713 0.004872 0.004207 0.004207 
0.250000 0.250000 0.250000 0.250000 
 143
0.479817 0.003424 0.046210 
0.462778 0.993004 0.462022 
0.057405 0.003572 0.491768 
0.987378 0.004207 0.004207 0.004207 
0.250000 0.250000 0.250000 0.250000 
 144
0.479817 0.003424 0.046210 
0.462778 0.993004 0.462022 
0.057405 0.003572 0.491768 
0.004209 0.004209 0.977498 0.014083 
0.250000 0.250000 0.250000 0.250000 
 145
0.479817 0.003424 0.046210 
0.462778 0.993004 0.462022 
0.057405 0.003572 0.491768 
0.004207 0.004207 0.986905 0.004680 
0.250000 0.250000 0.250000 0.250000 
 146
0.479817 0.003424 0.046210 
0.462778 0.993004 0.462022 
0.057405 0.003572 0.491768 
0.004207 0.004207 0.004207 0.987378 
0.250000 0.250000 0.250000 0.250000 
 147
0.479817 0.003424 0.046210 
0.462778 0.993004 0.462022 
0.057405 0.003572 0.491768 
0.005074 0.004207 0.007852 0.982866 
0.250000 0.250000 0.250000 0.250000 
 148
0.479817 0.003424 0.046210 
0.462778 0.993004 0.462022 
0.057405 0.003572 0.491768 
0.004212 0.004212 0.985837 0.005740 
0.250000 0.250000 0.250000 0.250000 
 149
0.479817 0.003424 0.046210 
0.462778 0.993004 0.462022 
0.057405 0.003572 0.491768 
0.004207 0.004207 0.004207 0.987378 
0.250000 0.250000 0.250000 0.250000 
 150
0.479817 0.003424 0.046210 
0.462778 0.993004 0.462022 
0.057405 0.003572 0.491768 
0.844334 0.146836 0.004623 0.004207 
0.250000 0.250000 0.250000 0.250000 
 151
0.479817 0.003424 0.046210 
0.462778 0.993004 0.462022 
0.057405 0.003572 0.491768 
0.004207 0.987378 0.004207 0.004207 
0.250000 0.250000 0.250000 0.250000 
 152
0.479817 0.003424 0.046210 
0.462778 0.993004 0.462022 
0.057405 0.003572 0.491768 
0.987378 0.004207 0.004207 0.004207 
0.250000 0.250000 0.250000 0.250000 
 153
0.479817 0.003424 0.046210 
0.462778 0.993004 0.462022 
0.057405 0.003572 0.491768 
0.985834 0.005751 0.004207 0.004207 
0.250000 0.250000 0.250000 0.250000 
 154
0.479817 0.003424 0.046210 
0.462778 0.993004 0.462022 
0.057405 0.003572 0.491768 
0.009808 0.980510 0.004208 0.005474 
0.250000 0.250000 0.250000 0.250000 
 155
0.479817 0.003424 0.046210 
0.462778 0.993004 0.462022 
0.057405 0.003572 0.491768 
0.979952 0.011208 0.004632 0.004207 
0.250000 0.250000 0.250000 0.250000 
 156
0.479817 0.003424 0.046210 
0.462778 0.993004 0.462022 
0.057405 0.003572 0.491768 
0.005181 0.004208 0.985139 0.005472 
0.250000 0.250000 0.250000 0.250000 
 157
0.479817 0.003424 0.046210 
0.462778 0.993004 0.462022 
0.057405 0.003572 0.491768 
0.984741 0.006844 0.004207 0.004207 
0.250000 0.250000 0.250000 0.250000 
 158
0.479817 0.003424 0.046210 
0.462778 0.993004 0.462022 
0.057405 0.003572 0.491768 
0.973840 0.004903 0.004207 0.017050 
0.250000 0.250000 0.250000 0.250000 
 159
0.479817 0.003424 0.046210 
0.462778 0.993004 0.462022 
0.057405 0.003572 0.491768 
0.011759 0.977932 0.004207 0.006102 
0.250000 0.250000 0.250000 0.250000 
 160
0.479817 0.003424 0.046210 
0.462778 0.993004 0.462022 
0.057405 0.003572 0.491768 
0.004208 0.004208 0.987375 0.004208 
0.250000 0.250000 0.250000 0.250000 
 161
0.479817 0.003424 0.046210 
0.462778 0.993004 0.462022 
0.057405 0.003572 0.491768 
0.987378 0.004207 0.004207 0.004207 
0.250000 0.250000 0.250000 0.250000 
 162
0.479817 0.003424 0.046210 
0.462778 0.993004 0.462022 
0.057405 0.003572 0.491768 
0.005029 0.004207 0.012577 0.978187 
0.250000 0.250000 0.250000 0.250000 
 163
0.479817 0.003424 0.046210 
0.462778 0.993004 0.462022 
0.057405 0.003572 0.491768 
0.982421 0.009165 0.004207 0.004207 
0.250000 0.250000 0.250000 0.250000 
 164
0.479817 0.003424 0.046210 
0.462778 0.993004 0.462022 
0.057405 0.003572 0.491768 
0.987378 0.004207 0.004207 0.004207 
0.250000 0.250000 0.250000 0.250000 
 165
0.479817 0.003424 0.046210 
0.462778 0.993004 0.462022 
0.057405 0.003572 0.491768 
0.004672 0.004207 0.979224 0.011897 
0.250000 0.250000 0.250000 0.250000 
 166
0.479817 0.003424 0.046210 
0.462778 0.993004 0.462022 
0.057405 0.003572 0.491768 
0.005759 0.985827 0.004207 0.004207 
0.250000 0.250000 0.250000 0.250000 
 167
0.479817 0.003424 0.046210 
0.462778 0.993004 0.462022 
0.057405 0.003572 0.491768 
0.005088 0.986497 0.004207 0.004207 
0.250000 0.250000 0.250000 0.250000 
 168
0.479817 0.003424 0.046210 
0.462778 0.993004 0.462022 
0.057405 0.003572 0.491768 
0.138142 0.803447 0.004208 0.054202 
0.250000 0.250000 0.250000 0.250000 
 169
0.479817 0.003424 0.046210 
0.462778 0.993004 0.462022 
0.057405 0.003572 0.491768 
0.987378 0.004207 0.004207 0.004207 
0.250000 0.250000 0.250000 0.250000 
 170
0.479817 0.003424 0.046210 
0.462778 0.993004 0.462022 
0.057405 0.003572 0.491768 
0.986737 0.004847 0.004208 0.004208 
0.250000 0.250000 0.250000 0.250000 
 171
0.479817 0.003424 0.046210 
0.462778 0.993004 0.462022 
0.057405 0.003572 0.491768 
0.984869 0.006717 0.004207 0.004207 
0.250000 0.250000 0.250000 0.250000 
 172
0.479817 0.003424 0.046210 
0.462778 0.993004 0.462022 
0.057405 0.003572 0.491768 
0.004984 0.004207 0.980938 0.009871 
0.250000 0.250000 0.250000 0.250000 
 173
0.479817 0.003424 0.046210 
0.462778 0.993004 0.462022 
0.057405 0.003572 0.491768 
0.004207 0.004207 0.004207 0.987378 
0.250000 0.250000 0.250000 0.250000 
 174
0.479817 0.003424 0.046210 
0.462778 0.993004 0.462022 
0.057405 0.003572 0.491768 
0.982665 0.008370 0.004759 0.004207 
0.250000 0.250000 0.250000 0.250000 
 175
0.479817 0.003424 0.046210 
0.462778 0.993004 0.462022 
0.057405 0.003572 0.491768 
0.004207 0.004207 0.004207 0.987378 
0.250000 0.250000 0.250000 0.250000 
 176
0.479817 0.003424 0.046210 
0.462778 0.993004 0.462022 
0.057405 0.003572 0.491768 
0.004207 0.987378 0.004207 0.004207 
0.250000 0.250000 0.250000 0.250000 
 177
0.479817 0.003424 0.046210 
0.462778 0.993004 0.462022 
0.057405 0.003572 0.491768 
0.004207 0.004207 0.985953 0.005632 
0.250000 0.250000 0.250000 0.250000 
 178
0.479817 0.003424 0.046210 
0.462778 0.993004 0.462022 
0.057405 0.003572 0.491768 
0.986805 0.004207 0.004781 0.004207 
0.250000 0.250000 0.250000 0.250000 
 179
0.479817 0.003424 0.046210 
0.462778 0.993004 0.462022 
0.057405 0.003572 0.491768 
0.987378 0.004207 0.004207 0.004207 
0.250000 0.250000 0.250000 0.250000 
 180
0.479817 0.003424 0.046210 
0.462778 0.993004 0.462022 
0.057405 0.003572 0.491768 
0.986067 0.005518 0.004207 0.004207 
0.250000 0.250000 0.250000 0.250000 
 181
0.479817 0.003424 0.046210 
0.462778 0.993004 0.462022 
0.057405 0.003572 0.491768 
0.004932 0.004208 0.984518 0.006342 
0.250000 0.250000 0.250000 0.250000 
 182
0.479817 0.003424 0.046210 
0.462778 0.993004 0.462022 
0.057405 0.003572 0.491768 
0.004207 0.004207 0.004207 0.987378 
0.250000 0.250000 0.250000 0.250000 
 183
0.479817 0.003424 0.046210 
0.462778 0.993004 0.462022 
0.057405 0.003572 0.491768 
0.984731 0.006181 0.004208 0.004880 
0.250000 0.250000 0.250000 0.250000 
 184
0.479817 0.003424 0.046210 
0.462778 0.993004 0.462022 
0.057405 0.003572 0.491768 
0.986024 0.005562 0.004207 0.004207 
0.250000 0.250000 0.250000 0.250000 
 185
0.479817 0.003424 0.046210 
0.462778 0.993004 0.462022 
0.057405 0.003572 0.491768 
0.016848 0.974172 0.004208 0.004771 
0.250000 0.250000 0.250000 0.250000 
 186
0.479817 0.003424 0.046210 
0.462778 0.993004 0.462022 
0.057405 0.003572 0.491768 
0.986573 0.005013 0.004207 0.004207 
0.250000 0.250000 0.250000 0.250000 
 187
0.479817 0.003424 0.046210 
0.462778 0.993004 0.462022 
0.057405 0.003572 0.491768 
0.004207 0.987378 0.004207 0.004207 
0.250000 0.250000 0.250000 0.250000 
 188
0.479817 0.003424 0.046210 
0.462778 0.993004 0.462022 
0.057405 0.003572 0.491768 
0.005294 0.986291 0.004207 0.004207 
0.250000 0.250000 0.250000 0.250000 
 189
0.479817 0.003424 0.046210 
0.462778 0.993004 0.462022 
0.057405 0.003572 0.491768 
0.012258 0.978746 0.004207 0.004788 
0.250000 0.250000 0.250000 0.250000 
 190
0.479817 0.003424 0.046210 
0.462778 0.993004 0.462022 
0.057405 0.003572 0.491768 
0.011241 0.979618 0.004934 0.004207 
0.250000 0.250000 0.250000 0.250000 
 191
0.479817 0.003424 0.046210 
0.462778 0.993004 0.462022 
0.057405 0.003572 0.491768 
0.004207 0.004207 0.005856 0.985729 
0.250000 0.250000 0.250000 0.250000 
 192
0.479817 0.003424 0.046210 
0.462778 0.993004 0.462022 
0.057405 0.003572 0.491768 
0.974447 0.011129 0.005114 0.009309 
0.250000 0.250000 0.250000 0.250000 
 193
0.479817 0.003424 0.046210 
0.462778 0.993004 0.462022 
0.057405 0.003572 0.491768 
0.005423 0.931479 0.050163 0.012935 
0.250000 0.250000 0.250000 0.250000 
 194
0.479817 0.003424 0.046210 
0.462778 0.993004 0.462022 
0.057405 0.003572 0.491768 
0.004207 0.004207 0.986512 0.005073 
0.250000 0.250000 0.250000 0.250000 
 195
0.479817 0.003424 0.046210 
0.462778 0.993004 0.462022 
0.057405 0.003572 0.491768 
0.004207 0.004207 0.986043 0.005542 
0.250000 0.250000 0.250000 0.250000 
 196
0.479817 0.003424 0.046210 
0.462778 0.993004 0.462022 
0.057405 0.003572 0.491768 
0.004207 0.004207 0.987378 0.004207 
0.250000 0.250000 0.250000 0.250000 
 197
0.479817 0.003424 0.046210 
0.462778 0.993004 0.462022 
0.057405 0.003572 0.491768 
0.004207 0.004207 0.987378 0.004207 
0.250000 0.250000 0.250000 0.250000 
 198
0.479817 0.003424 0.046210 
0.462778 0.993004 0.462022 
0.057405 0.003572 0.491768 
0.985815 0.005246 0.004207 0.004731 
0.250000 0.250000 0.250000 0.250000 
 199
0.479817 0.003424 0.046210 
0.462778 0.993004 0.462022 
0.057405 0.003572 0.491768 
0.004640 0.004207 0.007988 0.983164 
0.250000 0.250000 0.250000 0.250000 
 200
0.479817 0.003424 0.046210 
0.462778 0.993004 0.462022 
0.057405 0.003572 0.491768 
0.004207 0.004207 0.004207 0.987378 
0.250000 0.250000 0.250000 0.250000 
 201
0.479817 0.003424 0.046210 
0.462778 0.993004 0.462022 
0.057405 0.003572 0.491768 
0.006975 0.984610 0.004207 0.004207 
0.250000 0.250000 0.250000 0.250000 
 202
0.479817 0.003424 0.046210 
0.462778 0.993004 0.462022 
0.057405 0.003572 0.491768 
0.006575 0.004207 0.985011 0.004207 
0.250000 0.250000 0.250000 0.250000 
 203
0.479817 0.003424 0.046210 
0.462778 0.993004 0.462022 
0.057405 0.003572 0.491768 
0.986901 0.004684 0.004207 0.004207 
0.250000 0.250000 0.250000 0.250000 
 204
0.479817 0.003424 0.046210 
0.462778 0.993004 0.462022 
0.057405 0.003572 0.491768 
0.004207 0.004612 0.005688 0.985493 
0.250000 0.250000 0.250000 0.250000 
 205
0.479817 0.003424 0.046210 
0.462778 0.993004 0.462022 
0.057405 0.003572 0.491768 
0.004207 0.004207 0.005777 0.985808 
0.250000 0.250000 0.250000 0.250000 
 206
0.479817 0.003424 0.046210 
0.462778 0.993004 0.462022 
0.057405 0.003572 0.491768 
0.004207 0.004207 0.004207 0.987378 
0.250000 0.250000 0.250000 0.250000 
 207
0.479817 0.003424 0.046210 
0.462778 0.993004 0.462022 
0.057405 0.003572 0.491768 
0.009399 0.982187 0.004207 0.004207 
0.250000 0.250000 0.250000 0.250000 
 208
0.479817 0.003424 0.046210 
0.462778 0.993004 0.462022 
0.057405 0.003572 0.491768 
0.004207 0.987378 0.004207 0.004207 
0.250000 0.250000 0.250000 0.250000 
 209
0.479817 0.003424 0.046210 
0.462778 0.993004 0.462022 
0.057405 0.003572 0.491768 
0.005245 0.986340 0.004207 0.004207 
0.250000 0.250000 0.250000 0.250000 
 210
0.479817 0.003424 0.046210 
0.462778 0.993004 0.462022 
0.057405 0.003572 0.491768 
0.004605 0.004208 0.007603 0.983585 
0.250000 0.250000 0.250000 0.250000 
 211
0.479817 0.003424 0.046210 
0.462778 0.993004 0.462022 
0.057405 0.003572 0.491768 
0.987378 0.004207 0.004207 0.004207 
0.250000 0.250000 0.250000 0.250000 
 212
0.479817 0.003424 0.046210 
0.462778 0.993004 0.462022 
0.057405 0.003572 0.491768 
0.985914 0.005672 0.004207 0.004207 
0.250000 0.250000 0.250000 0.250000 
 213
0.479817 0.003424 0.046210 
0.462778 0.993004 0.462022 
0.057405 0.003572 0.491768 
0.986381 0.004596 0.004815 0.004207 
0.250000 0.250000 0.250000 0.250000 
 214
0.479817 0.003424 0.046210 
0.462778 0.993004 0.462022 
0.057405 0.003572 0.491768 
0.004207 0.004207 0.004207 0.987378 
0.250000 0.250000 0.250000 0.250000 
 215
0.479817 0.003424 0.046210 
0.462778 0.993004 0.462022 
0.057405 0.003572 0.491768 
0.004207 0.987378 0.004207 0.004207 
0.250000 0.250000 0.250000 0.250000 
 216
0.479817 0.003424 0.046210 
0.462778 0.993004 0.462022 
0.057405 0.003572 0.491768 
0.004209 0.004209 0.019901 0.971681 
0.250000 0.250000 0.250000 0.250000 
 217
0.479817 0.003424 0.046210 
0.462778 0.993004 0.462022 
0.057405 0.003572 0.491768 
0.986775 0.004811 0.004207 0.004207 
0.250000 0.250000 0.250000 0.250000 
 218
0.479817 0.003424 0.046210 
0.462778 0.993004 0.462022 
0.057405 0.003572 0.491768 
0.986676 0.004207 0.004909 0.004207 
0.250000 0.250000 0.250000 0.250000 
 219
0.479817 0.003424 0.046210 
0.462778 0.993004 0.462022 
0.057405 0.003572 0.491768 
0.004207 0.004207 0.985484 0.006101 
0.250000 0.250000 0.250000 0.250000 
 220
0.479817 0.003424 0.046210 
0.462778 0.993004 0.462022 
0.057405 0.003572 0.491768 
0.987378 0.004207 0.004207 0.004207 
0.250000 0.250000 0.250000 0.250000 
 221
0.479817 0.003424 0.046210 
0.462778 0.993004 0.462022 
0.057405 0.003572 0.491768 
0.004207 0.004207 0.004728 0.986857 
0.250000 0.250000 0.250000 0.250000 
 222
0.479817 0.003424 0.046210 
0.462778 0.993004 0.462022 
0.057405 0.003572 0.491768 
0.004207 0.004207 0.005686 0.985900 
0.250000 0.250000 0.250000 0.250000 
 223
0.479817 0.003424 0.046210 
0.462778 0.993004 0.462022 
0.057405 0.003572 0.491768 
0.004207 0.987378 0.004207 0.004207 
0.250000 0.250000 0.250000 0.250000 
 224
0.479817 0.003424 0.046210 
0.462778 0.993004 0.462022 
0.057405 0.003572 0.491768 
0.004207 0.004207 0.987378 0.004207 
0.250000 0.250000 0.250000 0.250000 
 225
0.479817 0.003424 0.046210 
0.462778 0.993004 0.462022 
0.057405 0.003572 0.491768 
0.004207 0.005420 0.005138 0.985235 
0.250000 0.250000 0.250000 0.250000 
 226
0.479817 0.003424 0.046210 
0.462778 0.993004 0.462022 
0.057405 0.003572 0.491768 
0.004207 0.987378 0.004207 0.004207 
0.250000 0.250000 0.250000 0.250000 
 227
0.479817 0.003424 0.046210 
0.462778 0.993004 0.462022 
0.057405 0.003572 0.491768 
0.004701 0.986885 0.004207 0.004207 
0.250000 0.250000 0.250000 0.250000 
 228
0.479817 0.003424 0.046210 
0.462778 0.993004 0.462022 
0.057405 0.003572 0.491768 
0.008453 0.004546 0.981795 0.005206 
0.250000 0.250000 0.250000 0.250000 
 229
0.479817 0.003424 0.046210 
0.462778 0.993004 0.462022 
0.057405 0.003572 0.491768 
0.004207 0.004207 0.004207 0.987378 
0.250000 0.250000 0.250000 0.250000 
 230
0.479817 0.003424 0.046210 
0.462778 0.993004 0.462022 
0.057405 0.003572 0.491768 
0.004207 0.987378 0.004207 0.004207 
0.250000 0.250000 0.250000 0.250000 
 231
0.479817 0.003424 0.046210 
0.462778 0.993004 0.462022 
0.057405 0.003572 0.491768 
0.004207 0.987378 0.004207 0.004207 
0.250000 0.250000 0.250000 0.250000 
 232
0.479817 0.003424 0.046210 
0.462778 0.993004 0.462022 
0.057405 0.003572 0.491768 
0.987378 0.004207 0.004207 0.004207 
0.250000 0.250000 0.250000 0.250000 
 233
0.479817 0.003424 0.046210 
0.462778 0.993004 0.462022 
0.057405 0.003572 0.491768 
0.004207 0.004207 0.004207 0.987378 
0.250000 0.250000 0.250000 0.250000 
 234
0.479817 0.003424 0.046210 
0.462778 0.993004 0.462022 
0.057405 0.003572 0.491768 
0.005159 0.004207 0.979303 0.011330 
0.250000 0.250000 0.250000 0.250000 
 235
0.479817 0.003424 0.046210 
0.462778 0.993004 0.462022 
0.057405 0.003572 0.491768 
