%  SAM: /scicomp/groups/OID/NCIRD/ID-OD/ID_nomenclatures/label/LABEL_RES/scripts/modelfromalign_Linux v3.5 (July 15, 2005) compiled 12/08/06_16:15:55
%  (c) 1992-2001 Regents of the University of California, Santa Cruz
%
%          Sequence Alignment and Modeling Software System
%         http://www.cse.ucsc.edu/research/compbio/sam.html
%
% ----------------- Citations (SAM, SAM-T2K, HMMs) --------------------
% R. Hughey, A. Krogh, Hidden Markov models for sequence analysis:
%  Extension and analysis of the basic method, CABIOS 12:95-107, 1996.
% K. Karplus, et al., What is the value added by human intervention in protein
%  structure prediction, Proteins: Stucture, Function, Genetics 45(S5):86--91, 2001.
% A. Krogh et al., Hidden Markov models in computational biology:
%  Applications to protein modeling, JMB 235:1501-1531, Feb 1994.
% ---------------------------------------------------------------------
%  c-0-1-2-PERTH_hmm   Host: node16.hpc.biotech.cdc.gov    Mon Nov  7 17:30:56 2016
%  vfn4                Dir:  /scicomp/groups/OID/NCIRD/ID-OD/ID_nomenclatures/H3/versions/H3v2016R2
% ---------------------------------------------------------------------
%  Alignment weights from internal calc.  Total (31.75) Max (0.12) Min (0.02)
%  Weights from alignment method 1 (karplus), b=-1.000000, e=0.500000
MODEL --  Model from alignment file /scicomp/groups/OID/NCIRD/ID-OD/ID_nomenclatures/label/LABEL_RES/training_data/H3v2016R2/c-0-1-2-PERTH.fasta
alphabet DNA
FREQAVE
0.000000 0.000000 0.000000 
0.000000 0.000000 0.000000 
0.000000 0.000000 0.000000 
0.339148 0.220594 0.199898 0.240360 
0.339148 0.220594 0.199898 0.240360 
Begin
0.000000 0.000000 0.000000 
0.000000 0.000000 0.000000 
0.000000 0.005565 0.491768 
0.250000 0.250000 0.250000 0.250000 
0.250000 0.250000 0.250000 0.250000 
   1
0.000000 0.015578 0.046210 
0.000000 0.978857 0.462022 
0.051050 0.005623 0.491768 
0.976751 0.007750 0.007750 0.007750 
0.250000 0.250000 0.250000 0.250000 
   2
0.531411 0.005390 0.046210 
0.417539 0.988987 0.462022 
0.051358 0.005620 0.491768 
0.007743 0.007743 0.007743 0.976770 
0.250000 0.250000 0.250000 0.250000 
   3
0.534614 0.005387 0.046210 
0.414028 0.988994 0.462022 
0.051358 0.005620 0.491768 
0.007743 0.976770 0.007743 0.007743 
0.250000 0.250000 0.250000 0.250000 
   4
0.534614 0.005387 0.046210 
0.414028 0.988994 0.462022 
0.051358 0.005620 0.491768 
0.975620 0.008894 0.007743 0.007743 
0.250000 0.250000 0.250000 0.250000 
   5
0.534614 0.005387 0.046210 
0.414028 0.988994 0.462022 
0.051358 0.005620 0.491768 
0.970877 0.013637 0.007743 0.007743 
0.250000 0.250000 0.250000 0.250000 
   6
0.534614 0.005387 0.046210 
0.414028 0.988994 0.462022 
0.051358 0.005620 0.491768 
0.010392 0.974122 0.007743 0.007743 
0.250000 0.250000 0.250000 0.250000 
   7
0.529201 0.005387 0.046210 
0.419441 0.988994 0.462022 
0.051638 0.005617 0.491768 
0.975720 0.008805 0.007738 0.007738 
0.250000 0.250000 0.250000 0.250000 
   8
0.532081 0.005384 0.046210 
0.416281 0.988999 0.462022 
0.051638 0.005617 0.491768 
0.010023 0.007738 0.974502 0.007738 
0.250000 0.250000 0.250000 0.250000 
   9
0.519893 0.005384 0.046210 
0.428469 0.988999 0.462022 
0.052275 0.005610 0.491768 
0.007725 0.007725 0.012442 0.972108 
0.250000 0.250000 0.250000 0.250000 
  10
0.526308 0.005378 0.046210 
0.421418 0.989012 0.462022 
0.052275 0.005610 0.491768 
0.970045 0.011884 0.007725 0.010346 
0.250000 0.250000 0.250000 0.250000 
  11
0.520174 0.005378 0.046210 
0.427551 0.989012 0.462022 
0.052597 0.005607 0.491768 
0.007719 0.007719 0.009641 0.974922 
0.250000 0.250000 0.250000 0.250000 
  12
0.523384 0.005375 0.046210 
0.424018 0.989018 0.462022 
0.052597 0.005607 0.491768 
0.007719 0.007719 0.975751 0.008812 
0.250000 0.250000 0.250000 0.250000 
  13
0.523384 0.005375 0.046210 
0.424018 0.989018 0.462022 
0.052597 0.005607 0.491768 
0.975710 0.008853 0.007719 0.007719 
0.250000 0.250000 0.250000 0.250000 
  14
0.523384 0.005375 0.046210 
0.424018 0.989018 0.462022 
0.052597 0.005607 0.491768 
0.007719 0.007719 0.007719 0.976844 
0.250000 0.250000 0.250000 0.250000 
  15
0.523384 0.005375 0.046210 
0.424018 0.989018 0.462022 
0.052597 0.005607 0.491768 
0.007719 0.007719 0.009290 0.975273 
0.250000 0.250000 0.250000 0.250000 
  16
0.523384 0.005375 0.046210 
0.424018 0.989018 0.462022 
0.052597 0.005607 0.491768 
0.007719 0.976844 0.007719 0.007719 
0.250000 0.250000 0.250000 0.250000 
  17
0.518105 0.005375 0.046210 
0.429298 0.989018 0.462022 
0.052876 0.005605 0.491768 
0.007713 0.007713 0.976861 0.007713 
0.250000 0.250000 0.250000 0.250000 
  18
0.520855 0.005372 0.046210 
0.426269 0.989023 0.462022 
0.052876 0.005605 0.491768 
0.012235 0.007713 0.012310 0.967742 
0.250000 0.250000 0.250000 0.250000 
  19
0.520855 0.005372 0.046210 
0.426269 0.989023 0.462022 
0.052876 0.005605 0.491768 
0.007713 0.007713 0.009908 0.974665 
0.250000 0.250000 0.250000 0.250000 
  20
0.520855 0.005372 0.046210 
0.426269 0.989023 0.462022 
0.052876 0.005605 0.491768 
0.007713 0.007713 0.007713 0.976861 
0.250000 0.250000 0.250000 0.250000 
  21
0.520855 0.005372 0.046210 
0.426269 0.989023 0.462022 
0.052876 0.005605 0.491768 
0.007713 0.975775 0.007713 0.008799 
0.250000 0.250000 0.250000 0.250000 
  22
0.520855 0.005372 0.046210 
0.426269 0.989023 0.462022 
0.052876 0.005605 0.491768 
0.976861 0.007713 0.007713 0.007713 
0.250000 0.250000 0.250000 0.250000 
  23
0.520855 0.005372 0.046210 
0.426269 0.989023 0.462022 
0.052876 0.005605 0.491768 
0.007713 0.976861 0.007713 0.007713 
0.250000 0.250000 0.250000 0.250000 
  24
0.514948 0.005372 0.046210 
0.432176 0.989023 0.462022 
0.053191 0.005602 0.491768 
0.007707 0.007707 0.976879 0.007707 
0.250000 0.250000 0.250000 0.250000 
  25
0.518008 0.005370 0.046210 
0.428802 0.989029 0.462022 
0.053191 0.005602 0.491768 
0.009455 0.007707 0.011002 0.971836 
0.250000 0.250000 0.250000 0.250000 
  26
0.518008 0.005370 0.046210 
0.428802 0.989029 0.462022 
0.053191 0.005602 0.491768 
0.970248 0.013372 0.008673 0.007707 
0.250000 0.250000 0.250000 0.250000 
  27
0.518008 0.005370 0.046210 
0.428802 0.989029 0.462022 
0.053191 0.005602 0.491768 
0.007707 0.007707 0.976879 0.007707 
0.250000 0.250000 0.250000 0.250000 
  28
0.518008 0.005370 0.046210 
0.428802 0.989029 0.462022 
0.053191 0.005602 0.491768 
0.975350 0.007707 0.007707 0.009236 
0.250000 0.250000 0.250000 0.250000 
  29
0.518008 0.005370 0.046210 
0.428802 0.989029 0.462022 
0.053191 0.005602 0.491768 
0.009236 0.009809 0.012032 0.968923 
0.250000 0.250000 0.250000 0.250000 
  30
0.518008 0.005370 0.046210 
0.428802 0.989029 0.462022 
0.053191 0.005602 0.491768 
0.007707 0.009877 0.010171 0.972246 
0.250000 0.250000 0.250000 0.250000 
  31
0.518008 0.005370 0.046210 
0.428802 0.989029 0.462022 
0.053191 0.005602 0.491768 
0.009058 0.007707 0.975527 0.007707 
0.250000 0.250000 0.250000 0.250000 
  32
0.518008 0.005370 0.046210 
0.428802 0.989029 0.462022 
0.053191 0.005602 0.491768 
0.008882 0.007707 0.007707 0.975704 
0.250000 0.250000 0.250000 0.250000 
  33
0.518008 0.005370 0.046210 
0.428802 0.989029 0.462022 
0.053191 0.005602 0.491768 
0.972581 0.010992 0.008720 0.007707 
0.250000 0.250000 0.250000 0.250000 
  34
0.518008 0.005370 0.046210 
0.428802 0.989029 0.462022 
0.053191 0.005602 0.491768 
0.011075 0.007707 0.010046 0.971171 
0.250000 0.250000 0.250000 0.250000 
  35
0.518008 0.005370 0.046210 
0.428802 0.989029 0.462022 
0.053191 0.005602 0.491768 
0.009986 0.974600 0.007707 0.007707 
0.250000 0.250000 0.250000 0.250000 
  36
0.518008 0.005370 0.046210 
0.428802 0.989029 0.462022 
0.053191 0.005602 0.491768 
0.007707 0.009058 0.011978 0.971256 
0.250000 0.250000 0.250000 0.250000 
  37
0.518008 0.005370 0.046210 
0.428802 0.989029 0.462022 
0.053191 0.005602 0.491768 
0.012464 0.007707 0.964173 0.015656 
0.250000 0.250000 0.250000 0.250000 
  38
0.518008 0.005370 0.046210 
0.428802 0.989029 0.462022 
0.053191 0.005602 0.491768 
0.008947 0.007707 0.010845 0.972501 
0.250000 0.250000 0.250000 0.250000 
  39
0.518008 0.005370 0.046210 
0.428802 0.989029 0.462022 
0.053191 0.005602 0.491768 
0.015062 0.968096 0.007707 0.009135 
0.250000 0.250000 0.250000 0.250000 
  40
0.518008 0.005370 0.046210 
0.428802 0.989029 0.462022 
0.053191 0.005602 0.491768 
0.011528 0.973058 0.007707 0.007707 
0.250000 0.250000 0.250000 0.250000 
  41
0.518008 0.005370 0.046210 
0.428802 0.989029 0.462022 
0.053191 0.005602 0.491768 
0.007707 0.008687 0.010771 0.972835 
0.250000 0.250000 0.250000 0.250000 
  42
0.518008 0.005370 0.046210 
0.428802 0.989029 0.462022 
0.053191 0.005602 0.491768 
0.007707 0.008673 0.014064 0.969555 
0.250000 0.250000 0.250000 0.250000 
  43
0.518008 0.005370 0.046210 
0.428802 0.989029 0.462022 
0.053191 0.005602 0.491768 
0.007707 0.007707 0.009083 0.975503 
0.250000 0.250000 0.250000 0.250000 
  44
0.518008 0.005370 0.046210 
0.428802 0.989029 0.462022 
0.053191 0.005602 0.491768 
0.007707 0.007707 0.011126 0.973460 
0.250000 0.250000 0.250000 0.250000 
  45
0.518008 0.005370 0.046210 
0.428802 0.989029 0.462022 
0.053191 0.005602 0.491768 
0.007707 0.007707 0.968754 0.015831 
0.250000 0.250000 0.250000 0.250000 
  46
0.518008 0.005370 0.046210 
0.428802 0.989029 0.462022 
0.053191 0.005602 0.491768 
0.017154 0.964751 0.009133 0.008963 
0.250000 0.250000 0.250000 0.250000 
  47
0.518008 0.005370 0.046210 
0.428802 0.989029 0.462022 
0.053191 0.005602 0.491768 
0.007707 0.007707 0.976879 0.007707 
0.250000 0.250000 0.250000 0.250000 
  48
0.518008 0.005370 0.046210 
0.428802 0.989029 0.462022 
0.053191 0.005602 0.491768 
0.008824 0.007707 0.010842 0.972627 
0.250000 0.250000 0.250000 0.250000 
  49
0.444590 0.005370 0.046210 
0.502219 0.989029 0.462022 
0.057405 0.005565 0.491768 
0.008893 0.007634 0.975839 0.007634 
0.250000 0.250000 0.250000 0.250000 
  50
0.479817 0.005335 0.046210 
0.462778 0.989100 0.462022 
0.057405 0.005565 0.491768 
0.977099 0.007634 0.007634 0.007634 
0.250000 0.250000 0.250000 0.250000 
  51
0.479817 0.005335 0.046210 
0.462778 0.989100 0.462022 
0.057405 0.005565 0.491768 
0.972691 0.010636 0.009040 0.007634 
0.250000 0.250000 0.250000 0.250000 
  52
0.479817 0.005335 0.046210 
0.462778 0.989100 0.462022 
0.057405 0.005565 0.491768 
0.975922 0.008811 0.007634 0.007634 
0.250000 0.250000 0.250000 0.250000 
  53
0.479817 0.005335 0.046210 
0.462778 0.989100 0.462022 
0.057405 0.005565 0.491768 
0.977099 0.007634 0.007634 0.007634 
0.250000 0.250000 0.250000 0.250000 
  54
0.479817 0.005335 0.046210 
0.462778 0.989100 0.462022 
0.057405 0.005565 0.491768 
0.972691 0.012041 0.007634 0.007634 
0.250000 0.250000 0.250000 0.250000 
  55
0.479817 0.005335 0.046210 
0.462778 0.989100 0.462022 
0.057405 0.005565 0.491768 
0.041803 0.007634 0.917502 0.033061 
0.250000 0.250000 0.250000 0.250000 
  56
0.479817 0.005335 0.046210 
0.462778 0.989100 0.462022 
0.057405 0.005565 0.491768 
0.007634 0.007634 0.007634 0.977099 
0.250000 0.250000 0.250000 0.250000 
  57
0.479817 0.005335 0.046210 
0.462778 0.989100 0.462022 
0.057405 0.005565 0.491768 
0.007634 0.007634 0.013531 0.971202 
0.250000 0.250000 0.250000 0.250000 
  58
0.479817 0.005335 0.046210 
0.462778 0.989100 0.462022 
0.057405 0.005565 0.491768 
0.008540 0.007634 0.973890 0.009936 
0.250000 0.250000 0.250000 0.250000 
  59
0.479817 0.005335 0.046210 
0.462778 0.989100 0.462022 
0.057405 0.005565 0.491768 
0.007634 0.007634 0.977099 0.007634 
0.250000 0.250000 0.250000 0.250000 
  60
0.479817 0.005335 0.046210 
0.462778 0.989100 0.462022 
0.057405 0.005565 0.491768 
0.007634 0.009048 0.092253 0.891066 
0.250000 0.250000 0.250000 0.250000 
  61
0.479817 0.005335 0.046210 
0.462778 0.989100 0.462022 
0.057405 0.005565 0.491768 
0.008988 0.975744 0.007634 0.007634 
0.250000 0.250000 0.250000 0.250000 
  62
0.479817 0.005335 0.046210 
0.462778 0.989100 0.462022 
0.057405 0.005565 0.491768 
0.015774 0.968946 0.007640 0.007640 
0.250000 0.250000 0.250000 0.250000 
  63
0.479817 0.005335 0.046210 
0.462778 0.989100 0.462022 
0.057405 0.005565 0.491768 
0.975072 0.009660 0.007634 0.007634 
0.250000 0.250000 0.250000 0.250000 
  64
0.479817 0.005335 0.046210 
0.462778 0.989100 0.462022 
0.057405 0.005565 0.491768 
0.974757 0.009975 0.007634 0.007634 
0.250000 0.250000 0.250000 0.250000 
  65
0.479817 0.005335 0.046210 
0.462778 0.989100 0.462022 
0.057405 0.005565 0.491768 
0.961257 0.013408 0.007634 0.017702 
0.250000 0.250000 0.250000 0.250000 
  66
0.479817 0.005335 0.046210 
0.462778 0.989100 0.462022 
0.057405 0.005565 0.491768 
0.007634 0.007634 0.009520 0.975213 
0.250000 0.250000 0.250000 0.250000 
  67
0.479817 0.005335 0.046210 
0.462778 0.989100 0.462022 
0.057405 0.005565 0.491768 
0.009475 0.973397 0.007634 0.009494 
0.250000 0.250000 0.250000 0.250000 
  68
0.479817 0.005335 0.046210 
0.462778 0.989100 0.462022 
0.057405 0.005565 0.491768 
0.975923 0.008809 0.007634 0.007634 
0.250000 0.250000 0.250000 0.250000 
  69
0.479817 0.005335 0.046210 
0.462778 0.989100 0.462022 
0.057405 0.005565 0.491768 
0.007634 0.007634 0.977099 0.007634 
0.250000 0.250000 0.250000 0.250000 
  70
0.479817 0.005335 0.046210 
0.462778 0.989100 0.462022 
0.057405 0.005565 0.491768 
0.974021 0.010711 0.007634 0.007634 
0.250000 0.250000 0.250000 0.250000 
  71
0.479817 0.005335 0.046210 
0.462778 0.989100 0.462022 
0.057405 0.005565 0.491768 
0.977099 0.007634 0.007634 0.007634 
0.250000 0.250000 0.250000 0.250000 
  72
0.479817 0.005335 0.046210 
0.462778 0.989100 0.462022 
0.057405 0.005565 0.491768 
0.007634 0.007634 0.974582 0.010150 
0.250000 0.250000 0.250000 0.250000 
  73
0.479817 0.005335 0.046210 
0.462778 0.989100 0.462022 
0.057405 0.005565 0.491768 
0.973367 0.011366 0.007634 0.007634 
0.250000 0.250000 0.250000 0.250000 
  74
0.479817 0.005335 0.046210 
0.462778 0.989100 0.462022 
0.057405 0.005565 0.491768 
0.014405 0.970327 0.007634 0.007634 
0.250000 0.250000 0.250000 0.250000 
  75
0.479817 0.005335 0.046210 
0.462778 0.989100 0.462022 
0.057405 0.005565 0.491768 
0.007634 0.007634 0.974768 0.009964 
0.250000 0.250000 0.250000 0.250000 
  76
0.479817 0.005335 0.046210 
0.462778 0.989100 0.462022 
0.057405 0.005565 0.491768 
0.975693 0.007634 0.007634 0.009040 
0.250000 0.250000 0.250000 0.250000 
  77
0.479817 0.005335 0.046210 
0.462778 0.989100 0.462022 
0.057405 0.005565 0.491768 
0.007634 0.007634 0.972389 0.012343 
0.250000 0.250000 0.250000 0.250000 
  78
0.479817 0.005335 0.046210 
0.462778 0.989100 0.462022 
0.057405 0.005565 0.491768 
0.010523 0.970932 0.007634 0.010911 
0.250000 0.250000 0.250000 0.250000 
  79
0.479817 0.005335 0.046210 
0.462778 0.989100 0.462022 
0.057405 0.005565 0.491768 
0.007634 0.977099 0.007634 0.007634 
0.250000 0.250000 0.250000 0.250000 
  80
0.479817 0.005335 0.046210 
0.462778 0.989100 0.462022 
0.057405 0.005565 0.491768 
0.007634 0.007634 0.977099 0.007634 
0.250000 0.250000 0.250000 0.250000 
  81
0.479817 0.005335 0.046210 
0.462778 0.989100 0.462022 
0.057405 0.005565 0.491768 
0.974913 0.009819 0.007634 0.007634 
0.250000 0.250000 0.250000 0.250000 
  82
0.479817 0.005335 0.046210 
0.462778 0.989100 0.462022 
0.057405 0.005565 0.491768 
0.977076 0.007641 0.007641 0.007641 
0.250000 0.250000 0.250000 0.250000 
  83
0.479817 0.005335 0.046210 
0.462778 0.989100 0.462022 
0.057405 0.005565 0.491768 
0.019688 0.007634 0.963659 0.009019 
0.250000 0.250000 0.250000 0.250000 
  84
0.479817 0.005335 0.046210 
0.462778 0.989100 0.462022 
0.057405 0.005565 0.491768 
0.014120 0.968525 0.007640 0.009715 
0.250000 0.250000 0.250000 0.250000 
  85
0.479817 0.005335 0.046210 
0.462778 0.989100 0.462022 
0.057405 0.005565 0.491768 
0.007634 0.007634 0.977099 0.007634 
0.250000 0.250000 0.250000 0.250000 
  86
0.479817 0.005335 0.046210 
0.462778 0.989100 0.462022 
0.057405 0.005565 0.491768 
0.007634 0.007634 0.007634 0.977099 
0.250000 0.250000 0.250000 0.250000 
  87
0.479817 0.005335 0.046210 
0.462778 0.989100 0.462022 
0.057405 0.005565 0.491768 
0.009645 0.974169 0.007639 0.008546 
0.250000 0.250000 0.250000 0.250000 
  88
0.479817 0.005335 0.046210 
0.462778 0.989100 0.462022 
0.057405 0.005565 0.491768 
0.007634 0.007634 0.007634 0.977099 
0.250000 0.250000 0.250000 0.250000 
  89
0.479817 0.005335 0.046210 
0.462778 0.989100 0.462022 
0.057405 0.005565 0.491768 
0.007634 0.977099 0.007634 0.007634 
0.250000 0.250000 0.250000 0.250000 
  90
0.479817 0.005335 0.046210 
0.462778 0.989100 0.462022 
0.057405 0.005565 0.491768 
0.007634 0.007634 0.975999 0.008734 
0.250000 0.250000 0.250000 0.250000 
  91
0.479817 0.005335 0.046210 
0.462778 0.989100 0.462022 
0.057405 0.005565 0.491768 
0.010398 0.007634 0.973450 0.008519 
0.250000 0.250000 0.250000 0.250000 
  92
0.479817 0.005335 0.046210 
0.462778 0.989100 0.462022 
0.057405 0.005565 0.491768 
0.007634 0.007634 0.007634 0.977099 
0.250000 0.250000 0.250000 0.250000 
  93
0.479817 0.005335 0.046210 
0.462778 0.989100 0.462022 
0.057405 0.005565 0.491768 
0.007634 0.007634 0.009879 0.974854 
0.250000 0.250000 0.250000 0.250000 
  94
0.479817 0.005335 0.046210 
0.462778 0.989100 0.462022 
0.057405 0.005565 0.491768 
0.007634 0.977099 0.007634 0.007634 
0.250000 0.250000 0.250000 0.250000 
  95
0.479817 0.005335 0.046210 
0.462778 0.989100 0.462022 
0.057405 0.005565 0.491768 
0.007634 0.977099 0.007634 0.007634 
0.250000 0.250000 0.250000 0.250000 
  96
0.479817 0.005335 0.046210 
0.462778 0.989100 0.462022 
0.057405 0.005565 0.491768 
0.010483 0.974249 0.007634 0.007634 
0.250000 0.250000 0.250000 0.250000 
  97
0.479817 0.005335 0.046210 
0.462778 0.989100 0.462022 
0.057405 0.005565 0.491768 
0.007634 0.007634 0.977099 0.007634 
0.250000 0.250000 0.250000 0.250000 
  98
0.479817 0.005335 0.046210 
0.462778 0.989100 0.462022 
0.057405 0.005565 0.491768 
0.977099 0.007634 0.007634 0.007634 
0.250000 0.250000 0.250000 0.250000 
  99
0.479817 0.005335 0.046210 
0.462778 0.989100 0.462022 
0.057405 0.005565 0.491768 
0.007640 0.007640 0.966359 0.018362 
0.250000 0.250000 0.250000 0.250000 
 100
0.479817 0.005335 0.046210 
0.462778 0.989100 0.462022 
0.057405 0.005565 0.491768 
0.007634 0.007634 0.977099 0.007634 
0.250000 0.250000 0.250000 0.250000 
 101
0.479817 0.005335 0.046210 
0.462778 0.989100 0.462022 
0.057405 0.005565 0.491768 
0.977099 0.007634 0.007634 0.007634 
0.250000 0.250000 0.250000 0.250000 
 102
0.479817 0.005335 0.046210 
0.462778 0.989100 0.462022 
0.057405 0.005565 0.491768 
0.007634 0.007634 0.009886 0.974847 
0.250000 0.250000 0.250000 0.250000 
 103
0.479817 0.005335 0.046210 
0.462778 0.989100 0.462022 
0.057405 0.005565 0.491768 
0.007634 0.977099 0.007634 0.007634 
0.250000 0.250000 0.250000 0.250000 
 104
0.479817 0.005335 0.046210 
0.462778 0.989100 0.462022 
0.057405 0.005565 0.491768 
0.007634 0.007634 0.977099 0.007634 
0.250000 0.250000 0.250000 0.250000 
 105
0.479817 0.005335 0.046210 
0.462778 0.989100 0.462022 
0.057405 0.005565 0.491768 
0.975737 0.008996 0.007634 0.007634 
0.250000 0.250000 0.250000 0.250000 
 106
0.479817 0.005335 0.046210 
0.462778 0.989100 0.462022 
0.057405 0.005565 0.491768 
0.009871 0.974862 0.007634 0.007634 
0.250000 0.250000 0.250000 0.250000 
 107
0.479817 0.005335 0.046210 
0.462778 0.989100 0.462022 
0.057405 0.005565 0.491768 
0.007634 0.007634 0.007634 0.977099 
0.250000 0.250000 0.250000 0.250000 
 108
0.479817 0.005335 0.046210 
0.462778 0.989100 0.462022 
0.057405 0.005565 0.491768 
0.975004 0.008839 0.008522 0.007634 
0.250000 0.250000 0.250000 0.250000 
 109
0.479817 0.005335 0.046210 
0.462778 0.989100 0.462022 
0.057405 0.005565 0.491768 
0.007634 0.007634 0.977099 0.007634 
0.250000 0.250000 0.250000 0.250000 
 110
0.479817 0.005335 0.046210 
0.462778 0.989100 0.462022 
0.057405 0.005565 0.491768 
0.007634 0.007634 0.977099 0.007634 
0.250000 0.250000 0.250000 0.250000 
 111
0.479817 0.005335 0.046210 
0.462778 0.989100 0.462022 
0.057405 0.005565 0.491768 
0.974791 0.009941 0.007634 0.007634 
0.250000 0.250000 0.250000 0.250000 
 112
0.479817 0.005335 0.046210 
0.462778 0.989100 0.462022 
0.057405 0.005565 0.491768 
0.977099 0.007634 0.007634 0.007634 
0.250000 0.250000 0.250000 0.250000 
 113
0.479817 0.005335 0.046210 
0.462778 0.989100 0.462022 
0.057405 0.005565 0.491768 
0.976008 0.007634 0.008725 0.007634 
0.250000 0.250000 0.250000 0.250000 
 114
0.479817 0.005335 0.046210 
0.462778 0.989100 0.462022 
0.057405 0.005565 0.491768 
0.007634 0.007634 0.970367 0.014365 
0.250000 0.250000 0.250000 0.250000 
 115
0.479817 0.005335 0.046210 
0.462778 0.989100 0.462022 
0.057405 0.005565 0.491768 
0.007634 0.977099 0.007634 0.007634 
0.250000 0.250000 0.250000 0.250000 
 116
0.479817 0.005335 0.046210 
0.462778 0.989100 0.462022 
0.057405 0.005565 0.491768 
0.007634 0.977099 0.007634 0.007634 
0.250000 0.250000 0.250000 0.250000 
 117
0.479817 0.005335 0.046210 
0.462778 0.989100 0.462022 
0.057405 0.005565 0.491768 
0.956923 0.025841 0.007634 0.009603 
0.250000 0.250000 0.250000 0.250000 
 118
0.479817 0.005335 0.046210 
0.462778 0.989100 0.462022 
0.057405 0.005565 0.491768 
0.977099 0.007634 0.007634 0.007634 
0.250000 0.250000 0.250000 0.250000 
 119
0.479817 0.005335 0.046210 
0.462778 0.989100 0.462022 
0.057405 0.005565 0.491768 
0.007634 0.007634 0.977099 0.007634 
0.250000 0.250000 0.250000 0.250000 
 120
0.479817 0.005335 0.046210 
0.462778 0.989100 0.462022 
0.057405 0.005565 0.491768 
0.046232 0.938501 0.007634 0.007634 
0.250000 0.250000 0.250000 0.250000 
 121
0.479817 0.005335 0.046210 
0.462778 0.989100 0.462022 
0.057405 0.005565 0.491768 
0.959907 0.021108 0.007634 0.011352 
0.250000 0.250000 0.250000 0.250000 
 122
0.479817 0.005335 0.046210 
0.462778 0.989100 0.462022 
0.057405 0.005565 0.491768 
0.007634 0.007634 0.007634 0.977099 
0.250000 0.250000 0.250000 0.250000 
 123
0.479817 0.005335 0.046210 
0.462778 0.989100 0.462022 
0.057405 0.005565 0.491768 
0.975803 0.008930 0.007634 0.007634 
0.250000 0.250000 0.250000 0.250000 
 124
0.479817 0.005335 0.046210 
0.462778 0.989100 0.462022 
0.057405 0.005565 0.491768 
0.007634 0.977099 0.007634 0.007634 
0.250000 0.250000 0.250000 0.250000 
 125
0.479817 0.005335 0.046210 
0.462778 0.989100 0.462022 
0.057405 0.005565 0.491768 
0.007634 0.007634 0.007634 0.977099 
0.250000 0.250000 0.250000 0.250000 
 126
0.479817 0.005335 0.046210 
0.462778 0.989100 0.462022 
0.057405 0.005565 0.491768 
0.008914 0.975818 0.007634 0.007634 
0.250000 0.250000 0.250000 0.250000 
 127
0.479817 0.005335 0.046210 
0.462778 0.989100 0.462022 
0.057405 0.005565 0.491768 
0.977099 0.007634 0.007634 0.007634 
0.250000 0.250000 0.250000 0.250000 
 128
0.479817 0.005335 0.046210 
0.462778 0.989100 0.462022 
0.057405 0.005565 0.491768 
0.975876 0.008856 0.007634 0.007634 
0.250000 0.250000 0.250000 0.250000 
 129
0.479817 0.005335 0.046210 
0.462778 0.989100 0.462022 
0.057405 0.005565 0.491768 
0.977099 0.007634 0.007634 0.007634 
0.250000 0.250000 0.250000 0.250000 
 130
0.479817 0.005335 0.046210 
0.462778 0.989100 0.462022 
0.057405 0.005565 0.491768 
0.977099 0.007634 0.007634 0.007634 
0.250000 0.250000 0.250000 0.250000 
 131
0.479817 0.005335 0.046210 
0.462778 0.989100 0.462022 
0.057405 0.005565 0.491768 
0.007634 0.007634 0.977099 0.007634 
0.250000 0.250000 0.250000 0.250000 
 132
0.479817 0.005335 0.046210 
0.462778 0.989100 0.462022 
0.057405 0.005565 0.491768 
0.975930 0.007634 0.008802 0.007634 
0.250000 0.250000 0.250000 0.250000 
 133
0.479817 0.005335 0.046210 
0.462778 0.989100 0.462022 
0.057405 0.005565 0.491768 
0.977099 0.007634 0.007634 0.007634 
0.250000 0.250000 0.250000 0.250000 
 134
0.479817 0.005335 0.046210 
0.462778 0.989100 0.462022 
0.057405 0.005565 0.491768 
0.007634 0.007634 0.007634 0.977099 
0.250000 0.250000 0.250000 0.250000 
 135
0.479817 0.005335 0.046210 
0.462778 0.989100 0.462022 
0.057405 0.005565 0.491768 
0.019868 0.007634 0.961996 0.010502 
0.250000 0.250000 0.250000 0.250000 
 136
0.479817 0.005335 0.046210 
0.462778 0.989100 0.462022 
0.057405 0.005565 0.491768 
0.975679 0.009053 0.007634 0.007634 
0.250000 0.250000 0.250000 0.250000 
 137
0.479817 0.005335 0.046210 
0.462778 0.989100 0.462022 
0.057405 0.005565 0.491768 
0.007634 0.007634 0.976059 0.008673 
0.250000 0.250000 0.250000 0.250000 
 138
0.479817 0.005335 0.046210 
0.462778 0.989100 0.462022 
0.057405 0.005565 0.491768 
0.018278 0.959342 0.007641 0.014738 
0.250000 0.250000 0.250000 0.250000 
 139
0.479817 0.005335 0.046210 
0.462778 0.989100 0.462022 
0.057405 0.005565 0.491768 
0.976078 0.008654 0.007634 0.007634 
0.250000 0.250000 0.250000 0.250000 
 140
0.479817 0.005335 0.046210 
0.462778 0.989100 0.462022 
0.057405 0.005565 0.491768 
0.973536 0.011196 0.007634 0.007634 
0.250000 0.250000 0.250000 0.250000 
 141
0.479817 0.005335 0.046210 
0.462778 0.989100 0.462022 
0.057405 0.005565 0.491768 
0.007634 0.007634 0.011810 0.972922 
0.250000 0.250000 0.250000 0.250000 
 142
0.479817 0.005335 0.046210 
0.462778 0.989100 0.462022 
0.057405 0.005565 0.491768 
0.007634 0.977099 0.007634 0.007634 
0.250000 0.250000 0.250000 0.250000 
 143
0.479817 0.005335 0.046210 
0.462778 0.989100 0.462022 
0.057405 0.005565 0.491768 
0.977099 0.007634 0.007634 0.007634 
0.250000 0.250000 0.250000 0.250000 
 144
0.479817 0.005335 0.046210 
0.462778 0.989100 0.462022 
0.057405 0.005565 0.491768 
0.007634 0.007634 0.977099 0.007634 
0.250000 0.250000 0.250000 0.250000 
 145
0.479817 0.005335 0.046210 
0.462778 0.989100 0.462022 
0.057405 0.005565 0.491768 
0.010554 0.007634 0.974178 0.007634 
0.250000 0.250000 0.250000 0.250000 
 146
0.479817 0.005335 0.046210 
0.462778 0.989100 0.462022 
0.057405 0.005565 0.491768 
0.974909 0.009823 0.007634 0.007634 
0.250000 0.250000 0.250000 0.250000 
 147
0.479817 0.005335 0.046210 
0.462778 0.989100 0.462022 
0.057405 0.005565 0.491768 
0.976029 0.008704 0.007634 0.007634 
0.250000 0.250000 0.250000 0.250000 
 148
0.479817 0.005335 0.046210 
0.462778 0.989100 0.462022 
0.057405 0.005565 0.491768 
0.975210 0.009522 0.007634 0.007634 
0.250000 0.250000 0.250000 0.250000 
 149
0.479817 0.005335 0.046210 
0.462778 0.989100 0.462022 
0.057405 0.005565 0.491768 
0.007634 0.007634 0.008644 0.976089 
0.250000 0.250000 0.250000 0.250000 
 150
0.479817 0.005335 0.046210 
0.462778 0.989100 0.462022 
0.057405 0.005565 0.491768 
0.007634 0.007634 0.009895 0.974837 
0.250000 0.250000 0.250000 0.250000 
 151
0.479817 0.005335 0.046210 
0.462778 0.989100 0.462022 
0.057405 0.005565 0.491768 
0.007634 0.977099 0.007634 0.007634 
0.250000 0.250000 0.250000 0.250000 
 152
0.479817 0.005335 0.046210 
0.462778 0.989100 0.462022 
0.057405 0.005565 0.491768 
0.977099 0.007634 0.007634 0.007634 
0.250000 0.250000 0.250000 0.250000 
 153
0.479817 0.005335 0.046210 
0.462778 0.989100 0.462022 
0.057405 0.005565 0.491768 
0.969346 0.015387 0.007634 0.007634 
0.250000 0.250000 0.250000 0.250000 
 154
0.479817 0.005335 0.046210 
0.462778 0.989100 0.462022 
0.057405 0.005565 0.491768 
0.007634 0.977099 0.007634 0.007634 
0.250000 0.250000 0.250000 0.250000 
 155
0.479817 0.005335 0.046210 
0.462778 0.989100 0.462022 
0.057405 0.005565 0.491768 
0.007634 0.007634 0.007634 0.977099 
0.250000 0.250000 0.250000 0.250000 
 156
0.479817 0.005335 0.046210 
0.462778 0.989100 0.462022 
0.057405 0.005565 0.491768 
0.007634 0.007634 0.009307 0.975425 
0.250000 0.250000 0.250000 0.250000 
 157
0.479817 0.005335 0.046210 
0.462778 0.989100 0.462022 
0.057405 0.005565 0.491768 
0.977099 0.007634 0.007634 0.007634 
0.250000 0.250000 0.250000 0.250000 
 158
0.479817 0.005335 0.046210 
0.462778 0.989100 0.462022 
0.057405 0.005565 0.491768 
0.007634 0.007634 0.977099 0.007634 
0.250000 0.250000 0.250000 0.250000 
 159
0.479817 0.005335 0.046210 
0.462778 0.989100 0.462022 
0.057405 0.005565 0.491768 
0.007634 0.008517 0.021676 0.962173 
0.250000 0.250000 0.250000 0.250000 
 160
0.479817 0.005335 0.046210 
0.462778 0.989100 0.462022 
0.057405 0.005565 0.491768 
0.975612 0.007634 0.007634 0.009121 
0.250000 0.250000 0.250000 0.250000 
 161
0.479817 0.005335 0.046210 
0.462778 0.989100 0.462022 
0.057405 0.005565 0.491768 
0.977099 0.007634 0.007634 0.007634 
0.250000 0.250000 0.250000 0.250000 
 162
0.479817 0.005335 0.046210 
0.462778 0.989100 0.462022 
0.057405 0.005565 0.491768 
0.007634 0.007634 0.010697 0.974035 
0.250000 0.250000 0.250000 0.250000 
 163
0.479817 0.005335 0.046210 
0.462778 0.989100 0.462022 
0.057405 0.005565 0.491768 
0.007634 0.977099 0.007634 0.007634 
0.250000 0.250000 0.250000 0.250000 
 164
0.479817 0.005335 0.046210 
0.462778 0.989100 0.462022 
0.057405 0.005565 0.491768 
0.007634 0.007634 0.977099 0.007634 
0.250000 0.250000 0.250000 0.250000 
 165
0.479817 0.005335 0.046210 
0.462778 0.989100 0.462022 
0.057405 0.005565 0.491768 
0.007634 0.007634 0.010317 0.974415 
0.250000 0.250000 0.250000 0.250000 
 166
0.479817 0.005335 0.046210 
0.462778 0.989100 0.462022 
0.057405 0.005565 0.491768 
0.974530 0.010203 0.007634 0.007634 
0.250000 0.250000 0.250000 0.250000 
 167
0.479817 0.005335 0.046210 
0.462778 0.989100 0.462022 
0.057405 0.005565 0.491768 
0.007634 0.007634 0.977099 0.007634 
0.250000 0.250000 0.250000 0.250000 
 168
0.479817 0.005335 0.046210 
0.462778 0.989100 0.462022 
0.057405 0.005565 0.491768 
0.007634 0.009783 0.011607 0.970976 
0.250000 0.250000 0.250000 0.250000 
 169
0.479817 0.005335 0.046210 
0.462778 0.989100 0.462022 
0.057405 0.005565 0.491768 
0.007634 0.977099 0.007634 0.007634 
0.250000 0.250000 0.250000 0.250000 
 170
0.479817 0.005335 0.046210 
0.462778 0.989100 0.462022 
0.057405 0.005565 0.491768 
0.977099 0.007634 0.007634 0.007634 
0.250000 0.250000 0.250000 0.250000 
 171
0.479817 0.005335 0.046210 
0.462778 0.989100 0.462022 
0.057405 0.005565 0.491768 
0.018703 0.966030 0.007634 0.007634 
0.250000 0.250000 0.250000 0.250000 
 172
0.479817 0.005335 0.046210 
0.462778 0.989100 0.462022 
0.057405 0.005565 0.491768 
0.007634 0.007634 0.975737 0.008995 
0.250000 0.250000 0.250000 0.250000 
 173
0.479817 0.005335 0.046210 
0.462778 0.989100 0.462022 
0.057405 0.005565 0.491768 
0.007634 0.007634 0.007634 0.977099 
0.250000 0.250000 0.250000 0.250000 
 174
0.479817 0.005335 0.046210 
0.462778 0.989100 0.462022 
0.057405 0.005565 0.491768 
0.009912 0.973932 0.007634 0.008522 
0.250000 0.250000 0.250000 0.250000 
 175
0.479817 0.005335 0.046210 
0.462778 0.989100 0.462022 
0.057405 0.005565 0.491768 
0.009535 0.975197 0.007634 0.007634 
0.250000 0.250000 0.250000 0.250000 
 176
0.479817 0.005335 0.046210 
0.462778 0.989100 0.462022 
0.057405 0.005565 0.491768 
0.007634 0.007634 0.007634 0.977099 
0.250000 0.250000 0.250000 0.250000 
 177
0.479817 0.005335 0.046210 
0.462778 0.989100 0.462022 
0.057405 0.005565 0.491768 
0.007634 0.007634 0.008641 0.976092 
0.250000 0.250000 0.250000 0.250000 
 178
0.479817 0.005335 0.046210 
0.462778 0.989100 0.462022 
0.057405 0.005565 0.491768 
0.007634 0.007634 0.977099 0.007634 
0.250000 0.250000 0.250000 0.250000 
 179
0.479817 0.005335 0.046210 
0.462778 0.989100 0.462022 
0.057405 0.005565 0.491768 
0.977099 0.007634 0.007634 0.007634 
0.250000 0.250000 0.250000 0.250000 
 180
0.479817 0.005335 0.046210 
0.462778 0.989100 0.462022 
0.057405 0.005565 0.491768 
0.009603 0.973972 0.007634 0.008792 
0.250000 0.250000 0.250000 0.250000 
 181
0.479817 0.005335 0.046210 
0.462778 0.989100 0.462022 
0.057405 0.005565 0.491768 
0.977099 0.007634 0.007634 0.007634 
0.250000 0.250000 0.250000 0.250000 
 182
0.479817 0.005335 0.046210 
0.462778 0.989100 0.462022 
0.057405 0.005565 0.491768 
0.022343 0.955133 0.008672 0.013852 
0.250000 0.250000 0.250000 0.250000 
 183
0.479817 0.005335 0.046210 
0.462778 0.989100 0.462022 
0.057405 0.005565 0.491768 
0.007634 0.007634 0.011770 0.972963 
0.250000 0.250000 0.250000 0.250000 
 184
0.479817 0.005335 0.046210 
0.462778 0.989100 0.462022 
0.057405 0.005565 0.491768 
0.007634 0.007634 0.007634 0.977099 
0.250000 0.250000 0.250000 0.250000 
 185
0.479817 0.005335 0.046210 
0.462778 0.989100 0.462022 
0.057405 0.005565 0.491768 
0.007634 0.007634 0.974939 0.009793 
0.250000 0.250000 0.250000 0.250000 
 186
0.479817 0.005335 0.046210 
0.462778 0.989100 0.462022 
0.057405 0.005565 0.491768 
0.009889 0.007634 0.905649 0.076828 
0.250000 0.250000 0.250000 0.250000 
 187
0.479817 0.005335 0.046210 
0.462778 0.989100 0.462022 
0.057405 0.005565 0.491768 
0.007634 0.007634 0.007634 0.977099 
0.250000 0.250000 0.250000 0.250000 
 188
0.479817 0.005335 0.046210 
0.462778 0.989100 0.462022 
0.057405 0.005565 0.491768 
0.007634 0.007634 0.976101 0.008632 
0.250000 0.250000 0.250000 0.250000 
 189
0.479817 0.005335 0.046210 
0.462778 0.989100 0.462022 
0.057405 0.005565 0.491768 
0.977099 0.007634 0.007634 0.007634 
0.250000 0.250000 0.250000 0.250000 
 190
0.479817 0.005335 0.046210 
0.462778 0.989100 0.462022 
0.057405 0.005565 0.491768 
0.975766 0.008966 0.007634 0.007634 
0.250000 0.250000 0.250000 0.250000 
 191
0.479817 0.005335 0.046210 
0.462778 0.989100 0.462022 
0.057405 0.005565 0.491768 
0.010426 0.008818 0.972146 0.008609 
0.250000 0.250000 0.250000 0.250000 
 192
0.479817 0.005335 0.046210 
0.462778 0.989100 0.462022 
0.057405 0.005565 0.491768 
0.975856 0.008877 0.007634 0.007634 
0.250000 0.250000 0.250000 0.250000 
 193
0.479817 0.005335 0.046210 
0.462778 0.989100 0.462022 
0.057405 0.005565 0.491768 
0.007634 0.977099 0.007634 0.007634 
0.250000 0.250000 0.250000 0.250000 
 194
0.479817 0.005335 0.046210 
0.462778 0.989100 0.462022 
0.057405 0.005565 0.491768 
0.013253 0.971479 0.007634 0.007634 
0.250000 0.250000 0.250000 0.250000 
 195
0.479817 0.005335 0.046210 
0.462778 0.989100 0.462022 
0.057405 0.005565 0.491768 
0.007634 0.007634 0.007634 0.977099 
0.250000 0.250000 0.250000 0.250000 
 196
0.479817 0.005335 0.046210 
0.462778 0.989100 0.462022 
0.057405 0.005565 0.491768 
0.065430 0.917389 0.009547 0.007634 
0.250000 0.250000 0.250000 0.250000 
 197
0.479817 0.005335 0.046210 
0.462778 0.989100 0.462022 
0.057405 0.005565 0.491768 
0.931577 0.053156 0.007634 0.007634 
0.250000 0.250000 0.250000 0.250000 
 198
0.479817 0.005335 0.046210 
0.462778 0.989100 0.462022 
0.057405 0.005565 0.491768 
0.974841 0.009891 0.007634 0.007634 
0.250000 0.250000 0.250000 0.250000 
 199
0.479817 0.005335 0.046210 
0.462778 0.989100 0.462022 
0.057405 0.005565 0.491768 
0.977099 0.007634 0.007634 0.007634 
0.250000 0.250000 0.250000 0.250000 
 200
0.479817 0.005335 0.046210 
0.462778 0.989100 0.462022 
0.057405 0.005565 0.491768 
0.007634 0.007634 0.007634 0.977099 
0.250000 0.250000 0.250000 0.250000 
 201
0.479817 0.005335 0.046210 
0.462778 0.989100 0.462022 
0.057405 0.005565 0.491768 
0.977099 0.007634 0.007634 0.007634 
0.250000 0.250000 0.250000 0.250000 
 202
0.479817 0.005335 0.046210 
0.462778 0.989100 0.462022 
0.057405 0.005565 0.491768 
0.007634 0.007634 0.007634 0.977099 
0.250000 0.250000 0.250000 0.250000 
 203
0.479817 0.005335 0.046210 
0.462778 0.989100 0.462022 
0.057405 0.005565 0.491768 
0.007634 0.977099 0.007634 0.007634 
0.250000 0.250000 0.250000 0.250000 
 204
0.479817 0.005335 0.046210 
0.462778 0.989100 0.462022 
0.057405 0.005565 0.491768 
0.007634 0.007634 0.971514 0.013218 
0.250000 0.250000 0.250000 0.250000 
 205
0.479817 0.005335 0.046210 
0.462778 0.989100 0.462022 
0.057405 0.005565 0.491768 
0.021475 0.963257 0.007634 0.007634 
0.250000 0.250000 0.250000 0.250000 
 206
0.479817 0.005335 0.046210 
0.462778 0.989100 0.462022 
0.057405 0.005565 0.491768 
0.974740 0.009993 0.007634 0.007634 
0.250000 0.250000 0.250000 0.250000 
 207
0.479817 0.005335 0.046210 
0.462778 0.989100 0.462022 
0.057405 0.005565 0.491768 
0.008658 0.007634 0.974341 0.009367 
0.250000 0.250000 0.250000 0.250000 
 208
0.479817 0.005335 0.046210 
0.462778 0.989100 0.462022 
0.057405 0.005565 0.491768 
0.975021 0.009712 0.007634 0.007634 
0.250000 0.250000 0.250000 0.250000 
 209
0.479817 0.005335 0.046210 
0.462778 0.989100 0.462022 
0.057405 0.005565 0.491768 
0.014646 0.968943 0.007634 0.008777 
0.250000 0.250000 0.250000 0.250000 
 210
0.479817 0.005335 0.046210 
0.462778 0.989100 0.462022 
0.057405 0.005565 0.491768 
0.008758 0.007639 0.013609 0.969994 
0.250000 0.250000 0.250000 0.250000 
 211
0.479817 0.005335 0.046210 
0.462778 0.989100 0.462022 
0.057405 0.005565 0.491768 
0.007634 0.007634 0.977099 0.007634 
0.250000 0.250000 0.250000 0.250000 
 212
0.479817 0.005335 0.046210 
0.462778 0.989100 0.462022 
0.057405 0.005565 0.491768 
0.007634 0.007634 0.977099 0.007634 
0.250000 0.250000 0.250000 0.250000 
 213
0.479817 0.005335 0.046210 
0.462778 0.989100 0.462022 
0.057405 0.005565 0.491768 
0.007634 0.007634 0.019188 0.965544 
0.250000 0.250000 0.250000 0.250000 
 214
0.479817 0.005335 0.046210 
0.462778 0.989100 0.462022 
0.057405 0.005565 0.491768 
0.007634 0.007634 0.970104 0.014629 
0.250000 0.250000 0.250000 0.250000 
 215
0.479817 0.005335 0.046210 
0.462778 0.989100 0.462022 
0.057405 0.005565 0.491768 
0.977099 0.007634 0.007634 0.007634 
0.250000 0.250000 0.250000 0.250000 
 216
0.479817 0.005335 0.046210 
0.462778 0.989100 0.462022 
0.057405 0.005565 0.491768 
0.007634 0.007634 0.009569 0.975163 
0.250000 0.250000 0.250000 0.250000 
 217
0.479817 0.005335 0.046210 
0.462778 0.989100 0.462022 
0.057405 0.005565 0.491768 
0.007634 0.007634 0.977099 0.007634 
0.250000 0.250000 0.250000 0.250000 
 218
0.479817 0.005335 0.046210 
0.462778 0.989100 0.462022 
0.057405 0.005565 0.491768 
0.975964 0.007634 0.007634 0.008768 
0.250000 0.250000 0.250000 0.250000 
 219
0.479817 0.005335 0.046210 
0.462778 0.989100 0.462022 
0.057405 0.005565 0.491768 
0.009932 0.966475 0.007634 0.015960 
0.250000 0.250000 0.250000 0.250000 
 220
0.479817 0.005335 0.046210 
0.462778 0.989100 0.462022 
0.057405 0.005565 0.491768 
0.966747 0.017985 0.007634 0.007634 
0.250000 0.250000 0.250000 0.250000 
 221
0.479817 0.005335 0.046210 
0.462778 0.989100 0.462022 
0.057405 0.005565 0.491768 
0.007634 0.007634 0.007634 0.977099 
0.250000 0.250000 0.250000 0.250000 
 222
0.479817 0.005335 0.046210 
0.462778 0.989100 0.462022 
0.057405 0.005565 0.491768 
0.009012 0.007634 0.970822 0.012531 
0.250000 0.250000 0.250000 0.250000 
 223
0.479817 0.005335 0.046210 
0.462778 0.989100 0.462022 
0.057405 0.005565 0.491768 
0.011401 0.007634 0.973331 0.007634 
0.250000 0.250000 0.250000 0.250000 
 224
0.479817 0.005335 0.046210 
0.462778 0.989100 0.462022 
0.057405 0.005565 0.491768 
0.007634 0.007634 0.007634 0.977099 
0.250000 0.250000 0.250000 0.250000 
 225
0.479817 0.005335 0.046210 
0.462778 0.989100 0.462022 
0.057405 0.005565 0.491768 
0.007634 0.007634 0.009840 0.974893 
0.250000 0.250000 0.250000 0.250000 
 226
0.479817 0.005335 0.046210 
0.462778 0.989100 0.462022 
0.057405 0.005565 0.491768 
0.007634 0.977099 0.007634 0.007634 
0.250000 0.250000 0.250000 0.250000 
 227
0.479817 0.005335 0.046210 
0.462778 0.989100 0.462022 
0.057405 0.005565 0.491768 
0.977099 0.007634 0.007634 0.007634 
0.250000 0.250000 0.250000 0.250000 
 228
0.479817 0.005335 0.046210 
0.462778 0.989100 0.462022 
0.057405 0.005565 0.491768 
0.007634 0.007634 0.010074 0.974658 
0.250000 0.250000 0.250000 0.250000 
 229
0.479817 0.005335 0.046210 
0.462778 0.989100 0.462022 
0.057405 0.005565 0.491768 
0.007634 0.977099 0.007634 0.007634 
0.250000 0.250000 0.250000 0.250000 
 230
0.479817 0.005335 0.046210 
0.462778 0.989100 0.462022 
0.057405 0.005565 0.491768 
0.007634 0.977099 0.007634 0.007634 
0.250000 0.250000 0.250000 0.250000 
 231
0.479817 0.005335 0.046210 
0.462778 0.989100 0.462022 
0.057405 0.005565 0.491768 
0.955604 0.029128 0.007634 0.007634 
0.250000 0.250000 0.250000 0.250000 
 232
0.479817 0.005335 0.046210 
0.462778 0.989100 0.462022 
0.057405 0.005565 0.491768 
0.445746 0.538986 0.007634 0.007634 
0.250000 0.250000 0.250000 0.250000 
 233
0.479817 0.005335 0.046210 
0.462778 0.989100 0.462022 
0.057405 0.005565 0.491768 
0.975272 0.008528 0.008567 0.007634 
0.250000 0.250000 0.250000 0.250000 
 234
0.479817 0.005335 0.046210 
0.462778 0.989100 0.462022 
0.057405 0.005565 0.491768 
0.970843 0.013889 0.007634 0.007634 
0.250000 0.250000 0.250000 0.250000 
 235
0.479817 0.005335 0.046210 
