%  SAM: /scicomp/groups/OID/NCIRD/ID-OD/ID_nomenclatures/label/LABEL_RES/scripts/modelfromalign_Linux v3.5 (July 15, 2005) compiled 12/08/06_16:15:55
%  (c) 1992-2001 Regents of the University of California, Santa Cruz
%
%          Sequence Alignment and Modeling Software System
%         http://www.cse.ucsc.edu/research/compbio/sam.html
%
% ----------------- Citations (SAM, SAM-T2K, HMMs) --------------------
% R. Hughey, A. Krogh, Hidden Markov models for sequence analysis:
%  Extension and analysis of the basic method, CABIOS 12:95-107, 1996.
% K. Karplus, et al., What is the value added by human intervention in protein
%  structure prediction, Proteins: Stucture, Function, Genetics 45(S5):86--91, 2001.
% A. Krogh et al., Hidden Markov models in computational biology:
%  Applications to protein modeling, JMB 235:1501-1531, Feb 1994.
% ---------------------------------------------------------------------
%  c-3-4-5-6-7-VIC_hmm   Host: node16.hpc.biotech.cdc.gov    Mon Nov  7 17:30:57 2016
%  vfn4                  Dir:  /scicomp/groups/OID/NCIRD/ID-OD/ID_nomenclatures/H3/versions/H3v2016R2
% ---------------------------------------------------------------------
%  Alignment weights from internal calc.  Total (52.47) Max (0.42) Min (0.01)
%  Weights from alignment method 1 (karplus), b=-1.000000, e=0.500000
MODEL --  Model from alignment file /scicomp/groups/OID/NCIRD/ID-OD/ID_nomenclatures/label/LABEL_RES/training_data/H3v2016R2/c-3-4-5-6-7-VIC.fasta
alphabet DNA
FREQAVE
0.000000 0.000000 0.000000 
0.000000 0.000000 0.000000 
0.000000 0.000000 0.000000 
0.338794 0.222136 0.198493 0.240577 
0.338794 0.222136 0.198493 0.240577 
Begin
0.000000 0.000000 0.000000 
0.000000 0.000000 0.000000 
0.000000 0.003882 0.491768 
0.250000 0.250000 0.250000 0.250000 
0.250000 0.250000 0.250000 0.250000 
   1
0.000000 0.036422 0.046210 
0.000000 0.959696 0.462022 
0.036571 0.004013 0.491768 
0.985360 0.004880 0.004880 0.004880 
0.250000 0.250000 0.250000 0.250000 
   2
0.668606 0.003847 0.046210 
0.294823 0.992140 0.462022 
0.036571 0.004013 0.491768 
0.004880 0.004880 0.004880 0.985360 
0.250000 0.250000 0.250000 0.250000 
   3
0.668606 0.003847 0.046210 
0.294823 0.992140 0.462022 
0.036571 0.004013 0.491768 
0.004880 0.985360 0.004880 0.004880 
0.250000 0.250000 0.250000 0.250000 
   4
0.668606 0.003847 0.046210 
0.294823 0.992140 0.462022 
0.036571 0.004013 0.491768 
0.982943 0.007297 0.004880 0.004880 
0.250000 0.250000 0.250000 0.250000 
   5
0.664921 0.003847 0.046210 
0.298507 0.992140 0.462022 
0.036706 0.004012 0.491768 
0.983345 0.006899 0.004878 0.004878 
0.250000 0.250000 0.250000 0.250000 
   6
0.658624 0.003846 0.046210 
0.304669 0.992142 0.462022 
0.037031 0.004009 0.491768 
0.007085 0.983170 0.004873 0.004873 
0.250000 0.250000 0.250000 0.250000 
   7
0.662450 0.003843 0.046210 
0.300519 0.992149 0.462022 
0.037105 0.004008 0.491768 
0.983296 0.006961 0.004872 0.004872 
0.250000 0.250000 0.250000 0.250000 
   8
0.663772 0.003842 0.046210 
0.299123 0.992150 0.462022 
0.037105 0.004008 0.491768 
0.005491 0.004872 0.983983 0.005654 
0.250000 0.250000 0.250000 0.250000 
   9
0.659721 0.003842 0.046210 
0.303174 0.992150 0.462022 
0.037256 0.004006 0.491768 
0.018006 0.005342 0.093464 0.883188 
0.250000 0.250000 0.250000 0.250000 
  10
0.650778 0.003840 0.046210 
0.311966 0.992153 0.462022 
0.037694 0.004002 0.491768 
0.981119 0.009156 0.004863 0.004863 
0.250000 0.250000 0.250000 0.250000 
  11
0.633202 0.003836 0.046210 
0.329105 0.992161 0.462022 
0.038670 0.003993 0.491768 
0.006350 0.004848 0.011881 0.976921 
0.250000 0.250000 0.250000 0.250000 
  12
0.631576 0.003828 0.046210 
0.329754 0.992179 0.462022 
0.039379 0.003987 0.491768 
0.005736 0.004839 0.983637 0.005789 
0.250000 0.250000 0.250000 0.250000 
  13
0.643163 0.003822 0.046210 
0.317458 0.992191 0.462022 
0.039379 0.003987 0.491768 
0.984010 0.005416 0.005736 0.004839 
0.250000 0.250000 0.250000 0.250000 
  14
0.611246 0.003822 0.046210 
0.349375 0.992191 0.462022 
0.040677 0.003976 0.491768 
0.005715 0.004821 0.005255 0.984208 
0.250000 0.250000 0.250000 0.250000 
  15
0.631399 0.003811 0.046210 
0.327924 0.992213 0.462022 
0.040677 0.003976 0.491768 
0.007810 0.005453 0.005644 0.981094 
0.250000 0.250000 0.250000 0.250000 
  16
0.620817 0.003811 0.046210 
0.338506 0.992213 0.462022 
0.041112 0.003972 0.491768 
0.004816 0.985552 0.004816 0.004816 
0.250000 0.250000 0.250000 0.250000 
  17
0.625235 0.003808 0.046210 
0.333653 0.992220 0.462022 
0.041204 0.003972 0.491768 
0.004815 0.004815 0.985555 0.004815 
0.250000 0.250000 0.250000 0.250000 
  18
0.626627 0.003807 0.046210 
0.332169 0.992221 0.462022 
0.041204 0.003972 0.491768 
0.005371 0.004815 0.006207 0.983608 
0.250000 0.250000 0.250000 0.250000 
  19
0.626627 0.003807 0.046210 
0.332169 0.992221 0.462022 
0.041204 0.003972 0.491768 
0.005561 0.005209 0.005535 0.983695 
0.250000 0.250000 0.250000 0.250000 
  20
0.616647 0.003807 0.046210 
0.342149 0.992221 0.462022 
0.041619 0.003968 0.491768 
0.004810 0.005348 0.004810 0.985032 
0.250000 0.250000 0.250000 0.250000 
  21
0.622863 0.003804 0.046210 
0.335518 0.992227 0.462022 
0.041619 0.003968 0.491768 
0.007848 0.981474 0.004810 0.005869 
0.250000 0.250000 0.250000 0.250000 
  22
0.622863 0.003804 0.046210 
0.335518 0.992227 0.462022 
0.041619 0.003968 0.491768 
0.984452 0.005929 0.004810 0.004810 
0.250000 0.250000 0.250000 0.250000 
  23
0.619631 0.003804 0.046210 
0.338750 0.992227 0.462022 
0.041754 0.003967 0.491768 
0.006304 0.984079 0.004808 0.004808 
0.250000 0.250000 0.250000 0.250000 
  24
0.606360 0.003985 0.046210 
0.351886 0.992048 0.462022 
0.042305 0.003963 0.491768 
0.004802 0.004802 0.984548 0.005849 
0.250000 0.250000 0.250000 0.250000 
  25
0.616647 0.003799 0.046210 
0.341048 0.992238 0.462022 
0.042305 0.003963 0.491768 
0.004802 0.005431 0.009660 0.980108 
0.250000 0.250000 0.250000 0.250000 
  26
0.613301 0.003799 0.046210 
0.344394 0.992238 0.462022 
0.042447 0.003962 0.491768 
0.984164 0.006236 0.004800 0.004800 
0.250000 0.250000 0.250000 0.250000 
  27
0.571394 0.003798 0.046210 
0.386159 0.992240 0.462022 
0.044399 0.003948 0.491768 
0.004779 0.004779 0.984886 0.005557 
0.250000 0.250000 0.250000 0.250000 
  28
0.597671 0.003785 0.046210 
0.357929 0.992267 0.462022 
0.044399 0.003948 0.491768 
0.983202 0.006730 0.005290 0.004779 
0.250000 0.250000 0.250000 0.250000 
  29
0.595033 0.003785 0.046210 
0.360568 0.992267 0.462022 
0.044517 0.003948 0.491768 
0.004777 0.004777 0.006732 0.983714 
0.250000 0.250000 0.250000 0.250000 
  30
0.596607 0.003784 0.046210 
0.358876 0.992268 0.462022 
0.044517 0.003948 0.491768 
0.004777 0.007339 0.006560 0.981324 
0.250000 0.250000 0.250000 0.250000 
  31
0.596607 0.003784 0.046210 
0.358876 0.992268 0.462022 
0.044517 0.003948 0.491768 
0.006762 0.004777 0.980571 0.007889 
0.250000 0.250000 0.250000 0.250000 
  32
0.596607 0.003784 0.046210 
0.358876 0.992268 0.462022 
0.044517 0.003948 0.491768 
0.004779 0.004779 0.004779 0.985664 
0.250000 0.250000 0.250000 0.250000 
  33
0.596607 0.003784 0.046210 
0.358876 0.992268 0.462022 
0.044517 0.003948 0.491768 
0.982661 0.005327 0.004777 0.007234 
0.250000 0.250000 0.250000 0.250000 
  34
0.596607 0.003784 0.046210 
0.358876 0.992268 0.462022 
0.044517 0.003948 0.491768 
0.004777 0.004777 0.004777 0.985668 
0.250000 0.250000 0.250000 0.250000 
  35
0.596607 0.003784 0.046210 
0.358876 0.992268 0.462022 
0.044517 0.003948 0.491768 
0.006334 0.984111 0.004777 0.004777 
0.250000 0.250000 0.250000 0.250000 
  36
0.596607 0.003784 0.046210 
0.358876 0.992268 0.462022 
0.044517 0.003948 0.491768 
0.004777 0.004777 0.010869 0.979577 
0.250000 0.250000 0.250000 0.250000 
  37
0.596607 0.003784 0.046210 
0.358876 0.992268 0.462022 
0.044517 0.003948 0.491768 
0.006956 0.004777 0.981069 0.007197 
0.250000 0.250000 0.250000 0.250000 
  38
0.596607 0.003784 0.046210 
0.358876 0.992268 0.462022 
0.044517 0.003948 0.491768 
0.004777 0.010565 0.004777 0.979880 
0.250000 0.250000 0.250000 0.250000 
  39
0.596607 0.003784 0.046210 
0.358876 0.992268 0.462022 
0.044517 0.003948 0.491768 
0.060111 0.929411 0.004777 0.005700 
0.250000 0.250000 0.250000 0.250000 
  40
0.593388 0.003784 0.046210 
0.362095 0.992268 0.462022 
0.044660 0.003947 0.491768 
0.014236 0.976210 0.004777 0.004777 
0.250000 0.250000 0.250000 0.250000 
  41
0.592721 0.003783 0.046210 
0.362619 0.992270 0.462022 
0.044776 0.003946 0.491768 
0.004775 0.007133 0.012732 0.975360 
0.250000 0.250000 0.250000 0.250000 
  42
0.594256 0.003782 0.046210 
0.360968 0.992272 0.462022 
0.044776 0.003946 0.491768 
0.004775 0.009084 0.006404 0.979738 
0.250000 0.250000 0.250000 0.250000 
  43
0.588655 0.003782 0.046210 
0.366569 0.992272 0.462022 
0.045028 0.003944 0.491768 
0.005155 0.005284 0.005203 0.984357 
0.250000 0.250000 0.250000 0.250000 
  44
0.591970 0.003781 0.046210 
0.363001 0.992275 0.462022 
0.045028 0.003944 0.491768 
0.005365 0.004772 0.012296 0.977567 
0.250000 0.250000 0.250000 0.250000 
  45
0.591970 0.003781 0.046210 
0.363001 0.992275 0.462022 
0.045028 0.003944 0.491768 
0.005545 0.004772 0.967100 0.022584 
0.250000 0.250000 0.250000 0.250000 
  46
0.589402 0.003781 0.046210 
0.365570 0.992275 0.462022 
0.045144 0.003944 0.491768 
0.016959 0.958188 0.004771 0.020082 
0.250000 0.250000 0.250000 0.250000 
  47
0.590920 0.003780 0.046210 
0.363936 0.992276 0.462022 
0.045144 0.003944 0.491768 
0.004771 0.004771 0.985687 0.004771 
0.250000 0.250000 0.250000 0.250000 
  48
0.590920 0.003780 0.046210 
0.363936 0.992276 0.462022 
0.045144 0.003944 0.491768 
0.004771 0.004771 0.021572 0.968886 
0.250000 0.250000 0.250000 0.250000 
  49
0.404575 0.003780 0.046210 
0.550281 0.992276 0.462022 
0.055483 0.003890 0.491768 
0.005595 0.004688 0.985030 0.004688 
0.250000 0.250000 0.250000 0.250000 
  50
0.497231 0.003729 0.046210 
0.447285 0.992382 0.462022 
0.055483 0.003890 0.491768 
0.985937 0.004688 0.004688 0.004688 
0.250000 0.250000 0.250000 0.250000 
  51
0.497231 0.003729 0.046210 
0.447285 0.992382 0.462022 
0.055483 0.003890 0.491768 
0.984591 0.006034 0.004688 0.004688 
0.250000 0.250000 0.250000 0.250000 
  52
0.494175 0.003729 0.046210 
0.450342 0.992382 0.462022 
0.055654 0.003889 0.491768 
0.906207 0.083454 0.005653 0.004686 
0.250000 0.250000 0.250000 0.250000 
  53
0.495690 0.003728 0.046210 
0.448657 0.992383 0.462022 
0.055654 0.003889 0.491768 
0.985941 0.004686 0.004686 0.004686 
0.250000 0.250000 0.250000 0.250000 
  54
0.495690 0.003728 0.046210 
0.448657 0.992383 0.462022 
0.055654 0.003889 0.491768 
0.978037 0.010796 0.006480 0.004686 
0.250000 0.250000 0.250000 0.250000 
  55
0.491513 0.003728 0.046210 
0.452834 0.992383 0.462022 
0.055887 0.003888 0.491768 
0.046237 0.006695 0.934017 0.013052 
0.250000 0.250000 0.250000 0.250000 
  56
0.493575 0.003727 0.046210 
0.450538 0.992385 0.462022 
0.055887 0.003888 0.491768 
0.004685 0.004685 0.005761 0.984869 
0.250000 0.250000 0.250000 0.250000 
  57
0.493575 0.003727 0.046210 
0.450538 0.992385 0.462022 
0.055887 0.003888 0.491768 
0.004685 0.004685 0.038434 0.952196 
0.250000 0.250000 0.250000 0.250000 
  58
0.493575 0.003727 0.046210 
0.450538 0.992385 0.462022 
0.055887 0.003888 0.491768 
0.005356 0.004685 0.985274 0.004685 
0.250000 0.250000 0.250000 0.250000 
  59
0.493575 0.003727 0.046210 
0.450538 0.992385 0.462022 
0.055887 0.003888 0.491768 
0.004685 0.004685 0.985945 0.004685 
0.250000 0.250000 0.250000 0.250000 
  60
0.493575 0.003727 0.046210 
0.450538 0.992385 0.462022 
0.055887 0.003888 0.491768 
0.005585 0.004685 0.012483 0.977246 
0.250000 0.250000 0.250000 0.250000 
  61
0.493575 0.003727 0.046210 
0.450538 0.992385 0.462022 
0.055887 0.003888 0.491768 
0.006948 0.983683 0.004685 0.004685 
0.250000 0.250000 0.250000 0.250000 
  62
0.493575 0.003727 0.046210 
0.450538 0.992385 0.462022 
0.055887 0.003888 0.491768 
0.039599 0.950246 0.004685 0.005470 
0.250000 0.250000 0.250000 0.250000 
  63
0.482272 0.003727 0.046210 
0.461841 0.992385 0.462022 
0.056526 0.003886 0.491768 
0.970529 0.020104 0.004683 0.004683 
0.250000 0.250000 0.250000 0.250000 
  64
0.487785 0.003725 0.046210 
0.455689 0.992390 0.462022 
0.056526 0.003886 0.491768 
0.980695 0.008646 0.005111 0.005547 
0.250000 0.250000 0.250000 0.250000 
  65
0.487785 0.003725 0.046210 
0.455689 0.992390 0.462022 
0.056526 0.003886 0.491768 
0.985957 0.004681 0.004681 0.004681 
0.250000 0.250000 0.250000 0.250000 
  66
0.484453 0.003725 0.046210 
0.459021 0.992390 0.462022 
0.056715 0.003885 0.491768 
0.005141 0.004680 0.005106 0.985074 
0.250000 0.250000 0.250000 0.250000 
  67
0.486073 0.003724 0.046210 
0.457212 0.992391 0.462022 
0.056715 0.003885 0.491768 
0.004680 0.984743 0.004680 0.005898 
0.250000 0.250000 0.250000 0.250000 
  68
0.486073 0.003724 0.046210 
0.457212 0.992391 0.462022 
0.056715 0.003885 0.491768 
0.985961 0.004680 0.004680 0.004680 
0.250000 0.250000 0.250000 0.250000 
  69
0.486073 0.003724 0.046210 
0.457212 0.992391 0.462022 
0.056715 0.003885 0.491768 
0.008718 0.005939 0.979863 0.005480 
0.250000 0.250000 0.250000 0.250000 
  70
0.486073 0.003724 0.046210 
0.457212 0.992391 0.462022 
0.056715 0.003885 0.491768 
0.932821 0.057041 0.004680 0.005458 
0.250000 0.250000 0.250000 0.250000 
  71
0.486073 0.003724 0.046210 
0.457212 0.992391 0.462022 
0.056715 0.003885 0.491768 
0.982900 0.007741 0.004680 0.004680 
0.250000 0.250000 0.250000 0.250000 
  72
0.486073 0.003724 0.046210 
0.457212 0.992391 0.462022 
0.056715 0.003885 0.491768 
0.004681 0.004681 0.984219 0.006419 
0.250000 0.250000 0.250000 0.250000 
  73
0.486073 0.003724 0.046210 
0.457212 0.992391 0.462022 
0.056715 0.003885 0.491768 
0.985961 0.004680 0.004680 0.004680 
0.250000 0.250000 0.250000 0.250000 
  74
0.486073 0.003724 0.046210 
0.457212 0.992391 0.462022 
0.056715 0.003885 0.491768 
0.008224 0.981968 0.004680 0.005128 
0.250000 0.250000 0.250000 0.250000 
  75
0.486073 0.003724 0.046210 
0.457212 0.992391 0.462022 
0.056715 0.003885 0.491768 
0.004680 0.004680 0.985318 0.005322 
0.250000 0.250000 0.250000 0.250000 
  76
0.486073 0.003724 0.046210 
0.457212 0.992391 0.462022 
0.056715 0.003885 0.491768 
0.982643 0.007569 0.005106 0.004682 
0.250000 0.250000 0.250000 0.250000 
  77
0.486073 0.003724 0.046210 
0.457212 0.992391 0.462022 
0.056715 0.003885 0.491768 
0.005508 0.004680 0.979868 0.009945 
0.250000 0.250000 0.250000 0.250000 
  78
0.486073 0.003724 0.046210 
0.457212 0.992391 0.462022 
0.056715 0.003885 0.491768 
0.008163 0.980732 0.004680 0.006426 
0.250000 0.250000 0.250000 0.250000 
  79
0.486073 0.003724 0.046210 
0.457212 0.992391 0.462022 
0.056715 0.003885 0.491768 
0.004680 0.985961 0.004680 0.004680 
0.250000 0.250000 0.250000 0.250000 
  80
0.486073 0.003724 0.046210 
0.457212 0.992391 0.462022 
0.056715 0.003885 0.491768 
0.004680 0.007278 0.983362 0.004680 
0.250000 0.250000 0.250000 0.250000 
  81
0.486073 0.003724 0.046210 
0.457212 0.992391 0.462022 
0.056715 0.003885 0.491768 
0.984096 0.005250 0.005569 0.005085 
0.250000 0.250000 0.250000 0.250000 
  82
0.486073 0.003724 0.046210 
0.457212 0.992391 0.462022 
0.056715 0.003885 0.491768 
0.982266 0.008374 0.004680 0.004680 
0.250000 0.250000 0.250000 0.250000 
  83
0.486073 0.003724 0.046210 
0.457212 0.992391 0.462022 
0.056715 0.003885 0.491768 
0.004680 0.004680 0.984217 0.006424 
0.250000 0.250000 0.250000 0.250000 
  84
0.486073 0.003724 0.046210 
0.457212 0.992391 0.462022 
0.056715 0.003885 0.491768 
0.011883 0.978757 0.004680 0.004680 
0.250000 0.250000 0.250000 0.250000 
  85
0.486073 0.003724 0.046210 
0.457212 0.992391 0.462022 
0.056715 0.003885 0.491768 
0.004680 0.004680 0.982645 0.007996 
0.250000 0.250000 0.250000 0.250000 
  86
0.481472 0.003724 0.046210 
0.461813 0.992391 0.462022 
0.056977 0.003884 0.491768 
0.004678 0.004678 0.004678 0.985965 
0.250000 0.250000 0.250000 0.250000 
  87
0.483697 0.003723 0.046210 
0.459326 0.992393 0.462022 
0.056977 0.003884 0.491768 
0.008112 0.979093 0.004678 0.008117 
0.250000 0.250000 0.250000 0.250000 
  88
0.483697 0.003723 0.046210 
0.459326 0.992393 0.462022 
0.056977 0.003884 0.491768 
0.004678 0.006375 0.004678 0.984269 
0.250000 0.250000 0.250000 0.250000 
  89
0.483697 0.003723 0.046210 
0.459326 0.992393 0.462022 
0.056977 0.003884 0.491768 
0.004678 0.985965 0.004678 0.004678 
0.250000 0.250000 0.250000 0.250000 
  90
0.483697 0.003723 0.046210 
0.459326 0.992393 0.462022 
0.056977 0.003884 0.491768 
0.004678 0.004678 0.983316 0.007328 
0.250000 0.250000 0.250000 0.250000 
  91
0.483697 0.003723 0.046210 
0.459326 0.992393 0.462022 
0.056977 0.003884 0.491768 
0.004678 0.004678 0.985965 0.004678 
0.250000 0.250000 0.250000 0.250000 
  92
0.483697 0.003723 0.046210 
0.459326 0.992393 0.462022 
0.056977 0.003884 0.491768 
0.004678 0.004678 0.004678 0.985965 
0.250000 0.250000 0.250000 0.250000 
  93
0.483697 0.003723 0.046210 
0.459326 0.992393 0.462022 
0.056977 0.003884 0.491768 
0.004678 0.007119 0.004678 0.983525 
0.250000 0.250000 0.250000 0.250000 
  94
0.483697 0.003723 0.046210 
0.459326 0.992393 0.462022 
0.056977 0.003884 0.491768 
0.004678 0.985965 0.004678 0.004678 
0.250000 0.250000 0.250000 0.250000 
  95
0.483697 0.003723 0.046210 
0.459326 0.992393 0.462022 
0.056977 0.003884 0.491768 
0.004678 0.983666 0.004678 0.006978 
0.250000 0.250000 0.250000 0.250000 
  96
0.483697 0.003723 0.046210 
0.459326 0.992393 0.462022 
0.056977 0.003884 0.491768 
0.008415 0.981028 0.005467 0.005090 
0.250000 0.250000 0.250000 0.250000 
  97
0.480071 0.003723 0.046210 
0.462952 0.992393 0.462022 
0.057184 0.003883 0.491768 
0.004677 0.004677 0.985969 0.004677 
0.250000 0.250000 0.250000 0.250000 
  98
0.481818 0.003722 0.046210 
0.460997 0.992395 0.462022 
0.057184 0.003883 0.491768 
0.984060 0.006586 0.004677 0.004677 
0.250000 0.250000 0.250000 0.250000 
  99
0.481818 0.003722 0.046210 
0.460997 0.992395 0.462022 
0.057184 0.003883 0.491768 
0.004677 0.004677 0.979797 0.010849 
0.250000 0.250000 0.250000 0.250000 
 100
0.481818 0.003722 0.046210 
0.460997 0.992395 0.462022 
0.057184 0.003883 0.491768 
0.004677 0.004677 0.984611 0.006035 
0.250000 0.250000 0.250000 0.250000 
 101
0.481818 0.003722 0.046210 
0.460997 0.992395 0.462022 
0.057184 0.003883 0.491768 
0.985969 0.004677 0.004677 0.004677 
0.250000 0.250000 0.250000 0.250000 
 102
0.481818 0.003722 0.046210 
0.460997 0.992395 0.462022 
0.057184 0.003883 0.491768 
0.004677 0.005237 0.004677 0.985409 
0.250000 0.250000 0.250000 0.250000 
 103
0.481818 0.003722 0.046210 
0.460997 0.992395 0.462022 
0.057184 0.003883 0.491768 
0.004677 0.985969 0.004677 0.004677 
0.250000 0.250000 0.250000 0.250000 
 104
0.481818 0.003722 0.046210 
0.460997 0.992395 0.462022 
0.057184 0.003883 0.491768 
0.004677 0.004677 0.985969 0.004677 
0.250000 0.250000 0.250000 0.250000 
 105
0.481818 0.003722 0.046210 
0.460997 0.992395 0.462022 
0.057184 0.003883 0.491768 
0.985013 0.005194 0.004677 0.005115 
0.250000 0.250000 0.250000 0.250000 
 106
0.481818 0.003722 0.046210 
0.460997 0.992395 0.462022 
0.057184 0.003883 0.491768 
0.004678 0.985966 0.004678 0.004678 
0.250000 0.250000 0.250000 0.250000 
 107
0.481818 0.003722 0.046210 
0.460997 0.992395 0.462022 
0.057184 0.003883 0.491768 
0.004677 0.005523 0.004677 0.985123 
0.250000 0.250000 0.250000 0.250000 
 108
0.481818 0.003722 0.046210 
0.460997 0.992395 0.462022 
0.057184 0.003883 0.491768 
0.539309 0.448036 0.005282 0.007373 
0.250000 0.250000 0.250000 0.250000 
 109
0.481818 0.003722 0.046210 
0.460997 0.992395 0.462022 
0.057184 0.003883 0.491768 
0.004677 0.004677 0.982302 0.008345 
0.250000 0.250000 0.250000 0.250000 
 110
0.481818 0.003722 0.046210 
0.460997 0.992395 0.462022 
0.057184 0.003883 0.491768 
0.006073 0.004677 0.984573 0.004677 
0.250000 0.250000 0.250000 0.250000 
 111
0.481818 0.003722 0.046210 
0.460997 0.992395 0.462022 
0.057184 0.003883 0.491768 
0.983409 0.007237 0.004677 0.004677 
0.250000 0.250000 0.250000 0.250000 
 112
0.481818 0.003722 0.046210 
0.460997 0.992395 0.462022 
0.057184 0.003883 0.491768 
0.985969 0.004677 0.004677 0.004677 
0.250000 0.250000 0.250000 0.250000 
 113
0.481818 0.003722 0.046210 
0.460997 0.992395 0.462022 
0.057184 0.003883 0.491768 
0.985969 0.004677 0.004677 0.004677 
0.250000 0.250000 0.250000 0.250000 
 114
0.481818 0.003722 0.046210 
0.460997 0.992395 0.462022 
0.057184 0.003883 0.491768 
0.004677 0.004677 0.978555 0.012091 
0.250000 0.250000 0.250000 0.250000 
 115
0.481818 0.003722 0.046210 
0.460997 0.992395 0.462022 
0.057184 0.003883 0.491768 
0.004677 0.985969 0.004677 0.004677 
0.250000 0.250000 0.250000 0.250000 
 116
0.481818 0.003722 0.046210 
0.460997 0.992395 0.462022 
0.057184 0.003883 0.491768 
0.004677 0.985969 0.004677 0.004677 
0.250000 0.250000 0.250000 0.250000 
 117
0.481818 0.003722 0.046210 
0.460997 0.992395 0.462022 
0.057184 0.003883 0.491768 
0.974852 0.015795 0.004677 0.004677 
0.250000 0.250000 0.250000 0.250000 
 118
0.481818 0.003722 0.046210 
0.460997 0.992395 0.462022 
0.057184 0.003883 0.491768 
0.985969 0.004677 0.004677 0.004677 
0.250000 0.250000 0.250000 0.250000 
 119
0.481818 0.003722 0.046210 
0.460997 0.992395 0.462022 
0.057184 0.003883 0.491768 
0.004677 0.004677 0.985969 0.004677 
0.250000 0.250000 0.250000 0.250000 
 120
0.481818 0.003722 0.046210 
0.460997 0.992395 0.462022 
0.057184 0.003883 0.491768 
0.022550 0.966809 0.004677 0.005965 
0.250000 0.250000 0.250000 0.250000 
 121
0.481818 0.003722 0.046210 
0.460997 0.992395 0.462022 
0.057184 0.003883 0.491768 
0.984796 0.005390 0.005137 0.004677 
0.250000 0.250000 0.250000 0.250000 
 122
0.481818 0.003722 0.046210 
0.460997 0.992395 0.462022 
0.057184 0.003883 0.491768 
0.004677 0.004677 0.004677 0.985969 
0.250000 0.250000 0.250000 0.250000 
 123
0.481818 0.003722 0.046210 
0.460997 0.992395 0.462022 
0.057184 0.003883 0.491768 
0.982296 0.007681 0.004677 0.005346 
0.250000 0.250000 0.250000 0.250000 
 124
0.481818 0.003722 0.046210 
0.460997 0.992395 0.462022 
0.057184 0.003883 0.491768 
0.004677 0.985969 0.004677 0.004677 
0.250000 0.250000 0.250000 0.250000 
 125
0.481818 0.003722 0.046210 
0.460997 0.992395 0.462022 
0.057184 0.003883 0.491768 
0.004677 0.004677 0.004677 0.985969 
0.250000 0.250000 0.250000 0.250000 
 126
0.481818 0.003722 0.046210 
0.460997 0.992395 0.462022 
0.057184 0.003883 0.491768 
0.010859 0.979324 0.004677 0.005140 
0.250000 0.250000 0.250000 0.250000 
 127
0.481818 0.003722 0.046210 
0.460997 0.992395 0.462022 
0.057184 0.003883 0.491768 
0.985969 0.004677 0.004677 0.004677 
0.250000 0.250000 0.250000 0.250000 
 128
0.481818 0.003722 0.046210 
0.460997 0.992395 0.462022 
0.057184 0.003883 0.491768 
0.985969 0.004677 0.004677 0.004677 
0.250000 0.250000 0.250000 0.250000 
 129
0.481818 0.003722 0.046210 
0.460997 0.992395 0.462022 
0.057184 0.003883 0.491768 
0.984503 0.006143 0.004677 0.004677 
0.250000 0.250000 0.250000 0.250000 
 130
0.481818 0.003722 0.046210 
0.460997 0.992395 0.462022 
0.057184 0.003883 0.491768 
0.985969 0.004677 0.004677 0.004677 
0.250000 0.250000 0.250000 0.250000 
 131
0.481818 0.003722 0.046210 
0.460997 0.992395 0.462022 
0.057184 0.003883 0.491768 
0.004677 0.004677 0.985969 0.004677 
0.250000 0.250000 0.250000 0.250000 
 132
0.481818 0.003722 0.046210 
0.460997 0.992395 0.462022 
0.057184 0.003883 0.491768 
0.984043 0.006603 0.004677 0.004677 
0.250000 0.250000 0.250000 0.250000 
 133
0.481818 0.003722 0.046210 
0.460997 0.992395 0.462022 
0.057184 0.003883 0.491768 
0.985969 0.004677 0.004677 0.004677 
0.250000 0.250000 0.250000 0.250000 
 134
0.481818 0.003722 0.046210 
0.460997 0.992395 0.462022 
0.057184 0.003883 0.491768 
0.004677 0.004677 0.004677 0.985969 
0.250000 0.250000 0.250000 0.250000 
 135
0.481818 0.003722 0.046210 
0.460997 0.992395 0.462022 
0.057184 0.003883 0.491768 
0.006731 0.004677 0.975609 0.012983 
0.250000 0.250000 0.250000 0.250000 
 136
0.481818 0.003722 0.046210 
0.460997 0.992395 0.462022 
0.057184 0.003883 0.491768 
0.980640 0.010006 0.004677 0.004677 
0.250000 0.250000 0.250000 0.250000 
 137
0.481818 0.003722 0.046210 
0.460997 0.992395 0.462022 
0.057184 0.003883 0.491768 
0.004677 0.004677 0.984811 0.005835 
0.250000 0.250000 0.250000 0.250000 
 138
0.481818 0.003722 0.046210 
0.460997 0.992395 0.462022 
0.057184 0.003883 0.491768 
0.020252 0.957847 0.004677 0.017224 
0.250000 0.250000 0.250000 0.250000 
 139
0.481818 0.003722 0.046210 
0.460997 0.992395 0.462022 
0.057184 0.003883 0.491768 
0.974663 0.015208 0.005452 0.004677 
0.250000 0.250000 0.250000 0.250000 
 140
0.481818 0.003722 0.046210 
0.460997 0.992395 0.462022 
0.057184 0.003883 0.491768 
0.976977 0.013669 0.004677 0.004677 
0.250000 0.250000 0.250000 0.250000 
 141
0.481818 0.003722 0.046210 
0.460997 0.992395 0.462022 
0.057184 0.003883 0.491768 
0.004677 0.004677 0.005300 0.985346 
0.250000 0.250000 0.250000 0.250000 
 142
0.481818 0.003722 0.046210 
0.460997 0.992395 0.462022 
0.057184 0.003883 0.491768 
0.004677 0.985969 0.004677 0.004677 
0.250000 0.250000 0.250000 0.250000 
 143
0.481818 0.003722 0.046210 
0.460997 0.992395 0.462022 
0.057184 0.003883 0.491768 
0.985283 0.005363 0.004677 0.004677 
0.250000 0.250000 0.250000 0.250000 
 144
0.481818 0.003722 0.046210 
0.460997 0.992395 0.462022 
0.057184 0.003883 0.491768 
0.008078 0.004677 0.981114 0.006131 
0.250000 0.250000 0.250000 0.250000 
 145
0.481818 0.003722 0.046210 
0.460997 0.992395 0.462022 
0.057184 0.003883 0.491768 
0.006043 0.004677 0.984604 0.004677 
0.250000 0.250000 0.250000 0.250000 
 146
0.481818 0.003722 0.046210 
0.460997 0.992395 0.462022 
0.057184 0.003883 0.491768 
0.982635 0.008011 0.004677 0.004677 
0.250000 0.250000 0.250000 0.250000 
 147
0.481818 0.003722 0.046210 
0.460997 0.992395 0.462022 
0.057184 0.003883 0.491768 
0.972562 0.018084 0.004677 0.004677 
0.250000 0.250000 0.250000 0.250000 
 148
0.481818 0.003722 0.046210 
0.460997 0.992395 0.462022 
0.057184 0.003883 0.491768 
0.984108 0.006538 0.004677 0.004677 
0.250000 0.250000 0.250000 0.250000 
 149
0.481818 0.003722 0.046210 
0.460997 0.992395 0.462022 
0.057184 0.003883 0.491768 
0.004677 0.004677 0.004677 0.985969 
0.250000 0.250000 0.250000 0.250000 
 150
0.481818 0.003722 0.046210 
0.460997 0.992395 0.462022 
0.057184 0.003883 0.491768 
0.005760 0.004677 0.005208 0.984355 
0.250000 0.250000 0.250000 0.250000 
 151
0.481818 0.003722 0.046210 
0.460997 0.992395 0.462022 
0.057184 0.003883 0.491768 
0.004677 0.985969 0.004677 0.004677 
0.250000 0.250000 0.250000 0.250000 
 152
0.481818 0.003722 0.046210 
0.460997 0.992395 0.462022 
0.057184 0.003883 0.491768 
0.985969 0.004677 0.004677 0.004677 
0.250000 0.250000 0.250000 0.250000 
 153
0.481818 0.003722 0.046210 
0.460997 0.992395 0.462022 
0.057184 0.003883 0.491768 
0.983076 0.007565 0.004679 0.004679 
0.250000 0.250000 0.250000 0.250000 
 154
0.481818 0.003722 0.046210 
0.460997 0.992395 0.462022 
0.057184 0.003883 0.491768 
0.004677 0.985969 0.004677 0.004677 
0.250000 0.250000 0.250000 0.250000 
 155
0.481818 0.003722 0.046210 
0.460997 0.992395 0.462022 
0.057184 0.003883 0.491768 
0.004677 0.004677 0.004677 0.985969 
0.250000 0.250000 0.250000 0.250000 
 156
0.481818 0.003722 0.046210 
0.460997 0.992395 0.462022 
0.057184 0.003883 0.491768 
0.004679 0.004679 0.015705 0.974938 
0.250000 0.250000 0.250000 0.250000 
 157
0.481818 0.003722 0.046210 
0.460997 0.992395 0.462022 
0.057184 0.003883 0.491768 
0.985969 0.004677 0.004677 0.004677 
0.250000 0.250000 0.250000 0.250000 
 158
0.481818 0.003722 0.046210 
0.460997 0.992395 0.462022 
0.057184 0.003883 0.491768 
0.004677 0.004677 0.985969 0.004677 
0.250000 0.250000 0.250000 0.250000 
 159
0.481818 0.003722 0.046210 
0.460997 0.992395 0.462022 
0.057184 0.003883 0.491768 
0.004679 0.005653 0.010294 0.979374 
0.250000 0.250000 0.250000 0.250000 
 160
0.481818 0.003722 0.046210 
0.460997 0.992395 0.462022 
0.057184 0.003883 0.491768 
0.985969 0.004677 0.004677 0.004677 
0.250000 0.250000 0.250000 0.250000 
 161
0.481818 0.003722 0.046210 
0.460997 0.992395 0.462022 
0.057184 0.003883 0.491768 
0.985453 0.004677 0.005193 0.004677 
0.250000 0.250000 0.250000 0.250000 
 162
0.481818 0.003722 0.046210 
0.460997 0.992395 0.462022 
0.057184 0.003883 0.491768 
0.004677 0.004677 0.006677 0.983969 
0.250000 0.250000 0.250000 0.250000 
 163
0.481818 0.003722 0.046210 
0.460997 0.992395 0.462022 
0.057184 0.003883 0.491768 
0.004677 0.985969 0.004677 0.004677 
0.250000 0.250000 0.250000 0.250000 
 164
0.481818 0.003722 0.046210 
0.460997 0.992395 0.462022 
0.057184 0.003883 0.491768 
0.004677 0.004677 0.985969 0.004677 
0.250000 0.250000 0.250000 0.250000 
 165
0.481818 0.003722 0.046210 
0.460997 0.992395 0.462022 
0.057184 0.003883 0.491768 
0.004677 0.005648 0.008175 0.981500 
0.250000 0.250000 0.250000 0.250000 
 166
0.481818 0.003722 0.046210 
0.460997 0.992395 0.462022 
0.057184 0.003883 0.491768 
0.985969 0.004677 0.004677 0.004677 
0.250000 0.250000 0.250000 0.250000 
 167
0.481818 0.003722 0.046210 
0.460997 0.992395 0.462022 
0.057184 0.003883 0.491768 
0.004677 0.004677 0.985969 0.004677 
0.250000 0.250000 0.250000 0.250000 
 168
0.481818 0.003722 0.046210 
0.460997 0.992395 0.462022 
0.057184 0.003883 0.491768 
0.005106 0.005170 0.006969 0.982755 
0.250000 0.250000 0.250000 0.250000 
 169
0.477971 0.003722 0.046210 
0.464844 0.992395 0.462022 
0.057405 0.003882 0.491768 
0.004676 0.985973 0.004676 0.004676 
0.250000 0.250000 0.250000 0.250000 
 170
0.479817 0.003721 0.046210 
0.462778 0.992397 0.462022 
0.057405 0.003882 0.491768 
0.985973 0.004676 0.004676 0.004676 
0.250000 0.250000 0.250000 0.250000 
 171
0.479817 0.003721 0.046210 
0.462778 0.992397 0.462022 
0.057405 0.003882 0.491768 
0.050274 0.940374 0.004676 0.004676 
0.250000 0.250000 0.250000 0.250000 
 172
0.479817 0.003721 0.046210 
0.462778 0.992397 0.462022 
0.057405 0.003882 0.491768 
0.005423 0.004676 0.983485 0.006416 
0.250000 0.250000 0.250000 0.250000 
 173
0.479817 0.003721 0.046210 
0.462778 0.992397 0.462022 
0.057405 0.003882 0.491768 
0.004676 0.004676 0.004676 0.985973 
0.250000 0.250000 0.250000 0.250000 
 174
0.479817 0.003721 0.046210 
0.462778 0.992397 0.462022 
0.057405 0.003882 0.491768 
0.007634 0.981808 0.004676 0.005882 
0.250000 0.250000 0.250000 0.250000 
 175
0.479817 0.003721 0.046210 
0.462778 0.992397 0.462022 
0.057405 0.003882 0.491768 
0.007051 0.983597 0.004676 0.004676 
0.250000 0.250000 0.250000 0.250000 
 176
0.479817 0.003721 0.046210 
0.462778 0.992397 0.462022 
0.057405 0.003882 0.491768 
0.004676 0.004676 0.004676 0.985973 
0.250000 0.250000 0.250000 0.250000 
 177
0.479817 0.003721 0.046210 
0.462778 0.992397 0.462022 
0.057405 0.003882 0.491768 
0.005317 0.005133 0.010606 0.978943 
0.250000 0.250000 0.250000 0.250000 
 178
0.479817 0.003721 0.046210 
0.462778 0.992397 0.462022 
0.057405 0.003882 0.491768 
0.005232 0.004676 0.985417 0.004676 
0.250000 0.250000 0.250000 0.250000 
 179
0.479817 0.003721 0.046210 
0.462778 0.992397 0.462022 
0.057405 0.003882 0.491768 
0.985072 0.005577 0.004676 0.004676 
0.250000 0.250000 0.250000 0.250000 
 180
0.479817 0.003721 0.046210 
0.462778 0.992397 0.462022 
0.057405 0.003882 0.491768 
0.011256 0.978970 0.004676 0.005099 
0.250000 0.250000 0.250000 0.250000 
 181
0.479817 0.003721 0.046210 
0.462778 0.992397 0.462022 
0.057405 0.003882 0.491768 
0.979554 0.011086 0.004680 0.004680 
0.250000 0.250000 0.250000 0.250000 
 182
0.479817 0.003721 0.046210 
0.462778 0.992397 0.462022 
0.057405 0.003882 0.491768 
0.097751 0.891188 0.004680 0.006381 
0.250000 0.250000 0.250000 0.250000 
 183
0.479817 0.003721 0.046210 
0.462778 0.992397 0.462022 
0.057405 0.003882 0.491768 
0.004677 0.004677 0.008566 0.982080 
0.250000 0.250000 0.250000 0.250000 
 184
0.479817 0.003721 0.046210 
0.462778 0.992397 0.462022 
0.057405 0.003882 0.491768 
0.004676 0.004676 0.004676 0.985973 
0.250000 0.250000 0.250000 0.250000 
 185
0.479817 0.003721 0.046210 
0.462778 0.992397 0.462022 
0.057405 0.003882 0.491768 
0.005331 0.004676 0.984010 0.005984 
0.250000 0.250000 0.250000 0.250000 
 186
0.479817 0.003721 0.046210 
0.462778 0.992397 0.462022 
0.057405 0.003882 0.491768 
0.005382 0.004676 0.982287 0.007656 
0.250000 0.250000 0.250000 0.250000 
 187
0.479817 0.003721 0.046210 
0.462778 0.992397 0.462022 
0.057405 0.003882 0.491768 
0.004676 0.004676 0.005265 0.985384 
0.250000 0.250000 0.250000 0.250000 
 188
0.479817 0.003721 0.046210 
0.462778 0.992397 0.462022 
0.057405 0.003882 0.491768 
0.004676 0.004676 0.985973 0.004676 
0.250000 0.250000 0.250000 0.250000 
 189
0.479817 0.003721 0.046210 
0.462778 0.992397 0.462022 
0.057405 0.003882 0.491768 
0.984174 0.005069 0.005396 0.005362 
0.250000 0.250000 0.250000 0.250000 
 190
0.479817 0.003721 0.046210 
0.462778 0.992397 0.462022 
0.057405 0.003882 0.491768 
0.938139 0.052509 0.004676 0.004676 
0.250000 0.250000 0.250000 0.250000 
 191
0.479817 0.003721 0.046210 
0.462778 0.992397 0.462022 
0.057405 0.003882 0.491768 
0.006487 0.004676 0.982176 0.006661 
0.250000 0.250000 0.250000 0.250000 
 192
0.479817 0.003721 0.046210 
0.462778 0.992397 0.462022 
0.057405 0.003882 0.491768 
0.981105 0.008491 0.004676 0.005728 
0.250000 0.250000 0.250000 0.250000 
 193
0.479817 0.003721 0.046210 
0.462778 0.992397 0.462022 
0.057405 0.003882 0.491768 
0.005489 0.985160 0.004676 0.004676 
0.250000 0.250000 0.250000 0.250000 
 194
0.479817 0.003721 0.046210 
0.462778 0.992397 0.462022 
0.057405 0.003882 0.491768 
0.005825 0.984821 0.004677 0.004677 
0.250000 0.250000 0.250000 0.250000 
 195
0.479817 0.003721 0.046210 
0.462778 0.992397 0.462022 
0.057405 0.003882 0.491768 
0.004676 0.004676 0.013536 0.977113 
0.250000 0.250000 0.250000 0.250000 
 196
0.479817 0.003721 0.046210 
0.462778 0.992397 0.462022 
0.057405 0.003882 0.491768 
0.005248 0.985401 0.004676 0.004676 
0.250000 0.250000 0.250000 0.250000 
 197
0.479817 0.003721 0.046210 
0.462778 0.992397 0.462022 
0.057405 0.003882 0.491768 
0.984484 0.006165 0.004676 0.004676 
0.250000 0.250000 0.250000 0.250000 
 198
0.479817 0.003721 0.046210 
0.462778 0.992397 0.462022 
0.057405 0.003882 0.491768 
0.983840 0.006808 0.004676 0.004676 
0.250000 0.250000 0.250000 0.250000 
 199
0.479817 0.003721 0.046210 
0.462778 0.992397 0.462022 
0.057405 0.003882 0.491768 
0.985246 0.004676 0.005402 0.004676 
0.250000 0.250000 0.250000 0.250000 
 200
0.479817 0.003721 0.046210 
0.462778 0.992397 0.462022 
0.057405 0.003882 0.491768 
0.004676 0.004676 0.004676 0.985973 
0.250000 0.250000 0.250000 0.250000 
 201
0.479817 0.003721 0.046210 
0.462778 0.992397 0.462022 
0.057405 0.003882 0.491768 
0.984159 0.005288 0.005375 0.005178 
0.250000 0.250000 0.250000 0.250000 
 202
0.479817 0.003721 0.046210 
0.462778 0.992397 0.462022 
0.057405 0.003882 0.491768 
0.004676 0.004676 0.004676 0.985973 
0.250000 0.250000 0.250000 0.250000 
 203
0.479817 0.003721 0.046210 
0.462778 0.992397 0.462022 
0.057405 0.003882 0.491768 
0.004676 0.985973 0.004676 0.004676 
0.250000 0.250000 0.250000 0.250000 
 204
0.479817 0.003721 0.046210 
0.462778 0.992397 0.462022 
0.057405 0.003882 0.491768 
0.004676 0.004676 0.982089 0.008560 
0.250000 0.250000 0.250000 0.250000 
 205
0.479817 0.003721 0.046210 
0.462778 0.992397 0.462022 
0.057405 0.003882 0.491768 
0.480247 0.509625 0.005452 0.004677 
0.250000 0.250000 0.250000 0.250000 
 206
0.479817 0.003721 0.046210 
0.462778 0.992397 0.462022 
0.057405 0.003882 0.491768 
0.982786 0.007859 0.004678 0.004678 
0.250000 0.250000 0.250000 0.250000 
 207
0.479817 0.003721 0.046210 
0.462778 0.992397 0.462022 
0.057405 0.003882 0.491768 
0.007676 0.004676 0.981979 0.005670 
0.250000 0.250000 0.250000 0.250000 
 208
0.479817 0.003721 0.046210 
0.462778 0.992397 0.462022 
0.057405 0.003882 0.491768 
0.980302 0.005678 0.009344 0.004676 
0.250000 0.250000 0.250000 0.250000 
 209
0.479817 0.003721 0.046210 
0.462778 0.992397 0.462022 
0.057405 0.003882 0.491768 
0.006577 0.984072 0.004676 0.004676 
0.250000 0.250000 0.250000 0.250000 
 210
0.479817 0.003721 0.046210 
0.462778 0.992397 0.462022 
0.057405 0.003882 0.491768 
0.004676 0.007272 0.010268 0.977785 
0.250000 0.250000 0.250000 0.250000 
 211
0.479817 0.003721 0.046210 
0.462778 0.992397 0.462022 
0.057405 0.003882 0.491768 
0.004676 0.004676 0.985973 0.004676 
0.250000 0.250000 0.250000 0.250000 
 212
0.479817 0.003721 0.046210 
0.462778 0.992397 0.462022 
0.057405 0.003882 0.491768 
0.007010 0.004676 0.983639 0.004676 
0.250000 0.250000 0.250000 0.250000 
 213
0.479817 0.003721 0.046210 
0.462778 0.992397 0.462022 
0.057405 0.003882 0.491768 
0.005097 0.004676 0.007112 0.983115 
0.250000 0.250000 0.250000 0.250000 
 214
0.479817 0.003721 0.046210 
0.462778 0.992397 0.462022 
0.057405 0.003882 0.491768 
0.005422 0.004676 0.985226 0.004676 
0.250000 0.250000 0.250000 0.250000 
 215
0.479817 0.003721 0.046210 
0.462778 0.992397 0.462022 
0.057405 0.003882 0.491768 
0.985141 0.004676 0.004676 0.005508 
0.250000 0.250000 0.250000 0.250000 
 216
0.479817 0.003721 0.046210 
0.462778 0.992397 0.462022 
0.057405 0.003882 0.491768 
0.004676 0.004676 0.017130 0.973519 
0.250000 0.250000 0.250000 0.250000 
 217
0.479817 0.003721 0.046210 
0.462778 0.992397 0.462022 
0.057405 0.003882 0.491768 
0.007139 0.004676 0.983509 0.004676 
0.250000 0.250000 0.250000 0.250000 
 218
0.479817 0.003721 0.046210 
0.462778 0.992397 0.462022 
0.057405 0.003882 0.491768 
0.981613 0.005216 0.004676 0.008496 
0.250000 0.250000 0.250000 0.250000 
 219
0.479817 0.003721 0.046210 
0.462778 0.992397 0.462022 
0.057405 0.003882 0.491768 
0.016072 0.949461 0.004676 0.029791 
0.250000 0.250000 0.250000 0.250000 
 220
0.479817 0.003721 0.046210 
0.462778 0.992397 0.462022 
0.057405 0.003882 0.491768 
0.983337 0.007312 0.004676 0.004676 
0.250000 0.250000 0.250000 0.250000 
 221
0.479817 0.003721 0.046210 
0.462778 0.992397 0.462022 
0.057405 0.003882 0.491768 
0.004676 0.004676 0.004676 0.985973 
0.250000 0.250000 0.250000 0.250000 
 222
0.479817 0.003721 0.046210 
0.462778 0.992397 0.462022 
0.057405 0.003882 0.491768 
0.006242 0.004676 0.982072 0.007011 
0.250000 0.250000 0.250000 0.250000 
 223
0.479817 0.003721 0.046210 
0.462778 0.992397 0.462022 
0.057405 0.003882 0.491768 
0.014824 0.004676 0.975825 0.004676 
0.250000 0.250000 0.250000 0.250000 
 224
0.479817 0.003721 0.046210 
0.462778 0.992397 0.462022 
0.057405 0.003882 0.491768 
0.004676 0.004676 0.004676 0.985973 
0.250000 0.250000 0.250000 0.250000 
 225
0.479817 0.003721 0.046210 
0.462778 0.992397 0.462022 
0.057405 0.003882 0.491768 
0.004676 0.005151 0.005942 0.984231 
0.250000 0.250000 0.250000 0.250000 
 226
0.479817 0.003721 0.046210 
0.462778 0.992397 0.462022 
0.057405 0.003882 0.491768 
0.004676 0.985973 0.004676 0.004676 
0.250000 0.250000 0.250000 0.250000 
 227
0.479817 0.003721 0.046210 
0.462778 0.992397 0.462022 
0.057405 0.003882 0.491768 
0.985973 0.004676 0.004676 0.004676 
0.250000 0.250000 0.250000 0.250000 
 228
0.479817 0.003721 0.046210 
0.462778 0.992397 0.462022 
0.057405 0.003882 0.491768 
0.004676 0.004676 0.007012 0.983637 
0.250000 0.250000 0.250000 0.250000 
 229
0.479817 0.003721 0.046210 
0.462778 0.992397 0.462022 
0.057405 0.003882 0.491768 
0.004676 0.985973 0.004676 0.004676 
0.250000 0.250000 0.250000 0.250000 
 230
0.479817 0.003721 0.046210 
0.462778 0.992397 0.462022 
0.057405 0.003882 0.491768 
0.004676 0.985973 0.004676 0.004676 
0.250000 0.250000 0.250000 0.250000 
 231
0.479817 0.003721 0.046210 
0.462778 0.992397 0.462022 
0.057405 0.003882 0.491768 
0.979706 0.010943 0.004676 0.004676 
0.250000 0.250000 0.250000 0.250000 
 232
0.479817 0.003721 0.046210 
0.462778 0.992397 0.462022 
0.057405 0.003882 0.491768 
0.011823 0.978826 0.004676 0.004676 
0.250000 0.250000 0.250000 0.250000 
 233
0.479817 0.003721 0.046210 
0.462778 0.992397 0.462022 
0.057405 0.003882 0.491768 
0.962782 0.007652 0.005096 0.024470 
0.250000 0.250000 0.250000 0.250000 
 234
0.479817 0.003721 0.046210 
0.462778 0.992397 0.462022 
0.057405 0.003882 0.491768 
0.983391 0.006513 0.005420 0.004676 
0.250000 0.250000 0.250000 0.250000 
 235
0.479817 0.003721 0.046210 
