%  SAM: /scicomp/home/yfa9/CDC_projects/Mol_genetic_analysis/Nomenclature/H1_Nomenclature/R2/From_R1/1-Variants/3_GenGrp-files/1-Groupwise-fasta/v-1/3-All/v-4/label/LABEL_RES/scripts/modelfromalign_Linux v3.5 (July 15, 2005) compiled 12/08/06_16:15:55
%  (c) 1992-2001 Regents of the University of California, Santa Cruz
%
%          Sequence Alignment and Modeling Software System
%         http://www.cse.ucsc.edu/research/compbio/sam.html
%
% ----------------- Citations (SAM, SAM-T2K, HMMs) --------------------
% R. Hughey, A. Krogh, Hidden Markov models for sequence analysis:
%  Extension and analysis of the basic method, CABIOS 12:95-107, 1996.
% K. Karplus, et al., What is the value added by human intervention in protein
%  structure prediction, Proteins: Stucture, Function, Genetics 45(S5):86--91, 2001.
% A. Krogh et al., Hidden Markov models in computational biology:
%  Applications to protein modeling, JMB 235:1501-1531, Feb 1994.
% ---------------------------------------------------------------------
%  c-1-3-4-8-Old_hmm   Host: login01.aspen.biotech.cdc.gov    Mon Dec 11 09:01:40 2017
%  yfa9                Dir:  /scicomp/home/yfa9/CDC_projects/Mol_genetic_analysis/Nomenclature/H1_Nomenclature/R2/From_R1/1-Variants/3_GenGrp-files/1-Groupwise-fasta/v-1/3-All/v-4/R2-v1/c-1-8-Old/c-1-to-6-8-Old/c-non-6C/c-non-5/c-1-2-3-4-8-Old
% ---------------------------------------------------------------------
%  Alignment weights from internal calc.  Total (78.08) Max (0.12) Min (0.01)
%  Weights from alignment method 1 (karplus), b=-1.000000, e=0.500000
MODEL --  Model from alignment file /scicomp/home/yfa9/CDC_projects/Mol_genetic_analysis/Nomenclature/H1_Nomenclature/R2/From_R1/1-Variants/3_GenGrp-files/1-Groupwise-fasta/v-1/3-All/v-4/label/LABEL_RES/training_data/H1pdm09R2-v2017/c-1-8-Old/c-1-to-6-8-Old/c-non-6C/c-non-5/c-1-2-3-4-8-Old/c-1-3-4-8-Old.fasta
alphabet DNA
FREQAVE
0.000000 0.000000 0.000000 
0.000000 0.000000 0.000000 
0.000000 0.000000 0.000000 
0.352335 0.222926 0.184990 0.239749 
0.352335 0.222926 0.184990 0.239749 
Begin
0.000000 0.000000 0.000000 
0.000000 0.000000 0.000000 
0.000000 0.002826 0.491768 
0.250000 0.250000 0.250000 0.250000 
0.250000 0.250000 0.250000 0.250000 
   1
0.000000 0.002797 0.046210 
0.000000 0.994378 0.462022 
0.057285 0.002826 0.491768 
0.990515 0.003162 0.003162 0.003162 
0.250000 0.250000 0.250000 0.250000 
   2
0.480910 0.002709 0.046210 
0.461805 0.994465 0.462022 
0.057285 0.002826 0.491768 
0.003162 0.003162 0.003162 0.990515 
0.250000 0.250000 0.250000 0.250000 
   3
0.478809 0.002709 0.046210 
0.463906 0.994465 0.462022 
0.057405 0.002826 0.491768 
0.003161 0.990516 0.003161 0.003161 
0.250000 0.250000 0.250000 0.250000 
   4
0.479817 0.002709 0.046210 
0.462778 0.994466 0.462022 
0.057405 0.002826 0.491768 
0.962274 0.031403 0.003162 0.003162 
0.250000 0.250000 0.250000 0.250000 
   5
0.479817 0.002709 0.046210 
0.462778 0.994466 0.462022 
0.057405 0.002826 0.491768 
0.990091 0.003586 0.003161 0.003161 
0.250000 0.250000 0.250000 0.250000 
   6
0.479817 0.002709 0.046210 
0.462778 0.994466 0.462022 
0.057405 0.002826 0.491768 
0.008157 0.984346 0.003162 0.004335 
0.250000 0.250000 0.250000 0.250000 
   7
0.479817 0.002709 0.046210 
0.462778 0.994466 0.462022 
0.057405 0.002826 0.491768 
0.006741 0.986937 0.003161 0.003161 
0.250000 0.250000 0.250000 0.250000 
   8
0.479817 0.002709 0.046210 
0.462778 0.994466 0.462022 
0.057405 0.002826 0.491768 
0.003736 0.003161 0.989179 0.003925 
0.250000 0.250000 0.250000 0.250000 
   9
0.479817 0.002709 0.046210 
0.462778 0.994466 0.462022 
0.057405 0.002826 0.491768 
0.989563 0.003475 0.003161 0.003801 
0.250000 0.250000 0.250000 0.250000 
  10
0.479817 0.002709 0.046210 
0.462778 0.994466 0.462022 
0.057405 0.002826 0.491768 
0.988808 0.004870 0.003161 0.003161 
0.250000 0.250000 0.250000 0.250000 
  11
0.479817 0.002709 0.046210 
0.462778 0.994466 0.462022 
0.057405 0.002826 0.491768 
0.003418 0.003584 0.006052 0.986945 
0.250000 0.250000 0.250000 0.250000 
  12
0.479817 0.002709 0.046210 
0.462778 0.994466 0.462022 
0.057405 0.002826 0.491768 
0.989530 0.003843 0.003161 0.003465 
0.250000 0.250000 0.250000 0.250000 
  13
0.479817 0.002709 0.046210 
0.462778 0.994466 0.462022 
0.057405 0.002826 0.491768 
0.004057 0.003162 0.986966 0.005816 
0.250000 0.250000 0.250000 0.250000 
  14
0.479817 0.002709 0.046210 
0.462778 0.994466 0.462022 
0.057405 0.002826 0.491768 
0.003161 0.003943 0.004042 0.988853 
0.250000 0.250000 0.250000 0.250000 
  15
0.479817 0.002709 0.046210 
0.462778 0.994466 0.462022 
0.057405 0.002826 0.491768 
0.988806 0.004443 0.003590 0.003161 
0.250000 0.250000 0.250000 0.250000 
  16
0.479817 0.002709 0.046210 
0.462778 0.994466 0.462022 
0.057405 0.002826 0.491768 
0.008472 0.984096 0.003410 0.004022 
0.250000 0.250000 0.250000 0.250000 
  17
0.479817 0.002709 0.046210 
0.462778 0.994466 0.462022 
0.057405 0.002826 0.491768 
0.003163 0.004231 0.008033 0.984573 
0.250000 0.250000 0.250000 0.250000 
  18
0.479817 0.002709 0.046210 
0.462778 0.994466 0.462022 
0.057405 0.002826 0.491768 
0.989757 0.003920 0.003161 0.003161 
0.250000 0.250000 0.250000 0.250000 
  19
0.479817 0.002709 0.046210 
0.462778 0.994466 0.462022 
0.057405 0.002826 0.491768 
0.004516 0.987282 0.003161 0.005040 
0.250000 0.250000 0.250000 0.250000 
  20
0.479817 0.002709 0.046210 
0.462778 0.994466 0.462022 
0.057405 0.002826 0.491768 
0.003161 0.003851 0.004533 0.988455 
0.250000 0.250000 0.250000 0.250000 
  21
0.479817 0.002709 0.046210 
0.462778 0.994466 0.462022 
0.057405 0.002826 0.491768 
0.003482 0.003161 0.004076 0.989281 
0.250000 0.250000 0.250000 0.250000 
  22
0.479817 0.002709 0.046210 
0.462778 0.994466 0.462022 
0.057405 0.002826 0.491768 
0.008688 0.003167 0.982314 0.005831 
0.250000 0.250000 0.250000 0.250000 
  23
0.479817 0.002709 0.046210 
0.462778 0.994466 0.462022 
0.057405 0.002826 0.491768 
0.003162 0.003162 0.003162 0.990515 
0.250000 0.250000 0.250000 0.250000 
  24
0.479817 0.002709 0.046210 
0.462778 0.994466 0.462022 
0.057405 0.002826 0.491768 
0.005472 0.987921 0.003161 0.003445 
0.250000 0.250000 0.250000 0.250000 
  25
0.479817 0.002709 0.046210 
0.462778 0.994466 0.462022 
0.057405 0.002826 0.491768 
0.003642 0.003161 0.987831 0.005366 
0.250000 0.250000 0.250000 0.250000 
  26
0.479817 0.002709 0.046210 
0.462778 0.994466 0.462022 
0.057405 0.002826 0.491768 
0.003161 0.003161 0.003161 0.990516 
0.250000 0.250000 0.250000 0.250000 
  27
0.479817 0.002709 0.046210 
0.462778 0.994466 0.462022 
0.057405 0.002826 0.491768 
0.988660 0.004716 0.003462 0.003162 
0.250000 0.250000 0.250000 0.250000 
  28
0.479817 0.002709 0.046210 
0.462778 0.994466 0.462022 
0.057405 0.002826 0.491768 
0.003161 0.003161 0.004382 0.989295 
0.250000 0.250000 0.250000 0.250000 
  29
0.479817 0.002709 0.046210 
0.462778 0.994466 0.462022 
0.057405 0.002826 0.491768 
0.988851 0.004528 0.003161 0.003460 
0.250000 0.250000 0.250000 0.250000 
  30
0.479817 0.002709 0.046210 
0.462778 0.994466 0.462022 
0.057405 0.002826 0.491768 
0.003161 0.003161 0.014951 0.978726 
0.250000 0.250000 0.250000 0.250000 
  31
0.479817 0.002709 0.046210 
0.462778 0.994466 0.462022 
0.057405 0.002826 0.491768 
0.990103 0.003574 0.003161 0.003161 
0.250000 0.250000 0.250000 0.250000 
  32
0.479817 0.002709 0.046210 
0.462778 0.994466 0.462022 
0.057405 0.002826 0.491768 
0.003840 0.003161 0.987494 0.005504 
0.250000 0.250000 0.250000 0.250000 
  33
0.479817 0.002709 0.046210 
0.462778 0.994466 0.462022 
0.057405 0.002826 0.491768 
0.989296 0.003869 0.003161 0.003674 
0.250000 0.250000 0.250000 0.250000 
  34
0.479817 0.002709 0.046210 
0.462778 0.994466 0.462022 
0.057405 0.002826 0.491768 
0.004910 0.003711 0.004776 0.986603 
0.250000 0.250000 0.250000 0.250000 
  35
0.479817 0.002709 0.046210 
0.462778 0.994466 0.462022 
0.057405 0.002826 0.491768 
0.003885 0.003409 0.003402 0.989304 
0.250000 0.250000 0.250000 0.250000 
  36
0.479817 0.002709 0.046210 
0.462778 0.994466 0.462022 
0.057405 0.002826 0.491768 
0.005425 0.003162 0.004357 0.987056 
0.250000 0.250000 0.250000 0.250000 
  37
0.479817 0.002709 0.046210 
0.462778 0.994466 0.462022 
0.057405 0.002826 0.491768 
0.012516 0.980647 0.003161 0.003676 
0.250000 0.250000 0.250000 0.250000 
  38
0.479817 0.002709 0.046210 
0.462778 0.994466 0.462022 
0.057405 0.002826 0.491768 
0.004020 0.005509 0.985549 0.004922 
0.250000 0.250000 0.250000 0.250000 
  39
0.479817 0.002709 0.046210 
0.462778 0.994466 0.462022 
0.057405 0.002826 0.491768 
0.989320 0.003736 0.003162 0.003782 
0.250000 0.250000 0.250000 0.250000 
  40
0.479817 0.002709 0.046210 
0.462778 0.994466 0.462022 
0.057405 0.002826 0.491768 
0.986424 0.005712 0.003161 0.004702 
0.250000 0.250000 0.250000 0.250000 
  41
0.479817 0.002709 0.046210 
0.462778 0.994466 0.462022 
0.057405 0.002826 0.491768 
0.003162 0.003162 0.984500 0.009177 
0.250000 0.250000 0.250000 0.250000 
  42
0.479817 0.002709 0.046210 
0.462778 0.994466 0.462022 
0.057405 0.002826 0.491768 
0.006713 0.003397 0.980140 0.009750 
0.250000 0.250000 0.250000 0.250000 
  43
0.479817 0.002709 0.046210 
0.462778 0.994466 0.462022 
0.057405 0.002826 0.491768 
0.017591 0.974843 0.003162 0.004405 
0.250000 0.250000 0.250000 0.250000 
  44
0.479817 0.002709 0.046210 
0.462778 0.994466 0.462022 
0.057405 0.002826 0.491768 
0.003161 0.003161 0.988735 0.004943 
0.250000 0.250000 0.250000 0.250000 
  45
0.479817 0.002709 0.046210 
0.462778 0.994466 0.462022 
0.057405 0.002826 0.491768 
0.986972 0.005587 0.003161 0.004280 
0.250000 0.250000 0.250000 0.250000 
  46
0.479817 0.002709 0.046210 
0.462778 0.994466 0.462022 
0.057405 0.002826 0.491768 
0.988534 0.004623 0.003434 0.003409 
0.250000 0.250000 0.250000 0.250000 
  47
0.479817 0.002709 0.046210 
0.462778 0.994466 0.462022 
0.057405 0.002826 0.491768 
0.988060 0.005332 0.003446 0.003162 
0.250000 0.250000 0.250000 0.250000 
  48
0.479817 0.002709 0.046210 
0.462778 0.994466 0.462022 
0.057405 0.002826 0.491768 
0.005002 0.003990 0.005741 0.985267 
0.250000 0.250000 0.250000 0.250000 
  49
0.479817 0.002709 0.046210 
0.462778 0.994466 0.462022 
0.057405 0.002826 0.491768 
0.005213 0.987478 0.003394 0.003916 
0.250000 0.250000 0.250000 0.250000 
  50
0.479817 0.002709 0.046210 
0.462778 0.994466 0.462022 
0.057405 0.002826 0.491768 
0.003161 0.003161 0.990516 0.003161 
0.250000 0.250000 0.250000 0.250000 
  51
0.479817 0.002709 0.046210 
0.462778 0.994466 0.462022 
0.057405 0.002826 0.491768 
0.988121 0.004884 0.003603 0.003393 
0.250000 0.250000 0.250000 0.250000 
  52
0.479817 0.002709 0.046210 
0.462778 0.994466 0.462022 
0.057405 0.002826 0.491768 
0.003466 0.989572 0.003161 0.003801 
0.250000 0.250000 0.250000 0.250000 
  53
0.479817 0.002709 0.046210 
0.462778 0.994466 0.462022 
0.057405 0.002826 0.491768 
0.989848 0.003512 0.003478 0.003161 
0.250000 0.250000 0.250000 0.250000 
  54
0.479817 0.002709 0.046210 
0.462778 0.994466 0.462022 
0.057405 0.002826 0.491768 
0.003161 0.003161 0.990119 0.003558 
0.250000 0.250000 0.250000 0.250000 
  55
0.479817 0.002709 0.046210 
0.462778 0.994466 0.462022 
0.057405 0.002826 0.491768 
0.990516 0.003161 0.003161 0.003161 
0.250000 0.250000 0.250000 0.250000 
  56
0.479817 0.002709 0.046210 
0.462778 0.994466 0.462022 
0.057405 0.002826 0.491768 
0.003162 0.003162 0.989255 0.004422 
0.250000 0.250000 0.250000 0.250000 
  57
0.479817 0.002709 0.046210 
0.462778 0.994466 0.462022 
0.057405 0.002826 0.491768 
0.988286 0.003985 0.003161 0.004568 
0.250000 0.250000 0.250000 0.250000 
  58
0.479817 0.002709 0.046210 
0.462778 0.994466 0.462022 
0.057405 0.002826 0.491768 
0.003726 0.003161 0.006424 0.986689 
0.250000 0.250000 0.250000 0.250000 
  59
0.479817 0.002709 0.046210 
0.462778 0.994466 0.462022 
0.057405 0.002826 0.491768 
0.003161 0.003161 0.003161 0.990516 
0.250000 0.250000 0.250000 0.250000 
  60
0.479817 0.002709 0.046210 
0.462778 0.994466 0.462022 
0.057405 0.002826 0.491768 
0.988768 0.004910 0.003161 0.003161 
0.250000 0.250000 0.250000 0.250000 
  61
0.479817 0.002709 0.046210 
0.462778 0.994466 0.462022 
0.057405 0.002826 0.491768 
0.003684 0.003161 0.003844 0.989311 
0.250000 0.250000 0.250000 0.250000 
  62
0.479817 0.002709 0.046210 
0.462778 0.994466 0.462022 
0.057405 0.002826 0.491768 
0.003161 0.990516 0.003161 0.003161 
0.250000 0.250000 0.250000 0.250000 
  63
0.479817 0.002709 0.046210 
0.462778 0.994466 0.462022 
0.057405 0.002826 0.491768 
0.003161 0.003815 0.008280 0.984744 
0.250000 0.250000 0.250000 0.250000 
  64
0.479817 0.002709 0.046210 
0.462778 0.994466 0.462022 
0.057405 0.002826 0.491768 
0.986223 0.006347 0.004269 0.003161 
0.250000 0.250000 0.250000 0.250000 
  65
0.479817 0.002709 0.046210 
0.462778 0.994466 0.462022 
0.057405 0.002826 0.491768 
0.003161 0.004269 0.003483 0.989087 
0.250000 0.250000 0.250000 0.250000 
  66
0.479817 0.002709 0.046210 
0.462778 0.994466 0.462022 
0.057405 0.002826 0.491768 
0.988759 0.003565 0.003406 0.004269 
0.250000 0.250000 0.250000 0.250000 
  67
0.479817 0.002709 0.046210 
0.462778 0.994466 0.462022 
0.057405 0.002826 0.491768 
0.003162 0.990515 0.003162 0.003162 
0.250000 0.250000 0.250000 0.250000 
  68
0.479817 0.002709 0.046210 
0.462778 0.994466 0.462022 
0.057405 0.002826 0.491768 
0.003161 0.990516 0.003161 0.003161 
0.250000 0.250000 0.250000 0.250000 
  69
0.479817 0.002709 0.046210 
0.462778 0.994466 0.462022 
0.057405 0.002826 0.491768 
0.003161 0.003161 0.004919 0.988758 
0.250000 0.250000 0.250000 0.250000 
  70
0.479817 0.002709 0.046210 
0.462778 0.994466 0.462022 
0.057405 0.002826 0.491768 
0.003164 0.003164 0.004224 0.989448 
0.250000 0.250000 0.250000 0.250000 
  71
0.479817 0.002709 0.046210 
0.462778 0.994466 0.462022 
0.057405 0.002826 0.491768 
0.988726 0.004269 0.003161 0.003844 
0.250000 0.250000 0.250000 0.250000 
  72
0.479817 0.002709 0.046210 
0.462778 0.994466 0.462022 
0.057405 0.002826 0.491768 
0.003161 0.004269 0.005089 0.987480 
0.250000 0.250000 0.250000 0.250000 
  73
0.479817 0.002709 0.046210 
0.462778 0.994466 0.462022 
0.057405 0.002826 0.491768 
0.003161 0.003161 0.990516 0.003161 
0.250000 0.250000 0.250000 0.250000 
  74
0.479817 0.002709 0.046210 
0.462778 0.994466 0.462022 
0.057405 0.002826 0.491768 
0.990137 0.003540 0.003162 0.003162 
0.250000 0.250000 0.250000 0.250000 
  75
0.479817 0.002709 0.046210 
0.462778 0.994466 0.462022 
0.057405 0.002826 0.491768 
0.003450 0.003161 0.003969 0.989420 
0.250000 0.250000 0.250000 0.250000 
  76
0.479817 0.002709 0.046210 
0.462778 0.994466 0.462022 
0.057405 0.002826 0.491768 
0.004004 0.989674 0.003161 0.003161 
0.250000 0.250000 0.250000 0.250000 
  77
0.479817 0.002709 0.046210 
0.462778 0.994466 0.462022 
0.057405 0.002826 0.491768 
0.003162 0.003664 0.990012 0.003162 
0.250000 0.250000 0.250000 0.250000 
  78
0.479817 0.002709 0.046210 
0.462778 0.994466 0.462022 
0.057405 0.002826 0.491768 
0.011802 0.981144 0.003162 0.003893 
0.250000 0.250000 0.250000 0.250000 
  79
0.479817 0.002709 0.046210 
0.462778 0.994466 0.462022 
0.057405 0.002826 0.491768 
0.989947 0.003730 0.003161 0.003161 
0.250000 0.250000 0.250000 0.250000 
  80
0.479817 0.002709 0.046210 
0.462778 0.994466 0.462022 
0.057405 0.002826 0.491768 
0.988218 0.003502 0.005119 0.003162 
0.250000 0.250000 0.250000 0.250000 
  81
0.479817 0.002709 0.046210 
0.462778 0.994466 0.462022 
0.057405 0.002826 0.491768 
0.003162 0.003162 0.989613 0.004063 
0.250000 0.250000 0.250000 0.250000 
  82
0.479817 0.002709 0.046210 
0.462778 0.994466 0.462022 
0.057405 0.002826 0.491768 
0.990093 0.003162 0.003162 0.003584 
0.250000 0.250000 0.250000 0.250000 
  83
0.479817 0.002709 0.046210 
0.462778 0.994466 0.462022 
0.057405 0.002826 0.491768 
0.990516 0.003161 0.003161 0.003161 
0.250000 0.250000 0.250000 0.250000 
  84
0.479817 0.002709 0.046210 
0.462778 0.994466 0.462022 
0.057405 0.002826 0.491768 
0.003161 0.003161 0.006069 0.987608 
0.250000 0.250000 0.250000 0.250000 
  85
0.479817 0.002709 0.046210 
0.462778 0.994466 0.462022 
0.057405 0.002826 0.491768 
0.003161 0.003161 0.003161 0.990516 
0.250000 0.250000 0.250000 0.250000 
  86
0.479817 0.002709 0.046210 
0.462778 0.994466 0.462022 
0.057405 0.002826 0.491768 
0.003162 0.003162 0.990514 0.003162 
0.250000 0.250000 0.250000 0.250000 
  87
0.479817 0.002709 0.046210 
0.462778 0.994466 0.462022 
0.057405 0.002826 0.491768 
0.989231 0.004046 0.003161 0.003563 
0.250000 0.250000 0.250000 0.250000 
  88
0.479817 0.002709 0.046210 
0.462778 0.994466 0.462022 
0.057405 0.002826 0.491768 
0.989351 0.004030 0.003458 0.003161 
0.250000 0.250000 0.250000 0.250000 
  89
0.479817 0.002709 0.046210 
0.462778 0.994466 0.462022 
0.057405 0.002826 0.491768 
0.003161 0.003161 0.990020 0.003658 
0.250000 0.250000 0.250000 0.250000 
  90
0.479817 0.002709 0.046210 
0.462778 0.994466 0.462022 
0.057405 0.002826 0.491768 
0.984743 0.005190 0.003162 0.006904 
0.250000 0.250000 0.250000 0.250000 
  91
0.479817 0.002709 0.046210 
0.462778 0.994466 0.462022 
0.057405 0.002826 0.491768 
0.003694 0.989983 0.003161 0.003161 
0.250000 0.250000 0.250000 0.250000 
  92
0.479817 0.002709 0.046210 
0.462778 0.994466 0.462022 
0.057405 0.002826 0.491768 
0.990516 0.003161 0.003161 0.003161 
0.250000 0.250000 0.250000 0.250000 
  93
0.479817 0.002709 0.046210 
0.462778 0.994466 0.462022 
0.057405 0.002826 0.491768 
0.004170 0.003395 0.988525 0.003911 
0.250000 0.250000 0.250000 0.250000 
  94
0.479817 0.002709 0.046210 
0.462778 0.994466 0.462022 
0.057405 0.002826 0.491768 
0.990516 0.003161 0.003161 0.003161 
0.250000 0.250000 0.250000 0.250000 
  95
0.479817 0.002709 0.046210 
0.462778 0.994466 0.462022 
0.057405 0.002826 0.491768 
0.003161 0.003161 0.990139 0.003538 
0.250000 0.250000 0.250000 0.250000 
  96
0.479817 0.002709 0.046210 
0.462778 0.994466 0.462022 
0.057405 0.002826 0.491768 
0.003873 0.003161 0.004743 0.988222 
0.250000 0.250000 0.250000 0.250000 
  97
0.479817 0.002709 0.046210 
0.462778 0.994466 0.462022 
0.057405 0.002826 0.491768 
0.005052 0.988625 0.003161 0.003161 
0.250000 0.250000 0.250000 0.250000 
  98
0.479817 0.002709 0.046210 
0.462778 0.994466 0.462022 
0.057405 0.002826 0.491768 
0.003489 0.003535 0.003161 0.989814 
0.250000 0.250000 0.250000 0.250000 
  99
0.479817 0.002709 0.046210 
0.462778 0.994466 0.462022 
0.057405 0.002826 0.491768 
0.987096 0.005825 0.003162 0.003918 
0.250000 0.250000 0.250000 0.250000 
 100
0.479817 0.002709 0.046210 
0.462778 0.994466 0.462022 
0.057405 0.002826 0.491768 
0.003512 0.989848 0.003162 0.003478 
0.250000 0.250000 0.250000 0.250000 
 101
0.479817 0.002709 0.046210 
0.462778 0.994466 0.462022 
0.057405 0.002826 0.491768 
0.990516 0.003161 0.003161 0.003161 
0.250000 0.250000 0.250000 0.250000 
 102
0.479817 0.002709 0.046210 
0.462778 0.994466 0.462022 
0.057405 0.002826 0.491768 
0.003162 0.003630 0.988092 0.005116 
0.250000 0.250000 0.250000 0.250000 
 103
0.479817 0.002709 0.046210 
0.462778 0.994466 0.462022 
0.057405 0.002826 0.491768 
0.990516 0.003161 0.003161 0.003161 
0.250000 0.250000 0.250000 0.250000 
 104
0.479817 0.002709 0.046210 
0.462778 0.994466 0.462022 
0.057405 0.002826 0.491768 
0.003161 0.003161 0.990516 0.003161 
0.250000 0.250000 0.250000 0.250000 
 105
0.479817 0.002709 0.046210 
0.462778 0.994466 0.462022 
0.057405 0.002826 0.491768 
0.986550 0.004964 0.004558 0.003928 
0.250000 0.250000 0.250000 0.250000 
 106
0.479817 0.002709 0.046210 
0.462778 0.994466 0.462022 
0.057405 0.002826 0.491768 
0.027020 0.963830 0.003162 0.005988 
0.250000 0.250000 0.250000 0.250000 
 107
0.479817 0.002709 0.046210 
0.462778 0.994466 0.462022 
0.057405 0.002826 0.491768 
0.003161 0.003161 0.003161 0.990516 
0.250000 0.250000 0.250000 0.250000 
 108
0.479817 0.002709 0.046210 
0.462778 0.994466 0.462022 
0.057405 0.002826 0.491768 
0.986349 0.007328 0.003161 0.003161 
0.250000 0.250000 0.250000 0.250000 
 109
0.479817 0.002709 0.046210 
0.462778 0.994466 0.462022 
0.057405 0.002826 0.491768 
0.003497 0.003162 0.986949 0.006392 
0.250000 0.250000 0.250000 0.250000 
 110
0.479817 0.002709 0.046210 
0.462778 0.994466 0.462022 
0.057405 0.002826 0.491768 
0.003161 0.003161 0.003161 0.990516 
0.250000 0.250000 0.250000 0.250000 
 111
0.479817 0.002709 0.046210 
0.462778 0.994466 0.462022 
0.057405 0.002826 0.491768 
0.988726 0.004562 0.003550 0.003161 
0.250000 0.250000 0.250000 0.250000 
 112
0.479817 0.002709 0.046210 
0.462778 0.994466 0.462022 
0.057405 0.002826 0.491768 
0.004876 0.988802 0.003161 0.003161 
0.250000 0.250000 0.250000 0.250000 
 113
0.479817 0.002709 0.046210 
0.462778 0.994466 0.462022 
0.057405 0.002826 0.491768 
0.990096 0.003161 0.003581 0.003161 
0.250000 0.250000 0.250000 0.250000 
 114
0.479817 0.002709 0.046210 
0.462778 0.994466 0.462022 
0.057405 0.002826 0.491768 
0.988005 0.005193 0.003640 0.003162 
0.250000 0.250000 0.250000 0.250000 
 115
0.479817 0.002709 0.046210 
0.462778 0.994466 0.462022 
0.057405 0.002826 0.491768 
0.990005 0.003672 0.003161 0.003161 
0.250000 0.250000 0.250000 0.250000 
 116
0.479817 0.002709 0.046210 
0.462778 0.994466 0.462022 
0.057405 0.002826 0.491768 
0.985103 0.008228 0.003161 0.003508 
0.250000 0.250000 0.250000 0.250000 
 117
0.479817 0.002709 0.046210 
0.462778 0.994466 0.462022 
0.057405 0.002826 0.491768 
0.004564 0.989114 0.003161 0.003161 
0.250000 0.250000 0.250000 0.250000 
 118
0.479817 0.002709 0.046210 
0.462778 0.994466 0.462022 
0.057405 0.002826 0.491768 
0.989995 0.003682 0.003161 0.003161 
0.250000 0.250000 0.250000 0.250000 
 119
0.479817 0.002709 0.046210 
0.462778 0.994466 0.462022 
0.057405 0.002826 0.491768 
0.990516 0.003161 0.003161 0.003161 
0.250000 0.250000 0.250000 0.250000 
 120
0.479817 0.002709 0.046210 
0.462778 0.994466 0.462022 
0.057405 0.002826 0.491768 
0.003911 0.003161 0.005332 0.987595 
0.250000 0.250000 0.250000 0.250000 
 121
0.479817 0.002709 0.046210 
0.462778 0.994466 0.462022 
0.057405 0.002826 0.491768 
0.004023 0.989654 0.003161 0.003161 
0.250000 0.250000 0.250000 0.250000 
 122
0.479817 0.002709 0.046210 
0.462778 0.994466 0.462022 
0.057405 0.002826 0.491768 
0.003161 0.003161 0.003752 0.989926 
0.250000 0.250000 0.250000 0.250000 
 123
0.479817 0.002709 0.046210 
0.462778 0.994466 0.462022 
0.057405 0.002826 0.491768 
0.986469 0.005992 0.004377 0.003162 
0.250000 0.250000 0.250000 0.250000 
 124
0.479817 0.002709 0.046210 
0.462778 0.994466 0.462022 
0.057405 0.002826 0.491768 
0.989490 0.003461 0.003888 0.003161 
0.250000 0.250000 0.250000 0.250000 
 125
0.479817 0.002709 0.046210 
0.462778 0.994466 0.462022 
0.057405 0.002826 0.491768 
0.003454 0.003161 0.989681 0.003704 
0.250000 0.250000 0.250000 0.250000 
 126
0.479817 0.002709 0.046210 
0.462778 0.994466 0.462022 
0.057405 0.002826 0.491768 
0.988889 0.004141 0.003420 0.003549 
0.250000 0.250000 0.250000 0.250000 
 127
0.479817 0.002709 0.046210 
0.462778 0.994466 0.462022 
0.057405 0.002826 0.491768 
0.003611 0.990066 0.003161 0.003161 
0.250000 0.250000 0.250000 0.250000 
 128
0.479817 0.002709 0.046210 
0.462778 0.994466 0.462022 
0.057405 0.002826 0.491768 
0.003162 0.003162 0.003539 0.990138 
0.250000 0.250000 0.250000 0.250000 
 129
0.479817 0.002709 0.046210 
0.462778 0.994466 0.462022 
0.057405 0.002826 0.491768 
0.987255 0.005799 0.003162 0.003785 
0.250000 0.250000 0.250000 0.250000 
 130
0.479817 0.002709 0.046210 
0.462778 0.994466 0.462022 
0.057405 0.002826 0.491768 
0.990516 0.003161 0.003161 0.003161 
0.250000 0.250000 0.250000 0.250000 
 131
0.479817 0.002709 0.046210 
0.462778 0.994466 0.462022 
0.057405 0.002826 0.491768 
0.003161 0.003161 0.990516 0.003161 
0.250000 0.250000 0.250000 0.250000 
 132
0.479817 0.002709 0.046210 
0.462778 0.994466 0.462022 
0.057405 0.002826 0.491768 
0.989831 0.003847 0.003161 0.003161 
0.250000 0.250000 0.250000 0.250000 
 133
0.479817 0.002709 0.046210 
0.462778 0.994466 0.462022 
0.057405 0.002826 0.491768 
0.003161 0.003161 0.990116 0.003561 
0.250000 0.250000 0.250000 0.250000 
 134
0.479817 0.002709 0.046210 
0.462778 0.994466 0.462022 
0.057405 0.002826 0.491768 
0.990039 0.003638 0.003161 0.003161 
0.250000 0.250000 0.250000 0.250000 
 135
0.479817 0.002709 0.046210 
0.462778 0.994466 0.462022 
0.057405 0.002826 0.491768 
0.004340 0.003161 0.985056 0.007443 
0.250000 0.250000 0.250000 0.250000 
 136
0.479817 0.002709 0.046210 
0.462778 0.994466 0.462022 
0.057405 0.002826 0.491768 
0.003161 0.003161 0.003161 0.990516 
0.250000 0.250000 0.250000 0.250000 
 137
0.479817 0.002709 0.046210 
0.462778 0.994466 0.462022 
0.057405 0.002826 0.491768 
0.003162 0.003162 0.990515 0.003162 
0.250000 0.250000 0.250000 0.250000 
 138
0.479817 0.002709 0.046210 
0.462778 0.994466 0.462022 
0.057405 0.002826 0.491768 
0.003523 0.003928 0.004998 0.987551 
0.250000 0.250000 0.250000 0.250000 
 139
0.479817 0.002709 0.046210 
0.462778 0.994466 0.462022 
0.057405 0.002826 0.491768 
0.004309 0.988537 0.003161 0.003992 
0.250000 0.250000 0.250000 0.250000 
 140
0.479817 0.002709 0.046210 
0.462778 0.994466 0.462022 
0.057405 0.002826 0.491768 
0.003161 0.003161 0.008114 0.985564 
0.250000 0.250000 0.250000 0.250000 
 141
0.479817 0.002709 0.046210 
0.462778 0.994466 0.462022 
0.057405 0.002826 0.491768 
0.003880 0.003161 0.005370 0.987589 
0.250000 0.250000 0.250000 0.250000 
 142
0.479817 0.002709 0.046210 
0.462778 0.994466 0.462022 
0.057405 0.002826 0.491768 
0.985624 0.007416 0.003798 0.003162 
0.250000 0.250000 0.250000 0.250000 
 143
0.479817 0.002709 0.046210 
0.462778 0.994466 0.462022 
0.057405 0.002826 0.491768 
0.989914 0.003763 0.003162 0.003162 
0.250000 0.250000 0.250000 0.250000 
 144
0.479817 0.002709 0.046210 
0.462778 0.994466 0.462022 
0.057405 0.002826 0.491768 
0.003162 0.003162 0.984218 0.009459 
0.250000 0.250000 0.250000 0.250000 
 145
0.479817 0.002709 0.046210 
0.462778 0.994466 0.462022 
0.057405 0.002826 0.491768 
0.049994 0.003162 0.943682 0.003162 
0.250000 0.250000 0.250000 0.250000 
 146
0.479817 0.002709 0.046210 
0.462778 0.994466 0.462022 
0.057405 0.002826 0.491768 
0.003161 0.003161 0.003161 0.990516 
0.250000 0.250000 0.250000 0.250000 
 147
0.479817 0.002709 0.046210 
0.462778 0.994466 0.462022 
0.057405 0.002826 0.491768 
0.003161 0.003450 0.004258 0.989130 
0.250000 0.250000 0.250000 0.250000 
 148
0.479817 0.002709 0.046210 
0.462778 0.994466 0.462022 
0.057405 0.002826 0.491768 
0.003466 0.003162 0.986872 0.006500 
0.250000 0.250000 0.250000 0.250000 
 149
0.479817 0.002709 0.046210 
0.462778 0.994466 0.462022 
0.057405 0.002826 0.491768 
0.003161 0.003161 0.003161 0.990516 
0.250000 0.250000 0.250000 0.250000 
 150
0.479817 0.002709 0.046210 
0.462778 0.994466 0.462022 
0.057405 0.002826 0.491768 
0.989453 0.004223 0.003162 0.003162 
0.250000 0.250000 0.250000 0.250000 
 151
0.479817 0.002709 0.046210 
0.462778 0.994466 0.462022 
0.057405 0.002826 0.491768 
0.003888 0.989788 0.003162 0.003162 
0.250000 0.250000 0.250000 0.250000 
 152
0.479817 0.002709 0.046210 
0.462778 0.994466 0.462022 
0.057405 0.002826 0.491768 
0.990133 0.003544 0.003161 0.003161 
0.250000 0.250000 0.250000 0.250000 
 153
0.479817 0.002709 0.046210 
0.462778 0.994466 0.462022 
0.057405 0.002826 0.491768 
0.990116 0.003562 0.003161 0.003161 
0.250000 0.250000 0.250000 0.250000 
 154
0.479817 0.002709 0.046210 
0.462778 0.994466 0.462022 
0.057405 0.002826 0.491768 
0.007187 0.985209 0.003161 0.004442 
0.250000 0.250000 0.250000 0.250000 
 155
0.479817 0.002709 0.046210 
0.462778 0.994466 0.462022 
0.057405 0.002826 0.491768 
0.987065 0.006147 0.003161 0.003627 
0.250000 0.250000 0.250000 0.250000 
 156
0.479817 0.002709 0.046210 
0.462778 0.994466 0.462022 
0.057405 0.002826 0.491768 
0.004150 0.003161 0.988426 0.004263 
0.250000 0.250000 0.250000 0.250000 
 157
0.479817 0.002709 0.046210 
0.462778 0.994466 0.462022 
0.057405 0.002826 0.491768 
0.988438 0.004898 0.003502 0.003161 
0.250000 0.250000 0.250000 0.250000 
 158
0.479817 0.002709 0.046210 
0.462778 0.994466 0.462022 
0.057405 0.002826 0.491768 
0.988383 0.004940 0.003161 0.003515 
0.250000 0.250000 0.250000 0.250000 
 159
0.479817 0.002709 0.046210 
0.462778 0.994466 0.462022 
0.057405 0.002826 0.491768 
0.011838 0.980569 0.003163 0.004430 
0.250000 0.250000 0.250000 0.250000 
 160
0.479817 0.002709 0.046210 
0.462778 0.994466 0.462022 
0.057405 0.002826 0.491768 
0.004532 0.003161 0.988406 0.003900 
0.250000 0.250000 0.250000 0.250000 
 161
0.479817 0.002709 0.046210 
0.462778 0.994466 0.462022 
0.057405 0.002826 0.491768 
0.987611 0.003161 0.006066 0.003161 
0.250000 0.250000 0.250000 0.250000 
 162
0.479817 0.002709 0.046210 
0.462778 0.994466 0.462022 
0.057405 0.002826 0.491768 
0.003441 0.003161 0.005007 0.988390 
0.250000 0.250000 0.250000 0.250000 
 163
0.479817 0.002709 0.046210 
0.462778 0.994466 0.462022 
0.057405 0.002826 0.491768 
0.986026 0.007369 0.003161 0.003444 
0.250000 0.250000 0.250000 0.250000 
 164
0.479817 0.002709 0.046210 
0.462778 0.994466 0.462022 
0.057405 0.002826 0.491768 
0.989046 0.004302 0.003490 0.003161 
0.250000 0.250000 0.250000 0.250000 
 165
0.479817 0.002709 0.046210 
0.462778 0.994466 0.462022 
0.057405 0.002826 0.491768 
0.003470 0.003162 0.985575 0.007793 
0.250000 0.250000 0.250000 0.250000 
 166
0.479817 0.002709 0.046210 
0.462778 0.994466 0.462022 
0.057405 0.002826 0.491768 
0.004874 0.988334 0.003161 0.003631 
0.250000 0.250000 0.250000 0.250000 
 167
0.479817 0.002709 0.046210 
0.462778 0.994466 0.462022 
0.057405 0.002826 0.491768 
0.007773 0.984365 0.003161 0.004701 
0.250000 0.250000 0.250000 0.250000 
 168
0.479817 0.002709 0.046210 
0.462778 0.994466 0.462022 
0.057405 0.002826 0.491768 
0.008962 0.984360 0.003161 0.003517 
0.250000 0.250000 0.250000 0.250000 
 169
0.479817 0.002709 0.046210 
0.462778 0.994466 0.462022 
0.057405 0.002826 0.491768 
0.990129 0.003549 0.003161 0.003161 
0.250000 0.250000 0.250000 0.250000 
 170
0.479817 0.002709 0.046210 
0.462778 0.994466 0.462022 
0.057405 0.002826 0.491768 
0.990109 0.003161 0.003569 0.003161 
0.250000 0.250000 0.250000 0.250000 
 171
0.479817 0.002709 0.046210 
0.462778 0.994466 0.462022 
0.057405 0.002826 0.491768 
0.985066 0.008612 0.003161 0.003161 
0.250000 0.250000 0.250000 0.250000 
 172
0.479817 0.002709 0.046210 
0.462778 0.994466 0.462022 
0.057405 0.002826 0.491768 
0.003161 0.003161 0.971113 0.022565 
0.250000 0.250000 0.250000 0.250000 
 173
0.479817 0.002709 0.046210 
0.462778 0.994466 0.462022 
0.057405 0.002826 0.491768 
0.003161 0.003161 0.003161 0.990516 
0.250000 0.250000 0.250000 0.250000 
 174
0.479817 0.002709 0.046210 
0.462778 0.994466 0.462022 
0.057405 0.002826 0.491768 
0.989640 0.003757 0.003441 0.003161 
0.250000 0.250000 0.250000 0.250000 
 175
0.479817 0.002709 0.046210 
0.462778 0.994466 0.462022 
0.057405 0.002826 0.491768 
0.003161 0.003161 0.003161 0.990516 
0.250000 0.250000 0.250000 0.250000 
 176
0.479817 0.002709 0.046210 
0.462778 0.994466 0.462022 
0.057405 0.002826 0.491768 
0.003161 0.990516 0.003161 0.003161 
0.250000 0.250000 0.250000 0.250000 
 177
0.479817 0.002709 0.046210 
0.462778 0.994466 0.462022 
0.057405 0.002826 0.491768 
0.003162 0.003162 0.989251 0.004425 
0.250000 0.250000 0.250000 0.250000 
 178
0.479817 0.002709 0.046210 
0.462778 0.994466 0.462022 
0.057405 0.002826 0.491768 
0.988950 0.003621 0.004268 0.003161 
0.250000 0.250000 0.250000 0.250000 
 179
0.479817 0.002709 0.046210 
0.462778 0.994466 0.462022 
0.057405 0.002826 0.491768 
0.988083 0.005310 0.003161 0.003446 
0.250000 0.250000 0.250000 0.250000 
 180
0.479817 0.002709 0.046210 
0.462778 0.994466 0.462022 
0.057405 0.002826 0.491768 
0.989493 0.004184 0.003161 0.003161 
0.250000 0.250000 0.250000 0.250000 
 181
0.479817 0.002709 0.046210 
0.462778 0.994466 0.462022 
0.057405 0.002826 0.491768 
0.003727 0.003162 0.988075 0.005035 
0.250000 0.250000 0.250000 0.250000 
 182
0.479817 0.002709 0.046210 
0.462778 0.994466 0.462022 
0.057405 0.002826 0.491768 
0.003162 0.003162 0.003879 0.989798 
0.250000 0.250000 0.250000 0.250000 
 183
0.479817 0.002709 0.046210 
0.462778 0.994466 0.462022 
0.057405 0.002826 0.491768 
0.988737 0.004537 0.003162 0.003564 
0.250000 0.250000 0.250000 0.250000 
 184
0.479817 0.002709 0.046210 
0.462778 0.994466 0.462022 
0.057405 0.002826 0.491768 
0.986532 0.007143 0.003162 0.003162 
0.250000 0.250000 0.250000 0.250000 
 185
0.479817 0.002709 0.046210 
0.462778 0.994466 0.462022 
0.057405 0.002826 0.491768 
0.010052 0.983130 0.003426 0.003393 
0.250000 0.250000 0.250000 0.250000 
 186
0.479817 0.002709 0.046210 
0.462778 0.994466 0.462022 
0.057405 0.002826 0.491768 
0.988685 0.004664 0.003162 0.003489 
0.250000 0.250000 0.250000 0.250000 
 187
0.479817 0.002709 0.046210 
0.462778 0.994466 0.462022 
0.057405 0.002826 0.491768 
0.003161 0.990516 0.003161 0.003161 
0.250000 0.250000 0.250000 0.250000 
 188
0.479817 0.002709 0.046210 
0.462778 0.994466 0.462022 
0.057405 0.002826 0.491768 
0.004391 0.989286 0.003162 0.003162 
0.250000 0.250000 0.250000 0.250000 
 189
0.479817 0.002709 0.046210 
0.462778 0.994466 0.462022 
0.057405 0.002826 0.491768 
0.009123 0.984555 0.003161 0.003161 
0.250000 0.250000 0.250000 0.250000 
 190
0.479817 0.002709 0.046210 
0.462778 0.994466 0.462022 
0.057405 0.002826 0.491768 
0.008726 0.984672 0.003161 0.003441 
0.250000 0.250000 0.250000 0.250000 
 191
0.479817 0.002709 0.046210 
0.462778 0.994466 0.462022 
0.057405 0.002826 0.491768 
0.004916 0.003708 0.004078 0.987298 
0.250000 0.250000 0.250000 0.250000 
 192
0.479817 0.002709 0.046210 
0.462778 0.994466 0.462022 
0.057405 0.002826 0.491768 
0.988538 0.004832 0.003164 0.003466 
0.250000 0.250000 0.250000 0.250000 
 193
0.479817 0.002709 0.046210 
0.462778 0.994466 0.462022 
0.057405 0.002826 0.491768 
0.004857 0.984583 0.003868 0.006693 
0.250000 0.250000 0.250000 0.250000 
 194
0.479817 0.002709 0.046210 
0.462778 0.994466 0.462022 
0.057405 0.002826 0.491768 
0.003162 0.003162 0.988857 0.004819 
0.250000 0.250000 0.250000 0.250000 
 195
0.479817 0.002709 0.046210 
0.462778 0.994466 0.462022 
0.057405 0.002826 0.491768 
0.003161 0.003161 0.989688 0.003990 
0.250000 0.250000 0.250000 0.250000 
 196
0.479817 0.002709 0.046210 
0.462778 0.994466 0.462022 
0.057405 0.002826 0.491768 
0.003162 0.003162 0.990052 0.003625 
0.250000 0.250000 0.250000 0.250000 
 197
0.479817 0.002709 0.046210 
0.462778 0.994466 0.462022 
0.057405 0.002826 0.491768 
0.003544 0.003161 0.990134 0.003161 
0.250000 0.250000 0.250000 0.250000 
 198
0.479817 0.002709 0.046210 
0.462778 0.994466 0.462022 
0.057405 0.002826 0.491768 
0.988962 0.003589 0.003600 0.003849 
0.250000 0.250000 0.250000 0.250000 
 199
0.479817 0.002709 0.046210 
0.462778 0.994466 0.462022 
0.057405 0.002826 0.491768 
0.003161 0.003161 0.004790 0.988888 
0.250000 0.250000 0.250000 0.250000 
 200
0.479817 0.002709 0.046210 
0.462778 0.994466 0.462022 
0.057405 0.002826 0.491768 
0.003161 0.003161 0.003161 0.990516 
0.250000 0.250000 0.250000 0.250000 
 201
0.479817 0.002709 0.046210 
0.462778 0.994466 0.462022 
0.057405 0.002826 0.491768 
0.005196 0.988481 0.003161 0.003161 
0.250000 0.250000 0.250000 0.250000 
 202
0.479817 0.002709 0.046210 
0.462778 0.994466 0.462022 
0.057405 0.002826 0.491768 
0.003161 0.003161 0.990516 0.003161 
0.250000 0.250000 0.250000 0.250000 
 203
0.479817 0.002709 0.046210 
0.462778 0.994466 0.462022 
0.057405 0.002826 0.491768 
0.989374 0.004304 0.003161 0.003161 
0.250000 0.250000 0.250000 0.250000 
 204
0.479817 0.002709 0.046210 
0.462778 0.994466 0.462022 
0.057405 0.002826 0.491768 
0.003519 0.003161 0.004292 0.989027 
0.250000 0.250000 0.250000 0.250000 
 205
0.479817 0.002709 0.046210 
0.462778 0.994466 0.462022 
0.057405 0.002826 0.491768 
0.003161 0.003161 0.003894 0.989784 
0.250000 0.250000 0.250000 0.250000 
 206
0.479817 0.002709 0.046210 
0.462778 0.994466 0.462022 
0.057405 0.002826 0.491768 
0.003161 0.003161 0.003161 0.990516 
0.250000 0.250000 0.250000 0.250000 
 207
0.479817 0.002709 0.046210 
0.462778 0.994466 0.462022 
0.057405 0.002826 0.491768 
0.005064 0.988613 0.003162 0.003162 
0.250000 0.250000 0.250000 0.250000 
 208
0.479817 0.002709 0.046210 
0.462778 0.994466 0.462022 
0.057405 0.002826 0.491768 
0.003726 0.989951 0.003161 0.003161 
0.250000 0.250000 0.250000 0.250000 
 209
0.479817 0.002709 0.046210 
0.462778 0.994466 0.462022 
0.057405 0.002826 0.491768 
0.004060 0.989618 0.003161 0.003161 
0.250000 0.250000 0.250000 0.250000 
 210
0.479817 0.002709 0.046210 
0.462778 0.994466 0.462022 
0.057405 0.002826 0.491768 
0.003871 0.003441 0.009044 0.983644 
0.250000 0.250000 0.250000 0.250000 
 211
0.479817 0.002709 0.046210 
0.462778 0.994466 0.462022 
0.057405 0.002826 0.491768 
0.987657 0.006020 0.003161 0.003161 
0.250000 0.250000 0.250000 0.250000 
 212
0.479817 0.002709 0.046210 
0.462778 0.994466 0.462022 
0.057405 0.002826 0.491768 
0.988706 0.004400 0.003400 0.003493 
0.250000 0.250000 0.250000 0.250000 
 213
0.479817 0.002709 0.046210 
0.462778 0.994466 0.462022 
0.057405 0.002826 0.491768 
0.988149 0.004108 0.004201 0.003541 
0.250000 0.250000 0.250000 0.250000 
 214
0.479817 0.002709 0.046210 
0.462778 0.994466 0.462022 
0.057405 0.002826 0.491768 
0.003161 0.003161 0.003161 0.990516 
0.250000 0.250000 0.250000 0.250000 
 215
0.479817 0.002709 0.046210 
0.462778 0.994466 0.462022 
0.057405 0.002826 0.491768 
0.003161 0.990516 0.003161 0.003161 
0.250000 0.250000 0.250000 0.250000 
 216
0.479817 0.002709 0.046210 
0.462778 0.994466 0.462022 
0.057405 0.002826 0.491768 
0.003162 0.003162 0.007624 0.986052 
0.250000 0.250000 0.250000 0.250000 
 217
0.479817 0.002709 0.046210 
0.462778 0.994466 0.462022 
0.057405 0.002826 0.491768 
0.987925 0.005752 0.003161 0.003161 
0.250000 0.250000 0.250000 0.250000 
 218
0.479817 0.002709 0.046210 
0.462778 0.994466 0.462022 
0.057405 0.002826 0.491768 
0.989164 0.003967 0.003707 0.003161 
0.250000 0.250000 0.250000 0.250000 
 219
0.479817 0.002709 0.046210 
0.462778 0.994466 0.462022 
0.057405 0.002826 0.491768 
0.003486 0.003161 0.988671 0.004682 
0.250000 0.250000 0.250000 0.250000 
 220
0.479817 0.002709 0.046210 
0.462778 0.994466 0.462022 
0.057405 0.002826 0.491768 
0.990121 0.003557 0.003161 0.003161 
0.250000 0.250000 0.250000 0.250000 
 221
0.479817 0.002709 0.046210 
0.462778 0.994466 0.462022 
0.057405 0.002826 0.491768 
0.003161 0.003161 0.004131 0.989546 
0.250000 0.250000 0.250000 0.250000 
 222
0.479817 0.002709 0.046210 
0.462778 0.994466 0.462022 
0.057405 0.002826 0.491768 
0.013708 0.003161 0.012496 0.970635 
0.250000 0.250000 0.250000 0.250000 
 223
0.479817 0.002709 0.046210 
0.462778 0.994466 0.462022 
0.057405 0.002826 0.491768 
0.003161 0.990516 0.003161 0.003161 
0.250000 0.250000 0.250000 0.250000 
 224
0.479817 0.002709 0.046210 
0.462778 0.994466 0.462022 
0.057405 0.002826 0.491768 
0.003162 0.003162 0.990515 0.003162 
0.250000 0.250000 0.250000 0.250000 
 225
0.479817 0.002709 0.046210 
0.462778 0.994466 0.462022 
0.057405 0.002826 0.491768 
0.005339 0.003162 0.003884 0.987616 
0.250000 0.250000 0.250000 0.250000 
 226
0.479817 0.002709 0.046210 
0.462778 0.994466 0.462022 
0.057405 0.002826 0.491768 
0.003644 0.990034 0.003161 0.003161 
0.250000 0.250000 0.250000 0.250000 
 227
0.479817 0.002709 0.046210 
0.462778 0.994466 0.462022 
0.057405 0.002826 0.491768 
0.003161 0.990516 0.003161 0.003161 
0.250000 0.250000 0.250000 0.250000 
 228
0.479817 0.002709 0.046210 
0.462778 0.994466 0.462022 
0.057405 0.002826 0.491768 
0.005306 0.003163 0.986442 0.005090 
0.250000 0.250000 0.250000 0.250000 
 229
0.479817 0.002709 0.046210 
0.462778 0.994466 0.462022 
0.057405 0.002826 0.491768 
0.004112 0.003161 0.003627 0.989100 
0.250000 0.250000 0.250000 0.250000 
 230
0.479817 0.002709 0.046210 
0.462778 0.994466 0.462022 
0.057405 0.002826 0.491768 
0.003161 0.990516 0.003161 0.003161 
0.250000 0.250000 0.250000 0.250000 
 231
0.479817 0.002709 0.046210 
0.462778 0.994466 0.462022 
0.057405 0.002826 0.491768 
0.003161 0.990516 0.003161 0.003161 
0.250000 0.250000 0.250000 0.250000 
 232
0.479817 0.002709 0.046210 
0.462778 0.994466 0.462022 
0.057405 0.002826 0.491768 
