%  SAM: /scicomp/home/vfn4/Tools/LABEL_RES/scripts/modelfromalign v3.5 (July 15, 2005) compiled 12/08/06_16:15:55
%  (c) 1992-2001 Regents of the University of California, Santa Cruz
%
%          Sequence Alignment and Modeling Software System
%         http://www.cse.ucsc.edu/research/compbio/sam.html
%
% ----------------- Citations (SAM, SAM-T2K, HMMs) --------------------
% R. Hughey, A. Krogh, Hidden Markov models for sequence analysis:
%  Extension and analysis of the basic method, CABIOS 12:95-107, 1996.
% K. Karplus, et al., What is the value added by human intervention in protein
%  structure prediction, Proteins: Stucture, Function, Genetics 45(S5):86--91, 2001.
% A. Krogh et al., Hidden Markov models in computational biology:
%  Applications to protein modeling, JMB 235:1501-1531, Feb 1994.
% ---------------------------------------------------------------------
%  A_NA_N3_hmm   Host: login.aspen.biotech.cdc.gov    Mon Aug 25 12:25:06 2014
%  vfn4          Dir:  /scicomp/home/vfn4/IRMA/train3/NA
% ---------------------------------------------------------------------
%  Alignment weights from internal calc.  Total (24.88) Max (0.21) Min (0.03)
%  Weights from alignment method 1 (karplus), b=-1.000000, e=0.500000
MODEL --  Model from alignment file /scicomp/home/vfn4/Tools/LABEL_RES/training_data/irmaNA/A_NA_N3.fasta
alphabet DNA
FREQAVE
0.000000 0.000000 0.000000 
0.000000 0.000000 0.000000 
0.000000 0.000000 0.000000 
0.324726 0.233084 0.198933 0.243257 
0.324726 0.233084 0.198933 0.243257 
Begin
0.000000 0.000000 0.000000 
0.000000 0.000000 0.000000 
0.000000 0.006499 0.491768 
0.250000 0.250000 0.250000 0.250000 
0.250000 0.250000 0.250000 0.250000 
   1
0.000000 0.088942 0.046210 
0.000000 0.904559 0.462022 
0.030852 0.007085 0.491768 
0.966659 0.011114 0.011114 0.011114 
0.250000 0.250000 0.250000 0.250000 
   2
0.688873 0.006792 0.046210 
0.280275 0.986123 0.462022 
0.031857 0.007042 0.491768 
0.011001 0.011001 0.011001 0.966998 
0.250000 0.250000 0.250000 0.250000 
   3
0.700786 0.006750 0.046210 
0.267357 0.986208 0.462022 
0.032197 0.007028 0.491768 
0.014239 0.963832 0.010965 0.010965 
0.250000 0.250000 0.250000 0.250000 
   4
0.669239 0.006737 0.046210 
0.298564 0.986235 0.462022 
0.033503 0.006978 0.491768 
0.956629 0.010835 0.010835 0.021702 
0.250000 0.250000 0.250000 0.250000 
   5
0.696405 0.006689 0.046210 
0.270092 0.986334 0.462022 
0.033503 0.006978 0.491768 
0.959246 0.014070 0.010835 0.015849 
0.250000 0.250000 0.250000 0.250000 
   6
0.696405 0.006689 0.046210 
0.270092 0.986334 0.462022 
0.033503 0.006978 0.491768 
0.014070 0.010835 0.010835 0.964261 
0.250000 0.250000 0.250000 0.250000 
   7
0.696405 0.006689 0.046210 
0.270092 0.986334 0.462022 
0.033503 0.006978 0.491768 
0.010835 0.010835 0.964261 0.014070 
0.250000 0.250000 0.250000 0.250000 
   8
0.696405 0.006689 0.046210 
0.270092 0.986334 0.462022 
0.033503 0.006978 0.491768 
0.010835 0.010835 0.967496 0.010835 
0.250000 0.250000 0.250000 0.250000 
   9
0.696405 0.006689 0.046210 
0.270092 0.986334 0.462022 
0.033503 0.006978 0.491768 
0.816957 0.155049 0.014070 0.013924 
0.250000 0.250000 0.250000 0.250000 
  10
0.674501 0.006689 0.046210 
0.291995 0.986334 0.462022 
0.034254 0.006951 0.491768 
0.962398 0.016070 0.010766 0.010766 
0.250000 0.250000 0.250000 0.250000 
  11
0.689606 0.006663 0.046210 
0.276140 0.986386 0.462022 
0.034254 0.006951 0.491768 
0.967703 0.010766 0.010766 0.010766 
0.250000 0.250000 0.250000 0.250000 
  12
0.669189 0.006663 0.046210 
0.296558 0.986386 0.462022 
0.034968 0.006926 0.491768 
0.012279 0.010704 0.016859 0.960158 
0.250000 0.250000 0.250000 0.250000 
  13
0.678336 0.006639 0.046210 
0.286696 0.986434 0.462022 
0.035136 0.006921 0.491768 
0.010690 0.010690 0.964595 0.014026 
0.250000 0.250000 0.250000 0.250000 
  14
0.681608 0.006634 0.046210 
0.283256 0.986445 0.462022 
0.035136 0.006921 0.491768 
0.960157 0.015127 0.014026 0.010690 
0.250000 0.250000 0.250000 0.250000 
  15
0.681608 0.006634 0.046210 
0.283256 0.986445 0.462022 
0.035136 0.006921 0.491768 
0.046679 0.931941 0.010690 0.010690 
0.250000 0.250000 0.250000 0.250000 
  16
0.666788 0.006634 0.046210 
0.298076 0.986445 0.462022 
0.035665 0.006904 0.491768 
0.968061 0.010646 0.010646 0.010646 
0.250000 0.250000 0.250000 0.250000 
  17
0.671719 0.006618 0.046210 
0.292616 0.986479 0.462022 
0.035848 0.006898 0.491768 
0.852318 0.126418 0.010632 0.010632 
0.250000 0.250000 0.250000 0.250000 
  18
0.670273 0.006612 0.046210 
0.293880 0.986490 0.462022 
0.036024 0.006893 0.491768 
0.059055 0.919710 0.010618 0.010618 
0.250000 0.250000 0.250000 0.250000 
  19
0.658085 0.006607 0.046210 
0.305891 0.986501 0.462022 
0.036590 0.006875 0.491768 
0.966204 0.012648 0.010574 0.010574 
0.250000 0.250000 0.250000 0.250000 
  20
0.668433 0.006590 0.046210 
0.294977 0.986534 0.462022 
0.036590 0.006875 0.491768 
0.018071 0.010574 0.013655 0.957700 
0.250000 0.250000 0.250000 0.250000 
  21
0.642592 0.006590 0.046210 
0.320818 0.986534 0.462022 
0.037561 0.006847 0.491768 
0.928263 0.010503 0.046782 0.014451 
0.250000 0.250000 0.250000 0.250000 
  22
0.639274 0.006563 0.046210 
0.323165 0.986590 0.462022 
0.038342 0.006826 0.491768 
0.963802 0.015299 0.010450 0.010450 
0.250000 0.250000 0.250000 0.250000 
  23
0.627974 0.006543 0.046210 
0.333684 0.986632 0.462022 
0.039308 0.006800 0.491768 
0.010387 0.010387 0.042970 0.936256 
0.250000 0.250000 0.250000 0.250000 
  24
0.643804 0.006518 0.046210 
0.316887 0.986681 0.462022 
0.039308 0.006800 0.491768 
0.958969 0.011849 0.018796 0.010387 
0.250000 0.250000 0.250000 0.250000 
  25
0.597237 0.006518 0.046210 
0.363455 0.986681 0.462022 
0.041228 0.006754 0.491768 
0.829583 0.144560 0.010273 0.015584 
0.250000 0.250000 0.250000 0.250000 
  26
0.620782 0.006474 0.046210 
0.337989 0.986772 0.462022 
0.041461 0.006749 0.491768 
0.022987 0.010260 0.956494 0.010260 
0.250000 0.250000 0.250000 0.250000 
  27
0.582186 0.006469 0.046210 
0.376353 0.986782 0.462022 
0.043284 0.006710 0.491768 
0.828856 0.132960 0.028020 0.010164 
0.250000 0.250000 0.250000 0.250000 
  28
0.558080 0.006432 0.046210 
0.398636 0.986859 0.462022 
0.045548 0.006666 0.491768 
0.963608 0.010058 0.016276 0.010058 
0.250000 0.250000 0.250000 0.250000 
  29
0.546259 0.006390 0.046210 
0.408194 0.986944 0.462022 
0.047495 0.006632 0.491768 
0.009976 0.009976 0.011510 0.968537 
0.250000 0.250000 0.250000 0.250000 
  30
0.519127 0.006357 0.046210 
0.433378 0.987010 0.462022 
0.050021 0.006593 0.491768 
0.009882 0.009882 0.427538 0.552699 
0.250000 0.250000 0.250000 0.250000 
  31
0.546732 0.006320 0.046210 
0.403248 0.987087 0.462022 
0.050021 0.006593 0.491768 
0.009882 0.970355 0.009882 0.009882 
0.250000 0.250000 0.250000 0.250000 
  32
0.546732 0.006320 0.046210 
0.403248 0.987087 0.462022 
0.050021 0.006593 0.491768 
0.009882 0.970355 0.009882 0.009882 
0.250000 0.250000 0.250000 0.250000 
  33
0.536411 0.006320 0.046210 
0.413568 0.987087 0.462022 
0.050542 0.006585 0.491768 
0.046385 0.522197 0.009864 0.421554 
0.250000 0.250000 0.250000 0.250000 
  34
0.542005 0.006312 0.046210 
0.407453 0.987102 0.462022 
0.050542 0.006585 0.491768 
0.028582 0.828644 0.009864 0.132911 
0.250000 0.250000 0.250000 0.250000 
  35
0.542005 0.006312 0.046210 
0.407453 0.987102 0.462022 
0.050542 0.006585 0.491768 
0.009864 0.009864 0.138441 0.841832 
0.250000 0.250000 0.250000 0.250000 
  36
0.535571 0.006312 0.046210 
0.413887 0.987102 0.462022 
0.050870 0.006581 0.491768 
0.873030 0.040892 0.012032 0.074046 
0.250000 0.250000 0.250000 0.250000 
  37
0.539039 0.006308 0.046210 
0.410091 0.987111 0.462022 
0.050870 0.006581 0.491768 
0.009852 0.960737 0.019559 0.009852 
0.250000 0.250000 0.250000 0.250000 
  38
0.539039 0.006308 0.046210 
0.410091 0.987111 0.462022 
0.050870 0.006581 0.491768 
0.009852 0.009852 0.012962 0.967333 
0.250000 0.250000 0.250000 0.250000 
  39
0.539039 0.006308 0.046210 
0.410091 0.987111 0.462022 
0.050870 0.006581 0.491768 
0.028040 0.952256 0.009852 0.009852 
0.250000 0.250000 0.250000 0.250000 
  40
0.532171 0.006308 0.046210 
0.416959 0.987111 0.462022 
0.051221 0.006576 0.491768 
0.970478 0.009841 0.009841 0.009841 
0.250000 0.250000 0.250000 0.250000 
  41
0.535851 0.006303 0.046210 
0.412927 0.987121 0.462022 
0.051221 0.006576 0.491768 
0.968555 0.011764 0.009841 0.009841 
0.250000 0.250000 0.250000 0.250000 
  42
0.535851 0.006303 0.046210 
0.412927 0.987121 0.462022 
0.051221 0.006576 0.491768 
0.009841 0.009841 0.227324 0.752995 
0.250000 0.250000 0.250000 0.250000 
  43
0.526847 0.006303 0.046210 
0.421932 0.987121 0.462022 
0.051687 0.006569 0.491768 
0.967824 0.012525 0.009825 0.009825 
0.250000 0.250000 0.250000 0.250000 
  44
0.531634 0.006297 0.046210 
0.416679 0.987134 0.462022 
0.051687 0.006569 0.491768 
0.013042 0.011169 0.965964 0.009825 
0.250000 0.250000 0.250000 0.250000 
  45
0.531634 0.006297 0.046210 
0.416679 0.987134 0.462022 
0.051687 0.006569 0.491768 
0.149002 0.028208 0.398191 0.424600 
0.250000 0.250000 0.250000 0.250000 
  46
0.531634 0.007001 0.046210 
0.416679 0.986429 0.462022 
0.051352 0.006574 0.491768 
0.829843 0.150484 0.009836 0.009836 
0.250000 0.250000 0.250000 0.250000 
  47
0.521684 0.006301 0.046210 
0.426965 0.987125 0.462022 
0.052027 0.006565 0.491768 
0.009814 0.009814 0.871022 0.109349 
0.250000 0.250000 0.250000 0.250000 
  48
0.528549 0.006293 0.046210 
0.419424 0.987143 0.462022 
0.052027 0.006565 0.491768 
0.104375 0.037685 0.074594 0.783347 
0.250000 0.250000 0.250000 0.250000 
  49
0.528549 0.006293 0.046210 
0.419424 0.987143 0.462022 
0.052027 0.006565 0.491768 
0.009814 0.009814 0.842145 0.138226 
0.250000 0.250000 0.250000 0.250000 
  50
0.528549 0.006293 0.046210 
0.419424 0.987143 0.462022 
0.052027 0.006565 0.491768 
0.009814 0.009814 0.009814 0.970557 
0.250000 0.250000 0.250000 0.250000 
  51
0.528549 0.006293 0.046210 
0.419424 0.987143 0.462022 
0.052027 0.006565 0.491768 
0.548367 0.432004 0.009814 0.009814 
0.250000 0.250000 0.250000 0.250000 
  52
0.528549 0.006293 0.046210 
0.419424 0.987143 0.462022 
0.052027 0.006565 0.491768 
0.009814 0.009814 0.009814 0.970557 
0.250000 0.250000 0.250000 0.250000 
  53
0.528549 0.006293 0.046210 
0.419424 0.987143 0.462022 
0.052027 0.006565 0.491768 
0.009814 0.009814 0.970557 0.009814 
0.250000 0.250000 0.250000 0.250000 
  54
0.528549 0.006293 0.046210 
0.419424 0.987143 0.462022 
0.052027 0.006565 0.491768 
0.848183 0.014143 0.080968 0.056706 
0.250000 0.250000 0.250000 0.250000 
  55
0.502608 0.006293 0.046210 
0.445364 0.987143 0.462022 
0.053413 0.006546 0.491768 
0.970687 0.009771 0.009771 0.009771 
0.250000 0.250000 0.250000 0.250000 
  56
0.515994 0.006275 0.046210 
0.430593 0.987179 0.462022 
0.053413 0.006546 0.491768 
0.009771 0.009771 0.956924 0.023534 
0.250000 0.250000 0.250000 0.250000 
  57
0.515994 0.006275 0.046210 
0.430593 0.987179 0.462022 
0.053413 0.006546 0.491768 
0.888038 0.049759 0.052432 0.009771 
0.250000 0.250000 0.250000 0.250000 
  58
0.515994 0.006275 0.046210 
0.430593 0.987179 0.462022 
0.053413 0.006546 0.491768 
0.960981 0.016945 0.012303 0.009771 
0.250000 0.250000 0.250000 0.250000 
  59
0.515994 0.006275 0.046210 
0.430593 0.987179 0.462022 
0.053413 0.006546 0.491768 
0.011668 0.009771 0.012512 0.966050 
0.250000 0.250000 0.250000 0.250000 
  60
0.515994 0.006275 0.046210 
0.430593 0.987179 0.462022 
0.053413 0.006546 0.491768 
0.969235 0.011223 0.009771 0.009771 
0.250000 0.250000 0.250000 0.250000 
  61
0.515994 0.006275 0.046210 
0.430593 0.987179 0.462022 
0.053413 0.006546 0.491768 
0.018022 0.962436 0.009771 0.009771 
0.250000 0.250000 0.250000 0.250000 
  62
0.515994 0.006275 0.046210 
0.430593 0.987179 0.462022 
0.053413 0.006546 0.491768 
0.009771 0.009771 0.970687 0.009771 
0.250000 0.250000 0.250000 0.250000 
  63
0.509340 0.006275 0.046210 
0.437247 0.987179 0.462022 
0.053771 0.006542 0.491768 
0.131519 0.009760 0.835537 0.023184 
0.250000 0.250000 0.250000 0.250000 
  64
0.512752 0.006271 0.046210 
0.433478 0.987187 0.462022 
0.053771 0.006542 0.491768 
0.009760 0.009760 0.924745 0.055734 
0.250000 0.250000 0.250000 0.250000 
  65
0.512752 0.006271 0.046210 
0.433478 0.987187 0.462022 
0.053771 0.006542 0.491768 
0.009760 0.009760 0.009760 0.970719 
0.250000 0.250000 0.250000 0.250000 
  66
0.512752 0.006271 0.046210 
0.433478 0.987187 0.462022 
0.053771 0.006542 0.491768 
0.023597 0.117682 0.047565 0.811156 
0.250000 0.250000 0.250000 0.250000 
  67
0.512752 0.006271 0.046210 
0.433478 0.987187 0.462022 
0.053771 0.006542 0.491768 
0.015794 0.009760 0.954507 0.019938 
0.250000 0.250000 0.250000 0.250000 
  68
0.512752 0.006271 0.046210 
0.433478 0.987187 0.462022 
0.053771 0.006542 0.491768 
0.009760 0.009760 0.009760 0.970719 
0.250000 0.250000 0.250000 0.250000 
  69
0.512752 0.006271 0.046210 
0.433478 0.987187 0.462022 
0.053771 0.006542 0.491768 
0.104696 0.036584 0.478371 0.380350 
0.250000 0.250000 0.250000 0.250000 
  70
0.512752 0.006271 0.046210 
0.433478 0.987187 0.462022 
0.053771 0.006542 0.491768 
0.923251 0.057228 0.009760 0.009760 
0.250000 0.250000 0.250000 0.250000 
  71
0.492090 0.006271 0.046210 
0.454139 0.987187 0.462022 
0.054905 0.006528 0.491768 
0.009727 0.009727 0.009727 0.970818 
0.250000 0.250000 0.250000 0.250000 
  72
0.502472 0.006257 0.046210 
0.442623 0.987215 0.462022 
0.054905 0.006528 0.491768 
0.009727 0.055546 0.129963 0.804764 
0.250000 0.250000 0.250000 0.250000 
  73
0.502472 0.006257 0.046210 
0.442623 0.987215 0.462022 
0.054905 0.006528 0.491768 
0.009727 0.970818 0.009727 0.009727 
0.250000 0.250000 0.250000 0.250000 
  74
0.502472 0.006257 0.046210 
0.442623 0.987215 0.462022 
0.054905 0.006528 0.491768 
0.009727 0.970818 0.009727 0.009727 
0.250000 0.250000 0.250000 0.250000 
  75
0.502472 0.006257 0.046210 
0.442623 0.987215 0.462022 
0.054905 0.006528 0.491768 
0.850078 0.130467 0.009727 0.009727 
0.250000 0.250000 0.250000 0.250000 
  76
0.502472 0.006257 0.046210 
0.442623 0.987215 0.462022 
0.054905 0.006528 0.491768 
0.301236 0.677738 0.011299 0.009727 
0.250000 0.250000 0.250000 0.250000 
  77
0.502472 0.006257 0.046210 
0.442623 0.987215 0.462022 
0.054905 0.006528 0.491768 
0.009727 0.009727 0.009727 0.970818 
0.250000 0.250000 0.250000 0.250000 
  78
0.502472 0.006257 0.046210 
0.442623 0.987215 0.462022 
0.054905 0.006528 0.491768 
0.137443 0.456565 0.009727 0.396265 
0.250000 0.250000 0.250000 0.250000 
  79
0.502472 0.006257 0.046210 
0.442623 0.987215 0.462022 
0.054905 0.006528 0.491768 
0.009727 0.970818 0.009727 0.009727 
0.250000 0.250000 0.250000 0.250000 
  80
0.502472 0.006257 0.046210 
0.442623 0.987215 0.462022 
0.054905 0.006528 0.491768 
0.014244 0.966301 0.009727 0.009727 
0.250000 0.250000 0.250000 0.250000 
  81
0.502472 0.006257 0.046210 
0.442623 0.987215 0.462022 
0.054905 0.006528 0.491768 
0.368448 0.486247 0.046622 0.098683 
0.250000 0.250000 0.250000 0.250000 
  82
0.502472 0.006257 0.046210 
0.442623 0.987215 0.462022 
0.054905 0.006528 0.491768 
0.970818 0.009727 0.009727 0.009727 
0.250000 0.250000 0.250000 0.250000 
  83
0.502472 0.006257 0.046210 
0.442623 0.987215 0.462022 
0.054905 0.006528 0.491768 
0.970818 0.009727 0.009727 0.009727 
0.250000 0.250000 0.250000 0.250000 
  84
0.502472 0.006257 0.046210 
0.442623 0.987215 0.462022 
0.054905 0.006528 0.491768 
0.009727 0.009727 0.545627 0.434918 
0.250000 0.250000 0.250000 0.250000 
  85
0.502472 0.006257 0.046210 
0.442623 0.987215 0.462022 
0.054905 0.006528 0.491768 
0.009727 0.009727 0.422440 0.558105 
0.250000 0.250000 0.250000 0.250000 
  86
0.502472 0.006257 0.046210 
0.442623 0.987215 0.462022 
0.054905 0.006528 0.491768 
0.009727 0.017941 0.009727 0.962604 
0.250000 0.250000 0.250000 0.250000 
  87
0.502472 0.006257 0.046210 
0.442623 0.987215 0.462022 
0.054905 0.006528 0.491768 
0.445907 0.532826 0.009727 0.011540 
0.250000 0.250000 0.250000 0.250000 
  88
0.502472 0.006257 0.046210 
0.442623 0.987215 0.462022 
0.054905 0.006528 0.491768 
0.402887 0.577658 0.009727 0.009727 
0.250000 0.250000 0.250000 0.250000 
  89
0.502472 0.006257 0.046210 
0.442623 0.987215 0.462022 
0.054905 0.006528 0.491768 
0.009727 0.009727 0.132279 0.848266 
0.250000 0.250000 0.250000 0.250000 
  90
0.502472 0.006257 0.046210 
0.442623 0.987215 0.462022 
0.054905 0.006528 0.491768 
0.039753 0.033953 0.180496 0.745799 
0.250000 0.250000 0.250000 0.250000 
  91
0.502472 0.006257 0.046210 
0.442623 0.987215 0.462022 
0.054905 0.006528 0.491768 
0.009727 0.009727 0.012869 0.967676 
0.250000 0.250000 0.250000 0.250000 
  92
0.502472 0.006257 0.046210 
0.442623 0.987215 0.462022 
0.054905 0.006528 0.491768 
0.009727 0.009727 0.013036 0.967509 
0.250000 0.250000 0.250000 0.250000 
  93
0.502472 0.006257 0.046210 
0.442623 0.987215 0.462022 
0.054905 0.006528 0.491768 
0.009727 0.009727 0.928724 0.051822 
0.250000 0.250000 0.250000 0.250000 
  94
0.502472 0.006257 0.046210 
0.442623 0.987215 0.462022 
0.054905 0.006528 0.491768 
0.970818 0.009727 0.009727 0.009727 
0.250000 0.250000 0.250000 0.250000 
  95
0.502472 0.006257 0.046210 
0.442623 0.987215 0.462022 
0.054905 0.006528 0.491768 
0.962604 0.017941 0.009727 0.009727 
0.250000 0.250000 0.250000 0.250000 
  96
0.502472 0.006257 0.046210 
0.442623 0.987215 0.462022 
0.054905 0.006528 0.491768 
0.009727 0.009727 0.784589 0.195956 
0.250000 0.250000 0.250000 0.250000 
  97
0.502472 0.006257 0.046210 
0.442623 0.987215 0.462022 
0.054905 0.006528 0.491768 
0.848283 0.132262 0.009727 0.009727 
0.250000 0.250000 0.250000 0.250000 
  98
0.502472 0.006257 0.046210 
0.442623 0.987215 0.462022 
0.054905 0.006528 0.491768 
0.009727 0.009727 0.970818 0.009727 
0.250000 0.250000 0.250000 0.250000 
  99
0.502472 0.006257 0.046210 
0.442623 0.987215 0.462022 
0.054905 0.006528 0.491768 
0.567880 0.017663 0.126668 0.287790 
0.250000 0.250000 0.250000 0.250000 
 100
0.502472 0.006257 0.046210 
0.442623 0.987215 0.462022 
0.054905 0.006528 0.491768 
0.013092 0.967454 0.009727 0.009727 
0.250000 0.250000 0.250000 0.250000 
 101
0.502472 0.006257 0.046210 
0.442623 0.987215 0.462022 
0.054905 0.006528 0.491768 
0.009727 0.009727 0.009727 0.970818 
0.250000 0.250000 0.250000 0.250000 
 102
0.502472 0.006257 0.046210 
0.442623 0.987215 0.462022 
0.054905 0.006528 0.491768 
0.016699 0.009727 0.560670 0.412904 
0.250000 0.250000 0.250000 0.250000 
 103
0.502472 0.006257 0.046210 
0.442623 0.987215 0.462022 
0.054905 0.006528 0.491768 
0.970818 0.009727 0.009727 0.009727 
0.250000 0.250000 0.250000 0.250000 
 104
0.502472 0.006257 0.046210 
0.442623 0.987215 0.462022 
0.054905 0.006528 0.491768 
0.009727 0.009727 0.009727 0.970818 
0.250000 0.250000 0.250000 0.250000 
 105
0.495232 0.006257 0.046210 
0.449863 0.987215 0.462022 
0.055305 0.006523 0.491768 
0.844450 0.012749 0.009716 0.133085 
0.250000 0.250000 0.250000 0.250000 
 106
0.498843 0.008166 0.046210 
0.445851 0.985310 0.462022 
0.054268 0.006536 0.491768 
0.009746 0.009746 0.970763 0.009746 
0.250000 0.250000 0.250000 0.250000 
 107
0.508243 0.006265 0.046210 
0.437489 0.987199 0.462022 
0.054268 0.006536 0.491768 
0.970763 0.009746 0.009746 0.009746 
0.250000 0.250000 0.250000 0.250000 
 108
0.508243 0.006265 0.046210 
0.437489 0.987199 0.462022 
0.054268 0.006536 0.491768 
0.009746 0.009746 0.009746 0.970763 
0.250000 0.250000 0.250000 0.250000 
 109
0.508243 0.006265 0.046210 
0.437489 0.987199 0.462022 
0.054268 0.006536 0.491768 
0.019547 0.960962 0.009746 0.009746 
0.250000 0.250000 0.250000 0.250000 
 110
0.508243 0.006265 0.046210 
0.437489 0.987199 0.462022 
0.054268 0.006536 0.491768 
0.793328 0.185852 0.009746 0.011075 
0.250000 0.250000 0.250000 0.250000 
 111
0.508243 0.006265 0.046210 
0.437489 0.987199 0.462022 
0.054268 0.006536 0.491768 
0.040538 0.818199 0.037009 0.104253 
0.250000 0.250000 0.250000 0.250000 
 112
0.508243 0.006265 0.046210 
0.437489 0.987199 0.462022 
0.054268 0.006536 0.491768 
0.970763 0.009746 0.009746 0.009746 
0.250000 0.250000 0.250000 0.250000 
 113
0.508243 0.006265 0.046210 
0.437489 0.987199 0.462022 
0.054268 0.006536 0.491768 
0.967331 0.013177 0.009746 0.009746 
0.250000 0.250000 0.250000 0.250000 
 114
0.508243 0.006265 0.046210 
0.437489 0.987199 0.462022 
0.054268 0.006536 0.491768 
0.957413 0.023096 0.009746 0.009746 
0.250000 0.250000 0.250000 0.250000 
 115
0.508243 0.006265 0.046210 
0.437489 0.987199 0.462022 
0.054268 0.006536 0.491768 
0.821539 0.155080 0.013636 0.009746 
0.250000 0.250000 0.250000 0.250000 
 116
0.508243 0.006265 0.046210 
0.437489 0.987199 0.462022 
0.054268 0.006536 0.491768 
0.009746 0.009746 0.009746 0.970763 
0.250000 0.250000 0.250000 0.250000 
 117
0.508243 0.006265 0.046210 
0.437489 0.987199 0.462022 
0.054268 0.006536 0.491768 
0.860743 0.015281 0.015278 0.108698 
0.250000 0.250000 0.250000 0.250000 
 118
0.508243 0.006265 0.046210 
0.437489 0.987199 0.462022 
0.054268 0.006536 0.491768 
0.019334 0.956664 0.014256 0.009746 
0.250000 0.250000 0.250000 0.250000 
 119
0.508243 0.006265 0.046210 
0.437489 0.987199 0.462022 
0.054268 0.006536 0.491768 
0.138375 0.842133 0.009746 0.009746 
0.250000 0.250000 0.250000 0.250000 
 120
0.508243 0.006265 0.046210 
0.437489 0.987199 0.462022 
0.054268 0.006536 0.491768 
0.466004 0.514505 0.009746 0.009746 
0.250000 0.250000 0.250000 0.250000 
 121
0.508243 0.006265 0.046210 
0.437489 0.987199 0.462022 
0.054268 0.006536 0.491768 
0.149195 0.831314 0.009746 0.009746 
0.250000 0.250000 0.250000 0.250000 
 122
0.508243 0.008961 0.046210 
0.437489 0.984503 0.462022 
0.052874 0.006553 0.491768 
0.927749 0.018760 0.029728 0.023763 
0.250000 0.250000 0.250000 0.250000 
 123
0.520880 0.006282 0.046210 
0.426246 0.987165 0.462022 
0.052874 0.006553 0.491768 
0.032397 0.009788 0.856432 0.101383 
0.250000 0.250000 0.250000 0.250000 
 124
0.520880 0.006282 0.046210 
0.426246 0.987165 0.462022 
0.052874 0.006553 0.491768 
0.087967 0.019631 0.878823 0.013579 
0.250000 0.250000 0.250000 0.250000 
 125
0.520880 0.006282 0.046210 
0.426246 0.987165 0.462022 
0.052874 0.006553 0.491768 
0.921691 0.058734 0.009788 0.009788 
0.250000 0.250000 0.250000 0.250000 
 126
0.520880 0.006282 0.046210 
0.426246 0.987165 0.462022 
0.052874 0.006553 0.491768 
0.046420 0.021022 0.557036 0.375523 
0.250000 0.250000 0.250000 0.250000 
 127
0.520880 0.006282 0.046210 
0.426246 0.987165 0.462022 
0.052874 0.006553 0.491768 
0.154495 0.009788 0.823372 0.012346 
0.250000 0.250000 0.250000 0.250000 
 128
0.520880 0.006282 0.046210 
0.426246 0.987165 0.462022 
0.052874 0.006553 0.491768 
0.964658 0.011633 0.013922 0.009788 
0.250000 0.250000 0.250000 0.250000 
 129
0.520880 0.006282 0.046210 
0.426246 0.987165 0.462022 
0.052874 0.006553 0.491768 
0.867480 0.074401 0.048332 0.009788 
0.250000 0.250000 0.250000 0.250000 
 130
0.520880 0.006282 0.046210 
0.426246 0.987165 0.462022 
0.052874 0.006553 0.491768 
0.833524 0.113597 0.028663 0.024215 
0.250000 0.250000 0.250000 0.250000 
 131
0.520880 0.006282 0.046210 
0.426246 0.987165 0.462022 
0.052874 0.006553 0.491768 
0.027290 0.114384 0.699304 0.159023 
0.250000 0.250000 0.250000 0.250000 
 132
0.511354 0.006282 0.046210 
0.435773 0.987165 0.462022 
0.053382 0.006547 0.491768 
0.458272 0.015022 0.034245 0.492460 
0.250000 0.250000 0.250000 0.250000 
 133
0.516272 0.006275 0.046210 
0.430346 0.987178 0.462022 
0.053382 0.006547 0.491768 
0.029222 0.951234 0.009772 0.009772 
0.250000 0.250000 0.250000 0.250000 
 134
0.516272 0.006275 0.046210 
0.430346 0.987178 0.462022 
0.053382 0.006547 0.491768 
0.093193 0.048255 0.034033 0.824519 
0.250000 0.250000 0.250000 0.250000 
 135
0.516272 0.006275 0.046210 
0.430346 0.987178 0.462022 
0.053382 0.006547 0.491768 
0.124941 0.846957 0.009772 0.018329 
0.250000 0.250000 0.250000 0.250000 
 136
0.516272 0.006275 0.046210 
0.430346 0.987178 0.462022 
0.053382 0.006547 0.491768 
0.598625 0.381831 0.009772 0.009772 
0.250000 0.250000 0.250000 0.250000 
 137
0.516272 0.006275 0.046210 
0.430346 0.987178 0.462022 
0.053382 0.006547 0.491768 
0.011415 0.046503 0.428473 0.513610 
0.250000 0.250000 0.250000 0.250000 
 138
0.516272 0.006275 0.046210 
0.430346 0.987178 0.462022 
0.053382 0.006547 0.491768 
0.369470 0.068678 0.337109 0.224744 
0.250000 0.250000 0.250000 0.250000 
 139
0.516272 0.006275 0.046210 
0.430346 0.987178 0.462022 
0.053382 0.006547 0.491768 
0.027280 0.114168 0.433038 0.425514 
0.250000 0.250000 0.250000 0.250000 
 140
0.516272 0.006275 0.046210 
0.430346 0.987178 0.462022 
0.053382 0.006547 0.491768 
0.795764 0.059351 0.131676 0.013209 
0.250000 0.250000 0.250000 0.250000 
 141
0.516272 0.006275 0.046210 
0.430346 0.987178 0.462022 
0.053382 0.006547 0.491768 
0.133312 0.009772 0.247957 0.608958 
0.250000 0.250000 0.250000 0.250000 
 142
0.516272 0.006275 0.046210 
0.430346 0.987178 0.462022 
0.053382 0.006547 0.491768 
0.009772 0.009772 0.970684 0.009772 
0.250000 0.250000 0.250000 0.250000 
 143
0.516272 0.006275 0.046210 
0.430346 0.987178 0.462022 
0.053382 0.006547 0.491768 
0.009772 0.009772 0.970684 0.009772 
0.250000 0.250000 0.250000 0.250000 
 144
0.516272 0.006275 0.046210 
0.430346 0.987178 0.462022 
0.053382 0.006547 0.491768 
0.941321 0.039135 0.009772 0.009772 
0.250000 0.250000 0.250000 0.250000 
 145
0.516272 0.006275 0.046210 
0.430346 0.987178 0.462022 
0.053382 0.006547 0.491768 
0.962987 0.009772 0.011300 0.015942 
0.250000 0.250000 0.250000 0.250000 
 146
0.516272 0.006275 0.046210 
0.430346 0.987178 0.462022 
0.053382 0.006547 0.491768 
0.077654 0.009772 0.897415 0.015159 
0.250000 0.250000 0.250000 0.250000 
 147
0.516272 0.006275 0.046210 
0.430346 0.987178 0.462022 
0.053382 0.006547 0.491768 
0.798291 0.035788 0.151043 0.014879 
0.250000 0.250000 0.250000 0.250000 
 148
0.516272 0.007331 0.046210 
0.430346 0.986122 0.462022 
0.052846 0.006554 0.491768 
0.804635 0.175788 0.009788 0.009788 
0.250000 0.250000 0.250000 0.250000 
 149
0.521128 0.006282 0.046210 
0.426026 0.987164 0.462022 
0.052846 0.006554 0.491768 
0.009788 0.009788 0.145017 0.835406 
0.250000 0.250000 0.250000 0.250000 
 150
0.521128 0.006282 0.046210 
0.426026 0.987164 0.462022 
0.052846 0.006554 0.491768 
0.848526 0.009788 0.122584 0.019102 
0.250000 0.250000 0.250000 0.250000 
 151
0.521128 0.006282 0.046210 
0.426026 0.987164 0.462022 
0.052846 0.006554 0.491768 
0.953412 0.025162 0.011638 0.009788 
0.250000 0.250000 0.250000 0.250000 
 152
0.521128 0.006282 0.046210 
0.426026 0.987164 0.462022 
0.052846 0.006554 0.491768 
0.009788 0.009788 0.951870 0.028553 
0.250000 0.250000 0.250000 0.250000 
 153
0.521128 0.006282 0.046210 
0.426026 0.987164 0.462022 
0.052846 0.006554 0.491768 
0.544960 0.435463 0.009788 0.009788 
0.250000 0.250000 0.250000 0.250000 
 154
0.521128 0.007873 0.046210 
0.426026 0.985573 0.462022 
0.052060 0.006564 0.491768 
0.483901 0.292441 0.141377 0.082281 
0.250000 0.250000 0.250000 0.250000 
 155
0.528257 0.006292 0.046210 
0.419683 0.987144 0.462022 
0.052060 0.006564 0.491768 
0.011787 0.009813 0.962933 0.015467 
0.250000 0.250000 0.250000 0.250000 
 156
0.528257 0.006292 0.046210 
0.419683 0.987144 0.462022 
0.052060 0.006564 0.491768 
0.027528 0.009813 0.857130 0.105528 
0.250000 0.250000 0.250000 0.250000 
 157
0.528257 0.006292 0.046210 
0.419683 0.987144 0.462022 
0.052060 0.006564 0.491768 
0.009813 0.019682 0.947954 0.022551 
0.250000 0.250000 0.250000 0.250000 
 158
0.528257 0.007340 0.046210 
0.419683 0.986096 0.462022 
0.051555 0.006571 0.491768 
0.121683 0.019715 0.848772 0.009830 
0.250000 0.250000 0.250000 0.250000 
 159
0.532832 0.006299 0.046210 
0.415614 0.987130 0.462022 
0.051555 0.006571 0.491768 
0.165223 0.248509 0.059418 0.526850 
0.250000 0.250000 0.250000 0.250000 
 160
0.532832 0.006299 0.046210 
0.415614 0.987130 0.462022 
0.051555 0.006571 0.491768 
0.015665 0.829744 0.140753 0.013838 
0.250000 0.250000 0.250000 0.250000 
 161
0.532832 0.006299 0.046210 
0.415614 0.987130 0.462022 
0.051555 0.006571 0.491768 
0.020478 0.015906 0.581827 0.381788 
0.250000 0.250000 0.250000 0.250000 
 162
0.532832 0.006299 0.046210 
0.415614 0.987130 0.462022 
0.051555 0.006571 0.491768 
0.410742 0.569599 0.009830 0.009830 
0.250000 0.250000 0.250000 0.250000 
 163
0.532832 0.026291 0.046210 
0.415614 0.967138 0.462022 
0.043514 0.006705 0.491768 
0.299669 0.678466 0.010153 0.011713 
0.250000 0.250000 0.250000 0.250000 
 164
0.605697 0.009029 0.046210 
0.350789 0.984266 0.462022 
0.042665 0.006723 0.491768 
0.010208 0.010208 0.048327 0.931258 
0.250000 0.250000 0.250000 0.250000 
 165
0.613388 0.006444 0.046210 
0.343948 0.986833 0.462022 
0.042665 0.006723 0.491768 
0.792454 0.070224 0.041779 0.095543 
0.250000 0.250000 0.250000 0.250000 
 166
0.613388 0.006444 0.046210 
0.343948 0.986833 0.462022 
0.042665 0.006723 0.491768 
0.013005 0.010195 0.891183 0.085617 
0.250000 0.250000 0.250000 0.250000 
 167
0.613388 0.006444 0.046210 
0.343948 0.986833 0.462022 
0.042665 0.006723 0.491768 
0.147491 0.010195 0.808068 0.034245 
0.250000 0.250000 0.250000 0.250000 
 168
0.613388 0.006444 0.046210 
0.343948 0.986833 0.462022 
0.042665 0.006723 0.491768 
0.421591 0.427296 0.140918 0.010195 
0.250000 0.250000 0.250000 0.250000 
 169
0.613388 0.006444 0.046210 
0.343948 0.986833 0.462022 
0.042665 0.006723 0.491768 
0.967505 0.012104 0.010195 0.010195 
0.250000 0.250000 0.250000 0.250000 
 170
0.613388 0.006444 0.046210 
0.343948 0.986833 0.462022 
0.042665 0.006723 0.491768 
0.960805 0.010195 0.010195 0.018805 
0.250000 0.250000 0.250000 0.250000 
 171
0.613388 0.006444 0.046210 
0.343948 0.986833 0.462022 
0.042665 0.006723 0.491768 
0.014877 0.010195 0.861197 0.113731 
0.250000 0.250000 0.250000 0.250000 
 172
0.613388 0.006444 0.046210 
0.343948 0.986833 0.462022 
0.042665 0.006723 0.491768 
0.010195 0.010195 0.010195 0.969414 
0.250000 0.250000 0.250000 0.250000 
 173
0.613388 0.006444 0.046210 
0.343948 0.986833 0.462022 
0.042665 0.006723 0.491768 
0.010195 0.969414 0.010195 0.010195 
0.250000 0.250000 0.250000 0.250000 
 174
0.613388 0.006444 0.046210 
0.343948 0.986833 0.462022 
0.042665 0.006723 0.491768 
0.010195 0.010195 0.900285 0.079324 
0.250000 0.250000 0.250000 0.250000 
 175
0.613388 0.006444 0.046210 
0.343948 0.986833 0.462022 
0.042665 0.006723 0.491768 
0.969414 0.010195 0.010195 0.010195 
0.250000 0.250000 0.250000 0.250000 
 176
0.613388 0.006444 0.046210 
0.343948 0.986833 0.462022 
0.042665 0.006723 0.491768 
0.028670 0.938209 0.014316 0.018805 
0.250000 0.250000 0.250000 0.250000 
 177
0.613388 0.006444 0.046210 
0.343948 0.986833 0.462022 
0.042665 0.006723 0.491768 
0.010195 0.010195 0.177804 0.801805 
0.250000 0.250000 0.250000 0.250000 
 178
0.613388 0.006444 0.046210 
0.343948 0.986833 0.462022 
0.042665 0.006723 0.491768 
0.018100 0.961509 0.010195 0.010195 
0.250000 0.250000 0.250000 0.250000 
 179
0.613388 0.006444 0.046210 
0.343948 0.986833 0.462022 
0.042665 0.006723 0.491768 
0.922314 0.057296 0.010195 0.010195 
0.250000 0.250000 0.250000 0.250000 
 180
0.613388 0.006444 0.046210 
0.343948 0.986833 0.462022 
0.042665 0.006723 0.491768 
0.055608 0.010195 0.918918 0.015278 
0.250000 0.250000 0.250000 0.250000 
 181
0.613388 0.006444 0.046210 
0.343948 0.986833 0.462022 
0.042665 0.006723 0.491768 
0.969414 0.010195 0.010195 0.010195 
0.250000 0.250000 0.250000 0.250000 
 182
0.613388 0.006444 0.046210 
0.343948 0.986833 0.462022 
0.042665 0.006723 0.491768 
0.014850 0.010195 0.960075 0.014880 
0.250000 0.250000 0.250000 0.250000 
 183
0.613388 0.006444 0.046210 
0.343948 0.986833 0.462022 
0.042665 0.006723 0.491768 
0.023775 0.010195 0.397051 0.568978 
0.250000 0.250000 0.250000 0.250000 
 184
0.613388 0.006444 0.046210 
0.343948 0.986833 0.462022 
0.042665 0.006723 0.491768 
0.850682 0.128927 0.010195 0.010195 
0.250000 0.250000 0.250000 0.250000 
 185
0.613388 0.006444 0.046210 
0.343948 0.986833 0.462022 
0.042665 0.006723 0.491768 
0.010195 0.010195 0.041507 0.938102 
0.250000 0.250000 0.250000 0.250000 
 186
0.613388 0.006444 0.046210 
0.343948 0.986833 0.462022 
0.042665 0.006723 0.491768 
0.865147 0.055907 0.050346 0.028600 
0.250000 0.250000 0.250000 0.250000 
 187
0.613388 0.006444 0.046210 
0.343948 0.986833 0.462022 
0.042665 0.006723 0.491768 
0.943654 0.035955 0.010195 0.010195 
0.250000 0.250000 0.250000 0.250000 
 188
0.613388 0.006444 0.046210 
0.343948 0.986833 0.462022 
0.042665 0.006723 0.491768 
0.010195 0.010195 0.011950 0.967660 
0.250000 0.250000 0.250000 0.250000 
 189
0.613388 0.006444 0.046210 
0.343948 0.986833 0.462022 
0.042665 0.006723 0.491768 
0.684390 0.010195 0.040228 0.265187 
0.250000 0.250000 0.250000 0.250000 
 190
0.598642 0.006444 0.046210 
0.358693 0.986833 0.462022 
0.043303 0.006709 0.491768 
0.969511 0.010163 0.010163 0.010163 
0.250000 0.250000 0.250000 0.250000 
 191
0.607601 0.006431 0.046210 
0.349095 0.986859 0.462022 
0.043303 0.006709 0.491768 
0.010163 0.010163 0.969511 0.010163 
0.250000 0.250000 0.250000 0.250000 
 192
0.607601 0.006431 0.046210 
0.349095 0.986859 0.462022 
0.043303 0.006709 0.491768 
0.937178 0.015061 0.033661 0.014100 
0.250000 0.250000 0.250000 0.250000 
 193
0.607601 0.006431 0.046210 
0.349095 0.986859 0.462022 
0.043303 0.006709 0.491768 
0.136945 0.010163 0.010163 0.842729 
0.250000 0.250000 0.250000 0.250000 
 194
0.586555 0.006431 0.046210 
0.370142 0.986859 0.462022 
0.044234 0.006691 0.491768 
0.969646 0.010118 0.010118 0.010118 
0.250000 0.250000 0.250000 0.250000 
 195
0.599165 0.006414 0.046210 
0.356600 0.986896 0.462022 
0.044234 0.006691 0.491768 
0.019745 0.010118 0.842353 0.127784 
0.250000 0.250000 0.250000 0.250000 
 196
0.599165 0.006414 0.046210 
0.356600 0.986896 0.462022 
0.044234 0.006691 0.491768 
0.969646 0.010118 0.010118 0.010118 
0.250000 0.250000 0.250000 0.250000 
 197
0.599165 0.006414 0.046210 
0.356600 0.986896 0.462022 
0.044234 0.006691 0.491768 
0.969646 0.010118 0.010118 0.010118 
0.250000 0.250000 0.250000 0.250000 
 198
0.599165 0.006414 0.046210 
0.356600 0.986896 0.462022 
0.044234 0.006691 0.491768 
0.010118 0.010118 0.416701 0.563064 
0.250000 0.250000 0.250000 0.250000 
 199
0.599165 0.006414 0.046210 
0.356600 0.986896 0.462022 
0.044234 0.006691 0.491768 
0.918499 0.010118 0.061266 0.010118 
0.250000 0.250000 0.250000 0.250000 
 200
0.599165 0.006414 0.046210 
0.356600 0.986896 0.462022 
0.044234 0.006691 0.491768 
0.945544 0.034221 0.010118 0.010118 
0.250000 0.250000 0.250000 0.250000 
 201
0.599165 0.006414 0.046210 
0.356600 0.986896 0.462022 
0.044234 0.006691 0.491768 
0.028383 0.010118 0.788534 0.172965 
0.250000 0.250000 0.250000 0.250000 
 202
0.592247 0.006414 0.046210 
0.363519 0.986896 0.462022 
0.044543 0.006685 0.491768 
0.968167 0.010103 0.010103 0.011626 
0.250000 0.250000 0.250000 0.250000 
 203
0.596373 0.006408 0.046210 
0.359085 0.986907 0.462022 
0.044543 0.006685 0.491768 
0.010103 0.010103 0.962183 0.017610 
0.250000 0.250000 0.250000 0.250000 
 204
0.596373 0.006408 0.046210 
0.359085 0.986907 0.462022 
0.044543 0.006685 0.491768 
0.019739 0.030321 0.015586 0.934354 
0.250000 0.250000 0.250000 0.250000 
 205
0.596373 0.006408 0.046210 
0.359085 0.986907 0.462022 
0.044543 0.006685 0.491768 
0.141802 0.837991 0.010103 0.010103 
0.250000 0.250000 0.250000 0.250000 
 206
0.596373 0.006408 0.046210 
0.359085 0.986907 0.462022 
0.044543 0.006685 0.491768 
0.010103 0.010103 0.136142 0.843651 
0.250000 0.250000 0.250000 0.250000 
 207
0.596373 0.006408 0.046210 
0.359085 0.986907 0.462022 
0.044543 0.006685 0.491768 
0.243478 0.722522 0.010103 0.023897 
0.250000 0.250000 0.250000 0.250000 
 208
0.596373 0.006408 0.046210 
0.359085 0.986907 0.462022 
0.044543 0.006685 0.491768 
0.655201 0.324593 0.010103 0.010103 
0.250000 0.250000 0.250000 0.250000 
 209
0.596373 0.006408 0.046210 
0.359085 0.986907 0.462022 
0.044543 0.006685 0.491768 
0.010103 0.010103 0.016964 0.962829 
0.250000 0.250000 0.250000 0.250000 
 210
0.596373 0.006408 0.046210 
0.359085 0.986907 0.462022 
0.044543 0.006685 0.491768 
0.851029 0.012339 0.126529 0.010103 
0.250000 0.250000 0.250000 0.250000 
 211
0.596373 0.006408 0.046210 
0.359085 0.986907 0.462022 
0.044543 0.006685 0.491768 
0.969690 0.010103 0.010103 0.010103 
0.250000 0.250000 0.250000 0.250000 
 212
0.596373 0.006408 0.046210 
0.359085 0.986907 0.462022 
0.044543 0.006685 0.491768 
0.968090 0.011703 0.010103 0.010103 
0.250000 0.250000 0.250000 0.250000 
 213
0.596373 0.006408 0.046210 
0.359085 0.986907 0.462022 
0.044543 0.006685 0.491768 
0.010103 0.010103 0.863269 0.116525 
0.250000 0.250000 0.250000 0.250000 
 214
0.596373 0.006408 0.046210 
0.359085 0.986907 0.462022 
0.044543 0.006685 0.491768 
0.969690 0.010103 0.010103 0.010103 
0.250000 0.250000 0.250000 0.250000 
 215
0.596373 0.006408 0.046210 
0.359085 0.986907 0.462022 
0.044543 0.006685 0.491768 
0.969690 0.010103 0.010103 0.010103 
0.250000 0.250000 0.250000 0.250000 
 216
0.596373 0.006408 0.046210 
0.359085 0.986907 0.462022 
0.044543 0.006685 0.491768 
0.018038 0.010103 0.957427 0.014432 
0.250000 0.250000 0.250000 0.250000 
 217
0.596373 0.006408 0.046210 
0.359085 0.986907 0.462022 
0.044543 0.006685 0.491768 
0.969690 0.010103 0.010103 0.010103 
0.250000 0.250000 0.250000 0.250000 
 218
0.596373 0.006408 0.046210 
0.359085 0.986907 0.462022 
0.044543 0.006685 0.491768 
0.010103 0.010103 0.012722 0.967072 
0.250000 0.250000 0.250000 0.250000 
 219
0.596373 0.006408 0.046210 
0.359085 0.986907 0.462022 
0.044543 0.006685 0.491768 
0.959868 0.014209 0.012085 0.013839 
0.250000 0.250000 0.250000 0.250000 
 220
0.596373 0.006408 0.046210 
0.359085 0.986907 0.462022 
0.044543 0.006685 0.491768 
0.969690 0.010103 0.010103 0.010103 
0.250000 0.250000 0.250000 0.250000 
 221
0.596373 0.006408 0.046210 
0.359085 0.986907 0.462022 
0.044543 0.006685 0.491768 
0.010103 0.010103 0.969690 0.010103 
0.250000 0.250000 0.250000 0.250000 
 222
0.596373 0.006408 0.046210 
0.359085 0.986907 0.462022 
0.044543 0.006685 0.491768 
0.930243 0.029615 0.011881 0.028260 
0.250000 0.250000 0.250000 0.250000 
 223
0.596373 0.006408 0.046210 
0.359085 0.986907 0.462022 
0.044543 0.006685 0.491768 
0.967333 0.010103 0.010103 0.012460 
0.250000 0.250000 0.250000 0.250000 
 224
0.596373 0.006408 0.046210 
0.359085 0.986907 0.462022 
0.044543 0.006685 0.491768 
0.088553 0.010103 0.891241 0.010103 
0.250000 0.250000 0.250000 0.250000 
 225
0.596373 0.006408 0.046210 
0.359085 0.986907 0.462022 
0.044543 0.006685 0.491768 
0.791709 0.093105 0.012536 0.102651 
0.250000 0.250000 0.250000 0.250000 
 226
0.596373 0.008107 0.046210 
0.359085 0.985208 0.462022 
0.043956 0.006696 0.491768 
0.847268 0.132470 0.010131 0.010131 
0.250000 0.250000 0.250000 0.250000 
 227
0.601687 0.006419 0.046210 
0.354357 0.986885 0.462022 
0.043956 0.006696 0.491768 
0.010131 0.010131 0.822224 0.157514 
0.250000 0.250000 0.250000 0.250000 
 228
0.601687 0.006419 0.046210 
0.354357 0.986885 0.462022 
0.043956 0.006696 0.491768 
0.796943 0.037895 0.018680 0.146482 
0.250000 0.250000 0.250000 0.250000 
 229
0.588521 0.019465 0.046210 
0.367523 0.973839 0.462022 
0.040411 0.006773 0.491768 
0.818850 0.160511 0.010320 0.010320 
0.250000 0.250000 0.250000 0.250000 
 230
0.626209 0.006492 0.046210 
0.333380 0.986735 0.462022 
0.040721 0.006766 0.491768 
0.010301 0.010301 0.010301 0.969096 
0.250000 0.250000 0.250000 0.250000 
 231
0.631006 0.006485 0.046210 
0.328274 0.986749 0.462022 
0.040721 0.006766 0.491768 
0.865065 0.024543 0.010301 0.100090 
0.250000 0.250000 0.250000 0.250000 
 232
0.378570 0.006485 0.046210 
0.580709 0.986749 0.462022 
0.054471 0.006533 0.491768 
0.784288 0.081841 0.066456 0.067415 
0.250000 0.250000 0.250000 0.250000 
 233
0.481503 0.006262 0.046210 
0.464026 0.987204 0.462022 
0.055862 0.006517 0.491768 
0.009701 0.009701 0.018550 0.962048 
0.250000 0.250000 0.250000 0.250000 
 234
0.493799 0.006247 0.046210 
0.450339 0.987237 0.462022 
0.055862 0.006517 0.491768 
0.838732 0.011310 0.019240 0.130717 
0.250000 0.250000 0.250000 0.250000 
 235
0.493799 0.006247 0.046210 
0.450339 0.987237 0.462022 
0.055862 0.006517 0.491768 
0.795966 0.070823 0.123510 0.009701 
0.250000 0.250000 0.250000 0.250000 
 236
