%  SAM: /scicomp/home/vfn4/Tools/LABEL_RES/scripts/modelfromalign v3.5 (July 15, 2005) compiled 12/08/06_16:15:55
%  (c) 1992-2001 Regents of the University of California, Santa Cruz
%
%          Sequence Alignment and Modeling Software System
%         http://www.cse.ucsc.edu/research/compbio/sam.html
%
% ----------------- Citations (SAM, SAM-T2K, HMMs) --------------------
% R. Hughey, A. Krogh, Hidden Markov models for sequence analysis:
%  Extension and analysis of the basic method, CABIOS 12:95-107, 1996.
% K. Karplus, et al., What is the value added by human intervention in protein
%  structure prediction, Proteins: Stucture, Function, Genetics 45(S5):86--91, 2001.
% A. Krogh et al., Hidden Markov models in computational biology:
%  Applications to protein modeling, JMB 235:1501-1531, Feb 1994.
% ---------------------------------------------------------------------
%  A_NA_N6_hmm   Host: login.aspen.biotech.cdc.gov    Mon Aug 25 12:25:06 2014
%  vfn4          Dir:  /scicomp/home/vfn4/IRMA/train3/NA
% ---------------------------------------------------------------------
%  Alignment weights from internal calc.  Total (17.75) Max (0.12) Min (0.04)
%  Weights from alignment method 1 (karplus), b=-1.000000, e=0.500000
MODEL --  Model from alignment file /scicomp/home/vfn4/Tools/LABEL_RES/training_data/irmaNA/A_NA_N6.fasta
alphabet DNA
FREQAVE
0.000000 0.000000 0.000000 
0.000000 0.000000 0.000000 
0.000000 0.000000 0.000000 
0.340642 0.240765 0.200459 0.218133 
0.340642 0.240765 0.200459 0.218133 
Begin
0.000000 0.000000 0.000000 
0.000000 0.000000 0.000000 
0.000000 0.007871 0.491768 
0.250000 0.250000 0.250000 0.250000 
0.250000 0.250000 0.250000 0.250000 
   1
0.000000 0.007545 0.046210 
0.000000 0.984584 0.462022 
0.057405 0.007871 0.491768 
0.959996 0.013335 0.013335 0.013335 
0.250000 0.250000 0.250000 0.250000 
   2
0.479817 0.007545 0.046210 
0.462778 0.984584 0.462022 
0.057405 0.007871 0.491768 
0.013335 0.013335 0.013335 0.959996 
0.250000 0.250000 0.250000 0.250000 
   3
0.479817 0.007545 0.046210 
0.462778 0.984584 0.462022 
0.057405 0.007871 0.491768 
0.013335 0.959996 0.013335 0.013335 
0.250000 0.250000 0.250000 0.250000 
   4
0.479817 0.007545 0.046210 
0.462778 0.984584 0.462022 
0.057405 0.007871 0.491768 
0.959996 0.013335 0.013335 0.013335 
0.250000 0.250000 0.250000 0.250000 
   5
0.479817 0.007545 0.046210 
0.462778 0.984584 0.462022 
0.057405 0.007871 0.491768 
0.959996 0.013335 0.013335 0.013335 
0.250000 0.250000 0.250000 0.250000 
   6
0.479817 0.007545 0.046210 
0.462778 0.984584 0.462022 
0.057405 0.007871 0.491768 
0.013335 0.013335 0.013335 0.959996 
0.250000 0.250000 0.250000 0.250000 
   7
0.479817 0.007545 0.046210 
0.462778 0.984584 0.462022 
0.057405 0.007871 0.491768 
0.013335 0.013335 0.959996 0.013335 
0.250000 0.250000 0.250000 0.250000 
   8
0.479817 0.007545 0.046210 
0.462778 0.984584 0.462022 
0.057405 0.007871 0.491768 
0.013335 0.013335 0.959996 0.013335 
0.250000 0.250000 0.250000 0.250000 
   9
0.479817 0.007545 0.046210 
0.462778 0.984584 0.462022 
0.057405 0.007871 0.491768 
0.959996 0.013335 0.013335 0.013335 
0.250000 0.250000 0.250000 0.250000 
  10
0.479817 0.007545 0.046210 
0.462778 0.984584 0.462022 
0.057405 0.007871 0.491768 
0.959996 0.013335 0.013335 0.013335 
0.250000 0.250000 0.250000 0.250000 
  11
0.479817 0.007545 0.046210 
0.462778 0.984584 0.462022 
0.057405 0.007871 0.491768 
0.959996 0.013335 0.013335 0.013335 
0.250000 0.250000 0.250000 0.250000 
  12
0.479817 0.007545 0.046210 
0.462778 0.984584 0.462022 
0.057405 0.007871 0.491768 
0.013335 0.013335 0.020317 0.953014 
0.250000 0.250000 0.250000 0.250000 
  13
0.479817 0.007545 0.046210 
0.462778 0.984584 0.462022 
0.057405 0.007871 0.491768 
0.013335 0.013335 0.959996 0.013335 
0.250000 0.250000 0.250000 0.250000 
  14
0.479817 0.007545 0.046210 
0.462778 0.984584 0.462022 
0.057405 0.007871 0.491768 
0.959996 0.013335 0.013335 0.013335 
0.250000 0.250000 0.250000 0.250000 
  15
0.479817 0.007545 0.046210 
0.462778 0.984584 0.462022 
0.057405 0.007871 0.491768 
0.102645 0.870686 0.013335 0.013335 
0.250000 0.250000 0.250000 0.250000 
  16
0.479817 0.007545 0.046210 
0.462778 0.984584 0.462022 
0.057405 0.007871 0.491768 
0.959996 0.013335 0.013335 0.013335 
0.250000 0.250000 0.250000 0.250000 
  17
0.479817 0.007545 0.046210 
0.462778 0.984584 0.462022 
0.057405 0.007871 0.491768 
0.959996 0.013335 0.013335 0.013335 
0.250000 0.250000 0.250000 0.250000 
  18
0.479817 0.007545 0.046210 
0.462778 0.984584 0.462022 
0.057405 0.007871 0.491768 
0.027061 0.946270 0.013335 0.013335 
0.250000 0.250000 0.250000 0.250000 
  19
0.479817 0.007545 0.046210 
0.462778 0.984584 0.462022 
0.057405 0.007871 0.491768 
0.959996 0.013335 0.013335 0.013335 
0.250000 0.250000 0.250000 0.250000 
  20
0.479817 0.007545 0.046210 
0.462778 0.984584 0.462022 
0.057405 0.007871 0.491768 
0.013335 0.013335 0.013335 0.959996 
0.250000 0.250000 0.250000 0.250000 
  21
0.479817 0.007545 0.046210 
0.462778 0.984584 0.462022 
0.057405 0.007871 0.491768 
0.959996 0.013335 0.013335 0.013335 
0.250000 0.250000 0.250000 0.250000 
  22
0.479817 0.007545 0.046210 
0.462778 0.984584 0.462022 
0.057405 0.007871 0.491768 
0.959996 0.013335 0.013335 0.013335 
0.250000 0.250000 0.250000 0.250000 
  23
0.479817 0.007545 0.046210 
0.462778 0.984584 0.462022 
0.057405 0.007871 0.491768 
0.013335 0.013335 0.092837 0.880494 
0.250000 0.250000 0.250000 0.250000 
  24
0.479817 0.007545 0.046210 
0.462778 0.984584 0.462022 
0.057405 0.007871 0.491768 
0.953820 0.019510 0.013335 0.013335 
0.250000 0.250000 0.250000 0.250000 
  25
0.479817 0.007545 0.046210 
0.462778 0.984584 0.462022 
0.057405 0.007871 0.491768 
0.013335 0.013335 0.013335 0.959996 
0.250000 0.250000 0.250000 0.250000 
  26
0.479817 0.007545 0.046210 
0.462778 0.984584 0.462022 
0.057405 0.007871 0.491768 
0.013335 0.959996 0.013335 0.013335 
0.250000 0.250000 0.250000 0.250000 
  27
0.479817 0.007545 0.046210 
0.462778 0.984584 0.462022 
0.057405 0.007871 0.491768 
0.013335 0.013335 0.959996 0.013335 
0.250000 0.250000 0.250000 0.250000 
  28
0.479817 0.007545 0.046210 
0.462778 0.984584 0.462022 
0.057405 0.007871 0.491768 
0.959996 0.013335 0.013335 0.013335 
0.250000 0.250000 0.250000 0.250000 
  29
0.479817 0.007545 0.046210 
0.462778 0.984584 0.462022 
0.057405 0.007871 0.491768 
0.013335 0.013335 0.017068 0.956263 
0.250000 0.250000 0.250000 0.250000 
  30
0.479817 0.007545 0.046210 
0.462778 0.984584 0.462022 
0.057405 0.007871 0.491768 
0.016062 0.013335 0.588938 0.381666 
0.250000 0.250000 0.250000 0.250000 
  31
0.479817 0.007545 0.046210 
0.462778 0.984584 0.462022 
0.057405 0.007871 0.491768 
0.013335 0.013335 0.013335 0.959996 
0.250000 0.250000 0.250000 0.250000 
  32
0.479817 0.007545 0.046210 
0.462778 0.984584 0.462022 
0.057405 0.007871 0.491768 
0.013335 0.013335 0.959996 0.013335 
0.250000 0.250000 0.250000 0.250000 
  33
0.479817 0.007545 0.046210 
0.462778 0.984584 0.462022 
0.057405 0.007871 0.491768 
0.940421 0.013335 0.013335 0.032910 
0.250000 0.250000 0.250000 0.250000 
  34
0.479817 0.007545 0.046210 
0.462778 0.984584 0.462022 
0.057405 0.007871 0.491768 
0.016098 0.957233 0.013335 0.013335 
0.250000 0.250000 0.250000 0.250000 
  35
0.479817 0.007545 0.046210 
0.462778 0.984584 0.462022 
0.057405 0.007871 0.491768 
0.013335 0.013335 0.959996 0.013335 
0.250000 0.250000 0.250000 0.250000 
  36
0.479817 0.007545 0.046210 
0.462778 0.984584 0.462022 
0.057405 0.007871 0.491768 
0.822756 0.013335 0.147909 0.016000 
0.250000 0.250000 0.250000 0.250000 
  37
0.479817 0.007545 0.046210 
0.462778 0.984584 0.462022 
0.057405 0.007871 0.491768 
0.959996 0.013335 0.013335 0.013335 
0.250000 0.250000 0.250000 0.250000 
  38
0.479817 0.007545 0.046210 
0.462778 0.984584 0.462022 
0.057405 0.007871 0.491768 
0.013335 0.013335 0.955831 0.017500 
0.250000 0.250000 0.250000 0.250000 
  39
0.479817 0.007545 0.046210 
0.462778 0.984584 0.462022 
0.057405 0.007871 0.491768 
0.954991 0.018340 0.013335 0.013335 
0.250000 0.250000 0.250000 0.250000 
  40
0.479817 0.007545 0.046210 
0.462778 0.984584 0.462022 
0.057405 0.007871 0.491768 
0.013335 0.959996 0.013335 0.013335 
0.250000 0.250000 0.250000 0.250000 
  41
0.479817 0.007545 0.046210 
0.462778 0.984584 0.462022 
0.057405 0.007871 0.491768 
0.016403 0.956928 0.013335 0.013335 
0.250000 0.250000 0.250000 0.250000 
  42
0.479817 0.007545 0.046210 
0.462778 0.984584 0.462022 
0.057405 0.007871 0.491768 
0.956402 0.016929 0.013335 0.013335 
0.250000 0.250000 0.250000 0.250000 
  43
0.479817 0.007545 0.046210 
0.462778 0.984584 0.462022 
0.057405 0.007871 0.491768 
0.934724 0.038607 0.013335 0.013335 
0.250000 0.250000 0.250000 0.250000 
  44
0.479817 0.007545 0.046210 
0.462778 0.984584 0.462022 
0.057405 0.007871 0.491768 
0.013335 0.013335 0.013335 0.959996 
0.250000 0.250000 0.250000 0.250000 
  45
0.479817 0.007545 0.046210 
0.462778 0.984584 0.462022 
0.057405 0.007871 0.491768 
0.013335 0.959996 0.013335 0.013335 
0.250000 0.250000 0.250000 0.250000 
  46
0.479817 0.007545 0.046210 
0.462778 0.984584 0.462022 
0.057405 0.007871 0.491768 
0.943634 0.029697 0.013335 0.013335 
0.250000 0.250000 0.250000 0.250000 
  47
0.479817 0.007545 0.046210 
0.462778 0.984584 0.462022 
0.057405 0.007871 0.491768 
0.013335 0.013335 0.956513 0.016818 
0.250000 0.250000 0.250000 0.250000 
  48
0.479817 0.007545 0.046210 
0.462778 0.984584 0.462022 
0.057405 0.007871 0.491768 
0.955802 0.017529 0.013335 0.013335 
0.250000 0.250000 0.250000 0.250000 
  49
0.479817 0.007545 0.046210 
0.462778 0.984584 0.462022 
0.057405 0.007871 0.491768 
0.013335 0.013335 0.959996 0.013335 
0.250000 0.250000 0.250000 0.250000 
  50
0.479817 0.007545 0.046210 
0.462778 0.984584 0.462022 
0.057405 0.007871 0.491768 
0.013335 0.013335 0.013335 0.959996 
0.250000 0.250000 0.250000 0.250000 
  51
0.479817 0.007545 0.046210 
0.462778 0.984584 0.462022 
0.057405 0.007871 0.491768 
0.959996 0.013335 0.013335 0.013335 
0.250000 0.250000 0.250000 0.250000 
  52
0.479817 0.007545 0.046210 
0.462778 0.984584 0.462022 
0.057405 0.007871 0.491768 
0.013335 0.013335 0.013335 0.959996 
0.250000 0.250000 0.250000 0.250000 
  53
0.479817 0.007545 0.046210 
0.462778 0.984584 0.462022 
0.057405 0.007871 0.491768 
0.013335 0.013335 0.959996 0.013335 
0.250000 0.250000 0.250000 0.250000 
  54
0.479817 0.007545 0.046210 
0.462778 0.984584 0.462022 
0.057405 0.007871 0.491768 
0.021355 0.341462 0.576579 0.060603 
0.250000 0.250000 0.250000 0.250000 
  55
0.479817 0.007545 0.046210 
0.462778 0.984584 0.462022 
0.057405 0.007871 0.491768 
0.013335 0.959996 0.013335 0.013335 
0.250000 0.250000 0.250000 0.250000 
  56
0.479817 0.007545 0.046210 
0.462778 0.984584 0.462022 
0.057405 0.007871 0.491768 
0.013335 0.013335 0.013335 0.959996 
0.250000 0.250000 0.250000 0.250000 
  57
0.479817 0.007545 0.046210 
0.462778 0.984584 0.462022 
0.057405 0.007871 0.491768 
0.959996 0.013335 0.013335 0.013335 
0.250000 0.250000 0.250000 0.250000 
  58
0.479817 0.007545 0.046210 
0.462778 0.984584 0.462022 
0.057405 0.007871 0.491768 
0.016461 0.956870 0.013335 0.013335 
0.250000 0.250000 0.250000 0.250000 
  59
0.479817 0.007545 0.046210 
0.462778 0.984584 0.462022 
0.057405 0.007871 0.491768 
0.013335 0.013335 0.013335 0.959996 
0.250000 0.250000 0.250000 0.250000 
  60
0.479817 0.007545 0.046210 
0.462778 0.984584 0.462022 
0.057405 0.007871 0.491768 
0.930655 0.042676 0.013335 0.013335 
0.250000 0.250000 0.250000 0.250000 
  61
0.479817 0.007545 0.046210 
0.462778 0.984584 0.462022 
0.057405 0.007871 0.491768 
0.959996 0.013335 0.013335 0.013335 
0.250000 0.250000 0.250000 0.250000 
  62
0.479817 0.007545 0.046210 
0.462778 0.984584 0.462022 
0.057405 0.007871 0.491768 
0.016333 0.956998 0.013335 0.013335 
0.250000 0.250000 0.250000 0.250000 
  63
0.479817 0.007545 0.046210 
0.462778 0.984584 0.462022 
0.057405 0.007871 0.491768 
0.013335 0.013335 0.346928 0.626402 
0.250000 0.250000 0.250000 0.250000 
  64
0.479817 0.007545 0.046210 
0.462778 0.984584 0.462022 
0.057405 0.007871 0.491768 
0.013335 0.013335 0.959996 0.013335 
0.250000 0.250000 0.250000 0.250000 
  65
0.479817 0.007545 0.046210 
0.462778 0.984584 0.462022 
0.057405 0.007871 0.491768 
0.013335 0.013335 0.013335 0.959996 
0.250000 0.250000 0.250000 0.250000 
  66
0.479817 0.007545 0.046210 
0.462778 0.984584 0.462022 
0.057405 0.007871 0.491768 
0.022338 0.946699 0.013335 0.017628 
0.250000 0.250000 0.250000 0.250000 
  67
0.479817 0.007545 0.046210 
0.462778 0.984584 0.462022 
0.057405 0.007871 0.491768 
0.017855 0.013335 0.955476 0.013335 
0.250000 0.250000 0.250000 0.250000 
  68
0.479817 0.007545 0.046210 
0.462778 0.984584 0.462022 
0.057405 0.007871 0.491768 
0.013335 0.013335 0.013335 0.959996 
0.250000 0.250000 0.250000 0.250000 
  69
0.479817 0.007545 0.046210 
0.462778 0.984584 0.462022 
0.057405 0.007871 0.491768 
0.753132 0.220199 0.013335 0.013335 
0.250000 0.250000 0.250000 0.250000 
  70
0.479817 0.007545 0.046210 
0.462778 0.984584 0.462022 
0.057405 0.007871 0.491768 
0.918771 0.054559 0.013335 0.013335 
0.250000 0.250000 0.250000 0.250000 
  71
0.479817 0.007545 0.046210 
0.462778 0.984584 0.462022 
0.057405 0.007871 0.491768 
0.013335 0.013335 0.016180 0.957151 
0.250000 0.250000 0.250000 0.250000 
  72
0.479817 0.007545 0.046210 
0.462778 0.984584 0.462022 
0.057405 0.007871 0.491768 
0.959996 0.013335 0.013335 0.013335 
0.250000 0.250000 0.250000 0.250000 
  73
0.479817 0.007545 0.046210 
0.462778 0.984584 0.462022 
0.057405 0.007871 0.491768 
0.013335 0.959996 0.013335 0.013335 
0.250000 0.250000 0.250000 0.250000 
  74
0.479817 0.007545 0.046210 
0.462778 0.984584 0.462022 
0.057405 0.007871 0.491768 
0.013335 0.959996 0.013335 0.013335 
0.250000 0.250000 0.250000 0.250000 
  75
0.479817 0.007545 0.046210 
0.462778 0.984584 0.462022 
0.057405 0.007871 0.491768 
0.858905 0.114426 0.013335 0.013335 
0.250000 0.250000 0.250000 0.250000 
  76
0.479817 0.007545 0.046210 
0.462778 0.984584 0.462022 
0.057405 0.007871 0.491768 
0.322502 0.037752 0.042794 0.596951 
0.250000 0.250000 0.250000 0.250000 
  77
0.479817 0.007545 0.046210 
0.462778 0.984584 0.462022 
0.057405 0.007871 0.491768 
0.013335 0.013335 0.017806 0.955525 
0.250000 0.250000 0.250000 0.250000 
  78
0.479817 0.007545 0.046210 
0.462778 0.984584 0.462022 
0.057405 0.007871 0.491768 
0.015993 0.623753 0.022771 0.337483 
0.250000 0.250000 0.250000 0.250000 
  79
0.479817 0.007545 0.046210 
0.462778 0.984584 0.462022 
0.057405 0.007871 0.491768 
0.013335 0.959996 0.013335 0.013335 
0.250000 0.250000 0.250000 0.250000 
  80
0.479817 0.007545 0.046210 
0.462778 0.984584 0.462022 
0.057405 0.007871 0.491768 
0.013335 0.013335 0.956349 0.016982 
0.250000 0.250000 0.250000 0.250000 
  81
0.479817 0.007545 0.046210 
0.462778 0.984584 0.462022 
0.057405 0.007871 0.491768 
0.013335 0.013335 0.959996 0.013335 
0.250000 0.250000 0.250000 0.250000 
  82
0.479817 0.007545 0.046210 
0.462778 0.984584 0.462022 
0.057405 0.007871 0.491768 
0.959996 0.013335 0.013335 0.013335 
0.250000 0.250000 0.250000 0.250000 
  83
0.479817 0.007545 0.046210 
0.462778 0.984584 0.462022 
0.057405 0.007871 0.491768 
0.959996 0.013335 0.013335 0.013335 
0.250000 0.250000 0.250000 0.250000 
  84
0.479817 0.007545 0.046210 
0.462778 0.984584 0.462022 
0.057405 0.007871 0.491768 
0.013335 0.013335 0.644065 0.329266 
0.250000 0.250000 0.250000 0.250000 
  85
0.479817 0.007545 0.046210 
0.462778 0.984584 0.462022 
0.057405 0.007871 0.491768 
0.013335 0.013335 0.178690 0.794641 
0.250000 0.250000 0.250000 0.250000 
  86
0.479817 0.007545 0.046210 
0.462778 0.984584 0.462022 
0.057405 0.007871 0.491768 
0.013335 0.013335 0.013335 0.959996 
0.250000 0.250000 0.250000 0.250000 
  87
0.479817 0.007545 0.046210 
0.462778 0.984584 0.462022 
0.057405 0.007871 0.491768 
0.261603 0.711727 0.013335 0.013335 
0.250000 0.250000 0.250000 0.250000 
  88
0.479817 0.007545 0.046210 
0.462778 0.984584 0.462022 
0.057405 0.007871 0.491768 
0.013335 0.959996 0.013335 0.013335 
0.250000 0.250000 0.250000 0.250000 
  89
0.479817 0.007545 0.046210 
0.462778 0.984584 0.462022 
0.057405 0.007871 0.491768 
0.013335 0.959996 0.013335 0.013335 
0.250000 0.250000 0.250000 0.250000 
  90
0.479817 0.007545 0.046210 
0.462778 0.984584 0.462022 
0.057405 0.007871 0.491768 
0.058582 0.477797 0.333977 0.129645 
0.250000 0.250000 0.250000 0.250000 
  91
0.479817 0.007545 0.046210 
0.462778 0.984584 0.462022 
0.057405 0.007871 0.491768 
0.013335 0.013335 0.944278 0.029052 
0.250000 0.250000 0.250000 0.250000 
  92
0.479817 0.007545 0.046210 
0.462778 0.984584 0.462022 
0.057405 0.007871 0.491768 
0.013335 0.013335 0.013335 0.959996 
0.250000 0.250000 0.250000 0.250000 
  93
0.479817 0.007545 0.046210 
0.462778 0.984584 0.462022 
0.057405 0.007871 0.491768 
0.340399 0.632931 0.013335 0.013335 
0.250000 0.250000 0.250000 0.250000 
  94
0.479817 0.007545 0.046210 
0.462778 0.984584 0.462022 
0.057405 0.007871 0.491768 
0.959996 0.013335 0.013335 0.013335 
0.250000 0.250000 0.250000 0.250000 
  95
0.479817 0.007545 0.046210 
0.462778 0.984584 0.462022 
0.057405 0.007871 0.491768 
0.959996 0.013335 0.013335 0.013335 
0.250000 0.250000 0.250000 0.250000 
  96
0.479817 0.007545 0.046210 
0.462778 0.984584 0.462022 
0.057405 0.007871 0.491768 
0.013335 0.013335 0.831406 0.141924 
0.250000 0.250000 0.250000 0.250000 
  97
0.479817 0.007545 0.046210 
0.462778 0.984584 0.462022 
0.057405 0.007871 0.491768 
0.949252 0.024079 0.013335 0.013335 
0.250000 0.250000 0.250000 0.250000 
  98
0.479817 0.007545 0.046210 
0.462778 0.984584 0.462022 
0.057405 0.007871 0.491768 
0.013335 0.013335 0.013335 0.959996 
0.250000 0.250000 0.250000 0.250000 
  99
0.479817 0.007545 0.046210 
0.462778 0.984584 0.462022 
0.057405 0.007871 0.491768 
0.027786 0.013335 0.408955 0.549924 
0.250000 0.250000 0.250000 0.250000 
 100
0.479817 0.007545 0.046210 
0.462778 0.984584 0.462022 
0.057405 0.007871 0.491768 
0.013335 0.959996 0.013335 0.013335 
0.250000 0.250000 0.250000 0.250000 
 101
0.479817 0.007545 0.046210 
0.462778 0.984584 0.462022 
0.057405 0.007871 0.491768 
0.013335 0.959996 0.013335 0.013335 
0.250000 0.250000 0.250000 0.250000 
 102
0.479817 0.007545 0.046210 
0.462778 0.984584 0.462022 
0.057405 0.007871 0.491768 
0.367410 0.605921 0.013335 0.013335 
0.250000 0.250000 0.250000 0.250000 
 103
0.479817 0.007545 0.046210 
0.462778 0.984584 0.462022 
0.057405 0.007871 0.491768 
0.053451 0.013335 0.919880 0.013335 
0.250000 0.250000 0.250000 0.250000 
 104
0.479817 0.007545 0.046210 
0.462778 0.984584 0.462022 
0.057405 0.007871 0.491768 
0.013335 0.013335 0.013335 0.959996 
0.250000 0.250000 0.250000 0.250000 
 105
0.479817 0.007545 0.046210 
0.462778 0.984584 0.462022 
0.057405 0.007871 0.491768 
0.016275 0.013335 0.308387 0.662003 
0.250000 0.250000 0.250000 0.250000 
 106
0.479817 0.007545 0.046210 
0.462778 0.984584 0.462022 
0.057405 0.007871 0.491768 
0.013335 0.013335 0.959996 0.013335 
0.250000 0.250000 0.250000 0.250000 
 107
0.479817 0.007545 0.046210 
0.462778 0.984584 0.462022 
0.057405 0.007871 0.491768 
0.956241 0.017090 0.013335 0.013335 
0.250000 0.250000 0.250000 0.250000 
 108
0.479817 0.007545 0.046210 
0.462778 0.984584 0.462022 
0.057405 0.007871 0.491768 
0.013335 0.013335 0.203946 0.769385 
0.250000 0.250000 0.250000 0.250000 
 109
0.479817 0.007545 0.046210 
0.462778 0.984584 0.462022 
0.057405 0.007871 0.491768 
0.013335 0.013335 0.016669 0.956662 
0.250000 0.250000 0.250000 0.250000 
 110
0.479817 0.007545 0.046210 
0.462778 0.984584 0.462022 
0.057405 0.007871 0.491768 
0.346920 0.016059 0.013335 0.623687 
0.250000 0.250000 0.250000 0.250000 
 111
0.479817 0.007545 0.046210 
0.462778 0.984584 0.462022 
0.057405 0.007871 0.491768 
0.022667 0.013335 0.645904 0.318094 
0.250000 0.250000 0.250000 0.250000 
 112
0.479817 0.007545 0.046210 
0.462778 0.984584 0.462022 
0.057405 0.007871 0.491768 
0.959996 0.013335 0.013335 0.013335 
0.250000 0.250000 0.250000 0.250000 
 113
0.479817 0.007545 0.046210 
0.462778 0.984584 0.462022 
0.057405 0.007871 0.491768 
0.959996 0.013335 0.013335 0.013335 
0.250000 0.250000 0.250000 0.250000 
 114
0.479817 0.007545 0.046210 
0.462778 0.984584 0.462022 
0.057405 0.007871 0.491768 
0.120652 0.852679 0.013335 0.013335 
0.250000 0.250000 0.250000 0.250000 
 115
0.479817 0.007545 0.046210 
0.462778 0.984584 0.462022 
0.057405 0.007871 0.491768 
0.032696 0.936470 0.017500 0.013335 
0.250000 0.250000 0.250000 0.250000 
 116
0.479817 0.007545 0.046210 
0.462778 0.984584 0.462022 
0.057405 0.007871 0.491768 
0.013335 0.013335 0.013335 0.959996 
0.250000 0.250000 0.250000 0.250000 
 117
0.479817 0.007545 0.046210 
0.462778 0.984584 0.462022 
0.057405 0.007871 0.491768 
0.639735 0.333596 0.013335 0.013335 
0.250000 0.250000 0.250000 0.250000 
 118
0.479817 0.007545 0.046210 
0.462778 0.984584 0.462022 
0.057405 0.007871 0.491768 
0.104863 0.868468 0.013335 0.013335 
0.250000 0.250000 0.250000 0.250000 
 119
0.479817 0.007545 0.046210 
0.462778 0.984584 0.462022 
0.057405 0.007871 0.491768 
0.019914 0.953416 0.013335 0.013335 
0.250000 0.250000 0.250000 0.250000 
 120
0.479817 0.007545 0.046210 
0.462778 0.984584 0.462022 
0.057405 0.007871 0.491768 
0.622118 0.017628 0.028083 0.332171 
0.250000 0.250000 0.250000 0.250000 
 121
0.479817 0.007545 0.046210 
0.462778 0.984584 0.462022 
0.057405 0.007871 0.491768 
0.082083 0.891248 0.013335 0.013335 
0.250000 0.250000 0.250000 0.250000 
 122
0.479817 0.007545 0.046210 
0.462778 0.984584 0.462022 
0.057405 0.007871 0.491768 
0.918557 0.016561 0.013335 0.051547 
0.250000 0.250000 0.250000 0.250000 
 123
0.479817 0.007545 0.046210 
0.462778 0.984584 0.462022 
0.057405 0.007871 0.491768 
0.040567 0.013335 0.618372 0.327727 
0.250000 0.250000 0.250000 0.250000 
 124
0.479817 0.021442 0.046210 
0.462778 0.970686 0.462022 
0.051282 0.007982 0.491768 
0.889999 0.027521 0.013677 0.068802 
0.250000 0.250000 0.250000 0.250000 
 125
0.535306 0.007651 0.046210 
0.413412 0.984367 0.462022 
0.051282 0.007982 0.491768 
0.013677 0.013677 0.938666 0.033979 
0.250000 0.250000 0.250000 0.250000 
 126
0.535306 0.007651 0.046210 
0.413412 0.984367 0.462022 
0.051282 0.007982 0.491768 
0.894988 0.069095 0.016388 0.019530 
0.250000 0.250000 0.250000 0.250000 
 127
0.535306 0.007651 0.046210 
0.413412 0.984367 0.462022 
0.051282 0.007982 0.491768 
0.016783 0.013677 0.909061 0.060479 
0.250000 0.250000 0.250000 0.250000 
 128
0.535306 0.007651 0.046210 
0.413412 0.984367 0.462022 
0.051282 0.007982 0.491768 
0.013677 0.013677 0.954332 0.018314 
0.250000 0.250000 0.250000 0.250000 
 129
0.535306 0.007651 0.046210 
0.413412 0.984367 0.462022 
0.051282 0.007982 0.491768 
0.641071 0.326103 0.019148 0.013677 
0.250000 0.250000 0.250000 0.250000 
 130
0.535306 0.007651 0.046210 
0.413412 0.984367 0.462022 
0.051282 0.007982 0.491768 
0.089211 0.883434 0.013677 0.013677 
0.250000 0.250000 0.250000 0.250000 
 131
0.535306 0.007651 0.046210 
0.413412 0.984367 0.462022 
0.051282 0.007982 0.491768 
0.955512 0.017134 0.013677 0.013677 
0.250000 0.250000 0.250000 0.250000 
 132
0.535306 0.007651 0.046210 
0.413412 0.984367 0.462022 
0.051282 0.007982 0.491768 
0.629827 0.023475 0.034904 0.311794 
0.250000 0.250000 0.250000 0.250000 
 133
0.535306 0.007651 0.046210 
0.413412 0.984367 0.462022 
0.051282 0.007982 0.491768 
0.662911 0.273283 0.047441 0.016365 
0.250000 0.250000 0.250000 0.250000 
 134
0.535306 0.007651 0.046210 
0.413412 0.984367 0.462022 
0.051282 0.007982 0.491768 
0.013677 0.013677 0.622832 0.349814 
0.250000 0.250000 0.250000 0.250000 
 135
0.535306 0.007651 0.046210 
0.413412 0.984367 0.462022 
0.051282 0.007982 0.491768 
0.826180 0.146465 0.013677 0.013677 
0.250000 0.250000 0.250000 0.250000 
 136
0.535306 0.007651 0.046210 
0.413412 0.984367 0.462022 
0.051282 0.007982 0.491768 
0.332845 0.639801 0.013677 0.013677 
0.250000 0.250000 0.250000 0.250000 
 137
0.535306 0.007651 0.046210 
0.413412 0.984367 0.462022 
0.051282 0.007982 0.491768 
0.333530 0.620626 0.018937 0.026907 
0.250000 0.250000 0.250000 0.250000 
 138
0.535306 0.007651 0.046210 
0.413412 0.984367 0.462022 
0.051282 0.007982 0.491768 
0.565963 0.098630 0.321730 0.013677 
0.250000 0.250000 0.250000 0.250000 
 139
0.535306 0.007651 0.046210 
0.413412 0.984367 0.462022 
0.051282 0.007982 0.491768 
0.773626 0.047331 0.162540 0.016503 
0.250000 0.250000 0.250000 0.250000 
 140
0.535306 0.007651 0.046210 
0.413412 0.984367 0.462022 
0.051282 0.007982 0.491768 
0.017337 0.013677 0.643457 0.325528 
0.250000 0.250000 0.250000 0.250000 
 141
0.535306 0.007651 0.046210 
0.413412 0.984367 0.462022 
0.051282 0.007982 0.491768 
0.016444 0.013677 0.655821 0.314058 
0.250000 0.250000 0.250000 0.250000 
 142
0.535306 0.007651 0.046210 
0.413412 0.984367 0.462022 
0.051282 0.007982 0.491768 
0.013677 0.013677 0.952446 0.020200 
0.250000 0.250000 0.250000 0.250000 
 143
0.535306 0.007651 0.046210 
0.413412 0.984367 0.462022 
0.051282 0.007982 0.491768 
0.013677 0.013677 0.958968 0.013677 
0.250000 0.250000 0.250000 0.250000 
 144
0.535306 0.007651 0.046210 
0.413412 0.984367 0.462022 
0.051282 0.007982 0.491768 
0.291927 0.051891 0.080593 0.575589 
0.250000 0.250000 0.250000 0.250000 
 145
0.535306 0.007651 0.046210 
0.413412 0.984367 0.462022 
0.051282 0.007982 0.491768 
0.936657 0.035989 0.013677 0.013677 
0.250000 0.250000 0.250000 0.250000 
 146
0.535306 0.007651 0.046210 
0.413412 0.984367 0.462022 
0.051282 0.007982 0.491768 
0.316633 0.651711 0.017979 0.013677 
0.250000 0.250000 0.250000 0.250000 
 147
0.535306 0.007651 0.046210 
0.413412 0.984367 0.462022 
0.051282 0.007982 0.491768 
0.033544 0.013677 0.736911 0.215868 
0.250000 0.250000 0.250000 0.250000 
 148
0.535306 0.007651 0.046210 
0.413412 0.984367 0.462022 
0.051282 0.007982 0.491768 
0.899344 0.073301 0.013677 0.013677 
0.250000 0.250000 0.250000 0.250000 
 149
0.535306 0.007651 0.046210 
0.413412 0.984367 0.462022 
0.051282 0.007982 0.491768 
0.018937 0.013677 0.541435 0.425951 
0.250000 0.250000 0.250000 0.250000 
 150
0.535306 0.007651 0.046210 
0.413412 0.984367 0.462022 
0.051282 0.007982 0.491768 
0.063015 0.280803 0.638844 0.017337 
0.250000 0.250000 0.250000 0.250000 
 151
0.535306 0.007651 0.046210 
0.413412 0.984367 0.462022 
0.051282 0.007982 0.491768 
0.958968 0.013677 0.013677 0.013677 
0.250000 0.250000 0.250000 0.250000 
 152
0.535306 0.007651 0.046210 
0.413412 0.984367 0.462022 
0.051282 0.007982 0.491768 
0.918793 0.053853 0.013677 0.013677 
0.250000 0.250000 0.250000 0.250000 
 153
0.535306 0.007651 0.046210 
0.413412 0.984367 0.462022 
0.051282 0.007982 0.491768 
0.013677 0.013677 0.285359 0.687287 
0.250000 0.250000 0.250000 0.250000 
 154
0.535306 0.007651 0.046210 
0.413412 0.984367 0.462022 
0.051282 0.007982 0.491768 
0.032822 0.939823 0.013677 0.013677 
0.250000 0.250000 0.250000 0.250000 
 155
0.535306 0.007651 0.046210 
0.413412 0.984367 0.462022 
0.051282 0.007982 0.491768 
0.923490 0.042467 0.020366 0.013677 
0.250000 0.250000 0.250000 0.250000 
 156
0.535306 0.007651 0.046210 
0.413412 0.984367 0.462022 
0.051282 0.007982 0.491768 
0.164641 0.785222 0.013677 0.036460 
0.250000 0.250000 0.250000 0.250000 
 157
0.535306 0.012385 0.046210 
0.413412 0.979633 0.462022 
0.049508 0.008020 0.491768 
0.958611 0.013796 0.013796 0.013796 
0.250000 0.250000 0.250000 0.250000 
 158
0.551379 0.007688 0.046210 
0.399113 0.984292 0.462022 
0.049508 0.008020 0.491768 
0.013796 0.013796 0.958611 0.013796 
0.250000 0.250000 0.250000 0.250000 
 159
0.551379 0.007688 0.046210 
0.399113 0.984292 0.462022 
0.049508 0.008020 0.491768 
0.661463 0.016901 0.303469 0.018168 
0.250000 0.250000 0.250000 0.250000 
 160
0.551379 0.007688 0.046210 
0.399113 0.984292 0.462022 
0.049508 0.008020 0.491768 
0.958611 0.013796 0.013796 0.013796 
0.250000 0.250000 0.250000 0.250000 
 161
0.551379 0.007688 0.046210 
0.399113 0.984292 0.462022 
0.049508 0.008020 0.491768 
0.958611 0.013796 0.013796 0.013796 
0.250000 0.250000 0.250000 0.250000 
 162
0.551379 0.007688 0.046210 
0.399113 0.984292 0.462022 
0.049508 0.008020 0.491768 
0.013796 0.013796 0.834875 0.137533 
0.250000 0.250000 0.250000 0.250000 
 163
0.551379 0.007688 0.046210 
0.399113 0.984292 0.462022 
0.049508 0.008020 0.491768 
0.013796 0.013796 0.070146 0.902262 
0.250000 0.250000 0.250000 0.250000 
 164
0.551379 0.007688 0.046210 
0.399113 0.984292 0.462022 
0.049508 0.008020 0.491768 
0.018168 0.013796 0.931095 0.036940 
0.250000 0.250000 0.250000 0.250000 
 165
0.551379 0.007688 0.046210 
0.399113 0.984292 0.462022 
0.049508 0.008020 0.491768 
0.359712 0.013796 0.610032 0.016460 
0.250000 0.250000 0.250000 0.250000 
 166
0.551379 0.007688 0.046210 
0.399113 0.984292 0.462022 
0.049508 0.008020 0.491768 
0.958611 0.013796 0.013796 0.013796 
0.250000 0.250000 0.250000 0.250000 
 167
0.551379 0.007688 0.046210 
0.399113 0.984292 0.462022 
0.049508 0.008020 0.491768 
0.013796 0.013796 0.958611 0.013796 
0.250000 0.250000 0.250000 0.250000 
 168
0.551379 0.007688 0.046210 
0.399113 0.984292 0.462022 
0.049508 0.008020 0.491768 
0.916462 0.055946 0.013796 0.013796 
0.250000 0.250000 0.250000 0.250000 
 169
0.551379 0.007688 0.046210 
0.399113 0.984292 0.462022 
0.049508 0.008020 0.491768 
0.958611 0.013796 0.013796 0.013796 
0.250000 0.250000 0.250000 0.250000 
 170
0.551379 0.007688 0.046210 
0.399113 0.984292 0.462022 
0.049508 0.008020 0.491768 
0.020544 0.013796 0.939338 0.026322 
0.250000 0.250000 0.250000 0.250000 
 171
0.551379 0.007688 0.046210 
0.399113 0.984292 0.462022 
0.049508 0.008020 0.491768 
0.313808 0.023559 0.648837 0.013796 
0.250000 0.250000 0.250000 0.250000 
 172
0.551379 0.007688 0.046210 
0.399113 0.984292 0.462022 
0.049508 0.008020 0.491768 
0.958611 0.013796 0.013796 0.013796 
0.250000 0.250000 0.250000 0.250000 
 173
0.551379 0.007688 0.046210 
0.399113 0.984292 0.462022 
0.049508 0.008020 0.491768 
0.018422 0.013796 0.939708 0.028074 
0.250000 0.250000 0.250000 0.250000 
 174
0.551379 0.007688 0.046210 
0.399113 0.984292 0.462022 
0.049508 0.008020 0.491768 
0.845309 0.110533 0.013796 0.030363 
0.250000 0.250000 0.250000 0.250000 
 175
0.551379 0.007688 0.046210 
0.399113 0.984292 0.462022 
0.049508 0.008020 0.491768 
0.949261 0.023146 0.013796 0.013796 
0.250000 0.250000 0.250000 0.250000 
 176
0.551379 0.007688 0.046210 
0.399113 0.984292 0.462022 
0.049508 0.008020 0.491768 
0.013796 0.013796 0.017656 0.954752 
0.250000 0.250000 0.250000 0.250000 
 177
0.551379 0.007688 0.046210 
0.399113 0.984292 0.462022 
0.049508 0.008020 0.491768 
0.955214 0.013796 0.013796 0.017193 
0.250000 0.250000 0.250000 0.250000 
 178
0.551379 0.007688 0.046210 
0.399113 0.984292 0.462022 
0.049508 0.008020 0.491768 
0.955764 0.016643 0.013796 0.013796 
0.250000 0.250000 0.250000 0.250000 
 179
0.551379 0.007688 0.046210 
0.399113 0.984292 0.462022 
0.049508 0.008020 0.491768 
0.013796 0.013796 0.013796 0.958611 
0.250000 0.250000 0.250000 0.250000 
 180
0.551379 0.007688 0.046210 
0.399113 0.984292 0.462022 
0.049508 0.008020 0.491768 
0.272334 0.013796 0.602783 0.111087 
0.250000 0.250000 0.250000 0.250000 
 181
0.551379 0.007688 0.046210 
0.399113 0.984292 0.462022 
0.049508 0.008020 0.491768 
0.958611 0.013796 0.013796 0.013796 
0.250000 0.250000 0.250000 0.250000 
 182
0.551379 0.007688 0.046210 
0.399113 0.984292 0.462022 
0.049508 0.008020 0.491768 
0.958611 0.013796 0.013796 0.013796 
0.250000 0.250000 0.250000 0.250000 
 183
0.551379 0.007688 0.046210 
0.399113 0.984292 0.462022 
0.049508 0.008020 0.491768 
0.017490 0.013796 0.877841 0.090872 
0.250000 0.250000 0.250000 0.250000 
 184
0.551379 0.007688 0.046210 
0.399113 0.984292 0.462022 
0.049508 0.008020 0.491768 
0.324311 0.013796 0.013796 0.648097 
0.250000 0.250000 0.250000 0.250000 
 185
0.551379 0.007688 0.046210 
0.399113 0.984292 0.462022 
0.049508 0.008020 0.491768 
0.958611 0.013796 0.013796 0.013796 
0.250000 0.250000 0.250000 0.250000 
 186
0.551379 0.007688 0.046210 
0.399113 0.984292 0.462022 
0.049508 0.008020 0.491768 
0.013796 0.013796 0.665924 0.306483 
0.250000 0.250000 0.250000 0.250000 
 187
0.551379 0.007688 0.046210 
0.399113 0.984292 0.462022 
0.049508 0.008020 0.491768 
0.835397 0.018418 0.132388 0.013796 
0.250000 0.250000 0.250000 0.250000 
 188
0.551379 0.007688 0.046210 
0.399113 0.984292 0.462022 
0.049508 0.008020 0.491768 
0.955725 0.016683 0.013796 0.013796 
0.250000 0.250000 0.250000 0.250000 
 189
0.551379 0.007688 0.046210 
0.399113 0.984292 0.462022 
0.049508 0.008020 0.491768 
0.013796 0.013796 0.568861 0.403547 
0.250000 0.250000 0.250000 0.250000 
 190
0.516791 0.007688 0.046210 
0.433701 0.984292 0.462022 
0.051282 0.007982 0.491768 
0.954080 0.013677 0.018566 0.013677 
0.250000 0.250000 0.250000 0.250000 
 191
0.535306 0.007651 0.046210 
0.413412 0.984367 0.462022 
0.051282 0.007982 0.491768 
0.013677 0.013677 0.958968 0.013677 
0.250000 0.250000 0.250000 0.250000 
 192
0.535306 0.007651 0.046210 
0.413412 0.984367 0.462022 
0.051282 0.007982 0.491768 
0.052381 0.013677 0.683899 0.250043 
0.250000 0.250000 0.250000 0.250000 
 193
0.535306 0.007651 0.046210 
0.413412 0.984367 0.462022 
0.051282 0.007982 0.491768 
0.013677 0.013677 0.958968 0.013677 
0.250000 0.250000 0.250000 0.250000 
 194
0.535306 0.007651 0.046210 
0.413412 0.984367 0.462022 
0.051282 0.007982 0.491768 
0.958968 0.013677 0.013677 0.013677 
0.250000 0.250000 0.250000 0.250000 
 195
0.535306 0.007651 0.046210 
0.413412 0.984367 0.462022 
0.051282 0.007982 0.491768 
0.736904 0.235741 0.013677 0.013677 
0.250000 0.250000 0.250000 0.250000 
 196
0.535306 0.007651 0.046210 
0.413412 0.984367 0.462022 
0.051282 0.007982 0.491768 
0.958968 0.013677 0.013677 0.013677 
0.250000 0.250000 0.250000 0.250000 
 197
0.535306 0.007651 0.046210 
0.413412 0.984367 0.462022 
0.051282 0.007982 0.491768 
0.951433 0.013677 0.021212 0.013677 
0.250000 0.250000 0.250000 0.250000 
 198
0.535306 0.007651 0.046210 
0.413412 0.984367 0.462022 
0.051282 0.007982 0.491768 
0.013677 0.013677 0.677348 0.295297 
0.250000 0.250000 0.250000 0.250000 
 199
0.428634 0.007651 0.046210 
0.520084 0.984367 0.462022 
0.057405 0.007871 0.491768 
0.959996 0.013335 0.013335 0.013335 
0.250000 0.250000 0.250000 0.250000 
 200
0.479817 0.007545 0.046210 
0.462778 0.984584 0.462022 
0.057405 0.007871 0.491768 
0.959996 0.013335 0.013335 0.013335 
0.250000 0.250000 0.250000 0.250000 
 201
0.479817 0.007545 0.046210 
0.462778 0.984584 0.462022 
0.057405 0.007871 0.491768 
0.013335 0.013335 0.314946 0.658385 
0.250000 0.250000 0.250000 0.250000 
 202
0.479817 0.007545 0.046210 
0.462778 0.984584 0.462022 
0.057405 0.007871 0.491768 
0.013335 0.016402 0.013335 0.956929 
0.250000 0.250000 0.250000 0.250000 
 203
0.479817 0.007545 0.046210 
0.462778 0.984584 0.462022 
0.057405 0.007871 0.491768 
0.024995 0.013335 0.013335 0.948336 
0.250000 0.250000 0.250000 0.250000 
 204
0.479817 0.007545 0.046210 
0.462778 0.984584 0.462022 
0.057405 0.007871 0.491768 
0.019510 0.013335 0.894271 0.072884 
0.250000 0.250000 0.250000 0.250000 
 205
0.479817 0.007545 0.046210 
0.462778 0.984584 0.462022 
0.057405 0.007871 0.491768 
0.959996 0.013335 0.013335 0.013335 
0.250000 0.250000 0.250000 0.250000 
 206
0.479817 0.007545 0.046210 
0.462778 0.984584 0.462022 
0.057405 0.007871 0.491768 
0.033479 0.013335 0.939852 0.013335 
0.250000 0.250000 0.250000 0.250000 
 207
0.479817 0.007545 0.046210 
0.462778 0.984584 0.462022 
0.057405 0.007871 0.491768 
0.942053 0.016932 0.027680 0.013335 
0.250000 0.250000 0.250000 0.250000 
 208
0.479817 0.007545 0.046210 
0.462778 0.984584 0.462022 
0.057405 0.007871 0.491768 
0.959996 0.013335 0.013335 0.013335 
0.250000 0.250000 0.250000 0.250000 
 209
0.479817 0.007545 0.046210 
0.462778 0.984584 0.462022 
0.057405 0.007871 0.491768 
0.959996 0.013335 0.013335 0.013335 
0.250000 0.250000 0.250000 0.250000 
 210
0.479817 0.007545 0.046210 
0.462778 0.984584 0.462022 
0.057405 0.007871 0.491768 
0.013335 0.013335 0.099060 0.874271 
0.250000 0.250000 0.250000 0.250000 
 211
0.479817 0.007545 0.046210 
0.462778 0.984584 0.462022 
0.057405 0.007871 0.491768 
0.316744 0.631539 0.038383 0.013335 
0.250000 0.250000 0.250000 0.250000 
 212
0.479817 0.007545 0.046210 
0.462778 0.984584 0.462022 
0.057405 0.007871 0.491768 
0.013335 0.013335 0.013335 0.959996 
0.250000 0.250000 0.250000 0.250000 
 213
0.479817 0.007545 0.046210 
0.462778 0.984584 0.462022 
0.057405 0.007871 0.491768 
0.013335 0.623687 0.346920 0.016058 
0.250000 0.250000 0.250000 0.250000 
 214
0.479817 0.007545 0.046210 
0.462778 0.984584 0.462022 
0.057405 0.007871 0.491768 
0.955640 0.017691 0.013335 0.013335 
0.250000 0.250000 0.250000 0.250000 
 215
0.479817 0.007545 0.046210 
0.462778 0.984584 0.462022 
0.057405 0.007871 0.491768 
0.017855 0.013335 0.955476 0.013335 
0.250000 0.250000 0.250000 0.250000 
 216
0.479817 0.007545 0.046210 
0.462778 0.984584 0.462022 
0.057405 0.007871 0.491768 
0.066707 0.013335 0.623947 0.296011 
0.250000 0.250000 0.250000 0.250000 
 217
0.479817 0.007545 0.046210 
0.462778 0.984584 0.462022 
0.057405 0.007871 0.491768 
0.959996 0.013335 0.013335 0.013335 
0.250000 0.250000 0.250000 0.250000 
 218
0.479817 0.007545 0.046210 
0.462778 0.984584 0.462022 
0.057405 0.007871 0.491768 
0.956183 0.013335 0.017148 0.013335 
0.250000 0.250000 0.250000 0.250000 
 219
0.479817 0.007545 0.046210 
0.462778 0.984584 0.462022 
0.057405 0.007871 0.491768 
0.013335 0.013335 0.632578 0.340752 
0.250000 0.250000 0.250000 0.250000 
 220
0.479817 0.007545 0.046210 
0.462778 0.984584 0.462022 
0.057405 0.007871 0.491768 
0.952135 0.021195 0.013335 0.013335 
0.250000 0.250000 0.250000 0.250000 
 221
0.479817 0.007545 0.046210 
0.462778 0.984584 0.462022 
0.057405 0.007871 0.491768 
0.013335 0.013335 0.013335 0.959996 
0.250000 0.250000 0.250000 0.250000 
 222
0.479817 0.007545 0.046210 
0.462778 0.984584 0.462022 
0.057405 0.007871 0.491768 
0.019053 0.013335 0.112969 0.854644 
0.250000 0.250000 0.250000 0.250000 
 223
0.479817 0.007545 0.046210 
0.462778 0.984584 0.462022 
0.057405 0.007871 0.491768 
0.367270 0.579740 0.036520 0.016470 
0.250000 0.250000 0.250000 0.250000 
 224
0.479817 0.007545 0.046210 
0.462778 0.984584 0.462022 
0.057405 0.007871 0.491768 
0.013335 0.013335 0.013335 0.959996 
0.250000 0.250000 0.250000 0.250000 
 225
0.479817 0.007545 0.046210 
0.462778 0.984584 0.462022 
0.057405 0.007871 0.491768 
0.322921 0.650410 0.013335 0.013335 
0.250000 0.250000 0.250000 0.250000 
 226
0.479817 0.007545 0.046210 
0.462778 0.984584 0.462022 
0.057405 0.007871 0.491768 
0.068712 0.245802 0.073193 0.612293 
0.250000 0.250000 0.250000 0.250000 
 227
0.479817 0.007545 0.046210 
0.462778 0.984584 0.462022 
0.057405 0.007871 0.491768 
0.013335 0.013335 0.016471 0.956860 
0.250000 0.250000 0.250000 0.250000 
 228
0.479817 0.007545 0.046210 
0.462778 0.984584 0.462022 
0.057405 0.007871 0.491768 
0.550433 0.420072 0.013335 0.016161 
0.250000 0.250000 0.250000 0.250000 
 229
0.479817 0.007545 0.046210 
0.462778 0.984584 0.462022 
0.057405 0.007871 0.491768 
0.873189 0.100142 0.013335 0.013335 
0.250000 0.250000 0.250000 0.250000 
 230
0.479817 0.007545 0.046210 
0.462778 0.984584 0.462022 
0.057405 0.007871 0.491768 
0.339028 0.017832 0.019766 0.623373 
0.250000 0.250000 0.250000 0.250000 
 231
0.479817 0.007545 0.046210 
0.462778 0.984584 0.462022 
0.057405 0.007871 0.491768 
0.013335 0.013335 0.265517 0.707814 
0.250000 0.250000 0.250000 0.250000 
 232
0.479817 0.007545 0.046210 
0.462778 0.984584 0.462022 
0.057405 0.007871 0.491768 
0.950006 0.013335 0.023324 0.013335 
0.250000 0.250000 0.250000 0.250000 
 233
0.479817 0.007545 0.046210 
0.462778 0.984584 0.462022 
0.057405 0.007871 0.491768 
0.937733 0.035598 0.013335 0.013335 
0.250000 0.250000 0.250000 0.250000 
 234
0.479817 0.007545 0.046210 
0.462778 0.984584 0.462022 
0.057405 0.007871 0.491768 
0.760379 0.212952 0.013335 0.013335 
0.250000 0.250000 0.250000 0.250000 
 235
0.479817 0.007545 0.046210 
0.462778 0.984584 0.462022 
0.057405 0.007871 0.491768 
0.279594 0.693737 0.013335 0.013335 
0.250000 0.250000 0.250000 0.250000 
 236
