%  SAM: /scicomp/home/vfn4/Tools/LABEL_RES/scripts/modelfromalign v3.5 (July 15, 2005) compiled 12/08/06_16:15:55
%  (c) 1992-2001 Regents of the University of California, Santa Cruz
%
%          Sequence Alignment and Modeling Software System
%         http://www.cse.ucsc.edu/research/compbio/sam.html
%
% ----------------- Citations (SAM, SAM-T2K, HMMs) --------------------
% R. Hughey, A. Krogh, Hidden Markov models for sequence analysis:
%  Extension and analysis of the basic method, CABIOS 12:95-107, 1996.
% K. Karplus, et al., What is the value added by human intervention in protein
%  structure prediction, Proteins: Stucture, Function, Genetics 45(S5):86--91, 2001.
% A. Krogh et al., Hidden Markov models in computational biology:
%  Applications to protein modeling, JMB 235:1501-1531, Feb 1994.
% ---------------------------------------------------------------------
%  A_NA_N1_hmm   Host: login.aspen.biotech.cdc.gov    Mon Aug 25 12:25:02 2014
%  vfn4          Dir:  /scicomp/home/vfn4/IRMA/train3/NA
% ---------------------------------------------------------------------
%  Alignment weights from internal calc.  Total (86.84) Max (0.33) Min (0.01)
%  Weights from alignment method 1 (karplus), b=-1.000000, e=0.500000
MODEL --  Model from alignment file /scicomp/home/vfn4/Tools/LABEL_RES/training_data/irmaNA/A_NA_N1.fasta
alphabet DNA
FREQAVE
0.000000 0.000000 0.000000 
0.000000 0.000000 0.000000 
0.000000 0.000000 0.000000 
0.313077 0.240605 0.182422 0.263895 
0.313077 0.240605 0.182422 0.263895 
Begin
0.000000 0.000000 0.000000 
0.000000 0.000000 0.000000 
0.000000 0.002585 0.491768 
0.250000 0.250000 0.250000 0.250000 
0.250000 0.250000 0.250000 0.250000 
   1
0.000000 0.002478 0.046210 
0.000000 0.994937 0.462022 
0.057405 0.002585 0.491768 
0.991462 0.002846 0.002846 0.002846 
0.250000 0.250000 0.250000 0.250000 
   2
0.479817 0.002478 0.046210 
0.462778 0.994937 0.462022 
0.057405 0.002585 0.491768 
0.002846 0.002846 0.002846 0.991462 
0.250000 0.250000 0.250000 0.250000 
   3
0.479817 0.002478 0.046210 
0.462778 0.994937 0.462022 
0.057405 0.002585 0.491768 
0.002846 0.991462 0.002846 0.002846 
0.250000 0.250000 0.250000 0.250000 
   4
0.479817 0.002478 0.046210 
0.462778 0.994937 0.462022 
0.057405 0.002585 0.491768 
0.987036 0.003273 0.003103 0.006587 
0.250000 0.250000 0.250000 0.250000 
   5
0.479817 0.002478 0.046210 
0.462778 0.994937 0.462022 
0.057405 0.002585 0.491768 
0.989548 0.003250 0.002846 0.004355 
0.250000 0.250000 0.250000 0.250000 
   6
0.479817 0.002478 0.046210 
0.462778 0.994937 0.462022 
0.057405 0.002585 0.491768 
0.003412 0.002846 0.110191 0.883551 
0.250000 0.250000 0.250000 0.250000 
   7
0.479817 0.002478 0.046210 
0.462778 0.994937 0.462022 
0.057405 0.002585 0.491768 
0.098063 0.003103 0.893917 0.004917 
0.250000 0.250000 0.250000 0.250000 
   8
0.479817 0.002478 0.046210 
0.462778 0.994937 0.462022 
0.057405 0.002585 0.491768 
0.003102 0.003227 0.990531 0.003141 
0.250000 0.250000 0.250000 0.250000 
   9
0.479817 0.002478 0.046210 
0.462778 0.994937 0.462022 
0.057405 0.002585 0.491768 
0.974887 0.017647 0.004093 0.003373 
0.250000 0.250000 0.250000 0.250000 
  10
0.479817 0.002478 0.046210 
0.462778 0.994937 0.462022 
0.057405 0.002585 0.491768 
0.990173 0.002846 0.003173 0.003808 
0.250000 0.250000 0.250000 0.250000 
  11
0.479817 0.002478 0.046210 
0.462778 0.994937 0.462022 
0.057405 0.002585 0.491768 
0.989144 0.003130 0.003777 0.003949 
0.250000 0.250000 0.250000 0.250000 
  12
0.479817 0.002478 0.046210 
0.462778 0.994937 0.462022 
0.057405 0.002585 0.491768 
0.003830 0.003087 0.350299 0.642784 
0.250000 0.250000 0.250000 0.250000 
  13
0.479817 0.002478 0.046210 
0.462778 0.994937 0.462022 
0.057405 0.002585 0.491768 
0.017050 0.002846 0.977258 0.002846 
0.250000 0.250000 0.250000 0.250000 
  14
0.479817 0.002478 0.046210 
0.462778 0.994937 0.462022 
0.057405 0.002585 0.491768 
0.985747 0.007623 0.003252 0.003377 
0.250000 0.250000 0.250000 0.250000 
  15
0.479817 0.002478 0.046210 
0.462778 0.994937 0.462022 
0.057405 0.002585 0.491768 
0.691482 0.302183 0.003187 0.003147 
0.250000 0.250000 0.250000 0.250000 
  16
0.479817 0.002478 0.046210 
0.462778 0.994937 0.462022 
0.057405 0.002585 0.491768 
0.987274 0.006376 0.003505 0.002846 
0.250000 0.250000 0.250000 0.250000 
  17
0.479817 0.002478 0.046210 
0.462778 0.994937 0.462022 
0.057405 0.002585 0.491768 
0.893300 0.100189 0.003427 0.003084 
0.250000 0.250000 0.250000 0.250000 
  18
0.479817 0.002478 0.046210 
0.462778 0.994937 0.462022 
0.057405 0.002585 0.491768 
0.221609 0.772190 0.002846 0.003355 
0.250000 0.250000 0.250000 0.250000 
  19
0.479817 0.002478 0.046210 
0.462778 0.994937 0.462022 
0.057405 0.002585 0.491768 
0.982956 0.003921 0.010276 0.002846 
0.250000 0.250000 0.250000 0.250000 
  20
0.479817 0.002478 0.046210 
0.462778 0.994937 0.462022 
0.057405 0.002585 0.491768 
0.006189 0.004099 0.003998 0.985714 
0.250000 0.250000 0.250000 0.250000 
  21
0.479817 0.002478 0.046210 
0.462778 0.994937 0.462022 
0.057405 0.002585 0.491768 
0.973502 0.007327 0.011111 0.008060 
0.250000 0.250000 0.250000 0.250000 
  22
0.479817 0.002478 0.046210 
0.462778 0.994937 0.462022 
0.057405 0.002585 0.491768 
0.987296 0.006302 0.003302 0.003100 
0.250000 0.250000 0.250000 0.250000 
  23
0.479817 0.002478 0.046210 
0.462778 0.994937 0.462022 
0.057405 0.002585 0.491768 
0.002847 0.002847 0.016454 0.977853 
0.250000 0.250000 0.250000 0.250000 
  24
0.479817 0.002478 0.046210 
0.462778 0.994937 0.462022 
0.057405 0.002585 0.491768 
0.982415 0.009190 0.004877 0.003518 
0.250000 0.250000 0.250000 0.250000 
  25
0.479817 0.002478 0.046210 
0.462778 0.994937 0.462022 
0.057405 0.002585 0.491768 
0.986515 0.007792 0.002846 0.002846 
0.250000 0.250000 0.250000 0.250000 
  26
0.479817 0.002478 0.046210 
0.462778 0.994937 0.462022 
0.057405 0.002585 0.491768 
0.002846 0.002846 0.980232 0.014075 
0.250000 0.250000 0.250000 0.250000 
  27
0.479817 0.002478 0.046210 
0.462778 0.994937 0.462022 
0.057405 0.002585 0.491768 
0.004264 0.003523 0.947326 0.044888 
0.250000 0.250000 0.250000 0.250000 
  28
0.479817 0.002478 0.046210 
0.462778 0.994937 0.462022 
0.057405 0.002585 0.491768 
0.988766 0.005541 0.002846 0.002846 
0.250000 0.250000 0.250000 0.250000 
  29
0.479817 0.002478 0.046210 
0.462778 0.994937 0.462022 
0.057405 0.002585 0.491768 
0.002846 0.002846 0.004287 0.990021 
0.250000 0.250000 0.250000 0.250000 
  30
0.479817 0.002478 0.046210 
0.462778 0.994937 0.462022 
0.057405 0.002585 0.491768 
0.007954 0.003109 0.147543 0.841394 
0.250000 0.250000 0.250000 0.250000 
  31
0.479817 0.002478 0.046210 
0.462778 0.994937 0.462022 
0.057405 0.002585 0.491768 
0.009946 0.984361 0.002846 0.002846 
0.250000 0.250000 0.250000 0.250000 
  32
0.479817 0.002478 0.046210 
0.462778 0.994937 0.462022 
0.057405 0.002585 0.491768 
0.003291 0.990721 0.002846 0.003141 
0.250000 0.250000 0.250000 0.250000 
  33
0.479817 0.002478 0.046210 
0.462778 0.994937 0.462022 
0.057405 0.002585 0.491768 
0.452489 0.183995 0.008269 0.355247 
0.250000 0.250000 0.250000 0.250000 
  34
0.479817 0.002478 0.046210 
0.462778 0.994937 0.462022 
0.057405 0.002585 0.491768 
0.099884 0.003436 0.003145 0.893535 
0.250000 0.250000 0.250000 0.250000 
  35
0.479817 0.002478 0.046210 
0.462778 0.994937 0.462022 
0.057405 0.002585 0.491768 
0.002846 0.003764 0.988397 0.004993 
0.250000 0.250000 0.250000 0.250000 
  36
0.479817 0.002478 0.046210 
0.462778 0.994937 0.462022 
0.057405 0.002585 0.491768 
0.635839 0.355520 0.004235 0.004405 
0.250000 0.250000 0.250000 0.250000 
  37
0.479817 0.002478 0.046210 
0.462778 0.994937 0.462022 
0.057405 0.002585 0.491768 
0.590616 0.403087 0.003165 0.003132 
0.250000 0.250000 0.250000 0.250000 
  38
0.479817 0.002478 0.046210 
0.462778 0.994937 0.462022 
0.057405 0.002585 0.491768 
0.002846 0.003172 0.017002 0.976980 
0.250000 0.250000 0.250000 0.250000 
  39
0.479817 0.002478 0.046210 
0.462778 0.994937 0.462022 
0.057405 0.002585 0.491768 
0.004349 0.003298 0.961518 0.030834 
0.250000 0.250000 0.250000 0.250000 
  40
0.479817 0.002478 0.046210 
0.462778 0.994937 0.462022 
0.057405 0.002585 0.491768 
0.207348 0.003145 0.002846 0.786661 
0.250000 0.250000 0.250000 0.250000 
  41
0.479817 0.002478 0.046210 
0.462778 0.994937 0.462022 
0.057405 0.002585 0.491768 
0.002846 0.991462 0.002846 0.002846 
0.250000 0.250000 0.250000 0.250000 
  42
0.479817 0.002478 0.046210 
0.462778 0.994937 0.462022 
0.057405 0.002585 0.491768 
0.002846 0.003160 0.070431 0.923562 
0.250000 0.250000 0.250000 0.250000 
  43
0.479817 0.002478 0.046210 
0.462778 0.994937 0.462022 
0.057405 0.002585 0.491768 
0.901937 0.011378 0.076962 0.009724 
0.250000 0.250000 0.250000 0.250000 
  44
0.479817 0.002478 0.046210 
0.462778 0.994937 0.462022 
0.057405 0.002585 0.491768 
0.002846 0.002846 0.003705 0.990603 
0.250000 0.250000 0.250000 0.250000 
  45
0.479817 0.002478 0.046210 
0.462778 0.994937 0.462022 
0.057405 0.002585 0.491768 
0.225992 0.763848 0.002846 0.007313 
0.250000 0.250000 0.250000 0.250000 
  46
0.479817 0.002478 0.046210 
0.462778 0.994937 0.462022 
0.057405 0.002585 0.491768 
0.465407 0.526771 0.002846 0.004976 
0.250000 0.250000 0.250000 0.250000 
  47
0.479817 0.002478 0.046210 
0.462778 0.994937 0.462022 
0.057405 0.002585 0.491768 
0.002846 0.002846 0.600250 0.394058 
0.250000 0.250000 0.250000 0.250000 
  48
0.479817 0.002478 0.046210 
0.462778 0.994937 0.462022 
0.057405 0.002585 0.491768 
0.981253 0.010317 0.003203 0.005227 
0.250000 0.250000 0.250000 0.250000 
  49
0.479817 0.002478 0.046210 
0.462778 0.994937 0.462022 
0.057405 0.002585 0.491768 
0.875431 0.116956 0.004268 0.003344 
0.250000 0.250000 0.250000 0.250000 
  50
0.479817 0.002478 0.046210 
0.462778 0.994937 0.462022 
0.057405 0.002585 0.491768 
0.009379 0.003492 0.046352 0.940777 
0.250000 0.250000 0.250000 0.250000 
  51
0.479817 0.002478 0.046210 
0.462778 0.994937 0.462022 
0.057405 0.002585 0.491768 
0.006879 0.003402 0.212649 0.777070 
0.250000 0.250000 0.250000 0.250000 
  52
0.479817 0.002478 0.046210 
0.462778 0.994937 0.462022 
0.057405 0.002585 0.491768 
0.003687 0.990621 0.002846 0.002846 
0.250000 0.250000 0.250000 0.250000 
  53
0.479817 0.002478 0.046210 
0.462778 0.994937 0.462022 
0.057405 0.002585 0.491768 
0.003505 0.986992 0.006657 0.002846 
0.250000 0.250000 0.250000 0.250000 
  54
0.479817 0.002478 0.046210 
0.462778 0.994937 0.462022 
0.057405 0.002585 0.491768 
0.954727 0.036490 0.002846 0.005937 
0.250000 0.250000 0.250000 0.250000 
  55
0.479817 0.002478 0.046210 
0.462778 0.994937 0.462022 
0.057405 0.002585 0.491768 
0.981586 0.010680 0.003869 0.003864 
0.250000 0.250000 0.250000 0.250000 
  56
0.479817 0.002478 0.046210 
0.462778 0.994937 0.462022 
0.057405 0.002585 0.491768 
0.002846 0.002846 0.016468 0.977840 
0.250000 0.250000 0.250000 0.250000 
  57
0.479817 0.002478 0.046210 
0.462778 0.994937 0.462022 
0.057405 0.002585 0.491768 
0.650751 0.331883 0.006779 0.010588 
0.250000 0.250000 0.250000 0.250000 
  58
0.479817 0.002478 0.046210 
0.462778 0.994937 0.462022 
0.057405 0.002585 0.491768 
0.341778 0.651730 0.003278 0.003214 
0.250000 0.250000 0.250000 0.250000 
  59
0.479817 0.002478 0.046210 
0.462778 0.994937 0.462022 
0.057405 0.002585 0.491768 
0.003111 0.003169 0.368464 0.625256 
0.250000 0.250000 0.250000 0.250000 
  60
0.479817 0.002478 0.046210 
0.462778 0.994937 0.462022 
0.057405 0.002585 0.491768 
0.036583 0.003618 0.135163 0.824637 
0.250000 0.250000 0.250000 0.250000 
  61
0.479817 0.002478 0.046210 
0.462778 0.994937 0.462022 
0.057405 0.002585 0.491768 
0.990380 0.003927 0.002846 0.002846 
0.250000 0.250000 0.250000 0.250000 
  62
0.479817 0.002478 0.046210 
0.462778 0.994937 0.462022 
0.057405 0.002585 0.491768 
0.329474 0.664514 0.002846 0.003166 
0.250000 0.250000 0.250000 0.250000 
  63
0.479817 0.002478 0.046210 
0.462778 0.994937 0.462022 
0.057405 0.002585 0.491768 
0.002846 0.002846 0.655004 0.339304 
0.250000 0.250000 0.250000 0.250000 
  64
0.479817 0.002478 0.046210 
0.462778 0.994937 0.462022 
0.057405 0.002585 0.491768 
0.005111 0.002846 0.358882 0.633161 
0.250000 0.250000 0.250000 0.250000 
  65
0.479817 0.002478 0.046210 
0.462778 0.994937 0.462022 
0.057405 0.002585 0.491768 
0.002846 0.002846 0.003256 0.991051 
0.250000 0.250000 0.250000 0.250000 
  66
0.479817 0.002478 0.046210 
0.462778 0.994937 0.462022 
0.057405 0.002585 0.491768 
0.804203 0.187120 0.004652 0.004025 
0.250000 0.250000 0.250000 0.250000 
  67
0.479817 0.002478 0.046210 
0.462778 0.994937 0.462022 
0.057405 0.002585 0.491768 
0.842567 0.055903 0.004475 0.097055 
0.250000 0.250000 0.250000 0.250000 
  68
0.479817 0.002478 0.046210 
0.462778 0.994937 0.462022 
0.057405 0.002585 0.491768 
0.002846 0.002846 0.005126 0.989182 
0.250000 0.250000 0.250000 0.250000 
  69
0.479817 0.002478 0.046210 
0.462778 0.994937 0.462022 
0.057405 0.002585 0.491768 
0.454770 0.528374 0.003740 0.013116 
0.250000 0.250000 0.250000 0.250000 
  70
0.479817 0.002478 0.046210 
0.462778 0.994937 0.462022 
0.057405 0.002585 0.491768 
0.002846 0.003232 0.033855 0.960068 
0.250000 0.250000 0.250000 0.250000 
  71
0.479817 0.002478 0.046210 
0.462778 0.994937 0.462022 
0.057405 0.002585 0.491768 
0.002847 0.002847 0.003995 0.990312 
0.250000 0.250000 0.250000 0.250000 
  72
0.479817 0.002478 0.046210 
0.462778 0.994937 0.462022 
0.057405 0.002585 0.491768 
0.686547 0.306891 0.003268 0.003293 
0.250000 0.250000 0.250000 0.250000 
  73
0.479817 0.002478 0.046210 
0.462778 0.994937 0.462022 
0.057405 0.002585 0.491768 
0.002846 0.003286 0.991022 0.002846 
0.250000 0.250000 0.250000 0.250000 
  74
0.479817 0.002478 0.046210 
0.462778 0.994937 0.462022 
0.057405 0.002585 0.491768 
0.990479 0.003376 0.002846 0.003299 
0.250000 0.250000 0.250000 0.250000 
  75
0.479817 0.002478 0.046210 
0.462778 0.994937 0.462022 
0.057405 0.002585 0.491768 
0.862531 0.129830 0.003132 0.004507 
0.250000 0.250000 0.250000 0.250000 
  76
0.479817 0.002478 0.046210 
0.462778 0.994937 0.462022 
0.057405 0.002585 0.491768 
0.960772 0.029485 0.003086 0.006657 
0.250000 0.250000 0.250000 0.250000 
  77
0.479817 0.002478 0.046210 
0.462778 0.994937 0.462022 
0.057405 0.002585 0.491768 
0.003157 0.002846 0.004918 0.989078 
0.250000 0.250000 0.250000 0.250000 
  78
0.479817 0.002478 0.046210 
0.462778 0.994937 0.462022 
0.057405 0.002585 0.491768 
0.312299 0.004376 0.004844 0.678482 
0.250000 0.250000 0.250000 0.250000 
  79
0.479817 0.002478 0.046210 
0.462778 0.994937 0.462022 
0.057405 0.002585 0.491768 
0.003491 0.990817 0.002846 0.002846 
0.250000 0.250000 0.250000 0.250000 
  80
0.479817 0.002478 0.046210 
0.462778 0.994937 0.462022 
0.057405 0.002585 0.491768 
0.002846 0.991017 0.002846 0.003291 
0.250000 0.250000 0.250000 0.250000 
  81
0.479817 0.002478 0.046210 
0.462778 0.994937 0.462022 
0.057405 0.002585 0.491768 
0.729779 0.262719 0.003232 0.004270 
0.250000 0.250000 0.250000 0.250000 
  82
0.479817 0.002478 0.046210 
0.462778 0.994937 0.462022 
0.057405 0.002585 0.491768 
0.989591 0.004124 0.002846 0.003439 
0.250000 0.250000 0.250000 0.250000 
  83
0.479817 0.002478 0.046210 
0.462778 0.994937 0.462022 
0.057405 0.002585 0.491768 
0.975660 0.016905 0.004028 0.003407 
0.250000 0.250000 0.250000 0.250000 
  84
0.479817 0.002478 0.046210 
0.462778 0.994937 0.462022 
0.057405 0.002585 0.491768 
0.003405 0.002846 0.672201 0.321547 
0.250000 0.250000 0.250000 0.250000 
  85
0.479817 0.002478 0.046210 
0.462778 0.994937 0.462022 
0.057405 0.002585 0.491768 
0.973674 0.006030 0.003195 0.017102 
0.250000 0.250000 0.250000 0.250000 
  86
0.479817 0.002478 0.046210 
0.462778 0.994937 0.462022 
0.057405 0.002585 0.491768 
0.002847 0.004175 0.009162 0.983816 
0.250000 0.250000 0.250000 0.250000 
  87
0.479817 0.002478 0.046210 
0.462778 0.994937 0.462022 
0.057405 0.002585 0.491768 
0.586837 0.188370 0.004431 0.220362 
0.250000 0.250000 0.250000 0.250000 
  88
0.479817 0.002478 0.046210 
0.462778 0.994937 0.462022 
0.057405 0.002585 0.491768 
0.898262 0.093875 0.004775 0.003089 
0.250000 0.250000 0.250000 0.250000 
  89
0.479817 0.002478 0.046210 
0.462778 0.994937 0.462022 
0.057405 0.002585 0.491768 
0.002846 0.002846 0.005744 0.988563 
0.250000 0.250000 0.250000 0.250000 
  90
0.479817 0.002478 0.046210 
0.462778 0.994937 0.462022 
0.057405 0.002585 0.491768 
0.059473 0.003999 0.708306 0.228222 
0.250000 0.250000 0.250000 0.250000 
  91
0.479817 0.002478 0.046210 
0.462778 0.994937 0.462022 
0.057405 0.002585 0.491768 
0.002846 0.002846 0.005212 0.989096 
0.250000 0.250000 0.250000 0.250000 
  92
0.479817 0.002478 0.046210 
0.462778 0.994937 0.462022 
0.057405 0.002585 0.491768 
0.002846 0.002846 0.990472 0.003835 
0.250000 0.250000 0.250000 0.250000 
  93
0.479817 0.002478 0.046210 
0.462778 0.994937 0.462022 
0.057405 0.002585 0.491768 
0.912219 0.069545 0.003786 0.014450 
0.250000 0.250000 0.250000 0.250000 
  94
0.479817 0.002478 0.046210 
0.462778 0.994937 0.462022 
0.057405 0.002585 0.491768 
0.880634 0.013080 0.006206 0.100080 
0.250000 0.250000 0.250000 0.250000 
  95
0.479817 0.002478 0.046210 
0.462778 0.994937 0.462022 
0.057405 0.002585 0.491768 
0.003784 0.003397 0.009205 0.983615 
0.250000 0.250000 0.250000 0.250000 
  96
0.479817 0.002478 0.046210 
0.462778 0.994937 0.462022 
0.057405 0.002585 0.491768 
0.976285 0.015950 0.004029 0.003736 
0.250000 0.250000 0.250000 0.250000 
  97
0.479817 0.002478 0.046210 
0.462778 0.994937 0.462022 
0.057405 0.002585 0.491768 
0.005110 0.002846 0.004350 0.987694 
0.250000 0.250000 0.250000 0.250000 
  98
0.479817 0.002478 0.046210 
0.462778 0.994937 0.462022 
0.057405 0.002585 0.491768 
0.002846 0.991462 0.002846 0.002846 
0.250000 0.250000 0.250000 0.250000 
  99
0.479817 0.002478 0.046210 
0.462778 0.994937 0.462022 
0.057405 0.002585 0.491768 
0.002846 0.991462 0.002846 0.002846 
0.250000 0.250000 0.250000 0.250000 
 100
0.479817 0.002478 0.046210 
0.462778 0.994937 0.462022 
0.057405 0.002585 0.491768 
0.471621 0.521356 0.003639 0.003384 
0.250000 0.250000 0.250000 0.250000 
 101
0.479817 0.002478 0.046210 
0.462778 0.994937 0.462022 
0.057405 0.002585 0.491768 
0.003590 0.003627 0.208051 0.784732 
0.250000 0.250000 0.250000 0.250000 
 102
0.479817 0.002478 0.046210 
0.462778 0.994937 0.462022 
0.057405 0.002585 0.491768 
0.070356 0.006450 0.220151 0.703042 
0.250000 0.250000 0.250000 0.250000 
 103
0.479817 0.002478 0.046210 
0.462778 0.994937 0.462022 
0.057405 0.002585 0.491768 
0.980438 0.013066 0.003169 0.003327 
0.250000 0.250000 0.250000 0.250000 
 104
0.479817 0.002478 0.046210 
0.462778 0.994937 0.462022 
0.057405 0.002585 0.491768 
0.008859 0.981434 0.004999 0.004707 
0.250000 0.250000 0.250000 0.250000 
 105
0.479817 0.002478 0.046210 
0.462778 0.994937 0.462022 
0.057405 0.002585 0.491768 
0.002846 0.004150 0.559842 0.433163 
0.250000 0.250000 0.250000 0.250000 
 106
0.479817 0.002478 0.046210 
0.462778 0.994937 0.462022 
0.057405 0.002585 0.491768 
0.003141 0.002846 0.989062 0.004951 
0.250000 0.250000 0.250000 0.250000 
 107
0.479817 0.002478 0.046210 
0.462778 0.994937 0.462022 
0.057405 0.002585 0.491768 
0.987427 0.006061 0.002846 0.003665 
0.250000 0.250000 0.250000 0.250000 
 108
0.479817 0.002478 0.046210 
0.462778 0.994937 0.462022 
0.057405 0.002585 0.491768 
0.003504 0.002846 0.595354 0.398296 
0.250000 0.250000 0.250000 0.250000 
 109
0.479817 0.002478 0.046210 
0.462778 0.994937 0.462022 
0.057405 0.002585 0.491768 
0.029445 0.003181 0.005685 0.961688 
0.250000 0.250000 0.250000 0.250000 
 110
0.479817 0.002478 0.046210 
0.462778 0.994937 0.462022 
0.057405 0.002585 0.491768 
0.002846 0.002846 0.964881 0.029427 
0.250000 0.250000 0.250000 0.250000 
 111
0.479817 0.002478 0.046210 
0.462778 0.994937 0.462022 
0.057405 0.002585 0.491768 
0.948208 0.044693 0.003949 0.003151 
0.250000 0.250000 0.250000 0.250000 
 112
0.479817 0.002478 0.046210 
0.462778 0.994937 0.462022 
0.057405 0.002585 0.491768 
0.984483 0.006250 0.003688 0.005578 
0.250000 0.250000 0.250000 0.250000 
 113
0.479817 0.002478 0.046210 
0.462778 0.994937 0.462022 
0.057405 0.002585 0.491768 
0.002846 0.003698 0.007532 0.985924 
0.250000 0.250000 0.250000 0.250000 
 114
0.479817 0.002648 0.046210 
0.462778 0.994767 0.462022 
0.057151 0.002586 0.491768 
0.002847 0.002847 0.243433 0.750872 
0.250000 0.250000 0.250000 0.250000 
 115
0.482123 0.002807 0.046210 
0.460727 0.994607 0.462022 
0.056666 0.002586 0.491768 
0.003773 0.002848 0.990532 0.002848 
0.250000 0.250000 0.250000 0.250000 
 116
0.486515 0.002479 0.046210 
0.456819 0.994934 0.462022 
0.056666 0.002586 0.491768 
0.986091 0.004585 0.002848 0.006477 
0.250000 0.250000 0.250000 0.250000 
 117
0.486515 0.002479 0.046210 
0.456819 0.994934 0.462022 
0.056666 0.002586 0.491768 
0.667777 0.286095 0.039751 0.006378 
0.250000 0.250000 0.250000 0.250000 
 118
0.478033 0.002479 0.046210 
0.465301 0.994934 0.462022 
0.057151 0.002586 0.491768 
0.677096 0.005918 0.313255 0.003730 
0.250000 0.250000 0.250000 0.250000 
 119
0.482123 0.002478 0.046210 
0.460727 0.994936 0.462022 
0.057151 0.002586 0.491768 
0.008227 0.007998 0.640722 0.343054 
0.250000 0.250000 0.250000 0.250000 
 120
0.482123 0.010130 0.046210 
0.460727 0.987284 0.462022 
0.047656 0.002606 0.491768 
0.242933 0.005701 0.047287 0.704079 
0.250000 0.250000 0.250000 0.250000 
 121
0.568163 0.004462 0.046210 
0.384181 0.992932 0.462022 
0.045720 0.002611 0.491768 
0.037106 0.954076 0.002879 0.005939 
0.250000 0.250000 0.250000 0.250000 
 122
0.585702 0.002502 0.046210 
0.368578 0.994887 0.462022 
0.045720 0.002611 0.491768 
0.029665 0.961528 0.002879 0.005928 
0.250000 0.250000 0.250000 0.250000 
 123
0.585702 0.002502 0.046210 
0.368578 0.994887 0.462022 
0.045720 0.002611 0.491768 
0.346933 0.645533 0.004066 0.003468 
0.250000 0.250000 0.250000 0.250000 
 124
0.545087 0.002502 0.046210 
0.409193 0.994887 0.462022 
0.047656 0.002606 0.491768 
0.860256 0.096782 0.029279 0.013683 
0.250000 0.250000 0.250000 0.250000 
 125
0.568163 0.002498 0.046210 
0.384181 0.994897 0.462022 
0.047656 0.002606 0.491768 
0.701510 0.289234 0.004361 0.004895 
0.250000 0.250000 0.250000 0.250000 
 126
0.568163 0.002498 0.046210 
0.384181 0.994897 0.462022 
0.047656 0.002606 0.491768 
0.068374 0.032327 0.032062 0.867236 
0.250000 0.250000 0.250000 0.250000 
 127
0.568163 0.002498 0.046210 
0.384181 0.994897 0.462022 
0.047656 0.002606 0.491768 
0.093742 0.013426 0.888365 0.004468 
0.250000 0.250000 0.250000 0.250000 
 128
0.568163 0.002498 0.046210 
0.384181 0.994897 0.462022 
0.047656 0.002606 0.491768 
0.945652 0.017021 0.028627 0.008700 
0.250000 0.250000 0.250000 0.250000 
 129
0.568163 0.002498 0.046210 
0.384181 0.994897 0.462022 
0.047656 0.002606 0.491768 
0.915460 0.074734 0.003522 0.006284 
0.250000 0.250000 0.250000 0.250000 
 130
0.568163 0.002498 0.046210 
0.384181 0.994897 0.462022 
0.047656 0.002606 0.491768 
0.760395 0.005109 0.192104 0.042391 
0.250000 0.250000 0.250000 0.250000 
 131
0.568163 0.002498 0.046210 
0.384181 0.994897 0.462022 
0.047656 0.002606 0.491768 
0.876558 0.114103 0.006467 0.002872 
0.250000 0.250000 0.250000 0.250000 
 132
0.568163 0.002498 0.046210 
0.384181 0.994897 0.462022 
0.047656 0.002606 0.491768 
0.005404 0.009148 0.574046 0.411402 
0.250000 0.250000 0.250000 0.250000 
 133
0.568163 0.002498 0.046210 
0.384181 0.994897 0.462022 
0.047656 0.002606 0.491768 
0.117952 0.002872 0.856259 0.022917 
0.250000 0.250000 0.250000 0.250000 
 134
0.568163 0.002498 0.046210 
0.384181 0.994897 0.462022 
0.047656 0.002606 0.491768 
0.983115 0.008217 0.004804 0.003864 
0.250000 0.250000 0.250000 0.250000 
 135
0.568163 0.002498 0.046210 
0.384181 0.994897 0.462022 
0.047656 0.002606 0.491768 
0.223580 0.414267 0.328326 0.033826 
0.250000 0.250000 0.250000 0.250000 
 136
0.568163 0.002498 0.046210 
0.384181 0.994897 0.462022 
0.047656 0.002606 0.491768 
0.561249 0.213149 0.169160 0.056442 
0.250000 0.250000 0.250000 0.250000 
 137
0.568163 0.002498 0.046210 
0.384181 0.994897 0.462022 
0.047656 0.002606 0.491768 
0.031538 0.004682 0.622649 0.341131 
0.250000 0.250000 0.250000 0.250000 
 138
0.568163 0.002498 0.046210 
0.384181 0.994897 0.462022 
0.047656 0.002606 0.491768 
0.005180 0.003122 0.034754 0.956944 
0.250000 0.250000 0.250000 0.250000 
 139
0.568163 0.002498 0.046210 
0.384181 0.994897 0.462022 
0.047656 0.002606 0.491768 
0.017857 0.971478 0.007793 0.002872 
0.250000 0.250000 0.250000 0.250000 
 140
0.568163 0.002498 0.046210 
0.384181 0.994897 0.462022 
0.047656 0.002606 0.491768 
0.746652 0.244662 0.002872 0.005813 
0.250000 0.250000 0.250000 0.250000 
 141
0.564467 0.002498 0.046210 
0.387877 0.994897 0.462022 
0.047832 0.002605 0.491768 
0.873584 0.117684 0.004885 0.003848 
0.250000 0.250000 0.250000 0.250000 
 142
0.566561 0.002497 0.046210 
0.385606 0.994898 0.462022 
0.047832 0.002605 0.491768 
0.682054 0.040438 0.257990 0.019518 
0.250000 0.250000 0.250000 0.250000 
 143
0.566561 0.002497 0.046210 
0.385606 0.994898 0.462022 
0.047832 0.002605 0.491768 
0.013839 0.003678 0.658854 0.323628 
0.250000 0.250000 0.250000 0.250000 
 144
0.566561 0.002497 0.046210 
0.385606 0.994898 0.462022 
0.047832 0.002605 0.491768 
0.944612 0.043966 0.003757 0.007665 
0.250000 0.250000 0.250000 0.250000 
 145
0.566561 0.176361 0.046210 
0.385606 0.821034 0.462022 
0.010047 0.003153 0.491768 
0.003608 0.003608 0.004133 0.988652 
0.250000 0.250000 0.250000 0.250000 
 146
0.908958 0.003023 0.046210 
0.080995 0.993824 0.462022 
0.010047 0.003153 0.491768 
0.005040 0.987745 0.003607 0.003607 
0.250000 0.250000 0.250000 0.250000 
 147
0.908958 0.003023 0.046210 
0.080995 0.993824 0.462022 
0.010047 0.003153 0.491768 
0.003607 0.003607 0.986434 0.006351 
0.250000 0.250000 0.250000 0.250000 
 148
0.908958 0.003023 0.046210 
0.080995 0.993824 0.462022 
0.010047 0.003153 0.491768 
0.987599 0.004759 0.004034 0.003607 
0.250000 0.250000 0.250000 0.250000 
 149
0.908958 0.003023 0.046210 
0.080995 0.993824 0.462022 
0.010047 0.003153 0.491768 
0.955873 0.036024 0.003607 0.004495 
0.250000 0.250000 0.250000 0.250000 
 150
0.908958 0.003023 0.046210 
0.080995 0.993824 0.462022 
0.010047 0.003153 0.491768 
0.007330 0.003998 0.397736 0.590936 
0.250000 0.250000 0.250000 0.250000 
 151
0.908958 0.003023 0.046210 
0.080995 0.993824 0.462022 
0.010047 0.003153 0.491768 
0.006708 0.003607 0.986077 0.003607 
0.250000 0.250000 0.250000 0.250000 
 152
0.908958 0.003023 0.046210 
0.080995 0.993824 0.462022 
0.010047 0.003153 0.491768 
0.963524 0.027369 0.005499 0.003608 
0.250000 0.250000 0.250000 0.250000 
 153
0.908958 0.003023 0.046210 
0.080995 0.993824 0.462022 
0.010047 0.003153 0.491768 
0.979642 0.012169 0.004582 0.003607 
0.250000 0.250000 0.250000 0.250000 
 154
0.908958 0.003023 0.046210 
0.080995 0.993824 0.462022 
0.010047 0.003153 0.491768 
0.986730 0.005540 0.004122 0.003607 
0.250000 0.250000 0.250000 0.250000 
 155
0.908958 0.003023 0.046210 
0.080995 0.993824 0.462022 
0.010047 0.003153 0.491768 
0.109979 0.881023 0.005390 0.003607 
0.250000 0.250000 0.250000 0.250000 
 156
0.873932 0.003023 0.046210 
0.116021 0.993824 0.462022 
0.010412 0.003124 0.491768 
0.270350 0.005671 0.547709 0.176269 
0.250000 0.250000 0.250000 0.250000 
 157
0.905654 0.029446 0.046210 
0.083935 0.967430 0.462022 
0.009432 0.003209 0.491768 
0.391884 0.587455 0.004023 0.016639 
0.250000 0.250000 0.250000 0.250000 
 158
0.914530 0.009314 0.046210 
0.076038 0.987477 0.462022 
0.009233 0.003229 0.491768 
0.003714 0.015405 0.038991 0.941891 
0.250000 0.250000 0.250000 0.250000 
 159
0.916337 0.003095 0.046210 
0.074430 0.993675 0.462022 
0.009233 0.003229 0.491768 
0.007929 0.005229 0.958065 0.028777 
0.250000 0.250000 0.250000 0.250000 
 160
0.916337 0.003095 0.046210 
0.074430 0.993675 0.462022 
0.009233 0.003229 0.491768 
0.984178 0.006714 0.004892 0.004216 
0.250000 0.250000 0.250000 0.250000 
 161
0.916337 0.003095 0.046210 
0.074430 0.993675 0.462022 
0.009233 0.003229 0.491768 
0.004173 0.003714 0.005858 0.986255 
0.250000 0.250000 0.250000 0.250000 
 162
0.916337 0.003234 0.046210 
0.074430 0.993537 0.462022 
0.009228 0.003230 0.491768 
0.005012 0.003715 0.249559 0.741714 
0.250000 0.250000 0.250000 0.250000 
 163
0.916376 0.003096 0.046210 
0.074396 0.993674 0.462022 
0.009228 0.003230 0.491768 
0.987166 0.004955 0.003714 0.004164 
0.250000 0.250000 0.250000 0.250000 
 164
0.916376 0.003096 0.046210 
0.074396 0.993674 0.462022 
0.009228 0.003230 0.491768 
0.006790 0.004274 0.975417 0.013519 
0.250000 0.250000 0.250000 0.250000 
 165
0.916376 0.003096 0.046210 
0.074396 0.993674 0.462022 
0.009228 0.003230 0.491768 
0.373665 0.006105 0.081064 0.539166 
0.250000 0.250000 0.250000 0.250000 
 166
0.916376 0.003096 0.046210 
0.074396 0.993674 0.462022 
0.009228 0.003230 0.491768 
0.003714 0.003714 0.011532 0.981040 
0.250000 0.250000 0.250000 0.250000 
 167
0.916376 0.003096 0.046210 
0.074396 0.993674 0.462022 
0.009228 0.003230 0.491768 
0.987586 0.003714 0.003714 0.004985 
0.250000 0.250000 0.250000 0.250000 
 168
0.916376 0.003096 0.046210 
0.074396 0.993674 0.462022 
0.009228 0.003230 0.491768 
0.003714 0.003714 0.101720 0.890852 
0.250000 0.250000 0.250000 0.250000 
 169
0.916376 0.003096 0.046210 
0.074396 0.993674 0.462022 
0.009228 0.003230 0.491768 
0.008079 0.984492 0.003714 0.003714 
0.250000 0.250000 0.250000 0.250000 
 170
0.916376 0.003096 0.046210 
0.074396 0.993674 0.462022 
0.009228 0.003230 0.491768 
0.957168 0.003715 0.003715 0.035403 
0.250000 0.250000 0.250000 0.250000 
 171
0.916376 0.003308 0.046210 
0.074396 0.993462 0.462022 
0.009222 0.003230 0.491768 
0.980052 0.011993 0.004240 0.003715 
0.250000 0.250000 0.250000 0.250000 
 172
0.916436 0.003096 0.046210 
0.074342 0.993673 0.462022 
0.009222 0.003230 0.491768 
0.987092 0.004489 0.004239 0.004180 
0.250000 0.250000 0.250000 0.250000 
 173
0.916436 0.003096 0.046210 
0.074342 0.993673 0.462022 
0.009222 0.003230 0.491768 
0.987948 0.004229 0.004108 0.003715 
0.250000 0.250000 0.250000 0.250000 
 174
0.916436 0.003096 0.046210 
0.074342 0.993673 0.462022 
0.009222 0.003230 0.491768 
0.004110 0.003715 0.924569 0.067606 
0.250000 0.250000 0.250000 0.250000 
 175
0.916436 0.003096 0.046210 
0.074342 0.993673 0.462022 
0.009222 0.003230 0.491768 
0.988318 0.004252 0.003715 0.003715 
0.250000 0.250000 0.250000 0.250000 
 176
0.916436 0.003096 0.046210 
0.074342 0.993673 0.462022 
0.009222 0.003230 0.491768 
0.706316 0.283465 0.004353 0.005866 
0.250000 0.250000 0.250000 0.250000 
 177
0.916436 0.003096 0.046210 
0.074342 0.993673 0.462022 
0.009222 0.003230 0.491768 
0.017784 0.004027 0.918051 0.060138 
0.250000 0.250000 0.250000 0.250000 
 178
0.916436 0.003096 0.046210 
0.074342 0.993673 0.462022 
0.009222 0.003230 0.491768 
0.987557 0.004602 0.004126 0.003715 
0.250000 0.250000 0.250000 0.250000 
 179
0.916436 0.003096 0.046210 
0.074342 0.993673 0.462022 
0.009222 0.003230 0.491768 
0.004469 0.003715 0.988100 0.003715 
0.250000 0.250000 0.250000 0.250000 
 180
0.915721 0.003096 0.046210 
0.075058 0.993673 0.462022 
0.009228 0.003230 0.491768 
0.132496 0.005169 0.345809 0.516526 
0.250000 0.250000 0.250000 0.250000 
 181
0.916376 0.003096 0.046210 
0.074396 0.993674 0.462022 
0.009228 0.003230 0.491768 
0.003715 0.004274 0.003715 0.988297 
0.250000 0.250000 0.250000 0.250000 
 182
0.916376 0.003096 0.046210 
0.074396 0.993674 0.462022 
0.009228 0.003230 0.491768 
0.003714 0.988857 0.003714 0.003714 
0.250000 0.250000 0.250000 0.250000 
 183
0.916376 0.003096 0.046210 
0.074396 0.993674 0.462022 
0.009228 0.003230 0.491768 
0.003714 0.988076 0.003714 0.004496 
0.250000 0.250000 0.250000 0.250000 
 184
0.916376 0.003096 0.046210 
0.074396 0.993674 0.462022 
0.009228 0.003230 0.491768 
0.019463 0.970752 0.003714 0.006071 
0.250000 0.250000 0.250000 0.250000 
 185
0.916376 0.003096 0.046210 
0.074396 0.993674 0.462022 
0.009228 0.003230 0.491768 
0.003714 0.003714 0.004525 0.988046 
0.250000 0.250000 0.250000 0.250000 
 186
0.916376 0.003096 0.046210 
0.074396 0.993674 0.462022 
0.009228 0.003230 0.491768 
0.519904 0.428332 0.043124 0.008640 
0.250000 0.250000 0.250000 0.250000 
 187
0.916376 0.003096 0.046210 
0.074396 0.993674 0.462022 
0.009228 0.003230 0.491768 
0.988321 0.003714 0.004250 0.003714 
0.250000 0.250000 0.250000 0.250000 
 188
0.916376 0.003096 0.046210 
0.074396 0.993674 0.462022 
0.009228 0.003230 0.491768 
0.988857 0.003714 0.003714 0.003714 
0.250000 0.250000 0.250000 0.250000 
 189
0.916376 0.003096 0.046210 
0.074396 0.993674 0.462022 
0.009228 0.003230 0.491768 
0.003714 0.004116 0.173785 0.818384 
0.250000 0.250000 0.250000 0.250000 
 190
0.916376 0.003096 0.046210 
0.074396 0.993674 0.462022 
0.009228 0.003230 0.491768 
0.012765 0.003714 0.978664 0.004857 
0.250000 0.250000 0.250000 0.250000 
 191
0.916376 0.003096 0.046210 
0.074396 0.993674 0.462022 
0.009228 0.003230 0.491768 
0.959172 0.033399 0.003714 0.003714 
0.250000 0.250000 0.250000 0.250000 
 192
0.916376 0.003096 0.046210 
0.074396 0.993674 0.462022 
0.009228 0.003230 0.491768 
0.197637 0.541028 0.250379 0.010956 
0.250000 0.250000 0.250000 0.250000 
 193
0.916376 0.003096 0.046210 
0.074396 0.993674 0.462022 
0.009228 0.003230 0.491768 
0.987573 0.004999 0.003714 0.003714 
0.250000 0.250000 0.250000 0.250000 
 194
0.916376 0.003096 0.046210 
0.074396 0.993674 0.462022 
0.009228 0.003230 0.491768 
0.003715 0.003715 0.988856 0.003715 
0.250000 0.250000 0.250000 0.250000 
 195
0.916376 0.003096 0.046210 
0.074396 0.993674 0.462022 
0.009228 0.003230 0.491768 
0.837942 0.030876 0.006372 0.124811 
0.250000 0.250000 0.250000 0.250000 
 196
0.916376 0.003096 0.046210 
0.074396 0.993674 0.462022 
0.009228 0.003230 0.491768 
0.003714 0.003714 0.005381 0.987191 
0.250000 0.250000 0.250000 0.250000 
 197
0.916376 0.003096 0.046210 
0.074396 0.993674 0.462022 
0.009228 0.003230 0.491768 
0.985025 0.004230 0.003714 0.007030 
0.250000 0.250000 0.250000 0.250000 
 198
0.916376 0.003096 0.046210 
0.074396 0.993674 0.462022 
0.009228 0.003230 0.491768 
0.003714 0.003714 0.066028 0.926544 
0.250000 0.250000 0.250000 0.250000 
 199
0.916376 0.003096 0.046210 
0.074396 0.993674 0.462022 
0.009228 0.003230 0.491768 
0.059902 0.925698 0.007413 0.006987 
0.250000 0.250000 0.250000 0.250000 
 200
0.916376 0.010352 0.046210 
0.074396 0.986418 0.462022 
0.009008 0.003253 0.491768 
0.003748 0.003748 0.004798 0.987707 
0.250000 0.250000 0.250000 0.250000 
 201
0.918370 0.003118 0.046210 
0.072622 0.993628 0.462022 
0.009008 0.003253 0.491768 
0.107885 0.023217 0.105339 0.763560 
0.250000 0.250000 0.250000 0.250000 
 202
0.918370 0.003861 0.046210 
0.072622 0.992886 0.462022 
0.008987 0.003256 0.491768 
0.987354 0.005145 0.003751 0.003751 
0.250000 0.250000 0.250000 0.250000 
 203
0.918567 0.003121 0.046210 
0.072446 0.993623 0.462022 
0.008987 0.003256 0.491768 
0.967959 0.021486 0.006456 0.004100 
0.250000 0.250000 0.250000 0.250000 
 204
0.918567 0.003121 0.046210 
0.072446 0.993623 0.462022 
0.008987 0.003256 0.491768 
0.006100 0.003751 0.687526 0.302624 
0.250000 0.250000 0.250000 0.250000 
 205
0.211986 0.003121 0.046210 
0.779028 0.993623 0.462022 
0.030627 0.002675 0.491768 
0.986936 0.006141 0.003209 0.003714 
0.250000 0.250000 0.250000 0.250000 
 206
0.641403 0.002564 0.046210 
0.327970 0.994762 0.462022 
0.033329 0.002659 0.491768 
0.002941 0.003410 0.006735 0.986914 
0.250000 0.250000 0.250000 0.250000 
 207
0.697985 0.002548 0.046210 
0.268686 0.994793 0.462022 
0.033329 0.002659 0.491768 
0.046371 0.002941 0.626123 0.324565 
0.250000 0.250000 0.250000 0.250000 
 208
0.697985 0.002548 0.046210 
0.268686 0.994793 0.462022 
0.033329 0.002659 0.491768 
0.988033 0.005779 0.002941 0.003246 
0.250000 0.250000 0.250000 0.250000 
 209
0.697985 0.002548 0.046210 
0.268686 0.994793 0.462022 
0.033329 0.002659 0.491768 
0.225651 0.759199 0.002941 0.012209 
0.250000 0.250000 0.250000 0.250000 
 210
0.697985 0.002548 0.046210 
0.268686 0.994793 0.462022 
0.033329 0.002659 0.491768 
0.045758 0.002942 0.907364 0.043936 
0.250000 0.250000 0.250000 0.250000 
 211
0.697985 0.002548 0.046210 
0.268686 0.994793 0.462022 
0.033329 0.002659 0.491768 
0.988614 0.004036 0.002941 0.004408 
0.250000 0.250000 0.250000 0.250000 
 212
0.697985 0.002548 0.046210 
0.268686 0.994793 0.462022 
0.033329 0.002659 0.491768 
0.985653 0.006800 0.003683 0.003865 
0.250000 0.250000 0.250000 0.250000 
 213
0.696302 0.002548 0.046210 
0.270369 0.994793 0.462022 
0.033385 0.002658 0.491768 
0.002941 0.002941 0.610504 0.383615 
0.250000 0.250000 0.250000 0.250000 
 214
0.366001 0.002548 0.046210 
0.600614 0.994794 0.462022 
0.049939 0.002600 0.491768 
0.977153 0.016583 0.003399 0.002865 
0.250000 0.250000 0.250000 0.250000 
 215
0.547475 0.002798 0.046210 
0.402586 0.994602 0.462022 
0.049595 0.002601 0.491768 
0.012627 0.004053 0.927352 0.055967 
0.250000 0.250000 0.250000 0.250000 
 216
0.550585 0.002493 0.046210 
0.399819 0.994906 0.462022 
0.049595 0.002601 0.491768 
0.006476 0.003770 0.569337 0.420417 
0.250000 0.250000 0.250000 0.250000 
 217
0.537258 0.002493 0.046210 
0.413147 0.994906 0.462022 
0.050265 0.002599 0.491768 
0.988870 0.003742 0.003504 0.003883 
0.250000 0.250000 0.250000 0.250000 
 218
0.544515 0.002492 0.046210 
0.405220 0.994909 0.462022 
0.050265 0.002599 0.491768 
0.985473 0.007721 0.003682 0.003124 
0.250000 0.250000 0.250000 0.250000 
 219
0.544515 0.002492 0.046210 
0.405220 0.994909 0.462022 
0.050265 0.002599 0.491768 
0.074566 0.005346 0.404188 0.515900 
0.250000 0.250000 0.250000 0.250000 
 220
0.544515 0.002492 0.046210 
0.405220 0.994909 0.462022 
0.050265 0.002599 0.491768 
0.099829 0.220444 0.029890 0.649837 
0.250000 0.250000 0.250000 0.250000 
 221
0.538651 0.002492 0.046210 
0.411084 0.994909 0.462022 
0.050562 0.002599 0.491768 
0.005035 0.003142 0.018856 0.972968 
0.250000 0.250000 0.250000 0.250000 
 222
0.541828 0.002491 0.046210 
0.407610 0.994910 0.462022 
0.050562 0.002599 0.491768 
0.035590 0.011996 0.012668 0.939747 
0.250000 0.250000 0.250000 0.250000 
 223
0.539516 0.002491 0.046210 
0.409922 0.994910 0.462022 
0.050679 0.002598 0.491768 
0.063815 0.652785 0.252620 0.030781 
0.250000 0.250000 0.250000 0.250000 
 224
0.423598 0.002491 0.046210 
0.525723 0.994911 0.462022 
0.057405 0.002585 0.491768 
0.030980 0.002846 0.404120 0.562054 
0.250000 0.250000 0.250000 0.250000 
 225
0.479817 0.002478 0.046210 
0.462778 0.994937 0.462022 
0.057405 0.002585 0.491768 
0.003564 0.003991 0.032813 0.959632 
0.250000 0.250000 0.250000 0.250000 
 226
0.479817 0.002478 0.046210 
0.462778 0.994937 0.462022 
0.057405 0.002585 0.491768 
0.292221 0.698655 0.003167 0.005957 
0.250000 0.250000 0.250000 0.250000 
 227
0.479817 0.002478 0.046210 
0.462778 0.994937 0.462022 
0.057405 0.002585 0.491768 
0.041534 0.017200 0.928245 0.013021 
0.250000 0.250000 0.250000 0.250000 
 228
0.479817 0.002478 0.046210 
0.462778 0.994937 0.462022 
0.057405 0.002585 0.491768 
0.041222 0.006589 0.007029 0.945159 
0.250000 0.250000 0.250000 0.250000 
 229
0.479817 0.002478 0.046210 
0.462778 0.994937 0.462022 
0.057405 0.002585 0.491768 
0.020841 0.972891 0.002846 0.003421 
0.250000 0.250000 0.250000 0.250000 
 230
0.479817 0.002478 0.046210 
0.462778 0.994937 0.462022 
0.057405 0.002585 0.491768 
0.374123 0.594181 0.002846 0.028849 
0.250000 0.250000 0.250000 0.250000 
 231
0.479817 0.002478 0.046210 
0.462778 0.994937 0.462022 
0.057405 0.002585 0.491768 
0.724417 0.265905 0.005837 0.003841 
0.250000 0.250000 0.250000 0.250000 
 232
0.479817 0.002478 0.046210 
0.462778 0.994937 0.462022 
0.057405 0.002585 0.491768 
0.338319 0.101632 0.557203 0.002846 
0.250000 0.250000 0.250000 0.250000 
 233
0.479817 0.002478 0.046210 
0.462778 0.994937 0.462022 
0.057405 0.002585 0.491768 
0.976891 0.015233 0.004726 0.003149 
0.250000 0.250000 0.250000 0.250000 
 234
0.479817 0.002478 0.046210 
0.462778 0.994937 0.462022 
0.057405 0.002585 0.491768 
0.214668 0.738139 0.040833 0.006359 
0.250000 0.250000 0.250000 0.250000 
 235
0.479817 0.002478 0.046210 
0.462778 0.994937 0.462022 
0.057405 0.002585 0.491768 
0.030219 0.652116 0.005520 0.312145 
0.250000 0.250000 0.250000 0.250000 
 236
