%  SAM: /scicomp/home/vfn4/Tools/LABEL_RES/scripts/modelfromalign v3.5 (July 15, 2005) compiled 12/08/06_16:15:55
%  (c) 1992-2001 Regents of the University of California, Santa Cruz
%
%          Sequence Alignment and Modeling Software System
%         http://www.cse.ucsc.edu/research/compbio/sam.html
%
% ----------------- Citations (SAM, SAM-T2K, HMMs) --------------------
% R. Hughey, A. Krogh, Hidden Markov models for sequence analysis:
%  Extension and analysis of the basic method, CABIOS 12:95-107, 1996.
% K. Karplus, et al., What is the value added by human intervention in protein
%  structure prediction, Proteins: Stucture, Function, Genetics 45(S5):86--91, 2001.
% A. Krogh et al., Hidden Markov models in computational biology:
%  Applications to protein modeling, JMB 235:1501-1531, Feb 1994.
% ---------------------------------------------------------------------
%  A_NA_N5_hmm   Host: login.aspen.biotech.cdc.gov    Mon Aug 25 12:25:06 2014
%  vfn4          Dir:  /scicomp/home/vfn4/IRMA/train3/NA
% ---------------------------------------------------------------------
%  Alignment weights from internal calc.  Total (10.15) Max (0.19) Min (0.08)
%  Weights from alignment method 1 (karplus), b=-1.000000, e=0.500000
MODEL --  Model from alignment file /scicomp/home/vfn4/Tools/LABEL_RES/training_data/irmaNA/A_NA_N5.fasta
alphabet DNA
FREQAVE
0.000000 0.000000 0.000000 
0.000000 0.000000 0.000000 
0.000000 0.000000 0.000000 
0.314764 0.250157 0.175928 0.259151 
0.314764 0.250157 0.175928 0.259151 
Begin
0.000000 0.000000 0.000000 
0.000000 0.000000 0.000000 
0.000000 0.010155 0.491768 
0.250000 0.250000 0.250000 0.250000 
0.250000 0.250000 0.250000 0.250000 
   1
0.000000 0.009734 0.046210 
0.000000 0.980111 0.462022 
0.057405 0.010155 0.491768 
0.932729 0.022424 0.022424 0.022424 
0.250000 0.250000 0.250000 0.250000 
   2
0.479817 0.009734 0.046210 
0.462778 0.980111 0.462022 
0.057405 0.010155 0.491768 
0.022424 0.022424 0.022424 0.932729 
0.250000 0.250000 0.250000 0.250000 
   3
0.479817 0.009734 0.046210 
0.462778 0.980111 0.462022 
0.057405 0.010155 0.491768 
0.022424 0.932729 0.022424 0.022424 
0.250000 0.250000 0.250000 0.250000 
   4
0.479817 0.009734 0.046210 
0.462778 0.980111 0.462022 
0.057405 0.010155 0.491768 
0.932729 0.022424 0.022424 0.022424 
0.250000 0.250000 0.250000 0.250000 
   5
0.479817 0.009734 0.046210 
0.462778 0.980111 0.462022 
0.057405 0.010155 0.491768 
0.932729 0.022424 0.022424 0.022424 
0.250000 0.250000 0.250000 0.250000 
   6
0.479817 0.009734 0.046210 
0.462778 0.980111 0.462022 
0.057405 0.010155 0.491768 
0.022424 0.022424 0.064957 0.890196 
0.250000 0.250000 0.250000 0.250000 
   7
0.479817 0.009734 0.046210 
0.462778 0.980111 0.462022 
0.057405 0.010155 0.491768 
0.022424 0.022424 0.932729 0.022424 
0.250000 0.250000 0.250000 0.250000 
   8
0.479817 0.009734 0.046210 
0.462778 0.980111 0.462022 
0.057405 0.010155 0.491768 
0.022424 0.022424 0.932729 0.022424 
0.250000 0.250000 0.250000 0.250000 
   9
0.479817 0.009734 0.046210 
0.462778 0.980111 0.462022 
0.057405 0.010155 0.491768 
0.922471 0.032682 0.022424 0.022424 
0.250000 0.250000 0.250000 0.250000 
  10
0.479817 0.009734 0.046210 
0.462778 0.980111 0.462022 
0.057405 0.010155 0.491768 
0.932729 0.022424 0.022424 0.022424 
0.250000 0.250000 0.250000 0.250000 
  11
0.479817 0.009734 0.046210 
0.462778 0.980111 0.462022 
0.057405 0.010155 0.491768 
0.932729 0.022424 0.022424 0.022424 
0.250000 0.250000 0.250000 0.250000 
  12
0.479817 0.009734 0.046210 
0.462778 0.980111 0.462022 
0.057405 0.010155 0.491768 
0.022424 0.022424 0.039432 0.915720 
0.250000 0.250000 0.250000 0.250000 
  13
0.479817 0.009734 0.046210 
0.462778 0.980111 0.462022 
0.057405 0.010155 0.491768 
0.022424 0.022424 0.932729 0.022424 
0.250000 0.250000 0.250000 0.250000 
  14
0.479817 0.009734 0.046210 
0.462778 0.980111 0.462022 
0.057405 0.010155 0.491768 
0.932729 0.022424 0.022424 0.022424 
0.250000 0.250000 0.250000 0.250000 
  15
0.479817 0.009734 0.046210 
0.462778 0.980111 0.462022 
0.057405 0.010155 0.491768 
0.022424 0.932729 0.022424 0.022424 
0.250000 0.250000 0.250000 0.250000 
  16
0.479817 0.009734 0.046210 
0.462778 0.980111 0.462022 
0.057405 0.010155 0.491768 
0.932729 0.022424 0.022424 0.022424 
0.250000 0.250000 0.250000 0.250000 
  17
0.479817 0.009734 0.046210 
0.462778 0.980111 0.462022 
0.057405 0.010155 0.491768 
0.932729 0.022424 0.022424 0.022424 
0.250000 0.250000 0.250000 0.250000 
  18
0.479817 0.009734 0.046210 
0.462778 0.980111 0.462022 
0.057405 0.010155 0.491768 
0.913380 0.041772 0.022424 0.022424 
0.250000 0.250000 0.250000 0.250000 
  19
0.479817 0.009734 0.046210 
0.462778 0.980111 0.462022 
0.057405 0.010155 0.491768 
0.932729 0.022424 0.022424 0.022424 
0.250000 0.250000 0.250000 0.250000 
  20
0.479817 0.009734 0.046210 
0.462778 0.980111 0.462022 
0.057405 0.010155 0.491768 
0.022424 0.022424 0.022424 0.932729 
0.250000 0.250000 0.250000 0.250000 
  21
0.479817 0.009734 0.046210 
0.462778 0.980111 0.462022 
0.057405 0.010155 0.491768 
0.932729 0.022424 0.022424 0.022424 
0.250000 0.250000 0.250000 0.250000 
  22
0.479817 0.009734 0.046210 
0.462778 0.980111 0.462022 
0.057405 0.010155 0.491768 
0.932729 0.022424 0.022424 0.022424 
0.250000 0.250000 0.250000 0.250000 
  23
0.479817 0.009734 0.046210 
0.462778 0.980111 0.462022 
0.057405 0.010155 0.491768 
0.022424 0.022424 0.022424 0.932729 
0.250000 0.250000 0.250000 0.250000 
  24
0.479817 0.009734 0.046210 
0.462778 0.980111 0.462022 
0.057405 0.010155 0.491768 
0.924263 0.030889 0.022424 0.022424 
0.250000 0.250000 0.250000 0.250000 
  25
0.479817 0.009734 0.046210 
0.462778 0.980111 0.462022 
0.057405 0.010155 0.491768 
0.932729 0.022424 0.022424 0.022424 
0.250000 0.250000 0.250000 0.250000 
  26
0.479817 0.009734 0.046210 
0.462778 0.980111 0.462022 
0.057405 0.010155 0.491768 
0.022424 0.022424 0.932729 0.022424 
0.250000 0.250000 0.250000 0.250000 
  27
0.479817 0.009734 0.046210 
0.462778 0.980111 0.462022 
0.057405 0.010155 0.491768 
0.745129 0.210023 0.022424 0.022424 
0.250000 0.250000 0.250000 0.250000 
  28
0.479817 0.009734 0.046210 
0.462778 0.980111 0.462022 
0.057405 0.010155 0.491768 
0.932729 0.022424 0.022424 0.022424 
0.250000 0.250000 0.250000 0.250000 
  29
0.479817 0.009734 0.046210 
0.462778 0.980111 0.462022 
0.057405 0.010155 0.491768 
0.022424 0.022424 0.022424 0.932729 
0.250000 0.250000 0.250000 0.250000 
  30
0.479817 0.009734 0.046210 
0.462778 0.980111 0.462022 
0.057405 0.010155 0.491768 
0.022424 0.022424 0.039660 0.915493 
0.250000 0.250000 0.250000 0.250000 
  31
0.479817 0.009734 0.046210 
0.462778 0.980111 0.462022 
0.057405 0.010155 0.491768 
0.022424 0.932729 0.022424 0.022424 
0.250000 0.250000 0.250000 0.250000 
  32
0.479817 0.009734 0.046210 
0.462778 0.980111 0.462022 
0.057405 0.010155 0.491768 
0.022424 0.932729 0.022424 0.022424 
0.250000 0.250000 0.250000 0.250000 
  33
0.479817 0.009734 0.046210 
0.462778 0.980111 0.462022 
0.057405 0.010155 0.491768 
0.022424 0.022424 0.439816 0.515337 
0.250000 0.250000 0.250000 0.250000 
  34
0.479817 0.009734 0.046210 
0.462778 0.980111 0.462022 
0.057405 0.010155 0.491768 
0.022424 0.022424 0.022424 0.932729 
0.250000 0.250000 0.250000 0.250000 
  35
0.479817 0.009734 0.046210 
0.462778 0.980111 0.462022 
0.057405 0.010155 0.491768 
0.022424 0.022424 0.932729 0.022424 
0.250000 0.250000 0.250000 0.250000 
  36
0.479817 0.009734 0.046210 
0.462778 0.980111 0.462022 
0.057405 0.010155 0.491768 
0.322059 0.042368 0.022424 0.613149 
0.250000 0.250000 0.250000 0.250000 
  37
0.479817 0.009734 0.046210 
0.462778 0.980111 0.462022 
0.057405 0.010155 0.491768 
0.341841 0.613311 0.022424 0.022424 
0.250000 0.250000 0.250000 0.250000 
  38
0.479817 0.009734 0.046210 
0.462778 0.980111 0.462022 
0.057405 0.010155 0.491768 
0.022424 0.022424 0.022424 0.932729 
0.250000 0.250000 0.250000 0.250000 
  39
0.479817 0.009734 0.046210 
0.462778 0.980111 0.462022 
0.057405 0.010155 0.491768 
0.322151 0.624032 0.022424 0.031392 
0.250000 0.250000 0.250000 0.250000 
  40
0.479817 0.009734 0.046210 
0.462778 0.980111 0.462022 
0.057405 0.010155 0.491768 
0.022424 0.022424 0.022424 0.932729 
0.250000 0.250000 0.250000 0.250000 
  41
0.479817 0.009734 0.046210 
0.462778 0.980111 0.462022 
0.057405 0.010155 0.491768 
0.022424 0.022424 0.932729 0.022424 
0.250000 0.250000 0.250000 0.250000 
  42
0.479817 0.009734 0.046210 
0.462778 0.980111 0.462022 
0.057405 0.010155 0.491768 
0.876789 0.078364 0.022424 0.022424 
0.250000 0.250000 0.250000 0.250000 
  43
0.479817 0.009734 0.046210 
0.462778 0.980111 0.462022 
0.057405 0.010155 0.491768 
0.022424 0.022424 0.031728 0.923424 
0.250000 0.250000 0.250000 0.250000 
  44
0.479817 0.009734 0.046210 
0.462778 0.980111 0.462022 
0.057405 0.010155 0.491768 
0.022424 0.022424 0.022424 0.932729 
0.250000 0.250000 0.250000 0.250000 
  45
0.479817 0.009734 0.046210 
0.462778 0.980111 0.462022 
0.057405 0.010155 0.491768 
0.414351 0.540802 0.022424 0.022424 
0.250000 0.250000 0.250000 0.250000 
  46
0.479817 0.009734 0.046210 
0.462778 0.980111 0.462022 
0.057405 0.010155 0.491768 
0.032652 0.922500 0.022424 0.022424 
0.250000 0.250000 0.250000 0.250000 
  47
0.479817 0.009734 0.046210 
0.462778 0.980111 0.462022 
0.057405 0.010155 0.491768 
0.022424 0.331120 0.624032 0.022424 
0.250000 0.250000 0.250000 0.250000 
  48
0.479817 0.009734 0.046210 
0.462778 0.980111 0.462022 
0.057405 0.010155 0.491768 
0.923152 0.032001 0.022424 0.022424 
0.250000 0.250000 0.250000 0.250000 
  49
0.479817 0.009734 0.046210 
0.462778 0.980111 0.462022 
0.057405 0.010155 0.491768 
0.022424 0.022424 0.561780 0.393373 
0.250000 0.250000 0.250000 0.250000 
  50
0.479817 0.009734 0.046210 
0.462778 0.980111 0.462022 
0.057405 0.010155 0.491768 
0.022424 0.022424 0.022424 0.932729 
0.250000 0.250000 0.250000 0.250000 
  51
0.479817 0.009734 0.046210 
0.462778 0.980111 0.462022 
0.057405 0.010155 0.491768 
0.683658 0.271494 0.022424 0.022424 
0.250000 0.250000 0.250000 0.250000 
  52
0.479817 0.009734 0.046210 
0.462778 0.980111 0.462022 
0.057405 0.010155 0.491768 
0.022424 0.932729 0.022424 0.022424 
0.250000 0.250000 0.250000 0.250000 
  53
0.479817 0.009734 0.046210 
0.462778 0.980111 0.462022 
0.057405 0.010155 0.491768 
0.022424 0.022424 0.030813 0.924339 
0.250000 0.250000 0.250000 0.250000 
  54
0.479817 0.009734 0.046210 
0.462778 0.980111 0.462022 
0.057405 0.010155 0.491768 
0.030695 0.022424 0.045146 0.901735 
0.250000 0.250000 0.250000 0.250000 
  55
0.479817 0.009734 0.046210 
0.462778 0.980111 0.462022 
0.057405 0.010155 0.491768 
0.193464 0.761689 0.022424 0.022424 
0.250000 0.250000 0.250000 0.250000 
  56
0.479817 0.009734 0.046210 
0.462778 0.980111 0.462022 
0.057405 0.010155 0.491768 
0.022424 0.022424 0.030695 0.924457 
0.250000 0.250000 0.250000 0.250000 
  57
0.479817 0.009734 0.046210 
0.462778 0.980111 0.462022 
0.057405 0.010155 0.491768 
0.585384 0.061072 0.022424 0.331120 
0.250000 0.250000 0.250000 0.250000 
  58
0.479817 0.009734 0.046210 
0.462778 0.980111 0.462022 
0.057405 0.010155 0.491768 
0.030075 0.022424 0.142281 0.805220 
0.250000 0.250000 0.250000 0.250000 
  59
0.479817 0.009734 0.046210 
0.462778 0.980111 0.462022 
0.057405 0.010155 0.491768 
0.022424 0.022424 0.022424 0.932729 
0.250000 0.250000 0.250000 0.250000 
  60
0.479817 0.009734 0.046210 
0.462778 0.980111 0.462022 
0.057405 0.010155 0.491768 
0.049069 0.022424 0.906083 0.022424 
0.250000 0.250000 0.250000 0.250000 
  61
0.479817 0.009734 0.046210 
0.462778 0.980111 0.462022 
0.057405 0.010155 0.491768 
0.932729 0.022424 0.022424 0.022424 
0.250000 0.250000 0.250000 0.250000 
  62
0.479817 0.009734 0.046210 
0.462778 0.980111 0.462022 
0.057405 0.010155 0.491768 
0.932729 0.022424 0.022424 0.022424 
0.250000 0.250000 0.250000 0.250000 
  63
0.479817 0.009734 0.046210 
0.462778 0.980111 0.462022 
0.057405 0.010155 0.491768 
0.022424 0.022424 0.907926 0.047227 
0.250000 0.250000 0.250000 0.250000 
  64
0.479817 0.009734 0.046210 
0.462778 0.980111 0.462022 
0.057405 0.010155 0.491768 
0.932729 0.022424 0.022424 0.022424 
0.250000 0.250000 0.250000 0.250000 
  65
0.479817 0.009734 0.046210 
0.462778 0.980111 0.462022 
0.057405 0.010155 0.491768 
0.022424 0.022424 0.033145 0.922008 
0.250000 0.250000 0.250000 0.250000 
  66
0.479817 0.009734 0.046210 
0.462778 0.980111 0.462022 
0.057405 0.010155 0.491768 
0.624032 0.022424 0.050541 0.303003 
0.250000 0.250000 0.250000 0.250000 
  67
0.479817 0.009734 0.046210 
0.462778 0.980111 0.462022 
0.057405 0.010155 0.491768 
0.022424 0.022424 0.859087 0.096065 
0.250000 0.250000 0.250000 0.250000 
  68
0.479817 0.009734 0.046210 
0.462778 0.980111 0.462022 
0.057405 0.010155 0.491768 
0.022424 0.022424 0.022424 0.932729 
0.250000 0.250000 0.250000 0.250000 
  69
0.479817 0.009734 0.046210 
0.462778 0.980111 0.462022 
0.057405 0.010155 0.491768 
0.048805 0.597651 0.031815 0.321729 
0.250000 0.250000 0.250000 0.250000 
  70
0.479817 0.009734 0.046210 
0.462778 0.980111 0.462022 
0.057405 0.010155 0.491768 
0.022424 0.022424 0.915720 0.039432 
0.250000 0.250000 0.250000 0.250000 
  71
0.479817 0.009734 0.046210 
0.462778 0.980111 0.462022 
0.057405 0.010155 0.491768 
0.022424 0.022424 0.022424 0.932729 
0.250000 0.250000 0.250000 0.250000 
  72
0.479817 0.009734 0.046210 
0.462778 0.980111 0.462022 
0.057405 0.010155 0.491768 
0.032464 0.039432 0.055944 0.872160 
0.250000 0.250000 0.250000 0.250000 
  73
0.479817 0.009734 0.046210 
0.462778 0.980111 0.462022 
0.057405 0.010155 0.491768 
0.022424 0.022424 0.932729 0.022424 
0.250000 0.250000 0.250000 0.250000 
  74
0.479817 0.009734 0.046210 
0.462778 0.980111 0.462022 
0.057405 0.010155 0.491768 
0.932729 0.022424 0.022424 0.022424 
0.250000 0.250000 0.250000 0.250000 
  75
0.479817 0.009734 0.046210 
0.462778 0.980111 0.462022 
0.057405 0.010155 0.491768 
0.022424 0.022424 0.033145 0.922008 
0.250000 0.250000 0.250000 0.250000 
  76
0.479817 0.009734 0.046210 
0.462778 0.980111 0.462022 
0.057405 0.010155 0.491768 
0.614470 0.340682 0.022424 0.022424 
0.250000 0.250000 0.250000 0.250000 
  77
0.479817 0.009734 0.046210 
0.462778 0.980111 0.462022 
0.057405 0.010155 0.491768 
0.022424 0.022424 0.022424 0.932729 
0.250000 0.250000 0.250000 0.250000 
  78
0.479817 0.009734 0.046210 
0.462778 0.980111 0.462022 
0.057405 0.010155 0.491768 
0.022424 0.331120 0.022424 0.624032 
0.250000 0.250000 0.250000 0.250000 
  79
0.479817 0.009734 0.046210 
0.462778 0.980111 0.462022 
0.057405 0.010155 0.491768 
0.022424 0.932729 0.022424 0.022424 
0.250000 0.250000 0.250000 0.250000 
  80
0.479817 0.009734 0.046210 
0.462778 0.980111 0.462022 
0.057405 0.010155 0.491768 
0.022424 0.022424 0.909071 0.046081 
0.250000 0.250000 0.250000 0.250000 
  81
0.479817 0.009734 0.046210 
0.462778 0.980111 0.462022 
0.057405 0.010155 0.491768 
0.656332 0.298821 0.022424 0.022424 
0.250000 0.250000 0.250000 0.250000 
  82
0.479817 0.009734 0.046210 
0.462778 0.980111 0.462022 
0.057405 0.010155 0.491768 
0.022424 0.022424 0.022424 0.932729 
0.250000 0.250000 0.250000 0.250000 
  83
0.479817 0.009734 0.046210 
0.462778 0.980111 0.462022 
0.057405 0.010155 0.491768 
0.022424 0.022424 0.932729 0.022424 
0.250000 0.250000 0.250000 0.250000 
  84
0.479817 0.009734 0.046210 
0.462778 0.980111 0.462022 
0.057405 0.010155 0.491768 
0.922917 0.032236 0.022424 0.022424 
0.250000 0.250000 0.250000 0.250000 
  85
0.479817 0.009734 0.046210 
0.462778 0.980111 0.462022 
0.057405 0.010155 0.491768 
0.932729 0.022424 0.022424 0.022424 
0.250000 0.250000 0.250000 0.250000 
  86
0.479817 0.009734 0.046210 
0.462778 0.980111 0.462022 
0.057405 0.010155 0.491768 
0.022424 0.022424 0.022424 0.932729 
0.250000 0.250000 0.250000 0.250000 
  87
0.479817 0.009734 0.046210 
0.462778 0.980111 0.462022 
0.057405 0.010155 0.491768 
0.932729 0.022424 0.022424 0.022424 
0.250000 0.250000 0.250000 0.250000 
  88
0.479817 0.009734 0.046210 
0.462778 0.980111 0.462022 
0.057405 0.010155 0.491768 
0.049509 0.905644 0.022424 0.022424 
0.250000 0.250000 0.250000 0.250000 
  89
0.479817 0.009734 0.046210 
0.462778 0.980111 0.462022 
0.057405 0.010155 0.491768 
0.022424 0.022424 0.133831 0.821322 
0.250000 0.250000 0.250000 0.250000 
  90
0.479817 0.009734 0.046210 
0.462778 0.980111 0.462022 
0.057405 0.010155 0.491768 
0.022424 0.022424 0.902075 0.053078 
0.250000 0.250000 0.250000 0.250000 
  91
0.479817 0.009734 0.046210 
0.462778 0.980111 0.462022 
0.057405 0.010155 0.491768 
0.633057 0.022424 0.322095 0.022424 
0.250000 0.250000 0.250000 0.250000 
  92
0.479817 0.009734 0.046210 
0.462778 0.980111 0.462022 
0.057405 0.010155 0.491768 
0.022424 0.022424 0.022424 0.932729 
0.250000 0.250000 0.250000 0.250000 
  93
0.479817 0.009734 0.046210 
0.462778 0.980111 0.462022 
0.057405 0.010155 0.491768 
0.919018 0.036135 0.022424 0.022424 
0.250000 0.250000 0.250000 0.250000 
  94
0.479817 0.009734 0.046210 
0.462778 0.980111 0.462022 
0.057405 0.010155 0.491768 
0.022424 0.932729 0.022424 0.022424 
0.250000 0.250000 0.250000 0.250000 
  95
0.479817 0.009734 0.046210 
0.462778 0.980111 0.462022 
0.057405 0.010155 0.491768 
0.022424 0.932729 0.022424 0.022424 
0.250000 0.250000 0.250000 0.250000 
  96
0.479817 0.009734 0.046210 
0.462778 0.980111 0.462022 
0.057405 0.010155 0.491768 
0.624032 0.331120 0.022424 0.022424 
0.250000 0.250000 0.250000 0.250000 
  97
0.479817 0.009734 0.046210 
0.462778 0.980111 0.462022 
0.057405 0.010155 0.491768 
0.915480 0.031564 0.030532 0.022424 
0.250000 0.250000 0.250000 0.250000 
  98
0.479817 0.009734 0.046210 
0.462778 0.980111 0.462022 
0.057405 0.010155 0.491768 
0.022424 0.022424 0.022424 0.932729 
0.250000 0.250000 0.250000 0.250000 
  99
0.479817 0.009734 0.046210 
0.462778 0.980111 0.462022 
0.057405 0.010155 0.491768 
0.932729 0.022424 0.022424 0.022424 
0.250000 0.250000 0.250000 0.250000 
 100
0.479817 0.009734 0.046210 
0.462778 0.980111 0.462022 
0.057405 0.010155 0.491768 
0.915254 0.039899 0.022424 0.022424 
0.250000 0.250000 0.250000 0.250000 
 101
0.479817 0.009734 0.046210 
0.462778 0.980111 0.462022 
0.057405 0.010155 0.491768 
0.022424 0.022424 0.022424 0.932729 
0.250000 0.250000 0.250000 0.250000 
 102
0.479817 0.009734 0.046210 
0.462778 0.980111 0.462022 
0.057405 0.010155 0.491768 
0.932729 0.022424 0.022424 0.022424 
0.250000 0.250000 0.250000 0.250000 
 103
0.479817 0.009734 0.046210 
0.462778 0.980111 0.462022 
0.057405 0.010155 0.491768 
0.022424 0.022424 0.022424 0.932729 
0.250000 0.250000 0.250000 0.250000 
 104
0.479817 0.009734 0.046210 
0.462778 0.980111 0.462022 
0.057405 0.010155 0.491768 
0.022424 0.022424 0.932729 0.022424 
0.250000 0.250000 0.250000 0.250000 
 105
0.479817 0.009734 0.046210 
0.462778 0.980111 0.462022 
0.057405 0.010155 0.491768 
0.932729 0.022424 0.022424 0.022424 
0.250000 0.250000 0.250000 0.250000 
 106
0.479817 0.009734 0.046210 
0.462778 0.980111 0.462022 
0.057405 0.010155 0.491768 
0.043178 0.911974 0.022424 0.022424 
0.250000 0.250000 0.250000 0.250000 
 107
0.479817 0.009734 0.046210 
0.462778 0.980111 0.462022 
0.057405 0.010155 0.491768 
0.022424 0.022424 0.022424 0.932729 
0.250000 0.250000 0.250000 0.250000 
 108
0.479817 0.009734 0.046210 
0.462778 0.980111 0.462022 
0.057405 0.010155 0.491768 
0.330446 0.624707 0.022424 0.022424 
0.250000 0.250000 0.250000 0.250000 
 109
0.479817 0.009734 0.046210 
0.462778 0.980111 0.462022 
0.057405 0.010155 0.491768 
0.923522 0.031631 0.022424 0.022424 
0.250000 0.250000 0.250000 0.250000 
 110
0.479817 0.009734 0.046210 
0.462778 0.980111 0.462022 
0.057405 0.010155 0.491768 
0.022424 0.022424 0.920103 0.035050 
0.250000 0.250000 0.250000 0.250000 
 111
0.479817 0.009734 0.046210 
0.462778 0.980111 0.462022 
0.057405 0.010155 0.491768 
0.541015 0.066411 0.370150 0.022424 
0.250000 0.250000 0.250000 0.250000 
 112
0.479817 0.009734 0.046210 
0.462778 0.980111 0.462022 
0.057405 0.010155 0.491768 
0.932729 0.022424 0.022424 0.022424 
0.250000 0.250000 0.250000 0.250000 
 113
0.479817 0.009734 0.046210 
0.462778 0.980111 0.462022 
0.057405 0.010155 0.491768 
0.924076 0.031076 0.022424 0.022424 
0.250000 0.250000 0.250000 0.250000 
 114
0.479817 0.009734 0.046210 
0.462778 0.980111 0.462022 
0.057405 0.010155 0.491768 
0.905092 0.050060 0.022424 0.022424 
0.250000 0.250000 0.250000 0.250000 
 115
0.479817 0.009734 0.046210 
0.462778 0.980111 0.462022 
0.057405 0.010155 0.491768 
0.022424 0.932729 0.022424 0.022424 
0.250000 0.250000 0.250000 0.250000 
 116
0.479817 0.009734 0.046210 
0.462778 0.980111 0.462022 
0.057405 0.010155 0.491768 
0.932729 0.022424 0.022424 0.022424 
0.250000 0.250000 0.250000 0.250000 
 117
0.479817 0.009734 0.046210 
0.462778 0.980111 0.462022 
0.057405 0.010155 0.491768 
0.614892 0.031564 0.310822 0.042722 
0.250000 0.250000 0.250000 0.250000 
 118
0.479817 0.009734 0.046210 
0.462778 0.980111 0.462022 
0.057405 0.010155 0.491768 
0.624032 0.022424 0.314112 0.039432 
0.250000 0.250000 0.250000 0.250000 
 119
0.479817 0.009734 0.046210 
0.462778 0.980111 0.462022 
0.057405 0.010155 0.491768 
0.329790 0.590937 0.022424 0.056849 
0.250000 0.250000 0.250000 0.250000 
 120
0.479817 0.009734 0.046210 
0.462778 0.980111 0.462022 
0.057405 0.010155 0.491768 
0.022424 0.022424 0.932729 0.022424 
0.250000 0.250000 0.250000 0.250000 
 121
0.479817 0.009734 0.046210 
0.462778 0.980111 0.462022 
0.057405 0.010155 0.491768 
0.646827 0.299936 0.022424 0.030813 
0.250000 0.250000 0.250000 0.250000 
 122
0.479817 0.009734 0.046210 
0.462778 0.980111 0.462022 
0.057405 0.010155 0.491768 
0.311194 0.643959 0.022424 0.022424 
0.250000 0.250000 0.250000 0.250000 
 123
0.479817 0.009734 0.046210 
0.462778 0.980111 0.462022 
0.057405 0.010155 0.491768 
0.308397 0.045146 0.038538 0.607918 
0.250000 0.250000 0.250000 0.250000 
 124
0.479817 0.009734 0.046210 
0.462778 0.980111 0.462022 
0.057405 0.010155 0.491768 
0.423484 0.531669 0.022424 0.022424 
0.250000 0.250000 0.250000 0.250000 
 125
0.479817 0.009734 0.046210 
0.462778 0.980111 0.462022 
0.057405 0.010155 0.491768 
0.022424 0.022424 0.345049 0.610104 
0.250000 0.250000 0.250000 0.250000 
 126
0.479817 0.009734 0.046210 
0.462778 0.980111 0.462022 
0.057405 0.010155 0.491768 
0.857516 0.097637 0.022424 0.022424 
0.250000 0.250000 0.250000 0.250000 
 127
0.479817 0.009734 0.046210 
0.462778 0.980111 0.462022 
0.057405 0.010155 0.491768 
0.022424 0.022424 0.125819 0.829334 
0.250000 0.250000 0.250000 0.250000 
 128
0.479817 0.009734 0.046210 
0.462778 0.980111 0.462022 
0.057405 0.010155 0.491768 
0.294185 0.059359 0.624032 0.022424 
0.250000 0.250000 0.250000 0.250000 
 129
0.479817 0.009734 0.046210 
0.462778 0.980111 0.462022 
0.057405 0.010155 0.491768 
0.613149 0.022424 0.321506 0.042921 
0.250000 0.250000 0.250000 0.250000 
 130
0.479817 0.141138 0.046210 
0.462778 0.848707 0.462022 
0.030614 0.011691 0.491768 
0.032437 0.032437 0.044853 0.890273 
0.250000 0.250000 0.250000 0.250000 
 131
0.722588 0.011207 0.046210 
0.246798 0.977102 0.462022 
0.030614 0.011691 0.491768 
0.032437 0.032437 0.902689 0.032437 
0.250000 0.250000 0.250000 0.250000 
 132
0.722588 0.011207 0.046210 
0.246798 0.977102 0.462022 
0.030614 0.011691 0.491768 
0.902689 0.032437 0.032437 0.032437 
0.250000 0.250000 0.250000 0.250000 
 133
0.255885 0.011207 0.046210 
0.713501 0.977102 0.462022 
0.057405 0.010155 0.491768 
0.467490 0.022424 0.332730 0.177356 
0.250000 0.250000 0.250000 0.250000 
 134
0.479817 0.009734 0.046210 
0.462778 0.980111 0.462022 
0.057405 0.010155 0.491768 
0.022424 0.022424 0.903240 0.051912 
0.250000 0.250000 0.250000 0.250000 
 135
0.479817 0.009734 0.046210 
0.462778 0.980111 0.462022 
0.057405 0.010155 0.491768 
0.327329 0.022424 0.627823 0.022424 
0.250000 0.250000 0.250000 0.250000 
 136
0.479817 0.009734 0.046210 
0.462778 0.980111 0.462022 
0.057405 0.010155 0.491768 
0.022424 0.022424 0.022424 0.932729 
0.250000 0.250000 0.250000 0.250000 
 137
0.479817 0.009734 0.046210 
0.462778 0.980111 0.462022 
0.057405 0.010155 0.491768 
0.022424 0.932729 0.022424 0.022424 
0.250000 0.250000 0.250000 0.250000 
 138
0.479817 0.009734 0.046210 
0.462778 0.980111 0.462022 
0.057405 0.010155 0.491768 
0.022424 0.022424 0.906343 0.048810 
0.250000 0.250000 0.250000 0.250000 
 139
0.479817 0.009734 0.046210 
0.462778 0.980111 0.462022 
0.057405 0.010155 0.491768 
0.932729 0.022424 0.022424 0.022424 
0.250000 0.250000 0.250000 0.250000 
 140
0.479817 0.009734 0.046210 
0.462778 0.980111 0.462022 
0.057405 0.010155 0.491768 
0.922689 0.022424 0.032464 0.022424 
0.250000 0.250000 0.250000 0.250000 
 141
0.479817 0.009734 0.046210 
0.462778 0.980111 0.462022 
0.057405 0.010155 0.491768 
0.022424 0.022424 0.924818 0.030334 
0.250000 0.250000 0.250000 0.250000 
 142
0.479817 0.009734 0.046210 
0.462778 0.980111 0.462022 
0.057405 0.010155 0.491768 
0.932729 0.022424 0.022424 0.022424 
0.250000 0.250000 0.250000 0.250000 
 143
0.479817 0.009734 0.046210 
0.462778 0.980111 0.462022 
0.057405 0.010155 0.491768 
0.022424 0.022424 0.908832 0.046320 
0.250000 0.250000 0.250000 0.250000 
 144
0.479817 0.009734 0.046210 
0.462778 0.980111 0.462022 
0.057405 0.010155 0.491768 
0.331120 0.022424 0.624032 0.022424 
0.250000 0.250000 0.250000 0.250000 
 145
0.479817 0.009734 0.046210 
0.462778 0.980111 0.462022 
0.057405 0.010155 0.491768 
0.932729 0.022424 0.022424 0.022424 
0.250000 0.250000 0.250000 0.250000 
 146
0.479817 0.009734 0.046210 
0.462778 0.980111 0.462022 
0.057405 0.010155 0.491768 
0.022424 0.022424 0.932729 0.022424 
0.250000 0.250000 0.250000 0.250000 
 147
0.479817 0.009734 0.046210 
0.462778 0.980111 0.462022 
0.057405 0.010155 0.491768 
0.022424 0.031448 0.138047 0.808081 
0.250000 0.250000 0.250000 0.250000 
 148
0.479817 0.009734 0.046210 
0.462778 0.980111 0.462022 
0.057405 0.010155 0.491768 
0.022424 0.932729 0.022424 0.022424 
0.250000 0.250000 0.250000 0.250000 
 149
0.479817 0.009734 0.046210 
0.462778 0.980111 0.462022 
0.057405 0.010155 0.491768 
0.932729 0.022424 0.022424 0.022424 
0.250000 0.250000 0.250000 0.250000 
 150
0.479817 0.009734 0.046210 
0.462778 0.980111 0.462022 
0.057405 0.010155 0.491768 
0.084309 0.870844 0.022424 0.022424 
0.250000 0.250000 0.250000 0.250000 
 151
0.479817 0.009734 0.046210 
0.462778 0.980111 0.462022 
0.057405 0.010155 0.491768 
0.379481 0.575671 0.022424 0.022424 
0.250000 0.250000 0.250000 0.250000 
 152
0.479817 0.009734 0.046210 
0.462778 0.980111 0.462022 
0.057405 0.010155 0.491768 
0.022424 0.022424 0.022424 0.932729 
0.250000 0.250000 0.250000 0.250000 
 153
0.479817 0.009734 0.046210 
0.462778 0.980111 0.462022 
0.057405 0.010155 0.491768 
0.022424 0.331120 0.048380 0.598076 
0.250000 0.250000 0.250000 0.250000 
 154
0.479817 0.009734 0.046210 
0.462778 0.980111 0.462022 
0.057405 0.010155 0.491768 
0.022424 0.022424 0.022424 0.932729 
0.250000 0.250000 0.250000 0.250000 
 155
0.479817 0.009734 0.046210 
0.462778 0.980111 0.462022 
0.057405 0.010155 0.491768 
0.932729 0.022424 0.022424 0.022424 
0.250000 0.250000 0.250000 0.250000 
 156
0.479817 0.009734 0.046210 
0.462778 0.980111 0.462022 
0.057405 0.010155 0.491768 
0.022424 0.022424 0.657013 0.298140 
0.250000 0.250000 0.250000 0.250000 
 157
0.479817 0.009734 0.046210 
0.462778 0.980111 0.462022 
0.057405 0.010155 0.491768 
0.932729 0.022424 0.022424 0.022424 
0.250000 0.250000 0.250000 0.250000 
 158
0.479817 0.009734 0.046210 
0.462778 0.980111 0.462022 
0.057405 0.010155 0.491768 
0.923290 0.031862 0.022424 0.022424 
0.250000 0.250000 0.250000 0.250000 
 159
0.479817 0.009734 0.046210 
0.462778 0.980111 0.462022 
0.057405 0.010155 0.491768 
0.022424 0.022424 0.022424 0.932729 
0.250000 0.250000 0.250000 0.250000 
 160
0.479817 0.009734 0.046210 
0.462778 0.980111 0.462022 
0.057405 0.010155 0.491768 
0.022424 0.932729 0.022424 0.022424 
0.250000 0.250000 0.250000 0.250000 
 161
0.479817 0.009734 0.046210 
0.462778 0.980111 0.462022 
0.057405 0.010155 0.491768 
0.932729 0.022424 0.022424 0.022424 
0.250000 0.250000 0.250000 0.250000 
 162
0.479817 0.009734 0.046210 
0.462778 0.980111 0.462022 
0.057405 0.010155 0.491768 
0.681175 0.273978 0.022424 0.022424 
0.250000 0.250000 0.250000 0.250000 
 163
0.479817 0.009734 0.046210 
0.462778 0.980111 0.462022 
0.057405 0.010155 0.491768 
0.932729 0.022424 0.022424 0.022424 
0.250000 0.250000 0.250000 0.250000 
 164
0.479817 0.009734 0.046210 
0.462778 0.980111 0.462022 
0.057405 0.010155 0.491768 
0.022424 0.022424 0.932729 0.022424 
0.250000 0.250000 0.250000 0.250000 
 165
0.479817 0.009734 0.046210 
0.462778 0.980111 0.462022 
0.057405 0.010155 0.491768 
0.339278 0.022424 0.033307 0.604992 
0.250000 0.250000 0.250000 0.250000 
 166
0.479817 0.009734 0.046210 
0.462778 0.980111 0.462022 
0.057405 0.010155 0.491768 
0.022424 0.932729 0.022424 0.022424 
0.250000 0.250000 0.250000 0.250000 
 167
0.479817 0.009734 0.046210 
0.462778 0.980111 0.462022 
0.057405 0.010155 0.491768 
0.022424 0.022424 0.022424 0.932729 
0.250000 0.250000 0.250000 0.250000 
 168
0.479817 0.009734 0.046210 
0.462778 0.980111 0.462022 
0.057405 0.010155 0.491768 
0.524349 0.420082 0.033145 0.022424 
0.250000 0.250000 0.250000 0.250000 
 169
0.479817 0.009734 0.046210 
0.462778 0.980111 0.462022 
0.057405 0.010155 0.491768 
0.922008 0.022424 0.033145 0.022424 
0.250000 0.250000 0.250000 0.250000 
 170
0.479817 0.009734 0.046210 
0.462778 0.980111 0.462022 
0.057405 0.010155 0.491768 
0.022424 0.932729 0.022424 0.022424 
0.250000 0.250000 0.250000 0.250000 
 171
0.479817 0.009734 0.046210 
0.462778 0.980111 0.462022 
0.057405 0.010155 0.491768 
0.285907 0.669246 0.022424 0.022424 
0.250000 0.250000 0.250000 0.250000 
 172
0.479817 0.009734 0.046210 
0.462778 0.980111 0.462022 
0.057405 0.010155 0.491768 
0.022424 0.331120 0.606748 0.039708 
0.250000 0.250000 0.250000 0.250000 
 173
0.479817 0.009734 0.046210 
0.462778 0.980111 0.462022 
0.057405 0.010155 0.491768 
0.022424 0.022424 0.022424 0.932729 
0.250000 0.250000 0.250000 0.250000 
 174
0.479817 0.009734 0.046210 
0.462778 0.980111 0.462022 
0.057405 0.010155 0.491768 
0.050276 0.904877 0.022424 0.022424 
0.250000 0.250000 0.250000 0.250000 
 175
0.479817 0.009734 0.046210 
0.462778 0.980111 0.462022 
0.057405 0.010155 0.491768 
0.041466 0.913687 0.022424 0.022424 
0.250000 0.250000 0.250000 0.250000 
 176
0.479817 0.009734 0.046210 
0.462778 0.980111 0.462022 
0.057405 0.010155 0.491768 
0.932729 0.022424 0.022424 0.022424 
0.250000 0.250000 0.250000 0.250000 
 177
0.479817 0.009734 0.046210 
0.462778 0.980111 0.462022 
0.057405 0.010155 0.491768 
0.914097 0.041055 0.022424 0.022424 
0.250000 0.250000 0.250000 0.250000 
 178
0.479817 0.009734 0.046210 
0.462778 0.980111 0.462022 
0.057405 0.010155 0.491768 
0.932729 0.022424 0.022424 0.022424 
0.250000 0.250000 0.250000 0.250000 
 179
0.479817 0.009734 0.046210 
0.462778 0.980111 0.462022 
0.057405 0.010155 0.491768 
0.022424 0.022424 0.909874 0.045278 
0.250000 0.250000 0.250000 0.250000 
 180
0.479817 0.009734 0.046210 
0.462778 0.980111 0.462022 
0.057405 0.010155 0.491768 
0.331120 0.022424 0.030998 0.615458 
0.250000 0.250000 0.250000 0.250000 
 181
0.479817 0.009734 0.046210 
0.462778 0.980111 0.462022 
0.057405 0.010155 0.491768 
0.604570 0.350582 0.022424 0.022424 
0.250000 0.250000 0.250000 0.250000 
 182
0.479817 0.009734 0.046210 
0.462778 0.980111 0.462022 
0.057405 0.010155 0.491768 
0.022424 0.022424 0.035050 0.920103 
0.250000 0.250000 0.250000 0.250000 
 183
0.479817 0.009734 0.046210 
0.462778 0.980111 0.462022 
0.057405 0.010155 0.491768 
0.913384 0.032682 0.031511 0.022424 
0.250000 0.250000 0.250000 0.250000 
 184
0.479817 0.009734 0.046210 
0.462778 0.980111 0.462022 
0.057405 0.010155 0.491768 
0.923290 0.031862 0.022424 0.022424 
0.250000 0.250000 0.250000 0.250000 
 185
0.479817 0.009734 0.046210 
0.462778 0.980111 0.462022 
0.057405 0.010155 0.491768 
0.022424 0.022424 0.785439 0.169714 
0.250000 0.250000 0.250000 0.250000 
 186
0.479817 0.009734 0.046210 
0.462778 0.980111 0.462022 
0.057405 0.010155 0.491768 
0.910006 0.022424 0.045146 0.022424 
0.250000 0.250000 0.250000 0.250000 
 187
0.479817 0.009734 0.046210 
0.462778 0.980111 0.462022 
0.057405 0.010155 0.491768 
0.932729 0.022424 0.022424 0.022424 
0.250000 0.250000 0.250000 0.250000 
 188
0.479817 0.009734 0.046210 
0.462778 0.980111 0.462022 
0.057405 0.010155 0.491768 
0.022424 0.022424 0.022424 0.932729 
0.250000 0.250000 0.250000 0.250000 
 189
0.479817 0.009734 0.046210 
0.462778 0.980111 0.462022 
0.057405 0.010155 0.491768 
0.022424 0.022424 0.320011 0.635141 
0.250000 0.250000 0.250000 0.250000 
 190
0.479817 0.009734 0.046210 
0.462778 0.980111 0.462022 
0.057405 0.010155 0.491768 
0.022424 0.022424 0.932729 0.022424 
0.250000 0.250000 0.250000 0.250000 
 191
0.479817 0.009734 0.046210 
0.462778 0.980111 0.462022 
0.057405 0.010155 0.491768 
0.022424 0.022424 0.932729 0.022424 
0.250000 0.250000 0.250000 0.250000 
 192
0.479817 0.009734 0.046210 
0.462778 0.980111 0.462022 
0.057405 0.010155 0.491768 
0.022424 0.022424 0.128843 0.826309 
0.250000 0.250000 0.250000 0.250000 
 193
0.479817 0.009734 0.046210 
0.462778 0.980111 0.462022 
0.057405 0.010155 0.491768 
0.633668 0.321485 0.022424 0.022424 
0.250000 0.250000 0.250000 0.250000 
 194
0.479817 0.009734 0.046210 
0.462778 0.980111 0.462022 
0.057405 0.010155 0.491768 
0.022424 0.022424 0.022424 0.932729 
0.250000 0.250000 0.250000 0.250000 
 195
0.479817 0.009734 0.046210 
0.462778 0.980111 0.462022 
0.057405 0.010155 0.491768 
0.022424 0.022424 0.801188 0.153964 
0.250000 0.250000 0.250000 0.250000 
 196
0.479817 0.009734 0.046210 
0.462778 0.980111 0.462022 
0.057405 0.010155 0.491768 
0.932729 0.022424 0.022424 0.022424 
0.250000 0.250000 0.250000 0.250000 
 197
0.479817 0.009734 0.046210 
0.462778 0.980111 0.462022 
0.057405 0.010155 0.491768 
0.932729 0.022424 0.022424 0.022424 
0.250000 0.250000 0.250000 0.250000 
 198
0.479817 0.009734 0.046210 
0.462778 0.980111 0.462022 
0.057405 0.010155 0.491768 
0.022424 0.022424 0.555506 0.399646 
0.250000 0.250000 0.250000 0.250000 
 199
0.479817 0.009734 0.046210 
0.462778 0.980111 0.462022 
0.057405 0.010155 0.491768 
0.932729 0.022424 0.022424 0.022424 
0.250000 0.250000 0.250000 0.250000 
 200
0.479817 0.009734 0.046210 
0.462778 0.980111 0.462022 
0.057405 0.010155 0.491768 
0.932729 0.022424 0.022424 0.022424 
0.250000 0.250000 0.250000 0.250000 
 201
0.479817 0.009734 0.046210 
0.462778 0.980111 0.462022 
0.057405 0.010155 0.491768 
0.022424 0.022424 0.932729 0.022424 
0.250000 0.250000 0.250000 0.250000 
 202
0.479817 0.009734 0.046210 
0.462778 0.980111 0.462022 
0.057405 0.010155 0.491768 
0.932729 0.022424 0.022424 0.022424 
0.250000 0.250000 0.250000 0.250000 
 203
0.479817 0.009734 0.046210 
0.462778 0.980111 0.462022 
0.057405 0.010155 0.491768 
0.022424 0.022424 0.932729 0.022424 
0.250000 0.250000 0.250000 0.250000 
 204
0.479817 0.009734 0.046210 
0.462778 0.980111 0.462022 
0.057405 0.010155 0.491768 
0.022424 0.022424 0.391636 0.563517 
0.250000 0.250000 0.250000 0.250000 
 205
0.479817 0.009734 0.046210 
0.462778 0.980111 0.462022 
0.057405 0.010155 0.491768 
0.331120 0.624032 0.022424 0.022424 
0.250000 0.250000 0.250000 0.250000 
 206
0.479817 0.009734 0.046210 
0.462778 0.980111 0.462022 
0.057405 0.010155 0.491768 
0.022424 0.022424 0.022424 0.932729 
0.250000 0.250000 0.250000 0.250000 
 207
0.479817 0.009734 0.046210 
0.462778 0.980111 0.462022 
0.057405 0.010155 0.491768 
0.285364 0.355798 0.022424 0.336415 
0.250000 0.250000 0.250000 0.250000 
 208
0.479817 0.009734 0.046210 
0.462778 0.980111 0.462022 
0.057405 0.010155 0.491768 
0.022424 0.022424 0.022424 0.932729 
0.250000 0.250000 0.250000 0.250000 
 209
0.479817 0.009734 0.046210 
0.462778 0.980111 0.462022 
0.057405 0.010155 0.491768 
0.932729 0.022424 0.022424 0.022424 
0.250000 0.250000 0.250000 0.250000 
 210
0.479817 0.009734 0.046210 
0.462778 0.980111 0.462022 
0.057405 0.010155 0.491768 
0.022424 0.022424 0.777824 0.177328 
0.250000 0.250000 0.250000 0.250000 
 211
0.479817 0.009734 0.046210 
0.462778 0.980111 0.462022 
0.057405 0.010155 0.491768 
0.914094 0.041058 0.022424 0.022424 
0.250000 0.250000 0.250000 0.250000 
 212
0.479817 0.009734 0.046210 
0.462778 0.980111 0.462022 
0.057405 0.010155 0.491768 
0.022424 0.022424 0.038063 0.917090 
0.250000 0.250000 0.250000 0.250000 
 213
0.479817 0.009734 0.046210 
0.462778 0.980111 0.462022 
0.057405 0.010155 0.491768 
0.868989 0.022424 0.086164 0.022424 
0.250000 0.250000 0.250000 0.250000 
 214
0.479817 0.009734 0.046210 
0.462778 0.980111 0.462022 
0.057405 0.010155 0.491768 
0.022424 0.932729 0.022424 0.022424 
0.250000 0.250000 0.250000 0.250000 
 215
0.479817 0.009734 0.046210 
0.462778 0.980111 0.462022 
0.057405 0.010155 0.491768 
0.932729 0.022424 0.022424 0.022424 
0.250000 0.250000 0.250000 0.250000 
 216
0.479817 0.009734 0.046210 
0.462778 0.980111 0.462022 
0.057405 0.010155 0.491768 
0.767833 0.187320 0.022424 0.022424 
0.250000 0.250000 0.250000 0.250000 
 217
0.479817 0.009734 0.046210 
0.462778 0.980111 0.462022 
0.057405 0.010155 0.491768 
0.932729 0.022424 0.022424 0.022424 
0.250000 0.250000 0.250000 0.250000 
 218
0.479817 0.009734 0.046210 
0.462778 0.980111 0.462022 
0.057405 0.010155 0.491768 
0.039432 0.915720 0.022424 0.022424 
0.250000 0.250000 0.250000 0.250000 
 219
0.479817 0.009734 0.046210 
0.462778 0.980111 0.462022 
0.057405 0.010155 0.491768 
0.503975 0.451178 0.022424 0.022424 
0.250000 0.250000 0.250000 0.250000 
 220
0.479817 0.009734 0.046210 
0.462778 0.980111 0.462022 
0.057405 0.010155 0.491768 
0.022424 0.932729 0.022424 0.022424 
0.250000 0.250000 0.250000 0.250000 
 221
0.479817 0.009734 0.046210 
0.462778 0.980111 0.462022 
0.057405 0.010155 0.491768 
0.915419 0.039734 0.022424 0.022424 
0.250000 0.250000 0.250000 0.250000 
 222
0.479817 0.009734 0.046210 
0.462778 0.980111 0.462022 
0.057405 0.010155 0.491768 
0.326717 0.618550 0.032310 0.022424 
0.250000 0.250000 0.250000 0.250000 
 223
0.479817 0.009734 0.046210 
0.462778 0.980111 0.462022 
0.057405 0.010155 0.491768 
0.022424 0.022424 0.031815 0.923338 
0.250000 0.250000 0.250000 0.250000 
 224
0.479817 0.009734 0.046210 
0.462778 0.980111 0.462022 
0.057405 0.010155 0.491768 
0.022424 0.022424 0.471456 0.483696 
0.250000 0.250000 0.250000 0.250000 
 225
0.479817 0.009734 0.046210 
0.462778 0.980111 0.462022 
0.057405 0.010155 0.491768 
0.616122 0.339031 0.022424 0.022424 
0.250000 0.250000 0.250000 0.250000 
 226
0.479817 0.009734 0.046210 
0.462778 0.980111 0.462022 
0.057405 0.010155 0.491768 
0.341349 0.055944 0.580284 0.022424 
0.250000 0.250000 0.250000 0.250000 
 227
0.479817 0.009734 0.046210 
0.462778 0.980111 0.462022 
0.057405 0.010155 0.491768 
0.544251 0.102205 0.282509 0.071035 
0.250000 0.250000 0.250000 0.250000 
 228
0.479817 0.009734 0.046210 
0.462778 0.980111 0.462022 
0.057405 0.010155 0.491768 
0.022424 0.022424 0.272186 0.682967 
0.250000 0.250000 0.250000 0.250000 
 229
0.479817 0.009734 0.046210 
0.462778 0.980111 0.462022 
0.057405 0.010155 0.491768 
0.031076 0.022424 0.924076 0.022424 
0.250000 0.250000 0.250000 0.250000 
 230
0.479817 0.009734 0.046210 
0.462778 0.980111 0.462022 
0.057405 0.010155 0.491768 
0.921846 0.033307 0.022424 0.022424 
0.250000 0.250000 0.250000 0.250000 
 231
0.479817 0.009734 0.046210 
0.462778 0.980111 0.462022 
0.057405 0.010155 0.491768 
0.606659 0.039797 0.193022 0.160522 
0.250000 0.250000 0.250000 0.250000 
 232
0.479817 0.009734 0.046210 
0.462778 0.980111 0.462022 
0.057405 0.010155 0.491768 
0.055944 0.899209 0.022424 0.022424 
0.250000 0.250000 0.250000 0.250000 
 233
0.479817 0.009734 0.046210 
0.462778 0.980111 0.462022 
0.057405 0.010155 0.491768 
0.923424 0.031728 0.022424 0.022424 
0.250000 0.250000 0.250000 0.250000 
 234
0.479817 0.009734 0.046210 
0.462778 0.980111 0.462022 
0.057405 0.010155 0.491768 
0.915720 0.039432 0.022424 0.022424 
0.250000 0.250000 0.250000 0.250000 
 235
0.479817 0.009734 0.046210 
0.462778 0.980111 0.462022 
0.057405 0.010155 0.491768 
0.046320 0.022424 0.841143 0.090113 
0.250000 0.250000 0.250000 0.250000 
 236
