%  SAM: /scicomp/home/vfn4/Tools/LABEL_RES/scripts/modelfromalign v3.5 (July 15, 2005) compiled 12/08/06_16:15:55
%  (c) 1992-2001 Regents of the University of California, Santa Cruz
%
%          Sequence Alignment and Modeling Software System
%         http://www.cse.ucsc.edu/research/compbio/sam.html
%
% ----------------- Citations (SAM, SAM-T2K, HMMs) --------------------
% R. Hughey, A. Krogh, Hidden Markov models for sequence analysis:
%  Extension and analysis of the basic method, CABIOS 12:95-107, 1996.
% K. Karplus, et al., What is the value added by human intervention in protein
%  structure prediction, Proteins: Stucture, Function, Genetics 45(S5):86--91, 2001.
% A. Krogh et al., Hidden Markov models in computational biology:
%  Applications to protein modeling, JMB 235:1501-1531, Feb 1994.
% ---------------------------------------------------------------------
%  A_NA_N9_hmm   Host: login.aspen.biotech.cdc.gov    Mon Aug 25 12:25:07 2014
%  vfn4          Dir:  /scicomp/home/vfn4/IRMA/train3/NA
% ---------------------------------------------------------------------
%  Alignment weights from internal calc.  Total (19.95) Max (0.30) Min (0.04)
%  Weights from alignment method 1 (karplus), b=-1.000000, e=0.500000
MODEL --  Model from alignment file /scicomp/home/vfn4/Tools/LABEL_RES/training_data/irmaNA/A_NA_N9.fasta
alphabet DNA
FREQAVE
0.000000 0.000000 0.000000 
0.000000 0.000000 0.000000 
0.000000 0.000000 0.000000 
0.342418 0.229145 0.208702 0.219735 
0.342418 0.229145 0.208702 0.219735 
Begin
0.000000 0.000000 0.000000 
0.000000 0.000000 0.000000 
0.000000 0.007390 0.491768 
0.250000 0.250000 0.250000 0.250000 
0.250000 0.250000 0.250000 0.250000 
   1
0.000000 0.077309 0.046210 
0.000000 0.915301 0.462022 
0.034945 0.007948 0.491768 
0.959289 0.013570 0.013570 0.013570 
0.250000 0.250000 0.250000 0.250000 
   2
0.683338 0.007618 0.046210 
0.281716 0.984434 0.462022 
0.034945 0.007948 0.491768 
0.013570 0.013570 0.013570 0.959289 
0.250000 0.250000 0.250000 0.250000 
   3
0.676176 0.007618 0.046210 
0.288879 0.984434 0.462022 
0.035198 0.007937 0.491768 
0.013536 0.959391 0.013536 0.013536 
0.250000 0.250000 0.250000 0.250000 
   4
0.681054 0.007608 0.046210 
0.283749 0.984455 0.462022 
0.035198 0.007937 0.491768 
0.959391 0.013536 0.013536 0.013536 
0.250000 0.250000 0.250000 0.250000 
   5
0.668181 0.007608 0.046210 
0.296621 0.984455 0.462022 
0.035657 0.007917 0.491768 
0.959571 0.013476 0.013476 0.013476 
0.250000 0.250000 0.250000 0.250000 
   6
0.676895 0.007589 0.046210 
0.287449 0.984494 0.462022 
0.035657 0.007917 0.491768 
0.013476 0.013476 0.013476 0.959571 
0.250000 0.250000 0.250000 0.250000 
   7
0.676895 0.007589 0.046210 
0.287449 0.984494 0.462022 
0.035657 0.007917 0.491768 
0.013476 0.013476 0.959571 0.013476 
0.250000 0.250000 0.250000 0.250000 
   8
0.676895 0.007589 0.046210 
0.287449 0.984494 0.462022 
0.035657 0.007917 0.491768 
0.013476 0.013476 0.959571 0.013476 
0.250000 0.250000 0.250000 0.250000 
   9
0.668525 0.007589 0.046210 
0.295818 0.984494 0.462022 
0.035957 0.007905 0.491768 
0.956871 0.016253 0.013438 0.013438 
0.250000 0.250000 0.250000 0.250000 
  10
0.597512 0.007577 0.046210 
0.366531 0.984518 0.462022 
0.038943 0.007793 0.491768 
0.960703 0.013099 0.013099 0.013099 
0.250000 0.250000 0.250000 0.250000 
  11
0.647117 0.007470 0.046210 
0.313940 0.984736 0.462022 
0.038943 0.007793 0.491768 
0.957928 0.015874 0.013099 0.013099 
0.250000 0.250000 0.250000 0.250000 
  12
0.647117 0.007470 0.046210 
0.313940 0.984736 0.462022 
0.038943 0.007793 0.491768 
0.013099 0.013099 0.013099 0.960703 
0.250000 0.250000 0.250000 0.250000 
  13
0.639828 0.007470 0.046210 
0.321229 0.984736 0.462022 
0.039229 0.007784 0.491768 
0.013070 0.013070 0.960790 0.013070 
0.250000 0.250000 0.250000 0.250000 
  14
0.644526 0.007461 0.046210 
0.316245 0.984755 0.462022 
0.039229 0.007784 0.491768 
0.960790 0.013070 0.013070 0.013070 
0.250000 0.250000 0.250000 0.250000 
  15
0.634297 0.007461 0.046210 
0.326474 0.984755 0.462022 
0.039634 0.007770 0.491768 
0.019910 0.954030 0.013030 0.013030 
0.250000 0.250000 0.250000 0.250000 
  16
0.606268 0.007448 0.046210 
0.354098 0.984782 0.462022 
0.041054 0.007726 0.491768 
0.961307 0.012898 0.012898 0.012898 
0.250000 0.250000 0.250000 0.250000 
  17
0.627986 0.007406 0.046210 
0.330960 0.984869 0.462022 
0.041054 0.007726 0.491768 
0.957570 0.016635 0.012898 0.012898 
0.250000 0.250000 0.250000 0.250000 
  18
0.627986 0.007406 0.046210 
0.330960 0.984869 0.462022 
0.041054 0.007726 0.491768 
0.012898 0.961307 0.012898 0.012898 
0.250000 0.250000 0.250000 0.250000 
  19
0.627986 0.007406 0.046210 
0.330960 0.984869 0.462022 
0.041054 0.007726 0.491768 
0.961307 0.012898 0.012898 0.012898 
0.250000 0.250000 0.250000 0.250000 
  20
0.612840 0.007406 0.046210 
0.346106 0.984869 0.462022 
0.041685 0.007707 0.491768 
0.012842 0.012842 0.012842 0.961473 
0.250000 0.250000 0.250000 0.250000 
  21
0.622265 0.007388 0.046210 
0.336050 0.984905 0.462022 
0.041685 0.007707 0.491768 
0.012842 0.012842 0.016174 0.958142 
0.250000 0.250000 0.250000 0.250000 
  22
0.612688 0.007388 0.046210 
0.345627 0.984905 0.462022 
0.042088 0.007696 0.491768 
0.012808 0.012808 0.956784 0.017600 
0.250000 0.250000 0.250000 0.250000 
  23
0.611518 0.007377 0.046210 
0.346394 0.984928 0.462022 
0.042389 0.007687 0.491768 
0.016238 0.012783 0.012783 0.958195 
0.250000 0.250000 0.250000 0.250000 
  24
0.573187 0.007369 0.046210 
0.384424 0.984944 0.462022 
0.044280 0.007637 0.491768 
0.962091 0.012636 0.012636 0.012636 
0.250000 0.250000 0.250000 0.250000 
  25
0.580624 0.007320 0.046210 
0.375096 0.985043 0.462022 
0.045097 0.007617 0.491768 
0.012578 0.012578 0.012578 0.962267 
0.250000 0.250000 0.250000 0.250000 
  26
0.591345 0.007301 0.046210 
0.363557 0.985082 0.462022 
0.045097 0.007617 0.491768 
0.012578 0.956656 0.012578 0.018189 
0.250000 0.250000 0.250000 0.250000 
  27
0.583730 0.007301 0.046210 
0.371173 0.985082 0.462022 
0.045443 0.007608 0.491768 
0.012554 0.012554 0.955149 0.019744 
0.250000 0.250000 0.250000 0.250000 
  28
0.588209 0.007293 0.046210 
0.366347 0.985098 0.462022 
0.045443 0.007608 0.491768 
0.941686 0.033207 0.012554 0.012554 
0.250000 0.250000 0.250000 0.250000 
  29
0.588209 0.007293 0.046210 
0.366347 0.985098 0.462022 
0.045443 0.007608 0.491768 
0.012579 0.012579 0.962262 0.012579 
0.250000 0.250000 0.250000 0.250000 
  30
0.588209 0.007293 0.046210 
0.366347 0.985098 0.462022 
0.045443 0.007608 0.491768 
0.074016 0.012554 0.039228 0.874202 
0.250000 0.250000 0.250000 0.250000 
  31
0.570949 0.007293 0.046210 
0.383608 0.985098 0.462022 
0.046242 0.007590 0.491768 
0.012500 0.012500 0.012500 0.962501 
0.250000 0.250000 0.250000 0.250000 
  32
0.580977 0.007275 0.046210 
0.372782 0.985135 0.462022 
0.046242 0.007590 0.491768 
0.012500 0.012500 0.962501 0.012500 
0.250000 0.250000 0.250000 0.250000 
  33
0.572754 0.007275 0.046210 
0.381004 0.985135 0.462022 
0.046625 0.007581 0.491768 
0.328033 0.012475 0.012475 0.647017 
0.250000 0.250000 0.250000 0.250000 
  34
0.577503 0.007267 0.046210 
0.375872 0.985152 0.462022 
0.046625 0.007581 0.491768 
0.017281 0.957769 0.012475 0.012475 
0.250000 0.250000 0.250000 0.250000 
  35
0.577503 0.007267 0.046210 
0.375872 0.985152 0.462022 
0.046625 0.007581 0.491768 
0.012475 0.012475 0.962576 0.012475 
0.250000 0.250000 0.250000 0.250000 
  36
0.577503 0.007267 0.046210 
0.375872 0.985152 0.462022 
0.046625 0.007581 0.491768 
0.012475 0.012475 0.945630 0.029420 
0.250000 0.250000 0.250000 0.250000 
  37
0.577503 0.008953 0.046210 
0.375872 0.983466 0.462022 
0.046062 0.007594 0.491768 
0.955183 0.019794 0.012512 0.012512 
0.250000 0.250000 0.250000 0.250000 
  38
0.528544 0.007279 0.046210 
0.425394 0.985127 0.462022 
0.048695 0.007537 0.491768 
0.012348 0.012348 0.945161 0.030144 
0.250000 0.250000 0.250000 0.250000 
  39
0.550547 0.007225 0.046210 
0.400759 0.985239 0.462022 
0.049097 0.007529 0.491768 
0.015250 0.019657 0.034317 0.930776 
0.250000 0.250000 0.250000 0.250000 
  40
0.555100 0.007217 0.046210 
0.395803 0.985254 0.462022 
0.049097 0.007529 0.491768 
0.012325 0.963026 0.012325 0.012325 
0.250000 0.250000 0.250000 0.250000 
  41
0.555100 0.007217 0.046210 
0.395803 0.985254 0.462022 
0.049097 0.007529 0.491768 
0.012325 0.012325 0.963026 0.012325 
0.250000 0.250000 0.250000 0.250000 
  42
0.555100 0.007217 0.046210 
0.395803 0.985254 0.462022 
0.049097 0.007529 0.491768 
0.012325 0.012325 0.081421 0.893929 
0.250000 0.250000 0.250000 0.250000 
  43
0.555100 0.007217 0.046210 
0.395803 0.985254 0.462022 
0.049097 0.007529 0.491768 
0.953146 0.012325 0.022205 0.012325 
0.250000 0.250000 0.250000 0.250000 
  44
0.555100 0.007217 0.046210 
0.395803 0.985254 0.462022 
0.049097 0.007529 0.491768 
0.012325 0.012325 0.012325 0.963026 
0.250000 0.250000 0.250000 0.250000 
  45
0.555100 0.007217 0.046210 
0.395803 0.985254 0.462022 
0.049097 0.007529 0.491768 
0.012325 0.012325 0.445484 0.529867 
0.250000 0.250000 0.250000 0.250000 
  46
0.555100 0.007217 0.046210 
0.395803 0.985254 0.462022 
0.049097 0.007529 0.491768 
0.194789 0.780562 0.012325 0.012325 
0.250000 0.250000 0.250000 0.250000 
  47
0.555100 0.007217 0.046210 
0.395803 0.985254 0.462022 
0.049097 0.007529 0.491768 
0.012353 0.012353 0.090831 0.884463 
0.250000 0.250000 0.250000 0.250000 
  48
0.555100 0.007217 0.046210 
0.395803 0.985254 0.462022 
0.049097 0.007529 0.491768 
0.908133 0.067217 0.012325 0.012325 
0.250000 0.250000 0.250000 0.250000 
  49
0.555100 0.007217 0.046210 
0.395803 0.985254 0.462022 
0.049097 0.007529 0.491768 
0.963026 0.012325 0.012325 0.012325 
0.250000 0.250000 0.250000 0.250000 
  50
0.555100 0.007217 0.046210 
0.395803 0.985254 0.462022 
0.049097 0.007529 0.491768 
0.012325 0.012325 0.018434 0.956916 
0.250000 0.250000 0.250000 0.250000 
  51
0.546358 0.007217 0.046210 
0.404544 0.985254 0.462022 
0.049530 0.007520 0.491768 
0.963099 0.012300 0.012300 0.012300 
0.250000 0.250000 0.250000 0.250000 
  52
0.551176 0.007209 0.046210 
0.399293 0.985271 0.462022 
0.049530 0.007520 0.491768 
0.025446 0.930088 0.012300 0.032165 
0.250000 0.250000 0.250000 0.250000 
  53
0.551176 0.007209 0.046210 
0.399293 0.985271 0.462022 
0.049530 0.007520 0.491768 
0.012300 0.963099 0.012300 0.012300 
0.250000 0.250000 0.250000 0.250000 
  54
0.551176 0.007209 0.046210 
0.399293 0.985271 0.462022 
0.049530 0.007520 0.491768 
0.012300 0.012300 0.963099 0.012300 
0.250000 0.250000 0.250000 0.250000 
  55
0.551176 0.007209 0.046210 
0.399293 0.985271 0.462022 
0.049530 0.007520 0.491768 
0.796239 0.179161 0.012300 0.012300 
0.250000 0.250000 0.250000 0.250000 
  56
0.551176 0.007209 0.046210 
0.399293 0.985271 0.462022 
0.049530 0.007520 0.491768 
0.012300 0.012300 0.770427 0.204972 
0.250000 0.250000 0.250000 0.250000 
  57
0.551176 0.007209 0.046210 
0.399293 0.985271 0.462022 
0.049530 0.007520 0.491768 
0.669744 0.300138 0.015618 0.014500 
0.250000 0.250000 0.250000 0.250000 
  58
0.551176 0.007209 0.046210 
0.399293 0.985271 0.462022 
0.049530 0.007520 0.491768 
0.963099 0.012300 0.012300 0.012300 
0.250000 0.250000 0.250000 0.250000 
  59
0.551176 0.007209 0.046210 
0.399293 0.985271 0.462022 
0.049530 0.007520 0.491768 
0.012300 0.012300 0.031157 0.944242 
0.250000 0.250000 0.250000 0.250000 
  60
0.551176 0.007209 0.046210 
0.399293 0.985271 0.462022 
0.049530 0.007520 0.491768 
0.030347 0.012300 0.228807 0.728545 
0.250000 0.250000 0.250000 0.250000 
  61
0.551176 0.007209 0.046210 
0.399293 0.985271 0.462022 
0.049530 0.007520 0.491768 
0.012300 0.943234 0.032165 0.012300 
0.250000 0.250000 0.250000 0.250000 
  62
0.551176 0.007209 0.046210 
0.399293 0.985271 0.462022 
0.049530 0.007520 0.491768 
0.012300 0.012300 0.963099 0.012300 
0.250000 0.250000 0.250000 0.250000 
  63
0.542377 0.007209 0.046210 
0.408092 0.985271 0.462022 
0.049970 0.007512 0.491768 
0.890882 0.012276 0.026828 0.070014 
0.250000 0.250000 0.250000 0.250000 
  64
0.547192 0.007200 0.046210 
0.402838 0.985288 0.462022 
0.049970 0.007512 0.491768 
0.059331 0.916117 0.012276 0.012276 
0.250000 0.250000 0.250000 0.250000 
  65
0.547192 0.007200 0.046210 
0.402838 0.985288 0.462022 
0.049970 0.007512 0.491768 
0.012276 0.014800 0.035592 0.937332 
0.250000 0.250000 0.250000 0.250000 
  66
0.547192 0.007200 0.046210 
0.402838 0.985288 0.462022 
0.049970 0.007512 0.491768 
0.944630 0.030818 0.012276 0.012276 
0.250000 0.250000 0.250000 0.250000 
  67
0.547192 0.007200 0.046210 
0.402838 0.985288 0.462022 
0.049970 0.007512 0.491768 
0.012276 0.012276 0.905434 0.070014 
0.250000 0.250000 0.250000 0.250000 
  68
0.547192 0.007200 0.046210 
0.402838 0.985288 0.462022 
0.049970 0.007512 0.491768 
0.012276 0.012276 0.012276 0.963172 
0.250000 0.250000 0.250000 0.250000 
  69
0.547192 0.007200 0.046210 
0.402838 0.985288 0.462022 
0.049970 0.007512 0.491768 
0.355931 0.032696 0.596326 0.015047 
0.250000 0.250000 0.250000 0.250000 
  70
0.547192 0.007200 0.046210 
0.402838 0.985288 0.462022 
0.049970 0.007512 0.491768 
0.960136 0.015311 0.012276 0.012276 
0.250000 0.250000 0.250000 0.250000 
  71
0.547192 0.007200 0.046210 
0.402838 0.985288 0.462022 
0.049970 0.007512 0.491768 
0.012276 0.012276 0.012276 0.963172 
0.250000 0.250000 0.250000 0.250000 
  72
0.547192 0.007200 0.046210 
0.402838 0.985288 0.462022 
0.049970 0.007512 0.491768 
0.849802 0.012276 0.012276 0.125646 
0.250000 0.250000 0.250000 0.250000 
  73
0.547192 0.007200 0.046210 
0.402838 0.985288 0.462022 
0.049970 0.007512 0.491768 
0.012276 0.963172 0.012276 0.012276 
0.250000 0.250000 0.250000 0.250000 
  74
0.547192 0.007200 0.046210 
0.402838 0.985288 0.462022 
0.049970 0.007512 0.491768 
0.012276 0.963172 0.012276 0.012276 
0.250000 0.250000 0.250000 0.250000 
  75
0.547192 0.007200 0.046210 
0.402838 0.985288 0.462022 
0.049970 0.007512 0.491768 
0.903965 0.047651 0.012276 0.036107 
0.250000 0.250000 0.250000 0.250000 
  76
0.547192 0.007200 0.046210 
0.402838 0.985288 0.462022 
0.049970 0.007512 0.491768 
0.923121 0.052327 0.012276 0.012276 
0.250000 0.250000 0.250000 0.250000 
  77
0.526278 0.007200 0.046210 
0.423752 0.985288 0.462022 
0.051037 0.007492 0.491768 
0.012219 0.012219 0.019114 0.956447 
0.250000 0.250000 0.250000 0.250000 
  78
0.537520 0.007181 0.046210 
0.411443 0.985327 0.462022 
0.051037 0.007492 0.491768 
0.949537 0.026024 0.012219 0.012219 
0.250000 0.250000 0.250000 0.250000 
  79
0.537520 0.007181 0.046210 
0.411443 0.985327 0.462022 
0.051037 0.007492 0.491768 
0.043075 0.932486 0.012219 0.012219 
0.250000 0.250000 0.250000 0.250000 
  80
0.513930 0.007181 0.046210 
0.435033 0.985327 0.462022 
0.052270 0.007470 0.491768 
0.012157 0.012157 0.931115 0.044570 
0.250000 0.250000 0.250000 0.250000 
  81
0.526346 0.007160 0.046210 
0.421383 0.985370 0.462022 
0.052270 0.007470 0.491768 
0.523701 0.448698 0.015443 0.012157 
0.250000 0.250000 0.250000 0.250000 
  82
0.526346 0.007160 0.046210 
0.421383 0.985370 0.462022 
0.052270 0.007470 0.491768 
0.963528 0.012157 0.012157 0.012157 
0.250000 0.250000 0.250000 0.250000 
  83
0.526346 0.007160 0.046210 
0.421383 0.985370 0.462022 
0.052270 0.007470 0.491768 
0.963528 0.012157 0.012157 0.012157 
0.250000 0.250000 0.250000 0.250000 
  84
0.526346 0.007160 0.046210 
0.421383 0.985370 0.462022 
0.052270 0.007470 0.491768 
0.012157 0.012157 0.761501 0.214184 
0.250000 0.250000 0.250000 0.250000 
  85
0.526346 0.007160 0.046210 
0.421383 0.985370 0.462022 
0.052270 0.007470 0.491768 
0.012157 0.012157 0.516959 0.458727 
0.250000 0.250000 0.250000 0.250000 
  86
0.516458 0.007160 0.046210 
0.431272 0.985370 0.462022 
0.052792 0.007461 0.491768 
0.012132 0.012132 0.012132 0.963603 
0.250000 0.250000 0.250000 0.250000 
  87
0.521616 0.007152 0.046210 
0.425592 0.985388 0.462022 
0.052792 0.007461 0.491768 
0.900453 0.075283 0.012132 0.012132 
0.250000 0.250000 0.250000 0.250000 
  88
0.501420 0.007152 0.046210 
0.445788 0.985388 0.462022 
0.053881 0.007443 0.491768 
0.012082 0.963755 0.012082 0.012082 
0.250000 0.250000 0.250000 0.250000 
  89
0.502450 0.007134 0.046210 
0.443669 0.985423 0.462022 
0.054387 0.007435 0.491768 
0.012059 0.963823 0.012059 0.012059 
0.250000 0.250000 0.250000 0.250000 
  90
0.507169 0.007127 0.046210 
0.438444 0.985439 0.462022 
0.054387 0.007435 0.491768 
0.499832 0.434324 0.012059 0.053784 
0.250000 0.250000 0.250000 0.250000 
  91
0.507169 0.007127 0.046210 
0.438444 0.985439 0.462022 
0.054387 0.007435 0.491768 
0.012059 0.012059 0.071616 0.904266 
0.250000 0.250000 0.250000 0.250000 
  92
0.507169 0.007127 0.046210 
0.438444 0.985439 0.462022 
0.054387 0.007435 0.491768 
0.012059 0.012059 0.012059 0.963823 
0.250000 0.250000 0.250000 0.250000 
  93
0.507169 0.007127 0.046210 
0.438444 0.985439 0.462022 
0.054387 0.007435 0.491768 
0.054687 0.921195 0.012059 0.012059 
0.250000 0.250000 0.250000 0.250000 
  94
0.497359 0.007127 0.046210 
0.448255 0.985439 0.462022 
0.054926 0.007426 0.491768 
0.963894 0.012035 0.012035 0.012035 
0.250000 0.250000 0.250000 0.250000 
  95
0.502286 0.007118 0.046210 
0.442788 0.985455 0.462022 
0.054926 0.007426 0.491768 
0.963894 0.012035 0.012035 0.012035 
0.250000 0.250000 0.250000 0.250000 
  96
0.502286 0.007118 0.046210 
0.442788 0.985455 0.462022 
0.054926 0.007426 0.491768 
0.012035 0.012035 0.603384 0.372546 
0.250000 0.250000 0.250000 0.250000 
  97
0.502286 0.007118 0.046210 
0.442788 0.985455 0.462022 
0.054926 0.007426 0.491768 
0.957345 0.018585 0.012035 0.012035 
0.250000 0.250000 0.250000 0.250000 
  98
0.502286 0.007118 0.046210 
0.442788 0.985455 0.462022 
0.054926 0.007426 0.491768 
0.012035 0.012035 0.012035 0.963894 
0.250000 0.250000 0.250000 0.250000 
  99
0.502286 0.007118 0.046210 
0.442788 0.985455 0.462022 
0.054926 0.007426 0.491768 
0.963894 0.012035 0.012035 0.012035 
0.250000 0.250000 0.250000 0.250000 
 100
0.502286 0.007118 0.046210 
0.442788 0.985455 0.462022 
0.054926 0.007426 0.491768 
0.012035 0.963894 0.012035 0.012035 
0.250000 0.250000 0.250000 0.250000 
 101
0.502286 0.007118 0.046210 
0.442788 0.985455 0.462022 
0.054926 0.007426 0.491768 
0.012035 0.963894 0.012035 0.012035 
0.250000 0.250000 0.250000 0.250000 
 102
0.502286 0.007118 0.046210 
0.442788 0.985455 0.462022 
0.054926 0.007426 0.491768 
0.926850 0.034814 0.026301 0.012035 
0.250000 0.250000 0.250000 0.250000 
 103
0.502286 0.007118 0.046210 
0.442788 0.985455 0.462022 
0.054926 0.007426 0.491768 
0.014228 0.012035 0.935664 0.038072 
0.250000 0.250000 0.250000 0.250000 
 104
0.502286 0.007118 0.046210 
0.442788 0.985455 0.462022 
0.054926 0.007426 0.491768 
0.012035 0.012035 0.012035 0.963894 
0.250000 0.250000 0.250000 0.250000 
 105
0.502286 0.007118 0.046210 
0.442788 0.985455 0.462022 
0.054926 0.007426 0.491768 
0.650101 0.320927 0.012035 0.016937 
0.250000 0.250000 0.250000 0.250000 
 106
0.502286 0.007118 0.046210 
0.442788 0.985455 0.462022 
0.054926 0.007426 0.491768 
0.012035 0.012035 0.963894 0.012035 
0.250000 0.250000 0.250000 0.250000 
 107
0.502286 0.007118 0.046210 
0.442788 0.985455 0.462022 
0.054926 0.007426 0.491768 
0.963894 0.012035 0.012035 0.012035 
0.250000 0.250000 0.250000 0.250000 
 108
0.502286 0.007118 0.046210 
0.442788 0.985455 0.462022 
0.054926 0.007426 0.491768 
0.012035 0.012035 0.120801 0.855129 
0.250000 0.250000 0.250000 0.250000 
 109
0.502286 0.007118 0.046210 
0.442788 0.985455 0.462022 
0.054926 0.007426 0.491768 
0.012035 0.012035 0.957159 0.018771 
0.250000 0.250000 0.250000 0.250000 
 110
0.502286 0.007118 0.046210 
0.442788 0.985455 0.462022 
0.054926 0.007426 0.491768 
0.012035 0.012035 0.012035 0.963894 
0.250000 0.250000 0.250000 0.250000 
 111
0.502286 0.007118 0.046210 
0.442788 0.985455 0.462022 
0.054926 0.007426 0.491768 
0.358866 0.614624 0.012035 0.014475 
0.250000 0.250000 0.250000 0.250000 
 112
0.502286 0.007118 0.046210 
0.442788 0.985455 0.462022 
0.054926 0.007426 0.491768 
0.963894 0.012035 0.012035 0.012035 
0.250000 0.250000 0.250000 0.250000 
 113
0.502286 0.007118 0.046210 
0.442788 0.985455 0.462022 
0.054926 0.007426 0.491768 
0.920694 0.055236 0.012035 0.012035 
0.250000 0.250000 0.250000 0.250000 
 114
0.502286 0.007118 0.046210 
0.442788 0.985455 0.462022 
0.054926 0.007426 0.491768 
0.944195 0.031734 0.012035 0.012035 
0.250000 0.250000 0.250000 0.250000 
 115
0.502286 0.007118 0.046210 
0.442788 0.985455 0.462022 
0.054926 0.007426 0.491768 
0.012035 0.012035 0.955281 0.020649 
0.250000 0.250000 0.250000 0.250000 
 116
0.502286 0.007118 0.046210 
0.442788 0.985455 0.462022 
0.054926 0.007426 0.491768 
0.012035 0.012035 0.963894 0.012035 
0.250000 0.250000 0.250000 0.250000 
 117
0.502286 0.007118 0.046210 
0.442788 0.985455 0.462022 
0.054926 0.007426 0.491768 
0.432472 0.538366 0.012035 0.017126 
0.250000 0.250000 0.250000 0.250000 
 118
0.491790 0.007118 0.046210 
0.453285 0.985455 0.462022 
0.055508 0.007417 0.491768 
0.836410 0.139570 0.012010 0.012010 
0.250000 0.250000 0.250000 0.250000 
 119
0.497007 0.007110 0.046210 
0.447485 0.985473 0.462022 
0.055508 0.007417 0.491768 
0.492667 0.481070 0.012010 0.014252 
0.250000 0.250000 0.250000 0.250000 
 120
0.497007 0.007110 0.046210 
0.447485 0.985473 0.462022 
0.055508 0.007417 0.491768 
0.012010 0.012010 0.848888 0.127092 
0.250000 0.250000 0.250000 0.250000 
 121
0.486334 0.007110 0.046210 
0.458158 0.985473 0.462022 
0.056107 0.007408 0.491768 
0.011985 0.011985 0.011985 0.964044 
0.250000 0.250000 0.250000 0.250000 
 122
0.491580 0.007101 0.046210 
0.452313 0.985490 0.462022 
0.056107 0.007408 0.491768 
0.011985 0.964044 0.011985 0.011985 
0.250000 0.250000 0.250000 0.250000 
 123
0.491580 0.007101 0.046210 
0.452313 0.985490 0.462022 
0.056107 0.007408 0.491768 
0.011985 0.011985 0.906630 0.069399 
0.250000 0.250000 0.250000 0.250000 
 124
0.491580 0.007101 0.046210 
0.452313 0.985490 0.462022 
0.056107 0.007408 0.491768 
0.964044 0.011985 0.011985 0.011985 
0.250000 0.250000 0.250000 0.250000 
 125
0.491580 0.007101 0.046210 
0.452313 0.985490 0.462022 
0.056107 0.007408 0.491768 
0.964044 0.011985 0.011985 0.011985 
0.250000 0.250000 0.250000 0.250000 
 126
0.491580 0.007101 0.046210 
0.452313 0.985490 0.462022 
0.056107 0.007408 0.491768 
0.017067 0.011985 0.561212 0.409735 
0.250000 0.250000 0.250000 0.250000 
 127
0.491580 0.007101 0.046210 
0.452313 0.985490 0.462022 
0.056107 0.007408 0.491768 
0.011985 0.011985 0.011985 0.964044 
0.250000 0.250000 0.250000 0.250000 
 128
0.491580 0.007101 0.046210 
0.452313 0.985490 0.462022 
0.056107 0.007408 0.491768 
0.014155 0.961874 0.011985 0.011985 
0.250000 0.250000 0.250000 0.250000 
 129
0.491580 0.007101 0.046210 
0.452313 0.985490 0.462022 
0.056107 0.007408 0.491768 
0.011985 0.011985 0.964044 0.011985 
0.250000 0.250000 0.250000 0.250000 
 130
0.491580 0.007101 0.046210 
0.452313 0.985490 0.462022 
0.056107 0.007408 0.491768 
0.026185 0.011985 0.011985 0.949845 
0.250000 0.250000 0.250000 0.250000 
 131
0.480966 0.007101 0.046210 
0.462927 0.985490 0.462022 
0.056709 0.007400 0.491768 
0.011961 0.011961 0.964118 0.011961 
0.250000 0.250000 0.250000 0.250000 
 132
0.486126 0.007093 0.046210 
0.457165 0.985508 0.462022 
0.056709 0.007400 0.491768 
0.890924 0.011961 0.057139 0.039976 
0.250000 0.250000 0.250000 0.250000 
 133
0.486126 0.007093 0.046210 
0.457165 0.985508 0.462022 
0.056709 0.007400 0.491768 
0.082393 0.011961 0.893685 0.011961 
0.250000 0.250000 0.250000 0.250000 
 134
0.486126 0.007093 0.046210 
0.457165 0.985508 0.462022 
0.056709 0.007400 0.491768 
0.935668 0.036835 0.015537 0.011961 
0.250000 0.250000 0.250000 0.250000 
 135
0.486126 0.007093 0.046210 
0.457165 0.985508 0.462022 
0.056709 0.007400 0.491768 
0.034205 0.011961 0.881880 0.071954 
0.250000 0.250000 0.250000 0.250000 
 136
0.486126 0.007093 0.046210 
0.457165 0.985508 0.462022 
0.056709 0.007400 0.491768 
0.011961 0.011961 0.099430 0.876648 
0.250000 0.250000 0.250000 0.250000 
 137
0.486126 0.007093 0.046210 
0.457165 0.985508 0.462022 
0.056709 0.007400 0.491768 
0.015206 0.011961 0.953968 0.018865 
0.250000 0.250000 0.250000 0.250000 
 138
0.486126 0.007093 0.046210 
0.457165 0.985508 0.462022 
0.056709 0.007400 0.491768 
0.886220 0.017070 0.034953 0.061758 
0.250000 0.250000 0.250000 0.250000 
 139
0.486126 0.007093 0.046210 
0.457165 0.985508 0.462022 
0.056709 0.007400 0.491768 
0.025332 0.011961 0.950747 0.011961 
0.250000 0.250000 0.250000 0.250000 
 140
0.473998 0.007093 0.046210 
0.469293 0.985508 0.462022 
0.057405 0.007390 0.491768 
0.879266 0.013922 0.088430 0.018382 
0.250000 0.250000 0.250000 0.250000 
 141
0.479817 0.007083 0.046210 
0.462778 0.985527 0.462022 
0.057405 0.007390 0.491768 
0.856128 0.061513 0.022333 0.060027 
0.250000 0.250000 0.250000 0.250000 
 142
0.479817 0.007083 0.046210 
0.462778 0.985527 0.462022 
0.057405 0.007390 0.491768 
0.060073 0.019425 0.843864 0.076638 
0.250000 0.250000 0.250000 0.250000 
 143
0.479817 0.007083 0.046210 
0.462778 0.985527 0.462022 
0.057405 0.007390 0.491768 
0.028821 0.011933 0.928187 0.031058 
0.250000 0.250000 0.250000 0.250000 
 144
0.479817 0.007083 0.046210 
0.462778 0.985527 0.462022 
0.057405 0.007390 0.491768 
0.017172 0.014302 0.101971 0.866556 
0.250000 0.250000 0.250000 0.250000 
 145
0.479817 0.007083 0.046210 
0.462778 0.985527 0.462022 
0.057405 0.007390 0.491768 
0.011933 0.964200 0.011933 0.011933 
0.250000 0.250000 0.250000 0.250000 
 146
0.479817 0.007083 0.046210 
0.462778 0.985527 0.462022 
0.057405 0.007390 0.491768 
0.934833 0.041301 0.011933 0.011933 
0.250000 0.250000 0.250000 0.250000 
 147
0.479817 0.007083 0.046210 
0.462778 0.985527 0.462022 
0.057405 0.007390 0.491768 
0.933226 0.042907 0.011933 0.011933 
0.250000 0.250000 0.250000 0.250000 
 148
0.479817 0.007083 0.046210 
0.462778 0.985527 0.462022 
0.057405 0.007390 0.491768 
0.290499 0.685634 0.011933 0.011933 
0.250000 0.250000 0.250000 0.250000 
 149
0.479817 0.007083 0.046210 
0.462778 0.985527 0.462022 
0.057405 0.007390 0.491768 
0.040373 0.028665 0.916685 0.014277 
0.250000 0.250000 0.250000 0.250000 
 150
0.479817 0.007083 0.046210 
0.462778 0.985527 0.462022 
0.057405 0.007390 0.491768 
0.836098 0.083910 0.068058 0.011933 
0.250000 0.250000 0.250000 0.250000 
 151
0.479817 0.007083 0.046210 
0.462778 0.985527 0.462022 
0.057405 0.007390 0.491768 
0.908584 0.067549 0.011933 0.011933 
0.250000 0.250000 0.250000 0.250000 
 152
0.479817 0.007083 0.046210 
0.462778 0.985527 0.462022 
0.057405 0.007390 0.491768 
0.033805 0.050598 0.879453 0.036144 
0.250000 0.250000 0.250000 0.250000 
 153
0.479817 0.007083 0.046210 
0.462778 0.985527 0.462022 
0.057405 0.007390 0.491768 
0.082203 0.011933 0.880878 0.024985 
0.250000 0.250000 0.250000 0.250000 
 154
0.479817 0.007083 0.046210 
0.462778 0.985527 0.462022 
0.057405 0.007390 0.491768 
0.964200 0.011933 0.011933 0.011933 
0.250000 0.250000 0.250000 0.250000 
 155
0.479817 0.007083 0.046210 
0.462778 0.985527 0.462022 
0.057405 0.007390 0.491768 
0.964200 0.011933 0.011933 0.011933 
0.250000 0.250000 0.250000 0.250000 
 156
0.479817 0.007083 0.046210 
0.462778 0.985527 0.462022 
0.057405 0.007390 0.491768 
0.011933 0.011933 0.232299 0.743834 
0.250000 0.250000 0.250000 0.250000 
 157
0.479817 0.007083 0.046210 
0.462778 0.985527 0.462022 
0.057405 0.007390 0.491768 
0.322148 0.639840 0.011933 0.026078 
0.250000 0.250000 0.250000 0.250000 
 158
0.479817 0.007083 0.046210 
0.462778 0.985527 0.462022 
0.057405 0.007390 0.491768 
0.011933 0.011933 0.898529 0.077605 
0.250000 0.250000 0.250000 0.250000 
 159
0.479817 0.007083 0.046210 
0.462778 0.985527 0.462022 
0.057405 0.007390 0.491768 
0.925148 0.050985 0.011933 0.011933 
0.250000 0.250000 0.250000 0.250000 
 160
0.479817 0.007083 0.046210 
0.462778 0.985527 0.462022 
0.057405 0.007390 0.491768 
0.964200 0.011933 0.011933 0.011933 
0.250000 0.250000 0.250000 0.250000 
 161
0.479817 0.007083 0.046210 
0.462778 0.985527 0.462022 
0.057405 0.007390 0.491768 
0.015169 0.960964 0.011933 0.011933 
0.250000 0.250000 0.250000 0.250000 
 162
0.479817 0.007083 0.046210 
0.462778 0.985527 0.462022 
0.057405 0.007390 0.491768 
0.011933 0.011933 0.939930 0.036204 
0.250000 0.250000 0.250000 0.250000 
 163
0.479817 0.007083 0.046210 
0.462778 0.985527 0.462022 
0.057405 0.007390 0.491768 
0.011933 0.011933 0.964200 0.011933 
0.250000 0.250000 0.250000 0.250000 
 164
0.479817 0.007083 0.046210 
0.462778 0.985527 0.462022 
0.057405 0.007390 0.491768 
0.961428 0.014706 0.011933 0.011933 
0.250000 0.250000 0.250000 0.250000 
 165
0.479817 0.007083 0.046210 
0.462778 0.985527 0.462022 
0.057405 0.007390 0.491768 
0.948921 0.027213 0.011933 0.011933 
0.250000 0.250000 0.250000 0.250000 
 166
0.479817 0.007083 0.046210 
0.462778 0.985527 0.462022 
0.057405 0.007390 0.491768 
0.964200 0.011933 0.011933 0.011933 
0.250000 0.250000 0.250000 0.250000 
 167
0.479817 0.007083 0.046210 
0.462778 0.985527 0.462022 
0.057405 0.007390 0.491768 
0.011933 0.011933 0.960743 0.015391 
0.250000 0.250000 0.250000 0.250000 
 168
0.479817 0.007083 0.046210 
0.462778 0.985527 0.462022 
0.057405 0.007390 0.491768 
0.952418 0.023716 0.011933 0.011933 
0.250000 0.250000 0.250000 0.250000 
 169
0.479817 0.007083 0.046210 
0.462778 0.985527 0.462022 
0.057405 0.007390 0.491768 
0.922383 0.053751 0.011933 0.011933 
0.250000 0.250000 0.250000 0.250000 
 170
0.479817 0.007083 0.046210 
0.462778 0.985527 0.462022 
0.057405 0.007390 0.491768 
0.011933 0.011933 0.011933 0.964200 
0.250000 0.250000 0.250000 0.250000 
 171
0.479817 0.007083 0.046210 
0.462778 0.985527 0.462022 
0.057405 0.007390 0.491768 
0.961621 0.014512 0.011933 0.011933 
0.250000 0.250000 0.250000 0.250000 
 172
0.479817 0.007083 0.046210 
0.462778 0.985527 0.462022 
0.057405 0.007390 0.491768 
0.959614 0.016520 0.011933 0.011933 
0.250000 0.250000 0.250000 0.250000 
 173
0.479817 0.007083 0.046210 
0.462778 0.985527 0.462022 
0.057405 0.007390 0.491768 
0.011933 0.011933 0.011933 0.964200 
0.250000 0.250000 0.250000 0.250000 
 174
0.479817 0.007083 0.046210 
0.462778 0.985527 0.462022 
0.057405 0.007390 0.491768 
0.964200 0.011933 0.011933 0.011933 
0.250000 0.250000 0.250000 0.250000 
 175
0.479817 0.007083 0.046210 
0.462778 0.985527 0.462022 
0.057405 0.007390 0.491768 
0.964200 0.011933 0.011933 0.011933 
0.250000 0.250000 0.250000 0.250000 
 176
0.479817 0.007083 0.046210 
0.462778 0.985527 0.462022 
0.057405 0.007390 0.491768 
0.964200 0.011933 0.011933 0.011933 
0.250000 0.250000 0.250000 0.250000 
 177
0.479817 0.007083 0.046210 
0.462778 0.985527 0.462022 
0.057405 0.007390 0.491768 
0.011933 0.011933 0.942017 0.034116 
0.250000 0.250000 0.250000 0.250000 
 178
0.479817 0.007083 0.046210 
0.462778 0.985527 0.462022 
0.057405 0.007390 0.491768 
0.964200 0.011933 0.011933 0.011933 
0.250000 0.250000 0.250000 0.250000 
 179
0.479817 0.007083 0.046210 
0.462778 0.985527 0.462022 
0.057405 0.007390 0.491768 
0.964200 0.011933 0.011933 0.011933 
0.250000 0.250000 0.250000 0.250000 
 180
0.479817 0.007083 0.046210 
0.462778 0.985527 0.462022 
0.057405 0.007390 0.491768 
0.011933 0.011933 0.908496 0.067638 
0.250000 0.250000 0.250000 0.250000 
 181
0.479817 0.007083 0.046210 
0.462778 0.985527 0.462022 
0.057405 0.007390 0.491768 
0.011933 0.011933 0.011933 0.964200 
0.250000 0.250000 0.250000 0.250000 
 182
0.479817 0.007083 0.046210 
0.462778 0.985527 0.462022 
0.057405 0.007390 0.491768 
0.964200 0.011933 0.011933 0.011933 
0.250000 0.250000 0.250000 0.250000 
 183
0.479817 0.007083 0.046210 
0.462778 0.985527 0.462022 
0.057405 0.007390 0.491768 
0.011933 0.011933 0.629560 0.346574 
0.250000 0.250000 0.250000 0.250000 
 184
0.479817 0.007083 0.046210 
0.462778 0.985527 0.462022 
0.057405 0.007390 0.491768 
0.011933 0.011933 0.025273 0.950860 
0.250000 0.250000 0.250000 0.250000 
 185
0.479817 0.007083 0.046210 
0.462778 0.985527 0.462022 
0.057405 0.007390 0.491768 
0.964200 0.011933 0.011933 0.011933 
0.250000 0.250000 0.250000 0.250000 
 186
0.479817 0.007083 0.046210 
0.462778 0.985527 0.462022 
0.057405 0.007390 0.491768 
0.011933 0.011933 0.089873 0.886261 
0.250000 0.250000 0.250000 0.250000 
 187
0.479817 0.007083 0.046210 
0.462778 0.985527 0.462022 
0.057405 0.007390 0.491768 
0.964200 0.011933 0.011933 0.011933 
0.250000 0.250000 0.250000 0.250000 
 188
0.479817 0.007083 0.046210 
0.462778 0.985527 0.462022 
0.057405 0.007390 0.491768 
0.964200 0.011933 0.011933 0.011933 
0.250000 0.250000 0.250000 0.250000 
 189
0.479817 0.007083 0.046210 
0.462778 0.985527 0.462022 
0.057405 0.007390 0.491768 
0.011933 0.011933 0.287962 0.688171 
0.250000 0.250000 0.250000 0.250000 
 190
0.479817 0.007083 0.046210 
0.462778 0.985527 0.462022 
0.057405 0.007390 0.491768 
0.026147 0.949987 0.011933 0.011933 
0.250000 0.250000 0.250000 0.250000 
 191
0.479817 0.007083 0.046210 
0.462778 0.985527 0.462022 
0.057405 0.007390 0.491768 
0.964200 0.011933 0.011933 0.011933 
0.250000 0.250000 0.250000 0.250000 
 192
0.479817 0.007083 0.046210 
0.462778 0.985527 0.462022 
0.057405 0.007390 0.491768 
0.917638 0.051693 0.018736 0.011933 
0.250000 0.250000 0.250000 0.250000 
 193
0.479817 0.007083 0.046210 
0.462778 0.985527 0.462022 
0.057405 0.007390 0.491768 
0.961154 0.014979 0.011933 0.011933 
0.250000 0.250000 0.250000 0.250000 
 194
0.479817 0.007083 0.046210 
0.462778 0.985527 0.462022 
0.057405 0.007390 0.491768 
0.011933 0.011933 0.961799 0.014335 
0.250000 0.250000 0.250000 0.250000 
 195
0.479817 0.007083 0.046210 
0.462778 0.985527 0.462022 
0.057405 0.007390 0.491768 
0.920489 0.053478 0.014099 0.011933 
0.250000 0.250000 0.250000 0.250000 
 196
0.479817 0.007083 0.046210 
0.462778 0.985527 0.462022 
0.057405 0.007390 0.491768 
0.961807 0.014327 0.011933 0.011933 
0.250000 0.250000 0.250000 0.250000 
 197
0.479817 0.007083 0.046210 
0.462778 0.985527 0.462022 
0.057405 0.007390 0.491768 
0.964200 0.011933 0.011933 0.011933 
0.250000 0.250000 0.250000 0.250000 
 198
0.479817 0.007083 0.046210 
0.462778 0.985527 0.462022 
0.057405 0.007390 0.491768 
0.011933 0.011933 0.765760 0.210374 
0.250000 0.250000 0.250000 0.250000 
 199
0.479817 0.007083 0.046210 
0.462778 0.985527 0.462022 
0.057405 0.007390 0.491768 
0.921416 0.048224 0.018427 0.011933 
0.250000 0.250000 0.250000 0.250000 
 200
0.479817 0.007083 0.046210 
0.462778 0.985527 0.462022 
0.057405 0.007390 0.491768 
0.011958 0.011958 0.011958 0.964125 
0.250000 0.250000 0.250000 0.250000 
 201
0.479817 0.007083 0.046210 
0.462778 0.985527 0.462022 
0.057405 0.007390 0.491768 
0.011933 0.011933 0.858732 0.117402 
0.250000 0.250000 0.250000 0.250000 
 202
0.479817 0.007083 0.046210 
0.462778 0.985527 0.462022 
0.057405 0.007390 0.491768 
0.964200 0.011933 0.011933 0.011933 
0.250000 0.250000 0.250000 0.250000 
 203
0.479817 0.007083 0.046210 
0.462778 0.985527 0.462022 
0.057405 0.007390 0.491768 
0.020093 0.011933 0.956040 0.011933 
0.250000 0.250000 0.250000 0.250000 
 204
0.479817 0.007083 0.046210 
0.462778 0.985527 0.462022 
0.057405 0.007390 0.491768 
0.026728 0.011933 0.916121 0.045217 
0.250000 0.250000 0.250000 0.250000 
 205
0.479817 0.066982 0.046210 
0.462778 0.925628 0.462022 
0.037079 0.007860 0.491768 
0.013302 0.013302 0.960094 0.013302 
0.250000 0.250000 0.250000 0.250000 
 206
0.664007 0.007535 0.046210 
0.298914 0.984605 0.462022 
0.037079 0.007860 0.491768 
0.960094 0.013302 0.013302 0.013302 
0.250000 0.250000 0.250000 0.250000 
 207
0.664007 0.007535 0.046210 
0.298914 0.984605 0.462022 
0.037079 0.007860 0.491768 
0.922479 0.050917 0.013302 0.013302 
0.250000 0.250000 0.250000 0.250000 
 208
0.664007 0.007535 0.046210 
0.298914 0.984605 0.462022 
0.037079 0.007860 0.491768 
0.957545 0.015850 0.013302 0.013302 
0.250000 0.250000 0.250000 0.250000 
 209
0.664007 0.007535 0.046210 
0.298914 0.984605 0.462022 
0.037079 0.007860 0.491768 
0.013302 0.013302 0.013302 0.960094 
0.250000 0.250000 0.250000 0.250000 
 210
0.664007 0.007535 0.046210 
0.298914 0.984605 0.462022 
0.037079 0.007860 0.491768 
0.960094 0.013302 0.013302 0.013302 
0.250000 0.250000 0.250000 0.250000 
 211
0.664007 0.007535 0.046210 
0.298914 0.984605 0.462022 
0.037079 0.007860 0.491768 
0.960094 0.013302 0.013302 0.013302 
0.250000 0.250000 0.250000 0.250000 
 212
0.664007 0.007535 0.046210 
0.298914 0.984605 0.462022 
0.037079 0.007860 0.491768 
0.022255 0.951141 0.013302 0.013302 
0.250000 0.250000 0.250000 0.250000 
 213
0.664007 0.007535 0.046210 
0.298914 0.984605 0.462022 
0.037079 0.007860 0.491768 
0.013302 0.013302 0.274260 0.699136 
0.250000 0.250000 0.250000 0.250000 
 214
0.664007 0.007535 0.046210 
0.298914 0.984605 0.462022 
0.037079 0.007860 0.491768 
0.960094 0.013302 0.013302 0.013302 
0.250000 0.250000 0.250000 0.250000 
 215
0.664007 0.007535 0.046210 
0.298914 0.984605 0.462022 
0.037079 0.007860 0.491768 
0.957223 0.016173 0.013302 0.013302 
0.250000 0.250000 0.250000 0.250000 
 216
0.664007 0.007535 0.046210 
0.298914 0.984605 0.462022 
0.037079 0.007860 0.491768 
0.013302 0.013302 0.438803 0.534592 
0.250000 0.250000 0.250000 0.250000 
 217
0.664007 0.007535 0.046210 
0.298914 0.984605 0.462022 
0.037079 0.007860 0.491768 
0.960094 0.013302 0.013302 0.013302 
0.250000 0.250000 0.250000 0.250000 
 218
0.664007 0.007535 0.046210 
0.298914 0.984605 0.462022 
0.037079 0.007860 0.491768 
0.013302 0.013302 0.957234 0.016162 
0.250000 0.250000 0.250000 0.250000 
 219
0.664007 0.007535 0.046210 
0.298914 0.984605 0.462022 
0.037079 0.007860 0.491768 
0.106212 0.019997 0.855491 0.018300 
0.250000 0.250000 0.250000 0.250000 
 220
0.309920 0.007535 0.046210 
0.653001 0.984605 0.462022 
0.057405 0.007390 0.491768 
0.964200 0.011933 0.011933 0.011933 
0.250000 0.250000 0.250000 0.250000 
 221
0.479817 0.007083 0.046210 
0.462778 0.985527 0.462022 
0.057405 0.007390 0.491768 
0.964200 0.011933 0.011933 0.011933 
0.250000 0.250000 0.250000 0.250000 
 222
0.479817 0.007083 0.046210 
0.462778 0.985527 0.462022 
0.057405 0.007390 0.491768 
0.021522 0.011957 0.941739 0.024782 
0.250000 0.250000 0.250000 0.250000 
 223
0.479817 0.007083 0.046210 
0.462778 0.985527 0.462022 
0.057405 0.007390 0.491768 
0.964200 0.011933 0.011933 0.011933 
0.250000 0.250000 0.250000 0.250000 
 224
0.479817 0.007083 0.046210 
0.462778 0.985527 0.462022 
0.057405 0.007390 0.491768 
0.011933 0.011933 0.016155 0.959979 
0.250000 0.250000 0.250000 0.250000 
 225
0.479817 0.007083 0.046210 
0.462778 0.985527 0.462022 
0.057405 0.007390 0.491768 
0.011933 0.011933 0.894286 0.081848 
0.250000 0.250000 0.250000 0.250000 
 226
0.479817 0.007083 0.046210 
0.462778 0.985527 0.462022 
0.057405 0.007390 0.491768 
0.011933 0.011933 0.964200 0.011933 
0.250000 0.250000 0.250000 0.250000 
 227
0.479817 0.007083 0.046210 
0.462778 0.985527 0.462022 
0.057405 0.007390 0.491768 
0.959153 0.016981 0.011933 0.011933 
0.250000 0.250000 0.250000 0.250000 
 228
0.479817 0.007083 0.046210 
0.462778 0.985527 0.462022 
0.057405 0.007390 0.491768 
0.830167 0.131821 0.026078 0.011933 
0.250000 0.250000 0.250000 0.250000 
 229
0.479817 0.007083 0.046210 
0.462778 0.985527 0.462022 
0.057405 0.007390 0.491768 
0.830416 0.084944 0.069959 0.014680 
0.250000 0.250000 0.250000 0.250000 
 230
0.479817 0.007083 0.046210 
0.462778 0.985527 0.462022 
0.057405 0.007390 0.491768 
0.082203 0.011933 0.011933 0.893930 
0.250000 0.250000 0.250000 0.250000 
 231
0.479817 0.007083 0.046210 
0.462778 0.985527 0.462022 
0.057405 0.007390 0.491768 
0.090283 0.810292 0.026767 0.072658 
0.250000 0.250000 0.250000 0.250000 
 232
0.479817 0.007083 0.046210 
0.462778 0.985527 0.462022 
0.057405 0.007390 0.491768 
0.064802 0.911331 0.011933 0.011933 
0.250000 0.250000 0.250000 0.250000 
 233
0.479817 0.007083 0.046210 
0.462778 0.985527 0.462022 
0.057405 0.007390 0.491768 
0.898342 0.019191 0.014409 0.068058 
0.250000 0.250000 0.250000 0.250000 
 234
0.479817 0.007083 0.046210 
0.462778 0.985527 0.462022 
0.057405 0.007390 0.491768 
0.367299 0.608835 0.011933 0.011933 
0.250000 0.250000 0.250000 0.250000 
 235
0.479817 0.007083 0.046210 
0.462778 0.985527 0.462022 
0.057405 0.007390 0.491768 
0.014721 0.956059 0.011960 0.017260 
0.250000 0.250000 0.250000 0.250000 
 236
