%  SAM: /scicomp/home/vfn4/Tools/LABEL_RES/scripts/modelfromalign v3.5 (July 15, 2005) compiled 12/08/06_16:15:55
%  (c) 1992-2001 Regents of the University of California, Santa Cruz
%
%          Sequence Alignment and Modeling Software System
%         http://www.cse.ucsc.edu/research/compbio/sam.html
%
% ----------------- Citations (SAM, SAM-T2K, HMMs) --------------------
% R. Hughey, A. Krogh, Hidden Markov models for sequence analysis:
%  Extension and analysis of the basic method, CABIOS 12:95-107, 1996.
% K. Karplus, et al., What is the value added by human intervention in protein
%  structure prediction, Proteins: Stucture, Function, Genetics 45(S5):86--91, 2001.
% A. Krogh et al., Hidden Markov models in computational biology:
%  Applications to protein modeling, JMB 235:1501-1531, Feb 1994.
% ---------------------------------------------------------------------
%  A_NA_N2_hmm   Host: login.aspen.biotech.cdc.gov    Mon Aug 25 12:25:04 2014
%  vfn4          Dir:  /scicomp/home/vfn4/IRMA/train3/NA
% ---------------------------------------------------------------------
%  Alignment weights from internal calc.  Total (76.12) Max (0.39) Min (0.01)
%  Weights from alignment method 1 (karplus), b=-1.000000, e=0.500000
MODEL --  Model from alignment file /scicomp/home/vfn4/Tools/LABEL_RES/training_data/irmaNA/A_NA_N2.fasta
alphabet DNA
FREQAVE
0.000000 0.000000 0.000000 
0.000000 0.000000 0.000000 
0.000000 0.000000 0.000000 
0.309903 0.239285 0.189558 0.261254 
0.309903 0.239285 0.189558 0.261254 
Begin
0.000000 0.000000 0.000000 
0.000000 0.000000 0.000000 
0.000000 0.002886 0.491768 
0.250000 0.250000 0.250000 0.250000 
0.250000 0.250000 0.250000 0.250000 
   1
0.000000 0.002766 0.046210 
0.000000 0.994348 0.462022 
0.057405 0.002886 0.491768 
0.990276 0.003241 0.003241 0.003241 
0.250000 0.250000 0.250000 0.250000 
   2
0.479817 0.002766 0.046210 
0.462778 0.994348 0.462022 
0.057405 0.002886 0.491768 
0.003241 0.003241 0.003241 0.990276 
0.250000 0.250000 0.250000 0.250000 
   3
0.479817 0.002766 0.046210 
0.462778 0.994348 0.462022 
0.057405 0.002886 0.491768 
0.003241 0.990276 0.003241 0.003241 
0.250000 0.250000 0.250000 0.250000 
   4
0.479817 0.002766 0.046210 
0.462778 0.994348 0.462022 
0.057405 0.002886 0.491768 
0.984470 0.007688 0.003241 0.004601 
0.250000 0.250000 0.250000 0.250000 
   5
0.479817 0.002766 0.046210 
0.462778 0.994348 0.462022 
0.057405 0.002886 0.491768 
0.988080 0.003693 0.003893 0.004334 
0.250000 0.250000 0.250000 0.250000 
   6
0.479817 0.002766 0.046210 
0.462778 0.994348 0.462022 
0.057405 0.002886 0.491768 
0.004578 0.003242 0.050849 0.941332 
0.250000 0.250000 0.250000 0.250000 
   7
0.479817 0.002766 0.046210 
0.462778 0.994348 0.462022 
0.057405 0.002886 0.491768 
0.004167 0.003242 0.979081 0.013510 
0.250000 0.250000 0.250000 0.250000 
   8
0.479817 0.002766 0.046210 
0.462778 0.994348 0.462022 
0.057405 0.002886 0.491768 
0.004524 0.003241 0.988300 0.003934 
0.250000 0.250000 0.250000 0.250000 
   9
0.479817 0.002766 0.046210 
0.462778 0.994348 0.462022 
0.057405 0.002886 0.491768 
0.981446 0.004186 0.010672 0.003696 
0.250000 0.250000 0.250000 0.250000 
  10
0.479817 0.002766 0.046210 
0.462778 0.994348 0.462022 
0.057405 0.002886 0.491768 
0.989455 0.003241 0.003241 0.004062 
0.250000 0.250000 0.250000 0.250000 
  11
0.479817 0.002766 0.046210 
0.462778 0.994348 0.462022 
0.057405 0.002886 0.491768 
0.984855 0.004028 0.003843 0.007274 
0.250000 0.250000 0.250000 0.250000 
  12
0.479817 0.002766 0.046210 
0.462778 0.994348 0.462022 
0.057405 0.002886 0.491768 
0.006473 0.003241 0.045789 0.944496 
0.250000 0.250000 0.250000 0.250000 
  13
0.479817 0.002766 0.046210 
0.462778 0.994348 0.462022 
0.057405 0.002886 0.491768 
0.009432 0.003241 0.983400 0.003926 
0.250000 0.250000 0.250000 0.250000 
  14
0.479817 0.002766 0.046210 
0.462778 0.994348 0.462022 
0.057405 0.002886 0.491768 
0.984627 0.005746 0.005067 0.004561 
0.250000 0.250000 0.250000 0.250000 
  15
0.479817 0.002766 0.046210 
0.462778 0.994348 0.462022 
0.057405 0.002886 0.491768 
0.650756 0.341517 0.004470 0.003257 
0.250000 0.250000 0.250000 0.250000 
  16
0.479817 0.002766 0.046210 
0.462778 0.994348 0.462022 
0.057405 0.002886 0.491768 
0.987386 0.004105 0.005267 0.003241 
0.250000 0.250000 0.250000 0.250000 
  17
0.479817 0.002766 0.046210 
0.462778 0.994348 0.462022 
0.057405 0.002886 0.491768 
0.960524 0.031813 0.003934 0.003729 
0.250000 0.250000 0.250000 0.250000 
  18
0.479817 0.002766 0.046210 
0.462778 0.994348 0.462022 
0.057405 0.002886 0.491768 
0.027968 0.963195 0.003241 0.005595 
0.250000 0.250000 0.250000 0.250000 
  19
0.479817 0.002766 0.046210 
0.462778 0.994348 0.462022 
0.057405 0.002886 0.491768 
0.987195 0.003695 0.005868 0.003241 
0.250000 0.250000 0.250000 0.250000 
  20
0.479817 0.002766 0.046210 
0.462778 0.994348 0.462022 
0.057405 0.002886 0.491768 
0.005098 0.003242 0.004480 0.987180 
0.250000 0.250000 0.250000 0.250000 
  21
0.479817 0.002766 0.046210 
0.462778 0.994348 0.462022 
0.057405 0.002886 0.491768 
0.988169 0.005348 0.003241 0.003241 
0.250000 0.250000 0.250000 0.250000 
  22
0.479817 0.002766 0.046210 
0.462778 0.994348 0.462022 
0.057405 0.002886 0.491768 
0.987115 0.003241 0.003241 0.006402 
0.250000 0.250000 0.250000 0.250000 
  23
0.479817 0.002766 0.046210 
0.462778 0.994348 0.462022 
0.057405 0.002886 0.491768 
0.003241 0.003241 0.004253 0.989264 
0.250000 0.250000 0.250000 0.250000 
  24
0.479817 0.002766 0.046210 
0.462778 0.994348 0.462022 
0.057405 0.002886 0.491768 
0.984455 0.006701 0.003241 0.005603 
0.250000 0.250000 0.250000 0.250000 
  25
0.479817 0.002766 0.046210 
0.462778 0.994348 0.462022 
0.057405 0.002886 0.491768 
0.851192 0.136617 0.005496 0.006695 
0.250000 0.250000 0.250000 0.250000 
  26
0.479817 0.002766 0.046210 
0.462778 0.994348 0.462022 
0.057405 0.002886 0.491768 
0.004207 0.003241 0.980263 0.012289 
0.250000 0.250000 0.250000 0.250000 
  27
0.479817 0.002766 0.046210 
0.462778 0.994348 0.462022 
0.057405 0.002886 0.491768 
0.581612 0.403228 0.004374 0.010787 
0.250000 0.250000 0.250000 0.250000 
  28
0.479817 0.002766 0.046210 
0.462778 0.994348 0.462022 
0.057405 0.002886 0.491768 
0.933996 0.005253 0.057510 0.003241 
0.250000 0.250000 0.250000 0.250000 
  29
0.479817 0.002766 0.046210 
0.462778 0.994348 0.462022 
0.057405 0.002886 0.491768 
0.003241 0.004327 0.003677 0.988754 
0.250000 0.250000 0.250000 0.250000 
  30
0.479817 0.002766 0.046210 
0.462778 0.994348 0.462022 
0.057405 0.002886 0.491768 
0.007380 0.003956 0.014939 0.973725 
0.250000 0.250000 0.250000 0.250000 
  31
0.479817 0.002766 0.046210 
0.462778 0.994348 0.462022 
0.057405 0.002886 0.491768 
0.005423 0.988094 0.003241 0.003241 
0.250000 0.250000 0.250000 0.250000 
  32
0.479817 0.002766 0.046210 
0.462778 0.994348 0.462022 
0.057405 0.002886 0.491768 
0.003712 0.989805 0.003241 0.003241 
0.250000 0.250000 0.250000 0.250000 
  33
0.479817 0.002766 0.046210 
0.462778 0.994348 0.462022 
0.057405 0.002886 0.491768 
0.013867 0.005616 0.901704 0.078813 
0.250000 0.250000 0.250000 0.250000 
  34
0.479817 0.002766 0.046210 
0.462778 0.994348 0.462022 
0.057405 0.002886 0.491768 
0.003714 0.012298 0.003241 0.980747 
0.250000 0.250000 0.250000 0.250000 
  35
0.479817 0.002766 0.046210 
0.462778 0.994348 0.462022 
0.057405 0.002886 0.491768 
0.004087 0.003241 0.986403 0.006269 
0.250000 0.250000 0.250000 0.250000 
  36
0.479817 0.002766 0.046210 
0.462778 0.994348 0.462022 
0.057405 0.002886 0.491768 
0.011764 0.003241 0.105629 0.879365 
0.250000 0.250000 0.250000 0.250000 
  37
0.479817 0.002766 0.046210 
0.462778 0.994348 0.462022 
0.057405 0.002886 0.491768 
0.013019 0.978361 0.003241 0.005378 
0.250000 0.250000 0.250000 0.250000 
  38
0.479817 0.002766 0.046210 
0.462778 0.994348 0.462022 
0.057405 0.002886 0.491768 
0.003241 0.003556 0.033880 0.959323 
0.250000 0.250000 0.250000 0.250000 
  39
0.479817 0.002766 0.046210 
0.462778 0.994348 0.462022 
0.057405 0.002886 0.491768 
0.004811 0.005998 0.289844 0.699347 
0.250000 0.250000 0.250000 0.250000 
  40
0.479817 0.002766 0.046210 
0.462778 0.994348 0.462022 
0.057405 0.002886 0.491768 
0.005134 0.003241 0.003241 0.988383 
0.250000 0.250000 0.250000 0.250000 
  41
0.479817 0.002766 0.046210 
0.462778 0.994348 0.462022 
0.057405 0.002886 0.491768 
0.003241 0.004038 0.989013 0.003707 
0.250000 0.250000 0.250000 0.250000 
  42
0.479817 0.002766 0.046210 
0.462778 0.994348 0.462022 
0.057405 0.002886 0.491768 
0.004189 0.007265 0.049261 0.939286 
0.250000 0.250000 0.250000 0.250000 
  43
0.479817 0.002766 0.046210 
0.462778 0.994348 0.462022 
0.057405 0.002886 0.491768 
0.005572 0.003241 0.979628 0.011559 
0.250000 0.250000 0.250000 0.250000 
  44
0.479817 0.002766 0.046210 
0.462778 0.994348 0.462022 
0.057405 0.002886 0.491768 
0.003241 0.003241 0.003241 0.990276 
0.250000 0.250000 0.250000 0.250000 
  45
0.479817 0.002766 0.046210 
0.462778 0.994348 0.462022 
0.057405 0.002886 0.491768 
0.358274 0.047442 0.587118 0.007166 
0.250000 0.250000 0.250000 0.250000 
  46
0.479817 0.002766 0.046210 
0.462778 0.994348 0.462022 
0.057405 0.002886 0.491768 
0.974353 0.009309 0.003241 0.013097 
0.250000 0.250000 0.250000 0.250000 
  47
0.479817 0.002766 0.046210 
0.462778 0.994348 0.462022 
0.057405 0.002886 0.491768 
0.003241 0.004072 0.930924 0.061763 
0.250000 0.250000 0.250000 0.250000 
  48
0.479817 0.002766 0.046210 
0.462778 0.994348 0.462022 
0.057405 0.002886 0.491768 
0.005602 0.005507 0.773460 0.215432 
0.250000 0.250000 0.250000 0.250000 
  49
0.479817 0.002766 0.046210 
0.462778 0.994348 0.462022 
0.057405 0.002886 0.491768 
0.978611 0.009441 0.004272 0.007677 
0.250000 0.250000 0.250000 0.250000 
  50
0.479817 0.002766 0.046210 
0.462778 0.994348 0.462022 
0.057405 0.002886 0.491768 
0.003241 0.003241 0.006233 0.987284 
0.250000 0.250000 0.250000 0.250000 
  51
0.479817 0.002766 0.046210 
0.462778 0.994348 0.462022 
0.057405 0.002886 0.491768 
0.005629 0.003690 0.020821 0.969860 
0.250000 0.250000 0.250000 0.250000 
  52
0.479817 0.002766 0.046210 
0.462778 0.994348 0.462022 
0.057405 0.002886 0.491768 
0.011625 0.662930 0.003241 0.322204 
0.250000 0.250000 0.250000 0.250000 
  53
0.479817 0.002766 0.046210 
0.462778 0.994348 0.462022 
0.057405 0.002886 0.491768 
0.004459 0.003669 0.988195 0.003677 
0.250000 0.250000 0.250000 0.250000 
  54
0.479817 0.002766 0.046210 
0.462778 0.994348 0.462022 
0.057405 0.002886 0.491768 
0.329001 0.128205 0.523911 0.018883 
0.250000 0.250000 0.250000 0.250000 
  55
0.479817 0.002766 0.046210 
0.462778 0.994348 0.462022 
0.057405 0.002886 0.491768 
0.941170 0.042177 0.003242 0.013411 
0.250000 0.250000 0.250000 0.250000 
  56
0.479817 0.002766 0.046210 
0.462778 0.994348 0.462022 
0.057405 0.002886 0.491768 
0.003241 0.003241 0.936969 0.056548 
0.250000 0.250000 0.250000 0.250000 
  57
0.479817 0.002766 0.046210 
0.462778 0.994348 0.462022 
0.057405 0.002886 0.491768 
0.983503 0.007692 0.004675 0.004130 
0.250000 0.250000 0.250000 0.250000 
  58
0.479817 0.002766 0.046210 
0.462778 0.994348 0.462022 
0.057405 0.002886 0.491768 
0.757715 0.228634 0.005771 0.007880 
0.250000 0.250000 0.250000 0.250000 
  59
0.479817 0.002766 0.046210 
0.462778 0.994348 0.462022 
0.057405 0.002886 0.491768 
0.003241 0.003241 0.036219 0.957299 
0.250000 0.250000 0.250000 0.250000 
  60
0.479817 0.002766 0.046210 
0.462778 0.994348 0.462022 
0.057405 0.002886 0.491768 
0.928497 0.062642 0.004249 0.004611 
0.250000 0.250000 0.250000 0.250000 
  61
0.479817 0.002766 0.046210 
0.462778 0.994348 0.462022 
0.057405 0.002886 0.491768 
0.003522 0.004274 0.003567 0.988638 
0.250000 0.250000 0.250000 0.250000 
  62
0.479817 0.002766 0.046210 
0.462778 0.994348 0.462022 
0.057405 0.002886 0.491768 
0.004499 0.989018 0.003241 0.003241 
0.250000 0.250000 0.250000 0.250000 
  63
0.479817 0.002766 0.046210 
0.462778 0.994348 0.462022 
0.057405 0.002886 0.491768 
0.003244 0.003689 0.632152 0.360915 
0.250000 0.250000 0.250000 0.250000 
  64
0.479817 0.002766 0.046210 
0.462778 0.994348 0.462022 
0.057405 0.002886 0.491768 
0.004094 0.004599 0.046413 0.944894 
0.250000 0.250000 0.250000 0.250000 
  65
0.479817 0.002766 0.046210 
0.462778 0.994348 0.462022 
0.057405 0.002886 0.491768 
0.003241 0.004264 0.004676 0.987818 
0.250000 0.250000 0.250000 0.250000 
  66
0.479817 0.002766 0.046210 
0.462778 0.994348 0.462022 
0.057405 0.002886 0.491768 
0.056053 0.005034 0.885529 0.053384 
0.250000 0.250000 0.250000 0.250000 
  67
0.479817 0.002766 0.046210 
0.462778 0.994348 0.462022 
0.057405 0.002886 0.491768 
0.007429 0.003659 0.658339 0.330573 
0.250000 0.250000 0.250000 0.250000 
  68
0.479817 0.002766 0.046210 
0.462778 0.994348 0.462022 
0.057405 0.002886 0.491768 
0.003241 0.003241 0.004120 0.989397 
0.250000 0.250000 0.250000 0.250000 
  69
0.479817 0.002766 0.046210 
0.462778 0.994348 0.462022 
0.057405 0.002886 0.491768 
0.007971 0.003650 0.743145 0.245234 
0.250000 0.250000 0.250000 0.250000 
  70
0.479817 0.002766 0.046210 
0.462778 0.994348 0.462022 
0.057405 0.002886 0.491768 
0.981570 0.006289 0.004639 0.007502 
0.250000 0.250000 0.250000 0.250000 
  71
0.479817 0.002766 0.046210 
0.462778 0.994348 0.462022 
0.057405 0.002886 0.491768 
0.003241 0.003241 0.008794 0.984723 
0.250000 0.250000 0.250000 0.250000 
  72
0.479817 0.002766 0.046210 
0.462778 0.994348 0.462022 
0.057405 0.002886 0.491768 
0.007026 0.960724 0.003693 0.028556 
0.250000 0.250000 0.250000 0.250000 
  73
0.479817 0.002766 0.046210 
0.462778 0.994348 0.462022 
0.057405 0.002886 0.491768 
0.003241 0.003241 0.990276 0.003241 
0.250000 0.250000 0.250000 0.250000 
  74
0.479817 0.002766 0.046210 
0.462778 0.994348 0.462022 
0.057405 0.002886 0.491768 
0.989281 0.003562 0.003916 0.003241 
0.250000 0.250000 0.250000 0.250000 
  75
0.479817 0.002766 0.046210 
0.462778 0.994348 0.462022 
0.057405 0.002886 0.491768 
0.616388 0.376558 0.003241 0.003813 
0.250000 0.250000 0.250000 0.250000 
  76
0.479817 0.002766 0.046210 
0.462778 0.994348 0.462022 
0.057405 0.002886 0.491768 
0.978531 0.014118 0.004109 0.003242 
0.250000 0.250000 0.250000 0.250000 
  77
0.479817 0.002766 0.046210 
0.462778 0.994348 0.462022 
0.057405 0.002886 0.491768 
0.003242 0.003564 0.027227 0.965967 
0.250000 0.250000 0.250000 0.250000 
  78
0.479817 0.002766 0.046210 
0.462778 0.994348 0.462022 
0.057405 0.002886 0.491768 
0.007454 0.006502 0.029931 0.956112 
0.250000 0.250000 0.250000 0.250000 
  79
0.479817 0.002766 0.046210 
0.462778 0.994348 0.462022 
0.057405 0.002886 0.491768 
0.005004 0.988513 0.003241 0.003241 
0.250000 0.250000 0.250000 0.250000 
  80
0.479817 0.002766 0.046210 
0.462778 0.994348 0.462022 
0.057405 0.002886 0.491768 
0.003241 0.003817 0.976128 0.016813 
0.250000 0.250000 0.250000 0.250000 
  81
0.479817 0.002766 0.046210 
0.462778 0.994348 0.462022 
0.057405 0.002886 0.491768 
0.008410 0.003566 0.964270 0.023754 
0.250000 0.250000 0.250000 0.250000 
  82
0.479817 0.002766 0.046210 
0.462778 0.994348 0.462022 
0.057405 0.002886 0.491768 
0.967683 0.006427 0.021579 0.004311 
0.250000 0.250000 0.250000 0.250000 
  83
0.479817 0.002766 0.046210 
0.462778 0.994348 0.462022 
0.057405 0.002886 0.491768 
0.003241 0.003241 0.005518 0.987999 
0.250000 0.250000 0.250000 0.250000 
  84
0.479817 0.002766 0.046210 
0.462778 0.994348 0.462022 
0.057405 0.002886 0.491768 
0.020879 0.003242 0.913887 0.061992 
0.250000 0.250000 0.250000 0.250000 
  85
0.479817 0.002766 0.046210 
0.462778 0.994348 0.462022 
0.057405 0.002886 0.491768 
0.003921 0.003241 0.528426 0.464411 
0.250000 0.250000 0.250000 0.250000 
  86
0.479817 0.002766 0.046210 
0.462778 0.994348 0.462022 
0.057405 0.002886 0.491768 
0.003928 0.003241 0.003241 0.989589 
0.250000 0.250000 0.250000 0.250000 
  87
0.479817 0.002766 0.046210 
0.462778 0.994348 0.462022 
0.057405 0.002886 0.491768 
0.409129 0.576663 0.004019 0.010188 
0.250000 0.250000 0.250000 0.250000 
  88
0.479817 0.002766 0.046210 
0.462778 0.994348 0.462022 
0.057405 0.002886 0.491768 
0.400636 0.590597 0.003242 0.005525 
0.250000 0.250000 0.250000 0.250000 
  89
0.479817 0.002766 0.046210 
0.462778 0.994348 0.462022 
0.057405 0.002886 0.491768 
0.005097 0.004842 0.388237 0.601825 
0.250000 0.250000 0.250000 0.250000 
  90
0.479817 0.002766 0.046210 
0.462778 0.994348 0.462022 
0.057405 0.002886 0.491768 
0.950781 0.026117 0.005297 0.017805 
0.250000 0.250000 0.250000 0.250000 
  91
0.479817 0.002766 0.046210 
0.462778 0.994348 0.462022 
0.057405 0.002886 0.491768 
0.988100 0.005416 0.003242 0.003242 
0.250000 0.250000 0.250000 0.250000 
  92
0.479817 0.002766 0.046210 
0.462778 0.994348 0.462022 
0.057405 0.002886 0.491768 
0.003745 0.003241 0.947184 0.045829 
0.250000 0.250000 0.250000 0.250000 
  93
0.479817 0.002766 0.046210 
0.462778 0.994348 0.462022 
0.057405 0.002886 0.491768 
0.039952 0.339660 0.028059 0.592329 
0.250000 0.250000 0.250000 0.250000 
  94
0.479817 0.002766 0.046210 
0.462778 0.994348 0.462022 
0.057405 0.002886 0.491768 
0.989041 0.004476 0.003241 0.003241 
0.250000 0.250000 0.250000 0.250000 
  95
0.479817 0.002766 0.046210 
0.462778 0.994348 0.462022 
0.057405 0.002886 0.491768 
0.018401 0.004283 0.973552 0.003764 
0.250000 0.250000 0.250000 0.250000 
  96
0.479817 0.002766 0.046210 
0.462778 0.994348 0.462022 
0.057405 0.002886 0.491768 
0.016087 0.004419 0.053882 0.925612 
0.250000 0.250000 0.250000 0.250000 
  97
0.479817 0.002766 0.046210 
0.462778 0.994348 0.462022 
0.057405 0.002886 0.491768 
0.186564 0.806378 0.003242 0.003816 
0.250000 0.250000 0.250000 0.250000 
  98
0.479817 0.002766 0.046210 
0.462778 0.994348 0.462022 
0.057405 0.002886 0.491768 
0.003241 0.003241 0.003785 0.989732 
0.250000 0.250000 0.250000 0.250000 
  99
0.479817 0.002766 0.046210 
0.462778 0.994348 0.462022 
0.057405 0.002886 0.491768 
0.737182 0.247178 0.003241 0.012398 
0.250000 0.250000 0.250000 0.250000 
 100
0.479817 0.002766 0.046210 
0.462778 0.994348 0.462022 
0.057405 0.002886 0.491768 
0.988794 0.003556 0.003241 0.004408 
0.250000 0.250000 0.250000 0.250000 
 101
0.479817 0.002766 0.046210 
0.462778 0.994348 0.462022 
0.057405 0.002886 0.491768 
0.005417 0.004428 0.985670 0.004485 
0.250000 0.250000 0.250000 0.250000 
 102
0.479817 0.002766 0.046210 
0.462778 0.994348 0.462022 
0.057405 0.002886 0.491768 
0.961709 0.024282 0.007582 0.006426 
0.250000 0.250000 0.250000 0.250000 
 103
0.479817 0.002766 0.046210 
0.462778 0.994348 0.462022 
0.057405 0.002886 0.491768 
0.007593 0.003890 0.391165 0.597352 
0.250000 0.250000 0.250000 0.250000 
 104
0.479817 0.002766 0.046210 
0.462778 0.994348 0.462022 
0.057405 0.002886 0.491768 
0.003241 0.003241 0.003853 0.989664 
0.250000 0.250000 0.250000 0.250000 
 105
0.479817 0.002766 0.046210 
0.462778 0.994348 0.462022 
0.057405 0.002886 0.491768 
0.176985 0.809807 0.003241 0.009967 
0.250000 0.250000 0.250000 0.250000 
 106
0.479817 0.002766 0.046210 
0.462778 0.994348 0.462022 
0.057405 0.002886 0.491768 
0.006151 0.003624 0.983984 0.006241 
0.250000 0.250000 0.250000 0.250000 
 107
0.479817 0.002766 0.046210 
0.462778 0.994348 0.462022 
0.057405 0.002886 0.491768 
0.985397 0.004523 0.004179 0.005901 
0.250000 0.250000 0.250000 0.250000 
 108
0.479817 0.002766 0.046210 
0.462778 0.994348 0.462022 
0.057405 0.002886 0.491768 
0.006804 0.003241 0.108347 0.881608 
0.250000 0.250000 0.250000 0.250000 
 109
0.479817 0.002766 0.046210 
0.462778 0.994348 0.462022 
0.057405 0.002886 0.491768 
0.003241 0.003241 0.012347 0.981170 
0.250000 0.250000 0.250000 0.250000 
 110
0.479817 0.002766 0.046210 
0.462778 0.994348 0.462022 
0.057405 0.002886 0.491768 
0.004291 0.003241 0.006143 0.986325 
0.250000 0.250000 0.250000 0.250000 
 111
0.479817 0.002766 0.046210 
0.462778 0.994348 0.462022 
0.057405 0.002886 0.491768 
0.003864 0.003242 0.956137 0.036756 
0.250000 0.250000 0.250000 0.250000 
 112
0.479817 0.004294 0.046210 
0.462778 0.992820 0.462022 
0.055420 0.002890 0.491768 
0.980135 0.007939 0.007110 0.004816 
0.250000 0.250000 0.250000 0.250000 
 113
0.497802 0.002770 0.046210 
0.446777 0.994340 0.462022 
0.055420 0.002890 0.491768 
0.932462 0.055840 0.004816 0.006882 
0.250000 0.250000 0.250000 0.250000 
 114
0.497802 0.002770 0.046210 
0.446777 0.994340 0.462022 
0.055420 0.002890 0.491768 
0.045666 0.925341 0.003247 0.025746 
0.250000 0.250000 0.250000 0.250000 
 115
0.497802 0.002770 0.046210 
0.446777 0.994340 0.462022 
0.055420 0.002890 0.491768 
0.004434 0.004101 0.984991 0.006474 
0.250000 0.250000 0.250000 0.250000 
 116
0.497802 0.002770 0.046210 
0.446777 0.994340 0.462022 
0.055420 0.002890 0.491768 
0.972987 0.015003 0.004699 0.007312 
0.250000 0.250000 0.250000 0.250000 
 117
0.497802 0.002770 0.046210 
0.446777 0.994340 0.462022 
0.055420 0.002890 0.491768 
0.727198 0.246931 0.009977 0.015894 
0.250000 0.250000 0.250000 0.250000 
 118
0.463228 0.002770 0.046210 
0.481352 0.994340 0.462022 
0.057405 0.002886 0.491768 
0.391092 0.008616 0.078447 0.521845 
0.250000 0.250000 0.250000 0.250000 
 119
0.479817 0.002766 0.046210 
0.462778 0.994348 0.462022 
0.057405 0.002886 0.491768 
0.968239 0.019545 0.006929 0.005287 
0.250000 0.250000 0.250000 0.250000 
 120
0.479817 0.002766 0.046210 
0.462778 0.994348 0.462022 
0.057405 0.002886 0.491768 
0.004492 0.004770 0.074241 0.916497 
0.250000 0.250000 0.250000 0.250000 
 121
0.479817 0.002766 0.046210 
0.462778 0.994348 0.462022 
0.057405 0.002886 0.491768 
0.009727 0.980714 0.003243 0.006315 
0.250000 0.250000 0.250000 0.250000 
 122
0.479817 0.002766 0.046210 
0.462778 0.994348 0.462022 
0.057405 0.002886 0.491768 
0.970849 0.021224 0.003833 0.004095 
0.250000 0.250000 0.250000 0.250000 
 123
0.479817 0.002766 0.046210 
0.462778 0.994348 0.462022 
0.057405 0.002886 0.491768 
0.861026 0.096153 0.029116 0.013706 
0.250000 0.250000 0.250000 0.250000 
 124
0.479817 0.002766 0.046210 
0.462778 0.994348 0.462022 
0.057405 0.002886 0.491768 
0.004847 0.007610 0.010930 0.976613 
0.250000 0.250000 0.250000 0.250000 
 125
0.479817 0.002766 0.046210 
0.462778 0.994348 0.462022 
0.057405 0.002886 0.491768 
0.044063 0.635356 0.003675 0.316906 
0.250000 0.250000 0.250000 0.250000 
 126
0.479817 0.002766 0.046210 
0.462778 0.994348 0.462022 
0.057405 0.002886 0.491768 
0.003241 0.004488 0.942904 0.049367 
0.250000 0.250000 0.250000 0.250000 
 127
0.479817 0.002766 0.046210 
0.462778 0.994348 0.462022 
0.057405 0.002886 0.491768 
0.919250 0.067694 0.003857 0.009199 
0.250000 0.250000 0.250000 0.250000 
 128
0.479817 0.002766 0.046210 
0.462778 0.994348 0.462022 
0.057405 0.002886 0.491768 
0.604964 0.317444 0.069987 0.007606 
0.250000 0.250000 0.250000 0.250000 
 129
0.479817 0.002766 0.046210 
0.462778 0.994348 0.462022 
0.057405 0.002886 0.491768 
0.016220 0.003676 0.889604 0.090500 
0.250000 0.250000 0.250000 0.250000 
 130
0.479817 0.002766 0.046210 
0.462778 0.994348 0.462022 
0.057405 0.002886 0.491768 
0.388925 0.013588 0.025327 0.572160 
0.250000 0.250000 0.250000 0.250000 
 131
0.479817 0.002766 0.046210 
0.462778 0.994348 0.462022 
0.057405 0.002886 0.491768 
0.146257 0.003974 0.595754 0.254015 
0.250000 0.250000 0.250000 0.250000 
 132
0.479817 0.002766 0.046210 
0.462778 0.994348 0.462022 
0.057405 0.002886 0.491768 
0.051571 0.003880 0.847503 0.097047 
0.250000 0.250000 0.250000 0.250000 
 133
0.479817 0.002766 0.046210 
0.462778 0.994348 0.462022 
0.057405 0.002886 0.491768 
0.005604 0.004359 0.891667 0.098370 
0.250000 0.250000 0.250000 0.250000 
 134
0.479817 0.002766 0.046210 
0.462778 0.994348 0.462022 
0.057405 0.002886 0.491768 
0.006303 0.003241 0.960966 0.029489 
0.250000 0.250000 0.250000 0.250000 
 135
0.479817 0.002766 0.046210 
0.462778 0.994348 0.462022 
0.057405 0.002886 0.491768 
0.067943 0.003243 0.868277 0.060536 
0.250000 0.250000 0.250000 0.250000 
 136
0.479817 0.002766 0.046210 
0.462778 0.994348 0.462022 
0.057405 0.002886 0.491768 
0.015302 0.164005 0.551904 0.268788 
0.250000 0.250000 0.250000 0.250000 
 137
0.479817 0.002766 0.046210 
0.462778 0.994348 0.462022 
0.057405 0.002886 0.491768 
0.004405 0.003241 0.976685 0.015669 
0.250000 0.250000 0.250000 0.250000 
 138
0.479817 0.002766 0.046210 
0.462778 0.994348 0.462022 
0.057405 0.002886 0.491768 
0.589538 0.373474 0.011783 0.025205 
0.250000 0.250000 0.250000 0.250000 
 139
0.479817 0.002981 0.046210 
0.462778 0.994133 0.462022 
0.057117 0.002886 0.491768 
0.983881 0.004443 0.003243 0.008433 
0.250000 0.250000 0.250000 0.250000 
 140
0.482429 0.002767 0.046210 
0.460454 0.994347 0.462022 
0.057117 0.002886 0.491768 
0.938066 0.049329 0.007428 0.005177 
0.250000 0.250000 0.250000 0.250000 
 141
0.482429 0.002767 0.046210 
0.460454 0.994347 0.462022 
0.057117 0.002886 0.491768 
0.057214 0.011098 0.836034 0.095654 
0.250000 0.250000 0.250000 0.250000 
 142
0.482429 0.002767 0.046210 
0.460454 0.994347 0.462022 
0.057117 0.002886 0.491768 
0.985940 0.007576 0.003242 0.003242 
0.250000 0.250000 0.250000 0.250000 
 143
0.482429 0.002767 0.046210 
0.460454 0.994347 0.462022 
0.057117 0.002886 0.491768 
0.949408 0.043782 0.003242 0.003568 
0.250000 0.250000 0.250000 0.250000 
 144
0.482429 0.002767 0.046210 
0.460454 0.994347 0.462022 
0.057117 0.002886 0.491768 
0.003694 0.003243 0.714962 0.278101 
0.250000 0.250000 0.250000 0.250000 
 145
0.482429 0.002767 0.046210 
0.460454 0.994347 0.462022 
0.057117 0.002886 0.491768 
0.004240 0.003242 0.989275 0.003242 
0.250000 0.250000 0.250000 0.250000 
 146
0.482429 0.002767 0.046210 
0.460454 0.994347 0.462022 
0.057117 0.002886 0.491768 
0.986710 0.006805 0.003242 0.003242 
0.250000 0.250000 0.250000 0.250000 
 147
0.482429 0.002767 0.046210 
0.460454 0.994347 0.462022 
0.057117 0.002886 0.491768 
0.906108 0.076157 0.004901 0.012834 
0.250000 0.250000 0.250000 0.250000 
 148
0.482429 0.002767 0.046210 
0.460454 0.994347 0.462022 
0.057117 0.002886 0.491768 
0.034224 0.957014 0.003666 0.005096 
0.250000 0.250000 0.250000 0.250000 
 149
0.482429 0.002767 0.046210 
0.460454 0.994347 0.462022 
0.057117 0.002886 0.491768 
0.003511 0.003585 0.077690 0.915214 
0.250000 0.250000 0.250000 0.250000 
 150
0.482429 0.002767 0.046210 
0.460454 0.994347 0.462022 
0.057117 0.002886 0.491768 
0.566052 0.423598 0.004246 0.006104 
0.250000 0.250000 0.250000 0.250000 
 151
0.477409 0.002767 0.046210 
0.465474 0.994347 0.462022 
0.057405 0.002886 0.491768 
0.631872 0.359025 0.003965 0.005138 
0.250000 0.250000 0.250000 0.250000 
 152
0.479817 0.002766 0.046210 
0.462778 0.994348 0.462022 
0.057405 0.002886 0.491768 
0.004954 0.004626 0.030141 0.960279 
0.250000 0.250000 0.250000 0.250000 
 153
0.479817 0.005194 0.046210 
0.462778 0.991920 0.462022 
0.054315 0.002893 0.491768 
0.053448 0.921106 0.005453 0.019993 
0.250000 0.250000 0.250000 0.250000 
 154
0.507822 0.002773 0.046210 
0.437864 0.994334 0.462022 
0.054315 0.002893 0.491768 
0.021417 0.003720 0.959132 0.015730 
0.250000 0.250000 0.250000 0.250000 
 155
0.507822 0.002773 0.046210 
0.437864 0.994334 0.462022 
0.054315 0.002893 0.491768 
0.014892 0.007327 0.466201 0.511580 
0.250000 0.250000 0.250000 0.250000 
 156
0.453986 0.002773 0.046210 
0.491699 0.994334 0.462022 
0.057405 0.002886 0.491768 
0.411793 0.572112 0.010249 0.005846 
0.250000 0.250000 0.250000 0.250000 
 157
0.479817 0.003021 0.046210 
0.462778 0.994094 0.462022 
0.057065 0.002886 0.491768 
0.003572 0.003242 0.006588 0.986598 
0.250000 0.250000 0.250000 0.250000 
 158
0.482903 0.002767 0.046210 
0.460032 0.994347 0.462022 
0.057065 0.002886 0.491768 
0.010605 0.982910 0.003242 0.003242 
0.250000 0.250000 0.250000 0.250000 
 159
0.482903 0.002767 0.046210 
0.460032 0.994347 0.462022 
0.057065 0.002886 0.491768 
0.003242 0.003242 0.031430 0.962085 
0.250000 0.250000 0.250000 0.250000 
 160
0.482903 0.002767 0.046210 
0.460032 0.994347 0.462022 
0.057065 0.002886 0.491768 
0.014111 0.976608 0.006039 0.003242 
0.250000 0.250000 0.250000 0.250000 
 161
0.482903 0.002767 0.046210 
0.460032 0.994347 0.462022 
0.057065 0.002886 0.491768 
0.970993 0.021450 0.004315 0.003243 
0.250000 0.250000 0.250000 0.250000 
 162
0.482903 0.002767 0.046210 
0.460032 0.994347 0.462022 
0.057065 0.002886 0.491768 
0.888545 0.081110 0.026479 0.003866 
0.250000 0.250000 0.250000 0.250000 
 163
0.482903 0.002767 0.046210 
0.460032 0.994347 0.462022 
0.057065 0.002886 0.491768 
0.003881 0.003242 0.984752 0.008125 
0.250000 0.250000 0.250000 0.250000 
 164
0.482903 0.002767 0.046210 
0.460032 0.994347 0.462022 
0.057065 0.002886 0.491768 
0.008466 0.003242 0.985049 0.003242 
0.250000 0.250000 0.250000 0.250000 
 165
0.482903 0.002767 0.046210 
0.460032 0.994347 0.462022 
0.057065 0.002886 0.491768 
0.953729 0.032999 0.003793 0.009478 
0.250000 0.250000 0.250000 0.250000 
 166
0.482903 0.002767 0.046210 
0.460032 0.994347 0.462022 
0.057065 0.002886 0.491768 
0.966749 0.024531 0.005477 0.003242 
0.250000 0.250000 0.250000 0.250000 
 167
0.482903 0.002767 0.046210 
0.460032 0.994347 0.462022 
0.057065 0.002886 0.491768 
0.007443 0.003242 0.558461 0.430853 
0.250000 0.250000 0.250000 0.250000 
 168
0.482903 0.002767 0.046210 
0.460032 0.994347 0.462022 
0.057065 0.002886 0.491768 
0.597146 0.010070 0.344337 0.048447 
0.250000 0.250000 0.250000 0.250000 
 169
0.482903 0.028575 0.046210 
0.460032 0.968539 0.462022 
0.035641 0.002963 0.491768 
0.964178 0.014036 0.018033 0.003753 
0.250000 0.250000 0.250000 0.250000 
 170
0.677036 0.002840 0.046210 
0.287323 0.994197 0.462022 
0.035641 0.002963 0.491768 
0.003346 0.003964 0.008493 0.984197 
0.250000 0.250000 0.250000 0.250000 
 171
0.677036 0.002840 0.046210 
0.287323 0.994197 0.462022 
0.035641 0.002963 0.491768 
0.973750 0.014653 0.005864 0.005733 
0.250000 0.250000 0.250000 0.250000 
 172
0.677036 0.002840 0.046210 
0.287323 0.994197 0.462022 
0.035641 0.002963 0.491768 
0.915934 0.074303 0.006418 0.003346 
0.250000 0.250000 0.250000 0.250000 
 173
0.677036 0.002840 0.046210 
0.287323 0.994197 0.462022 
0.035641 0.002963 0.491768 
0.003346 0.003693 0.012483 0.980478 
0.250000 0.250000 0.250000 0.250000 
 174
0.677036 0.002840 0.046210 
0.287323 0.994197 0.462022 
0.035641 0.002963 0.491768 
0.981121 0.009188 0.003628 0.006063 
0.250000 0.250000 0.250000 0.250000 
 175
0.677036 0.003869 0.046210 
0.287323 0.993168 0.462022 
0.035129 0.002966 0.491768 
0.011171 0.982128 0.003350 0.003350 
0.250000 0.250000 0.250000 0.250000 
 176
0.681678 0.002843 0.046210 
0.283193 0.994191 0.462022 
0.035129 0.002966 0.491768 
0.986917 0.006383 0.003350 0.003350 
0.250000 0.250000 0.250000 0.250000 
 177
0.681678 0.002843 0.046210 
0.283193 0.994191 0.462022 
0.035129 0.002966 0.491768 
0.855345 0.137105 0.003357 0.004193 
0.250000 0.250000 0.250000 0.250000 
 178
0.681678 0.002843 0.046210 
0.283193 0.994191 0.462022 
0.035129 0.002966 0.491768 
0.987061 0.005896 0.003693 0.003350 
0.250000 0.250000 0.250000 0.250000 
 179
0.681678 0.002843 0.046210 
0.283193 0.994191 0.462022 
0.035129 0.002966 0.491768 
0.056721 0.936577 0.003351 0.003351 
0.250000 0.250000 0.250000 0.250000 
 180
0.681678 0.002843 0.046210 
0.283193 0.994191 0.462022 
0.035129 0.002966 0.491768 
0.591025 0.402274 0.003350 0.003350 
0.250000 0.250000 0.250000 0.250000 
 181
0.681678 0.007991 0.046210 
0.283193 0.989043 0.462022 
0.032774 0.002981 0.491768 
0.980511 0.012748 0.003371 0.003371 
0.250000 0.250000 0.250000 0.250000 
 182
0.703012 0.002858 0.046210 
0.264213 0.994161 0.462022 
0.032774 0.002981 0.491768 
0.983149 0.006761 0.006720 0.003371 
0.250000 0.250000 0.250000 0.250000 
 183
0.703012 0.002858 0.046210 
0.264213 0.994161 0.462022 
0.032774 0.002981 0.491768 
0.005536 0.003371 0.937232 0.053861 
0.250000 0.250000 0.250000 0.250000 
 184
0.703012 0.058261 0.046210 
0.264213 0.938758 0.462022 
0.019082 0.003156 0.491768 
0.976300 0.013475 0.004547 0.005679 
0.250000 0.250000 0.250000 0.250000 
 185
0.827086 0.003025 0.046210 
0.153832 0.993818 0.462022 
0.019082 0.003156 0.491768 
0.007099 0.006305 0.056238 0.930358 
0.250000 0.250000 0.250000 0.250000 
 186
0.827086 0.003025 0.046210 
0.153832 0.993818 0.462022 
0.019082 0.003156 0.491768 
0.965322 0.008289 0.008784 0.017605 
0.250000 0.250000 0.250000 0.250000 
 187
0.827086 0.028293 0.046210 
0.153832 0.968550 0.462022 
0.016172 0.003238 0.491768 
0.987452 0.005096 0.003726 0.003726 
0.250000 0.250000 0.250000 0.250000 
 188
0.853460 0.003104 0.046210 
0.130369 0.993658 0.462022 
0.016172 0.003238 0.491768 
0.004414 0.003726 0.988134 0.003726 
0.250000 0.250000 0.250000 0.250000 
 189
0.853460 0.003104 0.046210 
0.130369 0.993658 0.462022 
0.016172 0.003238 0.491768 
0.950326 0.037352 0.004270 0.008051 
0.250000 0.250000 0.250000 0.250000 
 190
0.853460 0.003104 0.046210 
0.130369 0.993658 0.462022 
0.016172 0.003238 0.491768 
0.017376 0.972254 0.006644 0.003726 
0.250000 0.250000 0.250000 0.250000 
 191
0.853460 0.003104 0.046210 
0.130369 0.993658 0.462022 
0.016172 0.003238 0.491768 
0.987024 0.005524 0.003726 0.003726 
0.250000 0.250000 0.250000 0.250000 
 192
0.853460 0.003104 0.046210 
0.130369 0.993658 0.462022 
0.016172 0.003238 0.491768 
0.087401 0.905147 0.003726 0.003726 
0.250000 0.250000 0.250000 0.250000 
 193
0.499409 0.003104 0.046210 
0.484419 0.993658 0.462022 
0.025035 0.003054 0.491768 
0.944649 0.048410 0.003470 0.003470 
0.250000 0.250000 0.250000 0.250000 
 194
0.773140 0.002928 0.046210 
0.201825 0.994018 0.462022 
0.025035 0.003054 0.491768 
0.003472 0.003472 0.035973 0.957083 
0.250000 0.250000 0.250000 0.250000 
 195
0.773140 0.002928 0.046210 
0.201825 0.994018 0.462022 
0.025035 0.003054 0.491768 
0.945071 0.006369 0.004748 0.043811 
0.250000 0.250000 0.250000 0.250000 
 196
0.773140 0.003441 0.046210 
0.201825 0.993504 0.462022 
0.024912 0.003056 0.491768 
0.009505 0.980831 0.006192 0.003472 
0.250000 0.250000 0.250000 0.250000 
 197
0.774260 0.002929 0.046210 
0.200829 0.994015 0.462022 
0.024912 0.003056 0.491768 
0.003472 0.003472 0.004948 0.988107 
0.250000 0.250000 0.250000 0.250000 
 198
0.774260 0.002929 0.046210 
0.200829 0.994015 0.462022 
0.024912 0.003056 0.491768 
0.035203 0.946532 0.003473 0.014792 
0.250000 0.250000 0.250000 0.250000 
 199
0.774260 0.002929 0.046210 
0.200829 0.994015 0.462022 
0.024912 0.003056 0.491768 
0.003474 0.004171 0.139939 0.852415 
0.250000 0.250000 0.250000 0.250000 
 200
0.774260 0.002929 0.046210 
0.200829 0.994015 0.462022 
0.024912 0.003056 0.491768 
0.986453 0.005652 0.003749 0.004146 
0.250000 0.250000 0.250000 0.250000 
 201
0.774260 0.002929 0.046210 
0.200829 0.994015 0.462022 
0.024912 0.003056 0.491768 
0.003960 0.003472 0.054779 0.937789 
0.250000 0.250000 0.250000 0.250000 
 202
0.774260 0.004138 0.046210 
0.200829 0.992806 0.462022 
0.024626 0.003059 0.491768 
0.005842 0.010022 0.566414 0.417722 
0.250000 0.250000 0.250000 0.250000 
 203
0.776851 0.002933 0.046210 
0.198523 0.994008 0.462022 
0.024626 0.003059 0.491768 
0.003481 0.004888 0.004191 0.987440 
0.250000 0.250000 0.250000 0.250000 
 204
0.776851 0.002933 0.046210 
0.198523 0.994008 0.462022 
0.024626 0.003059 0.491768 
0.042586 0.949482 0.003478 0.004455 
0.250000 0.250000 0.250000 0.250000 
 205
0.776851 0.004666 0.046210 
0.198523 0.992274 0.462022 
0.024227 0.003065 0.491768 
0.980317 0.012368 0.003830 0.003485 
0.250000 0.250000 0.250000 0.250000 
 206
0.780460 0.002938 0.046210 
0.195312 0.993997 0.462022 
0.024227 0.003065 0.491768 
0.378104 0.004083 0.611140 0.006673 
0.250000 0.250000 0.250000 0.250000 
 207
0.780460 0.002938 0.046210 
0.195312 0.993997 0.462022 
0.024227 0.003065 0.491768 
0.004833 0.003485 0.578828 0.412854 
0.250000 0.250000 0.250000 0.250000 
 208
0.780460 0.002938 0.046210 
0.195312 0.993997 0.462022 
0.024227 0.003065 0.491768 
0.958227 0.033177 0.005112 0.003485 
0.250000 0.250000 0.250000 0.250000 
 209
0.780460 0.002938 0.046210 
0.195312 0.993997 0.462022 
0.024227 0.003065 0.491768 
0.877543 0.115487 0.003485 0.003485 
0.250000 0.250000 0.250000 0.250000 
 210
0.780460 0.002938 0.046210 
0.195312 0.993997 0.462022 
0.024227 0.003065 0.491768 
0.003485 0.005348 0.675537 0.315631 
0.250000 0.250000 0.250000 0.250000 
 211
0.780460 0.002938 0.046210 
0.195312 0.993997 0.462022 
0.024227 0.003065 0.491768 
0.981545 0.009681 0.005289 0.003485 
0.250000 0.250000 0.250000 0.250000 
 212
0.780460 0.002938 0.046210 
0.195312 0.993997 0.462022 
0.024227 0.003065 0.491768 
0.004633 0.003485 0.974020 0.017862 
0.250000 0.250000 0.250000 0.250000 
 213
0.780460 0.002938 0.046210 
0.195312 0.993997 0.462022 
0.024227 0.003065 0.491768 
0.007506 0.004050 0.686317 0.302127 
0.250000 0.250000 0.250000 0.250000 
 214
0.780460 0.002938 0.046210 
0.195312 0.993997 0.462022 
0.024227 0.003065 0.491768 
0.981881 0.007453 0.007182 0.003485 
0.250000 0.250000 0.250000 0.250000 
 215
0.780460 0.002938 0.046210 
0.195312 0.993997 0.462022 
0.024227 0.003065 0.491768 
0.003485 0.003892 0.899338 0.093285 
0.250000 0.250000 0.250000 0.250000 
 216
0.780460 0.002938 0.046210 
0.195312 0.993997 0.462022 
0.024227 0.003065 0.491768 
0.033798 0.004168 0.920179 0.041855 
0.250000 0.250000 0.250000 0.250000 
 217
0.525258 0.002938 0.046210 
0.450515 0.993997 0.462022 
0.032529 0.002983 0.491768 
0.958640 0.014062 0.003655 0.023643 
0.250000 0.250000 0.250000 0.250000 
 218
0.705236 0.002859 0.046210 
0.262235 0.994158 0.462022 
0.032529 0.002983 0.491768 
0.003375 0.003375 0.043120 0.950131 
0.250000 0.250000 0.250000 0.250000 
 219
0.705236 0.002859 0.046210 
0.262235 0.994158 0.462022 
0.032529 0.002983 0.491768 
0.952348 0.003964 0.014235 0.029453 
0.250000 0.250000 0.250000 0.250000 
 220
0.705236 0.002859 0.046210 
0.262235 0.994158 0.462022 
0.032529 0.002983 0.491768 
0.007472 0.980379 0.008167 0.003981 
0.250000 0.250000 0.250000 0.250000 
 221
0.705236 0.002859 0.046210 
0.262235 0.994158 0.462022 
0.032529 0.002983 0.491768 
0.984749 0.004041 0.003942 0.007268 
0.250000 0.250000 0.250000 0.250000 
 222
0.705236 0.002859 0.046210 
0.262235 0.994158 0.462022 
0.032529 0.002983 0.491768 
0.187676 0.803780 0.004563 0.003981 
0.250000 0.250000 0.250000 0.250000 
 223
0.705236 0.002859 0.046210 
0.262235 0.994158 0.462022 
0.032529 0.002983 0.491768 
0.988700 0.004552 0.003374 0.003374 
0.250000 0.250000 0.250000 0.250000 
 224
0.705236 0.002859 0.046210 
0.262235 0.994158 0.462022 
0.032529 0.002983 0.491768 
0.968086 0.025167 0.003373 0.003373 
0.250000 0.250000 0.250000 0.250000 
 225
0.705236 0.002859 0.046210 
0.262235 0.994158 0.462022 
0.032529 0.002983 0.491768 
0.338259 0.654097 0.003373 0.004271 
0.250000 0.250000 0.250000 0.250000 
 226
0.683627 0.002859 0.046210 
0.283844 0.994158 0.462022 
0.033247 0.002978 0.491768 
0.005415 0.985216 0.006003 0.003366 
0.250000 0.250000 0.250000 0.250000 
 227
0.698725 0.002855 0.046210 
0.268027 0.994167 0.462022 
0.033247 0.002978 0.491768 
0.984962 0.006889 0.003366 0.004783 
0.250000 0.250000 0.250000 0.250000 
 228
0.698725 0.002855 0.046210 
0.268027 0.994167 0.462022 
0.033247 0.002978 0.491768 
0.809787 0.183480 0.003366 0.003366 
0.250000 0.250000 0.250000 0.250000 
 229
0.698725 0.002855 0.046210 
0.268027 0.994167 0.462022 
0.033247 0.002978 0.491768 
0.856210 0.057820 0.077798 0.008173 
0.250000 0.250000 0.250000 0.250000 
 230
0.698725 0.002855 0.046210 
0.268027 0.994167 0.462022 
0.033247 0.002978 0.491768 
0.031990 0.039300 0.031734 0.896976 
0.250000 0.250000 0.250000 0.250000 
 231
0.698725 0.002855 0.046210 
0.268027 0.994167 0.462022 
0.033247 0.002978 0.491768 
0.602097 0.012438 0.048645 0.336819 
0.250000 0.250000 0.250000 0.250000 
 232
0.695269 0.002855 0.046210 
0.271483 0.994167 0.462022 
0.033363 0.002977 0.491768 
0.004050 0.006709 0.008651 0.980591 
0.250000 0.250000 0.250000 0.250000 
 233
0.697681 0.002854 0.046210 
0.268957 0.994169 0.462022 
0.033363 0.002977 0.491768 
0.019298 0.973645 0.003365 0.003692 
0.250000 0.250000 0.250000 0.250000 
 234
0.697681 0.002854 0.046210 
0.268957 0.994169 0.462022 
0.033363 0.002977 0.491768 
0.003366 0.003851 0.659570 0.333213 
0.250000 0.250000 0.250000 0.250000 
 235
0.607185 0.002854 0.046210 
0.359453 0.994169 0.462022 
0.036682 0.002957 0.491768 
0.003338 0.003338 0.948087 0.045238 
0.250000 0.250000 0.250000 0.250000 
 236
