%  SAM: /scicomp/home/vfn4/Tools/LABEL_RES/scripts/modelfromalign v3.5 (July 15, 2005) compiled 12/08/06_16:15:55
%  (c) 1992-2001 Regents of the University of California, Santa Cruz
%
%          Sequence Alignment and Modeling Software System
%         http://www.cse.ucsc.edu/research/compbio/sam.html
%
% ----------------- Citations (SAM, SAM-T2K, HMMs) --------------------
% R. Hughey, A. Krogh, Hidden Markov models for sequence analysis:
%  Extension and analysis of the basic method, CABIOS 12:95-107, 1996.
% K. Karplus, et al., What is the value added by human intervention in protein
%  structure prediction, Proteins: Stucture, Function, Genetics 45(S5):86--91, 2001.
% A. Krogh et al., Hidden Markov models in computational biology:
%  Applications to protein modeling, JMB 235:1501-1531, Feb 1994.
% ---------------------------------------------------------------------
%  B_NA_hmm   Host: login.aspen.biotech.cdc.gov    Mon Aug 25 12:25:07 2014
%  vfn4       Dir:  /scicomp/home/vfn4/IRMA/train3/NA
% ---------------------------------------------------------------------
%  Alignment weights from internal calc.  Total (64.57) Max (0.74) Min (0.01)
%  Weights from alignment method 1 (karplus), b=-1.000000, e=0.500000
MODEL --  Model from alignment file /scicomp/home/vfn4/Tools/LABEL_RES/training_data/irmaNA/B_NA.fasta
alphabet DNA
FREQAVE
0.000000 0.000000 0.000000 
0.000000 0.000000 0.000000 
0.000000 0.000000 0.000000 
0.328773 0.229139 0.197613 0.244475 
0.328773 0.229139 0.197613 0.244475 
Begin
0.000000 0.000000 0.000000 
0.000000 0.000000 0.000000 
0.000000 0.003299 0.491768 
0.250000 0.250000 0.250000 0.250000 
0.250000 0.250000 0.250000 0.250000 
   1
0.000000 0.580664 0.046210 
0.000000 0.416037 0.462022 
0.004472 0.007809 0.491768 
0.960558 0.013147 0.013147 0.013147 
0.250000 0.250000 0.250000 0.250000 
   2
0.959052 0.007486 0.046210 
0.036476 0.984705 0.462022 
0.004474 0.007804 0.491768 
0.013132 0.013132 0.013132 0.960603 
0.250000 0.250000 0.250000 0.250000 
   3
0.959461 0.007481 0.046210 
0.036065 0.984715 0.462022 
0.004474 0.007804 0.491768 
0.013132 0.960603 0.013132 0.013132 
0.250000 0.250000 0.250000 0.250000 
   4
0.959461 0.007481 0.046210 
0.036065 0.984715 0.462022 
0.004474 0.007804 0.491768 
0.953216 0.020519 0.013132 0.013132 
0.250000 0.250000 0.250000 0.250000 
   5
0.955781 0.007481 0.046210 
0.039745 0.984715 0.462022 
0.004490 0.007762 0.491768 
0.960983 0.013006 0.013006 0.013006 
0.250000 0.250000 0.250000 0.250000 
   6
0.958938 0.007440 0.046210 
0.036572 0.984797 0.462022 
0.004492 0.007758 0.491768 
0.012993 0.012993 0.958927 0.015087 
0.250000 0.250000 0.250000 0.250000 
   7
0.958614 0.007436 0.046210 
0.036894 0.984806 0.462022 
0.004495 0.007750 0.491768 
0.959311 0.012970 0.012970 0.014749 
0.250000 0.250000 0.250000 0.250000 
   8
0.162512 0.007429 0.046210 
0.832993 0.984821 0.462022 
0.022116 0.003578 0.491768 
0.987351 0.004216 0.004216 0.004216 
0.250000 0.250000 0.250000 0.250000 
   9
0.797355 0.003430 0.046210 
0.180529 0.992992 0.462022 
0.022166 0.003577 0.491768 
0.004215 0.004215 0.004215 0.987356 
0.250000 0.250000 0.250000 0.250000 
  10
0.791731 0.003429 0.046210 
0.186103 0.992994 0.462022 
0.022331 0.003573 0.491768 
0.004209 0.987372 0.004209 0.004209 
0.250000 0.250000 0.250000 0.250000 
  11
0.795388 0.003425 0.046210 
0.182281 0.993002 0.462022 
0.022382 0.003572 0.491768 
0.004647 0.004208 0.985936 0.005209 
0.250000 0.250000 0.250000 0.250000 
  12
0.794490 0.003424 0.046210 
0.183128 0.993004 0.462022 
0.022442 0.003571 0.491768 
0.004207 0.004207 0.004754 0.986833 
0.250000 0.250000 0.250000 0.250000 
  13
0.796638 0.003423 0.046210 
0.180920 0.993006 0.462022 
0.022442 0.003571 0.491768 
0.985932 0.005054 0.004808 0.004206 
0.250000 0.250000 0.250000 0.250000 
  14
0.787070 0.003423 0.046210 
0.190488 0.993006 0.462022 
0.022659 0.003566 0.491768 
0.004199 0.004199 0.986509 0.005093 
0.250000 0.250000 0.250000 0.250000 
  15
0.794673 0.003418 0.046210 
0.182668 0.993015 0.462022 
0.022659 0.003566 0.491768 
0.004684 0.004199 0.986177 0.004940 
0.250000 0.250000 0.250000 0.250000 
  16
0.792363 0.003418 0.046210 
0.184978 0.993015 0.462022 
0.022711 0.003565 0.491768 
0.004920 0.004197 0.075539 0.915343 
0.250000 0.250000 0.250000 0.250000 
  17
0.778525 0.003417 0.046210 
0.198764 0.993017 0.462022 
0.023073 0.003558 0.491768 
0.004186 0.004186 0.004851 0.986776 
0.250000 0.250000 0.250000 0.250000 
  18
0.788220 0.003410 0.046210 
0.188707 0.993032 0.462022 
0.023136 0.003556 0.491768 
0.004185 0.004185 0.986552 0.005079 
0.250000 0.250000 0.250000 0.250000 
  19
0.790355 0.003409 0.046210 
0.186510 0.993034 0.462022 
0.023136 0.003556 0.491768 
0.986160 0.004635 0.005020 0.004185 
0.250000 0.250000 0.250000 0.250000 
  20
0.777302 0.003686 0.046210 
0.199563 0.992757 0.462022 
0.023391 0.003551 0.491768 
0.987468 0.004177 0.004177 0.004177 
0.250000 0.250000 0.250000 0.250000 
  21
0.787021 0.003404 0.046210 
0.189588 0.993044 0.462022 
0.023415 0.003551 0.491768 
0.004747 0.004176 0.986900 0.004176 
0.250000 0.250000 0.250000 0.250000 
  22
0.785535 0.003404 0.046210 
0.191050 0.993045 0.462022 
0.023469 0.003550 0.491768 
0.004565 0.004521 0.022702 0.968211 
0.250000 0.250000 0.250000 0.250000 
  23
0.780146 0.003403 0.046210 
0.196385 0.993047 0.462022 
0.023639 0.003547 0.491768 
0.979771 0.011888 0.004170 0.004170 
0.250000 0.250000 0.250000 0.250000 
  24
0.784010 0.003400 0.046210 
0.192352 0.993054 0.462022 
0.023681 0.003546 0.491768 
0.004170 0.004170 0.005255 0.986406 
0.250000 0.250000 0.250000 0.250000 
  25
0.784202 0.003399 0.046210 
0.192118 0.993055 0.462022 
0.023710 0.003545 0.491768 
0.986951 0.004713 0.004168 0.004168 
0.250000 0.250000 0.250000 0.250000 
  26
0.782811 0.003398 0.046210 
0.193479 0.993056 0.462022 
0.023765 0.003544 0.491768 
0.004167 0.004167 0.987500 0.004167 
0.250000 0.250000 0.250000 0.250000 
  27
0.784648 0.003397 0.046210 
0.191586 0.993059 0.462022 
0.023765 0.003544 0.491768 
0.986810 0.004167 0.004857 0.004167 
0.250000 0.250000 0.250000 0.250000 
  28
0.779025 0.003397 0.046210 
0.197210 0.993059 0.462022 
0.023900 0.003542 0.491768 
0.986065 0.005609 0.004163 0.004163 
0.250000 0.250000 0.250000 0.250000 
  29
0.769817 0.003395 0.046210 
0.206283 0.993063 0.462022 
0.024230 0.003536 0.491768 
0.986522 0.005170 0.004154 0.004154 
0.250000 0.250000 0.250000 0.250000 
  30
0.778914 0.003389 0.046210 
0.196857 0.993075 0.462022 
0.024267 0.003535 0.491768 
0.004153 0.004153 0.908148 0.083546 
0.250000 0.250000 0.250000 0.250000 
  31
0.778628 0.003388 0.046210 
0.197105 0.993077 0.462022 
0.024303 0.003534 0.491768 
0.021499 0.970197 0.004152 0.004152 
0.250000 0.250000 0.250000 0.250000 
  32
0.776500 0.003388 0.046210 
0.199197 0.993078 0.462022 
0.024382 0.003533 0.491768 
0.004676 0.004150 0.006878 0.984296 
0.250000 0.250000 0.250000 0.250000 
  33
0.779056 0.003386 0.046210 
0.196562 0.993081 0.462022 
0.024382 0.003533 0.491768 
0.004150 0.004150 0.004694 0.987006 
0.250000 0.250000 0.250000 0.250000 
  34
0.779056 0.003386 0.046210 
0.196562 0.993081 0.462022 
0.024382 0.003533 0.491768 
0.983967 0.007244 0.004637 0.004152 
0.250000 0.250000 0.250000 0.250000 
  35
0.775235 0.003386 0.046210 
0.200383 0.993081 0.462022 
0.024476 0.003531 0.491768 
0.987557 0.004148 0.004148 0.004148 
0.250000 0.250000 0.250000 0.250000 
  36
0.777106 0.003385 0.046210 
0.198418 0.993084 0.462022 
0.024503 0.003531 0.491768 
0.004992 0.004147 0.985640 0.005221 
0.250000 0.250000 0.250000 0.250000 
  37
0.774993 0.003384 0.046210 
0.200504 0.993085 0.462022 
0.024576 0.003529 0.491768 
0.005158 0.004146 0.983291 0.007405 
0.250000 0.250000 0.250000 0.250000 
  38
0.776096 0.003383 0.046210 
0.199328 0.993087 0.462022 
0.024606 0.003529 0.491768 
0.004144 0.004144 0.828614 0.163098 
0.250000 0.250000 0.250000 0.250000 
  39
0.777033 0.003383 0.046210 
0.198361 0.993088 0.462022 
0.024606 0.003529 0.491768 
0.004645 0.004547 0.004144 0.986663 
0.250000 0.250000 0.250000 0.250000 
  40
0.777033 0.003383 0.046210 
0.198361 0.993088 0.462022 
0.024606 0.003529 0.491768 
0.985563 0.005404 0.004534 0.004500 
0.250000 0.250000 0.250000 0.250000 
  41
0.777033 0.003383 0.046210 
0.198361 0.993088 0.462022 
0.024606 0.003529 0.491768 
0.004144 0.004144 0.005792 0.985919 
0.250000 0.250000 0.250000 0.250000 
  42
0.777033 0.003383 0.046210 
0.198361 0.993088 0.462022 
0.024606 0.003529 0.491768 
0.004877 0.004144 0.004144 0.986835 
0.250000 0.250000 0.250000 0.250000 
  43
0.777033 0.003383 0.046210 
0.198361 0.993088 0.462022 
0.024606 0.003529 0.491768 
0.010978 0.004144 0.028317 0.956561 
0.250000 0.250000 0.250000 0.250000 
  44
0.755190 0.003383 0.046210 
0.220204 0.993088 0.462022 
0.025155 0.003520 0.491768 
0.004825 0.004711 0.985301 0.005163 
0.250000 0.250000 0.250000 0.250000 
  45
0.767501 0.003374 0.046210 
0.207344 0.993107 0.462022 
0.025270 0.003518 0.491768 
0.004128 0.004128 0.004128 0.987617 
0.250000 0.250000 0.250000 0.250000 
  46
0.769811 0.003372 0.046210 
0.204919 0.993110 0.462022 
0.025301 0.003517 0.491768 
0.006298 0.004128 0.983462 0.006112 
0.250000 0.250000 0.250000 0.250000 
  47
0.674371 0.003371 0.046210 
0.300328 0.993111 0.462022 
0.027999 0.003478 0.491768 
0.986833 0.004537 0.004069 0.004560 
0.250000 0.250000 0.250000 0.250000 
  48
0.743815 0.003333 0.046210 
0.228186 0.993189 0.462022 
0.028068 0.003477 0.491768 
0.004068 0.004068 0.987796 0.004068 
0.250000 0.250000 0.250000 0.250000 
  49
0.742820 0.003333 0.046210 
0.229112 0.993191 0.462022 
0.028148 0.003476 0.491768 
0.986318 0.005130 0.004485 0.004066 
0.250000 0.250000 0.250000 0.250000 
  50
0.740108 0.003332 0.046210 
0.231744 0.993193 0.462022 
0.028284 0.003474 0.491768 
0.004648 0.004472 0.004064 0.986816 
0.250000 0.250000 0.250000 0.250000 
  51
0.743697 0.003330 0.046210 
0.228018 0.993196 0.462022 
0.028284 0.003474 0.491768 
0.004064 0.004064 0.972460 0.019412 
0.250000 0.250000 0.250000 0.250000 
  52
0.741024 0.003330 0.046210 
0.230691 0.993196 0.462022 
0.028360 0.003473 0.491768 
0.985874 0.004934 0.004781 0.004411 
0.250000 0.250000 0.250000 0.250000 
  53
0.572080 0.003329 0.046210 
0.399560 0.993198 0.462022 
0.034207 0.003412 0.491768 
0.003975 0.988076 0.003975 0.003975 
0.250000 0.250000 0.250000 0.250000 
  54
0.688264 0.003271 0.046210 
0.277529 0.993317 0.462022 
0.034268 0.003412 0.491768 
0.003974 0.988079 0.003974 0.003974 
0.250000 0.250000 0.250000 0.250000 
  55
0.685224 0.003270 0.046210 
0.280508 0.993318 0.462022 
0.034414 0.003411 0.491768 
0.012358 0.979262 0.003973 0.004408 
0.250000 0.250000 0.250000 0.250000 
  56
0.686650 0.003269 0.046210 
0.278936 0.993320 0.462022 
0.034466 0.003410 0.491768 
0.003971 0.988086 0.003971 0.003971 
0.250000 0.250000 0.250000 0.250000 
  57
0.687683 0.003269 0.046210 
0.277851 0.993321 0.462022 
0.034466 0.003410 0.491768 
0.004378 0.986699 0.003972 0.004951 
0.250000 0.250000 0.250000 0.250000 
  58
0.684268 0.003269 0.046210 
0.281266 0.993321 0.462022 
0.034584 0.003409 0.491768 
0.987564 0.004490 0.003973 0.003973 
0.250000 0.250000 0.250000 0.250000 
  59
0.512092 0.003268 0.046210 
0.453324 0.993323 0.462022 
0.041896 0.003360 0.491768 
0.004968 0.987232 0.003900 0.003900 
0.250000 0.250000 0.250000 0.250000 
  60
0.618068 0.003221 0.046210 
0.340036 0.993419 0.462022 
0.041992 0.003360 0.491768 
0.003899 0.003899 0.005632 0.986571 
0.250000 0.250000 0.250000 0.250000 
  61
0.619486 0.003220 0.046210 
0.338522 0.993420 0.462022 
0.041992 0.003360 0.491768 
0.577825 0.413671 0.003899 0.004606 
0.250000 0.250000 0.250000 0.250000 
  62
0.606763 0.003220 0.046210 
0.351245 0.993420 0.462022 
0.042533 0.003357 0.491768 
0.004472 0.003895 0.070505 0.921128 
0.250000 0.250000 0.250000 0.250000 
  63
0.563606 0.003218 0.046210 
0.393861 0.993426 0.462022 
0.044818 0.003345 0.491768 
0.003878 0.003878 0.003878 0.988365 
0.250000 0.250000 0.250000 0.250000 
  64
0.593880 0.003207 0.046210 
0.361302 0.993448 0.462022 
0.044818 0.003345 0.491768 
0.962535 0.029708 0.003878 0.003878 
0.250000 0.250000 0.250000 0.250000 
  65
0.585648 0.003207 0.046210 
0.369535 0.993448 0.462022 
0.045190 0.003344 0.491768 
0.003876 0.003876 0.006515 0.985733 
0.250000 0.250000 0.250000 0.250000 
  66
0.501619 0.003205 0.046210 
0.453192 0.993452 0.462022 
0.049599 0.003325 0.491768 
0.003849 0.003849 0.003849 0.988452 
0.250000 0.250000 0.250000 0.250000 
  67
0.548000 0.003187 0.046210 
0.402402 0.993488 0.462022 
0.049726 0.003324 0.491768 
0.986932 0.004732 0.003848 0.004487 
0.250000 0.250000 0.250000 0.250000 
  68
0.526172 0.003187 0.046210 
0.424102 0.993489 0.462022 
0.050908 0.003320 0.491768 
0.003842 0.003842 0.003842 0.988473 
0.250000 0.250000 0.250000 0.250000 
  69
0.538688 0.003182 0.046210 
0.410404 0.993497 0.462022 
0.050908 0.003320 0.491768 
0.003842 0.003842 0.987777 0.004539 
0.250000 0.250000 0.250000 0.250000 
  70
0.536380 0.003182 0.046210 
0.412712 0.993497 0.462022 
0.051026 0.003320 0.491768 
0.985711 0.005654 0.004793 0.003842 
0.250000 0.250000 0.250000 0.250000 
  71
0.531166 0.003182 0.046210 
0.417807 0.993498 0.462022 
0.051358 0.003318 0.491768 
0.004395 0.003840 0.982568 0.009197 
0.250000 0.250000 0.250000 0.250000 
  72
0.534617 0.003181 0.046210 
0.414025 0.993501 0.462022 
0.051358 0.003318 0.491768 
0.004356 0.003840 0.003840 0.987964 
0.250000 0.250000 0.250000 0.250000 
  73
0.529669 0.003181 0.046210 
0.418973 0.993501 0.462022 
0.051613 0.003318 0.491768 
0.982541 0.008559 0.003839 0.005061 
0.250000 0.250000 0.250000 0.250000 
  74
0.532303 0.003180 0.046210 
0.416084 0.993502 0.462022 
0.051613 0.003318 0.491768 
0.003839 0.003839 0.003839 0.988484 
0.250000 0.250000 0.250000 0.250000 
  75
0.532303 0.003180 0.046210 
0.416084 0.993502 0.462022 
0.051613 0.003318 0.491768 
0.986860 0.004240 0.005061 0.003839 
0.250000 0.250000 0.250000 0.250000 
  76
0.532303 0.003180 0.046210 
0.416084 0.993502 0.462022 
0.051613 0.003318 0.491768 
0.003839 0.005061 0.003839 0.987261 
0.250000 0.250000 0.250000 0.250000 
  77
0.532303 0.003180 0.046210 
0.416084 0.993502 0.462022 
0.051613 0.003318 0.491768 
0.005792 0.983859 0.003842 0.006508 
0.250000 0.250000 0.250000 0.250000 
  78
0.532303 0.003180 0.046210 
0.416084 0.993502 0.462022 
0.051613 0.003318 0.491768 
0.003839 0.003839 0.005479 0.986844 
0.250000 0.250000 0.250000 0.250000 
  79
0.532303 0.003180 0.046210 
0.416084 0.993502 0.462022 
0.051613 0.003318 0.491768 
0.015259 0.976403 0.003839 0.004499 
0.250000 0.250000 0.250000 0.250000 
  80
0.522890 0.003180 0.046210 
0.425497 0.993502 0.462022 
0.052103 0.003316 0.491768 
0.003836 0.003836 0.003836 0.988491 
0.250000 0.250000 0.250000 0.250000 
  81
0.527859 0.003178 0.046210 
0.420038 0.993506 0.462022 
0.052103 0.003316 0.491768 
0.003836 0.003836 0.988491 0.003836 
0.250000 0.250000 0.250000 0.250000 
  82
0.527859 0.003178 0.046210 
0.420038 0.993506 0.462022 
0.052103 0.003316 0.491768 
0.987829 0.004499 0.003836 0.003836 
0.250000 0.250000 0.250000 0.250000 
  83
0.527859 0.003178 0.046210 
0.420038 0.993506 0.462022 
0.052103 0.003316 0.491768 
0.004348 0.987978 0.003837 0.003837 
0.250000 0.250000 0.250000 0.250000 
  84
0.516968 0.003178 0.046210 
0.430929 0.993506 0.462022 
0.052677 0.003314 0.491768 
0.003835 0.003835 0.980141 0.012188 
0.250000 0.250000 0.250000 0.250000 
  85
0.522660 0.003177 0.046210 
0.424663 0.993509 0.462022 
0.052677 0.003314 0.491768 
0.003833 0.003833 0.045513 0.946820 
0.250000 0.250000 0.250000 0.250000 
  86
0.519898 0.003177 0.046210 
0.427424 0.993509 0.462022 
0.052823 0.003313 0.491768 
0.003833 0.003833 0.003833 0.988502 
0.250000 0.250000 0.250000 0.250000 
  87
0.521338 0.003176 0.046210 
0.425839 0.993510 0.462022 
0.052823 0.003313 0.491768 
0.003833 0.003833 0.892785 0.099548 
0.250000 0.250000 0.250000 0.250000 
  88
0.518837 0.003176 0.046210 
0.428340 0.993510 0.462022 
0.052956 0.003313 0.491768 
0.987000 0.004202 0.004148 0.004650 
0.250000 0.250000 0.250000 0.250000 
  89
0.494916 0.003176 0.046210 
0.452129 0.993511 0.462022 
0.054326 0.003309 0.491768 
0.003826 0.003826 0.115871 0.876478 
0.250000 0.250000 0.250000 0.250000 
  90
0.507722 0.003171 0.046210 
0.437953 0.993520 0.462022 
0.054326 0.003309 0.491768 
0.003826 0.003826 0.004528 0.987820 
0.250000 0.250000 0.250000 0.250000 
  91
0.507722 0.004202 0.046210 
0.437953 0.992489 0.462022 
0.053264 0.003312 0.491768 
0.465110 0.526594 0.003831 0.004466 
0.250000 0.250000 0.250000 0.250000 
  92
0.496348 0.003175 0.046210 
0.450388 0.993513 0.462022 
0.054406 0.003308 0.491768 
0.003825 0.004421 0.003825 0.987928 
0.250000 0.250000 0.250000 0.250000 
  93
0.506993 0.003171 0.046210 
0.438601 0.993520 0.462022 
0.054406 0.003308 0.491768 
0.003825 0.003825 0.988524 0.003825 
0.250000 0.250000 0.250000 0.250000 
  94
0.504272 0.003171 0.046210 
0.441322 0.993520 0.462022 
0.054555 0.003308 0.491768 
0.986880 0.004748 0.003825 0.004547 
0.250000 0.250000 0.250000 0.250000 
  95
0.477679 0.003171 0.046210 
0.467767 0.993521 0.462022 
0.056124 0.003303 0.491768 
0.003819 0.003819 0.005436 0.986927 
0.250000 0.250000 0.250000 0.250000 
  96
0.491423 0.003166 0.046210 
0.452452 0.993531 0.462022 
0.056124 0.003303 0.491768 
0.986560 0.003818 0.005804 0.003818 
0.250000 0.250000 0.250000 0.250000 
  97
0.491423 0.003166 0.046210 
0.452452 0.993531 0.462022 
0.056124 0.003303 0.491768 
0.003818 0.003818 0.983874 0.008490 
0.250000 0.250000 0.250000 0.250000 
  98
0.491423 0.003166 0.046210 
0.452452 0.993531 0.462022 
0.056124 0.003303 0.491768 
0.003818 0.003818 0.004689 0.987675 
0.250000 0.250000 0.250000 0.250000 
  99
0.491423 0.003166 0.046210 
0.452452 0.993531 0.462022 
0.056124 0.003303 0.491768 
0.003819 0.003819 0.007226 0.985137 
0.250000 0.250000 0.250000 0.250000 
 100
0.491423 0.003166 0.046210 
0.452452 0.993531 0.462022 
0.056124 0.003303 0.491768 
0.984504 0.007860 0.003818 0.003818 
0.250000 0.250000 0.250000 0.250000 
 101
0.488546 0.003166 0.046210 
0.455329 0.993531 0.462022 
0.056286 0.003303 0.491768 
0.003817 0.003817 0.961289 0.031076 
0.250000 0.250000 0.250000 0.250000 
 102
0.489956 0.003166 0.046210 
0.453758 0.993532 0.462022 
0.056286 0.003303 0.491768 
0.003817 0.003817 0.004311 0.988054 
0.250000 0.250000 0.250000 0.250000 
 103
0.489956 0.003166 0.046210 
0.453758 0.993532 0.462022 
0.056286 0.003303 0.491768 
0.924191 0.067748 0.004243 0.003817 
0.250000 0.250000 0.250000 0.250000 
 104
0.489956 0.003166 0.046210 
0.453758 0.993532 0.462022 
0.056286 0.003303 0.491768 
0.003818 0.003818 0.004429 0.987934 
0.250000 0.250000 0.250000 0.250000 
 105
0.489956 0.003166 0.046210 
0.453758 0.993532 0.462022 
0.056286 0.003303 0.491768 
0.988548 0.003817 0.003817 0.003817 
0.250000 0.250000 0.250000 0.250000 
 106
0.489956 0.003166 0.046210 
0.453758 0.993532 0.462022 
0.056286 0.003303 0.491768 
0.003817 0.003817 0.006668 0.985697 
0.250000 0.250000 0.250000 0.250000 
 107
0.489956 0.003166 0.046210 
0.453758 0.993532 0.462022 
0.056286 0.003303 0.491768 
0.006306 0.004631 0.004466 0.984597 
0.250000 0.250000 0.250000 0.250000 
 108
0.487661 0.003166 0.046210 
0.456053 0.993532 0.462022 
0.056416 0.003302 0.491768 
0.003825 0.004202 0.969830 0.022142 
0.250000 0.250000 0.250000 0.250000 
 109
0.488783 0.003165 0.046210 
0.454802 0.993532 0.462022 
0.056416 0.003302 0.491768 
0.005418 0.986563 0.003817 0.004202 
0.250000 0.250000 0.250000 0.250000 
 110
0.488783 0.003165 0.046210 
0.454802 0.993532 0.462022 
0.056416 0.003302 0.491768 
0.005107 0.987259 0.003817 0.003817 
0.250000 0.250000 0.250000 0.250000 
 111
0.488783 0.003165 0.046210 
0.454802 0.993532 0.462022 
0.056416 0.003302 0.491768 
0.972284 0.020082 0.003817 0.003817 
0.250000 0.250000 0.250000 0.250000 
 112
0.488783 0.003165 0.046210 
0.454802 0.993532 0.462022 
0.056416 0.003302 0.491768 
0.003817 0.003817 0.006338 0.986028 
0.250000 0.250000 0.250000 0.250000 
 113
0.484394 0.003165 0.046210 
0.459190 0.993532 0.462022 
0.056664 0.003302 0.491768 
0.974401 0.017448 0.004334 0.003816 
0.250000 0.250000 0.250000 0.250000 
 114
0.486529 0.003165 0.046210 
0.456806 0.993534 0.462022 
0.056664 0.003302 0.491768 
0.003816 0.003816 0.005289 0.987079 
0.250000 0.250000 0.250000 0.250000 
 115
0.486529 0.003165 0.046210 
0.456806 0.993534 0.462022 
0.056664 0.003302 0.491768 
0.983727 0.008642 0.003816 0.003816 
0.250000 0.250000 0.250000 0.250000 
 116
0.486529 0.003165 0.046210 
0.456806 0.993534 0.462022 
0.056664 0.003302 0.491768 
0.004356 0.003816 0.004364 0.987465 
0.250000 0.250000 0.250000 0.250000 
 117
0.486529 0.003165 0.046210 
0.456806 0.993534 0.462022 
0.056664 0.003302 0.491768 
0.004486 0.004629 0.004267 0.986618 
0.250000 0.250000 0.250000 0.250000 
 118
0.486529 0.003165 0.046210 
0.456806 0.993534 0.462022 
0.056664 0.003302 0.491768 
0.014069 0.977628 0.003817 0.004487 
0.250000 0.250000 0.250000 0.250000 
 119
0.483136 0.003165 0.046210 
0.460199 0.993534 0.462022 
0.056857 0.003301 0.491768 
0.003816 0.003816 0.985706 0.006662 
0.250000 0.250000 0.250000 0.250000 
 120
0.484781 0.003164 0.046210 
0.458361 0.993535 0.462022 
0.056857 0.003301 0.491768 
0.004664 0.003816 0.005252 0.986269 
0.250000 0.250000 0.250000 0.250000 
 121
0.484781 0.003316 0.046210 
0.458361 0.993383 0.462022 
0.056683 0.003301 0.491768 
0.987514 0.004222 0.004449 0.003816 
0.250000 0.250000 0.250000 0.250000 
 122
0.483297 0.003165 0.046210 
0.460020 0.993534 0.462022 
0.056857 0.003301 0.491768 
0.987291 0.005079 0.003815 0.003815 
0.250000 0.250000 0.250000 0.250000 
 123
0.484781 0.003164 0.046210 
0.458361 0.993535 0.462022 
0.056857 0.003301 0.491768 
0.980855 0.010251 0.005079 0.003815 
0.250000 0.250000 0.250000 0.250000 
 124
0.484781 0.003164 0.046210 
0.458361 0.993535 0.462022 
0.056857 0.003301 0.491768 
0.972078 0.020292 0.003815 0.003815 
0.250000 0.250000 0.250000 0.250000 
 125
0.484781 0.003164 0.046210 
0.458361 0.993535 0.462022 
0.056857 0.003301 0.491768 
0.003815 0.004395 0.006398 0.985392 
0.250000 0.250000 0.250000 0.250000 
 126
0.484781 0.003164 0.046210 
0.458361 0.993535 0.462022 
0.056857 0.003301 0.491768 
0.003815 0.003815 0.005550 0.986820 
0.250000 0.250000 0.250000 0.250000 
 127
0.484781 0.003164 0.046210 
0.458361 0.993535 0.462022 
0.056857 0.003301 0.491768 
0.004406 0.003815 0.577810 0.413969 
0.250000 0.250000 0.250000 0.250000 
 128
0.484781 0.003164 0.046210 
0.458361 0.993535 0.462022 
0.056857 0.003301 0.491768 
0.004209 0.003816 0.100046 0.891929 
0.250000 0.250000 0.250000 0.250000 
 129
0.484781 0.003164 0.046210 
0.458361 0.993535 0.462022 
0.056857 0.003301 0.491768 
0.003815 0.003815 0.981097 0.011273 
0.250000 0.250000 0.250000 0.250000 
 130
0.484781 0.003164 0.046210 
0.458361 0.993535 0.462022 
0.056857 0.003301 0.491768 
0.987117 0.004680 0.003815 0.004388 
0.250000 0.250000 0.250000 0.250000 
 131
0.482204 0.003164 0.046210 
0.460939 0.993535 0.462022 
0.057004 0.003301 0.491768 
0.020787 0.003815 0.885618 0.089779 
0.250000 0.250000 0.250000 0.250000 
 132
0.483450 0.011566 0.046210 
0.459546 0.985134 0.462022 
0.048682 0.003329 0.491768 
0.160564 0.142795 0.686408 0.010233 
0.250000 0.250000 0.250000 0.250000 
 133
0.558865 0.003191 0.046210 
0.392453 0.993481 0.462022 
0.048682 0.003329 0.491768 
0.907406 0.081244 0.007496 0.003854 
0.250000 0.250000 0.250000 0.250000 
 134
0.558865 0.003191 0.046210 
0.392453 0.993481 0.462022 
0.048682 0.003329 0.491768 
0.984368 0.005371 0.006407 0.003854 
0.250000 0.250000 0.250000 0.250000 
 135
0.412868 0.003191 0.046210 
0.538451 0.993481 0.462022 
0.057004 0.003301 0.491768 
0.016344 0.004215 0.975626 0.003814 
0.250000 0.250000 0.250000 0.250000 
 136
0.483450 0.003164 0.046210 
0.459546 0.993536 0.462022 
0.057004 0.003301 0.491768 
0.985537 0.006835 0.003814 0.003814 
0.250000 0.250000 0.250000 0.250000 
 137
0.483450 0.003164 0.046210 
0.459546 0.993536 0.462022 
0.057004 0.003301 0.491768 
0.060716 0.931655 0.003814 0.003814 
0.250000 0.250000 0.250000 0.250000 
 138
0.483450 0.003164 0.046210 
0.459546 0.993536 0.462022 
0.057004 0.003301 0.491768 
0.986149 0.006222 0.003814 0.003814 
0.250000 0.250000 0.250000 0.250000 
 139
0.483450 0.003164 0.046210 
0.459546 0.993536 0.462022 
0.057004 0.003301 0.491768 
0.985507 0.006864 0.003814 0.003814 
0.250000 0.250000 0.250000 0.250000 
 140
0.483450 0.003164 0.046210 
0.459546 0.993536 0.462022 
0.057004 0.003301 0.491768 
0.974125 0.017320 0.004741 0.003814 
0.250000 0.250000 0.250000 0.250000 
 141
0.483450 0.003164 0.046210 
0.459546 0.993536 0.462022 
0.057004 0.003301 0.491768 
0.004919 0.006414 0.040571 0.948096 
0.250000 0.250000 0.250000 0.250000 
 142
0.483450 0.003164 0.046210 
0.459546 0.993536 0.462022 
0.057004 0.003301 0.491768 
0.885933 0.010100 0.005568 0.098399 
0.250000 0.250000 0.250000 0.250000 
 143
0.483450 0.003164 0.046210 
0.459546 0.993536 0.462022 
0.057004 0.003301 0.491768 
0.984436 0.005739 0.004906 0.004919 
0.250000 0.250000 0.250000 0.250000 
 144
0.483450 0.003164 0.046210 
0.459546 0.993536 0.462022 
0.057004 0.003301 0.491768 
0.008110 0.003814 0.944293 0.043782 
0.250000 0.250000 0.250000 0.250000 
 145
0.480663 0.003164 0.046210 
0.462333 0.993536 0.462022 
0.057164 0.003300 0.491768 
0.004280 0.004427 0.007162 0.984132 
0.250000 0.250000 0.250000 0.250000 
 146
0.482006 0.003163 0.046210 
0.460830 0.993537 0.462022 
0.057164 0.003300 0.491768 
0.005413 0.986959 0.003814 0.003814 
0.250000 0.250000 0.250000 0.250000 
 147
0.482006 0.003163 0.046210 
0.460830 0.993537 0.462022 
0.057164 0.003300 0.491768 
0.003814 0.004788 0.986637 0.004760 
0.250000 0.250000 0.250000 0.250000 
 148
0.482006 0.003163 0.046210 
0.460830 0.993537 0.462022 
0.057164 0.003300 0.491768 
0.982873 0.005863 0.007054 0.004210 
0.250000 0.250000 0.250000 0.250000 
 149
0.482006 0.003163 0.046210 
0.460830 0.993537 0.462022 
0.057164 0.003300 0.491768 
0.004224 0.004514 0.982673 0.008589 
0.250000 0.250000 0.250000 0.250000 
 150
0.482006 0.003163 0.046210 
0.460830 0.993537 0.462022 
0.057164 0.003300 0.491768 
0.004591 0.004649 0.985802 0.004959 
0.250000 0.250000 0.250000 0.250000 
 151
0.482006 0.003163 0.046210 
0.460830 0.993537 0.462022 
0.057164 0.003300 0.491768 
0.987873 0.003814 0.003814 0.004500 
0.250000 0.250000 0.250000 0.250000 
 152
0.482006 0.003163 0.046210 
0.460830 0.993537 0.462022 
0.057164 0.003300 0.491768 
0.972636 0.018190 0.005361 0.003814 
0.250000 0.250000 0.250000 0.250000 
 153
0.482006 0.003163 0.046210 
0.460830 0.993537 0.462022 
0.057164 0.003300 0.491768 
0.005810 0.003816 0.702608 0.287766 
0.250000 0.250000 0.250000 0.250000 
 154
0.482006 0.003163 0.046210 
0.460830 0.993537 0.462022 
0.057164 0.003300 0.491768 
0.982289 0.007850 0.003814 0.006047 
0.250000 0.250000 0.250000 0.250000 
 155
0.482006 0.003163 0.046210 
0.460830 0.993537 0.462022 
0.057164 0.003300 0.491768 
0.982051 0.008302 0.005833 0.003814 
0.250000 0.250000 0.250000 0.250000 
 156
0.482006 0.003163 0.046210 
0.460830 0.993537 0.462022 
0.057164 0.003300 0.491768 
0.004134 0.004832 0.016865 0.974169 
0.250000 0.250000 0.250000 0.250000 
 157
0.482006 0.003163 0.046210 
0.460830 0.993537 0.462022 
0.057164 0.003300 0.491768 
0.015388 0.976982 0.003815 0.003815 
0.250000 0.250000 0.250000 0.250000 
 158
0.482006 0.003163 0.046210 
0.460830 0.993537 0.462022 
0.057164 0.003300 0.491768 
0.007412 0.003814 0.849597 0.139178 
0.250000 0.250000 0.250000 0.250000 
 159
0.482006 0.003163 0.046210 
0.460830 0.993537 0.462022 
0.057164 0.003300 0.491768 
0.003815 0.004759 0.984199 0.007227 
0.250000 0.250000 0.250000 0.250000 
 160
0.482006 0.003163 0.046210 
0.460830 0.993537 0.462022 
0.057164 0.003300 0.491768 
0.962888 0.029076 0.004222 0.003814 
0.250000 0.250000 0.250000 0.250000 
 161
0.482006 0.003163 0.046210 
0.460830 0.993537 0.462022 
0.057164 0.003300 0.491768 
0.003814 0.004643 0.008922 0.982620 
0.250000 0.250000 0.250000 0.250000 
 162
0.482006 0.003163 0.046210 
0.460830 0.993537 0.462022 
0.057164 0.003300 0.491768 
0.003814 0.003814 0.006507 0.985865 
0.250000 0.250000 0.250000 0.250000 
 163
0.482006 0.003163 0.046210 
0.460830 0.993537 0.462022 
0.057164 0.003300 0.491768 
0.055089 0.937281 0.003815 0.003815 
0.250000 0.250000 0.250000 0.250000 
 164
0.482006 0.003163 0.046210 
0.460830 0.993537 0.462022 
0.057164 0.003300 0.491768 
0.014875 0.977121 0.003814 0.004190 
0.250000 0.250000 0.250000 0.250000 
 165
0.482006 0.003163 0.046210 
0.460830 0.993537 0.462022 
0.057164 0.003300 0.491768 
0.981563 0.009866 0.004758 0.003814 
0.250000 0.250000 0.250000 0.250000 
 166
0.482006 0.003163 0.046210 
0.460830 0.993537 0.462022 
0.057164 0.003300 0.491768 
0.004542 0.011087 0.038610 0.945761 
0.250000 0.250000 0.250000 0.250000 
 167
0.482006 0.003163 0.046210 
0.460830 0.993537 0.462022 
0.057164 0.003300 0.491768 
0.003814 0.003814 0.004313 0.988059 
0.250000 0.250000 0.250000 0.250000 
 168
0.482006 0.003163 0.046210 
0.460830 0.993537 0.462022 
0.057164 0.003300 0.491768 
0.011644 0.970315 0.013826 0.004214 
0.250000 0.250000 0.250000 0.250000 
 169
0.482006 0.003163 0.046210 
0.460830 0.993537 0.462022 
0.057164 0.003300 0.491768 
0.003814 0.004551 0.053616 0.938019 
0.250000 0.250000 0.250000 0.250000 
 170
0.482006 0.003163 0.046210 
0.460830 0.993537 0.462022 
0.057164 0.003300 0.491768 
0.032380 0.959575 0.003814 0.004231 
0.250000 0.250000 0.250000 0.250000 
 171
0.482006 0.003163 0.046210 
0.460830 0.993537 0.462022 
0.057164 0.003300 0.491768 
0.003814 0.003814 0.982575 0.009797 
0.250000 0.250000 0.250000 0.250000 
 172
0.482006 0.003163 0.046210 
0.460830 0.993537 0.462022 
0.057164 0.003300 0.491768 
0.941035 0.051338 0.003814 0.003814 
0.250000 0.250000 0.250000 0.250000 
 173
0.482006 0.003163 0.046210 
0.460830 0.993537 0.462022 
0.057164 0.003300 0.491768 
0.985312 0.007061 0.003814 0.003814 
0.250000 0.250000 0.250000 0.250000 
 174
0.482006 0.003163 0.046210 
0.460830 0.993537 0.462022 
0.057164 0.003300 0.491768 
0.987231 0.004556 0.004400 0.003814 
0.250000 0.250000 0.250000 0.250000 
 175
0.482006 0.003163 0.046210 
0.460830 0.993537 0.462022 
0.057164 0.003300 0.491768 
0.003814 0.003814 0.967850 0.024522 
0.250000 0.250000 0.250000 0.250000 
 176
0.482006 0.003163 0.046210 
0.460830 0.993537 0.462022 
0.057164 0.003300 0.491768 
0.020053 0.971926 0.003814 0.004207 
0.250000 0.250000 0.250000 0.250000 
 177
0.482006 0.003163 0.046210 
0.460830 0.993537 0.462022 
0.057164 0.003300 0.491768 
0.003814 0.003814 0.981817 0.010555 
0.250000 0.250000 0.250000 0.250000 
 178
0.482006 0.003163 0.046210 
0.460830 0.993537 0.462022 
0.057164 0.003300 0.491768 
0.983838 0.008108 0.003814 0.004240 
0.250000 0.250000 0.250000 0.250000 
 179
0.482006 0.003163 0.046210 
0.460830 0.993537 0.462022 
0.057164 0.003300 0.491768 
0.004540 0.003815 0.003815 0.987830 
0.250000 0.250000 0.250000 0.250000 
 180
0.482006 0.003163 0.046210 
0.460830 0.993537 0.462022 
0.057164 0.003300 0.491768 
0.003814 0.003814 0.988557 0.003814 
0.250000 0.250000 0.250000 0.250000 
 181
0.482006 0.003163 0.046210 
0.460830 0.993537 0.462022 
0.057164 0.003300 0.491768 
0.985347 0.006555 0.004285 0.003814 
0.250000 0.250000 0.250000 0.250000 
 182
0.482006 0.003163 0.046210 
0.460830 0.993537 0.462022 
0.057164 0.003300 0.491768 
0.983255 0.009117 0.003814 0.003814 
0.250000 0.250000 0.250000 0.250000 
 183
0.482006 0.003163 0.046210 
0.460830 0.993537 0.462022 
0.057164 0.003300 0.491768 
0.984188 0.006231 0.005768 0.003814 
0.250000 0.250000 0.250000 0.250000 
 184
0.482006 0.003163 0.046210 
0.460830 0.993537 0.462022 
0.057164 0.003300 0.491768 
0.004195 0.003814 0.006821 0.985170 
0.250000 0.250000 0.250000 0.250000 
 185
0.482006 0.003163 0.046210 
0.460830 0.993537 0.462022 
0.057164 0.003300 0.491768 
0.004998 0.975952 0.004250 0.014801 
0.250000 0.250000 0.250000 0.250000 
 186
0.482006 0.003163 0.046210 
0.460830 0.993537 0.462022 
0.057164 0.003300 0.491768 
0.003815 0.004220 0.014026 0.977939 
0.250000 0.250000 0.250000 0.250000 
 187
0.482006 0.003163 0.046210 
0.460830 0.993537 0.462022 
0.057164 0.003300 0.491768 
0.004247 0.003814 0.012232 0.979707 
0.250000 0.250000 0.250000 0.250000 
 188
0.482006 0.003163 0.046210 
0.460830 0.993537 0.462022 
0.057164 0.003300 0.491768 
0.003814 0.003814 0.988559 0.003814 
0.250000 0.250000 0.250000 0.250000 
 189
0.482006 0.003163 0.046210 
0.460830 0.993537 0.462022 
0.057164 0.003300 0.491768 
0.984618 0.003814 0.007755 0.003814 
0.250000 0.250000 0.250000 0.250000 
 190
0.482006 0.003163 0.046210 
0.460830 0.993537 0.462022 
0.057164 0.003300 0.491768 
0.011688 0.893154 0.003814 0.091345 
0.250000 0.250000 0.250000 0.250000 
 191
0.482006 0.003163 0.046210 
0.460830 0.993537 0.462022 
0.057164 0.003300 0.491768 
0.011545 0.980826 0.003814 0.003814 
0.250000 0.250000 0.250000 0.250000 
 192
0.482006 0.003163 0.046210 
0.460830 0.993537 0.462022 
0.057164 0.003300 0.491768 
0.004741 0.003815 0.985476 0.005969 
0.250000 0.250000 0.250000 0.250000 
 193
0.482006 0.003163 0.046210 
0.460830 0.993537 0.462022 
0.057164 0.003300 0.491768 
0.004327 0.005091 0.015326 0.975255 
0.250000 0.250000 0.250000 0.250000 
 194
0.482006 0.003163 0.046210 
0.460830 0.993537 0.462022 
0.057164 0.003300 0.491768 
0.006708 0.984689 0.003815 0.004787 
0.250000 0.250000 0.250000 0.250000 
 195
0.482006 0.003163 0.046210 
0.460830 0.993537 0.462022 
0.057164 0.003300 0.491768 
0.003814 0.004700 0.006099 0.985386 
0.250000 0.250000 0.250000 0.250000 
 196
0.482006 0.003163 0.046210 
0.460830 0.993537 0.462022 
0.057164 0.003300 0.491768 
0.011229 0.981142 0.003815 0.003815 
0.250000 0.250000 0.250000 0.250000 
 197
0.482006 0.003163 0.046210 
0.460830 0.993537 0.462022 
0.057164 0.003300 0.491768 
0.987991 0.004382 0.003814 0.003814 
0.250000 0.250000 0.250000 0.250000 
 198
0.482006 0.003163 0.046210 
0.460830 0.993537 0.462022 
0.057164 0.003300 0.491768 
0.988559 0.003814 0.003814 0.003814 
0.250000 0.250000 0.250000 0.250000 
 199
0.482006 0.003163 0.046210 
0.460830 0.993537 0.462022 
0.057164 0.003300 0.491768 
0.003814 0.003814 0.884869 0.107504 
0.250000 0.250000 0.250000 0.250000 
 200
0.482006 0.003163 0.046210 
0.460830 0.993537 0.462022 
0.057164 0.003300 0.491768 
0.005451 0.003814 0.982911 0.007824 
0.250000 0.250000 0.250000 0.250000 
 201
0.482006 0.003163 0.046210 
0.460830 0.993537 0.462022 
0.057164 0.003300 0.491768 
0.107898 0.879641 0.003814 0.008647 
0.250000 0.250000 0.250000 0.250000 
 202
0.482006 0.003163 0.046210 
0.460830 0.993537 0.462022 
0.057164 0.003300 0.491768 
0.003814 0.003814 0.009701 0.982672 
0.250000 0.250000 0.250000 0.250000 
 203
0.482006 0.003163 0.046210 
0.460830 0.993537 0.462022 
0.057164 0.003300 0.491768 
0.003814 0.003814 0.004310 0.988062 
0.250000 0.250000 0.250000 0.250000 
 204
0.482006 0.003163 0.046210 
0.460830 0.993537 0.462022 
0.057164 0.003300 0.491768 
0.003814 0.003814 0.988559 0.003814 
0.250000 0.250000 0.250000 0.250000 
 205
0.482006 0.003163 0.046210 
0.460830 0.993537 0.462022 
0.057164 0.003300 0.491768 
0.003815 0.003815 0.005254 0.987116 
0.250000 0.250000 0.250000 0.250000 
 206
0.482006 0.003163 0.046210 
0.460830 0.993537 0.462022 
0.057164 0.003300 0.491768 
0.010724 0.980398 0.003814 0.005065 
0.250000 0.250000 0.250000 0.250000 
 207
0.482006 0.003163 0.046210 
0.460830 0.993537 0.462022 
0.057164 0.003300 0.491768 
0.004219 0.003814 0.984356 0.007611 
0.250000 0.250000 0.250000 0.250000 
 208
0.482006 0.003163 0.046210 
0.460830 0.993537 0.462022 
0.057164 0.003300 0.491768 
0.985394 0.006083 0.004204 0.004318 
0.250000 0.250000 0.250000 0.250000 
 209
0.482006 0.003163 0.046210 
0.460830 0.993537 0.462022 
0.057164 0.003300 0.491768 
0.853246 0.138256 0.004681 0.003817 
0.250000 0.250000 0.250000 0.250000 
 210
0.482006 0.003163 0.046210 
0.460830 0.993537 0.462022 
0.057164 0.003300 0.491768 
0.004197 0.003814 0.987760 0.004229 
0.250000 0.250000 0.250000 0.250000 
 211
0.482006 0.003163 0.046210 
0.460830 0.993537 0.462022 
0.057164 0.003300 0.491768 
0.987661 0.004712 0.003814 0.003814 
0.250000 0.250000 0.250000 0.250000 
 212
0.482006 0.003163 0.046210 
0.460830 0.993537 0.462022 
0.057164 0.003300 0.491768 
0.971440 0.020933 0.003814 0.003814 
0.250000 0.250000 0.250000 0.250000 
 213
0.482006 0.003163 0.046210 
0.460830 0.993537 0.462022 
0.057164 0.003300 0.491768 
0.986487 0.005886 0.003814 0.003814 
0.250000 0.250000 0.250000 0.250000 
 214
0.482006 0.003163 0.046210 
0.460830 0.993537 0.462022 
0.057164 0.003300 0.491768 
0.987519 0.004460 0.003814 0.004207 
0.250000 0.250000 0.250000 0.250000 
 215
0.482006 0.003163 0.046210 
0.460830 0.993537 0.462022 
0.057164 0.003300 0.491768 
0.006287 0.986084 0.003814 0.003814 
0.250000 0.250000 0.250000 0.250000 
 216
0.482006 0.003163 0.046210 
0.460830 0.993537 0.462022 
0.057164 0.003300 0.491768 
0.059033 0.933339 0.003814 0.003814 
0.250000 0.250000 0.250000 0.250000 
 217
0.482006 0.003163 0.046210 
0.460830 0.993537 0.462022 
0.057164 0.003300 0.491768 
0.018629 0.973743 0.003814 0.003814 
0.250000 0.250000 0.250000 0.250000 
 218
0.482006 0.003163 0.046210 
0.460830 0.993537 0.462022 
0.057164 0.003300 0.491768 
0.064462 0.924742 0.003814 0.006982 
0.250000 0.250000 0.250000 0.250000 
 219
0.482006 0.003163 0.046210 
0.460830 0.993537 0.462022 
0.057164 0.003300 0.491768 
0.003814 0.006011 0.005221 0.984954 
0.250000 0.250000 0.250000 0.250000 
 220
0.482006 0.003163 0.046210 
0.460830 0.993537 0.462022 
0.057164 0.003300 0.491768 
0.007551 0.984188 0.003814 0.004447 
0.250000 0.250000 0.250000 0.250000 
 221
0.482006 0.003163 0.046210 
0.460830 0.993537 0.462022 
0.057164 0.003300 0.491768 
0.983428 0.008522 0.003816 0.004234 
0.250000 0.250000 0.250000 0.250000 
 222
0.482006 0.003163 0.046210 
0.460830 0.993537 0.462022 
0.057164 0.003300 0.491768 
0.006190 0.003814 0.979581 0.010415 
0.250000 0.250000 0.250000 0.250000 
 223
0.482006 0.003163 0.046210 
0.460830 0.993537 0.462022 
0.057164 0.003300 0.491768 
0.985694 0.005840 0.003814 0.004652 
0.250000 0.250000 0.250000 0.250000 
 224
0.482006 0.003163 0.046210 
0.460830 0.993537 0.462022 
0.057164 0.003300 0.491768 
0.004200 0.003817 0.762569 0.229415 
0.250000 0.250000 0.250000 0.250000 
 225
0.482006 0.003163 0.046210 
0.460830 0.993537 0.462022 
0.057164 0.003300 0.491768 
0.003814 0.003814 0.029097 0.963276 
0.250000 0.250000 0.250000 0.250000 
 226
0.482006 0.003163 0.046210 
0.460830 0.993537 0.462022 
0.057164 0.003300 0.491768 
0.003814 0.003814 0.007204 0.985169 
0.250000 0.250000 0.250000 0.250000 
 227
0.482006 0.003163 0.046210 
0.460830 0.993537 0.462022 
0.057164 0.003300 0.491768 
0.004491 0.004217 0.984981 0.006312 
0.250000 0.250000 0.250000 0.250000 
 228
0.482006 0.003163 0.046210 
0.460830 0.993537 0.462022 
0.057164 0.003300 0.491768 
0.003814 0.004873 0.017745 0.973568 
0.250000 0.250000 0.250000 0.250000 
 229
0.482006 0.003163 0.046210 
0.460830 0.993537 0.462022 
0.057164 0.003300 0.491768 
0.009844 0.003814 0.005290 0.981052 
0.250000 0.250000 0.250000 0.250000 
 230
0.482006 0.003163 0.046210 
0.460830 0.993537 0.462022 
0.057164 0.003300 0.491768 
0.006767 0.003814 0.982609 0.006810 
0.250000 0.250000 0.250000 0.250000 
 231
0.482006 0.003163 0.046210 
0.460830 0.993537 0.462022 
0.057164 0.003300 0.491768 
0.004128 0.004186 0.012897 0.978788 
0.250000 0.250000 0.250000 0.250000 
 232
0.482006 0.003163 0.046210 
0.460830 0.993537 0.462022 
0.057164 0.003300 0.491768 
0.005873 0.003814 0.984419 0.005895 
0.250000 0.250000 0.250000 0.250000 
 233
0.482006 0.003163 0.046210 
0.460830 0.993537 0.462022 
0.057164 0.003300 0.491768 
0.004365 0.003814 0.983770 0.008052 
0.250000 0.250000 0.250000 0.250000 
 234
0.482006 0.003163 0.046210 
0.460830 0.993537 0.462022 
0.057164 0.003300 0.491768 
0.005008 0.003815 0.987362 0.003815 
0.250000 0.250000 0.250000 0.250000 
 235
0.482006 0.003163 0.046210 
0.460830 0.993537 0.462022 
0.057164 0.003300 0.491768 
0.984783 0.007589 0.003814 0.003814 
0.250000 0.250000 0.250000 0.250000 
 236
