%  SAM: /scicomp/home-pure/vfn4/Tools/label-dev/LABEL_RES/scripts/modelfromalign_Linux v3.5 (July 15, 2005) compiled 12/08/06_16:15:55
%  (c) 1992-2001 Regents of the University of California, Santa Cruz
%
%          Sequence Alignment and Modeling Software System
%         http://www.cse.ucsc.edu/research/compbio/sam.html
%
% ----------------- Citations (SAM, SAM-T2K, HMMs) --------------------
% R. Hughey, A. Krogh, Hidden Markov models for sequence analysis:
%  Extension and analysis of the basic method, CABIOS 12:95-107, 1996.
% K. Karplus, et al., What is the value added by human intervention in protein
%  structure prediction, Proteins: Stucture, Function, Genetics 45(S5):86--91, 2001.
% A. Krogh et al., Hidden Markov models in computational biology:
%  Applications to protein modeling, JMB 235:1501-1531, Feb 1994.
% ---------------------------------------------------------------------
%  2.3.4.4c_hmm   Host: rosalind01.hpc.biotech.cdc.gov    Thu Mar 30 13:55:39 2023
%  vfn4           Dir:  /scicomp/home-pure/vfn4/fluA/H5/c-2344
% ---------------------------------------------------------------------
%  Alignment weights from internal calc.  Total (28.23) Max (0.15) Min (0.03)
%  Weights from alignment method 1 (karplus), b=-1.000000, e=0.500000
MODEL --  Model from alignment file /scicomp/home-pure/vfn4/Tools/label-dev/LABEL_RES/training_data/split2/2.3.4.4c.fasta
alphabet DNA
FREQAVE
0.000000 0.000000 0.000000 
0.000000 0.000000 0.000000 
0.000000 0.000000 0.000000 
0.349420 0.227472 0.188186 0.234922 
0.349420 0.227472 0.188186 0.234922 
Begin
0.000000 0.000000 0.000000 
0.000000 0.000000 0.000000 
0.000000 0.006007 0.491768 
0.250000 0.250000 0.250000 0.250000 
0.250000 0.250000 0.250000 0.250000 
   1
0.000000 0.200589 0.046210 
0.000000 0.793404 0.462022 
0.017976 0.007461 0.491768 
0.963602 0.012133 0.012133 0.012133 
0.250000 0.250000 0.250000 0.250000 
   2
0.837104 0.007152 0.046210 
0.144919 0.985387 0.462022 
0.017976 0.007461 0.491768 
0.012133 0.012133 0.012133 0.963602 
0.250000 0.250000 0.250000 0.250000 
   3
0.837104 0.007152 0.046210 
0.144919 0.985387 0.462022 
0.017976 0.007461 0.491768 
0.012133 0.963602 0.012133 0.012133 
0.250000 0.250000 0.250000 0.250000 
   4
0.837104 0.007152 0.046210 
0.144919 0.985387 0.462022 
0.017976 0.007461 0.491768 
0.016214 0.959521 0.012133 0.012133 
0.250000 0.250000 0.250000 0.250000 
   5
0.837104 0.007152 0.046210 
0.144919 0.985387 0.462022 
0.017976 0.007461 0.491768 
0.963602 0.012133 0.012133 0.012133 
0.250000 0.250000 0.250000 0.250000 
   6
0.837104 0.007152 0.046210 
0.144919 0.985387 0.462022 
0.017976 0.007461 0.491768 
0.027742 0.947992 0.012133 0.012133 
0.250000 0.250000 0.250000 0.250000 
   7
0.831886 0.007152 0.046210 
0.150137 0.985387 0.462022 
0.018071 0.007447 0.491768 
0.957444 0.018367 0.012094 0.012094 
0.250000 0.250000 0.250000 0.250000 
   8
0.836250 0.007139 0.046210 
0.145679 0.985414 0.462022 
0.018071 0.007447 0.491768 
0.944824 0.030987 0.012094 0.012094 
0.250000 0.250000 0.250000 0.250000 
   9
0.836250 0.007139 0.046210 
0.145679 0.985414 0.462022 
0.018071 0.007447 0.491768 
0.960547 0.012094 0.012094 0.015265 
0.250000 0.250000 0.250000 0.250000 
  10
0.836250 0.007139 0.046210 
0.145679 0.985414 0.462022 
0.018071 0.007447 0.491768 
0.961333 0.014479 0.012094 0.012094 
0.250000 0.250000 0.250000 0.250000 
  11
0.836250 0.007139 0.046210 
0.145679 0.985414 0.462022 
0.018071 0.007447 0.491768 
0.015265 0.012094 0.026356 0.946285 
0.250000 0.250000 0.250000 0.250000 
  12
0.836250 0.007139 0.046210 
0.145679 0.985414 0.462022 
0.018071 0.007447 0.491768 
0.960547 0.012094 0.012094 0.015265 
0.250000 0.250000 0.250000 0.250000 
  13
0.836250 0.007139 0.046210 
0.145679 0.985414 0.462022 
0.018071 0.007447 0.491768 
0.016171 0.938589 0.012094 0.033146 
0.250000 0.250000 0.250000 0.250000 
  14
0.836250 0.007139 0.046210 
0.145679 0.985414 0.462022 
0.018071 0.007447 0.491768 
0.012094 0.012094 0.012094 0.963717 
0.250000 0.250000 0.250000 0.250000 
  15
0.836250 0.007139 0.046210 
0.145679 0.985414 0.462022 
0.018071 0.007447 0.491768 
0.128834 0.837347 0.012094 0.021725 
0.250000 0.250000 0.250000 0.250000 
  16
0.836250 0.007139 0.046210 
0.145679 0.985414 0.462022 
0.018071 0.007447 0.491768 
0.037210 0.012094 0.938602 0.012094 
0.250000 0.250000 0.250000 0.250000 
  17
0.836250 0.007139 0.046210 
0.145679 0.985414 0.462022 
0.018071 0.007447 0.491768 
0.012094 0.012094 0.014211 0.961600 
0.250000 0.250000 0.250000 0.250000 
  18
0.836250 0.007139 0.046210 
0.145679 0.985414 0.462022 
0.018071 0.007447 0.491768 
0.012094 0.012094 0.012094 0.963717 
0.250000 0.250000 0.250000 0.250000 
  19
0.833744 0.007139 0.046210 
0.148185 0.985414 0.462022 
0.018116 0.007441 0.491768 
0.012076 0.012076 0.960476 0.015372 
0.250000 0.250000 0.250000 0.250000 
  20
0.835839 0.007132 0.046210 
0.146045 0.985427 0.462022 
0.018116 0.007441 0.491768 
0.012076 0.012076 0.050125 0.925723 
0.250000 0.250000 0.250000 0.250000 
  21
0.835839 0.007132 0.046210 
0.146045 0.985427 0.462022 
0.018116 0.007441 0.491768 
0.012076 0.012076 0.012076 0.963772 
0.250000 0.250000 0.250000 0.250000 
  22
0.828677 0.007132 0.046210 
0.153207 0.985427 0.462022 
0.018247 0.007422 0.491768 
0.013902 0.012040 0.845702 0.128356 
0.250000 0.250000 0.250000 0.250000 
  23
0.834654 0.007115 0.046210 
0.147099 0.985463 0.462022 
0.018247 0.007422 0.491768 
0.012024 0.012024 0.012024 0.963928 
0.250000 0.250000 0.250000 0.250000 
  24
0.834654 0.007115 0.046210 
0.147099 0.985463 0.462022 
0.018247 0.007422 0.491768 
0.014204 0.012024 0.012024 0.961748 
0.250000 0.250000 0.250000 0.250000 
  25
0.834654 0.007115 0.046210 
0.147099 0.985463 0.462022 
0.018247 0.007422 0.491768 
0.012024 0.962215 0.012024 0.013737 
0.250000 0.250000 0.250000 0.250000 
  26
0.834654 0.007115 0.046210 
0.147099 0.985463 0.462022 
0.018247 0.007422 0.491768 
0.012024 0.012024 0.765985 0.209966 
0.250000 0.250000 0.250000 0.250000 
  27
0.834654 0.007115 0.046210 
0.147099 0.985463 0.462022 
0.018247 0.007422 0.491768 
0.962180 0.013772 0.012024 0.012024 
0.250000 0.250000 0.250000 0.250000 
  28
0.834654 0.007115 0.046210 
0.147099 0.985463 0.462022 
0.018247 0.007422 0.491768 
0.041898 0.932455 0.012024 0.013623 
0.250000 0.250000 0.250000 0.250000 
  29
0.834654 0.007115 0.046210 
0.147099 0.985463 0.462022 
0.018247 0.007422 0.491768 
0.012024 0.012024 0.020770 0.955181 
0.250000 0.250000 0.250000 0.250000 
  30
0.834654 0.007115 0.046210 
0.147099 0.985463 0.462022 
0.018247 0.007422 0.491768 
0.021645 0.954307 0.012024 0.012024 
0.250000 0.250000 0.250000 0.250000 
  31
0.834654 0.007115 0.046210 
0.147099 0.985463 0.462022 
0.018247 0.007422 0.491768 
0.550112 0.425839 0.012024 0.012024 
0.250000 0.250000 0.250000 0.250000 
  32
0.834654 0.007115 0.046210 
0.147099 0.985463 0.462022 
0.018247 0.007422 0.491768 
0.012024 0.012024 0.014506 0.961446 
0.250000 0.250000 0.250000 0.250000 
  33
0.834654 0.007115 0.046210 
0.147099 0.985463 0.462022 
0.018247 0.007422 0.491768 
0.012024 0.012024 0.014142 0.961809 
0.250000 0.250000 0.250000 0.250000 
  34
0.834654 0.007115 0.046210 
0.147099 0.985463 0.462022 
0.018247 0.007422 0.491768 
0.963928 0.012024 0.012024 0.012024 
0.250000 0.250000 0.250000 0.250000 
  35
0.834654 0.007115 0.046210 
0.147099 0.985463 0.462022 
0.018247 0.007422 0.491768 
0.034043 0.941909 0.012024 0.012024 
0.250000 0.250000 0.250000 0.250000 
  36
0.834654 0.007115 0.046210 
0.147099 0.985463 0.462022 
0.018247 0.007422 0.491768 
0.017433 0.012053 0.943958 0.026556 
0.250000 0.250000 0.250000 0.250000 
  37
0.834654 0.007115 0.046210 
0.147099 0.985463 0.462022 
0.018247 0.007422 0.491768 
0.012024 0.012024 0.960116 0.015836 
0.250000 0.250000 0.250000 0.250000 
  38
0.834654 0.007115 0.046210 
0.147099 0.985463 0.462022 
0.018247 0.007422 0.491768 
0.012024 0.012024 0.021453 0.954498 
0.250000 0.250000 0.250000 0.250000 
  39
0.834654 0.007115 0.046210 
0.147099 0.985463 0.462022 
0.018247 0.007422 0.491768 
0.012024 0.014020 0.040701 0.933255 
0.250000 0.250000 0.250000 0.250000 
  40
0.834654 0.007115 0.046210 
0.147099 0.985463 0.462022 
0.018247 0.007422 0.491768 
0.012024 0.963928 0.012024 0.012024 
0.250000 0.250000 0.250000 0.250000 
  41
0.834654 0.007115 0.046210 
0.147099 0.985463 0.462022 
0.018247 0.007422 0.491768 
0.012024 0.012024 0.018215 0.957736 
0.250000 0.250000 0.250000 0.250000 
  42
0.834654 0.007115 0.046210 
0.147099 0.985463 0.462022 
0.018247 0.007422 0.491768 
0.012024 0.012024 0.038304 0.937648 
0.250000 0.250000 0.250000 0.250000 
  43
0.834654 0.007115 0.046210 
0.147099 0.985463 0.462022 
0.018247 0.007422 0.491768 
0.957651 0.018300 0.012024 0.012024 
0.250000 0.250000 0.250000 0.250000 
  44
0.834654 0.007115 0.046210 
0.147099 0.985463 0.462022 
0.018247 0.007422 0.491768 
0.961373 0.014578 0.012024 0.012024 
0.250000 0.250000 0.250000 0.250000 
  45
0.834654 0.007115 0.046210 
0.147099 0.985463 0.462022 
0.018247 0.007422 0.491768 
0.951476 0.024476 0.012024 0.012024 
0.250000 0.250000 0.250000 0.250000 
  46
0.834654 0.007115 0.046210 
0.147099 0.985463 0.462022 
0.018247 0.007422 0.491768 
0.941050 0.034902 0.012024 0.012024 
0.250000 0.250000 0.250000 0.250000 
  47
0.834654 0.007115 0.046210 
0.147099 0.985463 0.462022 
0.018247 0.007422 0.491768 
0.012024 0.963928 0.012024 0.012024 
0.250000 0.250000 0.250000 0.250000 
  48
0.834654 0.007115 0.046210 
0.147099 0.985463 0.462022 
0.018247 0.007422 0.491768 
0.012024 0.012024 0.015539 0.960413 
0.250000 0.250000 0.250000 0.250000 
  49
0.157839 0.007115 0.046210 
0.823914 0.985463 0.462022 
0.056460 0.006016 0.491768 
0.008572 0.974285 0.008572 0.008572 
0.250000 0.250000 0.250000 0.250000 
  50
0.488386 0.005767 0.046210 
0.455154 0.988217 0.462022 
0.056460 0.006016 0.491768 
0.974285 0.008572 0.008572 0.008572 
0.250000 0.250000 0.250000 0.250000 
  51
0.488386 0.005767 0.046210 
0.455154 0.988217 0.462022 
0.056460 0.006016 0.491768 
0.008572 0.008572 0.022140 0.960716 
0.250000 0.250000 0.250000 0.250000 
  52
0.488386 0.005767 0.046210 
0.455154 0.988217 0.462022 
0.056460 0.006016 0.491768 
0.008572 0.008572 0.974285 0.008572 
0.250000 0.250000 0.250000 0.250000 
  53
0.479127 0.005767 0.046210 
0.464414 0.988217 0.462022 
0.056987 0.006011 0.491768 
0.974317 0.008561 0.008561 0.008561 
0.250000 0.250000 0.250000 0.250000 
  54
0.483605 0.005762 0.046210 
0.459408 0.988227 0.462022 
0.056987 0.006011 0.491768 
0.020120 0.962758 0.008561 0.008561 
0.250000 0.250000 0.250000 0.250000 
  55
0.483605 0.005762 0.046210 
0.459408 0.988227 0.462022 
0.056987 0.006011 0.491768 
0.974317 0.008561 0.008561 0.008561 
0.250000 0.250000 0.250000 0.250000 
  56
0.483605 0.005762 0.046210 
0.459408 0.988227 0.462022 
0.056987 0.006011 0.491768 
0.008561 0.008561 0.008561 0.974317 
0.250000 0.250000 0.250000 0.250000 
  57
0.483605 0.005762 0.046210 
0.459408 0.988227 0.462022 
0.056987 0.006011 0.491768 
0.008561 0.008561 0.015288 0.967590 
0.250000 0.250000 0.250000 0.250000 
  58
0.483605 0.005762 0.046210 
0.459408 0.988227 0.462022 
0.056987 0.006011 0.491768 
0.008561 0.008561 0.008561 0.974317 
0.250000 0.250000 0.250000 0.250000 
  59
0.483605 0.005762 0.046210 
0.459408 0.988227 0.462022 
0.056987 0.006011 0.491768 
0.008561 0.974317 0.008561 0.008561 
0.250000 0.250000 0.250000 0.250000 
  60
0.483605 0.005762 0.046210 
0.459408 0.988227 0.462022 
0.056987 0.006011 0.491768 
0.008561 0.008561 0.974317 0.008561 
0.250000 0.250000 0.250000 0.250000 
  61
0.483605 0.005762 0.046210 
0.459408 0.988227 0.462022 
0.056987 0.006011 0.491768 
0.974317 0.008561 0.008561 0.008561 
0.250000 0.250000 0.250000 0.250000 
  62
0.483605 0.005762 0.046210 
0.459408 0.988227 0.462022 
0.056987 0.006011 0.491768 
0.008561 0.008561 0.008561 0.974317 
0.250000 0.250000 0.250000 0.250000 
  63
0.483605 0.005762 0.046210 
0.459408 0.988227 0.462022 
0.056987 0.006011 0.491768 
0.008561 0.008561 0.010708 0.972170 
0.250000 0.250000 0.250000 0.250000 
  64
0.483605 0.005762 0.046210 
0.459408 0.988227 0.462022 
0.056987 0.006011 0.491768 
0.008561 0.974317 0.008561 0.008561 
0.250000 0.250000 0.250000 0.250000 
  65
0.483605 0.005762 0.046210 
0.459408 0.988227 0.462022 
0.056987 0.006011 0.491768 
0.008561 0.974317 0.008561 0.008561 
0.250000 0.250000 0.250000 0.250000 
  66
0.483605 0.005762 0.046210 
0.459408 0.988227 0.462022 
0.056987 0.006011 0.491768 
0.014907 0.008561 0.008561 0.967971 
0.250000 0.250000 0.250000 0.250000 
  67
0.483605 0.005762 0.046210 
0.459408 0.988227 0.462022 
0.056987 0.006011 0.491768 
0.008561 0.008561 0.008561 0.974317 
0.250000 0.250000 0.250000 0.250000 
  68
0.483605 0.005762 0.046210 
0.459408 0.988227 0.462022 
0.056987 0.006011 0.491768 
0.974317 0.008561 0.008561 0.008561 
0.250000 0.250000 0.250000 0.250000 
  69
0.483605 0.005762 0.046210 
0.459408 0.988227 0.462022 
0.056987 0.006011 0.491768 
0.008561 0.008561 0.973049 0.009829 
0.250000 0.250000 0.250000 0.250000 
  70
0.483605 0.005762 0.046210 
0.459408 0.988227 0.462022 
0.056987 0.006011 0.491768 
0.008561 0.008561 0.974317 0.008561 
0.250000 0.250000 0.250000 0.250000 
  71
0.483605 0.005762 0.046210 
0.459408 0.988227 0.462022 
0.056987 0.006011 0.491768 
0.974317 0.008561 0.008561 0.008561 
0.250000 0.250000 0.250000 0.250000 
  72
0.483605 0.005762 0.046210 
0.459408 0.988227 0.462022 
0.056987 0.006011 0.491768 
0.008561 0.008561 0.010174 0.972704 
0.250000 0.250000 0.250000 0.250000 
  73
0.483605 0.005762 0.046210 
0.459408 0.988227 0.462022 
0.056987 0.006011 0.491768 
0.008561 0.974317 0.008561 0.008561 
0.250000 0.250000 0.250000 0.250000 
  74
0.483605 0.005762 0.046210 
0.459408 0.988227 0.462022 
0.056987 0.006011 0.491768 
0.008561 0.008561 0.974317 0.008561 
0.250000 0.250000 0.250000 0.250000 
  75
0.483605 0.005762 0.046210 
0.459408 0.988227 0.462022 
0.056987 0.006011 0.491768 
0.972869 0.010009 0.008561 0.008561 
0.250000 0.250000 0.250000 0.250000 
  76
0.483605 0.005762 0.046210 
0.459408 0.988227 0.462022 
0.056987 0.006011 0.491768 
0.974317 0.008561 0.008561 0.008561 
0.250000 0.250000 0.250000 0.250000 
  77
0.483605 0.005762 0.046210 
0.459408 0.988227 0.462022 
0.056987 0.006011 0.491768 
0.974317 0.008561 0.008561 0.008561 
0.250000 0.250000 0.250000 0.250000 
  78
0.483605 0.005762 0.046210 
0.459408 0.988227 0.462022 
0.056987 0.006011 0.491768 
0.008561 0.008561 0.964305 0.018574 
0.250000 0.250000 0.250000 0.250000 
  79
0.483605 0.005762 0.046210 
0.459408 0.988227 0.462022 
0.056987 0.006011 0.491768 
0.974317 0.008561 0.008561 0.008561 
0.250000 0.250000 0.250000 0.250000 
  80
0.483605 0.005762 0.046210 
0.459408 0.988227 0.462022 
0.056987 0.006011 0.491768 
0.974317 0.008561 0.008561 0.008561 
0.250000 0.250000 0.250000 0.250000 
  81
0.483605 0.005762 0.046210 
0.459408 0.988227 0.462022 
0.056987 0.006011 0.491768 
0.008561 0.008561 0.971407 0.011471 
0.250000 0.250000 0.250000 0.250000 
  82
0.483605 0.005762 0.046210 
0.459408 0.988227 0.462022 
0.056987 0.006011 0.491768 
0.008561 0.008561 0.008561 0.974317 
0.250000 0.250000 0.250000 0.250000 
  83
0.483605 0.005762 0.046210 
0.459408 0.988227 0.462022 
0.056987 0.006011 0.491768 
0.008561 0.008561 0.974317 0.008561 
0.250000 0.250000 0.250000 0.250000 
  84
0.483605 0.005762 0.046210 
0.459408 0.988227 0.462022 
0.056987 0.006011 0.491768 
0.974317 0.008561 0.008561 0.008561 
0.250000 0.250000 0.250000 0.250000 
  85
0.483605 0.005762 0.046210 
0.459408 0.988227 0.462022 
0.056987 0.006011 0.491768 
0.974317 0.008561 0.008561 0.008561 
0.250000 0.250000 0.250000 0.250000 
  86
0.483605 0.005762 0.046210 
0.459408 0.988227 0.462022 
0.056987 0.006011 0.491768 
0.008561 0.008561 0.974317 0.008561 
0.250000 0.250000 0.250000 0.250000 
  87
0.483605 0.005762 0.046210 
0.459408 0.988227 0.462022 
0.056987 0.006011 0.491768 
0.971953 0.010925 0.008561 0.008561 
0.250000 0.250000 0.250000 0.250000 
  88
0.483605 0.005762 0.046210 
0.459408 0.988227 0.462022 
0.056987 0.006011 0.491768 
0.803652 0.179226 0.008561 0.008561 
0.250000 0.250000 0.250000 0.250000 
  89
0.483605 0.005762 0.046210 
0.459408 0.988227 0.462022 
0.056987 0.006011 0.491768 
0.923804 0.010014 0.010610 0.055572 
0.250000 0.250000 0.250000 0.250000 
  90
0.483605 0.005762 0.046210 
0.459408 0.988227 0.462022 
0.056987 0.006011 0.491768 
0.065477 0.914900 0.008561 0.011063 
0.250000 0.250000 0.250000 0.250000 
  91
0.483605 0.005762 0.046210 
0.459408 0.988227 0.462022 
0.056987 0.006011 0.491768 
0.008561 0.008561 0.974317 0.008561 
0.250000 0.250000 0.250000 0.250000 
  92
0.483605 0.005762 0.046210 
0.459408 0.988227 0.462022 
0.056987 0.006011 0.491768 
0.967218 0.015660 0.008561 0.008561 
0.250000 0.250000 0.250000 0.250000 
  93
0.483605 0.005762 0.046210 
0.459408 0.988227 0.462022 
0.056987 0.006011 0.491768 
0.011646 0.971232 0.008561 0.008561 
0.250000 0.250000 0.250000 0.250000 
  94
0.483605 0.005762 0.046210 
0.459408 0.988227 0.462022 
0.056987 0.006011 0.491768 
0.011672 0.971206 0.008561 0.008561 
0.250000 0.250000 0.250000 0.250000 
  95
0.483605 0.005762 0.046210 
0.459408 0.988227 0.462022 
0.056987 0.006011 0.491768 
0.008561 0.008561 0.008561 0.974317 
0.250000 0.250000 0.250000 0.250000 
  96
0.483605 0.005762 0.046210 
0.459408 0.988227 0.462022 
0.056987 0.006011 0.491768 
0.008561 0.010929 0.008561 0.971949 
0.250000 0.250000 0.250000 0.250000 
  97
0.483605 0.005762 0.046210 
0.459408 0.988227 0.462022 
0.056987 0.006011 0.491768 
0.008561 0.974317 0.008561 0.008561 
0.250000 0.250000 0.250000 0.250000 
  98
0.483605 0.005762 0.046210 
0.459408 0.988227 0.462022 
0.056987 0.006011 0.491768 
0.974317 0.008561 0.008561 0.008561 
0.250000 0.250000 0.250000 0.250000 
  99
0.483605 0.005762 0.046210 
0.459408 0.988227 0.462022 
0.056987 0.006011 0.491768 
0.008561 0.008561 0.971121 0.011757 
0.250000 0.250000 0.250000 0.250000 
 100
0.483605 0.005762 0.046210 
0.459408 0.988227 0.462022 
0.056987 0.006011 0.491768 
0.974317 0.008561 0.008561 0.008561 
0.250000 0.250000 0.250000 0.250000 
 101
0.483605 0.005762 0.046210 
0.459408 0.988227 0.462022 
0.056987 0.006011 0.491768 
0.008561 0.008561 0.974317 0.008561 
0.250000 0.250000 0.250000 0.250000 
 102
0.483605 0.005762 0.046210 
0.459408 0.988227 0.462022 
0.056987 0.006011 0.491768 
0.067588 0.915290 0.008561 0.008561 
0.250000 0.250000 0.250000 0.250000 
 103
0.483605 0.005762 0.046210 
0.459408 0.988227 0.462022 
0.056987 0.006011 0.491768 
0.974317 0.008561 0.008561 0.008561 
0.250000 0.250000 0.250000 0.250000 
 104
0.483605 0.005762 0.046210 
0.459408 0.988227 0.462022 
0.056987 0.006011 0.491768 
0.008561 0.008561 0.008561 0.974317 
0.250000 0.250000 0.250000 0.250000 
 105
0.483605 0.005762 0.046210 
0.459408 0.988227 0.462022 
0.056987 0.006011 0.491768 
0.974317 0.008561 0.008561 0.008561 
0.250000 0.250000 0.250000 0.250000 
 106
0.483605 0.005762 0.046210 
0.459408 0.988227 0.462022 
0.056987 0.006011 0.491768 
0.974317 0.008561 0.008561 0.008561 
0.250000 0.250000 0.250000 0.250000 
 107
0.483605 0.005762 0.046210 
0.459408 0.988227 0.462022 
0.056987 0.006011 0.491768 
0.008561 0.008561 0.008561 0.974317 
0.250000 0.250000 0.250000 0.250000 
 108
0.476324 0.005762 0.046210 
0.466689 0.988227 0.462022 
0.057405 0.006007 0.491768 
0.008553 0.972965 0.008553 0.009930 
0.250000 0.250000 0.250000 0.250000 
 109
0.479817 0.005758 0.046210 
0.462778 0.988234 0.462022 
0.057405 0.006007 0.491768 
0.008553 0.974342 0.008553 0.008553 
0.250000 0.250000 0.250000 0.250000 
 110
0.479817 0.005758 0.046210 
0.462778 0.988234 0.462022 
0.057405 0.006007 0.491768 
0.974342 0.008553 0.008553 0.008553 
0.250000 0.250000 0.250000 0.250000 
 111
0.479817 0.005758 0.046210 
0.462778 0.988234 0.462022 
0.057405 0.006007 0.491768 
0.448711 0.534184 0.008553 0.008553 
0.250000 0.250000 0.250000 0.250000 
 112
0.479817 0.005758 0.046210 
0.462778 0.988234 0.462022 
0.057405 0.006007 0.491768 
0.974342 0.008553 0.008553 0.008553 
0.250000 0.250000 0.250000 0.250000 
 113
0.479817 0.005758 0.046210 
0.462778 0.988234 0.462022 
0.057405 0.006007 0.491768 
0.972709 0.010186 0.008553 0.008553 
0.250000 0.250000 0.250000 0.250000 
 114
0.479817 0.005758 0.046210 
0.462778 0.988234 0.462022 
0.057405 0.006007 0.491768 
0.888845 0.094050 0.008553 0.008553 
0.250000 0.250000 0.250000 0.250000 
 115
0.479817 0.005758 0.046210 
0.462778 0.988234 0.462022 
0.057405 0.006007 0.491768 
0.974342 0.008553 0.008553 0.008553 
0.250000 0.250000 0.250000 0.250000 
 116
0.479817 0.005758 0.046210 
0.462778 0.988234 0.462022 
0.057405 0.006007 0.491768 
0.974342 0.008553 0.008553 0.008553 
0.250000 0.250000 0.250000 0.250000 
 117
0.479817 0.005758 0.046210 
0.462778 0.988234 0.462022 
0.057405 0.006007 0.491768 
0.008553 0.008553 0.971823 0.011072 
0.250000 0.250000 0.250000 0.250000 
 118
0.479817 0.005758 0.046210 
0.462778 0.988234 0.462022 
0.057405 0.006007 0.491768 
0.008553 0.974342 0.008553 0.008553 
0.250000 0.250000 0.250000 0.250000 
 119
0.479817 0.005758 0.046210 
0.462778 0.988234 0.462022 
0.057405 0.006007 0.491768 
0.008553 0.008553 0.008553 0.974342 
0.250000 0.250000 0.250000 0.250000 
 120
0.479817 0.005758 0.046210 
0.462778 0.988234 0.462022 
0.057405 0.006007 0.491768 
0.008553 0.008553 0.971434 0.011461 
0.250000 0.250000 0.250000 0.250000 
 121
0.479817 0.005758 0.046210 
0.462778 0.988234 0.462022 
0.057405 0.006007 0.491768 
0.974342 0.008553 0.008553 0.008553 
0.250000 0.250000 0.250000 0.250000 
 122
0.479817 0.005758 0.046210 
0.462778 0.988234 0.462022 
0.057405 0.006007 0.491768 
0.008553 0.008553 0.974342 0.008553 
0.250000 0.250000 0.250000 0.250000 
 123
0.479817 0.005758 0.046210 
0.462778 0.988234 0.462022 
0.057405 0.006007 0.491768 
0.008553 0.008553 0.011818 0.971077 
0.250000 0.250000 0.250000 0.250000 
 124
0.479817 0.005758 0.046210 
0.462778 0.988234 0.462022 
0.057405 0.006007 0.491768 
0.008553 0.974342 0.008553 0.008553 
0.250000 0.250000 0.250000 0.250000 
 125
0.479817 0.005758 0.046210 
0.462778 0.988234 0.462022 
0.057405 0.006007 0.491768 
0.008553 0.008553 0.008553 0.974342 
0.250000 0.250000 0.250000 0.250000 
 126
0.479817 0.005758 0.046210 
0.462778 0.988234 0.462022 
0.057405 0.006007 0.491768 
0.009700 0.008553 0.016473 0.965275 
0.250000 0.250000 0.250000 0.250000 
 127
0.479817 0.005758 0.046210 
0.462778 0.988234 0.462022 
0.057405 0.006007 0.491768 
0.974342 0.008553 0.008553 0.008553 
0.250000 0.250000 0.250000 0.250000 
 128
0.479817 0.005758 0.046210 
0.462778 0.988234 0.462022 
0.057405 0.006007 0.491768 
0.008553 0.008553 0.974342 0.008553 
0.250000 0.250000 0.250000 0.250000 
 129
0.479817 0.005758 0.046210 
0.462778 0.988234 0.462022 
0.057405 0.006007 0.491768 
0.970197 0.012698 0.008553 0.008553 
0.250000 0.250000 0.250000 0.250000 
 130
0.479817 0.005758 0.046210 
0.462778 0.988234 0.462022 
0.057405 0.006007 0.491768 
0.008553 0.008553 0.974342 0.008553 
0.250000 0.250000 0.250000 0.250000 
 131
0.479817 0.005758 0.046210 
0.462778 0.988234 0.462022 
0.057405 0.006007 0.491768 
0.974342 0.008553 0.008553 0.008553 
0.250000 0.250000 0.250000 0.250000 
 132
0.479817 0.005758 0.046210 
0.462778 0.988234 0.462022 
0.057405 0.006007 0.491768 
0.008553 0.008553 0.008553 0.974342 
0.250000 0.250000 0.250000 0.250000 
 133
0.479817 0.005758 0.046210 
0.462778 0.988234 0.462022 
0.057405 0.006007 0.491768 
0.008553 0.974342 0.008553 0.008553 
0.250000 0.250000 0.250000 0.250000 
 134
0.479817 0.005758 0.046210 
0.462778 0.988234 0.462022 
0.057405 0.006007 0.491768 
0.008553 0.008553 0.974342 0.008553 
0.250000 0.250000 0.250000 0.250000 
 135
0.479817 0.005758 0.046210 
0.462778 0.988234 0.462022 
0.057405 0.006007 0.491768 
0.008553 0.008553 0.940703 0.042192 
0.250000 0.250000 0.250000 0.250000 
 136
0.479817 0.005758 0.046210 
0.462778 0.988234 0.462022 
0.057405 0.006007 0.491768 
0.008553 0.008553 0.974342 0.008553 
0.250000 0.250000 0.250000 0.250000 
 137
0.479817 0.005758 0.046210 
0.462778 0.988234 0.462022 
0.057405 0.006007 0.491768 
0.970910 0.011985 0.008553 0.008553 
0.250000 0.250000 0.250000 0.250000 
 138
0.479817 0.005758 0.046210 
0.462778 0.988234 0.462022 
0.057405 0.006007 0.491768 
0.963125 0.019770 0.008553 0.008553 
0.250000 0.250000 0.250000 0.250000 
 139
0.479817 0.005758 0.046210 
0.462778 0.988234 0.462022 
0.057405 0.006007 0.491768 
0.010940 0.971955 0.008553 0.008553 
0.250000 0.250000 0.250000 0.250000 
 140
0.479817 0.005758 0.046210 
0.462778 0.988234 0.462022 
0.057405 0.006007 0.491768 
0.974342 0.008553 0.008553 0.008553 
0.250000 0.250000 0.250000 0.250000 
 141
0.479817 0.005758 0.046210 
0.462778 0.988234 0.462022 
0.057405 0.006007 0.491768 
0.012200 0.008553 0.970695 0.008553 
0.250000 0.250000 0.250000 0.250000 
 142
0.479817 0.005758 0.046210 
0.462778 0.988234 0.462022 
0.057405 0.006007 0.491768 
0.974342 0.008553 0.008553 0.008553 
0.250000 0.250000 0.250000 0.250000 
 143
0.479817 0.005758 0.046210 
0.462778 0.988234 0.462022 
0.057405 0.006007 0.491768 
0.008553 0.008553 0.008553 0.974342 
0.250000 0.250000 0.250000 0.250000 
 144
0.479817 0.005758 0.046210 
0.462778 0.988234 0.462022 
0.057405 0.006007 0.491768 
0.974342 0.008553 0.008553 0.008553 
0.250000 0.250000 0.250000 0.250000 
 145
0.479817 0.005758 0.046210 
0.462778 0.988234 0.462022 
0.057405 0.006007 0.491768 
0.008553 0.008553 0.959489 0.023406 
0.250000 0.250000 0.250000 0.250000 
 146
0.479817 0.005758 0.046210 
0.462778 0.988234 0.462022 
0.057405 0.006007 0.491768 
0.008553 0.008553 0.008553 0.974342 
0.250000 0.250000 0.250000 0.250000 
 147
0.479817 0.005758 0.046210 
0.462778 0.988234 0.462022 
0.057405 0.006007 0.491768 
0.025452 0.957443 0.008553 0.008553 
0.250000 0.250000 0.250000 0.250000 
 148
0.479817 0.005758 0.046210 
0.462778 0.988234 0.462022 
0.057405 0.006007 0.491768 
0.008553 0.974342 0.008553 0.008553 
0.250000 0.250000 0.250000 0.250000 
 149
0.479817 0.005758 0.046210 
0.462778 0.988234 0.462022 
0.057405 0.006007 0.491768 
0.974342 0.008553 0.008553 0.008553 
0.250000 0.250000 0.250000 0.250000 
 150
0.479817 0.005758 0.046210 
0.462778 0.988234 0.462022 
0.057405 0.006007 0.491768 
0.900510 0.082385 0.008553 0.008553 
0.250000 0.250000 0.250000 0.250000 
 151
0.479817 0.005758 0.046210 
0.462778 0.988234 0.462022 
0.057405 0.006007 0.491768 
0.974342 0.008553 0.008553 0.008553 
0.250000 0.250000 0.250000 0.250000 
 152
0.479817 0.005758 0.046210 
0.462778 0.988234 0.462022 
0.057405 0.006007 0.491768 
0.959327 0.023568 0.008553 0.008553 
0.250000 0.250000 0.250000 0.250000 
 153
0.479817 0.005758 0.046210 
0.462778 0.988234 0.462022 
0.057405 0.006007 0.491768 
0.029305 0.953590 0.008553 0.008553 
0.250000 0.250000 0.250000 0.250000 
 154
0.479817 0.005758 0.046210 
0.462778 0.988234 0.462022 
0.057405 0.006007 0.491768 
0.972079 0.010816 0.008553 0.008553 
0.250000 0.250000 0.250000 0.250000 
 155
0.479817 0.005758 0.046210 
0.462778 0.988234 0.462022 
0.057405 0.006007 0.491768 
0.008553 0.008553 0.974342 0.008553 
0.250000 0.250000 0.250000 0.250000 
 156
0.479817 0.005758 0.046210 
0.462778 0.988234 0.462022 
0.057405 0.006007 0.491768 
0.974342 0.008553 0.008553 0.008553 
0.250000 0.250000 0.250000 0.250000 
 157
0.479817 0.005758 0.046210 
0.462778 0.988234 0.462022 
0.057405 0.006007 0.491768 
0.008553 0.008553 0.974342 0.008553 
0.250000 0.250000 0.250000 0.250000 
 158
0.479817 0.005758 0.046210 
0.462778 0.988234 0.462022 
0.057405 0.006007 0.491768 
0.974342 0.008553 0.008553 0.008553 
0.250000 0.250000 0.250000 0.250000 
 159
0.479817 0.005758 0.046210 
0.462778 0.988234 0.462022 
0.057405 0.006007 0.491768 
0.008553 0.008553 0.973133 0.009762 
0.250000 0.250000 0.250000 0.250000 
 160
0.479817 0.005758 0.046210 
0.462778 0.988234 0.462022 
0.057405 0.006007 0.491768 
0.974342 0.008553 0.008553 0.008553 
0.250000 0.250000 0.250000 0.250000 
 161
0.479817 0.005758 0.046210 
0.462778 0.988234 0.462022 
0.057405 0.006007 0.491768 
0.971048 0.008553 0.011847 0.008553 
0.250000 0.250000 0.250000 0.250000 
 162
0.479817 0.005758 0.046210 
0.462778 0.988234 0.462022 
0.057405 0.006007 0.491768 
0.008561 0.008561 0.967876 0.015001 
0.250000 0.250000 0.250000 0.250000 
 163
0.479817 0.005758 0.046210 
0.462778 0.988234 0.462022 
0.057405 0.006007 0.491768 
0.011104 0.971791 0.008553 0.008553 
0.250000 0.250000 0.250000 0.250000 
 164
0.479817 0.005758 0.046210 
0.462778 0.988234 0.462022 
0.057405 0.006007 0.491768 
0.009769 0.973126 0.008553 0.008553 
0.250000 0.250000 0.250000 0.250000 
 165
0.479817 0.005758 0.046210 
0.462778 0.988234 0.462022 
0.057405 0.006007 0.491768 
0.039896 0.942999 0.008553 0.008553 
0.250000 0.250000 0.250000 0.250000 
 166
0.479817 0.005758 0.046210 
0.462778 0.988234 0.462022 
0.057405 0.006007 0.491768 
0.974342 0.008553 0.008553 0.008553 
0.250000 0.250000 0.250000 0.250000 
 167
0.479817 0.005758 0.046210 
0.462778 0.988234 0.462022 
0.057405 0.006007 0.491768 
0.974342 0.008553 0.008553 0.008553 
0.250000 0.250000 0.250000 0.250000 
 168
0.479817 0.005758 0.046210 
0.462778 0.988234 0.462022 
0.057405 0.006007 0.491768 
0.012068 0.970827 0.008553 0.008553 
0.250000 0.250000 0.250000 0.250000 
 169
0.479817 0.005758 0.046210 
0.462778 0.988234 0.462022 
0.057405 0.006007 0.491768 
0.009766 0.008553 0.973129 0.008553 
0.250000 0.250000 0.250000 0.250000 
 170
0.479817 0.005758 0.046210 
0.462778 0.988234 0.462022 
0.057405 0.006007 0.491768 
0.008553 0.008553 0.008553 0.974342 
0.250000 0.250000 0.250000 0.250000 
 171
0.479817 0.005758 0.046210 
0.462778 0.988234 0.462022 
0.057405 0.006007 0.491768 
0.048394 0.008553 0.934501 0.008553 
0.250000 0.250000 0.250000 0.250000 
 172
0.479817 0.005758 0.046210 
0.462778 0.988234 0.462022 
0.057405 0.006007 0.491768 
0.008553 0.008553 0.008553 0.974342 
0.250000 0.250000 0.250000 0.250000 
 173
0.479817 0.005758 0.046210 
0.462778 0.988234 0.462022 
0.057405 0.006007 0.491768 
0.008553 0.974342 0.008553 0.008553 
0.250000 0.250000 0.250000 0.250000 
 174
0.479817 0.005758 0.046210 
0.462778 0.988234 0.462022 
0.057405 0.006007 0.491768 
0.008553 0.008553 0.972829 0.010066 
0.250000 0.250000 0.250000 0.250000 
 175
0.479817 0.005758 0.046210 
0.462778 0.988234 0.462022 
0.057405 0.006007 0.491768 
0.012056 0.970839 0.008553 0.008553 
0.250000 0.250000 0.250000 0.250000 
 176
0.479817 0.005758 0.046210 
0.462778 0.988234 0.462022 
0.057405 0.006007 0.491768 
0.974342 0.008553 0.008553 0.008553 
0.250000 0.250000 0.250000 0.250000 
 177
0.479817 0.005758 0.046210 
0.462778 0.988234 0.462022 
0.057405 0.006007 0.491768 
0.008553 0.008553 0.012619 0.970276 
0.250000 0.250000 0.250000 0.250000 
 178
0.479817 0.005758 0.046210 
0.462778 0.988234 0.462022 
0.057405 0.006007 0.491768 
0.009919 0.008553 0.972976 0.008553 
0.250000 0.250000 0.250000 0.250000 
 179
0.479817 0.005758 0.046210 
0.462778 0.988234 0.462022 
0.057405 0.006007 0.491768 
0.008553 0.008553 0.008553 0.974342 
0.250000 0.250000 0.250000 0.250000 
 180
0.479817 0.005758 0.046210 
0.462778 0.988234 0.462022 
0.057405 0.006007 0.491768 
0.052301 0.008553 0.163160 0.775987 
0.250000 0.250000 0.250000 0.250000 
 181
0.479817 0.005758 0.046210 
0.462778 0.988234 0.462022 
0.057405 0.006007 0.491768 
0.974342 0.008553 0.008553 0.008553 
0.250000 0.250000 0.250000 0.250000 
 182
0.479817 0.005758 0.046210 
0.462778 0.988234 0.462022 
0.057405 0.006007 0.491768 
0.974342 0.008553 0.008553 0.008553 
0.250000 0.250000 0.250000 0.250000 
 183
0.479817 0.005758 0.046210 
0.462778 0.988234 0.462022 
0.057405 0.006007 0.491768 
0.008553 0.008553 0.008553 0.974342 
0.250000 0.250000 0.250000 0.250000 
 184
0.479817 0.005758 0.046210 
0.462778 0.988234 0.462022 
0.057405 0.006007 0.491768 
0.008553 0.974342 0.008553 0.008553 
0.250000 0.250000 0.250000 0.250000 
 185
0.479817 0.005758 0.046210 
0.462778 0.988234 0.462022 
0.057405 0.006007 0.491768 
0.008553 0.974342 0.008553 0.008553 
0.250000 0.250000 0.250000 0.250000 
 186
0.479817 0.005758 0.046210 
0.462778 0.988234 0.462022 
0.057405 0.006007 0.491768 
0.972725 0.008553 0.008553 0.010170 
0.250000 0.250000 0.250000 0.250000 
 187
0.479817 0.005758 0.046210 
0.462778 0.988234 0.462022 
0.057405 0.006007 0.491768 
0.009766 0.973129 0.008553 0.008553 
0.250000 0.250000 0.250000 0.250000 
 188
0.479817 0.005758 0.046210 
0.462778 0.988234 0.462022 
0.057405 0.006007 0.491768 
0.008553 0.008553 0.008553 0.974342 
0.250000 0.250000 0.250000 0.250000 
 189
0.479817 0.005758 0.046210 
0.462778 0.988234 0.462022 
0.057405 0.006007 0.491768 
0.008553 0.974342 0.008553 0.008553 
0.250000 0.250000 0.250000 0.250000 
 190
0.479817 0.005758 0.046210 
0.462778 0.988234 0.462022 
0.057405 0.006007 0.491768 
0.974342 0.008553 0.008553 0.008553 
0.250000 0.250000 0.250000 0.250000 
 191
0.479817 0.005758 0.046210 
0.462778 0.988234 0.462022 
0.057405 0.006007 0.491768 
0.974342 0.008553 0.008553 0.008553 
0.250000 0.250000 0.250000 0.250000 
 192
0.479817 0.005758 0.046210 
0.462778 0.988234 0.462022 
0.057405 0.006007 0.491768 
0.046693 0.936202 0.008553 0.008553 
0.250000 0.250000 0.250000 0.250000 
 193
0.479817 0.005758 0.046210 
0.462778 0.988234 0.462022 
0.057405 0.006007 0.491768 
0.008553 0.008553 0.974342 0.008553 
0.250000 0.250000 0.250000 0.250000 
 194
0.479817 0.005758 0.046210 
0.462778 0.988234 0.462022 
0.057405 0.006007 0.491768 
0.008553 0.008553 0.974342 0.008553 
0.250000 0.250000 0.250000 0.250000 
 195
0.479817 0.005758 0.046210 
0.462778 0.988234 0.462022 
0.057405 0.006007 0.491768 
0.008553 0.008553 0.972728 0.010167 
0.250000 0.250000 0.250000 0.250000 
 196
0.479817 0.005758 0.046210 
0.462778 0.988234 0.462022 
0.057405 0.006007 0.491768 
0.008553 0.008553 0.936815 0.046080 
0.250000 0.250000 0.250000 0.250000 
 197
0.479817 0.005758 0.046210 
0.462778 0.988234 0.462022 
0.057405 0.006007 0.491768 
0.008553 0.008553 0.008553 0.974342 
0.250000 0.250000 0.250000 0.250000 
 198
0.479817 0.005758 0.046210 
0.462778 0.988234 0.462022 
0.057405 0.006007 0.491768 
0.016842 0.966034 0.008562 0.008562 
0.250000 0.250000 0.250000 0.250000 
 199
0.479817 0.005758 0.046210 
0.462778 0.988234 0.462022 
0.057405 0.006007 0.491768 
0.974342 0.008553 0.008553 0.008553 
0.250000 0.250000 0.250000 0.250000 
 200
0.479817 0.005758 0.046210 
0.462778 0.988234 0.462022 
0.057405 0.006007 0.491768 
0.008553 0.008553 0.008553 0.974342 
0.250000 0.250000 0.250000 0.250000 
 201
0.479817 0.005758 0.046210 
0.462778 0.988234 0.462022 
0.057405 0.006007 0.491768 
0.008553 0.008553 0.015733 0.967162 
0.250000 0.250000 0.250000 0.250000 
 202
0.479817 0.005758 0.046210 
0.462778 0.988234 0.462022 
0.057405 0.006007 0.491768 
0.008553 0.008553 0.971556 0.011339 
0.250000 0.250000 0.250000 0.250000 
 203
0.479817 0.005758 0.046210 
0.462778 0.988234 0.462022 
0.057405 0.006007 0.491768 
0.008553 0.008553 0.008553 0.974342 
0.250000 0.250000 0.250000 0.250000 
 204
0.479817 0.005758 0.046210 
0.462778 0.988234 0.462022 
0.057405 0.006007 0.491768 
0.974342 0.008553 0.008553 0.008553 
0.250000 0.250000 0.250000 0.250000 
 205
0.479817 0.005758 0.046210 
0.462778 0.988234 0.462022 
0.057405 0.006007 0.491768 
0.974342 0.008553 0.008553 0.008553 
0.250000 0.250000 0.250000 0.250000 
 206
0.479817 0.005758 0.046210 
0.462778 0.988234 0.462022 
0.057405 0.006007 0.491768 
0.974342 0.008553 0.008553 0.008553 
0.250000 0.250000 0.250000 0.250000 
 207
0.479817 0.005758 0.046210 
0.462778 0.988234 0.462022 
0.057405 0.006007 0.491768 
0.090534 0.892361 0.008553 0.008553 
0.250000 0.250000 0.250000 0.250000 
 208
0.479817 0.005758 0.046210 
0.462778 0.988234 0.462022 
0.057405 0.006007 0.491768 
0.021918 0.960977 0.008553 0.008553 
0.250000 0.250000 0.250000 0.250000 
 209
0.479817 0.005758 0.046210 
0.462778 0.988234 0.462022 
0.057405 0.006007 0.491768 
0.974342 0.008553 0.008553 0.008553 
0.250000 0.250000 0.250000 0.250000 
 210
0.479817 0.005758 0.046210 
0.462778 0.988234 0.462022 
0.057405 0.006007 0.491768 
0.008553 0.008553 0.008553 0.974342 
0.250000 0.250000 0.250000 0.250000 
 211
0.479817 0.005758 0.046210 
0.462778 0.988234 0.462022 
0.057405 0.006007 0.491768 
0.008553 0.008553 0.008553 0.974342 
0.250000 0.250000 0.250000 0.250000 
 212
0.479817 0.005758 0.046210 
0.462778 0.988234 0.462022 
0.057405 0.006007 0.491768 
0.008553 0.974342 0.008553 0.008553 
0.250000 0.250000 0.250000 0.250000 
 213
0.479817 0.005758 0.046210 
0.462778 0.988234 0.462022 
0.057405 0.006007 0.491768 
0.008553 0.008553 0.027963 0.954932 
0.250000 0.250000 0.250000 0.250000 
 214
0.479817 0.005758 0.046210 
0.462778 0.988234 0.462022 
0.057405 0.006007 0.491768 
0.974342 0.008553 0.008553 0.008553 
0.250000 0.250000 0.250000 0.250000 
 215
0.479817 0.005758 0.046210 
0.462778 0.988234 0.462022 
0.057405 0.006007 0.491768 
0.008553 0.974342 0.008553 0.008553 
0.250000 0.250000 0.250000 0.250000 
 216
0.479817 0.005758 0.046210 
0.462778 0.988234 0.462022 
0.057405 0.006007 0.491768 
0.008553 0.008553 0.918725 0.064170 
0.250000 0.250000 0.250000 0.250000 
 217
0.479817 0.005758 0.046210 
0.462778 0.988234 0.462022 
0.057405 0.006007 0.491768 
0.008553 0.974342 0.008553 0.008553 
0.250000 0.250000 0.250000 0.250000 
 218
0.479817 0.005758 0.046210 
0.462778 0.988234 0.462022 
0.057405 0.006007 0.491768 
0.008553 0.008553 0.008553 0.974342 
0.250000 0.250000 0.250000 0.250000 
 219
0.479817 0.005758 0.046210 
0.462778 0.988234 0.462022 
0.057405 0.006007 0.491768 
0.971368 0.011527 0.008553 0.008553 
0.250000 0.250000 0.250000 0.250000 
 220
0.479817 0.005758 0.046210 
0.462778 0.988234 0.462022 
0.057405 0.006007 0.491768 
0.008553 0.974342 0.008553 0.008553 
0.250000 0.250000 0.250000 0.250000 
 221
0.479817 0.005758 0.046210 
0.462778 0.988234 0.462022 
0.057405 0.006007 0.491768 
0.008553 0.008553 0.974342 0.008553 
0.250000 0.250000 0.250000 0.250000 
 222
0.479817 0.005758 0.046210 
0.462778 0.988234 0.462022 
0.057405 0.006007 0.491768 
0.008553 0.008553 0.013878 0.969017 
0.250000 0.250000 0.250000 0.250000 
 223
0.479817 0.005758 0.046210 
0.462778 0.988234 0.462022 
0.057405 0.006007 0.491768 
0.008553 0.974342 0.008553 0.008553 
0.250000 0.250000 0.250000 0.250000 
 224
0.479817 0.005758 0.046210 
0.462778 0.988234 0.462022 
0.057405 0.006007 0.491768 
0.008553 0.974342 0.008553 0.008553 
0.250000 0.250000 0.250000 0.250000 
 225
0.479817 0.005758 0.046210 
0.462778 0.988234 0.462022 
0.057405 0.006007 0.491768 
0.012655 0.969093 0.009700 0.008553 
0.250000 0.250000 0.250000 0.250000 
 226
0.479817 0.005758 0.046210 
0.462778 0.988234 0.462022 
0.057405 0.006007 0.491768 
0.008553 0.008553 0.008553 0.974342 
0.250000 0.250000 0.250000 0.250000 
 227
0.479817 0.005758 0.046210 
0.462778 0.988234 0.462022 
0.057405 0.006007 0.491768 
0.008553 0.974342 0.008553 0.008553 
0.250000 0.250000 0.250000 0.250000 
 228
0.479817 0.005758 0.046210 
0.462778 0.988234 0.462022 
0.057405 0.006007 0.491768 
0.008553 0.974342 0.008553 0.008553 
0.250000 0.250000 0.250000 0.250000 
 229
0.479817 0.005758 0.046210 
0.462778 0.988234 0.462022 
0.057405 0.006007 0.491768 
0.008553 0.008553 0.974342 0.008553 
0.250000 0.250000 0.250000 0.250000 
 230
0.479817 0.005758 0.046210 
0.462778 0.988234 0.462022 
0.057405 0.006007 0.491768 
0.008553 0.008553 0.008553 0.974342 
0.250000 0.250000 0.250000 0.250000 
 231
0.479817 0.005758 0.046210 
0.462778 0.988234 0.462022 
0.057405 0.006007 0.491768 
0.008553 0.008553 0.970736 0.012159 
0.250000 0.250000 0.250000 0.250000 
 232
0.479817 0.005758 0.046210 
0.462778 0.988234 0.462022 
0.057405 0.006007 0.491768 
0.008553 0.008553 0.974342 0.008553 
0.250000 0.250000 0.250000 0.250000 
 233
0.479817 0.005758 0.046210 
0.462778 0.988234 0.462022 
0.057405 0.006007 0.491768 
0.008553 0.008553 0.008553 0.974342 
0.250000 0.250000 0.250000 0.250000 
 234
0.479817 0.005758 0.046210 
0.462778 0.988234 0.462022 
0.057405 0.006007 0.491768 
0.008553 0.008553 0.010290 0.972605 
0.250000 0.250000 0.250000 0.250000 
 235
0.479817 0.005758 0.046210 
0.462778 0.988234 0.462022 
0.057405 0.006007 0.491768 
