%  SAM: /scicomp/home-pure/vfn4/Tools/label-dev/LABEL_RES/scripts/modelfromalign_Linux v3.5 (July 15, 2005) compiled 12/08/06_16:15:55
%  (c) 1992-2001 Regents of the University of California, Santa Cruz
%
%          Sequence Alignment and Modeling Software System
%         http://www.cse.ucsc.edu/research/compbio/sam.html
%
% ----------------- Citations (SAM, SAM-T2K, HMMs) --------------------
% R. Hughey, A. Krogh, Hidden Markov models for sequence analysis:
%  Extension and analysis of the basic method, CABIOS 12:95-107, 1996.
% K. Karplus, et al., What is the value added by human intervention in protein
%  structure prediction, Proteins: Stucture, Function, Genetics 45(S5):86--91, 2001.
% A. Krogh et al., Hidden Markov models in computational biology:
%  Applications to protein modeling, JMB 235:1501-1531, Feb 1994.
% ---------------------------------------------------------------------
%  c-2344x_hmm   Host: rosalind01.hpc.biotech.cdc.gov    Thu Mar 30 13:55:40 2023
%  vfn4          Dir:  /scicomp/home-pure/vfn4/fluA/H5/c-2344
% ---------------------------------------------------------------------
%  Alignment weights from internal calc.  Total (36.99) Max (0.14) Min (0.02)
%  Weights from alignment method 1 (karplus), b=-1.000000, e=0.500000
MODEL --  Model from alignment file /scicomp/home-pure/vfn4/Tools/label-dev/LABEL_RES/training_data/split2/c-2344x.fasta
alphabet DNA
FREQAVE
0.000000 0.000000 0.000000 
0.000000 0.000000 0.000000 
0.000000 0.000000 0.000000 
0.348540 0.227874 0.184305 0.239281 
0.348540 0.227874 0.184305 0.239281 
Begin
0.000000 0.000000 0.000000 
0.000000 0.000000 0.000000 
0.000000 0.005016 0.491768 
0.250000 0.250000 0.250000 0.250000 
0.250000 0.250000 0.250000 0.250000 
   1
0.000000 0.276170 0.046210 
0.000000 0.718814 0.462022 
0.012321 0.006883 0.491768 
0.968216 0.010595 0.010595 0.010595 
0.250000 0.250000 0.250000 0.250000 
   2
0.870642 0.006598 0.046210 
0.117037 0.986518 0.462022 
0.012543 0.006826 0.491768 
0.010451 0.010451 0.010451 0.968647 
0.250000 0.250000 0.250000 0.250000 
   3
0.881751 0.006543 0.046210 
0.105705 0.986631 0.462022 
0.012601 0.006812 0.491768 
0.010415 0.968755 0.010415 0.010415 
0.250000 0.250000 0.250000 0.250000 
   4
0.885814 0.006529 0.046210 
0.101585 0.986659 0.462022 
0.012601 0.006812 0.491768 
0.031765 0.947405 0.010415 0.010415 
0.250000 0.250000 0.250000 0.250000 
   5
0.885814 0.006529 0.046210 
0.101585 0.986659 0.462022 
0.012601 0.006812 0.491768 
0.965745 0.011938 0.010415 0.011902 
0.250000 0.250000 0.250000 0.250000 
   6
0.885814 0.006529 0.046210 
0.101585 0.986659 0.462022 
0.012601 0.006812 0.491768 
0.018682 0.958970 0.010415 0.011933 
0.250000 0.250000 0.250000 0.250000 
   7
0.885814 0.006529 0.046210 
0.101585 0.986659 0.462022 
0.012601 0.006812 0.491768 
0.948497 0.030673 0.010415 0.010415 
0.250000 0.250000 0.250000 0.250000 
   8
0.885814 0.006529 0.046210 
0.101585 0.986659 0.462022 
0.012601 0.006812 0.491768 
0.959679 0.017179 0.010415 0.012727 
0.250000 0.250000 0.250000 0.250000 
   9
0.885814 0.006529 0.046210 
0.101585 0.986659 0.462022 
0.012601 0.006812 0.491768 
0.968755 0.010415 0.010415 0.010415 
0.250000 0.250000 0.250000 0.250000 
  10
0.885814 0.006529 0.046210 
0.101585 0.986659 0.462022 
0.012601 0.006812 0.491768 
0.948928 0.028997 0.010415 0.011660 
0.250000 0.250000 0.250000 0.250000 
  11
0.885814 0.006529 0.046210 
0.101585 0.986659 0.462022 
0.012601 0.006812 0.491768 
0.010415 0.010415 0.024361 0.954809 
0.250000 0.250000 0.250000 0.250000 
  12
0.885814 0.006529 0.046210 
0.101585 0.986659 0.462022 
0.012601 0.006812 0.491768 
0.936259 0.042894 0.010423 0.010423 
0.250000 0.250000 0.250000 0.250000 
  13
0.883883 0.006529 0.046210 
0.103516 0.986659 0.462022 
0.012625 0.006806 0.491768 
0.045582 0.933580 0.010419 0.010419 
0.250000 0.250000 0.250000 0.250000 
  14
0.885593 0.006524 0.046210 
0.101782 0.986671 0.462022 
0.012625 0.006806 0.491768 
0.010400 0.010400 0.010400 0.968800 
0.250000 0.250000 0.250000 0.250000 
  15
0.885593 0.006524 0.046210 
0.101782 0.986671 0.462022 
0.012625 0.006806 0.491768 
0.335759 0.641834 0.010400 0.012007 
0.250000 0.250000 0.250000 0.250000 
  16
0.885593 0.006524 0.046210 
0.101782 0.986671 0.462022 
0.012625 0.006806 0.491768 
0.011920 0.010400 0.954027 0.023653 
0.250000 0.250000 0.250000 0.250000 
  17
0.884409 0.006524 0.046210 
0.102965 0.986671 0.462022 
0.012640 0.006802 0.491768 
0.010391 0.010391 0.013204 0.966014 
0.250000 0.250000 0.250000 0.250000 
  18
0.883862 0.006520 0.046210 
0.103498 0.986678 0.462022 
0.012661 0.006797 0.491768 
0.010379 0.014228 0.010379 0.965014 
0.250000 0.250000 0.250000 0.250000 
  19
0.885274 0.006515 0.046210 
0.102065 0.986688 0.462022 
0.012661 0.006797 0.491768 
0.043321 0.010379 0.920857 0.025443 
0.250000 0.250000 0.250000 0.250000 
  20
0.885274 0.006515 0.046210 
0.102065 0.986688 0.462022 
0.012661 0.006797 0.491768 
0.011897 0.010379 0.013393 0.964332 
0.250000 0.250000 0.250000 0.250000 
  21
0.885274 0.006515 0.046210 
0.102065 0.986688 0.462022 
0.012661 0.006797 0.491768 
0.010379 0.010379 0.011941 0.967301 
0.250000 0.250000 0.250000 0.250000 
  22
0.885274 0.006515 0.046210 
0.102065 0.986688 0.462022 
0.012661 0.006797 0.491768 
0.011485 0.010379 0.940454 0.037682 
0.250000 0.250000 0.250000 0.250000 
  23
0.885274 0.006515 0.046210 
0.102065 0.986688 0.462022 
0.012661 0.006797 0.491768 
0.013842 0.010379 0.011789 0.963991 
0.250000 0.250000 0.250000 0.250000 
  24
0.885274 0.006515 0.046210 
0.102065 0.986688 0.462022 
0.012661 0.006797 0.491768 
0.010379 0.012619 0.014164 0.962839 
0.250000 0.250000 0.250000 0.250000 
  25
0.885274 0.006515 0.046210 
0.102065 0.986688 0.462022 
0.012661 0.006797 0.491768 
0.014993 0.614220 0.010379 0.360408 
0.250000 0.250000 0.250000 0.250000 
  26
0.885274 0.006515 0.046210 
0.102065 0.986688 0.462022 
0.012661 0.006797 0.491768 
0.010379 0.010379 0.962765 0.016478 
0.250000 0.250000 0.250000 0.250000 
  27
0.885274 0.006515 0.046210 
0.102065 0.986688 0.462022 
0.012661 0.006797 0.491768 
0.963571 0.010379 0.015672 0.010379 
0.250000 0.250000 0.250000 0.250000 
  28
0.884198 0.006515 0.046210 
0.103141 0.986688 0.462022 
0.012674 0.006794 0.491768 
0.077715 0.898076 0.010370 0.013839 
0.250000 0.250000 0.250000 0.250000 
  29
0.885151 0.006512 0.046210 
0.102175 0.986694 0.462022 
0.012674 0.006794 0.491768 
0.010370 0.010370 0.027350 0.951909 
0.250000 0.250000 0.250000 0.250000 
  30
0.885151 0.006512 0.046210 
0.102175 0.986694 0.462022 
0.012674 0.006794 0.491768 
0.016496 0.949528 0.010370 0.023606 
0.250000 0.250000 0.250000 0.250000 
  31
0.885151 0.006512 0.046210 
0.102175 0.986694 0.462022 
0.012674 0.006794 0.491768 
0.055629 0.909401 0.010370 0.024600 
0.250000 0.250000 0.250000 0.250000 
  32
0.883752 0.006512 0.046210 
0.103573 0.986694 0.462022 
0.012692 0.006789 0.491768 
0.011875 0.010360 0.018029 0.959736 
0.250000 0.250000 0.250000 0.250000 
  33
0.884990 0.006508 0.046210 
0.102318 0.986703 0.462022 
0.012692 0.006789 0.491768 
0.010360 0.011972 0.017251 0.960417 
0.250000 0.250000 0.250000 0.250000 
  34
0.884990 0.006508 0.046210 
0.102318 0.986703 0.462022 
0.012692 0.006789 0.491768 
0.809744 0.169456 0.010400 0.010400 
0.250000 0.250000 0.250000 0.250000 
  35
0.883115 0.006508 0.046210 
0.104193 0.986703 0.462022 
0.012716 0.006784 0.491768 
0.017531 0.958854 0.010345 0.013269 
0.250000 0.250000 0.250000 0.250000 
  36
0.884774 0.006502 0.046210 
0.102510 0.986714 0.462022 
0.012716 0.006784 0.491768 
0.010345 0.010345 0.949885 0.029424 
0.250000 0.250000 0.250000 0.250000 
  37
0.884774 0.006502 0.046210 
0.102510 0.986714 0.462022 
0.012716 0.006784 0.491768 
0.012597 0.012587 0.958691 0.016125 
0.250000 0.250000 0.250000 0.250000 
  38
0.884774 0.006502 0.046210 
0.102510 0.986714 0.462022 
0.012716 0.006784 0.491768 
0.010345 0.012642 0.018786 0.958227 
0.250000 0.250000 0.250000 0.250000 
  39
0.884774 0.006502 0.046210 
0.102510 0.986714 0.462022 
0.012716 0.006784 0.491768 
0.016709 0.010345 0.011463 0.961482 
0.250000 0.250000 0.250000 0.250000 
  40
0.884774 0.006502 0.046210 
0.102510 0.986714 0.462022 
0.012716 0.006784 0.491768 
0.010345 0.966765 0.010345 0.012544 
0.250000 0.250000 0.250000 0.250000 
  41
0.884774 0.006502 0.046210 
0.102510 0.986714 0.462022 
0.012716 0.006784 0.491768 
0.010345 0.012498 0.014300 0.962857 
0.250000 0.250000 0.250000 0.250000 
  42
0.884774 0.006502 0.046210 
0.102510 0.986714 0.462022 
0.012716 0.006784 0.491768 
0.012642 0.012544 0.078286 0.896529 
0.250000 0.250000 0.250000 0.250000 
  43
0.884774 0.006502 0.046210 
0.102510 0.986714 0.462022 
0.012716 0.006784 0.491768 
0.958990 0.016478 0.012544 0.011988 
0.250000 0.250000 0.250000 0.250000 
  44
0.884774 0.006502 0.046210 
0.102510 0.986714 0.462022 
0.012716 0.006784 0.491768 
0.965921 0.010345 0.010345 0.013389 
0.250000 0.250000 0.250000 0.250000 
  45
0.884774 0.006502 0.046210 
0.102510 0.986714 0.462022 
0.012716 0.006784 0.491768 
0.961663 0.015658 0.010353 0.012326 
0.250000 0.250000 0.250000 0.250000 
  46
0.884774 0.006502 0.046210 
0.102510 0.986714 0.462022 
0.012716 0.006784 0.491768 
0.917705 0.061604 0.010345 0.010345 
0.250000 0.250000 0.250000 0.250000 
  47
0.884774 0.006502 0.046210 
0.102510 0.986714 0.462022 
0.012716 0.006784 0.491768 
0.019243 0.960066 0.010345 0.010345 
0.250000 0.250000 0.250000 0.250000 
  48
0.884774 0.006502 0.046210 
0.102510 0.986714 0.462022 
0.012716 0.006784 0.491768 
0.010379 0.010379 0.015274 0.963967 
0.250000 0.250000 0.250000 0.250000 
  49
0.145681 0.006502 0.046210 
0.841603 0.986714 0.462022 
0.048737 0.005083 0.491768 
0.006705 0.979886 0.006705 0.006705 
0.250000 0.250000 0.250000 0.250000 
  50
0.558363 0.004872 0.046210 
0.392900 0.990045 0.462022 
0.048737 0.005083 0.491768 
0.979886 0.006705 0.006705 0.006705 
0.250000 0.250000 0.250000 0.250000 
  51
0.558363 0.004872 0.046210 
0.392900 0.990045 0.462022 
0.048737 0.005083 0.491768 
0.006705 0.006705 0.018735 0.967856 
0.250000 0.250000 0.250000 0.250000 
  52
0.558363 0.004872 0.046210 
0.392900 0.990045 0.462022 
0.048737 0.005083 0.491768 
0.007790 0.006705 0.978801 0.006705 
0.250000 0.250000 0.250000 0.250000 
  53
0.473042 0.004872 0.046210 
0.478220 0.990045 0.462022 
0.053283 0.005044 0.491768 
0.980097 0.006634 0.006634 0.006634 
0.250000 0.250000 0.250000 0.250000 
  54
0.517167 0.004835 0.046210 
0.429549 0.990120 0.462022 
0.053283 0.005044 0.491768 
0.010389 0.976342 0.006634 0.006634 
0.250000 0.250000 0.250000 0.250000 
  55
0.517167 0.004835 0.046210 
0.429549 0.990120 0.462022 
0.053283 0.005044 0.491768 
0.980097 0.006634 0.006634 0.006634 
0.250000 0.250000 0.250000 0.250000 
  56
0.517167 0.004835 0.046210 
0.429549 0.990120 0.462022 
0.053283 0.005044 0.491768 
0.009686 0.007923 0.006634 0.975757 
0.250000 0.250000 0.250000 0.250000 
  57
0.517167 0.004835 0.046210 
0.429549 0.990120 0.462022 
0.053283 0.005044 0.491768 
0.006634 0.006634 0.017920 0.968811 
0.250000 0.250000 0.250000 0.250000 
  58
0.517167 0.004835 0.046210 
0.429549 0.990120 0.462022 
0.053283 0.005044 0.491768 
0.006634 0.006634 0.006634 0.980097 
0.250000 0.250000 0.250000 0.250000 
  59
0.517167 0.004835 0.046210 
0.429549 0.990120 0.462022 
0.053283 0.005044 0.491768 
0.006634 0.980097 0.006634 0.006634 
0.250000 0.250000 0.250000 0.250000 
  60
0.517167 0.004835 0.046210 
0.429549 0.990120 0.462022 
0.053283 0.005044 0.491768 
0.006634 0.006634 0.979113 0.007618 
0.250000 0.250000 0.250000 0.250000 
  61
0.517167 0.004835 0.046210 
0.429549 0.990120 0.462022 
0.053283 0.005044 0.491768 
0.976580 0.006634 0.010151 0.006634 
0.250000 0.250000 0.250000 0.250000 
  62
0.517167 0.004835 0.046210 
0.429549 0.990120 0.462022 
0.053283 0.005044 0.491768 
0.008848 0.006634 0.006634 0.977883 
0.250000 0.250000 0.250000 0.250000 
  63
0.517167 0.004835 0.046210 
0.429549 0.990120 0.462022 
0.053283 0.005044 0.491768 
0.006634 0.006634 0.010307 0.976424 
0.250000 0.250000 0.250000 0.250000 
  64
0.517167 0.004835 0.046210 
0.429549 0.990120 0.462022 
0.053283 0.005044 0.491768 
0.006634 0.980097 0.006634 0.006634 
0.250000 0.250000 0.250000 0.250000 
  65
0.517167 0.004835 0.046210 
0.429549 0.990120 0.462022 
0.053283 0.005044 0.491768 
0.006634 0.980097 0.006634 0.006634 
0.250000 0.250000 0.250000 0.250000 
  66
0.517167 0.004835 0.046210 
0.429549 0.990120 0.462022 
0.053283 0.005044 0.491768 
0.006634 0.009219 0.017396 0.966750 
0.250000 0.250000 0.250000 0.250000 
  67
0.517167 0.004835 0.046210 
0.429549 0.990120 0.462022 
0.053283 0.005044 0.491768 
0.006634 0.006634 0.006634 0.980097 
0.250000 0.250000 0.250000 0.250000 
  68
0.517167 0.004835 0.046210 
0.429549 0.990120 0.462022 
0.053283 0.005044 0.491768 
0.980097 0.006634 0.006634 0.006634 
0.250000 0.250000 0.250000 0.250000 
  69
0.517167 0.004835 0.046210 
0.429549 0.990120 0.462022 
0.053283 0.005044 0.491768 
0.006634 0.006634 0.971950 0.014781 
0.250000 0.250000 0.250000 0.250000 
  70
0.517167 0.004835 0.046210 
0.429549 0.990120 0.462022 
0.053283 0.005044 0.491768 
0.007502 0.006634 0.979229 0.006634 
0.250000 0.250000 0.250000 0.250000 
  71
0.517167 0.004835 0.046210 
0.429549 0.990120 0.462022 
0.053283 0.005044 0.491768 
0.978374 0.008357 0.006634 0.006634 
0.250000 0.250000 0.250000 0.250000 
  72
0.517167 0.004835 0.046210 
0.429549 0.990120 0.462022 
0.053283 0.005044 0.491768 
0.006634 0.006634 0.006634 0.980097 
0.250000 0.250000 0.250000 0.250000 
  73
0.517167 0.004835 0.046210 
0.429549 0.990120 0.462022 
0.053283 0.005044 0.491768 
0.006634 0.980097 0.006634 0.006634 
0.250000 0.250000 0.250000 0.250000 
  74
0.517167 0.004835 0.046210 
0.429549 0.990120 0.462022 
0.053283 0.005044 0.491768 
0.006634 0.006634 0.980097 0.006634 
0.250000 0.250000 0.250000 0.250000 
  75
0.517167 0.004835 0.046210 
0.429549 0.990120 0.462022 
0.053283 0.005044 0.491768 
0.977520 0.007340 0.006634 0.008506 
0.250000 0.250000 0.250000 0.250000 
  76
0.517167 0.004835 0.046210 
0.429549 0.990120 0.462022 
0.053283 0.005044 0.491768 
0.980097 0.006634 0.006634 0.006634 
0.250000 0.250000 0.250000 0.250000 
  77
0.517167 0.004835 0.046210 
0.429549 0.990120 0.462022 
0.053283 0.005044 0.491768 
0.980097 0.006634 0.006634 0.006634 
0.250000 0.250000 0.250000 0.250000 
  78
0.517167 0.004835 0.046210 
0.429549 0.990120 0.462022 
0.053283 0.005044 0.491768 
0.006634 0.006634 0.871503 0.115228 
0.250000 0.250000 0.250000 0.250000 
  79
0.517167 0.004835 0.046210 
0.429549 0.990120 0.462022 
0.053283 0.005044 0.491768 
0.980097 0.006634 0.006634 0.006634 
0.250000 0.250000 0.250000 0.250000 
  80
0.517167 0.004835 0.046210 
0.429549 0.990120 0.462022 
0.053283 0.005044 0.491768 
0.980097 0.006634 0.006634 0.006634 
0.250000 0.250000 0.250000 0.250000 
  81
0.517167 0.004835 0.046210 
0.429549 0.990120 0.462022 
0.053283 0.005044 0.491768 
0.006634 0.006634 0.974834 0.011898 
0.250000 0.250000 0.250000 0.250000 
  82
0.517167 0.004835 0.046210 
0.429549 0.990120 0.462022 
0.053283 0.005044 0.491768 
0.006634 0.006634 0.006634 0.980097 
0.250000 0.250000 0.250000 0.250000 
  83
0.517167 0.004835 0.046210 
0.429549 0.990120 0.462022 
0.053283 0.005044 0.491768 
0.006634 0.006634 0.977199 0.009532 
0.250000 0.250000 0.250000 0.250000 
  84
0.517167 0.004835 0.046210 
0.429549 0.990120 0.462022 
0.053283 0.005044 0.491768 
0.090138 0.888327 0.006634 0.014900 
0.250000 0.250000 0.250000 0.250000 
  85
0.517167 0.004835 0.046210 
0.429549 0.990120 0.462022 
0.053283 0.005044 0.491768 
0.980097 0.006634 0.006634 0.006634 
0.250000 0.250000 0.250000 0.250000 
  86
0.517167 0.004835 0.046210 
0.429549 0.990120 0.462022 
0.053283 0.005044 0.491768 
0.006634 0.006634 0.980097 0.006634 
0.250000 0.250000 0.250000 0.250000 
  87
0.517167 0.004835 0.046210 
0.429549 0.990120 0.462022 
0.053283 0.005044 0.491768 
0.883405 0.027334 0.009230 0.080031 
0.250000 0.250000 0.250000 0.250000 
  88
0.517167 0.004835 0.046210 
0.429549 0.990120 0.462022 
0.053283 0.005044 0.491768 
0.006634 0.980097 0.006634 0.006634 
0.250000 0.250000 0.250000 0.250000 
  89
0.517167 0.004835 0.046210 
0.429549 0.990120 0.462022 
0.053283 0.005044 0.491768 
0.978808 0.006634 0.006634 0.007923 
0.250000 0.250000 0.250000 0.250000 
  90
0.517167 0.004835 0.046210 
0.429549 0.990120 0.462022 
0.053283 0.005044 0.491768 
0.013766 0.972957 0.006639 0.006639 
0.250000 0.250000 0.250000 0.250000 
  91
0.517167 0.004835 0.046210 
0.429549 0.990120 0.462022 
0.053283 0.005044 0.491768 
0.019067 0.006634 0.967664 0.006634 
0.250000 0.250000 0.250000 0.250000 
  92
0.517167 0.004835 0.046210 
0.429549 0.990120 0.462022 
0.053283 0.005044 0.491768 
0.977858 0.008873 0.006634 0.006634 
0.250000 0.250000 0.250000 0.250000 
  93
0.517167 0.004835 0.046210 
0.429549 0.990120 0.462022 
0.053283 0.005044 0.491768 
0.017148 0.969584 0.006634 0.006634 
0.250000 0.250000 0.250000 0.250000 
  94
0.517167 0.004835 0.046210 
0.429549 0.990120 0.462022 
0.053283 0.005044 0.491768 
0.010055 0.976676 0.006634 0.006634 
0.250000 0.250000 0.250000 0.250000 
  95
0.517167 0.004835 0.046210 
0.429549 0.990120 0.462022 
0.053283 0.005044 0.491768 
0.006634 0.006634 0.006634 0.980097 
0.250000 0.250000 0.250000 0.250000 
  96
0.517167 0.004835 0.046210 
0.429549 0.990120 0.462022 
0.053283 0.005044 0.491768 
0.006634 0.006634 0.010803 0.975929 
0.250000 0.250000 0.250000 0.250000 
  97
0.517167 0.004835 0.046210 
0.429549 0.990120 0.462022 
0.053283 0.005044 0.491768 
0.006634 0.980097 0.006634 0.006634 
0.250000 0.250000 0.250000 0.250000 
  98
0.517167 0.004835 0.046210 
0.429549 0.990120 0.462022 
0.053283 0.005044 0.491768 
0.980097 0.006634 0.006634 0.006634 
0.250000 0.250000 0.250000 0.250000 
  99
0.517167 0.004835 0.046210 
0.429549 0.990120 0.462022 
0.053283 0.005044 0.491768 
0.006634 0.006634 0.977141 0.009590 
0.250000 0.250000 0.250000 0.250000 
 100
0.517167 0.004835 0.046210 
0.429549 0.990120 0.462022 
0.053283 0.005044 0.491768 
0.980097 0.006634 0.006634 0.006634 
0.250000 0.250000 0.250000 0.250000 
 101
0.517167 0.004835 0.046210 
0.429549 0.990120 0.462022 
0.053283 0.005044 0.491768 
0.006634 0.006634 0.980097 0.006634 
0.250000 0.250000 0.250000 0.250000 
 102
0.517167 0.004835 0.046210 
0.429549 0.990120 0.462022 
0.053283 0.005044 0.491768 
0.267970 0.717577 0.006634 0.007818 
0.250000 0.250000 0.250000 0.250000 
 103
0.517167 0.004835 0.046210 
0.429549 0.990120 0.462022 
0.053283 0.005044 0.491768 
0.980097 0.006634 0.006634 0.006634 
0.250000 0.250000 0.250000 0.250000 
 104
0.517167 0.004835 0.046210 
0.429549 0.990120 0.462022 
0.053283 0.005044 0.491768 
0.006634 0.006634 0.006634 0.980097 
0.250000 0.250000 0.250000 0.250000 
 105
0.517167 0.004835 0.046210 
0.429549 0.990120 0.462022 
0.053283 0.005044 0.491768 
0.975293 0.007584 0.006634 0.010489 
0.250000 0.250000 0.250000 0.250000 
 106
0.456640 0.004835 0.046210 
0.490076 0.990120 0.462022 
0.056716 0.005020 0.491768 
0.978455 0.006590 0.008365 0.006590 
0.250000 0.250000 0.250000 0.250000 
 107
0.486060 0.004812 0.046210 
0.457224 0.990168 0.462022 
0.056716 0.005020 0.491768 
0.006590 0.006590 0.006590 0.980231 
0.250000 0.250000 0.250000 0.250000 
 108
0.486060 0.004812 0.046210 
0.457224 0.990168 0.462022 
0.056716 0.005020 0.491768 
0.007508 0.977114 0.006590 0.008788 
0.250000 0.250000 0.250000 0.250000 
 109
0.486060 0.004812 0.046210 
0.457224 0.990168 0.462022 
0.056716 0.005020 0.491768 
0.006590 0.980231 0.006590 0.006590 
0.250000 0.250000 0.250000 0.250000 
 110
0.486060 0.004812 0.046210 
0.457224 0.990168 0.462022 
0.056716 0.005020 0.491768 
0.980231 0.006590 0.006590 0.006590 
0.250000 0.250000 0.250000 0.250000 
 111
0.486060 0.004812 0.046210 
0.457224 0.990168 0.462022 
0.056716 0.005020 0.491768 
0.965412 0.021409 0.006590 0.006590 
0.250000 0.250000 0.250000 0.250000 
 112
0.486060 0.004812 0.046210 
0.457224 0.990168 0.462022 
0.056716 0.005020 0.491768 
0.980231 0.006590 0.006590 0.006590 
0.250000 0.250000 0.250000 0.250000 
 113
0.486060 0.004812 0.046210 
0.457224 0.990168 0.462022 
0.056716 0.005020 0.491768 
0.979225 0.007596 0.006590 0.006590 
0.250000 0.250000 0.250000 0.250000 
 114
0.486060 0.004812 0.046210 
0.457224 0.990168 0.462022 
0.056716 0.005020 0.491768 
0.948847 0.037974 0.006590 0.006590 
0.250000 0.250000 0.250000 0.250000 
 115
0.486060 0.004812 0.046210 
0.457224 0.990168 0.462022 
0.056716 0.005020 0.491768 
0.980231 0.006590 0.006590 0.006590 
0.250000 0.250000 0.250000 0.250000 
 116
0.486060 0.004812 0.046210 
0.457224 0.990168 0.462022 
0.056716 0.005020 0.491768 
0.980231 0.006590 0.006590 0.006590 
0.250000 0.250000 0.250000 0.250000 
 117
0.486060 0.004812 0.046210 
0.457224 0.990168 0.462022 
0.056716 0.005020 0.491768 
0.006600 0.006600 0.973697 0.013104 
0.250000 0.250000 0.250000 0.250000 
 118
0.486060 0.004812 0.046210 
0.457224 0.990168 0.462022 
0.056716 0.005020 0.491768 
0.006590 0.980231 0.006590 0.006590 
0.250000 0.250000 0.250000 0.250000 
 119
0.486060 0.004812 0.046210 
0.457224 0.990168 0.462022 
0.056716 0.005020 0.491768 
0.008933 0.006590 0.006590 0.977888 
0.250000 0.250000 0.250000 0.250000 
 120
0.486060 0.004812 0.046210 
0.457224 0.990168 0.462022 
0.056716 0.005020 0.491768 
0.006590 0.006590 0.976098 0.010723 
0.250000 0.250000 0.250000 0.250000 
 121
0.486060 0.004812 0.046210 
0.457224 0.990168 0.462022 
0.056716 0.005020 0.491768 
0.980231 0.006590 0.006590 0.006590 
0.250000 0.250000 0.250000 0.250000 
 122
0.486060 0.004812 0.046210 
0.457224 0.990168 0.462022 
0.056716 0.005020 0.491768 
0.006590 0.006590 0.980231 0.006590 
0.250000 0.250000 0.250000 0.250000 
 123
0.486060 0.004812 0.046210 
0.457224 0.990168 0.462022 
0.056716 0.005020 0.491768 
0.007652 0.006590 0.007786 0.977972 
0.250000 0.250000 0.250000 0.250000 
 124
0.486060 0.004812 0.046210 
0.457224 0.990168 0.462022 
0.056716 0.005020 0.491768 
0.006590 0.980231 0.006590 0.006590 
0.250000 0.250000 0.250000 0.250000 
 125
0.486060 0.004812 0.046210 
0.457224 0.990168 0.462022 
0.056716 0.005020 0.491768 
0.006590 0.006590 0.006590 0.980231 
0.250000 0.250000 0.250000 0.250000 
 126
0.486060 0.004812 0.046210 
0.457224 0.990168 0.462022 
0.056716 0.005020 0.491768 
0.006590 0.006590 0.024017 0.962804 
0.250000 0.250000 0.250000 0.250000 
 127
0.486060 0.004812 0.046210 
0.457224 0.990168 0.462022 
0.056716 0.005020 0.491768 
0.980231 0.006590 0.006590 0.006590 
0.250000 0.250000 0.250000 0.250000 
 128
0.486060 0.004812 0.046210 
0.457224 0.990168 0.462022 
0.056716 0.005020 0.491768 
0.006590 0.006590 0.980231 0.006590 
0.250000 0.250000 0.250000 0.250000 
 129
0.486060 0.004812 0.046210 
0.457224 0.990168 0.462022 
0.056716 0.005020 0.491768 
0.742193 0.243289 0.006590 0.007928 
0.250000 0.250000 0.250000 0.250000 
 130
0.486060 0.004812 0.046210 
0.457224 0.990168 0.462022 
0.056716 0.005020 0.491768 
0.006590 0.006590 0.980231 0.006590 
0.250000 0.250000 0.250000 0.250000 
 131
0.486060 0.004812 0.046210 
0.457224 0.990168 0.462022 
0.056716 0.005020 0.491768 
0.979031 0.007790 0.006590 0.006590 
0.250000 0.250000 0.250000 0.250000 
 132
0.486060 0.004812 0.046210 
0.457224 0.990168 0.462022 
0.056716 0.005020 0.491768 
0.007279 0.010863 0.008262 0.973595 
0.250000 0.250000 0.250000 0.250000 
 133
0.486060 0.004812 0.046210 
0.457224 0.990168 0.462022 
0.056716 0.005020 0.491768 
0.008574 0.977544 0.006590 0.007293 
0.250000 0.250000 0.250000 0.250000 
 134
0.486060 0.004812 0.046210 
0.457224 0.990168 0.462022 
0.056716 0.005020 0.491768 
0.006590 0.006590 0.980231 0.006590 
0.250000 0.250000 0.250000 0.250000 
 135
0.486060 0.004812 0.046210 
0.457224 0.990168 0.462022 
0.056716 0.005020 0.491768 
0.007368 0.006600 0.893008 0.093025 
0.250000 0.250000 0.250000 0.250000 
 136
0.486060 0.004812 0.046210 
0.457224 0.990168 0.462022 
0.056716 0.005020 0.491768 
0.009288 0.006590 0.977533 0.006590 
0.250000 0.250000 0.250000 0.250000 
 137
0.486060 0.004812 0.046210 
0.457224 0.990168 0.462022 
0.056716 0.005020 0.491768 
0.970191 0.016630 0.006590 0.006590 
0.250000 0.250000 0.250000 0.250000 
 138
0.486060 0.004812 0.046210 
0.457224 0.990168 0.462022 
0.056716 0.005020 0.491768 
0.974314 0.012507 0.006590 0.006590 
0.250000 0.250000 0.250000 0.250000 
 139
0.486060 0.004812 0.046210 
0.457224 0.990168 0.462022 
0.056716 0.005020 0.491768 
0.018005 0.968815 0.006590 0.006590 
0.250000 0.250000 0.250000 0.250000 
 140
0.486060 0.004812 0.046210 
0.457224 0.990168 0.462022 
0.056716 0.005020 0.491768 
0.980231 0.006590 0.006590 0.006590 
0.250000 0.250000 0.250000 0.250000 
 141
0.486060 0.004812 0.046210 
0.457224 0.990168 0.462022 
0.056716 0.005020 0.491768 
0.006590 0.006590 0.977476 0.009345 
0.250000 0.250000 0.250000 0.250000 
 142
0.486060 0.004812 0.046210 
0.457224 0.990168 0.462022 
0.056716 0.005020 0.491768 
0.980231 0.006590 0.006590 0.006590 
0.250000 0.250000 0.250000 0.250000 
 143
0.486060 0.004812 0.046210 
0.457224 0.990168 0.462022 
0.056716 0.005020 0.491768 
0.006590 0.006590 0.008449 0.978372 
0.250000 0.250000 0.250000 0.250000 
 144
0.486060 0.004812 0.046210 
0.457224 0.990168 0.462022 
0.056716 0.005020 0.491768 
0.978850 0.006590 0.006590 0.007971 
0.250000 0.250000 0.250000 0.250000 
 145
0.486060 0.004812 0.046210 
0.457224 0.990168 0.462022 
0.056716 0.005020 0.491768 
0.006590 0.008933 0.976956 0.007522 
0.250000 0.250000 0.250000 0.250000 
 146
0.486060 0.004812 0.046210 
0.457224 0.990168 0.462022 
0.056716 0.005020 0.491768 
0.006590 0.006590 0.006590 0.980231 
0.250000 0.250000 0.250000 0.250000 
 147
0.486060 0.006387 0.046210 
0.457224 0.988593 0.462022 
0.055552 0.005028 0.491768 
0.054392 0.932400 0.006604 0.006604 
0.250000 0.250000 0.250000 0.250000 
 148
0.476083 0.004820 0.046210 
0.468365 0.990152 0.462022 
0.056716 0.005020 0.491768 
0.006590 0.980231 0.006590 0.006590 
0.250000 0.250000 0.250000 0.250000 
 149
0.486060 0.004812 0.046210 
0.457224 0.990168 0.462022 
0.056716 0.005020 0.491768 
0.979376 0.007444 0.006590 0.006590 
0.250000 0.250000 0.250000 0.250000 
 150
0.486060 0.004812 0.046210 
0.457224 0.990168 0.462022 
0.056716 0.005020 0.491768 
0.976236 0.010585 0.006590 0.006590 
0.250000 0.250000 0.250000 0.250000 
 151
0.486060 0.004812 0.046210 
0.457224 0.990168 0.462022 
0.056716 0.005020 0.491768 
0.980231 0.006590 0.006590 0.006590 
0.250000 0.250000 0.250000 0.250000 
 152
0.486060 0.004812 0.046210 
0.457224 0.990168 0.462022 
0.056716 0.005020 0.491768 
0.973077 0.013744 0.006590 0.006590 
0.250000 0.250000 0.250000 0.250000 
 153
0.486060 0.004812 0.046210 
0.457224 0.990168 0.462022 
0.056716 0.005020 0.491768 
0.020282 0.966539 0.006590 0.006590 
0.250000 0.250000 0.250000 0.250000 
 154
0.486060 0.004812 0.046210 
0.457224 0.990168 0.462022 
0.056716 0.005020 0.491768 
0.979192 0.007629 0.006590 0.006590 
0.250000 0.250000 0.250000 0.250000 
 155
0.486060 0.004812 0.046210 
0.457224 0.990168 0.462022 
0.056716 0.005020 0.491768 
0.014209 0.006590 0.972612 0.006590 
0.250000 0.250000 0.250000 0.250000 
 156
0.486060 0.004812 0.046210 
0.457224 0.990168 0.462022 
0.056716 0.005020 0.491768 
0.977427 0.009394 0.006590 0.006590 
0.250000 0.250000 0.250000 0.250000 
 157
0.486060 0.004812 0.046210 
0.457224 0.990168 0.462022 
0.056716 0.005020 0.491768 
0.006590 0.006590 0.979381 0.007440 
0.250000 0.250000 0.250000 0.250000 
 158
0.486060 0.004812 0.046210 
0.457224 0.990168 0.462022 
0.056716 0.005020 0.491768 
0.980231 0.006590 0.006590 0.006590 
0.250000 0.250000 0.250000 0.250000 
 159
0.486060 0.004812 0.046210 
0.457224 0.990168 0.462022 
0.056716 0.005020 0.491768 
0.006590 0.006590 0.975568 0.011253 
0.250000 0.250000 0.250000 0.250000 
 160
0.486060 0.004812 0.046210 
0.457224 0.990168 0.462022 
0.056716 0.005020 0.491768 
0.980231 0.006590 0.006590 0.006590 
0.250000 0.250000 0.250000 0.250000 
 161
0.486060 0.004812 0.046210 
0.457224 0.990168 0.462022 
0.056716 0.005020 0.491768 
0.980231 0.006590 0.006590 0.006590 
0.250000 0.250000 0.250000 0.250000 
 162
0.486060 0.004812 0.046210 
0.457224 0.990168 0.462022 
0.056716 0.005020 0.491768 
0.010303 0.007766 0.956437 0.025494 
0.250000 0.250000 0.250000 0.250000 
 163
0.486060 0.004812 0.046210 
0.457224 0.990168 0.462022 
0.056716 0.005020 0.491768 
0.015386 0.971435 0.006590 0.006590 
0.250000 0.250000 0.250000 0.250000 
 164
0.486060 0.004812 0.046210 
0.457224 0.990168 0.462022 
0.056716 0.005020 0.491768 
0.007645 0.979176 0.006590 0.006590 
0.250000 0.250000 0.250000 0.250000 
 165
0.486060 0.004812 0.046210 
0.457224 0.990168 0.462022 
0.056716 0.005020 0.491768 
0.062411 0.923287 0.006608 0.007694 
0.250000 0.250000 0.250000 0.250000 
 166
0.486060 0.004812 0.046210 
0.457224 0.990168 0.462022 
0.056716 0.005020 0.491768 
0.980231 0.006590 0.006590 0.006590 
0.250000 0.250000 0.250000 0.250000 
 167
0.486060 0.004812 0.046210 
0.457224 0.990168 0.462022 
0.056716 0.005020 0.491768 
0.364234 0.617811 0.006590 0.011365 
0.250000 0.250000 0.250000 0.250000 
 168
0.486060 0.004812 0.046210 
0.457224 0.990168 0.462022 
0.056716 0.005020 0.491768 
0.042272 0.944540 0.006594 0.006594 
0.250000 0.250000 0.250000 0.250000 
 169
0.486060 0.004812 0.046210 
0.457224 0.990168 0.462022 
0.056716 0.005020 0.491768 
0.006590 0.006590 0.980231 0.006590 
0.250000 0.250000 0.250000 0.250000 
 170
0.486060 0.004812 0.046210 
0.457224 0.990168 0.462022 
0.056716 0.005020 0.491768 
0.008449 0.006590 0.007344 0.977617 
0.250000 0.250000 0.250000 0.250000 
 171
0.486060 0.004812 0.046210 
0.457224 0.990168 0.462022 
0.056716 0.005020 0.491768 
0.012211 0.006590 0.968628 0.012571 
0.250000 0.250000 0.250000 0.250000 
 172
0.486060 0.004812 0.046210 
0.457224 0.990168 0.462022 
0.056716 0.005020 0.491768 
0.006590 0.006590 0.006590 0.980231 
0.250000 0.250000 0.250000 0.250000 
 173
0.486060 0.004812 0.046210 
0.457224 0.990168 0.462022 
0.056716 0.005020 0.491768 
0.006590 0.980231 0.006590 0.006590 
0.250000 0.250000 0.250000 0.250000 
 174
0.486060 0.004812 0.046210 
0.457224 0.990168 0.462022 
0.056716 0.005020 0.491768 
0.006594 0.006594 0.974186 0.012626 
0.250000 0.250000 0.250000 0.250000 
 175
0.486060 0.004812 0.046210 
0.457224 0.990168 0.462022 
0.056716 0.005020 0.491768 
0.025081 0.960323 0.008006 0.006590 
0.250000 0.250000 0.250000 0.250000 
 176
0.486060 0.004812 0.046210 
0.457224 0.990168 0.462022 
0.056716 0.005020 0.491768 
0.980231 0.006590 0.006590 0.006590 
0.250000 0.250000 0.250000 0.250000 
 177
0.486060 0.004812 0.046210 
0.457224 0.990168 0.462022 
0.056716 0.005020 0.491768 
0.006590 0.006590 0.007432 0.979389 
0.250000 0.250000 0.250000 0.250000 
 178
0.486060 0.004812 0.046210 
0.457224 0.990168 0.462022 
0.056716 0.005020 0.491768 
0.006590 0.006590 0.940440 0.046380 
0.250000 0.250000 0.250000 0.250000 
 179
0.486060 0.004812 0.046210 
0.457224 0.990168 0.462022 
0.056716 0.005020 0.491768 
0.006590 0.008933 0.006590 0.977888 
0.250000 0.250000 0.250000 0.250000 
 180
0.486060 0.004812 0.046210 
0.457224 0.990168 0.462022 
0.056716 0.005020 0.491768 
0.021588 0.965233 0.006590 0.006590 
0.250000 0.250000 0.250000 0.250000 
 181
0.486060 0.004812 0.046210 
0.457224 0.990168 0.462022 
0.056716 0.005020 0.491768 
0.980231 0.006590 0.006590 0.006590 
0.250000 0.250000 0.250000 0.250000 
 182
0.486060 0.004812 0.046210 
0.457224 0.990168 0.462022 
0.056716 0.005020 0.491768 
0.980231 0.006590 0.006590 0.006590 
0.250000 0.250000 0.250000 0.250000 
 183
0.486060 0.004812 0.046210 
0.457224 0.990168 0.462022 
0.056716 0.005020 0.491768 
0.007701 0.006590 0.009591 0.976119 
0.250000 0.250000 0.250000 0.250000 
 184
0.486060 0.004812 0.046210 
0.457224 0.990168 0.462022 
0.056716 0.005020 0.491768 
0.006590 0.980231 0.006590 0.006590 
0.250000 0.250000 0.250000 0.250000 
 185
0.486060 0.004812 0.046210 
0.457224 0.990168 0.462022 
0.056716 0.005020 0.491768 
0.006590 0.980231 0.006590 0.006590 
0.250000 0.250000 0.250000 0.250000 
 186
0.486060 0.004812 0.046210 
0.457224 0.990168 0.462022 
0.056716 0.005020 0.491768 
0.941303 0.044634 0.006593 0.007469 
0.250000 0.250000 0.250000 0.250000 
 187
0.486060 0.004812 0.046210 
0.457224 0.990168 0.462022 
0.056716 0.005020 0.491768 
0.006590 0.979209 0.006590 0.007612 
0.250000 0.250000 0.250000 0.250000 
 188
0.486060 0.004812 0.046210 
0.457224 0.990168 0.462022 
0.056716 0.005020 0.491768 
0.006590 0.010303 0.006590 0.976517 
0.250000 0.250000 0.250000 0.250000 
 189
0.486060 0.004812 0.046210 
0.457224 0.990168 0.462022 
0.056716 0.005020 0.491768 
0.044549 0.942263 0.006594 0.006594 
0.250000 0.250000 0.250000 0.250000 
 190
0.486060 0.004812 0.046210 
0.457224 0.990168 0.462022 
0.056716 0.005020 0.491768 
0.976517 0.010303 0.006590 0.006590 
0.250000 0.250000 0.250000 0.250000 
 191
0.486060 0.004812 0.046210 
0.457224 0.990168 0.462022 
0.056716 0.005020 0.491768 
0.966351 0.020470 0.006590 0.006590 
0.250000 0.250000 0.250000 0.250000 
 192
0.486060 0.004812 0.046210 
0.457224 0.990168 0.462022 
0.056716 0.005020 0.491768 
0.971583 0.015229 0.006594 0.006594 
0.250000 0.250000 0.250000 0.250000 
 193
0.486060 0.004812 0.046210 
0.457224 0.990168 0.462022 
0.056716 0.005020 0.491768 
0.006590 0.006590 0.980231 0.006590 
0.250000 0.250000 0.250000 0.250000 
 194
0.486060 0.004812 0.046210 
0.457224 0.990168 0.462022 
0.056716 0.005020 0.491768 
0.006590 0.006590 0.980231 0.006590 
0.250000 0.250000 0.250000 0.250000 
 195
0.486060 0.004812 0.046210 
0.457224 0.990168 0.462022 
0.056716 0.005020 0.491768 
0.017324 0.006590 0.010065 0.966021 
0.250000 0.250000 0.250000 0.250000 
 196
0.486060 0.004812 0.046210 
0.457224 0.990168 0.462022 
0.056716 0.005020 0.491768 
0.006590 0.006590 0.975923 0.010898 
0.250000 0.250000 0.250000 0.250000 
 197
0.486060 0.004812 0.046210 
0.457224 0.990168 0.462022 
0.056716 0.005020 0.491768 
0.006590 0.006590 0.006590 0.980231 
0.250000 0.250000 0.250000 0.250000 
 198
0.486060 0.004812 0.046210 
0.457224 0.990168 0.462022 
0.056716 0.005020 0.491768 
0.014887 0.968220 0.006590 0.010303 
0.250000 0.250000 0.250000 0.250000 
 199
0.486060 0.004812 0.046210 
0.457224 0.990168 0.462022 
0.056716 0.005020 0.491768 
0.935656 0.051148 0.006598 0.006598 
0.250000 0.250000 0.250000 0.250000 
 200
0.486060 0.004812 0.046210 
0.457224 0.990168 0.462022 
0.056716 0.005020 0.491768 
0.010303 0.006590 0.006590 0.976517 
0.250000 0.250000 0.250000 0.250000 
 201
0.486060 0.004812 0.046210 
0.457224 0.990168 0.462022 
0.056716 0.005020 0.491768 
0.006590 0.007297 0.008202 0.977912 
0.250000 0.250000 0.250000 0.250000 
 202
0.486060 0.004812 0.046210 
0.457224 0.990168 0.462022 
0.056716 0.005020 0.491768 
0.006590 0.006590 0.014163 0.972658 
0.250000 0.250000 0.250000 0.250000 
 203
0.486060 0.004812 0.046210 
0.457224 0.990168 0.462022 
0.056716 0.005020 0.491768 
0.006590 0.006590 0.006590 0.980231 
0.250000 0.250000 0.250000 0.250000 
 204
0.486060 0.004812 0.046210 
0.457224 0.990168 0.462022 
0.056716 0.005020 0.491768 
0.930320 0.052787 0.006590 0.010303 
0.250000 0.250000 0.250000 0.250000 
 205
0.486060 0.004812 0.046210 
0.457224 0.990168 0.462022 
0.056716 0.005020 0.491768 
0.980231 0.006590 0.006590 0.006590 
0.250000 0.250000 0.250000 0.250000 
 206
0.486060 0.004812 0.046210 
0.457224 0.990168 0.462022 
0.056716 0.005020 0.491768 
0.976604 0.009486 0.007320 0.006590 
0.250000 0.250000 0.250000 0.250000 
 207
0.486060 0.004812 0.046210 
0.457224 0.990168 0.462022 
0.056716 0.005020 0.491768 
0.027051 0.957979 0.006590 0.008380 
0.250000 0.250000 0.250000 0.250000 
 208
0.486060 0.004812 0.046210 
0.457224 0.990168 0.462022 
0.056716 0.005020 0.491768 
0.139315 0.847470 0.006607 0.006607 
0.250000 0.250000 0.250000 0.250000 
 209
0.486060 0.004812 0.046210 
0.457224 0.990168 0.462022 
0.056716 0.005020 0.491768 
0.980231 0.006590 0.006590 0.006590 
0.250000 0.250000 0.250000 0.250000 
 210
0.486060 0.004812 0.046210 
0.457224 0.990168 0.462022 
0.056716 0.005020 0.491768 
0.006590 0.006590 0.010151 0.976670 
0.250000 0.250000 0.250000 0.250000 
 211
0.486060 0.004812 0.046210 
0.457224 0.990168 0.462022 
0.056716 0.005020 0.491768 
0.006590 0.006590 0.006590 0.980231 
0.250000 0.250000 0.250000 0.250000 
 212
0.486060 0.004812 0.046210 
0.457224 0.990168 0.462022 
0.056716 0.005020 0.491768 
0.006590 0.980231 0.006590 0.006590 
0.250000 0.250000 0.250000 0.250000 
 213
0.486060 0.004812 0.046210 
0.457224 0.990168 0.462022 
0.056716 0.005020 0.491768 
0.006590 0.006590 0.008246 0.978574 
0.250000 0.250000 0.250000 0.250000 
 214
0.486060 0.004812 0.046210 
0.457224 0.990168 0.462022 
0.056716 0.005020 0.491768 
0.980231 0.006590 0.006590 0.006590 
0.250000 0.250000 0.250000 0.250000 
 215
0.486060 0.004812 0.046210 
0.457224 0.990168 0.462022 
0.056716 0.005020 0.491768 
0.007556 0.978243 0.006590 0.007612 
0.250000 0.250000 0.250000 0.250000 
 216
0.486060 0.004812 0.046210 
0.457224 0.990168 0.462022 
0.056716 0.005020 0.491768 
0.006590 0.006590 0.010684 0.976137 
0.250000 0.250000 0.250000 0.250000 
 217
0.486060 0.004812 0.046210 
0.457224 0.990168 0.462022 
0.056716 0.005020 0.491768 
0.006590 0.980231 0.006590 0.006590 
0.250000 0.250000 0.250000 0.250000 
 218
0.486060 0.004812 0.046210 
0.457224 0.990168 0.462022 
0.056716 0.005020 0.491768 
0.006590 0.006590 0.006590 0.980231 
0.250000 0.250000 0.250000 0.250000 
 219
0.486060 0.004812 0.046210 
0.457224 0.990168 0.462022 
0.056716 0.005020 0.491768 
0.957743 0.025409 0.006600 0.010248 
0.250000 0.250000 0.250000 0.250000 
 220
0.486060 0.004812 0.046210 
0.457224 0.990168 0.462022 
0.056716 0.005020 0.491768 
0.011269 0.974687 0.006590 0.007454 
0.250000 0.250000 0.250000 0.250000 
 221
0.486060 0.004812 0.046210 
0.457224 0.990168 0.462022 
0.056716 0.005020 0.491768 
0.006590 0.006590 0.980231 0.006590 
0.250000 0.250000 0.250000 0.250000 
 222
0.486060 0.004812 0.046210 
0.457224 0.990168 0.462022 
0.056716 0.005020 0.491768 
0.017477 0.006590 0.008051 0.967882 
0.250000 0.250000 0.250000 0.250000 
 223
0.486060 0.004812 0.046210 
0.457224 0.990168 0.462022 
0.056716 0.005020 0.491768 
0.006590 0.980231 0.006590 0.006590 
0.250000 0.250000 0.250000 0.250000 
 224
0.486060 0.004812 0.046210 
0.457224 0.990168 0.462022 
0.056716 0.005020 0.491768 
0.006590 0.980231 0.006590 0.006590 
0.250000 0.250000 0.250000 0.250000 
 225
0.486060 0.004812 0.046210 
0.457224 0.990168 0.462022 
0.056716 0.005020 0.491768 
0.961008 0.025813 0.006590 0.006590 
0.250000 0.250000 0.250000 0.250000 
 226
0.486060 0.004812 0.046210 
0.457224 0.990168 0.462022 
0.056716 0.005020 0.491768 
0.006590 0.006590 0.006590 0.980231 
0.250000 0.250000 0.250000 0.250000 
 227
0.486060 0.004812 0.046210 
0.457224 0.990168 0.462022 
0.056716 0.005020 0.491768 
0.006590 0.980231 0.006590 0.006590 
0.250000 0.250000 0.250000 0.250000 
 228
0.486060 0.004812 0.046210 
0.457224 0.990168 0.462022 
0.056716 0.005020 0.491768 
0.006590 0.980231 0.006590 0.006590 
0.250000 0.250000 0.250000 0.250000 
 229
0.486060 0.004812 0.046210 
0.457224 0.990168 0.462022 
0.056716 0.005020 0.491768 
0.006590 0.010303 0.974440 0.008667 
0.250000 0.250000 0.250000 0.250000 
 230
0.486060 0.004812 0.046210 
0.457224 0.990168 0.462022 
0.056716 0.005020 0.491768 
0.006590 0.006590 0.006590 0.980231 
0.250000 0.250000 0.250000 0.250000 
 231
0.486060 0.004812 0.046210 
0.457224 0.990168 0.462022 
0.056716 0.005020 0.491768 
0.006590 0.006590 0.147511 0.839310 
0.250000 0.250000 0.250000 0.250000 
 232
0.486060 0.004812 0.046210 
0.457224 0.990168 0.462022 
0.056716 0.005020 0.491768 
0.007626 0.006590 0.979194 0.006590 
0.250000 0.250000 0.250000 0.250000 
 233
0.486060 0.004812 0.046210 
0.457224 0.990168 0.462022 
0.056716 0.005020 0.491768 
0.009250 0.006590 0.006590 0.977571 
0.250000 0.250000 0.250000 0.250000 
 234
0.486060 0.004812 0.046210 
0.457224 0.990168 0.462022 
0.056716 0.005020 0.491768 
0.006590 0.006590 0.007784 0.979037 
0.250000 0.250000 0.250000 0.250000 
 235
0.486060 0.004812 0.046210 
0.457224 0.990168 0.462022 
0.056716 0.005020 0.491768 
