%  SAM: /scicomp/home-pure/vfn4/Tools/label-dev/LABEL_RES/scripts/modelfromalign_Linux v3.5 (July 15, 2005) compiled 12/08/06_16:15:55
%  (c) 1992-2001 Regents of the University of California, Santa Cruz
%
%          Sequence Alignment and Modeling Software System
%         http://www.cse.ucsc.edu/research/compbio/sam.html
%
% ----------------- Citations (SAM, SAM-T2K, HMMs) --------------------
% R. Hughey, A. Krogh, Hidden Markov models for sequence analysis:
%  Extension and analysis of the basic method, CABIOS 12:95-107, 1996.
% K. Karplus, et al., What is the value added by human intervention in protein
%  structure prediction, Proteins: Stucture, Function, Genetics 45(S5):86--91, 2001.
% A. Krogh et al., Hidden Markov models in computational biology:
%  Applications to protein modeling, JMB 235:1501-1531, Feb 1994.
% ---------------------------------------------------------------------
%  c-2344ab_hmm   Host: rosalind01.hpc.biotech.cdc.gov    Thu Mar 30 13:55:39 2023
%  vfn4           Dir:  /scicomp/home-pure/vfn4/fluA/H5/c-2344
% ---------------------------------------------------------------------
%  Alignment weights from internal calc.  Total (65.10) Max (0.39) Min (0.01)
%  Weights from alignment method 1 (karplus), b=-1.000000, e=0.500000
MODEL --  Model from alignment file /scicomp/home-pure/vfn4/Tools/label-dev/LABEL_RES/training_data/split2/c-2344ab.fasta
alphabet DNA
FREQAVE
0.000000 0.000000 0.000000 
0.000000 0.000000 0.000000 
0.000000 0.000000 0.000000 
0.345157 0.231376 0.187531 0.235937 
0.345157 0.231376 0.187531 0.235937 
Begin
0.000000 0.000000 0.000000 
0.000000 0.000000 0.000000 
0.000000 0.003278 0.491768 
0.250000 0.250000 0.250000 0.250000 
0.250000 0.250000 0.250000 0.250000 
   1
0.000000 0.190582 0.046210 
0.000000 0.806140 0.462022 
0.011794 0.004034 0.491768 
0.984377 0.004912 0.005798 0.004912 
0.250000 0.250000 0.250000 0.250000 
   2
0.885405 0.003867 0.046210 
0.102801 0.992099 0.462022 
0.011886 0.004025 0.491768 
0.004898 0.004898 0.004898 0.985305 
0.250000 0.250000 0.250000 0.250000 
   3
0.891524 0.003858 0.046210 
0.096590 0.992117 0.462022 
0.011895 0.004024 0.491768 
0.004897 0.985309 0.004897 0.004897 
0.250000 0.250000 0.250000 0.250000 
   4
0.892214 0.003857 0.046210 
0.095892 0.992119 0.462022 
0.011895 0.004024 0.491768 
0.011931 0.978275 0.004897 0.004897 
0.250000 0.250000 0.250000 0.250000 
   5
0.890129 0.003857 0.046210 
0.097976 0.992119 0.462022 
0.011920 0.004022 0.491768 
0.983650 0.006564 0.004893 0.004893 
0.250000 0.250000 0.250000 0.250000 
   6
0.888301 0.003855 0.046210 
0.099780 0.992123 0.462022 
0.011964 0.004017 0.491768 
0.014682 0.974970 0.004888 0.005460 
0.250000 0.250000 0.250000 0.250000 
   7
0.890476 0.003851 0.046210 
0.097560 0.992132 0.462022 
0.011977 0.004016 0.491768 
0.982954 0.007275 0.004885 0.004885 
0.250000 0.250000 0.250000 0.250000 
   8
0.888686 0.003850 0.046210 
0.099337 0.992134 0.462022 
0.012011 0.004013 0.491768 
0.972961 0.016057 0.006103 0.004879 
0.250000 0.250000 0.250000 0.250000 
   9
0.888848 0.003847 0.046210 
0.099141 0.992141 0.462022 
0.012038 0.004010 0.491768 
0.077818 0.004877 0.911367 0.005938 
0.250000 0.250000 0.250000 0.250000 
  10
0.888072 0.003844 0.046210 
0.099890 0.992146 0.462022 
0.012073 0.004007 0.491768 
0.984031 0.004870 0.005748 0.005351 
0.250000 0.250000 0.250000 0.250000 
  11
0.884029 0.004016 0.046210 
0.103899 0.991977 0.462022 
0.012145 0.004000 0.491768 
0.005653 0.004861 0.009439 0.980047 
0.250000 0.250000 0.250000 0.250000 
  12
0.888591 0.003835 0.046210 
0.099264 0.992165 0.462022 
0.012162 0.003999 0.491768 
0.976531 0.013205 0.004857 0.005406 
0.250000 0.250000 0.250000 0.250000 
  13
0.877699 0.003833 0.046210 
0.110139 0.992168 0.462022 
0.012310 0.003985 0.491768 
0.015568 0.973378 0.005237 0.005816 
0.250000 0.250000 0.250000 0.250000 
  14
0.883438 0.003820 0.046210 
0.104252 0.992194 0.462022 
0.012372 0.003980 0.491768 
0.004828 0.004828 0.008952 0.981393 
0.250000 0.250000 0.250000 0.250000 
  15
0.886720 0.003815 0.046210 
0.100908 0.992205 0.462022 
0.012387 0.003979 0.491768 
0.693391 0.296956 0.004827 0.004827 
0.250000 0.250000 0.250000 0.250000 
  16
0.885610 0.003987 0.046210 
0.102003 0.992034 0.462022 
0.012406 0.003977 0.491768 
0.006153 0.004825 0.977701 0.011321 
0.250000 0.250000 0.250000 0.250000 
  17
0.884651 0.003812 0.046210 
0.102943 0.992211 0.462022 
0.012442 0.003974 0.491768 
0.004818 0.004818 0.006046 0.984318 
0.250000 0.250000 0.250000 0.250000 
  18
0.886447 0.003809 0.046210 
0.101111 0.992217 0.462022 
0.012452 0.003973 0.491768 
0.174566 0.005580 0.008017 0.811837 
0.250000 0.250000 0.250000 0.250000 
  19
0.887164 0.003808 0.046210 
0.100384 0.992219 0.462022 
0.012452 0.003973 0.491768 
0.011362 0.004817 0.976017 0.007804 
0.250000 0.250000 0.250000 0.250000 
  20
0.886610 0.003808 0.046210 
0.100938 0.992219 0.462022 
0.012459 0.003972 0.491768 
0.004816 0.005833 0.005721 0.983630 
0.250000 0.250000 0.250000 0.250000 
  21
0.886490 0.003808 0.046210 
0.101051 0.992220 0.462022 
0.012467 0.003972 0.491768 
0.004815 0.004815 0.006341 0.984029 
0.250000 0.250000 0.250000 0.250000 
  22
0.887032 0.003807 0.046210 
0.100501 0.992221 0.462022 
0.012467 0.003972 0.491768 
0.005305 0.004815 0.981667 0.008214 
0.250000 0.250000 0.250000 0.250000 
  23
0.887032 0.003807 0.046210 
0.100501 0.992221 0.462022 
0.012467 0.003972 0.491768 
0.006331 0.004815 0.004815 0.984039 
0.250000 0.250000 0.250000 0.250000 
  24
0.885076 0.003807 0.046210 
0.102458 0.992221 0.462022 
0.012491 0.003970 0.491768 
0.005680 0.005221 0.011680 0.977419 
0.250000 0.250000 0.250000 0.250000 
  25
0.886810 0.003805 0.046210 
0.100698 0.992225 0.462022 
0.012491 0.003970 0.491768 
0.007219 0.980886 0.004811 0.007084 
0.250000 0.250000 0.250000 0.250000 
  26
0.881271 0.003805 0.046210 
0.106238 0.992225 0.462022 
0.012561 0.003964 0.491768 
0.005314 0.006794 0.982696 0.005196 
0.250000 0.250000 0.250000 0.250000 
  27
0.886180 0.004568 0.046210 
0.101259 0.991468 0.462022 
0.012525 0.003967 0.491768 
0.979677 0.007532 0.006801 0.005990 
0.250000 0.250000 0.250000 0.250000 
  28
0.880898 0.003802 0.046210 
0.106578 0.992231 0.462022 
0.012595 0.003961 0.491768 
0.976427 0.009441 0.008130 0.006002 
0.250000 0.250000 0.250000 0.250000 
  29
0.884989 0.003797 0.046210 
0.102416 0.992243 0.462022 
0.012606 0.003960 0.491768 
0.005366 0.004796 0.086343 0.903495 
0.250000 0.250000 0.250000 0.250000 
  30
0.881214 0.003796 0.046210 
0.106180 0.992244 0.462022 
0.012664 0.003955 0.491768 
0.976755 0.012104 0.006352 0.004790 
0.250000 0.250000 0.250000 0.250000 
  31
0.884619 0.003791 0.046210 
0.102717 0.992254 0.462022 
0.012672 0.003954 0.491768 
0.031080 0.956981 0.004788 0.007152 
0.250000 0.250000 0.250000 0.250000 
  32
0.883887 0.003790 0.046210 
0.103441 0.992255 0.462022 
0.012688 0.003953 0.491768 
0.004786 0.006346 0.009572 0.979297 
0.250000 0.250000 0.250000 0.250000 
  33
0.884458 0.003789 0.046210 
0.102854 0.992258 0.462022 
0.012695 0.003952 0.491768 
0.005282 0.008863 0.016822 0.969032 
0.250000 0.250000 0.250000 0.250000 
  34
0.880086 0.003789 0.046210 
0.107219 0.992259 0.462022 
0.012758 0.003947 0.491768 
0.967998 0.021178 0.004777 0.006047 
0.250000 0.250000 0.250000 0.250000 
  35
0.884395 0.003784 0.046210 
0.102847 0.992269 0.462022 
0.012758 0.003947 0.491768 
0.014466 0.974231 0.005580 0.005724 
0.250000 0.250000 0.250000 0.250000 
  36
0.884395 0.003784 0.046210 
0.102847 0.992269 0.462022 
0.012758 0.003947 0.491768 
0.004778 0.004778 0.982014 0.008429 
0.250000 0.250000 0.250000 0.250000 
  37
0.884395 0.003784 0.046210 
0.102847 0.992269 0.462022 
0.012758 0.003947 0.491768 
0.006405 0.004777 0.983522 0.005297 
0.250000 0.250000 0.250000 0.250000 
  38
0.884395 0.003784 0.046210 
0.102847 0.992269 0.462022 
0.012758 0.003947 0.491768 
0.004777 0.004777 0.004777 0.985670 
0.250000 0.250000 0.250000 0.250000 
  39
0.884395 0.003784 0.046210 
0.102847 0.992269 0.462022 
0.012758 0.003947 0.491768 
0.033173 0.006976 0.005788 0.954063 
0.250000 0.250000 0.250000 0.250000 
  40
0.882136 0.003784 0.046210 
0.105107 0.992269 0.462022 
0.012787 0.003945 0.491768 
0.009215 0.980542 0.005470 0.004773 
0.250000 0.250000 0.250000 0.250000 
  41
0.884134 0.003781 0.046210 
0.103080 0.992274 0.462022 
0.012787 0.003945 0.491768 
0.004774 0.006126 0.010957 0.978143 
0.250000 0.250000 0.250000 0.250000 
  42
0.881774 0.003781 0.046210 
0.105439 0.992274 0.462022 
0.012817 0.003943 0.491768 
0.006311 0.006288 0.020845 0.966555 
0.250000 0.250000 0.250000 0.250000 
  43
0.883860 0.003955 0.046210 
0.103324 0.992102 0.462022 
0.012808 0.003943 0.491768 
0.971393 0.015329 0.008508 0.004770 
0.250000 0.250000 0.250000 0.250000 
  44
0.881700 0.003780 0.046210 
0.105492 0.992277 0.462022 
0.012837 0.003941 0.491768 
0.976408 0.013362 0.004767 0.005463 
0.250000 0.250000 0.250000 0.250000 
  45
0.875240 0.003778 0.046210 
0.111923 0.992281 0.462022 
0.012946 0.003932 0.491768 
0.974810 0.014012 0.005992 0.005187 
0.250000 0.250000 0.250000 0.250000 
  46
0.881134 0.003769 0.046210 
0.105920 0.992298 0.462022 
0.012966 0.003931 0.491768 
0.953284 0.037214 0.004751 0.004751 
0.250000 0.250000 0.250000 0.250000 
  47
0.882505 0.003768 0.046210 
0.104529 0.992301 0.462022 
0.012966 0.003931 0.491768 
0.005889 0.984609 0.004751 0.004751 
0.250000 0.250000 0.250000 0.250000 
  48
0.879985 0.003768 0.046210 
0.107049 0.992301 0.462022 
0.012999 0.003928 0.491768 
0.004747 0.006706 0.005954 0.982593 
0.250000 0.250000 0.250000 0.250000 
  49
0.257398 0.003765 0.046210 
0.729603 0.992306 0.462022 
0.034646 0.003386 0.491768 
0.004400 0.987728 0.003936 0.003936 
0.250000 0.250000 0.250000 0.250000 
  50
0.686048 0.003245 0.046210 
0.279306 0.993369 0.462022 
0.034646 0.003386 0.491768 
0.987409 0.003936 0.004719 0.003936 
0.250000 0.250000 0.250000 0.250000 
  51
0.678489 0.003245 0.046210 
0.286865 0.993369 0.462022 
0.034910 0.003383 0.491768 
0.003933 0.003933 0.007985 0.984149 
0.250000 0.250000 0.250000 0.250000 
  52
0.544370 0.003243 0.046210 
0.420720 0.993373 0.462022 
0.040560 0.003345 0.491768 
0.004985 0.003879 0.987257 0.003879 
0.250000 0.250000 0.250000 0.250000 
  53
0.632464 0.003206 0.046210 
0.326977 0.993448 0.462022 
0.040560 0.003345 0.491768 
0.986228 0.005562 0.004332 0.003879 
0.250000 0.250000 0.250000 0.250000 
  54
0.628486 0.003206 0.046210 
0.330954 0.993448 0.462022 
0.040722 0.003344 0.491768 
0.050320 0.941546 0.003877 0.004257 
0.250000 0.250000 0.250000 0.250000 
  55
0.588448 0.003206 0.046210 
0.370830 0.993450 0.462022 
0.042531 0.003334 0.491768 
0.987831 0.003863 0.004444 0.003863 
0.250000 0.250000 0.250000 0.250000 
  56
0.614598 0.003196 0.046210 
0.342871 0.993470 0.462022 
0.042531 0.003334 0.491768 
0.003863 0.003863 0.003863 0.988412 
0.250000 0.250000 0.250000 0.250000 
  57
0.614598 0.003196 0.046210 
0.342871 0.993470 0.462022 
0.042531 0.003334 0.491768 
0.004777 0.003863 0.005282 0.986078 
0.250000 0.250000 0.250000 0.250000 
  58
0.563067 0.003196 0.046210 
0.394401 0.993470 0.462022 
0.044842 0.003323 0.491768 
0.003846 0.005265 0.004359 0.986529 
0.250000 0.250000 0.250000 0.250000 
  59
0.593659 0.003185 0.046210 
0.361499 0.993492 0.462022 
0.044842 0.003323 0.491768 
0.003846 0.987043 0.005265 0.003846 
0.250000 0.250000 0.250000 0.250000 
  60
0.593659 0.003185 0.046210 
0.361499 0.993492 0.462022 
0.044842 0.003323 0.491768 
0.003846 0.003846 0.986140 0.006167 
0.250000 0.250000 0.250000 0.250000 
  61
0.562327 0.003185 0.046210 
0.392831 0.993492 0.462022 
0.046292 0.003316 0.491768 
0.985604 0.004553 0.006006 0.003837 
0.250000 0.250000 0.250000 0.250000 
  62
0.580516 0.003179 0.046210 
0.373192 0.993505 0.462022 
0.046292 0.003316 0.491768 
0.005567 0.003837 0.003837 0.986759 
0.250000 0.250000 0.250000 0.250000 
  63
0.580516 0.003179 0.046210 
0.373192 0.993505 0.462022 
0.046292 0.003316 0.491768 
0.004704 0.003837 0.005238 0.986221 
0.250000 0.250000 0.250000 0.250000 
  64
0.573686 0.003179 0.046210 
0.380021 0.993505 0.462022 
0.046611 0.003315 0.491768 
0.003835 0.988495 0.003835 0.003835 
0.250000 0.250000 0.250000 0.250000 
  65
0.577631 0.003178 0.046210 
0.375758 0.993507 0.462022 
0.046611 0.003315 0.491768 
0.003835 0.988495 0.003835 0.003835 
0.250000 0.250000 0.250000 0.250000 
  66
0.577631 0.003178 0.046210 
0.375758 0.993507 0.462022 
0.046611 0.003315 0.491768 
0.004350 0.004131 0.006447 0.985072 
0.250000 0.250000 0.250000 0.250000 
  67
0.577631 0.003178 0.046210 
0.375758 0.993507 0.462022 
0.046611 0.003315 0.491768 
0.003835 0.003835 0.003835 0.988495 
0.250000 0.250000 0.250000 0.250000 
  68
0.577631 0.003178 0.046210 
0.375758 0.993507 0.462022 
0.046611 0.003315 0.491768 
0.987664 0.003835 0.004313 0.004188 
0.250000 0.250000 0.250000 0.250000 
  69
0.577631 0.003178 0.046210 
0.375758 0.993507 0.462022 
0.046611 0.003315 0.491768 
0.003835 0.003835 0.974516 0.017814 
0.250000 0.250000 0.250000 0.250000 
  70
0.577631 0.003178 0.046210 
0.375758 0.993507 0.462022 
0.046611 0.003315 0.491768 
0.003835 0.003835 0.987452 0.004878 
0.250000 0.250000 0.250000 0.250000 
  71
0.577631 0.003178 0.046210 
0.375758 0.993507 0.462022 
0.046611 0.003315 0.491768 
0.988495 0.003835 0.003835 0.003835 
0.250000 0.250000 0.250000 0.250000 
  72
0.577631 0.003178 0.046210 
0.375758 0.993507 0.462022 
0.046611 0.003315 0.491768 
0.004182 0.003835 0.010989 0.980995 
0.250000 0.250000 0.250000 0.250000 
  73
0.577631 0.003178 0.046210 
0.375758 0.993507 0.462022 
0.046611 0.003315 0.491768 
0.003835 0.988495 0.003835 0.003835 
0.250000 0.250000 0.250000 0.250000 
  74
0.577631 0.003178 0.046210 
0.375758 0.993507 0.462022 
0.046611 0.003315 0.491768 
0.003835 0.003835 0.988495 0.003835 
0.250000 0.250000 0.250000 0.250000 
  75
0.577631 0.003178 0.046210 
0.375758 0.993507 0.462022 
0.046611 0.003315 0.491768 
0.980108 0.010691 0.004161 0.005040 
0.250000 0.250000 0.250000 0.250000 
  76
0.561863 0.003178 0.046210 
0.391526 0.993507 0.462022 
0.047358 0.003312 0.491768 
0.988508 0.003831 0.003831 0.003831 
0.250000 0.250000 0.250000 0.250000 
  77
0.570865 0.003175 0.046210 
0.381778 0.993514 0.462022 
0.047358 0.003312 0.491768 
0.988508 0.003831 0.003831 0.003831 
0.250000 0.250000 0.250000 0.250000 
  78
0.570865 0.003175 0.046210 
0.381778 0.993514 0.462022 
0.047358 0.003312 0.491768 
0.003832 0.003832 0.962442 0.029894 
0.250000 0.250000 0.250000 0.250000 
  79
0.570865 0.003175 0.046210 
0.381778 0.993514 0.462022 
0.047358 0.003312 0.491768 
0.987592 0.003831 0.004747 0.003831 
0.250000 0.250000 0.250000 0.250000 
  80
0.570865 0.003175 0.046210 
0.381778 0.993514 0.462022 
0.047358 0.003312 0.491768 
0.987592 0.004747 0.003831 0.003831 
0.250000 0.250000 0.250000 0.250000 
  81
0.570865 0.003175 0.046210 
0.381778 0.993514 0.462022 
0.047358 0.003312 0.491768 
0.003831 0.005002 0.371545 0.619622 
0.250000 0.250000 0.250000 0.250000 
  82
0.563935 0.003175 0.046210 
0.388707 0.993514 0.462022 
0.047688 0.003310 0.491768 
0.003829 0.003829 0.003829 0.988514 
0.250000 0.250000 0.250000 0.250000 
  83
0.567870 0.003173 0.046210 
0.384442 0.993516 0.462022 
0.047688 0.003310 0.491768 
0.003829 0.005241 0.983765 0.007166 
0.250000 0.250000 0.250000 0.250000 
  84
0.567870 0.003173 0.046210 
0.384442 0.993516 0.462022 
0.047688 0.003310 0.491768 
0.014023 0.975883 0.003829 0.006266 
0.250000 0.250000 0.250000 0.250000 
  85
0.567870 0.003173 0.046210 
0.384442 0.993516 0.462022 
0.047688 0.003310 0.491768 
0.986394 0.004537 0.005241 0.003829 
0.250000 0.250000 0.250000 0.250000 
  86
0.567870 0.003173 0.046210 
0.384442 0.993516 0.462022 
0.047688 0.003310 0.491768 
0.003829 0.003829 0.988514 0.003829 
0.250000 0.250000 0.250000 0.250000 
  87
0.567870 0.003173 0.046210 
0.384442 0.993516 0.462022 
0.047688 0.003310 0.491768 
0.931436 0.059552 0.004493 0.004519 
0.250000 0.250000 0.250000 0.250000 
  88
0.565578 0.003173 0.046210 
0.386734 0.993516 0.462022 
0.047798 0.003310 0.491768 
0.006250 0.985618 0.004304 0.003828 
0.250000 0.250000 0.250000 0.250000 
  89
0.566878 0.003173 0.046210 
0.385325 0.993517 0.462022 
0.047798 0.003310 0.491768 
0.988516 0.003828 0.003828 0.003828 
0.250000 0.250000 0.250000 0.250000 
  90
0.566878 0.003173 0.046210 
0.385325 0.993517 0.462022 
0.047798 0.003310 0.491768 
0.061890 0.928575 0.005240 0.004296 
0.250000 0.250000 0.250000 0.250000 
  91
0.566878 0.003173 0.046210 
0.385325 0.993517 0.462022 
0.047798 0.003310 0.491768 
0.019481 0.003829 0.972861 0.003829 
0.250000 0.250000 0.250000 0.250000 
  92
0.566878 0.003173 0.046210 
0.385325 0.993517 0.462022 
0.047798 0.003310 0.491768 
0.986474 0.004168 0.003828 0.005529 
0.250000 0.250000 0.250000 0.250000 
  93
0.566878 0.003173 0.046210 
0.385325 0.993517 0.462022 
0.047798 0.003310 0.491768 
0.669071 0.322860 0.003829 0.004241 
0.250000 0.250000 0.250000 0.250000 
  94
0.563481 0.003173 0.046210 
0.388721 0.993517 0.462022 
0.047960 0.003309 0.491768 
0.011064 0.981282 0.003827 0.003827 
0.250000 0.250000 0.250000 0.250000 
  95
0.565402 0.003172 0.046210 
0.386638 0.993518 0.462022 
0.047960 0.003309 0.491768 
0.003827 0.003827 0.003827 0.988519 
0.250000 0.250000 0.250000 0.250000 
  96
0.565402 0.003172 0.046210 
0.386638 0.993518 0.462022 
0.047960 0.003309 0.491768 
0.003828 0.004766 0.049238 0.942168 
0.250000 0.250000 0.250000 0.250000 
  97
0.554775 0.003172 0.046210 
0.397265 0.993518 0.462022 
0.048476 0.003307 0.491768 
0.003824 0.988528 0.003824 0.003824 
0.250000 0.250000 0.250000 0.250000 
  98
0.560734 0.003170 0.046210 
0.390791 0.993522 0.462022 
0.048476 0.003307 0.491768 
0.984444 0.007907 0.003824 0.003824 
0.250000 0.250000 0.250000 0.250000 
  99
0.560734 0.003170 0.046210 
0.390791 0.993522 0.462022 
0.048476 0.003307 0.491768 
0.003824 0.003824 0.986265 0.006087 
0.250000 0.250000 0.250000 0.250000 
 100
0.560734 0.003170 0.046210 
0.390791 0.993522 0.462022 
0.048476 0.003307 0.491768 
0.985571 0.003824 0.006781 0.003824 
0.250000 0.250000 0.250000 0.250000 
 101
0.560734 0.003170 0.046210 
0.390791 0.993522 0.462022 
0.048476 0.003307 0.491768 
0.003825 0.003825 0.988526 0.003825 
0.250000 0.250000 0.250000 0.250000 
 102
0.560734 0.003170 0.046210 
0.390791 0.993522 0.462022 
0.048476 0.003307 0.491768 
0.027579 0.964390 0.003825 0.004205 
0.250000 0.250000 0.250000 0.250000 
 103
0.560734 0.003170 0.046210 
0.390791 0.993522 0.462022 
0.048476 0.003307 0.491768 
0.987488 0.003824 0.003824 0.004864 
0.250000 0.250000 0.250000 0.250000 
 104
0.560734 0.003170 0.046210 
0.390791 0.993522 0.462022 
0.048476 0.003307 0.491768 
0.003825 0.003825 0.003825 0.988526 
0.250000 0.250000 0.250000 0.250000 
 105
0.560734 0.003170 0.046210 
0.390791 0.993522 0.462022 
0.048476 0.003307 0.491768 
0.987727 0.004625 0.003824 0.003824 
0.250000 0.250000 0.250000 0.250000 
 106
0.534996 0.003170 0.046210 
0.416528 0.993522 0.462022 
0.049756 0.003302 0.491768 
0.988549 0.003817 0.003817 0.003817 
0.250000 0.250000 0.250000 0.250000 
 107
0.549129 0.003166 0.046210 
0.401114 0.993532 0.462022 
0.049756 0.003302 0.491768 
0.003817 0.003817 0.003817 0.988549 
0.250000 0.250000 0.250000 0.250000 
 108
0.549129 0.003166 0.046210 
0.401114 0.993532 0.462022 
0.049756 0.003302 0.491768 
0.004450 0.987915 0.003817 0.003817 
0.250000 0.250000 0.250000 0.250000 
 109
0.549129 0.003166 0.046210 
0.401114 0.993532 0.462022 
0.049756 0.003302 0.491768 
0.006519 0.984809 0.004855 0.003817 
0.250000 0.250000 0.250000 0.250000 
 110
0.549129 0.003166 0.046210 
0.401114 0.993532 0.462022 
0.049756 0.003302 0.491768 
0.988549 0.003817 0.003817 0.003817 
0.250000 0.250000 0.250000 0.250000 
 111
0.549129 0.003166 0.046210 
0.401114 0.993532 0.462022 
0.049756 0.003302 0.491768 
0.981657 0.010708 0.003818 0.003818 
0.250000 0.250000 0.250000 0.250000 
 112
0.549129 0.003166 0.046210 
0.401114 0.993532 0.462022 
0.049756 0.003302 0.491768 
0.987561 0.004805 0.003817 0.003817 
0.250000 0.250000 0.250000 0.250000 
 113
0.549129 0.003166 0.046210 
0.401114 0.993532 0.462022 
0.049756 0.003302 0.491768 
0.988079 0.004287 0.003817 0.003817 
0.250000 0.250000 0.250000 0.250000 
 114
0.446543 0.003166 0.046210 
0.503700 0.993532 0.462022 
0.055444 0.003283 0.491768 
0.008938 0.983481 0.003790 0.003790 
0.250000 0.250000 0.250000 0.250000 
 115
0.497589 0.003147 0.046210 
0.446967 0.993569 0.462022 
0.055444 0.003283 0.491768 
0.987889 0.004531 0.003790 0.003790 
0.250000 0.250000 0.250000 0.250000 
 116
0.497589 0.003147 0.046210 
0.446967 0.993569 0.462022 
0.055444 0.003283 0.491768 
0.988630 0.003790 0.003790 0.003790 
0.250000 0.250000 0.250000 0.250000 
 117
0.497589 0.003147 0.046210 
0.446967 0.993569 0.462022 
0.055444 0.003283 0.491768 
0.003791 0.003791 0.955915 0.036503 
0.250000 0.250000 0.250000 0.250000 
 118
0.497589 0.003147 0.046210 
0.446967 0.993569 0.462022 
0.055444 0.003283 0.491768 
0.004324 0.988096 0.003790 0.003790 
0.250000 0.250000 0.250000 0.250000 
 119
0.497589 0.003147 0.046210 
0.446967 0.993569 0.462022 
0.055444 0.003283 0.491768 
0.003790 0.003790 0.003790 0.988630 
0.250000 0.250000 0.250000 0.250000 
 120
0.497589 0.003147 0.046210 
0.446967 0.993569 0.462022 
0.055444 0.003283 0.491768 
0.009530 0.003790 0.967499 0.019180 
0.250000 0.250000 0.250000 0.250000 
 121
0.497589 0.003147 0.046210 
0.446967 0.993569 0.462022 
0.055444 0.003283 0.491768 
0.987678 0.004742 0.003790 0.003790 
0.250000 0.250000 0.250000 0.250000 
 122
0.493477 0.003147 0.046210 
0.451079 0.993569 0.462022 
0.055673 0.003283 0.491768 
0.003789 0.003789 0.988633 0.003789 
0.250000 0.250000 0.250000 0.250000 
 123
0.495515 0.003147 0.046210 
0.448812 0.993571 0.462022 
0.055673 0.003283 0.491768 
0.004530 0.003789 0.017184 0.974496 
0.250000 0.250000 0.250000 0.250000 
 124
0.495515 0.003147 0.046210 
0.448812 0.993571 0.462022 
0.055673 0.003283 0.491768 
0.003789 0.988633 0.003789 0.003789 
0.250000 0.250000 0.250000 0.250000 
 125
0.495515 0.003147 0.046210 
0.448812 0.993571 0.462022 
0.055673 0.003283 0.491768 
0.003789 0.003789 0.004535 0.987887 
0.250000 0.250000 0.250000 0.250000 
 126
0.495515 0.003147 0.046210 
0.448812 0.993571 0.462022 
0.055673 0.003283 0.491768 
0.004211 0.003789 0.011853 0.980147 
0.250000 0.250000 0.250000 0.250000 
 127
0.495515 0.003147 0.046210 
0.448812 0.993571 0.462022 
0.055673 0.003283 0.491768 
0.987671 0.004136 0.004404 0.003789 
0.250000 0.250000 0.250000 0.250000 
 128
0.495515 0.003147 0.046210 
0.448812 0.993571 0.462022 
0.055673 0.003283 0.491768 
0.003789 0.003789 0.988633 0.003789 
0.250000 0.250000 0.250000 0.250000 
 129
0.495515 0.003147 0.046210 
0.448812 0.993571 0.462022 
0.055673 0.003283 0.491768 
0.978147 0.009253 0.008811 0.003789 
0.250000 0.250000 0.250000 0.250000 
 130
0.495515 0.003147 0.046210 
0.448812 0.993571 0.462022 
0.055673 0.003283 0.491768 
0.003789 0.003789 0.988633 0.003789 
0.250000 0.250000 0.250000 0.250000 
 131
0.495515 0.003147 0.046210 
0.448812 0.993571 0.462022 
0.055673 0.003283 0.491768 
0.986984 0.003789 0.005438 0.003789 
0.250000 0.250000 0.250000 0.250000 
 132
0.495515 0.003147 0.046210 
0.448812 0.993571 0.462022 
0.055673 0.003283 0.491768 
0.004814 0.003789 0.010687 0.980710 
0.250000 0.250000 0.250000 0.250000 
 133
0.495515 0.003147 0.046210 
0.448812 0.993571 0.462022 
0.055673 0.003283 0.491768 
0.003789 0.987067 0.003789 0.005355 
0.250000 0.250000 0.250000 0.250000 
 134
0.495515 0.003147 0.046210 
0.448812 0.993571 0.462022 
0.055673 0.003283 0.491768 
0.003789 0.004383 0.987153 0.004675 
0.250000 0.250000 0.250000 0.250000 
 135
0.495515 0.003147 0.046210 
0.448812 0.993571 0.462022 
0.055673 0.003283 0.491768 
0.004302 0.003789 0.984289 0.007620 
0.250000 0.250000 0.250000 0.250000 
 136
0.495515 0.003147 0.046210 
0.448812 0.993571 0.462022 
0.055673 0.003283 0.491768 
0.006255 0.003789 0.986167 0.003789 
0.250000 0.250000 0.250000 0.250000 
 137
0.495515 0.003147 0.046210 
0.448812 0.993571 0.462022 
0.055673 0.003283 0.491768 
0.988114 0.004308 0.003789 0.003789 
0.250000 0.250000 0.250000 0.250000 
 138
0.495515 0.003147 0.046210 
0.448812 0.993571 0.462022 
0.055673 0.003283 0.491768 
0.987176 0.005245 0.003789 0.003789 
0.250000 0.250000 0.250000 0.250000 
 139
0.495515 0.003147 0.046210 
0.448812 0.993571 0.462022 
0.055673 0.003283 0.491768 
0.005832 0.986587 0.003791 0.003791 
0.250000 0.250000 0.250000 0.250000 
 140
0.495515 0.003147 0.046210 
0.448812 0.993571 0.462022 
0.055673 0.003283 0.491768 
0.986984 0.003789 0.005438 0.003789 
0.250000 0.250000 0.250000 0.250000 
 141
0.495515 0.003147 0.046210 
0.448812 0.993571 0.462022 
0.055673 0.003283 0.491768 
0.003789 0.003789 0.987601 0.004821 
0.250000 0.250000 0.250000 0.250000 
 142
0.495515 0.003278 0.046210 
0.448812 0.993440 0.462022 
0.055528 0.003283 0.491768 
0.988631 0.003790 0.003790 0.003790 
0.250000 0.250000 0.250000 0.250000 
 143
0.496830 0.003147 0.046210 
0.447642 0.993570 0.462022 
0.055528 0.003283 0.491768 
0.003790 0.003790 0.003790 0.988631 
0.250000 0.250000 0.250000 0.250000 
 144
0.496830 0.003147 0.046210 
0.447642 0.993570 0.462022 
0.055528 0.003283 0.491768 
0.986613 0.003790 0.004158 0.005439 
0.250000 0.250000 0.250000 0.250000 
 145
0.496830 0.003147 0.046210 
0.447642 0.993570 0.462022 
0.055528 0.003283 0.491768 
0.003790 0.003790 0.985040 0.007380 
0.250000 0.250000 0.250000 0.250000 
 146
0.496830 0.003147 0.046210 
0.447642 0.993570 0.462022 
0.055528 0.003283 0.491768 
0.003790 0.003790 0.003790 0.988631 
0.250000 0.250000 0.250000 0.250000 
 147
0.496830 0.003147 0.046210 
0.447642 0.993570 0.462022 
0.055528 0.003283 0.491768 
0.024749 0.966965 0.003790 0.004496 
0.250000 0.250000 0.250000 0.250000 
 148
0.496830 0.003147 0.046210 
0.447642 0.993570 0.462022 
0.055528 0.003283 0.491768 
0.003790 0.988631 0.003790 0.003790 
0.250000 0.250000 0.250000 0.250000 
 149
0.496830 0.003147 0.046210 
0.447642 0.993570 0.462022 
0.055528 0.003283 0.491768 
0.986214 0.006204 0.003791 0.003791 
0.250000 0.250000 0.250000 0.250000 
 150
0.496830 0.003147 0.046210 
0.447642 0.993570 0.462022 
0.055528 0.003283 0.491768 
0.958120 0.034299 0.003790 0.003790 
0.250000 0.250000 0.250000 0.250000 
 151
0.496830 0.003147 0.046210 
0.447642 0.993570 0.462022 
0.055528 0.003283 0.491768 
0.988631 0.003790 0.003790 0.003790 
0.250000 0.250000 0.250000 0.250000 
 152
0.496830 0.003147 0.046210 
0.447642 0.993570 0.462022 
0.055528 0.003283 0.491768 
0.984967 0.007454 0.003790 0.003790 
0.250000 0.250000 0.250000 0.250000 
 153
0.496830 0.003147 0.046210 
0.447642 0.993570 0.462022 
0.055528 0.003283 0.491768 
0.882883 0.109538 0.003790 0.003790 
0.250000 0.250000 0.250000 0.250000 
 154
0.496830 0.003147 0.046210 
0.447642 0.993570 0.462022 
0.055528 0.003283 0.491768 
0.929488 0.062931 0.003790 0.003790 
0.250000 0.250000 0.250000 0.250000 
 155
0.496830 0.003147 0.046210 
0.447642 0.993570 0.462022 
0.055528 0.003283 0.491768 
0.004741 0.003790 0.987036 0.004433 
0.250000 0.250000 0.250000 0.250000 
 156
0.496830 0.003147 0.046210 
0.447642 0.993570 0.462022 
0.055528 0.003283 0.491768 
0.985517 0.003790 0.006497 0.004197 
0.250000 0.250000 0.250000 0.250000 
 157
0.494164 0.003147 0.046210 
0.450308 0.993570 0.462022 
0.055676 0.003283 0.491768 
0.003789 0.003789 0.988633 0.003789 
0.250000 0.250000 0.250000 0.250000 
 158
0.495485 0.003147 0.046210 
0.448839 0.993571 0.462022 
0.055676 0.003283 0.491768 
0.986369 0.003789 0.006053 0.003789 
0.250000 0.250000 0.250000 0.250000 
 159
0.495485 0.003147 0.046210 
0.448839 0.993571 0.462022 
0.055676 0.003283 0.491768 
0.003789 0.003789 0.973045 0.019377 
0.250000 0.250000 0.250000 0.250000 
 160
0.495485 0.003147 0.046210 
0.448839 0.993571 0.462022 
0.055676 0.003283 0.491768 
0.988633 0.003789 0.003789 0.003789 
0.250000 0.250000 0.250000 0.250000 
 161
0.495485 0.003147 0.046210 
0.448839 0.993571 0.462022 
0.055676 0.003283 0.491768 
0.988633 0.003789 0.003789 0.003789 
0.250000 0.250000 0.250000 0.250000 
 162
0.495485 0.003147 0.046210 
0.448839 0.993571 0.462022 
0.055676 0.003283 0.491768 
0.003789 0.003789 0.919998 0.072424 
0.250000 0.250000 0.250000 0.250000 
 163
0.495485 0.003147 0.046210 
0.448839 0.993571 0.462022 
0.055676 0.003283 0.491768 
0.004866 0.987541 0.003796 0.003796 
0.250000 0.250000 0.250000 0.250000 
 164
0.495485 0.003147 0.046210 
0.448839 0.993571 0.462022 
0.055676 0.003283 0.491768 
0.003790 0.988631 0.003790 0.003790 
0.250000 0.250000 0.250000 0.250000 
 165
0.495485 0.003147 0.046210 
0.448839 0.993571 0.462022 
0.055676 0.003283 0.491768 
0.057890 0.934531 0.003790 0.003790 
0.250000 0.250000 0.250000 0.250000 
 166
0.495485 0.003147 0.046210 
0.448839 0.993571 0.462022 
0.055676 0.003283 0.491768 
0.988631 0.003790 0.003790 0.003790 
0.250000 0.250000 0.250000 0.250000 
 167
0.495485 0.003147 0.046210 
0.448839 0.993571 0.462022 
0.055676 0.003283 0.491768 
0.987890 0.004531 0.003789 0.003789 
0.250000 0.250000 0.250000 0.250000 
 168
0.495485 0.003147 0.046210 
0.448839 0.993571 0.462022 
0.055676 0.003283 0.491768 
0.019648 0.972774 0.003789 0.003789 
0.250000 0.250000 0.250000 0.250000 
 169
0.495485 0.003147 0.046210 
0.448839 0.993571 0.462022 
0.055676 0.003283 0.491768 
0.003789 0.003789 0.988633 0.003789 
0.250000 0.250000 0.250000 0.250000 
 170
0.495485 0.003147 0.046210 
0.448839 0.993571 0.462022 
0.055676 0.003283 0.491768 
0.003789 0.003789 0.003789 0.988633 
0.250000 0.250000 0.250000 0.250000 
 171
0.495485 0.003147 0.046210 
0.448839 0.993571 0.462022 
0.055676 0.003283 0.491768 
0.004082 0.004262 0.983603 0.008052 
0.250000 0.250000 0.250000 0.250000 
 172
0.495485 0.003147 0.046210 
0.448839 0.993571 0.462022 
0.055676 0.003283 0.491768 
0.003789 0.003789 0.005858 0.986564 
0.250000 0.250000 0.250000 0.250000 
 173
0.492882 0.003147 0.046210 
0.451442 0.993571 0.462022 
0.055821 0.003282 0.491768 
0.004636 0.987787 0.003789 0.003789 
0.250000 0.250000 0.250000 0.250000 
 174
0.494168 0.003146 0.046210 
0.450010 0.993571 0.462022 
0.055821 0.003282 0.491768 
0.003789 0.003789 0.416397 0.576025 
0.250000 0.250000 0.250000 0.250000 
 175
0.494168 0.003146 0.046210 
0.450010 0.993571 0.462022 
0.055821 0.003282 0.491768 
0.006567 0.985136 0.004508 0.003789 
0.250000 0.250000 0.250000 0.250000 
 176
0.494168 0.003146 0.046210 
0.450010 0.993571 0.462022 
0.055821 0.003282 0.491768 
0.987915 0.003789 0.003789 0.004508 
0.250000 0.250000 0.250000 0.250000 
 177
0.494168 0.003146 0.046210 
0.450010 0.993571 0.462022 
0.055821 0.003282 0.491768 
0.003789 0.003789 0.006258 0.986164 
0.250000 0.250000 0.250000 0.250000 
 178
0.494168 0.003146 0.046210 
0.450010 0.993571 0.462022 
0.055821 0.003282 0.491768 
0.004171 0.003790 0.654647 0.337392 
0.250000 0.250000 0.250000 0.250000 
 179
0.494168 0.003146 0.046210 
0.450010 0.993571 0.462022 
0.055821 0.003282 0.491768 
0.003789 0.003789 0.003789 0.988634 
0.250000 0.250000 0.250000 0.250000 
 180
0.494168 0.003296 0.046210 
0.450010 0.993422 0.462022 
0.055655 0.003283 0.491768 
0.978369 0.014053 0.003789 0.003789 
0.250000 0.250000 0.250000 0.250000 
 181
0.495680 0.003147 0.046210 
0.448665 0.993570 0.462022 
0.055655 0.003283 0.491768 
0.980583 0.011839 0.003789 0.003789 
0.250000 0.250000 0.250000 0.250000 
 182
0.495680 0.003147 0.046210 
0.448665 0.993570 0.462022 
0.055655 0.003283 0.491768 
0.987884 0.004538 0.003789 0.003789 
0.250000 0.250000 0.250000 0.250000 
 183
0.495680 0.003147 0.046210 
0.448665 0.993570 0.462022 
0.055655 0.003283 0.491768 
0.003789 0.005581 0.006687 0.983943 
0.250000 0.250000 0.250000 0.250000 
 184
0.495680 0.003147 0.046210 
0.448665 0.993570 0.462022 
0.055655 0.003283 0.491768 
0.003790 0.988631 0.003790 0.003790 
0.250000 0.250000 0.250000 0.250000 
 185
0.495680 0.003147 0.046210 
0.448665 0.993570 0.462022 
0.055655 0.003283 0.491768 
0.004478 0.987943 0.003789 0.003789 
0.250000 0.250000 0.250000 0.250000 
 186
0.495680 0.003147 0.046210 
0.448665 0.993570 0.462022 
0.055655 0.003283 0.491768 
0.099219 0.892634 0.003791 0.004356 
0.250000 0.250000 0.250000 0.250000 
 187
0.495680 0.003147 0.046210 
0.448665 0.993570 0.462022 
0.055655 0.003283 0.491768 
0.003790 0.988631 0.003790 0.003790 
0.250000 0.250000 0.250000 0.250000 
 188
0.495680 0.003147 0.046210 
0.448665 0.993570 0.462022 
0.055655 0.003283 0.491768 
0.003789 0.004259 0.003789 0.988162 
0.250000 0.250000 0.250000 0.250000 
 189
0.495680 0.003147 0.046210 
0.448665 0.993570 0.462022 
0.055655 0.003283 0.491768 
0.012521 0.976888 0.003792 0.006800 
0.250000 0.250000 0.250000 0.250000 
 190
0.495680 0.003147 0.046210 
0.448665 0.993570 0.462022 
0.055655 0.003283 0.491768 
0.988632 0.003789 0.003789 0.003789 
0.250000 0.250000 0.250000 0.250000 
 191
0.495680 0.003147 0.046210 
0.448665 0.993570 0.462022 
0.055655 0.003283 0.491768 
0.983223 0.009199 0.003789 0.003789 
0.250000 0.250000 0.250000 0.250000 
 192
0.487449 0.003147 0.046210 
0.456896 0.993570 0.462022 
0.056116 0.003281 0.491768 
0.080981 0.911441 0.003789 0.003789 
0.250000 0.250000 0.250000 0.250000 
 193
0.491495 0.003145 0.046210 
0.452389 0.993573 0.462022 
0.056116 0.003281 0.491768 
0.003788 0.003788 0.988636 0.003788 
0.250000 0.250000 0.250000 0.250000 
 194
0.491495 0.003145 0.046210 
0.452389 0.993573 0.462022 
0.056116 0.003281 0.491768 
0.003787 0.003787 0.988638 0.003787 
0.250000 0.250000 0.250000 0.250000 
 195
0.491495 0.003145 0.046210 
0.452389 0.993573 0.462022 
0.056116 0.003281 0.491768 
0.040791 0.004589 0.011793 0.942827 
0.250000 0.250000 0.250000 0.250000 
 196
0.491495 0.003145 0.046210 
0.452389 0.993573 0.462022 
0.056116 0.003281 0.491768 
0.003788 0.003788 0.984322 0.008102 
0.250000 0.250000 0.250000 0.250000 
 197
0.491495 0.003145 0.046210 
0.452389 0.993573 0.462022 
0.056116 0.003281 0.491768 
0.003787 0.003787 0.003787 0.988638 
0.250000 0.250000 0.250000 0.250000 
 198
0.491495 0.003145 0.046210 
0.452389 0.993573 0.462022 
0.056116 0.003281 0.491768 
0.011880 0.976511 0.007033 0.004576 
0.250000 0.250000 0.250000 0.250000 
 199
0.491495 0.003145 0.046210 
0.452389 0.993573 0.462022 
0.056116 0.003281 0.491768 
0.913469 0.078956 0.003787 0.003787 
0.250000 0.250000 0.250000 0.250000 
 200
0.487473 0.003145 0.046210 
0.456411 0.993573 0.462022 
0.056343 0.003281 0.491768 
0.003786 0.003786 0.003786 0.988641 
0.250000 0.250000 0.250000 0.250000 
 201
0.489441 0.003145 0.046210 
0.454216 0.993574 0.462022 
0.056343 0.003281 0.491768 
0.003786 0.004968 0.006706 0.984539 
0.250000 0.250000 0.250000 0.250000 
 202
0.489441 0.003145 0.046210 
0.454216 0.993574 0.462022 
0.056343 0.003281 0.491768 
0.003787 0.003787 0.022516 0.969910 
0.250000 0.250000 0.250000 0.250000 
 203
0.489441 0.003145 0.046210 
0.454216 0.993574 0.462022 
0.056343 0.003281 0.491768 
0.003786 0.003786 0.003786 0.988641 
0.250000 0.250000 0.250000 0.250000 
 204
0.489441 0.003145 0.046210 
0.454216 0.993574 0.462022 
0.056343 0.003281 0.491768 
0.959733 0.032693 0.003787 0.003787 
0.250000 0.250000 0.250000 0.250000 
 205
0.489441 0.003145 0.046210 
0.454216 0.993574 0.462022 
0.056343 0.003281 0.491768 
0.988641 0.003786 0.003786 0.003786 
0.250000 0.250000 0.250000 0.250000 
 206
0.489441 0.003145 0.046210 
0.454216 0.993574 0.462022 
0.056343 0.003281 0.491768 
0.972076 0.020350 0.003787 0.003787 
0.250000 0.250000 0.250000 0.250000 
 207
0.489441 0.003145 0.046210 
0.454216 0.993574 0.462022 
0.056343 0.003281 0.491768 
0.017924 0.926508 0.004109 0.051459 
0.250000 0.250000 0.250000 0.250000 
 208
0.489441 0.003145 0.046210 
0.454216 0.993574 0.462022 
0.056343 0.003281 0.491768 
0.008611 0.983817 0.003786 0.003786 
0.250000 0.250000 0.250000 0.250000 
 209
0.489441 0.003145 0.046210 
0.454216 0.993574 0.462022 
0.056343 0.003281 0.491768 
0.988641 0.003786 0.003786 0.003786 
0.250000 0.250000 0.250000 0.250000 
 210
0.489441 0.003145 0.046210 
0.454216 0.993574 0.462022 
0.056343 0.003281 0.491768 
0.004299 0.003787 0.009740 0.982174 
0.250000 0.250000 0.250000 0.250000 
 211
0.489441 0.003145 0.046210 
0.454216 0.993574 0.462022 
0.056343 0.003281 0.491768 
0.003786 0.003786 0.004282 0.988146 
0.250000 0.250000 0.250000 0.250000 
 212
0.489441 0.003145 0.046210 
0.454216 0.993574 0.462022 
0.056343 0.003281 0.491768 
0.003786 0.988641 0.003786 0.003786 
0.250000 0.250000 0.250000 0.250000 
 213
0.489441 0.003145 0.046210 
0.454216 0.993574 0.462022 
0.056343 0.003281 0.491768 
0.003786 0.003786 0.010193 0.982234 
0.250000 0.250000 0.250000 0.250000 
 214
0.489441 0.003145 0.046210 
0.454216 0.993574 0.462022 
0.056343 0.003281 0.491768 
0.987397 0.005030 0.003786 0.003786 
0.250000 0.250000 0.250000 0.250000 
 215
0.486796 0.003145 0.046210 
0.456861 0.993574 0.462022 
0.056493 0.003280 0.491768 
0.003786 0.988641 0.003786 0.003786 
0.250000 0.250000 0.250000 0.250000 
 216
0.488087 0.003144 0.046210 
0.455420 0.993575 0.462022 
0.056493 0.003280 0.491768 
0.003786 0.003786 0.006234 0.986194 
0.250000 0.250000 0.250000 0.250000 
 217
0.488087 0.003144 0.046210 
0.455420 0.993575 0.462022 
0.056493 0.003280 0.491768 
0.003786 0.988643 0.003786 0.003786 
0.250000 0.250000 0.250000 0.250000 
 218
0.488087 0.003144 0.046210 
0.455420 0.993575 0.462022 
0.056493 0.003280 0.491768 
0.003786 0.003786 0.003786 0.988643 
0.250000 0.250000 0.250000 0.250000 
 219
0.488087 0.003144 0.046210 
0.455420 0.993575 0.462022 
0.056493 0.003280 0.491768 
0.970799 0.020986 0.003786 0.004430 
0.250000 0.250000 0.250000 0.250000 
 220
0.488087 0.003144 0.046210 
0.455420 0.993575 0.462022 
0.056493 0.003280 0.491768 
0.004410 0.988019 0.003786 0.003786 
0.250000 0.250000 0.250000 0.250000 
 221
0.488087 0.003144 0.046210 
0.455420 0.993575 0.462022 
0.056493 0.003280 0.491768 
0.003786 0.003786 0.988643 0.003786 
0.250000 0.250000 0.250000 0.250000 
 222
0.488087 0.003144 0.046210 
0.455420 0.993575 0.462022 
0.056493 0.003280 0.491768 
0.011012 0.007485 0.005887 0.975615 
0.250000 0.250000 0.250000 0.250000 
 223
0.488087 0.003144 0.046210 
0.455420 0.993575 0.462022 
0.056493 0.003280 0.491768 
0.003786 0.988641 0.003786 0.003786 
0.250000 0.250000 0.250000 0.250000 
 224
0.488087 0.003144 0.046210 
0.455420 0.993575 0.462022 
0.056493 0.003280 0.491768 
0.003786 0.988643 0.003786 0.003786 
0.250000 0.250000 0.250000 0.250000 
 225
0.488087 0.003144 0.046210 
0.455420 0.993575 0.462022 
0.056493 0.003280 0.491768 
0.974472 0.016368 0.004232 0.004928 
0.250000 0.250000 0.250000 0.250000 
 226
0.488087 0.003144 0.046210 
0.455420 0.993575 0.462022 
0.056493 0.003280 0.491768 
0.003786 0.003786 0.003786 0.988643 
0.250000 0.250000 0.250000 0.250000 
 227
0.488087 0.003144 0.046210 
0.455420 0.993575 0.462022 
0.056493 0.003280 0.491768 
0.003786 0.988643 0.003786 0.003786 
0.250000 0.250000 0.250000 0.250000 
 228
0.488087 0.003144 0.046210 
0.455420 0.993575 0.462022 
0.056493 0.003280 0.491768 
0.003786 0.988643 0.003786 0.003786 
0.250000 0.250000 0.250000 0.250000 
 229
0.488087 0.003144 0.046210 
0.455420 0.993575 0.462022 
0.056493 0.003280 0.491768 
0.003786 0.003786 0.984220 0.008209 
0.250000 0.250000 0.250000 0.250000 
 230
0.488087 0.003144 0.046210 
0.455420 0.993575 0.462022 
0.056493 0.003280 0.491768 
0.003786 0.003786 0.003786 0.988643 
0.250000 0.250000 0.250000 0.250000 
 231
0.488087 0.003144 0.046210 
0.455420 0.993575 0.462022 
0.056493 0.003280 0.491768 
0.003786 0.006285 0.923796 0.066133 
0.250000 0.250000 0.250000 0.250000 
 232
0.488087 0.003144 0.046210 
0.455420 0.993575 0.462022 
0.056493 0.003280 0.491768 
0.003786 0.003786 0.988643 0.003786 
0.250000 0.250000 0.250000 0.250000 
 233
0.488087 0.003144 0.046210 
0.455420 0.993575 0.462022 
0.056493 0.003280 0.491768 
0.003786 0.003786 0.003786 0.988643 
0.250000 0.250000 0.250000 0.250000 
 234
0.488087 0.003144 0.046210 
0.455420 0.993575 0.462022 
0.056493 0.003280 0.491768 
0.004765 0.003786 0.981109 0.010340 
0.250000 0.250000 0.250000 0.250000 
 235
0.488087 0.003144 0.046210 
0.455420 0.993575 0.462022 
0.056493 0.003280 0.491768 
