%  SAM: /scicomp/home/vfn4/Tools/LABEL_RES/scripts/modelfromalign v3.5 (July 15, 2005) compiled 12/08/06_16:15:55
%  (c) 1992-2001 Regents of the University of California, Santa Cruz
%
%          Sequence Alignment and Modeling Software System
%         http://www.cse.ucsc.edu/research/compbio/sam.html
%
% ----------------- Citations (SAM, SAM-T2K, HMMs) --------------------
% R. Hughey, A. Krogh, Hidden Markov models for sequence analysis:
%  Extension and analysis of the basic method, CABIOS 12:95-107, 1996.
% K. Karplus, et al., What is the value added by human intervention in protein
%  structure prediction, Proteins: Stucture, Function, Genetics 45(S5):86--91, 2001.
% A. Krogh et al., Hidden Markov models in computational biology:
%  Applications to protein modeling, JMB 235:1501-1531, Feb 1994.
% ---------------------------------------------------------------------
%  c-1-2-PERTH_hmm   Host: node4.aspen.biotech.cdc.gov    Wed Dec 31 12:08:10 2014
%  vfn4              Dir:  /scicomp/home/vfn4/fluA/HA_H3/H3prerelease1/c-0-1-2-PERTH
% ---------------------------------------------------------------------
%  Alignment weights from internal calc.  Total (21.42) Max (0.08) Min (0.04)
%  Weights from alignment method 1 (karplus), b=-1.000000, e=0.500000
MODEL --  Model from alignment file /scicomp/home/vfn4/Tools/LABEL_RES/training_data/H3prerelease1/c-0-1-2-PERTH/c-1-2-PERTH.fasta
alphabet DNA
FREQAVE
0.000000 0.000000 0.000000 
0.000000 0.000000 0.000000 
0.000000 0.000000 0.000000 
0.339345 0.220851 0.199546 0.240257 
0.339345 0.220851 0.199546 0.240257 
Begin
0.000000 0.000000 0.000000 
0.000000 0.000000 0.000000 
0.000000 0.007099 0.491768 
0.250000 0.250000 0.250000 0.250000 
0.250000 0.250000 0.250000 0.250000 
   1
0.000000 0.012201 0.046210 
0.000000 0.980700 0.462022 
0.054598 0.007137 0.491768 
0.966250 0.011250 0.011250 0.011250 
0.250000 0.250000 0.250000 0.250000 
   2
0.495141 0.006841 0.046210 
0.450261 0.986021 0.462022 
0.055156 0.007129 0.491768 
0.011229 0.011229 0.011229 0.966313 
0.250000 0.250000 0.250000 0.250000 
   3
0.500199 0.006834 0.046210 
0.444645 0.986037 0.462022 
0.055156 0.007129 0.491768 
0.011229 0.966313 0.011229 0.011229 
0.250000 0.250000 0.250000 0.250000 
   4
0.500199 0.006834 0.046210 
0.444645 0.986037 0.462022 
0.055156 0.007129 0.491768 
0.963864 0.013678 0.011229 0.011229 
0.250000 0.250000 0.250000 0.250000 
   5
0.500199 0.006834 0.046210 
0.444645 0.986037 0.462022 
0.055156 0.007129 0.491768 
0.966313 0.011229 0.011229 0.011229 
0.250000 0.250000 0.250000 0.250000 
   6
0.500199 0.006834 0.046210 
0.444645 0.986037 0.462022 
0.055156 0.007129 0.491768 
0.013231 0.964312 0.011229 0.011229 
0.250000 0.250000 0.250000 0.250000 
   7
0.490605 0.006834 0.046210 
0.454239 0.986037 0.462022 
0.055690 0.007122 0.491768 
0.966372 0.011209 0.011209 0.011209 
0.250000 0.250000 0.250000 0.250000 
   8
0.495358 0.006827 0.046210 
0.448952 0.986051 0.462022 
0.055690 0.007122 0.491768 
0.011209 0.011209 0.966372 0.011209 
0.250000 0.250000 0.250000 0.250000 
   9
0.485508 0.006827 0.046210 
0.458802 0.986051 0.462022 
0.056244 0.007114 0.491768 
0.011189 0.011189 0.011189 0.966433 
0.250000 0.250000 0.250000 0.250000 
  10
0.490338 0.006819 0.046210 
0.453418 0.986066 0.462022 
0.056244 0.007114 0.491768 
0.966433 0.011189 0.011189 0.011189 
0.250000 0.250000 0.250000 0.250000 
  11
0.480169 0.006819 0.046210 
0.463587 0.986066 0.462022 
0.056822 0.007106 0.491768 
0.011169 0.011169 0.013709 0.963954 
0.250000 0.250000 0.250000 0.250000 
  12
0.485102 0.006812 0.046210 
0.458076 0.986082 0.462022 
0.056822 0.007106 0.491768 
0.011169 0.011169 0.966494 0.011169 
0.250000 0.250000 0.250000 0.250000 
  13
0.485102 0.006812 0.046210 
0.458076 0.986082 0.462022 
0.056822 0.007106 0.491768 
0.966494 0.011169 0.011169 0.011169 
0.250000 0.250000 0.250000 0.250000 
  14
0.485102 0.006812 0.046210 
0.458076 0.986082 0.462022 
0.056822 0.007106 0.491768 
0.011169 0.011169 0.011169 0.966494 
0.250000 0.250000 0.250000 0.250000 
  15
0.485102 0.006812 0.046210 
0.458076 0.986082 0.462022 
0.056822 0.007106 0.491768 
0.011169 0.011169 0.013747 0.963915 
0.250000 0.250000 0.250000 0.250000 
  16
0.485102 0.006812 0.046210 
0.458076 0.986082 0.462022 
0.056822 0.007106 0.491768 
0.011169 0.966494 0.011169 0.011169 
0.250000 0.250000 0.250000 0.250000 
  17
0.485102 0.006812 0.046210 
0.458076 0.986082 0.462022 
0.056822 0.007106 0.491768 
0.011169 0.011169 0.966494 0.011169 
0.250000 0.250000 0.250000 0.250000 
  18
0.485102 0.006812 0.046210 
0.458076 0.986082 0.462022 
0.056822 0.007106 0.491768 
0.011169 0.011169 0.015255 0.962407 
0.250000 0.250000 0.250000 0.250000 
  19
0.485102 0.006812 0.046210 
0.458076 0.986082 0.462022 
0.056822 0.007106 0.491768 
0.011169 0.011169 0.011169 0.966494 
0.250000 0.250000 0.250000 0.250000 
  20
0.485102 0.006812 0.046210 
0.458076 0.986082 0.462022 
0.056822 0.007106 0.491768 
0.011169 0.011169 0.011169 0.966494 
0.250000 0.250000 0.250000 0.250000 
  21
0.485102 0.006812 0.046210 
0.458076 0.986082 0.462022 
0.056822 0.007106 0.491768 
0.011169 0.964048 0.011169 0.013614 
0.250000 0.250000 0.250000 0.250000 
  22
0.485102 0.006812 0.046210 
0.458076 0.986082 0.462022 
0.056822 0.007106 0.491768 
0.966494 0.011169 0.011169 0.011169 
0.250000 0.250000 0.250000 0.250000 
  23
0.485102 0.006812 0.046210 
0.458076 0.986082 0.462022 
0.056822 0.007106 0.491768 
0.011169 0.966494 0.011169 0.011169 
0.250000 0.250000 0.250000 0.250000 
  24
0.474943 0.006812 0.046210 
0.468235 0.986082 0.462022 
0.057405 0.007099 0.491768 
0.011149 0.011149 0.966554 0.011149 
0.250000 0.250000 0.250000 0.250000 
  25
0.479817 0.006805 0.046210 
0.462778 0.986097 0.462022 
0.057405 0.007099 0.491768 
0.011149 0.011149 0.013258 0.964445 
0.250000 0.250000 0.250000 0.250000 
  26
0.479817 0.006805 0.046210 
0.462778 0.986097 0.462022 
0.057405 0.007099 0.491768 
0.961993 0.015710 0.011149 0.011149 
0.250000 0.250000 0.250000 0.250000 
  27
0.479817 0.006805 0.046210 
0.462778 0.986097 0.462022 
0.057405 0.007099 0.491768 
0.011149 0.011149 0.966554 0.011149 
0.250000 0.250000 0.250000 0.250000 
  28
0.479817 0.006805 0.046210 
0.462778 0.986097 0.462022 
0.057405 0.007099 0.491768 
0.966554 0.011149 0.011149 0.011149 
0.250000 0.250000 0.250000 0.250000 
  29
0.479817 0.006805 0.046210 
0.462778 0.986097 0.462022 
0.057405 0.007099 0.491768 
0.011149 0.011149 0.014965 0.962738 
0.250000 0.250000 0.250000 0.250000 
  30
0.479817 0.006805 0.046210 
0.462778 0.986097 0.462022 
0.057405 0.007099 0.491768 
0.011149 0.011149 0.011149 0.966554 
0.250000 0.250000 0.250000 0.250000 
  31
0.479817 0.006805 0.046210 
0.462778 0.986097 0.462022 
0.057405 0.007099 0.491768 
0.013723 0.011149 0.963980 0.011149 
0.250000 0.250000 0.250000 0.250000 
  32
0.479817 0.006805 0.046210 
0.462778 0.986097 0.462022 
0.057405 0.007099 0.491768 
0.013375 0.011149 0.011149 0.964328 
0.250000 0.250000 0.250000 0.250000 
  33
0.479817 0.006805 0.046210 
0.462778 0.986097 0.462022 
0.057405 0.007099 0.491768 
0.962208 0.015495 0.011149 0.011149 
0.250000 0.250000 0.250000 0.250000 
  34
0.479817 0.006805 0.046210 
0.462778 0.986097 0.462022 
0.057405 0.007099 0.491768 
0.011149 0.011149 0.013745 0.963958 
0.250000 0.250000 0.250000 0.250000 
  35
0.479817 0.006805 0.046210 
0.462778 0.986097 0.462022 
0.057405 0.007099 0.491768 
0.013246 0.964457 0.011149 0.011149 
0.250000 0.250000 0.250000 0.250000 
  36
0.479817 0.006805 0.046210 
0.462778 0.986097 0.462022 
0.057405 0.007099 0.491768 
0.011149 0.013723 0.015427 0.959701 
0.250000 0.250000 0.250000 0.250000 
  37
0.479817 0.006805 0.046210 
0.462778 0.986097 0.462022 
0.057405 0.007099 0.491768 
0.020937 0.011149 0.950013 0.017902 
0.250000 0.250000 0.250000 0.250000 
  38
0.479817 0.006805 0.046210 
0.462778 0.986097 0.462022 
0.057405 0.007099 0.491768 
0.011149 0.011149 0.013529 0.964174 
0.250000 0.250000 0.250000 0.250000 
  39
0.479817 0.006805 0.046210 
0.462778 0.986097 0.462022 
0.057405 0.007099 0.491768 
0.011149 0.966554 0.011149 0.011149 
0.250000 0.250000 0.250000 0.250000 
  40
0.479817 0.006805 0.046210 
0.462778 0.986097 0.462022 
0.057405 0.007099 0.491768 
0.019415 0.958288 0.011149 0.011149 
0.250000 0.250000 0.250000 0.250000 
  41
0.479817 0.006805 0.046210 
0.462778 0.986097 0.462022 
0.057405 0.007099 0.491768 
0.011149 0.013237 0.017243 0.958371 
0.250000 0.250000 0.250000 0.250000 
  42
0.479817 0.006805 0.046210 
0.462778 0.986097 0.462022 
0.057405 0.007099 0.491768 
0.011149 0.011149 0.011149 0.966554 
0.250000 0.250000 0.250000 0.250000 
  43
0.479817 0.006805 0.046210 
0.462778 0.986097 0.462022 
0.057405 0.007099 0.491768 
0.011149 0.011149 0.011149 0.966554 
0.250000 0.250000 0.250000 0.250000 
  44
0.479817 0.006805 0.046210 
0.462778 0.986097 0.462022 
0.057405 0.007099 0.491768 
0.011149 0.011149 0.011149 0.966554 
0.250000 0.250000 0.250000 0.250000 
  45
0.479817 0.006805 0.046210 
0.462778 0.986097 0.462022 
0.057405 0.007099 0.491768 
0.011149 0.011149 0.955334 0.022369 
0.250000 0.250000 0.250000 0.250000 
  46
0.479817 0.006805 0.046210 
0.462778 0.986097 0.462022 
0.057405 0.007099 0.491768 
0.017030 0.955847 0.013610 0.013514 
0.250000 0.250000 0.250000 0.250000 
  47
0.479817 0.006805 0.046210 
0.462778 0.986097 0.462022 
0.057405 0.007099 0.491768 
0.011149 0.011149 0.966554 0.011149 
0.250000 0.250000 0.250000 0.250000 
  48
0.479817 0.006805 0.046210 
0.462778 0.986097 0.462022 
0.057405 0.007099 0.491768 
0.011149 0.011149 0.014029 0.963673 
0.250000 0.250000 0.250000 0.250000 
  49
0.479817 0.006805 0.046210 
0.462778 0.986097 0.462022 
0.057405 0.007099 0.491768 
0.011149 0.011149 0.966554 0.011149 
0.250000 0.250000 0.250000 0.250000 
  50
0.479817 0.006805 0.046210 
0.462778 0.986097 0.462022 
0.057405 0.007099 0.491768 
0.966554 0.011149 0.011149 0.011149 
0.250000 0.250000 0.250000 0.250000 
  51
0.479817 0.006805 0.046210 
0.462778 0.986097 0.462022 
0.057405 0.007099 0.491768 
0.959833 0.015432 0.013587 0.011149 
0.250000 0.250000 0.250000 0.250000 
  52
0.479817 0.006805 0.046210 
0.462778 0.986097 0.462022 
0.057405 0.007099 0.491768 
0.964107 0.013595 0.011149 0.011149 
0.250000 0.250000 0.250000 0.250000 
  53
0.479817 0.006805 0.046210 
0.462778 0.986097 0.462022 
0.057405 0.007099 0.491768 
0.966554 0.011149 0.011149 0.011149 
0.250000 0.250000 0.250000 0.250000 
  54
0.479817 0.006805 0.046210 
0.462778 0.986097 0.462022 
0.057405 0.007099 0.491768 
0.962277 0.015426 0.011149 0.011149 
0.250000 0.250000 0.250000 0.250000 
  55
0.479817 0.006805 0.046210 
0.462778 0.986097 0.462022 
0.057405 0.007099 0.491768 
0.054034 0.011149 0.923668 0.011149 
0.250000 0.250000 0.250000 0.250000 
  56
0.479817 0.006805 0.046210 
0.462778 0.986097 0.462022 
0.057405 0.007099 0.491768 
0.011149 0.011149 0.011149 0.966554 
0.250000 0.250000 0.250000 0.250000 
  57
0.479817 0.006805 0.046210 
0.462778 0.986097 0.462022 
0.057405 0.007099 0.491768 
0.011149 0.011149 0.023874 0.953828 
0.250000 0.250000 0.250000 0.250000 
  58
0.479817 0.006805 0.046210 
0.462778 0.986097 0.462022 
0.057405 0.007099 0.491768 
0.011149 0.011149 0.964161 0.013542 
0.250000 0.250000 0.250000 0.250000 
  59
0.479817 0.006805 0.046210 
0.462778 0.986097 0.462022 
0.057405 0.007099 0.491768 
0.011149 0.011149 0.966554 0.011149 
0.250000 0.250000 0.250000 0.250000 
  60
0.479817 0.006805 0.046210 
0.462778 0.986097 0.462022 
0.057405 0.007099 0.491768 
0.011149 0.011149 0.013333 0.964370 
0.250000 0.250000 0.250000 0.250000 
  61
0.479817 0.006805 0.046210 
0.462778 0.986097 0.462022 
0.057405 0.007099 0.491768 
0.011149 0.966554 0.011149 0.011149 
0.250000 0.250000 0.250000 0.250000 
  62
0.479817 0.006805 0.046210 
0.462778 0.986097 0.462022 
0.057405 0.007099 0.491768 
0.017665 0.960038 0.011149 0.011149 
0.250000 0.250000 0.250000 0.250000 
  63
0.479817 0.006805 0.046210 
0.462778 0.986097 0.462022 
0.057405 0.007099 0.491768 
0.966554 0.011149 0.011149 0.011149 
0.250000 0.250000 0.250000 0.250000 
  64
0.479817 0.006805 0.046210 
0.462778 0.986097 0.462022 
0.057405 0.007099 0.491768 
0.964153 0.013550 0.011149 0.011149 
0.250000 0.250000 0.250000 0.250000 
  65
0.479817 0.006805 0.046210 
0.462778 0.986097 0.462022 
0.057405 0.007099 0.491768 
0.966554 0.011149 0.011149 0.011149 
0.250000 0.250000 0.250000 0.250000 
  66
0.479817 0.006805 0.046210 
0.462778 0.986097 0.462022 
0.057405 0.007099 0.491768 
0.011149 0.011149 0.011149 0.966554 
0.250000 0.250000 0.250000 0.250000 
  67
0.479817 0.006805 0.046210 
0.462778 0.986097 0.462022 
0.057405 0.007099 0.491768 
0.011149 0.966554 0.011149 0.011149 
0.250000 0.250000 0.250000 0.250000 
  68
0.479817 0.006805 0.046210 
0.462778 0.986097 0.462022 
0.057405 0.007099 0.491768 
0.966554 0.011149 0.011149 0.011149 
0.250000 0.250000 0.250000 0.250000 
  69
0.479817 0.006805 0.046210 
0.462778 0.986097 0.462022 
0.057405 0.007099 0.491768 
0.011149 0.011149 0.966554 0.011149 
0.250000 0.250000 0.250000 0.250000 
  70
0.479817 0.006805 0.046210 
0.462778 0.986097 0.462022 
0.057405 0.007099 0.491768 
0.966554 0.011149 0.011149 0.011149 
0.250000 0.250000 0.250000 0.250000 
  71
0.479817 0.006805 0.046210 
0.462778 0.986097 0.462022 
0.057405 0.007099 0.491768 
0.966554 0.011149 0.011149 0.011149 
0.250000 0.250000 0.250000 0.250000 
  72
0.479817 0.006805 0.046210 
0.462778 0.986097 0.462022 
0.057405 0.007099 0.491768 
0.011149 0.011149 0.966554 0.011149 
0.250000 0.250000 0.250000 0.250000 
  73
0.479817 0.006805 0.046210 
0.462778 0.986097 0.462022 
0.057405 0.007099 0.491768 
0.958384 0.019318 0.011149 0.011149 
0.250000 0.250000 0.250000 0.250000 
  74
0.479817 0.006805 0.046210 
0.462778 0.986097 0.462022 
0.057405 0.007099 0.491768 
0.018143 0.959560 0.011149 0.011149 
0.250000 0.250000 0.250000 0.250000 
  75
0.479817 0.006805 0.046210 
0.462778 0.986097 0.462022 
0.057405 0.007099 0.491768 
0.011149 0.011149 0.966554 0.011149 
0.250000 0.250000 0.250000 0.250000 
  76
0.479817 0.006805 0.046210 
0.462778 0.986097 0.462022 
0.057405 0.007099 0.491768 
0.964116 0.011149 0.011149 0.013587 
0.250000 0.250000 0.250000 0.250000 
  77
0.479817 0.006805 0.046210 
0.462778 0.986097 0.462022 
0.057405 0.007099 0.491768 
0.011149 0.011149 0.966554 0.011149 
0.250000 0.250000 0.250000 0.250000 
  78
0.479817 0.006805 0.046210 
0.462778 0.986097 0.462022 
0.057405 0.007099 0.491768 
0.015025 0.962678 0.011149 0.011149 
0.250000 0.250000 0.250000 0.250000 
  79
0.479817 0.006805 0.046210 
0.462778 0.986097 0.462022 
0.057405 0.007099 0.491768 
0.011149 0.966554 0.011149 0.011149 
0.250000 0.250000 0.250000 0.250000 
  80
0.479817 0.006805 0.046210 
0.462778 0.986097 0.462022 
0.057405 0.007099 0.491768 
0.011149 0.011149 0.966554 0.011149 
0.250000 0.250000 0.250000 0.250000 
  81
0.479817 0.006805 0.046210 
0.462778 0.986097 0.462022 
0.057405 0.007099 0.491768 
0.966554 0.011149 0.011149 0.011149 
0.250000 0.250000 0.250000 0.250000 
  82
0.479817 0.006805 0.046210 
0.462778 0.986097 0.462022 
0.057405 0.007099 0.491768 
0.966554 0.011149 0.011149 0.011149 
0.250000 0.250000 0.250000 0.250000 
  83
0.479817 0.006805 0.046210 
0.462778 0.986097 0.462022 
0.057405 0.007099 0.491768 
0.011149 0.011149 0.966554 0.011149 
0.250000 0.250000 0.250000 0.250000 
  84
0.479817 0.006805 0.046210 
0.462778 0.986097 0.462022 
0.057405 0.007099 0.491768 
0.013898 0.963762 0.011170 0.011170 
0.250000 0.250000 0.250000 0.250000 
  85
0.479817 0.006805 0.046210 
0.462778 0.986097 0.462022 
0.057405 0.007099 0.491768 
0.011149 0.011149 0.966554 0.011149 
0.250000 0.250000 0.250000 0.250000 
  86
0.479817 0.006805 0.046210 
0.462778 0.986097 0.462022 
0.057405 0.007099 0.491768 
0.011149 0.011149 0.011149 0.966554 
0.250000 0.250000 0.250000 0.250000 
  87
0.479817 0.006805 0.046210 
0.462778 0.986097 0.462022 
0.057405 0.007099 0.491768 
0.013621 0.964044 0.011168 0.011168 
0.250000 0.250000 0.250000 0.250000 
  88
0.479817 0.006805 0.046210 
0.462778 0.986097 0.462022 
0.057405 0.007099 0.491768 
0.011149 0.011149 0.011149 0.966554 
0.250000 0.250000 0.250000 0.250000 
  89
0.479817 0.006805 0.046210 
0.462778 0.986097 0.462022 
0.057405 0.007099 0.491768 
0.011149 0.966554 0.011149 0.011149 
0.250000 0.250000 0.250000 0.250000 
  90
0.479817 0.006805 0.046210 
0.462778 0.986097 0.462022 
0.057405 0.007099 0.491768 
0.011149 0.011149 0.966554 0.011149 
0.250000 0.250000 0.250000 0.250000 
  91
0.479817 0.006805 0.046210 
0.462778 0.986097 0.462022 
0.057405 0.007099 0.491768 
0.013478 0.011149 0.964225 0.011149 
0.250000 0.250000 0.250000 0.250000 
  92
0.479817 0.006805 0.046210 
0.462778 0.986097 0.462022 
0.057405 0.007099 0.491768 
0.011149 0.011149 0.011149 0.966554 
0.250000 0.250000 0.250000 0.250000 
  93
0.479817 0.006805 0.046210 
0.462778 0.986097 0.462022 
0.057405 0.007099 0.491768 
0.011149 0.011149 0.013951 0.963752 
0.250000 0.250000 0.250000 0.250000 
  94
0.479817 0.006805 0.046210 
0.462778 0.986097 0.462022 
0.057405 0.007099 0.491768 
0.011149 0.966554 0.011149 0.011149 
0.250000 0.250000 0.250000 0.250000 
  95
0.479817 0.006805 0.046210 
0.462778 0.986097 0.462022 
0.057405 0.007099 0.491768 
0.011149 0.966554 0.011149 0.011149 
0.250000 0.250000 0.250000 0.250000 
  96
0.479817 0.006805 0.046210 
0.462778 0.986097 0.462022 
0.057405 0.007099 0.491768 
0.013711 0.963992 0.011149 0.011149 
0.250000 0.250000 0.250000 0.250000 
  97
0.479817 0.006805 0.046210 
0.462778 0.986097 0.462022 
0.057405 0.007099 0.491768 
0.011149 0.011149 0.966554 0.011149 
0.250000 0.250000 0.250000 0.250000 
  98
0.479817 0.006805 0.046210 
0.462778 0.986097 0.462022 
0.057405 0.007099 0.491768 
0.966554 0.011149 0.011149 0.011149 
0.250000 0.250000 0.250000 0.250000 
  99
0.479817 0.006805 0.046210 
0.462778 0.986097 0.462022 
0.057405 0.007099 0.491768 
0.011149 0.011149 0.957742 0.019961 
0.250000 0.250000 0.250000 0.250000 
 100
0.479817 0.006805 0.046210 
0.462778 0.986097 0.462022 
0.057405 0.007099 0.491768 
0.011149 0.011149 0.966554 0.011149 
0.250000 0.250000 0.250000 0.250000 
 101
0.479817 0.006805 0.046210 
0.462778 0.986097 0.462022 
0.057405 0.007099 0.491768 
0.966554 0.011149 0.011149 0.011149 
0.250000 0.250000 0.250000 0.250000 
 102
0.479817 0.006805 0.046210 
0.462778 0.986097 0.462022 
0.057405 0.007099 0.491768 
0.011149 0.011149 0.013368 0.964335 
0.250000 0.250000 0.250000 0.250000 
 103
0.479817 0.006805 0.046210 
0.462778 0.986097 0.462022 
0.057405 0.007099 0.491768 
0.011149 0.966554 0.011149 0.011149 
0.250000 0.250000 0.250000 0.250000 
 104
0.479817 0.006805 0.046210 
0.462778 0.986097 0.462022 
0.057405 0.007099 0.491768 
0.011149 0.011149 0.966554 0.011149 
0.250000 0.250000 0.250000 0.250000 
 105
0.479817 0.006805 0.046210 
0.462778 0.986097 0.462022 
0.057405 0.007099 0.491768 
0.966554 0.011149 0.011149 0.011149 
0.250000 0.250000 0.250000 0.250000 
 106
0.479817 0.006805 0.046210 
0.462778 0.986097 0.462022 
0.057405 0.007099 0.491768 
0.013415 0.964287 0.011149 0.011149 
0.250000 0.250000 0.250000 0.250000 
 107
0.479817 0.006805 0.046210 
0.462778 0.986097 0.462022 
0.057405 0.007099 0.491768 
0.011149 0.011149 0.011149 0.966554 
0.250000 0.250000 0.250000 0.250000 
 108
0.479817 0.006805 0.046210 
0.462778 0.986097 0.462022 
0.057405 0.007099 0.491768 
0.964562 0.011149 0.013141 0.011149 
0.250000 0.250000 0.250000 0.250000 
 109
0.479817 0.006805 0.046210 
0.462778 0.986097 0.462022 
0.057405 0.007099 0.491768 
0.011149 0.011149 0.966554 0.011149 
0.250000 0.250000 0.250000 0.250000 
 110
0.479817 0.006805 0.046210 
0.462778 0.986097 0.462022 
0.057405 0.007099 0.491768 
0.011149 0.011149 0.966554 0.011149 
0.250000 0.250000 0.250000 0.250000 
 111
0.479817 0.006805 0.046210 
0.462778 0.986097 0.462022 
0.057405 0.007099 0.491768 
0.961930 0.015773 0.011149 0.011149 
0.250000 0.250000 0.250000 0.250000 
 112
0.479817 0.006805 0.046210 
0.462778 0.986097 0.462022 
0.057405 0.007099 0.491768 
0.966554 0.011149 0.011149 0.011149 
0.250000 0.250000 0.250000 0.250000 
 113
0.479817 0.006805 0.046210 
0.462778 0.986097 0.462022 
0.057405 0.007099 0.491768 
0.966554 0.011149 0.011149 0.011149 
0.250000 0.250000 0.250000 0.250000 
 114
0.479817 0.006805 0.046210 
0.462778 0.986097 0.462022 
0.057405 0.007099 0.491768 
0.011149 0.011149 0.962390 0.015313 
0.250000 0.250000 0.250000 0.250000 
 115
0.479817 0.006805 0.046210 
0.462778 0.986097 0.462022 
0.057405 0.007099 0.491768 
0.011149 0.966554 0.011149 0.011149 
0.250000 0.250000 0.250000 0.250000 
 116
0.479817 0.006805 0.046210 
0.462778 0.986097 0.462022 
0.057405 0.007099 0.491768 
0.011149 0.966554 0.011149 0.011149 
0.250000 0.250000 0.250000 0.250000 
 117
0.479817 0.006805 0.046210 
0.462778 0.986097 0.462022 
0.057405 0.007099 0.491768 
0.949070 0.028633 0.011149 0.011149 
0.250000 0.250000 0.250000 0.250000 
 118
0.479817 0.006805 0.046210 
0.462778 0.986097 0.462022 
0.057405 0.007099 0.491768 
0.966554 0.011149 0.011149 0.011149 
0.250000 0.250000 0.250000 0.250000 
 119
0.479817 0.006805 0.046210 
0.462778 0.986097 0.462022 
0.057405 0.007099 0.491768 
0.011149 0.011149 0.966554 0.011149 
0.250000 0.250000 0.250000 0.250000 
 120
0.479817 0.006805 0.046210 
0.462778 0.986097 0.462022 
0.057405 0.007099 0.491768 
0.031774 0.945929 0.011149 0.011149 
0.250000 0.250000 0.250000 0.250000 
 121
0.479817 0.006805 0.046210 
0.462778 0.986097 0.462022 
0.057405 0.007099 0.491768 
0.943243 0.034460 0.011149 0.011149 
0.250000 0.250000 0.250000 0.250000 
 122
0.479817 0.006805 0.046210 
0.462778 0.986097 0.462022 
0.057405 0.007099 0.491768 
0.011149 0.011149 0.011149 0.966554 
0.250000 0.250000 0.250000 0.250000 
 123
0.479817 0.006805 0.046210 
0.462778 0.986097 0.462022 
0.057405 0.007099 0.491768 
0.964241 0.013462 0.011149 0.011149 
0.250000 0.250000 0.250000 0.250000 
 124
0.479817 0.006805 0.046210 
0.462778 0.986097 0.462022 
0.057405 0.007099 0.491768 
0.011149 0.966554 0.011149 0.011149 
0.250000 0.250000 0.250000 0.250000 
 125
0.479817 0.006805 0.046210 
0.462778 0.986097 0.462022 
0.057405 0.007099 0.491768 
0.011149 0.011149 0.011149 0.966554 
0.250000 0.250000 0.250000 0.250000 
 126
0.479817 0.006805 0.046210 
0.462778 0.986097 0.462022 
0.057405 0.007099 0.491768 
0.011149 0.966554 0.011149 0.011149 
0.250000 0.250000 0.250000 0.250000 
 127
0.479817 0.006805 0.046210 
0.462778 0.986097 0.462022 
0.057405 0.007099 0.491768 
0.966554 0.011149 0.011149 0.011149 
0.250000 0.250000 0.250000 0.250000 
 128
0.479817 0.006805 0.046210 
0.462778 0.986097 0.462022 
0.057405 0.007099 0.491768 
0.966554 0.011149 0.011149 0.011149 
0.250000 0.250000 0.250000 0.250000 
 129
0.479817 0.006805 0.046210 
0.462778 0.986097 0.462022 
0.057405 0.007099 0.491768 
0.966554 0.011149 0.011149 0.011149 
0.250000 0.250000 0.250000 0.250000 
 130
0.479817 0.006805 0.046210 
0.462778 0.986097 0.462022 
0.057405 0.007099 0.491768 
0.966554 0.011149 0.011149 0.011149 
0.250000 0.250000 0.250000 0.250000 
 131
0.479817 0.006805 0.046210 
0.462778 0.986097 0.462022 
0.057405 0.007099 0.491768 
0.011149 0.011149 0.966554 0.011149 
0.250000 0.250000 0.250000 0.250000 
 132
0.479817 0.006805 0.046210 
0.462778 0.986097 0.462022 
0.057405 0.007099 0.491768 
0.964217 0.011149 0.013485 0.011149 
0.250000 0.250000 0.250000 0.250000 
 133
0.479817 0.006805 0.046210 
0.462778 0.986097 0.462022 
0.057405 0.007099 0.491768 
0.966554 0.011149 0.011149 0.011149 
0.250000 0.250000 0.250000 0.250000 
 134
0.479817 0.006805 0.046210 
0.462778 0.986097 0.462022 
0.057405 0.007099 0.491768 
0.011149 0.011149 0.011149 0.966554 
0.250000 0.250000 0.250000 0.250000 
 135
0.479817 0.006805 0.046210 
0.462778 0.986097 0.462022 
0.057405 0.007099 0.491768 
0.011149 0.011149 0.961901 0.015801 
0.250000 0.250000 0.250000 0.250000 
 136
0.479817 0.006805 0.046210 
0.462778 0.986097 0.462022 
0.057405 0.007099 0.491768 
0.966554 0.011149 0.011149 0.011149 
0.250000 0.250000 0.250000 0.250000 
 137
0.479817 0.006805 0.046210 
0.462778 0.986097 0.462022 
0.057405 0.007099 0.491768 
0.011149 0.011149 0.964458 0.013245 
0.250000 0.250000 0.250000 0.250000 
 138
0.479817 0.006805 0.046210 
0.462778 0.986097 0.462022 
0.057405 0.007099 0.491768 
0.017737 0.953756 0.011149 0.017358 
0.250000 0.250000 0.250000 0.250000 
 139
0.479817 0.006805 0.046210 
0.462778 0.986097 0.462022 
0.057405 0.007099 0.491768 
0.966554 0.011149 0.011149 0.011149 
0.250000 0.250000 0.250000 0.250000 
 140
0.479817 0.006805 0.046210 
0.462778 0.986097 0.462022 
0.057405 0.007099 0.491768 
0.963450 0.014253 0.011149 0.011149 
0.250000 0.250000 0.250000 0.250000 
 141
0.479817 0.006805 0.046210 
0.462778 0.986097 0.462022 
0.057405 0.007099 0.491768 
0.011149 0.011149 0.011149 0.966554 
0.250000 0.250000 0.250000 0.250000 
 142
0.479817 0.006805 0.046210 
0.462778 0.986097 0.462022 
0.057405 0.007099 0.491768 
0.011149 0.966554 0.011149 0.011149 
0.250000 0.250000 0.250000 0.250000 
 143
0.479817 0.006805 0.046210 
0.462778 0.986097 0.462022 
0.057405 0.007099 0.491768 
0.966554 0.011149 0.011149 0.011149 
0.250000 0.250000 0.250000 0.250000 
 144
0.479817 0.006805 0.046210 
0.462778 0.986097 0.462022 
0.057405 0.007099 0.491768 
0.011149 0.011149 0.966554 0.011149 
0.250000 0.250000 0.250000 0.250000 
 145
0.479817 0.006805 0.046210 
0.462778 0.986097 0.462022 
0.057405 0.007099 0.491768 
0.018139 0.011149 0.959564 0.011149 
0.250000 0.250000 0.250000 0.250000 
 146
0.479817 0.006805 0.046210 
0.462778 0.986097 0.462022 
0.057405 0.007099 0.491768 
0.966554 0.011149 0.011149 0.011149 
0.250000 0.250000 0.250000 0.250000 
 147
0.479817 0.006805 0.046210 
0.462778 0.986097 0.462022 
0.057405 0.007099 0.491768 
0.966554 0.011149 0.011149 0.011149 
0.250000 0.250000 0.250000 0.250000 
 148
0.479817 0.006805 0.046210 
0.462778 0.986097 0.462022 
0.057405 0.007099 0.491768 
0.966554 0.011149 0.011149 0.011149 
0.250000 0.250000 0.250000 0.250000 
 149
0.479817 0.006805 0.046210 
0.462778 0.986097 0.462022 
0.057405 0.007099 0.491768 
0.011149 0.011149 0.011149 0.966554 
0.250000 0.250000 0.250000 0.250000 
 150
0.479817 0.006805 0.046210 
0.462778 0.986097 0.462022 
0.057405 0.007099 0.491768 
0.011149 0.011149 0.011149 0.966554 
0.250000 0.250000 0.250000 0.250000 
 151
0.479817 0.006805 0.046210 
0.462778 0.986097 0.462022 
0.057405 0.007099 0.491768 
0.011149 0.966554 0.011149 0.011149 
0.250000 0.250000 0.250000 0.250000 
 152
0.479817 0.006805 0.046210 
0.462778 0.986097 0.462022 
0.057405 0.007099 0.491768 
0.966554 0.011149 0.011149 0.011149 
0.250000 0.250000 0.250000 0.250000 
 153
0.479817 0.006805 0.046210 
0.462778 0.986097 0.462022 
0.057405 0.007099 0.491768 
0.949573 0.028129 0.011149 0.011149 
0.250000 0.250000 0.250000 0.250000 
 154
0.479817 0.006805 0.046210 
0.462778 0.986097 0.462022 
0.057405 0.007099 0.491768 
0.011149 0.966554 0.011149 0.011149 
0.250000 0.250000 0.250000 0.250000 
 155
0.479817 0.006805 0.046210 
0.462778 0.986097 0.462022 
0.057405 0.007099 0.491768 
0.011149 0.011149 0.011149 0.966554 
0.250000 0.250000 0.250000 0.250000 
 156
0.479817 0.006805 0.046210 
0.462778 0.986097 0.462022 
0.057405 0.007099 0.491768 
0.011149 0.011149 0.011149 0.966554 
0.250000 0.250000 0.250000 0.250000 
 157
0.479817 0.006805 0.046210 
0.462778 0.986097 0.462022 
0.057405 0.007099 0.491768 
0.966554 0.011149 0.011149 0.011149 
0.250000 0.250000 0.250000 0.250000 
 158
0.479817 0.006805 0.046210 
0.462778 0.986097 0.462022 
0.057405 0.007099 0.491768 
0.011149 0.011149 0.966554 0.011149 
0.250000 0.250000 0.250000 0.250000 
 159
0.479817 0.006805 0.046210 
0.462778 0.986097 0.462022 
0.057405 0.007099 0.491768 
0.011149 0.013043 0.013785 0.962023 
0.250000 0.250000 0.250000 0.250000 
 160
0.479817 0.006805 0.046210 
0.462778 0.986097 0.462022 
0.057405 0.007099 0.491768 
0.963746 0.011149 0.011149 0.013957 
0.250000 0.250000 0.250000 0.250000 
 161
0.479817 0.006805 0.046210 
0.462778 0.986097 0.462022 
0.057405 0.007099 0.491768 
0.966554 0.011149 0.011149 0.011149 
0.250000 0.250000 0.250000 0.250000 
 162
0.479817 0.006805 0.046210 
0.462778 0.986097 0.462022 
0.057405 0.007099 0.491768 
0.011149 0.011149 0.011149 0.966554 
0.250000 0.250000 0.250000 0.250000 
 163
0.479817 0.006805 0.046210 
0.462778 0.986097 0.462022 
0.057405 0.007099 0.491768 
0.011149 0.966554 0.011149 0.011149 
0.250000 0.250000 0.250000 0.250000 
 164
0.479817 0.006805 0.046210 
0.462778 0.986097 0.462022 
0.057405 0.007099 0.491768 
0.011149 0.011149 0.966554 0.011149 
0.250000 0.250000 0.250000 0.250000 
 165
0.479817 0.006805 0.046210 
0.462778 0.986097 0.462022 
0.057405 0.007099 0.491768 
0.011149 0.011149 0.013976 0.963727 
0.250000 0.250000 0.250000 0.250000 
 166
0.479817 0.006805 0.046210 
0.462778 0.986097 0.462022 
0.057405 0.007099 0.491768 
0.963002 0.014701 0.011149 0.011149 
0.250000 0.250000 0.250000 0.250000 
 167
0.479817 0.006805 0.046210 
0.462778 0.986097 0.462022 
0.057405 0.007099 0.491768 
0.011149 0.011149 0.966554 0.011149 
0.250000 0.250000 0.250000 0.250000 
 168
0.479817 0.006805 0.046210 
0.462778 0.986097 0.462022 
0.057405 0.007099 0.491768 
0.011149 0.011149 0.013707 0.963996 
0.250000 0.250000 0.250000 0.250000 
 169
0.479817 0.006805 0.046210 
0.462778 0.986097 0.462022 
0.057405 0.007099 0.491768 
0.011149 0.966554 0.011149 0.011149 
0.250000 0.250000 0.250000 0.250000 
 170
0.479817 0.006805 0.046210 
0.462778 0.986097 0.462022 
0.057405 0.007099 0.491768 
0.966554 0.011149 0.011149 0.011149 
0.250000 0.250000 0.250000 0.250000 
 171
0.479817 0.006805 0.046210 
0.462778 0.986097 0.462022 
0.057405 0.007099 0.491768 
0.013757 0.963945 0.011149 0.011149 
0.250000 0.250000 0.250000 0.250000 
 172
0.479817 0.006805 0.046210 
0.462778 0.986097 0.462022 
0.057405 0.007099 0.491768 
0.011149 0.011149 0.964182 0.013521 
0.250000 0.250000 0.250000 0.250000 
 173
0.479817 0.006805 0.046210 
0.462778 0.986097 0.462022 
0.057405 0.007099 0.491768 
0.011149 0.011149 0.011149 0.966554 
0.250000 0.250000 0.250000 0.250000 
 174
0.479817 0.006805 0.046210 
0.462778 0.986097 0.462022 
0.057405 0.007099 0.491768 
0.013400 0.962404 0.011149 0.013047 
0.250000 0.250000 0.250000 0.250000 
 175
0.479817 0.006805 0.046210 
0.462778 0.986097 0.462022 
0.057405 0.007099 0.491768 
0.013571 0.964132 0.011149 0.011149 
0.250000 0.250000 0.250000 0.250000 
 176
0.479817 0.006805 0.046210 
0.462778 0.986097 0.462022 
0.057405 0.007099 0.491768 
0.011149 0.011149 0.011149 0.966554 
0.250000 0.250000 0.250000 0.250000 
 177
0.479817 0.006805 0.046210 
0.462778 0.986097 0.462022 
0.057405 0.007099 0.491768 
0.011149 0.011149 0.011149 0.966554 
0.250000 0.250000 0.250000 0.250000 
 178
0.479817 0.006805 0.046210 
0.462778 0.986097 0.462022 
0.057405 0.007099 0.491768 
0.011149 0.011149 0.966554 0.011149 
0.250000 0.250000 0.250000 0.250000 
 179
0.479817 0.006805 0.046210 
0.462778 0.986097 0.462022 
0.057405 0.007099 0.491768 
0.966554 0.011149 0.011149 0.011149 
0.250000 0.250000 0.250000 0.250000 
 180
0.479817 0.006805 0.046210 
0.462778 0.986097 0.462022 
0.057405 0.007099 0.491768 
0.011149 0.966554 0.011149 0.011149 
0.250000 0.250000 0.250000 0.250000 
 181
0.479817 0.006805 0.046210 
0.462778 0.986097 0.462022 
0.057405 0.007099 0.491768 
0.966554 0.011149 0.011149 0.011149 
0.250000 0.250000 0.250000 0.250000 
 182
0.479817 0.006805 0.046210 
0.462778 0.986097 0.462022 
0.057405 0.007099 0.491768 
0.017516 0.956376 0.011149 0.014959 
0.250000 0.250000 0.250000 0.250000 
 183
0.479817 0.006805 0.046210 
0.462778 0.986097 0.462022 
0.057405 0.007099 0.491768 
0.011149 0.011149 0.014256 0.963446 
0.250000 0.250000 0.250000 0.250000 
 184
0.479817 0.006805 0.046210 
0.462778 0.986097 0.462022 
0.057405 0.007099 0.491768 
0.011149 0.011149 0.011149 0.966554 
0.250000 0.250000 0.250000 0.250000 
 185
0.479817 0.006805 0.046210 
0.462778 0.986097 0.462022 
0.057405 0.007099 0.491768 
0.011149 0.011149 0.966554 0.011149 
0.250000 0.250000 0.250000 0.250000 
 186
0.479817 0.006805 0.046210 
0.462778 0.986097 0.462022 
0.057405 0.007099 0.491768 
0.011149 0.011149 0.822375 0.155328 
0.250000 0.250000 0.250000 0.250000 
 187
0.479817 0.006805 0.046210 
0.462778 0.986097 0.462022 
0.057405 0.007099 0.491768 
0.011149 0.011149 0.011149 0.966554 
0.250000 0.250000 0.250000 0.250000 
 188
0.479817 0.006805 0.046210 
0.462778 0.986097 0.462022 
0.057405 0.007099 0.491768 
0.011149 0.011149 0.966554 0.011149 
0.250000 0.250000 0.250000 0.250000 
 189
0.479817 0.006805 0.046210 
0.462778 0.986097 0.462022 
0.057405 0.007099 0.491768 
0.966554 0.011149 0.011149 0.011149 
0.250000 0.250000 0.250000 0.250000 
 190
0.479817 0.006805 0.046210 
0.462778 0.986097 0.462022 
0.057405 0.007099 0.491768 
0.966554 0.011149 0.011149 0.011149 
0.250000 0.250000 0.250000 0.250000 
 191
0.479817 0.006805 0.046210 
0.462778 0.986097 0.462022 
0.057405 0.007099 0.491768 
0.015294 0.011178 0.960141 0.013388 
0.250000 0.250000 0.250000 0.250000 
 192
0.479817 0.006805 0.046210 
0.462778 0.986097 0.462022 
0.057405 0.007099 0.491768 
0.966554 0.011149 0.011149 0.011149 
0.250000 0.250000 0.250000 0.250000 
 193
0.479817 0.006805 0.046210 
0.462778 0.986097 0.462022 
0.057405 0.007099 0.491768 
0.011149 0.966554 0.011149 0.011149 
0.250000 0.250000 0.250000 0.250000 
 194
0.479817 0.006805 0.046210 
0.462778 0.986097 0.462022 
0.057405 0.007099 0.491768 
0.019594 0.958109 0.011149 0.011149 
0.250000 0.250000 0.250000 0.250000 
 195
0.479817 0.006805 0.046210 
0.462778 0.986097 0.462022 
0.057405 0.007099 0.491768 
0.011149 0.011149 0.011149 0.966554 
0.250000 0.250000 0.250000 0.250000 
 196
0.479817 0.006805 0.046210 
0.462778 0.986097 0.462022 
0.057405 0.007099 0.491768 
0.128946 0.844393 0.015513 0.011149 
0.250000 0.250000 0.250000 0.250000 
 197
0.479817 0.006805 0.046210 
0.462778 0.986097 0.462022 
0.057405 0.007099 0.491768 
0.966554 0.011149 0.011149 0.011149 
0.250000 0.250000 0.250000 0.250000 
 198
0.479817 0.006805 0.046210 
0.462778 0.986097 0.462022 
0.057405 0.007099 0.491768 
0.962042 0.015661 0.011149 0.011149 
0.250000 0.250000 0.250000 0.250000 
 199
0.479817 0.006805 0.046210 
0.462778 0.986097 0.462022 
0.057405 0.007099 0.491768 
0.966554 0.011149 0.011149 0.011149 
0.250000 0.250000 0.250000 0.250000 
 200
0.479817 0.006805 0.046210 
0.462778 0.986097 0.462022 
0.057405 0.007099 0.491768 
0.011149 0.011149 0.011149 0.966554 
0.250000 0.250000 0.250000 0.250000 
 201
0.479817 0.006805 0.046210 
0.462778 0.986097 0.462022 
0.057405 0.007099 0.491768 
0.966554 0.011149 0.011149 0.011149 
0.250000 0.250000 0.250000 0.250000 
 202
0.479817 0.006805 0.046210 
0.462778 0.986097 0.462022 
0.057405 0.007099 0.491768 
0.011149 0.011149 0.011149 0.966554 
0.250000 0.250000 0.250000 0.250000 
 203
0.479817 0.006805 0.046210 
0.462778 0.986097 0.462022 
0.057405 0.007099 0.491768 
0.011149 0.966554 0.011149 0.011149 
0.250000 0.250000 0.250000 0.250000 
 204
0.479817 0.006805 0.046210 
0.462778 0.986097 0.462022 
0.057405 0.007099 0.491768 
0.011149 0.011149 0.960025 0.017678 
0.250000 0.250000 0.250000 0.250000 
 205
0.479817 0.006805 0.046210 
0.462778 0.986097 0.462022 
0.057405 0.007099 0.491768 
0.013785 0.963917 0.011149 0.011149 
0.250000 0.250000 0.250000 0.250000 
 206
0.479817 0.006805 0.046210 
0.462778 0.986097 0.462022 
0.057405 0.007099 0.491768 
0.964303 0.013400 0.011149 0.011149 
0.250000 0.250000 0.250000 0.250000 
 207
0.479817 0.006805 0.046210 
0.462778 0.986097 0.462022 
0.057405 0.007099 0.491768 
0.013386 0.011149 0.960406 0.015059 
0.250000 0.250000 0.250000 0.250000 
 208
0.479817 0.006805 0.046210 
0.462778 0.986097 0.462022 
0.057405 0.007099 0.491768 
0.966554 0.011149 0.011149 0.011149 
0.250000 0.250000 0.250000 0.250000 
 209
0.479817 0.006805 0.046210 
0.462778 0.986097 0.462022 
0.057405 0.007099 0.491768 
0.017886 0.957597 0.011149 0.013368 
0.250000 0.250000 0.250000 0.250000 
 210
0.479817 0.006805 0.046210 
0.462778 0.986097 0.462022 
0.057405 0.007099 0.491768 
0.011149 0.011149 0.014256 0.963446 
0.250000 0.250000 0.250000 0.250000 
 211
0.479817 0.006805 0.046210 
0.462778 0.986097 0.462022 
0.057405 0.007099 0.491768 
0.011149 0.011149 0.966554 0.011149 
0.250000 0.250000 0.250000 0.250000 
 212
0.479817 0.006805 0.046210 
0.462778 0.986097 0.462022 
0.057405 0.007099 0.491768 
0.011149 0.011149 0.966554 0.011149 
0.250000 0.250000 0.250000 0.250000 
 213
0.479817 0.006805 0.046210 
0.462778 0.986097 0.462022 
0.057405 0.007099 0.491768 
0.011149 0.011149 0.030877 0.946826 
0.250000 0.250000 0.250000 0.250000 
 214
0.479817 0.006805 0.046210 
0.462778 0.986097 0.462022 
0.057405 0.007099 0.491768 
0.011149 0.011149 0.964211 0.013491 
0.250000 0.250000 0.250000 0.250000 
 215
0.479817 0.006805 0.046210 
0.462778 0.986097 0.462022 
0.057405 0.007099 0.491768 
0.966554 0.011149 0.011149 0.011149 
0.250000 0.250000 0.250000 0.250000 
 216
0.479817 0.006805 0.046210 
0.462778 0.986097 0.462022 
0.057405 0.007099 0.491768 
0.011149 0.011149 0.015250 0.962452 
0.250000 0.250000 0.250000 0.250000 
 217
0.479817 0.006805 0.046210 
0.462778 0.986097 0.462022 
0.057405 0.007099 0.491768 
0.011149 0.011149 0.966554 0.011149 
0.250000 0.250000 0.250000 0.250000 
 218
0.479817 0.006805 0.046210 
0.462778 0.986097 0.462022 
0.057405 0.007099 0.491768 
0.964361 0.011149 0.011149 0.013341 
0.250000 0.250000 0.250000 0.250000 
 219
0.479817 0.006805 0.046210 
0.462778 0.986097 0.462022 
0.057405 0.007099 0.491768 
0.015801 0.959634 0.011149 0.013416 
0.250000 0.250000 0.250000 0.250000 
 220
0.479817 0.006805 0.046210 
0.462778 0.986097 0.462022 
0.057405 0.007099 0.491768 
0.964019 0.013684 0.011149 0.011149 
0.250000 0.250000 0.250000 0.250000 
 221
0.479817 0.006805 0.046210 
0.462778 0.986097 0.462022 
0.057405 0.007099 0.491768 
0.011149 0.011149 0.011149 0.966554 
0.250000 0.250000 0.250000 0.250000 
 222
0.479817 0.006805 0.046210 
0.462778 0.986097 0.462022 
0.057405 0.007099 0.491768 
0.013536 0.011149 0.956863 0.018452 
0.250000 0.250000 0.250000 0.250000 
 223
0.479817 0.006805 0.046210 
0.462778 0.986097 0.462022 
0.057405 0.007099 0.491768 
0.013502 0.011149 0.964201 0.011149 
0.250000 0.250000 0.250000 0.250000 
 224
0.479817 0.006805 0.046210 
0.462778 0.986097 0.462022 
0.057405 0.007099 0.491768 
0.011149 0.011149 0.011149 0.966554 
0.250000 0.250000 0.250000 0.250000 
 225
0.479817 0.006805 0.046210 
0.462778 0.986097 0.462022 
0.057405 0.007099 0.491768 
0.011149 0.011149 0.011149 0.966554 
0.250000 0.250000 0.250000 0.250000 
 226
0.479817 0.006805 0.046210 
0.462778 0.986097 0.462022 
0.057405 0.007099 0.491768 
0.011149 0.966554 0.011149 0.011149 
0.250000 0.250000 0.250000 0.250000 
 227
0.479817 0.006805 0.046210 
0.462778 0.986097 0.462022 
0.057405 0.007099 0.491768 
0.966554 0.011149 0.011149 0.011149 
0.250000 0.250000 0.250000 0.250000 
 228
0.479817 0.006805 0.046210 
0.462778 0.986097 0.462022 
0.057405 0.007099 0.491768 
0.011149 0.011149 0.016321 0.961382 
0.250000 0.250000 0.250000 0.250000 
 229
0.479817 0.006805 0.046210 
0.462778 0.986097 0.462022 
0.057405 0.007099 0.491768 
0.011149 0.966554 0.011149 0.011149 
0.250000 0.250000 0.250000 0.250000 
 230
0.479817 0.006805 0.046210 
0.462778 0.986097 0.462022 
0.057405 0.007099 0.491768 
0.011149 0.966554 0.011149 0.011149 
0.250000 0.250000 0.250000 0.250000 
 231
0.479817 0.006805 0.046210 
0.462778 0.986097 0.462022 
0.057405 0.007099 0.491768 
0.923010 0.054693 0.011149 0.011149 
0.250000 0.250000 0.250000 0.250000 
 232
0.479817 0.006805 0.046210 
0.462778 0.986097 0.462022 
0.057405 0.007099 0.491768 
0.964486 0.013217 0.011149 0.011149 
0.250000 0.250000 0.250000 0.250000 
 233
0.479817 0.006805 0.046210 
0.462778 0.986097 0.462022 
0.057405 0.007099 0.491768 
0.964464 0.011149 0.013239 0.011149 
0.250000 0.250000 0.250000 0.250000 
 234
0.479817 0.006805 0.046210 
0.462778 0.986097 0.462022 
0.057405 0.007099 0.491768 
0.966554 0.011149 0.011149 0.011149 
0.250000 0.250000 0.250000 0.250000 
 235
0.479817 0.006805 0.046210 
0.462778 0.986097 0.462022 
0.057405 0.007099 0.491768 
