%  SAM: /scicomp/home/yfa9/CDC_projects/Mol_genetic_analysis/Nomenclature/H1_Nomenclature/All_plus_Ref_v5/v_2/label/LABEL_RES/scripts/modelfromalign_Linux v3.5 (July 15, 2005) compiled 12/08/06_16:15:55
%  (c) 1992-2001 Regents of the University of California, Santa Cruz
%
%          Sequence Alignment and Modeling Software System
%         http://www.cse.ucsc.edu/research/compbio/sam.html
%
% ----------------- Citations (SAM, SAM-T2K, HMMs) --------------------
% R. Hughey, A. Krogh, Hidden Markov models for sequence analysis:
%  Extension and analysis of the basic method, CABIOS 12:95-107, 1996.
% K. Karplus, et al., What is the value added by human intervention in protein
%  structure prediction, Proteins: Stucture, Function, Genetics 45(S5):86--91, 2001.
% A. Krogh et al., Hidden Markov models in computational biology:
%  Applications to protein modeling, JMB 235:1501-1531, Feb 1994.
% ---------------------------------------------------------------------
%  5_hmm   Host: node8.aspen.biotech.cdc.gov    Tue Jun 28 08:16:51 2016
%  yfa9    Dir:  /scicomp/home/yfa9/CDC_projects/Mol_genetic_analysis/Nomenclature/H1_Nomenclature/All_plus_Ref_v5/v_2/Step4/From_Clustering_v2/H1Pdm009_v1/c-8-7-6-5-Old
% ---------------------------------------------------------------------
%  Alignment weights from internal calc.  Total (16.31) Max (0.13) Min (0.05)
%  Weights from alignment method 1 (karplus), b=-1.000000, e=0.500000
MODEL --  Model from alignment file /scicomp/home/yfa9/CDC_projects/Mol_genetic_analysis/Nomenclature/H1_Nomenclature/All_plus_Ref_v5/v_2/label/LABEL_RES/training_data/H1v2016_1/c-8-7-6-5-Old/5.fasta
alphabet DNA
FREQAVE
0.000000 0.000000 0.000000 
0.000000 0.000000 0.000000 
0.000000 0.000000 0.000000 
0.353682 0.220931 0.186060 0.239327 
0.353682 0.220931 0.186060 0.239327 
Begin
0.000000 0.000000 0.000000 
0.000000 0.000000 0.000000 
0.000000 0.008221 0.491768 
0.250000 0.250000 0.250000 0.250000 
0.250000 0.250000 0.250000 0.250000 
   1
0.000000 0.007880 0.046210 
0.000000 0.983898 0.462022 
0.057405 0.008221 0.491768 
0.956671 0.014443 0.014443 0.014443 
0.250000 0.250000 0.250000 0.250000 
   2
0.479817 0.007880 0.046210 
0.462778 0.983898 0.462022 
0.057405 0.008221 0.491768 
0.014443 0.014443 0.014443 0.956671 
0.250000 0.250000 0.250000 0.250000 
   3
0.479817 0.007880 0.046210 
0.462778 0.983898 0.462022 
0.057405 0.008221 0.491768 
0.014443 0.956671 0.014443 0.014443 
0.250000 0.250000 0.250000 0.250000 
   4
0.479817 0.007880 0.046210 
0.462778 0.983898 0.462022 
0.057405 0.008221 0.491768 
0.956671 0.014443 0.014443 0.014443 
0.250000 0.250000 0.250000 0.250000 
   5
0.479817 0.007880 0.046210 
0.462778 0.983898 0.462022 
0.057405 0.008221 0.491768 
0.956671 0.014443 0.014443 0.014443 
0.250000 0.250000 0.250000 0.250000 
   6
0.479817 0.007880 0.046210 
0.462778 0.983898 0.462022 
0.057405 0.008221 0.491768 
0.014443 0.956671 0.014443 0.014443 
0.250000 0.250000 0.250000 0.250000 
   7
0.479817 0.007880 0.046210 
0.462778 0.983898 0.462022 
0.057405 0.008221 0.491768 
0.014443 0.956671 0.014443 0.014443 
0.250000 0.250000 0.250000 0.250000 
   8
0.479817 0.007880 0.046210 
0.462778 0.983898 0.462022 
0.057405 0.008221 0.491768 
0.014443 0.014443 0.956671 0.014443 
0.250000 0.250000 0.250000 0.250000 
   9
0.479817 0.007880 0.046210 
0.462778 0.983898 0.462022 
0.057405 0.008221 0.491768 
0.956671 0.014443 0.014443 0.014443 
0.250000 0.250000 0.250000 0.250000 
  10
0.479817 0.007880 0.046210 
0.462778 0.983898 0.462022 
0.057405 0.008221 0.491768 
0.949392 0.021722 0.014443 0.014443 
0.250000 0.250000 0.250000 0.250000 
  11
0.479817 0.007880 0.046210 
0.462778 0.983898 0.462022 
0.057405 0.008221 0.491768 
0.014443 0.014443 0.017836 0.953279 
0.250000 0.250000 0.250000 0.250000 
  12
0.479817 0.007880 0.046210 
0.462778 0.983898 0.462022 
0.057405 0.008221 0.491768 
0.956671 0.014443 0.014443 0.014443 
0.250000 0.250000 0.250000 0.250000 
  13
0.479817 0.007880 0.046210 
0.462778 0.983898 0.462022 
0.057405 0.008221 0.491768 
0.014443 0.014443 0.956671 0.014443 
0.250000 0.250000 0.250000 0.250000 
  14
0.479817 0.007880 0.046210 
0.462778 0.983898 0.462022 
0.057405 0.008221 0.491768 
0.014443 0.014443 0.017834 0.953280 
0.250000 0.250000 0.250000 0.250000 
  15
0.479817 0.007880 0.046210 
0.462778 0.983898 0.462022 
0.057405 0.008221 0.491768 
0.956671 0.014443 0.014443 0.014443 
0.250000 0.250000 0.250000 0.250000 
  16
0.479817 0.007880 0.046210 
0.462778 0.983898 0.462022 
0.057405 0.008221 0.491768 
0.014490 0.956530 0.014490 0.014490 
0.250000 0.250000 0.250000 0.250000 
  17
0.479817 0.007880 0.046210 
0.462778 0.983898 0.462022 
0.057405 0.008221 0.491768 
0.014443 0.014443 0.018381 0.952733 
0.250000 0.250000 0.250000 0.250000 
  18
0.479817 0.007880 0.046210 
0.462778 0.983898 0.462022 
0.057405 0.008221 0.491768 
0.956671 0.014443 0.014443 0.014443 
0.250000 0.250000 0.250000 0.250000 
  19
0.479817 0.007880 0.046210 
0.462778 0.983898 0.462022 
0.057405 0.008221 0.491768 
0.014443 0.956671 0.014443 0.014443 
0.250000 0.250000 0.250000 0.250000 
  20
0.479817 0.007880 0.046210 
0.462778 0.983898 0.462022 
0.057405 0.008221 0.491768 
0.014443 0.014443 0.014443 0.956671 
0.250000 0.250000 0.250000 0.250000 
  21
0.479817 0.007880 0.046210 
0.462778 0.983898 0.462022 
0.057405 0.008221 0.491768 
0.014443 0.014443 0.018381 0.952734 
0.250000 0.250000 0.250000 0.250000 
  22
0.479817 0.007880 0.046210 
0.462778 0.983898 0.462022 
0.057405 0.008221 0.491768 
0.014443 0.014443 0.949404 0.021710 
0.250000 0.250000 0.250000 0.250000 
  23
0.479817 0.007880 0.046210 
0.462778 0.983898 0.462022 
0.057405 0.008221 0.491768 
0.014443 0.014443 0.014443 0.956671 
0.250000 0.250000 0.250000 0.250000 
  24
0.479817 0.007880 0.046210 
0.462778 0.983898 0.462022 
0.057405 0.008221 0.491768 
0.014443 0.956671 0.014443 0.014443 
0.250000 0.250000 0.250000 0.250000 
  25
0.479817 0.007880 0.046210 
0.462778 0.983898 0.462022 
0.057405 0.008221 0.491768 
0.014443 0.014443 0.956671 0.014443 
0.250000 0.250000 0.250000 0.250000 
  26
0.479817 0.007880 0.046210 
0.462778 0.983898 0.462022 
0.057405 0.008221 0.491768 
0.014443 0.014443 0.014443 0.956671 
0.250000 0.250000 0.250000 0.250000 
  27
0.479817 0.007880 0.046210 
0.462778 0.983898 0.462022 
0.057405 0.008221 0.491768 
0.952884 0.018230 0.014443 0.014443 
0.250000 0.250000 0.250000 0.250000 
  28
0.479817 0.007880 0.046210 
0.462778 0.983898 0.462022 
0.057405 0.008221 0.491768 
0.014443 0.014443 0.014443 0.956671 
0.250000 0.250000 0.250000 0.250000 
  29
0.479817 0.007880 0.046210 
0.462778 0.983898 0.462022 
0.057405 0.008221 0.491768 
0.956671 0.014443 0.014443 0.014443 
0.250000 0.250000 0.250000 0.250000 
  30
0.479817 0.007880 0.046210 
0.462778 0.983898 0.462022 
0.057405 0.008221 0.491768 
0.014443 0.014443 0.014443 0.956671 
0.250000 0.250000 0.250000 0.250000 
  31
0.479817 0.007880 0.046210 
0.462778 0.983898 0.462022 
0.057405 0.008221 0.491768 
0.956671 0.014443 0.014443 0.014443 
0.250000 0.250000 0.250000 0.250000 
  32
0.479817 0.007880 0.046210 
0.462778 0.983898 0.462022 
0.057405 0.008221 0.491768 
0.014443 0.014443 0.956671 0.014443 
0.250000 0.250000 0.250000 0.250000 
  33
0.479817 0.007880 0.046210 
0.462778 0.983898 0.462022 
0.057405 0.008221 0.491768 
0.956671 0.014443 0.014443 0.014443 
0.250000 0.250000 0.250000 0.250000 
  34
0.479817 0.007880 0.046210 
0.462778 0.983898 0.462022 
0.057405 0.008221 0.491768 
0.014443 0.014443 0.021850 0.949264 
0.250000 0.250000 0.250000 0.250000 
  35
0.479817 0.007880 0.046210 
0.462778 0.983898 0.462022 
0.057405 0.008221 0.491768 
0.014443 0.014443 0.014443 0.956671 
0.250000 0.250000 0.250000 0.250000 
  36
0.479817 0.007880 0.046210 
0.462778 0.983898 0.462022 
0.057405 0.008221 0.491768 
0.014443 0.014443 0.018329 0.952786 
0.250000 0.250000 0.250000 0.250000 
  37
0.479817 0.007880 0.046210 
0.462778 0.983898 0.462022 
0.057405 0.008221 0.491768 
0.061772 0.909342 0.014443 0.014443 
0.250000 0.250000 0.250000 0.250000 
  38
0.479817 0.007880 0.046210 
0.462778 0.983898 0.462022 
0.057405 0.008221 0.491768 
0.014443 0.014443 0.956671 0.014443 
0.250000 0.250000 0.250000 0.250000 
  39
0.479817 0.007880 0.046210 
0.462778 0.983898 0.462022 
0.057405 0.008221 0.491768 
0.956671 0.014443 0.014443 0.014443 
0.250000 0.250000 0.250000 0.250000 
  40
0.479817 0.007880 0.046210 
0.462778 0.983898 0.462022 
0.057405 0.008221 0.491768 
0.952726 0.018388 0.014443 0.014443 
0.250000 0.250000 0.250000 0.250000 
  41
0.479817 0.007880 0.046210 
0.462778 0.983898 0.462022 
0.057405 0.008221 0.491768 
0.014443 0.014443 0.899029 0.072085 
0.250000 0.250000 0.250000 0.250000 
  42
0.479817 0.007880 0.046210 
0.462778 0.983898 0.462022 
0.057405 0.008221 0.491768 
0.014443 0.014443 0.949703 0.021411 
0.250000 0.250000 0.250000 0.250000 
  43
0.479817 0.007880 0.046210 
0.462778 0.983898 0.462022 
0.057405 0.008221 0.491768 
0.070622 0.900492 0.014443 0.014443 
0.250000 0.250000 0.250000 0.250000 
  44
0.479817 0.007880 0.046210 
0.462778 0.983898 0.462022 
0.057405 0.008221 0.491768 
0.014443 0.014443 0.956671 0.014443 
0.250000 0.250000 0.250000 0.250000 
  45
0.479817 0.007880 0.046210 
0.462778 0.983898 0.462022 
0.057405 0.008221 0.491768 
0.956671 0.014443 0.014443 0.014443 
0.250000 0.250000 0.250000 0.250000 
  46
0.479817 0.007880 0.046210 
0.462778 0.983898 0.462022 
0.057405 0.008221 0.491768 
0.956671 0.014443 0.014443 0.014443 
0.250000 0.250000 0.250000 0.250000 
  47
0.479817 0.007880 0.046210 
0.462778 0.983898 0.462022 
0.057405 0.008221 0.491768 
0.956671 0.014443 0.014443 0.014443 
0.250000 0.250000 0.250000 0.250000 
  48
0.479817 0.007880 0.046210 
0.462778 0.983898 0.462022 
0.057405 0.008221 0.491768 
0.014443 0.014443 0.014443 0.956671 
0.250000 0.250000 0.250000 0.250000 
  49
0.479817 0.007880 0.046210 
0.462778 0.983898 0.462022 
0.057405 0.008221 0.491768 
0.014443 0.956671 0.014443 0.014443 
0.250000 0.250000 0.250000 0.250000 
  50
0.479817 0.007880 0.046210 
0.462778 0.983898 0.462022 
0.057405 0.008221 0.491768 
0.014443 0.014443 0.956671 0.014443 
0.250000 0.250000 0.250000 0.250000 
  51
0.479817 0.007880 0.046210 
0.462778 0.983898 0.462022 
0.057405 0.008221 0.491768 
0.956671 0.014443 0.014443 0.014443 
0.250000 0.250000 0.250000 0.250000 
  52
0.479817 0.007880 0.046210 
0.462778 0.983898 0.462022 
0.057405 0.008221 0.491768 
0.014495 0.956514 0.014495 0.014495 
0.250000 0.250000 0.250000 0.250000 
  53
0.479817 0.007880 0.046210 
0.462778 0.983898 0.462022 
0.057405 0.008221 0.491768 
0.956671 0.014443 0.014443 0.014443 
0.250000 0.250000 0.250000 0.250000 
  54
0.479817 0.007880 0.046210 
0.462778 0.983898 0.462022 
0.057405 0.008221 0.491768 
0.014443 0.014443 0.956671 0.014443 
0.250000 0.250000 0.250000 0.250000 
  55
0.479817 0.007880 0.046210 
0.462778 0.983898 0.462022 
0.057405 0.008221 0.491768 
0.956671 0.014443 0.014443 0.014443 
0.250000 0.250000 0.250000 0.250000 
  56
0.479817 0.007880 0.046210 
0.462778 0.983898 0.462022 
0.057405 0.008221 0.491768 
0.014443 0.014443 0.956671 0.014443 
0.250000 0.250000 0.250000 0.250000 
  57
0.479817 0.007880 0.046210 
0.462778 0.983898 0.462022 
0.057405 0.008221 0.491768 
0.952701 0.018413 0.014443 0.014443 
0.250000 0.250000 0.250000 0.250000 
  58
0.479817 0.007880 0.046210 
0.462778 0.983898 0.462022 
0.057405 0.008221 0.491768 
0.014443 0.014443 0.033077 0.938037 
0.250000 0.250000 0.250000 0.250000 
  59
0.479817 0.007880 0.046210 
0.462778 0.983898 0.462022 
0.057405 0.008221 0.491768 
0.014443 0.014443 0.014443 0.956671 
0.250000 0.250000 0.250000 0.250000 
  60
0.479817 0.007880 0.046210 
0.462778 0.983898 0.462022 
0.057405 0.008221 0.491768 
0.952154 0.018960 0.014443 0.014443 
0.250000 0.250000 0.250000 0.250000 
  61
0.479817 0.007880 0.046210 
0.462778 0.983898 0.462022 
0.057405 0.008221 0.491768 
0.014443 0.014443 0.014443 0.956671 
0.250000 0.250000 0.250000 0.250000 
  62
0.479817 0.007880 0.046210 
0.462778 0.983898 0.462022 
0.057405 0.008221 0.491768 
0.014443 0.956671 0.014443 0.014443 
0.250000 0.250000 0.250000 0.250000 
  63
0.479817 0.007880 0.046210 
0.462778 0.983898 0.462022 
0.057405 0.008221 0.491768 
0.014443 0.014443 0.014443 0.956671 
0.250000 0.250000 0.250000 0.250000 
  64
0.479817 0.007880 0.046210 
0.462778 0.983898 0.462022 
0.057405 0.008221 0.491768 
0.956671 0.014443 0.014443 0.014443 
0.250000 0.250000 0.250000 0.250000 
  65
0.479817 0.007880 0.046210 
0.462778 0.983898 0.462022 
0.057405 0.008221 0.491768 
0.014443 0.018571 0.014443 0.952543 
0.250000 0.250000 0.250000 0.250000 
  66
0.479817 0.007880 0.046210 
0.462778 0.983898 0.462022 
0.057405 0.008221 0.491768 
0.956671 0.014443 0.014443 0.014443 
0.250000 0.250000 0.250000 0.250000 
  67
0.479817 0.007880 0.046210 
0.462778 0.983898 0.462022 
0.057405 0.008221 0.491768 
0.014443 0.956671 0.014443 0.014443 
0.250000 0.250000 0.250000 0.250000 
  68
0.479817 0.007880 0.046210 
0.462778 0.983898 0.462022 
0.057405 0.008221 0.491768 
0.014443 0.956671 0.014443 0.014443 
0.250000 0.250000 0.250000 0.250000 
  69
0.479817 0.007880 0.046210 
0.462778 0.983898 0.462022 
0.057405 0.008221 0.491768 
0.018643 0.018571 0.014443 0.948343 
0.250000 0.250000 0.250000 0.250000 
  70
0.479817 0.007880 0.046210 
0.462778 0.983898 0.462022 
0.057405 0.008221 0.491768 
0.014443 0.014443 0.014443 0.956671 
0.250000 0.250000 0.250000 0.250000 
  71
0.479817 0.007880 0.046210 
0.462778 0.983898 0.462022 
0.057405 0.008221 0.491768 
0.956671 0.014443 0.014443 0.014443 
0.250000 0.250000 0.250000 0.250000 
  72
0.479817 0.007880 0.046210 
0.462778 0.983898 0.462022 
0.057405 0.008221 0.491768 
0.014443 0.014443 0.014443 0.956671 
0.250000 0.250000 0.250000 0.250000 
  73
0.479817 0.007880 0.046210 
0.462778 0.983898 0.462022 
0.057405 0.008221 0.491768 
0.014443 0.014443 0.956671 0.014443 
0.250000 0.250000 0.250000 0.250000 
  74
0.479817 0.007880 0.046210 
0.462778 0.983898 0.462022 
0.057405 0.008221 0.491768 
0.956671 0.014443 0.014443 0.014443 
0.250000 0.250000 0.250000 0.250000 
  75
0.479817 0.007880 0.046210 
0.462778 0.983898 0.462022 
0.057405 0.008221 0.491768 
0.014443 0.014443 0.021852 0.949262 
0.250000 0.250000 0.250000 0.250000 
  76
0.479817 0.007880 0.046210 
0.462778 0.983898 0.462022 
0.057405 0.008221 0.491768 
0.021407 0.949612 0.014490 0.014490 
0.250000 0.250000 0.250000 0.250000 
  77
0.479817 0.007880 0.046210 
0.462778 0.983898 0.462022 
0.057405 0.008221 0.491768 
0.014497 0.014497 0.956509 0.014497 
0.250000 0.250000 0.250000 0.250000 
  78
0.479817 0.007880 0.046210 
0.462778 0.983898 0.462022 
0.057405 0.008221 0.491768 
0.014443 0.956671 0.014443 0.014443 
0.250000 0.250000 0.250000 0.250000 
  79
0.479817 0.007880 0.046210 
0.462778 0.983898 0.462022 
0.057405 0.008221 0.491768 
0.956671 0.014443 0.014443 0.014443 
0.250000 0.250000 0.250000 0.250000 
  80
0.479817 0.007880 0.046210 
0.462778 0.983898 0.462022 
0.057405 0.008221 0.491768 
0.953266 0.017848 0.014443 0.014443 
0.250000 0.250000 0.250000 0.250000 
  81
0.479817 0.007880 0.046210 
0.462778 0.983898 0.462022 
0.057405 0.008221 0.491768 
0.014443 0.014443 0.956671 0.014443 
0.250000 0.250000 0.250000 0.250000 
  82
0.479817 0.007880 0.046210 
0.462778 0.983898 0.462022 
0.057405 0.008221 0.491768 
0.952875 0.018240 0.014443 0.014443 
0.250000 0.250000 0.250000 0.250000 
  83
0.479817 0.007880 0.046210 
0.462778 0.983898 0.462022 
0.057405 0.008221 0.491768 
0.952385 0.018729 0.014443 0.014443 
0.250000 0.250000 0.250000 0.250000 
  84
0.479817 0.007880 0.046210 
0.462778 0.983898 0.462022 
0.057405 0.008221 0.491768 
0.014443 0.014443 0.036566 0.934548 
0.250000 0.250000 0.250000 0.250000 
  85
0.479817 0.007880 0.046210 
0.462778 0.983898 0.462022 
0.057405 0.008221 0.491768 
0.014443 0.014443 0.014443 0.956671 
0.250000 0.250000 0.250000 0.250000 
  86
0.479817 0.007880 0.046210 
0.462778 0.983898 0.462022 
0.057405 0.008221 0.491768 
0.014443 0.014443 0.956671 0.014443 
0.250000 0.250000 0.250000 0.250000 
  87
0.479817 0.007880 0.046210 
0.462778 0.983898 0.462022 
0.057405 0.008221 0.491768 
0.956671 0.014443 0.014443 0.014443 
0.250000 0.250000 0.250000 0.250000 
  88
0.479817 0.007880 0.046210 
0.462778 0.983898 0.462022 
0.057405 0.008221 0.491768 
0.956671 0.014443 0.014443 0.014443 
0.250000 0.250000 0.250000 0.250000 
  89
0.479817 0.007880 0.046210 
0.462778 0.983898 0.462022 
0.057405 0.008221 0.491768 
0.014443 0.014443 0.956671 0.014443 
0.250000 0.250000 0.250000 0.250000 
  90
0.479817 0.007880 0.046210 
0.462778 0.983898 0.462022 
0.057405 0.008221 0.491768 
0.956671 0.014443 0.014443 0.014443 
0.250000 0.250000 0.250000 0.250000 
  91
0.479817 0.007880 0.046210 
0.462778 0.983898 0.462022 
0.057405 0.008221 0.491768 
0.018286 0.952829 0.014443 0.014443 
0.250000 0.250000 0.250000 0.250000 
  92
0.479817 0.007880 0.046210 
0.462778 0.983898 0.462022 
0.057405 0.008221 0.491768 
0.956671 0.014443 0.014443 0.014443 
0.250000 0.250000 0.250000 0.250000 
  93
0.479817 0.007880 0.046210 
0.462778 0.983898 0.462022 
0.057405 0.008221 0.491768 
0.017880 0.014443 0.946551 0.021126 
0.250000 0.250000 0.250000 0.250000 
  94
0.479817 0.007880 0.046210 
0.462778 0.983898 0.462022 
0.057405 0.008221 0.491768 
0.956671 0.014443 0.014443 0.014443 
0.250000 0.250000 0.250000 0.250000 
  95
0.479817 0.007880 0.046210 
0.462778 0.983898 0.462022 
0.057405 0.008221 0.491768 
0.018657 0.014443 0.952457 0.014443 
0.250000 0.250000 0.250000 0.250000 
  96
0.479817 0.007880 0.046210 
0.462778 0.983898 0.462022 
0.057405 0.008221 0.491768 
0.014443 0.014443 0.014443 0.956671 
0.250000 0.250000 0.250000 0.250000 
  97
0.479817 0.007880 0.046210 
0.462778 0.983898 0.462022 
0.057405 0.008221 0.491768 
0.014443 0.956671 0.014443 0.014443 
0.250000 0.250000 0.250000 0.250000 
  98
0.479817 0.007880 0.046210 
0.462778 0.983898 0.462022 
0.057405 0.008221 0.491768 
0.014443 0.014443 0.014443 0.956671 
0.250000 0.250000 0.250000 0.250000 
  99
0.479817 0.007880 0.046210 
0.462778 0.983898 0.462022 
0.057405 0.008221 0.491768 
0.952735 0.018379 0.014443 0.014443 
0.250000 0.250000 0.250000 0.250000 
 100
0.479817 0.007880 0.046210 
0.462778 0.983898 0.462022 
0.057405 0.008221 0.491768 
0.014489 0.956532 0.014489 0.014489 
0.250000 0.250000 0.250000 0.250000 
 101
0.479817 0.007880 0.046210 
0.462778 0.983898 0.462022 
0.057405 0.008221 0.491768 
0.956671 0.014443 0.014443 0.014443 
0.250000 0.250000 0.250000 0.250000 
 102
0.479817 0.007880 0.046210 
0.462778 0.983898 0.462022 
0.057405 0.008221 0.491768 
0.014443 0.014443 0.956671 0.014443 
0.250000 0.250000 0.250000 0.250000 
 103
0.479817 0.007880 0.046210 
0.462778 0.983898 0.462022 
0.057405 0.008221 0.491768 
0.956671 0.014443 0.014443 0.014443 
0.250000 0.250000 0.250000 0.250000 
 104
0.479817 0.007880 0.046210 
0.462778 0.983898 0.462022 
0.057405 0.008221 0.491768 
0.014443 0.014443 0.956671 0.014443 
0.250000 0.250000 0.250000 0.250000 
 105
0.479817 0.007880 0.046210 
0.462778 0.983898 0.462022 
0.057405 0.008221 0.491768 
0.956671 0.014443 0.014443 0.014443 
0.250000 0.250000 0.250000 0.250000 
 106
0.479817 0.007880 0.046210 
0.462778 0.983898 0.462022 
0.057405 0.008221 0.491768 
0.014443 0.956671 0.014443 0.014443 
0.250000 0.250000 0.250000 0.250000 
 107
0.479817 0.007880 0.046210 
0.462778 0.983898 0.462022 
0.057405 0.008221 0.491768 
0.014443 0.014443 0.014443 0.956671 
0.250000 0.250000 0.250000 0.250000 
 108
0.479817 0.007880 0.046210 
0.462778 0.983898 0.462022 
0.057405 0.008221 0.491768 
0.952471 0.018643 0.014443 0.014443 
0.250000 0.250000 0.250000 0.250000 
 109
0.479817 0.007880 0.046210 
0.462778 0.983898 0.462022 
0.057405 0.008221 0.491768 
0.014443 0.014443 0.952665 0.018449 
0.250000 0.250000 0.250000 0.250000 
 110
0.479817 0.007880 0.046210 
0.462778 0.983898 0.462022 
0.057405 0.008221 0.491768 
0.014443 0.014443 0.014443 0.956671 
0.250000 0.250000 0.250000 0.250000 
 111
0.479817 0.007880 0.046210 
0.462778 0.983898 0.462022 
0.057405 0.008221 0.491768 
0.956671 0.014443 0.014443 0.014443 
0.250000 0.250000 0.250000 0.250000 
 112
0.479817 0.007880 0.046210 
0.462778 0.983898 0.462022 
0.057405 0.008221 0.491768 
0.014443 0.956671 0.014443 0.014443 
0.250000 0.250000 0.250000 0.250000 
 113
0.479817 0.007880 0.046210 
0.462778 0.983898 0.462022 
0.057405 0.008221 0.491768 
0.956671 0.014443 0.014443 0.014443 
0.250000 0.250000 0.250000 0.250000 
 114
0.479817 0.007880 0.046210 
0.462778 0.983898 0.462022 
0.057405 0.008221 0.491768 
0.952154 0.018960 0.014443 0.014443 
0.250000 0.250000 0.250000 0.250000 
 115
0.479817 0.007880 0.046210 
0.462778 0.983898 0.462022 
0.057405 0.008221 0.491768 
0.956671 0.014443 0.014443 0.014443 
0.250000 0.250000 0.250000 0.250000 
 116
0.479817 0.007880 0.046210 
0.462778 0.983898 0.462022 
0.057405 0.008221 0.491768 
0.953094 0.014443 0.014443 0.018020 
0.250000 0.250000 0.250000 0.250000 
 117
0.479817 0.007880 0.046210 
0.462778 0.983898 0.462022 
0.057405 0.008221 0.491768 
0.021025 0.950089 0.014443 0.014443 
0.250000 0.250000 0.250000 0.250000 
 118
0.479817 0.007880 0.046210 
0.462778 0.983898 0.462022 
0.057405 0.008221 0.491768 
0.952310 0.018804 0.014443 0.014443 
0.250000 0.250000 0.250000 0.250000 
 119
0.479817 0.007880 0.046210 
0.462778 0.983898 0.462022 
0.057405 0.008221 0.491768 
0.956671 0.014443 0.014443 0.014443 
0.250000 0.250000 0.250000 0.250000 
 120
0.479817 0.007880 0.046210 
0.462778 0.983898 0.462022 
0.057405 0.008221 0.491768 
0.014443 0.014443 0.014443 0.956671 
0.250000 0.250000 0.250000 0.250000 
 121
0.479817 0.007880 0.046210 
0.462778 0.983898 0.462022 
0.057405 0.008221 0.491768 
0.014443 0.956671 0.014443 0.014443 
0.250000 0.250000 0.250000 0.250000 
 122
0.479817 0.007880 0.046210 
0.462778 0.983898 0.462022 
0.057405 0.008221 0.491768 
0.014443 0.014443 0.014443 0.956671 
0.250000 0.250000 0.250000 0.250000 
 123
0.479817 0.007880 0.046210 
0.462778 0.983898 0.462022 
0.057405 0.008221 0.491768 
0.956671 0.014443 0.014443 0.014443 
0.250000 0.250000 0.250000 0.250000 
 124
0.479817 0.007880 0.046210 
0.462778 0.983898 0.462022 
0.057405 0.008221 0.491768 
0.956671 0.014443 0.014443 0.014443 
0.250000 0.250000 0.250000 0.250000 
 125
0.479817 0.007880 0.046210 
0.462778 0.983898 0.462022 
0.057405 0.008221 0.491768 
0.014443 0.014443 0.956671 0.014443 
0.250000 0.250000 0.250000 0.250000 
 126
0.479817 0.007880 0.046210 
0.462778 0.983898 0.462022 
0.057405 0.008221 0.491768 
0.952700 0.018414 0.014443 0.014443 
0.250000 0.250000 0.250000 0.250000 
 127
0.479817 0.007880 0.046210 
0.462778 0.983898 0.462022 
0.057405 0.008221 0.491768 
0.014443 0.956671 0.014443 0.014443 
0.250000 0.250000 0.250000 0.250000 
 128
0.479817 0.007880 0.046210 
0.462778 0.983898 0.462022 
0.057405 0.008221 0.491768 
0.014443 0.014443 0.014443 0.956671 
0.250000 0.250000 0.250000 0.250000 
 129
0.479817 0.007880 0.046210 
0.462778 0.983898 0.462022 
0.057405 0.008221 0.491768 
0.949849 0.021265 0.014443 0.014443 
0.250000 0.250000 0.250000 0.250000 
 130
0.479817 0.007880 0.046210 
0.462778 0.983898 0.462022 
0.057405 0.008221 0.491768 
0.956671 0.014443 0.014443 0.014443 
0.250000 0.250000 0.250000 0.250000 
 131
0.479817 0.007880 0.046210 
0.462778 0.983898 0.462022 
0.057405 0.008221 0.491768 
0.014443 0.014443 0.956671 0.014443 
0.250000 0.250000 0.250000 0.250000 
 132
0.479817 0.007880 0.046210 
0.462778 0.983898 0.462022 
0.057405 0.008221 0.491768 
0.935244 0.035870 0.014443 0.014443 
0.250000 0.250000 0.250000 0.250000 
 133
0.479817 0.007880 0.046210 
0.462778 0.983898 0.462022 
0.057405 0.008221 0.491768 
0.014443 0.014443 0.956671 0.014443 
0.250000 0.250000 0.250000 0.250000 
 134
0.479817 0.007880 0.046210 
0.462778 0.983898 0.462022 
0.057405 0.008221 0.491768 
0.956671 0.014443 0.014443 0.014443 
0.250000 0.250000 0.250000 0.250000 
 135
0.479817 0.007880 0.046210 
0.462778 0.983898 0.462022 
0.057405 0.008221 0.491768 
0.014443 0.014443 0.953267 0.017847 
0.250000 0.250000 0.250000 0.250000 
 136
0.479817 0.007880 0.046210 
0.462778 0.983898 0.462022 
0.057405 0.008221 0.491768 
0.014443 0.014443 0.014443 0.956671 
0.250000 0.250000 0.250000 0.250000 
 137
0.479817 0.007880 0.046210 
0.462778 0.983898 0.462022 
0.057405 0.008221 0.491768 
0.014443 0.014443 0.956671 0.014443 
0.250000 0.250000 0.250000 0.250000 
 138
0.479817 0.007880 0.046210 
0.462778 0.983898 0.462022 
0.057405 0.008221 0.491768 
0.014443 0.014443 0.014443 0.956671 
0.250000 0.250000 0.250000 0.250000 
 139
0.479817 0.007880 0.046210 
0.462778 0.983898 0.462022 
0.057405 0.008221 0.491768 
0.021783 0.949331 0.014443 0.014443 
0.250000 0.250000 0.250000 0.250000 
 140
0.479817 0.007880 0.046210 
0.462778 0.983898 0.462022 
0.057405 0.008221 0.491768 
0.014443 0.014443 0.014443 0.956671 
0.250000 0.250000 0.250000 0.250000 
 141
0.479817 0.007880 0.046210 
0.462778 0.983898 0.462022 
0.057405 0.008221 0.491768 
0.014443 0.014443 0.014443 0.956671 
0.250000 0.250000 0.250000 0.250000 
 142
0.479817 0.007880 0.046210 
0.462778 0.983898 0.462022 
0.057405 0.008221 0.491768 
0.956671 0.014443 0.014443 0.014443 
0.250000 0.250000 0.250000 0.250000 
 143
0.479817 0.007880 0.046210 
0.462778 0.983898 0.462022 
0.057405 0.008221 0.491768 
0.956671 0.014443 0.014443 0.014443 
0.250000 0.250000 0.250000 0.250000 
 144
0.479817 0.007880 0.046210 
0.462778 0.983898 0.462022 
0.057405 0.008221 0.491768 
0.014443 0.014443 0.913386 0.057728 
0.250000 0.250000 0.250000 0.250000 
 145
0.479817 0.007880 0.046210 
0.462778 0.983898 0.462022 
0.057405 0.008221 0.491768 
0.014443 0.014443 0.956671 0.014443 
0.250000 0.250000 0.250000 0.250000 
 146
0.479817 0.007880 0.046210 
0.462778 0.983898 0.462022 
0.057405 0.008221 0.491768 
0.014443 0.014443 0.014443 0.956671 
0.250000 0.250000 0.250000 0.250000 
 147
0.479817 0.007880 0.046210 
0.462778 0.983898 0.462022 
0.057405 0.008221 0.491768 
0.014443 0.014443 0.022089 0.949025 
0.250000 0.250000 0.250000 0.250000 
 148
0.479817 0.007880 0.046210 
0.462778 0.983898 0.462022 
0.057405 0.008221 0.491768 
0.018213 0.014443 0.885074 0.082271 
0.250000 0.250000 0.250000 0.250000 
 149
0.479817 0.007880 0.046210 
0.462778 0.983898 0.462022 
0.057405 0.008221 0.491768 
0.014443 0.014443 0.014443 0.956671 
0.250000 0.250000 0.250000 0.250000 
 150
0.479817 0.007880 0.046210 
0.462778 0.983898 0.462022 
0.057405 0.008221 0.491768 
0.946377 0.021428 0.014443 0.017752 
0.250000 0.250000 0.250000 0.250000 
 151
0.479817 0.007880 0.046210 
0.462778 0.983898 0.462022 
0.057405 0.008221 0.491768 
0.014443 0.956671 0.014443 0.014443 
0.250000 0.250000 0.250000 0.250000 
 152
0.479817 0.007880 0.046210 
0.462778 0.983898 0.462022 
0.057405 0.008221 0.491768 
0.956671 0.014443 0.014443 0.014443 
0.250000 0.250000 0.250000 0.250000 
 153
0.479817 0.007880 0.046210 
0.462778 0.983898 0.462022 
0.057405 0.008221 0.491768 
0.928303 0.042811 0.014443 0.014443 
0.250000 0.250000 0.250000 0.250000 
 154
0.479817 0.007880 0.046210 
0.462778 0.983898 0.462022 
0.057405 0.008221 0.491768 
0.014443 0.956671 0.014443 0.014443 
0.250000 0.250000 0.250000 0.250000 
 155
0.479817 0.007880 0.046210 
0.462778 0.983898 0.462022 
0.057405 0.008221 0.491768 
0.956671 0.014443 0.014443 0.014443 
0.250000 0.250000 0.250000 0.250000 
 156
0.479817 0.007880 0.046210 
0.462778 0.983898 0.462022 
0.057405 0.008221 0.491768 
0.014443 0.014443 0.956671 0.014443 
0.250000 0.250000 0.250000 0.250000 
 157
0.479817 0.007880 0.046210 
0.462778 0.983898 0.462022 
0.057405 0.008221 0.491768 
0.956671 0.014443 0.014443 0.014443 
0.250000 0.250000 0.250000 0.250000 
 158
0.479817 0.007880 0.046210 
0.462778 0.983898 0.462022 
0.057405 0.008221 0.491768 
0.953050 0.018064 0.014443 0.014443 
0.250000 0.250000 0.250000 0.250000 
 159
0.479817 0.007880 0.046210 
0.462778 0.983898 0.462022 
0.057405 0.008221 0.491768 
0.029430 0.941685 0.014443 0.014443 
0.250000 0.250000 0.250000 0.250000 
 160
0.479817 0.007880 0.046210 
0.462778 0.983898 0.462022 
0.057405 0.008221 0.491768 
0.018966 0.014443 0.952148 0.014443 
0.250000 0.250000 0.250000 0.250000 
 161
0.479817 0.007880 0.046210 
0.462778 0.983898 0.462022 
0.057405 0.008221 0.491768 
0.956671 0.014443 0.014443 0.014443 
0.250000 0.250000 0.250000 0.250000 
 162
0.479817 0.007880 0.046210 
0.462778 0.983898 0.462022 
0.057405 0.008221 0.491768 
0.018011 0.014443 0.025582 0.941964 
0.250000 0.250000 0.250000 0.250000 
 163
0.479817 0.007880 0.046210 
0.462778 0.983898 0.462022 
0.057405 0.008221 0.491768 
0.956671 0.014443 0.014443 0.014443 
0.250000 0.250000 0.250000 0.250000 
 164
0.479817 0.007880 0.046210 
0.462778 0.983898 0.462022 
0.057405 0.008221 0.491768 
0.956671 0.014443 0.014443 0.014443 
0.250000 0.250000 0.250000 0.250000 
 165
0.479817 0.007880 0.046210 
0.462778 0.983898 0.462022 
0.057405 0.008221 0.491768 
0.014443 0.014443 0.952726 0.018388 
0.250000 0.250000 0.250000 0.250000 
 166
0.479817 0.007880 0.046210 
0.462778 0.983898 0.462022 
0.057405 0.008221 0.491768 
0.014443 0.956671 0.014443 0.014443 
0.250000 0.250000 0.250000 0.250000 
 167
0.479817 0.007880 0.046210 
0.462778 0.983898 0.462022 
0.057405 0.008221 0.491768 
0.018384 0.952730 0.014443 0.014443 
0.250000 0.250000 0.250000 0.250000 
 168
0.479817 0.007880 0.046210 
0.462778 0.983898 0.462022 
0.057405 0.008221 0.491768 
0.021699 0.949415 0.014443 0.014443 
0.250000 0.250000 0.250000 0.250000 
 169
0.479817 0.007880 0.046210 
0.462778 0.983898 0.462022 
0.057405 0.008221 0.491768 
0.956671 0.014443 0.014443 0.014443 
0.250000 0.250000 0.250000 0.250000 
 170
0.479817 0.007880 0.046210 
0.462778 0.983898 0.462022 
0.057405 0.008221 0.491768 
0.956671 0.014443 0.014443 0.014443 
0.250000 0.250000 0.250000 0.250000 
 171
0.479817 0.007880 0.046210 
0.462778 0.983898 0.462022 
0.057405 0.008221 0.491768 
0.956671 0.014443 0.014443 0.014443 
0.250000 0.250000 0.250000 0.250000 
 172
0.479817 0.007880 0.046210 
0.462778 0.983898 0.462022 
0.057405 0.008221 0.491768 
0.014443 0.014443 0.953026 0.018088 
0.250000 0.250000 0.250000 0.250000 
 173
0.479817 0.007880 0.046210 
0.462778 0.983898 0.462022 
0.057405 0.008221 0.491768 
0.014443 0.014443 0.014443 0.956671 
0.250000 0.250000 0.250000 0.250000 
 174
0.479817 0.007880 0.046210 
0.462778 0.983898 0.462022 
0.057405 0.008221 0.491768 
0.956671 0.014443 0.014443 0.014443 
0.250000 0.250000 0.250000 0.250000 
 175
0.479817 0.007880 0.046210 
0.462778 0.983898 0.462022 
0.057405 0.008221 0.491768 
0.014443 0.014443 0.014443 0.956671 
0.250000 0.250000 0.250000 0.250000 
 176
0.479817 0.007880 0.046210 
0.462778 0.983898 0.462022 
0.057405 0.008221 0.491768 
0.014443 0.956671 0.014443 0.014443 
0.250000 0.250000 0.250000 0.250000 
 177
0.479817 0.007880 0.046210 
0.462778 0.983898 0.462022 
0.057405 0.008221 0.491768 
0.014443 0.014443 0.956671 0.014443 
0.250000 0.250000 0.250000 0.250000 
 178
0.479817 0.007880 0.046210 
0.462778 0.983898 0.462022 
0.057405 0.008221 0.491768 
0.956671 0.014443 0.014443 0.014443 
0.250000 0.250000 0.250000 0.250000 
 179
0.479817 0.007880 0.046210 
0.462778 0.983898 0.462022 
0.057405 0.008221 0.491768 
0.952310 0.018804 0.014443 0.014443 
0.250000 0.250000 0.250000 0.250000 
 180
0.479817 0.007880 0.046210 
0.462778 0.983898 0.462022 
0.057405 0.008221 0.491768 
0.956671 0.014443 0.014443 0.014443 
0.250000 0.250000 0.250000 0.250000 
 181
0.479817 0.007880 0.046210 
0.462778 0.983898 0.462022 
0.057405 0.008221 0.491768 
0.014443 0.014443 0.956671 0.014443 
0.250000 0.250000 0.250000 0.250000 
 182
0.479817 0.007880 0.046210 
0.462778 0.983898 0.462022 
0.057405 0.008221 0.491768 
0.014443 0.014443 0.014443 0.956671 
0.250000 0.250000 0.250000 0.250000 
 183
0.479817 0.007880 0.046210 
0.462778 0.983898 0.462022 
0.057405 0.008221 0.491768 
0.022582 0.948532 0.014443 0.014443 
0.250000 0.250000 0.250000 0.250000 
 184
0.479817 0.007880 0.046210 
0.462778 0.983898 0.462022 
0.057405 0.008221 0.491768 
0.956671 0.014443 0.014443 0.014443 
0.250000 0.250000 0.250000 0.250000 
 185
0.479817 0.007880 0.046210 
0.462778 0.983898 0.462022 
0.057405 0.008221 0.491768 
0.014443 0.956671 0.014443 0.014443 
0.250000 0.250000 0.250000 0.250000 
 186
0.479817 0.007880 0.046210 
0.462778 0.983898 0.462022 
0.057405 0.008221 0.491768 
0.956526 0.014491 0.014491 0.014491 
0.250000 0.250000 0.250000 0.250000 
 187
0.479817 0.007880 0.046210 
0.462778 0.983898 0.462022 
0.057405 0.008221 0.491768 
0.014443 0.956671 0.014443 0.014443 
0.250000 0.250000 0.250000 0.250000 
 188
0.479817 0.007880 0.046210 
0.462778 0.983898 0.462022 
0.057405 0.008221 0.491768 
0.014443 0.956671 0.014443 0.014443 
0.250000 0.250000 0.250000 0.250000 
 189
0.479817 0.007880 0.046210 
0.462778 0.983898 0.462022 
0.057405 0.008221 0.491768 
0.019178 0.951936 0.014443 0.014443 
0.250000 0.250000 0.250000 0.250000 
 190
0.479817 0.007880 0.046210 
0.462778 0.983898 0.462022 
0.057405 0.008221 0.491768 
0.014443 0.956671 0.014443 0.014443 
0.250000 0.250000 0.250000 0.250000 
 191
0.479817 0.007880 0.046210 
0.462778 0.983898 0.462022 
0.057405 0.008221 0.491768 
0.014443 0.014443 0.014443 0.956671 
0.250000 0.250000 0.250000 0.250000 
 192
0.479817 0.007880 0.046210 
0.462778 0.983898 0.462022 
0.057405 0.008221 0.491768 
0.951977 0.019137 0.014443 0.014443 
0.250000 0.250000 0.250000 0.250000 
 193
0.479817 0.007880 0.046210 
0.462778 0.983898 0.462022 
0.057405 0.008221 0.491768 
0.022045 0.949069 0.014443 0.014443 
0.250000 0.250000 0.250000 0.250000 
 194
0.479817 0.007880 0.046210 
0.462778 0.983898 0.462022 
0.057405 0.008221 0.491768 
0.014443 0.014443 0.956671 0.014443 
0.250000 0.250000 0.250000 0.250000 
 195
0.479817 0.007880 0.046210 
0.462778 0.983898 0.462022 
0.057405 0.008221 0.491768 
0.014443 0.014443 0.956671 0.014443 
0.250000 0.250000 0.250000 0.250000 
 196
0.479817 0.007880 0.046210 
0.462778 0.983898 0.462022 
0.057405 0.008221 0.491768 
0.014443 0.014443 0.956671 0.014443 
0.250000 0.250000 0.250000 0.250000 
 197
0.479817 0.007880 0.046210 
0.462778 0.983898 0.462022 
0.057405 0.008221 0.491768 
0.014443 0.014443 0.956671 0.014443 
0.250000 0.250000 0.250000 0.250000 
 198
0.479817 0.007880 0.046210 
0.462778 0.983898 0.462022 
0.057405 0.008221 0.491768 
0.956671 0.014443 0.014443 0.014443 
0.250000 0.250000 0.250000 0.250000 
 199
0.479817 0.007880 0.046210 
0.462778 0.983898 0.462022 
0.057405 0.008221 0.491768 
0.014443 0.014443 0.014443 0.956671 
0.250000 0.250000 0.250000 0.250000 
 200
0.479817 0.007880 0.046210 
0.462778 0.983898 0.462022 
0.057405 0.008221 0.491768 
0.014443 0.014443 0.014443 0.956671 
0.250000 0.250000 0.250000 0.250000 
 201
0.479817 0.007880 0.046210 
0.462778 0.983898 0.462022 
0.057405 0.008221 0.491768 
0.014443 0.956671 0.014443 0.014443 
0.250000 0.250000 0.250000 0.250000 
 202
0.479817 0.007880 0.046210 
0.462778 0.983898 0.462022 
0.057405 0.008221 0.491768 
0.014443 0.014443 0.956671 0.014443 
0.250000 0.250000 0.250000 0.250000 
 203
0.479817 0.007880 0.046210 
0.462778 0.983898 0.462022 
0.057405 0.008221 0.491768 
0.956671 0.014443 0.014443 0.014443 
0.250000 0.250000 0.250000 0.250000 
 204
0.479817 0.007880 0.046210 
0.462778 0.983898 0.462022 
0.057405 0.008221 0.491768 
0.014443 0.014443 0.014443 0.956671 
0.250000 0.250000 0.250000 0.250000 
 205
0.479817 0.007880 0.046210 
0.462778 0.983898 0.462022 
0.057405 0.008221 0.491768 
0.014443 0.014443 0.014443 0.956671 
0.250000 0.250000 0.250000 0.250000 
 206
0.479817 0.007880 0.046210 
0.462778 0.983898 0.462022 
0.057405 0.008221 0.491768 
0.014443 0.014443 0.014443 0.956671 
0.250000 0.250000 0.250000 0.250000 
 207
0.479817 0.007880 0.046210 
0.462778 0.983898 0.462022 
0.057405 0.008221 0.491768 
0.022269 0.948845 0.014443 0.014443 
0.250000 0.250000 0.250000 0.250000 
 208
0.479817 0.007880 0.046210 
0.462778 0.983898 0.462022 
0.057405 0.008221 0.491768 
0.014443 0.956671 0.014443 0.014443 
0.250000 0.250000 0.250000 0.250000 
 209
0.479817 0.007880 0.046210 
0.462778 0.983898 0.462022 
0.057405 0.008221 0.491768 
0.014443 0.956671 0.014443 0.014443 
0.250000 0.250000 0.250000 0.250000 
 210
0.479817 0.007880 0.046210 
0.462778 0.983898 0.462022 
0.057405 0.008221 0.491768 
0.014443 0.014443 0.014443 0.956671 
0.250000 0.250000 0.250000 0.250000 
 211
0.479817 0.007880 0.046210 
0.462778 0.983898 0.462022 
0.057405 0.008221 0.491768 
0.956671 0.014443 0.014443 0.014443 
0.250000 0.250000 0.250000 0.250000 
 212
0.479817 0.007880 0.046210 
0.462778 0.983898 0.462022 
0.057405 0.008221 0.491768 
0.953011 0.018103 0.014443 0.014443 
0.250000 0.250000 0.250000 0.250000 
 213
0.479817 0.007880 0.046210 
0.462778 0.983898 0.462022 
0.057405 0.008221 0.491768 
0.949151 0.018179 0.014443 0.018227 
0.250000 0.250000 0.250000 0.250000 
 214
0.479817 0.007880 0.046210 
0.462778 0.983898 0.462022 
0.057405 0.008221 0.491768 
0.014443 0.014443 0.014443 0.956671 
0.250000 0.250000 0.250000 0.250000 
 215
0.479817 0.007880 0.046210 
0.462778 0.983898 0.462022 
0.057405 0.008221 0.491768 
0.014443 0.956671 0.014443 0.014443 
0.250000 0.250000 0.250000 0.250000 
 216
0.479817 0.007880 0.046210 
0.462778 0.983898 0.462022 
0.057405 0.008221 0.491768 
0.014443 0.014443 0.042172 0.928942 
0.250000 0.250000 0.250000 0.250000 
 217
0.479817 0.007880 0.046210 
0.462778 0.983898 0.462022 
0.057405 0.008221 0.491768 
0.952529 0.018585 0.014443 0.014443 
0.250000 0.250000 0.250000 0.250000 
 218
0.479817 0.007880 0.046210 
0.462778 0.983898 0.462022 
0.057405 0.008221 0.491768 
0.956671 0.014443 0.014443 0.014443 
0.250000 0.250000 0.250000 0.250000 
 219
0.479817 0.007880 0.046210 
0.462778 0.983898 0.462022 
0.057405 0.008221 0.491768 
0.014443 0.014443 0.949867 0.021248 
0.250000 0.250000 0.250000 0.250000 
 220
0.479817 0.007880 0.046210 
0.462778 0.983898 0.462022 
0.057405 0.008221 0.491768 
0.956671 0.014443 0.014443 0.014443 
0.250000 0.250000 0.250000 0.250000 
 221
0.479817 0.007880 0.046210 
0.462778 0.983898 0.462022 
0.057405 0.008221 0.491768 
0.014443 0.014443 0.014443 0.956671 
0.250000 0.250000 0.250000 0.250000 
 222
0.479817 0.007880 0.046210 
0.462778 0.983898 0.462022 
0.057405 0.008221 0.491768 
0.014443 0.014443 0.014443 0.956671 
0.250000 0.250000 0.250000 0.250000 
 223
0.479817 0.007880 0.046210 
0.462778 0.983898 0.462022 
0.057405 0.008221 0.491768 
0.014443 0.956671 0.014443 0.014443 
0.250000 0.250000 0.250000 0.250000 
 224
0.479817 0.007880 0.046210 
0.462778 0.983898 0.462022 
0.057405 0.008221 0.491768 
0.014443 0.014443 0.956671 0.014443 
0.250000 0.250000 0.250000 0.250000 
 225
0.479817 0.007880 0.046210 
0.462778 0.983898 0.462022 
0.057405 0.008221 0.491768 
0.021996 0.018020 0.014443 0.945541 
0.250000 0.250000 0.250000 0.250000 
 226
0.479817 0.007880 0.046210 
0.462778 0.983898 0.462022 
0.057405 0.008221 0.491768 
0.014443 0.956671 0.014443 0.014443 
0.250000 0.250000 0.250000 0.250000 
 227
0.479817 0.007880 0.046210 
0.462778 0.983898 0.462022 
0.057405 0.008221 0.491768 
0.014443 0.956671 0.014443 0.014443 
0.250000 0.250000 0.250000 0.250000 
 228
0.479817 0.007880 0.046210 
0.462778 0.983898 0.462022 
0.057405 0.008221 0.491768 
0.018960 0.014443 0.952154 0.014443 
0.250000 0.250000 0.250000 0.250000 
 229
0.479817 0.007880 0.046210 
0.462778 0.983898 0.462022 
0.057405 0.008221 0.491768 
0.014443 0.014443 0.014443 0.956671 
0.250000 0.250000 0.250000 0.250000 
 230
0.479817 0.007880 0.046210 
0.462778 0.983898 0.462022 
0.057405 0.008221 0.491768 
0.014443 0.956671 0.014443 0.014443 
0.250000 0.250000 0.250000 0.250000 
 231
0.479817 0.007880 0.046210 
0.462778 0.983898 0.462022 
0.057405 0.008221 0.491768 
0.014443 0.956671 0.014443 0.014443 
0.250000 0.250000 0.250000 0.250000 
 232
0.479817 0.007880 0.046210 
0.462778 0.983898 0.462022 
0.057405 0.008221 0.491768 
0.956671 0.014443 0.014443 0.014443 
0.250000 0.250000 0.250000 0.250000 
 233
0.479817 0.007880 0.046210 
0.462778 0.983898 0.462022 
0.057405 0.008221 0.491768 
0.014443 0.014443 0.014443 0.956671 
0.250000 0.250000 0.250000 0.250000 
 234
0.479817 0.007880 0.046210 
