%  SAM: /scicomp/home/yfa9/CDC_projects/Mol_genetic_analysis/Nomenclature/H1_Nomenclature/All_plus_Ref_v5/v_2/label/LABEL_RES/scripts/modelfromalign_Linux v3.5 (July 15, 2005) compiled 12/08/06_16:15:55
%  (c) 1992-2001 Regents of the University of California, Santa Cruz
%
%          Sequence Alignment and Modeling Software System
%         http://www.cse.ucsc.edu/research/compbio/sam.html
%
% ----------------- Citations (SAM, SAM-T2K, HMMs) --------------------
% R. Hughey, A. Krogh, Hidden Markov models for sequence analysis:
%  Extension and analysis of the basic method, CABIOS 12:95-107, 1996.
% K. Karplus, et al., What is the value added by human intervention in protein
%  structure prediction, Proteins: Stucture, Function, Genetics 45(S5):86--91, 2001.
% A. Krogh et al., Hidden Markov models in computational biology:
%  Applications to protein modeling, JMB 235:1501-1531, Feb 1994.
% ---------------------------------------------------------------------
%  7_hmm   Host: node8.aspen.biotech.cdc.gov    Tue Jun 28 08:16:52 2016
%  yfa9    Dir:  /scicomp/home/yfa9/CDC_projects/Mol_genetic_analysis/Nomenclature/H1_Nomenclature/All_plus_Ref_v5/v_2/Step4/From_Clustering_v2/H1Pdm009_v1/c-8-7-6-5-Old
% ---------------------------------------------------------------------
%  Alignment weights from internal calc.  Total (33.09) Max (0.15) Min (0.02)
%  Weights from alignment method 1 (karplus), b=-1.000000, e=0.500000
MODEL --  Model from alignment file /scicomp/home/yfa9/CDC_projects/Mol_genetic_analysis/Nomenclature/H1_Nomenclature/All_plus_Ref_v5/v_2/label/LABEL_RES/training_data/H1v2016_1/c-8-7-6-5-Old/7.fasta
alphabet DNA
FREQAVE
0.000000 0.000000 0.000000 
0.000000 0.000000 0.000000 
0.000000 0.000000 0.000000 
0.354310 0.221006 0.183892 0.240791 
0.354310 0.221006 0.183892 0.240791 
Begin
0.000000 0.000000 0.000000 
0.000000 0.000000 0.000000 
0.000000 0.005413 0.491768 
0.250000 0.250000 0.250000 0.250000 
0.250000 0.250000 0.250000 0.250000 
   1
0.000000 0.005189 0.046210 
0.000000 0.989398 0.462022 
0.057405 0.005413 0.491768 
0.978000 0.007333 0.007333 0.007333 
0.250000 0.250000 0.250000 0.250000 
   2
0.479817 0.005189 0.046210 
0.462778 0.989398 0.462022 
0.057405 0.005413 0.491768 
0.007333 0.007333 0.007333 0.978000 
0.250000 0.250000 0.250000 0.250000 
   3
0.479817 0.005189 0.046210 
0.462778 0.989398 0.462022 
0.057405 0.005413 0.491768 
0.007333 0.978000 0.007333 0.007333 
0.250000 0.250000 0.250000 0.250000 
   4
0.479817 0.005189 0.046210 
0.462778 0.989398 0.462022 
0.057405 0.005413 0.491768 
0.977980 0.007340 0.007340 0.007340 
0.250000 0.250000 0.250000 0.250000 
   5
0.479817 0.005189 0.046210 
0.462778 0.989398 0.462022 
0.057405 0.005413 0.491768 
0.978000 0.007333 0.007333 0.007333 
0.250000 0.250000 0.250000 0.250000 
   6
0.479817 0.005189 0.046210 
0.462778 0.989398 0.462022 
0.057405 0.005413 0.491768 
0.012808 0.972525 0.007333 0.007333 
0.250000 0.250000 0.250000 0.250000 
   7
0.479817 0.005189 0.046210 
0.462778 0.989398 0.462022 
0.057405 0.005413 0.491768 
0.013341 0.971992 0.007333 0.007333 
0.250000 0.250000 0.250000 0.250000 
   8
0.479817 0.005189 0.046210 
0.462778 0.989398 0.462022 
0.057405 0.005413 0.491768 
0.007333 0.007333 0.978000 0.007333 
0.250000 0.250000 0.250000 0.250000 
   9
0.479817 0.005189 0.046210 
0.462778 0.989398 0.462022 
0.057405 0.005413 0.491768 
0.978000 0.007333 0.007333 0.007333 
0.250000 0.250000 0.250000 0.250000 
  10
0.479817 0.005189 0.046210 
0.462778 0.989398 0.462022 
0.057405 0.005413 0.491768 
0.976317 0.009017 0.007333 0.007333 
0.250000 0.250000 0.250000 0.250000 
  11
0.479817 0.005189 0.046210 
0.462778 0.989398 0.462022 
0.057405 0.005413 0.491768 
0.007333 0.007333 0.010389 0.974944 
0.250000 0.250000 0.250000 0.250000 
  12
0.479817 0.005189 0.046210 
0.462778 0.989398 0.462022 
0.057405 0.005413 0.491768 
0.978000 0.007333 0.007333 0.007333 
0.250000 0.250000 0.250000 0.250000 
  13
0.479817 0.005189 0.046210 
0.462778 0.989398 0.462022 
0.057405 0.005413 0.491768 
0.007333 0.007333 0.978000 0.007333 
0.250000 0.250000 0.250000 0.250000 
  14
0.479817 0.005189 0.046210 
0.462778 0.989398 0.462022 
0.057405 0.005413 0.491768 
0.007333 0.007333 0.007333 0.978000 
0.250000 0.250000 0.250000 0.250000 
  15
0.479817 0.005189 0.046210 
0.462778 0.989398 0.462022 
0.057405 0.005413 0.491768 
0.978000 0.007333 0.007333 0.007333 
0.250000 0.250000 0.250000 0.250000 
  16
0.479817 0.005189 0.046210 
0.462778 0.989398 0.462022 
0.057405 0.005413 0.491768 
0.007333 0.978000 0.007333 0.007333 
0.250000 0.250000 0.250000 0.250000 
  17
0.479817 0.005189 0.046210 
0.462778 0.989398 0.462022 
0.057405 0.005413 0.491768 
0.007333 0.007333 0.014930 0.970403 
0.250000 0.250000 0.250000 0.250000 
  18
0.479817 0.005189 0.046210 
0.462778 0.989398 0.462022 
0.057405 0.005413 0.491768 
0.978000 0.007333 0.007333 0.007333 
0.250000 0.250000 0.250000 0.250000 
  19
0.479817 0.005189 0.046210 
0.462778 0.989398 0.462022 
0.057405 0.005413 0.491768 
0.011841 0.973492 0.007333 0.007333 
0.250000 0.250000 0.250000 0.250000 
  20
0.479817 0.005189 0.046210 
0.462778 0.989398 0.462022 
0.057405 0.005413 0.491768 
0.007333 0.007333 0.007333 0.978000 
0.250000 0.250000 0.250000 0.250000 
  21
0.479817 0.005189 0.046210 
0.462778 0.989398 0.462022 
0.057405 0.005413 0.491768 
0.007333 0.008896 0.014706 0.969065 
0.250000 0.250000 0.250000 0.250000 
  22
0.479817 0.005189 0.046210 
0.462778 0.989398 0.462022 
0.057405 0.005413 0.491768 
0.344281 0.008648 0.595392 0.051679 
0.250000 0.250000 0.250000 0.250000 
  23
0.479817 0.005189 0.046210 
0.462778 0.989398 0.462022 
0.057405 0.005413 0.491768 
0.007333 0.007333 0.008443 0.976890 
0.250000 0.250000 0.250000 0.250000 
  24
0.479817 0.005189 0.046210 
0.462778 0.989398 0.462022 
0.057405 0.005413 0.491768 
0.009151 0.976183 0.007333 0.007333 
0.250000 0.250000 0.250000 0.250000 
  25
0.479817 0.005189 0.046210 
0.462778 0.989398 0.462022 
0.057405 0.005413 0.491768 
0.007333 0.007333 0.976508 0.008826 
0.250000 0.250000 0.250000 0.250000 
  26
0.479817 0.005189 0.046210 
0.462778 0.989398 0.462022 
0.057405 0.005413 0.491768 
0.007333 0.007333 0.007333 0.978000 
0.250000 0.250000 0.250000 0.250000 
  27
0.479817 0.005189 0.046210 
0.462778 0.989398 0.462022 
0.057405 0.005413 0.491768 
0.909863 0.074324 0.008479 0.007333 
0.250000 0.250000 0.250000 0.250000 
  28
0.479817 0.005189 0.046210 
0.462778 0.989398 0.462022 
0.057405 0.005413 0.491768 
0.007333 0.007333 0.009011 0.976322 
0.250000 0.250000 0.250000 0.250000 
  29
0.479817 0.005189 0.046210 
0.462778 0.989398 0.462022 
0.057405 0.005413 0.491768 
0.962936 0.022397 0.007333 0.007333 
0.250000 0.250000 0.250000 0.250000 
  30
0.479817 0.005189 0.046210 
0.462778 0.989398 0.462022 
0.057405 0.005413 0.491768 
0.007333 0.007333 0.015996 0.969338 
0.250000 0.250000 0.250000 0.250000 
  31
0.479817 0.005189 0.046210 
0.462778 0.989398 0.462022 
0.057405 0.005413 0.491768 
0.978000 0.007333 0.007333 0.007333 
0.250000 0.250000 0.250000 0.250000 
  32
0.479817 0.005189 0.046210 
0.462778 0.989398 0.462022 
0.057405 0.005413 0.491768 
0.009997 0.007333 0.975336 0.007333 
0.250000 0.250000 0.250000 0.250000 
  33
0.479817 0.005189 0.046210 
0.462778 0.989398 0.462022 
0.057405 0.005413 0.491768 
0.975647 0.009686 0.007333 0.007333 
0.250000 0.250000 0.250000 0.250000 
  34
0.479817 0.005189 0.046210 
0.462778 0.989398 0.462022 
0.057405 0.005413 0.491768 
0.008293 0.008183 0.010687 0.972838 
0.250000 0.250000 0.250000 0.250000 
  35
0.479817 0.005189 0.046210 
0.462778 0.989398 0.462022 
0.057405 0.005413 0.491768 
0.007333 0.007333 0.007333 0.978000 
0.250000 0.250000 0.250000 0.250000 
  36
0.479817 0.005189 0.046210 
0.462778 0.989398 0.462022 
0.057405 0.005413 0.491768 
0.007333 0.007333 0.009182 0.976151 
0.250000 0.250000 0.250000 0.250000 
  37
0.479817 0.005189 0.046210 
0.462778 0.989398 0.462022 
0.057405 0.005413 0.491768 
0.009955 0.975379 0.007333 0.007333 
0.250000 0.250000 0.250000 0.250000 
  38
0.479817 0.005189 0.046210 
0.462778 0.989398 0.462022 
0.057405 0.005413 0.491768 
0.007333 0.007333 0.978000 0.007333 
0.250000 0.250000 0.250000 0.250000 
  39
0.479817 0.005189 0.046210 
0.462778 0.989398 0.462022 
0.057405 0.005413 0.491768 
0.978000 0.007333 0.007333 0.007333 
0.250000 0.250000 0.250000 0.250000 
  40
0.479817 0.005189 0.046210 
0.462778 0.989398 0.462022 
0.057405 0.005413 0.491768 
0.975668 0.008454 0.008544 0.007333 
0.250000 0.250000 0.250000 0.250000 
  41
0.479817 0.005189 0.046210 
0.462778 0.989398 0.462022 
0.057405 0.005413 0.491768 
0.007333 0.007333 0.977063 0.008270 
0.250000 0.250000 0.250000 0.250000 
  42
0.479817 0.005189 0.046210 
0.462778 0.989398 0.462022 
0.057405 0.005413 0.491768 
0.008437 0.008227 0.971615 0.011721 
0.250000 0.250000 0.250000 0.250000 
  43
0.479817 0.005189 0.046210 
0.462778 0.989398 0.462022 
0.057405 0.005413 0.491768 
0.015614 0.969710 0.007338 0.007338 
0.250000 0.250000 0.250000 0.250000 
  44
0.479817 0.005189 0.046210 
0.462778 0.989398 0.462022 
0.057405 0.005413 0.491768 
0.007333 0.007333 0.977080 0.008253 
0.250000 0.250000 0.250000 0.250000 
  45
0.479817 0.005189 0.046210 
0.462778 0.989398 0.462022 
0.057405 0.005413 0.491768 
0.972037 0.010967 0.007333 0.009662 
0.250000 0.250000 0.250000 0.250000 
  46
0.479817 0.005189 0.046210 
0.462778 0.989398 0.462022 
0.057405 0.005413 0.491768 
0.976728 0.008605 0.007333 0.007333 
0.250000 0.250000 0.250000 0.250000 
  47
0.479817 0.005189 0.046210 
0.462778 0.989398 0.462022 
0.057405 0.005413 0.491768 
0.975965 0.009368 0.007333 0.007333 
0.250000 0.250000 0.250000 0.250000 
  48
0.479817 0.005189 0.046210 
0.462778 0.989398 0.462022 
0.057405 0.005413 0.491768 
0.007333 0.008272 0.011026 0.973369 
0.250000 0.250000 0.250000 0.250000 
  49
0.479817 0.005189 0.046210 
0.462778 0.989398 0.462022 
0.057405 0.005413 0.491768 
0.009373 0.975960 0.007333 0.007333 
0.250000 0.250000 0.250000 0.250000 
  50
0.479817 0.005189 0.046210 
0.462778 0.989398 0.462022 
0.057405 0.005413 0.491768 
0.007333 0.007333 0.978000 0.007333 
0.250000 0.250000 0.250000 0.250000 
  51
0.479817 0.005189 0.046210 
0.462778 0.989398 0.462022 
0.057405 0.005413 0.491768 
0.974735 0.007333 0.007333 0.010598 
0.250000 0.250000 0.250000 0.250000 
  52
0.479817 0.005189 0.046210 
0.462778 0.989398 0.462022 
0.057405 0.005413 0.491768 
0.007333 0.978000 0.007333 0.007333 
0.250000 0.250000 0.250000 0.250000 
  53
0.479817 0.005189 0.046210 
0.462778 0.989398 0.462022 
0.057405 0.005413 0.491768 
0.976978 0.008355 0.007333 0.007333 
0.250000 0.250000 0.250000 0.250000 
  54
0.479817 0.005189 0.046210 
0.462778 0.989398 0.462022 
0.057405 0.005413 0.491768 
0.007333 0.007333 0.978000 0.007333 
0.250000 0.250000 0.250000 0.250000 
  55
0.479817 0.005189 0.046210 
0.462778 0.989398 0.462022 
0.057405 0.005413 0.491768 
0.978000 0.007333 0.007333 0.007333 
0.250000 0.250000 0.250000 0.250000 
  56
0.479817 0.005189 0.046210 
0.462778 0.989398 0.462022 
0.057405 0.005413 0.491768 
0.007333 0.007333 0.978000 0.007333 
0.250000 0.250000 0.250000 0.250000 
  57
0.479817 0.005189 0.046210 
0.462778 0.989398 0.462022 
0.057405 0.005413 0.491768 
0.976875 0.008449 0.007338 0.007338 
0.250000 0.250000 0.250000 0.250000 
  58
0.479817 0.005189 0.046210 
0.462778 0.989398 0.462022 
0.057405 0.005413 0.491768 
0.008801 0.007333 0.008488 0.975378 
0.250000 0.250000 0.250000 0.250000 
  59
0.479817 0.005189 0.046210 
0.462778 0.989398 0.462022 
0.057405 0.005413 0.491768 
0.007333 0.007333 0.007333 0.978000 
0.250000 0.250000 0.250000 0.250000 
  60
0.479817 0.005189 0.046210 
0.462778 0.989398 0.462022 
0.057405 0.005413 0.491768 
0.976428 0.008894 0.007339 0.007339 
0.250000 0.250000 0.250000 0.250000 
  61
0.479817 0.005189 0.046210 
0.462778 0.989398 0.462022 
0.057405 0.005413 0.491768 
0.007333 0.007333 0.007333 0.978000 
0.250000 0.250000 0.250000 0.250000 
  62
0.479817 0.005189 0.046210 
0.462778 0.989398 0.462022 
0.057405 0.005413 0.491768 
0.007333 0.978000 0.007333 0.007333 
0.250000 0.250000 0.250000 0.250000 
  63
0.479817 0.005189 0.046210 
0.462778 0.989398 0.462022 
0.057405 0.005413 0.491768 
0.007333 0.007333 0.010790 0.974543 
0.250000 0.250000 0.250000 0.250000 
  64
0.479817 0.005189 0.046210 
0.462778 0.989398 0.462022 
0.057405 0.005413 0.491768 
0.978000 0.007333 0.007333 0.007333 
0.250000 0.250000 0.250000 0.250000 
  65
0.479817 0.005189 0.046210 
0.462778 0.989398 0.462022 
0.057405 0.005413 0.491768 
0.008941 0.007333 0.007333 0.976392 
0.250000 0.250000 0.250000 0.250000 
  66
0.479817 0.005189 0.046210 
0.462778 0.989398 0.462022 
0.057405 0.005413 0.491768 
0.978000 0.007333 0.007333 0.007333 
0.250000 0.250000 0.250000 0.250000 
  67
0.479817 0.005189 0.046210 
0.462778 0.989398 0.462022 
0.057405 0.005413 0.491768 
0.007339 0.977984 0.007339 0.007339 
0.250000 0.250000 0.250000 0.250000 
  68
0.479817 0.005189 0.046210 
0.462778 0.989398 0.462022 
0.057405 0.005413 0.491768 
0.007333 0.978000 0.007333 0.007333 
0.250000 0.250000 0.250000 0.250000 
  69
0.479817 0.005189 0.046210 
0.462778 0.989398 0.462022 
0.057405 0.005413 0.491768 
0.007333 0.008155 0.009117 0.975394 
0.250000 0.250000 0.250000 0.250000 
  70
0.479817 0.005189 0.046210 
0.462778 0.989398 0.462022 
0.057405 0.005413 0.491768 
0.007344 0.007344 0.008421 0.976890 
0.250000 0.250000 0.250000 0.250000 
  71
0.479817 0.005189 0.046210 
0.462778 0.989398 0.462022 
0.057405 0.005413 0.491768 
0.977037 0.007340 0.007340 0.008283 
0.250000 0.250000 0.250000 0.250000 
  72
0.479817 0.005189 0.046210 
0.462778 0.989398 0.462022 
0.057405 0.005413 0.491768 
0.007333 0.007333 0.373164 0.612169 
0.250000 0.250000 0.250000 0.250000 
  73
0.479817 0.005189 0.046210 
0.462778 0.989398 0.462022 
0.057405 0.005413 0.491768 
0.007333 0.007333 0.978000 0.007333 
0.250000 0.250000 0.250000 0.250000 
  74
0.479817 0.005189 0.046210 
0.462778 0.989398 0.462022 
0.057405 0.005413 0.491768 
0.977033 0.008290 0.007338 0.007338 
0.250000 0.250000 0.250000 0.250000 
  75
0.479817 0.005189 0.046210 
0.462778 0.989398 0.462022 
0.057405 0.005413 0.491768 
0.007333 0.007333 0.007333 0.978000 
0.250000 0.250000 0.250000 0.250000 
  76
0.479817 0.005189 0.046210 
0.462778 0.989398 0.462022 
0.057405 0.005413 0.491768 
0.012777 0.972528 0.007347 0.007347 
0.250000 0.250000 0.250000 0.250000 
  77
0.479817 0.005189 0.046210 
0.462778 0.989398 0.462022 
0.057405 0.005413 0.491768 
0.007340 0.007340 0.977981 0.007340 
0.250000 0.250000 0.250000 0.250000 
  78
0.479817 0.005189 0.046210 
0.462778 0.989398 0.462022 
0.057405 0.005413 0.491768 
0.011892 0.972605 0.007333 0.008169 
0.250000 0.250000 0.250000 0.250000 
  79
0.479817 0.005189 0.046210 
0.462778 0.989398 0.462022 
0.057405 0.005413 0.491768 
0.978000 0.007333 0.007333 0.007333 
0.250000 0.250000 0.250000 0.250000 
  80
0.479817 0.005189 0.046210 
0.462778 0.989398 0.462022 
0.057405 0.005413 0.491768 
0.978000 0.007333 0.007333 0.007333 
0.250000 0.250000 0.250000 0.250000 
  81
0.479817 0.005189 0.046210 
0.462778 0.989398 0.462022 
0.057405 0.005413 0.491768 
0.007333 0.007333 0.978000 0.007333 
0.250000 0.250000 0.250000 0.250000 
  82
0.479817 0.005189 0.046210 
0.462778 0.989398 0.462022 
0.057405 0.005413 0.491768 
0.978000 0.007333 0.007333 0.007333 
0.250000 0.250000 0.250000 0.250000 
  83
0.479817 0.005189 0.046210 
0.462778 0.989398 0.462022 
0.057405 0.005413 0.491768 
0.974637 0.010687 0.007338 0.007338 
0.250000 0.250000 0.250000 0.250000 
  84
0.479817 0.005189 0.046210 
0.462778 0.989398 0.462022 
0.057405 0.005413 0.491768 
0.007333 0.007333 0.018889 0.966444 
0.250000 0.250000 0.250000 0.250000 
  85
0.479817 0.005189 0.046210 
0.462778 0.989398 0.462022 
0.057405 0.005413 0.491768 
0.007333 0.007333 0.008306 0.977027 
0.250000 0.250000 0.250000 0.250000 
  86
0.479817 0.005189 0.046210 
0.462778 0.989398 0.462022 
0.057405 0.005413 0.491768 
0.007333 0.007333 0.976671 0.008662 
0.250000 0.250000 0.250000 0.250000 
  87
0.479817 0.005189 0.046210 
0.462778 0.989398 0.462022 
0.057405 0.005413 0.491768 
0.972894 0.009140 0.007333 0.010633 
0.250000 0.250000 0.250000 0.250000 
  88
0.479817 0.005189 0.046210 
0.462778 0.989398 0.462022 
0.057405 0.005413 0.491768 
0.978000 0.007333 0.007333 0.007333 
0.250000 0.250000 0.250000 0.250000 
  89
0.479817 0.005189 0.046210 
0.462778 0.989398 0.462022 
0.057405 0.005413 0.491768 
0.007333 0.007333 0.978000 0.007333 
0.250000 0.250000 0.250000 0.250000 
  90
0.479817 0.005189 0.046210 
0.462778 0.989398 0.462022 
0.057405 0.005413 0.491768 
0.971809 0.013524 0.007333 0.007333 
0.250000 0.250000 0.250000 0.250000 
  91
0.479817 0.005189 0.046210 
0.462778 0.989398 0.462022 
0.057405 0.005413 0.491768 
0.011620 0.973713 0.007333 0.007333 
0.250000 0.250000 0.250000 0.250000 
  92
0.479817 0.005189 0.046210 
0.462778 0.989398 0.462022 
0.057405 0.005413 0.491768 
0.976965 0.008368 0.007333 0.007333 
0.250000 0.250000 0.250000 0.250000 
  93
0.479817 0.005189 0.046210 
0.462778 0.989398 0.462022 
0.057405 0.005413 0.491768 
0.008117 0.008335 0.974254 0.009294 
0.250000 0.250000 0.250000 0.250000 
  94
0.479817 0.005189 0.046210 
0.462778 0.989398 0.462022 
0.057405 0.005413 0.491768 
0.978000 0.007333 0.007333 0.007333 
0.250000 0.250000 0.250000 0.250000 
  95
0.479817 0.005189 0.046210 
0.462778 0.989398 0.462022 
0.057405 0.005413 0.491768 
0.007333 0.007333 0.978000 0.007333 
0.250000 0.250000 0.250000 0.250000 
  96
0.479817 0.005189 0.046210 
0.462778 0.989398 0.462022 
0.057405 0.005413 0.491768 
0.007333 0.007333 0.007333 0.978000 
0.250000 0.250000 0.250000 0.250000 
  97
0.479817 0.005189 0.046210 
0.462778 0.989398 0.462022 
0.057405 0.005413 0.491768 
0.008477 0.976856 0.007333 0.007333 
0.250000 0.250000 0.250000 0.250000 
  98
0.479817 0.005189 0.046210 
0.462778 0.989398 0.462022 
0.057405 0.005413 0.491768 
0.007333 0.007333 0.007333 0.978000 
0.250000 0.250000 0.250000 0.250000 
  99
0.479817 0.005189 0.046210 
0.462778 0.989398 0.462022 
0.057405 0.005413 0.491768 
0.975697 0.009636 0.007333 0.007333 
0.250000 0.250000 0.250000 0.250000 
 100
0.479817 0.005189 0.046210 
0.462778 0.989398 0.462022 
0.057405 0.005413 0.491768 
0.007333 0.978000 0.007333 0.007333 
0.250000 0.250000 0.250000 0.250000 
 101
0.479817 0.005189 0.046210 
0.462778 0.989398 0.462022 
0.057405 0.005413 0.491768 
0.978000 0.007333 0.007333 0.007333 
0.250000 0.250000 0.250000 0.250000 
 102
0.479817 0.005189 0.046210 
0.462778 0.989398 0.462022 
0.057405 0.005413 0.491768 
0.007333 0.007333 0.978000 0.007333 
0.250000 0.250000 0.250000 0.250000 
 103
0.479817 0.005189 0.046210 
0.462778 0.989398 0.462022 
0.057405 0.005413 0.491768 
0.978000 0.007333 0.007333 0.007333 
0.250000 0.250000 0.250000 0.250000 
 104
0.479817 0.005189 0.046210 
0.462778 0.989398 0.462022 
0.057405 0.005413 0.491768 
0.007333 0.007333 0.978000 0.007333 
0.250000 0.250000 0.250000 0.250000 
 105
0.479817 0.005189 0.046210 
0.462778 0.989398 0.462022 
0.057405 0.005413 0.491768 
0.974801 0.007333 0.010532 0.007333 
0.250000 0.250000 0.250000 0.250000 
 106
0.479817 0.005189 0.046210 
0.462778 0.989398 0.462022 
0.057405 0.005413 0.491768 
0.011826 0.973507 0.007333 0.007333 
0.250000 0.250000 0.250000 0.250000 
 107
0.479817 0.005189 0.046210 
0.462778 0.989398 0.462022 
0.057405 0.005413 0.491768 
0.007333 0.007333 0.007333 0.978000 
0.250000 0.250000 0.250000 0.250000 
 108
0.479817 0.005189 0.046210 
0.462778 0.989398 0.462022 
0.057405 0.005413 0.491768 
0.968229 0.016225 0.008212 0.007333 
0.250000 0.250000 0.250000 0.250000 
 109
0.479817 0.005189 0.046210 
0.462778 0.989398 0.462022 
0.057405 0.005413 0.491768 
0.007333 0.007333 0.978000 0.007333 
0.250000 0.250000 0.250000 0.250000 
 110
0.479817 0.005189 0.046210 
0.462778 0.989398 0.462022 
0.057405 0.005413 0.491768 
0.007333 0.007333 0.007333 0.978000 
0.250000 0.250000 0.250000 0.250000 
 111
0.479817 0.005189 0.046210 
0.462778 0.989398 0.462022 
0.057405 0.005413 0.491768 
0.972841 0.010612 0.007333 0.009213 
0.250000 0.250000 0.250000 0.250000 
 112
0.479817 0.005189 0.046210 
0.462778 0.989398 0.462022 
0.057405 0.005413 0.491768 
0.007338 0.977986 0.007338 0.007338 
0.250000 0.250000 0.250000 0.250000 
 113
0.479817 0.005189 0.046210 
0.462778 0.989398 0.462022 
0.057405 0.005413 0.491768 
0.977984 0.007339 0.007339 0.007339 
0.250000 0.250000 0.250000 0.250000 
 114
0.479817 0.005189 0.046210 
0.462778 0.989398 0.462022 
0.057405 0.005413 0.491768 
0.978000 0.007333 0.007333 0.007333 
0.250000 0.250000 0.250000 0.250000 
 115
0.479817 0.005189 0.046210 
0.462778 0.989398 0.462022 
0.057405 0.005413 0.491768 
0.977982 0.007339 0.007339 0.007339 
0.250000 0.250000 0.250000 0.250000 
 116
0.479817 0.005189 0.046210 
0.462778 0.989398 0.462022 
0.057405 0.005413 0.491768 
0.978000 0.007333 0.007333 0.007333 
0.250000 0.250000 0.250000 0.250000 
 117
0.479817 0.005189 0.046210 
0.462778 0.989398 0.462022 
0.057405 0.005413 0.491768 
0.008655 0.976678 0.007333 0.007333 
0.250000 0.250000 0.250000 0.250000 
 118
0.479817 0.005189 0.046210 
0.462778 0.989398 0.462022 
0.057405 0.005413 0.491768 
0.978000 0.007333 0.007333 0.007333 
0.250000 0.250000 0.250000 0.250000 
 119
0.479817 0.005189 0.046210 
0.462778 0.989398 0.462022 
0.057405 0.005413 0.491768 
0.978000 0.007333 0.007333 0.007333 
0.250000 0.250000 0.250000 0.250000 
 120
0.479817 0.005189 0.046210 
0.462778 0.989398 0.462022 
0.057405 0.005413 0.491768 
0.008583 0.007333 0.007333 0.976750 
0.250000 0.250000 0.250000 0.250000 
 121
0.479817 0.005189 0.046210 
0.462778 0.989398 0.462022 
0.057405 0.005413 0.491768 
0.008415 0.976900 0.007343 0.007343 
0.250000 0.250000 0.250000 0.250000 
 122
0.479817 0.005189 0.046210 
0.462778 0.989398 0.462022 
0.057405 0.005413 0.491768 
0.007338 0.007338 0.008281 0.977043 
0.250000 0.250000 0.250000 0.250000 
 123
0.479817 0.005189 0.046210 
0.462778 0.989398 0.462022 
0.057405 0.005413 0.491768 
0.972369 0.012965 0.007333 0.007333 
0.250000 0.250000 0.250000 0.250000 
 124
0.479817 0.005189 0.046210 
0.462778 0.989398 0.462022 
0.057405 0.005413 0.491768 
0.978000 0.007333 0.007333 0.007333 
0.250000 0.250000 0.250000 0.250000 
 125
0.479817 0.005189 0.046210 
0.462778 0.989398 0.462022 
0.057405 0.005413 0.491768 
0.007333 0.007333 0.978000 0.007333 
0.250000 0.250000 0.250000 0.250000 
 126
0.479817 0.005189 0.046210 
0.462778 0.989398 0.462022 
0.057405 0.005413 0.491768 
0.976913 0.008421 0.007333 0.007333 
0.250000 0.250000 0.250000 0.250000 
 127
0.479817 0.005189 0.046210 
0.462778 0.989398 0.462022 
0.057405 0.005413 0.491768 
0.007333 0.978000 0.007333 0.007333 
0.250000 0.250000 0.250000 0.250000 
 128
0.479817 0.005189 0.046210 
0.462778 0.989398 0.462022 
0.057405 0.005413 0.491768 
0.007333 0.007333 0.008298 0.977035 
0.250000 0.250000 0.250000 0.250000 
 129
0.479817 0.005189 0.046210 
0.462778 0.989398 0.462022 
0.057405 0.005413 0.491768 
0.973125 0.011093 0.008449 0.007333 
0.250000 0.250000 0.250000 0.250000 
 130
0.479817 0.005189 0.046210 
0.462778 0.989398 0.462022 
0.057405 0.005413 0.491768 
0.978000 0.007333 0.007333 0.007333 
0.250000 0.250000 0.250000 0.250000 
 131
0.479817 0.005189 0.046210 
0.462778 0.989398 0.462022 
0.057405 0.005413 0.491768 
0.007333 0.007333 0.978000 0.007333 
0.250000 0.250000 0.250000 0.250000 
 132
0.479817 0.005189 0.046210 
0.462778 0.989398 0.462022 
0.057405 0.005413 0.491768 
0.978000 0.007333 0.007333 0.007333 
0.250000 0.250000 0.250000 0.250000 
 133
0.479817 0.005189 0.046210 
0.462778 0.989398 0.462022 
0.057405 0.005413 0.491768 
0.008284 0.007333 0.977049 0.007333 
0.250000 0.250000 0.250000 0.250000 
 134
0.479817 0.005189 0.046210 
0.462778 0.989398 0.462022 
0.057405 0.005413 0.491768 
0.976594 0.008739 0.007333 0.007333 
0.250000 0.250000 0.250000 0.250000 
 135
0.479817 0.005189 0.046210 
0.462778 0.989398 0.462022 
0.057405 0.005413 0.491768 
0.007333 0.007333 0.978000 0.007333 
0.250000 0.250000 0.250000 0.250000 
 136
0.479817 0.005189 0.046210 
0.462778 0.989398 0.462022 
0.057405 0.005413 0.491768 
0.007344 0.007344 0.007344 0.977969 
0.250000 0.250000 0.250000 0.250000 
 137
0.479817 0.005189 0.046210 
0.462778 0.989398 0.462022 
0.057405 0.005413 0.491768 
0.007339 0.007339 0.977984 0.007339 
0.250000 0.250000 0.250000 0.250000 
 138
0.479817 0.005189 0.046210 
0.462778 0.989398 0.462022 
0.057405 0.005413 0.491768 
0.010866 0.007349 0.007349 0.974435 
0.250000 0.250000 0.250000 0.250000 
 139
0.479817 0.005189 0.046210 
0.462778 0.989398 0.462022 
0.057405 0.005413 0.491768 
0.008510 0.976803 0.007344 0.007344 
0.250000 0.250000 0.250000 0.250000 
 140
0.479817 0.005189 0.046210 
0.462778 0.989398 0.462022 
0.057405 0.005413 0.491768 
0.007339 0.007339 0.014990 0.970332 
0.250000 0.250000 0.250000 0.250000 
 141
0.479817 0.005189 0.046210 
0.462778 0.989398 0.462022 
0.057405 0.005413 0.491768 
0.007345 0.007345 0.057247 0.928063 
0.250000 0.250000 0.250000 0.250000 
 142
0.479817 0.005189 0.046210 
0.462778 0.989398 0.462022 
0.057405 0.005413 0.491768 
0.977966 0.007345 0.007345 0.007345 
0.250000 0.250000 0.250000 0.250000 
 143
0.479817 0.005189 0.046210 
0.462778 0.989398 0.462022 
0.057405 0.005413 0.491768 
0.977967 0.007344 0.007344 0.007344 
0.250000 0.250000 0.250000 0.250000 
 144
0.479817 0.005189 0.046210 
0.462778 0.989398 0.462022 
0.057405 0.005413 0.491768 
0.007339 0.007339 0.039551 0.945770 
0.250000 0.250000 0.250000 0.250000 
 145
0.479817 0.005189 0.046210 
0.462778 0.989398 0.462022 
0.057405 0.005413 0.491768 
0.007350 0.007350 0.977951 0.007350 
0.250000 0.250000 0.250000 0.250000 
 146
0.479817 0.005189 0.046210 
0.462778 0.989398 0.462022 
0.057405 0.005413 0.491768 
0.007350 0.007350 0.007350 0.977951 
0.250000 0.250000 0.250000 0.250000 
 147
0.479817 0.005189 0.046210 
0.462778 0.989398 0.462022 
0.057405 0.005413 0.491768 
0.007355 0.007355 0.013521 0.971770 
0.250000 0.250000 0.250000 0.250000 
 148
0.479817 0.005189 0.046210 
0.462778 0.989398 0.462022 
0.057405 0.005413 0.491768 
0.008360 0.007339 0.976963 0.007339 
0.250000 0.250000 0.250000 0.250000 
 149
0.479817 0.005189 0.046210 
0.462778 0.989398 0.462022 
0.057405 0.005413 0.491768 
0.007344 0.007344 0.007344 0.977969 
0.250000 0.250000 0.250000 0.250000 
 150
0.479817 0.005189 0.046210 
0.462778 0.989398 0.462022 
0.057405 0.005413 0.491768 
0.975513 0.009810 0.007339 0.007339 
0.250000 0.250000 0.250000 0.250000 
 151
0.479817 0.005189 0.046210 
0.462778 0.989398 0.462022 
0.057405 0.005413 0.491768 
0.007339 0.977984 0.007339 0.007339 
0.250000 0.250000 0.250000 0.250000 
 152
0.479817 0.005189 0.046210 
0.462778 0.989398 0.462022 
0.057405 0.005413 0.491768 
0.977985 0.007338 0.007338 0.007338 
0.250000 0.250000 0.250000 0.250000 
 153
0.479817 0.005189 0.046210 
0.462778 0.989398 0.462022 
0.057405 0.005413 0.491768 
0.976939 0.008395 0.007333 0.007333 
0.250000 0.250000 0.250000 0.250000 
 154
0.479817 0.005189 0.046210 
0.462778 0.989398 0.462022 
0.057405 0.005413 0.491768 
0.010571 0.974762 0.007333 0.007333 
0.250000 0.250000 0.250000 0.250000 
 155
0.479817 0.005189 0.046210 
0.462778 0.989398 0.462022 
0.057405 0.005413 0.491768 
0.973268 0.012066 0.007333 0.007333 
0.250000 0.250000 0.250000 0.250000 
 156
0.479817 0.005189 0.046210 
0.462778 0.989398 0.462022 
0.057405 0.005413 0.491768 
0.008413 0.007333 0.976921 0.007333 
0.250000 0.250000 0.250000 0.250000 
 157
0.479817 0.005189 0.046210 
0.462778 0.989398 0.462022 
0.057405 0.005413 0.491768 
0.976789 0.008545 0.007333 0.007333 
0.250000 0.250000 0.250000 0.250000 
 158
0.479817 0.005189 0.046210 
0.462778 0.989398 0.462022 
0.057405 0.005413 0.491768 
0.978000 0.007333 0.007333 0.007333 
0.250000 0.250000 0.250000 0.250000 
 159
0.479817 0.005189 0.046210 
0.462778 0.989398 0.462022 
0.057405 0.005413 0.491768 
0.047097 0.938236 0.007333 0.007333 
0.250000 0.250000 0.250000 0.250000 
 160
0.479817 0.005189 0.046210 
0.462778 0.989398 0.462022 
0.057405 0.005413 0.491768 
0.007333 0.007333 0.978000 0.007333 
0.250000 0.250000 0.250000 0.250000 
 161
0.479817 0.005189 0.046210 
0.462778 0.989398 0.462022 
0.057405 0.005413 0.491768 
0.978000 0.007333 0.007333 0.007333 
0.250000 0.250000 0.250000 0.250000 
 162
0.479817 0.005189 0.046210 
0.462778 0.989398 0.462022 
0.057405 0.005413 0.491768 
0.007333 0.007333 0.012149 0.973184 
0.250000 0.250000 0.250000 0.250000 
 163
0.479817 0.005189 0.046210 
0.462778 0.989398 0.462022 
0.057405 0.005413 0.491768 
0.963982 0.021352 0.007333 0.007333 
0.250000 0.250000 0.250000 0.250000 
 164
0.479817 0.005189 0.046210 
0.462778 0.989398 0.462022 
0.057405 0.005413 0.491768 
0.975310 0.008869 0.008488 0.007333 
0.250000 0.250000 0.250000 0.250000 
 165
0.479817 0.005189 0.046210 
0.462778 0.989398 0.462022 
0.057405 0.005413 0.491768 
0.007333 0.007333 0.964440 0.020894 
0.250000 0.250000 0.250000 0.250000 
 166
0.479817 0.005189 0.046210 
0.462778 0.989398 0.462022 
0.057405 0.005413 0.491768 
0.007333 0.978000 0.007333 0.007333 
0.250000 0.250000 0.250000 0.250000 
 167
0.479817 0.005189 0.046210 
0.462778 0.989398 0.462022 
0.057405 0.005413 0.491768 
0.011285 0.973172 0.007333 0.008210 
0.250000 0.250000 0.250000 0.250000 
 168
0.479817 0.005189 0.046210 
0.462778 0.989398 0.462022 
0.057405 0.005413 0.491768 
0.050013 0.934351 0.007333 0.008302 
0.250000 0.250000 0.250000 0.250000 
 169
0.479817 0.005189 0.046210 
0.462778 0.989398 0.462022 
0.057405 0.005413 0.491768 
0.978000 0.007333 0.007333 0.007333 
0.250000 0.250000 0.250000 0.250000 
 170
0.479817 0.005189 0.046210 
0.462778 0.989398 0.462022 
0.057405 0.005413 0.491768 
0.978000 0.007333 0.007333 0.007333 
0.250000 0.250000 0.250000 0.250000 
 171
0.479817 0.005189 0.046210 
0.462778 0.989398 0.462022 
0.057405 0.005413 0.491768 
0.977080 0.008253 0.007333 0.007333 
0.250000 0.250000 0.250000 0.250000 
 172
0.479817 0.005189 0.046210 
0.462778 0.989398 0.462022 
0.057405 0.005413 0.491768 
0.009185 0.007333 0.973976 0.009506 
0.250000 0.250000 0.250000 0.250000 
 173
0.479817 0.005189 0.046210 
0.462778 0.989398 0.462022 
0.057405 0.005413 0.491768 
0.007333 0.007333 0.007333 0.978000 
0.250000 0.250000 0.250000 0.250000 
 174
0.479817 0.005189 0.046210 
0.462778 0.989398 0.462022 
0.057405 0.005413 0.491768 
0.973594 0.011740 0.007333 0.007333 
0.250000 0.250000 0.250000 0.250000 
 175
0.479817 0.005189 0.046210 
0.462778 0.989398 0.462022 
0.057405 0.005413 0.491768 
0.007333 0.007333 0.007333 0.978000 
0.250000 0.250000 0.250000 0.250000 
 176
0.479817 0.005189 0.046210 
0.462778 0.989398 0.462022 
0.057405 0.005413 0.491768 
0.007333 0.978000 0.007333 0.007333 
0.250000 0.250000 0.250000 0.250000 
 177
0.479817 0.005189 0.046210 
0.462778 0.989398 0.462022 
0.057405 0.005413 0.491768 
0.007333 0.007333 0.978000 0.007333 
0.250000 0.250000 0.250000 0.250000 
 178
0.479817 0.005189 0.046210 
0.462778 0.989398 0.462022 
0.057405 0.005413 0.491768 
0.978000 0.007333 0.007333 0.007333 
0.250000 0.250000 0.250000 0.250000 
 179
0.479817 0.005189 0.046210 
0.462778 0.989398 0.462022 
0.057405 0.005413 0.491768 
0.978000 0.007333 0.007333 0.007333 
0.250000 0.250000 0.250000 0.250000 
 180
0.479817 0.005189 0.046210 
0.462778 0.989398 0.462022 
0.057405 0.005413 0.491768 
0.975913 0.009420 0.007333 0.007333 
0.250000 0.250000 0.250000 0.250000 
 181
0.479817 0.005189 0.046210 
0.462778 0.989398 0.462022 
0.057405 0.005413 0.491768 
0.007333 0.007333 0.975794 0.009540 
0.250000 0.250000 0.250000 0.250000 
 182
0.479817 0.005189 0.046210 
0.462778 0.989398 0.462022 
0.057405 0.005413 0.491768 
0.007333 0.007333 0.007333 0.978000 
0.250000 0.250000 0.250000 0.250000 
 183
0.479817 0.005189 0.046210 
0.462778 0.989398 0.462022 
0.057405 0.005413 0.491768 
0.967337 0.017997 0.007333 0.007333 
0.250000 0.250000 0.250000 0.250000 
 184
0.479817 0.005189 0.046210 
0.462778 0.989398 0.462022 
0.057405 0.005413 0.491768 
0.974945 0.010388 0.007333 0.007333 
0.250000 0.250000 0.250000 0.250000 
 185
0.479817 0.005189 0.046210 
0.462778 0.989398 0.462022 
0.057405 0.005413 0.491768 
0.008196 0.975706 0.007333 0.008765 
0.250000 0.250000 0.250000 0.250000 
 186
0.479817 0.005189 0.046210 
0.462778 0.989398 0.462022 
0.057405 0.005413 0.491768 
0.978000 0.007333 0.007333 0.007333 
0.250000 0.250000 0.250000 0.250000 
 187
0.479817 0.005189 0.046210 
0.462778 0.989398 0.462022 
0.057405 0.005413 0.491768 
0.007344 0.977968 0.007344 0.007344 
0.250000 0.250000 0.250000 0.250000 
 188
0.479817 0.005189 0.046210 
0.462778 0.989398 0.462022 
0.057405 0.005413 0.491768 
0.008881 0.976431 0.007344 0.007344 
0.250000 0.250000 0.250000 0.250000 
 189
0.479817 0.005189 0.046210 
0.462778 0.989398 0.462022 
0.057405 0.005413 0.491768 
0.029921 0.955391 0.007344 0.007344 
0.250000 0.250000 0.250000 0.250000 
 190
0.479817 0.005189 0.046210 
0.462778 0.989398 0.462022 
0.057405 0.005413 0.491768 
0.009969 0.975343 0.007344 0.007344 
0.250000 0.250000 0.250000 0.250000 
 191
0.479817 0.005189 0.046210 
0.462778 0.989398 0.462022 
0.057405 0.005413 0.491768 
0.007344 0.007344 0.008582 0.976730 
0.250000 0.250000 0.250000 0.250000 
 192
0.479817 0.005189 0.046210 
0.462778 0.989398 0.462022 
0.057405 0.005413 0.491768 
0.975122 0.010170 0.007354 0.007354 
0.250000 0.250000 0.250000 0.250000 
 193
0.479817 0.005189 0.046210 
0.462778 0.989398 0.462022 
0.057405 0.005413 0.491768 
0.008769 0.972845 0.007344 0.011042 
0.250000 0.250000 0.250000 0.250000 
 194
0.479817 0.005189 0.046210 
0.462778 0.989398 0.462022 
0.057405 0.005413 0.491768 
0.007333 0.007333 0.976831 0.008502 
0.250000 0.250000 0.250000 0.250000 
 195
0.479817 0.005189 0.046210 
0.462778 0.989398 0.462022 
0.057405 0.005413 0.491768 
0.007333 0.007333 0.975686 0.009647 
0.250000 0.250000 0.250000 0.250000 
 196
0.479817 0.005189 0.046210 
0.462778 0.989398 0.462022 
0.057405 0.005413 0.491768 
0.007333 0.007333 0.977083 0.008250 
0.250000 0.250000 0.250000 0.250000 
 197
0.479817 0.005189 0.046210 
0.462778 0.989398 0.462022 
0.057405 0.005413 0.491768 
0.007333 0.007333 0.978000 0.007333 
0.250000 0.250000 0.250000 0.250000 
 198
0.479817 0.005189 0.046210 
0.462778 0.989398 0.462022 
0.057405 0.005413 0.491768 
0.976105 0.009228 0.007333 0.007333 
0.250000 0.250000 0.250000 0.250000 
 199
0.479817 0.005189 0.046210 
0.462778 0.989398 0.462022 
0.057405 0.005413 0.491768 
0.007333 0.008158 0.009606 0.974902 
0.250000 0.250000 0.250000 0.250000 
 200
0.479817 0.005189 0.046210 
0.462778 0.989398 0.462022 
0.057405 0.005413 0.491768 
0.007333 0.007333 0.007333 0.978000 
0.250000 0.250000 0.250000 0.250000 
 201
0.479817 0.005189 0.046210 
0.462778 0.989398 0.462022 
0.057405 0.005413 0.491768 
0.061276 0.924057 0.007333 0.007333 
0.250000 0.250000 0.250000 0.250000 
 202
0.479817 0.005189 0.046210 
0.462778 0.989398 0.462022 
0.057405 0.005413 0.491768 
0.007333 0.007333 0.976691 0.008643 
0.250000 0.250000 0.250000 0.250000 
 203
0.479817 0.005189 0.046210 
0.462778 0.989398 0.462022 
0.057405 0.005413 0.491768 
0.978000 0.007333 0.007333 0.007333 
0.250000 0.250000 0.250000 0.250000 
 204
0.479817 0.005189 0.046210 
0.462778 0.989398 0.462022 
0.057405 0.005413 0.491768 
0.007333 0.008982 0.007333 0.976352 
0.250000 0.250000 0.250000 0.250000 
 205
0.479817 0.005189 0.046210 
0.462778 0.989398 0.462022 
0.057405 0.005413 0.491768 
0.007333 0.007333 0.038761 0.946572 
0.250000 0.250000 0.250000 0.250000 
 206
0.479817 0.005189 0.046210 
0.462778 0.989398 0.462022 
0.057405 0.005413 0.491768 
0.007333 0.007333 0.007333 0.978000 
0.250000 0.250000 0.250000 0.250000 
 207
0.479817 0.005189 0.046210 
0.462778 0.989398 0.462022 
0.057405 0.005413 0.491768 
0.008261 0.977072 0.007333 0.007333 
0.250000 0.250000 0.250000 0.250000 
 208
0.479817 0.005189 0.046210 
0.462778 0.989398 0.462022 
0.057405 0.005413 0.491768 
0.007333 0.978000 0.007333 0.007333 
0.250000 0.250000 0.250000 0.250000 
 209
0.479817 0.005189 0.046210 
0.462778 0.989398 0.462022 
0.057405 0.005413 0.491768 
0.007333 0.978000 0.007333 0.007333 
0.250000 0.250000 0.250000 0.250000 
 210
0.479817 0.005189 0.046210 
0.462778 0.989398 0.462022 
0.057405 0.005413 0.491768 
0.032000 0.007333 0.013884 0.946782 
0.250000 0.250000 0.250000 0.250000 
 211
0.479817 0.005189 0.046210 
0.462778 0.989398 0.462022 
0.057405 0.005413 0.491768 
0.978000 0.007333 0.007333 0.007333 
0.250000 0.250000 0.250000 0.250000 
 212
0.479817 0.005189 0.046210 
0.462778 0.989398 0.462022 
0.057405 0.005413 0.491768 
0.967329 0.018004 0.007333 0.007333 
0.250000 0.250000 0.250000 0.250000 
 213
0.479817 0.005189 0.046210 
0.462778 0.989398 0.462022 
0.057405 0.005413 0.491768 
0.978000 0.007333 0.007333 0.007333 
0.250000 0.250000 0.250000 0.250000 
 214
0.479817 0.005189 0.046210 
0.462778 0.989398 0.462022 
0.057405 0.005413 0.491768 
0.007333 0.007333 0.007333 0.978000 
0.250000 0.250000 0.250000 0.250000 
 215
0.479817 0.005189 0.046210 
0.462778 0.989398 0.462022 
0.057405 0.005413 0.491768 
0.007333 0.978000 0.007333 0.007333 
0.250000 0.250000 0.250000 0.250000 
 216
0.479817 0.005189 0.046210 
0.462778 0.989398 0.462022 
0.057405 0.005413 0.491768 
0.007333 0.007333 0.011424 0.973909 
0.250000 0.250000 0.250000 0.250000 
 217
0.479817 0.005189 0.046210 
0.462778 0.989398 0.462022 
0.057405 0.005413 0.491768 
0.977076 0.008258 0.007333 0.007333 
0.250000 0.250000 0.250000 0.250000 
 218
0.479817 0.005189 0.046210 
0.462778 0.989398 0.462022 
0.057405 0.005413 0.491768 
0.976883 0.008450 0.007333 0.007333 
0.250000 0.250000 0.250000 0.250000 
 219
0.479817 0.005189 0.046210 
0.462778 0.989398 0.462022 
0.057405 0.005413 0.491768 
0.007333 0.007333 0.976577 0.008756 
0.250000 0.250000 0.250000 0.250000 
 220
0.479817 0.005189 0.046210 
0.462778 0.989398 0.462022 
0.057405 0.005413 0.491768 
0.978000 0.007333 0.007333 0.007333 
0.250000 0.250000 0.250000 0.250000 
 221
0.479817 0.005189 0.046210 
0.462778 0.989398 0.462022 
0.057405 0.005413 0.491768 
0.007333 0.007333 0.008758 0.976576 
0.250000 0.250000 0.250000 0.250000 
 222
0.479817 0.005189 0.046210 
0.462778 0.989398 0.462022 
0.057405 0.005413 0.491768 
0.008711 0.007333 0.007333 0.976622 
0.250000 0.250000 0.250000 0.250000 
 223
0.479817 0.005189 0.046210 
0.462778 0.989398 0.462022 
0.057405 0.005413 0.491768 
0.007333 0.978000 0.007333 0.007333 
0.250000 0.250000 0.250000 0.250000 
 224
0.479817 0.005189 0.046210 
0.462778 0.989398 0.462022 
0.057405 0.005413 0.491768 
0.007333 0.007333 0.978000 0.007333 
0.250000 0.250000 0.250000 0.250000 
 225
0.479817 0.005189 0.046210 
0.462778 0.989398 0.462022 
0.057405 0.005413 0.491768 
0.007333 0.011800 0.008313 0.972553 
0.250000 0.250000 0.250000 0.250000 
 226
0.479817 0.005189 0.046210 
0.462778 0.989398 0.462022 
0.057405 0.005413 0.491768 
0.007333 0.978000 0.007333 0.007333 
0.250000 0.250000 0.250000 0.250000 
 227
0.479817 0.005189 0.046210 
0.462778 0.989398 0.462022 
0.057405 0.005413 0.491768 
0.007333 0.978000 0.007333 0.007333 
0.250000 0.250000 0.250000 0.250000 
 228
0.479817 0.005189 0.046210 
0.462778 0.989398 0.462022 
0.057405 0.005413 0.491768 
0.008171 0.007333 0.975504 0.008992 
0.250000 0.250000 0.250000 0.250000 
 229
0.479817 0.005189 0.046210 
0.462778 0.989398 0.462022 
0.057405 0.005413 0.491768 
0.007333 0.007333 0.007333 0.978000 
0.250000 0.250000 0.250000 0.250000 
 230
0.479817 0.005189 0.046210 
0.462778 0.989398 0.462022 
0.057405 0.005413 0.491768 
0.007333 0.978000 0.007333 0.007333 
0.250000 0.250000 0.250000 0.250000 
 231
0.479817 0.005189 0.046210 
0.462778 0.989398 0.462022 
0.057405 0.005413 0.491768 
0.007333 0.978000 0.007333 0.007333 
0.250000 0.250000 0.250000 0.250000 
 232
0.479817 0.005189 0.046210 
0.462778 0.989398 0.462022 
0.057405 0.005413 0.491768 
0.974491 0.010842 0.007333 0.007333 
0.250000 0.250000 0.250000 0.250000 
 233
0.479817 0.005189 0.046210 
0.462778 0.989398 0.462022 
0.057405 0.005413 0.491768 
0.007333 0.007333 0.007333 0.978000 
0.250000 0.250000 0.250000 0.250000 
 234
0.479817 0.005189 0.046210 
