%  SAM: /scicomp/home/yfa9/CDC_projects/Mol_genetic_analysis/Nomenclature/H1_Nomenclature/All_plus_Ref_v5/v_2/label/LABEL_RES/scripts/modelfromalign_Linux v3.5 (July 15, 2005) compiled 12/08/06_16:15:55
%  (c) 1992-2001 Regents of the University of California, Santa Cruz
%
%          Sequence Alignment and Modeling Software System
%         http://www.cse.ucsc.edu/research/compbio/sam.html
%
% ----------------- Citations (SAM, SAM-T2K, HMMs) --------------------
% R. Hughey, A. Krogh, Hidden Markov models for sequence analysis:
%  Extension and analysis of the basic method, CABIOS 12:95-107, 1996.
% K. Karplus, et al., What is the value added by human intervention in protein
%  structure prediction, Proteins: Stucture, Function, Genetics 45(S5):86--91, 2001.
% A. Krogh et al., Hidden Markov models in computational biology:
%  Applications to protein modeling, JMB 235:1501-1531, Feb 1994.
% ---------------------------------------------------------------------
%  c-1-8-Old_hmm   Host: node8.aspen.biotech.cdc.gov    Tue Jun 28 08:16:53 2016
%  yfa9            Dir:  /scicomp/home/yfa9/CDC_projects/Mol_genetic_analysis/Nomenclature/H1_Nomenclature/All_plus_Ref_v5/v_2/Step4/From_Clustering_v2/H1Pdm009_v1/c-8-7-6-5-Old
% ---------------------------------------------------------------------
%  Alignment weights from internal calc.  Total (81.41) Max (0.25) Min (0.01)
%  Weights from alignment method 1 (karplus), b=-1.000000, e=0.500000
MODEL --  Model from alignment file /scicomp/home/yfa9/CDC_projects/Mol_genetic_analysis/Nomenclature/H1_Nomenclature/All_plus_Ref_v5/v_2/label/LABEL_RES/training_data/H1v2016_1/c-8-7-6-5-Old/c-1-8-Old.fasta
alphabet DNA
FREQAVE
0.000000 0.000000 0.000000 
0.000000 0.000000 0.000000 
0.000000 0.000000 0.000000 
0.352311 0.222888 0.184956 0.239845 
0.352311 0.222888 0.184956 0.239845 
Begin
0.000000 0.000000 0.000000 
0.000000 0.000000 0.000000 
0.000000 0.002729 0.491768 
0.250000 0.250000 0.250000 0.250000 
0.250000 0.250000 0.250000 0.250000 
   1
0.000000 0.002692 0.046210 
0.000000 0.994578 0.462022 
0.057297 0.002729 0.491768 
0.990899 0.003034 0.003034 0.003034 
0.250000 0.250000 0.250000 0.250000 
   2
0.480800 0.002616 0.046210 
0.461903 0.994654 0.462022 
0.057297 0.002729 0.491768 
0.003034 0.003034 0.003034 0.990899 
0.250000 0.250000 0.250000 0.250000 
   3
0.478911 0.002616 0.046210 
0.463793 0.994654 0.462022 
0.057405 0.002729 0.491768 
0.003034 0.990899 0.003034 0.003034 
0.250000 0.250000 0.250000 0.250000 
   4
0.479817 0.002616 0.046210 
0.462778 0.994655 0.462022 
0.057405 0.002729 0.491768 
0.962249 0.031683 0.003034 0.003034 
0.250000 0.250000 0.250000 0.250000 
   5
0.479817 0.002616 0.046210 
0.462778 0.994655 0.462022 
0.057405 0.002729 0.491768 
0.990486 0.003447 0.003034 0.003034 
0.250000 0.250000 0.250000 0.250000 
   6
0.479817 0.002616 0.046210 
0.462778 0.994655 0.462022 
0.057405 0.002729 0.491768 
0.010775 0.982124 0.003034 0.004068 
0.250000 0.250000 0.250000 0.250000 
   7
0.479817 0.002616 0.046210 
0.462778 0.994655 0.462022 
0.057405 0.002729 0.491768 
0.009141 0.984792 0.003034 0.003034 
0.250000 0.250000 0.250000 0.250000 
   8
0.479817 0.002616 0.046210 
0.462778 0.994655 0.462022 
0.057405 0.002729 0.491768 
0.003752 0.006637 0.985210 0.004400 
0.250000 0.250000 0.250000 0.250000 
   9
0.479817 0.002616 0.046210 
0.462778 0.994655 0.462022 
0.057405 0.002729 0.491768 
0.985695 0.003910 0.006639 0.003757 
0.250000 0.250000 0.250000 0.250000 
  10
0.479817 0.002616 0.046210 
0.462778 0.994655 0.462022 
0.057405 0.002729 0.491768 
0.988799 0.005133 0.003034 0.003034 
0.250000 0.250000 0.250000 0.250000 
  11
0.479817 0.002616 0.046210 
0.462778 0.994655 0.462022 
0.057405 0.002729 0.491768 
0.003860 0.003421 0.009493 0.983226 
0.250000 0.250000 0.250000 0.250000 
  12
0.479817 0.002616 0.046210 
0.462778 0.994655 0.462022 
0.057405 0.002729 0.491768 
0.989595 0.004048 0.003034 0.003324 
0.250000 0.250000 0.250000 0.250000 
  13
0.479817 0.002616 0.046210 
0.462778 0.994655 0.462022 
0.057405 0.002729 0.491768 
0.004785 0.003034 0.986267 0.005914 
0.250000 0.250000 0.250000 0.250000 
  14
0.479817 0.002616 0.046210 
0.462778 0.994655 0.462022 
0.057405 0.002729 0.491768 
0.003034 0.003674 0.003839 0.989453 
0.250000 0.250000 0.250000 0.250000 
  15
0.479817 0.002616 0.046210 
0.462778 0.994655 0.462022 
0.057405 0.002729 0.491768 
0.989297 0.004219 0.003450 0.003034 
0.250000 0.250000 0.250000 0.250000 
  16
0.479817 0.002616 0.046210 
0.462778 0.994655 0.462022 
0.057405 0.002729 0.491768 
0.010910 0.980462 0.003269 0.005359 
0.250000 0.250000 0.250000 0.250000 
  17
0.479817 0.002616 0.046210 
0.462778 0.994655 0.462022 
0.057405 0.002729 0.491768 
0.003034 0.003944 0.008659 0.984363 
0.250000 0.250000 0.250000 0.250000 
  18
0.479817 0.002616 0.046210 
0.462778 0.994655 0.462022 
0.057405 0.002729 0.491768 
0.985529 0.007869 0.003034 0.003569 
0.250000 0.250000 0.250000 0.250000 
  19
0.479817 0.002616 0.046210 
0.462778 0.994655 0.462022 
0.057405 0.002729 0.491768 
0.007485 0.984557 0.003034 0.004925 
0.250000 0.250000 0.250000 0.250000 
  20
0.479817 0.002616 0.046210 
0.462778 0.994655 0.462022 
0.057405 0.002729 0.491768 
0.003034 0.003695 0.004204 0.989068 
0.250000 0.250000 0.250000 0.250000 
  21
0.479817 0.002616 0.046210 
0.462778 0.994655 0.462022 
0.057405 0.002729 0.491768 
0.003332 0.003034 0.005527 0.988108 
0.250000 0.250000 0.250000 0.250000 
  22
0.479817 0.002616 0.046210 
0.462778 0.994655 0.462022 
0.057405 0.002729 0.491768 
0.011306 0.003039 0.979902 0.005754 
0.250000 0.250000 0.250000 0.250000 
  23
0.479817 0.002616 0.046210 
0.462778 0.994655 0.462022 
0.057405 0.002729 0.491768 
0.003035 0.003035 0.003035 0.990896 
0.250000 0.250000 0.250000 0.250000 
  24
0.479817 0.002616 0.046210 
0.462778 0.994655 0.462022 
0.057405 0.002729 0.491768 
0.004790 0.988514 0.003034 0.003662 
0.250000 0.250000 0.250000 0.250000 
  25
0.479817 0.002616 0.046210 
0.462778 0.994655 0.462022 
0.057405 0.002729 0.491768 
0.004400 0.003034 0.987577 0.004989 
0.250000 0.250000 0.250000 0.250000 
  26
0.479817 0.002616 0.046210 
0.462778 0.994655 0.462022 
0.057405 0.002729 0.491768 
0.003034 0.003034 0.003034 0.990899 
0.250000 0.250000 0.250000 0.250000 
  27
0.479817 0.002616 0.046210 
0.462778 0.994655 0.462022 
0.057405 0.002729 0.491768 
0.988192 0.005455 0.003319 0.003034 
0.250000 0.250000 0.250000 0.250000 
  28
0.479817 0.002616 0.046210 
0.462778 0.994655 0.462022 
0.057405 0.002729 0.491768 
0.003034 0.003034 0.006343 0.987590 
0.250000 0.250000 0.250000 0.250000 
  29
0.479817 0.002616 0.046210 
0.462778 0.994655 0.462022 
0.057405 0.002729 0.491768 
0.989207 0.004439 0.003034 0.003320 
0.250000 0.250000 0.250000 0.250000 
  30
0.479817 0.002616 0.046210 
0.462778 0.994655 0.462022 
0.057405 0.002729 0.491768 
0.003034 0.003034 0.020591 0.973342 
0.250000 0.250000 0.250000 0.250000 
  31
0.479817 0.002616 0.046210 
0.462778 0.994655 0.462022 
0.057405 0.002729 0.491768 
0.989514 0.004419 0.003034 0.003034 
0.250000 0.250000 0.250000 0.250000 
  32
0.479817 0.002616 0.046210 
0.462778 0.994655 0.462022 
0.057405 0.002729 0.491768 
0.003667 0.003034 0.988208 0.005091 
0.250000 0.250000 0.250000 0.250000 
  33
0.479817 0.002616 0.046210 
0.462778 0.994655 0.462022 
0.057405 0.002729 0.491768 
0.989659 0.003789 0.003034 0.003518 
0.250000 0.250000 0.250000 0.250000 
  34
0.479817 0.002616 0.046210 
0.462778 0.994655 0.462022 
0.057405 0.002729 0.491768 
0.005127 0.003520 0.006047 0.985305 
0.250000 0.250000 0.250000 0.250000 
  35
0.479817 0.002616 0.046210 
0.462778 0.994655 0.462022 
0.057405 0.002729 0.491768 
0.004764 0.003263 0.003260 0.988713 
0.250000 0.250000 0.250000 0.250000 
  36
0.479817 0.002616 0.046210 
0.462778 0.994655 0.462022 
0.057405 0.002729 0.491768 
0.004997 0.003034 0.006657 0.985312 
0.250000 0.250000 0.250000 0.250000 
  37
0.479817 0.002616 0.046210 
0.462778 0.994655 0.462022 
0.057405 0.002729 0.491768 
0.015908 0.977558 0.003034 0.003500 
0.250000 0.250000 0.250000 0.250000 
  38
0.479817 0.002616 0.046210 
0.462778 0.994655 0.462022 
0.057405 0.002729 0.491768 
0.003750 0.004889 0.986761 0.004600 
0.250000 0.250000 0.250000 0.250000 
  39
0.479817 0.002616 0.046210 
0.462778 0.994655 0.462022 
0.057405 0.002729 0.491768 
0.980167 0.012976 0.003295 0.003562 
0.250000 0.250000 0.250000 0.250000 
  40
0.479817 0.002616 0.046210 
0.462778 0.994655 0.462022 
0.057405 0.002729 0.491768 
0.981161 0.011349 0.003034 0.004456 
0.250000 0.250000 0.250000 0.250000 
  41
0.479817 0.002616 0.046210 
0.462778 0.994655 0.462022 
0.057405 0.002729 0.491768 
0.004083 0.003034 0.980665 0.012218 
0.250000 0.250000 0.250000 0.250000 
  42
0.479817 0.002616 0.046210 
0.462778 0.994655 0.462022 
0.057405 0.002729 0.491768 
0.006250 0.003256 0.977635 0.012859 
0.250000 0.250000 0.250000 0.250000 
  43
0.479817 0.002616 0.046210 
0.462778 0.994655 0.462022 
0.057405 0.002729 0.491768 
0.017233 0.975654 0.003034 0.004079 
0.250000 0.250000 0.250000 0.250000 
  44
0.479817 0.002616 0.046210 
0.462778 0.994655 0.462022 
0.057405 0.002729 0.491768 
0.003034 0.003034 0.986995 0.006938 
0.250000 0.250000 0.250000 0.250000 
  45
0.479817 0.002616 0.046210 
0.462778 0.994655 0.462022 
0.057405 0.002729 0.491768 
0.985823 0.007135 0.003034 0.004008 
0.250000 0.250000 0.250000 0.250000 
  46
0.479817 0.002616 0.046210 
0.462778 0.994655 0.462022 
0.057405 0.002729 0.491768 
0.985371 0.008083 0.003285 0.003261 
0.250000 0.250000 0.250000 0.250000 
  47
0.479817 0.002616 0.046210 
0.462778 0.994655 0.462022 
0.057405 0.002729 0.491768 
0.982994 0.010666 0.003306 0.003034 
0.250000 0.250000 0.250000 0.250000 
  48
0.479817 0.002616 0.046210 
0.462778 0.994655 0.462022 
0.057405 0.002729 0.491768 
0.007591 0.008548 0.005727 0.978133 
0.250000 0.250000 0.250000 0.250000 
  49
0.479817 0.002616 0.046210 
0.462778 0.994655 0.462022 
0.057405 0.002729 0.491768 
0.004888 0.986975 0.003254 0.004883 
0.250000 0.250000 0.250000 0.250000 
  50
0.479817 0.002616 0.046210 
0.462778 0.994655 0.462022 
0.057405 0.002729 0.491768 
0.003034 0.003034 0.990372 0.003561 
0.250000 0.250000 0.250000 0.250000 
  51
0.479817 0.002616 0.046210 
0.462778 0.994655 0.462022 
0.057405 0.002729 0.491768 
0.987514 0.004412 0.004820 0.003254 
0.250000 0.250000 0.250000 0.250000 
  52
0.479817 0.002616 0.046210 
0.462778 0.994655 0.462022 
0.057405 0.002729 0.491768 
0.003326 0.990111 0.003034 0.003530 
0.250000 0.250000 0.250000 0.250000 
  53
0.479817 0.002616 0.046210 
0.462778 0.994655 0.462022 
0.057405 0.002729 0.491768 
0.990269 0.003369 0.003328 0.003034 
0.250000 0.250000 0.250000 0.250000 
  54
0.479817 0.002616 0.046210 
0.462778 0.994655 0.462022 
0.057405 0.002729 0.491768 
0.003034 0.003427 0.990221 0.003318 
0.250000 0.250000 0.250000 0.250000 
  55
0.479817 0.002616 0.046210 
0.462778 0.994655 0.462022 
0.057405 0.002729 0.491768 
0.990899 0.003034 0.003034 0.003034 
0.250000 0.250000 0.250000 0.250000 
  56
0.479817 0.002616 0.046210 
0.462778 0.994655 0.462022 
0.057405 0.002729 0.491768 
0.003914 0.003034 0.988022 0.005030 
0.250000 0.250000 0.250000 0.250000 
  57
0.479817 0.002616 0.046210 
0.462778 0.994655 0.462022 
0.057405 0.002729 0.491768 
0.987801 0.003920 0.003593 0.004685 
0.250000 0.250000 0.250000 0.250000 
  58
0.479817 0.002616 0.046210 
0.462778 0.994655 0.462022 
0.057405 0.002729 0.491768 
0.004080 0.003034 0.007157 0.985730 
0.250000 0.250000 0.250000 0.250000 
  59
0.479817 0.002616 0.046210 
0.462778 0.994655 0.462022 
0.057405 0.002729 0.491768 
0.003034 0.003034 0.003034 0.990899 
0.250000 0.250000 0.250000 0.250000 
  60
0.479817 0.002616 0.046210 
0.462778 0.994655 0.462022 
0.057405 0.002729 0.491768 
0.986450 0.007483 0.003034 0.003034 
0.250000 0.250000 0.250000 0.250000 
  61
0.479817 0.002616 0.046210 
0.462778 0.994655 0.462022 
0.057405 0.002729 0.491768 
0.003485 0.003034 0.003664 0.989818 
0.250000 0.250000 0.250000 0.250000 
  62
0.479817 0.002616 0.046210 
0.462778 0.994655 0.462022 
0.057405 0.002729 0.491768 
0.003034 0.990899 0.003034 0.003034 
0.250000 0.250000 0.250000 0.250000 
  63
0.479817 0.002616 0.046210 
0.462778 0.994655 0.462022 
0.057405 0.002729 0.491768 
0.003034 0.003640 0.007271 0.986055 
0.250000 0.250000 0.250000 0.250000 
  64
0.479817 0.002616 0.046210 
0.462778 0.994655 0.462022 
0.057405 0.002729 0.491768 
0.986895 0.005975 0.004097 0.003034 
0.250000 0.250000 0.250000 0.250000 
  65
0.479817 0.002616 0.046210 
0.462778 0.994655 0.462022 
0.057405 0.002729 0.491768 
0.003034 0.004097 0.003336 0.989533 
0.250000 0.250000 0.250000 0.250000 
  66
0.479817 0.002616 0.046210 
0.462778 0.994655 0.462022 
0.057405 0.002729 0.491768 
0.989081 0.003555 0.003266 0.004097 
0.250000 0.250000 0.250000 0.250000 
  67
0.479817 0.002616 0.046210 
0.462778 0.994655 0.462022 
0.057405 0.002729 0.491768 
0.003034 0.990898 0.003034 0.003034 
0.250000 0.250000 0.250000 0.250000 
  68
0.479817 0.002616 0.046210 
0.462778 0.994655 0.462022 
0.057405 0.002729 0.491768 
0.003034 0.990899 0.003034 0.003034 
0.250000 0.250000 0.250000 0.250000 
  69
0.479817 0.002616 0.046210 
0.462778 0.994655 0.462022 
0.057405 0.002729 0.491768 
0.003034 0.003984 0.004610 0.988373 
0.250000 0.250000 0.250000 0.250000 
  70
0.479817 0.002616 0.046210 
0.462778 0.994655 0.462022 
0.057405 0.002729 0.491768 
0.003036 0.003036 0.004088 0.989840 
0.250000 0.250000 0.250000 0.250000 
  71
0.479817 0.002616 0.046210 
0.462778 0.994655 0.462022 
0.057405 0.002729 0.491768 
0.989237 0.004097 0.003034 0.003633 
0.250000 0.250000 0.250000 0.250000 
  72
0.479817 0.002616 0.046210 
0.462778 0.994655 0.462022 
0.057405 0.002729 0.491768 
0.003034 0.004097 0.005686 0.987184 
0.250000 0.250000 0.250000 0.250000 
  73
0.479817 0.002616 0.046210 
0.462778 0.994655 0.462022 
0.057405 0.002729 0.491768 
0.003034 0.003034 0.990001 0.003932 
0.250000 0.250000 0.250000 0.250000 
  74
0.479817 0.002616 0.046210 
0.462778 0.994655 0.462022 
0.057405 0.002729 0.491768 
0.989730 0.003304 0.003932 0.003034 
0.250000 0.250000 0.250000 0.250000 
  75
0.479817 0.002616 0.046210 
0.462778 0.994655 0.462022 
0.057405 0.002729 0.491768 
0.003310 0.003034 0.003971 0.989685 
0.250000 0.250000 0.250000 0.250000 
  76
0.479817 0.002616 0.046210 
0.462778 0.994655 0.462022 
0.057405 0.002729 0.491768 
0.003813 0.990120 0.003034 0.003034 
0.250000 0.250000 0.250000 0.250000 
  77
0.479817 0.002616 0.046210 
0.462778 0.994655 0.462022 
0.057405 0.002729 0.491768 
0.003034 0.005402 0.987547 0.004018 
0.250000 0.250000 0.250000 0.250000 
  78
0.479817 0.002616 0.046210 
0.462778 0.994655 0.462022 
0.057405 0.002729 0.491768 
0.014370 0.976237 0.003034 0.006359 
0.250000 0.250000 0.250000 0.250000 
  79
0.479817 0.002616 0.046210 
0.462778 0.994655 0.462022 
0.057405 0.002729 0.491768 
0.990229 0.003704 0.003034 0.003034 
0.250000 0.250000 0.250000 0.250000 
  80
0.479817 0.002616 0.046210 
0.462778 0.994655 0.462022 
0.057405 0.002729 0.491768 
0.988625 0.003512 0.004829 0.003034 
0.250000 0.250000 0.250000 0.250000 
  81
0.479817 0.002616 0.046210 
0.462778 0.994655 0.462022 
0.057405 0.002729 0.491768 
0.003034 0.003034 0.990074 0.003858 
0.250000 0.250000 0.250000 0.250000 
  82
0.479817 0.002616 0.046210 
0.462778 0.994655 0.462022 
0.057405 0.002729 0.491768 
0.988448 0.005182 0.003034 0.003336 
0.250000 0.250000 0.250000 0.250000 
  83
0.479817 0.002616 0.046210 
0.462778 0.994655 0.462022 
0.057405 0.002729 0.491768 
0.990899 0.003034 0.003034 0.003034 
0.250000 0.250000 0.250000 0.250000 
  84
0.479817 0.002616 0.046210 
0.462778 0.994655 0.462022 
0.057405 0.002729 0.491768 
0.003034 0.003034 0.005613 0.988320 
0.250000 0.250000 0.250000 0.250000 
  85
0.479817 0.002616 0.046210 
0.462778 0.994655 0.462022 
0.057405 0.002729 0.491768 
0.003034 0.003034 0.003760 0.990173 
0.250000 0.250000 0.250000 0.250000 
  86
0.479817 0.002616 0.046210 
0.462778 0.994655 0.462022 
0.057405 0.002729 0.491768 
0.003034 0.003034 0.990898 0.003034 
0.250000 0.250000 0.250000 0.250000 
  87
0.479817 0.002616 0.046210 
0.462778 0.994655 0.462022 
0.057405 0.002729 0.491768 
0.989765 0.003801 0.003034 0.003400 
0.250000 0.250000 0.250000 0.250000 
  88
0.479817 0.002616 0.046210 
0.462778 0.994655 0.462022 
0.057405 0.002729 0.491768 
0.989858 0.003791 0.003317 0.003034 
0.250000 0.250000 0.250000 0.250000 
  89
0.479817 0.002616 0.046210 
0.462778 0.994655 0.462022 
0.057405 0.002729 0.491768 
0.003034 0.003034 0.990430 0.003503 
0.250000 0.250000 0.250000 0.250000 
  90
0.479817 0.002616 0.046210 
0.462778 0.994655 0.462022 
0.057405 0.002729 0.491768 
0.984457 0.006245 0.003034 0.006265 
0.250000 0.250000 0.250000 0.250000 
  91
0.479817 0.002616 0.046210 
0.462778 0.994655 0.462022 
0.057405 0.002729 0.491768 
0.003376 0.987747 0.004938 0.003940 
0.250000 0.250000 0.250000 0.250000 
  92
0.479817 0.002616 0.046210 
0.462778 0.994655 0.462022 
0.057405 0.002729 0.491768 
0.989964 0.003969 0.003034 0.003034 
0.250000 0.250000 0.250000 0.250000 
  93
0.479817 0.002616 0.046210 
0.462778 0.994655 0.462022 
0.057405 0.002729 0.491768 
0.003810 0.003256 0.989209 0.003726 
0.250000 0.250000 0.250000 0.250000 
  94
0.479817 0.002616 0.046210 
0.462778 0.994655 0.462022 
0.057405 0.002729 0.491768 
0.990899 0.003034 0.003034 0.003034 
0.250000 0.250000 0.250000 0.250000 
  95
0.479817 0.002616 0.046210 
0.462778 0.994655 0.462022 
0.057405 0.002729 0.491768 
0.003034 0.003034 0.990071 0.003862 
0.250000 0.250000 0.250000 0.250000 
  96
0.479817 0.002616 0.046210 
0.462778 0.994655 0.462022 
0.057405 0.002729 0.491768 
0.003673 0.003034 0.004429 0.988864 
0.250000 0.250000 0.250000 0.250000 
  97
0.479817 0.002616 0.046210 
0.462778 0.994655 0.462022 
0.057405 0.002729 0.491768 
0.004591 0.989342 0.003034 0.003034 
0.250000 0.250000 0.250000 0.250000 
  98
0.479817 0.002616 0.046210 
0.462778 0.994655 0.462022 
0.057405 0.002729 0.491768 
0.003289 0.005396 0.003593 0.987722 
0.250000 0.250000 0.250000 0.250000 
  99
0.479817 0.002616 0.046210 
0.462778 0.994655 0.462022 
0.057405 0.002729 0.491768 
0.983507 0.008390 0.003034 0.005068 
0.250000 0.250000 0.250000 0.250000 
 100
0.479817 0.002616 0.046210 
0.462778 0.994655 0.462022 
0.057405 0.002729 0.491768 
0.003437 0.986441 0.004464 0.005658 
0.250000 0.250000 0.250000 0.250000 
 101
0.479817 0.002616 0.046210 
0.462778 0.994655 0.462022 
0.057405 0.002729 0.491768 
0.990512 0.003034 0.003034 0.003421 
0.250000 0.250000 0.250000 0.250000 
 102
0.479817 0.002616 0.046210 
0.462778 0.994655 0.462022 
0.057405 0.002729 0.491768 
0.003034 0.003427 0.988380 0.005159 
0.250000 0.250000 0.250000 0.250000 
 103
0.479817 0.002616 0.046210 
0.462778 0.994655 0.462022 
0.057405 0.002729 0.491768 
0.990385 0.003548 0.003034 0.003034 
0.250000 0.250000 0.250000 0.250000 
 104
0.479817 0.002616 0.046210 
0.462778 0.994655 0.462022 
0.057405 0.002729 0.491768 
0.003034 0.003034 0.990899 0.003034 
0.250000 0.250000 0.250000 0.250000 
 105
0.479817 0.002616 0.046210 
0.462778 0.994655 0.462022 
0.057405 0.002729 0.491768 
0.984561 0.005310 0.006296 0.003833 
0.250000 0.250000 0.250000 0.250000 
 106
0.479817 0.002616 0.046210 
0.462778 0.994655 0.462022 
0.057405 0.002729 0.491768 
0.028411 0.960978 0.003034 0.007578 
0.250000 0.250000 0.250000 0.250000 
 107
0.479817 0.002616 0.046210 
0.462778 0.994655 0.462022 
0.057405 0.002729 0.491768 
0.003034 0.003034 0.003034 0.990899 
0.250000 0.250000 0.250000 0.250000 
 108
0.479817 0.002616 0.046210 
0.462778 0.994655 0.462022 
0.057405 0.002729 0.491768 
0.984228 0.008801 0.003034 0.003937 
0.250000 0.250000 0.250000 0.250000 
 109
0.479817 0.002616 0.046210 
0.462778 0.994655 0.462022 
0.057405 0.002729 0.491768 
0.003348 0.003034 0.986068 0.007550 
0.250000 0.250000 0.250000 0.250000 
 110
0.479817 0.002616 0.046210 
0.462778 0.994655 0.462022 
0.057405 0.002729 0.491768 
0.003034 0.005881 0.003034 0.988052 
0.250000 0.250000 0.250000 0.250000 
 111
0.479817 0.002616 0.046210 
0.462778 0.994655 0.462022 
0.057405 0.002729 0.491768 
0.987405 0.006167 0.003395 0.003034 
0.250000 0.250000 0.250000 0.250000 
 112
0.479817 0.002616 0.046210 
0.462778 0.994655 0.462022 
0.057405 0.002729 0.491768 
0.004527 0.989406 0.003034 0.003034 
0.250000 0.250000 0.250000 0.250000 
 113
0.479817 0.002616 0.046210 
0.462778 0.994655 0.462022 
0.057405 0.002729 0.491768 
0.988451 0.005181 0.003334 0.003034 
0.250000 0.250000 0.250000 0.250000 
 114
0.479817 0.002616 0.046210 
0.462778 0.994655 0.462022 
0.057405 0.002729 0.491768 
0.988246 0.005222 0.003499 0.003034 
0.250000 0.250000 0.250000 0.250000 
 115
0.479817 0.002616 0.046210 
0.462778 0.994655 0.462022 
0.057405 0.002729 0.491768 
0.987671 0.006262 0.003034 0.003034 
0.250000 0.250000 0.250000 0.250000 
 116
0.479817 0.002616 0.046210 
0.462778 0.994655 0.462022 
0.057405 0.002729 0.491768 
0.983815 0.007505 0.003034 0.005647 
0.250000 0.250000 0.250000 0.250000 
 117
0.479817 0.002616 0.046210 
0.462778 0.994655 0.462022 
0.057405 0.002729 0.491768 
0.005950 0.987983 0.003034 0.003034 
0.250000 0.250000 0.250000 0.250000 
 118
0.479817 0.002616 0.046210 
0.462778 0.994655 0.462022 
0.057405 0.002729 0.491768 
0.990406 0.003527 0.003034 0.003034 
0.250000 0.250000 0.250000 0.250000 
 119
0.479817 0.002616 0.046210 
0.462778 0.994655 0.462022 
0.057405 0.002729 0.491768 
0.988752 0.003034 0.005181 0.003034 
0.250000 0.250000 0.250000 0.250000 
 120
0.479817 0.002616 0.046210 
0.462778 0.994655 0.462022 
0.057405 0.002729 0.491768 
0.003719 0.003034 0.007031 0.986216 
0.250000 0.250000 0.250000 0.250000 
 121
0.479817 0.002616 0.046210 
0.462778 0.994655 0.462022 
0.057405 0.002729 0.491768 
0.006174 0.987759 0.003034 0.003034 
0.250000 0.250000 0.250000 0.250000 
 122
0.479817 0.002616 0.046210 
0.462778 0.994655 0.462022 
0.057405 0.002729 0.491768 
0.003034 0.003034 0.003571 0.990362 
0.250000 0.250000 0.250000 0.250000 
 123
0.479817 0.002616 0.046210 
0.462778 0.994655 0.462022 
0.057405 0.002729 0.491768 
0.984212 0.008718 0.004037 0.003034 
0.250000 0.250000 0.250000 0.250000 
 124
0.479817 0.002616 0.046210 
0.462778 0.994655 0.462022 
0.057405 0.002729 0.491768 
0.987663 0.003496 0.005578 0.003263 
0.250000 0.250000 0.250000 0.250000 
 125
0.479817 0.002616 0.046210 
0.462778 0.994655 0.462022 
0.057405 0.002729 0.491768 
0.006064 0.003034 0.985274 0.005629 
0.250000 0.250000 0.250000 0.250000 
 126
0.479817 0.002616 0.046210 
0.462778 0.994655 0.462022 
0.057405 0.002729 0.491768 
0.983920 0.005489 0.007211 0.003380 
0.250000 0.250000 0.250000 0.250000 
 127
0.479817 0.002616 0.046210 
0.462778 0.994655 0.462022 
0.057405 0.002729 0.491768 
0.003454 0.990479 0.003034 0.003034 
0.250000 0.250000 0.250000 0.250000 
 128
0.479817 0.002616 0.046210 
0.462778 0.994655 0.462022 
0.057405 0.002729 0.491768 
0.003034 0.005182 0.003302 0.988482 
0.250000 0.250000 0.250000 0.250000 
 129
0.479817 0.002616 0.046210 
0.462778 0.994655 0.462022 
0.057405 0.002729 0.491768 
0.984958 0.006305 0.005182 0.003555 
0.250000 0.250000 0.250000 0.250000 
 130
0.479817 0.002616 0.046210 
0.462778 0.994655 0.462022 
0.057405 0.002729 0.491768 
0.990899 0.003034 0.003034 0.003034 
0.250000 0.250000 0.250000 0.250000 
 131
0.479817 0.002616 0.046210 
0.462778 0.994655 0.462022 
0.057405 0.002729 0.491768 
0.003034 0.003034 0.990899 0.003034 
0.250000 0.250000 0.250000 0.250000 
 132
0.479817 0.002616 0.046210 
0.462778 0.994655 0.462022 
0.057405 0.002729 0.491768 
0.990270 0.003663 0.003034 0.003034 
0.250000 0.250000 0.250000 0.250000 
 133
0.479817 0.002616 0.046210 
0.462778 0.994655 0.462022 
0.057405 0.002729 0.491768 
0.003034 0.003034 0.990515 0.003418 
0.250000 0.250000 0.250000 0.250000 
 134
0.479817 0.002616 0.046210 
0.462778 0.994655 0.462022 
0.057405 0.002729 0.491768 
0.987749 0.006184 0.003034 0.003034 
0.250000 0.250000 0.250000 0.250000 
 135
0.479817 0.002616 0.046210 
0.462778 0.994655 0.462022 
0.057405 0.002729 0.491768 
0.003953 0.003034 0.979961 0.013052 
0.250000 0.250000 0.250000 0.250000 
 136
0.479817 0.002616 0.046210 
0.462778 0.994655 0.462022 
0.057405 0.002729 0.491768 
0.003034 0.003034 0.003034 0.990899 
0.250000 0.250000 0.250000 0.250000 
 137
0.479817 0.002616 0.046210 
0.462778 0.994655 0.462022 
0.057405 0.002729 0.491768 
0.003034 0.003034 0.990899 0.003034 
0.250000 0.250000 0.250000 0.250000 
 138
0.479817 0.002616 0.046210 
0.462778 0.994655 0.462022 
0.057405 0.002729 0.491768 
0.003379 0.003627 0.005390 0.987604 
0.250000 0.250000 0.250000 0.250000 
 139
0.479817 0.002616 0.046210 
0.462778 0.994655 0.462022 
0.057405 0.002729 0.491768 
0.004868 0.988385 0.003034 0.003714 
0.250000 0.250000 0.250000 0.250000 
 140
0.479817 0.002616 0.046210 
0.462778 0.994655 0.462022 
0.057405 0.002729 0.491768 
0.003034 0.003034 0.009023 0.984909 
0.250000 0.250000 0.250000 0.250000 
 141
0.479817 0.002616 0.046210 
0.462778 0.994655 0.462022 
0.057405 0.002729 0.491768 
0.003654 0.003034 0.007822 0.985490 
0.250000 0.250000 0.250000 0.250000 
 142
0.479817 0.002616 0.046210 
0.462778 0.994655 0.462022 
0.057405 0.002729 0.491768 
0.970075 0.021354 0.003388 0.005182 
0.250000 0.250000 0.250000 0.250000 
 143
0.479817 0.002616 0.046210 
0.462778 0.994655 0.462022 
0.057405 0.002729 0.491768 
0.989886 0.004047 0.003034 0.003034 
0.250000 0.250000 0.250000 0.250000 
 144
0.479817 0.002616 0.046210 
0.462778 0.994655 0.462022 
0.057405 0.002729 0.491768 
0.003034 0.003034 0.982615 0.011317 
0.250000 0.250000 0.250000 0.250000 
 145
0.479817 0.002616 0.046210 
0.462778 0.994655 0.462022 
0.057405 0.002729 0.491768 
0.045972 0.003034 0.947960 0.003034 
0.250000 0.250000 0.250000 0.250000 
 146
0.479817 0.002616 0.046210 
0.462778 0.994655 0.462022 
0.057405 0.002729 0.491768 
0.003034 0.003034 0.003034 0.990899 
0.250000 0.250000 0.250000 0.250000 
 147
0.479817 0.002616 0.046210 
0.462778 0.994655 0.462022 
0.057405 0.002729 0.491768 
0.003034 0.003310 0.007981 0.985676 
0.250000 0.250000 0.250000 0.250000 
 148
0.479817 0.002616 0.046210 
0.462778 0.994655 0.462022 
0.057405 0.002729 0.491768 
0.005369 0.003034 0.984984 0.006613 
0.250000 0.250000 0.250000 0.250000 
 149
0.479817 0.002616 0.046210 
0.462778 0.994655 0.462022 
0.057405 0.002729 0.491768 
0.003034 0.003034 0.003034 0.990899 
0.250000 0.250000 0.250000 0.250000 
 150
0.479817 0.002616 0.046210 
0.462778 0.994655 0.462022 
0.057405 0.002729 0.491768 
0.989962 0.003970 0.003034 0.003034 
0.250000 0.250000 0.250000 0.250000 
 151
0.479817 0.002616 0.046210 
0.462778 0.994655 0.462022 
0.057405 0.002729 0.491768 
0.006279 0.986746 0.003941 0.003034 
0.250000 0.250000 0.250000 0.250000 
 152
0.479817 0.002616 0.046210 
0.462778 0.994655 0.462022 
0.057405 0.002729 0.491768 
0.990304 0.003629 0.003034 0.003034 
0.250000 0.250000 0.250000 0.250000 
 153
0.479817 0.002616 0.046210 
0.462778 0.994655 0.462022 
0.057405 0.002729 0.491768 
0.990513 0.003420 0.003034 0.003034 
0.250000 0.250000 0.250000 0.250000 
 154
0.479817 0.002616 0.046210 
0.462778 0.994655 0.462022 
0.057405 0.002729 0.491768 
0.006383 0.984190 0.003034 0.006394 
0.250000 0.250000 0.250000 0.250000 
 155
0.479817 0.002616 0.046210 
0.462778 0.994655 0.462022 
0.057405 0.002729 0.491768 
0.987873 0.005640 0.003034 0.003453 
0.250000 0.250000 0.250000 0.250000 
 156
0.479817 0.002616 0.046210 
0.462778 0.994655 0.462022 
0.057405 0.002729 0.491768 
0.005322 0.003034 0.987406 0.004239 
0.250000 0.250000 0.250000 0.250000 
 157
0.479817 0.002616 0.046210 
0.462778 0.994655 0.462022 
0.057405 0.002729 0.491768 
0.988969 0.004637 0.003360 0.003034 
0.250000 0.250000 0.250000 0.250000 
 158
0.479817 0.002616 0.046210 
0.462778 0.994655 0.462022 
0.057405 0.002729 0.491768 
0.989004 0.004591 0.003034 0.003371 
0.250000 0.250000 0.250000 0.250000 
 159
0.479817 0.002616 0.046210 
0.462778 0.994655 0.462022 
0.057405 0.002729 0.491768 
0.027478 0.964932 0.003035 0.004555 
0.250000 0.250000 0.250000 0.250000 
 160
0.479817 0.002616 0.046210 
0.462778 0.994655 0.462022 
0.057405 0.002729 0.491768 
0.004590 0.003034 0.988682 0.003694 
0.250000 0.250000 0.250000 0.250000 
 161
0.479817 0.002616 0.046210 
0.462778 0.994655 0.462022 
0.057405 0.002729 0.491768 
0.985857 0.005881 0.005228 0.003034 
0.250000 0.250000 0.250000 0.250000 
 162
0.479817 0.002616 0.046210 
0.462778 0.994655 0.462022 
0.057405 0.002729 0.491768 
0.003302 0.003034 0.006211 0.987454 
0.250000 0.250000 0.250000 0.250000 
 163
0.479817 0.002616 0.046210 
0.462778 0.994655 0.462022 
0.057405 0.002729 0.491768 
0.982229 0.011434 0.003034 0.003304 
0.250000 0.250000 0.250000 0.250000 
 164
0.479817 0.002616 0.046210 
0.462778 0.994655 0.462022 
0.057405 0.002729 0.491768 
0.984396 0.009224 0.003346 0.003034 
0.250000 0.250000 0.250000 0.250000 
 165
0.479817 0.002616 0.046210 
0.462778 0.994655 0.462022 
0.057405 0.002729 0.491768 
0.003328 0.003034 0.983183 0.010455 
0.250000 0.250000 0.250000 0.250000 
 166
0.479817 0.002616 0.046210 
0.462778 0.994655 0.462022 
0.057405 0.002729 0.491768 
0.004665 0.988739 0.003034 0.003563 
0.250000 0.250000 0.250000 0.250000 
 167
0.479817 0.002616 0.046210 
0.462778 0.994655 0.462022 
0.057405 0.002729 0.491768 
0.007777 0.984734 0.003034 0.004455 
0.250000 0.250000 0.250000 0.250000 
 168
0.479817 0.002616 0.046210 
0.462778 0.994655 0.462022 
0.057405 0.002729 0.491768 
0.009834 0.983775 0.003034 0.003358 
0.250000 0.250000 0.250000 0.250000 
 169
0.479817 0.002616 0.046210 
0.462778 0.994655 0.462022 
0.057405 0.002729 0.491768 
0.990526 0.003407 0.003034 0.003034 
0.250000 0.250000 0.250000 0.250000 
 170
0.479817 0.002616 0.046210 
0.462778 0.994655 0.462022 
0.057405 0.002729 0.491768 
0.989497 0.004147 0.003323 0.003034 
0.250000 0.250000 0.250000 0.250000 
 171
0.479817 0.002616 0.046210 
0.462778 0.994655 0.462022 
0.057405 0.002729 0.491768 
0.980897 0.013036 0.003034 0.003034 
0.250000 0.250000 0.250000 0.250000 
 172
0.479817 0.002616 0.046210 
0.462778 0.994655 0.462022 
0.057405 0.002729 0.491768 
0.003034 0.003034 0.971116 0.022817 
0.250000 0.250000 0.250000 0.250000 
 173
0.479817 0.002616 0.046210 
0.462778 0.994655 0.462022 
0.057405 0.002729 0.491768 
0.003034 0.003034 0.003034 0.990899 
0.250000 0.250000 0.250000 0.250000 
 174
0.479817 0.002616 0.046210 
0.462778 0.994655 0.462022 
0.057405 0.002729 0.491768 
0.987510 0.003775 0.005682 0.003034 
0.250000 0.250000 0.250000 0.250000 
 175
0.479817 0.002616 0.046210 
0.462778 0.994655 0.462022 
0.057405 0.002729 0.491768 
0.003034 0.003034 0.003034 0.990899 
0.250000 0.250000 0.250000 0.250000 
 176
0.479817 0.002616 0.046210 
0.462778 0.994655 0.462022 
0.057405 0.002729 0.491768 
0.003034 0.990899 0.003034 0.003034 
0.250000 0.250000 0.250000 0.250000 
 177
0.479817 0.002616 0.046210 
0.462778 0.994655 0.462022 
0.057405 0.002729 0.491768 
0.003034 0.003034 0.987069 0.006863 
0.250000 0.250000 0.250000 0.250000 
 178
0.479817 0.002616 0.046210 
0.462778 0.994655 0.462022 
0.057405 0.002729 0.491768 
0.987591 0.003441 0.005935 0.003034 
0.250000 0.250000 0.250000 0.250000 
 179
0.479817 0.002616 0.046210 
0.462778 0.994655 0.462022 
0.057405 0.002729 0.491768 
0.988334 0.005326 0.003034 0.003306 
0.250000 0.250000 0.250000 0.250000 
 180
0.479817 0.002616 0.046210 
0.462778 0.994655 0.462022 
0.057405 0.002729 0.491768 
0.987293 0.003792 0.005881 0.003034 
0.250000 0.250000 0.250000 0.250000 
 181
0.479817 0.002616 0.046210 
0.462778 0.994655 0.462022 
0.057405 0.002729 0.491768 
0.005150 0.003034 0.985121 0.006694 
0.250000 0.250000 0.250000 0.250000 
 182
0.479817 0.002616 0.046210 
0.462778 0.994655 0.462022 
0.057405 0.002729 0.491768 
0.003034 0.003034 0.003723 0.990208 
0.250000 0.250000 0.250000 0.250000 
 183
0.479817 0.002616 0.046210 
0.462778 0.994655 0.462022 
0.057405 0.002729 0.491768 
0.989344 0.004223 0.003034 0.003399 
0.250000 0.250000 0.250000 0.250000 
 184
0.479817 0.002616 0.046210 
0.462778 0.994655 0.462022 
0.057405 0.002729 0.491768 
0.983129 0.009220 0.004616 0.003034 
0.250000 0.250000 0.250000 0.250000 
 185
0.479817 0.002616 0.046210 
0.462778 0.994655 0.462022 
0.057405 0.002729 0.491768 
0.015450 0.978023 0.003273 0.003254 
0.250000 0.250000 0.250000 0.250000 
 186
0.479817 0.002616 0.046210 
0.462778 0.994655 0.462022 
0.057405 0.002729 0.491768 
0.988461 0.005176 0.003034 0.003329 
0.250000 0.250000 0.250000 0.250000 
 187
0.479817 0.002616 0.046210 
0.462778 0.994655 0.462022 
0.057405 0.002729 0.491768 
0.003034 0.990899 0.003034 0.003034 
0.250000 0.250000 0.250000 0.250000 
 188
0.479817 0.002616 0.046210 
0.462778 0.994655 0.462022 
0.057405 0.002729 0.491768 
0.004466 0.989466 0.003034 0.003034 
0.250000 0.250000 0.250000 0.250000 
 189
0.479817 0.002616 0.046210 
0.462778 0.994655 0.462022 
0.057405 0.002729 0.491768 
0.010849 0.982689 0.003034 0.003429 
0.250000 0.250000 0.250000 0.250000 
 190
0.479817 0.002616 0.046210 
0.462778 0.994655 0.462022 
0.057405 0.002729 0.491768 
0.013830 0.979835 0.003034 0.003302 
0.250000 0.250000 0.250000 0.250000 
 191
0.479817 0.002616 0.046210 
0.462778 0.994655 0.462022 
0.057405 0.002729 0.491768 
0.004480 0.006081 0.006670 0.982768 
0.250000 0.250000 0.250000 0.250000 
 192
0.479817 0.002616 0.046210 
0.462778 0.994655 0.462022 
0.057405 0.002729 0.491768 
0.987267 0.005595 0.003036 0.004102 
0.250000 0.250000 0.250000 0.250000 
 193
0.479817 0.002616 0.046210 
0.462778 0.994655 0.462022 
0.057405 0.002729 0.491768 
0.007231 0.982544 0.003679 0.006546 
0.250000 0.250000 0.250000 0.250000 
 194
0.479817 0.002616 0.046210 
0.462778 0.994655 0.462022 
0.057405 0.002729 0.491768 
0.003034 0.003034 0.989384 0.004547 
0.250000 0.250000 0.250000 0.250000 
 195
0.479817 0.002616 0.046210 
0.462778 0.994655 0.462022 
0.057405 0.002729 0.491768 
0.003034 0.003034 0.988808 0.005125 
0.250000 0.250000 0.250000 0.250000 
 196
0.479817 0.002616 0.046210 
0.462778 0.994655 0.462022 
0.057405 0.002729 0.491768 
0.003034 0.003034 0.990458 0.003474 
0.250000 0.250000 0.250000 0.250000 
 197
0.479817 0.002616 0.046210 
0.462778 0.994655 0.462022 
0.057405 0.002729 0.491768 
0.003403 0.003034 0.990530 0.003034 
0.250000 0.250000 0.250000 0.250000 
 198
0.479817 0.002616 0.046210 
0.462778 0.994655 0.462022 
0.057405 0.002729 0.491768 
0.989553 0.003405 0.003411 0.003632 
0.250000 0.250000 0.250000 0.250000 
 199
0.479817 0.002616 0.046210 
0.462778 0.994655 0.462022 
0.057405 0.002729 0.491768 
0.003034 0.003034 0.005312 0.988621 
0.250000 0.250000 0.250000 0.250000 
 200
0.479817 0.002616 0.046210 
0.462778 0.994655 0.462022 
0.057405 0.002729 0.491768 
0.003034 0.003034 0.003034 0.990899 
0.250000 0.250000 0.250000 0.250000 
 201
0.479817 0.002616 0.046210 
0.462778 0.994655 0.462022 
0.057405 0.002729 0.491768 
0.007251 0.986682 0.003034 0.003034 
0.250000 0.250000 0.250000 0.250000 
 202
0.479817 0.002616 0.046210 
0.462778 0.994655 0.462022 
0.057405 0.002729 0.491768 
0.003034 0.003034 0.990899 0.003034 
0.250000 0.250000 0.250000 0.250000 
 203
0.479817 0.002616 0.046210 
0.462778 0.994655 0.462022 
0.057405 0.002729 0.491768 
0.986923 0.004031 0.003034 0.006012 
0.250000 0.250000 0.250000 0.250000 
 204
0.479817 0.002616 0.046210 
0.462778 0.994655 0.462022 
0.057405 0.002729 0.491768 
0.003359 0.003034 0.004161 0.989447 
0.250000 0.250000 0.250000 0.250000 
 205
0.479817 0.002616 0.046210 
0.462778 0.994655 0.462022 
0.057405 0.002729 0.491768 
0.003034 0.003034 0.004763 0.989170 
0.250000 0.250000 0.250000 0.250000 
 206
0.479817 0.002616 0.046210 
0.462778 0.994655 0.462022 
0.057405 0.002729 0.491768 
0.003034 0.003034 0.003034 0.990899 
0.250000 0.250000 0.250000 0.250000 
 207
0.479817 0.002616 0.046210 
0.462778 0.994655 0.462022 
0.057405 0.002729 0.491768 
0.009015 0.984917 0.003034 0.003034 
0.250000 0.250000 0.250000 0.250000 
 208
0.479817 0.002616 0.046210 
0.462778 0.994655 0.462022 
0.057405 0.002729 0.491768 
0.003573 0.990360 0.003034 0.003034 
0.250000 0.250000 0.250000 0.250000 
 209
0.479817 0.002616 0.046210 
0.462778 0.994655 0.462022 
0.057405 0.002729 0.491768 
0.003815 0.990118 0.003034 0.003034 
0.250000 0.250000 0.250000 0.250000 
 210
0.479817 0.002616 0.046210 
0.462778 0.994655 0.462022 
0.057405 0.002729 0.491768 
0.004210 0.003301 0.013893 0.978596 
0.250000 0.250000 0.250000 0.250000 
 211
0.479817 0.002616 0.046210 
0.462778 0.994655 0.462022 
0.057405 0.002729 0.491768 
0.984037 0.006917 0.003034 0.006012 
0.250000 0.250000 0.250000 0.250000 
 212
0.479817 0.002616 0.046210 
0.462778 0.994655 0.462022 
0.057405 0.002729 0.491768 
0.986746 0.006659 0.003260 0.003334 
0.250000 0.250000 0.250000 0.250000 
 213
0.479817 0.002616 0.046210 
0.462778 0.994655 0.462022 
0.057405 0.002729 0.491768 
0.983041 0.003882 0.006779 0.006299 
0.250000 0.250000 0.250000 0.250000 
 214
0.479817 0.002616 0.046210 
0.462778 0.994655 0.462022 
0.057405 0.002729 0.491768 
0.003034 0.003034 0.003034 0.990899 
0.250000 0.250000 0.250000 0.250000 
 215
0.479817 0.002616 0.046210 
0.462778 0.994655 0.462022 
0.057405 0.002729 0.491768 
0.003034 0.990899 0.003034 0.003034 
0.250000 0.250000 0.250000 0.250000 
 216
0.479817 0.002616 0.046210 
0.462778 0.994655 0.462022 
0.057405 0.002729 0.491768 
0.003034 0.003034 0.007702 0.986229 
0.250000 0.250000 0.250000 0.250000 
 217
0.479817 0.002616 0.046210 
0.462778 0.994655 0.462022 
0.057405 0.002729 0.491768 
0.982971 0.005136 0.005881 0.006012 
0.250000 0.250000 0.250000 0.250000 
 218
0.479817 0.002616 0.046210 
0.462778 0.994655 0.462022 
0.057405 0.002729 0.491768 
0.989122 0.004296 0.003549 0.003034 
0.250000 0.250000 0.250000 0.250000 
 219
0.479817 0.002616 0.046210 
0.462778 0.994655 0.462022 
0.057405 0.002729 0.491768 
0.003335 0.003034 0.986445 0.007187 
0.250000 0.250000 0.250000 0.250000 
 220
0.479817 0.002616 0.046210 
0.462778 0.994655 0.462022 
0.057405 0.002729 0.491768 
0.985267 0.003264 0.005457 0.006012 
0.250000 0.250000 0.250000 0.250000 
 221
0.479817 0.002616 0.046210 
0.462778 0.994655 0.462022 
0.057405 0.002729 0.491768 
0.003034 0.003034 0.003958 0.989975 
0.250000 0.250000 0.250000 0.250000 
 222
0.479817 0.002616 0.046210 
0.462778 0.994655 0.462022 
0.057405 0.002729 0.491768 
0.012996 0.003744 0.011063 0.972196 
0.250000 0.250000 0.250000 0.250000 
 223
0.479817 0.002616 0.046210 
0.462778 0.994655 0.462022 
0.057405 0.002729 0.491768 
0.003034 0.990899 0.003034 0.003034 
0.250000 0.250000 0.250000 0.250000 
 224
0.479817 0.002616 0.046210 
0.462778 0.994655 0.462022 
0.057405 0.002729 0.491768 
0.003034 0.003034 0.990899 0.003034 
0.250000 0.250000 0.250000 0.250000 
 225
0.479817 0.002616 0.046210 
0.462778 0.994655 0.462022 
0.057405 0.002729 0.491768 
0.007026 0.003034 0.004235 0.985704 
0.250000 0.250000 0.250000 0.250000 
 226
0.479817 0.002616 0.046210 
0.462778 0.994655 0.462022 
0.057405 0.002729 0.491768 
0.003491 0.990442 0.003034 0.003034 
0.250000 0.250000 0.250000 0.250000 
 227
0.479817 0.002616 0.046210 
0.462778 0.994655 0.462022 
0.057405 0.002729 0.491768 
0.003034 0.990899 0.003034 0.003034 
0.250000 0.250000 0.250000 0.250000 
 228
0.479817 0.002616 0.046210 
0.462778 0.994655 0.462022 
0.057405 0.002729 0.491768 
0.006331 0.003459 0.984090 0.006120 
0.250000 0.250000 0.250000 0.250000 
 229
0.479817 0.002616 0.046210 
0.462778 0.994655 0.462022 
0.057405 0.002729 0.491768 
0.003840 0.003034 0.003386 0.989741 
0.250000 0.250000 0.250000 0.250000 
 230
0.479817 0.002616 0.046210 
0.462778 0.994655 0.462022 
0.057405 0.002729 0.491768 
0.003034 0.990899 0.003034 0.003034 
0.250000 0.250000 0.250000 0.250000 
 231
0.479817 0.002616 0.046210 
0.462778 0.994655 0.462022 
0.057405 0.002729 0.491768 
0.003034 0.990899 0.003034 0.003034 
0.250000 0.250000 0.250000 0.250000 
 232
0.479817 0.002616 0.046210 
0.462778 0.994655 0.462022 
0.057405 0.002729 0.491768 
0.987290 0.003570 0.005881 0.003258 
0.250000 0.250000 0.250000 0.250000 
 233
0.479817 0.002616 0.046210 
0.462778 0.994655 0.462022 
0.057405 0.002729 0.491768 
0.003034 0.003034 0.005878 0.988055 
0.250000 0.250000 0.250000 0.250000 
 234
