%  SAM: /scicomp/home/yfa9/CDC_projects/Mol_genetic_analysis/Nomenclature/H1_Nomenclature/All_plus_Ref_v5/v_2/label/LABEL_RES/scripts/modelfromalign_Linux v3.5 (July 15, 2005) compiled 12/08/06_16:15:55
%  (c) 1992-2001 Regents of the University of California, Santa Cruz
%
%          Sequence Alignment and Modeling Software System
%         http://www.cse.ucsc.edu/research/compbio/sam.html
%
% ----------------- Citations (SAM, SAM-T2K, HMMs) --------------------
% R. Hughey, A. Krogh, Hidden Markov models for sequence analysis:
%  Extension and analysis of the basic method, CABIOS 12:95-107, 1996.
% K. Karplus, et al., What is the value added by human intervention in protein
%  structure prediction, Proteins: Stucture, Function, Genetics 45(S5):86--91, 2001.
% A. Krogh et al., Hidden Markov models in computational biology:
%  Applications to protein modeling, JMB 235:1501-1531, Feb 1994.
% ---------------------------------------------------------------------
%  c-6A-6_6like_hmm   Host: node8.aspen.biotech.cdc.gov    Tue Jun 28 08:16:56 2016
%  yfa9               Dir:  /scicomp/home/yfa9/CDC_projects/Mol_genetic_analysis/Nomenclature/H1_Nomenclature/All_plus_Ref_v5/v_2/Step4/From_Clustering_v2/H1Pdm009_v1/c-8-7-6-5-Old
% ---------------------------------------------------------------------
%  Alignment weights from internal calc.  Total (31.18) Max (0.13) Min (0.02)
%  Weights from alignment method 1 (karplus), b=-1.000000, e=0.500000
MODEL --  Model from alignment file /scicomp/home/yfa9/CDC_projects/Mol_genetic_analysis/Nomenclature/H1_Nomenclature/All_plus_Ref_v5/v_2/label/LABEL_RES/training_data/H1v2016_1/c-8-7-6-5-Old/c-6A-6_6like.fasta
alphabet DNA
FREQAVE
0.000000 0.000000 0.000000 
0.000000 0.000000 0.000000 
0.000000 0.000000 0.000000 
0.353054 0.221490 0.186171 0.239285 
0.353054 0.221490 0.186171 0.239285 
Begin
0.000000 0.000000 0.000000 
0.000000 0.000000 0.000000 
0.000000 0.005633 0.491768 
0.250000 0.250000 0.250000 0.250000 
0.250000 0.250000 0.250000 0.250000 
   1
0.000000 0.005399 0.046210 
0.000000 0.988968 0.462022 
0.057405 0.005633 0.491768 
0.976691 0.007770 0.007770 0.007770 
0.250000 0.250000 0.250000 0.250000 
   2
0.479817 0.005399 0.046210 
0.462778 0.988968 0.462022 
0.057405 0.005633 0.491768 
0.007770 0.007770 0.007770 0.976691 
0.250000 0.250000 0.250000 0.250000 
   3
0.479817 0.005399 0.046210 
0.462778 0.988968 0.462022 
0.057405 0.005633 0.491768 
0.007770 0.976691 0.007770 0.007770 
0.250000 0.250000 0.250000 0.250000 
   4
0.479817 0.005399 0.046210 
0.462778 0.988968 0.462022 
0.057405 0.005633 0.491768 
0.969080 0.015381 0.007770 0.007770 
0.250000 0.250000 0.250000 0.250000 
   5
0.479817 0.005399 0.046210 
0.462778 0.988968 0.462022 
0.057405 0.005633 0.491768 
0.971624 0.010113 0.010494 0.007770 
0.250000 0.250000 0.250000 0.250000 
   6
0.479817 0.005399 0.046210 
0.462778 0.988968 0.462022 
0.057405 0.005633 0.491768 
0.012339 0.972122 0.007770 0.007770 
0.250000 0.250000 0.250000 0.250000 
   7
0.479817 0.005399 0.046210 
0.462778 0.988968 0.462022 
0.057405 0.005633 0.491768 
0.007770 0.974348 0.010113 0.007770 
0.250000 0.250000 0.250000 0.250000 
   8
0.479817 0.005399 0.046210 
0.462778 0.988968 0.462022 
0.057405 0.005633 0.491768 
0.010113 0.007770 0.968685 0.013433 
0.250000 0.250000 0.250000 0.250000 
   9
0.479817 0.005399 0.046210 
0.462778 0.988968 0.462022 
0.057405 0.005633 0.491768 
0.974139 0.009077 0.009015 0.007770 
0.250000 0.250000 0.250000 0.250000 
  10
0.479817 0.005399 0.046210 
0.462778 0.988968 0.462022 
0.057405 0.005633 0.491768 
0.976691 0.007770 0.007770 0.007770 
0.250000 0.250000 0.250000 0.250000 
  11
0.479817 0.005399 0.046210 
0.462778 0.988968 0.462022 
0.057405 0.005633 0.491768 
0.007770 0.007770 0.008779 0.975682 
0.250000 0.250000 0.250000 0.250000 
  12
0.479817 0.005399 0.046210 
0.462778 0.988968 0.462022 
0.057405 0.005633 0.491768 
0.976691 0.007770 0.007770 0.007770 
0.250000 0.250000 0.250000 0.250000 
  13
0.479817 0.005399 0.046210 
0.462778 0.988968 0.462022 
0.057405 0.005633 0.491768 
0.007770 0.007770 0.975018 0.009443 
0.250000 0.250000 0.250000 0.250000 
  14
0.479817 0.005399 0.046210 
0.462778 0.988968 0.462022 
0.057405 0.005633 0.491768 
0.007770 0.007770 0.008996 0.975465 
0.250000 0.250000 0.250000 0.250000 
  15
0.479817 0.005399 0.046210 
0.462778 0.988968 0.462022 
0.057405 0.005633 0.491768 
0.974774 0.009687 0.007770 0.007770 
0.250000 0.250000 0.250000 0.250000 
  16
0.479817 0.005399 0.046210 
0.462778 0.988968 0.462022 
0.057405 0.005633 0.491768 
0.008941 0.954091 0.007770 0.029198 
0.250000 0.250000 0.250000 0.250000 
  17
0.479817 0.005399 0.046210 
0.462778 0.988968 0.462022 
0.057405 0.005633 0.491768 
0.007770 0.007770 0.054978 0.929483 
0.250000 0.250000 0.250000 0.250000 
  18
0.479817 0.005399 0.046210 
0.462778 0.988968 0.462022 
0.057405 0.005633 0.491768 
0.976691 0.007770 0.007770 0.007770 
0.250000 0.250000 0.250000 0.250000 
  19
0.479817 0.005399 0.046210 
0.462778 0.988968 0.462022 
0.057405 0.005633 0.491768 
0.010742 0.973719 0.007770 0.007770 
0.250000 0.250000 0.250000 0.250000 
  20
0.479817 0.005399 0.046210 
0.462778 0.988968 0.462022 
0.057405 0.005633 0.491768 
0.007770 0.007770 0.009443 0.975018 
0.250000 0.250000 0.250000 0.250000 
  21
0.479817 0.005399 0.046210 
0.462778 0.988968 0.462022 
0.057405 0.005633 0.491768 
0.007770 0.010257 0.015900 0.966073 
0.250000 0.250000 0.250000 0.250000 
  22
0.479817 0.005399 0.046210 
0.462778 0.988968 0.462022 
0.057405 0.005633 0.491768 
0.008962 0.007770 0.970985 0.012283 
0.250000 0.250000 0.250000 0.250000 
  23
0.479817 0.005399 0.046210 
0.462778 0.988968 0.462022 
0.057405 0.005633 0.491768 
0.007770 0.007770 0.007770 0.976691 
0.250000 0.250000 0.250000 0.250000 
  24
0.479817 0.005399 0.046210 
0.462778 0.988968 0.462022 
0.057405 0.005633 0.491768 
0.013190 0.966255 0.007770 0.012786 
0.250000 0.250000 0.250000 0.250000 
  25
0.479817 0.005399 0.046210 
0.462778 0.988968 0.462022 
0.057405 0.005633 0.491768 
0.007770 0.009063 0.975398 0.007770 
0.250000 0.250000 0.250000 0.250000 
  26
0.479817 0.005399 0.046210 
0.462778 0.988968 0.462022 
0.057405 0.005633 0.491768 
0.007770 0.007770 0.007770 0.976691 
0.250000 0.250000 0.250000 0.250000 
  27
0.479817 0.005399 0.046210 
0.462778 0.988968 0.462022 
0.057405 0.005633 0.491768 
0.976691 0.007770 0.007770 0.007770 
0.250000 0.250000 0.250000 0.250000 
  28
0.479817 0.005399 0.046210 
0.462778 0.988968 0.462022 
0.057405 0.005633 0.491768 
0.007770 0.007770 0.009973 0.974488 
0.250000 0.250000 0.250000 0.250000 
  29
0.479817 0.005399 0.046210 
0.462778 0.988968 0.462022 
0.057405 0.005633 0.491768 
0.960634 0.013894 0.007770 0.017702 
0.250000 0.250000 0.250000 0.250000 
  30
0.479817 0.005399 0.046210 
0.462778 0.988968 0.462022 
0.057405 0.005633 0.491768 
0.007770 0.007770 0.014264 0.970197 
0.250000 0.250000 0.250000 0.250000 
  31
0.479817 0.005399 0.046210 
0.462778 0.988968 0.462022 
0.057405 0.005633 0.491768 
0.976691 0.007770 0.007770 0.007770 
0.250000 0.250000 0.250000 0.250000 
  32
0.479817 0.005399 0.046210 
0.462778 0.988968 0.462022 
0.057405 0.005633 0.491768 
0.007770 0.007770 0.976691 0.007770 
0.250000 0.250000 0.250000 0.250000 
  33
0.479817 0.005399 0.046210 
0.462778 0.988968 0.462022 
0.057405 0.005633 0.491768 
0.975610 0.008851 0.007770 0.007770 
0.250000 0.250000 0.250000 0.250000 
  34
0.479817 0.005399 0.046210 
0.462778 0.988968 0.462022 
0.057405 0.005633 0.491768 
0.010192 0.009214 0.012386 0.968208 
0.250000 0.250000 0.250000 0.250000 
  35
0.479817 0.005399 0.046210 
0.462778 0.988968 0.462022 
0.057405 0.005633 0.491768 
0.007770 0.008801 0.008801 0.974628 
0.250000 0.250000 0.250000 0.250000 
  36
0.479817 0.005399 0.046210 
0.462778 0.988968 0.462022 
0.057405 0.005633 0.491768 
0.008822 0.007770 0.011410 0.971999 
0.250000 0.250000 0.250000 0.250000 
  37
0.479817 0.005399 0.046210 
0.462778 0.988968 0.462022 
0.057405 0.005633 0.491768 
0.019439 0.965022 0.007770 0.007770 
0.250000 0.250000 0.250000 0.250000 
  38
0.479817 0.005399 0.046210 
0.462778 0.988968 0.462022 
0.057405 0.005633 0.491768 
0.007775 0.009361 0.972588 0.010275 
0.250000 0.250000 0.250000 0.250000 
  39
0.479817 0.005399 0.046210 
0.462778 0.988968 0.462022 
0.057405 0.005633 0.491768 
0.976691 0.007770 0.007770 0.007770 
0.250000 0.250000 0.250000 0.250000 
  40
0.479817 0.005399 0.046210 
0.462778 0.988968 0.462022 
0.057405 0.005633 0.491768 
0.951084 0.033377 0.007770 0.007770 
0.250000 0.250000 0.250000 0.250000 
  41
0.479817 0.005399 0.046210 
0.462778 0.988968 0.462022 
0.057405 0.005633 0.491768 
0.007770 0.007770 0.959147 0.025314 
0.250000 0.250000 0.250000 0.250000 
  42
0.479817 0.005399 0.046210 
0.462778 0.988968 0.462022 
0.057405 0.005633 0.491768 
0.009214 0.007770 0.968464 0.014553 
0.250000 0.250000 0.250000 0.250000 
  43
0.479817 0.005399 0.046210 
0.462778 0.988968 0.462022 
0.057405 0.005633 0.491768 
0.014418 0.970043 0.007770 0.007770 
0.250000 0.250000 0.250000 0.250000 
  44
0.479817 0.005399 0.046210 
0.462778 0.988968 0.462022 
0.057405 0.005633 0.491768 
0.007770 0.007770 0.975390 0.009071 
0.250000 0.250000 0.250000 0.250000 
  45
0.479817 0.005399 0.046210 
0.462778 0.988968 0.462022 
0.057405 0.005633 0.491768 
0.973552 0.007770 0.010909 0.007770 
0.250000 0.250000 0.250000 0.250000 
  46
0.479817 0.005399 0.046210 
0.462778 0.988968 0.462022 
0.057405 0.005633 0.491768 
0.972289 0.011080 0.007770 0.008861 
0.250000 0.250000 0.250000 0.250000 
  47
0.479817 0.005399 0.046210 
0.462778 0.988968 0.462022 
0.057405 0.005633 0.491768 
0.970304 0.013180 0.008746 0.007770 
0.250000 0.250000 0.250000 0.250000 
  48
0.479817 0.005399 0.046210 
0.462778 0.988968 0.462022 
0.057405 0.005633 0.491768 
0.011387 0.008965 0.009963 0.969684 
0.250000 0.250000 0.250000 0.250000 
  49
0.479817 0.005399 0.046210 
0.462778 0.988968 0.462022 
0.057405 0.005633 0.491768 
0.011340 0.973121 0.007770 0.007770 
0.250000 0.250000 0.250000 0.250000 
  50
0.479817 0.005399 0.046210 
0.462778 0.988968 0.462022 
0.057405 0.005633 0.491768 
0.007770 0.007770 0.976691 0.007770 
0.250000 0.250000 0.250000 0.250000 
  51
0.479817 0.005399 0.046210 
0.462778 0.988968 0.462022 
0.057405 0.005633 0.491768 
0.974020 0.007770 0.010441 0.007770 
0.250000 0.250000 0.250000 0.250000 
  52
0.479817 0.005399 0.046210 
0.462778 0.988968 0.462022 
0.057405 0.005633 0.491768 
0.007770 0.976691 0.007770 0.007770 
0.250000 0.250000 0.250000 0.250000 
  53
0.479817 0.005399 0.046210 
0.462778 0.988968 0.462022 
0.057405 0.005633 0.491768 
0.976691 0.007770 0.007770 0.007770 
0.250000 0.250000 0.250000 0.250000 
  54
0.479817 0.005399 0.046210 
0.462778 0.988968 0.462022 
0.057405 0.005633 0.491768 
0.007770 0.007770 0.972461 0.012000 
0.250000 0.250000 0.250000 0.250000 
  55
0.479817 0.005399 0.046210 
0.462778 0.988968 0.462022 
0.057405 0.005633 0.491768 
0.976691 0.007770 0.007770 0.007770 
0.250000 0.250000 0.250000 0.250000 
  56
0.479817 0.005399 0.046210 
0.462778 0.988968 0.462022 
0.057405 0.005633 0.491768 
0.007777 0.007777 0.976669 0.007777 
0.250000 0.250000 0.250000 0.250000 
  57
0.479817 0.005399 0.046210 
0.462778 0.988968 0.462022 
0.057405 0.005633 0.491768 
0.976691 0.007770 0.007770 0.007770 
0.250000 0.250000 0.250000 0.250000 
  58
0.479817 0.005399 0.046210 
0.462778 0.988968 0.462022 
0.057405 0.005633 0.491768 
0.007770 0.007770 0.014676 0.969785 
0.250000 0.250000 0.250000 0.250000 
  59
0.479817 0.005399 0.046210 
0.462778 0.988968 0.462022 
0.057405 0.005633 0.491768 
0.007770 0.007770 0.007770 0.976691 
0.250000 0.250000 0.250000 0.250000 
  60
0.479817 0.005399 0.046210 
0.462778 0.988968 0.462022 
0.057405 0.005633 0.491768 
0.916488 0.067973 0.007770 0.007770 
0.250000 0.250000 0.250000 0.250000 
  61
0.479817 0.005399 0.046210 
0.462778 0.988968 0.462022 
0.057405 0.005633 0.491768 
0.007770 0.007770 0.007770 0.976691 
0.250000 0.250000 0.250000 0.250000 
  62
0.479817 0.005399 0.046210 
0.462778 0.988968 0.462022 
0.057405 0.005633 0.491768 
0.007770 0.976691 0.007770 0.007770 
0.250000 0.250000 0.250000 0.250000 
  63
0.479817 0.005399 0.046210 
0.462778 0.988968 0.462022 
0.057405 0.005633 0.491768 
0.007770 0.007770 0.010766 0.973695 
0.250000 0.250000 0.250000 0.250000 
  64
0.479817 0.005399 0.046210 
0.462778 0.988968 0.462022 
0.057405 0.005633 0.491768 
0.976691 0.007770 0.007770 0.007770 
0.250000 0.250000 0.250000 0.250000 
  65
0.479817 0.005399 0.046210 
0.462778 0.988968 0.462022 
0.057405 0.005633 0.491768 
0.007770 0.007770 0.009294 0.975166 
0.250000 0.250000 0.250000 0.250000 
  66
0.479817 0.005399 0.046210 
0.462778 0.988968 0.462022 
0.057405 0.005633 0.491768 
0.974449 0.007770 0.010012 0.007770 
0.250000 0.250000 0.250000 0.250000 
  67
0.479817 0.005399 0.046210 
0.462778 0.988968 0.462022 
0.057405 0.005633 0.491768 
0.007770 0.976691 0.007770 0.007770 
0.250000 0.250000 0.250000 0.250000 
  68
0.479817 0.005399 0.046210 
0.462778 0.988968 0.462022 
0.057405 0.005633 0.491768 
0.007770 0.976691 0.007770 0.007770 
0.250000 0.250000 0.250000 0.250000 
  69
0.479817 0.005399 0.046210 
0.462778 0.988968 0.462022 
0.057405 0.005633 0.491768 
0.007770 0.008897 0.007770 0.975564 
0.250000 0.250000 0.250000 0.250000 
  70
0.479817 0.005399 0.046210 
0.462778 0.988968 0.462022 
0.057405 0.005633 0.491768 
0.007770 0.007770 0.010524 0.973937 
0.250000 0.250000 0.250000 0.250000 
  71
0.479817 0.005399 0.046210 
0.462778 0.988968 0.462022 
0.057405 0.005633 0.491768 
0.975004 0.007770 0.007770 0.009457 
0.250000 0.250000 0.250000 0.250000 
  72
0.479817 0.005399 0.046210 
0.462778 0.988968 0.462022 
0.057405 0.005633 0.491768 
0.007770 0.007770 0.015513 0.968948 
0.250000 0.250000 0.250000 0.250000 
  73
0.479817 0.005399 0.046210 
0.462778 0.988968 0.462022 
0.057405 0.005633 0.491768 
0.007770 0.007770 0.976691 0.007770 
0.250000 0.250000 0.250000 0.250000 
  74
0.479817 0.005399 0.046210 
0.462778 0.988968 0.462022 
0.057405 0.005633 0.491768 
0.976691 0.007770 0.007770 0.007770 
0.250000 0.250000 0.250000 0.250000 
  75
0.479817 0.005399 0.046210 
0.462778 0.988968 0.462022 
0.057405 0.005633 0.491768 
0.007770 0.007770 0.010072 0.974388 
0.250000 0.250000 0.250000 0.250000 
  76
0.479817 0.005399 0.046210 
0.462778 0.988968 0.462022 
0.057405 0.005633 0.491768 
0.009197 0.975250 0.007776 0.007776 
0.250000 0.250000 0.250000 0.250000 
  77
0.479817 0.005399 0.046210 
0.462778 0.988968 0.462022 
0.057405 0.005633 0.491768 
0.007776 0.008690 0.974836 0.008698 
0.250000 0.250000 0.250000 0.250000 
  78
0.479817 0.005399 0.046210 
0.462778 0.988968 0.462022 
0.057405 0.005633 0.491768 
0.021983 0.962478 0.007770 0.007770 
0.250000 0.250000 0.250000 0.250000 
  79
0.479817 0.005399 0.046210 
0.462778 0.988968 0.462022 
0.057405 0.005633 0.491768 
0.975623 0.008838 0.007770 0.007770 
0.250000 0.250000 0.250000 0.250000 
  80
0.479817 0.005399 0.046210 
0.462778 0.988968 0.462022 
0.057405 0.005633 0.491768 
0.976691 0.007770 0.007770 0.007770 
0.250000 0.250000 0.250000 0.250000 
  81
0.479817 0.005399 0.046210 
0.462778 0.988968 0.462022 
0.057405 0.005633 0.491768 
0.007770 0.007770 0.973599 0.010862 
0.250000 0.250000 0.250000 0.250000 
  82
0.479817 0.005399 0.046210 
0.462778 0.988968 0.462022 
0.057405 0.005633 0.491768 
0.976691 0.007770 0.007770 0.007770 
0.250000 0.250000 0.250000 0.250000 
  83
0.479817 0.005399 0.046210 
0.462778 0.988968 0.462022 
0.057405 0.005633 0.491768 
0.975217 0.009244 0.007770 0.007770 
0.250000 0.250000 0.250000 0.250000 
  84
0.479817 0.005399 0.046210 
0.462778 0.988968 0.462022 
0.057405 0.005633 0.491768 
0.007770 0.007770 0.010989 0.973472 
0.250000 0.250000 0.250000 0.250000 
  85
0.479817 0.005399 0.046210 
0.462778 0.988968 0.462022 
0.057405 0.005633 0.491768 
0.007770 0.007770 0.007770 0.976691 
0.250000 0.250000 0.250000 0.250000 
  86
0.479817 0.005399 0.046210 
0.462778 0.988968 0.462022 
0.057405 0.005633 0.491768 
0.007770 0.007770 0.976691 0.007770 
0.250000 0.250000 0.250000 0.250000 
  87
0.479817 0.005399 0.046210 
0.462778 0.988968 0.462022 
0.057405 0.005633 0.491768 
0.975652 0.008809 0.007770 0.007770 
0.250000 0.250000 0.250000 0.250000 
  88
0.479817 0.005399 0.046210 
0.462778 0.988968 0.462022 
0.057405 0.005633 0.491768 
0.974955 0.007770 0.007770 0.009505 
0.250000 0.250000 0.250000 0.250000 
  89
0.479817 0.005399 0.046210 
0.462778 0.988968 0.462022 
0.057405 0.005633 0.491768 
0.007770 0.007770 0.976691 0.007770 
0.250000 0.250000 0.250000 0.250000 
  90
0.479817 0.005399 0.046210 
0.462778 0.988968 0.462022 
0.057405 0.005633 0.491768 
0.976691 0.007770 0.007770 0.007770 
0.250000 0.250000 0.250000 0.250000 
  91
0.479817 0.005399 0.046210 
0.462778 0.988968 0.462022 
0.057405 0.005633 0.491768 
0.013384 0.971076 0.007770 0.007770 
0.250000 0.250000 0.250000 0.250000 
  92
0.479817 0.005399 0.046210 
0.462778 0.988968 0.462022 
0.057405 0.005633 0.491768 
0.975562 0.008899 0.007770 0.007770 
0.250000 0.250000 0.250000 0.250000 
  93
0.479817 0.005399 0.046210 
0.462778 0.988968 0.462022 
0.057405 0.005633 0.491768 
0.007770 0.007770 0.976691 0.007770 
0.250000 0.250000 0.250000 0.250000 
  94
0.479817 0.005399 0.046210 
0.462778 0.988968 0.462022 
0.057405 0.005633 0.491768 
0.976691 0.007770 0.007770 0.007770 
0.250000 0.250000 0.250000 0.250000 
  95
0.479817 0.005399 0.046210 
0.462778 0.988968 0.462022 
0.057405 0.005633 0.491768 
0.007770 0.007770 0.976691 0.007770 
0.250000 0.250000 0.250000 0.250000 
  96
0.479817 0.005399 0.046210 
0.462778 0.988968 0.462022 
0.057405 0.005633 0.491768 
0.008857 0.007770 0.008718 0.974655 
0.250000 0.250000 0.250000 0.250000 
  97
0.479817 0.005399 0.046210 
0.462778 0.988968 0.462022 
0.057405 0.005633 0.491768 
0.007770 0.976691 0.007770 0.007770 
0.250000 0.250000 0.250000 0.250000 
  98
0.479817 0.005399 0.046210 
0.462778 0.988968 0.462022 
0.057405 0.005633 0.491768 
0.007770 0.009045 0.007770 0.975416 
0.250000 0.250000 0.250000 0.250000 
  99
0.479817 0.005399 0.046210 
0.462778 0.988968 0.462022 
0.057405 0.005633 0.491768 
0.970660 0.013788 0.007776 0.007776 
0.250000 0.250000 0.250000 0.250000 
 100
0.479817 0.005399 0.046210 
0.462778 0.988968 0.462022 
0.057405 0.005633 0.491768 
0.007770 0.976691 0.007770 0.007770 
0.250000 0.250000 0.250000 0.250000 
 101
0.479817 0.005399 0.046210 
0.462778 0.988968 0.462022 
0.057405 0.005633 0.491768 
0.976691 0.007770 0.007770 0.007770 
0.250000 0.250000 0.250000 0.250000 
 102
0.479817 0.005399 0.046210 
0.462778 0.988968 0.462022 
0.057405 0.005633 0.491768 
0.007770 0.007770 0.975415 0.009046 
0.250000 0.250000 0.250000 0.250000 
 103
0.479817 0.005399 0.046210 
0.462778 0.988968 0.462022 
0.057405 0.005633 0.491768 
0.976691 0.007770 0.007770 0.007770 
0.250000 0.250000 0.250000 0.250000 
 104
0.479817 0.005399 0.046210 
0.462778 0.988968 0.462022 
0.057405 0.005633 0.491768 
0.007770 0.007770 0.976691 0.007770 
0.250000 0.250000 0.250000 0.250000 
 105
0.479817 0.005399 0.046210 
0.462778 0.988968 0.462022 
0.057405 0.005633 0.491768 
0.971686 0.011688 0.008857 0.007770 
0.250000 0.250000 0.250000 0.250000 
 106
0.479817 0.005399 0.046210 
0.462778 0.988968 0.462022 
0.057405 0.005633 0.491768 
0.009783 0.974677 0.007770 0.007770 
0.250000 0.250000 0.250000 0.250000 
 107
0.479817 0.005399 0.046210 
0.462778 0.988968 0.462022 
0.057405 0.005633 0.491768 
0.009828 0.007770 0.007770 0.974633 
0.250000 0.250000 0.250000 0.250000 
 108
0.479817 0.005399 0.046210 
0.462778 0.988968 0.462022 
0.057405 0.005633 0.491768 
0.970418 0.011730 0.007770 0.010082 
0.250000 0.250000 0.250000 0.250000 
 109
0.479817 0.005399 0.046210 
0.462778 0.988968 0.462022 
0.057405 0.005633 0.491768 
0.009118 0.007770 0.969282 0.013831 
0.250000 0.250000 0.250000 0.250000 
 110
0.479817 0.005399 0.046210 
0.462778 0.988968 0.462022 
0.057405 0.005633 0.491768 
0.007770 0.007770 0.007770 0.976691 
0.250000 0.250000 0.250000 0.250000 
 111
0.479817 0.005399 0.046210 
0.462778 0.988968 0.462022 
0.057405 0.005633 0.491768 
0.973991 0.010470 0.007770 0.007770 
0.250000 0.250000 0.250000 0.250000 
 112
0.479817 0.005399 0.046210 
0.462778 0.988968 0.462022 
0.057405 0.005633 0.491768 
0.007770 0.976691 0.007770 0.007770 
0.250000 0.250000 0.250000 0.250000 
 113
0.479817 0.005399 0.046210 
0.462778 0.988968 0.462022 
0.057405 0.005633 0.491768 
0.975601 0.008860 0.007770 0.007770 
0.250000 0.250000 0.250000 0.250000 
 114
0.479817 0.005399 0.046210 
0.462778 0.988968 0.462022 
0.057405 0.005633 0.491768 
0.939800 0.044661 0.007770 0.007770 
0.250000 0.250000 0.250000 0.250000 
 115
0.479817 0.005399 0.046210 
0.462778 0.988968 0.462022 
0.057405 0.005633 0.491768 
0.976691 0.007770 0.007770 0.007770 
0.250000 0.250000 0.250000 0.250000 
 116
0.479817 0.005399 0.046210 
0.462778 0.988968 0.462022 
0.057405 0.005633 0.491768 
0.973105 0.011356 0.007770 0.007770 
0.250000 0.250000 0.250000 0.250000 
 117
0.479817 0.005399 0.046210 
0.462778 0.988968 0.462022 
0.057405 0.005633 0.491768 
0.012099 0.972362 0.007770 0.007770 
0.250000 0.250000 0.250000 0.250000 
 118
0.479817 0.005399 0.046210 
0.462778 0.988968 0.462022 
0.057405 0.005633 0.491768 
0.976691 0.007770 0.007770 0.007770 
0.250000 0.250000 0.250000 0.250000 
 119
0.479817 0.005399 0.046210 
0.462778 0.988968 0.462022 
0.057405 0.005633 0.491768 
0.976691 0.007770 0.007770 0.007770 
0.250000 0.250000 0.250000 0.250000 
 120
0.479817 0.005399 0.046210 
0.462778 0.988968 0.462022 
0.057405 0.005633 0.491768 
0.007770 0.007770 0.009571 0.974890 
0.250000 0.250000 0.250000 0.250000 
 121
0.479817 0.005399 0.046210 
0.462778 0.988968 0.462022 
0.057405 0.005633 0.491768 
0.007770 0.975583 0.007770 0.008878 
0.250000 0.250000 0.250000 0.250000 
 122
0.479817 0.005399 0.046210 
0.462778 0.988968 0.462022 
0.057405 0.005633 0.491768 
0.007770 0.007770 0.007770 0.976691 
0.250000 0.250000 0.250000 0.250000 
 123
0.479817 0.005399 0.046210 
0.462778 0.988968 0.462022 
0.057405 0.005633 0.491768 
0.976691 0.007770 0.007770 0.007770 
0.250000 0.250000 0.250000 0.250000 
 124
0.479817 0.005399 0.046210 
0.462778 0.988968 0.462022 
0.057405 0.005633 0.491768 
0.976691 0.007770 0.007770 0.007770 
0.250000 0.250000 0.250000 0.250000 
 125
0.479817 0.005399 0.046210 
0.462778 0.988968 0.462022 
0.057405 0.005633 0.491768 
0.007770 0.007770 0.976691 0.007770 
0.250000 0.250000 0.250000 0.250000 
 126
0.479817 0.005399 0.046210 
0.462778 0.988968 0.462022 
0.057405 0.005633 0.491768 
0.975268 0.007770 0.007770 0.009193 
0.250000 0.250000 0.250000 0.250000 
 127
0.479817 0.005399 0.046210 
0.462778 0.988968 0.462022 
0.057405 0.005633 0.491768 
0.009193 0.975268 0.007770 0.007770 
0.250000 0.250000 0.250000 0.250000 
 128
0.479817 0.005399 0.046210 
0.462778 0.988968 0.462022 
0.057405 0.005633 0.491768 
0.007770 0.007770 0.007770 0.976691 
0.250000 0.250000 0.250000 0.250000 
 129
0.479817 0.005399 0.046210 
0.462778 0.988968 0.462022 
0.057405 0.005633 0.491768 
0.976691 0.007770 0.007770 0.007770 
0.250000 0.250000 0.250000 0.250000 
 130
0.479817 0.005399 0.046210 
0.462778 0.988968 0.462022 
0.057405 0.005633 0.491768 
0.976691 0.007770 0.007770 0.007770 
0.250000 0.250000 0.250000 0.250000 
 131
0.479817 0.005399 0.046210 
0.462778 0.988968 0.462022 
0.057405 0.005633 0.491768 
0.007770 0.007770 0.976691 0.007770 
0.250000 0.250000 0.250000 0.250000 
 132
0.479817 0.005399 0.046210 
0.462778 0.988968 0.462022 
0.057405 0.005633 0.491768 
0.849480 0.007770 0.007770 0.134981 
0.250000 0.250000 0.250000 0.250000 
 133
0.479817 0.005399 0.046210 
0.462778 0.988968 0.462022 
0.057405 0.005633 0.491768 
0.007770 0.007770 0.976691 0.007770 
0.250000 0.250000 0.250000 0.250000 
 134
0.479817 0.005399 0.046210 
0.462778 0.988968 0.462022 
0.057405 0.005633 0.491768 
0.976691 0.007770 0.007770 0.007770 
0.250000 0.250000 0.250000 0.250000 
 135
0.479817 0.005399 0.046210 
0.462778 0.988968 0.462022 
0.057405 0.005633 0.491768 
0.007770 0.007770 0.972576 0.011885 
0.250000 0.250000 0.250000 0.250000 
 136
0.479817 0.005399 0.046210 
0.462778 0.988968 0.462022 
0.057405 0.005633 0.491768 
0.007770 0.008778 0.007770 0.975683 
0.250000 0.250000 0.250000 0.250000 
 137
0.479817 0.005399 0.046210 
0.462778 0.988968 0.462022 
0.057405 0.005633 0.491768 
0.007770 0.007770 0.976691 0.007770 
0.250000 0.250000 0.250000 0.250000 
 138
0.479817 0.005399 0.046210 
0.462778 0.988968 0.462022 
0.057405 0.005633 0.491768 
0.008715 0.007770 0.020561 0.962955 
0.250000 0.250000 0.250000 0.250000 
 139
0.479817 0.005399 0.046210 
0.462778 0.988968 0.462022 
0.057405 0.005633 0.491768 
0.009027 0.975418 0.007777 0.007777 
0.250000 0.250000 0.250000 0.250000 
 140
0.479817 0.005399 0.046210 
0.462778 0.988968 0.462022 
0.057405 0.005633 0.491768 
0.007770 0.007770 0.007770 0.976691 
0.250000 0.250000 0.250000 0.250000 
 141
0.479817 0.005399 0.046210 
0.462778 0.988968 0.462022 
0.057405 0.005633 0.491768 
0.007770 0.009367 0.013897 0.968966 
0.250000 0.250000 0.250000 0.250000 
 142
0.479817 0.005399 0.046210 
0.462778 0.988968 0.462022 
0.057405 0.005633 0.491768 
0.968528 0.015933 0.007770 0.007770 
0.250000 0.250000 0.250000 0.250000 
 143
0.479817 0.005399 0.046210 
0.462778 0.988968 0.462022 
0.057405 0.005633 0.491768 
0.976691 0.007770 0.007770 0.007770 
0.250000 0.250000 0.250000 0.250000 
 144
0.479817 0.005399 0.046210 
0.462778 0.988968 0.462022 
0.057405 0.005633 0.491768 
0.007770 0.007770 0.969275 0.015186 
0.250000 0.250000 0.250000 0.250000 
 145
0.479817 0.005399 0.046210 
0.462778 0.988968 0.462022 
0.057405 0.005633 0.491768 
0.007770 0.007770 0.976691 0.007770 
0.250000 0.250000 0.250000 0.250000 
 146
0.479817 0.005399 0.046210 
0.462778 0.988968 0.462022 
0.057405 0.005633 0.491768 
0.007770 0.007770 0.007770 0.976691 
0.250000 0.250000 0.250000 0.250000 
 147
0.479817 0.005399 0.046210 
0.462778 0.988968 0.462022 
0.057405 0.005633 0.491768 
0.007770 0.007770 0.007770 0.976691 
0.250000 0.250000 0.250000 0.250000 
 148
0.479817 0.005399 0.046210 
0.462778 0.988968 0.462022 
0.057405 0.005633 0.491768 
0.007775 0.007775 0.975349 0.009101 
0.250000 0.250000 0.250000 0.250000 
 149
0.479817 0.005399 0.046210 
0.462778 0.988968 0.462022 
0.057405 0.005633 0.491768 
0.007770 0.007770 0.007770 0.976691 
0.250000 0.250000 0.250000 0.250000 
 150
0.479817 0.005399 0.046210 
0.462778 0.988968 0.462022 
0.057405 0.005633 0.491768 
0.972944 0.008955 0.010332 0.007770 
0.250000 0.250000 0.250000 0.250000 
 151
0.479817 0.005399 0.046210 
0.462778 0.988968 0.462022 
0.057405 0.005633 0.491768 
0.007770 0.976691 0.007770 0.007770 
0.250000 0.250000 0.250000 0.250000 
 152
0.479817 0.005399 0.046210 
0.462778 0.988968 0.462022 
0.057405 0.005633 0.491768 
0.976691 0.007770 0.007770 0.007770 
0.250000 0.250000 0.250000 0.250000 
 153
0.479817 0.005399 0.046210 
0.462778 0.988968 0.462022 
0.057405 0.005633 0.491768 
0.974451 0.010009 0.007770 0.007770 
0.250000 0.250000 0.250000 0.250000 
 154
0.479817 0.005399 0.046210 
0.462778 0.988968 0.462022 
0.057405 0.005633 0.491768 
0.015241 0.969207 0.007776 0.007776 
0.250000 0.250000 0.250000 0.250000 
 155
0.479817 0.005399 0.046210 
0.462778 0.988968 0.462022 
0.057405 0.005633 0.491768 
0.974723 0.008734 0.007770 0.008773 
0.250000 0.250000 0.250000 0.250000 
 156
0.479817 0.005399 0.046210 
0.462778 0.988968 0.462022 
0.057405 0.005633 0.491768 
0.007770 0.007770 0.976691 0.007770 
0.250000 0.250000 0.250000 0.250000 
 157
0.479817 0.005399 0.046210 
0.462778 0.988968 0.462022 
0.057405 0.005633 0.491768 
0.975388 0.009072 0.007770 0.007770 
0.250000 0.250000 0.250000 0.250000 
 158
0.479817 0.005399 0.046210 
0.462778 0.988968 0.462022 
0.057405 0.005633 0.491768 
0.974089 0.010371 0.007770 0.007770 
0.250000 0.250000 0.250000 0.250000 
 159
0.479817 0.005399 0.046210 
0.462778 0.988968 0.462022 
0.057405 0.005633 0.491768 
0.021791 0.957985 0.007770 0.012455 
0.250000 0.250000 0.250000 0.250000 
 160
0.479817 0.005399 0.046210 
0.462778 0.988968 0.462022 
0.057405 0.005633 0.491768 
0.007770 0.007770 0.976691 0.007770 
0.250000 0.250000 0.250000 0.250000 
 161
0.479817 0.005399 0.046210 
0.462778 0.988968 0.462022 
0.057405 0.005633 0.491768 
0.976691 0.007770 0.007770 0.007770 
0.250000 0.250000 0.250000 0.250000 
 162
0.479817 0.005399 0.046210 
0.462778 0.988968 0.462022 
0.057405 0.005633 0.491768 
0.007770 0.007770 0.016128 0.968333 
0.250000 0.250000 0.250000 0.250000 
 163
0.479817 0.005399 0.046210 
0.462778 0.988968 0.462022 
0.057405 0.005633 0.491768 
0.931880 0.052548 0.007786 0.007786 
0.250000 0.250000 0.250000 0.250000 
 164
0.479817 0.005399 0.046210 
0.462778 0.988968 0.462022 
0.057405 0.005633 0.491768 
0.975648 0.008813 0.007770 0.007770 
0.250000 0.250000 0.250000 0.250000 
 165
0.479817 0.005399 0.046210 
0.462778 0.988968 0.462022 
0.057405 0.005633 0.491768 
0.007770 0.007770 0.885548 0.098913 
0.250000 0.250000 0.250000 0.250000 
 166
0.479817 0.005399 0.046210 
0.462778 0.988968 0.462022 
0.057405 0.005633 0.491768 
0.013015 0.971446 0.007770 0.007770 
0.250000 0.250000 0.250000 0.250000 
 167
0.479817 0.005399 0.046210 
0.462778 0.988968 0.462022 
0.057405 0.005633 0.491768 
0.008827 0.975634 0.007770 0.007770 
0.250000 0.250000 0.250000 0.250000 
 168
0.479817 0.005399 0.046210 
0.462778 0.988968 0.462022 
0.057405 0.005633 0.491768 
0.010952 0.973509 0.007770 0.007770 
0.250000 0.250000 0.250000 0.250000 
 169
0.479817 0.005399 0.046210 
0.462778 0.988968 0.462022 
0.057405 0.005633 0.491768 
0.976691 0.007770 0.007770 0.007770 
0.250000 0.250000 0.250000 0.250000 
 170
0.479817 0.005399 0.046210 
0.462778 0.988968 0.462022 
0.057405 0.005633 0.491768 
0.973789 0.010672 0.007770 0.007770 
0.250000 0.250000 0.250000 0.250000 
 171
0.479817 0.005399 0.046210 
0.462778 0.988968 0.462022 
0.057405 0.005633 0.491768 
0.975395 0.009065 0.007770 0.007770 
0.250000 0.250000 0.250000 0.250000 
 172
0.479817 0.005399 0.046210 
0.462778 0.988968 0.462022 
0.057405 0.005633 0.491768 
0.007784 0.007784 0.965798 0.018635 
0.250000 0.250000 0.250000 0.250000 
 173
0.479817 0.005399 0.046210 
0.462778 0.988968 0.462022 
0.057405 0.005633 0.491768 
0.007770 0.007770 0.007770 0.976691 
0.250000 0.250000 0.250000 0.250000 
 174
0.479817 0.005399 0.046210 
0.462778 0.988968 0.462022 
0.057405 0.005633 0.491768 
0.976691 0.007770 0.007770 0.007770 
0.250000 0.250000 0.250000 0.250000 
 175
0.479817 0.005399 0.046210 
0.462778 0.988968 0.462022 
0.057405 0.005633 0.491768 
0.007770 0.007770 0.007770 0.976691 
0.250000 0.250000 0.250000 0.250000 
 176
0.479817 0.005399 0.046210 
0.462778 0.988968 0.462022 
0.057405 0.005633 0.491768 
0.007770 0.976691 0.007770 0.007770 
0.250000 0.250000 0.250000 0.250000 
 177
0.479817 0.005399 0.046210 
0.462778 0.988968 0.462022 
0.057405 0.005633 0.491768 
0.007770 0.007770 0.976691 0.007770 
0.250000 0.250000 0.250000 0.250000 
 178
0.479817 0.005399 0.046210 
0.462778 0.988968 0.462022 
0.057405 0.005633 0.491768 
0.976669 0.007777 0.007777 0.007777 
0.250000 0.250000 0.250000 0.250000 
 179
0.479817 0.005399 0.046210 
0.462778 0.988968 0.462022 
0.057405 0.005633 0.491768 
0.974373 0.010088 0.007770 0.007770 
0.250000 0.250000 0.250000 0.250000 
 180
0.479817 0.005399 0.046210 
0.462778 0.988968 0.462022 
0.057405 0.005633 0.491768 
0.964763 0.019686 0.007775 0.007775 
0.250000 0.250000 0.250000 0.250000 
 181
0.479817 0.005399 0.046210 
0.462778 0.988968 0.462022 
0.057405 0.005633 0.491768 
0.007770 0.007770 0.972294 0.012167 
0.250000 0.250000 0.250000 0.250000 
 182
0.479817 0.005399 0.046210 
0.462778 0.988968 0.462022 
0.057405 0.005633 0.491768 
0.007770 0.007770 0.007770 0.976691 
0.250000 0.250000 0.250000 0.250000 
 183
0.479817 0.005399 0.046210 
0.462778 0.988968 0.462022 
0.057405 0.005633 0.491768 
0.968920 0.012567 0.010744 0.007770 
0.250000 0.250000 0.250000 0.250000 
 184
0.479817 0.005399 0.046210 
0.462778 0.988968 0.462022 
0.057405 0.005633 0.491768 
0.970411 0.014037 0.007776 0.007776 
0.250000 0.250000 0.250000 0.250000 
 185
0.479817 0.005399 0.046210 
0.462778 0.988968 0.462022 
0.057405 0.005633 0.491768 
0.029223 0.955238 0.007770 0.007770 
0.250000 0.250000 0.250000 0.250000 
 186
0.479817 0.005399 0.046210 
0.462778 0.988968 0.462022 
0.057405 0.005633 0.491768 
0.974458 0.008834 0.007777 0.008931 
0.250000 0.250000 0.250000 0.250000 
 187
0.479817 0.005399 0.046210 
0.462778 0.988968 0.462022 
0.057405 0.005633 0.491768 
0.007777 0.976668 0.007777 0.007777 
0.250000 0.250000 0.250000 0.250000 
 188
0.479817 0.005399 0.046210 
0.462778 0.988968 0.462022 
0.057405 0.005633 0.491768 
0.007770 0.976691 0.007770 0.007770 
0.250000 0.250000 0.250000 0.250000 
 189
0.479817 0.005399 0.046210 
0.462778 0.988968 0.462022 
0.057405 0.005633 0.491768 
0.019689 0.963255 0.007770 0.009287 
0.250000 0.250000 0.250000 0.250000 
 190
0.479817 0.005399 0.046210 
0.462778 0.988968 0.462022 
0.057405 0.005633 0.491768 
0.033551 0.950909 0.007770 0.007770 
0.250000 0.250000 0.250000 0.250000 
 191
0.479817 0.005399 0.046210 
0.462778 0.988968 0.462022 
0.057405 0.005633 0.491768 
0.007770 0.007770 0.013971 0.970490 
0.250000 0.250000 0.250000 0.250000 
 192
0.479817 0.005399 0.046210 
0.462778 0.988968 0.462022 
0.057405 0.005633 0.491768 
0.974554 0.007770 0.007770 0.009906 
0.250000 0.250000 0.250000 0.250000 
 193
0.479817 0.005399 0.046210 
0.462778 0.988968 0.462022 
0.057405 0.005633 0.491768 
0.026064 0.957085 0.009082 0.007770 
0.250000 0.250000 0.250000 0.250000 
 194
0.479817 0.005399 0.046210 
0.462778 0.988968 0.462022 
0.057405 0.005633 0.491768 
0.008838 0.007770 0.973987 0.009406 
0.250000 0.250000 0.250000 0.250000 
 195
0.479817 0.005399 0.046210 
0.462778 0.988968 0.462022 
0.057405 0.005633 0.491768 
0.007770 0.007770 0.975660 0.008801 
0.250000 0.250000 0.250000 0.250000 
 196
0.479817 0.005399 0.046210 
0.462778 0.988968 0.462022 
0.057405 0.005633 0.491768 
0.007770 0.007770 0.976691 0.007770 
0.250000 0.250000 0.250000 0.250000 
 197
0.479817 0.005399 0.046210 
0.462778 0.988968 0.462022 
0.057405 0.005633 0.491768 
0.007770 0.007770 0.975683 0.008778 
0.250000 0.250000 0.250000 0.250000 
 198
0.479817 0.005399 0.046210 
0.462778 0.988968 0.462022 
0.057405 0.005633 0.491768 
0.973884 0.009270 0.007770 0.009077 
0.250000 0.250000 0.250000 0.250000 
 199
0.479817 0.005399 0.046210 
0.462778 0.988968 0.462022 
0.057405 0.005633 0.491768 
0.007775 0.007775 0.011834 0.972615 
0.250000 0.250000 0.250000 0.250000 
 200
0.479817 0.005399 0.046210 
0.462778 0.988968 0.462022 
0.057405 0.005633 0.491768 
0.007770 0.007770 0.007770 0.976691 
0.250000 0.250000 0.250000 0.250000 
 201
0.479817 0.005399 0.046210 
0.462778 0.988968 0.462022 
0.057405 0.005633 0.491768 
0.012450 0.972011 0.007770 0.007770 
0.250000 0.250000 0.250000 0.250000 
 202
0.479817 0.005399 0.046210 
0.462778 0.988968 0.462022 
0.057405 0.005633 0.491768 
0.007770 0.007770 0.976691 0.007770 
0.250000 0.250000 0.250000 0.250000 
 203
0.479817 0.005399 0.046210 
0.462778 0.988968 0.462022 
0.057405 0.005633 0.491768 
0.976691 0.007770 0.007770 0.007770 
0.250000 0.250000 0.250000 0.250000 
 204
0.479817 0.005399 0.046210 
0.462778 0.988968 0.462022 
0.057405 0.005633 0.491768 
0.007770 0.007770 0.007770 0.976691 
0.250000 0.250000 0.250000 0.250000 
 205
0.479817 0.005399 0.046210 
0.462778 0.988968 0.462022 
0.057405 0.005633 0.491768 
0.007770 0.007770 0.010254 0.974207 
0.250000 0.250000 0.250000 0.250000 
 206
0.479817 0.005399 0.046210 
0.462778 0.988968 0.462022 
0.057405 0.005633 0.491768 
0.007770 0.007770 0.007770 0.976691 
0.250000 0.250000 0.250000 0.250000 
 207
0.479817 0.005399 0.046210 
0.462778 0.988968 0.462022 
0.057405 0.005633 0.491768 
0.038512 0.945949 0.007770 0.007770 
0.250000 0.250000 0.250000 0.250000 
 208
0.479817 0.005399 0.046210 
0.462778 0.988968 0.462022 
0.057405 0.005633 0.491768 
0.007770 0.976691 0.007770 0.007770 
0.250000 0.250000 0.250000 0.250000 
 209
0.479817 0.005399 0.046210 
0.462778 0.988968 0.462022 
0.057405 0.005633 0.491768 
0.008944 0.975517 0.007770 0.007770 
0.250000 0.250000 0.250000 0.250000 
 210
0.479817 0.005399 0.046210 
0.462778 0.988968 0.462022 
0.057405 0.005633 0.491768 
0.007770 0.007770 0.007770 0.976691 
0.250000 0.250000 0.250000 0.250000 
 211
0.479817 0.005399 0.046210 
0.462778 0.988968 0.462022 
0.057405 0.005633 0.491768 
0.975683 0.008778 0.007770 0.007770 
0.250000 0.250000 0.250000 0.250000 
 212
0.479817 0.005399 0.046210 
0.462778 0.988968 0.462022 
0.057405 0.005633 0.491768 
0.976667 0.007778 0.007778 0.007778 
0.250000 0.250000 0.250000 0.250000 
 213
0.479817 0.005399 0.046210 
0.462778 0.988968 0.462022 
0.057405 0.005633 0.491768 
0.976691 0.007770 0.007770 0.007770 
0.250000 0.250000 0.250000 0.250000 
 214
0.479817 0.005399 0.046210 
0.462778 0.988968 0.462022 
0.057405 0.005633 0.491768 
0.007770 0.007770 0.007770 0.976691 
0.250000 0.250000 0.250000 0.250000 
 215
0.479817 0.005399 0.046210 
0.462778 0.988968 0.462022 
0.057405 0.005633 0.491768 
0.007770 0.976691 0.007770 0.007770 
0.250000 0.250000 0.250000 0.250000 
 216
0.479817 0.005399 0.046210 
0.462778 0.988968 0.462022 
0.057405 0.005633 0.491768 
0.007770 0.007770 0.009247 0.975214 
0.250000 0.250000 0.250000 0.250000 
 217
0.479817 0.005399 0.046210 
0.462778 0.988968 0.462022 
0.057405 0.005633 0.491768 
0.974646 0.009815 0.007770 0.007770 
0.250000 0.250000 0.250000 0.250000 
 218
0.479817 0.005399 0.046210 
0.462778 0.988968 0.462022 
0.057405 0.005633 0.491768 
0.945875 0.037632 0.008724 0.007770 
0.250000 0.250000 0.250000 0.250000 
 219
0.479817 0.005399 0.046210 
0.462778 0.988968 0.462022 
0.057405 0.005633 0.491768 
0.007770 0.007770 0.975431 0.009030 
0.250000 0.250000 0.250000 0.250000 
 220
0.479817 0.005399 0.046210 
0.462778 0.988968 0.462022 
0.057405 0.005633 0.491768 
0.976691 0.007770 0.007770 0.007770 
0.250000 0.250000 0.250000 0.250000 
 221
0.479817 0.005399 0.046210 
0.462778 0.988968 0.462022 
0.057405 0.005633 0.491768 
0.007770 0.007770 0.008836 0.975625 
0.250000 0.250000 0.250000 0.250000 
 222
0.479817 0.005399 0.046210 
0.462778 0.988968 0.462022 
0.057405 0.005633 0.491768 
0.011473 0.007770 0.007770 0.972988 
0.250000 0.250000 0.250000 0.250000 
 223
0.479817 0.005399 0.046210 
0.462778 0.988968 0.462022 
0.057405 0.005633 0.491768 
0.007770 0.976691 0.007770 0.007770 
0.250000 0.250000 0.250000 0.250000 
 224
0.479817 0.005399 0.046210 
0.462778 0.988968 0.462022 
0.057405 0.005633 0.491768 
0.007770 0.007770 0.976691 0.007770 
0.250000 0.250000 0.250000 0.250000 
 225
0.479817 0.005399 0.046210 
0.462778 0.988968 0.462022 
0.057405 0.005633 0.491768 
0.007770 0.176877 0.008981 0.806373 
0.250000 0.250000 0.250000 0.250000 
 226
0.479817 0.005399 0.046210 
0.462778 0.988968 0.462022 
0.057405 0.005633 0.491768 
0.007770 0.976691 0.007770 0.007770 
0.250000 0.250000 0.250000 0.250000 
 227
0.479817 0.005399 0.046210 
0.462778 0.988968 0.462022 
0.057405 0.005633 0.491768 
0.007770 0.976691 0.007770 0.007770 
0.250000 0.250000 0.250000 0.250000 
 228
0.479817 0.005399 0.046210 
0.462778 0.988968 0.462022 
0.057405 0.005633 0.491768 
0.010198 0.008796 0.971770 0.009237 
0.250000 0.250000 0.250000 0.250000 
 229
0.479817 0.005399 0.046210 
0.462778 0.988968 0.462022 
0.057405 0.005633 0.491768 
0.007770 0.007770 0.007770 0.976691 
0.250000 0.250000 0.250000 0.250000 
 230
0.479817 0.005399 0.046210 
0.462778 0.988968 0.462022 
0.057405 0.005633 0.491768 
0.007770 0.976691 0.007770 0.007770 
0.250000 0.250000 0.250000 0.250000 
 231
0.479817 0.005399 0.046210 
0.462778 0.988968 0.462022 
0.057405 0.005633 0.491768 
0.007770 0.976691 0.007770 0.007770 
0.250000 0.250000 0.250000 0.250000 
 232
0.479817 0.005399 0.046210 
0.462778 0.988968 0.462022 
0.057405 0.005633 0.491768 
0.976691 0.007770 0.007770 0.007770 
0.250000 0.250000 0.250000 0.250000 
 233
0.479817 0.005399 0.046210 
0.462778 0.988968 0.462022 
0.057405 0.005633 0.491768 
0.007770 0.007770 0.009146 0.975315 
0.250000 0.250000 0.250000 0.250000 
 234
