%  SAM: /scicomp/home/yfa9/CDC_projects/Mol_genetic_analysis/Nomenclature/H1_Nomenclature/R2/From_R1/1-Variants/3_GenGrp-files/1-Groupwise-fasta/v-1/3-All/v-4/label/LABEL_RES/scripts/modelfromalign_Linux v3.5 (July 15, 2005) compiled 12/08/06_16:15:55
%  (c) 1992-2001 Regents of the University of California, Santa Cruz
%
%          Sequence Alignment and Modeling Software System
%         http://www.cse.ucsc.edu/research/compbio/sam.html
%
% ----------------- Citations (SAM, SAM-T2K, HMMs) --------------------
% R. Hughey, A. Krogh, Hidden Markov models for sequence analysis:
%  Extension and analysis of the basic method, CABIOS 12:95-107, 1996.
% K. Karplus, et al., What is the value added by human intervention in protein
%  structure prediction, Proteins: Stucture, Function, Genetics 45(S5):86--91, 2001.
% A. Krogh et al., Hidden Markov models in computational biology:
%  Applications to protein modeling, JMB 235:1501-1531, Feb 1994.
% ---------------------------------------------------------------------
%  c-1-2-3-4-8-Old_hmm   Host: login01.aspen.biotech.cdc.gov    Fri Dec  8 13:37:57 2017
%  yfa9                  Dir:  /scicomp/home/yfa9/CDC_projects/Mol_genetic_analysis/Nomenclature/H1_Nomenclature/R2/From_R1/1-Variants/3_GenGrp-files/1-Groupwise-fasta/v-1/3-All/v-4/R2-v1/c-1-8-Old/c-1-to-6-8-Old/c-non-6C/c-non-5
% ---------------------------------------------------------------------
%  Alignment weights from internal calc.  Total (78.38) Max (0.12) Min (0.01)
%  Weights from alignment method 1 (karplus), b=-1.000000, e=0.500000
MODEL --  Model from alignment file /scicomp/home/yfa9/CDC_projects/Mol_genetic_analysis/Nomenclature/H1_Nomenclature/R2/From_R1/1-Variants/3_GenGrp-files/1-Groupwise-fasta/v-1/3-All/v-4/label/LABEL_RES/training_data/H1pdm09R2-v2017/c-1-8-Old/c-1-to-6-8-Old/c-non-6C/c-non-5/c-1-2-3-4-8-Old.fasta
alphabet DNA
FREQAVE
0.000000 0.000000 0.000000 
0.000000 0.000000 0.000000 
0.000000 0.000000 0.000000 
0.352351 0.222916 0.184985 0.239748 
0.352351 0.222916 0.184985 0.239748 
Begin
0.000000 0.000000 0.000000 
0.000000 0.000000 0.000000 
0.000000 0.002817 0.491768 
0.250000 0.250000 0.250000 0.250000 
0.250000 0.250000 0.250000 0.250000 
   1
0.000000 0.002787 0.046210 
0.000000 0.994396 0.462022 
0.057285 0.002817 0.491768 
0.990551 0.003150 0.003150 0.003150 
0.250000 0.250000 0.250000 0.250000 
   2
0.480907 0.002700 0.046210 
0.461808 0.994483 0.462022 
0.057285 0.002817 0.491768 
0.003150 0.003150 0.003150 0.990551 
0.250000 0.250000 0.250000 0.250000 
   3
0.478812 0.002700 0.046210 
0.463903 0.994483 0.462022 
0.057405 0.002817 0.491768 
0.003149 0.990552 0.003149 0.003149 
0.250000 0.250000 0.250000 0.250000 
   4
0.479817 0.002700 0.046210 
0.462778 0.994483 0.462022 
0.057405 0.002817 0.491768 
0.962427 0.031274 0.003150 0.003150 
0.250000 0.250000 0.250000 0.250000 
   5
0.479817 0.002700 0.046210 
0.462778 0.994483 0.462022 
0.057405 0.002817 0.491768 
0.990128 0.003574 0.003149 0.003149 
0.250000 0.250000 0.250000 0.250000 
   6
0.479817 0.002700 0.046210 
0.462778 0.994483 0.462022 
0.057405 0.002817 0.491768 
0.008119 0.984372 0.003150 0.004360 
0.250000 0.250000 0.250000 0.250000 
   7
0.479817 0.002700 0.046210 
0.462778 0.994483 0.462022 
0.057405 0.002817 0.491768 
0.006709 0.986993 0.003149 0.003149 
0.250000 0.250000 0.250000 0.250000 
   8
0.479817 0.002700 0.046210 
0.462778 0.994483 0.462022 
0.057405 0.002817 0.491768 
0.003723 0.003149 0.989219 0.003909 
0.250000 0.250000 0.250000 0.250000 
   9
0.479817 0.002700 0.046210 
0.462778 0.994483 0.462022 
0.057405 0.002817 0.491768 
0.989442 0.003628 0.003149 0.003781 
0.250000 0.250000 0.250000 0.250000 
  10
0.479817 0.002700 0.046210 
0.462778 0.994483 0.462022 
0.057405 0.002817 0.491768 
0.988846 0.004855 0.003149 0.003149 
0.250000 0.250000 0.250000 0.250000 
  11
0.479817 0.002700 0.046210 
0.462778 0.994483 0.462022 
0.057405 0.002817 0.491768 
0.003405 0.003571 0.006029 0.986995 
0.250000 0.250000 0.250000 0.250000 
  12
0.479817 0.002700 0.046210 
0.462778 0.994483 0.462022 
0.057405 0.002817 0.491768 
0.989573 0.003825 0.003149 0.003453 
0.250000 0.250000 0.250000 0.250000 
  13
0.479817 0.002700 0.046210 
0.462778 0.994483 0.462022 
0.057405 0.002817 0.491768 
0.004042 0.003150 0.986516 0.006293 
0.250000 0.250000 0.250000 0.250000 
  14
0.479817 0.002700 0.046210 
0.462778 0.994483 0.462022 
0.057405 0.002817 0.491768 
0.003149 0.003898 0.004028 0.988924 
0.250000 0.250000 0.250000 0.250000 
  15
0.479817 0.002700 0.046210 
0.462778 0.994483 0.462022 
0.057405 0.002817 0.491768 
0.988852 0.004422 0.003577 0.003149 
0.250000 0.250000 0.250000 0.250000 
  16
0.479817 0.002700 0.046210 
0.462778 0.994483 0.462022 
0.057405 0.002817 0.491768 
0.010801 0.981795 0.003398 0.004006 
0.250000 0.250000 0.250000 0.250000 
  17
0.479817 0.002700 0.046210 
0.462778 0.994483 0.462022 
0.057405 0.002817 0.491768 
0.003151 0.004182 0.008002 0.984665 
0.250000 0.250000 0.250000 0.250000 
  18
0.479817 0.002700 0.046210 
0.462778 0.994483 0.462022 
0.057405 0.002817 0.491768 
0.989796 0.003905 0.003149 0.003149 
0.250000 0.250000 0.250000 0.250000 
  19
0.479817 0.002700 0.046210 
0.462778 0.994483 0.462022 
0.057405 0.002817 0.491768 
0.004499 0.986854 0.003149 0.005498 
0.250000 0.250000 0.250000 0.250000 
  20
0.479817 0.002700 0.046210 
0.462778 0.994483 0.462022 
0.057405 0.002817 0.491768 
0.003149 0.003838 0.004496 0.988516 
0.250000 0.250000 0.250000 0.250000 
  21
0.479817 0.002700 0.046210 
0.462778 0.994483 0.462022 
0.057405 0.002817 0.491768 
0.003465 0.003149 0.004167 0.989218 
0.250000 0.250000 0.250000 0.250000 
  22
0.479817 0.002700 0.046210 
0.462778 0.994483 0.462022 
0.057405 0.002817 0.491768 
0.008644 0.003155 0.982417 0.005784 
0.250000 0.250000 0.250000 0.250000 
  23
0.479817 0.002700 0.046210 
0.462778 0.994483 0.462022 
0.057405 0.002817 0.491768 
0.003150 0.003150 0.003150 0.990551 
0.250000 0.250000 0.250000 0.250000 
  24
0.479817 0.002700 0.046210 
0.462778 0.994483 0.462022 
0.057405 0.002817 0.491768 
0.005302 0.988116 0.003149 0.003433 
0.250000 0.250000 0.250000 0.250000 
  25
0.479817 0.002700 0.046210 
0.462778 0.994483 0.462022 
0.057405 0.002817 0.491768 
0.003627 0.003149 0.987830 0.005394 
0.250000 0.250000 0.250000 0.250000 
  26
0.479817 0.002700 0.046210 
0.462778 0.994483 0.462022 
0.057405 0.002817 0.491768 
0.003149 0.003149 0.003149 0.990552 
0.250000 0.250000 0.250000 0.250000 
  27
0.479817 0.002700 0.046210 
0.462778 0.994483 0.462022 
0.057405 0.002817 0.491768 
0.988707 0.004694 0.003449 0.003150 
0.250000 0.250000 0.250000 0.250000 
  28
0.479817 0.002700 0.046210 
0.462778 0.994483 0.462022 
0.057405 0.002817 0.491768 
0.003149 0.003149 0.004367 0.989335 
0.250000 0.250000 0.250000 0.250000 
  29
0.479817 0.002700 0.046210 
0.462778 0.994483 0.462022 
0.057405 0.002817 0.491768 
0.988896 0.004507 0.003149 0.003448 
0.250000 0.250000 0.250000 0.250000 
  30
0.479817 0.002700 0.046210 
0.462778 0.994483 0.462022 
0.057405 0.002817 0.491768 
0.003149 0.003149 0.014881 0.978821 
0.250000 0.250000 0.250000 0.250000 
  31
0.479817 0.002700 0.046210 
0.462778 0.994483 0.462022 
0.057405 0.002817 0.491768 
0.990140 0.003562 0.003149 0.003149 
0.250000 0.250000 0.250000 0.250000 
  32
0.479817 0.002700 0.046210 
0.462778 0.994483 0.462022 
0.057405 0.002817 0.491768 
0.003826 0.003149 0.987554 0.005470 
0.250000 0.250000 0.250000 0.250000 
  33
0.479817 0.002700 0.046210 
0.462778 0.994483 0.462022 
0.057405 0.002817 0.491768 
0.989335 0.003854 0.003149 0.003662 
0.250000 0.250000 0.250000 0.250000 
  34
0.479817 0.002700 0.046210 
0.462778 0.994483 0.462022 
0.057405 0.002817 0.491768 
0.004893 0.003696 0.004756 0.986655 
0.250000 0.250000 0.250000 0.250000 
  35
0.479817 0.002700 0.046210 
0.462778 0.994483 0.462022 
0.057405 0.002817 0.491768 
0.003870 0.003397 0.003389 0.989344 
0.250000 0.250000 0.250000 0.250000 
  36
0.479817 0.002700 0.046210 
0.462778 0.994483 0.462022 
0.057405 0.002817 0.491768 
0.005394 0.003150 0.004334 0.987122 
0.250000 0.250000 0.250000 0.250000 
  37
0.479817 0.002700 0.046210 
0.462778 0.994483 0.462022 
0.057405 0.002817 0.491768 
0.012294 0.980895 0.003149 0.003662 
0.250000 0.250000 0.250000 0.250000 
  38
0.479817 0.002700 0.046210 
0.462778 0.994483 0.462022 
0.057405 0.002817 0.491768 
0.004001 0.005466 0.985532 0.005001 
0.250000 0.250000 0.250000 0.250000 
  39
0.479817 0.002700 0.046210 
0.462778 0.994483 0.462022 
0.057405 0.002817 0.491768 
0.989182 0.003663 0.003434 0.003720 
0.250000 0.250000 0.250000 0.250000 
  40
0.479817 0.002700 0.046210 
0.462778 0.994483 0.462022 
0.057405 0.002817 0.491768 
0.986483 0.005687 0.003150 0.004681 
0.250000 0.250000 0.250000 0.250000 
  41
0.479817 0.002700 0.046210 
0.462778 0.994483 0.462022 
0.057405 0.002817 0.491768 
0.003150 0.003150 0.984607 0.009094 
0.250000 0.250000 0.250000 0.250000 
  42
0.479817 0.002700 0.046210 
0.462778 0.994483 0.462022 
0.057405 0.002817 0.491768 
0.006682 0.003384 0.980223 0.009711 
0.250000 0.250000 0.250000 0.250000 
  43
0.479817 0.002700 0.046210 
0.462778 0.994483 0.462022 
0.057405 0.002817 0.491768 
0.017429 0.975034 0.003150 0.004387 
0.250000 0.250000 0.250000 0.250000 
  44
0.479817 0.002700 0.046210 
0.462778 0.994483 0.462022 
0.057405 0.002817 0.491768 
0.003149 0.003149 0.988851 0.004850 
0.250000 0.250000 0.250000 0.250000 
  45
0.479817 0.002700 0.046210 
0.462778 0.994483 0.462022 
0.057405 0.002817 0.491768 
0.987033 0.005552 0.003149 0.004266 
0.250000 0.250000 0.250000 0.250000 
  46
0.479817 0.002700 0.046210 
0.462778 0.994483 0.462022 
0.057405 0.002817 0.491768 
0.988579 0.004604 0.003420 0.003396 
0.250000 0.250000 0.250000 0.250000 
  47
0.479817 0.002700 0.046210 
0.462778 0.994483 0.462022 
0.057405 0.002817 0.491768 
0.988109 0.005307 0.003433 0.003150 
0.250000 0.250000 0.250000 0.250000 
  48
0.479817 0.002700 0.046210 
0.462778 0.994483 0.462022 
0.057405 0.002817 0.491768 
0.004981 0.003976 0.005686 0.985358 
0.250000 0.250000 0.250000 0.250000 
  49
0.479817 0.002700 0.046210 
0.462778 0.994483 0.462022 
0.057405 0.002817 0.491768 
0.005184 0.987535 0.003381 0.003900 
0.250000 0.250000 0.250000 0.250000 
  50
0.479817 0.002700 0.046210 
0.462778 0.994483 0.462022 
0.057405 0.002817 0.491768 
0.003149 0.003149 0.990552 0.003149 
0.250000 0.250000 0.250000 0.250000 
  51
0.479817 0.002700 0.046210 
0.462778 0.994483 0.462022 
0.057405 0.002817 0.491768 
0.988169 0.004865 0.003586 0.003380 
0.250000 0.250000 0.250000 0.250000 
  52
0.479817 0.002700 0.046210 
0.462778 0.994483 0.462022 
0.057405 0.002817 0.491768 
0.003453 0.989610 0.003149 0.003787 
0.250000 0.250000 0.250000 0.250000 
  53
0.479817 0.002700 0.046210 
0.462778 0.994483 0.462022 
0.057405 0.002817 0.491768 
0.989885 0.003500 0.003466 0.003150 
0.250000 0.250000 0.250000 0.250000 
  54
0.479817 0.002700 0.046210 
0.462778 0.994483 0.462022 
0.057405 0.002817 0.491768 
0.003149 0.003149 0.990156 0.003546 
0.250000 0.250000 0.250000 0.250000 
  55
0.479817 0.002700 0.046210 
0.462778 0.994483 0.462022 
0.057405 0.002817 0.491768 
0.990552 0.003149 0.003149 0.003149 
0.250000 0.250000 0.250000 0.250000 
  56
0.479817 0.002700 0.046210 
0.462778 0.994483 0.462022 
0.057405 0.002817 0.491768 
0.003150 0.003150 0.989292 0.004409 
0.250000 0.250000 0.250000 0.250000 
  57
0.479817 0.002700 0.046210 
0.462778 0.994483 0.462022 
0.057405 0.002817 0.491768 
0.988330 0.003969 0.003149 0.004552 
0.250000 0.250000 0.250000 0.250000 
  58
0.479817 0.002700 0.046210 
0.462778 0.994483 0.462022 
0.057405 0.002817 0.491768 
0.003712 0.003149 0.006387 0.986752 
0.250000 0.250000 0.250000 0.250000 
  59
0.479817 0.002700 0.046210 
0.462778 0.994483 0.462022 
0.057405 0.002817 0.491768 
0.003149 0.003149 0.003149 0.990552 
0.250000 0.250000 0.250000 0.250000 
  60
0.479817 0.002700 0.046210 
0.462778 0.994483 0.462022 
0.057405 0.002817 0.491768 
0.988809 0.004893 0.003149 0.003149 
0.250000 0.250000 0.250000 0.250000 
  61
0.479817 0.002700 0.046210 
0.462778 0.994483 0.462022 
0.057405 0.002817 0.491768 
0.003671 0.003149 0.003829 0.989351 
0.250000 0.250000 0.250000 0.250000 
  62
0.479817 0.002700 0.046210 
0.462778 0.994483 0.462022 
0.057405 0.002817 0.491768 
0.003149 0.990552 0.003149 0.003149 
0.250000 0.250000 0.250000 0.250000 
  63
0.479817 0.002700 0.046210 
0.462778 0.994483 0.462022 
0.057405 0.002817 0.491768 
0.003149 0.003800 0.008248 0.984803 
0.250000 0.250000 0.250000 0.250000 
  64
0.479817 0.002700 0.046210 
0.462778 0.994483 0.462022 
0.057405 0.002817 0.491768 
0.986096 0.006499 0.004256 0.003149 
0.250000 0.250000 0.250000 0.250000 
  65
0.479817 0.002700 0.046210 
0.462778 0.994483 0.462022 
0.057405 0.002817 0.491768 
0.003149 0.004256 0.003470 0.989124 
0.250000 0.250000 0.250000 0.250000 
  66
0.479817 0.002700 0.046210 
0.462778 0.994483 0.462022 
0.057405 0.002817 0.491768 
0.988798 0.003552 0.003394 0.004256 
0.250000 0.250000 0.250000 0.250000 
  67
0.479817 0.002700 0.046210 
0.462778 0.994483 0.462022 
0.057405 0.002817 0.491768 
0.003150 0.990550 0.003150 0.003150 
0.250000 0.250000 0.250000 0.250000 
  68
0.479817 0.002700 0.046210 
0.462778 0.994483 0.462022 
0.057405 0.002817 0.491768 
0.003149 0.990552 0.003149 0.003149 
0.250000 0.250000 0.250000 0.250000 
  69
0.479817 0.002700 0.046210 
0.462778 0.994483 0.462022 
0.057405 0.002817 0.491768 
0.003149 0.003149 0.004906 0.988796 
0.250000 0.250000 0.250000 0.250000 
  70
0.479817 0.002700 0.046210 
0.462778 0.994483 0.462022 
0.057405 0.002817 0.491768 
0.003152 0.003152 0.004209 0.989487 
0.250000 0.250000 0.250000 0.250000 
  71
0.479817 0.002700 0.046210 
0.462778 0.994483 0.462022 
0.057405 0.002817 0.491768 
0.988763 0.004256 0.003149 0.003831 
0.250000 0.250000 0.250000 0.250000 
  72
0.479817 0.002700 0.046210 
0.462778 0.994483 0.462022 
0.057405 0.002817 0.491768 
0.003149 0.004256 0.005065 0.987530 
0.250000 0.250000 0.250000 0.250000 
  73
0.479817 0.002700 0.046210 
0.462778 0.994483 0.462022 
0.057405 0.002817 0.491768 
0.003149 0.003149 0.990552 0.003149 
0.250000 0.250000 0.250000 0.250000 
  74
0.479817 0.002700 0.046210 
0.462778 0.994483 0.462022 
0.057405 0.002817 0.491768 
0.990173 0.003527 0.003150 0.003150 
0.250000 0.250000 0.250000 0.250000 
  75
0.479817 0.002700 0.046210 
0.462778 0.994483 0.462022 
0.057405 0.002817 0.491768 
0.003438 0.003149 0.004179 0.989234 
0.250000 0.250000 0.250000 0.250000 
  76
0.479817 0.002700 0.046210 
0.462778 0.994483 0.462022 
0.057405 0.002817 0.491768 
0.003989 0.989712 0.003149 0.003149 
0.250000 0.250000 0.250000 0.250000 
  77
0.479817 0.002700 0.046210 
0.462778 0.994483 0.462022 
0.057405 0.002817 0.491768 
0.003150 0.003639 0.990061 0.003150 
0.250000 0.250000 0.250000 0.250000 
  78
0.479817 0.002700 0.046210 
0.462778 0.994483 0.462022 
0.057405 0.002817 0.491768 
0.011757 0.981216 0.003150 0.003878 
0.250000 0.250000 0.250000 0.250000 
  79
0.479817 0.002700 0.046210 
0.462778 0.994483 0.462022 
0.057405 0.002817 0.491768 
0.989822 0.003879 0.003149 0.003149 
0.250000 0.250000 0.250000 0.250000 
  80
0.479817 0.002700 0.046210 
0.462778 0.994483 0.462022 
0.057405 0.002817 0.491768 
0.988274 0.003479 0.005098 0.003150 
0.250000 0.250000 0.250000 0.250000 
  81
0.479817 0.002700 0.046210 
0.462778 0.994483 0.462022 
0.057405 0.002817 0.491768 
0.003150 0.003150 0.989658 0.004042 
0.250000 0.250000 0.250000 0.250000 
  82
0.479817 0.002700 0.046210 
0.462778 0.994483 0.462022 
0.057405 0.002817 0.491768 
0.990129 0.003150 0.003150 0.003571 
0.250000 0.250000 0.250000 0.250000 
  83
0.479817 0.002700 0.046210 
0.462778 0.994483 0.462022 
0.057405 0.002817 0.491768 
0.990552 0.003149 0.003149 0.003149 
0.250000 0.250000 0.250000 0.250000 
  84
0.479817 0.002700 0.046210 
0.462778 0.994483 0.462022 
0.057405 0.002817 0.491768 
0.003149 0.003149 0.006039 0.987662 
0.250000 0.250000 0.250000 0.250000 
  85
0.479817 0.002700 0.046210 
0.462778 0.994483 0.462022 
0.057405 0.002817 0.491768 
0.003149 0.003149 0.003149 0.990552 
0.250000 0.250000 0.250000 0.250000 
  86
0.479817 0.002700 0.046210 
0.462778 0.994483 0.462022 
0.057405 0.002817 0.491768 
0.003150 0.003150 0.990550 0.003150 
0.250000 0.250000 0.250000 0.250000 
  87
0.479817 0.002700 0.046210 
0.462778 0.994483 0.462022 
0.057405 0.002817 0.491768 
0.989272 0.004029 0.003149 0.003549 
0.250000 0.250000 0.250000 0.250000 
  88
0.479817 0.002700 0.046210 
0.462778 0.994483 0.462022 
0.057405 0.002817 0.491768 
0.989389 0.004017 0.003446 0.003149 
0.250000 0.250000 0.250000 0.250000 
  89
0.479817 0.002700 0.046210 
0.462778 0.994483 0.462022 
0.057405 0.002817 0.491768 
0.003149 0.003149 0.990056 0.003645 
0.250000 0.250000 0.250000 0.250000 
  90
0.479817 0.002700 0.046210 
0.462778 0.994483 0.462022 
0.057405 0.002817 0.491768 
0.984824 0.005153 0.003150 0.006873 
0.250000 0.250000 0.250000 0.250000 
  91
0.479817 0.002700 0.046210 
0.462778 0.994483 0.462022 
0.057405 0.002817 0.491768 
0.003683 0.990018 0.003149 0.003149 
0.250000 0.250000 0.250000 0.250000 
  92
0.479817 0.002700 0.046210 
0.462778 0.994483 0.462022 
0.057405 0.002817 0.491768 
0.990552 0.003149 0.003149 0.003149 
0.250000 0.250000 0.250000 0.250000 
  93
0.479817 0.002700 0.046210 
0.462778 0.994483 0.462022 
0.057405 0.002817 0.491768 
0.004148 0.003382 0.988573 0.003897 
0.250000 0.250000 0.250000 0.250000 
  94
0.479817 0.002700 0.046210 
0.462778 0.994483 0.462022 
0.057405 0.002817 0.491768 
0.990552 0.003149 0.003149 0.003149 
0.250000 0.250000 0.250000 0.250000 
  95
0.479817 0.002700 0.046210 
0.462778 0.994483 0.462022 
0.057405 0.002817 0.491768 
0.003149 0.003149 0.990176 0.003525 
0.250000 0.250000 0.250000 0.250000 
  96
0.479817 0.002700 0.046210 
0.462778 0.994483 0.462022 
0.057405 0.002817 0.491768 
0.003859 0.003149 0.004720 0.988271 
0.250000 0.250000 0.250000 0.250000 
  97
0.479817 0.002700 0.046210 
0.462778 0.994483 0.462022 
0.057405 0.002817 0.491768 
0.005034 0.988667 0.003149 0.003149 
0.250000 0.250000 0.250000 0.250000 
  98
0.479817 0.002700 0.046210 
0.462778 0.994483 0.462022 
0.057405 0.002817 0.491768 
0.003477 0.003523 0.003149 0.989851 
0.250000 0.250000 0.250000 0.250000 
  99
0.479817 0.002700 0.046210 
0.462778 0.994483 0.462022 
0.057405 0.002817 0.491768 
0.987193 0.005760 0.003150 0.003898 
0.250000 0.250000 0.250000 0.250000 
 100
0.479817 0.002700 0.046210 
0.462778 0.994483 0.462022 
0.057405 0.002817 0.491768 
0.003499 0.989886 0.003150 0.003465 
0.250000 0.250000 0.250000 0.250000 
 101
0.479817 0.002700 0.046210 
0.462778 0.994483 0.462022 
0.057405 0.002817 0.491768 
0.990551 0.003150 0.003150 0.003150 
0.250000 0.250000 0.250000 0.250000 
 102
0.479817 0.002700 0.046210 
0.462778 0.994483 0.462022 
0.057405 0.002817 0.491768 
0.003150 0.003617 0.988136 0.005097 
0.250000 0.250000 0.250000 0.250000 
 103
0.479817 0.002700 0.046210 
0.462778 0.994483 0.462022 
0.057405 0.002817 0.491768 
0.990552 0.003149 0.003149 0.003149 
0.250000 0.250000 0.250000 0.250000 
 104
0.479817 0.002700 0.046210 
0.462778 0.994483 0.462022 
0.057405 0.002817 0.491768 
0.003149 0.003149 0.990552 0.003149 
0.250000 0.250000 0.250000 0.250000 
 105
0.479817 0.002700 0.046210 
0.462778 0.994483 0.462022 
0.057405 0.002817 0.491768 
0.986692 0.004946 0.004448 0.003913 
0.250000 0.250000 0.250000 0.250000 
 106
0.479817 0.002700 0.046210 
0.462778 0.994483 0.462022 
0.057405 0.002817 0.491768 
0.026906 0.963939 0.003150 0.006006 
0.250000 0.250000 0.250000 0.250000 
 107
0.479817 0.002700 0.046210 
0.462778 0.994483 0.462022 
0.057405 0.002817 0.491768 
0.003149 0.003149 0.003149 0.990552 
0.250000 0.250000 0.250000 0.250000 
 108
0.479817 0.002700 0.046210 
0.462778 0.994483 0.462022 
0.057405 0.002817 0.491768 
0.986404 0.007297 0.003149 0.003149 
0.250000 0.250000 0.250000 0.250000 
 109
0.479817 0.002700 0.046210 
0.462778 0.994483 0.462022 
0.057405 0.002817 0.491768 
0.003484 0.003150 0.987040 0.006325 
0.250000 0.250000 0.250000 0.250000 
 110
0.479817 0.002700 0.046210 
0.462778 0.994483 0.462022 
0.057405 0.002817 0.491768 
0.003149 0.003149 0.003149 0.990552 
0.250000 0.250000 0.250000 0.250000 
 111
0.479817 0.002700 0.046210 
0.462778 0.994483 0.462022 
0.057405 0.002817 0.491768 
0.988767 0.004545 0.003538 0.003149 
0.250000 0.250000 0.250000 0.250000 
 112
0.479817 0.002700 0.046210 
0.462778 0.994483 0.462022 
0.057405 0.002817 0.491768 
0.004832 0.988870 0.003149 0.003149 
0.250000 0.250000 0.250000 0.250000 
 113
0.479817 0.002700 0.046210 
0.462778 0.994483 0.462022 
0.057405 0.002817 0.491768 
0.990133 0.003149 0.003568 0.003149 
0.250000 0.250000 0.250000 0.250000 
 114
0.479817 0.002700 0.046210 
0.462778 0.994483 0.462022 
0.057405 0.002817 0.491768 
0.988047 0.005177 0.003627 0.003150 
0.250000 0.250000 0.250000 0.250000 
 115
0.479817 0.002700 0.046210 
0.462778 0.994483 0.462022 
0.057405 0.002817 0.491768 
0.990043 0.003659 0.003149 0.003149 
0.250000 0.250000 0.250000 0.250000 
 116
0.479817 0.002700 0.046210 
0.462778 0.994483 0.462022 
0.057405 0.002817 0.491768 
0.985305 0.008050 0.003149 0.003495 
0.250000 0.250000 0.250000 0.250000 
 117
0.479817 0.002700 0.046210 
0.462778 0.994483 0.462022 
0.057405 0.002817 0.491768 
0.004546 0.989155 0.003149 0.003149 
0.250000 0.250000 0.250000 0.250000 
 118
0.479817 0.002700 0.046210 
0.462778 0.994483 0.462022 
0.057405 0.002817 0.491768 
0.990032 0.003669 0.003149 0.003149 
0.250000 0.250000 0.250000 0.250000 
 119
0.479817 0.002700 0.046210 
0.462778 0.994483 0.462022 
0.057405 0.002817 0.491768 
0.990552 0.003149 0.003149 0.003149 
0.250000 0.250000 0.250000 0.250000 
 120
0.479817 0.002700 0.046210 
0.462778 0.994483 0.462022 
0.057405 0.002817 0.491768 
0.003898 0.003149 0.005289 0.987664 
0.250000 0.250000 0.250000 0.250000 
 121
0.479817 0.002700 0.046210 
0.462778 0.994483 0.462022 
0.057405 0.002817 0.491768 
0.003996 0.989705 0.003149 0.003149 
0.250000 0.250000 0.250000 0.250000 
 122
0.479817 0.002700 0.046210 
0.462778 0.994483 0.462022 
0.057405 0.002817 0.491768 
0.003149 0.003149 0.003739 0.989962 
0.250000 0.250000 0.250000 0.250000 
 123
0.479817 0.002700 0.046210 
0.462778 0.994483 0.462022 
0.057405 0.002817 0.491768 
0.986723 0.005772 0.004355 0.003150 
0.250000 0.250000 0.250000 0.250000 
 124
0.479817 0.002700 0.046210 
0.462778 0.994483 0.462022 
0.057405 0.002817 0.491768 
0.989527 0.003449 0.003875 0.003149 
0.250000 0.250000 0.250000 0.250000 
 125
0.479817 0.002700 0.046210 
0.462778 0.994483 0.462022 
0.057405 0.002817 0.491768 
0.003442 0.003149 0.989721 0.003688 
0.250000 0.250000 0.250000 0.250000 
 126
0.479817 0.002700 0.046210 
0.462778 0.994483 0.462022 
0.057405 0.002817 0.491768 
0.988931 0.004126 0.003407 0.003536 
0.250000 0.250000 0.250000 0.250000 
 127
0.479817 0.002700 0.046210 
0.462778 0.994483 0.462022 
0.057405 0.002817 0.491768 
0.003599 0.990103 0.003149 0.003149 
0.250000 0.250000 0.250000 0.250000 
 128
0.479817 0.002700 0.046210 
0.462778 0.994483 0.462022 
0.057405 0.002817 0.491768 
0.003150 0.003150 0.003526 0.990175 
0.250000 0.250000 0.250000 0.250000 
 129
0.479817 0.002700 0.046210 
0.462778 0.994483 0.462022 
0.057405 0.002817 0.491768 
0.987396 0.005684 0.003150 0.003771 
0.250000 0.250000 0.250000 0.250000 
 130
0.479817 0.002700 0.046210 
0.462778 0.994483 0.462022 
0.057405 0.002817 0.491768 
0.990552 0.003149 0.003149 0.003149 
0.250000 0.250000 0.250000 0.250000 
 131
0.479817 0.002700 0.046210 
0.462778 0.994483 0.462022 
0.057405 0.002817 0.491768 
0.003149 0.003149 0.990552 0.003149 
0.250000 0.250000 0.250000 0.250000 
 132
0.479817 0.002700 0.046210 
0.462778 0.994483 0.462022 
0.057405 0.002817 0.491768 
0.989869 0.003833 0.003149 0.003149 
0.250000 0.250000 0.250000 0.250000 
 133
0.479817 0.002700 0.046210 
0.462778 0.994483 0.462022 
0.057405 0.002817 0.491768 
0.003149 0.003149 0.990153 0.003549 
0.250000 0.250000 0.250000 0.250000 
 134
0.479817 0.002700 0.046210 
0.462778 0.994483 0.462022 
0.057405 0.002817 0.491768 
0.990076 0.003625 0.003149 0.003149 
0.250000 0.250000 0.250000 0.250000 
 135
0.479817 0.002700 0.046210 
0.462778 0.994483 0.462022 
0.057405 0.002817 0.491768 
0.004327 0.003149 0.982507 0.010016 
0.250000 0.250000 0.250000 0.250000 
 136
0.479817 0.002700 0.046210 
0.462778 0.994483 0.462022 
0.057405 0.002817 0.491768 
0.003149 0.003149 0.003149 0.990552 
0.250000 0.250000 0.250000 0.250000 
 137
0.479817 0.002700 0.046210 
0.462778 0.994483 0.462022 
0.057405 0.002817 0.491768 
0.003150 0.003150 0.990551 0.003150 
0.250000 0.250000 0.250000 0.250000 
 138
0.479817 0.002700 0.046210 
0.462778 0.994483 0.462022 
0.057405 0.002817 0.491768 
0.003510 0.003889 0.004982 0.987619 
0.250000 0.250000 0.250000 0.250000 
 139
0.479817 0.002700 0.046210 
0.462778 0.994483 0.462022 
0.057405 0.002817 0.491768 
0.004291 0.988582 0.003149 0.003978 
0.250000 0.250000 0.250000 0.250000 
 140
0.479817 0.002700 0.046210 
0.462778 0.994483 0.462022 
0.057405 0.002817 0.491768 
0.003150 0.003150 0.008082 0.985619 
0.250000 0.250000 0.250000 0.250000 
 141
0.479817 0.002700 0.046210 
0.462778 0.994483 0.462022 
0.057405 0.002817 0.491768 
0.003865 0.003149 0.005347 0.987639 
0.250000 0.250000 0.250000 0.250000 
 142
0.479817 0.002700 0.046210 
0.462778 0.994483 0.462022 
0.057405 0.002817 0.491768 
0.975849 0.017216 0.003785 0.003150 
0.250000 0.250000 0.250000 0.250000 
 143
0.479817 0.002700 0.046210 
0.462778 0.994483 0.462022 
0.057405 0.002817 0.491768 
0.989951 0.003750 0.003150 0.003150 
0.250000 0.250000 0.250000 0.250000 
 144
0.479817 0.002700 0.046210 
0.462778 0.994483 0.462022 
0.057405 0.002817 0.491768 
0.003150 0.003150 0.984320 0.009380 
0.250000 0.250000 0.250000 0.250000 
 145
0.479817 0.002700 0.046210 
0.462778 0.994483 0.462022 
0.057405 0.002817 0.491768 
0.049654 0.003150 0.944047 0.003150 
0.250000 0.250000 0.250000 0.250000 
 146
0.479817 0.002700 0.046210 
0.462778 0.994483 0.462022 
0.057405 0.002817 0.491768 
0.003149 0.003149 0.003149 0.990552 
0.250000 0.250000 0.250000 0.250000 
 147
0.479817 0.002700 0.046210 
0.462778 0.994483 0.462022 
0.057405 0.002817 0.491768 
0.003149 0.003437 0.004240 0.989173 
0.250000 0.250000 0.250000 0.250000 
 148
0.479817 0.002700 0.046210 
0.462778 0.994483 0.462022 
0.057405 0.002817 0.491768 
0.003453 0.003150 0.986936 0.006461 
0.250000 0.250000 0.250000 0.250000 
 149
0.479817 0.002700 0.046210 
0.462778 0.994483 0.462022 
0.057405 0.002817 0.491768 
0.003149 0.003149 0.003149 0.990552 
0.250000 0.250000 0.250000 0.250000 
 150
0.479817 0.002700 0.046210 
0.462778 0.994483 0.462022 
0.057405 0.002817 0.491768 
0.989495 0.004205 0.003150 0.003150 
0.250000 0.250000 0.250000 0.250000 
 151
0.479817 0.002700 0.046210 
0.462778 0.994483 0.462022 
0.057405 0.002817 0.491768 
0.003876 0.989824 0.003150 0.003150 
0.250000 0.250000 0.250000 0.250000 
 152
0.479817 0.002700 0.046210 
0.462778 0.994483 0.462022 
0.057405 0.002817 0.491768 
0.990171 0.003530 0.003149 0.003149 
0.250000 0.250000 0.250000 0.250000 
 153
0.479817 0.002700 0.046210 
0.462778 0.994483 0.462022 
0.057405 0.002817 0.491768 
0.990152 0.003549 0.003149 0.003149 
0.250000 0.250000 0.250000 0.250000 
 154
0.479817 0.002700 0.046210 
0.462778 0.994483 0.462022 
0.057405 0.002817 0.491768 
0.007129 0.985310 0.003149 0.004411 
0.250000 0.250000 0.250000 0.250000 
 155
0.479817 0.002700 0.046210 
0.462778 0.994483 0.462022 
0.057405 0.002817 0.491768 
0.987115 0.006122 0.003149 0.003614 
0.250000 0.250000 0.250000 0.250000 
 156
0.479817 0.002700 0.046210 
0.462778 0.994483 0.462022 
0.057405 0.002817 0.491768 
0.004114 0.003149 0.988503 0.004234 
0.250000 0.250000 0.250000 0.250000 
 157
0.479817 0.002700 0.046210 
0.462778 0.994483 0.462022 
0.057405 0.002817 0.491768 
0.988381 0.004980 0.003490 0.003149 
0.250000 0.250000 0.250000 0.250000 
 158
0.479817 0.002700 0.046210 
0.462778 0.994483 0.462022 
0.057405 0.002817 0.491768 
0.988433 0.004914 0.003150 0.003503 
0.250000 0.250000 0.250000 0.250000 
 159
0.479817 0.002700 0.046210 
0.462778 0.994483 0.462022 
0.057405 0.002817 0.491768 
0.011735 0.980707 0.003151 0.004408 
0.250000 0.250000 0.250000 0.250000 
 160
0.479817 0.002700 0.046210 
0.462778 0.994483 0.462022 
0.057405 0.002817 0.491768 
0.004514 0.003149 0.988451 0.003886 
0.250000 0.250000 0.250000 0.250000 
 161
0.479817 0.002700 0.046210 
0.462778 0.994483 0.462022 
0.057405 0.002817 0.491768 
0.987671 0.003149 0.006030 0.003149 
0.250000 0.250000 0.250000 0.250000 
 162
0.479817 0.002700 0.046210 
0.462778 0.994483 0.462022 
0.057405 0.002817 0.491768 
0.003429 0.003149 0.005125 0.988297 
0.250000 0.250000 0.250000 0.250000 
 163
0.479817 0.002700 0.046210 
0.462778 0.994483 0.462022 
0.057405 0.002817 0.491768 
0.986111 0.007308 0.003149 0.003432 
0.250000 0.250000 0.250000 0.250000 
 164
0.479817 0.002700 0.046210 
0.462778 0.994483 0.462022 
0.057405 0.002817 0.491768 
0.989089 0.004284 0.003477 0.003149 
0.250000 0.250000 0.250000 0.250000 
 165
0.479817 0.002700 0.046210 
0.462778 0.994483 0.462022 
0.057405 0.002817 0.491768 
0.003457 0.003150 0.985772 0.007621 
0.250000 0.250000 0.250000 0.250000 
 166
0.479817 0.002700 0.046210 
0.462778 0.994483 0.462022 
0.057405 0.002817 0.491768 
0.004855 0.988234 0.003149 0.003761 
0.250000 0.250000 0.250000 0.250000 
 167
0.479817 0.002700 0.046210 
0.462778 0.994483 0.462022 
0.057405 0.002817 0.491768 
0.007836 0.984334 0.003149 0.004681 
0.250000 0.250000 0.250000 0.250000 
 168
0.479817 0.002700 0.046210 
0.462778 0.994483 0.462022 
0.057405 0.002817 0.491768 
0.009070 0.984277 0.003149 0.003504 
0.250000 0.250000 0.250000 0.250000 
 169
0.479817 0.002700 0.046210 
0.462778 0.994483 0.462022 
0.057405 0.002817 0.491768 
0.990165 0.003536 0.003149 0.003149 
0.250000 0.250000 0.250000 0.250000 
 170
0.479817 0.002700 0.046210 
0.462778 0.994483 0.462022 
0.057405 0.002817 0.491768 
0.990145 0.003149 0.003556 0.003149 
0.250000 0.250000 0.250000 0.250000 
 171
0.479817 0.002700 0.046210 
0.462778 0.994483 0.462022 
0.057405 0.002817 0.491768 
0.985147 0.008554 0.003149 0.003149 
0.250000 0.250000 0.250000 0.250000 
 172
0.479817 0.002700 0.046210 
0.462778 0.994483 0.462022 
0.057405 0.002817 0.491768 
0.003149 0.003149 0.971399 0.022303 
0.250000 0.250000 0.250000 0.250000 
 173
0.479817 0.002700 0.046210 
0.462778 0.994483 0.462022 
0.057405 0.002817 0.491768 
0.003149 0.003149 0.003149 0.990552 
0.250000 0.250000 0.250000 0.250000 
 174
0.479817 0.002700 0.046210 
0.462778 0.994483 0.462022 
0.057405 0.002817 0.491768 
0.989680 0.003742 0.003429 0.003149 
0.250000 0.250000 0.250000 0.250000 
 175
0.479817 0.002700 0.046210 
0.462778 0.994483 0.462022 
0.057405 0.002817 0.491768 
0.003149 0.003149 0.003149 0.990552 
0.250000 0.250000 0.250000 0.250000 
 176
0.479817 0.002700 0.046210 
0.462778 0.994483 0.462022 
0.057405 0.002817 0.491768 
0.003149 0.990552 0.003149 0.003149 
0.250000 0.250000 0.250000 0.250000 
 177
0.479817 0.002700 0.046210 
0.462778 0.994483 0.462022 
0.057405 0.002817 0.491768 
0.003150 0.003150 0.989290 0.004410 
0.250000 0.250000 0.250000 0.250000 
 178
0.479817 0.002700 0.046210 
0.462778 0.994483 0.462022 
0.057405 0.002817 0.491768 
0.988993 0.003606 0.004252 0.003149 
0.250000 0.250000 0.250000 0.250000 
 179
0.479817 0.002700 0.046210 
0.462778 0.994483 0.462022 
0.057405 0.002817 0.491768 
0.987941 0.005477 0.003149 0.003433 
0.250000 0.250000 0.250000 0.250000 
 180
0.479817 0.002700 0.046210 
0.462778 0.994483 0.462022 
0.057405 0.002817 0.491768 
0.989531 0.004170 0.003149 0.003149 
0.250000 0.250000 0.250000 0.250000 
 181
0.479817 0.002700 0.046210 
0.462778 0.994483 0.462022 
0.057405 0.002817 0.491768 
0.003711 0.003150 0.988122 0.005016 
0.250000 0.250000 0.250000 0.250000 
 182
0.479817 0.002700 0.046210 
0.462778 0.994483 0.462022 
0.057405 0.002817 0.491768 
0.003150 0.003150 0.003866 0.989834 
0.250000 0.250000 0.250000 0.250000 
 183
0.479817 0.002700 0.046210 
0.462778 0.994483 0.462022 
0.057405 0.002817 0.491768 
0.988780 0.004519 0.003150 0.003551 
0.250000 0.250000 0.250000 0.250000 
 184
0.479817 0.002700 0.046210 
0.462778 0.994483 0.462022 
0.057405 0.002817 0.491768 
0.986587 0.007112 0.003150 0.003150 
0.250000 0.250000 0.250000 0.250000 
 185
0.479817 0.002700 0.046210 
0.462778 0.994483 0.462022 
0.057405 0.002817 0.491768 
0.010014 0.983194 0.003412 0.003380 
0.250000 0.250000 0.250000 0.250000 
 186
0.479817 0.002700 0.046210 
0.462778 0.994483 0.462022 
0.057405 0.002817 0.491768 
0.988741 0.004633 0.003150 0.003476 
0.250000 0.250000 0.250000 0.250000 
 187
0.479817 0.002700 0.046210 
0.462778 0.994483 0.462022 
0.057405 0.002817 0.491768 
0.003149 0.990552 0.003149 0.003149 
0.250000 0.250000 0.250000 0.250000 
 188
0.479817 0.002700 0.046210 
0.462778 0.994483 0.462022 
0.057405 0.002817 0.491768 
0.004375 0.989326 0.003150 0.003150 
0.250000 0.250000 0.250000 0.250000 
 189
0.479817 0.002700 0.046210 
0.462778 0.994483 0.462022 
0.057405 0.002817 0.491768 
0.009021 0.984681 0.003149 0.003149 
0.250000 0.250000 0.250000 0.250000 
 190
0.479817 0.002700 0.046210 
0.462778 0.994483 0.462022 
0.057405 0.002817 0.491768 
0.008687 0.984736 0.003149 0.003429 
0.250000 0.250000 0.250000 0.250000 
 191
0.479817 0.002700 0.046210 
0.462778 0.994483 0.462022 
0.057405 0.002817 0.491768 
0.004898 0.003682 0.004061 0.987360 
0.250000 0.250000 0.250000 0.250000 
 192
0.479817 0.002700 0.046210 
0.462778 0.994483 0.462022 
0.057405 0.002817 0.491768 
0.988583 0.004812 0.003152 0.003453 
0.250000 0.250000 0.250000 0.250000 
 193
0.479817 0.002700 0.046210 
0.462778 0.994483 0.462022 
0.057405 0.002817 0.491768 
0.004835 0.984640 0.003853 0.006671 
0.250000 0.250000 0.250000 0.250000 
 194
0.479817 0.002700 0.046210 
0.462778 0.994483 0.462022 
0.057405 0.002817 0.491768 
0.003150 0.003150 0.988897 0.004803 
0.250000 0.250000 0.250000 0.250000 
 195
0.479817 0.002700 0.046210 
0.462778 0.994483 0.462022 
0.057405 0.002817 0.491768 
0.003149 0.003149 0.989727 0.003974 
0.250000 0.250000 0.250000 0.250000 
 196
0.479817 0.002700 0.046210 
0.462778 0.994483 0.462022 
0.057405 0.002817 0.491768 
0.003150 0.003150 0.990089 0.003611 
0.250000 0.250000 0.250000 0.250000 
 197
0.479817 0.002700 0.046210 
0.462778 0.994483 0.462022 
0.057405 0.002817 0.491768 
0.003531 0.003149 0.990170 0.003149 
0.250000 0.250000 0.250000 0.250000 
 198
0.479817 0.002700 0.046210 
0.462778 0.994483 0.462022 
0.057405 0.002817 0.491768 
0.989002 0.003576 0.003587 0.003836 
0.250000 0.250000 0.250000 0.250000 
 199
0.479817 0.002700 0.046210 
0.462778 0.994483 0.462022 
0.057405 0.002817 0.491768 
0.003149 0.003149 0.004748 0.988953 
0.250000 0.250000 0.250000 0.250000 
 200
0.479817 0.002700 0.046210 
0.462778 0.994483 0.462022 
0.057405 0.002817 0.491768 
0.003149 0.003149 0.003149 0.990552 
0.250000 0.250000 0.250000 0.250000 
 201
0.479817 0.002700 0.046210 
0.462778 0.994483 0.462022 
0.057405 0.002817 0.491768 
0.005177 0.988524 0.003150 0.003150 
0.250000 0.250000 0.250000 0.250000 
 202
0.479817 0.002700 0.046210 
0.462778 0.994483 0.462022 
0.057405 0.002817 0.491768 
0.003149 0.003149 0.990552 0.003149 
0.250000 0.250000 0.250000 0.250000 
 203
0.479817 0.002700 0.046210 
0.462778 0.994483 0.462022 
0.057405 0.002817 0.491768 
0.989411 0.004290 0.003149 0.003149 
0.250000 0.250000 0.250000 0.250000 
 204
0.479817 0.002700 0.046210 
0.462778 0.994483 0.462022 
0.057405 0.002817 0.491768 
0.003507 0.003149 0.004278 0.989066 
0.250000 0.250000 0.250000 0.250000 
 205
0.479817 0.002700 0.046210 
0.462778 0.994483 0.462022 
0.057405 0.002817 0.491768 
0.003149 0.003149 0.003878 0.989824 
0.250000 0.250000 0.250000 0.250000 
 206
0.479817 0.002700 0.046210 
0.462778 0.994483 0.462022 
0.057405 0.002817 0.491768 
0.003149 0.003149 0.003149 0.990552 
0.250000 0.250000 0.250000 0.250000 
 207
0.479817 0.002700 0.046210 
0.462778 0.994483 0.462022 
0.057405 0.002817 0.491768 
0.007580 0.986121 0.003150 0.003150 
0.250000 0.250000 0.250000 0.250000 
 208
0.479817 0.002700 0.046210 
0.462778 0.994483 0.462022 
0.057405 0.002817 0.491768 
0.003713 0.989989 0.003149 0.003149 
0.250000 0.250000 0.250000 0.250000 
 209
0.479817 0.002700 0.046210 
0.462778 0.994483 0.462022 
0.057405 0.002817 0.491768 
0.004045 0.989657 0.003149 0.003149 
0.250000 0.250000 0.250000 0.250000 
 210
0.479817 0.002700 0.046210 
0.462778 0.994483 0.462022 
0.057405 0.002817 0.491768 
0.003858 0.003429 0.009008 0.983706 
0.250000 0.250000 0.250000 0.250000 
 211
0.479817 0.002700 0.046210 
0.462778 0.994483 0.462022 
0.057405 0.002817 0.491768 
0.987723 0.005978 0.003149 0.003149 
0.250000 0.250000 0.250000 0.250000 
 212
0.479817 0.002700 0.046210 
0.462778 0.994483 0.462022 
0.057405 0.002817 0.491768 
0.988747 0.004386 0.003388 0.003480 
0.250000 0.250000 0.250000 0.250000 
 213
0.479817 0.002700 0.046210 
0.462778 0.994483 0.462022 
0.057405 0.002817 0.491768 
0.988195 0.004092 0.004185 0.003528 
0.250000 0.250000 0.250000 0.250000 
 214
0.479817 0.002700 0.046210 
0.462778 0.994483 0.462022 
0.057405 0.002817 0.491768 
0.003149 0.003149 0.003149 0.990552 
0.250000 0.250000 0.250000 0.250000 
 215
0.479817 0.002700 0.046210 
0.462778 0.994483 0.462022 
0.057405 0.002817 0.491768 
0.003149 0.990552 0.003149 0.003149 
0.250000 0.250000 0.250000 0.250000 
 216
0.479817 0.002700 0.046210 
0.462778 0.994483 0.462022 
0.057405 0.002817 0.491768 
0.003150 0.003150 0.007549 0.986151 
0.250000 0.250000 0.250000 0.250000 
 217
0.479817 0.002700 0.046210 
0.462778 0.994483 0.462022 
0.057405 0.002817 0.491768 
0.988039 0.005663 0.003149 0.003149 
0.250000 0.250000 0.250000 0.250000 
 218
0.479817 0.002700 0.046210 
0.462778 0.994483 0.462022 
0.057405 0.002817 0.491768 
0.989206 0.003952 0.003693 0.003149 
0.250000 0.250000 0.250000 0.250000 
 219
0.479817 0.002700 0.046210 
0.462778 0.994483 0.462022 
0.057405 0.002817 0.491768 
0.003474 0.003149 0.988712 0.004665 
0.250000 0.250000 0.250000 0.250000 
 220
0.479817 0.002700 0.046210 
0.462778 0.994483 0.462022 
0.057405 0.002817 0.491768 
0.990157 0.003544 0.003149 0.003149 
0.250000 0.250000 0.250000 0.250000 
 221
0.479817 0.002700 0.046210 
0.462778 0.994483 0.462022 
0.057405 0.002817 0.491768 
0.003149 0.003149 0.004117 0.989584 
0.250000 0.250000 0.250000 0.250000 
 222
0.479817 0.002700 0.046210 
0.462778 0.994483 0.462022 
0.057405 0.002817 0.491768 
0.013646 0.003150 0.012405 0.970799 
0.250000 0.250000 0.250000 0.250000 
 223
0.479817 0.002700 0.046210 
0.462778 0.994483 0.462022 
0.057405 0.002817 0.491768 
0.003149 0.990552 0.003149 0.003149 
0.250000 0.250000 0.250000 0.250000 
 224
0.479817 0.002700 0.046210 
0.462778 0.994483 0.462022 
0.057405 0.002817 0.491768 
0.003150 0.003150 0.990551 0.003150 
0.250000 0.250000 0.250000 0.250000 
 225
0.479817 0.002700 0.046210 
0.462778 0.994483 0.462022 
0.057405 0.002817 0.491768 
0.005304 0.003150 0.003862 0.987683 
0.250000 0.250000 0.250000 0.250000 
 226
0.479817 0.002700 0.046210 
0.462778 0.994483 0.462022 
0.057405 0.002817 0.491768 
0.003630 0.990071 0.003149 0.003149 
0.250000 0.250000 0.250000 0.250000 
 227
0.479817 0.002700 0.046210 
0.462778 0.994483 0.462022 
0.057405 0.002817 0.491768 
0.003149 0.990552 0.003149 0.003149 
0.250000 0.250000 0.250000 0.250000 
 228
0.479817 0.002700 0.046210 
0.462778 0.994483 0.462022 
0.057405 0.002817 0.491768 
0.005283 0.003151 0.986496 0.005071 
0.250000 0.250000 0.250000 0.250000 
 229
0.479817 0.002700 0.046210 
0.462778 0.994483 0.462022 
0.057405 0.002817 0.491768 
0.004098 0.003149 0.003614 0.989139 
0.250000 0.250000 0.250000 0.250000 
 230
0.479817 0.002700 0.046210 
0.462778 0.994483 0.462022 
0.057405 0.002817 0.491768 
0.003149 0.990552 0.003149 0.003149 
0.250000 0.250000 0.250000 0.250000 
 231
0.479817 0.002700 0.046210 
0.462778 0.994483 0.462022 
0.057405 0.002817 0.491768 
0.003149 0.990552 0.003149 0.003149 
0.250000 0.250000 0.250000 0.250000 
 232
0.479817 0.002700 0.046210 
0.462778 0.994483 0.462022 
0.057405 0.002817 0.491768 
0.989762 0.003654 0.003149 0.003434 
