%  SAM: modelfromalign v3.5 (July 15, 2005) compiled 03/03/09_11:47:37
%  (c) 1992-2001 Regents of the University of California, Santa Cruz
%
%          Sequence Alignment and Modeling Software System
%         http://www.cse.ucsc.edu/research/compbio/sam.html
%
% ----------------- Citations (SAM, SAM-T2K, HMMs) --------------------
% R. Hughey, A. Krogh, Hidden Markov models for sequence analysis:
%  Extension and analysis of the basic method, CABIOS 12:95-107, 1996.
% K. Karplus, et al., What is the value added by human intervention in protein
%  structure prediction, Proteins: Stucture, Function, Genetics 45(S5):86--91, 2001.
% A. Krogh et al., Hidden Markov models in computational biology:
%  Applications to protein modeling, JMB 235:1501-1531, Feb 1994.
% ---------------------------------------------------------------------
%  A_NP_hmm   Host: m222714.cdc.gov    Wed May 21 18:12:21 2014
%  vfn4       Dir:  /Volumes/gf_atl_2012/Genotyping/IRMA/segments/NP
% ---------------------------------------------------------------------
%  Alignment weights from internal calc.  Total (91.71) Max (0.30) Min (0.01)
%  Weights from alignment method 1 (karplus), b=-1.000000, e=0.500000
MODEL --  Model from alignment file rev/A_NP.fasta
alphabet DNA
FREQAVE
0.000000 0.000000 0.000000 
0.000000 0.000000 0.000000 
0.000000 0.000000 0.000000 
0.211426 0.197273 0.269801 0.321500 
0.211426 0.197273 0.269801 0.321500 
Begin
0.000000 0.000000 0.000000 
0.000000 0.000000 0.000000 
0.000000 0.002468 0.491768 
0.250000 0.250000 0.250000 0.250000 
0.250000 0.250000 0.250000 0.250000 
   1
0.000000 0.004480 0.046210 
0.000000 0.993052 0.462022 
0.054263 0.002474 0.491768 
0.002703 0.002703 0.006486 0.988108 
0.250000 0.250000 0.250000 0.250000 
   2
0.469203 0.002371 0.046210 
0.476534 0.995155 0.462022 
0.056470 0.002470 0.491768 
0.002699 0.002699 0.276578 0.718024 
0.250000 0.250000 0.250000 0.250000 
   3
0.488288 0.002368 0.046210 
0.455241 0.995163 0.462022 
0.056470 0.002470 0.491768 
0.991500 0.002699 0.002699 0.003102 
0.250000 0.250000 0.250000 0.250000 
   4
0.484923 0.002368 0.046210 
0.458606 0.995163 0.462022 
0.056661 0.002470 0.491768 
0.973232 0.018458 0.004632 0.003678 
0.250000 0.250000 0.250000 0.250000 
   5
0.486561 0.002367 0.046210 
0.456778 0.995163 0.462022 
0.056661 0.002470 0.491768 
0.004380 0.002705 0.201496 0.791420 
0.250000 0.250000 0.250000 0.250000 
   6
0.486561 0.002367 0.046210 
0.456778 0.995163 0.462022 
0.056661 0.002470 0.491768 
0.003096 0.004283 0.003383 0.989238 
0.250000 0.250000 0.250000 0.250000 
   7
0.486561 0.002367 0.046210 
0.456778 0.995163 0.462022 
0.056661 0.002470 0.491768 
0.011491 0.956958 0.006281 0.025270 
0.250000 0.250000 0.250000 0.250000 
   8
0.486561 0.002367 0.046210 
0.456778 0.995163 0.462022 
0.056661 0.002470 0.491768 
0.002698 0.006928 0.003292 0.987082 
0.250000 0.250000 0.250000 0.250000 
   9
0.486561 0.002367 0.046210 
0.456778 0.995163 0.462022 
0.056661 0.002470 0.491768 
0.003285 0.003027 0.987116 0.006572 
0.250000 0.250000 0.250000 0.250000 
  10
0.486561 0.002367 0.046210 
0.456778 0.995163 0.462022 
0.056661 0.002470 0.491768 
0.757384 0.237220 0.002698 0.002698 
0.250000 0.250000 0.250000 0.250000 
  11
0.486561 0.002367 0.046210 
0.456778 0.995163 0.462022 
0.056661 0.002470 0.491768 
0.034693 0.004801 0.002698 0.957808 
0.250000 0.250000 0.250000 0.250000 
  12
0.486561 0.002367 0.046210 
0.456778 0.995163 0.462022 
0.056661 0.002470 0.491768 
0.986572 0.004501 0.002698 0.006229 
0.250000 0.250000 0.250000 0.250000 
  13
0.484838 0.002367 0.046210 
0.458501 0.995163 0.462022 
0.056759 0.002469 0.491768 
0.004032 0.003063 0.902696 0.090209 
0.250000 0.250000 0.250000 0.250000 
  14
0.485675 0.002367 0.046210 
0.457567 0.995163 0.462022 
0.056759 0.002469 0.491768 
0.003283 0.002698 0.003000 0.991018 
0.250000 0.250000 0.250000 0.250000 
  15
0.485675 0.002367 0.046210 
0.457567 0.995163 0.462022 
0.056759 0.002469 0.491768 
0.002698 0.002698 0.991148 0.003456 
0.250000 0.250000 0.250000 0.250000 
  16
0.485675 0.002367 0.046210 
0.457567 0.995163 0.462022 
0.056759 0.002469 0.491768 
0.004789 0.002937 0.845147 0.147126 
0.250000 0.250000 0.250000 0.250000 
  17
0.483259 0.002367 0.046210 
0.459982 0.995163 0.462022 
0.056896 0.002469 0.491768 
0.004523 0.002698 0.004666 0.988113 
0.250000 0.250000 0.250000 0.250000 
  18
0.484429 0.002367 0.046210 
0.458674 0.995164 0.462022 
0.056896 0.002469 0.491768 
0.002698 0.003154 0.988888 0.005260 
0.250000 0.250000 0.250000 0.250000 
  19
0.478177 0.002367 0.046210 
0.464927 0.995164 0.462022 
0.057254 0.002469 0.491768 
0.044604 0.005416 0.007175 0.942804 
0.250000 0.250000 0.250000 0.250000 
  20
0.478555 0.002366 0.046210 
0.464191 0.995165 0.462022 
0.057405 0.002468 0.491768 
0.003191 0.989910 0.003327 0.003571 
0.250000 0.250000 0.250000 0.250000 
  21
0.479817 0.002366 0.046210 
0.462778 0.995165 0.462022 
0.057405 0.002468 0.491768 
0.002697 0.003571 0.990443 0.003290 
0.250000 0.250000 0.250000 0.250000 
  22
0.479817 0.002366 0.046210 
0.462778 0.995165 0.462022 
0.057405 0.002468 0.491768 
0.988101 0.003907 0.002697 0.005295 
0.250000 0.250000 0.250000 0.250000 
  23
0.479817 0.002366 0.046210 
0.462778 0.995165 0.462022 
0.057405 0.002468 0.491768 
0.002944 0.003496 0.007756 0.985803 
0.250000 0.250000 0.250000 0.250000 
  24
0.479817 0.002366 0.046210 
0.462778 0.995165 0.462022 
0.057405 0.002468 0.491768 
0.002697 0.004614 0.003448 0.989241 
0.250000 0.250000 0.250000 0.250000 
  25
0.479817 0.002366 0.046210 
0.462778 0.995165 0.462022 
0.057405 0.002468 0.491768 
0.003664 0.990942 0.002697 0.002697 
0.250000 0.250000 0.250000 0.250000 
  26
0.479817 0.002366 0.046210 
0.462778 0.995165 0.462022 
0.057405 0.002468 0.491768 
0.002697 0.002697 0.003276 0.991331 
0.250000 0.250000 0.250000 0.250000 
  27
0.479817 0.002366 0.046210 
0.462778 0.995165 0.462022 
0.057405 0.002468 0.491768 
0.002697 0.002697 0.991060 0.003546 
0.250000 0.250000 0.250000 0.250000 
  28
0.479817 0.002366 0.046210 
0.462778 0.995165 0.462022 
0.057405 0.002468 0.491768 
0.003254 0.002697 0.004599 0.989450 
0.250000 0.250000 0.250000 0.250000 
  29
0.479817 0.002366 0.046210 
0.462778 0.995165 0.462022 
0.057405 0.002468 0.491768 
0.003034 0.002697 0.990740 0.003530 
0.250000 0.250000 0.250000 0.250000 
  30
0.479817 0.002366 0.046210 
0.462778 0.995165 0.462022 
0.057405 0.002468 0.491768 
0.002697 0.002697 0.990457 0.004150 
0.250000 0.250000 0.250000 0.250000 
  31
0.479817 0.002366 0.046210 
0.462778 0.995165 0.462022 
0.057405 0.002468 0.491768 
0.007215 0.986245 0.003843 0.002697 
0.250000 0.250000 0.250000 0.250000 
  32
0.479817 0.002366 0.046210 
0.462778 0.995165 0.462022 
0.057405 0.002468 0.491768 
0.991038 0.003569 0.002697 0.002697 
0.250000 0.250000 0.250000 0.250000 
  33
0.479817 0.002366 0.046210 
0.462778 0.995165 0.462022 
0.057405 0.002468 0.491768 
0.991910 0.002697 0.002697 0.002697 
0.250000 0.250000 0.250000 0.250000 
  34
0.479817 0.002366 0.046210 
0.462778 0.995165 0.462022 
0.057405 0.002468 0.491768 
0.006709 0.987898 0.002697 0.002697 
0.250000 0.250000 0.250000 0.250000 
  35
0.479817 0.002366 0.046210 
0.462778 0.995165 0.462022 
0.057405 0.002468 0.491768 
0.988847 0.005759 0.002697 0.002697 
0.250000 0.250000 0.250000 0.250000 
  36
0.479817 0.002366 0.046210 
0.462778 0.995165 0.462022 
0.057405 0.002468 0.491768 
0.990958 0.003316 0.002697 0.003029 
0.250000 0.250000 0.250000 0.250000 
  37
0.479817 0.002366 0.046210 
0.462778 0.995165 0.462022 
0.057405 0.002468 0.491768 
0.987758 0.006848 0.002697 0.002697 
0.250000 0.250000 0.250000 0.250000 
  38
0.479817 0.002366 0.046210 
0.462778 0.995165 0.462022 
0.057405 0.002468 0.491768 
0.003159 0.004213 0.002697 0.989931 
0.250000 0.250000 0.250000 0.250000 
  39
0.479817 0.002366 0.046210 
0.462778 0.995165 0.462022 
0.057405 0.002468 0.491768 
0.990452 0.004155 0.002697 0.002697 
0.250000 0.250000 0.250000 0.250000 
  40
0.479817 0.002366 0.046210 
0.462778 0.995165 0.462022 
0.057405 0.002468 0.491768 
0.987783 0.005991 0.002938 0.003289 
0.250000 0.250000 0.250000 0.250000 
  41
0.479817 0.002366 0.046210 
0.462778 0.995165 0.462022 
0.057405 0.002468 0.491768 
0.004567 0.988523 0.002697 0.004213 
0.250000 0.250000 0.250000 0.250000 
  42
0.479817 0.002366 0.046210 
0.462778 0.995165 0.462022 
0.057405 0.002468 0.491768 
0.990189 0.003428 0.002697 0.003686 
0.250000 0.250000 0.250000 0.250000 
  43
0.479817 0.002366 0.046210 
0.462778 0.995165 0.462022 
0.057405 0.002468 0.491768 
0.018407 0.003947 0.236705 0.740941 
0.250000 0.250000 0.250000 0.250000 
  44
0.479817 0.002366 0.046210 
0.462778 0.995165 0.462022 
0.057405 0.002468 0.491768 
0.002697 0.002697 0.991237 0.003369 
0.250000 0.250000 0.250000 0.250000 
  45
0.479817 0.002366 0.046210 
0.462778 0.995165 0.462022 
0.057405 0.002468 0.491768 
0.002697 0.002697 0.986788 0.007819 
0.250000 0.250000 0.250000 0.250000 
  46
0.479817 0.002366 0.046210 
0.462778 0.995165 0.462022 
0.057405 0.002468 0.491768 
0.003878 0.003182 0.136236 0.856703 
0.250000 0.250000 0.250000 0.250000 
  47
0.479817 0.002366 0.046210 
0.462778 0.995165 0.462022 
0.057405 0.002468 0.491768 
0.002996 0.002697 0.003080 0.991227 
0.250000 0.250000 0.250000 0.250000 
  48
0.479817 0.002366 0.046210 
0.462778 0.995165 0.462022 
0.057405 0.002468 0.491768 
0.002697 0.002697 0.991910 0.002697 
0.250000 0.250000 0.250000 0.250000 
  49
0.479817 0.002366 0.046210 
0.462778 0.995165 0.462022 
0.057405 0.002468 0.491768 
0.807916 0.161649 0.005379 0.025056 
0.250000 0.250000 0.250000 0.250000 
  50
0.479817 0.002366 0.046210 
0.462778 0.995165 0.462022 
0.057405 0.002468 0.491768 
0.004213 0.002697 0.003297 0.989793 
0.250000 0.250000 0.250000 0.250000 
  51
0.479817 0.002366 0.046210 
0.462778 0.995165 0.462022 
0.057405 0.002468 0.491768 
0.003099 0.002697 0.003226 0.990979 
0.250000 0.250000 0.250000 0.250000 
  52
0.479817 0.002601 0.046210 
0.462778 0.994931 0.462022 
0.057039 0.002469 0.491768 
0.949634 0.044970 0.002698 0.002698 
0.250000 0.250000 0.250000 0.250000 
  53
0.483139 0.002367 0.046210 
0.459822 0.995164 0.462022 
0.057039 0.002469 0.491768 
0.002932 0.003458 0.831884 0.161726 
0.250000 0.250000 0.250000 0.250000 
  54
0.483139 0.002367 0.046210 
0.459822 0.995164 0.462022 
0.057039 0.002469 0.491768 
0.003215 0.004214 0.003534 0.989037 
0.250000 0.250000 0.250000 0.250000 
  55
0.476753 0.002367 0.046210 
0.466209 0.995164 0.462022 
0.057405 0.002468 0.491768 
0.003024 0.002697 0.989849 0.004431 
0.250000 0.250000 0.250000 0.250000 
  56
0.479817 0.002366 0.046210 
0.462778 0.995165 0.462022 
0.057405 0.002468 0.491768 
0.989893 0.004227 0.003183 0.002697 
0.250000 0.250000 0.250000 0.250000 
  57
0.479817 0.002366 0.046210 
0.462778 0.995165 0.462022 
0.057405 0.002468 0.491768 
0.004500 0.005431 0.003370 0.986699 
0.250000 0.250000 0.250000 0.250000 
  58
0.479817 0.002366 0.046210 
0.462778 0.995165 0.462022 
0.057405 0.002468 0.491768 
0.074458 0.889336 0.004191 0.032016 
0.250000 0.250000 0.250000 0.250000 
  59
0.479817 0.002366 0.046210 
0.462778 0.995165 0.462022 
0.057405 0.002468 0.491768 
0.002697 0.002697 0.003117 0.991489 
0.250000 0.250000 0.250000 0.250000 
  60
0.479817 0.002366 0.046210 
0.462778 0.995165 0.462022 
0.057405 0.002468 0.491768 
0.002697 0.002697 0.990299 0.004308 
0.250000 0.250000 0.250000 0.250000 
  61
0.479817 0.002366 0.046210 
0.462778 0.995165 0.462022 
0.057405 0.002468 0.491768 
0.987599 0.005399 0.003868 0.003134 
0.250000 0.250000 0.250000 0.250000 
  62
0.479817 0.002366 0.046210 
0.462778 0.995165 0.462022 
0.057405 0.002468 0.491768 
0.991910 0.002697 0.002697 0.002697 
0.250000 0.250000 0.250000 0.250000 
  63
0.479817 0.002366 0.046210 
0.462778 0.995165 0.462022 
0.057405 0.002468 0.491768 
0.990832 0.003775 0.002697 0.002697 
0.250000 0.250000 0.250000 0.250000 
  64
0.479817 0.002366 0.046210 
0.462778 0.995165 0.462022 
0.057405 0.002468 0.491768 
0.176819 0.814306 0.004215 0.004661 
0.250000 0.250000 0.250000 0.250000 
  65
0.479817 0.002366 0.046210 
0.462778 0.995165 0.462022 
0.057405 0.002468 0.491768 
0.003902 0.988269 0.003616 0.004213 
0.250000 0.250000 0.250000 0.250000 
  66
0.479817 0.002366 0.046210 
0.462778 0.995165 0.462022 
0.057405 0.002468 0.491768 
0.991499 0.003108 0.002697 0.002697 
0.250000 0.250000 0.250000 0.250000 
  67
0.479817 0.002366 0.046210 
0.462778 0.995165 0.462022 
0.057405 0.002468 0.491768 
0.761346 0.233260 0.002697 0.002697 
0.250000 0.250000 0.250000 0.250000 
  68
0.479817 0.002366 0.046210 
0.462778 0.995165 0.462022 
0.057405 0.002468 0.491768 
0.003616 0.990663 0.003025 0.002697 
0.250000 0.250000 0.250000 0.250000 
  69
0.479817 0.002366 0.046210 
0.462778 0.995165 0.462022 
0.057405 0.002468 0.491768 
0.002697 0.991910 0.002697 0.002697 
0.250000 0.250000 0.250000 0.250000 
  70
0.479817 0.002366 0.046210 
0.462778 0.995165 0.462022 
0.057405 0.002468 0.491768 
0.003410 0.002697 0.990731 0.003163 
0.250000 0.250000 0.250000 0.250000 
  71
0.479817 0.002366 0.046210 
0.462778 0.995165 0.462022 
0.057405 0.002468 0.491768 
0.990903 0.003703 0.002697 0.002697 
0.250000 0.250000 0.250000 0.250000 
  72
0.479817 0.002366 0.046210 
0.462778 0.995165 0.462022 
0.057405 0.002468 0.491768 
0.003081 0.002697 0.991238 0.002984 
0.250000 0.250000 0.250000 0.250000 
  73
0.479817 0.002366 0.046210 
0.462778 0.995165 0.462022 
0.057405 0.002468 0.491768 
0.003120 0.991114 0.002697 0.003069 
0.250000 0.250000 0.250000 0.250000 
  74
0.479817 0.002366 0.046210 
0.462778 0.995165 0.462022 
0.057405 0.002468 0.491768 
0.991404 0.003203 0.002697 0.002697 
0.250000 0.250000 0.250000 0.250000 
  75
0.479817 0.002366 0.046210 
0.462778 0.995165 0.462022 
0.057405 0.002468 0.491768 
0.002697 0.002697 0.007603 0.987004 
0.250000 0.250000 0.250000 0.250000 
  76
0.479817 0.002366 0.046210 
0.462778 0.995165 0.462022 
0.057405 0.002468 0.491768 
0.003132 0.004150 0.980795 0.011924 
0.250000 0.250000 0.250000 0.250000 
  77
0.479817 0.002366 0.046210 
0.462778 0.995165 0.462022 
0.057405 0.002468 0.491768 
0.002697 0.991910 0.002697 0.002697 
0.250000 0.250000 0.250000 0.250000 
  78
0.479817 0.002366 0.046210 
0.462778 0.995165 0.462022 
0.057405 0.002468 0.491768 
0.003490 0.990383 0.002697 0.003430 
0.250000 0.250000 0.250000 0.250000 
  79
0.479817 0.002366 0.046210 
0.462778 0.995165 0.462022 
0.057405 0.002468 0.491768 
0.002697 0.988433 0.005873 0.002997 
0.250000 0.250000 0.250000 0.250000 
  80
0.479817 0.002366 0.046210 
0.462778 0.995165 0.462022 
0.057405 0.002468 0.491768 
0.002697 0.003602 0.043943 0.949759 
0.250000 0.250000 0.250000 0.250000 
  81
0.479817 0.002366 0.046210 
0.462778 0.995165 0.462022 
0.057405 0.002468 0.491768 
0.002697 0.003170 0.003115 0.991018 
0.250000 0.250000 0.250000 0.250000 
  82
0.479817 0.002366 0.046210 
0.462778 0.995165 0.462022 
0.057405 0.002468 0.491768 
0.002984 0.002697 0.991055 0.003264 
0.250000 0.250000 0.250000 0.250000 
  83
0.479817 0.002366 0.046210 
0.462778 0.995165 0.462022 
0.057405 0.002468 0.491768 
0.003528 0.991078 0.002697 0.002697 
0.250000 0.250000 0.250000 0.250000 
  84
0.479817 0.002366 0.046210 
0.462778 0.995165 0.462022 
0.057405 0.002468 0.491768 
0.002697 0.003105 0.027655 0.966543 
0.250000 0.250000 0.250000 0.250000 
  85
0.479817 0.002366 0.046210 
0.462778 0.995165 0.462022 
0.057405 0.002468 0.491768 
0.005258 0.011331 0.026759 0.956652 
0.250000 0.250000 0.250000 0.250000 
  86
0.479817 0.002366 0.046210 
0.462778 0.995165 0.462022 
0.057405 0.002468 0.491768 
0.002697 0.991910 0.002697 0.002697 
0.250000 0.250000 0.250000 0.250000 
  87
0.479817 0.002366 0.046210 
0.462778 0.995165 0.462022 
0.057405 0.002468 0.491768 
0.002697 0.002697 0.991233 0.003373 
0.250000 0.250000 0.250000 0.250000 
  88
0.479817 0.002366 0.046210 
0.462778 0.995165 0.462022 
0.057405 0.002468 0.491768 
0.003056 0.003716 0.988280 0.004948 
0.250000 0.250000 0.250000 0.250000 
  89
0.479817 0.002366 0.046210 
0.462778 0.995165 0.462022 
0.057405 0.002468 0.491768 
0.002697 0.002697 0.069575 0.925032 
0.250000 0.250000 0.250000 0.250000 
  90
0.479817 0.002366 0.046210 
0.462778 0.995165 0.462022 
0.057405 0.002468 0.491768 
0.002697 0.002697 0.002697 0.991910 
0.250000 0.250000 0.250000 0.250000 
  91
0.479817 0.002366 0.046210 
0.462778 0.995165 0.462022 
0.057405 0.002468 0.491768 
0.002697 0.003500 0.131971 0.861833 
0.250000 0.250000 0.250000 0.250000 
  92
0.479817 0.002366 0.046210 
0.462778 0.995165 0.462022 
0.057405 0.002468 0.491768 
0.002992 0.002698 0.003820 0.990490 
0.250000 0.250000 0.250000 0.250000 
  93
0.479817 0.002366 0.046210 
0.462778 0.995165 0.462022 
0.057405 0.002468 0.491768 
0.002697 0.002697 0.991433 0.003174 
0.250000 0.250000 0.250000 0.250000 
  94
0.479817 0.002366 0.046210 
0.462778 0.995165 0.462022 
0.057405 0.002468 0.491768 
0.011633 0.982974 0.002697 0.002697 
0.250000 0.250000 0.250000 0.250000 
  95
0.479817 0.002366 0.046210 
0.462778 0.995165 0.462022 
0.057405 0.002468 0.491768 
0.002697 0.002697 0.003196 0.991411 
0.250000 0.250000 0.250000 0.250000 
  96
0.479817 0.002366 0.046210 
0.462778 0.995165 0.462022 
0.057405 0.002468 0.491768 
0.002697 0.002697 0.991501 0.003106 
0.250000 0.250000 0.250000 0.250000 
  97
0.479817 0.002366 0.046210 
0.462778 0.995165 0.462022 
0.057405 0.002468 0.491768 
0.005890 0.003719 0.820030 0.170361 
0.250000 0.250000 0.250000 0.250000 
  98
0.479817 0.002366 0.046210 
0.462778 0.995165 0.462022 
0.057405 0.002468 0.491768 
0.003104 0.991503 0.002697 0.002697 
0.250000 0.250000 0.250000 0.250000 
  99
0.479817 0.002366 0.046210 
0.462778 0.995165 0.462022 
0.057405 0.002468 0.491768 
0.990909 0.002940 0.003173 0.002978 
0.250000 0.250000 0.250000 0.250000 
 100
0.479817 0.002366 0.046210 
0.462778 0.995165 0.462022 
0.057405 0.002468 0.491768 
0.011423 0.960226 0.003829 0.024523 
0.250000 0.250000 0.250000 0.250000 
 101
0.479817 0.002366 0.046210 
0.462778 0.995165 0.462022 
0.057405 0.002468 0.491768 
0.991910 0.002697 0.002697 0.002697 
0.250000 0.250000 0.250000 0.250000 
 102
0.479817 0.002366 0.046210 
0.462778 0.995165 0.462022 
0.057405 0.002468 0.491768 
0.010726 0.978367 0.002697 0.008211 
0.250000 0.250000 0.250000 0.250000 
 103
0.479817 0.002366 0.046210 
0.462778 0.995165 0.462022 
0.057405 0.002468 0.491768 
0.002697 0.002697 0.991910 0.002697 
0.250000 0.250000 0.250000 0.250000 
 104
0.479817 0.002366 0.046210 
0.462778 0.995165 0.462022 
0.057405 0.002468 0.491768 
0.002697 0.002697 0.004355 0.990251 
0.250000 0.250000 0.250000 0.250000 
 105
0.479817 0.002366 0.046210 
0.462778 0.995165 0.462022 
0.057405 0.002468 0.491768 
0.002697 0.002697 0.991910 0.002697 
0.250000 0.250000 0.250000 0.250000 
 106
0.479817 0.002366 0.046210 
0.462778 0.995165 0.462022 
0.057405 0.002468 0.491768 
0.057136 0.937471 0.002697 0.002697 
0.250000 0.250000 0.250000 0.250000 
 107
0.479817 0.002366 0.046210 
0.462778 0.995165 0.462022 
0.057405 0.002468 0.491768 
0.991250 0.003356 0.002697 0.002697 
0.250000 0.250000 0.250000 0.250000 
 108
0.479817 0.002366 0.046210 
0.462778 0.995165 0.462022 
0.057405 0.002468 0.491768 
0.991910 0.002697 0.002697 0.002697 
0.250000 0.250000 0.250000 0.250000 
 109
0.479817 0.002366 0.046210 
0.462778 0.995165 0.462022 
0.057405 0.002468 0.491768 
0.137553 0.842975 0.004525 0.014947 
0.250000 0.250000 0.250000 0.250000 
 110
0.479817 0.002366 0.046210 
0.462778 0.995165 0.462022 
0.057405 0.002468 0.491768 
0.991039 0.003567 0.002697 0.002697 
0.250000 0.250000 0.250000 0.250000 
 111
0.479817 0.002366 0.046210 
0.462778 0.995165 0.462022 
0.057405 0.002468 0.491768 
0.002697 0.002697 0.991506 0.003101 
0.250000 0.250000 0.250000 0.250000 
 112
0.479817 0.002366 0.046210 
0.462778 0.995165 0.462022 
0.057405 0.002468 0.491768 
0.008650 0.003002 0.015863 0.972485 
0.250000 0.250000 0.250000 0.250000 
 113
0.479817 0.002366 0.046210 
0.462778 0.995165 0.462022 
0.057405 0.002468 0.491768 
0.002697 0.003125 0.991482 0.002697 
0.250000 0.250000 0.250000 0.250000 
 114
0.479817 0.002366 0.046210 
0.462778 0.995165 0.462022 
0.057405 0.002468 0.491768 
0.002697 0.002697 0.991507 0.003099 
0.250000 0.250000 0.250000 0.250000 
 115
0.479817 0.002366 0.046210 
0.462778 0.995165 0.462022 
0.057405 0.002468 0.491768 
0.005464 0.002697 0.987330 0.004509 
0.250000 0.250000 0.250000 0.250000 
 116
0.479817 0.002366 0.046210 
0.462778 0.995165 0.462022 
0.057405 0.002468 0.491768 
0.002697 0.003716 0.990891 0.002697 
0.250000 0.250000 0.250000 0.250000 
 117
0.479817 0.002366 0.046210 
0.462778 0.995165 0.462022 
0.057405 0.002468 0.491768 
0.002697 0.897568 0.004972 0.094764 
0.250000 0.250000 0.250000 0.250000 
 118
0.479817 0.002366 0.046210 
0.462778 0.995165 0.462022 
0.057405 0.002468 0.491768 
0.002697 0.003021 0.957740 0.036543 
0.250000 0.250000 0.250000 0.250000 
 119
0.479817 0.002366 0.046210 
0.462778 0.995165 0.462022 
0.057405 0.002468 0.491768 
0.002697 0.002697 0.991910 0.002697 
0.250000 0.250000 0.250000 0.250000 
 120
0.479817 0.002366 0.046210 
0.462778 0.995165 0.462022 
0.057405 0.002468 0.491768 
0.002697 0.002697 0.991438 0.003169 
0.250000 0.250000 0.250000 0.250000 
 121
0.479817 0.002366 0.046210 
0.462778 0.995165 0.462022 
0.057405 0.002468 0.491768 
0.063851 0.003013 0.881766 0.051370 
0.250000 0.250000 0.250000 0.250000 
 122
0.479817 0.002366 0.046210 
0.462778 0.995165 0.462022 
0.057405 0.002468 0.491768 
0.002697 0.002697 0.148469 0.846137 
0.250000 0.250000 0.250000 0.250000 
 123
0.479817 0.002366 0.046210 
0.462778 0.995165 0.462022 
0.057405 0.002468 0.491768 
0.002697 0.990930 0.002697 0.003677 
0.250000 0.250000 0.250000 0.250000 
 124
0.479817 0.002366 0.046210 
0.462778 0.995165 0.462022 
0.057405 0.002468 0.491768 
0.014224 0.980383 0.002697 0.002697 
0.250000 0.250000 0.250000 0.250000 
 125
0.479817 0.002366 0.046210 
0.462778 0.995165 0.462022 
0.057405 0.002468 0.491768 
0.990003 0.004604 0.002697 0.002697 
0.250000 0.250000 0.250000 0.250000 
 126
0.479817 0.002366 0.046210 
0.462778 0.995165 0.462022 
0.057405 0.002468 0.491768 
0.991909 0.002697 0.002697 0.002697 
0.250000 0.250000 0.250000 0.250000 
 127
0.479817 0.002366 0.046210 
0.462778 0.995165 0.462022 
0.057405 0.002468 0.491768 
0.433652 0.348055 0.030024 0.188268 
0.250000 0.250000 0.250000 0.250000 
 128
0.479817 0.002366 0.046210 
0.462778 0.995165 0.462022 
0.057405 0.002468 0.491768 
0.003348 0.991258 0.002697 0.002697 
0.250000 0.250000 0.250000 0.250000 
 129
0.479817 0.002366 0.046210 
0.462778 0.995165 0.462022 
0.057405 0.002468 0.491768 
0.991910 0.002697 0.002697 0.002697 
0.250000 0.250000 0.250000 0.250000 
 130
0.479817 0.002366 0.046210 
0.462778 0.995165 0.462022 
0.057405 0.002468 0.491768 
0.003017 0.003018 0.987604 0.006360 
0.250000 0.250000 0.250000 0.250000 
 131
0.479817 0.002366 0.046210 
0.462778 0.995165 0.462022 
0.057405 0.002468 0.491768 
0.989958 0.004025 0.002697 0.003320 
0.250000 0.250000 0.250000 0.250000 
 132
0.479817 0.002366 0.046210 
0.462778 0.995165 0.462022 
0.057405 0.002468 0.491768 
0.210075 0.003770 0.767365 0.018790 
0.250000 0.250000 0.250000 0.250000 
 133
0.479817 0.002366 0.046210 
0.462778 0.995165 0.462022 
0.057405 0.002468 0.491768 
0.736819 0.029633 0.004268 0.229279 
0.250000 0.250000 0.250000 0.250000 
 134
0.479817 0.002366 0.046210 
0.462778 0.995165 0.462022 
0.057405 0.002468 0.491768 
0.002697 0.003385 0.003202 0.990716 
0.250000 0.250000 0.250000 0.250000 
 135
0.479817 0.002366 0.046210 
0.462778 0.995165 0.462022 
0.057405 0.002468 0.491768 
0.002697 0.002697 0.990905 0.003702 
0.250000 0.250000 0.250000 0.250000 
 136
0.479817 0.002366 0.046210 
0.462778 0.995165 0.462022 
0.057405 0.002468 0.491768 
0.004390 0.005610 0.050814 0.939186 
0.250000 0.250000 0.250000 0.250000 
 137
0.479817 0.002366 0.046210 
0.462778 0.995165 0.462022 
0.057405 0.002468 0.491768 
0.002989 0.002697 0.004642 0.989673 
0.250000 0.250000 0.250000 0.250000 
 138
0.479817 0.002366 0.046210 
0.462778 0.995165 0.462022 
0.057405 0.002468 0.491768 
0.002697 0.002697 0.991501 0.003106 
0.250000 0.250000 0.250000 0.250000 
 139
0.479817 0.002366 0.046210 
0.462778 0.995165 0.462022 
0.057405 0.002468 0.491768 
0.182813 0.007769 0.004523 0.804895 
0.250000 0.250000 0.250000 0.250000 
 140
0.479817 0.002366 0.046210 
0.462778 0.995165 0.462022 
0.057405 0.002468 0.491768 
0.003078 0.991216 0.002697 0.003008 
0.250000 0.250000 0.250000 0.250000 
 141
0.479817 0.002366 0.046210 
0.462778 0.995165 0.462022 
0.057405 0.002468 0.491768 
0.027269 0.965718 0.003198 0.003815 
0.250000 0.250000 0.250000 0.250000 
 142
0.479817 0.002366 0.046210 
0.462778 0.995165 0.462022 
0.057405 0.002468 0.491768 
0.003014 0.003090 0.214652 0.779244 
0.250000 0.250000 0.250000 0.250000 
 143
0.479817 0.002366 0.046210 
0.462778 0.995165 0.462022 
0.057405 0.002468 0.491768 
0.002697 0.004362 0.552282 0.440659 
0.250000 0.250000 0.250000 0.250000 
 144
0.479817 0.002366 0.046210 
0.462778 0.995165 0.462022 
0.057405 0.002468 0.491768 
0.002697 0.004158 0.002988 0.990157 
0.250000 0.250000 0.250000 0.250000 
 145
0.479817 0.002366 0.046210 
0.462778 0.995165 0.462022 
0.057405 0.002468 0.491768 
0.009849 0.529805 0.006005 0.454341 
0.250000 0.250000 0.250000 0.250000 
 146
0.479817 0.002366 0.046210 
0.462778 0.995165 0.462022 
0.057405 0.002468 0.491768 
0.005379 0.988582 0.003342 0.002697 
0.250000 0.250000 0.250000 0.250000 
 147
0.479817 0.002366 0.046210 
0.462778 0.995165 0.462022 
0.057405 0.002468 0.491768 
0.010527 0.002697 0.976770 0.010007 
0.250000 0.250000 0.250000 0.250000 
 148
0.479817 0.002366 0.046210 
0.462778 0.995165 0.462022 
0.057405 0.002468 0.491768 
0.959145 0.032992 0.005165 0.002697 
0.250000 0.250000 0.250000 0.250000 
 149
0.479817 0.002366 0.046210 
0.462778 0.995165 0.462022 
0.057405 0.002468 0.491768 
0.003944 0.002935 0.735736 0.257384 
0.250000 0.250000 0.250000 0.250000 
 150
0.479817 0.002366 0.046210 
0.462778 0.995165 0.462022 
0.057405 0.002468 0.491768 
0.002697 0.003324 0.151036 0.842944 
0.250000 0.250000 0.250000 0.250000 
 151
0.479817 0.002366 0.046210 
0.462778 0.995165 0.462022 
0.057405 0.002468 0.491768 
0.002697 0.003549 0.044859 0.948895 
0.250000 0.250000 0.250000 0.250000 
 152
0.479817 0.002366 0.046210 
0.462778 0.995165 0.462022 
0.057405 0.002468 0.491768 
0.002697 0.002697 0.003155 0.991451 
0.250000 0.250000 0.250000 0.250000 
 153
0.479817 0.002366 0.046210 
0.462778 0.995165 0.462022 
0.057405 0.002468 0.491768 
0.002697 0.002697 0.991910 0.002697 
0.250000 0.250000 0.250000 0.250000 
 154
0.479817 0.002366 0.046210 
0.462778 0.995165 0.462022 
0.057405 0.002468 0.491768 
0.002697 0.003879 0.990259 0.003165 
0.250000 0.250000 0.250000 0.250000 
 155
0.479817 0.002366 0.046210 
0.462778 0.995165 0.462022 
0.057405 0.002468 0.491768 
0.991494 0.002697 0.003113 0.002697 
0.250000 0.250000 0.250000 0.250000 
 156
0.479817 0.002366 0.046210 
0.462778 0.995165 0.462022 
0.057405 0.002468 0.491768 
0.003001 0.002697 0.003297 0.991005 
0.250000 0.250000 0.250000 0.250000 
 157
0.479817 0.002366 0.046210 
0.462778 0.995165 0.462022 
0.057405 0.002468 0.491768 
0.002697 0.002697 0.988262 0.006345 
0.250000 0.250000 0.250000 0.250000 
 158
0.479817 0.002366 0.046210 
0.462778 0.995165 0.462022 
0.057405 0.002468 0.491768 
0.990168 0.004439 0.002697 0.002697 
0.250000 0.250000 0.250000 0.250000 
 159
0.479817 0.002366 0.046210 
0.462778 0.995165 0.462022 
0.057405 0.002468 0.491768 
0.003394 0.003033 0.003017 0.990556 
0.250000 0.250000 0.250000 0.250000 
 160
0.479817 0.002366 0.046210 
0.462778 0.995165 0.462022 
0.057405 0.002468 0.491768 
0.002697 0.002697 0.423189 0.571417 
0.250000 0.250000 0.250000 0.250000 
 161
0.479817 0.002366 0.046210 
0.462778 0.995165 0.462022 
0.057405 0.002468 0.491768 
0.002697 0.003182 0.886236 0.107885 
0.250000 0.250000 0.250000 0.250000 
 162
0.479817 0.002366 0.046210 
0.462778 0.995165 0.462022 
0.057405 0.002468 0.491768 
0.002697 0.008599 0.003468 0.985236 
0.250000 0.250000 0.250000 0.250000 
 163
0.479817 0.002366 0.046210 
0.462778 0.995165 0.462022 
0.057405 0.002468 0.491768 
0.003115 0.004127 0.002697 0.990061 
0.250000 0.250000 0.250000 0.250000 
 164
0.479817 0.002366 0.046210 
0.462778 0.995165 0.462022 
0.057405 0.002468 0.491768 
0.991910 0.002697 0.002697 0.002697 
0.250000 0.250000 0.250000 0.250000 
 165
0.479817 0.002366 0.046210 
0.462778 0.995165 0.462022 
0.057405 0.002468 0.491768 
0.002697 0.002697 0.004635 0.989972 
0.250000 0.250000 0.250000 0.250000 
 166
0.479817 0.002366 0.046210 
0.462778 0.995165 0.462022 
0.057405 0.002468 0.491768 
0.236815 0.745270 0.003686 0.014228 
0.250000 0.250000 0.250000 0.250000 
 167
0.479817 0.002366 0.046210 
0.462778 0.995165 0.462022 
0.057405 0.002468 0.491768 
0.991491 0.003115 0.002697 0.002697 
0.250000 0.250000 0.250000 0.250000 
 168
0.479817 0.002366 0.046210 
0.462778 0.995165 0.462022 
0.057405 0.002468 0.491768 
0.002987 0.002697 0.185174 0.809143 
0.250000 0.250000 0.250000 0.250000 
 169
0.479817 0.002366 0.046210 
0.462778 0.995165 0.462022 
0.057405 0.002468 0.491768 
0.002697 0.002697 0.198419 0.796187 
0.250000 0.250000 0.250000 0.250000 
 170
0.479817 0.002366 0.046210 
0.462778 0.995165 0.462022 
0.057405 0.002468 0.491768 
0.002697 0.002697 0.003337 0.991270 
0.250000 0.250000 0.250000 0.250000 
 171
0.479817 0.002366 0.046210 
0.462778 0.995165 0.462022 
0.057405 0.002468 0.491768 
0.002697 0.002697 0.991910 0.002697 
0.250000 0.250000 0.250000 0.250000 
 172
0.479817 0.002366 0.046210 
0.462778 0.995165 0.462022 
0.057405 0.002468 0.491768 
0.496917 0.017406 0.058619 0.427058 
0.250000 0.250000 0.250000 0.250000 
 173
0.479817 0.002366 0.046210 
0.462778 0.995165 0.462022 
0.057405 0.002468 0.491768 
0.003259 0.987291 0.006753 0.002697 
0.250000 0.250000 0.250000 0.250000 
 174
0.479817 0.002366 0.046210 
0.462778 0.995165 0.462022 
0.057405 0.002468 0.491768 
0.002986 0.002697 0.230837 0.763480 
0.250000 0.250000 0.250000 0.250000 
 175
0.479817 0.002366 0.046210 
0.462778 0.995165 0.462022 
0.057405 0.002468 0.491768 
0.003159 0.002697 0.509916 0.484228 
0.250000 0.250000 0.250000 0.250000 
 176
0.479817 0.002366 0.046210 
0.462778 0.995165 0.462022 
0.057405 0.002468 0.491768 
0.002697 0.002697 0.990481 0.004126 
0.250000 0.250000 0.250000 0.250000 
 177
0.479817 0.002366 0.046210 
0.462778 0.995165 0.462022 
0.057405 0.002468 0.491768 
0.002697 0.215191 0.003556 0.778557 
0.250000 0.250000 0.250000 0.250000 
 178
0.479817 0.002366 0.046210 
0.462778 0.995165 0.462022 
0.057405 0.002468 0.491768 
0.002697 0.002697 0.991440 0.003166 
0.250000 0.250000 0.250000 0.250000 
 179
0.479817 0.002366 0.046210 
0.462778 0.995165 0.462022 
0.057405 0.002468 0.491768 
0.991910 0.002697 0.002697 0.002697 
0.250000 0.250000 0.250000 0.250000 
 180
0.479817 0.002366 0.046210 
0.462778 0.995165 0.462022 
0.057405 0.002468 0.491768 
0.003153 0.005898 0.003173 0.987776 
0.250000 0.250000 0.250000 0.250000 
 181
0.479817 0.002366 0.046210 
0.462778 0.995165 0.462022 
0.057405 0.002468 0.491768 
0.075394 0.919212 0.002697 0.002697 
0.250000 0.250000 0.250000 0.250000 
 182
0.479817 0.002366 0.046210 
0.462778 0.995165 0.462022 
0.057405 0.002468 0.491768 
0.003360 0.002698 0.002988 0.990954 
0.250000 0.250000 0.250000 0.250000 
 183
0.479817 0.002366 0.046210 
0.462778 0.995165 0.462022 
0.057405 0.002468 0.491768 
0.003351 0.002697 0.991255 0.002697 
0.250000 0.250000 0.250000 0.250000 
 184
0.479817 0.002366 0.046210 
0.462778 0.995165 0.462022 
0.057405 0.002468 0.491768 
0.297457 0.231666 0.014060 0.456816 
0.250000 0.250000 0.250000 0.250000 
 185
0.479817 0.002366 0.046210 
0.462778 0.995165 0.462022 
0.057405 0.002468 0.491768 
0.003631 0.990298 0.002697 0.003374 
0.250000 0.250000 0.250000 0.250000 
 186
0.479817 0.002366 0.046210 
0.462778 0.995165 0.462022 
0.057405 0.002468 0.491768 
0.991910 0.002697 0.002697 0.002697 
0.250000 0.250000 0.250000 0.250000 
 187
0.479817 0.002366 0.046210 
0.462778 0.995165 0.462022 
0.057405 0.002468 0.491768 
0.273761 0.089361 0.131677 0.505201 
0.250000 0.250000 0.250000 0.250000 
 188
0.479817 0.002366 0.046210 
0.462778 0.995165 0.462022 
0.057405 0.002468 0.491768 
0.004138 0.990173 0.002697 0.002992 
0.250000 0.250000 0.250000 0.250000 
 189
0.479817 0.002366 0.046210 
0.462778 0.995165 0.462022 
0.057405 0.002468 0.491768 
0.005622 0.002697 0.003326 0.988356 
0.250000 0.250000 0.250000 0.250000 
 190
0.479817 0.002366 0.046210 
0.462778 0.995165 0.462022 
0.057405 0.002468 0.491768 
0.006175 0.004859 0.260074 0.728892 
0.250000 0.250000 0.250000 0.250000 
 191
0.479817 0.002366 0.046210 
0.462778 0.995165 0.462022 
0.057405 0.002468 0.491768 
0.002697 0.002697 0.991910 0.002697 
0.250000 0.250000 0.250000 0.250000 
 192
0.479817 0.002366 0.046210 
0.462778 0.995165 0.462022 
0.057405 0.002468 0.491768 
0.002697 0.205869 0.005622 0.785813 
0.250000 0.250000 0.250000 0.250000 
 193
0.479817 0.002366 0.046210 
0.462778 0.995165 0.462022 
0.057405 0.002468 0.491768 
0.022912 0.500228 0.039553 0.437307 
0.250000 0.250000 0.250000 0.250000 
 194
0.479817 0.002366 0.046210 
0.462778 0.995165 0.462022 
0.057405 0.002468 0.491768 
0.002697 0.002697 0.991910 0.002697 
0.250000 0.250000 0.250000 0.250000 
 195
0.479817 0.002366 0.046210 
0.462778 0.995165 0.462022 
0.057405 0.002468 0.491768 
0.002697 0.002697 0.991490 0.003117 
0.250000 0.250000 0.250000 0.250000 
 196
0.479817 0.002366 0.046210 
0.462778 0.995165 0.462022 
0.057405 0.002468 0.491768 
0.003028 0.003716 0.501569 0.491688 
0.250000 0.250000 0.250000 0.250000 
 197
0.479817 0.002366 0.046210 
0.462778 0.995165 0.462022 
0.057405 0.002468 0.491768 
0.002697 0.002697 0.003114 0.991493 
0.250000 0.250000 0.250000 0.250000 
 198
0.479817 0.002366 0.046210 
0.462778 0.995165 0.462022 
0.057405 0.002468 0.491768 
0.002697 0.002697 0.991311 0.003295 
0.250000 0.250000 0.250000 0.250000 
 199
0.479817 0.002366 0.046210 
0.462778 0.995165 0.462022 
0.057405 0.002468 0.491768 
0.692760 0.020207 0.187451 0.099582 
0.250000 0.250000 0.250000 0.250000 
 200
0.479817 0.002366 0.046210 
0.462778 0.995165 0.462022 
0.057405 0.002468 0.491768 
0.005825 0.775604 0.004825 0.213746 
0.250000 0.250000 0.250000 0.250000 
 201
0.479817 0.002366 0.046210 
0.462778 0.995165 0.462022 
0.057405 0.002468 0.491768 
0.003874 0.009057 0.037606 0.949463 
0.250000 0.250000 0.250000 0.250000 
 202
0.479817 0.002366 0.046210 
0.462778 0.995165 0.462022 
0.057405 0.002468 0.491768 
0.472242 0.522365 0.002697 0.002697 
0.250000 0.250000 0.250000 0.250000 
 203
0.479817 0.002366 0.046210 
0.462778 0.995165 0.462022 
0.057405 0.002468 0.491768 
0.002697 0.003360 0.006473 0.987470 
0.250000 0.250000 0.250000 0.250000 
 204
0.479817 0.002366 0.046210 
0.462778 0.995165 0.462022 
0.057405 0.002468 0.491768 
0.002697 0.003489 0.008710 0.985105 
0.250000 0.250000 0.250000 0.250000 
 205
0.479817 0.002366 0.046210 
0.462778 0.995165 0.462022 
0.057405 0.002468 0.491768 
0.015186 0.003292 0.482079 0.499443 
0.250000 0.250000 0.250000 0.250000 
 206
0.479817 0.002366 0.046210 
0.462778 0.995165 0.462022 
0.057405 0.002468 0.491768 
0.002990 0.002697 0.991295 0.003018 
0.250000 0.250000 0.250000 0.250000 
 207
0.479817 0.002366 0.046210 
0.462778 0.995165 0.462022 
0.057405 0.002468 0.491768 
0.002697 0.002697 0.989525 0.005082 
0.250000 0.250000 0.250000 0.250000 
 208
0.479817 0.002366 0.046210 
0.462778 0.995165 0.462022 
0.057405 0.002468 0.491768 
0.314111 0.190010 0.032804 0.463075 
0.250000 0.250000 0.250000 0.250000 
 209
0.479817 0.002366 0.046210 
0.462778 0.995165 0.462022 
0.057405 0.002468 0.491768 
0.018035 0.766961 0.194423 0.020580 
0.250000 0.250000 0.250000 0.250000 
 210
0.479817 0.002366 0.046210 
0.462778 0.995165 0.462022 
0.057405 0.002468 0.491768 
0.025006 0.002953 0.023713 0.948328 
0.250000 0.250000 0.250000 0.250000 
 211
0.479817 0.002366 0.046210 
0.462778 0.995165 0.462022 
0.057405 0.002468 0.491768 
0.363238 0.631077 0.002988 0.002697 
0.250000 0.250000 0.250000 0.250000 
 212
0.479817 0.002366 0.046210 
0.462778 0.995165 0.462022 
0.057405 0.002468 0.491768 
0.991910 0.002697 0.002697 0.002697 
0.250000 0.250000 0.250000 0.250000 
 213
0.479817 0.002366 0.046210 
0.462778 0.995165 0.462022 
0.057405 0.002468 0.491768 
0.991347 0.003259 0.002697 0.002697 
0.250000 0.250000 0.250000 0.250000 
 214
0.479817 0.002366 0.046210 
0.462778 0.995165 0.462022 
0.057405 0.002468 0.491768 
0.079405 0.021998 0.046320 0.852277 
0.250000 0.250000 0.250000 0.250000 
 215
0.479817 0.002366 0.046210 
0.462778 0.995165 0.462022 
0.057405 0.002468 0.491768 
0.004091 0.990515 0.002697 0.002697 
0.250000 0.250000 0.250000 0.250000 
 216
0.479817 0.002366 0.046210 
0.462778 0.995165 0.462022 
0.057405 0.002468 0.491768 
0.003164 0.002697 0.987518 0.006621 
0.250000 0.250000 0.250000 0.250000 
 217
0.479817 0.002366 0.046210 
0.462778 0.995165 0.462022 
0.057405 0.002468 0.491768 
0.053325 0.011377 0.270043 0.665255 
0.250000 0.250000 0.250000 0.250000 
 218
0.479817 0.002366 0.046210 
0.462778 0.995165 0.462022 
0.057405 0.002468 0.491768 
0.003136 0.991470 0.002697 0.002697 
0.250000 0.250000 0.250000 0.250000 
 219
0.479817 0.002366 0.046210 
0.462778 0.995165 0.462022 
0.057405 0.002468 0.491768 
0.003280 0.002697 0.990950 0.003073 
0.250000 0.250000 0.250000 0.250000 
 220
0.479817 0.002366 0.046210 
0.462778 0.995165 0.462022 
0.057405 0.002468 0.491768 
0.003719 0.002697 0.990370 0.003215 
0.250000 0.250000 0.250000 0.250000 
 221
0.479817 0.002366 0.046210 
0.462778 0.995165 0.462022 
0.057405 0.002468 0.491768 
0.991502 0.002697 0.002697 0.003104 
0.250000 0.250000 0.250000 0.250000 
 222
0.479817 0.002366 0.046210 
0.462778 0.995165 0.462022 
0.057405 0.002468 0.491768 
0.012796 0.003563 0.002697 0.980945 
0.250000 0.250000 0.250000 0.250000 
 223
0.479817 0.002366 0.046210 
0.462778 0.995165 0.462022 
0.057405 0.002468 0.491768 
0.632239 0.345845 0.003465 0.018451 
0.250000 0.250000 0.250000 0.250000 
 224
0.479817 0.002366 0.046210 
0.462778 0.995165 0.462022 
0.057405 0.002468 0.491768 
0.991910 0.002697 0.002697 0.002697 
0.250000 0.250000 0.250000 0.250000 
 225
0.479817 0.002366 0.046210 
0.462778 0.995165 0.462022 
0.057405 0.002468 0.491768 
0.002697 0.002697 0.269539 0.725068 
0.250000 0.250000 0.250000 0.250000 
 226
0.479817 0.002366 0.046210 
0.462778 0.995165 0.462022 
0.057405 0.002468 0.491768 
0.045183 0.940107 0.002697 0.012013 
0.250000 0.250000 0.250000 0.250000 
 227
0.479817 0.002366 0.046210 
0.462778 0.995165 0.462022 
0.057405 0.002468 0.491768 
0.004207 0.990400 0.002697 0.002697 
0.250000 0.250000 0.250000 0.250000 
 228
0.479817 0.002366 0.046210 
0.462778 0.995165 0.462022 
0.057405 0.002468 0.491768 
0.002697 0.002697 0.003594 0.991012 
0.250000 0.250000 0.250000 0.250000 
 229
0.479817 0.002366 0.046210 
0.462778 0.995165 0.462022 
0.057405 0.002468 0.491768 
0.008193 0.002942 0.292465 0.696399 
0.250000 0.250000 0.250000 0.250000 
 230
0.479817 0.002366 0.046210 
0.462778 0.995165 0.462022 
0.057405 0.002468 0.491768 
0.004871 0.989287 0.002697 0.003145 
0.250000 0.250000 0.250000 0.250000 
 231
0.479817 0.002366 0.046210 
0.462778 0.995165 0.462022 
0.057405 0.002468 0.491768 
0.163293 0.017177 0.767235 0.052295 
0.250000 0.250000 0.250000 0.250000 
 232
0.479817 0.002366 0.046210 
0.462778 0.995165 0.462022 
0.057405 0.002468 0.491768 
0.002697 0.003141 0.160839 0.833323 
0.250000 0.250000 0.250000 0.250000 
 233
0.479817 0.002366 0.046210 
0.462778 0.995165 0.462022 
0.057405 0.002468 0.491768 
0.003075 0.002697 0.763137 0.231091 
0.250000 0.250000 0.250000 0.250000 
 234
0.479817 0.002366 0.046210 
0.462778 0.995165 0.462022 
0.057405 0.002468 0.491768 
0.002697 0.013408 0.003090 0.980805 
0.250000 0.250000 0.250000 0.250000 
 235
0.479817 0.002366 0.046210 
0.462778 0.995165 0.462022 
0.057405 0.002468 0.491768 
0.003859 0.094564 0.324045 0.577532 
0.250000 0.250000 0.250000 0.250000 
 236
0.479817 0.002366 0.046210 
0.462778 0.995165 0.462022 
0.057405 0.002468 0.491768 
