%  SAM: modelfromalign v3.5 (July 15, 2005) compiled 03/03/09_11:47:37
%  (c) 1992-2001 Regents of the University of California, Santa Cruz
%
%          Sequence Alignment and Modeling Software System
%         http://www.cse.ucsc.edu/research/compbio/sam.html
%
% ----------------- Citations (SAM, SAM-T2K, HMMs) --------------------
% R. Hughey, A. Krogh, Hidden Markov models for sequence analysis:
%  Extension and analysis of the basic method, CABIOS 12:95-107, 1996.
% K. Karplus, et al., What is the value added by human intervention in protein
%  structure prediction, Proteins: Stucture, Function, Genetics 45(S5):86--91, 2001.
% A. Krogh et al., Hidden Markov models in computational biology:
%  Applications to protein modeling, JMB 235:1501-1531, Feb 1994.
% ---------------------------------------------------------------------
%  A_PA_hmm   Host: m222714.cdc.gov    Wed May 21 18:09:46 2014
%  vfn4       Dir:  /Volumes/gf_atl_2012/Genotyping/IRMA/segments/PA
% ---------------------------------------------------------------------
%  Alignment weights from internal calc.  Total (89.72) Max (0.31) Min (0.01)
%  Weights from alignment method 1 (karplus), b=-1.000000, e=0.500000
MODEL --  Model from alignment file rev/A_PA.fasta
alphabet DNA
FREQAVE
0.000000 0.000000 0.000000 
0.000000 0.000000 0.000000 
0.000000 0.000000 0.000000 
0.231271 0.195870 0.240766 0.332092 
0.231271 0.195870 0.240766 0.332092 
Begin
0.000000 0.000000 0.000000 
0.000000 0.000000 0.000000 
0.000000 0.002515 0.491768 
0.250000 0.250000 0.250000 0.250000 
0.250000 0.250000 0.250000 0.250000 
   1
0.000000 0.029766 0.046210 
0.000000 0.967719 0.462022 
0.033074 0.002586 0.491768 
0.002847 0.002847 0.971855 0.022452 
0.250000 0.250000 0.250000 0.250000 
   2
0.285499 0.002478 0.046210 
0.681427 0.994936 0.462022 
0.056517 0.002516 0.491768 
0.002758 0.002758 0.002758 0.991727 
0.250000 0.250000 0.250000 0.250000 
   3
0.480667 0.002412 0.046210 
0.462815 0.995072 0.462022 
0.056927 0.002516 0.491768 
0.991729 0.002757 0.002757 0.002757 
0.250000 0.250000 0.250000 0.250000 
   4
0.478037 0.002411 0.046210 
0.465036 0.995073 0.462022 
0.057277 0.002515 0.491768 
0.004059 0.003164 0.217064 0.775713 
0.250000 0.250000 0.250000 0.250000 
   5
0.480978 0.002411 0.046210 
0.461745 0.995074 0.462022 
0.057277 0.002515 0.491768 
0.006220 0.012091 0.129101 0.852588 
0.250000 0.250000 0.250000 0.250000 
   6
0.480978 0.002411 0.046210 
0.461745 0.995074 0.462022 
0.057277 0.002515 0.491768 
0.002756 0.023791 0.015950 0.957503 
0.250000 0.250000 0.250000 0.250000 
   7
0.480978 0.002411 0.046210 
0.461745 0.995074 0.462022 
0.057277 0.002515 0.491768 
0.002756 0.002756 0.812597 0.181891 
0.250000 0.250000 0.250000 0.250000 
   8
0.480978 0.002411 0.046210 
0.461745 0.995074 0.462022 
0.057277 0.002515 0.491768 
0.990868 0.002756 0.003405 0.002971 
0.250000 0.250000 0.250000 0.250000 
   9
0.480978 0.002411 0.046210 
0.461745 0.995074 0.462022 
0.057277 0.002515 0.491768 
0.103585 0.890543 0.003116 0.002756 
0.250000 0.250000 0.250000 0.250000 
  10
0.480978 0.002411 0.046210 
0.461745 0.995074 0.462022 
0.057277 0.002515 0.491768 
0.003049 0.002756 0.002756 0.991439 
0.250000 0.250000 0.250000 0.250000 
  11
0.480978 0.002411 0.046210 
0.461745 0.995074 0.462022 
0.057277 0.002515 0.491768 
0.008288 0.985978 0.002978 0.002756 
0.250000 0.250000 0.250000 0.250000 
  12
0.480978 0.002411 0.046210 
0.461745 0.995074 0.462022 
0.057277 0.002515 0.491768 
0.003383 0.003124 0.990737 0.002756 
0.250000 0.250000 0.250000 0.250000 
  13
0.480978 0.002411 0.046210 
0.461745 0.995074 0.462022 
0.057277 0.002515 0.491768 
0.987833 0.006434 0.002756 0.002977 
0.250000 0.250000 0.250000 0.250000 
  14
0.480978 0.002411 0.046210 
0.461745 0.995074 0.462022 
0.057277 0.002515 0.491768 
0.002756 0.002756 0.003517 0.990970 
0.250000 0.250000 0.250000 0.250000 
  15
0.480978 0.002411 0.046210 
0.461745 0.995074 0.462022 
0.057277 0.002515 0.491768 
0.003648 0.990438 0.002756 0.003158 
0.250000 0.250000 0.250000 0.250000 
  16
0.480978 0.002411 0.046210 
0.461745 0.995074 0.462022 
0.057277 0.002515 0.491768 
0.005618 0.011078 0.037107 0.946197 
0.250000 0.250000 0.250000 0.250000 
  17
0.480978 0.002411 0.046210 
0.461745 0.995074 0.462022 
0.057277 0.002515 0.491768 
0.046389 0.943021 0.002757 0.007833 
0.250000 0.250000 0.250000 0.250000 
  18
0.480978 0.002411 0.046210 
0.461745 0.995074 0.462022 
0.057277 0.002515 0.491768 
0.003358 0.007505 0.112309 0.876827 
0.250000 0.250000 0.250000 0.250000 
  19
0.480978 0.002411 0.046210 
0.461745 0.995074 0.462022 
0.057277 0.002515 0.491768 
0.062033 0.837700 0.079839 0.020427 
0.250000 0.250000 0.250000 0.250000 
  20
0.480978 0.002411 0.046210 
0.461745 0.995074 0.462022 
0.057277 0.002515 0.491768 
0.990238 0.003358 0.002756 0.003648 
0.250000 0.250000 0.250000 0.250000 
  21
0.480978 0.002411 0.046210 
0.461745 0.995074 0.462022 
0.057277 0.002515 0.491768 
0.006623 0.987116 0.002756 0.003505 
0.250000 0.250000 0.250000 0.250000 
  22
0.480978 0.002411 0.046210 
0.461745 0.995074 0.462022 
0.057277 0.002515 0.491768 
0.003358 0.991130 0.002756 0.002756 
0.250000 0.250000 0.250000 0.250000 
  23
0.480978 0.002411 0.046210 
0.461745 0.995074 0.462022 
0.057277 0.002515 0.491768 
0.991732 0.002756 0.002756 0.002756 
0.250000 0.250000 0.250000 0.250000 
  24
0.480978 0.002411 0.046210 
0.461745 0.995074 0.462022 
0.057277 0.002515 0.491768 
0.990179 0.004020 0.003045 0.002756 
0.250000 0.250000 0.250000 0.250000 
  25
0.480978 0.002411 0.046210 
0.461745 0.995074 0.462022 
0.057277 0.002515 0.491768 
0.002756 0.991732 0.002756 0.002756 
0.250000 0.250000 0.250000 0.250000 
  26
0.480978 0.002411 0.046210 
0.461745 0.995074 0.462022 
0.057277 0.002515 0.491768 
0.003408 0.991079 0.002756 0.002756 
0.250000 0.250000 0.250000 0.250000 
  27
0.480978 0.002411 0.046210 
0.461745 0.995074 0.462022 
0.057277 0.002515 0.491768 
0.991423 0.003065 0.002756 0.002756 
0.250000 0.250000 0.250000 0.250000 
  28
0.480978 0.002411 0.046210 
0.461745 0.995074 0.462022 
0.057277 0.002515 0.491768 
0.002756 0.991288 0.002756 0.003200 
0.250000 0.250000 0.250000 0.250000 
  29
0.480978 0.002411 0.046210 
0.461745 0.995074 0.462022 
0.057277 0.002515 0.491768 
0.002756 0.002756 0.003775 0.990713 
0.250000 0.250000 0.250000 0.250000 
  30
0.480978 0.002411 0.046210 
0.461745 0.995074 0.462022 
0.057277 0.002515 0.491768 
0.002756 0.002756 0.003047 0.991440 
0.250000 0.250000 0.250000 0.250000 
  31
0.480978 0.002411 0.046210 
0.461745 0.995074 0.462022 
0.057277 0.002515 0.491768 
0.012796 0.979078 0.002756 0.005369 
0.250000 0.250000 0.250000 0.250000 
  32
0.480978 0.002411 0.046210 
0.461745 0.995074 0.462022 
0.057277 0.002515 0.491768 
0.987642 0.006846 0.002756 0.002756 
0.250000 0.250000 0.250000 0.250000 
  33
0.480978 0.002411 0.046210 
0.461745 0.995074 0.462022 
0.057277 0.002515 0.491768 
0.989699 0.003478 0.004067 0.002757 
0.250000 0.250000 0.250000 0.250000 
  34
0.480978 0.002411 0.046210 
0.461745 0.995074 0.462022 
0.057277 0.002515 0.491768 
0.002756 0.002756 0.991732 0.002756 
0.250000 0.250000 0.250000 0.250000 
  35
0.480978 0.002411 0.046210 
0.461745 0.995074 0.462022 
0.057277 0.002515 0.491768 
0.003252 0.002756 0.991236 0.002756 
0.250000 0.250000 0.250000 0.250000 
  36
0.480978 0.002411 0.046210 
0.461745 0.995074 0.462022 
0.057277 0.002515 0.491768 
0.987624 0.002757 0.006863 0.002757 
0.250000 0.250000 0.250000 0.250000 
  37
0.480978 0.002411 0.046210 
0.461745 0.995074 0.462022 
0.057277 0.002515 0.491768 
0.943894 0.040499 0.003477 0.012130 
0.250000 0.250000 0.250000 0.250000 
  38
0.480978 0.002411 0.046210 
0.461745 0.995074 0.462022 
0.057277 0.002515 0.491768 
0.003057 0.990598 0.002756 0.003589 
0.250000 0.250000 0.250000 0.250000 
  39
0.480978 0.002411 0.046210 
0.461745 0.995074 0.462022 
0.057277 0.002515 0.491768 
0.990689 0.003799 0.002756 0.002756 
0.250000 0.250000 0.250000 0.250000 
  40
0.480978 0.002411 0.046210 
0.461745 0.995074 0.462022 
0.057277 0.002515 0.491768 
0.013381 0.004041 0.391301 0.591277 
0.250000 0.250000 0.250000 0.250000 
  41
0.480978 0.002411 0.046210 
0.461745 0.995074 0.462022 
0.057277 0.002515 0.491768 
0.003055 0.991433 0.002756 0.002756 
0.250000 0.250000 0.250000 0.250000 
  42
0.480978 0.002411 0.046210 
0.461745 0.995074 0.462022 
0.057277 0.002515 0.491768 
0.002756 0.002756 0.991732 0.002756 
0.250000 0.250000 0.250000 0.250000 
  43
0.480978 0.002411 0.046210 
0.461745 0.995074 0.462022 
0.057277 0.002515 0.491768 
0.981159 0.013329 0.002756 0.002756 
0.250000 0.250000 0.250000 0.250000 
  44
0.480978 0.002411 0.046210 
0.461745 0.995074 0.462022 
0.057277 0.002515 0.491768 
0.006220 0.002756 0.003623 0.987401 
0.250000 0.250000 0.250000 0.250000 
  45
0.480978 0.002411 0.046210 
0.461745 0.995074 0.462022 
0.057277 0.002515 0.491768 
0.002756 0.002756 0.003233 0.991255 
0.250000 0.250000 0.250000 0.250000 
  46
0.480978 0.002411 0.046210 
0.461745 0.995074 0.462022 
0.057277 0.002515 0.491768 
0.879786 0.114462 0.002995 0.002756 
0.250000 0.250000 0.250000 0.250000 
  47
0.480978 0.002411 0.046210 
0.461745 0.995074 0.462022 
0.057277 0.002515 0.491768 
0.990918 0.003570 0.002756 0.002756 
0.250000 0.250000 0.250000 0.250000 
  48
0.480978 0.002411 0.046210 
0.461745 0.995074 0.462022 
0.057277 0.002515 0.491768 
0.002756 0.991124 0.003126 0.002993 
0.250000 0.250000 0.250000 0.250000 
  49
0.480978 0.002411 0.046210 
0.461745 0.995074 0.462022 
0.057277 0.002515 0.491768 
0.002756 0.002756 0.991186 0.003302 
0.250000 0.250000 0.250000 0.250000 
  50
0.480978 0.002411 0.046210 
0.461745 0.995074 0.462022 
0.057277 0.002515 0.491768 
0.991440 0.003048 0.002756 0.002756 
0.250000 0.250000 0.250000 0.250000 
  51
0.480978 0.002411 0.046210 
0.461745 0.995074 0.462022 
0.057277 0.002515 0.491768 
0.990657 0.003831 0.002756 0.002756 
0.250000 0.250000 0.250000 0.250000 
  52
0.480978 0.002411 0.046210 
0.461745 0.995074 0.462022 
0.057277 0.002515 0.491768 
0.990163 0.002949 0.003240 0.003648 
0.250000 0.250000 0.250000 0.250000 
  53
0.480978 0.002411 0.046210 
0.461745 0.995074 0.462022 
0.057277 0.002515 0.491768 
0.990618 0.003143 0.003483 0.002756 
0.250000 0.250000 0.250000 0.250000 
  54
0.480978 0.002411 0.046210 
0.461745 0.995074 0.462022 
0.057277 0.002515 0.491768 
0.002756 0.002756 0.991391 0.003097 
0.250000 0.250000 0.250000 0.250000 
  55
0.480978 0.002411 0.046210 
0.461745 0.995074 0.462022 
0.057277 0.002515 0.491768 
0.002756 0.002756 0.991732 0.002756 
0.250000 0.250000 0.250000 0.250000 
  56
0.480978 0.002411 0.046210 
0.461745 0.995074 0.462022 
0.057277 0.002515 0.491768 
0.002756 0.002756 0.991732 0.002756 
0.250000 0.250000 0.250000 0.250000 
  57
0.480978 0.002411 0.046210 
0.461745 0.995074 0.462022 
0.057277 0.002515 0.491768 
0.991310 0.003178 0.002756 0.002756 
0.250000 0.250000 0.250000 0.250000 
  58
0.480978 0.002411 0.046210 
0.461745 0.995074 0.462022 
0.057277 0.002515 0.491768 
0.020523 0.973214 0.002756 0.003507 
0.250000 0.250000 0.250000 0.250000 
  59
0.480978 0.002411 0.046210 
0.461745 0.995074 0.462022 
0.057277 0.002515 0.491768 
0.002756 0.991732 0.002756 0.002756 
0.250000 0.250000 0.250000 0.250000 
  60
0.480978 0.002411 0.046210 
0.461745 0.995074 0.462022 
0.057277 0.002515 0.491768 
0.003280 0.991208 0.002756 0.002756 
0.250000 0.250000 0.250000 0.250000 
  61
0.480978 0.002411 0.046210 
0.461745 0.995074 0.462022 
0.057277 0.002515 0.491768 
0.971733 0.013417 0.002757 0.012093 
0.250000 0.250000 0.250000 0.250000 
  62
0.480978 0.002411 0.046210 
0.461745 0.995074 0.462022 
0.057277 0.002515 0.491768 
0.002756 0.002756 0.003434 0.991053 
0.250000 0.250000 0.250000 0.250000 
  63
0.480978 0.002411 0.046210 
0.461745 0.995074 0.462022 
0.057277 0.002515 0.491768 
0.002756 0.002756 0.987106 0.007382 
0.250000 0.250000 0.250000 0.250000 
  64
0.480978 0.002411 0.046210 
0.461745 0.995074 0.462022 
0.057277 0.002515 0.491768 
0.787482 0.197383 0.012070 0.003065 
0.250000 0.250000 0.250000 0.250000 
  65
0.480978 0.002411 0.046210 
0.461745 0.995074 0.462022 
0.057277 0.002515 0.491768 
0.002756 0.002756 0.004055 0.990433 
0.250000 0.250000 0.250000 0.250000 
  66
0.480978 0.002411 0.046210 
0.461745 0.995074 0.462022 
0.057277 0.002515 0.491768 
0.002756 0.002756 0.002756 0.991732 
0.250000 0.250000 0.250000 0.250000 
  67
0.480978 0.002411 0.046210 
0.461745 0.995074 0.462022 
0.057277 0.002515 0.491768 
0.991732 0.002756 0.002756 0.002756 
0.250000 0.250000 0.250000 0.250000 
  68
0.480978 0.002411 0.046210 
0.461745 0.995074 0.462022 
0.057277 0.002515 0.491768 
0.991374 0.003114 0.002756 0.002756 
0.250000 0.250000 0.250000 0.250000 
  69
0.480978 0.002411 0.046210 
0.461745 0.995074 0.462022 
0.057277 0.002515 0.491768 
0.002756 0.003212 0.012492 0.981540 
0.250000 0.250000 0.250000 0.250000 
  70
0.480978 0.002411 0.046210 
0.461745 0.995074 0.462022 
0.057277 0.002515 0.491768 
0.003217 0.002756 0.987210 0.006817 
0.250000 0.250000 0.250000 0.250000 
  71
0.480978 0.002411 0.046210 
0.461745 0.995074 0.462022 
0.057277 0.002515 0.491768 
0.991433 0.003055 0.002756 0.002756 
0.250000 0.250000 0.250000 0.250000 
  72
0.480978 0.002411 0.046210 
0.461745 0.995074 0.462022 
0.057277 0.002515 0.491768 
0.007584 0.985302 0.003108 0.004006 
0.250000 0.250000 0.250000 0.250000 
  73
0.480978 0.002411 0.046210 
0.461745 0.995074 0.462022 
0.057277 0.002515 0.491768 
0.015853 0.978301 0.003089 0.002756 
0.250000 0.250000 0.250000 0.250000 
  74
0.480978 0.002411 0.046210 
0.461745 0.995074 0.462022 
0.057277 0.002515 0.491768 
0.002756 0.002756 0.991276 0.003212 
0.250000 0.250000 0.250000 0.250000 
  75
0.480978 0.002411 0.046210 
0.461745 0.995074 0.462022 
0.057277 0.002515 0.491768 
0.991120 0.002756 0.003368 0.002756 
0.250000 0.250000 0.250000 0.250000 
  76
0.480978 0.002411 0.046210 
0.461745 0.995074 0.462022 
0.057277 0.002515 0.491768 
0.002756 0.002756 0.983159 0.011328 
0.250000 0.250000 0.250000 0.250000 
  77
0.480978 0.002411 0.046210 
0.461745 0.995074 0.462022 
0.057277 0.002515 0.491768 
0.003193 0.002756 0.002756 0.991295 
0.250000 0.250000 0.250000 0.250000 
  78
0.480978 0.002411 0.046210 
0.461745 0.995074 0.462022 
0.057277 0.002515 0.491768 
0.002756 0.002756 0.990984 0.003504 
0.250000 0.250000 0.250000 0.250000 
  79
0.480978 0.002411 0.046210 
0.461745 0.995074 0.462022 
0.057277 0.002515 0.491768 
0.002756 0.002756 0.991732 0.002756 
0.250000 0.250000 0.250000 0.250000 
  80
0.480978 0.002411 0.046210 
0.461745 0.995074 0.462022 
0.057277 0.002515 0.491768 
0.002756 0.002756 0.003104 0.991383 
0.250000 0.250000 0.250000 0.250000 
  81
0.480978 0.002411 0.046210 
0.461745 0.995074 0.462022 
0.057277 0.002515 0.491768 
0.002756 0.002756 0.991732 0.002756 
0.250000 0.250000 0.250000 0.250000 
  82
0.480978 0.002411 0.046210 
0.461745 0.995074 0.462022 
0.057277 0.002515 0.491768 
0.710946 0.278599 0.006220 0.004235 
0.250000 0.250000 0.250000 0.250000 
  83
0.480978 0.002411 0.046210 
0.461745 0.995074 0.462022 
0.057277 0.002515 0.491768 
0.990801 0.003686 0.002756 0.002756 
0.250000 0.250000 0.250000 0.250000 
  84
0.480978 0.002411 0.046210 
0.461745 0.995074 0.462022 
0.057277 0.002515 0.491768 
0.002756 0.003368 0.006133 0.987743 
0.250000 0.250000 0.250000 0.250000 
  85
0.480978 0.002411 0.046210 
0.461745 0.995074 0.462022 
0.057277 0.002515 0.491768 
0.003239 0.003383 0.007844 0.985534 
0.250000 0.250000 0.250000 0.250000 
  86
0.480978 0.002411 0.046210 
0.461745 0.995074 0.462022 
0.057277 0.002515 0.491768 
0.002756 0.991732 0.002756 0.002756 
0.250000 0.250000 0.250000 0.250000 
  87
0.480978 0.002411 0.046210 
0.461745 0.995074 0.462022 
0.057277 0.002515 0.491768 
0.073181 0.006220 0.917843 0.002756 
0.250000 0.250000 0.250000 0.250000 
  88
0.480978 0.002411 0.046210 
0.461745 0.995074 0.462022 
0.057277 0.002515 0.491768 
0.034529 0.006251 0.008660 0.950560 
0.250000 0.250000 0.250000 0.250000 
  89
0.480978 0.002411 0.046210 
0.461745 0.995074 0.462022 
0.057277 0.002515 0.491768 
0.005643 0.002756 0.019777 0.971824 
0.250000 0.250000 0.250000 0.250000 
  90
0.480978 0.002411 0.046210 
0.461745 0.995074 0.462022 
0.057277 0.002515 0.491768 
0.002756 0.002756 0.989816 0.004672 
0.250000 0.250000 0.250000 0.250000 
  91
0.480978 0.002411 0.046210 
0.461745 0.995074 0.462022 
0.057277 0.002515 0.491768 
0.927367 0.067120 0.002756 0.002756 
0.250000 0.250000 0.250000 0.250000 
  92
0.480978 0.002411 0.046210 
0.461745 0.995074 0.462022 
0.057277 0.002515 0.491768 
0.003307 0.002756 0.002756 0.991181 
0.250000 0.250000 0.250000 0.250000 
  93
0.480978 0.002411 0.046210 
0.461745 0.995074 0.462022 
0.057277 0.002515 0.491768 
0.991419 0.003069 0.002756 0.002756 
0.250000 0.250000 0.250000 0.250000 
  94
0.480978 0.002411 0.046210 
0.461745 0.995074 0.462022 
0.057277 0.002515 0.491768 
0.004287 0.003932 0.024530 0.967251 
0.250000 0.250000 0.250000 0.250000 
  95
0.480978 0.002411 0.046210 
0.461745 0.995074 0.462022 
0.057277 0.002515 0.491768 
0.991081 0.002756 0.002756 0.003406 
0.250000 0.250000 0.250000 0.250000 
  96
0.480978 0.002411 0.046210 
0.461745 0.995074 0.462022 
0.057277 0.002515 0.491768 
0.085979 0.898798 0.012467 0.002756 
0.250000 0.250000 0.250000 0.250000 
  97
0.480978 0.002411 0.046210 
0.461745 0.995074 0.462022 
0.057277 0.002515 0.491768 
0.003333 0.003844 0.906866 0.085957 
0.250000 0.250000 0.250000 0.250000 
  98
0.480978 0.002411 0.046210 
0.461745 0.995074 0.462022 
0.057277 0.002515 0.491768 
0.002756 0.002756 0.991732 0.002756 
0.250000 0.250000 0.250000 0.250000 
  99
0.480978 0.002411 0.046210 
0.461745 0.995074 0.462022 
0.057277 0.002515 0.491768 
0.002756 0.002756 0.991414 0.003074 
0.250000 0.250000 0.250000 0.250000 
 100
0.480978 0.002411 0.046210 
0.461745 0.995074 0.462022 
0.057277 0.002515 0.491768 
0.004042 0.003656 0.575882 0.416421 
0.250000 0.250000 0.250000 0.250000 
 101
0.480978 0.002411 0.046210 
0.461745 0.995074 0.462022 
0.057277 0.002515 0.491768 
0.002985 0.003511 0.927216 0.066288 
0.250000 0.250000 0.250000 0.250000 
 102
0.480978 0.002411 0.046210 
0.461745 0.995074 0.462022 
0.057277 0.002515 0.491768 
0.003202 0.002756 0.990524 0.003519 
0.250000 0.250000 0.250000 0.250000 
 103
0.480978 0.002411 0.046210 
0.461745 0.995074 0.462022 
0.057277 0.002515 0.491768 
0.970828 0.017125 0.006696 0.005351 
0.250000 0.250000 0.250000 0.250000 
 104
0.480978 0.002411 0.046210 
0.461745 0.995074 0.462022 
0.057277 0.002515 0.491768 
0.989745 0.004742 0.002756 0.002756 
0.250000 0.250000 0.250000 0.250000 
 105
0.480978 0.002411 0.046210 
0.461745 0.995074 0.462022 
0.057277 0.002515 0.491768 
0.003376 0.951281 0.002756 0.042587 
0.250000 0.250000 0.250000 0.250000 
 106
0.480978 0.002411 0.046210 
0.461745 0.995074 0.462022 
0.057277 0.002515 0.491768 
0.962565 0.031580 0.002756 0.003099 
0.250000 0.250000 0.250000 0.250000 
 107
0.480978 0.002411 0.046210 
0.461745 0.995074 0.462022 
0.057277 0.002515 0.491768 
0.003178 0.002980 0.002756 0.991085 
0.250000 0.250000 0.250000 0.250000 
 108
0.480978 0.002411 0.046210 
0.461745 0.995074 0.462022 
0.057277 0.002515 0.491768 
0.002980 0.002946 0.989341 0.004733 
0.250000 0.250000 0.250000 0.250000 
 109
0.480978 0.002411 0.046210 
0.461745 0.995074 0.462022 
0.057277 0.002515 0.491768 
0.223795 0.760935 0.012513 0.002756 
0.250000 0.250000 0.250000 0.250000 
 110
0.480978 0.002411 0.046210 
0.461745 0.995074 0.462022 
0.057277 0.002515 0.491768 
0.991379 0.002756 0.002756 0.003109 
0.250000 0.250000 0.250000 0.250000 
 111
0.480978 0.002411 0.046210 
0.461745 0.995074 0.462022 
0.057277 0.002515 0.491768 
0.991732 0.002756 0.002756 0.002756 
0.250000 0.250000 0.250000 0.250000 
 112
0.480978 0.002411 0.046210 
0.461745 0.995074 0.462022 
0.057277 0.002515 0.491768 
0.071968 0.903895 0.003656 0.020480 
0.250000 0.250000 0.250000 0.250000 
 113
0.480978 0.002411 0.046210 
0.461745 0.995074 0.462022 
0.057277 0.002515 0.491768 
0.003382 0.990873 0.002988 0.002756 
0.250000 0.250000 0.250000 0.250000 
 114
0.480978 0.002411 0.046210 
0.461745 0.995074 0.462022 
0.057277 0.002515 0.491768 
0.002756 0.002756 0.003652 0.990836 
0.250000 0.250000 0.250000 0.250000 
 115
0.480978 0.002411 0.046210 
0.461745 0.995074 0.462022 
0.057277 0.002515 0.491768 
0.085050 0.009721 0.364792 0.540436 
0.250000 0.250000 0.250000 0.250000 
 116
0.480978 0.002411 0.046210 
0.461745 0.995074 0.462022 
0.057277 0.002515 0.491768 
0.002756 0.002756 0.991732 0.002756 
0.250000 0.250000 0.250000 0.250000 
 117
0.480978 0.002411 0.046210 
0.461745 0.995074 0.462022 
0.057277 0.002515 0.491768 
0.003148 0.002756 0.991053 0.003043 
0.250000 0.250000 0.250000 0.250000 
 118
0.480978 0.002411 0.046210 
0.461745 0.995074 0.462022 
0.057277 0.002515 0.491768 
0.982850 0.006299 0.006525 0.004326 
0.250000 0.250000 0.250000 0.250000 
 119
0.480978 0.002411 0.046210 
0.461745 0.995074 0.462022 
0.057277 0.002515 0.491768 
0.002756 0.991297 0.003191 0.002756 
0.250000 0.250000 0.250000 0.250000 
 120
0.480978 0.002411 0.046210 
0.461745 0.995074 0.462022 
0.057277 0.002515 0.491768 
0.002756 0.991732 0.002756 0.002756 
0.250000 0.250000 0.250000 0.250000 
 121
0.480978 0.002411 0.046210 
0.461745 0.995074 0.462022 
0.057277 0.002515 0.491768 
0.002756 0.006600 0.016706 0.973939 
0.250000 0.250000 0.250000 0.250000 
 122
0.480978 0.002411 0.046210 
0.461745 0.995074 0.462022 
0.057277 0.002515 0.491768 
0.002756 0.002756 0.002756 0.991732 
0.250000 0.250000 0.250000 0.250000 
 123
0.480978 0.002411 0.046210 
0.461745 0.995074 0.462022 
0.057277 0.002515 0.491768 
0.002756 0.004413 0.989649 0.003182 
0.250000 0.250000 0.250000 0.250000 
 124
0.480978 0.002411 0.046210 
0.461745 0.995074 0.462022 
0.057277 0.002515 0.491768 
0.098593 0.068398 0.825880 0.007129 
0.250000 0.250000 0.250000 0.250000 
 125
0.480978 0.002411 0.046210 
0.461745 0.995074 0.462022 
0.057277 0.002515 0.491768 
0.991343 0.003145 0.002756 0.002756 
0.250000 0.250000 0.250000 0.250000 
 126
0.480978 0.002411 0.046210 
0.461745 0.995074 0.462022 
0.057277 0.002515 0.491768 
0.024818 0.969456 0.002756 0.002970 
0.250000 0.250000 0.250000 0.250000 
 127
0.480978 0.002411 0.046210 
0.461745 0.995074 0.462022 
0.057277 0.002515 0.491768 
0.033055 0.960974 0.002957 0.003014 
0.250000 0.250000 0.250000 0.250000 
 128
0.480978 0.002411 0.046210 
0.461745 0.995074 0.462022 
0.057277 0.002515 0.491768 
0.002756 0.007901 0.015900 0.973443 
0.250000 0.250000 0.250000 0.250000 
 129
0.480978 0.002411 0.046210 
0.461745 0.995074 0.462022 
0.057277 0.002515 0.491768 
0.003384 0.003975 0.007753 0.984887 
0.250000 0.250000 0.250000 0.250000 
 130
0.480978 0.002411 0.046210 
0.461745 0.995074 0.462022 
0.057277 0.002515 0.491768 
0.090303 0.903442 0.002756 0.003499 
0.250000 0.250000 0.250000 0.250000 
 131
0.480978 0.002411 0.046210 
0.461745 0.995074 0.462022 
0.057277 0.002515 0.491768 
0.002756 0.002993 0.003455 0.990796 
0.250000 0.250000 0.250000 0.250000 
 132
0.480978 0.002411 0.046210 
0.461745 0.995074 0.462022 
0.057277 0.002515 0.491768 
0.002756 0.002756 0.991732 0.002756 
0.250000 0.250000 0.250000 0.250000 
 133
0.480978 0.002411 0.046210 
0.461745 0.995074 0.462022 
0.057277 0.002515 0.491768 
0.002756 0.002756 0.975341 0.019147 
0.250000 0.250000 0.250000 0.250000 
 134
0.480978 0.002411 0.046210 
0.461745 0.995074 0.462022 
0.057277 0.002515 0.491768 
0.004335 0.002756 0.986662 0.006247 
0.250000 0.250000 0.250000 0.250000 
 135
0.480978 0.002411 0.046210 
0.461745 0.995074 0.462022 
0.057277 0.002515 0.491768 
0.002756 0.003555 0.006321 0.987369 
0.250000 0.250000 0.250000 0.250000 
 136
0.480978 0.002411 0.046210 
0.461745 0.995074 0.462022 
0.057277 0.002515 0.491768 
0.977458 0.015068 0.004535 0.002940 
0.250000 0.250000 0.250000 0.250000 
 137
0.480978 0.002411 0.046210 
0.461745 0.995074 0.462022 
0.057277 0.002515 0.491768 
0.990979 0.003509 0.002756 0.002756 
0.250000 0.250000 0.250000 0.250000 
 138
0.480978 0.002411 0.046210 
0.461745 0.995074 0.462022 
0.057277 0.002515 0.491768 
0.013744 0.980201 0.002998 0.003057 
0.250000 0.250000 0.250000 0.250000 
 139
0.480978 0.002411 0.046210 
0.461745 0.995074 0.462022 
0.057277 0.002515 0.491768 
0.152644 0.015951 0.051224 0.780181 
0.250000 0.250000 0.250000 0.250000 
 140
0.480978 0.002411 0.046210 
0.461745 0.995074 0.462022 
0.057277 0.002515 0.491768 
0.002756 0.991732 0.002756 0.002756 
0.250000 0.250000 0.250000 0.250000 
 141
0.480978 0.002411 0.046210 
0.461745 0.995074 0.462022 
0.057277 0.002515 0.491768 
0.003070 0.002756 0.991418 0.002756 
0.250000 0.250000 0.250000 0.250000 
 142
0.480978 0.002411 0.046210 
0.461745 0.995074 0.462022 
0.057277 0.002515 0.491768 
0.002756 0.006220 0.924071 0.066953 
0.250000 0.250000 0.250000 0.250000 
 143
0.480978 0.002411 0.046210 
0.461745 0.995074 0.462022 
0.057277 0.002515 0.491768 
0.002756 0.002756 0.006220 0.988268 
0.250000 0.250000 0.250000 0.250000 
 144
0.480978 0.002411 0.046210 
0.461745 0.995074 0.462022 
0.057277 0.002515 0.491768 
0.002756 0.991732 0.002756 0.002756 
0.250000 0.250000 0.250000 0.250000 
 145
0.480978 0.002411 0.046210 
0.461745 0.995074 0.462022 
0.057277 0.002515 0.491768 
0.984092 0.007054 0.002756 0.006097 
0.250000 0.250000 0.250000 0.250000 
 146
0.480978 0.002411 0.046210 
0.461745 0.995074 0.462022 
0.057277 0.002515 0.491768 
0.915147 0.079126 0.002970 0.002756 
0.250000 0.250000 0.250000 0.250000 
 147
0.480978 0.002411 0.046210 
0.461745 0.995074 0.462022 
0.057277 0.002515 0.491768 
0.002979 0.002756 0.986746 0.007519 
0.250000 0.250000 0.250000 0.250000 
 148
0.480978 0.002411 0.046210 
0.461745 0.995074 0.462022 
0.057277 0.002515 0.491768 
0.978153 0.010770 0.006751 0.004325 
0.250000 0.250000 0.250000 0.250000 
 149
0.480978 0.002411 0.046210 
0.461745 0.995074 0.462022 
0.057277 0.002515 0.491768 
0.991152 0.003335 0.002756 0.002756 
0.250000 0.250000 0.250000 0.250000 
 150
0.480978 0.002411 0.046210 
0.461745 0.995074 0.462022 
0.057277 0.002515 0.491768 
0.006220 0.003492 0.093333 0.896955 
0.250000 0.250000 0.250000 0.250000 
 151
0.480978 0.002411 0.046210 
0.461745 0.995074 0.462022 
0.057277 0.002515 0.491768 
0.112445 0.839393 0.004141 0.044022 
0.250000 0.250000 0.250000 0.250000 
 152
0.480978 0.003165 0.046210 
0.461745 0.994320 0.462022 
0.056141 0.002517 0.491768 
0.991724 0.002759 0.002759 0.002759 
0.250000 0.250000 0.250000 0.250000 
 153
0.471440 0.002413 0.046210 
0.472419 0.995070 0.462022 
0.057277 0.002515 0.491768 
0.003552 0.990200 0.003492 0.002756 
0.250000 0.250000 0.250000 0.250000 
 154
0.480978 0.002411 0.046210 
0.461745 0.995074 0.462022 
0.057277 0.002515 0.491768 
0.732826 0.182226 0.003781 0.081168 
0.250000 0.250000 0.250000 0.250000 
 155
0.480978 0.002411 0.046210 
0.461745 0.995074 0.462022 
0.057277 0.002515 0.491768 
0.991073 0.003415 0.002756 0.002756 
0.250000 0.250000 0.250000 0.250000 
 156
0.480978 0.002411 0.046210 
0.461745 0.995074 0.462022 
0.057277 0.002515 0.491768 
0.016198 0.978290 0.002756 0.002756 
0.250000 0.250000 0.250000 0.250000 
 157
0.480978 0.002411 0.046210 
0.461745 0.995074 0.462022 
0.057277 0.002515 0.491768 
0.005663 0.002757 0.880186 0.111394 
0.250000 0.250000 0.250000 0.250000 
 158
0.480978 0.002411 0.046210 
0.461745 0.995074 0.462022 
0.057277 0.002515 0.491768 
0.991732 0.002756 0.002756 0.002756 
0.250000 0.250000 0.250000 0.250000 
 159
0.480978 0.002411 0.046210 
0.461745 0.995074 0.462022 
0.057277 0.002515 0.491768 
0.726133 0.257152 0.002756 0.013959 
0.250000 0.250000 0.250000 0.250000 
 160
0.480978 0.002411 0.046210 
0.461745 0.995074 0.462022 
0.057277 0.002515 0.491768 
0.002757 0.004270 0.147296 0.845677 
0.250000 0.250000 0.250000 0.250000 
 161
0.480978 0.002411 0.046210 
0.461745 0.995074 0.462022 
0.057277 0.002515 0.491768 
0.002756 0.002756 0.008960 0.985528 
0.250000 0.250000 0.250000 0.250000 
 162
0.480978 0.002411 0.046210 
0.461745 0.995074 0.462022 
0.057277 0.002515 0.491768 
0.002756 0.002756 0.003144 0.991344 
0.250000 0.250000 0.250000 0.250000 
 163
0.480978 0.003165 0.046210 
0.461745 0.994320 0.462022 
0.056141 0.002517 0.491768 
0.002759 0.002759 0.242435 0.752046 
0.250000 0.250000 0.250000 0.250000 
 164
0.471440 0.002413 0.046210 
0.472419 0.995070 0.462022 
0.057277 0.002515 0.491768 
0.002756 0.002756 0.987761 0.006727 
0.250000 0.250000 0.250000 0.250000 
 165
0.480978 0.002411 0.046210 
0.461745 0.995074 0.462022 
0.057277 0.002515 0.491768 
0.002756 0.003095 0.002756 0.991393 
0.250000 0.250000 0.250000 0.250000 
 166
0.480978 0.002411 0.046210 
0.461745 0.995074 0.462022 
0.057277 0.002515 0.491768 
0.036720 0.002982 0.433013 0.527284 
0.250000 0.250000 0.250000 0.250000 
 167
0.480978 0.002411 0.046210 
0.461745 0.995074 0.462022 
0.057277 0.002515 0.491768 
0.002756 0.991732 0.002756 0.002756 
0.250000 0.250000 0.250000 0.250000 
 168
0.480978 0.002411 0.046210 
0.461745 0.995074 0.462022 
0.057277 0.002515 0.491768 
0.990870 0.002756 0.003618 0.002756 
0.250000 0.250000 0.250000 0.250000 
 169
0.480978 0.002411 0.046210 
0.461745 0.995074 0.462022 
0.057277 0.002515 0.491768 
0.002756 0.002756 0.216076 0.778412 
0.250000 0.250000 0.250000 0.250000 
 170
0.480978 0.002411 0.046210 
0.461745 0.995074 0.462022 
0.057277 0.002515 0.491768 
0.002756 0.002756 0.002756 0.991732 
0.250000 0.250000 0.250000 0.250000 
 171
0.480978 0.002411 0.046210 
0.461745 0.995074 0.462022 
0.057277 0.002515 0.491768 
0.002756 0.002756 0.991432 0.003056 
0.250000 0.250000 0.250000 0.250000 
 172
0.480978 0.002411 0.046210 
0.461745 0.995074 0.462022 
0.057277 0.002515 0.491768 
0.832621 0.018100 0.094104 0.055175 
0.250000 0.250000 0.250000 0.250000 
 173
0.480978 0.002411 0.046210 
0.461745 0.995074 0.462022 
0.057277 0.002515 0.491768 
0.004066 0.990422 0.002756 0.002756 
0.250000 0.250000 0.250000 0.250000 
 174
0.480978 0.002411 0.046210 
0.461745 0.995074 0.462022 
0.057277 0.002515 0.491768 
0.003119 0.006220 0.987726 0.002935 
0.250000 0.250000 0.250000 0.250000 
 175
0.480978 0.002411 0.046210 
0.461745 0.995074 0.462022 
0.057277 0.002515 0.491768 
0.004685 0.003054 0.218558 0.773704 
0.250000 0.250000 0.250000 0.250000 
 176
0.480978 0.002411 0.046210 
0.461745 0.995074 0.462022 
0.057277 0.002515 0.491768 
0.003234 0.991254 0.002756 0.002756 
0.250000 0.250000 0.250000 0.250000 
 177
0.480978 0.002411 0.046210 
0.461745 0.995074 0.462022 
0.057277 0.002515 0.491768 
0.991732 0.002756 0.002756 0.002756 
0.250000 0.250000 0.250000 0.250000 
 178
0.480978 0.002411 0.046210 
0.461745 0.995074 0.462022 
0.057277 0.002515 0.491768 
0.870057 0.124431 0.002756 0.002756 
0.250000 0.250000 0.250000 0.250000 
 179
0.480978 0.002411 0.046210 
0.461745 0.995074 0.462022 
0.057277 0.002515 0.491768 
0.991732 0.002756 0.002756 0.002756 
0.250000 0.250000 0.250000 0.250000 
 180
0.480978 0.003165 0.046210 
0.461745 0.994320 0.462022 
0.056141 0.002517 0.491768 
0.991724 0.002759 0.002759 0.002759 
0.250000 0.250000 0.250000 0.250000 
 181
0.471440 0.002413 0.046210 
0.472419 0.995070 0.462022 
0.057277 0.002515 0.491768 
0.008548 0.003609 0.636520 0.351322 
0.250000 0.250000 0.250000 0.250000 
 182
0.480978 0.002411 0.046210 
0.461745 0.995074 0.462022 
0.057277 0.002515 0.491768 
0.002756 0.002756 0.991732 0.002756 
0.250000 0.250000 0.250000 0.250000 
 183
0.480978 0.002411 0.046210 
0.461745 0.995074 0.462022 
0.057277 0.002515 0.491768 
0.002756 0.002756 0.991732 0.002756 
0.250000 0.250000 0.250000 0.250000 
 184
0.480978 0.002411 0.046210 
0.461745 0.995074 0.462022 
0.057277 0.002515 0.491768 
0.002756 0.002756 0.797408 0.197079 
0.250000 0.250000 0.250000 0.250000 
 185
0.480978 0.002411 0.046210 
0.461745 0.995074 0.462022 
0.057277 0.002515 0.491768 
0.002756 0.003047 0.002756 0.991440 
0.250000 0.250000 0.250000 0.250000 
 186
0.480978 0.002411 0.046210 
0.461745 0.995074 0.462022 
0.057277 0.002515 0.491768 
0.002756 0.002756 0.991732 0.002756 
0.250000 0.250000 0.250000 0.250000 
 187
0.480978 0.002411 0.046210 
0.461745 0.995074 0.462022 
0.057277 0.002515 0.491768 
0.434087 0.380740 0.054562 0.130611 
0.250000 0.250000 0.250000 0.250000 
 188
0.480978 0.002411 0.046210 
0.461745 0.995074 0.462022 
0.057277 0.002515 0.491768 
0.991732 0.002756 0.002756 0.002756 
0.250000 0.250000 0.250000 0.250000 
 189
0.480978 0.002411 0.046210 
0.461745 0.995074 0.462022 
0.057277 0.002515 0.491768 
0.144850 0.849272 0.002756 0.003122 
0.250000 0.250000 0.250000 0.250000 
 190
0.480978 0.002411 0.046210 
0.461745 0.995074 0.462022 
0.057277 0.002515 0.491768 
0.002756 0.002756 0.022204 0.972284 
0.250000 0.250000 0.250000 0.250000 
 191
0.480978 0.002411 0.046210 
0.461745 0.995074 0.462022 
0.057277 0.002515 0.491768 
0.002756 0.003049 0.002756 0.991439 
0.250000 0.250000 0.250000 0.250000 
 192
0.480978 0.002411 0.046210 
0.461745 0.995074 0.462022 
0.057277 0.002515 0.491768 
0.002756 0.991732 0.002756 0.002756 
0.250000 0.250000 0.250000 0.250000 
 193
0.480978 0.002411 0.046210 
0.461745 0.995074 0.462022 
0.057277 0.002515 0.491768 
0.004154 0.003950 0.009587 0.982309 
0.250000 0.250000 0.250000 0.250000 
 194
0.480978 0.002411 0.046210 
0.461745 0.995074 0.462022 
0.057277 0.002515 0.491768 
0.002756 0.991732 0.002756 0.002756 
0.250000 0.250000 0.250000 0.250000 
 195
0.480978 0.002411 0.046210 
0.461745 0.995074 0.462022 
0.057277 0.002515 0.491768 
0.057442 0.934788 0.004567 0.003203 
0.250000 0.250000 0.250000 0.250000 
 196
0.480978 0.002411 0.046210 
0.461745 0.995074 0.462022 
0.057277 0.002515 0.491768 
0.917668 0.058299 0.002984 0.021049 
0.250000 0.250000 0.250000 0.250000 
 197
0.480978 0.002411 0.046210 
0.461745 0.995074 0.462022 
0.057277 0.002515 0.491768 
0.003047 0.991441 0.002756 0.002756 
0.250000 0.250000 0.250000 0.250000 
 198
0.480978 0.002411 0.046210 
0.461745 0.995074 0.462022 
0.057277 0.002515 0.491768 
0.991441 0.002756 0.003047 0.002756 
0.250000 0.250000 0.250000 0.250000 
 199
0.480978 0.002411 0.046210 
0.461745 0.995074 0.462022 
0.057277 0.002515 0.491768 
0.004918 0.008092 0.270467 0.716524 
0.250000 0.250000 0.250000 0.250000 
 200
0.480978 0.002411 0.046210 
0.461745 0.995074 0.462022 
0.057277 0.002515 0.491768 
0.002756 0.991732 0.002756 0.002756 
0.250000 0.250000 0.250000 0.250000 
 201
0.480978 0.002411 0.046210 
0.461745 0.995074 0.462022 
0.057277 0.002515 0.491768 
0.013703 0.002757 0.980175 0.003365 
0.250000 0.250000 0.250000 0.250000 
 202
0.480978 0.002411 0.046210 
0.461745 0.995074 0.462022 
0.057277 0.002515 0.491768 
0.864002 0.130486 0.002756 0.002756 
0.250000 0.250000 0.250000 0.250000 
 203
0.480978 0.002472 0.046210 
0.461745 0.995013 0.462022 
0.057183 0.002515 0.491768 
0.005126 0.002756 0.002756 0.989361 
0.250000 0.250000 0.250000 0.250000 
 204
0.481832 0.002411 0.046210 
0.460985 0.995074 0.462022 
0.057183 0.002515 0.491768 
0.990176 0.003241 0.003827 0.002756 
0.250000 0.250000 0.250000 0.250000 
 205
0.481832 0.002411 0.046210 
0.460985 0.995074 0.462022 
0.057183 0.002515 0.491768 
0.008914 0.004063 0.343403 0.643620 
0.250000 0.250000 0.250000 0.250000 
 206
0.480187 0.002411 0.046210 
0.462631 0.995074 0.462022 
0.057277 0.002515 0.491768 
0.990903 0.003584 0.002756 0.002756 
0.250000 0.250000 0.250000 0.250000 
 207
0.480978 0.002411 0.046210 
0.461745 0.995074 0.462022 
0.057277 0.002515 0.491768 
0.282233 0.708797 0.002757 0.006213 
0.250000 0.250000 0.250000 0.250000 
 208
0.480978 0.002411 0.046210 
0.461745 0.995074 0.462022 
0.057277 0.002515 0.491768 
0.641644 0.352180 0.003419 0.002756 
0.250000 0.250000 0.250000 0.250000 
 209
0.480978 0.002411 0.046210 
0.461745 0.995074 0.462022 
0.057277 0.002515 0.491768 
0.002756 0.004177 0.984419 0.008648 
0.250000 0.250000 0.250000 0.250000 
 210
0.480978 0.002411 0.046210 
0.461745 0.995074 0.462022 
0.057277 0.002515 0.491768 
0.050173 0.002756 0.003236 0.943836 
0.250000 0.250000 0.250000 0.250000 
 211
0.480978 0.002411 0.046210 
0.461745 0.995074 0.462022 
0.057277 0.002515 0.491768 
0.162673 0.831815 0.002756 0.002756 
0.250000 0.250000 0.250000 0.250000 
 212
0.480978 0.002411 0.046210 
0.461745 0.995074 0.462022 
0.057277 0.002515 0.491768 
0.002756 0.006368 0.003233 0.987643 
0.250000 0.250000 0.250000 0.250000 
 213
0.480978 0.002411 0.046210 
0.461745 0.995074 0.462022 
0.057277 0.002515 0.491768 
0.002756 0.002756 0.003168 0.991320 
0.250000 0.250000 0.250000 0.250000 
 214
0.480978 0.002411 0.046210 
0.461745 0.995074 0.462022 
0.057277 0.002515 0.491768 
0.045907 0.947976 0.002756 0.003361 
0.250000 0.250000 0.250000 0.250000 
 215
0.480978 0.002411 0.046210 
0.461745 0.995074 0.462022 
0.057277 0.002515 0.491768 
0.986787 0.007701 0.002756 0.002756 
0.250000 0.250000 0.250000 0.250000 
 216
0.480978 0.002411 0.046210 
0.461745 0.995074 0.462022 
0.057277 0.002515 0.491768 
0.991219 0.003269 0.002756 0.002756 
0.250000 0.250000 0.250000 0.250000 
 217
0.480978 0.002411 0.046210 
0.461745 0.995074 0.462022 
0.057277 0.002515 0.491768 
0.044722 0.017665 0.345874 0.591740 
0.250000 0.250000 0.250000 0.250000 
 218
0.480978 0.002411 0.046210 
0.461745 0.995074 0.462022 
0.057277 0.002515 0.491768 
0.990840 0.003647 0.002756 0.002756 
0.250000 0.250000 0.250000 0.250000 
 219
0.480978 0.002411 0.046210 
0.461745 0.995074 0.462022 
0.057277 0.002515 0.491768 
0.003928 0.003361 0.989149 0.003561 
0.250000 0.250000 0.250000 0.250000 
 220
0.480978 0.002411 0.046210 
0.461745 0.995074 0.462022 
0.057277 0.002515 0.491768 
0.826277 0.019924 0.084652 0.069147 
0.250000 0.250000 0.250000 0.250000 
 221
0.480978 0.002411 0.046210 
0.461745 0.995074 0.462022 
0.057277 0.002515 0.491768 
0.002756 0.991732 0.002756 0.002756 
0.250000 0.250000 0.250000 0.250000 
 222
0.480978 0.002411 0.046210 
0.461745 0.995074 0.462022 
0.057277 0.002515 0.491768 
0.991732 0.002756 0.002756 0.002756 
0.250000 0.250000 0.250000 0.250000 
 223
0.480978 0.002411 0.046210 
0.461745 0.995074 0.462022 
0.057277 0.002515 0.491768 
0.003015 0.002756 0.318952 0.675277 
0.250000 0.250000 0.250000 0.250000 
 224
0.480978 0.002411 0.046210 
0.461745 0.995074 0.462022 
0.057277 0.002515 0.491768 
0.002756 0.002756 0.006236 0.988251 
0.250000 0.250000 0.250000 0.250000 
 225
0.480978 0.002411 0.046210 
0.461745 0.995074 0.462022 
0.057277 0.002515 0.491768 
0.002756 0.002756 0.002756 0.991732 
0.250000 0.250000 0.250000 0.250000 
 226
0.480978 0.002411 0.046210 
0.461745 0.995074 0.462022 
0.057277 0.002515 0.491768 
0.098749 0.016662 0.115255 0.769334 
0.250000 0.250000 0.250000 0.250000 
 227
0.480978 0.002411 0.046210 
0.461745 0.995074 0.462022 
0.057277 0.002515 0.491768 
0.003070 0.991418 0.002756 0.002756 
0.250000 0.250000 0.250000 0.250000 
 228
0.480978 0.002411 0.046210 
0.461745 0.995074 0.462022 
0.057277 0.002515 0.491768 
0.003192 0.002756 0.990636 0.003415 
0.250000 0.250000 0.250000 0.250000 
 229
0.480978 0.002411 0.046210 
0.461745 0.995074 0.462022 
0.057277 0.002515 0.491768 
0.003943 0.004913 0.771437 0.219707 
0.250000 0.250000 0.250000 0.250000 
 230
0.480978 0.002411 0.046210 
0.461745 0.995074 0.462022 
0.057277 0.002515 0.491768 
0.990981 0.003507 0.002756 0.002756 
0.250000 0.250000 0.250000 0.250000 
 231
0.480978 0.002411 0.046210 
0.461745 0.995074 0.462022 
0.057277 0.002515 0.491768 
0.221462 0.772682 0.002756 0.003099 
0.250000 0.250000 0.250000 0.250000 
 232
0.480978 0.002411 0.046210 
0.461745 0.995074 0.462022 
0.057277 0.002515 0.491768 
0.002756 0.003057 0.375695 0.618492 
0.250000 0.250000 0.250000 0.250000 
 233
0.480978 0.002411 0.046210 
0.461745 0.995074 0.462022 
0.057277 0.002515 0.491768 
0.988268 0.002756 0.006220 0.002756 
0.250000 0.250000 0.250000 0.250000 
 234
0.480978 0.002411 0.046210 
0.461745 0.995074 0.462022 
0.057277 0.002515 0.491768 
0.842305 0.151873 0.002756 0.003066 
0.250000 0.250000 0.250000 0.250000 
 235
0.480978 0.002411 0.046210 
0.461745 0.995074 0.462022 
0.057277 0.002515 0.491768 
0.184507 0.642164 0.041390 0.131939 
0.250000 0.250000 0.250000 0.250000 
 236
0.480978 0.002411 0.046210 
0.461745 0.995074 0.462022 
0.057277 0.002515 0.491768 
