%  SAM: modelfromalign v3.5 (July 15, 2005) compiled 03/03/09_11:47:37
%  (c) 1992-2001 Regents of the University of California, Santa Cruz
%
%          Sequence Alignment and Modeling Software System
%         http://www.cse.ucsc.edu/research/compbio/sam.html
%
% ----------------- Citations (SAM, SAM-T2K, HMMs) --------------------
% R. Hughey, A. Krogh, Hidden Markov models for sequence analysis:
%  Extension and analysis of the basic method, CABIOS 12:95-107, 1996.
% K. Karplus, et al., What is the value added by human intervention in protein
%  structure prediction, Proteins: Stucture, Function, Genetics 45(S5):86--91, 2001.
% A. Krogh et al., Hidden Markov models in computational biology:
%  Applications to protein modeling, JMB 235:1501-1531, Feb 1994.
% ---------------------------------------------------------------------
%  A_PB1_hmm   Host: m222714.cdc.gov    Wed May 21 18:08:35 2014
%  vfn4        Dir:  /Volumes/gf_atl_2012/Genotyping/IRMA/segments/PB1
% ---------------------------------------------------------------------
%  Alignment weights from internal calc.  Total (43.52) Max (0.35) Min (0.02)
%  Weights from alignment method 1 (karplus), b=-1.000000, e=0.500000
MODEL --  Model from alignment file rev/A_PB1.fasta
alphabet DNA
FREQAVE
0.000000 0.000000 0.000000 
0.000000 0.000000 0.000000 
0.000000 0.000000 0.000000 
0.222275 0.196539 0.229976 0.351209 
0.222275 0.196539 0.229976 0.351209 
Begin
0.000000 0.000000 0.000000 
0.000000 0.000000 0.000000 
0.000000 0.004465 0.491768 
0.250000 0.250000 0.250000 0.250000 
0.250000 0.250000 0.250000 0.250000 
   1
0.000000 0.067290 0.046210 
0.000000 0.928244 0.462022 
0.029374 0.004766 0.491768 
0.006906 0.006132 0.624797 0.362165 
0.250000 0.250000 0.250000 0.250000 
   2
0.693282 0.004568 0.046210 
0.277344 0.990666 0.462022 
0.030615 0.004739 0.491768 
0.007263 0.006086 0.042199 0.944451 
0.250000 0.250000 0.250000 0.250000 
   3
0.713142 0.004543 0.046210 
0.256243 0.990718 0.462022 
0.030907 0.004733 0.491768 
0.938308 0.037846 0.007336 0.016511 
0.250000 0.250000 0.250000 0.250000 
   4
0.627152 0.004537 0.046210 
0.341941 0.990730 0.462022 
0.034068 0.004677 0.491768 
0.012025 0.008186 0.110480 0.869310 
0.250000 0.250000 0.250000 0.250000 
   5
0.586532 0.004483 0.046210 
0.379400 0.990840 0.462022 
0.038054 0.004620 0.491768 
0.005880 0.006935 0.032709 0.954476 
0.250000 0.250000 0.250000 0.250000 
   6
0.643134 0.004429 0.046210 
0.318812 0.990950 0.462022 
0.038518 0.004615 0.491768 
0.005870 0.006499 0.015608 0.972023 
0.250000 0.250000 0.250000 0.250000 
   7
0.621393 0.004424 0.046210 
0.340089 0.990962 0.462022 
0.039692 0.004601 0.491768 
0.005846 0.018687 0.221908 0.753559 
0.250000 0.250000 0.250000 0.250000 
   8
0.621157 0.004410 0.046210 
0.339152 0.990989 0.462022 
0.040467 0.004592 0.491768 
0.006436 0.037083 0.008668 0.947814 
0.250000 0.250000 0.250000 0.250000 
   9
0.624548 0.004402 0.046210 
0.334984 0.991006 0.462022 
0.040825 0.004588 0.491768 
0.006979 0.972889 0.005824 0.014307 
0.250000 0.250000 0.250000 0.250000 
  10
0.619883 0.004398 0.046210 
0.339292 0.991013 0.462022 
0.041245 0.004584 0.491768 
0.005817 0.005817 0.982550 0.005817 
0.250000 0.250000 0.250000 0.250000 
  11
0.626258 0.004394 0.046210 
0.332498 0.991022 0.462022 
0.041245 0.004584 0.491768 
0.005817 0.008371 0.978952 0.006860 
0.250000 0.250000 0.250000 0.250000 
  12
0.626258 0.004394 0.046210 
0.332498 0.991022 0.462022 
0.041245 0.004584 0.491768 
0.005817 0.982550 0.005817 0.005817 
0.250000 0.250000 0.250000 0.250000 
  13
0.621197 0.004394 0.046210 
0.337558 0.991022 0.462022 
0.041454 0.004582 0.491768 
0.005813 0.005813 0.005813 0.982561 
0.250000 0.250000 0.250000 0.250000 
  14
0.612751 0.004392 0.046210 
0.345794 0.991026 0.462022 
0.041941 0.004577 0.491768 
0.005804 0.005804 0.975523 0.012868 
0.250000 0.250000 0.250000 0.250000 
  15
0.616276 0.004387 0.046210 
0.341783 0.991036 0.462022 
0.042096 0.004575 0.491768 
0.005802 0.005802 0.024344 0.964052 
0.250000 0.250000 0.250000 0.250000 
  16
0.618546 0.004386 0.046210 
0.339358 0.991039 0.462022 
0.042096 0.004575 0.491768 
0.007580 0.979850 0.005802 0.006768 
0.250000 0.250000 0.250000 0.250000 
  17
0.618546 0.004386 0.046210 
0.339358 0.991039 0.462022 
0.042096 0.004575 0.491768 
0.981492 0.006904 0.005802 0.005802 
0.250000 0.250000 0.250000 0.250000 
  18
0.615570 0.004386 0.046210 
0.342335 0.991039 0.462022 
0.042221 0.004574 0.491768 
0.012585 0.969190 0.008113 0.010111 
0.250000 0.250000 0.250000 0.250000 
  19
0.541666 0.004384 0.046210 
0.416113 0.991042 0.462022 
0.045681 0.004542 0.491768 
0.033218 0.064623 0.571726 0.330433 
0.250000 0.250000 0.250000 0.250000 
  20
0.586055 0.004354 0.046210 
0.368264 0.991104 0.462022 
0.045681 0.004542 0.491768 
0.005746 0.005746 0.008697 0.979812 
0.250000 0.250000 0.250000 0.250000 
  21
0.582331 0.004354 0.046210 
0.371988 0.991104 0.462022 
0.045852 0.004541 0.491768 
0.005743 0.005743 0.981647 0.006867 
0.250000 0.250000 0.250000 0.250000 
  22
0.580482 0.004353 0.046210 
0.373666 0.991106 0.462022 
0.046037 0.004539 0.491768 
0.005741 0.005741 0.008203 0.980316 
0.250000 0.250000 0.250000 0.250000 
  23
0.582828 0.004351 0.046210 
0.371135 0.991109 0.462022 
0.046037 0.004539 0.491768 
0.005741 0.005741 0.005741 0.982778 
0.250000 0.250000 0.250000 0.250000 
  24
0.582828 0.004351 0.046210 
0.371135 0.991109 0.462022 
0.046037 0.004539 0.491768 
0.005741 0.005741 0.981642 0.006877 
0.250000 0.250000 0.250000 0.250000 
  25
0.577970 0.004351 0.046210 
0.375993 0.991109 0.462022 
0.046262 0.004538 0.491768 
0.982787 0.005738 0.005738 0.005738 
0.250000 0.250000 0.250000 0.250000 
  26
0.571321 0.004349 0.046210 
0.382417 0.991113 0.462022 
0.046704 0.004534 0.491768 
0.982799 0.005734 0.005734 0.005734 
0.250000 0.250000 0.250000 0.250000 
  27
0.576783 0.004346 0.046210 
0.376512 0.991120 0.462022 
0.046704 0.004534 0.491768 
0.005731 0.005731 0.005731 0.982806 
0.250000 0.250000 0.250000 0.250000 
  28
0.576783 0.004346 0.046210 
0.376512 0.991120 0.462022 
0.046704 0.004534 0.491768 
0.005731 0.982806 0.005731 0.005731 
0.250000 0.250000 0.250000 0.250000 
  29
0.576783 0.004346 0.046210 
0.376512 0.991120 0.462022 
0.046704 0.004534 0.491768 
0.005731 0.982806 0.005731 0.005731 
0.250000 0.250000 0.250000 0.250000 
  30
0.569838 0.004346 0.046210 
0.383458 0.991120 0.462022 
0.047031 0.004531 0.491768 
0.006637 0.005727 0.007580 0.980056 
0.250000 0.250000 0.250000 0.250000 
  31
0.567178 0.004344 0.046210 
0.385791 0.991125 0.462022 
0.047346 0.004529 0.491768 
0.012418 0.975449 0.005723 0.006410 
0.250000 0.250000 0.250000 0.250000 
  32
0.570972 0.004341 0.046210 
0.381682 0.991130 0.462022 
0.047346 0.004529 0.491768 
0.010742 0.975448 0.006615 0.007195 
0.250000 0.250000 0.250000 0.250000 
  33
0.570972 0.004341 0.046210 
0.381682 0.991130 0.462022 
0.047346 0.004529 0.491768 
0.981409 0.005723 0.006445 0.006423 
0.250000 0.250000 0.250000 0.250000 
  34
0.561181 0.004341 0.046210 
0.391473 0.991130 0.462022 
0.047814 0.004525 0.491768 
0.976043 0.011433 0.005717 0.006807 
0.250000 0.250000 0.250000 0.250000 
  35
0.566730 0.004338 0.046210 
0.385456 0.991137 0.462022 
0.047814 0.004525 0.491768 
0.006807 0.005717 0.981759 0.005717 
0.250000 0.250000 0.250000 0.250000 
  36
0.566730 0.004338 0.046210 
0.385456 0.991137 0.462022 
0.047814 0.004525 0.491768 
0.982850 0.005717 0.005717 0.005717 
0.250000 0.250000 0.250000 0.250000 
  37
0.566730 0.004338 0.046210 
0.385456 0.991137 0.462022 
0.047814 0.004525 0.491768 
0.007537 0.981029 0.005717 0.005717 
0.250000 0.250000 0.250000 0.250000 
  38
0.562961 0.004338 0.046210 
0.389226 0.991137 0.462022 
0.047995 0.004524 0.491768 
0.935584 0.052987 0.005714 0.005714 
0.250000 0.250000 0.250000 0.250000 
  39
0.552751 0.004336 0.046210 
0.399255 0.991140 0.462022 
0.048594 0.004519 0.491768 
0.005707 0.005707 0.005707 0.982879 
0.250000 0.250000 0.250000 0.250000 
  40
0.559657 0.004332 0.046210 
0.391749 0.991148 0.462022 
0.048594 0.004519 0.491768 
0.005707 0.005707 0.980954 0.007633 
0.250000 0.250000 0.250000 0.250000 
  41
0.559657 0.004332 0.046210 
0.391749 0.991148 0.462022 
0.048594 0.004519 0.491768 
0.005707 0.005707 0.027983 0.960603 
0.250000 0.250000 0.250000 0.250000 
  42
0.559657 0.004332 0.046210 
0.391749 0.991148 0.462022 
0.048594 0.004519 0.491768 
0.005707 0.005707 0.006328 0.982258 
0.250000 0.250000 0.250000 0.250000 
  43
0.556296 0.004332 0.046210 
0.395110 0.991148 0.462022 
0.048758 0.004518 0.491768 
0.006329 0.005705 0.968291 0.019676 
0.250000 0.250000 0.250000 0.250000 
  44
0.558172 0.004331 0.046210 
0.393070 0.991151 0.462022 
0.048758 0.004518 0.491768 
0.977130 0.011460 0.005705 0.005705 
0.250000 0.250000 0.250000 0.250000 
  45
0.558172 0.004331 0.046210 
0.393070 0.991151 0.462022 
0.048758 0.004518 0.491768 
0.016552 0.006880 0.010196 0.966372 
0.250000 0.250000 0.250000 0.250000 
  46
0.558172 0.004331 0.046210 
0.393070 0.991151 0.462022 
0.048758 0.004518 0.491768 
0.006891 0.981695 0.005707 0.005707 
0.250000 0.250000 0.250000 0.250000 
  47
0.558172 0.004331 0.046210 
0.393070 0.991151 0.462022 
0.048758 0.004518 0.491768 
0.982879 0.005707 0.005707 0.005707 
0.250000 0.250000 0.250000 0.250000 
  48
0.558172 0.004331 0.046210 
0.393070 0.991151 0.462022 
0.048758 0.004518 0.491768 
0.005707 0.005707 0.006284 0.982302 
0.250000 0.250000 0.250000 0.250000 
  49
0.540392 0.004331 0.046210 
0.410850 0.991151 0.462022 
0.049641 0.004512 0.491768 
0.007572 0.005696 0.979221 0.007510 
0.250000 0.250000 0.250000 0.250000 
  50
0.550174 0.004325 0.046210 
0.400185 0.991163 0.462022 
0.049641 0.004512 0.491768 
0.005696 0.005696 0.006720 0.981887 
0.250000 0.250000 0.250000 0.250000 
  51
0.550174 0.004325 0.046210 
0.400185 0.991163 0.462022 
0.049641 0.004512 0.491768 
0.005696 0.005696 0.979362 0.009245 
0.250000 0.250000 0.250000 0.250000 
  52
0.550174 0.004325 0.046210 
0.400185 0.991163 0.462022 
0.049641 0.004512 0.491768 
0.917130 0.069065 0.006235 0.007569 
0.250000 0.250000 0.250000 0.250000 
  53
0.550174 0.004325 0.046210 
0.400185 0.991163 0.462022 
0.049641 0.004512 0.491768 
0.008360 0.978904 0.005694 0.007042 
0.250000 0.250000 0.250000 0.250000 
  54
0.550174 0.004325 0.046210 
0.400185 0.991163 0.462022 
0.049641 0.004512 0.491768 
0.321589 0.005694 0.646978 0.025739 
0.250000 0.250000 0.250000 0.250000 
  55
0.538556 0.004325 0.046210 
0.411803 0.991163 0.462022 
0.050224 0.004508 0.491768 
0.518970 0.462696 0.012647 0.005687 
0.250000 0.250000 0.250000 0.250000 
  56
0.533480 0.004321 0.046210 
0.416296 0.991171 0.462022 
0.050804 0.004504 0.491768 
0.978145 0.007202 0.005681 0.008972 
0.250000 0.250000 0.250000 0.250000 
  57
0.539635 0.004317 0.046210 
0.409561 0.991179 0.462022 
0.050804 0.004504 0.491768 
0.982135 0.005681 0.006504 0.005681 
0.250000 0.250000 0.250000 0.250000 
  58
0.535126 0.004317 0.046210 
0.414070 0.991179 0.462022 
0.051034 0.004502 0.491768 
0.031989 0.008966 0.829151 0.129894 
0.250000 0.250000 0.250000 0.250000 
  59
0.537550 0.004316 0.046210 
0.411416 0.991182 0.462022 
0.051034 0.004502 0.491768 
0.005678 0.008404 0.007848 0.978070 
0.250000 0.250000 0.250000 0.250000 
  60
0.532343 0.004316 0.046210 
0.416623 0.991182 0.462022 
0.051301 0.004501 0.491768 
0.005675 0.005675 0.982030 0.006620 
0.250000 0.250000 0.250000 0.250000 
  61
0.535129 0.004314 0.046210 
0.413569 0.991185 0.462022 
0.051301 0.004501 0.491768 
0.013811 0.006771 0.311228 0.668189 
0.250000 0.250000 0.250000 0.250000 
  62
0.529756 0.004314 0.046210 
0.418943 0.991185 0.462022 
0.051578 0.004499 0.491768 
0.005672 0.006612 0.006939 0.980777 
0.250000 0.250000 0.250000 0.250000 
  63
0.532618 0.004312 0.046210 
0.415804 0.991189 0.462022 
0.051578 0.004499 0.491768 
0.005672 0.005672 0.982361 0.006294 
0.250000 0.250000 0.250000 0.250000 
  64
0.532618 0.004312 0.046210 
0.415804 0.991189 0.462022 
0.051578 0.004499 0.491768 
0.006249 0.005672 0.307428 0.680651 
0.250000 0.250000 0.250000 0.250000 
  65
0.532618 0.004312 0.046210 
0.415804 0.991189 0.462022 
0.051578 0.004499 0.491768 
0.005672 0.005672 0.015949 0.972707 
0.250000 0.250000 0.250000 0.250000 
  66
0.532618 0.004312 0.046210 
0.415804 0.991189 0.462022 
0.051578 0.004499 0.491768 
0.005672 0.005672 0.005672 0.982984 
0.250000 0.250000 0.250000 0.250000 
  67
0.532618 0.004312 0.046210 
0.415804 0.991189 0.462022 
0.051578 0.004499 0.491768 
0.008401 0.005672 0.965660 0.020267 
0.250000 0.250000 0.250000 0.250000 
  68
0.532618 0.004312 0.046210 
0.415804 0.991189 0.462022 
0.051578 0.004499 0.491768 
0.007136 0.005672 0.018748 0.968444 
0.250000 0.250000 0.250000 0.250000 
  69
0.532618 0.004312 0.046210 
0.415804 0.991189 0.462022 
0.051578 0.004499 0.491768 
0.005672 0.005672 0.015023 0.973633 
0.250000 0.250000 0.250000 0.250000 
  70
0.532618 0.004312 0.046210 
0.415804 0.991189 0.462022 
0.051578 0.004499 0.491768 
0.694784 0.176787 0.008365 0.120064 
0.250000 0.250000 0.250000 0.250000 
  71
0.532618 0.004312 0.046210 
0.415804 0.991189 0.462022 
0.051578 0.004499 0.491768 
0.980778 0.007878 0.005672 0.005672 
0.250000 0.250000 0.250000 0.250000 
  72
0.532618 0.004312 0.046210 
0.415804 0.991189 0.462022 
0.051578 0.004499 0.491768 
0.005672 0.005672 0.008641 0.980015 
0.250000 0.250000 0.250000 0.250000 
  73
0.532618 0.004312 0.046210 
0.415804 0.991189 0.462022 
0.051578 0.004499 0.491768 
0.005672 0.005672 0.961600 0.027056 
0.250000 0.250000 0.250000 0.250000 
  74
0.532618 0.004312 0.046210 
0.415804 0.991189 0.462022 
0.051578 0.004499 0.491768 
0.005672 0.005672 0.975019 0.013637 
0.250000 0.250000 0.250000 0.250000 
  75
0.532618 0.004312 0.046210 
0.415804 0.991189 0.462022 
0.051578 0.004499 0.491768 
0.005672 0.547728 0.005672 0.440928 
0.250000 0.250000 0.250000 0.250000 
  76
0.532618 0.004312 0.046210 
0.415804 0.991189 0.462022 
0.051578 0.004499 0.491768 
0.008394 0.009528 0.029205 0.952873 
0.250000 0.250000 0.250000 0.250000 
  77
0.532618 0.004312 0.046210 
0.415804 0.991189 0.462022 
0.051578 0.004499 0.491768 
0.005672 0.005672 0.982984 0.005672 
0.250000 0.250000 0.250000 0.250000 
  78
0.532618 0.004312 0.046210 
0.415804 0.991189 0.462022 
0.051578 0.004499 0.491768 
0.005672 0.005672 0.981961 0.006695 
0.250000 0.250000 0.250000 0.250000 
  79
0.519881 0.004312 0.046210 
0.428541 0.991189 0.462022 
0.052244 0.004495 0.491768 
0.974909 0.012155 0.005665 0.007271 
0.250000 0.250000 0.250000 0.250000 
  80
0.526588 0.004308 0.046210 
0.421168 0.991197 0.462022 
0.052244 0.004495 0.491768 
0.005665 0.983005 0.005665 0.005665 
0.250000 0.250000 0.250000 0.250000 
  81
0.510722 0.004308 0.046210 
0.437035 0.991197 0.462022 
0.053086 0.004489 0.491768 
0.979256 0.006179 0.007954 0.006610 
0.250000 0.250000 0.250000 0.250000 
  82
0.508014 0.004303 0.046210 
0.438900 0.991207 0.462022 
0.053673 0.004486 0.491768 
0.005652 0.005652 0.620125 0.368571 
0.250000 0.250000 0.250000 0.250000 
  83
0.513634 0.004300 0.046210 
0.432693 0.991214 0.462022 
0.053673 0.004486 0.491768 
0.005650 0.005650 0.005650 0.983050 
0.250000 0.250000 0.250000 0.250000 
  84
0.513634 0.004300 0.046210 
0.432693 0.991214 0.462022 
0.053673 0.004486 0.491768 
0.005650 0.005650 0.982172 0.006528 
0.250000 0.250000 0.250000 0.250000 
  85
0.513634 0.004300 0.046210 
0.432693 0.991214 0.462022 
0.053673 0.004486 0.491768 
0.071684 0.917015 0.005650 0.005650 
0.250000 0.250000 0.250000 0.250000 
  86
0.513634 0.004300 0.046210 
0.432693 0.991214 0.462022 
0.053673 0.004486 0.491768 
0.981772 0.006928 0.005650 0.005650 
0.250000 0.250000 0.250000 0.250000 
  87
0.513634 0.004300 0.046210 
0.432693 0.991214 0.462022 
0.053673 0.004486 0.491768 
0.981887 0.006813 0.005650 0.005650 
0.250000 0.250000 0.250000 0.250000 
  88
0.513634 0.004300 0.046210 
0.432693 0.991214 0.462022 
0.053673 0.004486 0.491768 
0.285019 0.701526 0.005650 0.007805 
0.250000 0.250000 0.250000 0.250000 
  89
0.513634 0.004300 0.046210 
0.432693 0.991214 0.462022 
0.053673 0.004486 0.491768 
0.005650 0.005650 0.005650 0.983050 
0.250000 0.250000 0.250000 0.250000 
  90
0.513634 0.004300 0.046210 
0.432693 0.991214 0.462022 
0.053673 0.004486 0.491768 
0.005650 0.005650 0.982056 0.006644 
0.250000 0.250000 0.250000 0.250000 
  91
0.513634 0.004300 0.046210 
0.432693 0.991214 0.462022 
0.053673 0.004486 0.491768 
0.830225 0.157228 0.005650 0.006897 
0.250000 0.250000 0.250000 0.250000 
  92
0.513634 0.004300 0.046210 
0.432693 0.991214 0.462022 
0.053673 0.004486 0.491768 
0.981084 0.007615 0.005650 0.005650 
0.250000 0.250000 0.250000 0.250000 
  93
0.513634 0.004300 0.046210 
0.432693 0.991214 0.462022 
0.053673 0.004486 0.491768 
0.005650 0.005650 0.141871 0.846829 
0.250000 0.250000 0.250000 0.250000 
  94
0.509240 0.004300 0.046210 
0.437087 0.991214 0.462022 
0.053910 0.004485 0.491768 
0.008351 0.030796 0.327275 0.633578 
0.250000 0.250000 0.250000 0.250000 
  95
0.511488 0.004299 0.046210 
0.434602 0.991217 0.462022 
0.053910 0.004485 0.491768 
0.005648 0.005648 0.983057 0.005648 
0.250000 0.250000 0.250000 0.250000 
  96
0.511488 0.004299 0.046210 
0.434602 0.991217 0.462022 
0.053910 0.004485 0.491768 
0.005648 0.619695 0.005648 0.369009 
0.250000 0.250000 0.250000 0.250000 
  97
0.511488 0.004299 0.046210 
0.434602 0.991217 0.462022 
0.053910 0.004485 0.491768 
0.020395 0.365344 0.165737 0.448524 
0.250000 0.250000 0.250000 0.250000 
  98
0.511488 0.004299 0.046210 
0.434602 0.991217 0.462022 
0.053910 0.004485 0.491768 
0.006656 0.982048 0.005648 0.005648 
0.250000 0.250000 0.250000 0.250000 
  99
0.501489 0.004299 0.046210 
0.444601 0.991217 0.462022 
0.054455 0.004481 0.491768 
0.006416 0.005642 0.981343 0.006599 
0.250000 0.250000 0.250000 0.250000 
 100
0.506554 0.004296 0.046210 
0.438992 0.991223 0.462022 
0.054455 0.004481 0.491768 
0.836860 0.151855 0.005642 0.005642 
0.250000 0.250000 0.250000 0.250000 
 101
0.506554 0.004907 0.046210 
0.438992 0.990612 0.462022 
0.053982 0.004484 0.491768 
0.005647 0.005647 0.005647 0.983059 
0.250000 0.250000 0.250000 0.250000 
 102
0.510833 0.004298 0.046210 
0.435185 0.991218 0.462022 
0.053982 0.004484 0.491768 
0.006422 0.005647 0.982284 0.005647 
0.250000 0.250000 0.250000 0.250000 
 103
0.510833 0.004298 0.046210 
0.435185 0.991218 0.462022 
0.053982 0.004484 0.491768 
0.955469 0.031513 0.005647 0.007371 
0.250000 0.250000 0.250000 0.250000 
 104
0.502161 0.004298 0.046210 
0.443856 0.991218 0.462022 
0.054455 0.004481 0.491768 
0.983073 0.005642 0.005642 0.005642 
0.250000 0.250000 0.250000 0.250000 
 105
0.506554 0.004296 0.046210 
0.438992 0.991223 0.462022 
0.054455 0.004481 0.491768 
0.005642 0.005642 0.005642 0.983073 
0.250000 0.250000 0.250000 0.250000 
 106
0.506554 0.004296 0.046210 
0.438992 0.991223 0.462022 
0.054455 0.004481 0.491768 
0.026395 0.019740 0.395280 0.558585 
0.250000 0.250000 0.250000 0.250000 
 107
0.500685 0.004296 0.046210 
0.444860 0.991223 0.462022 
0.054776 0.004480 0.491768 
0.005639 0.005639 0.979300 0.009421 
0.250000 0.250000 0.250000 0.250000 
 108
0.503641 0.004294 0.046210 
0.441583 0.991227 0.462022 
0.054776 0.004480 0.491768 
0.005639 0.941282 0.005639 0.047439 
0.250000 0.250000 0.250000 0.250000 
 109
0.503641 0.004294 0.046210 
0.441583 0.991227 0.462022 
0.054776 0.004480 0.491768 
0.022050 0.965581 0.005639 0.006730 
0.250000 0.250000 0.250000 0.250000 
 110
0.503641 0.004294 0.046210 
0.441583 0.991227 0.462022 
0.054776 0.004480 0.491768 
0.005639 0.981694 0.007027 0.005639 
0.250000 0.250000 0.250000 0.250000 
 111
0.503641 0.004294 0.046210 
0.441583 0.991227 0.462022 
0.054776 0.004480 0.491768 
0.006310 0.005639 0.981804 0.006246 
0.250000 0.250000 0.250000 0.250000 
 112
0.503641 0.004294 0.046210 
0.441583 0.991227 0.462022 
0.054776 0.004480 0.491768 
0.005639 0.005639 0.909400 0.079322 
0.250000 0.250000 0.250000 0.250000 
 113
0.503641 0.004294 0.046210 
0.441583 0.991227 0.462022 
0.054776 0.004480 0.491768 
0.005639 0.005639 0.981663 0.007058 
0.250000 0.250000 0.250000 0.250000 
 114
0.498053 0.004294 0.046210 
0.447171 0.991227 0.462022 
0.055084 0.004478 0.491768 
0.005636 0.024460 0.005636 0.964267 
0.250000 0.250000 0.250000 0.250000 
 115
0.500852 0.004292 0.046210 
0.444064 0.991230 0.462022 
0.055084 0.004478 0.491768 
0.798082 0.151721 0.007455 0.042741 
0.250000 0.250000 0.250000 0.250000 
 116
0.500852 0.004292 0.046210 
0.444064 0.991230 0.462022 
0.055084 0.004478 0.491768 
0.007434 0.981288 0.005639 0.005639 
0.250000 0.250000 0.250000 0.250000 
 117
0.500852 0.004292 0.046210 
0.444064 0.991230 0.462022 
0.055084 0.004478 0.491768 
0.982309 0.005636 0.006419 0.005636 
0.250000 0.250000 0.250000 0.250000 
 118
0.500852 0.004292 0.046210 
0.444064 0.991230 0.462022 
0.055084 0.004478 0.491768 
0.260517 0.030038 0.636544 0.072901 
0.250000 0.250000 0.250000 0.250000 
 119
0.500852 0.004292 0.046210 
0.444064 0.991230 0.462022 
0.055084 0.004478 0.491768 
0.982140 0.006587 0.005636 0.005636 
0.250000 0.250000 0.250000 0.250000 
 120
0.500852 0.004292 0.046210 
0.444064 0.991230 0.462022 
0.055084 0.004478 0.491768 
0.005636 0.005636 0.967694 0.021033 
0.250000 0.250000 0.250000 0.250000 
 121
0.500852 0.004292 0.046210 
0.444064 0.991230 0.462022 
0.055084 0.004478 0.491768 
0.005636 0.005636 0.983091 0.005636 
0.250000 0.250000 0.250000 0.250000 
 122
0.500852 0.004292 0.046210 
0.444064 0.991230 0.462022 
0.055084 0.004478 0.491768 
0.981419 0.005636 0.005636 0.007308 
0.250000 0.250000 0.250000 0.250000 
 123
0.500852 0.004292 0.046210 
0.444064 0.991230 0.462022 
0.055084 0.004478 0.491768 
0.005636 0.007431 0.006939 0.979994 
0.250000 0.250000 0.250000 0.250000 
 124
0.500852 0.004292 0.046210 
0.444064 0.991230 0.462022 
0.055084 0.004478 0.491768 
0.082383 0.899944 0.005636 0.012036 
0.250000 0.250000 0.250000 0.250000 
 125
0.500852 0.004727 0.046210 
0.444064 0.990795 0.462022 
0.054739 0.004480 0.491768 
0.005640 0.983081 0.005640 0.005640 
0.250000 0.250000 0.250000 0.250000 
 126
0.497715 0.004294 0.046210 
0.447546 0.991226 0.462022 
0.055084 0.004478 0.491768 
0.006290 0.005636 0.982437 0.005636 
0.250000 0.250000 0.250000 0.250000 
 127
0.500852 0.004292 0.046210 
0.444064 0.991230 0.462022 
0.055084 0.004478 0.491768 
0.005636 0.006419 0.977959 0.009985 
0.250000 0.250000 0.250000 0.250000 
 128
0.500852 0.004292 0.046210 
0.444064 0.991230 0.462022 
0.055084 0.004478 0.491768 
0.005636 0.005636 0.005636 0.983091 
0.250000 0.250000 0.250000 0.250000 
 129
0.500852 0.004292 0.046210 
0.444064 0.991230 0.462022 
0.055084 0.004478 0.491768 
0.005636 0.005636 0.983091 0.005636 
0.250000 0.250000 0.250000 0.250000 
 130
0.500852 0.004292 0.046210 
0.444064 0.991230 0.462022 
0.055084 0.004478 0.491768 
0.022768 0.005636 0.863149 0.108446 
0.250000 0.250000 0.250000 0.250000 
 131
0.500852 0.004292 0.046210 
0.444064 0.991230 0.462022 
0.055084 0.004478 0.491768 
0.978252 0.006387 0.009724 0.005636 
0.250000 0.250000 0.250000 0.250000 
 132
0.500852 0.004292 0.046210 
0.444064 0.991230 0.462022 
0.055084 0.004478 0.491768 
0.005636 0.005636 0.969376 0.019351 
0.250000 0.250000 0.250000 0.250000 
 133
0.500852 0.004292 0.046210 
0.444064 0.991230 0.462022 
0.055084 0.004478 0.491768 
0.005636 0.005636 0.982136 0.006591 
0.250000 0.250000 0.250000 0.250000 
 134
0.500852 0.004292 0.046210 
0.444064 0.991230 0.462022 
0.055084 0.004478 0.491768 
0.983091 0.005636 0.005636 0.005636 
0.250000 0.250000 0.250000 0.250000 
 135
0.500852 0.004292 0.046210 
0.444064 0.991230 0.462022 
0.055084 0.004478 0.491768 
0.005636 0.005636 0.005636 0.983091 
0.250000 0.250000 0.250000 0.250000 
 136
0.500852 0.004292 0.046210 
0.444064 0.991230 0.462022 
0.055084 0.004478 0.491768 
0.198135 0.790052 0.005636 0.006177 
0.250000 0.250000 0.250000 0.250000 
 137
0.500852 0.004292 0.046210 
0.444064 0.991230 0.462022 
0.055084 0.004478 0.491768 
0.005636 0.006327 0.982400 0.005636 
0.250000 0.250000 0.250000 0.250000 
 138
0.500852 0.004292 0.046210 
0.444064 0.991230 0.462022 
0.055084 0.004478 0.491768 
0.005636 0.007431 0.005636 0.981296 
0.250000 0.250000 0.250000 0.250000 
 139
0.500852 0.004292 0.046210 
0.444064 0.991230 0.462022 
0.055084 0.004478 0.491768 
0.354343 0.613917 0.005636 0.026104 
0.250000 0.250000 0.250000 0.250000 
 140
0.496361 0.004292 0.046210 
0.448556 0.991230 0.462022 
0.055332 0.004476 0.491768 
0.005634 0.983098 0.005634 0.005634 
0.250000 0.250000 0.250000 0.250000 
 141
0.498600 0.004291 0.046210 
0.446068 0.991233 0.462022 
0.055332 0.004476 0.491768 
0.983098 0.005634 0.005634 0.005634 
0.250000 0.250000 0.250000 0.250000 
 142
0.498600 0.004291 0.046210 
0.446068 0.991233 0.462022 
0.055332 0.004476 0.491768 
0.875044 0.034937 0.006277 0.083742 
0.250000 0.250000 0.250000 0.250000 
 143
0.498600 0.004291 0.046210 
0.446068 0.991233 0.462022 
0.055332 0.004476 0.491768 
0.983098 0.005634 0.005634 0.005634 
0.250000 0.250000 0.250000 0.250000 
 144
0.498600 0.004291 0.046210 
0.446068 0.991233 0.462022 
0.055332 0.004476 0.491768 
0.005634 0.005634 0.007261 0.981471 
0.250000 0.250000 0.250000 0.250000 
 145
0.498600 0.004291 0.046210 
0.446068 0.991233 0.462022 
0.055332 0.004476 0.491768 
0.005634 0.014672 0.158512 0.821182 
0.250000 0.250000 0.250000 0.250000 
 146
0.498600 0.004291 0.046210 
0.446068 0.991233 0.462022 
0.055332 0.004476 0.491768 
0.005634 0.005634 0.983098 0.005634 
0.250000 0.250000 0.250000 0.250000 
 147
0.498600 0.004291 0.046210 
0.446068 0.991233 0.462022 
0.055332 0.004476 0.491768 
0.005634 0.005634 0.983098 0.005634 
0.250000 0.250000 0.250000 0.250000 
 148
0.498600 0.004291 0.046210 
0.446068 0.991233 0.462022 
0.055332 0.004476 0.491768 
0.928503 0.056004 0.008713 0.006780 
0.250000 0.250000 0.250000 0.250000 
 149
0.498600 0.004291 0.046210 
0.446068 0.991233 0.462022 
0.055332 0.004476 0.491768 
0.983098 0.005634 0.005634 0.005634 
0.250000 0.250000 0.250000 0.250000 
 150
0.498600 0.004291 0.046210 
0.446068 0.991233 0.462022 
0.055332 0.004476 0.491768 
0.005636 0.005636 0.917701 0.071027 
0.250000 0.250000 0.250000 0.250000 
 151
0.498600 0.004291 0.046210 
0.446068 0.991233 0.462022 
0.055332 0.004476 0.491768 
0.019556 0.013133 0.509931 0.457380 
0.250000 0.250000 0.250000 0.250000 
 152
0.498600 0.004291 0.046210 
0.446068 0.991233 0.462022 
0.055332 0.004476 0.491768 
0.005634 0.983098 0.005634 0.005634 
0.250000 0.250000 0.250000 0.250000 
 153
0.498600 0.004291 0.046210 
0.446068 0.991233 0.462022 
0.055332 0.004476 0.491768 
0.005634 0.983098 0.005634 0.005634 
0.250000 0.250000 0.250000 0.250000 
 154
0.498600 0.004291 0.046210 
0.446068 0.991233 0.462022 
0.055332 0.004476 0.491768 
0.005634 0.005634 0.284459 0.704273 
0.250000 0.250000 0.250000 0.250000 
 155
0.498600 0.004291 0.046210 
0.446068 0.991233 0.462022 
0.055332 0.004476 0.491768 
0.005634 0.005634 0.982230 0.006502 
0.250000 0.250000 0.250000 0.250000 
 156
0.498600 0.004291 0.046210 
0.446068 0.991233 0.462022 
0.055332 0.004476 0.491768 
0.005634 0.007017 0.005634 0.981715 
0.250000 0.250000 0.250000 0.250000 
 157
0.498600 0.004291 0.046210 
0.446068 0.991233 0.462022 
0.055332 0.004476 0.491768 
0.005634 0.005634 0.828592 0.160139 
0.250000 0.250000 0.250000 0.250000 
 158
0.498600 0.004291 0.046210 
0.446068 0.991233 0.462022 
0.055332 0.004476 0.491768 
0.005634 0.005634 0.980624 0.008107 
0.250000 0.250000 0.250000 0.250000 
 159
0.498600 0.004291 0.046210 
0.446068 0.991233 0.462022 
0.055332 0.004476 0.491768 
0.005634 0.168800 0.005634 0.819932 
0.250000 0.250000 0.250000 0.250000 
 160
0.498600 0.004291 0.046210 
0.446068 0.991233 0.462022 
0.055332 0.004476 0.491768 
0.421787 0.566945 0.005634 0.005634 
0.250000 0.250000 0.250000 0.250000 
 161
0.498600 0.004291 0.046210 
0.446068 0.991233 0.462022 
0.055332 0.004476 0.491768 
0.005634 0.005634 0.005634 0.983098 
0.250000 0.250000 0.250000 0.250000 
 162
0.498600 0.004291 0.046210 
0.446068 0.991233 0.462022 
0.055332 0.004476 0.491768 
0.983098 0.005634 0.005634 0.005634 
0.250000 0.250000 0.250000 0.250000 
 163
0.498600 0.004291 0.046210 
0.446068 0.991233 0.462022 
0.055332 0.004476 0.491768 
0.017691 0.007170 0.057055 0.918084 
0.250000 0.250000 0.250000 0.250000 
 164
0.498600 0.004291 0.046210 
0.446068 0.991233 0.462022 
0.055332 0.004476 0.491768 
0.005634 0.983098 0.005634 0.005634 
0.250000 0.250000 0.250000 0.250000 
 165
0.498600 0.004291 0.046210 
0.446068 0.991233 0.462022 
0.055332 0.004476 0.491768 
0.982305 0.005634 0.005634 0.006427 
0.250000 0.250000 0.250000 0.250000 
 166
0.498600 0.004291 0.046210 
0.446068 0.991233 0.462022 
0.055332 0.004476 0.491768 
0.773916 0.214816 0.005634 0.005634 
0.250000 0.250000 0.250000 0.250000 
 167
0.498600 0.004291 0.046210 
0.446068 0.991233 0.462022 
0.055332 0.004476 0.491768 
0.005634 0.005634 0.983098 0.005634 
0.250000 0.250000 0.250000 0.250000 
 168
0.498600 0.004291 0.046210 
0.446068 0.991233 0.462022 
0.055332 0.004476 0.491768 
0.005634 0.005634 0.006533 0.982198 
0.250000 0.250000 0.250000 0.250000 
 169
0.498600 0.004291 0.046210 
0.446068 0.991233 0.462022 
0.055332 0.004476 0.491768 
0.414251 0.574480 0.005634 0.005634 
0.250000 0.250000 0.250000 0.250000 
 170
0.498600 0.004291 0.046210 
0.446068 0.991233 0.462022 
0.055332 0.004476 0.491768 
0.005634 0.005634 0.983098 0.005634 
0.250000 0.250000 0.250000 0.250000 
 171
0.498600 0.004291 0.046210 
0.446068 0.991233 0.462022 
0.055332 0.004476 0.491768 
0.005634 0.005634 0.005634 0.983098 
0.250000 0.250000 0.250000 0.250000 
 172
0.498600 0.004291 0.046210 
0.446068 0.991233 0.462022 
0.055332 0.004476 0.491768 
0.620431 0.303506 0.007526 0.068536 
0.250000 0.250000 0.250000 0.250000 
 173
0.498600 0.004291 0.046210 
0.446068 0.991233 0.462022 
0.055332 0.004476 0.491768 
0.005634 0.983098 0.005634 0.005634 
0.250000 0.250000 0.250000 0.250000 
 174
0.498600 0.004291 0.046210 
0.446068 0.991233 0.462022 
0.055332 0.004476 0.491768 
0.005636 0.981421 0.005636 0.007307 
0.250000 0.250000 0.250000 0.250000 
 175
0.498600 0.004291 0.046210 
0.446068 0.991233 0.462022 
0.055332 0.004476 0.491768 
0.056563 0.932169 0.005634 0.005634 
0.250000 0.250000 0.250000 0.250000 
 176
0.498600 0.004291 0.046210 
0.446068 0.991233 0.462022 
0.055332 0.004476 0.491768 
0.983098 0.005634 0.005634 0.005634 
0.250000 0.250000 0.250000 0.250000 
 177
0.498600 0.004291 0.046210 
0.446068 0.991233 0.462022 
0.055332 0.004476 0.491768 
0.983098 0.005634 0.005634 0.005634 
0.250000 0.250000 0.250000 0.250000 
 178
0.498600 0.004291 0.046210 
0.446068 0.991233 0.462022 
0.055332 0.004476 0.491768 
0.370776 0.617949 0.005637 0.005637 
0.250000 0.250000 0.250000 0.250000 
 179
0.498600 0.004291 0.046210 
0.446068 0.991233 0.462022 
0.055332 0.004476 0.491768 
0.983098 0.005634 0.005634 0.005634 
0.250000 0.250000 0.250000 0.250000 
 180
0.498600 0.004291 0.046210 
0.446068 0.991233 0.462022 
0.055332 0.004476 0.491768 
0.983098 0.005634 0.005634 0.005634 
0.250000 0.250000 0.250000 0.250000 
 181
0.498600 0.004291 0.046210 
0.446068 0.991233 0.462022 
0.055332 0.004476 0.491768 
0.006535 0.005634 0.099321 0.888510 
0.250000 0.250000 0.250000 0.250000 
 182
0.498600 0.004291 0.046210 
0.446068 0.991233 0.462022 
0.055332 0.004476 0.491768 
0.005634 0.006222 0.008707 0.979437 
0.250000 0.250000 0.250000 0.250000 
 183
0.498600 0.004291 0.046210 
0.446068 0.991233 0.462022 
0.055332 0.004476 0.491768 
0.005634 0.007949 0.005634 0.980783 
0.250000 0.250000 0.250000 0.250000 
 184
0.498600 0.004291 0.046210 
0.446068 0.991233 0.462022 
0.055332 0.004476 0.491768 
0.006144 0.005634 0.816068 0.172154 
0.250000 0.250000 0.250000 0.250000 
 185
0.498600 0.004291 0.046210 
0.446068 0.991233 0.462022 
0.055332 0.004476 0.491768 
0.005634 0.005634 0.006199 0.982533 
0.250000 0.250000 0.250000 0.250000 
 186
0.498600 0.004291 0.046210 
0.446068 0.991233 0.462022 
0.055332 0.004476 0.491768 
0.005634 0.005634 0.983098 0.005634 
0.250000 0.250000 0.250000 0.250000 
 187
0.494162 0.004291 0.046210 
0.450505 0.991233 0.462022 
0.055579 0.004475 0.491768 
0.201631 0.787106 0.005632 0.005632 
0.250000 0.250000 0.250000 0.250000 
 188
0.496365 0.004290 0.046210 
0.448056 0.991235 0.462022 
0.055579 0.004475 0.491768 
0.983105 0.005632 0.005632 0.005632 
0.250000 0.250000 0.250000 0.250000 
 189
0.496365 0.004290 0.046210 
0.448056 0.991235 0.462022 
0.055579 0.004475 0.491768 
0.983098 0.005634 0.005634 0.005634 
0.250000 0.250000 0.250000 0.250000 
 190
0.496365 0.004290 0.046210 
0.448056 0.991235 0.462022 
0.055579 0.004475 0.491768 
0.009289 0.008073 0.288660 0.693978 
0.250000 0.250000 0.250000 0.250000 
 191
0.496365 0.004290 0.046210 
0.448056 0.991235 0.462022 
0.055579 0.004475 0.491768 
0.981641 0.005632 0.005632 0.007096 
0.250000 0.250000 0.250000 0.250000 
 192
0.496365 0.004290 0.046210 
0.448056 0.991235 0.462022 
0.055579 0.004475 0.491768 
0.212080 0.774076 0.006097 0.007746 
0.250000 0.250000 0.250000 0.250000 
 193
0.496365 0.004290 0.046210 
0.448056 0.991235 0.462022 
0.055579 0.004475 0.491768 
0.657173 0.331563 0.005632 0.005632 
0.250000 0.250000 0.250000 0.250000 
 194
0.496365 0.004290 0.046210 
0.448056 0.991235 0.462022 
0.055579 0.004475 0.491768 
0.006938 0.016600 0.036065 0.940397 
0.250000 0.250000 0.250000 0.250000 
 195
0.496365 0.004290 0.046210 
0.448056 0.991235 0.462022 
0.055579 0.004475 0.491768 
0.005632 0.006203 0.006546 0.981619 
0.250000 0.250000 0.250000 0.250000 
 196
0.496365 0.004290 0.046210 
0.448056 0.991235 0.462022 
0.055579 0.004475 0.491768 
0.043844 0.944892 0.005632 0.005632 
0.250000 0.250000 0.250000 0.250000 
 197
0.496365 0.004290 0.046210 
0.448056 0.991235 0.462022 
0.055579 0.004475 0.491768 
0.005632 0.007302 0.981435 0.005632 
0.250000 0.250000 0.250000 0.250000 
 198
0.496365 0.004290 0.046210 
0.448056 0.991235 0.462022 
0.055579 0.004475 0.491768 
0.983105 0.005632 0.005632 0.005632 
0.250000 0.250000 0.250000 0.250000 
 199
0.496365 0.004290 0.046210 
0.448056 0.991235 0.462022 
0.055579 0.004475 0.491768 
0.085296 0.901160 0.005632 0.007912 
0.250000 0.250000 0.250000 0.250000 
 200
0.496365 0.004290 0.046210 
0.448056 0.991235 0.462022 
0.055579 0.004475 0.491768 
0.005632 0.005632 0.983105 0.005632 
0.250000 0.250000 0.250000 0.250000 
 201
0.496365 0.004290 0.046210 
0.448056 0.991235 0.462022 
0.055579 0.004475 0.491768 
0.983105 0.005632 0.005632 0.005632 
0.250000 0.250000 0.250000 0.250000 
 202
0.496365 0.004290 0.046210 
0.448056 0.991235 0.462022 
0.055579 0.004475 0.491768 
0.005632 0.005632 0.862566 0.126171 
0.250000 0.250000 0.250000 0.250000 
 203
0.496365 0.004290 0.046210 
0.448056 0.991235 0.462022 
0.055579 0.004475 0.491768 
0.005632 0.005632 0.075391 0.913346 
0.250000 0.250000 0.250000 0.250000 
 204
0.496365 0.004290 0.046210 
0.448056 0.991235 0.462022 
0.055579 0.004475 0.491768 
0.005632 0.005632 0.005632 0.983105 
0.250000 0.250000 0.250000 0.250000 
 205
0.496365 0.004290 0.046210 
0.448056 0.991235 0.462022 
0.055579 0.004475 0.491768 
0.005632 0.005632 0.647203 0.341533 
0.250000 0.250000 0.250000 0.250000 
 206
0.496365 0.004290 0.046210 
0.448056 0.991235 0.462022 
0.055579 0.004475 0.491768 
0.005632 0.005632 0.007247 0.981490 
0.250000 0.250000 0.250000 0.250000 
 207
0.496365 0.004290 0.046210 
0.448056 0.991235 0.462022 
0.055579 0.004475 0.491768 
0.005632 0.983105 0.005632 0.005632 
0.250000 0.250000 0.250000 0.250000 
 208
0.496365 0.004290 0.046210 
0.448056 0.991235 0.462022 
0.055579 0.004475 0.491768 
0.400528 0.588208 0.005632 0.005632 
0.250000 0.250000 0.250000 0.250000 
 209
0.496365 0.004290 0.046210 
0.448056 0.991235 0.462022 
0.055579 0.004475 0.491768 
0.005632 0.007302 0.005632 0.981435 
0.250000 0.250000 0.250000 0.250000 
 210
0.496365 0.004290 0.046210 
0.448056 0.991235 0.462022 
0.055579 0.004475 0.491768 
0.982074 0.006662 0.005632 0.005632 
0.250000 0.250000 0.250000 0.250000 
 211
0.496365 0.004290 0.046210 
0.448056 0.991235 0.462022 
0.055579 0.004475 0.491768 
0.005632 0.005632 0.982037 0.006699 
0.250000 0.250000 0.250000 0.250000 
 212
0.496365 0.004290 0.046210 
0.448056 0.991235 0.462022 
0.055579 0.004475 0.491768 
0.983105 0.005632 0.005632 0.005632 
0.250000 0.250000 0.250000 0.250000 
 213
0.496365 0.004290 0.046210 
0.448056 0.991235 0.462022 
0.055579 0.004475 0.491768 
0.005632 0.005632 0.006741 0.981996 
0.250000 0.250000 0.250000 0.250000 
 214
0.496365 0.004290 0.046210 
0.448056 0.991235 0.462022 
0.055579 0.004475 0.491768 
0.016802 0.005632 0.807335 0.170232 
0.250000 0.250000 0.250000 0.250000 
 215
0.479897 0.004290 0.046210 
0.464524 0.991235 0.462022 
0.056510 0.004470 0.491768 
0.006175 0.005623 0.010093 0.978108 
0.250000 0.250000 0.250000 0.250000 
 216
0.487932 0.004285 0.046210 
0.455558 0.991245 0.462022 
0.056510 0.004470 0.491768 
0.005623 0.973898 0.005623 0.014855 
0.250000 0.250000 0.250000 0.250000 
 217
0.487932 0.004285 0.046210 
0.455558 0.991245 0.462022 
0.056510 0.004470 0.491768 
0.006517 0.005623 0.180800 0.807060 
0.250000 0.250000 0.250000 0.250000 
 218
0.487932 0.004285 0.046210 
0.455558 0.991245 0.462022 
0.056510 0.004470 0.491768 
0.005623 0.006517 0.007416 0.980444 
0.250000 0.250000 0.250000 0.250000 
 219
0.487932 0.004285 0.046210 
0.455558 0.991245 0.462022 
0.056510 0.004470 0.491768 
0.005623 0.007142 0.981612 0.005623 
0.250000 0.250000 0.250000 0.250000 
 220
0.487932 0.004285 0.046210 
0.455558 0.991245 0.462022 
0.056510 0.004470 0.491768 
0.932861 0.055893 0.005623 0.005623 
0.250000 0.250000 0.250000 0.250000 
 221
0.487932 0.004285 0.046210 
0.455558 0.991245 0.462022 
0.056510 0.004470 0.491768 
0.005623 0.005623 0.005623 0.983130 
0.250000 0.250000 0.250000 0.250000 
 222
0.487932 0.004285 0.046210 
0.455558 0.991245 0.462022 
0.056510 0.004470 0.491768 
0.006260 0.005623 0.982493 0.005623 
0.250000 0.250000 0.250000 0.250000 
 223
0.487932 0.004285 0.046210 
0.455558 0.991245 0.462022 
0.056510 0.004470 0.491768 
0.005623 0.005623 0.661976 0.326777 
0.250000 0.250000 0.250000 0.250000 
 224
0.487932 0.004285 0.046210 
0.455558 0.991245 0.462022 
0.056510 0.004470 0.491768 
0.005623 0.005623 0.005623 0.983130 
0.250000 0.250000 0.250000 0.250000 
 225
0.487932 0.004285 0.046210 
0.455558 0.991245 0.462022 
0.056510 0.004470 0.491768 
0.005623 0.005623 0.982402 0.006351 
0.250000 0.250000 0.250000 0.250000 
 226
0.487932 0.004285 0.046210 
0.455558 0.991245 0.462022 
0.056510 0.004470 0.491768 
0.947382 0.036587 0.009321 0.006710 
0.250000 0.250000 0.250000 0.250000 
 227
0.487932 0.004285 0.046210 
0.455558 0.991245 0.462022 
0.056510 0.004470 0.491768 
0.983130 0.005623 0.005623 0.005623 
0.250000 0.250000 0.250000 0.250000 
 228
0.487932 0.004285 0.046210 
0.455558 0.991245 0.462022 
0.056510 0.004470 0.491768 
0.009065 0.979088 0.005623 0.006225 
0.250000 0.250000 0.250000 0.250000 
 229
0.487932 0.004285 0.046210 
0.455558 0.991245 0.462022 
0.056510 0.004470 0.491768 
0.654233 0.205109 0.005623 0.135034 
0.250000 0.250000 0.250000 0.250000 
 230
0.487932 0.004285 0.046210 
0.455558 0.991245 0.462022 
0.056510 0.004470 0.491768 
0.983130 0.005623 0.005623 0.005623 
0.250000 0.250000 0.250000 0.250000 
 231
0.487932 0.004285 0.046210 
0.455558 0.991245 0.462022 
0.056510 0.004470 0.491768 
0.005623 0.005623 0.019388 0.969365 
0.250000 0.250000 0.250000 0.250000 
 232
0.487932 0.004285 0.046210 
0.455558 0.991245 0.462022 
0.056510 0.004470 0.491768 
0.006984 0.008304 0.118631 0.866081 
0.250000 0.250000 0.250000 0.250000 
 233
0.487932 0.004285 0.046210 
0.455558 0.991245 0.462022 
0.056510 0.004470 0.491768 
0.005623 0.005623 0.983130 0.005623 
0.250000 0.250000 0.250000 0.250000 
 234
0.487932 0.004285 0.046210 
0.455558 0.991245 0.462022 
0.056510 0.004470 0.491768 
0.005623 0.005623 0.983130 0.005623 
0.250000 0.250000 0.250000 0.250000 
 235
0.487932 0.004285 0.046210 
0.455558 0.991245 0.462022 
0.056510 0.004470 0.491768 
0.005623 0.005623 0.893465 0.095289 
0.250000 0.250000 0.250000 0.250000 
 236
0.487932 0.004285 0.046210 
0.455558 0.991245 0.462022 
0.056510 0.004470 0.491768 
