%  SAM: modelfromalign v3.5 (July 15, 2005) compiled 03/03/09_11:47:37
%  (c) 1992-2001 Regents of the University of California, Santa Cruz
%
%          Sequence Alignment and Modeling Software System
%         http://www.cse.ucsc.edu/research/compbio/sam.html
%
% ----------------- Citations (SAM, SAM-T2K, HMMs) --------------------
% R. Hughey, A. Krogh, Hidden Markov models for sequence analysis:
%  Extension and analysis of the basic method, CABIOS 12:95-107, 1996.
% K. Karplus, et al., What is the value added by human intervention in protein
%  structure prediction, Proteins: Stucture, Function, Genetics 45(S5):86--91, 2001.
% A. Krogh et al., Hidden Markov models in computational biology:
%  Applications to protein modeling, JMB 235:1501-1531, Feb 1994.
% ---------------------------------------------------------------------
%  B_NP_hmm   Host: m222714.cdc.gov    Wed May 21 18:12:34 2014
%  vfn4       Dir:  /Volumes/gf_atl_2012/Genotyping/IRMA/segments/NP
% ---------------------------------------------------------------------
%  Alignment weights from internal calc.  Total (24.60) Max (0.13) Min (0.03)
%  Weights from alignment method 1 (karplus), b=-1.000000, e=0.500000
MODEL --  Model from alignment file rev/B_NP.fasta
alphabet DNA
FREQAVE
0.000000 0.000000 0.000000 
0.000000 0.000000 0.000000 
0.000000 0.000000 0.000000 
0.217434 0.199298 0.233759 0.349509 
0.217434 0.199298 0.233759 0.349509 
Begin
0.000000 0.000000 0.000000 
0.000000 0.000000 0.000000 
0.000000 0.006545 0.491768 
0.250000 0.250000 0.250000 0.250000 
0.250000 0.250000 0.250000 0.250000 
   1
0.000000 0.016277 0.046210 
0.000000 0.977179 0.462022 
0.052027 0.006611 0.491768 
0.009924 0.009924 0.011541 0.968610 
0.250000 0.250000 0.250000 0.250000 
   2
0.528551 0.006337 0.046210 
0.419422 0.987052 0.462022 
0.052027 0.006611 0.491768 
0.009924 0.009924 0.014739 0.965412 
0.250000 0.250000 0.250000 0.250000 
   3
0.528551 0.006337 0.046210 
0.419422 0.987052 0.462022 
0.052027 0.006611 0.491768 
0.968529 0.009924 0.009924 0.011622 
0.250000 0.250000 0.250000 0.250000 
   4
0.443057 0.006337 0.046210 
0.504916 0.987052 0.462022 
0.056891 0.006550 0.491768 
0.970659 0.009780 0.009780 0.009780 
0.250000 0.250000 0.250000 0.250000 
   5
0.484477 0.006279 0.046210 
0.458632 0.987171 0.462022 
0.056891 0.006550 0.491768 
0.009780 0.009780 0.009780 0.970659 
0.250000 0.250000 0.250000 0.250000 
   6
0.484477 0.006279 0.046210 
0.458632 0.987171 0.462022 
0.056891 0.006550 0.491768 
0.970659 0.009780 0.009780 0.009780 
0.250000 0.250000 0.250000 0.250000 
   7
0.484477 0.006279 0.046210 
0.458632 0.987171 0.462022 
0.056891 0.006550 0.491768 
0.961589 0.018850 0.009780 0.009780 
0.250000 0.250000 0.250000 0.250000 
   8
0.484477 0.006279 0.046210 
0.458632 0.987171 0.462022 
0.056891 0.006550 0.491768 
0.009780 0.009780 0.009780 0.970659 
0.250000 0.250000 0.250000 0.250000 
   9
0.484477 0.006279 0.046210 
0.458632 0.987171 0.462022 
0.056891 0.006550 0.491768 
0.009780 0.009780 0.970659 0.009780 
0.250000 0.250000 0.250000 0.250000 
  10
0.484477 0.006279 0.046210 
0.458632 0.987171 0.462022 
0.056891 0.006550 0.491768 
0.009780 0.970659 0.009780 0.009780 
0.250000 0.250000 0.250000 0.250000 
  11
0.484477 0.006279 0.046210 
0.458632 0.987171 0.462022 
0.056891 0.006550 0.491768 
0.970659 0.009780 0.009780 0.009780 
0.250000 0.250000 0.250000 0.250000 
  12
0.484477 0.006279 0.046210 
0.458632 0.987171 0.462022 
0.056891 0.006550 0.491768 
0.009780 0.970659 0.009780 0.009780 
0.250000 0.250000 0.250000 0.250000 
  13
0.484477 0.006279 0.046210 
0.458632 0.987171 0.462022 
0.056891 0.006550 0.491768 
0.009780 0.970659 0.009780 0.009780 
0.250000 0.250000 0.250000 0.250000 
  14
0.484477 0.006279 0.046210 
0.458632 0.987171 0.462022 
0.056891 0.006550 0.491768 
0.009780 0.009780 0.009780 0.970659 
0.250000 0.250000 0.250000 0.250000 
  15
0.484477 0.006279 0.046210 
0.458632 0.987171 0.462022 
0.056891 0.006550 0.491768 
0.009780 0.009780 0.970659 0.009780 
0.250000 0.250000 0.250000 0.250000 
  16
0.484477 0.006279 0.046210 
0.458632 0.987171 0.462022 
0.056891 0.006550 0.491768 
0.959548 0.020856 0.009798 0.009798 
0.250000 0.250000 0.250000 0.250000 
  17
0.484477 0.006279 0.046210 
0.458632 0.987171 0.462022 
0.056891 0.006550 0.491768 
0.009798 0.009798 0.009798 0.970607 
0.250000 0.250000 0.250000 0.250000 
  18
0.484477 0.006279 0.046210 
0.458632 0.987171 0.462022 
0.056891 0.006550 0.491768 
0.009780 0.009780 0.970659 0.009780 
0.250000 0.250000 0.250000 0.250000 
  19
0.484477 0.006279 0.046210 
0.458632 0.987171 0.462022 
0.056891 0.006550 0.491768 
0.959669 0.020770 0.009780 0.009780 
0.250000 0.250000 0.250000 0.250000 
  20
0.484477 0.006279 0.046210 
0.458632 0.987171 0.462022 
0.056891 0.006550 0.491768 
0.009798 0.009798 0.009798 0.970607 
0.250000 0.250000 0.250000 0.250000 
  21
0.484477 0.006279 0.046210 
0.458632 0.987171 0.462022 
0.056891 0.006550 0.491768 
0.970659 0.009780 0.009780 0.009780 
0.250000 0.250000 0.250000 0.250000 
  22
0.484477 0.006279 0.046210 
0.458632 0.987171 0.462022 
0.056891 0.006550 0.491768 
0.968938 0.009780 0.011501 0.009780 
0.250000 0.250000 0.250000 0.250000 
  23
0.484477 0.006279 0.046210 
0.458632 0.987171 0.462022 
0.056891 0.006550 0.491768 
0.009780 0.009780 0.009780 0.970659 
0.250000 0.250000 0.250000 0.250000 
  24
0.484477 0.006279 0.046210 
0.458632 0.987171 0.462022 
0.056891 0.006550 0.491768 
0.009780 0.009780 0.970659 0.009780 
0.250000 0.250000 0.250000 0.250000 
  25
0.484477 0.006279 0.046210 
0.458632 0.987171 0.462022 
0.056891 0.006550 0.491768 
0.009780 0.009780 0.970659 0.009780 
0.250000 0.250000 0.250000 0.250000 
  26
0.484477 0.006279 0.046210 
0.458632 0.987171 0.462022 
0.056891 0.006550 0.491768 
0.009780 0.009780 0.009780 0.970659 
0.250000 0.250000 0.250000 0.250000 
  27
0.484477 0.006279 0.046210 
0.458632 0.987171 0.462022 
0.056891 0.006550 0.491768 
0.009780 0.009780 0.970659 0.009780 
0.250000 0.250000 0.250000 0.250000 
  28
0.484477 0.006279 0.046210 
0.458632 0.987171 0.462022 
0.056891 0.006550 0.491768 
0.009780 0.009780 0.009780 0.970659 
0.250000 0.250000 0.250000 0.250000 
  29
0.484477 0.006279 0.046210 
0.458632 0.987171 0.462022 
0.056891 0.006550 0.491768 
0.009780 0.970659 0.009780 0.009780 
0.250000 0.250000 0.250000 0.250000 
  30
0.484477 0.006279 0.046210 
0.458632 0.987171 0.462022 
0.056891 0.006550 0.491768 
0.009780 0.009780 0.970659 0.009780 
0.250000 0.250000 0.250000 0.250000 
  31
0.484477 0.006279 0.046210 
0.458632 0.987171 0.462022 
0.056891 0.006550 0.491768 
0.009780 0.009780 0.013244 0.967196 
0.250000 0.250000 0.250000 0.250000 
  32
0.484477 0.006279 0.046210 
0.458632 0.987171 0.462022 
0.056891 0.006550 0.491768 
0.009780 0.970659 0.009780 0.009780 
0.250000 0.250000 0.250000 0.250000 
  33
0.484477 0.006279 0.046210 
0.458632 0.987171 0.462022 
0.056891 0.006550 0.491768 
0.009780 0.009780 0.009780 0.970659 
0.250000 0.250000 0.250000 0.250000 
  34
0.484477 0.006279 0.046210 
0.458632 0.987171 0.462022 
0.056891 0.006550 0.491768 
0.009780 0.970659 0.009780 0.009780 
0.250000 0.250000 0.250000 0.250000 
  35
0.484477 0.006279 0.046210 
0.458632 0.987171 0.462022 
0.056891 0.006550 0.491768 
0.009780 0.009780 0.009780 0.970659 
0.250000 0.250000 0.250000 0.250000 
  36
0.484477 0.006279 0.046210 
0.458632 0.987171 0.462022 
0.056891 0.006550 0.491768 
0.009780 0.009780 0.970659 0.009780 
0.250000 0.250000 0.250000 0.250000 
  37
0.484477 0.006279 0.046210 
0.458632 0.987171 0.462022 
0.056891 0.006550 0.491768 
0.009780 0.009780 0.968297 0.012142 
0.250000 0.250000 0.250000 0.250000 
  38
0.484477 0.006279 0.046210 
0.458632 0.987171 0.462022 
0.056891 0.006550 0.491768 
0.009780 0.009780 0.970659 0.009780 
0.250000 0.250000 0.250000 0.250000 
  39
0.484477 0.006279 0.046210 
0.458632 0.987171 0.462022 
0.056891 0.006550 0.491768 
0.009780 0.009780 0.009780 0.970659 
0.250000 0.250000 0.250000 0.250000 
  40
0.484477 0.006279 0.046210 
0.458632 0.987171 0.462022 
0.056891 0.006550 0.491768 
0.009780 0.009780 0.970659 0.009780 
0.250000 0.250000 0.250000 0.250000 
  41
0.484477 0.006279 0.046210 
0.458632 0.987171 0.462022 
0.056891 0.006550 0.491768 
0.009780 0.009780 0.970659 0.009780 
0.250000 0.250000 0.250000 0.250000 
  42
0.484477 0.006279 0.046210 
0.458632 0.987171 0.462022 
0.056891 0.006550 0.491768 
0.009780 0.009780 0.970659 0.009780 
0.250000 0.250000 0.250000 0.250000 
  43
0.484477 0.006279 0.046210 
0.458632 0.987171 0.462022 
0.056891 0.006550 0.491768 
0.970659 0.009780 0.009780 0.009780 
0.250000 0.250000 0.250000 0.250000 
  44
0.484477 0.006279 0.046210 
0.458632 0.987171 0.462022 
0.056891 0.006550 0.491768 
0.970659 0.009780 0.009780 0.009780 
0.250000 0.250000 0.250000 0.250000 
  45
0.484477 0.006279 0.046210 
0.458632 0.987171 0.462022 
0.056891 0.006550 0.491768 
0.970659 0.009780 0.009780 0.009780 
0.250000 0.250000 0.250000 0.250000 
  46
0.484477 0.006279 0.046210 
0.458632 0.987171 0.462022 
0.056891 0.006550 0.491768 
0.009780 0.970659 0.009780 0.009780 
0.250000 0.250000 0.250000 0.250000 
  47
0.484477 0.006279 0.046210 
0.458632 0.987171 0.462022 
0.056891 0.006550 0.491768 
0.970659 0.009780 0.009780 0.009780 
0.250000 0.250000 0.250000 0.250000 
  48
0.484477 0.006279 0.046210 
0.458632 0.987171 0.462022 
0.056891 0.006550 0.491768 
0.970659 0.009780 0.009780 0.009780 
0.250000 0.250000 0.250000 0.250000 
  49
0.484477 0.006279 0.046210 
0.458632 0.987171 0.462022 
0.056891 0.006550 0.491768 
0.013792 0.966613 0.009798 0.009798 
0.250000 0.250000 0.250000 0.250000 
  50
0.484477 0.006279 0.046210 
0.458632 0.987171 0.462022 
0.056891 0.006550 0.491768 
0.970659 0.009780 0.009780 0.009780 
0.250000 0.250000 0.250000 0.250000 
  51
0.484477 0.006279 0.046210 
0.458632 0.987171 0.462022 
0.056891 0.006550 0.491768 
0.970659 0.009780 0.009780 0.009780 
0.250000 0.250000 0.250000 0.250000 
  52
0.484477 0.006279 0.046210 
0.458632 0.987171 0.462022 
0.056891 0.006550 0.491768 
0.970659 0.009780 0.009780 0.009780 
0.250000 0.250000 0.250000 0.250000 
  53
0.484477 0.006279 0.046210 
0.458632 0.987171 0.462022 
0.056891 0.006550 0.491768 
0.009780 0.009780 0.029299 0.951140 
0.250000 0.250000 0.250000 0.250000 
  54
0.484477 0.006279 0.046210 
0.458632 0.987171 0.462022 
0.056891 0.006550 0.491768 
0.009780 0.009780 0.009780 0.970659 
0.250000 0.250000 0.250000 0.250000 
  55
0.484477 0.006279 0.046210 
0.458632 0.987171 0.462022 
0.056891 0.006550 0.491768 
0.009780 0.970659 0.009780 0.009780 
0.250000 0.250000 0.250000 0.250000 
  56
0.484477 0.006279 0.046210 
0.458632 0.987171 0.462022 
0.056891 0.006550 0.491768 
0.009780 0.970659 0.009780 0.009780 
0.250000 0.250000 0.250000 0.250000 
  57
0.484477 0.006279 0.046210 
0.458632 0.987171 0.462022 
0.056891 0.006550 0.491768 
0.009780 0.970659 0.009780 0.009780 
0.250000 0.250000 0.250000 0.250000 
  58
0.484477 0.006279 0.046210 
0.458632 0.987171 0.462022 
0.056891 0.006550 0.491768 
0.009780 0.970659 0.009780 0.009780 
0.250000 0.250000 0.250000 0.250000 
  59
0.484477 0.006279 0.046210 
0.458632 0.987171 0.462022 
0.056891 0.006550 0.491768 
0.970659 0.009780 0.009780 0.009780 
0.250000 0.250000 0.250000 0.250000 
  60
0.484477 0.006279 0.046210 
0.458632 0.987171 0.462022 
0.056891 0.006550 0.491768 
0.009780 0.009780 0.009780 0.970659 
0.250000 0.250000 0.250000 0.250000 
  61
0.484477 0.006279 0.046210 
0.458632 0.987171 0.462022 
0.056891 0.006550 0.491768 
0.009780 0.970659 0.009780 0.009780 
0.250000 0.250000 0.250000 0.250000 
  62
0.484477 0.006279 0.046210 
0.458632 0.987171 0.462022 
0.056891 0.006550 0.491768 
0.009780 0.970659 0.009780 0.009780 
0.250000 0.250000 0.250000 0.250000 
  63
0.484477 0.006279 0.046210 
0.458632 0.987171 0.462022 
0.056891 0.006550 0.491768 
0.009780 0.009780 0.009780 0.970659 
0.250000 0.250000 0.250000 0.250000 
  64
0.484477 0.006279 0.046210 
0.458632 0.987171 0.462022 
0.056891 0.006550 0.491768 
0.011295 0.009780 0.753292 0.225633 
0.250000 0.250000 0.250000 0.250000 
  65
0.484477 0.006279 0.046210 
0.458632 0.987171 0.462022 
0.056891 0.006550 0.491768 
0.009780 0.009780 0.009780 0.970659 
0.250000 0.250000 0.250000 0.250000 
  66
0.484477 0.006279 0.046210 
0.458632 0.987171 0.462022 
0.056891 0.006550 0.491768 
0.009780 0.970659 0.009780 0.009780 
0.250000 0.250000 0.250000 0.250000 
  67
0.484477 0.006279 0.046210 
0.458632 0.987171 0.462022 
0.056891 0.006550 0.491768 
0.009780 0.009780 0.970659 0.009780 
0.250000 0.250000 0.250000 0.250000 
  68
0.484477 0.006279 0.046210 
0.458632 0.987171 0.462022 
0.056891 0.006550 0.491768 
0.009780 0.009780 0.009780 0.970659 
0.250000 0.250000 0.250000 0.250000 
  69
0.484477 0.006279 0.046210 
0.458632 0.987171 0.462022 
0.056891 0.006550 0.491768 
0.009780 0.009780 0.009780 0.970659 
0.250000 0.250000 0.250000 0.250000 
  70
0.484477 0.006279 0.046210 
0.458632 0.987171 0.462022 
0.056891 0.006550 0.491768 
0.961727 0.018712 0.009780 0.009780 
0.250000 0.250000 0.250000 0.250000 
  71
0.484477 0.006279 0.046210 
0.458632 0.987171 0.462022 
0.056891 0.006550 0.491768 
0.970659 0.009780 0.009780 0.009780 
0.250000 0.250000 0.250000 0.250000 
  72
0.484477 0.006279 0.046210 
0.458632 0.987171 0.462022 
0.056891 0.006550 0.491768 
0.009780 0.009780 0.009780 0.970659 
0.250000 0.250000 0.250000 0.250000 
  73
0.484477 0.006279 0.046210 
0.458632 0.987171 0.462022 
0.056891 0.006550 0.491768 
0.009780 0.009780 0.009780 0.970659 
0.250000 0.250000 0.250000 0.250000 
  74
0.484477 0.006279 0.046210 
0.458632 0.987171 0.462022 
0.056891 0.006550 0.491768 
0.009780 0.965038 0.009780 0.015401 
0.250000 0.250000 0.250000 0.250000 
  75
0.484477 0.006279 0.046210 
0.458632 0.987171 0.462022 
0.056891 0.006550 0.491768 
0.012976 0.967463 0.009780 0.009780 
0.250000 0.250000 0.250000 0.250000 
  76
0.484477 0.006279 0.046210 
0.458632 0.987171 0.462022 
0.056891 0.006550 0.491768 
0.961043 0.019396 0.009780 0.009780 
0.250000 0.250000 0.250000 0.250000 
  77
0.484477 0.006279 0.046210 
0.458632 0.987171 0.462022 
0.056891 0.006550 0.491768 
0.970659 0.009780 0.009780 0.009780 
0.250000 0.250000 0.250000 0.250000 
  78
0.484477 0.006279 0.046210 
0.458632 0.987171 0.462022 
0.056891 0.006550 0.491768 
0.009780 0.009780 0.009780 0.970659 
0.250000 0.250000 0.250000 0.250000 
  79
0.484477 0.006279 0.046210 
0.458632 0.987171 0.462022 
0.056891 0.006550 0.491768 
0.009780 0.009780 0.073264 0.907175 
0.250000 0.250000 0.250000 0.250000 
  80
0.484477 0.006279 0.046210 
0.458632 0.987171 0.462022 
0.056891 0.006550 0.491768 
0.009780 0.009780 0.009780 0.970659 
0.250000 0.250000 0.250000 0.250000 
  81
0.484477 0.006279 0.046210 
0.458632 0.987171 0.462022 
0.056891 0.006550 0.491768 
0.009780 0.009780 0.970659 0.009780 
0.250000 0.250000 0.250000 0.250000 
  82
0.484477 0.006279 0.046210 
0.458632 0.987171 0.462022 
0.056891 0.006550 0.491768 
0.961332 0.016982 0.011906 0.009780 
0.250000 0.250000 0.250000 0.250000 
  83
0.484477 0.006279 0.046210 
0.458632 0.987171 0.462022 
0.056891 0.006550 0.491768 
0.970659 0.009780 0.009780 0.009780 
0.250000 0.250000 0.250000 0.250000 
  84
0.484477 0.006279 0.046210 
0.458632 0.987171 0.462022 
0.056891 0.006550 0.491768 
0.009780 0.009780 0.528603 0.451836 
0.250000 0.250000 0.250000 0.250000 
  85
0.484477 0.006279 0.046210 
0.458632 0.987171 0.462022 
0.056891 0.006550 0.491768 
0.014061 0.955342 0.009780 0.020816 
0.250000 0.250000 0.250000 0.250000 
  86
0.484477 0.006279 0.046210 
0.458632 0.987171 0.462022 
0.056891 0.006550 0.491768 
0.009780 0.970659 0.009780 0.009780 
0.250000 0.250000 0.250000 0.250000 
  87
0.484477 0.006279 0.046210 
0.458632 0.987171 0.462022 
0.056891 0.006550 0.491768 
0.009780 0.970659 0.009780 0.009780 
0.250000 0.250000 0.250000 0.250000 
  88
0.484477 0.006279 0.046210 
0.458632 0.987171 0.462022 
0.056891 0.006550 0.491768 
0.967650 0.012789 0.009780 0.009780 
0.250000 0.250000 0.250000 0.250000 
  89
0.484477 0.006279 0.046210 
0.458632 0.987171 0.462022 
0.056891 0.006550 0.491768 
0.009780 0.009780 0.011762 0.968677 
0.250000 0.250000 0.250000 0.250000 
  90
0.484477 0.006279 0.046210 
0.458632 0.987171 0.462022 
0.056891 0.006550 0.491768 
0.009780 0.009780 0.009780 0.970659 
0.250000 0.250000 0.250000 0.250000 
  91
0.484477 0.006279 0.046210 
0.458632 0.987171 0.462022 
0.056891 0.006550 0.491768 
0.009780 0.970659 0.009780 0.009780 
0.250000 0.250000 0.250000 0.250000 
  92
0.484477 0.006279 0.046210 
0.458632 0.987171 0.462022 
0.056891 0.006550 0.491768 
0.036162 0.942703 0.009780 0.011354 
0.250000 0.250000 0.250000 0.250000 
  93
0.484477 0.006279 0.046210 
0.458632 0.987171 0.462022 
0.056891 0.006550 0.491768 
0.011642 0.009780 0.056744 0.921833 
0.250000 0.250000 0.250000 0.250000 
  94
0.484477 0.006279 0.046210 
0.458632 0.987171 0.462022 
0.056891 0.006550 0.491768 
0.009780 0.009780 0.009780 0.970659 
0.250000 0.250000 0.250000 0.250000 
  95
0.484477 0.006279 0.046210 
0.458632 0.987171 0.462022 
0.056891 0.006550 0.491768 
0.009780 0.009780 0.009780 0.970659 
0.250000 0.250000 0.250000 0.250000 
  96
0.484477 0.006279 0.046210 
0.458632 0.987171 0.462022 
0.056891 0.006550 0.491768 
0.009780 0.009780 0.009780 0.970659 
0.250000 0.250000 0.250000 0.250000 
  97
0.484477 0.006279 0.046210 
0.458632 0.987171 0.462022 
0.056891 0.006550 0.491768 
0.016430 0.964009 0.009780 0.009780 
0.250000 0.250000 0.250000 0.250000 
  98
0.484477 0.006279 0.046210 
0.458632 0.987171 0.462022 
0.056891 0.006550 0.491768 
0.009780 0.011426 0.009780 0.969013 
0.250000 0.250000 0.250000 0.250000 
  99
0.484477 0.006279 0.046210 
0.458632 0.987171 0.462022 
0.056891 0.006550 0.491768 
0.009780 0.009780 0.009780 0.970659 
0.250000 0.250000 0.250000 0.250000 
 100
0.484477 0.006279 0.046210 
0.458632 0.987171 0.462022 
0.056891 0.006550 0.491768 
0.009780 0.009780 0.009780 0.970659 
0.250000 0.250000 0.250000 0.250000 
 101
0.484477 0.006279 0.046210 
0.458632 0.987171 0.462022 
0.056891 0.006550 0.491768 
0.009780 0.009780 0.009780 0.970659 
0.250000 0.250000 0.250000 0.250000 
 102
0.484477 0.006279 0.046210 
0.458632 0.987171 0.462022 
0.056891 0.006550 0.491768 
0.009780 0.009780 0.009780 0.970659 
0.250000 0.250000 0.250000 0.250000 
 103
0.484477 0.006279 0.046210 
0.458632 0.987171 0.462022 
0.056891 0.006550 0.491768 
0.011377 0.969062 0.009780 0.009780 
0.250000 0.250000 0.250000 0.250000 
 104
0.484477 0.006279 0.046210 
0.458632 0.987171 0.462022 
0.056891 0.006550 0.491768 
0.009780 0.009780 0.009780 0.970659 
0.250000 0.250000 0.250000 0.250000 
 105
0.484477 0.006279 0.046210 
0.458632 0.987171 0.462022 
0.056891 0.006550 0.491768 
0.009780 0.009780 0.970659 0.009780 
0.250000 0.250000 0.250000 0.250000 
 106
0.484477 0.006279 0.046210 
0.458632 0.987171 0.462022 
0.056891 0.006550 0.491768 
0.009780 0.009780 0.009780 0.970659 
0.250000 0.250000 0.250000 0.250000 
 107
0.484477 0.006279 0.046210 
0.458632 0.987171 0.462022 
0.056891 0.006550 0.491768 
0.009780 0.970659 0.009780 0.009780 
0.250000 0.250000 0.250000 0.250000 
 108
0.484477 0.006279 0.046210 
0.458632 0.987171 0.462022 
0.056891 0.006550 0.491768 
0.970659 0.009780 0.009780 0.009780 
0.250000 0.250000 0.250000 0.250000 
 109
0.484477 0.006279 0.046210 
0.458632 0.987171 0.462022 
0.056891 0.006550 0.491768 
0.009780 0.009780 0.013218 0.967222 
0.250000 0.250000 0.250000 0.250000 
 110
0.484477 0.006279 0.046210 
0.458632 0.987171 0.462022 
0.056891 0.006550 0.491768 
0.970659 0.009780 0.009780 0.009780 
0.250000 0.250000 0.250000 0.250000 
 111
0.484477 0.006279 0.046210 
0.458632 0.987171 0.462022 
0.056891 0.006550 0.491768 
0.009780 0.009780 0.009780 0.970659 
0.250000 0.250000 0.250000 0.250000 
 112
0.484477 0.006279 0.046210 
0.458632 0.987171 0.462022 
0.056891 0.006550 0.491768 
0.009780 0.009780 0.009780 0.970659 
0.250000 0.250000 0.250000 0.250000 
 113
0.484477 0.006279 0.046210 
0.458632 0.987171 0.462022 
0.056891 0.006550 0.491768 
0.009780 0.009780 0.009780 0.970659 
0.250000 0.250000 0.250000 0.250000 
 114
0.484477 0.006279 0.046210 
0.458632 0.987171 0.462022 
0.056891 0.006550 0.491768 
0.009780 0.970659 0.009780 0.009780 
0.250000 0.250000 0.250000 0.250000 
 115
0.484477 0.006279 0.046210 
0.458632 0.987171 0.462022 
0.056891 0.006550 0.491768 
0.951802 0.028637 0.009780 0.009780 
0.250000 0.250000 0.250000 0.250000 
 116
0.484477 0.006279 0.046210 
0.458632 0.987171 0.462022 
0.056891 0.006550 0.491768 
0.970659 0.009780 0.009780 0.009780 
0.250000 0.250000 0.250000 0.250000 
 117
0.484477 0.006279 0.046210 
0.458632 0.987171 0.462022 
0.056891 0.006550 0.491768 
0.970659 0.009780 0.009780 0.009780 
0.250000 0.250000 0.250000 0.250000 
 118
0.484477 0.006279 0.046210 
0.458632 0.987171 0.462022 
0.056891 0.006550 0.491768 
0.009780 0.009780 0.970659 0.009780 
0.250000 0.250000 0.250000 0.250000 
 119
0.484477 0.006279 0.046210 
0.458632 0.987171 0.462022 
0.056891 0.006550 0.491768 
0.970659 0.009780 0.009780 0.009780 
0.250000 0.250000 0.250000 0.250000 
 120
0.484477 0.006279 0.046210 
0.458632 0.987171 0.462022 
0.056891 0.006550 0.491768 
0.009780 0.009780 0.009780 0.970659 
0.250000 0.250000 0.250000 0.250000 
 121
0.484477 0.006279 0.046210 
0.458632 0.987171 0.462022 
0.056891 0.006550 0.491768 
0.009780 0.009780 0.011641 0.968798 
0.250000 0.250000 0.250000 0.250000 
 122
0.484477 0.006279 0.046210 
0.458632 0.987171 0.462022 
0.056891 0.006550 0.491768 
0.009780 0.009780 0.011641 0.968798 
0.250000 0.250000 0.250000 0.250000 
 123
0.484477 0.006279 0.046210 
0.458632 0.987171 0.462022 
0.056891 0.006550 0.491768 
0.009780 0.009780 0.009780 0.970659 
0.250000 0.250000 0.250000 0.250000 
 124
0.484477 0.006279 0.046210 
0.458632 0.987171 0.462022 
0.056891 0.006550 0.491768 
0.009780 0.009780 0.970659 0.009780 
0.250000 0.250000 0.250000 0.250000 
 125
0.484477 0.006279 0.046210 
0.458632 0.987171 0.462022 
0.056891 0.006550 0.491768 
0.009780 0.009780 0.056678 0.923762 
0.250000 0.250000 0.250000 0.250000 
 126
0.484477 0.006279 0.046210 
0.458632 0.987171 0.462022 
0.056891 0.006550 0.491768 
0.009780 0.009780 0.009780 0.970659 
0.250000 0.250000 0.250000 0.250000 
 127
0.484477 0.006279 0.046210 
0.458632 0.987171 0.462022 
0.056891 0.006550 0.491768 
0.009780 0.009780 0.964120 0.016319 
0.250000 0.250000 0.250000 0.250000 
 128
0.484477 0.006279 0.046210 
0.458632 0.987171 0.462022 
0.056891 0.006550 0.491768 
0.009780 0.009780 0.970659 0.009780 
0.250000 0.250000 0.250000 0.250000 
 129
0.484477 0.006279 0.046210 
0.458632 0.987171 0.462022 
0.056891 0.006550 0.491768 
0.009780 0.009780 0.970659 0.009780 
0.250000 0.250000 0.250000 0.250000 
 130
0.484477 0.006279 0.046210 
0.458632 0.987171 0.462022 
0.056891 0.006550 0.491768 
0.953814 0.026626 0.009780 0.009780 
0.250000 0.250000 0.250000 0.250000 
 131
0.484477 0.006279 0.046210 
0.458632 0.987171 0.462022 
0.056891 0.006550 0.491768 
0.970659 0.009780 0.009780 0.009780 
0.250000 0.250000 0.250000 0.250000 
 132
0.484477 0.006279 0.046210 
0.458632 0.987171 0.462022 
0.056891 0.006550 0.491768 
0.009780 0.009780 0.011873 0.968566 
0.250000 0.250000 0.250000 0.250000 
 133
0.484477 0.006279 0.046210 
0.458632 0.987171 0.462022 
0.056891 0.006550 0.491768 
0.063650 0.916789 0.009780 0.009780 
0.250000 0.250000 0.250000 0.250000 
 134
0.484477 0.006279 0.046210 
0.458632 0.987171 0.462022 
0.056891 0.006550 0.491768 
0.970659 0.009780 0.009780 0.009780 
0.250000 0.250000 0.250000 0.250000 
 135
0.484477 0.006279 0.046210 
0.458632 0.987171 0.462022 
0.056891 0.006550 0.491768 
0.968859 0.011580 0.009780 0.009780 
0.250000 0.250000 0.250000 0.250000 
 136
0.484477 0.006279 0.046210 
0.458632 0.987171 0.462022 
0.056891 0.006550 0.491768 
0.963593 0.015254 0.011372 0.009780 
0.250000 0.250000 0.250000 0.250000 
 137
0.484477 0.006279 0.046210 
0.458632 0.987171 0.462022 
0.056891 0.006550 0.491768 
0.009780 0.970659 0.009780 0.009780 
0.250000 0.250000 0.250000 0.250000 
 138
0.484477 0.006279 0.046210 
0.458632 0.987171 0.462022 
0.056891 0.006550 0.491768 
0.009780 0.009780 0.970659 0.009780 
0.250000 0.250000 0.250000 0.250000 
 139
0.484477 0.006279 0.046210 
0.458632 0.987171 0.462022 
0.056891 0.006550 0.491768 
0.969009 0.011430 0.009780 0.009780 
0.250000 0.250000 0.250000 0.250000 
 140
0.484477 0.006279 0.046210 
0.458632 0.987171 0.462022 
0.056891 0.006550 0.491768 
0.009780 0.009780 0.015563 0.964876 
0.250000 0.250000 0.250000 0.250000 
 141
0.484477 0.006279 0.046210 
0.458632 0.987171 0.462022 
0.056891 0.006550 0.491768 
0.009780 0.009780 0.012631 0.967808 
0.250000 0.250000 0.250000 0.250000 
 142
0.484477 0.006279 0.046210 
0.458632 0.987171 0.462022 
0.056891 0.006550 0.491768 
0.009780 0.009780 0.067296 0.913143 
0.250000 0.250000 0.250000 0.250000 
 143
0.484477 0.006279 0.046210 
0.458632 0.987171 0.462022 
0.056891 0.006550 0.491768 
0.009780 0.009780 0.970659 0.009780 
0.250000 0.250000 0.250000 0.250000 
 144
0.484477 0.006279 0.046210 
0.458632 0.987171 0.462022 
0.056891 0.006550 0.491768 
0.009780 0.009780 0.970659 0.009780 
0.250000 0.250000 0.250000 0.250000 
 145
0.484477 0.006279 0.046210 
0.458632 0.987171 0.462022 
0.056891 0.006550 0.491768 
0.966712 0.013727 0.009780 0.009780 
0.250000 0.250000 0.250000 0.250000 
 146
0.484477 0.006279 0.046210 
0.458632 0.987171 0.462022 
0.056891 0.006550 0.491768 
0.009780 0.009780 0.599810 0.380629 
0.250000 0.250000 0.250000 0.250000 
 147
0.484477 0.006279 0.046210 
0.458632 0.987171 0.462022 
0.056891 0.006550 0.491768 
0.009780 0.009780 0.011650 0.968789 
0.250000 0.250000 0.250000 0.250000 
 148
0.484477 0.006279 0.046210 
0.458632 0.987171 0.462022 
0.056891 0.006550 0.491768 
0.011366 0.969073 0.009780 0.009780 
0.250000 0.250000 0.250000 0.250000 
 149
0.484477 0.006279 0.046210 
0.458632 0.987171 0.462022 
0.056891 0.006550 0.491768 
0.011620 0.968819 0.009780 0.009780 
0.250000 0.250000 0.250000 0.250000 
 150
0.484477 0.006279 0.046210 
0.458632 0.987171 0.462022 
0.056891 0.006550 0.491768 
0.009780 0.009780 0.011996 0.968443 
0.250000 0.250000 0.250000 0.250000 
 151
0.484477 0.006279 0.046210 
0.458632 0.987171 0.462022 
0.056891 0.006550 0.491768 
0.009780 0.009780 0.011408 0.969031 
0.250000 0.250000 0.250000 0.250000 
 152
0.484477 0.006279 0.046210 
0.458632 0.987171 0.462022 
0.056891 0.006550 0.491768 
0.009780 0.009780 0.012975 0.967464 
0.250000 0.250000 0.250000 0.250000 
 153
0.484477 0.006279 0.046210 
0.458632 0.987171 0.462022 
0.056891 0.006550 0.491768 
0.009780 0.009780 0.009780 0.970659 
0.250000 0.250000 0.250000 0.250000 
 154
0.484477 0.006279 0.046210 
0.458632 0.987171 0.462022 
0.056891 0.006550 0.491768 
0.009780 0.009780 0.968620 0.011819 
0.250000 0.250000 0.250000 0.250000 
 155
0.484477 0.006279 0.046210 
0.458632 0.987171 0.462022 
0.056891 0.006550 0.491768 
0.009780 0.009780 0.009780 0.970659 
0.250000 0.250000 0.250000 0.250000 
 156
0.484477 0.006279 0.046210 
0.458632 0.987171 0.462022 
0.056891 0.006550 0.491768 
0.009780 0.009780 0.009780 0.970659 
0.250000 0.250000 0.250000 0.250000 
 157
0.484477 0.006279 0.046210 
0.458632 0.987171 0.462022 
0.056891 0.006550 0.491768 
0.943590 0.013279 0.009780 0.033350 
0.250000 0.250000 0.250000 0.250000 
 158
0.484477 0.006279 0.046210 
0.458632 0.987171 0.462022 
0.056891 0.006550 0.491768 
0.011430 0.969009 0.009780 0.009780 
0.250000 0.250000 0.250000 0.250000 
 159
0.484477 0.006279 0.046210 
0.458632 0.987171 0.462022 
0.056891 0.006550 0.491768 
0.009780 0.009780 0.965990 0.014449 
0.250000 0.250000 0.250000 0.250000 
 160
0.484477 0.006279 0.046210 
0.458632 0.987171 0.462022 
0.056891 0.006550 0.491768 
0.009780 0.009780 0.968838 0.011601 
0.250000 0.250000 0.250000 0.250000 
 161
0.484477 0.006279 0.046210 
0.458632 0.987171 0.462022 
0.056891 0.006550 0.491768 
0.968695 0.011744 0.009780 0.009780 
0.250000 0.250000 0.250000 0.250000 
 162
0.484477 0.006279 0.046210 
0.458632 0.987171 0.462022 
0.056891 0.006550 0.491768 
0.009780 0.009780 0.009780 0.970659 
0.250000 0.250000 0.250000 0.250000 
 163
0.484477 0.006279 0.046210 
0.458632 0.987171 0.462022 
0.056891 0.006550 0.491768 
0.011542 0.009780 0.022352 0.956325 
0.250000 0.250000 0.250000 0.250000 
 164
0.484477 0.006279 0.046210 
0.458632 0.987171 0.462022 
0.056891 0.006550 0.491768 
0.011740 0.968699 0.009780 0.009780 
0.250000 0.250000 0.250000 0.250000 
 165
0.484477 0.006279 0.046210 
0.458632 0.987171 0.462022 
0.056891 0.006550 0.491768 
0.970659 0.009780 0.009780 0.009780 
0.250000 0.250000 0.250000 0.250000 
 166
0.484477 0.006279 0.046210 
0.458632 0.987171 0.462022 
0.056891 0.006550 0.491768 
0.085588 0.894851 0.009780 0.009780 
0.250000 0.250000 0.250000 0.250000 
 167
0.484477 0.006279 0.046210 
0.458632 0.987171 0.462022 
0.056891 0.006550 0.491768 
0.009780 0.009780 0.009780 0.970659 
0.250000 0.250000 0.250000 0.250000 
 168
0.484477 0.006279 0.046210 
0.458632 0.987171 0.462022 
0.056891 0.006550 0.491768 
0.009780 0.009780 0.970659 0.009780 
0.250000 0.250000 0.250000 0.250000 
 169
0.484477 0.006279 0.046210 
0.458632 0.987171 0.462022 
0.056891 0.006550 0.491768 
0.970659 0.009780 0.009780 0.009780 
0.250000 0.250000 0.250000 0.250000 
 170
0.484477 0.006279 0.046210 
0.458632 0.987171 0.462022 
0.056891 0.006550 0.491768 
0.009780 0.009780 0.009780 0.970659 
0.250000 0.250000 0.250000 0.250000 
 171
0.484477 0.006279 0.046210 
0.458632 0.987171 0.462022 
0.056891 0.006550 0.491768 
0.009780 0.009780 0.009780 0.970659 
0.250000 0.250000 0.250000 0.250000 
 172
0.484477 0.006279 0.046210 
0.458632 0.987171 0.462022 
0.056891 0.006550 0.491768 
0.009780 0.009780 0.970659 0.009780 
0.250000 0.250000 0.250000 0.250000 
 173
0.484477 0.006279 0.046210 
0.458632 0.987171 0.462022 
0.056891 0.006550 0.491768 
0.970659 0.009780 0.009780 0.009780 
0.250000 0.250000 0.250000 0.250000 
 174
0.484477 0.006279 0.046210 
0.458632 0.987171 0.462022 
0.056891 0.006550 0.491768 
0.009780 0.009780 0.009780 0.970659 
0.250000 0.250000 0.250000 0.250000 
 175
0.484477 0.006279 0.046210 
0.458632 0.987171 0.462022 
0.056891 0.006550 0.491768 
0.009780 0.009780 0.970659 0.009780 
0.250000 0.250000 0.250000 0.250000 
 176
0.484477 0.006279 0.046210 
0.458632 0.987171 0.462022 
0.056891 0.006550 0.491768 
0.970659 0.009780 0.009780 0.009780 
0.250000 0.250000 0.250000 0.250000 
 177
0.484477 0.006279 0.046210 
0.458632 0.987171 0.462022 
0.056891 0.006550 0.491768 
0.009780 0.009780 0.009780 0.970659 
0.250000 0.250000 0.250000 0.250000 
 178
0.484477 0.006279 0.046210 
0.458632 0.987171 0.462022 
0.056891 0.006550 0.491768 
0.009780 0.009780 0.929209 0.051230 
0.250000 0.250000 0.250000 0.250000 
 179
0.484477 0.006279 0.046210 
0.458632 0.987171 0.462022 
0.056891 0.006550 0.491768 
0.009780 0.009780 0.011580 0.968859 
0.250000 0.250000 0.250000 0.250000 
 180
0.484477 0.006279 0.046210 
0.458632 0.987171 0.462022 
0.056891 0.006550 0.491768 
0.009780 0.009780 0.009780 0.970659 
0.250000 0.250000 0.250000 0.250000 
 181
0.484477 0.006279 0.046210 
0.458632 0.987171 0.462022 
0.056891 0.006550 0.491768 
0.017899 0.959544 0.009780 0.012777 
0.250000 0.250000 0.250000 0.250000 
 182
0.484477 0.006279 0.046210 
0.458632 0.987171 0.462022 
0.056891 0.006550 0.491768 
0.970659 0.009780 0.009780 0.009780 
0.250000 0.250000 0.250000 0.250000 
 183
0.484477 0.006279 0.046210 
0.458632 0.987171 0.462022 
0.056891 0.006550 0.491768 
0.009780 0.970659 0.009780 0.009780 
0.250000 0.250000 0.250000 0.250000 
 184
0.484477 0.006279 0.046210 
0.458632 0.987171 0.462022 
0.056891 0.006550 0.491768 
0.009780 0.009780 0.012308 0.968131 
0.250000 0.250000 0.250000 0.250000 
 185
0.484477 0.006279 0.046210 
0.458632 0.987171 0.462022 
0.056891 0.006550 0.491768 
0.970659 0.009780 0.009780 0.009780 
0.250000 0.250000 0.250000 0.250000 
 186
0.484477 0.006279 0.046210 
0.458632 0.987171 0.462022 
0.056891 0.006550 0.491768 
0.036156 0.942670 0.009794 0.011379 
0.250000 0.250000 0.250000 0.250000 
 187
0.484477 0.006279 0.046210 
0.458632 0.987171 0.462022 
0.056891 0.006550 0.491768 
0.948152 0.032287 0.009780 0.009780 
0.250000 0.250000 0.250000 0.250000 
 188
0.484477 0.006279 0.046210 
0.458632 0.987171 0.462022 
0.056891 0.006550 0.491768 
0.009780 0.009780 0.013214 0.967225 
0.250000 0.250000 0.250000 0.250000 
 189
0.484477 0.006279 0.046210 
0.458632 0.987171 0.462022 
0.056891 0.006550 0.491768 
0.009780 0.009780 0.009780 0.970659 
0.250000 0.250000 0.250000 0.250000 
 190
0.484477 0.006279 0.046210 
0.458632 0.987171 0.462022 
0.056891 0.006550 0.491768 
0.009780 0.009780 0.027410 0.953029 
0.250000 0.250000 0.250000 0.250000 
 191
0.484477 0.006279 0.046210 
0.458632 0.987171 0.462022 
0.056891 0.006550 0.491768 
0.009780 0.009780 0.970659 0.009780 
0.250000 0.250000 0.250000 0.250000 
 192
0.484477 0.006279 0.046210 
0.458632 0.987171 0.462022 
0.056891 0.006550 0.491768 
0.009780 0.009780 0.970659 0.009780 
0.250000 0.250000 0.250000 0.250000 
 193
0.484477 0.006279 0.046210 
0.458632 0.987171 0.462022 
0.056891 0.006550 0.491768 
0.009780 0.009780 0.015898 0.964541 
0.250000 0.250000 0.250000 0.250000 
 194
0.484477 0.006279 0.046210 
0.458632 0.987171 0.462022 
0.056891 0.006550 0.491768 
0.009780 0.009780 0.009780 0.970659 
0.250000 0.250000 0.250000 0.250000 
 195
0.484477 0.006279 0.046210 
0.458632 0.987171 0.462022 
0.056891 0.006550 0.491768 
0.009780 0.009780 0.009780 0.970659 
0.250000 0.250000 0.250000 0.250000 
 196
0.484477 0.006279 0.046210 
0.458632 0.987171 0.462022 
0.056891 0.006550 0.491768 
0.013273 0.952201 0.009780 0.024745 
0.250000 0.250000 0.250000 0.250000 
 197
0.484477 0.006279 0.046210 
0.458632 0.987171 0.462022 
0.056891 0.006550 0.491768 
0.970659 0.009780 0.009780 0.009780 
0.250000 0.250000 0.250000 0.250000 
 198
0.484477 0.006279 0.046210 
0.458632 0.987171 0.462022 
0.056891 0.006550 0.491768 
0.009780 0.009780 0.968866 0.011573 
0.250000 0.250000 0.250000 0.250000 
 199
0.484477 0.006279 0.046210 
0.458632 0.987171 0.462022 
0.056891 0.006550 0.491768 
0.950479 0.029960 0.009780 0.009780 
0.250000 0.250000 0.250000 0.250000 
 200
0.484477 0.006279 0.046210 
0.458632 0.987171 0.462022 
0.056891 0.006550 0.491768 
0.009780 0.009780 0.009780 0.970659 
0.250000 0.250000 0.250000 0.250000 
 201
0.484477 0.006279 0.046210 
0.458632 0.987171 0.462022 
0.056891 0.006550 0.491768 
0.009780 0.009780 0.970659 0.009780 
0.250000 0.250000 0.250000 0.250000 
 202
0.484477 0.006279 0.046210 
0.458632 0.987171 0.462022 
0.056891 0.006550 0.491768 
0.009780 0.009780 0.009780 0.970659 
0.250000 0.250000 0.250000 0.250000 
 203
0.484477 0.006279 0.046210 
0.458632 0.987171 0.462022 
0.056891 0.006550 0.491768 
0.009780 0.970659 0.009780 0.009780 
0.250000 0.250000 0.250000 0.250000 
 204
0.484477 0.006279 0.046210 
0.458632 0.987171 0.462022 
0.056891 0.006550 0.491768 
0.009780 0.009780 0.970659 0.009780 
0.250000 0.250000 0.250000 0.250000 
 205
0.484477 0.006279 0.046210 
0.458632 0.987171 0.462022 
0.056891 0.006550 0.491768 
0.967018 0.013422 0.009780 0.009780 
0.250000 0.250000 0.250000 0.250000 
 206
0.484477 0.006279 0.046210 
0.458632 0.987171 0.462022 
0.056891 0.006550 0.491768 
0.009780 0.009780 0.009780 0.970659 
0.250000 0.250000 0.250000 0.250000 
 207
0.484477 0.006279 0.046210 
0.458632 0.987171 0.462022 
0.056891 0.006550 0.491768 
0.009780 0.009780 0.970659 0.009780 
0.250000 0.250000 0.250000 0.250000 
 208
0.484477 0.006279 0.046210 
0.458632 0.987171 0.462022 
0.056891 0.006550 0.491768 
0.958914 0.021525 0.009780 0.009780 
0.250000 0.250000 0.250000 0.250000 
 209
0.484477 0.006279 0.046210 
0.458632 0.987171 0.462022 
0.056891 0.006550 0.491768 
0.009780 0.009780 0.970659 0.009780 
0.250000 0.250000 0.250000 0.250000 
 210
0.484477 0.006279 0.046210 
0.458632 0.987171 0.462022 
0.056891 0.006550 0.491768 
0.009780 0.970659 0.009780 0.009780 
0.250000 0.250000 0.250000 0.250000 
 211
0.484477 0.006279 0.046210 
0.458632 0.987171 0.462022 
0.056891 0.006550 0.491768 
0.009780 0.009780 0.036800 0.943639 
0.250000 0.250000 0.250000 0.250000 
 212
0.484477 0.006279 0.046210 
0.458632 0.987171 0.462022 
0.056891 0.006550 0.491768 
0.009780 0.009780 0.970659 0.009780 
0.250000 0.250000 0.250000 0.250000 
 213
0.484477 0.006279 0.046210 
0.458632 0.987171 0.462022 
0.056891 0.006550 0.491768 
0.009780 0.009780 0.970659 0.009780 
0.250000 0.250000 0.250000 0.250000 
 214
0.475519 0.006279 0.046210 
0.467590 0.987171 0.462022 
0.057405 0.006545 0.491768 
0.009767 0.009767 0.910113 0.070354 
0.250000 0.250000 0.250000 0.250000 
 215
0.479817 0.006273 0.046210 
0.462778 0.987182 0.462022 
0.057405 0.006545 0.491768 
0.009767 0.009767 0.009767 0.970699 
0.250000 0.250000 0.250000 0.250000 
 216
0.479817 0.006273 0.046210 
0.462778 0.987182 0.462022 
0.057405 0.006545 0.491768 
0.009767 0.009767 0.970699 0.009767 
0.250000 0.250000 0.250000 0.250000 
 217
0.479817 0.006273 0.046210 
0.462778 0.987182 0.462022 
0.057405 0.006545 0.491768 
0.954881 0.025586 0.009767 0.009767 
0.250000 0.250000 0.250000 0.250000 
 218
0.479817 0.006273 0.046210 
0.462778 0.987182 0.462022 
0.057405 0.006545 0.491768 
0.970699 0.009767 0.009767 0.009767 
0.250000 0.250000 0.250000 0.250000 
 219
0.479817 0.006273 0.046210 
0.462778 0.987182 0.462022 
0.057405 0.006545 0.491768 
0.009767 0.009767 0.069164 0.911303 
0.250000 0.250000 0.250000 0.250000 
 220
0.479817 0.006273 0.046210 
0.462778 0.987182 0.462022 
0.057405 0.006545 0.491768 
0.931906 0.048560 0.009767 0.009767 
0.250000 0.250000 0.250000 0.250000 
 221
0.479817 0.006273 0.046210 
0.462778 0.987182 0.462022 
0.057405 0.006545 0.491768 
0.009767 0.009767 0.009767 0.970699 
0.250000 0.250000 0.250000 0.250000 
 222
0.479817 0.006273 0.046210 
0.462778 0.987182 0.462022 
0.057405 0.006545 0.491768 
0.009767 0.009767 0.009767 0.970699 
0.250000 0.250000 0.250000 0.250000 
 223
0.479817 0.006273 0.046210 
0.462778 0.987182 0.462022 
0.057405 0.006545 0.491768 
0.009767 0.009767 0.970699 0.009767 
0.250000 0.250000 0.250000 0.250000 
 224
0.479817 0.006273 0.046210 
0.462778 0.987182 0.462022 
0.057405 0.006545 0.491768 
0.970699 0.009767 0.009767 0.009767 
0.250000 0.250000 0.250000 0.250000 
 225
0.479817 0.006273 0.046210 
0.462778 0.987182 0.462022 
0.057405 0.006545 0.491768 
0.009767 0.009767 0.009767 0.970699 
0.250000 0.250000 0.250000 0.250000 
 226
0.479817 0.006273 0.046210 
0.462778 0.987182 0.462022 
0.057405 0.006545 0.491768 
0.009767 0.009767 0.019956 0.960510 
0.250000 0.250000 0.250000 0.250000 
 227
0.479817 0.006273 0.046210 
0.462778 0.987182 0.462022 
0.057405 0.006545 0.491768 
0.009767 0.970699 0.009767 0.009767 
0.250000 0.250000 0.250000 0.250000 
 228
0.479817 0.006273 0.046210 
0.462778 0.987182 0.462022 
0.057405 0.006545 0.491768 
0.963990 0.009767 0.016476 0.009767 
0.250000 0.250000 0.250000 0.250000 
 229
0.479817 0.006273 0.046210 
0.462778 0.987182 0.462022 
0.057405 0.006545 0.491768 
0.015175 0.009767 0.958346 0.016713 
0.250000 0.250000 0.250000 0.250000 
 230
0.479817 0.006273 0.046210 
0.462778 0.987182 0.462022 
0.057405 0.006545 0.491768 
0.970699 0.009767 0.009767 0.009767 
0.250000 0.250000 0.250000 0.250000 
 231
0.479817 0.006273 0.046210 
0.462778 0.987182 0.462022 
0.057405 0.006545 0.491768 
0.012799 0.967667 0.009767 0.009767 
0.250000 0.250000 0.250000 0.250000 
 232
0.479817 0.006273 0.046210 
0.462778 0.987182 0.462022 
0.057405 0.006545 0.491768 
0.009767 0.009767 0.970699 0.009767 
0.250000 0.250000 0.250000 0.250000 
 233
0.479817 0.006273 0.046210 
0.462778 0.987182 0.462022 
0.057405 0.006545 0.491768 
0.970699 0.009767 0.009767 0.009767 
0.250000 0.250000 0.250000 0.250000 
 234
0.479817 0.006273 0.046210 
0.462778 0.987182 0.462022 
0.057405 0.006545 0.491768 
0.009767 0.009767 0.009767 0.970699 
0.250000 0.250000 0.250000 0.250000 
 235
0.479817 0.006273 0.046210 
0.462778 0.987182 0.462022 
0.057405 0.006545 0.491768 
0.009780 0.009780 0.020961 0.959480 
0.250000 0.250000 0.250000 0.250000 
 236
0.479817 0.006273 0.046210 
0.462778 0.987182 0.462022 
0.057405 0.006545 0.491768 
