%  SAM: modelfromalign v3.5 (July 15, 2005) compiled 03/03/09_11:47:37
%  (c) 1992-2001 Regents of the University of California, Santa Cruz
%
%          Sequence Alignment and Modeling Software System
%         http://www.cse.ucsc.edu/research/compbio/sam.html
%
% ----------------- Citations (SAM, SAM-T2K, HMMs) --------------------
% R. Hughey, A. Krogh, Hidden Markov models for sequence analysis:
%  Extension and analysis of the basic method, CABIOS 12:95-107, 1996.
% K. Karplus, et al., What is the value added by human intervention in protein
%  structure prediction, Proteins: Stucture, Function, Genetics 45(S5):86--91, 2001.
% A. Krogh et al., Hidden Markov models in computational biology:
%  Applications to protein modeling, JMB 235:1501-1531, Feb 1994.
% ---------------------------------------------------------------------
%  B_PA_hmm   Host: m222714.cdc.gov    Wed May 21 18:10:11 2014
%  vfn4       Dir:  /Volumes/gf_atl_2012/Genotyping/IRMA/segments/PA
% ---------------------------------------------------------------------
%  Alignment weights from internal calc.  Total (24.72) Max (0.13) Min (0.03)
%  Weights from alignment method 1 (karplus), b=-1.000000, e=0.500000
MODEL --  Model from alignment file rev/B_PA.fasta
alphabet DNA
FREQAVE
0.000000 0.000000 0.000000 
0.000000 0.000000 0.000000 
0.000000 0.000000 0.000000 
0.240545 0.154376 0.231762 0.373317 
0.240545 0.154376 0.231762 0.373317 
Begin
0.000000 0.000000 0.000000 
0.000000 0.000000 0.000000 
0.000000 0.006525 0.491768 
0.250000 0.250000 0.250000 0.250000 
0.250000 0.250000 0.250000 0.250000 
   1
0.000000 0.036610 0.046210 
0.000000 0.956865 0.462022 
0.043667 0.006729 0.491768 
0.010212 0.010212 0.013402 0.966174 
0.250000 0.250000 0.250000 0.250000 
   2
0.604308 0.007711 0.046210 
0.352025 0.985560 0.462022 
0.043250 0.006738 0.491768 
0.010421 0.010421 0.099659 0.879498 
0.250000 0.250000 0.250000 0.250000 
   3
0.572168 0.006459 0.046210 
0.384582 0.986804 0.462022 
0.044861 0.006706 0.491768 
0.969535 0.010155 0.010155 0.010155 
0.250000 0.250000 0.250000 0.250000 
   4
0.593484 0.006428 0.046210 
0.361654 0.986866 0.462022 
0.044861 0.006706 0.491768 
0.010155 0.010155 0.010155 0.969535 
0.250000 0.250000 0.250000 0.250000 
   5
0.593484 0.006428 0.046210 
0.361654 0.986866 0.462022 
0.044861 0.006706 0.491768 
0.010155 0.010155 0.010155 0.969535 
0.250000 0.250000 0.250000 0.250000 
   6
0.593484 0.006428 0.046210 
0.361654 0.986866 0.462022 
0.044861 0.006706 0.491768 
0.010155 0.010155 0.969535 0.010155 
0.250000 0.250000 0.250000 0.250000 
   7
0.593484 0.006428 0.046210 
0.361654 0.986866 0.462022 
0.044861 0.006706 0.491768 
0.969535 0.010155 0.010155 0.010155 
0.250000 0.250000 0.250000 0.250000 
   8
0.593484 0.006428 0.046210 
0.361654 0.986866 0.462022 
0.044861 0.006706 0.491768 
0.010155 0.010155 0.010155 0.969535 
0.250000 0.250000 0.250000 0.250000 
   9
0.593484 0.006428 0.046210 
0.361654 0.986866 0.462022 
0.044861 0.006706 0.491768 
0.010155 0.010155 0.967745 0.011945 
0.250000 0.250000 0.250000 0.250000 
  10
0.593484 0.006428 0.046210 
0.361654 0.986866 0.462022 
0.044861 0.006706 0.491768 
0.010155 0.010155 0.969535 0.010155 
0.250000 0.250000 0.250000 0.250000 
  11
0.593484 0.006428 0.046210 
0.361654 0.986866 0.462022 
0.044861 0.006706 0.491768 
0.969535 0.010155 0.010155 0.010155 
0.250000 0.250000 0.250000 0.250000 
  12
0.585056 0.006428 0.046210 
0.370083 0.986866 0.462022 
0.045243 0.006699 0.491768 
0.010137 0.010137 0.010137 0.969588 
0.250000 0.250000 0.250000 0.250000 
  13
0.581745 0.006421 0.046210 
0.373012 0.986880 0.462022 
0.045621 0.006692 0.491768 
0.010120 0.010120 0.013104 0.966655 
0.250000 0.250000 0.250000 0.250000 
  14
0.586604 0.006415 0.046210 
0.367775 0.986894 0.462022 
0.045621 0.006692 0.491768 
0.969639 0.010120 0.010120 0.010120 
0.250000 0.250000 0.250000 0.250000 
  15
0.586604 0.006415 0.046210 
0.367775 0.986894 0.462022 
0.045621 0.006692 0.491768 
0.010305 0.010305 0.013852 0.965538 
0.250000 0.250000 0.250000 0.250000 
  16
0.586604 0.006415 0.046210 
0.367775 0.986894 0.462022 
0.045621 0.006692 0.491768 
0.010120 0.010120 0.011924 0.967835 
0.250000 0.250000 0.250000 0.250000 
  17
0.586604 0.006415 0.046210 
0.367775 0.986894 0.462022 
0.045621 0.006692 0.491768 
0.010120 0.010120 0.010120 0.969639 
0.250000 0.250000 0.250000 0.250000 
  18
0.586604 0.006415 0.046210 
0.367775 0.986894 0.462022 
0.045621 0.006692 0.491768 
0.010120 0.010120 0.969639 0.010120 
0.250000 0.250000 0.250000 0.250000 
  19
0.570535 0.006415 0.046210 
0.383844 0.986894 0.462022 
0.046366 0.006679 0.491768 
0.968135 0.011689 0.010088 0.010088 
0.250000 0.250000 0.250000 0.250000 
  20
0.571820 0.006402 0.046210 
0.381814 0.986920 0.462022 
0.046741 0.006672 0.491768 
0.010072 0.010072 0.010072 0.969784 
0.250000 0.250000 0.250000 0.250000 
  21
0.576451 0.006395 0.046210 
0.376808 0.986933 0.462022 
0.046741 0.006672 0.491768 
0.010072 0.010072 0.969784 0.010072 
0.250000 0.250000 0.250000 0.250000 
  22
0.568269 0.006395 0.046210 
0.384990 0.986933 0.462022 
0.047127 0.006665 0.491768 
0.010070 0.010070 0.460942 0.518917 
0.250000 0.250000 0.250000 0.250000 
  23
0.557432 0.006389 0.046210 
0.395442 0.986946 0.462022 
0.047870 0.006653 0.491768 
0.969922 0.010026 0.010026 0.010026 
0.250000 0.250000 0.250000 0.250000 
  24
0.558929 0.006377 0.046210 
0.393201 0.986970 0.462022 
0.048222 0.006647 0.491768 
0.011682 0.010012 0.936811 0.041494 
0.250000 0.250000 0.250000 0.250000 
  25
0.545703 0.006372 0.046210 
0.406075 0.986981 0.462022 
0.049072 0.006634 0.491768 
0.009980 0.009980 0.011680 0.968360 
0.250000 0.250000 0.250000 0.250000 
  26
0.538957 0.006359 0.046210 
0.411971 0.987007 0.462022 
0.049889 0.006621 0.491768 
0.011612 0.968488 0.009950 0.009950 
0.250000 0.250000 0.250000 0.250000 
  27
0.547927 0.006347 0.046210 
0.402184 0.987032 0.462022 
0.049889 0.006621 0.491768 
0.970150 0.009950 0.009950 0.009950 
0.250000 0.250000 0.250000 0.250000 
  28
0.536645 0.006347 0.046210 
0.413466 0.987032 0.462022 
0.050458 0.006613 0.491768 
0.009930 0.009930 0.011564 0.968577 
0.250000 0.250000 0.250000 0.250000 
  29
0.542769 0.006339 0.046210 
0.406773 0.987048 0.462022 
0.050458 0.006613 0.491768 
0.009930 0.009930 0.009930 0.970211 
0.250000 0.250000 0.250000 0.250000 
  30
0.524725 0.006339 0.046210 
0.424817 0.987048 0.462022 
0.051385 0.006600 0.491768 
0.009898 0.009898 0.968387 0.011817 
0.250000 0.250000 0.250000 0.250000 
  31
0.524395 0.006326 0.046210 
0.424220 0.987074 0.462022 
0.051903 0.006593 0.491768 
0.009881 0.009881 0.225807 0.754431 
0.250000 0.250000 0.250000 0.250000 
  32
0.529677 0.006319 0.046210 
0.418420 0.987088 0.462022 
0.051903 0.006593 0.491768 
0.970357 0.009881 0.009881 0.009881 
0.250000 0.250000 0.250000 0.250000 
  33
0.529677 0.006319 0.046210 
0.418420 0.987088 0.462022 
0.051903 0.006593 0.491768 
0.970357 0.009881 0.009881 0.009881 
0.250000 0.250000 0.250000 0.250000 
  34
0.529677 0.007338 0.046210 
0.418420 0.986069 0.462022 
0.051417 0.006599 0.491768 
0.016870 0.011405 0.455045 0.516681 
0.250000 0.250000 0.250000 0.250000 
  35
0.534079 0.006326 0.046210 
0.414504 0.987075 0.462022 
0.051417 0.006599 0.491768 
0.966249 0.013957 0.009897 0.009897 
0.250000 0.250000 0.250000 0.250000 
  36
0.514713 0.006326 0.046210 
0.433870 0.987075 0.462022 
0.052432 0.006585 0.491768 
0.009864 0.009864 0.964202 0.016071 
0.250000 0.250000 0.250000 0.250000 
  37
0.524878 0.007400 0.046210 
0.422689 0.986014 0.462022 
0.051903 0.006593 0.491768 
0.011346 0.009881 0.050172 0.928601 
0.250000 0.250000 0.250000 0.250000 
  38
0.529677 0.006319 0.046210 
0.418420 0.987088 0.462022 
0.051903 0.006593 0.491768 
0.009881 0.009881 0.009881 0.970357 
0.250000 0.250000 0.250000 0.250000 
  39
0.529677 0.006319 0.046210 
0.418420 0.987088 0.462022 
0.051903 0.006593 0.491768 
0.009881 0.009881 0.009881 0.970357 
0.250000 0.250000 0.250000 0.250000 
  40
0.529677 0.006319 0.046210 
0.418420 0.987088 0.462022 
0.051903 0.006593 0.491768 
0.968680 0.011558 0.009881 0.009881 
0.250000 0.250000 0.250000 0.250000 
  41
0.513192 0.006319 0.046210 
0.434905 0.987088 0.462022 
0.052773 0.006581 0.491768 
0.009853 0.009853 0.968917 0.011377 
0.250000 0.250000 0.250000 0.250000 
  42
0.521794 0.006308 0.046210 
0.425433 0.987111 0.462022 
0.052773 0.006581 0.491768 
0.009853 0.009853 0.009853 0.970441 
0.250000 0.250000 0.250000 0.250000 
  43
0.509680 0.006308 0.046210 
0.437548 0.987111 0.462022 
0.053420 0.006572 0.491768 
0.009833 0.009833 0.944925 0.035409 
0.250000 0.250000 0.250000 0.250000 
  44
0.515930 0.006300 0.046210 
0.430650 0.987128 0.462022 
0.053420 0.006572 0.491768 
0.009833 0.009833 0.970501 0.009833 
0.250000 0.250000 0.250000 0.250000 
  45
0.515930 0.006300 0.046210 
0.430650 0.987128 0.462022 
0.053420 0.006572 0.491768 
0.009833 0.009833 0.970501 0.009833 
0.250000 0.250000 0.250000 0.250000 
  46
0.515930 0.006300 0.046210 
0.430650 0.987128 0.462022 
0.053420 0.006572 0.491768 
0.009833 0.009833 0.939584 0.040751 
0.250000 0.250000 0.250000 0.250000 
  47
0.515930 0.006300 0.046210 
0.430650 0.987128 0.462022 
0.053420 0.006572 0.491768 
0.009833 0.009833 0.009833 0.970501 
0.250000 0.250000 0.250000 0.250000 
  48
0.515930 0.006300 0.046210 
0.430650 0.987128 0.462022 
0.053420 0.006572 0.491768 
0.009833 0.009833 0.970501 0.009833 
0.250000 0.250000 0.250000 0.250000 
  49
0.515930 0.006300 0.046210 
0.430650 0.987128 0.462022 
0.053420 0.006572 0.491768 
0.009833 0.009833 0.897365 0.082970 
0.250000 0.250000 0.250000 0.250000 
  50
0.472424 0.006300 0.046210 
0.474156 0.987128 0.462022 
0.055850 0.006543 0.491768 
0.009762 0.009762 0.024811 0.955664 
0.250000 0.250000 0.250000 0.250000 
  51
0.493912 0.006272 0.046210 
0.450238 0.987186 0.462022 
0.055850 0.006543 0.491768 
0.009762 0.009762 0.009762 0.970713 
0.250000 0.250000 0.250000 0.250000 
  52
0.493912 0.006272 0.046210 
0.450238 0.987186 0.462022 
0.055850 0.006543 0.491768 
0.009762 0.009762 0.013008 0.967467 
0.250000 0.250000 0.250000 0.250000 
  53
0.493912 0.006272 0.046210 
0.450238 0.987186 0.462022 
0.055850 0.006543 0.491768 
0.009762 0.009762 0.009762 0.970713 
0.250000 0.250000 0.250000 0.250000 
  54
0.493912 0.006272 0.046210 
0.450238 0.987186 0.462022 
0.055850 0.006543 0.491768 
0.009762 0.009762 0.970713 0.009762 
0.250000 0.250000 0.250000 0.250000 
  55
0.493912 0.006272 0.046210 
0.450238 0.987186 0.462022 
0.055850 0.006543 0.491768 
0.967560 0.012916 0.009762 0.009762 
0.250000 0.250000 0.250000 0.250000 
  56
0.493912 0.006272 0.046210 
0.450238 0.987186 0.462022 
0.055850 0.006543 0.491768 
0.970713 0.009762 0.009762 0.009762 
0.250000 0.250000 0.250000 0.250000 
  57
0.493912 0.006272 0.046210 
0.450238 0.987186 0.462022 
0.055850 0.006543 0.491768 
0.951439 0.009762 0.009762 0.029036 
0.250000 0.250000 0.250000 0.250000 
  58
0.493912 0.006272 0.046210 
0.450238 0.987186 0.462022 
0.055850 0.006543 0.491768 
0.116439 0.860330 0.011659 0.011572 
0.250000 0.250000 0.250000 0.250000 
  59
0.493912 0.006272 0.046210 
0.450238 0.987186 0.462022 
0.055850 0.006543 0.491768 
0.009762 0.009762 0.965302 0.015174 
0.250000 0.250000 0.250000 0.250000 
  60
0.493912 0.006272 0.046210 
0.450238 0.987186 0.462022 
0.055850 0.006543 0.491768 
0.009762 0.009762 0.963202 0.017274 
0.250000 0.250000 0.250000 0.250000 
  61
0.493912 0.006272 0.046210 
0.450238 0.987186 0.462022 
0.055850 0.006543 0.491768 
0.011469 0.009762 0.967075 0.011693 
0.250000 0.250000 0.250000 0.250000 
  62
0.493912 0.006272 0.046210 
0.450238 0.987186 0.462022 
0.055850 0.006543 0.491768 
0.970713 0.009762 0.009762 0.009762 
0.250000 0.250000 0.250000 0.250000 
  63
0.493912 0.006272 0.046210 
0.450238 0.987186 0.462022 
0.055850 0.006543 0.491768 
0.970713 0.009762 0.009762 0.009762 
0.250000 0.250000 0.250000 0.250000 
  64
0.493912 0.006272 0.046210 
0.450238 0.987186 0.462022 
0.055850 0.006543 0.491768 
0.009762 0.009762 0.970713 0.009762 
0.250000 0.250000 0.250000 0.250000 
  65
0.493912 0.006272 0.046210 
0.450238 0.987186 0.462022 
0.055850 0.006543 0.491768 
0.009762 0.009762 0.970713 0.009762 
0.250000 0.250000 0.250000 0.250000 
  66
0.493912 0.006272 0.046210 
0.450238 0.987186 0.462022 
0.055850 0.006543 0.491768 
0.970713 0.009762 0.009762 0.009762 
0.250000 0.250000 0.250000 0.250000 
  67
0.493912 0.006272 0.046210 
0.450238 0.987186 0.462022 
0.055850 0.006543 0.491768 
0.009762 0.009762 0.019429 0.961047 
0.250000 0.250000 0.250000 0.250000 
  68
0.493912 0.006272 0.046210 
0.450238 0.987186 0.462022 
0.055850 0.006543 0.491768 
0.009762 0.009762 0.009762 0.970713 
0.250000 0.250000 0.250000 0.250000 
  69
0.493912 0.006272 0.046210 
0.450238 0.987186 0.462022 
0.055850 0.006543 0.491768 
0.009762 0.009762 0.970713 0.009762 
0.250000 0.250000 0.250000 0.250000 
  70
0.493912 0.006272 0.046210 
0.450238 0.987186 0.462022 
0.055850 0.006543 0.491768 
0.966814 0.013661 0.009762 0.009762 
0.250000 0.250000 0.250000 0.250000 
  71
0.493912 0.006272 0.046210 
0.450238 0.987186 0.462022 
0.055850 0.006543 0.491768 
0.009762 0.009762 0.009762 0.970713 
0.250000 0.250000 0.250000 0.250000 
  72
0.493912 0.006272 0.046210 
0.450238 0.987186 0.462022 
0.055850 0.006543 0.491768 
0.009762 0.009762 0.009762 0.970713 
0.250000 0.250000 0.250000 0.250000 
  73
0.493912 0.006272 0.046210 
0.450238 0.987186 0.462022 
0.055850 0.006543 0.491768 
0.166401 0.814075 0.009762 0.009762 
0.250000 0.250000 0.250000 0.250000 
  74
0.493912 0.006272 0.046210 
0.450238 0.987186 0.462022 
0.055850 0.006543 0.491768 
0.970713 0.009762 0.009762 0.009762 
0.250000 0.250000 0.250000 0.250000 
  75
0.493912 0.006272 0.046210 
0.450238 0.987186 0.462022 
0.055850 0.006543 0.491768 
0.970713 0.009762 0.009762 0.009762 
0.250000 0.250000 0.250000 0.250000 
  76
0.483044 0.006272 0.046210 
0.461107 0.987186 0.462022 
0.056463 0.006536 0.491768 
0.009746 0.009746 0.970763 0.009746 
0.250000 0.250000 0.250000 0.250000 
  77
0.488351 0.006265 0.046210 
0.455185 0.987200 0.462022 
0.056463 0.006536 0.491768 
0.009746 0.009746 0.970763 0.009746 
0.250000 0.250000 0.250000 0.250000 
  78
0.488351 0.006265 0.046210 
0.455185 0.987200 0.462022 
0.056463 0.006536 0.491768 
0.970763 0.009746 0.009746 0.009746 
0.250000 0.250000 0.250000 0.250000 
  79
0.488351 0.006265 0.046210 
0.455185 0.987200 0.462022 
0.056463 0.006536 0.491768 
0.009746 0.970763 0.009746 0.009746 
0.250000 0.250000 0.250000 0.250000 
  80
0.488351 0.006265 0.046210 
0.455185 0.987200 0.462022 
0.056463 0.006536 0.491768 
0.009746 0.009746 0.009746 0.970763 
0.250000 0.250000 0.250000 0.250000 
  81
0.488351 0.006265 0.046210 
0.455185 0.987200 0.462022 
0.056463 0.006536 0.491768 
0.969211 0.011298 0.009746 0.009746 
0.250000 0.250000 0.250000 0.250000 
  82
0.488351 0.006265 0.046210 
0.455185 0.987200 0.462022 
0.056463 0.006536 0.491768 
0.013119 0.009746 0.011627 0.965508 
0.250000 0.250000 0.250000 0.250000 
  83
0.488351 0.006265 0.046210 
0.455185 0.987200 0.462022 
0.056463 0.006536 0.491768 
0.224692 0.755817 0.009746 0.009746 
0.250000 0.250000 0.250000 0.250000 
  84
0.488351 0.006265 0.046210 
0.455185 0.987200 0.462022 
0.056463 0.006536 0.491768 
0.009746 0.009746 0.969074 0.011435 
0.250000 0.250000 0.250000 0.250000 
  85
0.488351 0.006265 0.046210 
0.455185 0.987200 0.462022 
0.056463 0.006536 0.491768 
0.965806 0.014703 0.009746 0.009746 
0.250000 0.250000 0.250000 0.250000 
  86
0.488351 0.006265 0.046210 
0.455185 0.987200 0.462022 
0.056463 0.006536 0.491768 
0.009746 0.009746 0.970763 0.009746 
0.250000 0.250000 0.250000 0.250000 
  87
0.488351 0.006265 0.046210 
0.455185 0.987200 0.462022 
0.056463 0.006536 0.491768 
0.009746 0.009746 0.009746 0.970763 
0.250000 0.250000 0.250000 0.250000 
  88
0.488351 0.006265 0.046210 
0.455185 0.987200 0.462022 
0.056463 0.006536 0.491768 
0.009746 0.009746 0.968823 0.011686 
0.250000 0.250000 0.250000 0.250000 
  89
0.488351 0.006265 0.046210 
0.455185 0.987200 0.462022 
0.056463 0.006536 0.491768 
0.009746 0.009746 0.009746 0.970763 
0.250000 0.250000 0.250000 0.250000 
  90
0.488351 0.006265 0.046210 
0.455185 0.987200 0.462022 
0.056463 0.006536 0.491768 
0.009746 0.970763 0.009746 0.009746 
0.250000 0.250000 0.250000 0.250000 
  91
0.488351 0.006265 0.046210 
0.455185 0.987200 0.462022 
0.056463 0.006536 0.491768 
0.011248 0.009746 0.009746 0.969261 
0.250000 0.250000 0.250000 0.250000 
  92
0.488351 0.006265 0.046210 
0.455185 0.987200 0.462022 
0.056463 0.006536 0.491768 
0.970763 0.009746 0.009746 0.009746 
0.250000 0.250000 0.250000 0.250000 
  93
0.488351 0.006265 0.046210 
0.455185 0.987200 0.462022 
0.056463 0.006536 0.491768 
0.009746 0.009746 0.009746 0.970763 
0.250000 0.250000 0.250000 0.250000 
  94
0.471945 0.006265 0.046210 
0.471591 0.987200 0.462022 
0.057405 0.006525 0.491768 
0.009721 0.009721 0.073625 0.906934 
0.250000 0.250000 0.250000 0.250000 
  95
0.479817 0.006255 0.046210 
0.462778 0.987220 0.462022 
0.057405 0.006525 0.491768 
0.970838 0.009721 0.009721 0.009721 
0.250000 0.250000 0.250000 0.250000 
  96
0.479817 0.006255 0.046210 
0.462778 0.987220 0.462022 
0.057405 0.006525 0.491768 
0.009721 0.009721 0.970838 0.009721 
0.250000 0.250000 0.250000 0.250000 
  97
0.479817 0.006255 0.046210 
0.462778 0.987220 0.462022 
0.057405 0.006525 0.491768 
0.009721 0.009721 0.970838 0.009721 
0.250000 0.250000 0.250000 0.250000 
  98
0.479817 0.006255 0.046210 
0.462778 0.987220 0.462022 
0.057405 0.006525 0.491768 
0.009721 0.009721 0.970838 0.009721 
0.250000 0.250000 0.250000 0.250000 
  99
0.479817 0.006255 0.046210 
0.462778 0.987220 0.462022 
0.057405 0.006525 0.491768 
0.970838 0.009721 0.009721 0.009721 
0.250000 0.250000 0.250000 0.250000 
 100
0.479817 0.006255 0.046210 
0.462778 0.987220 0.462022 
0.057405 0.006525 0.491768 
0.967268 0.013291 0.009721 0.009721 
0.250000 0.250000 0.250000 0.250000 
 101
0.479817 0.006255 0.046210 
0.462778 0.987220 0.462022 
0.057405 0.006525 0.491768 
0.009721 0.970838 0.009721 0.009721 
0.250000 0.250000 0.250000 0.250000 
 102
0.479817 0.006255 0.046210 
0.462778 0.987220 0.462022 
0.057405 0.006525 0.491768 
0.009721 0.970838 0.009721 0.009721 
0.250000 0.250000 0.250000 0.250000 
 103
0.479817 0.006255 0.046210 
0.462778 0.987220 0.462022 
0.057405 0.006525 0.491768 
0.030348 0.950210 0.009721 0.009721 
0.250000 0.250000 0.250000 0.250000 
 104
0.479817 0.006255 0.046210 
0.462778 0.987220 0.462022 
0.057405 0.006525 0.491768 
0.009721 0.009721 0.009721 0.970838 
0.250000 0.250000 0.250000 0.250000 
 105
0.479817 0.006255 0.046210 
0.462778 0.987220 0.462022 
0.057405 0.006525 0.491768 
0.009721 0.009721 0.009721 0.970838 
0.250000 0.250000 0.250000 0.250000 
 106
0.479817 0.006255 0.046210 
0.462778 0.987220 0.462022 
0.057405 0.006525 0.491768 
0.015224 0.965335 0.009721 0.009721 
0.250000 0.250000 0.250000 0.250000 
 107
0.479817 0.006255 0.046210 
0.462778 0.987220 0.462022 
0.057405 0.006525 0.491768 
0.009721 0.009721 0.009721 0.970838 
0.250000 0.250000 0.250000 0.250000 
 108
0.479817 0.006255 0.046210 
0.462778 0.987220 0.462022 
0.057405 0.006525 0.491768 
0.009721 0.009721 0.009721 0.970838 
0.250000 0.250000 0.250000 0.250000 
 109
0.479817 0.006255 0.046210 
0.462778 0.987220 0.462022 
0.057405 0.006525 0.491768 
0.545341 0.435218 0.009721 0.009721 
0.250000 0.250000 0.250000 0.250000 
 110
0.479817 0.006255 0.046210 
0.462778 0.987220 0.462022 
0.057405 0.006525 0.491768 
0.009721 0.009721 0.970838 0.009721 
0.250000 0.250000 0.250000 0.250000 
 111
0.479817 0.006255 0.046210 
0.462778 0.987220 0.462022 
0.057405 0.006525 0.491768 
0.009721 0.009721 0.013363 0.967196 
0.250000 0.250000 0.250000 0.250000 
 112
0.479817 0.006255 0.046210 
0.462778 0.987220 0.462022 
0.057405 0.006525 0.491768 
0.859931 0.120627 0.009721 0.009721 
0.250000 0.250000 0.250000 0.250000 
 113
0.479817 0.006255 0.046210 
0.462778 0.987220 0.462022 
0.057405 0.006525 0.491768 
0.970838 0.009721 0.009721 0.009721 
0.250000 0.250000 0.250000 0.250000 
 114
0.479817 0.006255 0.046210 
0.462778 0.987220 0.462022 
0.057405 0.006525 0.491768 
0.009721 0.009721 0.011318 0.969241 
0.250000 0.250000 0.250000 0.250000 
 115
0.479817 0.006255 0.046210 
0.462778 0.987220 0.462022 
0.057405 0.006525 0.491768 
0.965810 0.014749 0.009721 0.009721 
0.250000 0.250000 0.250000 0.250000 
 116
0.479817 0.006255 0.046210 
0.462778 0.987220 0.462022 
0.057405 0.006525 0.491768 
0.009721 0.009721 0.970838 0.009721 
0.250000 0.250000 0.250000 0.250000 
 117
0.479817 0.006255 0.046210 
0.462778 0.987220 0.462022 
0.057405 0.006525 0.491768 
0.970838 0.009721 0.009721 0.009721 
0.250000 0.250000 0.250000 0.250000 
 118
0.479817 0.006255 0.046210 
0.462778 0.987220 0.462022 
0.057405 0.006525 0.491768 
0.009721 0.009721 0.011769 0.968789 
0.250000 0.250000 0.250000 0.250000 
 119
0.479817 0.006255 0.046210 
0.462778 0.987220 0.462022 
0.057405 0.006525 0.491768 
0.009721 0.009721 0.009721 0.970838 
0.250000 0.250000 0.250000 0.250000 
 120
0.479817 0.006255 0.046210 
0.462778 0.987220 0.462022 
0.057405 0.006525 0.491768 
0.009721 0.009721 0.970838 0.009721 
0.250000 0.250000 0.250000 0.250000 
 121
0.479817 0.006255 0.046210 
0.462778 0.987220 0.462022 
0.057405 0.006525 0.491768 
0.009721 0.009721 0.065831 0.914727 
0.250000 0.250000 0.250000 0.250000 
 122
0.479817 0.006255 0.046210 
0.462778 0.987220 0.462022 
0.057405 0.006525 0.491768 
0.009721 0.009721 0.009721 0.970838 
0.250000 0.250000 0.250000 0.250000 
 123
0.479817 0.006255 0.046210 
0.462778 0.987220 0.462022 
0.057405 0.006525 0.491768 
0.009721 0.011376 0.969182 0.009721 
0.250000 0.250000 0.250000 0.250000 
 124
0.479817 0.006255 0.046210 
0.462778 0.987220 0.462022 
0.057405 0.006525 0.491768 
0.009721 0.009721 0.009721 0.970838 
0.250000 0.250000 0.250000 0.250000 
 125
0.479817 0.006255 0.046210 
0.462778 0.987220 0.462022 
0.057405 0.006525 0.491768 
0.970838 0.009721 0.009721 0.009721 
0.250000 0.250000 0.250000 0.250000 
 126
0.479817 0.006255 0.046210 
0.462778 0.987220 0.462022 
0.057405 0.006525 0.491768 
0.009721 0.009721 0.051701 0.928858 
0.250000 0.250000 0.250000 0.250000 
 127
0.479817 0.006255 0.046210 
0.462778 0.987220 0.462022 
0.057405 0.006525 0.491768 
0.009721 0.009721 0.019640 0.960919 
0.250000 0.250000 0.250000 0.250000 
 128
0.479817 0.006255 0.046210 
0.462778 0.987220 0.462022 
0.057405 0.006525 0.491768 
0.009721 0.009721 0.970838 0.009721 
0.250000 0.250000 0.250000 0.250000 
 129
0.479817 0.006255 0.046210 
0.462778 0.987220 0.462022 
0.057405 0.006525 0.491768 
0.009721 0.009721 0.970838 0.009721 
0.250000 0.250000 0.250000 0.250000 
 130
0.479817 0.006255 0.046210 
0.462778 0.987220 0.462022 
0.057405 0.006525 0.491768 
0.970838 0.009721 0.009721 0.009721 
0.250000 0.250000 0.250000 0.250000 
 131
0.479817 0.006255 0.046210 
0.462778 0.987220 0.462022 
0.057405 0.006525 0.491768 
0.009721 0.970838 0.009721 0.009721 
0.250000 0.250000 0.250000 0.250000 
 132
0.479817 0.006255 0.046210 
0.462778 0.987220 0.462022 
0.057405 0.006525 0.491768 
0.970838 0.009721 0.009721 0.009721 
0.250000 0.250000 0.250000 0.250000 
 133
0.479817 0.006255 0.046210 
0.462778 0.987220 0.462022 
0.057405 0.006525 0.491768 
0.946079 0.034480 0.009721 0.009721 
0.250000 0.250000 0.250000 0.250000 
 134
0.479817 0.006255 0.046210 
0.462778 0.987220 0.462022 
0.057405 0.006525 0.491768 
0.009721 0.009721 0.009721 0.970838 
0.250000 0.250000 0.250000 0.250000 
 135
0.479817 0.006255 0.046210 
0.462778 0.987220 0.462022 
0.057405 0.006525 0.491768 
0.970838 0.009721 0.009721 0.009721 
0.250000 0.250000 0.250000 0.250000 
 136
0.479817 0.006255 0.046210 
0.462778 0.987220 0.462022 
0.057405 0.006525 0.491768 
0.009721 0.009721 0.970838 0.009721 
0.250000 0.250000 0.250000 0.250000 
 137
0.479817 0.006255 0.046210 
0.462778 0.987220 0.462022 
0.057405 0.006525 0.491768 
0.969287 0.009721 0.011272 0.009721 
0.250000 0.250000 0.250000 0.250000 
 138
0.479817 0.006255 0.046210 
0.462778 0.987220 0.462022 
0.057405 0.006525 0.491768 
0.009721 0.009721 0.009721 0.970838 
0.250000 0.250000 0.250000 0.250000 
 139
0.479817 0.006255 0.046210 
0.462778 0.987220 0.462022 
0.057405 0.006525 0.491768 
0.009721 0.009721 0.020450 0.960108 
0.250000 0.250000 0.250000 0.250000 
 140
0.479817 0.006255 0.046210 
0.462778 0.987220 0.462022 
0.057405 0.006525 0.491768 
0.009721 0.009721 0.970838 0.009721 
0.250000 0.250000 0.250000 0.250000 
 141
0.479817 0.006255 0.046210 
0.462778 0.987220 0.462022 
0.057405 0.006525 0.491768 
0.009721 0.009721 0.970838 0.009721 
0.250000 0.250000 0.250000 0.250000 
 142
0.479817 0.006255 0.046210 
0.462778 0.987220 0.462022 
0.057405 0.006525 0.491768 
0.009721 0.009721 0.936221 0.044338 
0.250000 0.250000 0.250000 0.250000 
 143
0.479817 0.006255 0.046210 
0.462778 0.987220 0.462022 
0.057405 0.006525 0.491768 
0.009721 0.009721 0.009721 0.970838 
0.250000 0.250000 0.250000 0.250000 
 144
0.479817 0.006255 0.046210 
0.462778 0.987220 0.462022 
0.057405 0.006525 0.491768 
0.009721 0.009721 0.970838 0.009721 
0.250000 0.250000 0.250000 0.250000 
 145
0.479817 0.006255 0.046210 
0.462778 0.987220 0.462022 
0.057405 0.006525 0.491768 
0.009721 0.009721 0.099184 0.881374 
0.250000 0.250000 0.250000 0.250000 
 146
0.479817 0.006255 0.046210 
0.462778 0.987220 0.462022 
0.057405 0.006525 0.491768 
0.970838 0.009721 0.009721 0.009721 
0.250000 0.250000 0.250000 0.250000 
 147
0.479817 0.006255 0.046210 
0.462778 0.987220 0.462022 
0.057405 0.006525 0.491768 
0.965898 0.014661 0.009721 0.009721 
0.250000 0.250000 0.250000 0.250000 
 148
0.479817 0.006255 0.046210 
0.462778 0.987220 0.462022 
0.057405 0.006525 0.491768 
0.027111 0.953448 0.009721 0.009721 
0.250000 0.250000 0.250000 0.250000 
 149
0.479817 0.006255 0.046210 
0.462778 0.987220 0.462022 
0.057405 0.006525 0.491768 
0.009721 0.009721 0.009721 0.970838 
0.250000 0.250000 0.250000 0.250000 
 150
0.479817 0.006255 0.046210 
0.462778 0.987220 0.462022 
0.057405 0.006525 0.491768 
0.009721 0.009721 0.970838 0.009721 
0.250000 0.250000 0.250000 0.250000 
 151
0.479817 0.006255 0.046210 
0.462778 0.987220 0.462022 
0.057405 0.006525 0.491768 
0.049484 0.931075 0.009721 0.009721 
0.250000 0.250000 0.250000 0.250000 
 152
0.479817 0.006255 0.046210 
0.462778 0.987220 0.462022 
0.057405 0.006525 0.491768 
0.970838 0.009721 0.009721 0.009721 
0.250000 0.250000 0.250000 0.250000 
 153
0.479817 0.006255 0.046210 
0.462778 0.987220 0.462022 
0.057405 0.006525 0.491768 
0.970838 0.009721 0.009721 0.009721 
0.250000 0.250000 0.250000 0.250000 
 154
0.479817 0.006255 0.046210 
0.462778 0.987220 0.462022 
0.057405 0.006525 0.491768 
0.012093 0.009721 0.938030 0.040156 
0.250000 0.250000 0.250000 0.250000 
 155
0.479817 0.006255 0.046210 
0.462778 0.987220 0.462022 
0.057405 0.006525 0.491768 
0.969113 0.011446 0.009721 0.009721 
0.250000 0.250000 0.250000 0.250000 
 156
0.479817 0.006255 0.046210 
0.462778 0.987220 0.462022 
0.057405 0.006525 0.491768 
0.009721 0.009721 0.970838 0.009721 
0.250000 0.250000 0.250000 0.250000 
 157
0.479817 0.006255 0.046210 
0.462778 0.987220 0.462022 
0.057405 0.006525 0.491768 
0.009721 0.009721 0.970838 0.009721 
0.250000 0.250000 0.250000 0.250000 
 158
0.479817 0.006255 0.046210 
0.462778 0.987220 0.462022 
0.057405 0.006525 0.491768 
0.009721 0.009721 0.970838 0.009721 
0.250000 0.250000 0.250000 0.250000 
 159
0.479817 0.006255 0.046210 
0.462778 0.987220 0.462022 
0.057405 0.006525 0.491768 
0.970838 0.009721 0.009721 0.009721 
0.250000 0.250000 0.250000 0.250000 
 160
0.479817 0.006255 0.046210 
0.462778 0.987220 0.462022 
0.057405 0.006525 0.491768 
0.969139 0.011419 0.009721 0.009721 
0.250000 0.250000 0.250000 0.250000 
 161
0.479817 0.006255 0.046210 
0.462778 0.987220 0.462022 
0.057405 0.006525 0.491768 
0.009721 0.970838 0.009721 0.009721 
0.250000 0.250000 0.250000 0.250000 
 162
0.479817 0.006255 0.046210 
0.462778 0.987220 0.462022 
0.057405 0.006525 0.491768 
0.009721 0.970838 0.009721 0.009721 
0.250000 0.250000 0.250000 0.250000 
 163
0.479817 0.006255 0.046210 
0.462778 0.987220 0.462022 
0.057405 0.006525 0.491768 
0.015140 0.961701 0.013438 0.009721 
0.250000 0.250000 0.250000 0.250000 
 164
0.479817 0.006255 0.046210 
0.462778 0.987220 0.462022 
0.057405 0.006525 0.491768 
0.009721 0.009721 0.968942 0.011616 
0.250000 0.250000 0.250000 0.250000 
 165
0.479817 0.006255 0.046210 
0.462778 0.987220 0.462022 
0.057405 0.006525 0.491768 
0.009721 0.009721 0.946516 0.034042 
0.250000 0.250000 0.250000 0.250000 
 166
0.479817 0.006255 0.046210 
0.462778 0.987220 0.462022 
0.057405 0.006525 0.491768 
0.009721 0.009721 0.941714 0.038844 
0.250000 0.250000 0.250000 0.250000 
 167
0.479817 0.006255 0.046210 
0.462778 0.987220 0.462022 
0.057405 0.006525 0.491768 
0.009721 0.009721 0.009721 0.970838 
0.250000 0.250000 0.250000 0.250000 
 168
0.479817 0.006255 0.046210 
0.462778 0.987220 0.462022 
0.057405 0.006525 0.491768 
0.009721 0.009721 0.009721 0.970838 
0.250000 0.250000 0.250000 0.250000 
 169
0.479817 0.006255 0.046210 
0.462778 0.987220 0.462022 
0.057405 0.006525 0.491768 
0.009721 0.009721 0.028913 0.951646 
0.250000 0.250000 0.250000 0.250000 
 170
0.479817 0.006255 0.046210 
0.462778 0.987220 0.462022 
0.057405 0.006525 0.491768 
0.009721 0.009721 0.970838 0.009721 
0.250000 0.250000 0.250000 0.250000 
 171
0.479817 0.006255 0.046210 
0.462778 0.987220 0.462022 
0.057405 0.006525 0.491768 
0.009721 0.009721 0.009721 0.970838 
0.250000 0.250000 0.250000 0.250000 
 172
0.479817 0.006255 0.046210 
0.462778 0.987220 0.462022 
0.057405 0.006525 0.491768 
0.011278 0.969280 0.009721 0.009721 
0.250000 0.250000 0.250000 0.250000 
 173
0.479817 0.006255 0.046210 
0.462778 0.987220 0.462022 
0.057405 0.006525 0.491768 
0.009721 0.009721 0.009721 0.970838 
0.250000 0.250000 0.250000 0.250000 
 174
0.479817 0.006255 0.046210 
0.462778 0.987220 0.462022 
0.057405 0.006525 0.491768 
0.009721 0.009721 0.970838 0.009721 
0.250000 0.250000 0.250000 0.250000 
 175
0.479817 0.006255 0.046210 
0.462778 0.987220 0.462022 
0.057405 0.006525 0.491768 
0.009721 0.009721 0.947258 0.033300 
0.250000 0.250000 0.250000 0.250000 
 176
0.479817 0.006255 0.046210 
0.462778 0.987220 0.462022 
0.057405 0.006525 0.491768 
0.009721 0.009721 0.009721 0.970838 
0.250000 0.250000 0.250000 0.250000 
 177
0.479817 0.006255 0.046210 
0.462778 0.987220 0.462022 
0.057405 0.006525 0.491768 
0.009721 0.009721 0.009721 0.970838 
0.250000 0.250000 0.250000 0.250000 
 178
0.479817 0.006255 0.046210 
0.462778 0.987220 0.462022 
0.057405 0.006525 0.491768 
0.009721 0.009721 0.011462 0.969096 
0.250000 0.250000 0.250000 0.250000 
 179
0.479817 0.006255 0.046210 
0.462778 0.987220 0.462022 
0.057405 0.006525 0.491768 
0.970838 0.009721 0.009721 0.009721 
0.250000 0.250000 0.250000 0.250000 
 180
0.479817 0.006255 0.046210 
0.462778 0.987220 0.462022 
0.057405 0.006525 0.491768 
0.968927 0.011632 0.009721 0.009721 
0.250000 0.250000 0.250000 0.250000 
 181
0.479817 0.006255 0.046210 
0.462778 0.987220 0.462022 
0.057405 0.006525 0.491768 
0.016958 0.009721 0.009721 0.963601 
0.250000 0.250000 0.250000 0.250000 
 182
0.479817 0.006255 0.046210 
0.462778 0.987220 0.462022 
0.057405 0.006525 0.491768 
0.009721 0.970838 0.009721 0.009721 
0.250000 0.250000 0.250000 0.250000 
 183
0.479817 0.006255 0.046210 
0.462778 0.987220 0.462022 
0.057405 0.006525 0.491768 
0.009721 0.009721 0.969224 0.011334 
0.250000 0.250000 0.250000 0.250000 
 184
0.479817 0.006255 0.046210 
0.462778 0.987220 0.462022 
0.057405 0.006525 0.491768 
0.009721 0.009721 0.047374 0.933185 
0.250000 0.250000 0.250000 0.250000 
 185
0.479817 0.006255 0.046210 
0.462778 0.987220 0.462022 
0.057405 0.006525 0.491768 
0.009721 0.009721 0.009721 0.970838 
0.250000 0.250000 0.250000 0.250000 
 186
0.479817 0.006255 0.046210 
0.462778 0.987220 0.462022 
0.057405 0.006525 0.491768 
0.009721 0.970838 0.009721 0.009721 
0.250000 0.250000 0.250000 0.250000 
 187
0.479817 0.006255 0.046210 
0.462778 0.987220 0.462022 
0.057405 0.006525 0.491768 
0.889333 0.091225 0.009721 0.009721 
0.250000 0.250000 0.250000 0.250000 
 188
0.479817 0.006255 0.046210 
0.462778 0.987220 0.462022 
0.057405 0.006525 0.491768 
0.970838 0.009721 0.009721 0.009721 
0.250000 0.250000 0.250000 0.250000 
 189
0.479817 0.006255 0.046210 
0.462778 0.987220 0.462022 
0.057405 0.006525 0.491768 
0.009721 0.009721 0.009721 0.970838 
0.250000 0.250000 0.250000 0.250000 
 190
0.479817 0.006255 0.046210 
0.462778 0.987220 0.462022 
0.057405 0.006525 0.491768 
0.009721 0.009721 0.874279 0.106279 
0.250000 0.250000 0.250000 0.250000 
 191
0.479817 0.006255 0.046210 
0.462778 0.987220 0.462022 
0.057405 0.006525 0.491768 
0.970838 0.009721 0.009721 0.009721 
0.250000 0.250000 0.250000 0.250000 
 192
0.479817 0.006255 0.046210 
0.462778 0.987220 0.462022 
0.057405 0.006525 0.491768 
0.967865 0.012693 0.009721 0.009721 
0.250000 0.250000 0.250000 0.250000 
 193
0.479817 0.006255 0.046210 
0.462778 0.987220 0.462022 
0.057405 0.006525 0.491768 
0.009721 0.009721 0.949417 0.031141 
0.250000 0.250000 0.250000 0.250000 
 194
0.479817 0.006255 0.046210 
0.462778 0.987220 0.462022 
0.057405 0.006525 0.491768 
0.970838 0.009721 0.009721 0.009721 
0.250000 0.250000 0.250000 0.250000 
 195
0.479817 0.006255 0.046210 
0.462778 0.987220 0.462022 
0.057405 0.006525 0.491768 
0.016620 0.963938 0.009721 0.009721 
0.250000 0.250000 0.250000 0.250000 
 196
0.479817 0.006255 0.046210 
0.462778 0.987220 0.462022 
0.057405 0.006525 0.491768 
0.009721 0.009721 0.011651 0.968908 
0.250000 0.250000 0.250000 0.250000 
 197
0.479817 0.006255 0.046210 
0.462778 0.987220 0.462022 
0.057405 0.006525 0.491768 
0.970838 0.009721 0.009721 0.009721 
0.250000 0.250000 0.250000 0.250000 
 198
0.479817 0.006255 0.046210 
0.462778 0.987220 0.462022 
0.057405 0.006525 0.491768 
0.031097 0.949461 0.009721 0.009721 
0.250000 0.250000 0.250000 0.250000 
 199
0.479817 0.006255 0.046210 
0.462778 0.987220 0.462022 
0.057405 0.006525 0.491768 
0.961412 0.017323 0.011544 0.009721 
0.250000 0.250000 0.250000 0.250000 
 200
0.479817 0.006255 0.046210 
0.462778 0.987220 0.462022 
0.057405 0.006525 0.491768 
0.970838 0.009721 0.009721 0.009721 
0.250000 0.250000 0.250000 0.250000 
 201
0.479817 0.006255 0.046210 
0.462778 0.987220 0.462022 
0.057405 0.006525 0.491768 
0.009721 0.970838 0.009721 0.009721 
0.250000 0.250000 0.250000 0.250000 
 202
0.479817 0.006255 0.046210 
0.462778 0.987220 0.462022 
0.057405 0.006525 0.491768 
0.009721 0.009721 0.009721 0.970838 
0.250000 0.250000 0.250000 0.250000 
 203
0.479817 0.006255 0.046210 
0.462778 0.987220 0.462022 
0.057405 0.006525 0.491768 
0.009721 0.009721 0.970838 0.009721 
0.250000 0.250000 0.250000 0.250000 
 204
0.479817 0.006255 0.046210 
0.462778 0.987220 0.462022 
0.057405 0.006525 0.491768 
0.009721 0.009721 0.009721 0.970838 
0.250000 0.250000 0.250000 0.250000 
 205
0.479817 0.006255 0.046210 
0.462778 0.987220 0.462022 
0.057405 0.006525 0.491768 
0.009721 0.009721 0.949887 0.030671 
0.250000 0.250000 0.250000 0.250000 
 206
0.479817 0.006255 0.046210 
0.462778 0.987220 0.462022 
0.057405 0.006525 0.491768 
0.009721 0.009721 0.970838 0.009721 
0.250000 0.250000 0.250000 0.250000 
 207
0.479817 0.006255 0.046210 
0.462778 0.987220 0.462022 
0.057405 0.006525 0.491768 
0.009721 0.009721 0.009721 0.970838 
0.250000 0.250000 0.250000 0.250000 
 208
0.479817 0.006255 0.046210 
0.462778 0.987220 0.462022 
0.057405 0.006525 0.491768 
0.966875 0.013684 0.009721 0.009721 
0.250000 0.250000 0.250000 0.250000 
 209
0.479817 0.006255 0.046210 
0.462778 0.987220 0.462022 
0.057405 0.006525 0.491768 
0.009721 0.970838 0.009721 0.009721 
0.250000 0.250000 0.250000 0.250000 
 210
0.479817 0.006255 0.046210 
0.462778 0.987220 0.462022 
0.057405 0.006525 0.491768 
0.970838 0.009721 0.009721 0.009721 
0.250000 0.250000 0.250000 0.250000 
 211
0.479817 0.006255 0.046210 
0.462778 0.987220 0.462022 
0.057405 0.006525 0.491768 
0.009721 0.009721 0.904057 0.076502 
0.250000 0.250000 0.250000 0.250000 
 212
0.479817 0.006255 0.046210 
0.462778 0.987220 0.462022 
0.057405 0.006525 0.491768 
0.009721 0.009721 0.009721 0.970838 
0.250000 0.250000 0.250000 0.250000 
 213
0.479817 0.006255 0.046210 
0.462778 0.987220 0.462022 
0.057405 0.006525 0.491768 
0.009721 0.009721 0.970838 0.009721 
0.250000 0.250000 0.250000 0.250000 
 214
0.479817 0.006255 0.046210 
0.462778 0.987220 0.462022 
0.057405 0.006525 0.491768 
0.018878 0.940802 0.009721 0.030599 
0.250000 0.250000 0.250000 0.250000 
 215
0.479817 0.006255 0.046210 
0.462778 0.987220 0.462022 
0.057405 0.006525 0.491768 
0.009721 0.970838 0.009721 0.009721 
0.250000 0.250000 0.250000 0.250000 
 216
0.479817 0.006255 0.046210 
0.462778 0.987220 0.462022 
0.057405 0.006525 0.491768 
0.009721 0.009721 0.970838 0.009721 
0.250000 0.250000 0.250000 0.250000 
 217
0.479817 0.006255 0.046210 
0.462778 0.987220 0.462022 
0.057405 0.006525 0.491768 
0.968891 0.011668 0.009721 0.009721 
0.250000 0.250000 0.250000 0.250000 
 218
0.479817 0.006255 0.046210 
0.462778 0.987220 0.462022 
0.057405 0.006525 0.491768 
0.009721 0.009721 0.970838 0.009721 
0.250000 0.250000 0.250000 0.250000 
 219
0.479817 0.006255 0.046210 
0.462778 0.987220 0.462022 
0.057405 0.006525 0.491768 
0.009721 0.009721 0.009721 0.970838 
0.250000 0.250000 0.250000 0.250000 
 220
0.479817 0.006255 0.046210 
0.462778 0.987220 0.462022 
0.057405 0.006525 0.491768 
0.861579 0.118979 0.009721 0.009721 
0.250000 0.250000 0.250000 0.250000 
 221
0.479817 0.006255 0.046210 
0.462778 0.987220 0.462022 
0.057405 0.006525 0.491768 
0.970838 0.009721 0.009721 0.009721 
0.250000 0.250000 0.250000 0.250000 
 222
0.479817 0.006255 0.046210 
0.462778 0.987220 0.462022 
0.057405 0.006525 0.491768 
0.970838 0.009721 0.009721 0.009721 
0.250000 0.250000 0.250000 0.250000 
 223
0.479817 0.006255 0.046210 
0.462778 0.987220 0.462022 
0.057405 0.006525 0.491768 
0.046057 0.009721 0.803134 0.141088 
0.250000 0.250000 0.250000 0.250000 
 224
0.479817 0.006255 0.046210 
0.462778 0.987220 0.462022 
0.057405 0.006525 0.491768 
0.009721 0.009721 0.970838 0.009721 
0.250000 0.250000 0.250000 0.250000 
 225
0.479817 0.006255 0.046210 
0.462778 0.987220 0.462022 
0.057405 0.006525 0.491768 
0.009721 0.009721 0.970838 0.009721 
0.250000 0.250000 0.250000 0.250000 
 226
0.479817 0.006255 0.046210 
0.462778 0.987220 0.462022 
0.057405 0.006525 0.491768 
0.009721 0.009721 0.961776 0.018782 
0.250000 0.250000 0.250000 0.250000 
 227
0.479817 0.006255 0.046210 
0.462778 0.987220 0.462022 
0.057405 0.006525 0.491768 
0.009721 0.009721 0.009721 0.970838 
0.250000 0.250000 0.250000 0.250000 
 228
0.479817 0.006255 0.046210 
0.462778 0.987220 0.462022 
0.057405 0.006525 0.491768 
0.009721 0.009721 0.970838 0.009721 
0.250000 0.250000 0.250000 0.250000 
 229
0.479817 0.006255 0.046210 
0.462778 0.987220 0.462022 
0.057405 0.006525 0.491768 
0.009721 0.009721 0.942398 0.038160 
0.250000 0.250000 0.250000 0.250000 
 230
0.479817 0.006255 0.046210 
0.462778 0.987220 0.462022 
0.057405 0.006525 0.491768 
0.970838 0.009721 0.009721 0.009721 
0.250000 0.250000 0.250000 0.250000 
 231
0.479817 0.006255 0.046210 
0.462778 0.987220 0.462022 
0.057405 0.006525 0.491768 
0.967365 0.013193 0.009721 0.009721 
0.250000 0.250000 0.250000 0.250000 
 232
0.479817 0.006255 0.046210 
0.462778 0.987220 0.462022 
0.057405 0.006525 0.491768 
0.009721 0.009721 0.116140 0.864419 
0.250000 0.250000 0.250000 0.250000 
 233
0.479817 0.006255 0.046210 
0.462778 0.987220 0.462022 
0.057405 0.006525 0.491768 
0.009721 0.009721 0.009721 0.970838 
0.250000 0.250000 0.250000 0.250000 
 234
0.479817 0.006255 0.046210 
0.462778 0.987220 0.462022 
0.057405 0.006525 0.491768 
0.009721 0.970838 0.009721 0.009721 
0.250000 0.250000 0.250000 0.250000 
 235
0.479817 0.006255 0.046210 
0.462778 0.987220 0.462022 
0.057405 0.006525 0.491768 
0.058358 0.922201 0.009721 0.009721 
0.250000 0.250000 0.250000 0.250000 
 236
0.479817 0.006255 0.046210 
0.462778 0.987220 0.462022 
0.057405 0.006525 0.491768 
