%  SAM: /scicomp/home-pure/vfn4/Tools/label-dev/LABEL_RES/scripts/modelfromalign_Linux v3.5 (July 15, 2005) compiled 12/08/06_16:15:55
%  (c) 1992-2001 Regents of the University of California, Santa Cruz
%
%          Sequence Alignment and Modeling Software System
%         http://www.cse.ucsc.edu/research/compbio/sam.html
%
% ----------------- Citations (SAM, SAM-T2K, HMMs) --------------------
% R. Hughey, A. Krogh, Hidden Markov models for sequence analysis:
%  Extension and analysis of the basic method, CABIOS 12:95-107, 1996.
% K. Karplus, et al., What is the value added by human intervention in protein
%  structure prediction, Proteins: Stucture, Function, Genetics 45(S5):86--91, 2001.
% A. Krogh et al., Hidden Markov models in computational biology:
%  Applications to protein modeling, JMB 235:1501-1531, Feb 1994.
% ---------------------------------------------------------------------
%  2.3.4.4f_hmm   Host: node234.hpc.biotech.cdc.gov    Fri May  5 13:07:14 2023
%  vfn4           Dir:  /scicomp/home-pure/vfn4/fluA/H5/c-2344/c-2344x/c-2344xL2/e-f-like-repair/c-2344xL2-alt/c-2344fehLK/c-2344efLK
% ---------------------------------------------------------------------
%  Alignment weights from internal calc.  Total (13.89) Max (0.12) Min (0.06)
%  Weights from alignment method 1 (karplus), b=-1.000000, e=0.500000
MODEL --  Model from alignment file /scicomp/home-pure/vfn4/Tools/label-dev/LABEL_RES/training_data/c-2344xL2/c-2344fehLK/c-2344efLK/2.3.4.4f.fasta
alphabet DNA
FREQAVE
0.000000 0.000000 0.000000 
0.000000 0.000000 0.000000 
0.000000 0.000000 0.000000 
0.348322 0.227309 0.184949 0.239420 
0.348322 0.227309 0.184949 0.239420 
Begin
0.000000 0.000000 0.000000 
0.000000 0.000000 0.000000 
0.000000 0.008885 0.491768 
0.250000 0.250000 0.250000 0.250000 
0.250000 0.250000 0.250000 0.250000 
   1
0.000000 0.238713 0.046210 
0.000000 0.752402 0.462022 
0.020858 0.011542 0.491768 
0.906269 0.031244 0.031244 0.031244 
0.250000 0.250000 0.250000 0.250000 
   2
0.780400 0.011063 0.046210 
0.198742 0.977395 0.462022 
0.021516 0.011378 0.491768 
0.030002 0.030002 0.030002 0.909993 
0.250000 0.250000 0.250000 0.250000 
   3
0.805028 0.010907 0.046210 
0.173456 0.977715 0.462022 
0.021516 0.011378 0.491768 
0.030002 0.909993 0.030002 0.030002 
0.250000 0.250000 0.250000 0.250000 
   4
0.805028 0.010907 0.046210 
0.173456 0.977715 0.462022 
0.021516 0.011378 0.491768 
0.030002 0.909993 0.030002 0.030002 
0.250000 0.250000 0.250000 0.250000 
   5
0.805028 0.010907 0.046210 
0.173456 0.977715 0.462022 
0.021516 0.011378 0.491768 
0.909993 0.030002 0.030002 0.030002 
0.250000 0.250000 0.250000 0.250000 
   6
0.805028 0.010907 0.046210 
0.173456 0.977715 0.462022 
0.021516 0.011378 0.491768 
0.046901 0.893094 0.030002 0.030002 
0.250000 0.250000 0.250000 0.250000 
   7
0.805028 0.010907 0.046210 
0.173456 0.977715 0.462022 
0.021516 0.011378 0.491768 
0.909993 0.030002 0.030002 0.030002 
0.250000 0.250000 0.250000 0.250000 
   8
0.805028 0.010907 0.046210 
0.173456 0.977715 0.462022 
0.021516 0.011378 0.491768 
0.900665 0.039330 0.030002 0.030002 
0.250000 0.250000 0.250000 0.250000 
   9
0.805028 0.010907 0.046210 
0.173456 0.977715 0.462022 
0.021516 0.011378 0.491768 
0.909993 0.030002 0.030002 0.030002 
0.250000 0.250000 0.250000 0.250000 
  10
0.805028 0.010907 0.046210 
0.173456 0.977715 0.462022 
0.021516 0.011378 0.491768 
0.829056 0.110940 0.030002 0.030002 
0.250000 0.250000 0.250000 0.250000 
  11
0.805028 0.010907 0.046210 
0.173456 0.977715 0.462022 
0.021516 0.011378 0.491768 
0.030002 0.030002 0.038208 0.901787 
0.250000 0.250000 0.250000 0.250000 
  12
0.805028 0.010907 0.046210 
0.173456 0.977715 0.462022 
0.021516 0.011378 0.491768 
0.909993 0.030002 0.030002 0.030002 
0.250000 0.250000 0.250000 0.250000 
  13
0.805028 0.010907 0.046210 
0.173456 0.977715 0.462022 
0.021516 0.011378 0.491768 
0.047998 0.891998 0.030002 0.030002 
0.250000 0.250000 0.250000 0.250000 
  14
0.805028 0.010907 0.046210 
0.173456 0.977715 0.462022 
0.021516 0.011378 0.491768 
0.030002 0.030002 0.030002 0.909993 
0.250000 0.250000 0.250000 0.250000 
  15
0.805028 0.010907 0.046210 
0.173456 0.977715 0.462022 
0.021516 0.011378 0.491768 
0.030002 0.900578 0.030002 0.039418 
0.250000 0.250000 0.250000 0.250000 
  16
0.805028 0.010907 0.046210 
0.173456 0.977715 0.462022 
0.021516 0.011378 0.491768 
0.038757 0.030002 0.901239 0.030002 
0.250000 0.250000 0.250000 0.250000 
  17
0.805028 0.010907 0.046210 
0.173456 0.977715 0.462022 
0.021516 0.011378 0.491768 
0.030002 0.030002 0.041168 0.898828 
0.250000 0.250000 0.250000 0.250000 
  18
0.805028 0.010907 0.046210 
0.173456 0.977715 0.462022 
0.021516 0.011378 0.491768 
0.030002 0.030002 0.030002 0.909993 
0.250000 0.250000 0.250000 0.250000 
  19
0.805028 0.010907 0.046210 
0.173456 0.977715 0.462022 
0.021516 0.011378 0.491768 
0.030002 0.030002 0.819640 0.120355 
0.250000 0.250000 0.250000 0.250000 
  20
0.805028 0.010907 0.046210 
0.173456 0.977715 0.462022 
0.021516 0.011378 0.491768 
0.030002 0.030002 0.039418 0.900578 
0.250000 0.250000 0.250000 0.250000 
  21
0.805028 0.010907 0.046210 
0.173456 0.977715 0.462022 
0.021516 0.011378 0.491768 
0.030002 0.030002 0.030002 0.909993 
0.250000 0.250000 0.250000 0.250000 
  22
0.805028 0.010907 0.046210 
0.173456 0.977715 0.462022 
0.021516 0.011378 0.491768 
0.030002 0.030002 0.909993 0.030002 
0.250000 0.250000 0.250000 0.250000 
  23
0.805028 0.010907 0.046210 
0.173456 0.977715 0.462022 
0.021516 0.011378 0.491768 
0.030002 0.030002 0.030002 0.909993 
0.250000 0.250000 0.250000 0.250000 
  24
0.805028 0.010907 0.046210 
0.173456 0.977715 0.462022 
0.021516 0.011378 0.491768 
0.030002 0.030002 0.030002 0.909993 
0.250000 0.250000 0.250000 0.250000 
  25
0.805028 0.010907 0.046210 
0.173456 0.977715 0.462022 
0.021516 0.011378 0.491768 
0.030002 0.909993 0.030002 0.030002 
0.250000 0.250000 0.250000 0.250000 
  26
0.805028 0.010907 0.046210 
0.173456 0.977715 0.462022 
0.021516 0.011378 0.491768 
0.030002 0.030002 0.893271 0.046724 
0.250000 0.250000 0.250000 0.250000 
  27
0.805028 0.010907 0.046210 
0.173456 0.977715 0.462022 
0.021516 0.011378 0.491768 
0.909993 0.030002 0.030002 0.030002 
0.250000 0.250000 0.250000 0.250000 
  28
0.805028 0.010907 0.046210 
0.173456 0.977715 0.462022 
0.021516 0.011378 0.491768 
0.030002 0.882988 0.030002 0.057008 
0.250000 0.250000 0.250000 0.250000 
  29
0.805028 0.010907 0.046210 
0.173456 0.977715 0.462022 
0.021516 0.011378 0.491768 
0.030002 0.030002 0.030002 0.909993 
0.250000 0.250000 0.250000 0.250000 
  30
0.805028 0.010907 0.046210 
0.173456 0.977715 0.462022 
0.021516 0.011378 0.491768 
0.030002 0.909993 0.030002 0.030002 
0.250000 0.250000 0.250000 0.250000 
  31
0.805028 0.010907 0.046210 
0.173456 0.977715 0.462022 
0.021516 0.011378 0.491768 
0.047991 0.892005 0.030002 0.030002 
0.250000 0.250000 0.250000 0.250000 
  32
0.805028 0.010907 0.046210 
0.173456 0.977715 0.462022 
0.021516 0.011378 0.491768 
0.030002 0.030002 0.060930 0.879065 
0.250000 0.250000 0.250000 0.250000 
  33
0.805028 0.010907 0.046210 
0.173456 0.977715 0.462022 
0.021516 0.011378 0.491768 
0.030002 0.030002 0.041168 0.898828 
0.250000 0.250000 0.250000 0.250000 
  34
0.805028 0.010907 0.046210 
0.173456 0.977715 0.462022 
0.021516 0.011378 0.491768 
0.909993 0.030002 0.030002 0.030002 
0.250000 0.250000 0.250000 0.250000 
  35
0.805028 0.010907 0.046210 
0.173456 0.977715 0.462022 
0.021516 0.011378 0.491768 
0.046116 0.873428 0.030002 0.050454 
0.250000 0.250000 0.250000 0.250000 
  36
0.805028 0.010907 0.046210 
0.173456 0.977715 0.462022 
0.021516 0.011378 0.491768 
0.030002 0.030002 0.901384 0.038611 
0.250000 0.250000 0.250000 0.250000 
  37
0.805028 0.010907 0.046210 
0.173456 0.977715 0.462022 
0.021516 0.011378 0.491768 
0.030002 0.030002 0.909993 0.030002 
0.250000 0.250000 0.250000 0.250000 
  38
0.805028 0.010907 0.046210 
0.173456 0.977715 0.462022 
0.021516 0.011378 0.491768 
0.030002 0.030002 0.050454 0.889542 
0.250000 0.250000 0.250000 0.250000 
  39
0.805028 0.010907 0.046210 
0.173456 0.977715 0.462022 
0.021516 0.011378 0.491768 
0.030002 0.030002 0.030002 0.909993 
0.250000 0.250000 0.250000 0.250000 
  40
0.805028 0.010907 0.046210 
0.173456 0.977715 0.462022 
0.021516 0.011378 0.491768 
0.030002 0.909993 0.030002 0.030002 
0.250000 0.250000 0.250000 0.250000 
  41
0.805028 0.010907 0.046210 
0.173456 0.977715 0.462022 
0.021516 0.011378 0.491768 
0.030002 0.030002 0.030002 0.909993 
0.250000 0.250000 0.250000 0.250000 
  42
0.805028 0.010907 0.046210 
0.173456 0.977715 0.462022 
0.021516 0.011378 0.491768 
0.030002 0.030002 0.041168 0.898828 
0.250000 0.250000 0.250000 0.250000 
  43
0.805028 0.010907 0.046210 
0.173456 0.977715 0.462022 
0.021516 0.011378 0.491768 
0.909993 0.030002 0.030002 0.030002 
0.250000 0.250000 0.250000 0.250000 
  44
0.805028 0.010907 0.046210 
0.173456 0.977715 0.462022 
0.021516 0.011378 0.491768 
0.909993 0.030002 0.030002 0.030002 
0.250000 0.250000 0.250000 0.250000 
  45
0.805028 0.010907 0.046210 
0.173456 0.977715 0.462022 
0.021516 0.011378 0.491768 
0.909993 0.030002 0.030002 0.030002 
0.250000 0.250000 0.250000 0.250000 
  46
0.805028 0.010907 0.046210 
0.173456 0.977715 0.462022 
0.021516 0.011378 0.491768 
0.909993 0.030002 0.030002 0.030002 
0.250000 0.250000 0.250000 0.250000 
  47
0.805028 0.010907 0.046210 
0.173456 0.977715 0.462022 
0.021516 0.011378 0.491768 
0.030002 0.909993 0.030002 0.030002 
0.250000 0.250000 0.250000 0.250000 
  48
0.805028 0.010907 0.046210 
0.173456 0.977715 0.462022 
0.021516 0.011378 0.491768 
0.030002 0.030002 0.030002 0.909993 
0.250000 0.250000 0.250000 0.250000 
  49
0.187510 0.010907 0.046210 
0.790974 0.977715 0.462022 
0.056254 0.008909 0.491768 
0.016878 0.949365 0.016878 0.016878 
0.250000 0.250000 0.250000 0.250000 
  50
0.490246 0.008540 0.046210 
0.453500 0.982552 0.462022 
0.056254 0.008909 0.491768 
0.949365 0.016878 0.016878 0.016878 
0.250000 0.250000 0.250000 0.250000 
  51
0.490246 0.008540 0.046210 
0.453500 0.982552 0.462022 
0.056254 0.008909 0.491768 
0.016878 0.016878 0.016878 0.949365 
0.250000 0.250000 0.250000 0.250000 
  52
0.490246 0.008540 0.046210 
0.453500 0.982552 0.462022 
0.056254 0.008909 0.491768 
0.016878 0.016878 0.949365 0.016878 
0.250000 0.250000 0.250000 0.250000 
  53
0.490246 0.008540 0.046210 
0.453500 0.982552 0.462022 
0.056254 0.008909 0.491768 
0.949365 0.016878 0.016878 0.016878 
0.250000 0.250000 0.250000 0.250000 
  54
0.490246 0.008540 0.046210 
0.453500 0.982552 0.462022 
0.056254 0.008909 0.491768 
0.027002 0.939242 0.016878 0.016878 
0.250000 0.250000 0.250000 0.250000 
  55
0.490246 0.008540 0.046210 
0.453500 0.982552 0.462022 
0.056254 0.008909 0.491768 
0.949365 0.016878 0.016878 0.016878 
0.250000 0.250000 0.250000 0.250000 
  56
0.490246 0.008540 0.046210 
0.453500 0.982552 0.462022 
0.056254 0.008909 0.491768 
0.016878 0.016878 0.016878 0.949365 
0.250000 0.250000 0.250000 0.250000 
  57
0.490246 0.008540 0.046210 
0.453500 0.982552 0.462022 
0.056254 0.008909 0.491768 
0.016878 0.016878 0.016878 0.949365 
0.250000 0.250000 0.250000 0.250000 
  58
0.490246 0.008540 0.046210 
0.453500 0.982552 0.462022 
0.056254 0.008909 0.491768 
0.016878 0.016878 0.016878 0.949365 
0.250000 0.250000 0.250000 0.250000 
  59
0.490246 0.008540 0.046210 
0.453500 0.982552 0.462022 
0.056254 0.008909 0.491768 
0.016878 0.949365 0.016878 0.016878 
0.250000 0.250000 0.250000 0.250000 
  60
0.490246 0.008540 0.046210 
0.453500 0.982552 0.462022 
0.056254 0.008909 0.491768 
0.016878 0.016878 0.949365 0.016878 
0.250000 0.250000 0.250000 0.250000 
  61
0.490246 0.008540 0.046210 
0.453500 0.982552 0.462022 
0.056254 0.008909 0.491768 
0.949365 0.016878 0.016878 0.016878 
0.250000 0.250000 0.250000 0.250000 
  62
0.490246 0.008540 0.046210 
0.453500 0.982552 0.462022 
0.056254 0.008909 0.491768 
0.016878 0.016878 0.016878 0.949365 
0.250000 0.250000 0.250000 0.250000 
  63
0.490246 0.008540 0.046210 
0.453500 0.982552 0.462022 
0.056254 0.008909 0.491768 
0.016878 0.016878 0.022449 0.943795 
0.250000 0.250000 0.250000 0.250000 
  64
0.490246 0.008540 0.046210 
0.453500 0.982552 0.462022 
0.056254 0.008909 0.491768 
0.016878 0.949365 0.016878 0.016878 
0.250000 0.250000 0.250000 0.250000 
  65
0.490246 0.008540 0.046210 
0.453500 0.982552 0.462022 
0.056254 0.008909 0.491768 
0.016878 0.949365 0.016878 0.016878 
0.250000 0.250000 0.250000 0.250000 
  66
0.490246 0.008540 0.046210 
0.453500 0.982552 0.462022 
0.056254 0.008909 0.491768 
0.016878 0.016878 0.016878 0.949365 
0.250000 0.250000 0.250000 0.250000 
  67
0.490246 0.008540 0.046210 
0.453500 0.982552 0.462022 
0.056254 0.008909 0.491768 
0.016878 0.016878 0.016878 0.949365 
0.250000 0.250000 0.250000 0.250000 
  68
0.490246 0.008540 0.046210 
0.453500 0.982552 0.462022 
0.056254 0.008909 0.491768 
0.949365 0.016878 0.016878 0.016878 
0.250000 0.250000 0.250000 0.250000 
  69
0.490246 0.008540 0.046210 
0.453500 0.982552 0.462022 
0.056254 0.008909 0.491768 
0.016878 0.016878 0.943756 0.022488 
0.250000 0.250000 0.250000 0.250000 
  70
0.490246 0.008540 0.046210 
0.453500 0.982552 0.462022 
0.056254 0.008909 0.491768 
0.016878 0.016878 0.949365 0.016878 
0.250000 0.250000 0.250000 0.250000 
  71
0.490246 0.008540 0.046210 
0.453500 0.982552 0.462022 
0.056254 0.008909 0.491768 
0.949365 0.016878 0.016878 0.016878 
0.250000 0.250000 0.250000 0.250000 
  72
0.490246 0.008540 0.046210 
0.453500 0.982552 0.462022 
0.056254 0.008909 0.491768 
0.016878 0.016878 0.016878 0.949365 
0.250000 0.250000 0.250000 0.250000 
  73
0.490246 0.008540 0.046210 
0.453500 0.982552 0.462022 
0.056254 0.008909 0.491768 
0.016878 0.949365 0.016878 0.016878 
0.250000 0.250000 0.250000 0.250000 
  74
0.490246 0.008540 0.046210 
0.453500 0.982552 0.462022 
0.056254 0.008909 0.491768 
0.016878 0.016878 0.949365 0.016878 
0.250000 0.250000 0.250000 0.250000 
  75
0.490246 0.008540 0.046210 
0.453500 0.982552 0.462022 
0.056254 0.008909 0.491768 
0.949365 0.016878 0.016878 0.016878 
0.250000 0.250000 0.250000 0.250000 
  76
0.490246 0.008540 0.046210 
0.453500 0.982552 0.462022 
0.056254 0.008909 0.491768 
0.949365 0.016878 0.016878 0.016878 
0.250000 0.250000 0.250000 0.250000 
  77
0.490246 0.008540 0.046210 
0.453500 0.982552 0.462022 
0.056254 0.008909 0.491768 
0.949365 0.016878 0.016878 0.016878 
0.250000 0.250000 0.250000 0.250000 
  78
0.490246 0.008540 0.046210 
0.453500 0.982552 0.462022 
0.056254 0.008909 0.491768 
0.016878 0.016878 0.949365 0.016878 
0.250000 0.250000 0.250000 0.250000 
  79
0.490246 0.008540 0.046210 
0.453500 0.982552 0.462022 
0.056254 0.008909 0.491768 
0.949365 0.016878 0.016878 0.016878 
0.250000 0.250000 0.250000 0.250000 
  80
0.490246 0.008540 0.046210 
0.453500 0.982552 0.462022 
0.056254 0.008909 0.491768 
0.949365 0.016878 0.016878 0.016878 
0.250000 0.250000 0.250000 0.250000 
  81
0.490246 0.008540 0.046210 
0.453500 0.982552 0.462022 
0.056254 0.008909 0.491768 
0.016878 0.016878 0.949365 0.016878 
0.250000 0.250000 0.250000 0.250000 
  82
0.490246 0.008540 0.046210 
0.453500 0.982552 0.462022 
0.056254 0.008909 0.491768 
0.016878 0.016878 0.016878 0.949365 
0.250000 0.250000 0.250000 0.250000 
  83
0.490246 0.008540 0.046210 
0.453500 0.982552 0.462022 
0.056254 0.008909 0.491768 
0.016878 0.016878 0.949365 0.016878 
0.250000 0.250000 0.250000 0.250000 
  84
0.490246 0.008540 0.046210 
0.453500 0.982552 0.462022 
0.056254 0.008909 0.491768 
0.021765 0.937389 0.016878 0.023968 
0.250000 0.250000 0.250000 0.250000 
  85
0.490246 0.008540 0.046210 
0.453500 0.982552 0.462022 
0.056254 0.008909 0.491768 
0.949365 0.016878 0.016878 0.016878 
0.250000 0.250000 0.250000 0.250000 
  86
0.490246 0.008540 0.046210 
0.453500 0.982552 0.462022 
0.056254 0.008909 0.491768 
0.016878 0.016878 0.949365 0.016878 
0.250000 0.250000 0.250000 0.250000 
  87
0.490246 0.008540 0.046210 
0.453500 0.982552 0.462022 
0.056254 0.008909 0.491768 
0.949365 0.016878 0.016878 0.016878 
0.250000 0.250000 0.250000 0.250000 
  88
0.490246 0.008540 0.046210 
0.453500 0.982552 0.462022 
0.056254 0.008909 0.491768 
0.016878 0.949365 0.016878 0.016878 
0.250000 0.250000 0.250000 0.250000 
  89
0.490246 0.008540 0.046210 
0.453500 0.982552 0.462022 
0.056254 0.008909 0.491768 
0.949365 0.016878 0.016878 0.016878 
0.250000 0.250000 0.250000 0.250000 
  90
0.490246 0.008540 0.046210 
0.453500 0.982552 0.462022 
0.056254 0.008909 0.491768 
0.022380 0.943864 0.016878 0.016878 
0.250000 0.250000 0.250000 0.250000 
  91
0.490246 0.008540 0.046210 
0.453500 0.982552 0.462022 
0.056254 0.008909 0.491768 
0.024975 0.016878 0.941269 0.016878 
0.250000 0.250000 0.250000 0.250000 
  92
0.490246 0.008540 0.046210 
0.453500 0.982552 0.462022 
0.056254 0.008909 0.491768 
0.949365 0.016878 0.016878 0.016878 
0.250000 0.250000 0.250000 0.250000 
  93
0.490246 0.008540 0.046210 
0.453500 0.982552 0.462022 
0.056254 0.008909 0.491768 
0.016878 0.949365 0.016878 0.016878 
0.250000 0.250000 0.250000 0.250000 
  94
0.490246 0.008540 0.046210 
0.453500 0.982552 0.462022 
0.056254 0.008909 0.491768 
0.016878 0.949365 0.016878 0.016878 
0.250000 0.250000 0.250000 0.250000 
  95
0.490246 0.008540 0.046210 
0.453500 0.982552 0.462022 
0.056254 0.008909 0.491768 
0.016878 0.016878 0.016878 0.949365 
0.250000 0.250000 0.250000 0.250000 
  96
0.490246 0.008540 0.046210 
0.453500 0.982552 0.462022 
0.056254 0.008909 0.491768 
0.016878 0.016878 0.016878 0.949365 
0.250000 0.250000 0.250000 0.250000 
  97
0.490246 0.008540 0.046210 
0.453500 0.982552 0.462022 
0.056254 0.008909 0.491768 
0.016878 0.949365 0.016878 0.016878 
0.250000 0.250000 0.250000 0.250000 
  98
0.490246 0.008540 0.046210 
0.453500 0.982552 0.462022 
0.056254 0.008909 0.491768 
0.949365 0.016878 0.016878 0.016878 
0.250000 0.250000 0.250000 0.250000 
  99
0.490246 0.008540 0.046210 
0.453500 0.982552 0.462022 
0.056254 0.008909 0.491768 
0.016878 0.016878 0.949365 0.016878 
0.250000 0.250000 0.250000 0.250000 
 100
0.490246 0.008540 0.046210 
0.453500 0.982552 0.462022 
0.056254 0.008909 0.491768 
0.949365 0.016878 0.016878 0.016878 
0.250000 0.250000 0.250000 0.250000 
 101
0.490246 0.008540 0.046210 
0.453500 0.982552 0.462022 
0.056254 0.008909 0.491768 
0.016878 0.016878 0.949365 0.016878 
0.250000 0.250000 0.250000 0.250000 
 102
0.490246 0.008540 0.046210 
0.453500 0.982552 0.462022 
0.056254 0.008909 0.491768 
0.050894 0.915350 0.016878 0.016878 
0.250000 0.250000 0.250000 0.250000 
 103
0.490246 0.008540 0.046210 
0.453500 0.982552 0.462022 
0.056254 0.008909 0.491768 
0.949365 0.016878 0.016878 0.016878 
0.250000 0.250000 0.250000 0.250000 
 104
0.490246 0.008540 0.046210 
0.453500 0.982552 0.462022 
0.056254 0.008909 0.491768 
0.016878 0.016878 0.016878 0.949365 
0.250000 0.250000 0.250000 0.250000 
 105
0.490246 0.008540 0.046210 
0.453500 0.982552 0.462022 
0.056254 0.008909 0.491768 
0.949365 0.016878 0.016878 0.016878 
0.250000 0.250000 0.250000 0.250000 
 106
0.490246 0.008540 0.046210 
0.453500 0.982552 0.462022 
0.056254 0.008909 0.491768 
0.949365 0.016878 0.016878 0.016878 
0.250000 0.250000 0.250000 0.250000 
 107
0.490246 0.008540 0.046210 
0.453500 0.982552 0.462022 
0.056254 0.008909 0.491768 
0.016878 0.016878 0.016878 0.949365 
0.250000 0.250000 0.250000 0.250000 
 108
0.490246 0.008540 0.046210 
0.453500 0.982552 0.462022 
0.056254 0.008909 0.491768 
0.016878 0.949365 0.016878 0.016878 
0.250000 0.250000 0.250000 0.250000 
 109
0.490246 0.008540 0.046210 
0.453500 0.982552 0.462022 
0.056254 0.008909 0.491768 
0.016878 0.949365 0.016878 0.016878 
0.250000 0.250000 0.250000 0.250000 
 110
0.490246 0.008540 0.046210 
0.453500 0.982552 0.462022 
0.056254 0.008909 0.491768 
0.949365 0.016878 0.016878 0.016878 
0.250000 0.250000 0.250000 0.250000 
 111
0.490246 0.008540 0.046210 
0.453500 0.982552 0.462022 
0.056254 0.008909 0.491768 
0.930854 0.035389 0.016878 0.016878 
0.250000 0.250000 0.250000 0.250000 
 112
0.490246 0.008540 0.046210 
0.453500 0.982552 0.462022 
0.056254 0.008909 0.491768 
0.949365 0.016878 0.016878 0.016878 
0.250000 0.250000 0.250000 0.250000 
 113
0.490246 0.008540 0.046210 
0.453500 0.982552 0.462022 
0.056254 0.008909 0.491768 
0.949365 0.016878 0.016878 0.016878 
0.250000 0.250000 0.250000 0.250000 
 114
0.490246 0.008540 0.046210 
0.453500 0.982552 0.462022 
0.056254 0.008909 0.491768 
0.949365 0.016878 0.016878 0.016878 
0.250000 0.250000 0.250000 0.250000 
 115
0.490246 0.008540 0.046210 
0.453500 0.982552 0.462022 
0.056254 0.008909 0.491768 
0.949365 0.016878 0.016878 0.016878 
0.250000 0.250000 0.250000 0.250000 
 116
0.490246 0.008540 0.046210 
0.453500 0.982552 0.462022 
0.056254 0.008909 0.491768 
0.949365 0.016878 0.016878 0.016878 
0.250000 0.250000 0.250000 0.250000 
 117
0.490246 0.008540 0.046210 
0.453500 0.982552 0.462022 
0.056254 0.008909 0.491768 
0.016878 0.016878 0.941269 0.024975 
0.250000 0.250000 0.250000 0.250000 
 118
0.490246 0.008540 0.046210 
0.453500 0.982552 0.462022 
0.056254 0.008909 0.491768 
0.016878 0.949365 0.016878 0.016878 
0.250000 0.250000 0.250000 0.250000 
 119
0.490246 0.008540 0.046210 
0.453500 0.982552 0.462022 
0.056254 0.008909 0.491768 
0.024201 0.016878 0.016878 0.942042 
0.250000 0.250000 0.250000 0.250000 
 120
0.490246 0.008540 0.046210 
0.453500 0.982552 0.462022 
0.056254 0.008909 0.491768 
0.016878 0.016878 0.949365 0.016878 
0.250000 0.250000 0.250000 0.250000 
 121
0.490246 0.008540 0.046210 
0.453500 0.982552 0.462022 
0.056254 0.008909 0.491768 
0.949365 0.016878 0.016878 0.016878 
0.250000 0.250000 0.250000 0.250000 
 122
0.490246 0.008540 0.046210 
0.453500 0.982552 0.462022 
0.056254 0.008909 0.491768 
0.016878 0.016878 0.949365 0.016878 
0.250000 0.250000 0.250000 0.250000 
 123
0.490246 0.008540 0.046210 
0.453500 0.982552 0.462022 
0.056254 0.008909 0.491768 
0.016878 0.016878 0.016878 0.949365 
0.250000 0.250000 0.250000 0.250000 
 124
0.490246 0.008540 0.046210 
0.453500 0.982552 0.462022 
0.056254 0.008909 0.491768 
0.016878 0.949365 0.016878 0.016878 
0.250000 0.250000 0.250000 0.250000 
 125
0.490246 0.008540 0.046210 
0.453500 0.982552 0.462022 
0.056254 0.008909 0.491768 
0.016878 0.016878 0.016878 0.949365 
0.250000 0.250000 0.250000 0.250000 
 126
0.490246 0.008540 0.046210 
0.453500 0.982552 0.462022 
0.056254 0.008909 0.491768 
0.016878 0.016878 0.023466 0.942778 
0.250000 0.250000 0.250000 0.250000 
 127
0.490246 0.008540 0.046210 
0.453500 0.982552 0.462022 
0.056254 0.008909 0.491768 
0.949365 0.016878 0.016878 0.016878 
0.250000 0.250000 0.250000 0.250000 
 128
0.490246 0.008540 0.046210 
0.453500 0.982552 0.462022 
0.056254 0.008909 0.491768 
0.016878 0.016878 0.949365 0.016878 
0.250000 0.250000 0.250000 0.250000 
 129
0.490246 0.008540 0.046210 
0.453500 0.982552 0.462022 
0.056254 0.008909 0.491768 
0.949365 0.016878 0.016878 0.016878 
0.250000 0.250000 0.250000 0.250000 
 130
0.490246 0.008540 0.046210 
0.453500 0.982552 0.462022 
0.056254 0.008909 0.491768 
0.016878 0.016878 0.949365 0.016878 
0.250000 0.250000 0.250000 0.250000 
 131
0.490246 0.008540 0.046210 
0.453500 0.982552 0.462022 
0.056254 0.008909 0.491768 
0.949365 0.016878 0.016878 0.016878 
0.250000 0.250000 0.250000 0.250000 
 132
0.490246 0.008540 0.046210 
0.453500 0.982552 0.462022 
0.056254 0.008909 0.491768 
0.016878 0.016878 0.016878 0.949365 
0.250000 0.250000 0.250000 0.250000 
 133
0.490246 0.008540 0.046210 
0.453500 0.982552 0.462022 
0.056254 0.008909 0.491768 
0.016878 0.949365 0.016878 0.016878 
0.250000 0.250000 0.250000 0.250000 
 134
0.490246 0.008540 0.046210 
0.453500 0.982552 0.462022 
0.056254 0.008909 0.491768 
0.016878 0.016878 0.949365 0.016878 
0.250000 0.250000 0.250000 0.250000 
 135
0.490246 0.008540 0.046210 
0.453500 0.982552 0.462022 
0.056254 0.008909 0.491768 
0.021765 0.016878 0.856751 0.104606 
0.250000 0.250000 0.250000 0.250000 
 136
0.490246 0.008540 0.046210 
0.453500 0.982552 0.462022 
0.056254 0.008909 0.491768 
0.033535 0.016878 0.932709 0.016878 
0.250000 0.250000 0.250000 0.250000 
 137
0.490246 0.008540 0.046210 
0.453500 0.982552 0.462022 
0.056254 0.008909 0.491768 
0.938561 0.027683 0.016878 0.016878 
0.250000 0.250000 0.250000 0.250000 
 138
0.490246 0.008540 0.046210 
0.453500 0.982552 0.462022 
0.056254 0.008909 0.491768 
0.949365 0.016878 0.016878 0.016878 
0.250000 0.250000 0.250000 0.250000 
 139
0.490246 0.008540 0.046210 
0.453500 0.982552 0.462022 
0.056254 0.008909 0.491768 
0.016878 0.949365 0.016878 0.016878 
0.250000 0.250000 0.250000 0.250000 
 140
0.490246 0.008540 0.046210 
0.453500 0.982552 0.462022 
0.056254 0.008909 0.491768 
0.949365 0.016878 0.016878 0.016878 
0.250000 0.250000 0.250000 0.250000 
 141
0.490246 0.008540 0.046210 
0.453500 0.982552 0.462022 
0.056254 0.008909 0.491768 
0.016878 0.016878 0.944113 0.022130 
0.250000 0.250000 0.250000 0.250000 
 142
0.490246 0.008540 0.046210 
0.453500 0.982552 0.462022 
0.056254 0.008909 0.491768 
0.949365 0.016878 0.016878 0.016878 
0.250000 0.250000 0.250000 0.250000 
 143
0.490246 0.008540 0.046210 
0.453500 0.982552 0.462022 
0.056254 0.008909 0.491768 
0.016878 0.016878 0.016878 0.949365 
0.250000 0.250000 0.250000 0.250000 
 144
0.490246 0.008540 0.046210 
0.453500 0.982552 0.462022 
0.056254 0.008909 0.491768 
0.949365 0.016878 0.016878 0.016878 
0.250000 0.250000 0.250000 0.250000 
 145
0.490246 0.008540 0.046210 
0.453500 0.982552 0.462022 
0.056254 0.008909 0.491768 
0.016878 0.024201 0.942042 0.016878 
0.250000 0.250000 0.250000 0.250000 
 146
0.490246 0.008540 0.046210 
0.453500 0.982552 0.462022 
0.056254 0.008909 0.491768 
0.016878 0.016878 0.016878 0.949365 
0.250000 0.250000 0.250000 0.250000 
 147
0.490246 0.008540 0.046210 
0.453500 0.982552 0.462022 
0.056254 0.008909 0.491768 
0.016878 0.949365 0.016878 0.016878 
0.250000 0.250000 0.250000 0.250000 
 148
0.490246 0.008540 0.046210 
0.453500 0.982552 0.462022 
0.056254 0.008909 0.491768 
0.016878 0.949365 0.016878 0.016878 
0.250000 0.250000 0.250000 0.250000 
 149
0.490246 0.008540 0.046210 
0.453500 0.982552 0.462022 
0.056254 0.008909 0.491768 
0.949365 0.016878 0.016878 0.016878 
0.250000 0.250000 0.250000 0.250000 
 150
0.490246 0.008540 0.046210 
0.453500 0.982552 0.462022 
0.056254 0.008909 0.491768 
0.949365 0.016878 0.016878 0.016878 
0.250000 0.250000 0.250000 0.250000 
 151
0.490246 0.008540 0.046210 
0.453500 0.982552 0.462022 
0.056254 0.008909 0.491768 
0.949365 0.016878 0.016878 0.016878 
0.250000 0.250000 0.250000 0.250000 
 152
0.490246 0.008540 0.046210 
0.453500 0.982552 0.462022 
0.056254 0.008909 0.491768 
0.949365 0.016878 0.016878 0.016878 
0.250000 0.250000 0.250000 0.250000 
 153
0.490246 0.008540 0.046210 
0.453500 0.982552 0.462022 
0.056254 0.008909 0.491768 
0.016878 0.949365 0.016878 0.016878 
0.250000 0.250000 0.250000 0.250000 
 154
0.490246 0.008540 0.046210 
0.453500 0.982552 0.462022 
0.056254 0.008909 0.491768 
0.943795 0.022449 0.016878 0.016878 
0.250000 0.250000 0.250000 0.250000 
 155
0.490246 0.008540 0.046210 
0.453500 0.982552 0.462022 
0.056254 0.008909 0.491768 
0.016878 0.016878 0.949365 0.016878 
0.250000 0.250000 0.250000 0.250000 
 156
0.490246 0.008540 0.046210 
0.453500 0.982552 0.462022 
0.056254 0.008909 0.491768 
0.949365 0.016878 0.016878 0.016878 
0.250000 0.250000 0.250000 0.250000 
 157
0.490246 0.008540 0.046210 
0.453500 0.982552 0.462022 
0.056254 0.008909 0.491768 
0.016878 0.016878 0.949365 0.016878 
0.250000 0.250000 0.250000 0.250000 
 158
0.490246 0.008540 0.046210 
0.453500 0.982552 0.462022 
0.056254 0.008909 0.491768 
0.949365 0.016878 0.016878 0.016878 
0.250000 0.250000 0.250000 0.250000 
 159
0.490246 0.008540 0.046210 
0.453500 0.982552 0.462022 
0.056254 0.008909 0.491768 
0.016878 0.016878 0.949365 0.016878 
0.250000 0.250000 0.250000 0.250000 
 160
0.490246 0.008540 0.046210 
0.453500 0.982552 0.462022 
0.056254 0.008909 0.491768 
0.949365 0.016878 0.016878 0.016878 
0.250000 0.250000 0.250000 0.250000 
 161
0.490246 0.008540 0.046210 
0.453500 0.982552 0.462022 
0.056254 0.008909 0.491768 
0.949365 0.016878 0.016878 0.016878 
0.250000 0.250000 0.250000 0.250000 
 162
0.490246 0.008540 0.046210 
0.453500 0.982552 0.462022 
0.056254 0.008909 0.491768 
0.016878 0.016878 0.939040 0.027204 
0.250000 0.250000 0.250000 0.250000 
 163
0.490246 0.008540 0.046210 
0.453500 0.982552 0.462022 
0.056254 0.008909 0.491768 
0.016878 0.949365 0.016878 0.016878 
0.250000 0.250000 0.250000 0.250000 
 164
0.490246 0.008540 0.046210 
0.453500 0.982552 0.462022 
0.056254 0.008909 0.491768 
0.016878 0.949365 0.016878 0.016878 
0.250000 0.250000 0.250000 0.250000 
 165
0.490246 0.008540 0.046210 
0.453500 0.982552 0.462022 
0.056254 0.008909 0.491768 
0.016878 0.949365 0.016878 0.016878 
0.250000 0.250000 0.250000 0.250000 
 166
0.490246 0.008540 0.046210 
0.453500 0.982552 0.462022 
0.056254 0.008909 0.491768 
0.949365 0.016878 0.016878 0.016878 
0.250000 0.250000 0.250000 0.250000 
 167
0.490246 0.008540 0.046210 
0.453500 0.982552 0.462022 
0.056254 0.008909 0.491768 
0.026677 0.914094 0.016878 0.042351 
0.250000 0.250000 0.250000 0.250000 
 168
0.490246 0.008540 0.046210 
0.453500 0.982552 0.462022 
0.056254 0.008909 0.491768 
0.016878 0.949365 0.016878 0.016878 
0.250000 0.250000 0.250000 0.250000 
 169
0.490246 0.008540 0.046210 
0.453500 0.982552 0.462022 
0.056254 0.008909 0.491768 
0.016878 0.016878 0.949365 0.016878 
0.250000 0.250000 0.250000 0.250000 
 170
0.490246 0.008540 0.046210 
0.453500 0.982552 0.462022 
0.056254 0.008909 0.491768 
0.016878 0.016878 0.016878 0.949365 
0.250000 0.250000 0.250000 0.250000 
 171
0.490246 0.008540 0.046210 
0.453500 0.982552 0.462022 
0.056254 0.008909 0.491768 
0.016878 0.016878 0.949365 0.016878 
0.250000 0.250000 0.250000 0.250000 
 172
0.490246 0.008540 0.046210 
0.453500 0.982552 0.462022 
0.056254 0.008909 0.491768 
0.016878 0.016878 0.016878 0.949365 
0.250000 0.250000 0.250000 0.250000 
 173
0.490246 0.008540 0.046210 
0.453500 0.982552 0.462022 
0.056254 0.008909 0.491768 
0.016878 0.949365 0.016878 0.016878 
0.250000 0.250000 0.250000 0.250000 
 174
0.490246 0.008540 0.046210 
0.453500 0.982552 0.462022 
0.056254 0.008909 0.491768 
0.016878 0.016878 0.949365 0.016878 
0.250000 0.250000 0.250000 0.250000 
 175
0.490246 0.008540 0.046210 
0.453500 0.982552 0.462022 
0.056254 0.008909 0.491768 
0.022604 0.943640 0.016878 0.016878 
0.250000 0.250000 0.250000 0.250000 
 176
0.490246 0.008540 0.046210 
0.453500 0.982552 0.462022 
0.056254 0.008909 0.491768 
0.949365 0.016878 0.016878 0.016878 
0.250000 0.250000 0.250000 0.250000 
 177
0.490246 0.008540 0.046210 
0.453500 0.982552 0.462022 
0.056254 0.008909 0.491768 
0.016878 0.016878 0.016878 0.949365 
0.250000 0.250000 0.250000 0.250000 
 178
0.490246 0.008540 0.046210 
0.453500 0.982552 0.462022 
0.056254 0.008909 0.491768 
0.016878 0.016878 0.944343 0.021901 
0.250000 0.250000 0.250000 0.250000 
 179
0.490246 0.008540 0.046210 
0.453500 0.982552 0.462022 
0.056254 0.008909 0.491768 
0.016878 0.024201 0.016878 0.942042 
0.250000 0.250000 0.250000 0.250000 
 180
0.490246 0.008540 0.046210 
0.453500 0.982552 0.462022 
0.056254 0.008909 0.491768 
0.016878 0.949365 0.016878 0.016878 
0.250000 0.250000 0.250000 0.250000 
 181
0.490246 0.008540 0.046210 
0.453500 0.982552 0.462022 
0.056254 0.008909 0.491768 
0.949365 0.016878 0.016878 0.016878 
0.250000 0.250000 0.250000 0.250000 
 182
0.490246 0.008540 0.046210 
0.453500 0.982552 0.462022 
0.056254 0.008909 0.491768 
0.949365 0.016878 0.016878 0.016878 
0.250000 0.250000 0.250000 0.250000 
 183
0.490246 0.008540 0.046210 
0.453500 0.982552 0.462022 
0.056254 0.008909 0.491768 
0.016878 0.016878 0.016878 0.949365 
0.250000 0.250000 0.250000 0.250000 
 184
0.490246 0.008540 0.046210 
0.453500 0.982552 0.462022 
0.056254 0.008909 0.491768 
0.016878 0.949365 0.016878 0.016878 
0.250000 0.250000 0.250000 0.250000 
 185
0.490246 0.008540 0.046210 
0.453500 0.982552 0.462022 
0.056254 0.008909 0.491768 
0.016878 0.949365 0.016878 0.016878 
0.250000 0.250000 0.250000 0.250000 
 186
0.490246 0.008540 0.046210 
0.453500 0.982552 0.462022 
0.056254 0.008909 0.491768 
0.949365 0.016878 0.016878 0.016878 
0.250000 0.250000 0.250000 0.250000 
 187
0.490246 0.008540 0.046210 
0.453500 0.982552 0.462022 
0.056254 0.008909 0.491768 
0.016878 0.949365 0.016878 0.016878 
0.250000 0.250000 0.250000 0.250000 
 188
0.490246 0.008540 0.046210 
0.453500 0.982552 0.462022 
0.056254 0.008909 0.491768 
0.016878 0.016878 0.016878 0.949365 
0.250000 0.250000 0.250000 0.250000 
 189
0.490246 0.008540 0.046210 
0.453500 0.982552 0.462022 
0.056254 0.008909 0.491768 
0.112150 0.854094 0.016878 0.016878 
0.250000 0.250000 0.250000 0.250000 
 190
0.490246 0.008540 0.046210 
0.453500 0.982552 0.462022 
0.056254 0.008909 0.491768 
0.949365 0.016878 0.016878 0.016878 
0.250000 0.250000 0.250000 0.250000 
 191
0.490246 0.008540 0.046210 
0.453500 0.982552 0.462022 
0.056254 0.008909 0.491768 
0.949365 0.016878 0.016878 0.016878 
0.250000 0.250000 0.250000 0.250000 
 192
0.490246 0.008540 0.046210 
0.453500 0.982552 0.462022 
0.056254 0.008909 0.491768 
0.944623 0.021620 0.016878 0.016878 
0.250000 0.250000 0.250000 0.250000 
 193
0.490246 0.008540 0.046210 
0.453500 0.982552 0.462022 
0.056254 0.008909 0.491768 
0.016878 0.016878 0.949365 0.016878 
0.250000 0.250000 0.250000 0.250000 
 194
0.490246 0.008540 0.046210 
0.453500 0.982552 0.462022 
0.056254 0.008909 0.491768 
0.016878 0.016878 0.949365 0.016878 
0.250000 0.250000 0.250000 0.250000 
 195
0.490246 0.008540 0.046210 
0.453500 0.982552 0.462022 
0.056254 0.008909 0.491768 
0.016878 0.016878 0.016878 0.949365 
0.250000 0.250000 0.250000 0.250000 
 196
0.490246 0.008540 0.046210 
0.453500 0.982552 0.462022 
0.056254 0.008909 0.491768 
0.016878 0.016878 0.943609 0.022635 
0.250000 0.250000 0.250000 0.250000 
 197
0.490246 0.008540 0.046210 
0.453500 0.982552 0.462022 
0.056254 0.008909 0.491768 
0.016878 0.016878 0.016878 0.949365 
0.250000 0.250000 0.250000 0.250000 
 198
0.490246 0.008540 0.046210 
0.453500 0.982552 0.462022 
0.056254 0.008909 0.491768 
0.016878 0.949365 0.016878 0.016878 
0.250000 0.250000 0.250000 0.250000 
 199
0.490246 0.008540 0.046210 
0.453500 0.982552 0.462022 
0.056254 0.008909 0.491768 
0.949365 0.016878 0.016878 0.016878 
0.250000 0.250000 0.250000 0.250000 
 200
0.490246 0.008540 0.046210 
0.453500 0.982552 0.462022 
0.056254 0.008909 0.491768 
0.016878 0.016878 0.016878 0.949365 
0.250000 0.250000 0.250000 0.250000 
 201
0.490246 0.008540 0.046210 
0.453500 0.982552 0.462022 
0.056254 0.008909 0.491768 
0.016878 0.016878 0.021987 0.944257 
0.250000 0.250000 0.250000 0.250000 
 202
0.490246 0.008540 0.046210 
0.453500 0.982552 0.462022 
0.056254 0.008909 0.491768 
0.016878 0.016878 0.016878 0.949365 
0.250000 0.250000 0.250000 0.250000 
 203
0.490246 0.008540 0.046210 
0.453500 0.982552 0.462022 
0.056254 0.008909 0.491768 
0.016878 0.016878 0.016878 0.949365 
0.250000 0.250000 0.250000 0.250000 
 204
0.490246 0.008540 0.046210 
0.453500 0.982552 0.462022 
0.056254 0.008909 0.491768 
0.924095 0.042149 0.016878 0.016878 
0.250000 0.250000 0.250000 0.250000 
 205
0.490246 0.008540 0.046210 
0.453500 0.982552 0.462022 
0.056254 0.008909 0.491768 
0.949365 0.016878 0.016878 0.016878 
0.250000 0.250000 0.250000 0.250000 
 206
0.490246 0.008540 0.046210 
0.453500 0.982552 0.462022 
0.056254 0.008909 0.491768 
0.949365 0.016878 0.016878 0.016878 
0.250000 0.250000 0.250000 0.250000 
 207
0.490246 0.008540 0.046210 
0.453500 0.982552 0.462022 
0.056254 0.008909 0.491768 
0.071191 0.895052 0.016878 0.016878 
0.250000 0.250000 0.250000 0.250000 
 208
0.490246 0.008540 0.046210 
0.453500 0.982552 0.462022 
0.056254 0.008909 0.491768 
0.016878 0.949365 0.016878 0.016878 
0.250000 0.250000 0.250000 0.250000 
 209
0.490246 0.008540 0.046210 
0.453500 0.982552 0.462022 
0.056254 0.008909 0.491768 
0.949365 0.016878 0.016878 0.016878 
0.250000 0.250000 0.250000 0.250000 
 210
0.490246 0.008540 0.046210 
0.453500 0.982552 0.462022 
0.056254 0.008909 0.491768 
0.016878 0.016878 0.021921 0.944323 
0.250000 0.250000 0.250000 0.250000 
 211
0.490246 0.008540 0.046210 
0.453500 0.982552 0.462022 
0.056254 0.008909 0.491768 
0.016878 0.016878 0.016878 0.949365 
0.250000 0.250000 0.250000 0.250000 
 212
0.490246 0.008540 0.046210 
0.453500 0.982552 0.462022 
0.056254 0.008909 0.491768 
0.016878 0.949365 0.016878 0.016878 
0.250000 0.250000 0.250000 0.250000 
 213
0.490246 0.008540 0.046210 
0.453500 0.982552 0.462022 
0.056254 0.008909 0.491768 
0.016878 0.016878 0.016878 0.949365 
0.250000 0.250000 0.250000 0.250000 
 214
0.490246 0.008540 0.046210 
0.453500 0.982552 0.462022 
0.056254 0.008909 0.491768 
0.949365 0.016878 0.016878 0.016878 
0.250000 0.250000 0.250000 0.250000 
 215
0.490246 0.008540 0.046210 
0.453500 0.982552 0.462022 
0.056254 0.008909 0.491768 
0.016878 0.949365 0.016878 0.016878 
0.250000 0.250000 0.250000 0.250000 
 216
0.490246 0.008540 0.046210 
0.453500 0.982552 0.462022 
0.056254 0.008909 0.491768 
0.016878 0.016878 0.042542 0.923701 
0.250000 0.250000 0.250000 0.250000 
 217
0.490246 0.008540 0.046210 
0.453500 0.982552 0.462022 
0.056254 0.008909 0.491768 
0.016878 0.949365 0.016878 0.016878 
0.250000 0.250000 0.250000 0.250000 
 218
0.490246 0.008540 0.046210 
0.453500 0.982552 0.462022 
0.056254 0.008909 0.491768 
0.016878 0.016878 0.016878 0.949365 
0.250000 0.250000 0.250000 0.250000 
 219
0.490246 0.008540 0.046210 
0.453500 0.982552 0.462022 
0.056254 0.008909 0.491768 
0.949365 0.016878 0.016878 0.016878 
0.250000 0.250000 0.250000 0.250000 
 220
0.490246 0.008540 0.046210 
0.453500 0.982552 0.462022 
0.056254 0.008909 0.491768 
0.016878 0.943756 0.016878 0.022488 
0.250000 0.250000 0.250000 0.250000 
 221
0.490246 0.008540 0.046210 
0.453500 0.982552 0.462022 
0.056254 0.008909 0.491768 
0.016878 0.016878 0.949365 0.016878 
0.250000 0.250000 0.250000 0.250000 
 222
0.490246 0.008540 0.046210 
0.453500 0.982552 0.462022 
0.056254 0.008909 0.491768 
0.016878 0.016878 0.016878 0.949365 
0.250000 0.250000 0.250000 0.250000 
 223
0.490246 0.008540 0.046210 
0.453500 0.982552 0.462022 
0.056254 0.008909 0.491768 
0.016878 0.949365 0.016878 0.016878 
0.250000 0.250000 0.250000 0.250000 
 224
0.490246 0.008540 0.046210 
0.453500 0.982552 0.462022 
0.056254 0.008909 0.491768 
0.016878 0.949365 0.016878 0.016878 
0.250000 0.250000 0.250000 0.250000 
 225
0.490246 0.008540 0.046210 
0.453500 0.982552 0.462022 
0.056254 0.008909 0.491768 
0.949365 0.016878 0.016878 0.016878 
0.250000 0.250000 0.250000 0.250000 
 226
0.490246 0.008540 0.046210 
0.453500 0.982552 0.462022 
0.056254 0.008909 0.491768 
0.016878 0.016878 0.016878 0.949365 
0.250000 0.250000 0.250000 0.250000 
 227
0.490246 0.008540 0.046210 
0.453500 0.982552 0.462022 
0.056254 0.008909 0.491768 
0.016878 0.949365 0.016878 0.016878 
0.250000 0.250000 0.250000 0.250000 
 228
0.490246 0.008540 0.046210 
0.453500 0.982552 0.462022 
0.056254 0.008909 0.491768 
0.016878 0.949365 0.016878 0.016878 
0.250000 0.250000 0.250000 0.250000 
 229
0.490246 0.008540 0.046210 
0.453500 0.982552 0.462022 
0.056254 0.008909 0.491768 
0.016878 0.016878 0.949365 0.016878 
0.250000 0.250000 0.250000 0.250000 
 230
0.490246 0.008540 0.046210 
0.453500 0.982552 0.462022 
0.056254 0.008909 0.491768 
0.016878 0.016878 0.016878 0.949365 
0.250000 0.250000 0.250000 0.250000 
 231
0.490246 0.008540 0.046210 
0.453500 0.982552 0.462022 
0.056254 0.008909 0.491768 
0.016878 0.016878 0.016878 0.949365 
0.250000 0.250000 0.250000 0.250000 
 232
0.490246 0.008540 0.046210 
0.453500 0.982552 0.462022 
0.056254 0.008909 0.491768 
0.016878 0.016878 0.949365 0.016878 
0.250000 0.250000 0.250000 0.250000 
 233
0.490246 0.008540 0.046210 
0.453500 0.982552 0.462022 
0.056254 0.008909 0.491768 
0.016878 0.016878 0.016878 0.949365 
0.250000 0.250000 0.250000 0.250000 
 234
0.490246 0.008540 0.046210 
0.453500 0.982552 0.462022 
0.056254 0.008909 0.491768 
0.016878 0.016878 0.016878 0.949365 
0.250000 0.250000 0.250000 0.250000 
 235
