%  SAM: /scicomp/home-pure/vfn4/Tools/label-dev/LABEL_RES/scripts/modelfromalign_Linux v3.5 (July 15, 2005) compiled 12/08/06_16:15:55
%  (c) 1992-2001 Regents of the University of California, Santa Cruz
%
%          Sequence Alignment and Modeling Software System
%         http://www.cse.ucsc.edu/research/compbio/sam.html
%
% ----------------- Citations (SAM, SAM-T2K, HMMs) --------------------
% R. Hughey, A. Krogh, Hidden Markov models for sequence analysis:
%  Extension and analysis of the basic method, CABIOS 12:95-107, 1996.
% K. Karplus, et al., What is the value added by human intervention in protein
%  structure prediction, Proteins: Stucture, Function, Genetics 45(S5):86--91, 2001.
% A. Krogh et al., Hidden Markov models in computational biology:
%  Applications to protein modeling, JMB 235:1501-1531, Feb 1994.
% ---------------------------------------------------------------------
%  c-2.3.4.4e_hmm   Host: node234.hpc.biotech.cdc.gov    Fri May  5 13:07:14 2023
%  vfn4             Dir:  /scicomp/home-pure/vfn4/fluA/H5/c-2344/c-2344x/c-2344xL2/e-f-like-repair/c-2344xL2-alt/c-2344fehLK/c-2344efLK
% ---------------------------------------------------------------------
%  Alignment weights from internal calc.  Total (20.71) Max (0.21) Min (0.04)
%  Weights from alignment method 1 (karplus), b=-1.000000, e=0.500000
MODEL --  Model from alignment file /scicomp/home-pure/vfn4/Tools/label-dev/LABEL_RES/training_data/c-2344xL2/c-2344fehLK/c-2344efLK/c-2.3.4.4e.fasta
alphabet DNA
FREQAVE
0.000000 0.000000 0.000000 
0.000000 0.000000 0.000000 
0.000000 0.000000 0.000000 
0.349907 0.227730 0.183809 0.238553 
0.349907 0.227730 0.183809 0.238553 
Begin
0.000000 0.000000 0.000000 
0.000000 0.000000 0.000000 
0.000000 0.007236 0.491768 
0.250000 0.250000 0.250000 0.250000 
0.250000 0.250000 0.250000 0.250000 
   1
0.000000 0.252176 0.046210 
0.000000 0.740587 0.462022 
0.017438 0.009588 0.491768 
0.940939 0.019687 0.019687 0.019687 
0.250000 0.250000 0.250000 0.250000 
   2
0.822643 0.009190 0.046210 
0.159919 0.981222 0.462022 
0.017782 0.009502 0.491768 
0.019306 0.019306 0.019306 0.942081 
0.250000 0.250000 0.250000 0.250000 
   3
0.833209 0.009108 0.046210 
0.149010 0.981390 0.462022 
0.017883 0.009477 0.491768 
0.019200 0.942400 0.019200 0.019200 
0.250000 0.250000 0.250000 0.250000 
   4
0.837951 0.009085 0.046210 
0.144166 0.981438 0.462022 
0.017883 0.009477 0.491768 
0.019200 0.942400 0.019200 0.019200 
0.250000 0.250000 0.250000 0.250000 
   5
0.837951 0.009085 0.046210 
0.144166 0.981438 0.462022 
0.017883 0.009477 0.491768 
0.936882 0.019200 0.019200 0.024718 
0.250000 0.250000 0.250000 0.250000 
   6
0.837951 0.009085 0.046210 
0.144166 0.981438 0.462022 
0.017883 0.009477 0.491768 
0.026377 0.935223 0.019200 0.019200 
0.250000 0.250000 0.250000 0.250000 
   7
0.837951 0.009085 0.046210 
0.144166 0.981438 0.462022 
0.017883 0.009477 0.491768 
0.938298 0.023302 0.019200 0.019200 
0.250000 0.250000 0.250000 0.250000 
   8
0.837951 0.009085 0.046210 
0.144166 0.981438 0.462022 
0.017883 0.009477 0.491768 
0.934404 0.027196 0.019200 0.019200 
0.250000 0.250000 0.250000 0.250000 
   9
0.837951 0.009085 0.046210 
0.144166 0.981438 0.462022 
0.017883 0.009477 0.491768 
0.942400 0.019200 0.019200 0.019200 
0.250000 0.250000 0.250000 0.250000 
  10
0.837951 0.009085 0.046210 
0.144166 0.981438 0.462022 
0.017883 0.009477 0.491768 
0.942400 0.019200 0.019200 0.019200 
0.250000 0.250000 0.250000 0.250000 
  11
0.837951 0.009085 0.046210 
0.144166 0.981438 0.462022 
0.017883 0.009477 0.491768 
0.019200 0.019200 0.019200 0.942400 
0.250000 0.250000 0.250000 0.250000 
  12
0.837951 0.009085 0.046210 
0.144166 0.981438 0.462022 
0.017883 0.009477 0.491768 
0.931420 0.030062 0.019259 0.019259 
0.250000 0.250000 0.250000 0.250000 
  13
0.837951 0.009085 0.046210 
0.144166 0.981438 0.462022 
0.017883 0.009477 0.491768 
0.061625 0.899975 0.019200 0.019200 
0.250000 0.250000 0.250000 0.250000 
  14
0.837951 0.009085 0.046210 
0.144166 0.981438 0.462022 
0.017883 0.009477 0.491768 
0.019200 0.019200 0.019200 0.942400 
0.250000 0.250000 0.250000 0.250000 
  15
0.837951 0.009085 0.046210 
0.144166 0.981438 0.462022 
0.017883 0.009477 0.491768 
0.092365 0.869235 0.019200 0.019200 
0.250000 0.250000 0.250000 0.250000 
  16
0.837951 0.009085 0.046210 
0.144166 0.981438 0.462022 
0.017883 0.009477 0.491768 
0.019200 0.019200 0.925414 0.036186 
0.250000 0.250000 0.250000 0.250000 
  17
0.837951 0.009085 0.046210 
0.144166 0.981438 0.462022 
0.017883 0.009477 0.491768 
0.019200 0.019200 0.019200 0.942400 
0.250000 0.250000 0.250000 0.250000 
  18
0.837951 0.009085 0.046210 
0.144166 0.981438 0.462022 
0.017883 0.009477 0.491768 
0.019200 0.019200 0.019200 0.942400 
0.250000 0.250000 0.250000 0.250000 
  19
0.837951 0.009085 0.046210 
0.144166 0.981438 0.462022 
0.017883 0.009477 0.491768 
0.023192 0.019200 0.928452 0.029156 
0.250000 0.250000 0.250000 0.250000 
  20
0.837951 0.009085 0.046210 
0.144166 0.981438 0.462022 
0.017883 0.009477 0.491768 
0.019200 0.019200 0.023638 0.937962 
0.250000 0.250000 0.250000 0.250000 
  21
0.837951 0.009085 0.046210 
0.144166 0.981438 0.462022 
0.017883 0.009477 0.491768 
0.019200 0.019200 0.019200 0.942400 
0.250000 0.250000 0.250000 0.250000 
  22
0.837951 0.009085 0.046210 
0.144166 0.981438 0.462022 
0.017883 0.009477 0.491768 
0.022638 0.019200 0.934524 0.023638 
0.250000 0.250000 0.250000 0.250000 
  23
0.837951 0.009085 0.046210 
0.144166 0.981438 0.462022 
0.017883 0.009477 0.491768 
0.027196 0.019200 0.023638 0.929966 
0.250000 0.250000 0.250000 0.250000 
  24
0.837951 0.009085 0.046210 
0.144166 0.981438 0.462022 
0.017883 0.009477 0.491768 
0.019200 0.019200 0.019200 0.942400 
0.250000 0.250000 0.250000 0.250000 
  25
0.837951 0.009085 0.046210 
0.144166 0.981438 0.462022 
0.017883 0.009477 0.491768 
0.019200 0.928002 0.019200 0.033598 
0.250000 0.250000 0.250000 0.250000 
  26
0.837951 0.009085 0.046210 
0.144166 0.981438 0.462022 
0.017883 0.009477 0.491768 
0.019200 0.019200 0.942400 0.019200 
0.250000 0.250000 0.250000 0.250000 
  27
0.837951 0.009085 0.046210 
0.144166 0.981438 0.462022 
0.017883 0.009477 0.491768 
0.926840 0.019200 0.034760 0.019200 
0.250000 0.250000 0.250000 0.250000 
  28
0.834573 0.009085 0.046210 
0.147544 0.981438 0.462022 
0.017944 0.009463 0.491768 
0.024193 0.937532 0.019137 0.019137 
0.250000 0.250000 0.250000 0.250000 
  29
0.837402 0.009071 0.046210 
0.144655 0.981466 0.462022 
0.017944 0.009463 0.491768 
0.019137 0.019137 0.023229 0.938497 
0.250000 0.250000 0.250000 0.250000 
  30
0.837402 0.009071 0.046210 
0.144655 0.981466 0.462022 
0.017944 0.009463 0.491768 
0.019137 0.942588 0.019137 0.019137 
0.250000 0.250000 0.250000 0.250000 
  31
0.837402 0.009071 0.046210 
0.144655 0.981466 0.462022 
0.017944 0.009463 0.491768 
0.019137 0.942588 0.019137 0.019137 
0.250000 0.250000 0.250000 0.250000 
  32
0.837402 0.009071 0.046210 
0.144655 0.981466 0.462022 
0.017944 0.009463 0.491768 
0.019137 0.019137 0.019137 0.942588 
0.250000 0.250000 0.250000 0.250000 
  33
0.837402 0.009071 0.046210 
0.144655 0.981466 0.462022 
0.017944 0.009463 0.491768 
0.019137 0.019137 0.035361 0.926365 
0.250000 0.250000 0.250000 0.250000 
  34
0.837402 0.009071 0.046210 
0.144655 0.981466 0.462022 
0.017944 0.009463 0.491768 
0.938578 0.023147 0.019137 0.019137 
0.250000 0.250000 0.250000 0.250000 
  35
0.837402 0.009071 0.046210 
0.144655 0.981466 0.462022 
0.017944 0.009463 0.491768 
0.023305 0.938420 0.019137 0.019137 
0.250000 0.250000 0.250000 0.250000 
  36
0.837402 0.009071 0.046210 
0.144655 0.981466 0.462022 
0.017944 0.009463 0.491768 
0.019137 0.019137 0.922690 0.039035 
0.250000 0.250000 0.250000 0.250000 
  37
0.837402 0.009071 0.046210 
0.144655 0.981466 0.462022 
0.017944 0.009463 0.491768 
0.022994 0.019137 0.938731 0.019137 
0.250000 0.250000 0.250000 0.250000 
  38
0.837402 0.009071 0.046210 
0.144655 0.981466 0.462022 
0.017944 0.009463 0.491768 
0.019137 0.019137 0.027107 0.934619 
0.250000 0.250000 0.250000 0.250000 
  39
0.837402 0.009071 0.046210 
0.144655 0.981466 0.462022 
0.017944 0.009463 0.491768 
0.019137 0.019137 0.019137 0.942588 
0.250000 0.250000 0.250000 0.250000 
  40
0.837402 0.009071 0.046210 
0.144655 0.981466 0.462022 
0.017944 0.009463 0.491768 
0.019137 0.942588 0.019137 0.019137 
0.250000 0.250000 0.250000 0.250000 
  41
0.837402 0.009071 0.046210 
0.144655 0.981466 0.462022 
0.017944 0.009463 0.491768 
0.019137 0.022638 0.027017 0.931208 
0.250000 0.250000 0.250000 0.250000 
  42
0.837402 0.009071 0.046210 
0.144655 0.981466 0.462022 
0.017944 0.009463 0.491768 
0.019137 0.019137 0.028241 0.933485 
0.250000 0.250000 0.250000 0.250000 
  43
0.837402 0.009071 0.046210 
0.144655 0.981466 0.462022 
0.017944 0.009463 0.491768 
0.937826 0.019137 0.019137 0.023900 
0.250000 0.250000 0.250000 0.250000 
  44
0.837402 0.009071 0.046210 
0.144655 0.981466 0.462022 
0.017944 0.009463 0.491768 
0.937826 0.019137 0.019137 0.023900 
0.250000 0.250000 0.250000 0.250000 
  45
0.837402 0.009071 0.046210 
0.144655 0.981466 0.462022 
0.017944 0.009463 0.491768 
0.942412 0.019196 0.019196 0.019196 
0.250000 0.250000 0.250000 0.250000 
  46
0.837402 0.009071 0.046210 
0.144655 0.981466 0.462022 
0.017944 0.009463 0.491768 
0.934934 0.026792 0.019137 0.019137 
0.250000 0.250000 0.250000 0.250000 
  47
0.837402 0.009071 0.046210 
0.144655 0.981466 0.462022 
0.017944 0.009463 0.491768 
0.019137 0.942588 0.019137 0.019137 
0.250000 0.250000 0.250000 0.250000 
  48
0.837402 0.009071 0.046210 
0.144655 0.981466 0.462022 
0.017944 0.009463 0.491768 
0.019137 0.019137 0.019137 0.942588 
0.250000 0.250000 0.250000 0.250000 
  49
0.149981 0.009071 0.046210 
0.832075 0.981466 0.462022 
0.057405 0.007236 0.491768 
0.011514 0.965457 0.011514 0.011514 
0.250000 0.250000 0.250000 0.250000 
  50
0.479817 0.006936 0.046210 
0.462778 0.985827 0.462022 
0.057405 0.007236 0.491768 
0.965457 0.011514 0.011514 0.011514 
0.250000 0.250000 0.250000 0.250000 
  51
0.479817 0.006936 0.046210 
0.462778 0.985827 0.462022 
0.057405 0.007236 0.491768 
0.011514 0.011514 0.011514 0.965457 
0.250000 0.250000 0.250000 0.250000 
  52
0.479817 0.006936 0.046210 
0.462778 0.985827 0.462022 
0.057405 0.007236 0.491768 
0.014962 0.011514 0.962010 0.011514 
0.250000 0.250000 0.250000 0.250000 
  53
0.479817 0.006936 0.046210 
0.462778 0.985827 0.462022 
0.057405 0.007236 0.491768 
0.965457 0.011514 0.011514 0.011514 
0.250000 0.250000 0.250000 0.250000 
  54
0.479817 0.006936 0.046210 
0.462778 0.985827 0.462022 
0.057405 0.007236 0.491768 
0.011514 0.965457 0.011514 0.011514 
0.250000 0.250000 0.250000 0.250000 
  55
0.479817 0.006936 0.046210 
0.462778 0.985827 0.462022 
0.057405 0.007236 0.491768 
0.965457 0.011514 0.011514 0.011514 
0.250000 0.250000 0.250000 0.250000 
  56
0.479817 0.006936 0.046210 
0.462778 0.985827 0.462022 
0.057405 0.007236 0.491768 
0.016309 0.011514 0.011514 0.960662 
0.250000 0.250000 0.250000 0.250000 
  57
0.479817 0.006936 0.046210 
0.462778 0.985827 0.462022 
0.057405 0.007236 0.491768 
0.011514 0.011514 0.019496 0.957476 
0.250000 0.250000 0.250000 0.250000 
  58
0.479817 0.006936 0.046210 
0.462778 0.985827 0.462022 
0.057405 0.007236 0.491768 
0.011514 0.011514 0.011514 0.965457 
0.250000 0.250000 0.250000 0.250000 
  59
0.479817 0.006936 0.046210 
0.462778 0.985827 0.462022 
0.057405 0.007236 0.491768 
0.011514 0.965457 0.011514 0.011514 
0.250000 0.250000 0.250000 0.250000 
  60
0.479817 0.006936 0.046210 
0.462778 0.985827 0.462022 
0.057405 0.007236 0.491768 
0.011514 0.011514 0.965457 0.011514 
0.250000 0.250000 0.250000 0.250000 
  61
0.479817 0.006936 0.046210 
0.462778 0.985827 0.462022 
0.057405 0.007236 0.491768 
0.960662 0.011514 0.016309 0.011514 
0.250000 0.250000 0.250000 0.250000 
  62
0.479817 0.006936 0.046210 
0.462778 0.985827 0.462022 
0.057405 0.007236 0.491768 
0.016309 0.011514 0.011514 0.960662 
0.250000 0.250000 0.250000 0.250000 
  63
0.479817 0.006936 0.046210 
0.462778 0.985827 0.462022 
0.057405 0.007236 0.491768 
0.011514 0.011514 0.011514 0.965457 
0.250000 0.250000 0.250000 0.250000 
  64
0.479817 0.006936 0.046210 
0.462778 0.985827 0.462022 
0.057405 0.007236 0.491768 
0.011514 0.965457 0.011514 0.011514 
0.250000 0.250000 0.250000 0.250000 
  65
0.479817 0.006936 0.046210 
0.462778 0.985827 0.462022 
0.057405 0.007236 0.491768 
0.011514 0.965457 0.011514 0.011514 
0.250000 0.250000 0.250000 0.250000 
  66
0.479817 0.006936 0.046210 
0.462778 0.985827 0.462022 
0.057405 0.007236 0.491768 
0.011514 0.011514 0.013908 0.963063 
0.250000 0.250000 0.250000 0.250000 
  67
0.479817 0.006936 0.046210 
0.462778 0.985827 0.462022 
0.057405 0.007236 0.491768 
0.011514 0.011514 0.011514 0.965457 
0.250000 0.250000 0.250000 0.250000 
  68
0.479817 0.006936 0.046210 
0.462778 0.985827 0.462022 
0.057405 0.007236 0.491768 
0.965457 0.011514 0.011514 0.011514 
0.250000 0.250000 0.250000 0.250000 
  69
0.479817 0.006936 0.046210 
0.462778 0.985827 0.462022 
0.057405 0.007236 0.491768 
0.011514 0.011514 0.963189 0.013782 
0.250000 0.250000 0.250000 0.250000 
  70
0.479817 0.006936 0.046210 
0.462778 0.985827 0.462022 
0.057405 0.007236 0.491768 
0.011514 0.011514 0.965457 0.011514 
0.250000 0.250000 0.250000 0.250000 
  71
0.479817 0.006936 0.046210 
0.462778 0.985827 0.462022 
0.057405 0.007236 0.491768 
0.965457 0.011514 0.011514 0.011514 
0.250000 0.250000 0.250000 0.250000 
  72
0.479817 0.006936 0.046210 
0.462778 0.985827 0.462022 
0.057405 0.007236 0.491768 
0.011514 0.011514 0.011514 0.965457 
0.250000 0.250000 0.250000 0.250000 
  73
0.479817 0.006936 0.046210 
0.462778 0.985827 0.462022 
0.057405 0.007236 0.491768 
0.011514 0.965457 0.011514 0.011514 
0.250000 0.250000 0.250000 0.250000 
  74
0.479817 0.006936 0.046210 
0.462778 0.985827 0.462022 
0.057405 0.007236 0.491768 
0.011514 0.011514 0.965457 0.011514 
0.250000 0.250000 0.250000 0.250000 
  75
0.479817 0.006936 0.046210 
0.462778 0.985827 0.462022 
0.057405 0.007236 0.491768 
0.963166 0.013806 0.011514 0.011514 
0.250000 0.250000 0.250000 0.250000 
  76
0.479817 0.006936 0.046210 
0.462778 0.985827 0.462022 
0.057405 0.007236 0.491768 
0.965457 0.011514 0.011514 0.011514 
0.250000 0.250000 0.250000 0.250000 
  77
0.479817 0.006936 0.046210 
0.462778 0.985827 0.462022 
0.057405 0.007236 0.491768 
0.965457 0.011514 0.011514 0.011514 
0.250000 0.250000 0.250000 0.250000 
  78
0.479817 0.006936 0.046210 
0.462778 0.985827 0.462022 
0.057405 0.007236 0.491768 
0.011514 0.011514 0.965457 0.011514 
0.250000 0.250000 0.250000 0.250000 
  79
0.479817 0.006936 0.046210 
0.462778 0.985827 0.462022 
0.057405 0.007236 0.491768 
0.965457 0.011514 0.011514 0.011514 
0.250000 0.250000 0.250000 0.250000 
  80
0.479817 0.006936 0.046210 
0.462778 0.985827 0.462022 
0.057405 0.007236 0.491768 
0.965457 0.011514 0.011514 0.011514 
0.250000 0.250000 0.250000 0.250000 
  81
0.479817 0.006936 0.046210 
0.462778 0.985827 0.462022 
0.057405 0.007236 0.491768 
0.011514 0.011514 0.947917 0.029055 
0.250000 0.250000 0.250000 0.250000 
  82
0.479817 0.006936 0.046210 
0.462778 0.985827 0.462022 
0.057405 0.007236 0.491768 
0.011514 0.011514 0.011514 0.965457 
0.250000 0.250000 0.250000 0.250000 
  83
0.479817 0.006936 0.046210 
0.462778 0.985827 0.462022 
0.057405 0.007236 0.491768 
0.011514 0.011514 0.958171 0.018801 
0.250000 0.250000 0.250000 0.250000 
  84
0.479817 0.006936 0.046210 
0.462778 0.985827 0.462022 
0.057405 0.007236 0.491768 
0.074714 0.902258 0.011514 0.011514 
0.250000 0.250000 0.250000 0.250000 
  85
0.479817 0.006936 0.046210 
0.462778 0.985827 0.462022 
0.057405 0.007236 0.491768 
0.965457 0.011514 0.011514 0.011514 
0.250000 0.250000 0.250000 0.250000 
  86
0.479817 0.006936 0.046210 
0.462778 0.985827 0.462022 
0.057405 0.007236 0.491768 
0.011514 0.011514 0.965457 0.011514 
0.250000 0.250000 0.250000 0.250000 
  87
0.479817 0.006936 0.046210 
0.462778 0.985827 0.462022 
0.057405 0.007236 0.491768 
0.925210 0.051762 0.011514 0.011514 
0.250000 0.250000 0.250000 0.250000 
  88
0.479817 0.006936 0.046210 
0.462778 0.985827 0.462022 
0.057405 0.007236 0.491768 
0.011514 0.965457 0.011514 0.011514 
0.250000 0.250000 0.250000 0.250000 
  89
0.479817 0.006936 0.046210 
0.462778 0.985827 0.462022 
0.057405 0.007236 0.491768 
0.965457 0.011514 0.011514 0.011514 
0.250000 0.250000 0.250000 0.250000 
  90
0.479817 0.006936 0.046210 
0.462778 0.985827 0.462022 
0.057405 0.007236 0.491768 
0.018238 0.958734 0.011514 0.011514 
0.250000 0.250000 0.250000 0.250000 
  91
0.479817 0.006936 0.046210 
0.462778 0.985827 0.462022 
0.057405 0.007236 0.491768 
0.011514 0.011514 0.965457 0.011514 
0.250000 0.250000 0.250000 0.250000 
  92
0.479817 0.006936 0.046210 
0.462778 0.985827 0.462022 
0.057405 0.007236 0.491768 
0.958447 0.018525 0.011514 0.011514 
0.250000 0.250000 0.250000 0.250000 
  93
0.479817 0.006936 0.046210 
0.462778 0.985827 0.462022 
0.057405 0.007236 0.491768 
0.013665 0.963306 0.011514 0.011514 
0.250000 0.250000 0.250000 0.250000 
  94
0.479817 0.006936 0.046210 
0.462778 0.985827 0.462022 
0.057405 0.007236 0.491768 
0.013904 0.963068 0.011514 0.011514 
0.250000 0.250000 0.250000 0.250000 
  95
0.479817 0.006936 0.046210 
0.462778 0.985827 0.462022 
0.057405 0.007236 0.491768 
0.011514 0.011514 0.011514 0.965457 
0.250000 0.250000 0.250000 0.250000 
  96
0.479817 0.006936 0.046210 
0.462778 0.985827 0.462022 
0.057405 0.007236 0.491768 
0.011514 0.011514 0.011514 0.965457 
0.250000 0.250000 0.250000 0.250000 
  97
0.479817 0.006936 0.046210 
0.462778 0.985827 0.462022 
0.057405 0.007236 0.491768 
0.011514 0.965457 0.011514 0.011514 
0.250000 0.250000 0.250000 0.250000 
  98
0.479817 0.006936 0.046210 
0.462778 0.985827 0.462022 
0.057405 0.007236 0.491768 
0.965457 0.011514 0.011514 0.011514 
0.250000 0.250000 0.250000 0.250000 
  99
0.479817 0.006936 0.046210 
0.462778 0.985827 0.462022 
0.057405 0.007236 0.491768 
0.011514 0.011514 0.965457 0.011514 
0.250000 0.250000 0.250000 0.250000 
 100
0.479817 0.006936 0.046210 
0.462778 0.985827 0.462022 
0.057405 0.007236 0.491768 
0.965457 0.011514 0.011514 0.011514 
0.250000 0.250000 0.250000 0.250000 
 101
0.479817 0.006936 0.046210 
0.462778 0.985827 0.462022 
0.057405 0.007236 0.491768 
0.011514 0.011514 0.965457 0.011514 
0.250000 0.250000 0.250000 0.250000 
 102
0.479817 0.006936 0.046210 
0.462778 0.985827 0.462022 
0.057405 0.007236 0.491768 
0.011514 0.961841 0.011514 0.015131 
0.250000 0.250000 0.250000 0.250000 
 103
0.479817 0.006936 0.046210 
0.462778 0.985827 0.462022 
0.057405 0.007236 0.491768 
0.965457 0.011514 0.011514 0.011514 
0.250000 0.250000 0.250000 0.250000 
 104
0.479817 0.006936 0.046210 
0.462778 0.985827 0.462022 
0.057405 0.007236 0.491768 
0.011514 0.011514 0.011514 0.965457 
0.250000 0.250000 0.250000 0.250000 
 105
0.479817 0.006936 0.046210 
0.462778 0.985827 0.462022 
0.057405 0.007236 0.491768 
0.958234 0.013943 0.011514 0.016309 
0.250000 0.250000 0.250000 0.250000 
 106
0.479817 0.006936 0.046210 
0.462778 0.985827 0.462022 
0.057405 0.007236 0.491768 
0.960173 0.011514 0.016799 0.011514 
0.250000 0.250000 0.250000 0.250000 
 107
0.479817 0.006936 0.046210 
0.462778 0.985827 0.462022 
0.057405 0.007236 0.491768 
0.011514 0.011514 0.011514 0.965457 
0.250000 0.250000 0.250000 0.250000 
 108
0.479817 0.006936 0.046210 
0.462778 0.985827 0.462022 
0.057405 0.007236 0.491768 
0.011514 0.960662 0.011514 0.016309 
0.250000 0.250000 0.250000 0.250000 
 109
0.479817 0.006936 0.046210 
0.462778 0.985827 0.462022 
0.057405 0.007236 0.491768 
0.011514 0.965457 0.011514 0.011514 
0.250000 0.250000 0.250000 0.250000 
 110
0.479817 0.006936 0.046210 
0.462778 0.985827 0.462022 
0.057405 0.007236 0.491768 
0.965457 0.011514 0.011514 0.011514 
0.250000 0.250000 0.250000 0.250000 
 111
0.479817 0.006936 0.046210 
0.462778 0.985827 0.462022 
0.057405 0.007236 0.491768 
0.954516 0.022455 0.011514 0.011514 
0.250000 0.250000 0.250000 0.250000 
 112
0.479817 0.006936 0.046210 
0.462778 0.985827 0.462022 
0.057405 0.007236 0.491768 
0.965457 0.011514 0.011514 0.011514 
0.250000 0.250000 0.250000 0.250000 
 113
0.479817 0.006936 0.046210 
0.462778 0.985827 0.462022 
0.057405 0.007236 0.491768 
0.965457 0.011514 0.011514 0.011514 
0.250000 0.250000 0.250000 0.250000 
 114
0.479817 0.006936 0.046210 
0.462778 0.985827 0.462022 
0.057405 0.007236 0.491768 
0.925275 0.051696 0.011514 0.011514 
0.250000 0.250000 0.250000 0.250000 
 115
0.479817 0.006936 0.046210 
0.462778 0.985827 0.462022 
0.057405 0.007236 0.491768 
0.965457 0.011514 0.011514 0.011514 
0.250000 0.250000 0.250000 0.250000 
 116
0.479817 0.006936 0.046210 
0.462778 0.985827 0.462022 
0.057405 0.007236 0.491768 
0.965457 0.011514 0.011514 0.011514 
0.250000 0.250000 0.250000 0.250000 
 117
0.479817 0.006936 0.046210 
0.462778 0.985827 0.462022 
0.057405 0.007236 0.491768 
0.011514 0.011514 0.965457 0.011514 
0.250000 0.250000 0.250000 0.250000 
 118
0.479817 0.006936 0.046210 
0.462778 0.985827 0.462022 
0.057405 0.007236 0.491768 
0.011514 0.965457 0.011514 0.011514 
0.250000 0.250000 0.250000 0.250000 
 119
0.479817 0.006936 0.046210 
0.462778 0.985827 0.462022 
0.057405 0.007236 0.491768 
0.011514 0.011514 0.011514 0.965457 
0.250000 0.250000 0.250000 0.250000 
 120
0.479817 0.006936 0.046210 
0.462778 0.985827 0.462022 
0.057405 0.007236 0.491768 
0.011514 0.011514 0.953693 0.023278 
0.250000 0.250000 0.250000 0.250000 
 121
0.479817 0.006936 0.046210 
0.462778 0.985827 0.462022 
0.057405 0.007236 0.491768 
0.965457 0.011514 0.011514 0.011514 
0.250000 0.250000 0.250000 0.250000 
 122
0.479817 0.006936 0.046210 
0.462778 0.985827 0.462022 
0.057405 0.007236 0.491768 
0.011514 0.011514 0.965457 0.011514 
0.250000 0.250000 0.250000 0.250000 
 123
0.479817 0.006936 0.046210 
0.462778 0.985827 0.462022 
0.057405 0.007236 0.491768 
0.011514 0.011514 0.015749 0.961223 
0.250000 0.250000 0.250000 0.250000 
 124
0.479817 0.006936 0.046210 
0.462778 0.985827 0.462022 
0.057405 0.007236 0.491768 
0.011514 0.965457 0.011514 0.011514 
0.250000 0.250000 0.250000 0.250000 
 125
0.479817 0.006936 0.046210 
0.462778 0.985827 0.462022 
0.057405 0.007236 0.491768 
0.011514 0.011514 0.011514 0.965457 
0.250000 0.250000 0.250000 0.250000 
 126
0.479817 0.006936 0.046210 
0.462778 0.985827 0.462022 
0.057405 0.007236 0.491768 
0.011514 0.011514 0.043940 0.933031 
0.250000 0.250000 0.250000 0.250000 
 127
0.479817 0.006936 0.046210 
0.462778 0.985827 0.462022 
0.057405 0.007236 0.491768 
0.965457 0.011514 0.011514 0.011514 
0.250000 0.250000 0.250000 0.250000 
 128
0.479817 0.006936 0.046210 
0.462778 0.985827 0.462022 
0.057405 0.007236 0.491768 
0.011514 0.011514 0.965457 0.011514 
0.250000 0.250000 0.250000 0.250000 
 129
0.479817 0.006936 0.046210 
0.462778 0.985827 0.462022 
0.057405 0.007236 0.491768 
0.962820 0.014152 0.011514 0.011514 
0.250000 0.250000 0.250000 0.250000 
 130
0.479817 0.006936 0.046210 
0.462778 0.985827 0.462022 
0.057405 0.007236 0.491768 
0.011514 0.011514 0.965457 0.011514 
0.250000 0.250000 0.250000 0.250000 
 131
0.479817 0.006936 0.046210 
0.462778 0.985827 0.462022 
0.057405 0.007236 0.491768 
0.962339 0.014633 0.011514 0.011514 
0.250000 0.250000 0.250000 0.250000 
 132
0.479817 0.006936 0.046210 
0.462778 0.985827 0.462022 
0.057405 0.007236 0.491768 
0.011514 0.011514 0.011514 0.965457 
0.250000 0.250000 0.250000 0.250000 
 133
0.479817 0.006936 0.046210 
0.462778 0.985827 0.462022 
0.057405 0.007236 0.491768 
0.011514 0.963259 0.011514 0.013713 
0.250000 0.250000 0.250000 0.250000 
 134
0.479817 0.006936 0.046210 
0.462778 0.985827 0.462022 
0.057405 0.007236 0.491768 
0.011514 0.011514 0.965457 0.011514 
0.250000 0.250000 0.250000 0.250000 
 135
0.479817 0.006936 0.046210 
0.462778 0.985827 0.462022 
0.057405 0.007236 0.491768 
0.011514 0.011514 0.959986 0.016986 
0.250000 0.250000 0.250000 0.250000 
 136
0.479817 0.006936 0.046210 
0.462778 0.985827 0.462022 
0.057405 0.007236 0.491768 
0.011514 0.011514 0.965457 0.011514 
0.250000 0.250000 0.250000 0.250000 
 137
0.479817 0.006936 0.046210 
0.462778 0.985827 0.462022 
0.057405 0.007236 0.491768 
0.965457 0.011514 0.011514 0.011514 
0.250000 0.250000 0.250000 0.250000 
 138
0.479817 0.006936 0.046210 
0.462778 0.985827 0.462022 
0.057405 0.007236 0.491768 
0.965457 0.011514 0.011514 0.011514 
0.250000 0.250000 0.250000 0.250000 
 139
0.479817 0.006936 0.046210 
0.462778 0.985827 0.462022 
0.057405 0.007236 0.491768 
0.029526 0.947446 0.011514 0.011514 
0.250000 0.250000 0.250000 0.250000 
 140
0.479817 0.006936 0.046210 
0.462778 0.985827 0.462022 
0.057405 0.007236 0.491768 
0.965457 0.011514 0.011514 0.011514 
0.250000 0.250000 0.250000 0.250000 
 141
0.479817 0.006936 0.046210 
0.462778 0.985827 0.462022 
0.057405 0.007236 0.491768 
0.011514 0.011514 0.965457 0.011514 
0.250000 0.250000 0.250000 0.250000 
 142
0.479817 0.006936 0.046210 
0.462778 0.985827 0.462022 
0.057405 0.007236 0.491768 
0.965457 0.011514 0.011514 0.011514 
0.250000 0.250000 0.250000 0.250000 
 143
0.479817 0.006936 0.046210 
0.462778 0.985827 0.462022 
0.057405 0.007236 0.491768 
0.011514 0.011514 0.011514 0.965457 
0.250000 0.250000 0.250000 0.250000 
 144
0.479817 0.006936 0.046210 
0.462778 0.985827 0.462022 
0.057405 0.007236 0.491768 
0.965457 0.011514 0.011514 0.011514 
0.250000 0.250000 0.250000 0.250000 
 145
0.479817 0.006936 0.046210 
0.462778 0.985827 0.462022 
0.057405 0.007236 0.491768 
0.011514 0.011514 0.962866 0.014105 
0.250000 0.250000 0.250000 0.250000 
 146
0.479817 0.006936 0.046210 
0.462778 0.985827 0.462022 
0.057405 0.007236 0.491768 
0.011514 0.011514 0.011514 0.965457 
0.250000 0.250000 0.250000 0.250000 
 147
0.479817 0.009769 0.046210 
0.462778 0.982995 0.462022 
0.055925 0.007257 0.491768 
0.023695 0.953166 0.011570 0.011570 
0.250000 0.250000 0.250000 0.250000 
 148
0.467442 0.006956 0.046210 
0.476633 0.985787 0.462022 
0.057405 0.007236 0.491768 
0.011514 0.965457 0.011514 0.011514 
0.250000 0.250000 0.250000 0.250000 
 149
0.479817 0.006936 0.046210 
0.462778 0.985827 0.462022 
0.057405 0.007236 0.491768 
0.965457 0.011514 0.011514 0.011514 
0.250000 0.250000 0.250000 0.250000 
 150
0.479817 0.006936 0.046210 
0.462778 0.985827 0.462022 
0.057405 0.007236 0.491768 
0.963338 0.013633 0.011514 0.011514 
0.250000 0.250000 0.250000 0.250000 
 151
0.479817 0.006936 0.046210 
0.462778 0.985827 0.462022 
0.057405 0.007236 0.491768 
0.965457 0.011514 0.011514 0.011514 
0.250000 0.250000 0.250000 0.250000 
 152
0.479817 0.006936 0.046210 
0.462778 0.985827 0.462022 
0.057405 0.007236 0.491768 
0.948761 0.028211 0.011514 0.011514 
0.250000 0.250000 0.250000 0.250000 
 153
0.479817 0.006936 0.046210 
0.462778 0.985827 0.462022 
0.057405 0.007236 0.491768 
0.013664 0.963308 0.011514 0.011514 
0.250000 0.250000 0.250000 0.250000 
 154
0.479817 0.006936 0.046210 
0.462778 0.985827 0.462022 
0.057405 0.007236 0.491768 
0.965457 0.011514 0.011514 0.011514 
0.250000 0.250000 0.250000 0.250000 
 155
0.479817 0.006936 0.046210 
0.462778 0.985827 0.462022 
0.057405 0.007236 0.491768 
0.011514 0.011514 0.965457 0.011514 
0.250000 0.250000 0.250000 0.250000 
 156
0.479817 0.006936 0.046210 
0.462778 0.985827 0.462022 
0.057405 0.007236 0.491768 
0.965457 0.011514 0.011514 0.011514 
0.250000 0.250000 0.250000 0.250000 
 157
0.479817 0.006936 0.046210 
0.462778 0.985827 0.462022 
0.057405 0.007236 0.491768 
0.011514 0.011514 0.965457 0.011514 
0.250000 0.250000 0.250000 0.250000 
 158
0.479817 0.006936 0.046210 
0.462778 0.985827 0.462022 
0.057405 0.007236 0.491768 
0.965457 0.011514 0.011514 0.011514 
0.250000 0.250000 0.250000 0.250000 
 159
0.479817 0.006936 0.046210 
0.462778 0.985827 0.462022 
0.057405 0.007236 0.491768 
0.011514 0.011514 0.963171 0.013801 
0.250000 0.250000 0.250000 0.250000 
 160
0.479817 0.006936 0.046210 
0.462778 0.985827 0.462022 
0.057405 0.007236 0.491768 
0.965457 0.011514 0.011514 0.011514 
0.250000 0.250000 0.250000 0.250000 
 161
0.479817 0.006936 0.046210 
0.462778 0.985827 0.462022 
0.057405 0.007236 0.491768 
0.965457 0.011514 0.011514 0.011514 
0.250000 0.250000 0.250000 0.250000 
 162
0.479817 0.006936 0.046210 
0.462778 0.985827 0.462022 
0.057405 0.007236 0.491768 
0.011514 0.015131 0.959757 0.013598 
0.250000 0.250000 0.250000 0.250000 
 163
0.479817 0.006936 0.046210 
0.462778 0.985827 0.462022 
0.057405 0.007236 0.491768 
0.011514 0.965457 0.011514 0.011514 
0.250000 0.250000 0.250000 0.250000 
 164
0.479817 0.006936 0.046210 
0.462778 0.985827 0.462022 
0.057405 0.007236 0.491768 
0.011514 0.965457 0.011514 0.011514 
0.250000 0.250000 0.250000 0.250000 
 165
0.479817 0.006936 0.046210 
0.462778 0.985827 0.462022 
0.057405 0.007236 0.491768 
0.036280 0.937495 0.011514 0.014712 
0.250000 0.250000 0.250000 0.250000 
 166
0.479817 0.006936 0.046210 
0.462778 0.985827 0.462022 
0.057405 0.007236 0.491768 
0.965457 0.011514 0.011514 0.011514 
0.250000 0.250000 0.250000 0.250000 
 167
0.479817 0.006936 0.046210 
0.462778 0.985827 0.462022 
0.057405 0.007236 0.491768 
0.032729 0.944242 0.011514 0.011514 
0.250000 0.250000 0.250000 0.250000 
 168
0.479817 0.006936 0.046210 
0.462778 0.985827 0.462022 
0.057405 0.007236 0.491768 
0.011514 0.965457 0.011514 0.011514 
0.250000 0.250000 0.250000 0.250000 
 169
0.479817 0.006936 0.046210 
0.462778 0.985827 0.462022 
0.057405 0.007236 0.491768 
0.011514 0.011514 0.965457 0.011514 
0.250000 0.250000 0.250000 0.250000 
 170
0.479817 0.006936 0.046210 
0.462778 0.985827 0.462022 
0.057405 0.007236 0.491768 
0.011514 0.011514 0.011514 0.965457 
0.250000 0.250000 0.250000 0.250000 
 171
0.479817 0.006936 0.046210 
0.462778 0.985827 0.462022 
0.057405 0.007236 0.491768 
0.016179 0.011514 0.958195 0.014112 
0.250000 0.250000 0.250000 0.250000 
 172
0.479817 0.006936 0.046210 
0.462778 0.985827 0.462022 
0.057405 0.007236 0.491768 
0.011514 0.011514 0.011514 0.965457 
0.250000 0.250000 0.250000 0.250000 
 173
0.479817 0.006936 0.046210 
0.462778 0.985827 0.462022 
0.057405 0.007236 0.491768 
0.011514 0.965457 0.011514 0.011514 
0.250000 0.250000 0.250000 0.250000 
 174
0.479817 0.006936 0.046210 
0.462778 0.985827 0.462022 
0.057405 0.007236 0.491768 
0.011514 0.011514 0.962248 0.014724 
0.250000 0.250000 0.250000 0.250000 
 175
0.479817 0.006936 0.046210 
0.462778 0.985827 0.462022 
0.057405 0.007236 0.491768 
0.014038 0.959304 0.015144 0.011514 
0.250000 0.250000 0.250000 0.250000 
 176
0.479817 0.006936 0.046210 
0.462778 0.985827 0.462022 
0.057405 0.007236 0.491768 
0.965457 0.011514 0.011514 0.011514 
0.250000 0.250000 0.250000 0.250000 
 177
0.479817 0.006936 0.046210 
0.462778 0.985827 0.462022 
0.057405 0.007236 0.491768 
0.011514 0.011514 0.011514 0.965457 
0.250000 0.250000 0.250000 0.250000 
 178
0.479817 0.006936 0.046210 
0.462778 0.985827 0.462022 
0.057405 0.007236 0.491768 
0.011514 0.011514 0.961828 0.015144 
0.250000 0.250000 0.250000 0.250000 
 179
0.479817 0.006936 0.046210 
0.462778 0.985827 0.462022 
0.057405 0.007236 0.491768 
0.011514 0.011514 0.011514 0.965457 
0.250000 0.250000 0.250000 0.250000 
 180
0.479817 0.006936 0.046210 
0.462778 0.985827 0.462022 
0.057405 0.007236 0.491768 
0.022657 0.954315 0.011514 0.011514 
0.250000 0.250000 0.250000 0.250000 
 181
0.479817 0.006936 0.046210 
0.462778 0.985827 0.462022 
0.057405 0.007236 0.491768 
0.965457 0.011514 0.011514 0.011514 
0.250000 0.250000 0.250000 0.250000 
 182
0.479817 0.006936 0.046210 
0.462778 0.985827 0.462022 
0.057405 0.007236 0.491768 
0.965457 0.011514 0.011514 0.011514 
0.250000 0.250000 0.250000 0.250000 
 183
0.479817 0.006936 0.046210 
0.462778 0.985827 0.462022 
0.057405 0.007236 0.491768 
0.011514 0.011514 0.011514 0.965457 
0.250000 0.250000 0.250000 0.250000 
 184
0.479817 0.006936 0.046210 
0.462778 0.985827 0.462022 
0.057405 0.007236 0.491768 
0.011514 0.965457 0.011514 0.011514 
0.250000 0.250000 0.250000 0.250000 
 185
0.479817 0.006936 0.046210 
0.462778 0.985827 0.462022 
0.057405 0.007236 0.491768 
0.011514 0.965457 0.011514 0.011514 
0.250000 0.250000 0.250000 0.250000 
 186
0.479817 0.006936 0.046210 
0.462778 0.985827 0.462022 
0.057405 0.007236 0.491768 
0.952748 0.024180 0.011536 0.011536 
0.250000 0.250000 0.250000 0.250000 
 187
0.479817 0.006936 0.046210 
0.462778 0.985827 0.462022 
0.057405 0.007236 0.491768 
0.011514 0.962881 0.011514 0.014090 
0.250000 0.250000 0.250000 0.250000 
 188
0.479817 0.006936 0.046210 
0.462778 0.985827 0.462022 
0.057405 0.007236 0.491768 
0.011514 0.011514 0.011514 0.965457 
0.250000 0.250000 0.250000 0.250000 
 189
0.479817 0.006936 0.046210 
0.462778 0.985827 0.462022 
0.057405 0.007236 0.491768 
0.044312 0.932660 0.011514 0.011514 
0.250000 0.250000 0.250000 0.250000 
 190
0.479817 0.006936 0.046210 
0.462778 0.985827 0.462022 
0.057405 0.007236 0.491768 
0.965457 0.011514 0.011514 0.011514 
0.250000 0.250000 0.250000 0.250000 
 191
0.479817 0.006936 0.046210 
0.462778 0.985827 0.462022 
0.057405 0.007236 0.491768 
0.961126 0.015845 0.011514 0.011514 
0.250000 0.250000 0.250000 0.250000 
 192
0.479817 0.006936 0.046210 
0.462778 0.985827 0.462022 
0.057405 0.007236 0.491768 
0.963058 0.013914 0.011514 0.011514 
0.250000 0.250000 0.250000 0.250000 
 193
0.479817 0.006936 0.046210 
0.462778 0.985827 0.462022 
0.057405 0.007236 0.491768 
0.011514 0.011514 0.965457 0.011514 
0.250000 0.250000 0.250000 0.250000 
 194
0.479817 0.006936 0.046210 
0.462778 0.985827 0.462022 
0.057405 0.007236 0.491768 
0.011514 0.011514 0.965457 0.011514 
0.250000 0.250000 0.250000 0.250000 
 195
0.479817 0.006936 0.046210 
0.462778 0.985827 0.462022 
0.057405 0.007236 0.491768 
0.011514 0.011514 0.016301 0.960671 
0.250000 0.250000 0.250000 0.250000 
 196
0.479817 0.006936 0.046210 
0.462778 0.985827 0.462022 
0.057405 0.007236 0.491768 
0.011514 0.011514 0.961953 0.015018 
0.250000 0.250000 0.250000 0.250000 
 197
0.479817 0.006936 0.046210 
0.462778 0.985827 0.462022 
0.057405 0.007236 0.491768 
0.011514 0.011514 0.011514 0.965457 
0.250000 0.250000 0.250000 0.250000 
 198
0.479817 0.006936 0.046210 
0.462778 0.985827 0.462022 
0.057405 0.007236 0.491768 
0.023278 0.953693 0.011514 0.011514 
0.250000 0.250000 0.250000 0.250000 
 199
0.479817 0.006936 0.046210 
0.462778 0.985827 0.462022 
0.057405 0.007236 0.491768 
0.965457 0.011514 0.011514 0.011514 
0.250000 0.250000 0.250000 0.250000 
 200
0.479817 0.006936 0.046210 
0.462778 0.985827 0.462022 
0.057405 0.007236 0.491768 
0.011514 0.011514 0.011514 0.965457 
0.250000 0.250000 0.250000 0.250000 
 201
0.479817 0.006936 0.046210 
0.462778 0.985827 0.462022 
0.057405 0.007236 0.491768 
0.011514 0.013659 0.011514 0.963313 
0.250000 0.250000 0.250000 0.250000 
 202
0.479817 0.006936 0.046210 
0.462778 0.985827 0.462022 
0.057405 0.007236 0.491768 
0.011514 0.011514 0.019496 0.957476 
0.250000 0.250000 0.250000 0.250000 
 203
0.479817 0.006936 0.046210 
0.462778 0.985827 0.462022 
0.057405 0.007236 0.491768 
0.011514 0.011514 0.011514 0.965457 
0.250000 0.250000 0.250000 0.250000 
 204
0.479817 0.006936 0.046210 
0.462778 0.985827 0.462022 
0.057405 0.007236 0.491768 
0.927365 0.049607 0.011514 0.011514 
0.250000 0.250000 0.250000 0.250000 
 205
0.479817 0.006936 0.046210 
0.462778 0.985827 0.462022 
0.057405 0.007236 0.491768 
0.965457 0.011514 0.011514 0.011514 
0.250000 0.250000 0.250000 0.250000 
 206
0.479817 0.006936 0.046210 
0.462778 0.985827 0.462022 
0.057405 0.007236 0.491768 
0.963193 0.011514 0.013778 0.011514 
0.250000 0.250000 0.250000 0.250000 
 207
0.479817 0.006936 0.046210 
0.462778 0.985827 0.462022 
0.057405 0.007236 0.491768 
0.032787 0.944185 0.011514 0.011514 
0.250000 0.250000 0.250000 0.250000 
 208
0.479817 0.006936 0.046210 
0.462778 0.985827 0.462022 
0.057405 0.007236 0.491768 
0.021294 0.955678 0.011514 0.011514 
0.250000 0.250000 0.250000 0.250000 
 209
0.479817 0.006936 0.046210 
0.462778 0.985827 0.462022 
0.057405 0.007236 0.491768 
0.965457 0.011514 0.011514 0.011514 
0.250000 0.250000 0.250000 0.250000 
 210
0.479817 0.006936 0.046210 
0.462778 0.985827 0.462022 
0.057405 0.007236 0.491768 
0.011514 0.011514 0.013834 0.963138 
0.250000 0.250000 0.250000 0.250000 
 211
0.479817 0.006936 0.046210 
0.462778 0.985827 0.462022 
0.057405 0.007236 0.491768 
0.011514 0.011514 0.011514 0.965457 
0.250000 0.250000 0.250000 0.250000 
 212
0.479817 0.006936 0.046210 
0.462778 0.985827 0.462022 
0.057405 0.007236 0.491768 
0.011514 0.965457 0.011514 0.011514 
0.250000 0.250000 0.250000 0.250000 
 213
0.479817 0.006936 0.046210 
0.462778 0.985827 0.462022 
0.057405 0.007236 0.491768 
0.011514 0.011514 0.013619 0.963352 
0.250000 0.250000 0.250000 0.250000 
 214
0.479817 0.006936 0.046210 
0.462778 0.985827 0.462022 
0.057405 0.007236 0.491768 
0.965457 0.011514 0.011514 0.011514 
0.250000 0.250000 0.250000 0.250000 
 215
0.479817 0.006936 0.046210 
0.462778 0.985827 0.462022 
0.057405 0.007236 0.491768 
0.013994 0.960402 0.011514 0.014090 
0.250000 0.250000 0.250000 0.250000 
 216
0.479817 0.006936 0.046210 
0.462778 0.985827 0.462022 
0.057405 0.007236 0.491768 
0.011514 0.011514 0.011514 0.965457 
0.250000 0.250000 0.250000 0.250000 
 217
0.479817 0.006936 0.046210 
0.462778 0.985827 0.462022 
0.057405 0.007236 0.491768 
0.011514 0.965457 0.011514 0.011514 
0.250000 0.250000 0.250000 0.250000 
 218
0.479817 0.006936 0.046210 
0.462778 0.985827 0.462022 
0.057405 0.007236 0.491768 
0.011514 0.011514 0.011514 0.965457 
0.250000 0.250000 0.250000 0.250000 
 219
0.479817 0.006936 0.046210 
0.462778 0.985827 0.462022 
0.057405 0.007236 0.491768 
0.965457 0.011514 0.011514 0.011514 
0.250000 0.250000 0.250000 0.250000 
 220
0.479817 0.006936 0.046210 
0.462778 0.985827 0.462022 
0.057405 0.007236 0.491768 
0.013994 0.962978 0.011514 0.011514 
0.250000 0.250000 0.250000 0.250000 
 221
0.479817 0.006936 0.046210 
0.462778 0.985827 0.462022 
0.057405 0.007236 0.491768 
0.011514 0.011514 0.965457 0.011514 
0.250000 0.250000 0.250000 0.250000 
 222
0.479817 0.006936 0.046210 
0.462778 0.985827 0.462022 
0.057405 0.007236 0.491768 
0.011514 0.011514 0.011514 0.965457 
0.250000 0.250000 0.250000 0.250000 
 223
0.479817 0.006936 0.046210 
0.462778 0.985827 0.462022 
0.057405 0.007236 0.491768 
0.011514 0.965457 0.011514 0.011514 
0.250000 0.250000 0.250000 0.250000 
 224
0.479817 0.006936 0.046210 
0.462778 0.985827 0.462022 
0.057405 0.007236 0.491768 
0.011514 0.965457 0.011514 0.011514 
0.250000 0.250000 0.250000 0.250000 
 225
0.479817 0.006936 0.046210 
0.462778 0.985827 0.462022 
0.057405 0.007236 0.491768 
0.924616 0.052356 0.011514 0.011514 
0.250000 0.250000 0.250000 0.250000 
 226
0.479817 0.006936 0.046210 
0.462778 0.985827 0.462022 
0.057405 0.007236 0.491768 
0.011514 0.011514 0.011514 0.965457 
0.250000 0.250000 0.250000 0.250000 
 227
0.479817 0.006936 0.046210 
0.462778 0.985827 0.462022 
0.057405 0.007236 0.491768 
0.011514 0.965457 0.011514 0.011514 
0.250000 0.250000 0.250000 0.250000 
 228
0.479817 0.006936 0.046210 
0.462778 0.985827 0.462022 
0.057405 0.007236 0.491768 
0.011514 0.965457 0.011514 0.011514 
0.250000 0.250000 0.250000 0.250000 
 229
0.479817 0.006936 0.046210 
0.462778 0.985827 0.462022 
0.057405 0.007236 0.491768 
0.011514 0.011514 0.965457 0.011514 
0.250000 0.250000 0.250000 0.250000 
 230
0.479817 0.006936 0.046210 
0.462778 0.985827 0.462022 
0.057405 0.007236 0.491768 
0.011514 0.011514 0.011514 0.965457 
0.250000 0.250000 0.250000 0.250000 
 231
0.479817 0.006936 0.046210 
0.462778 0.985827 0.462022 
0.057405 0.007236 0.491768 
0.011514 0.011514 0.021919 0.955053 
0.250000 0.250000 0.250000 0.250000 
 232
0.479817 0.006936 0.046210 
0.462778 0.985827 0.462022 
0.057405 0.007236 0.491768 
0.011514 0.011514 0.965457 0.011514 
0.250000 0.250000 0.250000 0.250000 
 233
0.479817 0.006936 0.046210 
0.462778 0.985827 0.462022 
0.057405 0.007236 0.491768 
0.011514 0.011514 0.011514 0.965457 
0.250000 0.250000 0.250000 0.250000 
 234
0.479817 0.006936 0.046210 
0.462778 0.985827 0.462022 
0.057405 0.007236 0.491768 
0.011514 0.011514 0.011514 0.965457 
0.250000 0.250000 0.250000 0.250000 
 235
