%  SAM: /scicomp/groups/OID/NCIRD/ID-OD/ID_nomenclatures/label/LABEL_RES/scripts/modelfromalign_Linux v3.5 (July 15, 2005) compiled 12/08/06_16:15:55
%  (c) 1992-2001 Regents of the University of California, Santa Cruz
%
%          Sequence Alignment and Modeling Software System
%         http://www.cse.ucsc.edu/research/compbio/sam.html
%
% ----------------- Citations (SAM, SAM-T2K, HMMs) --------------------
% R. Hughey, A. Krogh, Hidden Markov models for sequence analysis:
%  Extension and analysis of the basic method, CABIOS 12:95-107, 1996.
% K. Karplus, et al., What is the value added by human intervention in protein
%  structure prediction, Proteins: Stucture, Function, Genetics 45(S5):86--91, 2001.
% A. Krogh et al., Hidden Markov models in computational biology:
%  Applications to protein modeling, JMB 235:1501-1531, Feb 1994.
% ---------------------------------------------------------------------
%  3C_hmm   Host: node16.hpc.biotech.cdc.gov    Fri Nov  4 17:43:02 2016
%  vfn4     Dir:  /scicomp/groups/OID/NCIRD/ID-OD/ID_nomenclatures/H3/versions/H3v2016R2/c-3C/alt1/c-3C.x
% ---------------------------------------------------------------------
%  Alignment weights from internal calc.  Total (33.67) Max (0.09) Min (0.02)
%  Weights from alignment method 1 (karplus), b=-1.000000, e=0.500000
MODEL --  Model from alignment file /scicomp/groups/OID/NCIRD/ID-OD/ID_nomenclatures/label/LABEL_RES/training_data/H3v2016R2/c-3C/c-3C.x/3C.fasta
alphabet DNA
FREQAVE
0.000000 0.000000 0.000000 
0.000000 0.000000 0.000000 
0.000000 0.000000 0.000000 
0.339771 0.221637 0.195679 0.242913 
0.339771 0.221637 0.195679 0.242913 
Begin
0.000000 0.000000 0.000000 
0.000000 0.000000 0.000000 
0.000000 0.005350 0.491768 
0.250000 0.250000 0.250000 0.250000 
0.250000 0.250000 0.250000 0.250000 
   1
0.000000 0.023918 0.046210 
0.000000 0.970732 0.462022 
0.046386 0.005452 0.491768 
0.977772 0.007409 0.007409 0.007409 
0.250000 0.250000 0.250000 0.250000 
   2
0.579667 0.005226 0.046210 
0.373947 0.989322 0.462022 
0.046386 0.005452 0.491768 
0.007409 0.007409 0.007409 0.977772 
0.250000 0.250000 0.250000 0.250000 
   3
0.579667 0.005226 0.046210 
0.373947 0.989322 0.462022 
0.046386 0.005452 0.491768 
0.007409 0.977772 0.007409 0.007409 
0.250000 0.250000 0.250000 0.250000 
   4
0.579667 0.005226 0.046210 
0.373947 0.989322 0.462022 
0.046386 0.005452 0.491768 
0.977772 0.007409 0.007409 0.007409 
0.250000 0.250000 0.250000 0.250000 
   5
0.569279 0.005226 0.046210 
0.384335 0.989322 0.462022 
0.046873 0.005446 0.491768 
0.976724 0.008468 0.007404 0.007404 
0.250000 0.250000 0.250000 0.250000 
   6
0.575255 0.005221 0.046210 
0.377872 0.989333 0.462022 
0.046873 0.005446 0.491768 
0.009494 0.975710 0.007398 0.007398 
0.250000 0.250000 0.250000 0.250000 
   7
0.575255 0.005221 0.046210 
0.377872 0.989333 0.462022 
0.046873 0.005446 0.491768 
0.977805 0.007398 0.007398 0.007398 
0.250000 0.250000 0.250000 0.250000 
   8
0.575255 0.005221 0.046210 
0.377872 0.989333 0.462022 
0.046873 0.005446 0.491768 
0.009566 0.007398 0.975637 0.007398 
0.250000 0.250000 0.250000 0.250000 
   9
0.568803 0.005221 0.046210 
0.384324 0.989333 0.462022 
0.047177 0.005443 0.491768 
0.007396 0.007396 0.020439 0.964768 
0.250000 0.250000 0.250000 0.250000 
  10
0.563180 0.005217 0.046210 
0.389643 0.989340 0.462022 
0.047621 0.005438 0.491768 
0.973549 0.011687 0.007382 0.007382 
0.250000 0.250000 0.250000 0.250000 
  11
0.562344 0.005213 0.046210 
0.390035 0.989349 0.462022 
0.047915 0.005435 0.491768 
0.007393 0.007393 0.008776 0.976437 
0.250000 0.250000 0.250000 0.250000 
  12
0.565814 0.005210 0.046210 
0.386271 0.989356 0.462022 
0.047915 0.005435 0.491768 
0.007376 0.007376 0.976069 0.009180 
0.250000 0.250000 0.250000 0.250000 
  13
0.565814 0.005210 0.046210 
0.386271 0.989356 0.462022 
0.047915 0.005435 0.491768 
0.976581 0.007381 0.007381 0.008657 
0.250000 0.250000 0.250000 0.250000 
  14
0.541251 0.005210 0.046210 
0.410834 0.989356 0.462022 
0.049121 0.005422 0.491768 
0.007362 0.007362 0.008363 0.976913 
0.250000 0.250000 0.250000 0.250000 
  15
0.541588 0.005197 0.046210 
0.409290 0.989381 0.462022 
0.049783 0.005415 0.491768 
0.007337 0.007337 0.007337 0.977988 
0.250000 0.250000 0.250000 0.250000 
  16
0.548884 0.005191 0.046210 
0.401333 0.989394 0.462022 
0.049783 0.005415 0.491768 
0.007337 0.977988 0.007337 0.007337 
0.250000 0.250000 0.250000 0.250000 
  17
0.548884 0.005191 0.046210 
0.401333 0.989394 0.462022 
0.049783 0.005415 0.491768 
0.007337 0.007337 0.977988 0.007337 
0.250000 0.250000 0.250000 0.250000 
  18
0.548884 0.005191 0.046210 
0.401333 0.989394 0.462022 
0.049783 0.005415 0.491768 
0.007337 0.007337 0.042996 0.942330 
0.250000 0.250000 0.250000 0.250000 
  19
0.548884 0.005191 0.046210 
0.401333 0.989394 0.462022 
0.049783 0.005415 0.491768 
0.007337 0.008325 0.009762 0.974576 
0.250000 0.250000 0.250000 0.250000 
  20
0.548884 0.005191 0.046210 
0.401333 0.989394 0.462022 
0.049783 0.005415 0.491768 
0.007337 0.007337 0.007337 0.977988 
0.250000 0.250000 0.250000 0.250000 
  21
0.548884 0.005191 0.046210 
0.401333 0.989394 0.462022 
0.049783 0.005415 0.491768 
0.009762 0.974066 0.007337 0.008835 
0.250000 0.250000 0.250000 0.250000 
  22
0.543939 0.005191 0.046210 
0.406278 0.989394 0.462022 
0.050031 0.005413 0.491768 
0.970522 0.013829 0.007332 0.008316 
0.250000 0.250000 0.250000 0.250000 
  23
0.546642 0.005188 0.046210 
0.403327 0.989399 0.462022 
0.050031 0.005413 0.491768 
0.008829 0.976506 0.007332 0.007332 
0.250000 0.250000 0.250000 0.250000 
  24
0.546642 0.005188 0.046210 
0.403327 0.989399 0.462022 
0.050031 0.005413 0.491768 
0.007332 0.007332 0.978003 0.007332 
0.250000 0.250000 0.250000 0.250000 
  25
0.546642 0.005188 0.046210 
0.403327 0.989399 0.462022 
0.050031 0.005413 0.491768 
0.007332 0.007332 0.009600 0.975735 
0.250000 0.250000 0.250000 0.250000 
  26
0.546642 0.005188 0.046210 
0.403327 0.989399 0.462022 
0.050031 0.005413 0.491768 
0.973729 0.010135 0.007332 0.008803 
0.250000 0.250000 0.250000 0.250000 
  27
0.520091 0.005188 0.046210 
0.429878 0.989399 0.462022 
0.051395 0.005400 0.491768 
0.007307 0.007307 0.978080 0.007307 
0.250000 0.250000 0.250000 0.250000 
  28
0.534277 0.005176 0.046210 
0.414328 0.989425 0.462022 
0.051395 0.005400 0.491768 
0.973046 0.008161 0.007307 0.011486 
0.250000 0.250000 0.250000 0.250000 
  29
0.534277 0.005176 0.046210 
0.414328 0.989425 0.462022 
0.051395 0.005400 0.491768 
0.007307 0.007307 0.009407 0.975980 
0.250000 0.250000 0.250000 0.250000 
  30
0.534277 0.005176 0.046210 
0.414328 0.989425 0.462022 
0.051395 0.005400 0.491768 
0.007312 0.007312 0.008842 0.976535 
0.250000 0.250000 0.250000 0.250000 
  31
0.534277 0.005176 0.046210 
0.414328 0.989425 0.462022 
0.051395 0.005400 0.491768 
0.007307 0.007307 0.977124 0.008262 
0.250000 0.250000 0.250000 0.250000 
  32
0.534277 0.005176 0.046210 
0.414328 0.989425 0.462022 
0.051395 0.005400 0.491768 
0.007307 0.007307 0.007307 0.978080 
0.250000 0.250000 0.250000 0.250000 
  33
0.534277 0.005176 0.046210 
0.414328 0.989425 0.462022 
0.051395 0.005400 0.491768 
0.972002 0.007307 0.013384 0.007307 
0.250000 0.250000 0.250000 0.250000 
  34
0.534277 0.005176 0.046210 
0.414328 0.989425 0.462022 
0.051395 0.005400 0.491768 
0.007307 0.007307 0.046278 0.939108 
0.250000 0.250000 0.250000 0.250000 
  35
0.534277 0.005176 0.046210 
0.414328 0.989425 0.462022 
0.051395 0.005400 0.491768 
0.008354 0.977033 0.007307 0.007307 
0.250000 0.250000 0.250000 0.250000 
  36
0.534277 0.005176 0.046210 
0.414328 0.989425 0.462022 
0.051395 0.005400 0.491768 
0.007312 0.007312 0.014239 0.971138 
0.250000 0.250000 0.250000 0.250000 
  37
0.534277 0.005176 0.046210 
0.414328 0.989425 0.462022 
0.051395 0.005400 0.491768 
0.008403 0.007307 0.974696 0.009595 
0.250000 0.250000 0.250000 0.250000 
  38
0.534277 0.005176 0.046210 
0.414328 0.989425 0.462022 
0.051395 0.005400 0.491768 
0.008237 0.007307 0.008202 0.976254 
0.250000 0.250000 0.250000 0.250000 
  39
0.534277 0.005176 0.046210 
0.414328 0.989425 0.462022 
0.051395 0.005400 0.491768 
0.027740 0.957647 0.007307 0.007307 
0.250000 0.250000 0.250000 0.250000 
  40
0.534277 0.005176 0.046210 
0.414328 0.989425 0.462022 
0.051395 0.005400 0.491768 
0.013898 0.971489 0.007307 0.007307 
0.250000 0.250000 0.250000 0.250000 
  41
0.534277 0.005176 0.046210 
0.414328 0.989425 0.462022 
0.051395 0.005400 0.491768 
0.007307 0.008387 0.009947 0.974360 
0.250000 0.250000 0.250000 0.250000 
  42
0.534277 0.005176 0.046210 
0.414328 0.989425 0.462022 
0.051395 0.005400 0.491768 
0.007307 0.007307 0.007307 0.978080 
0.250000 0.250000 0.250000 0.250000 
  43
0.534277 0.005176 0.046210 
0.414328 0.989425 0.462022 
0.051395 0.005400 0.491768 
0.007307 0.011686 0.008560 0.972447 
0.250000 0.250000 0.250000 0.250000 
  44
0.534277 0.005176 0.046210 
0.414328 0.989425 0.462022 
0.051395 0.005400 0.491768 
0.008389 0.007307 0.007307 0.976998 
0.250000 0.250000 0.250000 0.250000 
  45
0.534277 0.005176 0.046210 
0.414328 0.989425 0.462022 
0.051395 0.005400 0.491768 
0.007307 0.007307 0.975261 0.010126 
0.250000 0.250000 0.250000 0.250000 
  46
0.534277 0.005176 0.046210 
0.414328 0.989425 0.462022 
0.051395 0.005400 0.491768 
0.009490 0.973234 0.007307 0.009969 
0.250000 0.250000 0.250000 0.250000 
  47
0.534277 0.005176 0.046210 
0.414328 0.989425 0.462022 
0.051395 0.005400 0.491768 
0.007307 0.007307 0.978080 0.007307 
0.250000 0.250000 0.250000 0.250000 
  48
0.534277 0.005176 0.046210 
0.414328 0.989425 0.462022 
0.051395 0.005400 0.491768 
0.007307 0.008251 0.014126 0.970316 
0.250000 0.250000 0.250000 0.250000 
  49
0.435478 0.005176 0.046210 
0.513127 0.989425 0.462022 
0.057030 0.005352 0.491768 
0.007215 0.007215 0.978354 0.007215 
0.250000 0.250000 0.250000 0.250000 
  50
0.483220 0.005131 0.046210 
0.459751 0.989517 0.462022 
0.057030 0.005352 0.491768 
0.977343 0.008227 0.007215 0.007215 
0.250000 0.250000 0.250000 0.250000 
  51
0.483220 0.005131 0.046210 
0.459751 0.989517 0.462022 
0.057030 0.005352 0.491768 
0.973542 0.012012 0.007223 0.007223 
0.250000 0.250000 0.250000 0.250000 
  52
0.476679 0.005131 0.046210 
0.466291 0.989517 0.462022 
0.057405 0.005350 0.491768 
0.972724 0.008114 0.011952 0.007210 
0.250000 0.250000 0.250000 0.250000 
  53
0.479817 0.005128 0.046210 
0.462778 0.989523 0.462022 
0.057405 0.005350 0.491768 
0.978371 0.007210 0.007210 0.007210 
0.250000 0.250000 0.250000 0.250000 
  54
0.479817 0.005128 0.046210 
0.462778 0.989523 0.462022 
0.057405 0.005350 0.491768 
0.975489 0.010092 0.007210 0.007210 
0.250000 0.250000 0.250000 0.250000 
  55
0.479817 0.005128 0.046210 
0.462778 0.989523 0.462022 
0.057405 0.005350 0.491768 
0.074753 0.007210 0.900797 0.017241 
0.250000 0.250000 0.250000 0.250000 
  56
0.479817 0.005128 0.046210 
0.462778 0.989523 0.462022 
0.057405 0.005350 0.491768 
0.008137 0.007210 0.008447 0.976206 
0.250000 0.250000 0.250000 0.250000 
  57
0.479817 0.005128 0.046210 
0.462778 0.989523 0.462022 
0.057405 0.005350 0.491768 
0.007210 0.007210 0.011284 0.974296 
0.250000 0.250000 0.250000 0.250000 
  58
0.479817 0.005128 0.046210 
0.462778 0.989523 0.462022 
0.057405 0.005350 0.491768 
0.007210 0.007210 0.977375 0.008205 
0.250000 0.250000 0.250000 0.250000 
  59
0.479817 0.005128 0.046210 
0.462778 0.989523 0.462022 
0.057405 0.005350 0.491768 
0.007210 0.007210 0.978371 0.007210 
0.250000 0.250000 0.250000 0.250000 
  60
0.479817 0.005128 0.046210 
0.462778 0.989523 0.462022 
0.057405 0.005350 0.491768 
0.008149 0.007210 0.008742 0.975899 
0.250000 0.250000 0.250000 0.250000 
  61
0.479817 0.005128 0.046210 
0.462778 0.989523 0.462022 
0.057405 0.005350 0.491768 
0.007210 0.978371 0.007210 0.007210 
0.250000 0.250000 0.250000 0.250000 
  62
0.479817 0.005128 0.046210 
0.462778 0.989523 0.462022 
0.057405 0.005350 0.491768 
0.012618 0.972962 0.007210 0.007210 
0.250000 0.250000 0.250000 0.250000 
  63
0.479817 0.005128 0.046210 
0.462778 0.989523 0.462022 
0.057405 0.005350 0.491768 
0.973209 0.012371 0.007210 0.007210 
0.250000 0.250000 0.250000 0.250000 
  64
0.479817 0.005128 0.046210 
0.462778 0.989523 0.462022 
0.057405 0.005350 0.491768 
0.977409 0.008171 0.007210 0.007210 
0.250000 0.250000 0.250000 0.250000 
  65
0.479817 0.005128 0.046210 
0.462778 0.989523 0.462022 
0.057405 0.005350 0.491768 
0.975800 0.009780 0.007210 0.007210 
0.250000 0.250000 0.250000 0.250000 
  66
0.479817 0.005128 0.046210 
0.462778 0.989523 0.462022 
0.057405 0.005350 0.491768 
0.007210 0.007210 0.007210 0.978371 
0.250000 0.250000 0.250000 0.250000 
  67
0.479817 0.005128 0.046210 
0.462778 0.989523 0.462022 
0.057405 0.005350 0.491768 
0.007210 0.975930 0.007210 0.009650 
0.250000 0.250000 0.250000 0.250000 
  68
0.479817 0.005128 0.046210 
0.462778 0.989523 0.462022 
0.057405 0.005350 0.491768 
0.978371 0.007210 0.007210 0.007210 
0.250000 0.250000 0.250000 0.250000 
  69
0.479817 0.005128 0.046210 
0.462778 0.989523 0.462022 
0.057405 0.005350 0.491768 
0.007210 0.007210 0.978371 0.007210 
0.250000 0.250000 0.250000 0.250000 
  70
0.479817 0.005128 0.046210 
0.462778 0.989523 0.462022 
0.057405 0.005350 0.491768 
0.974167 0.010507 0.008117 0.007210 
0.250000 0.250000 0.250000 0.250000 
  71
0.479817 0.005128 0.046210 
0.462778 0.989523 0.462022 
0.057405 0.005350 0.491768 
0.976093 0.009487 0.007210 0.007210 
0.250000 0.250000 0.250000 0.250000 
  72
0.479817 0.005128 0.046210 
0.462778 0.989523 0.462022 
0.057405 0.005350 0.491768 
0.007210 0.007210 0.163666 0.821914 
0.250000 0.250000 0.250000 0.250000 
  73
0.479817 0.005128 0.046210 
0.462778 0.989523 0.462022 
0.057405 0.005350 0.491768 
0.978371 0.007210 0.007210 0.007210 
0.250000 0.250000 0.250000 0.250000 
  74
0.479817 0.005128 0.046210 
0.462778 0.989523 0.462022 
0.057405 0.005350 0.491768 
0.008154 0.977426 0.007210 0.007210 
0.250000 0.250000 0.250000 0.250000 
  75
0.479817 0.005128 0.046210 
0.462778 0.989523 0.462022 
0.057405 0.005350 0.491768 
0.008195 0.007210 0.976188 0.008407 
0.250000 0.250000 0.250000 0.250000 
  76
0.479817 0.005128 0.046210 
0.462778 0.989523 0.462022 
0.057405 0.005350 0.491768 
0.978371 0.007210 0.007210 0.007210 
0.250000 0.250000 0.250000 0.250000 
  77
0.479817 0.005128 0.046210 
0.462778 0.989523 0.462022 
0.057405 0.005350 0.491768 
0.008737 0.007210 0.951139 0.032914 
0.250000 0.250000 0.250000 0.250000 
  78
0.479817 0.005128 0.046210 
0.462778 0.989523 0.462022 
0.057405 0.005350 0.491768 
0.010214 0.974037 0.007210 0.008539 
0.250000 0.250000 0.250000 0.250000 
  79
0.479817 0.005128 0.046210 
0.462778 0.989523 0.462022 
0.057405 0.005350 0.491768 
0.007210 0.978371 0.007210 0.007210 
0.250000 0.250000 0.250000 0.250000 
  80
0.479817 0.005128 0.046210 
0.462778 0.989523 0.462022 
0.057405 0.005350 0.491768 
0.007210 0.007210 0.978371 0.007210 
0.250000 0.250000 0.250000 0.250000 
  81
0.479817 0.005128 0.046210 
0.462778 0.989523 0.462022 
0.057405 0.005350 0.491768 
0.968165 0.016361 0.007210 0.008264 
0.250000 0.250000 0.250000 0.250000 
  82
0.479817 0.005128 0.046210 
0.462778 0.989523 0.462022 
0.057405 0.005350 0.491768 
0.976113 0.009467 0.007210 0.007210 
0.250000 0.250000 0.250000 0.250000 
  83
0.479817 0.005128 0.046210 
0.462778 0.989523 0.462022 
0.057405 0.005350 0.491768 
0.007210 0.007210 0.973718 0.011862 
0.250000 0.250000 0.250000 0.250000 
  84
0.479817 0.005128 0.046210 
0.462778 0.989523 0.462022 
0.057405 0.005350 0.491768 
0.008143 0.977437 0.007210 0.007210 
0.250000 0.250000 0.250000 0.250000 
  85
0.479817 0.005128 0.046210 
0.462778 0.989523 0.462022 
0.057405 0.005350 0.491768 
0.007210 0.007210 0.977325 0.008255 
0.250000 0.250000 0.250000 0.250000 
  86
0.479817 0.005128 0.046210 
0.462778 0.989523 0.462022 
0.057405 0.005350 0.491768 
0.007210 0.007210 0.007210 0.978371 
0.250000 0.250000 0.250000 0.250000 
  87
0.479817 0.005128 0.046210 
0.462778 0.989523 0.462022 
0.057405 0.005350 0.491768 
0.011597 0.972643 0.007210 0.008550 
0.250000 0.250000 0.250000 0.250000 
  88
0.479817 0.005128 0.046210 
0.462778 0.989523 0.462022 
0.057405 0.005350 0.491768 
0.007210 0.007210 0.007210 0.978371 
0.250000 0.250000 0.250000 0.250000 
  89
0.479817 0.005128 0.046210 
0.462778 0.989523 0.462022 
0.057405 0.005350 0.491768 
0.007210 0.978371 0.007210 0.007210 
0.250000 0.250000 0.250000 0.250000 
  90
0.479817 0.005128 0.046210 
0.462778 0.989523 0.462022 
0.057405 0.005350 0.491768 
0.007210 0.007210 0.975872 0.009708 
0.250000 0.250000 0.250000 0.250000 
  91
0.479817 0.005128 0.046210 
0.462778 0.989523 0.462022 
0.057405 0.005350 0.491768 
0.008383 0.007210 0.977197 0.007210 
0.250000 0.250000 0.250000 0.250000 
  92
0.479817 0.005128 0.046210 
0.462778 0.989523 0.462022 
0.057405 0.005350 0.491768 
0.007210 0.007210 0.007210 0.978371 
0.250000 0.250000 0.250000 0.250000 
  93
0.479817 0.005128 0.046210 
0.462778 0.989523 0.462022 
0.057405 0.005350 0.491768 
0.007210 0.011062 0.011430 0.970299 
0.250000 0.250000 0.250000 0.250000 
  94
0.479817 0.005128 0.046210 
0.462778 0.989523 0.462022 
0.057405 0.005350 0.491768 
0.007210 0.978371 0.007210 0.007210 
0.250000 0.250000 0.250000 0.250000 
  95
0.479817 0.005128 0.046210 
0.462778 0.989523 0.462022 
0.057405 0.005350 0.491768 
0.007210 0.978371 0.007210 0.007210 
0.250000 0.250000 0.250000 0.250000 
  96
0.479817 0.005128 0.046210 
0.462778 0.989523 0.462022 
0.057405 0.005350 0.491768 
0.011057 0.972828 0.008051 0.008063 
0.250000 0.250000 0.250000 0.250000 
  97
0.479817 0.005128 0.046210 
0.462778 0.989523 0.462022 
0.057405 0.005350 0.491768 
0.007210 0.007210 0.978371 0.007210 
0.250000 0.250000 0.250000 0.250000 
  98
0.479817 0.005128 0.046210 
0.462778 0.989523 0.462022 
0.057405 0.005350 0.491768 
0.978371 0.007210 0.007210 0.007210 
0.250000 0.250000 0.250000 0.250000 
  99
0.479817 0.005128 0.046210 
0.462778 0.989523 0.462022 
0.057405 0.005350 0.491768 
0.007210 0.007210 0.974564 0.011017 
0.250000 0.250000 0.250000 0.250000 
 100
0.479817 0.005128 0.046210 
0.462778 0.989523 0.462022 
0.057405 0.005350 0.491768 
0.007210 0.007210 0.978371 0.007210 
0.250000 0.250000 0.250000 0.250000 
 101
0.479817 0.005128 0.046210 
0.462778 0.989523 0.462022 
0.057405 0.005350 0.491768 
0.978351 0.007216 0.007216 0.007216 
0.250000 0.250000 0.250000 0.250000 
 102
0.479817 0.005128 0.046210 
0.462778 0.989523 0.462022 
0.057405 0.005350 0.491768 
0.007210 0.007210 0.008917 0.976663 
0.250000 0.250000 0.250000 0.250000 
 103
0.479817 0.005128 0.046210 
0.462778 0.989523 0.462022 
0.057405 0.005350 0.491768 
0.007210 0.978371 0.007210 0.007210 
0.250000 0.250000 0.250000 0.250000 
 104
0.479817 0.005128 0.046210 
0.462778 0.989523 0.462022 
0.057405 0.005350 0.491768 
0.007210 0.007210 0.978371 0.007210 
0.250000 0.250000 0.250000 0.250000 
 105
0.479817 0.005128 0.046210 
0.462778 0.989523 0.462022 
0.057405 0.005350 0.491768 
0.978371 0.007210 0.007210 0.007210 
0.250000 0.250000 0.250000 0.250000 
 106
0.479817 0.005128 0.046210 
0.462778 0.989523 0.462022 
0.057405 0.005350 0.491768 
0.008355 0.977225 0.007210 0.007210 
0.250000 0.250000 0.250000 0.250000 
 107
0.479817 0.005128 0.046210 
0.462778 0.989523 0.462022 
0.057405 0.005350 0.491768 
0.007210 0.007210 0.007210 0.978371 
0.250000 0.250000 0.250000 0.250000 
 108
0.479817 0.005128 0.046210 
0.462778 0.989523 0.462022 
0.057405 0.005350 0.491768 
0.969345 0.016235 0.007210 0.007210 
0.250000 0.250000 0.250000 0.250000 
 109
0.479817 0.005128 0.046210 
0.462778 0.989523 0.462022 
0.057405 0.005350 0.491768 
0.007210 0.007210 0.978371 0.007210 
0.250000 0.250000 0.250000 0.250000 
 110
0.479817 0.005128 0.046210 
0.462778 0.989523 0.462022 
0.057405 0.005350 0.491768 
0.007210 0.007210 0.978371 0.007210 
0.250000 0.250000 0.250000 0.250000 
 111
0.479817 0.005128 0.046210 
0.462778 0.989523 0.462022 
0.057405 0.005350 0.491768 
0.977401 0.008180 0.007210 0.007210 
0.250000 0.250000 0.250000 0.250000 
 112
0.479817 0.005128 0.046210 
0.462778 0.989523 0.462022 
0.057405 0.005350 0.491768 
0.978371 0.007210 0.007210 0.007210 
0.250000 0.250000 0.250000 0.250000 
 113
0.479817 0.005128 0.046210 
0.462778 0.989523 0.462022 
0.057405 0.005350 0.491768 
0.978371 0.007210 0.007210 0.007210 
0.250000 0.250000 0.250000 0.250000 
 114
0.479817 0.005128 0.046210 
0.462778 0.989523 0.462022 
0.057405 0.005350 0.491768 
0.008190 0.007210 0.965008 0.019592 
0.250000 0.250000 0.250000 0.250000 
 115
0.479817 0.005128 0.046210 
0.462778 0.989523 0.462022 
0.057405 0.005350 0.491768 
0.007210 0.978371 0.007210 0.007210 
0.250000 0.250000 0.250000 0.250000 
 116
0.479817 0.005128 0.046210 
0.462778 0.989523 0.462022 
0.057405 0.005350 0.491768 
0.007210 0.978371 0.007210 0.007210 
0.250000 0.250000 0.250000 0.250000 
 117
0.479817 0.005128 0.046210 
0.462778 0.989523 0.462022 
0.057405 0.005350 0.491768 
0.976845 0.008720 0.007218 0.007218 
0.250000 0.250000 0.250000 0.250000 
 118
0.479817 0.005128 0.046210 
0.462778 0.989523 0.462022 
0.057405 0.005350 0.491768 
0.978371 0.007210 0.007210 0.007210 
0.250000 0.250000 0.250000 0.250000 
 119
0.479817 0.005128 0.046210 
0.462778 0.989523 0.462022 
0.057405 0.005350 0.491768 
0.007210 0.007210 0.977088 0.008493 
0.250000 0.250000 0.250000 0.250000 
 120
0.479817 0.005128 0.046210 
0.462778 0.989523 0.462022 
0.057405 0.005350 0.491768 
0.011019 0.973621 0.007210 0.008151 
0.250000 0.250000 0.250000 0.250000 
 121
0.479817 0.005128 0.046210 
0.462778 0.989523 0.462022 
0.057405 0.005350 0.491768 
0.972463 0.013118 0.007210 0.007210 
0.250000 0.250000 0.250000 0.250000 
 122
0.479817 0.005128 0.046210 
0.462778 0.989523 0.462022 
0.057405 0.005350 0.491768 
0.007210 0.007210 0.007210 0.978371 
0.250000 0.250000 0.250000 0.250000 
 123
0.479817 0.005128 0.046210 
0.462778 0.989523 0.462022 
0.057405 0.005350 0.491768 
0.969838 0.015731 0.007216 0.007216 
0.250000 0.250000 0.250000 0.250000 
 124
0.479817 0.005128 0.046210 
0.462778 0.989523 0.462022 
0.057405 0.005350 0.491768 
0.007210 0.978371 0.007210 0.007210 
0.250000 0.250000 0.250000 0.250000 
 125
0.479817 0.005128 0.046210 
0.462778 0.989523 0.462022 
0.057405 0.005350 0.491768 
0.007210 0.007210 0.007210 0.978371 
0.250000 0.250000 0.250000 0.250000 
 126
0.479817 0.005128 0.046210 
0.462778 0.989523 0.462022 
0.057405 0.005350 0.491768 
0.008342 0.977238 0.007210 0.007210 
0.250000 0.250000 0.250000 0.250000 
 127
0.479817 0.005128 0.046210 
0.462778 0.989523 0.462022 
0.057405 0.005350 0.491768 
0.978371 0.007210 0.007210 0.007210 
0.250000 0.250000 0.250000 0.250000 
 128
0.479817 0.005128 0.046210 
0.462778 0.989523 0.462022 
0.057405 0.005350 0.491768 
0.978371 0.007210 0.007210 0.007210 
0.250000 0.250000 0.250000 0.250000 
 129
0.479817 0.005128 0.046210 
0.462778 0.989523 0.462022 
0.057405 0.005350 0.491768 
0.974968 0.009550 0.008267 0.007214 
0.250000 0.250000 0.250000 0.250000 
 130
0.479817 0.005128 0.046210 
0.462778 0.989523 0.462022 
0.057405 0.005350 0.491768 
0.978371 0.007210 0.007210 0.007210 
0.250000 0.250000 0.250000 0.250000 
 131
0.479817 0.005128 0.046210 
0.462778 0.989523 0.462022 
0.057405 0.005350 0.491768 
0.007210 0.007210 0.978371 0.007210 
0.250000 0.250000 0.250000 0.250000 
 132
0.479817 0.005128 0.046210 
0.462778 0.989523 0.462022 
0.057405 0.005350 0.491768 
0.976289 0.009291 0.007210 0.007210 
0.250000 0.250000 0.250000 0.250000 
 133
0.479817 0.005128 0.046210 
0.462778 0.989523 0.462022 
0.057405 0.005350 0.491768 
0.978371 0.007210 0.007210 0.007210 
0.250000 0.250000 0.250000 0.250000 
 134
0.479817 0.005128 0.046210 
0.462778 0.989523 0.462022 
0.057405 0.005350 0.491768 
0.007210 0.007210 0.007210 0.978371 
0.250000 0.250000 0.250000 0.250000 
 135
0.479817 0.005128 0.046210 
0.462778 0.989523 0.462022 
0.057405 0.005350 0.491768 
0.008585 0.007210 0.976995 0.007210 
0.250000 0.250000 0.250000 0.250000 
 136
0.479817 0.005128 0.046210 
0.462778 0.989523 0.462022 
0.057405 0.005350 0.491768 
0.976924 0.008656 0.007210 0.007210 
0.250000 0.250000 0.250000 0.250000 
 137
0.479817 0.005128 0.046210 
0.462778 0.989523 0.462022 
0.057405 0.005350 0.491768 
0.007210 0.007210 0.976954 0.008626 
0.250000 0.250000 0.250000 0.250000 
 138
0.479817 0.005128 0.046210 
0.462778 0.989523 0.462022 
0.057405 0.005350 0.491768 
0.019692 0.960214 0.007210 0.012884 
0.250000 0.250000 0.250000 0.250000 
 139
0.479817 0.005128 0.046210 
0.462778 0.989523 0.462022 
0.057405 0.005350 0.491768 
0.977041 0.007210 0.008539 0.007210 
0.250000 0.250000 0.250000 0.250000 
 140
0.479817 0.005128 0.046210 
0.462778 0.989523 0.462022 
0.057405 0.005350 0.491768 
0.973596 0.011985 0.007210 0.007210 
0.250000 0.250000 0.250000 0.250000 
 141
0.479817 0.005128 0.046210 
0.462778 0.989523 0.462022 
0.057405 0.005350 0.491768 
0.007210 0.007210 0.007210 0.978371 
0.250000 0.250000 0.250000 0.250000 
 142
0.479817 0.005128 0.046210 
0.462778 0.989523 0.462022 
0.057405 0.005350 0.491768 
0.007210 0.978371 0.007210 0.007210 
0.250000 0.250000 0.250000 0.250000 
 143
0.479817 0.005128 0.046210 
0.462778 0.989523 0.462022 
0.057405 0.005350 0.491768 
0.978371 0.007210 0.007210 0.007210 
0.250000 0.250000 0.250000 0.250000 
 144
0.479817 0.005128 0.046210 
0.462778 0.989523 0.462022 
0.057405 0.005350 0.491768 
0.007210 0.007210 0.976545 0.009036 
0.250000 0.250000 0.250000 0.250000 
 145
0.479817 0.005128 0.046210 
0.462778 0.989523 0.462022 
0.057405 0.005350 0.491768 
0.008587 0.007210 0.976993 0.007210 
0.250000 0.250000 0.250000 0.250000 
 146
0.479817 0.005128 0.046210 
0.462778 0.989523 0.462022 
0.057405 0.005350 0.491768 
0.202691 0.782890 0.007210 0.007210 
0.250000 0.250000 0.250000 0.250000 
 147
0.479817 0.005128 0.046210 
0.462778 0.989523 0.462022 
0.057405 0.005350 0.491768 
0.974690 0.010890 0.007210 0.007210 
0.250000 0.250000 0.250000 0.250000 
 148
0.479817 0.005128 0.046210 
0.462778 0.989523 0.462022 
0.057405 0.005350 0.491768 
0.976422 0.009158 0.007210 0.007210 
0.250000 0.250000 0.250000 0.250000 
 149
0.479817 0.005128 0.046210 
0.462778 0.989523 0.462022 
0.057405 0.005350 0.491768 
0.007210 0.007210 0.008148 0.977432 
0.250000 0.250000 0.250000 0.250000 
 150
0.479817 0.005128 0.046210 
0.462778 0.989523 0.462022 
0.057405 0.005350 0.491768 
0.007210 0.007210 0.008194 0.977386 
0.250000 0.250000 0.250000 0.250000 
 151
0.479817 0.005128 0.046210 
0.462778 0.989523 0.462022 
0.057405 0.005350 0.491768 
0.007210 0.978371 0.007210 0.007210 
0.250000 0.250000 0.250000 0.250000 
 152
0.479817 0.005128 0.046210 
0.462778 0.989523 0.462022 
0.057405 0.005350 0.491768 
0.978371 0.007210 0.007210 0.007210 
0.250000 0.250000 0.250000 0.250000 
 153
0.479817 0.005128 0.046210 
0.462778 0.989523 0.462022 
0.057405 0.005350 0.491768 
0.977171 0.008409 0.007210 0.007210 
0.250000 0.250000 0.250000 0.250000 
 154
0.479817 0.005128 0.046210 
0.462778 0.989523 0.462022 
0.057405 0.005350 0.491768 
0.007210 0.978371 0.007210 0.007210 
0.250000 0.250000 0.250000 0.250000 
 155
0.479817 0.005128 0.046210 
0.462778 0.989523 0.462022 
0.057405 0.005350 0.491768 
0.007210 0.007210 0.007210 0.978371 
0.250000 0.250000 0.250000 0.250000 
 156
0.479817 0.005128 0.046210 
0.462778 0.989523 0.462022 
0.057405 0.005350 0.491768 
0.007210 0.007210 0.008497 0.977083 
0.250000 0.250000 0.250000 0.250000 
 157
0.479817 0.005128 0.046210 
0.462778 0.989523 0.462022 
0.057405 0.005350 0.491768 
0.978371 0.007210 0.007210 0.007210 
0.250000 0.250000 0.250000 0.250000 
 158
0.479817 0.005128 0.046210 
0.462778 0.989523 0.462022 
0.057405 0.005350 0.491768 
0.007210 0.007210 0.977136 0.008445 
0.250000 0.250000 0.250000 0.250000 
 159
0.479817 0.005128 0.046210 
0.462778 0.989523 0.462022 
0.057405 0.005350 0.491768 
0.007210 0.007210 0.010339 0.975241 
0.250000 0.250000 0.250000 0.250000 
 160
0.479817 0.005128 0.046210 
0.462778 0.989523 0.462022 
0.057405 0.005350 0.491768 
0.978371 0.007210 0.007210 0.007210 
0.250000 0.250000 0.250000 0.250000 
 161
0.479817 0.005128 0.046210 
0.462778 0.989523 0.462022 
0.057405 0.005350 0.491768 
0.978371 0.007210 0.007210 0.007210 
0.250000 0.250000 0.250000 0.250000 
 162
0.479817 0.005128 0.046210 
0.462778 0.989523 0.462022 
0.057405 0.005350 0.491768 
0.007210 0.007210 0.012585 0.972995 
0.250000 0.250000 0.250000 0.250000 
 163
0.479817 0.005128 0.046210 
0.462778 0.989523 0.462022 
0.057405 0.005350 0.491768 
0.007210 0.978371 0.007210 0.007210 
0.250000 0.250000 0.250000 0.250000 
 164
0.479817 0.005128 0.046210 
0.462778 0.989523 0.462022 
0.057405 0.005350 0.491768 
0.007210 0.007210 0.978371 0.007210 
0.250000 0.250000 0.250000 0.250000 
 165
0.479817 0.005128 0.046210 
0.462778 0.989523 0.462022 
0.057405 0.005350 0.491768 
0.008440 0.007210 0.008986 0.975365 
0.250000 0.250000 0.250000 0.250000 
 166
0.479817 0.005128 0.046210 
0.462778 0.989523 0.462022 
0.057405 0.005350 0.491768 
0.978371 0.007210 0.007210 0.007210 
0.250000 0.250000 0.250000 0.250000 
 167
0.479817 0.005128 0.046210 
0.462778 0.989523 0.462022 
0.057405 0.005350 0.491768 
0.007210 0.007210 0.978371 0.007210 
0.250000 0.250000 0.250000 0.250000 
 168
0.479817 0.005128 0.046210 
0.462778 0.989523 0.462022 
0.057405 0.005350 0.491768 
0.008505 0.010534 0.009130 0.971832 
0.250000 0.250000 0.250000 0.250000 
 169
0.479817 0.005128 0.046210 
0.462778 0.989523 0.462022 
0.057405 0.005350 0.491768 
0.007210 0.978371 0.007210 0.007210 
0.250000 0.250000 0.250000 0.250000 
 170
0.479817 0.005128 0.046210 
0.462778 0.989523 0.462022 
0.057405 0.005350 0.491768 
0.978371 0.007210 0.007210 0.007210 
0.250000 0.250000 0.250000 0.250000 
 171
0.479817 0.005128 0.046210 
0.462778 0.989523 0.462022 
0.057405 0.005350 0.491768 
0.020547 0.965033 0.007210 0.007210 
0.250000 0.250000 0.250000 0.250000 
 172
0.479817 0.005128 0.046210 
0.462778 0.989523 0.462022 
0.057405 0.005350 0.491768 
0.007210 0.007210 0.977195 0.008385 
0.250000 0.250000 0.250000 0.250000 
 173
0.479817 0.005128 0.046210 
0.462778 0.989523 0.462022 
0.057405 0.005350 0.491768 
0.007210 0.007210 0.007210 0.978371 
0.250000 0.250000 0.250000 0.250000 
 174
0.479817 0.005128 0.046210 
0.462778 0.989523 0.462022 
0.057405 0.005350 0.491768 
0.010044 0.974605 0.007210 0.008141 
0.250000 0.250000 0.250000 0.250000 
 175
0.479817 0.005128 0.046210 
0.462778 0.989523 0.462022 
0.057405 0.005350 0.491768 
0.007210 0.978371 0.007210 0.007210 
0.250000 0.250000 0.250000 0.250000 
 176
0.479817 0.005128 0.046210 
0.462778 0.989523 0.462022 
0.057405 0.005350 0.491768 
0.007210 0.007210 0.007210 0.978371 
0.250000 0.250000 0.250000 0.250000 
 177
0.479817 0.005128 0.046210 
0.462778 0.989523 0.462022 
0.057405 0.005350 0.491768 
0.007210 0.007210 0.007210 0.978371 
0.250000 0.250000 0.250000 0.250000 
 178
0.479817 0.005128 0.046210 
0.462778 0.989523 0.462022 
0.057405 0.005350 0.491768 
0.007210 0.007210 0.978371 0.007210 
0.250000 0.250000 0.250000 0.250000 
 179
0.479817 0.005128 0.046210 
0.462778 0.989523 0.462022 
0.057405 0.005350 0.491768 
0.978371 0.007210 0.007210 0.007210 
0.250000 0.250000 0.250000 0.250000 
 180
0.479817 0.005128 0.046210 
0.462778 0.989523 0.462022 
0.057405 0.005350 0.491768 
0.007210 0.978371 0.007210 0.007210 
0.250000 0.250000 0.250000 0.250000 
 181
0.479817 0.005128 0.046210 
0.462778 0.989523 0.462022 
0.057405 0.005350 0.491768 
0.977247 0.008333 0.007210 0.007210 
0.250000 0.250000 0.250000 0.250000 
 182
0.479817 0.005128 0.046210 
0.462778 0.989523 0.462022 
0.057405 0.005350 0.491768 
0.975214 0.008790 0.007210 0.008787 
0.250000 0.250000 0.250000 0.250000 
 183
0.479817 0.005128 0.046210 
0.462778 0.989523 0.462022 
0.057405 0.005350 0.491768 
0.007210 0.007210 0.010056 0.975524 
0.250000 0.250000 0.250000 0.250000 
 184
0.479817 0.005128 0.046210 
0.462778 0.989523 0.462022 
0.057405 0.005350 0.491768 
0.007210 0.007210 0.007210 0.978371 
0.250000 0.250000 0.250000 0.250000 
 185
0.479817 0.005128 0.046210 
0.462778 0.989523 0.462022 
0.057405 0.005350 0.491768 
0.007210 0.007210 0.976358 0.009222 
0.250000 0.250000 0.250000 0.250000 
 186
0.479817 0.005128 0.046210 
0.462778 0.989523 0.462022 
0.057405 0.005350 0.491768 
0.008337 0.007210 0.975140 0.009313 
0.250000 0.250000 0.250000 0.250000 
 187
0.479817 0.005128 0.046210 
0.462778 0.989523 0.462022 
0.057405 0.005350 0.491768 
0.019605 0.007210 0.010745 0.962440 
0.250000 0.250000 0.250000 0.250000 
 188
0.479817 0.005128 0.046210 
0.462778 0.989523 0.462022 
0.057405 0.005350 0.491768 
0.007210 0.007210 0.978371 0.007210 
0.250000 0.250000 0.250000 0.250000 
 189
0.479817 0.005128 0.046210 
0.462778 0.989523 0.462022 
0.057405 0.005350 0.491768 
0.973356 0.011021 0.007210 0.008413 
0.250000 0.250000 0.250000 0.250000 
 190
0.479817 0.005128 0.046210 
0.462778 0.989523 0.462022 
0.057405 0.005350 0.491768 
0.977076 0.008505 0.007210 0.007210 
0.250000 0.250000 0.250000 0.250000 
 191
0.479817 0.005128 0.046210 
0.462778 0.989523 0.462022 
0.057405 0.005350 0.491768 
0.008413 0.007210 0.008223 0.976155 
0.250000 0.250000 0.250000 0.250000 
 192
0.479817 0.005128 0.046210 
0.462778 0.989523 0.462022 
0.057405 0.005350 0.491768 
0.974945 0.010635 0.007210 0.007210 
0.250000 0.250000 0.250000 0.250000 
 193
0.479817 0.005128 0.046210 
0.462778 0.989523 0.462022 
0.057405 0.005350 0.491768 
0.009289 0.976291 0.007210 0.007210 
0.250000 0.250000 0.250000 0.250000 
 194
0.479817 0.005128 0.046210 
0.462778 0.989523 0.462022 
0.057405 0.005350 0.491768 
0.008718 0.976862 0.007210 0.007210 
0.250000 0.250000 0.250000 0.250000 
 195
0.479817 0.005128 0.046210 
0.462778 0.989523 0.462022 
0.057405 0.005350 0.491768 
0.013753 0.007210 0.008128 0.970909 
0.250000 0.250000 0.250000 0.250000 
 196
0.479817 0.005128 0.046210 
0.462778 0.989523 0.462022 
0.057405 0.005350 0.491768 
0.008365 0.977215 0.007210 0.007210 
0.250000 0.250000 0.250000 0.250000 
 197
0.479817 0.005128 0.046210 
0.462778 0.989523 0.462022 
0.057405 0.005350 0.491768 
0.976358 0.009223 0.007210 0.007210 
0.250000 0.250000 0.250000 0.250000 
 198
0.479817 0.005128 0.046210 
0.462778 0.989523 0.462022 
0.057405 0.005350 0.491768 
0.977173 0.008407 0.007210 0.007210 
0.250000 0.250000 0.250000 0.250000 
 199
0.479817 0.005128 0.046210 
0.462778 0.989523 0.462022 
0.057405 0.005350 0.491768 
0.978371 0.007210 0.007210 0.007210 
0.250000 0.250000 0.250000 0.250000 
 200
0.479817 0.005128 0.046210 
0.462778 0.989523 0.462022 
0.057405 0.005350 0.491768 
0.007210 0.007210 0.007210 0.978371 
0.250000 0.250000 0.250000 0.250000 
 201
0.479817 0.005128 0.046210 
0.462778 0.989523 0.462022 
0.057405 0.005350 0.491768 
0.977132 0.008448 0.007210 0.007210 
0.250000 0.250000 0.250000 0.250000 
 202
0.479817 0.005128 0.046210 
0.462778 0.989523 0.462022 
0.057405 0.005350 0.491768 
0.007210 0.007210 0.007210 0.978371 
0.250000 0.250000 0.250000 0.250000 
 203
0.479817 0.005128 0.046210 
0.462778 0.989523 0.462022 
0.057405 0.005350 0.491768 
0.007210 0.978371 0.007210 0.007210 
0.250000 0.250000 0.250000 0.250000 
 204
0.479817 0.005128 0.046210 
0.462778 0.989523 0.462022 
0.057405 0.005350 0.491768 
0.007210 0.007210 0.975917 0.009663 
0.250000 0.250000 0.250000 0.250000 
 205
0.479817 0.005128 0.046210 
0.462778 0.989523 0.462022 
0.057405 0.005350 0.491768 
0.060238 0.924298 0.007210 0.008254 
0.250000 0.250000 0.250000 0.250000 
 206
0.479817 0.005128 0.046210 
0.462778 0.989523 0.462022 
0.057405 0.005350 0.491768 
0.975797 0.009783 0.007210 0.007210 
0.250000 0.250000 0.250000 0.250000 
 207
0.479817 0.005128 0.046210 
0.462778 0.989523 0.462022 
0.057405 0.005350 0.491768 
0.007210 0.007210 0.975606 0.009974 
0.250000 0.250000 0.250000 0.250000 
 208
0.479817 0.005128 0.046210 
0.462778 0.989523 0.462022 
0.057405 0.005350 0.491768 
0.974603 0.010978 0.007210 0.007210 
0.250000 0.250000 0.250000 0.250000 
 209
0.479817 0.005128 0.046210 
0.462778 0.989523 0.462022 
0.057405 0.005350 0.491768 
0.009868 0.975712 0.007210 0.007210 
0.250000 0.250000 0.250000 0.250000 
 210
0.479817 0.005128 0.046210 
0.462778 0.989523 0.462022 
0.057405 0.005350 0.491768 
0.007210 0.007210 0.023545 0.962035 
0.250000 0.250000 0.250000 0.250000 
 211
0.479817 0.005128 0.046210 
0.462778 0.989523 0.462022 
0.057405 0.005350 0.491768 
0.007210 0.007210 0.978371 0.007210 
0.250000 0.250000 0.250000 0.250000 
 212
0.479817 0.005128 0.046210 
0.462778 0.989523 0.462022 
0.057405 0.005350 0.491768 
0.007210 0.007210 0.978371 0.007210 
0.250000 0.250000 0.250000 0.250000 
 213
0.479817 0.005128 0.046210 
0.462778 0.989523 0.462022 
0.057405 0.005350 0.491768 
0.007210 0.007210 0.010176 0.975404 
0.250000 0.250000 0.250000 0.250000 
 214
0.479817 0.005128 0.046210 
0.462778 0.989523 0.462022 
0.057405 0.005350 0.491768 
0.007210 0.007210 0.976559 0.009021 
0.250000 0.250000 0.250000 0.250000 
 215
0.479817 0.005128 0.046210 
0.462778 0.989523 0.462022 
0.057405 0.005350 0.491768 
0.978371 0.007210 0.007210 0.007210 
0.250000 0.250000 0.250000 0.250000 
 216
0.479817 0.005128 0.046210 
0.462778 0.989523 0.462022 
0.057405 0.005350 0.491768 
0.007210 0.007210 0.008463 0.977117 
0.250000 0.250000 0.250000 0.250000 
 217
0.479817 0.005128 0.046210 
0.462778 0.989523 0.462022 
0.057405 0.005350 0.491768 
0.009166 0.007210 0.976414 0.007210 
0.250000 0.250000 0.250000 0.250000 
 218
0.479817 0.005128 0.046210 
0.462778 0.989523 0.462022 
0.057405 0.005350 0.491768 
0.978371 0.007210 0.007210 0.007210 
0.250000 0.250000 0.250000 0.250000 
 219
0.479817 0.005128 0.046210 
0.462778 0.989523 0.462022 
0.057405 0.005350 0.491768 
0.042397 0.943183 0.007210 0.007210 
0.250000 0.250000 0.250000 0.250000 
 220
0.479817 0.005128 0.046210 
0.462778 0.989523 0.462022 
0.057405 0.005350 0.491768 
0.969732 0.015840 0.007214 0.007214 
0.250000 0.250000 0.250000 0.250000 
 221
0.479817 0.005128 0.046210 
0.462778 0.989523 0.462022 
0.057405 0.005350 0.491768 
0.007210 0.007210 0.007210 0.978371 
0.250000 0.250000 0.250000 0.250000 
 222
0.479817 0.005128 0.046210 
0.462778 0.989523 0.462022 
0.057405 0.005350 0.491768 
0.007210 0.007210 0.973986 0.011594 
0.250000 0.250000 0.250000 0.250000 
 223
0.479817 0.005128 0.046210 
0.462778 0.989523 0.462022 
0.057405 0.005350 0.491768 
0.009318 0.007210 0.976263 0.007210 
0.250000 0.250000 0.250000 0.250000 
 224
0.479817 0.005128 0.046210 
0.462778 0.989523 0.462022 
0.057405 0.005350 0.491768 
0.007210 0.007210 0.007210 0.978371 
0.250000 0.250000 0.250000 0.250000 
 225
0.479817 0.005128 0.046210 
0.462778 0.989523 0.462022 
0.057405 0.005350 0.491768 
0.009050 0.007214 0.009562 0.974174 
0.250000 0.250000 0.250000 0.250000 
 226
0.479817 0.005128 0.046210 
0.462778 0.989523 0.462022 
0.057405 0.005350 0.491768 
0.007210 0.978371 0.007210 0.007210 
0.250000 0.250000 0.250000 0.250000 
 227
0.479817 0.005128 0.046210 
0.462778 0.989523 0.462022 
0.057405 0.005350 0.491768 
0.978371 0.007210 0.007210 0.007210 
0.250000 0.250000 0.250000 0.250000 
 228
0.479817 0.005128 0.046210 
0.462778 0.989523 0.462022 
0.057405 0.005350 0.491768 
0.007210 0.007210 0.010074 0.975507 
0.250000 0.250000 0.250000 0.250000 
 229
0.479817 0.005128 0.046210 
0.462778 0.989523 0.462022 
0.057405 0.005350 0.491768 
0.007210 0.978371 0.007210 0.007210 
0.250000 0.250000 0.250000 0.250000 
 230
0.479817 0.005128 0.046210 
0.462778 0.989523 0.462022 
0.057405 0.005350 0.491768 
0.007210 0.978371 0.007210 0.007210 
0.250000 0.250000 0.250000 0.250000 
 231
0.479817 0.005128 0.046210 
0.462778 0.989523 0.462022 
0.057405 0.005350 0.491768 
0.974581 0.010159 0.007210 0.008050 
0.250000 0.250000 0.250000 0.250000 
 232
0.479817 0.005128 0.046210 
0.462778 0.989523 0.462022 
0.057405 0.005350 0.491768 
0.008626 0.976955 0.007210 0.007210 
0.250000 0.250000 0.250000 0.250000 
 233
0.479817 0.005128 0.046210 
0.462778 0.989523 0.462022 
0.057405 0.005350 0.491768 
0.976435 0.009145 0.007210 0.007210 
0.250000 0.250000 0.250000 0.250000 
 234
0.479817 0.005128 0.046210 
0.462778 0.989523 0.462022 
0.057405 0.005350 0.491768 
0.977365 0.007210 0.008216 0.007210 
0.250000 0.250000 0.250000 0.250000 
 235
0.479817 0.005128 0.046210 
