%  SAM: /scicomp/home/yfa9/CDC_projects/Mol_genetic_analysis/Nomenclature/B_NA_Nomenclature/All_v1/All_v1-4-revision/4_Module/label/LABEL_RES/scripts/modelfromalign_Linux v3.5 (July 15, 2005) compiled 12/08/06_16:15:55
%  (c) 1992-2001 Regents of the University of California, Santa Cruz
%
%          Sequence Alignment and Modeling Software System
%         http://www.cse.ucsc.edu/research/compbio/sam.html
%
% ----------------- Citations (SAM, SAM-T2K, HMMs) --------------------
% R. Hughey, A. Krogh, Hidden Markov models for sequence analysis:
%  Extension and analysis of the basic method, CABIOS 12:95-107, 1996.
% K. Karplus, et al., What is the value added by human intervention in protein
%  structure prediction, Proteins: Stucture, Function, Genetics 45(S5):86--91, 2001.
% A. Krogh et al., Hidden Markov models in computational biology:
%  Applications to protein modeling, JMB 235:1501-1531, Feb 1994.
% ---------------------------------------------------------------------
%  7_hmm   Host: login01.aspen.biotech.cdc.gov    Fri Oct 21 15:19:33 2016
%  yfa9    Dir:  /scicomp/home/yfa9/CDC_projects/Mol_genetic_analysis/Nomenclature/H3_Nomenclature/v_5/3_base/InfA-H3-HA-revised/c-3-4-5-6-7-VIC/c-3-4-7-VIC/c-4-7-VIC
% ---------------------------------------------------------------------
%  Alignment weights from internal calc.  Total (12.85) Max (0.20) Min (0.07)
%  Weights from alignment method 1 (karplus), b=-1.000000, e=0.500000
MODEL --  Model from alignment file /scicomp/home/yfa9/CDC_projects/Mol_genetic_analysis/Nomenclature/B_NA_Nomenclature/All_v1/All_v1-4-revision/4_Module/label/LABEL_RES/training_data/H3v2016-revision1/c-3-4-5-6-7-VIC/c-3-4-7-VIC/c-4-7-VIC/7.fasta
alphabet DNA
FREQAVE
0.000000 0.000000 0.000000 
0.000000 0.000000 0.000000 
0.000000 0.000000 0.000000 
0.339779 0.221260 0.197821 0.241139 
0.339779 0.221260 0.197821 0.241139 
Begin
0.000000 0.000000 0.000000 
0.000000 0.000000 0.000000 
0.000000 0.009207 0.491768 
0.250000 0.250000 0.250000 0.250000 
0.250000 0.250000 0.250000 0.250000 
   1
0.000000 0.016536 0.046210 
0.000000 0.974257 0.462022 
0.054328 0.009279 0.491768 
0.944944 0.018352 0.018352 0.018352 
0.250000 0.250000 0.250000 0.250000 
   2
0.507699 0.008894 0.046210 
0.437973 0.981827 0.462022 
0.054328 0.009279 0.491768 
0.018352 0.018352 0.018352 0.944944 
0.250000 0.250000 0.250000 0.250000 
   3
0.507699 0.008894 0.046210 
0.437973 0.981827 0.462022 
0.054328 0.009279 0.491768 
0.018352 0.944944 0.018352 0.018352 
0.250000 0.250000 0.250000 0.250000 
   4
0.507699 0.008894 0.046210 
0.437973 0.981827 0.462022 
0.054328 0.009279 0.491768 
0.944944 0.018352 0.018352 0.018352 
0.250000 0.250000 0.250000 0.250000 
   5
0.507699 0.008894 0.046210 
0.437973 0.981827 0.462022 
0.054328 0.009279 0.491768 
0.944944 0.018352 0.018352 0.018352 
0.250000 0.250000 0.250000 0.250000 
   6
0.507699 0.008894 0.046210 
0.437973 0.981827 0.462022 
0.054328 0.009279 0.491768 
0.018352 0.944944 0.018352 0.018352 
0.250000 0.250000 0.250000 0.250000 
   7
0.507699 0.008894 0.046210 
0.437973 0.981827 0.462022 
0.054328 0.009279 0.491768 
0.944944 0.018352 0.018352 0.018352 
0.250000 0.250000 0.250000 0.250000 
   8
0.507699 0.008894 0.046210 
0.437973 0.981827 0.462022 
0.054328 0.009279 0.491768 
0.018352 0.018352 0.944944 0.018352 
0.250000 0.250000 0.250000 0.250000 
   9
0.507699 0.008894 0.046210 
0.437973 0.981827 0.462022 
0.054328 0.009279 0.491768 
0.018352 0.018352 0.018352 0.944944 
0.250000 0.250000 0.250000 0.250000 
  10
0.507699 0.008894 0.046210 
0.437973 0.981827 0.462022 
0.054328 0.009279 0.491768 
0.928020 0.035277 0.018352 0.018352 
0.250000 0.250000 0.250000 0.250000 
  11
0.507699 0.008894 0.046210 
0.437973 0.981827 0.462022 
0.054328 0.009279 0.491768 
0.018352 0.018352 0.018352 0.944944 
0.250000 0.250000 0.250000 0.250000 
  12
0.489662 0.008894 0.046210 
0.456010 0.981827 0.462022 
0.055326 0.009254 0.491768 
0.018252 0.018252 0.945245 0.018252 
0.250000 0.250000 0.250000 0.250000 
  13
0.498656 0.008871 0.046210 
0.446018 0.981875 0.462022 
0.055326 0.009254 0.491768 
0.945245 0.018252 0.018252 0.018252 
0.250000 0.250000 0.250000 0.250000 
  14
0.479782 0.008871 0.046210 
0.464891 0.981875 0.462022 
0.056390 0.009230 0.491768 
0.018150 0.018150 0.018150 0.945551 
0.250000 0.250000 0.250000 0.250000 
  15
0.489012 0.008847 0.046210 
0.454598 0.981923 0.462022 
0.056390 0.009230 0.491768 
0.018150 0.018150 0.018150 0.945551 
0.250000 0.250000 0.250000 0.250000 
  16
0.489012 0.008847 0.046210 
0.454598 0.981923 0.462022 
0.056390 0.009230 0.491768 
0.018150 0.945551 0.018150 0.018150 
0.250000 0.250000 0.250000 0.250000 
  17
0.489012 0.008847 0.046210 
0.454598 0.981923 0.462022 
0.056390 0.009230 0.491768 
0.018150 0.018150 0.945551 0.018150 
0.250000 0.250000 0.250000 0.250000 
  18
0.489012 0.008847 0.046210 
0.454598 0.981923 0.462022 
0.056390 0.009230 0.491768 
0.018150 0.018150 0.018150 0.945551 
0.250000 0.250000 0.250000 0.250000 
  19
0.489012 0.008847 0.046210 
0.454598 0.981923 0.462022 
0.056390 0.009230 0.491768 
0.018150 0.018150 0.018150 0.945551 
0.250000 0.250000 0.250000 0.250000 
  20
0.489012 0.008847 0.046210 
0.454598 0.981923 0.462022 
0.056390 0.009230 0.491768 
0.018150 0.023605 0.018150 0.940096 
0.250000 0.250000 0.250000 0.250000 
  21
0.489012 0.008847 0.046210 
0.454598 0.981923 0.462022 
0.056390 0.009230 0.491768 
0.018150 0.945551 0.018150 0.018150 
0.250000 0.250000 0.250000 0.250000 
  22
0.489012 0.008847 0.046210 
0.454598 0.981923 0.462022 
0.056390 0.009230 0.491768 
0.940008 0.023693 0.018150 0.018150 
0.250000 0.250000 0.250000 0.250000 
  23
0.489012 0.008847 0.046210 
0.454598 0.981923 0.462022 
0.056390 0.009230 0.491768 
0.018150 0.945551 0.018150 0.018150 
0.250000 0.250000 0.250000 0.250000 
  24
0.489012 0.008847 0.046210 
0.454598 0.981923 0.462022 
0.056390 0.009230 0.491768 
0.018150 0.018150 0.945551 0.018150 
0.250000 0.250000 0.250000 0.250000 
  25
0.489012 0.008847 0.046210 
0.454598 0.981923 0.462022 
0.056390 0.009230 0.491768 
0.018150 0.018150 0.018150 0.945551 
0.250000 0.250000 0.250000 0.250000 
  26
0.489012 0.008847 0.046210 
0.454598 0.981923 0.462022 
0.056390 0.009230 0.491768 
0.945551 0.018150 0.018150 0.018150 
0.250000 0.250000 0.250000 0.250000 
  27
0.489012 0.008847 0.046210 
0.454598 0.981923 0.462022 
0.056390 0.009230 0.491768 
0.018150 0.018150 0.945551 0.018150 
0.250000 0.250000 0.250000 0.250000 
  28
0.489012 0.008847 0.046210 
0.454598 0.981923 0.462022 
0.056390 0.009230 0.491768 
0.945551 0.018150 0.018150 0.018150 
0.250000 0.250000 0.250000 0.250000 
  29
0.489012 0.008847 0.046210 
0.454598 0.981923 0.462022 
0.056390 0.009230 0.491768 
0.018150 0.018150 0.018150 0.945551 
0.250000 0.250000 0.250000 0.250000 
  30
0.489012 0.008847 0.046210 
0.454598 0.981923 0.462022 
0.056390 0.009230 0.491768 
0.018150 0.018150 0.023566 0.940135 
0.250000 0.250000 0.250000 0.250000 
  31
0.489012 0.008847 0.046210 
0.454598 0.981923 0.462022 
0.056390 0.009230 0.491768 
0.023996 0.018150 0.939705 0.018150 
0.250000 0.250000 0.250000 0.250000 
  32
0.489012 0.008847 0.046210 
0.454598 0.981923 0.462022 
0.056390 0.009230 0.491768 
0.018150 0.018150 0.018150 0.945551 
0.250000 0.250000 0.250000 0.250000 
  33
0.489012 0.008847 0.046210 
0.454598 0.981923 0.462022 
0.056390 0.009230 0.491768 
0.945551 0.018150 0.018150 0.018150 
0.250000 0.250000 0.250000 0.250000 
  34
0.489012 0.008847 0.046210 
0.454598 0.981923 0.462022 
0.056390 0.009230 0.491768 
0.018150 0.018150 0.018150 0.945551 
0.250000 0.250000 0.250000 0.250000 
  35
0.489012 0.008847 0.046210 
0.454598 0.981923 0.462022 
0.056390 0.009230 0.491768 
0.018150 0.945551 0.018150 0.018150 
0.250000 0.250000 0.250000 0.250000 
  36
0.489012 0.008847 0.046210 
0.454598 0.981923 0.462022 
0.056390 0.009230 0.491768 
0.018150 0.018150 0.023666 0.940035 
0.250000 0.250000 0.250000 0.250000 
  37
0.489012 0.008847 0.046210 
0.454598 0.981923 0.462022 
0.056390 0.009230 0.491768 
0.018150 0.018150 0.940163 0.023538 
0.250000 0.250000 0.250000 0.250000 
  38
0.489012 0.008847 0.046210 
0.454598 0.981923 0.462022 
0.056390 0.009230 0.491768 
0.018150 0.018150 0.018150 0.945551 
0.250000 0.250000 0.250000 0.250000 
  39
0.489012 0.008847 0.046210 
0.454598 0.981923 0.462022 
0.056390 0.009230 0.491768 
0.018150 0.945551 0.018150 0.018150 
0.250000 0.250000 0.250000 0.250000 
  40
0.489012 0.008847 0.046210 
0.454598 0.981923 0.462022 
0.056390 0.009230 0.491768 
0.024434 0.939267 0.018150 0.018150 
0.250000 0.250000 0.250000 0.250000 
  41
0.489012 0.008847 0.046210 
0.454598 0.981923 0.462022 
0.056390 0.009230 0.491768 
0.018150 0.018150 0.018150 0.945551 
0.250000 0.250000 0.250000 0.250000 
  42
0.489012 0.008847 0.046210 
0.454598 0.981923 0.462022 
0.056390 0.009230 0.491768 
0.018150 0.018150 0.018150 0.945551 
0.250000 0.250000 0.250000 0.250000 
  43
0.489012 0.008847 0.046210 
0.454598 0.981923 0.462022 
0.056390 0.009230 0.491768 
0.018150 0.018150 0.024225 0.939476 
0.250000 0.250000 0.250000 0.250000 
  44
0.489012 0.008847 0.046210 
0.454598 0.981923 0.462022 
0.056390 0.009230 0.491768 
0.018150 0.018150 0.023632 0.940069 
0.250000 0.250000 0.250000 0.250000 
  45
0.489012 0.008847 0.046210 
0.454598 0.981923 0.462022 
0.056390 0.009230 0.491768 
0.018150 0.018150 0.945551 0.018150 
0.250000 0.250000 0.250000 0.250000 
  46
0.489012 0.008847 0.046210 
0.454598 0.981923 0.462022 
0.056390 0.009230 0.491768 
0.049122 0.914579 0.018150 0.018150 
0.250000 0.250000 0.250000 0.250000 
  47
0.489012 0.008847 0.046210 
0.454598 0.981923 0.462022 
0.056390 0.009230 0.491768 
0.018150 0.018150 0.945551 0.018150 
0.250000 0.250000 0.250000 0.250000 
  48
0.489012 0.008847 0.046210 
0.454598 0.981923 0.462022 
0.056390 0.009230 0.491768 
0.018150 0.018150 0.018150 0.945551 
0.250000 0.250000 0.250000 0.250000 
  49
0.489012 0.008847 0.046210 
0.454598 0.981923 0.462022 
0.056390 0.009230 0.491768 
0.018150 0.018150 0.945551 0.018150 
0.250000 0.250000 0.250000 0.250000 
  50
0.489012 0.008847 0.046210 
0.454598 0.981923 0.462022 
0.056390 0.009230 0.491768 
0.945551 0.018150 0.018150 0.018150 
0.250000 0.250000 0.250000 0.250000 
  51
0.489012 0.008847 0.046210 
0.454598 0.981923 0.462022 
0.056390 0.009230 0.491768 
0.940163 0.023538 0.018150 0.018150 
0.250000 0.250000 0.250000 0.250000 
  52
0.489012 0.008847 0.046210 
0.454598 0.981923 0.462022 
0.056390 0.009230 0.491768 
0.945551 0.018150 0.018150 0.018150 
0.250000 0.250000 0.250000 0.250000 
  53
0.489012 0.008847 0.046210 
0.454598 0.981923 0.462022 
0.056390 0.009230 0.491768 
0.945551 0.018150 0.018150 0.018150 
0.250000 0.250000 0.250000 0.250000 
  54
0.489012 0.008847 0.046210 
0.454598 0.981923 0.462022 
0.056390 0.009230 0.491768 
0.928893 0.018150 0.034808 0.018150 
0.250000 0.250000 0.250000 0.250000 
  55
0.489012 0.008847 0.046210 
0.454598 0.981923 0.462022 
0.056390 0.009230 0.491768 
0.035198 0.018150 0.879294 0.067359 
0.250000 0.250000 0.250000 0.250000 
  56
0.489012 0.008847 0.046210 
0.454598 0.981923 0.462022 
0.056390 0.009230 0.491768 
0.018150 0.018150 0.018150 0.945551 
0.250000 0.250000 0.250000 0.250000 
  57
0.489012 0.008847 0.046210 
0.454598 0.981923 0.462022 
0.056390 0.009230 0.491768 
0.018150 0.018150 0.018150 0.945551 
0.250000 0.250000 0.250000 0.250000 
  58
0.489012 0.008847 0.046210 
0.454598 0.981923 0.462022 
0.056390 0.009230 0.491768 
0.018150 0.018150 0.945551 0.018150 
0.250000 0.250000 0.250000 0.250000 
  59
0.489012 0.008847 0.046210 
0.454598 0.981923 0.462022 
0.056390 0.009230 0.491768 
0.018150 0.018150 0.945551 0.018150 
0.250000 0.250000 0.250000 0.250000 
  60
0.489012 0.008847 0.046210 
0.454598 0.981923 0.462022 
0.056390 0.009230 0.491768 
0.018150 0.018150 0.018150 0.945551 
0.250000 0.250000 0.250000 0.250000 
  61
0.489012 0.008847 0.046210 
0.454598 0.981923 0.462022 
0.056390 0.009230 0.491768 
0.023538 0.940163 0.018150 0.018150 
0.250000 0.250000 0.250000 0.250000 
  62
0.489012 0.008847 0.046210 
0.454598 0.981923 0.462022 
0.056390 0.009230 0.491768 
0.036087 0.927614 0.018150 0.018150 
0.250000 0.250000 0.250000 0.250000 
  63
0.489012 0.008847 0.046210 
0.454598 0.981923 0.462022 
0.056390 0.009230 0.491768 
0.945551 0.018150 0.018150 0.018150 
0.250000 0.250000 0.250000 0.250000 
  64
0.489012 0.008847 0.046210 
0.454598 0.981923 0.462022 
0.056390 0.009230 0.491768 
0.945551 0.018150 0.018150 0.018150 
0.250000 0.250000 0.250000 0.250000 
  65
0.489012 0.008847 0.046210 
0.454598 0.981923 0.462022 
0.056390 0.009230 0.491768 
0.945551 0.018150 0.018150 0.018150 
0.250000 0.250000 0.250000 0.250000 
  66
0.471336 0.008847 0.046210 
0.472273 0.981923 0.462022 
0.057405 0.009207 0.491768 
0.018057 0.018057 0.018057 0.945830 
0.250000 0.250000 0.250000 0.250000 
  67
0.479817 0.008825 0.046210 
0.462778 0.981968 0.462022 
0.057405 0.009207 0.491768 
0.018057 0.945830 0.018057 0.018057 
0.250000 0.250000 0.250000 0.250000 
  68
0.479817 0.008825 0.046210 
0.462778 0.981968 0.462022 
0.057405 0.009207 0.491768 
0.945830 0.018057 0.018057 0.018057 
0.250000 0.250000 0.250000 0.250000 
  69
0.479817 0.008825 0.046210 
0.462778 0.981968 0.462022 
0.057405 0.009207 0.491768 
0.023689 0.018057 0.940197 0.018057 
0.250000 0.250000 0.250000 0.250000 
  70
0.479817 0.008825 0.046210 
0.462778 0.981968 0.462022 
0.057405 0.009207 0.491768 
0.945830 0.018057 0.018057 0.018057 
0.250000 0.250000 0.250000 0.250000 
  71
0.479817 0.008825 0.046210 
0.462778 0.981968 0.462022 
0.057405 0.009207 0.491768 
0.945830 0.018057 0.018057 0.018057 
0.250000 0.250000 0.250000 0.250000 
  72
0.479817 0.008825 0.046210 
0.462778 0.981968 0.462022 
0.057405 0.009207 0.491768 
0.018057 0.018057 0.945830 0.018057 
0.250000 0.250000 0.250000 0.250000 
  73
0.479817 0.008825 0.046210 
0.462778 0.981968 0.462022 
0.057405 0.009207 0.491768 
0.945830 0.018057 0.018057 0.018057 
0.250000 0.250000 0.250000 0.250000 
  74
0.479817 0.008825 0.046210 
0.462778 0.981968 0.462022 
0.057405 0.009207 0.491768 
0.018057 0.945830 0.018057 0.018057 
0.250000 0.250000 0.250000 0.250000 
  75
0.479817 0.008825 0.046210 
0.462778 0.981968 0.462022 
0.057405 0.009207 0.491768 
0.018057 0.018057 0.945830 0.018057 
0.250000 0.250000 0.250000 0.250000 
  76
0.479817 0.008825 0.046210 
0.462778 0.981968 0.462022 
0.057405 0.009207 0.491768 
0.917327 0.046559 0.018057 0.018057 
0.250000 0.250000 0.250000 0.250000 
  77
0.479817 0.008825 0.046210 
0.462778 0.981968 0.462022 
0.057405 0.009207 0.491768 
0.018057 0.018057 0.939473 0.024413 
0.250000 0.250000 0.250000 0.250000 
  78
0.479817 0.008825 0.046210 
0.462778 0.981968 0.462022 
0.057405 0.009207 0.491768 
0.023574 0.940313 0.018057 0.018057 
0.250000 0.250000 0.250000 0.250000 
  79
0.479817 0.008825 0.046210 
0.462778 0.981968 0.462022 
0.057405 0.009207 0.491768 
0.018057 0.945830 0.018057 0.018057 
0.250000 0.250000 0.250000 0.250000 
  80
0.479817 0.008825 0.046210 
0.462778 0.981968 0.462022 
0.057405 0.009207 0.491768 
0.018057 0.018057 0.945830 0.018057 
0.250000 0.250000 0.250000 0.250000 
  81
0.479817 0.008825 0.046210 
0.462778 0.981968 0.462022 
0.057405 0.009207 0.491768 
0.945830 0.018057 0.018057 0.018057 
0.250000 0.250000 0.250000 0.250000 
  82
0.479817 0.008825 0.046210 
0.462778 0.981968 0.462022 
0.057405 0.009207 0.491768 
0.945830 0.018057 0.018057 0.018057 
0.250000 0.250000 0.250000 0.250000 
  83
0.479817 0.008825 0.046210 
0.462778 0.981968 0.462022 
0.057405 0.009207 0.491768 
0.018057 0.018057 0.945830 0.018057 
0.250000 0.250000 0.250000 0.250000 
  84
0.479817 0.008825 0.046210 
0.462778 0.981968 0.462022 
0.057405 0.009207 0.491768 
0.018057 0.945830 0.018057 0.018057 
0.250000 0.250000 0.250000 0.250000 
  85
0.479817 0.008825 0.046210 
0.462778 0.981968 0.462022 
0.057405 0.009207 0.491768 
0.018057 0.018057 0.945830 0.018057 
0.250000 0.250000 0.250000 0.250000 
  86
0.479817 0.008825 0.046210 
0.462778 0.981968 0.462022 
0.057405 0.009207 0.491768 
0.018057 0.018057 0.018057 0.945830 
0.250000 0.250000 0.250000 0.250000 
  87
0.479817 0.008825 0.046210 
0.462778 0.981968 0.462022 
0.057405 0.009207 0.491768 
0.023658 0.934956 0.018057 0.023329 
0.250000 0.250000 0.250000 0.250000 
  88
0.479817 0.008825 0.046210 
0.462778 0.981968 0.462022 
0.057405 0.009207 0.491768 
0.018057 0.018057 0.018057 0.945830 
0.250000 0.250000 0.250000 0.250000 
  89
0.479817 0.008825 0.046210 
0.462778 0.981968 0.462022 
0.057405 0.009207 0.491768 
0.018057 0.945830 0.018057 0.018057 
0.250000 0.250000 0.250000 0.250000 
  90
0.479817 0.008825 0.046210 
0.462778 0.981968 0.462022 
0.057405 0.009207 0.491768 
0.018057 0.018057 0.945830 0.018057 
0.250000 0.250000 0.250000 0.250000 
  91
0.479817 0.008825 0.046210 
0.462778 0.981968 0.462022 
0.057405 0.009207 0.491768 
0.018057 0.018057 0.945830 0.018057 
0.250000 0.250000 0.250000 0.250000 
  92
0.479817 0.008825 0.046210 
0.462778 0.981968 0.462022 
0.057405 0.009207 0.491768 
0.018057 0.018057 0.018057 0.945830 
0.250000 0.250000 0.250000 0.250000 
  93
0.479817 0.008825 0.046210 
0.462778 0.981968 0.462022 
0.057405 0.009207 0.491768 
0.018057 0.018057 0.018057 0.945830 
0.250000 0.250000 0.250000 0.250000 
  94
0.479817 0.008825 0.046210 
0.462778 0.981968 0.462022 
0.057405 0.009207 0.491768 
0.018057 0.945830 0.018057 0.018057 
0.250000 0.250000 0.250000 0.250000 
  95
0.479817 0.008825 0.046210 
0.462778 0.981968 0.462022 
0.057405 0.009207 0.491768 
0.018057 0.945830 0.018057 0.018057 
0.250000 0.250000 0.250000 0.250000 
  96
0.479817 0.008825 0.046210 
0.462778 0.981968 0.462022 
0.057405 0.009207 0.491768 
0.018057 0.945830 0.018057 0.018057 
0.250000 0.250000 0.250000 0.250000 
  97
0.479817 0.008825 0.046210 
0.462778 0.981968 0.462022 
0.057405 0.009207 0.491768 
0.018057 0.018057 0.945830 0.018057 
0.250000 0.250000 0.250000 0.250000 
  98
0.479817 0.008825 0.046210 
0.462778 0.981968 0.462022 
0.057405 0.009207 0.491768 
0.945830 0.018057 0.018057 0.018057 
0.250000 0.250000 0.250000 0.250000 
  99
0.479817 0.008825 0.046210 
0.462778 0.981968 0.462022 
0.057405 0.009207 0.491768 
0.018057 0.018057 0.945830 0.018057 
0.250000 0.250000 0.250000 0.250000 
 100
0.479817 0.008825 0.046210 
0.462778 0.981968 0.462022 
0.057405 0.009207 0.491768 
0.018057 0.018057 0.945830 0.018057 
0.250000 0.250000 0.250000 0.250000 
 101
0.479817 0.008825 0.046210 
0.462778 0.981968 0.462022 
0.057405 0.009207 0.491768 
0.945830 0.018057 0.018057 0.018057 
0.250000 0.250000 0.250000 0.250000 
 102
0.479817 0.008825 0.046210 
0.462778 0.981968 0.462022 
0.057405 0.009207 0.491768 
0.018057 0.018057 0.018057 0.945830 
0.250000 0.250000 0.250000 0.250000 
 103
0.479817 0.008825 0.046210 
0.462778 0.981968 0.462022 
0.057405 0.009207 0.491768 
0.018057 0.945830 0.018057 0.018057 
0.250000 0.250000 0.250000 0.250000 
 104
0.479817 0.008825 0.046210 
0.462778 0.981968 0.462022 
0.057405 0.009207 0.491768 
0.018057 0.018057 0.945830 0.018057 
0.250000 0.250000 0.250000 0.250000 
 105
0.479817 0.008825 0.046210 
0.462778 0.981968 0.462022 
0.057405 0.009207 0.491768 
0.945830 0.018057 0.018057 0.018057 
0.250000 0.250000 0.250000 0.250000 
 106
0.479817 0.008825 0.046210 
0.462778 0.981968 0.462022 
0.057405 0.009207 0.491768 
0.018057 0.945830 0.018057 0.018057 
0.250000 0.250000 0.250000 0.250000 
 107
0.479817 0.008825 0.046210 
0.462778 0.981968 0.462022 
0.057405 0.009207 0.491768 
0.018057 0.018057 0.018057 0.945830 
0.250000 0.250000 0.250000 0.250000 
 108
0.479817 0.008825 0.046210 
0.462778 0.981968 0.462022 
0.057405 0.009207 0.491768 
0.940103 0.023783 0.018057 0.018057 
0.250000 0.250000 0.250000 0.250000 
 109
0.479817 0.008825 0.046210 
0.462778 0.981968 0.462022 
0.057405 0.009207 0.491768 
0.018057 0.018057 0.945830 0.018057 
0.250000 0.250000 0.250000 0.250000 
 110
0.479817 0.008825 0.046210 
0.462778 0.981968 0.462022 
0.057405 0.009207 0.491768 
0.018057 0.018057 0.945830 0.018057 
0.250000 0.250000 0.250000 0.250000 
 111
0.479817 0.008825 0.046210 
0.462778 0.981968 0.462022 
0.057405 0.009207 0.491768 
0.945830 0.018057 0.018057 0.018057 
0.250000 0.250000 0.250000 0.250000 
 112
0.479817 0.008825 0.046210 
0.462778 0.981968 0.462022 
0.057405 0.009207 0.491768 
0.945830 0.018057 0.018057 0.018057 
0.250000 0.250000 0.250000 0.250000 
 113
0.479817 0.008825 0.046210 
0.462778 0.981968 0.462022 
0.057405 0.009207 0.491768 
0.945830 0.018057 0.018057 0.018057 
0.250000 0.250000 0.250000 0.250000 
 114
0.479817 0.008825 0.046210 
0.462778 0.981968 0.462022 
0.057405 0.009207 0.491768 
0.018057 0.018057 0.919495 0.044392 
0.250000 0.250000 0.250000 0.250000 
 115
0.479817 0.008825 0.046210 
0.462778 0.981968 0.462022 
0.057405 0.009207 0.491768 
0.018057 0.945830 0.018057 0.018057 
0.250000 0.250000 0.250000 0.250000 
 116
0.479817 0.008825 0.046210 
0.462778 0.981968 0.462022 
0.057405 0.009207 0.491768 
0.018057 0.945830 0.018057 0.018057 
0.250000 0.250000 0.250000 0.250000 
 117
0.479817 0.008825 0.046210 
0.462778 0.981968 0.462022 
0.057405 0.009207 0.491768 
0.945830 0.018057 0.018057 0.018057 
0.250000 0.250000 0.250000 0.250000 
 118
0.479817 0.008825 0.046210 
0.462778 0.981968 0.462022 
0.057405 0.009207 0.491768 
0.945830 0.018057 0.018057 0.018057 
0.250000 0.250000 0.250000 0.250000 
 119
0.479817 0.008825 0.046210 
0.462778 0.981968 0.462022 
0.057405 0.009207 0.491768 
0.018057 0.018057 0.945830 0.018057 
0.250000 0.250000 0.250000 0.250000 
 120
0.479817 0.008825 0.046210 
0.462778 0.981968 0.462022 
0.057405 0.009207 0.491768 
0.051212 0.912674 0.018057 0.018057 
0.250000 0.250000 0.250000 0.250000 
 121
0.479817 0.008825 0.046210 
0.462778 0.981968 0.462022 
0.057405 0.009207 0.491768 
0.940349 0.023537 0.018057 0.018057 
0.250000 0.250000 0.250000 0.250000 
 122
0.479817 0.008825 0.046210 
0.462778 0.981968 0.462022 
0.057405 0.009207 0.491768 
0.018057 0.018057 0.018057 0.945830 
0.250000 0.250000 0.250000 0.250000 
 123
0.479817 0.008825 0.046210 
0.462778 0.981968 0.462022 
0.057405 0.009207 0.491768 
0.935172 0.028714 0.018057 0.018057 
0.250000 0.250000 0.250000 0.250000 
 124
0.479817 0.008825 0.046210 
0.462778 0.981968 0.462022 
0.057405 0.009207 0.491768 
0.018057 0.945830 0.018057 0.018057 
0.250000 0.250000 0.250000 0.250000 
 125
0.479817 0.008825 0.046210 
0.462778 0.981968 0.462022 
0.057405 0.009207 0.491768 
0.018057 0.018057 0.018057 0.945830 
0.250000 0.250000 0.250000 0.250000 
 126
0.479817 0.008825 0.046210 
0.462778 0.981968 0.462022 
0.057405 0.009207 0.491768 
0.018057 0.945830 0.018057 0.018057 
0.250000 0.250000 0.250000 0.250000 
 127
0.479817 0.008825 0.046210 
0.462778 0.981968 0.462022 
0.057405 0.009207 0.491768 
0.945830 0.018057 0.018057 0.018057 
0.250000 0.250000 0.250000 0.250000 
 128
0.479817 0.008825 0.046210 
0.462778 0.981968 0.462022 
0.057405 0.009207 0.491768 
0.945830 0.018057 0.018057 0.018057 
0.250000 0.250000 0.250000 0.250000 
 129
0.479817 0.008825 0.046210 
0.462778 0.981968 0.462022 
0.057405 0.009207 0.491768 
0.945830 0.018057 0.018057 0.018057 
0.250000 0.250000 0.250000 0.250000 
 130
0.479817 0.008825 0.046210 
0.462778 0.981968 0.462022 
0.057405 0.009207 0.491768 
0.945830 0.018057 0.018057 0.018057 
0.250000 0.250000 0.250000 0.250000 
 131
0.479817 0.008825 0.046210 
0.462778 0.981968 0.462022 
0.057405 0.009207 0.491768 
0.018057 0.018057 0.945830 0.018057 
0.250000 0.250000 0.250000 0.250000 
 132
0.479817 0.008825 0.046210 
0.462778 0.981968 0.462022 
0.057405 0.009207 0.491768 
0.945830 0.018057 0.018057 0.018057 
0.250000 0.250000 0.250000 0.250000 
 133
0.479817 0.008825 0.046210 
0.462778 0.981968 0.462022 
0.057405 0.009207 0.491768 
0.945830 0.018057 0.018057 0.018057 
0.250000 0.250000 0.250000 0.250000 
 134
0.479817 0.008825 0.046210 
0.462778 0.981968 0.462022 
0.057405 0.009207 0.491768 
0.018057 0.018057 0.018057 0.945830 
0.250000 0.250000 0.250000 0.250000 
 135
0.479817 0.008825 0.046210 
0.462778 0.981968 0.462022 
0.057405 0.009207 0.491768 
0.023524 0.018057 0.940363 0.018057 
0.250000 0.250000 0.250000 0.250000 
 136
0.479817 0.008825 0.046210 
0.462778 0.981968 0.462022 
0.057405 0.009207 0.491768 
0.940118 0.023768 0.018057 0.018057 
0.250000 0.250000 0.250000 0.250000 
 137
0.479817 0.008825 0.046210 
0.462778 0.981968 0.462022 
0.057405 0.009207 0.491768 
0.018057 0.018057 0.945830 0.018057 
0.250000 0.250000 0.250000 0.250000 
 138
0.479817 0.008825 0.046210 
0.462778 0.981968 0.462022 
0.057405 0.009207 0.491768 
0.023600 0.940286 0.018057 0.018057 
0.250000 0.250000 0.250000 0.250000 
 139
0.479817 0.008825 0.046210 
0.462778 0.981968 0.462022 
0.057405 0.009207 0.491768 
0.916655 0.047231 0.018057 0.018057 
0.250000 0.250000 0.250000 0.250000 
 140
0.479817 0.008825 0.046210 
0.462778 0.981968 0.462022 
0.057405 0.009207 0.491768 
0.945830 0.018057 0.018057 0.018057 
0.250000 0.250000 0.250000 0.250000 
 141
0.479817 0.008825 0.046210 
0.462778 0.981968 0.462022 
0.057405 0.009207 0.491768 
0.018057 0.018057 0.018057 0.945830 
0.250000 0.250000 0.250000 0.250000 
 142
0.479817 0.008825 0.046210 
0.462778 0.981968 0.462022 
0.057405 0.009207 0.491768 
0.018057 0.945830 0.018057 0.018057 
0.250000 0.250000 0.250000 0.250000 
 143
0.479817 0.008825 0.046210 
0.462778 0.981968 0.462022 
0.057405 0.009207 0.491768 
0.945830 0.018057 0.018057 0.018057 
0.250000 0.250000 0.250000 0.250000 
 144
0.479817 0.008825 0.046210 
0.462778 0.981968 0.462022 
0.057405 0.009207 0.491768 
0.018057 0.018057 0.945830 0.018057 
0.250000 0.250000 0.250000 0.250000 
 145
0.479817 0.008825 0.046210 
0.462778 0.981968 0.462022 
0.057405 0.009207 0.491768 
0.018057 0.018057 0.945830 0.018057 
0.250000 0.250000 0.250000 0.250000 
 146
0.479817 0.008825 0.046210 
0.462778 0.981968 0.462022 
0.057405 0.009207 0.491768 
0.945830 0.018057 0.018057 0.018057 
0.250000 0.250000 0.250000 0.250000 
 147
0.479817 0.008825 0.046210 
0.462778 0.981968 0.462022 
0.057405 0.009207 0.491768 
0.945830 0.018057 0.018057 0.018057 
0.250000 0.250000 0.250000 0.250000 
 148
0.479817 0.008825 0.046210 
0.462778 0.981968 0.462022 
0.057405 0.009207 0.491768 
0.929257 0.034630 0.018057 0.018057 
0.250000 0.250000 0.250000 0.250000 
 149
0.479817 0.008825 0.046210 
0.462778 0.981968 0.462022 
0.057405 0.009207 0.491768 
0.018057 0.018057 0.018057 0.945830 
0.250000 0.250000 0.250000 0.250000 
 150
0.479817 0.008825 0.046210 
0.462778 0.981968 0.462022 
0.057405 0.009207 0.491768 
0.018057 0.018057 0.018057 0.945830 
0.250000 0.250000 0.250000 0.250000 
 151
0.479817 0.008825 0.046210 
0.462778 0.981968 0.462022 
0.057405 0.009207 0.491768 
0.018057 0.945830 0.018057 0.018057 
0.250000 0.250000 0.250000 0.250000 
 152
0.479817 0.008825 0.046210 
0.462778 0.981968 0.462022 
0.057405 0.009207 0.491768 
0.945830 0.018057 0.018057 0.018057 
0.250000 0.250000 0.250000 0.250000 
 153
0.479817 0.008825 0.046210 
0.462778 0.981968 0.462022 
0.057405 0.009207 0.491768 
0.934631 0.029256 0.018057 0.018057 
0.250000 0.250000 0.250000 0.250000 
 154
0.479817 0.008825 0.046210 
0.462778 0.981968 0.462022 
0.057405 0.009207 0.491768 
0.018057 0.945830 0.018057 0.018057 
0.250000 0.250000 0.250000 0.250000 
 155
0.479817 0.008825 0.046210 
0.462778 0.981968 0.462022 
0.057405 0.009207 0.491768 
0.018057 0.018057 0.018057 0.945830 
0.250000 0.250000 0.250000 0.250000 
 156
0.479817 0.008825 0.046210 
0.462778 0.981968 0.462022 
0.057405 0.009207 0.491768 
0.018057 0.018057 0.023434 0.940453 
0.250000 0.250000 0.250000 0.250000 
 157
0.479817 0.008825 0.046210 
0.462778 0.981968 0.462022 
0.057405 0.009207 0.491768 
0.945830 0.018057 0.018057 0.018057 
0.250000 0.250000 0.250000 0.250000 
 158
0.479817 0.008825 0.046210 
0.462778 0.981968 0.462022 
0.057405 0.009207 0.491768 
0.018057 0.018057 0.945830 0.018057 
0.250000 0.250000 0.250000 0.250000 
 159
0.479817 0.008825 0.046210 
0.462778 0.981968 0.462022 
0.057405 0.009207 0.491768 
0.018057 0.018057 0.018057 0.945830 
0.250000 0.250000 0.250000 0.250000 
 160
0.479817 0.008825 0.046210 
0.462778 0.981968 0.462022 
0.057405 0.009207 0.491768 
0.945830 0.018057 0.018057 0.018057 
0.250000 0.250000 0.250000 0.250000 
 161
0.479817 0.008825 0.046210 
0.462778 0.981968 0.462022 
0.057405 0.009207 0.491768 
0.945830 0.018057 0.018057 0.018057 
0.250000 0.250000 0.250000 0.250000 
 162
0.479817 0.008825 0.046210 
0.462778 0.981968 0.462022 
0.057405 0.009207 0.491768 
0.018057 0.018057 0.028830 0.935057 
0.250000 0.250000 0.250000 0.250000 
 163
0.479817 0.008825 0.046210 
0.462778 0.981968 0.462022 
0.057405 0.009207 0.491768 
0.018057 0.945830 0.018057 0.018057 
0.250000 0.250000 0.250000 0.250000 
 164
0.479817 0.008825 0.046210 
0.462778 0.981968 0.462022 
0.057405 0.009207 0.491768 
0.018057 0.018057 0.945830 0.018057 
0.250000 0.250000 0.250000 0.250000 
 165
0.479817 0.008825 0.046210 
0.462778 0.981968 0.462022 
0.057405 0.009207 0.491768 
0.018057 0.018057 0.018057 0.945830 
0.250000 0.250000 0.250000 0.250000 
 166
0.479817 0.008825 0.046210 
0.462778 0.981968 0.462022 
0.057405 0.009207 0.491768 
0.945830 0.018057 0.018057 0.018057 
0.250000 0.250000 0.250000 0.250000 
 167
0.479817 0.008825 0.046210 
0.462778 0.981968 0.462022 
0.057405 0.009207 0.491768 
0.018057 0.018057 0.945830 0.018057 
0.250000 0.250000 0.250000 0.250000 
 168
0.479817 0.008825 0.046210 
0.462778 0.981968 0.462022 
0.057405 0.009207 0.491768 
0.018057 0.023961 0.018057 0.939926 
0.250000 0.250000 0.250000 0.250000 
 169
0.479817 0.008825 0.046210 
0.462778 0.981968 0.462022 
0.057405 0.009207 0.491768 
0.018057 0.945830 0.018057 0.018057 
0.250000 0.250000 0.250000 0.250000 
 170
0.479817 0.008825 0.046210 
0.462778 0.981968 0.462022 
0.057405 0.009207 0.491768 
0.945830 0.018057 0.018057 0.018057 
0.250000 0.250000 0.250000 0.250000 
 171
0.479817 0.008825 0.046210 
0.462778 0.981968 0.462022 
0.057405 0.009207 0.491768 
0.018057 0.945830 0.018057 0.018057 
0.250000 0.250000 0.250000 0.250000 
 172
0.479817 0.008825 0.046210 
0.462778 0.981968 0.462022 
0.057405 0.009207 0.491768 
0.018057 0.018057 0.945830 0.018057 
0.250000 0.250000 0.250000 0.250000 
 173
0.479817 0.008825 0.046210 
0.462778 0.981968 0.462022 
0.057405 0.009207 0.491768 
0.018057 0.018057 0.018057 0.945830 
0.250000 0.250000 0.250000 0.250000 
 174
0.479817 0.008825 0.046210 
0.462778 0.981968 0.462022 
0.057405 0.009207 0.491768 
0.023961 0.939926 0.018057 0.018057 
0.250000 0.250000 0.250000 0.250000 
 175
0.479817 0.008825 0.046210 
0.462778 0.981968 0.462022 
0.057405 0.009207 0.491768 
0.025361 0.938525 0.018057 0.018057 
0.250000 0.250000 0.250000 0.250000 
 176
0.479817 0.008825 0.046210 
0.462778 0.981968 0.462022 
0.057405 0.009207 0.491768 
0.018057 0.018057 0.018057 0.945830 
0.250000 0.250000 0.250000 0.250000 
 177
0.479817 0.008825 0.046210 
0.462778 0.981968 0.462022 
0.057405 0.009207 0.491768 
0.018057 0.018057 0.018057 0.945830 
0.250000 0.250000 0.250000 0.250000 
 178
0.479817 0.008825 0.046210 
0.462778 0.981968 0.462022 
0.057405 0.009207 0.491768 
0.018057 0.018057 0.945830 0.018057 
0.250000 0.250000 0.250000 0.250000 
 179
0.479817 0.008825 0.046210 
0.462778 0.981968 0.462022 
0.057405 0.009207 0.491768 
0.939367 0.024519 0.018057 0.018057 
0.250000 0.250000 0.250000 0.250000 
 180
0.479817 0.008825 0.046210 
0.462778 0.981968 0.462022 
0.057405 0.009207 0.491768 
0.018057 0.945830 0.018057 0.018057 
0.250000 0.250000 0.250000 0.250000 
 181
0.479817 0.008825 0.046210 
0.462778 0.981968 0.462022 
0.057405 0.009207 0.491768 
0.945830 0.018057 0.018057 0.018057 
0.250000 0.250000 0.250000 0.250000 
 182
0.479817 0.008825 0.046210 
0.462778 0.981968 0.462022 
0.057405 0.009207 0.491768 
0.932887 0.031000 0.018057 0.018057 
0.250000 0.250000 0.250000 0.250000 
 183
0.479817 0.008825 0.046210 
0.462778 0.981968 0.462022 
0.057405 0.009207 0.491768 
0.018057 0.018057 0.018057 0.945830 
0.250000 0.250000 0.250000 0.250000 
 184
0.479817 0.008825 0.046210 
0.462778 0.981968 0.462022 
0.057405 0.009207 0.491768 
0.018057 0.018057 0.018057 0.945830 
0.250000 0.250000 0.250000 0.250000 
 185
0.479817 0.008825 0.046210 
0.462778 0.981968 0.462022 
0.057405 0.009207 0.491768 
0.018057 0.018057 0.945830 0.018057 
0.250000 0.250000 0.250000 0.250000 
 186
0.479817 0.008825 0.046210 
0.462778 0.981968 0.462022 
0.057405 0.009207 0.491768 
0.024095 0.018057 0.939792 0.018057 
0.250000 0.250000 0.250000 0.250000 
 187
0.479817 0.008825 0.046210 
0.462778 0.981968 0.462022 
0.057405 0.009207 0.491768 
0.018057 0.018057 0.018057 0.945830 
0.250000 0.250000 0.250000 0.250000 
 188
0.479817 0.008825 0.046210 
0.462778 0.981968 0.462022 
0.057405 0.009207 0.491768 
0.018057 0.018057 0.945830 0.018057 
0.250000 0.250000 0.250000 0.250000 
 189
0.479817 0.008825 0.046210 
0.462778 0.981968 0.462022 
0.057405 0.009207 0.491768 
0.945830 0.018057 0.018057 0.018057 
0.250000 0.250000 0.250000 0.250000 
 190
0.479817 0.008825 0.046210 
0.462778 0.981968 0.462022 
0.057405 0.009207 0.491768 
0.945830 0.018057 0.018057 0.018057 
0.250000 0.250000 0.250000 0.250000 
 191
0.479817 0.008825 0.046210 
0.462778 0.981968 0.462022 
0.057405 0.009207 0.491768 
0.018057 0.018057 0.945830 0.018057 
0.250000 0.250000 0.250000 0.250000 
 192
0.479817 0.008825 0.046210 
0.462778 0.981968 0.462022 
0.057405 0.009207 0.491768 
0.939797 0.018057 0.018057 0.024089 
0.250000 0.250000 0.250000 0.250000 
 193
0.479817 0.008825 0.046210 
0.462778 0.981968 0.462022 
0.057405 0.009207 0.491768 
0.018057 0.945830 0.018057 0.018057 
0.250000 0.250000 0.250000 0.250000 
 194
0.479817 0.008825 0.046210 
0.462778 0.981968 0.462022 
0.057405 0.009207 0.491768 
0.018057 0.945830 0.018057 0.018057 
0.250000 0.250000 0.250000 0.250000 
 195
0.479817 0.008825 0.046210 
0.462778 0.981968 0.462022 
0.057405 0.009207 0.491768 
0.018057 0.018057 0.018057 0.945830 
0.250000 0.250000 0.250000 0.250000 
 196
0.479817 0.008825 0.046210 
0.462778 0.981968 0.462022 
0.057405 0.009207 0.491768 
0.018057 0.945830 0.018057 0.018057 
0.250000 0.250000 0.250000 0.250000 
 197
0.479817 0.008825 0.046210 
0.462778 0.981968 0.462022 
0.057405 0.009207 0.491768 
0.945830 0.018057 0.018057 0.018057 
0.250000 0.250000 0.250000 0.250000 
 198
0.479817 0.008825 0.046210 
0.462778 0.981968 0.462022 
0.057405 0.009207 0.491768 
0.945830 0.018057 0.018057 0.018057 
0.250000 0.250000 0.250000 0.250000 
 199
0.479817 0.008825 0.046210 
0.462778 0.981968 0.462022 
0.057405 0.009207 0.491768 
0.945830 0.018057 0.018057 0.018057 
0.250000 0.250000 0.250000 0.250000 
 200
0.479817 0.008825 0.046210 
0.462778 0.981968 0.462022 
0.057405 0.009207 0.491768 
0.018057 0.018057 0.018057 0.945830 
0.250000 0.250000 0.250000 0.250000 
 201
0.479817 0.008825 0.046210 
0.462778 0.981968 0.462022 
0.057405 0.009207 0.491768 
0.945830 0.018057 0.018057 0.018057 
0.250000 0.250000 0.250000 0.250000 
 202
0.479817 0.008825 0.046210 
0.462778 0.981968 0.462022 
0.057405 0.009207 0.491768 
0.018057 0.018057 0.018057 0.945830 
0.250000 0.250000 0.250000 0.250000 
 203
0.479817 0.008825 0.046210 
0.462778 0.981968 0.462022 
0.057405 0.009207 0.491768 
0.018057 0.945830 0.018057 0.018057 
0.250000 0.250000 0.250000 0.250000 
 204
0.479817 0.008825 0.046210 
0.462778 0.981968 0.462022 
0.057405 0.009207 0.491768 
0.018057 0.018057 0.922069 0.041817 
0.250000 0.250000 0.250000 0.250000 
 205
0.479817 0.008825 0.046210 
0.462778 0.981968 0.462022 
0.057405 0.009207 0.491768 
0.040812 0.923075 0.018057 0.018057 
0.250000 0.250000 0.250000 0.250000 
 206
0.479817 0.008825 0.046210 
0.462778 0.981968 0.462022 
0.057405 0.009207 0.491768 
0.934139 0.029748 0.018057 0.018057 
0.250000 0.250000 0.250000 0.250000 
 207
0.479817 0.008825 0.046210 
0.462778 0.981968 0.462022 
0.057405 0.009207 0.491768 
0.018057 0.018057 0.939926 0.023961 
0.250000 0.250000 0.250000 0.250000 
 208
0.479817 0.008825 0.046210 
0.462778 0.981968 0.462022 
0.057405 0.009207 0.491768 
0.945830 0.018057 0.018057 0.018057 
0.250000 0.250000 0.250000 0.250000 
 209
0.479817 0.008825 0.046210 
0.462778 0.981968 0.462022 
0.057405 0.009207 0.491768 
0.018057 0.945830 0.018057 0.018057 
0.250000 0.250000 0.250000 0.250000 
 210
0.479817 0.008825 0.046210 
0.462778 0.981968 0.462022 
0.057405 0.009207 0.491768 
0.018057 0.018057 0.045075 0.918811 
0.250000 0.250000 0.250000 0.250000 
 211
0.479817 0.008825 0.046210 
0.462778 0.981968 0.462022 
0.057405 0.009207 0.491768 
0.018057 0.018057 0.945830 0.018057 
0.250000 0.250000 0.250000 0.250000 
 212
0.479817 0.008825 0.046210 
0.462778 0.981968 0.462022 
0.057405 0.009207 0.491768 
0.018057 0.018057 0.945830 0.018057 
0.250000 0.250000 0.250000 0.250000 
 213
0.479817 0.008825 0.046210 
0.462778 0.981968 0.462022 
0.057405 0.009207 0.491768 
0.018057 0.018057 0.018057 0.945830 
0.250000 0.250000 0.250000 0.250000 
 214
0.479817 0.008825 0.046210 
0.462778 0.981968 0.462022 
0.057405 0.009207 0.491768 
0.018057 0.018057 0.945830 0.018057 
0.250000 0.250000 0.250000 0.250000 
 215
0.479817 0.008825 0.046210 
0.462778 0.981968 0.462022 
0.057405 0.009207 0.491768 
0.945830 0.018057 0.018057 0.018057 
0.250000 0.250000 0.250000 0.250000 
 216
0.479817 0.008825 0.046210 
0.462778 0.981968 0.462022 
0.057405 0.009207 0.491768 
0.018057 0.018057 0.018057 0.945830 
0.250000 0.250000 0.250000 0.250000 
 217
0.479817 0.008825 0.046210 
0.462778 0.981968 0.462022 
0.057405 0.009207 0.491768 
0.018057 0.018057 0.945830 0.018057 
0.250000 0.250000 0.250000 0.250000 
 218
0.479817 0.008825 0.046210 
0.462778 0.981968 0.462022 
0.057405 0.009207 0.491768 
0.945830 0.018057 0.018057 0.018057 
0.250000 0.250000 0.250000 0.250000 
 219
0.479817 0.008825 0.046210 
0.462778 0.981968 0.462022 
0.057405 0.009207 0.491768 
0.018057 0.945830 0.018057 0.018057 
0.250000 0.250000 0.250000 0.250000 
 220
0.479817 0.008825 0.046210 
0.462778 0.981968 0.462022 
0.057405 0.009207 0.491768 
0.945830 0.018057 0.018057 0.018057 
0.250000 0.250000 0.250000 0.250000 
 221
0.479817 0.008825 0.046210 
0.462778 0.981968 0.462022 
0.057405 0.009207 0.491768 
0.018057 0.018057 0.018057 0.945830 
0.250000 0.250000 0.250000 0.250000 
 222
0.479817 0.008825 0.046210 
0.462778 0.981968 0.462022 
0.057405 0.009207 0.491768 
0.034966 0.018057 0.928920 0.018057 
0.250000 0.250000 0.250000 0.250000 
 223
0.479817 0.008825 0.046210 
0.462778 0.981968 0.462022 
0.057405 0.009207 0.491768 
0.157636 0.018057 0.806250 0.018057 
0.250000 0.250000 0.250000 0.250000 
 224
0.479817 0.008825 0.046210 
0.462778 0.981968 0.462022 
0.057405 0.009207 0.491768 
0.018057 0.018057 0.018057 0.945830 
0.250000 0.250000 0.250000 0.250000 
 225
0.479817 0.008825 0.046210 
0.462778 0.981968 0.462022 
0.057405 0.009207 0.491768 
0.018057 0.023651 0.018057 0.940235 
0.250000 0.250000 0.250000 0.250000 
 226
0.479817 0.008825 0.046210 
0.462778 0.981968 0.462022 
0.057405 0.009207 0.491768 
0.018057 0.945830 0.018057 0.018057 
0.250000 0.250000 0.250000 0.250000 
 227
0.479817 0.008825 0.046210 
0.462778 0.981968 0.462022 
0.057405 0.009207 0.491768 
0.945830 0.018057 0.018057 0.018057 
0.250000 0.250000 0.250000 0.250000 
 228
0.479817 0.008825 0.046210 
0.462778 0.981968 0.462022 
0.057405 0.009207 0.491768 
0.018057 0.018057 0.018057 0.945830 
0.250000 0.250000 0.250000 0.250000 
 229
0.479817 0.008825 0.046210 
0.462778 0.981968 0.462022 
0.057405 0.009207 0.491768 
0.018057 0.945830 0.018057 0.018057 
0.250000 0.250000 0.250000 0.250000 
 230
0.479817 0.008825 0.046210 
0.462778 0.981968 0.462022 
0.057405 0.009207 0.491768 
0.018057 0.945830 0.018057 0.018057 
0.250000 0.250000 0.250000 0.250000 
 231
0.479817 0.008825 0.046210 
0.462778 0.981968 0.462022 
0.057405 0.009207 0.491768 
0.945830 0.018057 0.018057 0.018057 
0.250000 0.250000 0.250000 0.250000 
 232
0.479817 0.008825 0.046210 
0.462778 0.981968 0.462022 
0.057405 0.009207 0.491768 
0.018057 0.945830 0.018057 0.018057 
0.250000 0.250000 0.250000 0.250000 
 233
0.479817 0.008825 0.046210 
0.462778 0.981968 0.462022 
0.057405 0.009207 0.491768 
0.945830 0.018057 0.018057 0.018057 
