%  SAM: /scicomp/home/yfa9/CDC_projects/Mol_genetic_analysis/Nomenclature/H1_Nomenclature/All_plus_Ref_v5/v_2/label/LABEL_RES/scripts/modelfromalign_Linux v3.5 (July 15, 2005) compiled 12/08/06_16:15:55
%  (c) 1992-2001 Regents of the University of California, Santa Cruz
%
%          Sequence Alignment and Modeling Software System
%         http://www.cse.ucsc.edu/research/compbio/sam.html
%
% ----------------- Citations (SAM, SAM-T2K, HMMs) --------------------
% R. Hughey, A. Krogh, Hidden Markov models for sequence analysis:
%  Extension and analysis of the basic method, CABIOS 12:95-107, 1996.
% K. Karplus, et al., What is the value added by human intervention in protein
%  structure prediction, Proteins: Stucture, Function, Genetics 45(S5):86--91, 2001.
% A. Krogh et al., Hidden Markov models in computational biology:
%  Applications to protein modeling, JMB 235:1501-1531, Feb 1994.
% ---------------------------------------------------------------------
%  1_hmm   Host: node8.aspen.biotech.cdc.gov    Tue Jun 28 08:25:16 2016
%  yfa9    Dir:  /scicomp/home/yfa9/CDC_projects/Mol_genetic_analysis/Nomenclature/H1_Nomenclature/All_plus_Ref_v5/v_2/Step4/From_Clustering_v2/H1Pdm009_v1/c-8-7-6-5-Old/c-1-8-Old
% ---------------------------------------------------------------------
%  Alignment weights from internal calc.  Total (19.00) Max (0.13) Min (0.04)
%  Weights from alignment method 1 (karplus), b=-1.000000, e=0.500000
MODEL --  Model from alignment file /scicomp/home/yfa9/CDC_projects/Mol_genetic_analysis/Nomenclature/H1_Nomenclature/All_plus_Ref_v5/v_2/label/LABEL_RES/training_data/H1v2016_1/c-8-7-6-5-Old/c-1-8-Old/1.fasta
alphabet DNA
FREQAVE
0.000000 0.000000 0.000000 
0.000000 0.000000 0.000000 
0.000000 0.000000 0.000000 
0.352112 0.223177 0.185363 0.239349 
0.352112 0.223177 0.185363 0.239349 
Begin
0.000000 0.000000 0.000000 
0.000000 0.000000 0.000000 
0.000000 0.007590 0.491768 
0.250000 0.250000 0.250000 0.250000 
0.250000 0.250000 0.250000 0.250000 
   1
0.000000 0.007275 0.046210 
0.000000 0.985135 0.462022 
0.057405 0.007590 0.491768 
0.962500 0.012500 0.012500 0.012500 
0.250000 0.250000 0.250000 0.250000 
   2
0.479817 0.007275 0.046210 
0.462778 0.985135 0.462022 
0.057405 0.007590 0.491768 
0.012500 0.012500 0.012500 0.962500 
0.250000 0.250000 0.250000 0.250000 
   3
0.479817 0.007275 0.046210 
0.462778 0.985135 0.462022 
0.057405 0.007590 0.491768 
0.012500 0.962500 0.012500 0.012500 
0.250000 0.250000 0.250000 0.250000 
   4
0.479817 0.007275 0.046210 
0.462778 0.985135 0.462022 
0.057405 0.007590 0.491768 
0.962500 0.012500 0.012500 0.012500 
0.250000 0.250000 0.250000 0.250000 
   5
0.479817 0.007275 0.046210 
0.462778 0.985135 0.462022 
0.057405 0.007590 0.491768 
0.962500 0.012500 0.012500 0.012500 
0.250000 0.250000 0.250000 0.250000 
   6
0.479817 0.007275 0.046210 
0.462778 0.985135 0.462022 
0.057405 0.007590 0.491768 
0.012500 0.962500 0.012500 0.012500 
0.250000 0.250000 0.250000 0.250000 
   7
0.479817 0.007275 0.046210 
0.462778 0.985135 0.462022 
0.057405 0.007590 0.491768 
0.015461 0.959539 0.012500 0.012500 
0.250000 0.250000 0.250000 0.250000 
   8
0.479817 0.007275 0.046210 
0.462778 0.985135 0.462022 
0.057405 0.007590 0.491768 
0.012500 0.012500 0.962500 0.012500 
0.250000 0.250000 0.250000 0.250000 
   9
0.479817 0.007275 0.046210 
0.462778 0.985135 0.462022 
0.057405 0.007590 0.491768 
0.962500 0.012500 0.012500 0.012500 
0.250000 0.250000 0.250000 0.250000 
  10
0.479817 0.007275 0.046210 
0.462778 0.985135 0.462022 
0.057405 0.007590 0.491768 
0.962500 0.012500 0.012500 0.012500 
0.250000 0.250000 0.250000 0.250000 
  11
0.479817 0.007275 0.046210 
0.462778 0.985135 0.462022 
0.057405 0.007590 0.491768 
0.012500 0.015109 0.012500 0.959891 
0.250000 0.250000 0.250000 0.250000 
  12
0.479817 0.007275 0.046210 
0.462778 0.985135 0.462022 
0.057405 0.007590 0.491768 
0.962500 0.012500 0.012500 0.012500 
0.250000 0.250000 0.250000 0.250000 
  13
0.479817 0.007275 0.046210 
0.462778 0.985135 0.462022 
0.057405 0.007590 0.491768 
0.012500 0.012500 0.962500 0.012500 
0.250000 0.250000 0.250000 0.250000 
  14
0.479817 0.007275 0.046210 
0.462778 0.985135 0.462022 
0.057405 0.007590 0.491768 
0.012500 0.015686 0.012500 0.959314 
0.250000 0.250000 0.250000 0.250000 
  15
0.479817 0.007275 0.046210 
0.462778 0.985135 0.462022 
0.057405 0.007590 0.491768 
0.962500 0.012500 0.012500 0.012500 
0.250000 0.250000 0.250000 0.250000 
  16
0.479817 0.007275 0.046210 
0.462778 0.985135 0.462022 
0.057405 0.007590 0.491768 
0.012500 0.962500 0.012500 0.012500 
0.250000 0.250000 0.250000 0.250000 
  17
0.479817 0.007275 0.046210 
0.462778 0.985135 0.462022 
0.057405 0.007590 0.491768 
0.012500 0.015259 0.012500 0.959742 
0.250000 0.250000 0.250000 0.250000 
  18
0.479817 0.007275 0.046210 
0.462778 0.985135 0.462022 
0.057405 0.007590 0.491768 
0.962500 0.012500 0.012500 0.012500 
0.250000 0.250000 0.250000 0.250000 
  19
0.479817 0.007275 0.046210 
0.462778 0.985135 0.462022 
0.057405 0.007590 0.491768 
0.015398 0.959602 0.012500 0.012500 
0.250000 0.250000 0.250000 0.250000 
  20
0.479817 0.007275 0.046210 
0.462778 0.985135 0.462022 
0.057405 0.007590 0.491768 
0.012500 0.012500 0.012500 0.962500 
0.250000 0.250000 0.250000 0.250000 
  21
0.479817 0.007275 0.046210 
0.462778 0.985135 0.462022 
0.057405 0.007590 0.491768 
0.012500 0.012500 0.012500 0.962500 
0.250000 0.250000 0.250000 0.250000 
  22
0.479817 0.007275 0.046210 
0.462778 0.985135 0.462022 
0.057405 0.007590 0.491768 
0.016685 0.012500 0.958315 0.012500 
0.250000 0.250000 0.250000 0.250000 
  23
0.479817 0.007275 0.046210 
0.462778 0.985135 0.462022 
0.057405 0.007590 0.491768 
0.012500 0.012500 0.012500 0.962500 
0.250000 0.250000 0.250000 0.250000 
  24
0.479817 0.007275 0.046210 
0.462778 0.985135 0.462022 
0.057405 0.007590 0.491768 
0.012500 0.962500 0.012500 0.012500 
0.250000 0.250000 0.250000 0.250000 
  25
0.479817 0.007275 0.046210 
0.462778 0.985135 0.462022 
0.057405 0.007590 0.491768 
0.015166 0.012500 0.959835 0.012500 
0.250000 0.250000 0.250000 0.250000 
  26
0.479817 0.007275 0.046210 
0.462778 0.985135 0.462022 
0.057405 0.007590 0.491768 
0.012500 0.012500 0.012500 0.962500 
0.250000 0.250000 0.250000 0.250000 
  27
0.479817 0.007275 0.046210 
0.462778 0.985135 0.462022 
0.057405 0.007590 0.491768 
0.962500 0.012500 0.012500 0.012500 
0.250000 0.250000 0.250000 0.250000 
  28
0.479817 0.007275 0.046210 
0.462778 0.985135 0.462022 
0.057405 0.007590 0.491768 
0.012500 0.012500 0.012500 0.962500 
0.250000 0.250000 0.250000 0.250000 
  29
0.479817 0.007275 0.046210 
0.462778 0.985135 0.462022 
0.057405 0.007590 0.491768 
0.962500 0.012500 0.012500 0.012500 
0.250000 0.250000 0.250000 0.250000 
  30
0.479817 0.007275 0.046210 
0.462778 0.985135 0.462022 
0.057405 0.007590 0.491768 
0.012500 0.012500 0.012500 0.962500 
0.250000 0.250000 0.250000 0.250000 
  31
0.479817 0.007275 0.046210 
0.462778 0.985135 0.462022 
0.057405 0.007590 0.491768 
0.962500 0.012500 0.012500 0.012500 
0.250000 0.250000 0.250000 0.250000 
  32
0.479817 0.007275 0.046210 
0.462778 0.985135 0.462022 
0.057405 0.007590 0.491768 
0.012500 0.012500 0.962500 0.012500 
0.250000 0.250000 0.250000 0.250000 
  33
0.479817 0.007275 0.046210 
0.462778 0.985135 0.462022 
0.057405 0.007590 0.491768 
0.959621 0.012500 0.012500 0.015379 
0.250000 0.250000 0.250000 0.250000 
  34
0.479817 0.007275 0.046210 
0.462778 0.985135 0.462022 
0.057405 0.007590 0.491768 
0.012500 0.012500 0.012500 0.962500 
0.250000 0.250000 0.250000 0.250000 
  35
0.479817 0.007275 0.046210 
0.462778 0.985135 0.462022 
0.057405 0.007590 0.491768 
0.012500 0.015240 0.012500 0.959760 
0.250000 0.250000 0.250000 0.250000 
  36
0.479817 0.007275 0.046210 
0.462778 0.985135 0.462022 
0.057405 0.007590 0.491768 
0.012500 0.012500 0.012500 0.962500 
0.250000 0.250000 0.250000 0.250000 
  37
0.479817 0.007275 0.046210 
0.462778 0.985135 0.462022 
0.057405 0.007590 0.491768 
0.012500 0.962500 0.012500 0.012500 
0.250000 0.250000 0.250000 0.250000 
  38
0.479817 0.007275 0.046210 
0.462778 0.985135 0.462022 
0.057405 0.007590 0.491768 
0.012500 0.012500 0.962500 0.012500 
0.250000 0.250000 0.250000 0.250000 
  39
0.479817 0.007275 0.046210 
0.462778 0.985135 0.462022 
0.057405 0.007590 0.491768 
0.962500 0.012500 0.012500 0.012500 
0.250000 0.250000 0.250000 0.250000 
  40
0.479817 0.007275 0.046210 
0.462778 0.985135 0.462022 
0.057405 0.007590 0.491768 
0.956579 0.018421 0.012500 0.012500 
0.250000 0.250000 0.250000 0.250000 
  41
0.479817 0.007275 0.046210 
0.462778 0.985135 0.462022 
0.057405 0.007590 0.491768 
0.012500 0.012500 0.962500 0.012500 
0.250000 0.250000 0.250000 0.250000 
  42
0.479817 0.007275 0.046210 
0.462778 0.985135 0.462022 
0.057405 0.007590 0.491768 
0.012500 0.012500 0.957316 0.017684 
0.250000 0.250000 0.250000 0.250000 
  43
0.479817 0.007275 0.046210 
0.462778 0.985135 0.462022 
0.057405 0.007590 0.491768 
0.025709 0.946365 0.012500 0.015426 
0.250000 0.250000 0.250000 0.250000 
  44
0.479817 0.007275 0.046210 
0.462778 0.985135 0.462022 
0.057405 0.007590 0.491768 
0.012500 0.012500 0.956855 0.018145 
0.250000 0.250000 0.250000 0.250000 
  45
0.479817 0.007275 0.046210 
0.462778 0.985135 0.462022 
0.057405 0.007590 0.491768 
0.962500 0.012500 0.012500 0.012500 
0.250000 0.250000 0.250000 0.250000 
  46
0.479817 0.007275 0.046210 
0.462778 0.985135 0.462022 
0.057405 0.007590 0.491768 
0.962500 0.012500 0.012500 0.012500 
0.250000 0.250000 0.250000 0.250000 
  47
0.479817 0.007275 0.046210 
0.462778 0.985135 0.462022 
0.057405 0.007590 0.491768 
0.960018 0.014982 0.012500 0.012500 
0.250000 0.250000 0.250000 0.250000 
  48
0.479817 0.007275 0.046210 
0.462778 0.985135 0.462022 
0.057405 0.007590 0.491768 
0.012500 0.018962 0.012500 0.956038 
0.250000 0.250000 0.250000 0.250000 
  49
0.479817 0.007275 0.046210 
0.462778 0.985135 0.462022 
0.057405 0.007590 0.491768 
0.012500 0.958829 0.012500 0.016171 
0.250000 0.250000 0.250000 0.250000 
  50
0.479817 0.007275 0.046210 
0.462778 0.985135 0.462022 
0.057405 0.007590 0.491768 
0.012500 0.012500 0.962500 0.012500 
0.250000 0.250000 0.250000 0.250000 
  51
0.479817 0.007275 0.046210 
0.462778 0.985135 0.462022 
0.057405 0.007590 0.491768 
0.962500 0.012500 0.012500 0.012500 
0.250000 0.250000 0.250000 0.250000 
  52
0.479817 0.007275 0.046210 
0.462778 0.985135 0.462022 
0.057405 0.007590 0.491768 
0.012500 0.962500 0.012500 0.012500 
0.250000 0.250000 0.250000 0.250000 
  53
0.479817 0.007275 0.046210 
0.462778 0.985135 0.462022 
0.057405 0.007590 0.491768 
0.962500 0.012500 0.012500 0.012500 
0.250000 0.250000 0.250000 0.250000 
  54
0.479817 0.007275 0.046210 
0.462778 0.985135 0.462022 
0.057405 0.007590 0.491768 
0.012500 0.012500 0.962500 0.012500 
0.250000 0.250000 0.250000 0.250000 
  55
0.479817 0.007275 0.046210 
0.462778 0.985135 0.462022 
0.057405 0.007590 0.491768 
0.962500 0.012500 0.012500 0.012500 
0.250000 0.250000 0.250000 0.250000 
  56
0.479817 0.007275 0.046210 
0.462778 0.985135 0.462022 
0.057405 0.007590 0.491768 
0.012500 0.012500 0.962500 0.012500 
0.250000 0.250000 0.250000 0.250000 
  57
0.479817 0.007275 0.046210 
0.462778 0.985135 0.462022 
0.057405 0.007590 0.491768 
0.958258 0.016742 0.012500 0.012500 
0.250000 0.250000 0.250000 0.250000 
  58
0.479817 0.007275 0.046210 
0.462778 0.985135 0.462022 
0.057405 0.007590 0.491768 
0.012500 0.012500 0.017909 0.957092 
0.250000 0.250000 0.250000 0.250000 
  59
0.479817 0.007275 0.046210 
0.462778 0.985135 0.462022 
0.057405 0.007590 0.491768 
0.012500 0.012500 0.012500 0.962500 
0.250000 0.250000 0.250000 0.250000 
  60
0.479817 0.007275 0.046210 
0.462778 0.985135 0.462022 
0.057405 0.007590 0.491768 
0.953361 0.021639 0.012500 0.012500 
0.250000 0.250000 0.250000 0.250000 
  61
0.479817 0.007275 0.046210 
0.462778 0.985135 0.462022 
0.057405 0.007590 0.491768 
0.012500 0.012500 0.016447 0.958553 
0.250000 0.250000 0.250000 0.250000 
  62
0.479817 0.007275 0.046210 
0.462778 0.985135 0.462022 
0.057405 0.007590 0.491768 
0.012500 0.962500 0.012500 0.012500 
0.250000 0.250000 0.250000 0.250000 
  63
0.479817 0.007275 0.046210 
0.462778 0.985135 0.462022 
0.057405 0.007590 0.491768 
0.012500 0.012500 0.012500 0.962500 
0.250000 0.250000 0.250000 0.250000 
  64
0.479817 0.007275 0.046210 
0.462778 0.985135 0.462022 
0.057405 0.007590 0.491768 
0.956667 0.018333 0.012500 0.012500 
0.250000 0.250000 0.250000 0.250000 
  65
0.479817 0.007275 0.046210 
0.462778 0.985135 0.462022 
0.057405 0.007590 0.491768 
0.012500 0.012500 0.012500 0.962500 
0.250000 0.250000 0.250000 0.250000 
  66
0.479817 0.007275 0.046210 
0.462778 0.985135 0.462022 
0.057405 0.007590 0.491768 
0.962500 0.012500 0.012500 0.012500 
0.250000 0.250000 0.250000 0.250000 
  67
0.479817 0.007275 0.046210 
0.462778 0.985135 0.462022 
0.057405 0.007590 0.491768 
0.012500 0.962500 0.012500 0.012500 
0.250000 0.250000 0.250000 0.250000 
  68
0.479817 0.007275 0.046210 
0.462778 0.985135 0.462022 
0.057405 0.007590 0.491768 
0.012500 0.962500 0.012500 0.012500 
0.250000 0.250000 0.250000 0.250000 
  69
0.479817 0.007275 0.046210 
0.462778 0.985135 0.462022 
0.057405 0.007590 0.491768 
0.012500 0.012500 0.012500 0.962500 
0.250000 0.250000 0.250000 0.250000 
  70
0.479817 0.007275 0.046210 
0.462778 0.985135 0.462022 
0.057405 0.007590 0.491768 
0.012500 0.012500 0.012500 0.962500 
0.250000 0.250000 0.250000 0.250000 
  71
0.479817 0.007275 0.046210 
0.462778 0.985135 0.462022 
0.057405 0.007590 0.491768 
0.962500 0.012500 0.012500 0.012500 
0.250000 0.250000 0.250000 0.250000 
  72
0.479817 0.007275 0.046210 
0.462778 0.985135 0.462022 
0.057405 0.007590 0.491768 
0.012500 0.012500 0.021697 0.953303 
0.250000 0.250000 0.250000 0.250000 
  73
0.479817 0.007275 0.046210 
0.462778 0.985135 0.462022 
0.057405 0.007590 0.491768 
0.012500 0.012500 0.962500 0.012500 
0.250000 0.250000 0.250000 0.250000 
  74
0.479817 0.007275 0.046210 
0.462778 0.985135 0.462022 
0.057405 0.007590 0.491768 
0.962500 0.012500 0.012500 0.012500 
0.250000 0.250000 0.250000 0.250000 
  75
0.479817 0.007275 0.046210 
0.462778 0.985135 0.462022 
0.057405 0.007590 0.491768 
0.012500 0.012500 0.012500 0.962500 
0.250000 0.250000 0.250000 0.250000 
  76
0.479817 0.007275 0.046210 
0.462778 0.985135 0.462022 
0.057405 0.007590 0.491768 
0.012500 0.962500 0.012500 0.012500 
0.250000 0.250000 0.250000 0.250000 
  77
0.479817 0.007275 0.046210 
0.462778 0.985135 0.462022 
0.057405 0.007590 0.491768 
0.012500 0.012500 0.962500 0.012500 
0.250000 0.250000 0.250000 0.250000 
  78
0.479817 0.007275 0.046210 
0.462778 0.985135 0.462022 
0.057405 0.007590 0.491768 
0.017514 0.955087 0.012500 0.014899 
0.250000 0.250000 0.250000 0.250000 
  79
0.479817 0.007275 0.046210 
0.462778 0.985135 0.462022 
0.057405 0.007590 0.491768 
0.962500 0.012500 0.012500 0.012500 
0.250000 0.250000 0.250000 0.250000 
  80
0.479817 0.007275 0.046210 
0.462778 0.985135 0.462022 
0.057405 0.007590 0.491768 
0.962500 0.012500 0.012500 0.012500 
0.250000 0.250000 0.250000 0.250000 
  81
0.479817 0.007275 0.046210 
0.462778 0.985135 0.462022 
0.057405 0.007590 0.491768 
0.012500 0.012500 0.962500 0.012500 
0.250000 0.250000 0.250000 0.250000 
  82
0.479817 0.007275 0.046210 
0.462778 0.985135 0.462022 
0.057405 0.007590 0.491768 
0.962500 0.012500 0.012500 0.012500 
0.250000 0.250000 0.250000 0.250000 
  83
0.479817 0.007275 0.046210 
0.462778 0.985135 0.462022 
0.057405 0.007590 0.491768 
0.962500 0.012500 0.012500 0.012500 
0.250000 0.250000 0.250000 0.250000 
  84
0.479817 0.007275 0.046210 
0.462778 0.985135 0.462022 
0.057405 0.007590 0.491768 
0.012500 0.012500 0.016690 0.958310 
0.250000 0.250000 0.250000 0.250000 
  85
0.479817 0.007275 0.046210 
0.462778 0.985135 0.462022 
0.057405 0.007590 0.491768 
0.012500 0.012500 0.012500 0.962500 
0.250000 0.250000 0.250000 0.250000 
  86
0.479817 0.007275 0.046210 
0.462778 0.985135 0.462022 
0.057405 0.007590 0.491768 
0.012500 0.012500 0.962500 0.012500 
0.250000 0.250000 0.250000 0.250000 
  87
0.479817 0.007275 0.046210 
0.462778 0.985135 0.462022 
0.057405 0.007590 0.491768 
0.962500 0.012500 0.012500 0.012500 
0.250000 0.250000 0.250000 0.250000 
  88
0.479817 0.007275 0.046210 
0.462778 0.985135 0.462022 
0.057405 0.007590 0.491768 
0.959180 0.015820 0.012500 0.012500 
0.250000 0.250000 0.250000 0.250000 
  89
0.479817 0.007275 0.046210 
0.462778 0.985135 0.462022 
0.057405 0.007590 0.491768 
0.012500 0.012500 0.962500 0.012500 
0.250000 0.250000 0.250000 0.250000 
  90
0.479817 0.007275 0.046210 
0.462778 0.985135 0.462022 
0.057405 0.007590 0.491768 
0.952836 0.022164 0.012500 0.012500 
0.250000 0.250000 0.250000 0.250000 
  91
0.479817 0.007275 0.046210 
0.462778 0.985135 0.462022 
0.057405 0.007590 0.491768 
0.012500 0.958770 0.012500 0.016230 
0.250000 0.250000 0.250000 0.250000 
  92
0.479817 0.007275 0.046210 
0.462778 0.985135 0.462022 
0.057405 0.007590 0.491768 
0.962500 0.012500 0.012500 0.012500 
0.250000 0.250000 0.250000 0.250000 
  93
0.479817 0.007275 0.046210 
0.462778 0.985135 0.462022 
0.057405 0.007590 0.491768 
0.012500 0.012500 0.962500 0.012500 
0.250000 0.250000 0.250000 0.250000 
  94
0.479817 0.007275 0.046210 
0.462778 0.985135 0.462022 
0.057405 0.007590 0.491768 
0.962500 0.012500 0.012500 0.012500 
0.250000 0.250000 0.250000 0.250000 
  95
0.479817 0.007275 0.046210 
0.462778 0.985135 0.462022 
0.057405 0.007590 0.491768 
0.012500 0.012500 0.962500 0.012500 
0.250000 0.250000 0.250000 0.250000 
  96
0.479817 0.007275 0.046210 
0.462778 0.985135 0.462022 
0.057405 0.007590 0.491768 
0.012500 0.012500 0.015110 0.959890 
0.250000 0.250000 0.250000 0.250000 
  97
0.479817 0.007275 0.046210 
0.462778 0.985135 0.462022 
0.057405 0.007590 0.491768 
0.012500 0.962500 0.012500 0.012500 
0.250000 0.250000 0.250000 0.250000 
  98
0.479817 0.007275 0.046210 
0.462778 0.985135 0.462022 
0.057405 0.007590 0.491768 
0.012500 0.012500 0.012500 0.962500 
0.250000 0.250000 0.250000 0.250000 
  99
0.479817 0.007275 0.046210 
0.462778 0.985135 0.462022 
0.057405 0.007590 0.491768 
0.959714 0.015286 0.012500 0.012500 
0.250000 0.250000 0.250000 0.250000 
 100
0.479817 0.007275 0.046210 
0.462778 0.985135 0.462022 
0.057405 0.007590 0.491768 
0.012500 0.962500 0.012500 0.012500 
0.250000 0.250000 0.250000 0.250000 
 101
0.479817 0.007275 0.046210 
0.462778 0.985135 0.462022 
0.057405 0.007590 0.491768 
0.959869 0.012500 0.012500 0.015131 
0.250000 0.250000 0.250000 0.250000 
 102
0.479817 0.007275 0.046210 
0.462778 0.985135 0.462022 
0.057405 0.007590 0.491768 
0.012500 0.012500 0.962500 0.012500 
0.250000 0.250000 0.250000 0.250000 
 103
0.479817 0.007275 0.046210 
0.462778 0.985135 0.462022 
0.057405 0.007590 0.491768 
0.962500 0.012500 0.012500 0.012500 
0.250000 0.250000 0.250000 0.250000 
 104
0.479817 0.007275 0.046210 
0.462778 0.985135 0.462022 
0.057405 0.007590 0.491768 
0.012500 0.012500 0.962500 0.012500 
0.250000 0.250000 0.250000 0.250000 
 105
0.479817 0.007275 0.046210 
0.462778 0.985135 0.462022 
0.057405 0.007590 0.491768 
0.956823 0.018177 0.012500 0.012500 
0.250000 0.250000 0.250000 0.250000 
 106
0.479817 0.007275 0.046210 
0.462778 0.985135 0.462022 
0.057405 0.007590 0.491768 
0.033219 0.941781 0.012500 0.012500 
0.250000 0.250000 0.250000 0.250000 
 107
0.479817 0.007275 0.046210 
0.462778 0.985135 0.462022 
0.057405 0.007590 0.491768 
0.012500 0.012500 0.012500 0.962500 
0.250000 0.250000 0.250000 0.250000 
 108
0.479817 0.007275 0.046210 
0.462778 0.985135 0.462022 
0.057405 0.007590 0.491768 
0.962500 0.012500 0.012500 0.012500 
0.250000 0.250000 0.250000 0.250000 
 109
0.479817 0.007275 0.046210 
0.462778 0.985135 0.462022 
0.057405 0.007590 0.491768 
0.012500 0.012500 0.962500 0.012500 
0.250000 0.250000 0.250000 0.250000 
 110
0.479817 0.007275 0.046210 
0.462778 0.985135 0.462022 
0.057405 0.007590 0.491768 
0.012500 0.012500 0.012500 0.962500 
0.250000 0.250000 0.250000 0.250000 
 111
0.479817 0.007275 0.046210 
0.462778 0.985135 0.462022 
0.057405 0.007590 0.491768 
0.962500 0.012500 0.012500 0.012500 
0.250000 0.250000 0.250000 0.250000 
 112
0.479817 0.007275 0.046210 
0.462778 0.985135 0.462022 
0.057405 0.007590 0.491768 
0.015757 0.959243 0.012500 0.012500 
0.250000 0.250000 0.250000 0.250000 
 113
0.479817 0.007275 0.046210 
0.462778 0.985135 0.462022 
0.057405 0.007590 0.491768 
0.962500 0.012500 0.012500 0.012500 
0.250000 0.250000 0.250000 0.250000 
 114
0.479817 0.007275 0.046210 
0.462778 0.985135 0.462022 
0.057405 0.007590 0.491768 
0.959836 0.015164 0.012500 0.012500 
0.250000 0.250000 0.250000 0.250000 
 115
0.479817 0.007275 0.046210 
0.462778 0.985135 0.462022 
0.057405 0.007590 0.491768 
0.962500 0.012500 0.012500 0.012500 
0.250000 0.250000 0.250000 0.250000 
 116
0.479817 0.007275 0.046210 
0.462778 0.985135 0.462022 
0.057405 0.007590 0.491768 
0.962500 0.012500 0.012500 0.012500 
0.250000 0.250000 0.250000 0.250000 
 117
0.479817 0.007275 0.046210 
0.462778 0.985135 0.462022 
0.057405 0.007590 0.491768 
0.017878 0.957122 0.012500 0.012500 
0.250000 0.250000 0.250000 0.250000 
 118
0.479817 0.007275 0.046210 
0.462778 0.985135 0.462022 
0.057405 0.007590 0.491768 
0.962500 0.012500 0.012500 0.012500 
0.250000 0.250000 0.250000 0.250000 
 119
0.479817 0.007275 0.046210 
0.462778 0.985135 0.462022 
0.057405 0.007590 0.491768 
0.962500 0.012500 0.012500 0.012500 
0.250000 0.250000 0.250000 0.250000 
 120
0.479817 0.007275 0.046210 
0.462778 0.985135 0.462022 
0.057405 0.007590 0.491768 
0.018567 0.012500 0.012500 0.956433 
0.250000 0.250000 0.250000 0.250000 
 121
0.479817 0.007275 0.046210 
0.462778 0.985135 0.462022 
0.057405 0.007590 0.491768 
0.012500 0.962500 0.012500 0.012500 
0.250000 0.250000 0.250000 0.250000 
 122
0.479817 0.007275 0.046210 
0.462778 0.985135 0.462022 
0.057405 0.007590 0.491768 
0.012500 0.012500 0.012500 0.962500 
0.250000 0.250000 0.250000 0.250000 
 123
0.479817 0.007275 0.046210 
0.462778 0.985135 0.462022 
0.057405 0.007590 0.491768 
0.956837 0.018163 0.012500 0.012500 
0.250000 0.250000 0.250000 0.250000 
 124
0.479817 0.007275 0.046210 
0.462778 0.985135 0.462022 
0.057405 0.007590 0.491768 
0.962500 0.012500 0.012500 0.012500 
0.250000 0.250000 0.250000 0.250000 
 125
0.479817 0.007275 0.046210 
0.462778 0.985135 0.462022 
0.057405 0.007590 0.491768 
0.012500 0.012500 0.962500 0.012500 
0.250000 0.250000 0.250000 0.250000 
 126
0.479817 0.007275 0.046210 
0.462778 0.985135 0.462022 
0.057405 0.007590 0.491768 
0.954783 0.020217 0.012500 0.012500 
0.250000 0.250000 0.250000 0.250000 
 127
0.479817 0.007275 0.046210 
0.462778 0.985135 0.462022 
0.057405 0.007590 0.491768 
0.012500 0.962500 0.012500 0.012500 
0.250000 0.250000 0.250000 0.250000 
 128
0.479817 0.007275 0.046210 
0.462778 0.985135 0.462022 
0.057405 0.007590 0.491768 
0.012500 0.012500 0.012500 0.962500 
0.250000 0.250000 0.250000 0.250000 
 129
0.479817 0.007275 0.046210 
0.462778 0.985135 0.462022 
0.057405 0.007590 0.491768 
0.956193 0.018807 0.012500 0.012500 
0.250000 0.250000 0.250000 0.250000 
 130
0.479817 0.007275 0.046210 
0.462778 0.985135 0.462022 
0.057405 0.007590 0.491768 
0.962500 0.012500 0.012500 0.012500 
0.250000 0.250000 0.250000 0.250000 
 131
0.479817 0.007275 0.046210 
0.462778 0.985135 0.462022 
0.057405 0.007590 0.491768 
0.012500 0.012500 0.962500 0.012500 
0.250000 0.250000 0.250000 0.250000 
 132
0.479817 0.007275 0.046210 
0.462778 0.985135 0.462022 
0.057405 0.007590 0.491768 
0.962500 0.012500 0.012500 0.012500 
0.250000 0.250000 0.250000 0.250000 
 133
0.479817 0.007275 0.046210 
0.462778 0.985135 0.462022 
0.057405 0.007590 0.491768 
0.012500 0.012500 0.962500 0.012500 
0.250000 0.250000 0.250000 0.250000 
 134
0.479817 0.007275 0.046210 
0.462778 0.985135 0.462022 
0.057405 0.007590 0.491768 
0.959620 0.015380 0.012500 0.012500 
0.250000 0.250000 0.250000 0.250000 
 135
0.479817 0.007275 0.046210 
0.462778 0.985135 0.462022 
0.057405 0.007590 0.491768 
0.012500 0.012500 0.958553 0.016447 
0.250000 0.250000 0.250000 0.250000 
 136
0.479817 0.007275 0.046210 
0.462778 0.985135 0.462022 
0.057405 0.007590 0.491768 
0.012500 0.012500 0.012500 0.962500 
0.250000 0.250000 0.250000 0.250000 
 137
0.479817 0.007275 0.046210 
0.462778 0.985135 0.462022 
0.057405 0.007590 0.491768 
0.012500 0.012500 0.962500 0.012500 
0.250000 0.250000 0.250000 0.250000 
 138
0.479817 0.007275 0.046210 
0.462778 0.985135 0.462022 
0.057405 0.007590 0.491768 
0.012500 0.012500 0.015519 0.959481 
0.250000 0.250000 0.250000 0.250000 
 139
0.479817 0.007275 0.046210 
0.462778 0.985135 0.462022 
0.057405 0.007590 0.491768 
0.012500 0.959969 0.012500 0.015031 
0.250000 0.250000 0.250000 0.250000 
 140
0.479817 0.007275 0.046210 
0.462778 0.985135 0.462022 
0.057405 0.007590 0.491768 
0.012500 0.012500 0.015215 0.959785 
0.250000 0.250000 0.250000 0.250000 
 141
0.479817 0.007275 0.046210 
0.462778 0.985135 0.462022 
0.057405 0.007590 0.491768 
0.012500 0.012500 0.012500 0.962500 
0.250000 0.250000 0.250000 0.250000 
 142
0.479817 0.007275 0.046210 
0.462778 0.985135 0.462022 
0.057405 0.007590 0.491768 
0.957140 0.017860 0.012500 0.012500 
0.250000 0.250000 0.250000 0.250000 
 143
0.479817 0.007275 0.046210 
0.462778 0.985135 0.462022 
0.057405 0.007590 0.491768 
0.962500 0.012500 0.012500 0.012500 
0.250000 0.250000 0.250000 0.250000 
 144
0.479817 0.007275 0.046210 
0.462778 0.985135 0.462022 
0.057405 0.007590 0.491768 
0.012500 0.012500 0.958315 0.016685 
0.250000 0.250000 0.250000 0.250000 
 145
0.479817 0.007275 0.046210 
0.462778 0.985135 0.462022 
0.057405 0.007590 0.491768 
0.012500 0.012500 0.962500 0.012500 
0.250000 0.250000 0.250000 0.250000 
 146
0.479817 0.007275 0.046210 
0.462778 0.985135 0.462022 
0.057405 0.007590 0.491768 
0.012500 0.012500 0.012500 0.962500 
0.250000 0.250000 0.250000 0.250000 
 147
0.479817 0.007275 0.046210 
0.462778 0.985135 0.462022 
0.057405 0.007590 0.491768 
0.012500 0.012500 0.012500 0.962500 
0.250000 0.250000 0.250000 0.250000 
 148
0.479817 0.007275 0.046210 
0.462778 0.985135 0.462022 
0.057405 0.007590 0.491768 
0.012500 0.012500 0.962500 0.012500 
0.250000 0.250000 0.250000 0.250000 
 149
0.479817 0.007275 0.046210 
0.462778 0.985135 0.462022 
0.057405 0.007590 0.491768 
0.012500 0.012500 0.012500 0.962500 
0.250000 0.250000 0.250000 0.250000 
 150
0.479817 0.007275 0.046210 
0.462778 0.985135 0.462022 
0.057405 0.007590 0.491768 
0.959752 0.015248 0.012500 0.012500 
0.250000 0.250000 0.250000 0.250000 
 151
0.479817 0.007275 0.046210 
0.462778 0.985135 0.462022 
0.057405 0.007590 0.491768 
0.012500 0.958770 0.016230 0.012500 
0.250000 0.250000 0.250000 0.250000 
 152
0.479817 0.007275 0.046210 
0.462778 0.985135 0.462022 
0.057405 0.007590 0.491768 
0.962500 0.012500 0.012500 0.012500 
0.250000 0.250000 0.250000 0.250000 
 153
0.479817 0.007275 0.046210 
0.462778 0.985135 0.462022 
0.057405 0.007590 0.491768 
0.962500 0.012500 0.012500 0.012500 
0.250000 0.250000 0.250000 0.250000 
 154
0.479817 0.007275 0.046210 
0.462778 0.985135 0.462022 
0.057405 0.007590 0.491768 
0.015007 0.959993 0.012500 0.012500 
0.250000 0.250000 0.250000 0.250000 
 155
0.479817 0.007275 0.046210 
0.462778 0.985135 0.462022 
0.057405 0.007590 0.491768 
0.962500 0.012500 0.012500 0.012500 
0.250000 0.250000 0.250000 0.250000 
 156
0.479817 0.007275 0.046210 
0.462778 0.985135 0.462022 
0.057405 0.007590 0.491768 
0.014976 0.012500 0.960024 0.012500 
0.250000 0.250000 0.250000 0.250000 
 157
0.479817 0.007275 0.046210 
0.462778 0.985135 0.462022 
0.057405 0.007590 0.491768 
0.958924 0.016076 0.012500 0.012500 
0.250000 0.250000 0.250000 0.250000 
 158
0.479817 0.007275 0.046210 
0.462778 0.985135 0.462022 
0.057405 0.007590 0.491768 
0.957045 0.017955 0.012500 0.012500 
0.250000 0.250000 0.250000 0.250000 
 159
0.479817 0.007275 0.046210 
0.462778 0.985135 0.462022 
0.057405 0.007590 0.491768 
0.017757 0.957243 0.012500 0.012500 
0.250000 0.250000 0.250000 0.250000 
 160
0.479817 0.007275 0.046210 
0.462778 0.985135 0.462022 
0.057405 0.007590 0.491768 
0.017468 0.012500 0.952739 0.017293 
0.250000 0.250000 0.250000 0.250000 
 161
0.479817 0.007275 0.046210 
0.462778 0.985135 0.462022 
0.057405 0.007590 0.491768 
0.962500 0.012500 0.012500 0.012500 
0.250000 0.250000 0.250000 0.250000 
 162
0.479817 0.007275 0.046210 
0.462778 0.985135 0.462022 
0.057405 0.007590 0.491768 
0.012500 0.012500 0.015750 0.959250 
0.250000 0.250000 0.250000 0.250000 
 163
0.479817 0.007275 0.046210 
0.462778 0.985135 0.462022 
0.057405 0.007590 0.491768 
0.959969 0.015031 0.012500 0.012500 
0.250000 0.250000 0.250000 0.250000 
 164
0.479817 0.007275 0.046210 
0.462778 0.985135 0.462022 
0.057405 0.007590 0.491768 
0.962500 0.012500 0.012500 0.012500 
0.250000 0.250000 0.250000 0.250000 
 165
0.479817 0.007275 0.046210 
0.462778 0.985135 0.462022 
0.057405 0.007590 0.491768 
0.012500 0.012500 0.962500 0.012500 
0.250000 0.250000 0.250000 0.250000 
 166
0.479817 0.007275 0.046210 
0.462778 0.985135 0.462022 
0.057405 0.007590 0.491768 
0.014960 0.957114 0.012500 0.015426 
0.250000 0.250000 0.250000 0.250000 
 167
0.479817 0.007275 0.046210 
0.462778 0.985135 0.462022 
0.057405 0.007590 0.491768 
0.015333 0.959667 0.012500 0.012500 
0.250000 0.250000 0.250000 0.250000 
 168
0.479817 0.007275 0.046210 
0.462778 0.985135 0.462022 
0.057405 0.007590 0.491768 
0.012500 0.962500 0.012500 0.012500 
0.250000 0.250000 0.250000 0.250000 
 169
0.479817 0.007275 0.046210 
0.462778 0.985135 0.462022 
0.057405 0.007590 0.491768 
0.962500 0.012500 0.012500 0.012500 
0.250000 0.250000 0.250000 0.250000 
 170
0.479817 0.007275 0.046210 
0.462778 0.985135 0.462022 
0.057405 0.007590 0.491768 
0.962500 0.012500 0.012500 0.012500 
0.250000 0.250000 0.250000 0.250000 
 171
0.479817 0.007275 0.046210 
0.462778 0.985135 0.462022 
0.057405 0.007590 0.491768 
0.947659 0.027341 0.012500 0.012500 
0.250000 0.250000 0.250000 0.250000 
 172
0.479817 0.007275 0.046210 
0.462778 0.985135 0.462022 
0.057405 0.007590 0.491768 
0.012500 0.012500 0.962500 0.012500 
0.250000 0.250000 0.250000 0.250000 
 173
0.479817 0.007275 0.046210 
0.462778 0.985135 0.462022 
0.057405 0.007590 0.491768 
0.012500 0.012500 0.012500 0.962500 
0.250000 0.250000 0.250000 0.250000 
 174
0.479817 0.007275 0.046210 
0.462778 0.985135 0.462022 
0.057405 0.007590 0.491768 
0.962500 0.012500 0.012500 0.012500 
0.250000 0.250000 0.250000 0.250000 
 175
0.479817 0.007275 0.046210 
0.462778 0.985135 0.462022 
0.057405 0.007590 0.491768 
0.012500 0.012500 0.012500 0.962500 
0.250000 0.250000 0.250000 0.250000 
 176
0.479817 0.007275 0.046210 
0.462778 0.985135 0.462022 
0.057405 0.007590 0.491768 
0.012500 0.962500 0.012500 0.012500 
0.250000 0.250000 0.250000 0.250000 
 177
0.479817 0.007275 0.046210 
0.462778 0.985135 0.462022 
0.057405 0.007590 0.491768 
0.012500 0.012500 0.962500 0.012500 
0.250000 0.250000 0.250000 0.250000 
 178
0.479817 0.007275 0.046210 
0.462778 0.985135 0.462022 
0.057405 0.007590 0.491768 
0.962500 0.012500 0.012500 0.012500 
0.250000 0.250000 0.250000 0.250000 
 179
0.479817 0.007275 0.046210 
0.462778 0.985135 0.462022 
0.057405 0.007590 0.491768 
0.960039 0.014961 0.012500 0.012500 
0.250000 0.250000 0.250000 0.250000 
 180
0.479817 0.007275 0.046210 
0.462778 0.985135 0.462022 
0.057405 0.007590 0.491768 
0.959854 0.015146 0.012500 0.012500 
0.250000 0.250000 0.250000 0.250000 
 181
0.479817 0.007275 0.046210 
0.462778 0.985135 0.462022 
0.057405 0.007590 0.491768 
0.012500 0.012500 0.957201 0.017799 
0.250000 0.250000 0.250000 0.250000 
 182
0.479817 0.007275 0.046210 
0.462778 0.985135 0.462022 
0.057405 0.007590 0.491768 
0.012500 0.012500 0.015708 0.959292 
0.250000 0.250000 0.250000 0.250000 
 183
0.479817 0.007275 0.046210 
0.462778 0.985135 0.462022 
0.057405 0.007590 0.491768 
0.962500 0.012500 0.012500 0.012500 
0.250000 0.250000 0.250000 0.250000 
 184
0.479817 0.007275 0.046210 
0.462778 0.985135 0.462022 
0.057405 0.007590 0.491768 
0.958770 0.012500 0.016230 0.012500 
0.250000 0.250000 0.250000 0.250000 
 185
0.479817 0.007275 0.046210 
0.462778 0.985135 0.462022 
0.057405 0.007590 0.491768 
0.015624 0.959376 0.012500 0.012500 
0.250000 0.250000 0.250000 0.250000 
 186
0.479817 0.007275 0.046210 
0.462778 0.985135 0.462022 
0.057405 0.007590 0.491768 
0.962500 0.012500 0.012500 0.012500 
0.250000 0.250000 0.250000 0.250000 
 187
0.479817 0.007275 0.046210 
0.462778 0.985135 0.462022 
0.057405 0.007590 0.491768 
0.012500 0.962500 0.012500 0.012500 
0.250000 0.250000 0.250000 0.250000 
 188
0.479817 0.007275 0.046210 
0.462778 0.985135 0.462022 
0.057405 0.007590 0.491768 
0.018091 0.956909 0.012500 0.012500 
0.250000 0.250000 0.250000 0.250000 
 189
0.479817 0.007275 0.046210 
0.462778 0.985135 0.462022 
0.057405 0.007590 0.491768 
0.018177 0.956823 0.012500 0.012500 
0.250000 0.250000 0.250000 0.250000 
 190
0.479817 0.007275 0.046210 
0.462778 0.985135 0.462022 
0.057405 0.007590 0.491768 
0.015031 0.959969 0.012500 0.012500 
0.250000 0.250000 0.250000 0.250000 
 191
0.479817 0.007275 0.046210 
0.462778 0.985135 0.462022 
0.057405 0.007590 0.491768 
0.012500 0.012500 0.012500 0.962500 
0.250000 0.250000 0.250000 0.250000 
 192
0.479817 0.007275 0.046210 
0.462778 0.985135 0.462022 
0.057405 0.007590 0.491768 
0.959988 0.012500 0.012500 0.015012 
0.250000 0.250000 0.250000 0.250000 
 193
0.479817 0.007275 0.046210 
0.462778 0.985135 0.462022 
0.057405 0.007590 0.491768 
0.015008 0.952580 0.019912 0.012500 
0.250000 0.250000 0.250000 0.250000 
 194
0.479817 0.007275 0.046210 
0.462778 0.985135 0.462022 
0.057405 0.007590 0.491768 
0.012500 0.012500 0.959571 0.015429 
0.250000 0.250000 0.250000 0.250000 
 195
0.479817 0.007275 0.046210 
0.462778 0.985135 0.462022 
0.057405 0.007590 0.491768 
0.012500 0.012500 0.962500 0.012500 
0.250000 0.250000 0.250000 0.250000 
 196
0.479817 0.007275 0.046210 
0.462778 0.985135 0.462022 
0.057405 0.007590 0.491768 
0.012500 0.012500 0.962500 0.012500 
0.250000 0.250000 0.250000 0.250000 
 197
0.479817 0.007275 0.046210 
0.462778 0.985135 0.462022 
0.057405 0.007590 0.491768 
0.012500 0.012500 0.962500 0.012500 
0.250000 0.250000 0.250000 0.250000 
 198
0.479817 0.007275 0.046210 
0.462778 0.985135 0.462022 
0.057405 0.007590 0.491768 
0.962500 0.012500 0.012500 0.012500 
0.250000 0.250000 0.250000 0.250000 
 199
0.479817 0.007275 0.046210 
0.462778 0.985135 0.462022 
0.057405 0.007590 0.491768 
0.012500 0.012500 0.012500 0.962500 
0.250000 0.250000 0.250000 0.250000 
 200
0.479817 0.007275 0.046210 
0.462778 0.985135 0.462022 
0.057405 0.007590 0.491768 
0.012500 0.012500 0.012500 0.962500 
0.250000 0.250000 0.250000 0.250000 
 201
0.479817 0.007275 0.046210 
0.462778 0.985135 0.462022 
0.057405 0.007590 0.491768 
0.021187 0.953813 0.012500 0.012500 
0.250000 0.250000 0.250000 0.250000 
 202
0.479817 0.007275 0.046210 
0.462778 0.985135 0.462022 
0.057405 0.007590 0.491768 
0.012500 0.012500 0.962500 0.012500 
0.250000 0.250000 0.250000 0.250000 
 203
0.479817 0.007275 0.046210 
0.462778 0.985135 0.462022 
0.057405 0.007590 0.491768 
0.959268 0.015732 0.012500 0.012500 
0.250000 0.250000 0.250000 0.250000 
 204
0.479817 0.007275 0.046210 
0.462778 0.985135 0.462022 
0.057405 0.007590 0.491768 
0.012500 0.012500 0.018470 0.956530 
0.250000 0.250000 0.250000 0.250000 
 205
0.479817 0.007275 0.046210 
0.462778 0.985135 0.462022 
0.057405 0.007590 0.491768 
0.012500 0.012500 0.012500 0.962500 
0.250000 0.250000 0.250000 0.250000 
 206
0.479817 0.007275 0.046210 
0.462778 0.985135 0.462022 
0.057405 0.007590 0.491768 
0.012500 0.012500 0.012500 0.962500 
0.250000 0.250000 0.250000 0.250000 
 207
0.479817 0.007275 0.046210 
0.462778 0.985135 0.462022 
0.057405 0.007590 0.491768 
0.018221 0.956779 0.012500 0.012500 
0.250000 0.250000 0.250000 0.250000 
 208
0.479817 0.007275 0.046210 
0.462778 0.985135 0.462022 
0.057405 0.007590 0.491768 
0.012500 0.962500 0.012500 0.012500 
0.250000 0.250000 0.250000 0.250000 
 209
0.479817 0.007275 0.046210 
0.462778 0.985135 0.462022 
0.057405 0.007590 0.491768 
0.012500 0.962500 0.012500 0.012500 
0.250000 0.250000 0.250000 0.250000 
 210
0.479817 0.007275 0.046210 
0.462778 0.985135 0.462022 
0.057405 0.007590 0.491768 
0.012500 0.012500 0.023651 0.951349 
0.250000 0.250000 0.250000 0.250000 
 211
0.479817 0.007275 0.046210 
0.462778 0.985135 0.462022 
0.057405 0.007590 0.491768 
0.959760 0.015240 0.012500 0.012500 
0.250000 0.250000 0.250000 0.250000 
 212
0.479817 0.007275 0.046210 
0.462778 0.985135 0.462022 
0.057405 0.007590 0.491768 
0.959257 0.015743 0.012500 0.012500 
0.250000 0.250000 0.250000 0.250000 
 213
0.479817 0.007275 0.046210 
0.462778 0.985135 0.462022 
0.057405 0.007590 0.491768 
0.957105 0.015295 0.012500 0.015100 
0.250000 0.250000 0.250000 0.250000 
 214
0.479817 0.007275 0.046210 
0.462778 0.985135 0.462022 
0.057405 0.007590 0.491768 
0.012500 0.012500 0.012500 0.962500 
0.250000 0.250000 0.250000 0.250000 
 215
0.479817 0.007275 0.046210 
0.462778 0.985135 0.462022 
0.057405 0.007590 0.491768 
0.012500 0.962500 0.012500 0.012500 
0.250000 0.250000 0.250000 0.250000 
 216
0.479817 0.007275 0.046210 
0.462778 0.985135 0.462022 
0.057405 0.007590 0.491768 
0.012531 0.012531 0.015278 0.959660 
0.250000 0.250000 0.250000 0.250000 
 217
0.479817 0.007275 0.046210 
0.462778 0.985135 0.462022 
0.057405 0.007590 0.491768 
0.962500 0.012500 0.012500 0.012500 
0.250000 0.250000 0.250000 0.250000 
 218
0.479817 0.007275 0.046210 
0.462778 0.985135 0.462022 
0.057405 0.007590 0.491768 
0.960020 0.014980 0.012500 0.012500 
0.250000 0.250000 0.250000 0.250000 
 219
0.479817 0.007275 0.046210 
0.462778 0.985135 0.462022 
0.057405 0.007590 0.491768 
0.012500 0.012500 0.952767 0.022233 
0.250000 0.250000 0.250000 0.250000 
 220
0.479817 0.007275 0.046210 
0.462778 0.985135 0.462022 
0.057405 0.007590 0.491768 
0.962500 0.012500 0.012500 0.012500 
0.250000 0.250000 0.250000 0.250000 
 221
0.479817 0.007275 0.046210 
0.462778 0.985135 0.462022 
0.057405 0.007590 0.491768 
0.012500 0.012500 0.017635 0.957365 
0.250000 0.250000 0.250000 0.250000 
 222
0.479817 0.007275 0.046210 
0.462778 0.985135 0.462022 
0.057405 0.007590 0.491768 
0.134536 0.012500 0.012500 0.840464 
0.250000 0.250000 0.250000 0.250000 
 223
0.479817 0.007275 0.046210 
0.462778 0.985135 0.462022 
0.057405 0.007590 0.491768 
0.012500 0.962500 0.012500 0.012500 
0.250000 0.250000 0.250000 0.250000 
 224
0.479817 0.007275 0.046210 
0.462778 0.985135 0.462022 
0.057405 0.007590 0.491768 
0.012500 0.012500 0.962500 0.012500 
0.250000 0.250000 0.250000 0.250000 
 225
0.479817 0.007275 0.046210 
0.462778 0.985135 0.462022 
0.057405 0.007590 0.491768 
0.012500 0.012500 0.012500 0.962500 
0.250000 0.250000 0.250000 0.250000 
 226
0.479817 0.007275 0.046210 
0.462778 0.985135 0.462022 
0.057405 0.007590 0.491768 
0.012500 0.962500 0.012500 0.012500 
0.250000 0.250000 0.250000 0.250000 
 227
0.479817 0.007275 0.046210 
0.462778 0.985135 0.462022 
0.057405 0.007590 0.491768 
0.012500 0.962500 0.012500 0.012500 
0.250000 0.250000 0.250000 0.250000 
 228
0.479817 0.007275 0.046210 
0.462778 0.985135 0.462022 
0.057405 0.007590 0.491768 
0.012500 0.012500 0.952003 0.022997 
0.250000 0.250000 0.250000 0.250000 
 229
0.479817 0.007275 0.046210 
0.462778 0.985135 0.462022 
0.057405 0.007590 0.491768 
0.012500 0.012500 0.015642 0.959358 
0.250000 0.250000 0.250000 0.250000 
 230
0.479817 0.007275 0.046210 
0.462778 0.985135 0.462022 
0.057405 0.007590 0.491768 
0.012500 0.962500 0.012500 0.012500 
0.250000 0.250000 0.250000 0.250000 
 231
0.479817 0.007275 0.046210 
0.462778 0.985135 0.462022 
0.057405 0.007590 0.491768 
0.012500 0.962500 0.012500 0.012500 
0.250000 0.250000 0.250000 0.250000 
 232
0.479817 0.007275 0.046210 
0.462778 0.985135 0.462022 
0.057405 0.007590 0.491768 
0.962500 0.012500 0.012500 0.012500 
0.250000 0.250000 0.250000 0.250000 
 233
0.479817 0.007275 0.046210 
0.462778 0.985135 0.462022 
0.057405 0.007590 0.491768 
0.012500 0.012500 0.012500 0.962500 
0.250000 0.250000 0.250000 0.250000 
 234
