%  SAM: /scicomp/home/yfa9/CDC_projects/Mol_genetic_analysis/Nomenclature/H1_Nomenclature/All_plus_Ref_v5/v_2/label/LABEL_RES/scripts/modelfromalign_Linux v3.5 (July 15, 2005) compiled 12/08/06_16:15:55
%  (c) 1992-2001 Regents of the University of California, Santa Cruz
%
%          Sequence Alignment and Modeling Software System
%         http://www.cse.ucsc.edu/research/compbio/sam.html
%
% ----------------- Citations (SAM, SAM-T2K, HMMs) --------------------
% R. Hughey, A. Krogh, Hidden Markov models for sequence analysis:
%  Extension and analysis of the basic method, CABIOS 12:95-107, 1996.
% K. Karplus, et al., What is the value added by human intervention in protein
%  structure prediction, Proteins: Stucture, Function, Genetics 45(S5):86--91, 2001.
% A. Krogh et al., Hidden Markov models in computational biology:
%  Applications to protein modeling, JMB 235:1501-1531, Feb 1994.
% ---------------------------------------------------------------------
%  Old_hmm   Host: node8.aspen.biotech.cdc.gov    Tue Jun 28 08:25:18 2016
%  yfa9      Dir:  /scicomp/home/yfa9/CDC_projects/Mol_genetic_analysis/Nomenclature/H1_Nomenclature/All_plus_Ref_v5/v_2/Step4/From_Clustering_v2/H1Pdm009_v1/c-8-7-6-5-Old/c-1-8-Old
% ---------------------------------------------------------------------
%  Alignment weights from internal calc.  Total (78.92) Max (0.25) Min (0.01)
%  Weights from alignment method 1 (karplus), b=-1.000000, e=0.500000
MODEL --  Model from alignment file /scicomp/home/yfa9/CDC_projects/Mol_genetic_analysis/Nomenclature/H1_Nomenclature/All_plus_Ref_v5/v_2/label/LABEL_RES/training_data/H1v2016_1/c-8-7-6-5-Old/c-1-8-Old/Old.fasta
alphabet DNA
FREQAVE
0.000000 0.000000 0.000000 
0.000000 0.000000 0.000000 
0.000000 0.000000 0.000000 
0.352314 0.222875 0.184919 0.239892 
0.352314 0.222875 0.184919 0.239892 
Begin
0.000000 0.000000 0.000000 
0.000000 0.000000 0.000000 
0.000000 0.002801 0.491768 
0.250000 0.250000 0.250000 0.250000 
0.250000 0.250000 0.250000 0.250000 
   1
0.000000 0.002767 0.046210 
0.000000 0.994433 0.462022 
0.057291 0.002801 0.491768 
0.990615 0.003128 0.003128 0.003128 
0.250000 0.250000 0.250000 0.250000 
   2
0.480848 0.002685 0.046210 
0.461861 0.994514 0.462022 
0.057291 0.002801 0.491768 
0.003128 0.003128 0.003128 0.990615 
0.250000 0.250000 0.250000 0.250000 
   3
0.478867 0.002685 0.046210 
0.463842 0.994514 0.462022 
0.057405 0.002801 0.491768 
0.003128 0.990616 0.003128 0.003128 
0.250000 0.250000 0.250000 0.250000 
   4
0.479817 0.002685 0.046210 
0.462778 0.994515 0.462022 
0.057405 0.002801 0.491768 
0.959795 0.033949 0.003128 0.003128 
0.250000 0.250000 0.250000 0.250000 
   5
0.479817 0.002685 0.046210 
0.462778 0.994515 0.462022 
0.057405 0.002801 0.491768 
0.990179 0.003565 0.003128 0.003128 
0.250000 0.250000 0.250000 0.250000 
   6
0.479817 0.002685 0.046210 
0.462778 0.994515 0.462022 
0.057405 0.002801 0.491768 
0.011443 0.981208 0.003128 0.004220 
0.250000 0.250000 0.250000 0.250000 
   7
0.479817 0.002685 0.046210 
0.462778 0.994515 0.462022 
0.057405 0.002801 0.491768 
0.009352 0.984392 0.003128 0.003128 
0.250000 0.250000 0.250000 0.250000 
   8
0.479817 0.002685 0.046210 
0.462778 0.994515 0.462022 
0.057405 0.002801 0.491768 
0.003865 0.006999 0.984581 0.004555 
0.250000 0.250000 0.250000 0.250000 
   9
0.479817 0.002685 0.046210 
0.462778 0.994515 0.462022 
0.057405 0.002801 0.491768 
0.984967 0.004137 0.007001 0.003896 
0.250000 0.250000 0.250000 0.250000 
  10
0.479817 0.002685 0.046210 
0.462778 0.994515 0.462022 
0.057405 0.002801 0.491768 
0.988315 0.005427 0.003129 0.003129 
0.250000 0.250000 0.250000 0.250000 
  11
0.479817 0.002685 0.046210 
0.462778 0.994515 0.462022 
0.057405 0.002801 0.491768 
0.004036 0.003398 0.009811 0.982755 
0.250000 0.250000 0.250000 0.250000 
  12
0.479817 0.002685 0.046210 
0.462778 0.994515 0.462022 
0.057405 0.002801 0.491768 
0.989250 0.004195 0.003128 0.003428 
0.250000 0.250000 0.250000 0.250000 
  13
0.479817 0.002685 0.046210 
0.462778 0.994515 0.462022 
0.057405 0.002801 0.491768 
0.005063 0.003128 0.985728 0.006080 
0.250000 0.250000 0.250000 0.250000 
  14
0.479817 0.002685 0.046210 
0.462778 0.994515 0.462022 
0.057405 0.002801 0.491768 
0.003128 0.003128 0.004082 0.989662 
0.250000 0.250000 0.250000 0.250000 
  15
0.479817 0.002685 0.046210 
0.462778 0.994515 0.462022 
0.057405 0.002801 0.491768 
0.989069 0.004244 0.003559 0.003128 
0.250000 0.250000 0.250000 0.250000 
  16
0.479817 0.002685 0.046210 
0.462778 0.994515 0.462022 
0.057405 0.002801 0.491768 
0.011685 0.979293 0.003371 0.005652 
0.250000 0.250000 0.250000 0.250000 
  17
0.479817 0.002685 0.046210 
0.462778 0.994515 0.462022 
0.057405 0.002801 0.491768 
0.003129 0.003968 0.009131 0.983772 
0.250000 0.250000 0.250000 0.250000 
  18
0.479817 0.002685 0.046210 
0.462778 0.994515 0.462022 
0.057405 0.002801 0.491768 
0.984794 0.008365 0.003128 0.003713 
0.250000 0.250000 0.250000 0.250000 
  19
0.479817 0.002685 0.046210 
0.462778 0.994515 0.462022 
0.057405 0.002801 0.491768 
0.007614 0.984094 0.003128 0.005165 
0.250000 0.250000 0.250000 0.250000 
  20
0.479817 0.002685 0.046210 
0.462778 0.994515 0.462022 
0.057405 0.002801 0.491768 
0.003128 0.003813 0.004351 0.988708 
0.250000 0.250000 0.250000 0.250000 
  21
0.479817 0.002685 0.046210 
0.462778 0.994515 0.462022 
0.057405 0.002801 0.491768 
0.003446 0.003128 0.005791 0.987636 
0.250000 0.250000 0.250000 0.250000 
  22
0.479817 0.002685 0.046210 
0.462778 0.994515 0.462022 
0.057405 0.002801 0.491768 
0.011221 0.003134 0.979603 0.006042 
0.250000 0.250000 0.250000 0.250000 
  23
0.479817 0.002685 0.046210 
0.462778 0.994515 0.462022 
0.057405 0.002801 0.491768 
0.003129 0.003129 0.003129 0.990613 
0.250000 0.250000 0.250000 0.250000 
  24
0.479817 0.002685 0.046210 
0.462778 0.994515 0.462022 
0.057405 0.002801 0.491768 
0.005001 0.988059 0.003128 0.003812 
0.250000 0.250000 0.250000 0.250000 
  25
0.479817 0.002685 0.046210 
0.462778 0.994515 0.462022 
0.057405 0.002801 0.491768 
0.004460 0.003128 0.987193 0.005219 
0.250000 0.250000 0.250000 0.250000 
  26
0.479817 0.002685 0.046210 
0.462778 0.994515 0.462022 
0.057405 0.002801 0.491768 
0.003128 0.003128 0.003128 0.990616 
0.250000 0.250000 0.250000 0.250000 
  27
0.479817 0.002685 0.046210 
0.462778 0.994515 0.462022 
0.057405 0.002801 0.491768 
0.987662 0.005790 0.003420 0.003128 
0.250000 0.250000 0.250000 0.250000 
  28
0.479817 0.002685 0.046210 
0.462778 0.994515 0.462022 
0.057405 0.002801 0.491768 
0.003128 0.003128 0.006548 0.987196 
0.250000 0.250000 0.250000 0.250000 
  29
0.479817 0.002685 0.046210 
0.462778 0.994515 0.462022 
0.057405 0.002801 0.491768 
0.988823 0.004627 0.003128 0.003422 
0.250000 0.250000 0.250000 0.250000 
  30
0.479817 0.002685 0.046210 
0.462778 0.994515 0.462022 
0.057405 0.002801 0.491768 
0.003128 0.003128 0.021983 0.971761 
0.250000 0.250000 0.250000 0.250000 
  31
0.479817 0.002685 0.046210 
0.462778 0.994515 0.462022 
0.057405 0.002801 0.491768 
0.989031 0.004713 0.003128 0.003128 
0.250000 0.250000 0.250000 0.250000 
  32
0.479817 0.002685 0.046210 
0.462778 0.994515 0.462022 
0.057405 0.002801 0.491768 
0.003782 0.003128 0.987792 0.005298 
0.250000 0.250000 0.250000 0.250000 
  33
0.479817 0.002685 0.046210 
0.462778 0.994515 0.462022 
0.057405 0.002801 0.491768 
0.989713 0.004031 0.003128 0.003128 
0.250000 0.250000 0.250000 0.250000 
  34
0.479817 0.002685 0.046210 
0.462778 0.994515 0.462022 
0.057405 0.002801 0.491768 
0.005341 0.003644 0.006297 0.984719 
0.250000 0.250000 0.250000 0.250000 
  35
0.479817 0.002685 0.046210 
0.462778 0.994515 0.462022 
0.057405 0.002801 0.491768 
0.005155 0.003128 0.003412 0.988305 
0.250000 0.250000 0.250000 0.250000 
  36
0.479817 0.002685 0.046210 
0.462778 0.994515 0.462022 
0.057405 0.002801 0.491768 
0.005215 0.003129 0.006987 0.984669 
0.250000 0.250000 0.250000 0.250000 
  37
0.479817 0.002685 0.046210 
0.462778 0.994515 0.462022 
0.057405 0.002801 0.491768 
0.017052 0.976202 0.003128 0.003619 
0.250000 0.250000 0.250000 0.250000 
  38
0.479817 0.002685 0.046210 
0.462778 0.994515 0.462022 
0.057405 0.002801 0.491768 
0.003890 0.005104 0.986172 0.004834 
0.250000 0.250000 0.250000 0.250000 
  39
0.479817 0.002685 0.046210 
0.462778 0.994515 0.462022 
0.057405 0.002801 0.491768 
0.979187 0.013735 0.003397 0.003681 
0.250000 0.250000 0.250000 0.250000 
  40
0.479817 0.002685 0.046210 
0.462778 0.994515 0.462022 
0.057405 0.002801 0.491768 
0.980474 0.011840 0.003128 0.004558 
0.250000 0.250000 0.250000 0.250000 
  41
0.479817 0.002685 0.046210 
0.462778 0.994515 0.462022 
0.057405 0.002801 0.491768 
0.004203 0.003128 0.979857 0.012811 
0.250000 0.250000 0.250000 0.250000 
  42
0.479817 0.002685 0.046210 
0.462778 0.994515 0.462022 
0.057405 0.002801 0.491768 
0.006688 0.003358 0.976640 0.013314 
0.250000 0.250000 0.250000 0.250000 
  43
0.479817 0.002685 0.046210 
0.462778 0.994515 0.462022 
0.057405 0.002801 0.491768 
0.009788 0.983101 0.003128 0.003983 
0.250000 0.250000 0.250000 0.250000 
  44
0.479817 0.002685 0.046210 
0.462778 0.994515 0.462022 
0.057405 0.002801 0.491768 
0.003128 0.003128 0.986899 0.006845 
0.250000 0.250000 0.250000 0.250000 
  45
0.479817 0.002685 0.046210 
0.462778 0.994515 0.462022 
0.057405 0.002801 0.491768 
0.985303 0.007413 0.003128 0.004156 
0.250000 0.250000 0.250000 0.250000 
  46
0.479817 0.002685 0.046210 
0.462778 0.994515 0.462022 
0.057405 0.002801 0.491768 
0.984826 0.008425 0.003387 0.003362 
0.250000 0.250000 0.250000 0.250000 
  47
0.479817 0.002685 0.046210 
0.462778 0.994515 0.462022 
0.057405 0.002801 0.491768 
0.982368 0.011095 0.003408 0.003129 
0.250000 0.250000 0.250000 0.250000 
  48
0.479817 0.002685 0.046210 
0.462778 0.994515 0.462022 
0.057405 0.002801 0.491768 
0.007901 0.008247 0.005974 0.977878 
0.250000 0.250000 0.250000 0.250000 
  49
0.479817 0.002685 0.046210 
0.462778 0.994515 0.462022 
0.057405 0.002801 0.491768 
0.005117 0.986554 0.003356 0.004973 
0.250000 0.250000 0.250000 0.250000 
  50
0.479817 0.002685 0.046210 
0.462778 0.994515 0.462022 
0.057405 0.002801 0.491768 
0.003128 0.003128 0.990082 0.003663 
0.250000 0.250000 0.250000 0.250000 
  51
0.479817 0.002685 0.046210 
0.462778 0.994515 0.462022 
0.057405 0.002801 0.491768 
0.987088 0.004597 0.004961 0.003355 
0.250000 0.250000 0.250000 0.250000 
  52
0.479817 0.002685 0.046210 
0.462778 0.994515 0.462022 
0.057405 0.002801 0.491768 
0.003429 0.989804 0.003128 0.003639 
0.250000 0.250000 0.250000 0.250000 
  53
0.479817 0.002685 0.046210 
0.462778 0.994515 0.462022 
0.057405 0.002801 0.491768 
0.989965 0.003475 0.003432 0.003128 
0.250000 0.250000 0.250000 0.250000 
  54
0.479817 0.002685 0.046210 
0.462778 0.994515 0.462022 
0.057405 0.002801 0.491768 
0.003128 0.003551 0.989900 0.003421 
0.250000 0.250000 0.250000 0.250000 
  55
0.479817 0.002685 0.046210 
0.462778 0.994515 0.462022 
0.057405 0.002801 0.491768 
0.990616 0.003128 0.003128 0.003128 
0.250000 0.250000 0.250000 0.250000 
  56
0.479817 0.002685 0.046210 
0.462778 0.994515 0.462022 
0.057405 0.002801 0.491768 
0.004052 0.003128 0.987485 0.005335 
0.250000 0.250000 0.250000 0.250000 
  57
0.479817 0.002685 0.046210 
0.462778 0.994515 0.462022 
0.057405 0.002801 0.491768 
0.987473 0.003883 0.003697 0.004947 
0.250000 0.250000 0.250000 0.250000 
  58
0.479817 0.002685 0.046210 
0.462778 0.994515 0.462022 
0.057405 0.002801 0.491768 
0.004236 0.003128 0.007256 0.985381 
0.250000 0.250000 0.250000 0.250000 
  59
0.479817 0.002685 0.046210 
0.462778 0.994515 0.462022 
0.057405 0.002801 0.491768 
0.003128 0.003128 0.003128 0.990616 
0.250000 0.250000 0.250000 0.250000 
  60
0.479817 0.002685 0.046210 
0.462778 0.994515 0.462022 
0.057405 0.002801 0.491768 
0.986718 0.007026 0.003128 0.003128 
0.250000 0.250000 0.250000 0.250000 
  61
0.479817 0.002685 0.046210 
0.462778 0.994515 0.462022 
0.057405 0.002801 0.491768 
0.003683 0.003128 0.003128 0.990061 
0.250000 0.250000 0.250000 0.250000 
  62
0.479817 0.002685 0.046210 
0.462778 0.994515 0.462022 
0.057405 0.002801 0.491768 
0.003128 0.990616 0.003128 0.003128 
0.250000 0.250000 0.250000 0.250000 
  63
0.479817 0.002685 0.046210 
0.462778 0.994515 0.462022 
0.057405 0.002801 0.491768 
0.003128 0.003797 0.007651 0.985424 
0.250000 0.250000 0.250000 0.250000 
  64
0.479817 0.002685 0.046210 
0.462778 0.994515 0.462022 
0.057405 0.002801 0.491768 
0.986683 0.005991 0.004198 0.003128 
0.250000 0.250000 0.250000 0.250000 
  65
0.479817 0.002685 0.046210 
0.462778 0.994515 0.462022 
0.057405 0.002801 0.491768 
0.003128 0.004198 0.003440 0.989234 
0.250000 0.250000 0.250000 0.250000 
  66
0.479817 0.002685 0.046210 
0.462778 0.994515 0.462022 
0.057405 0.002801 0.491768 
0.988740 0.003693 0.003368 0.004198 
0.250000 0.250000 0.250000 0.250000 
  67
0.479817 0.002685 0.046210 
0.462778 0.994515 0.462022 
0.057405 0.002801 0.491768 
0.003128 0.990615 0.003128 0.003128 
0.250000 0.250000 0.250000 0.250000 
  68
0.479817 0.002685 0.046210 
0.462778 0.994515 0.462022 
0.057405 0.002801 0.491768 
0.003128 0.990616 0.003128 0.003128 
0.250000 0.250000 0.250000 0.250000 
  69
0.479817 0.002685 0.046210 
0.462778 0.994515 0.462022 
0.057405 0.002801 0.491768 
0.003128 0.004111 0.004733 0.988028 
0.250000 0.250000 0.250000 0.250000 
  70
0.479817 0.002685 0.046210 
0.462778 0.994515 0.462022 
0.057405 0.002801 0.491768 
0.003130 0.003130 0.004231 0.989508 
0.250000 0.250000 0.250000 0.250000 
  71
0.479817 0.002685 0.046210 
0.462778 0.994515 0.462022 
0.057405 0.002801 0.491768 
0.988928 0.004198 0.003128 0.003746 
0.250000 0.250000 0.250000 0.250000 
  72
0.479817 0.002685 0.046210 
0.462778 0.994515 0.462022 
0.057405 0.002801 0.491768 
0.003128 0.004198 0.005138 0.987536 
0.250000 0.250000 0.250000 0.250000 
  73
0.479817 0.002685 0.046210 
0.462778 0.994515 0.462022 
0.057405 0.002801 0.491768 
0.003128 0.003128 0.989708 0.004036 
0.250000 0.250000 0.250000 0.250000 
  74
0.479817 0.002685 0.046210 
0.462778 0.994515 0.462022 
0.057405 0.002801 0.491768 
0.989430 0.003405 0.004036 0.003128 
0.250000 0.250000 0.250000 0.250000 
  75
0.479817 0.002685 0.046210 
0.462778 0.994515 0.462022 
0.057405 0.002801 0.491768 
0.003412 0.003128 0.004109 0.989351 
0.250000 0.250000 0.250000 0.250000 
  76
0.479817 0.002685 0.046210 
0.462778 0.994515 0.462022 
0.057405 0.002801 0.491768 
0.003940 0.989804 0.003128 0.003128 
0.250000 0.250000 0.250000 0.250000 
  77
0.479817 0.002685 0.046210 
0.462778 0.994515 0.462022 
0.057405 0.002801 0.491768 
0.003129 0.005549 0.987189 0.004134 
0.250000 0.250000 0.250000 0.250000 
  78
0.479817 0.002685 0.046210 
0.462778 0.994515 0.462022 
0.057405 0.002801 0.491768 
0.015138 0.975101 0.003128 0.006633 
0.250000 0.250000 0.250000 0.250000 
  79
0.479817 0.002685 0.046210 
0.462778 0.994515 0.462022 
0.057405 0.002801 0.491768 
0.989927 0.003817 0.003128 0.003128 
0.250000 0.250000 0.250000 0.250000 
  80
0.479817 0.002685 0.046210 
0.462778 0.994515 0.462022 
0.057405 0.002801 0.491768 
0.988274 0.003629 0.004969 0.003128 
0.250000 0.250000 0.250000 0.250000 
  81
0.479817 0.002685 0.046210 
0.462778 0.994515 0.462022 
0.057405 0.002801 0.491768 
0.003129 0.003129 0.989758 0.003985 
0.250000 0.250000 0.250000 0.250000 
  82
0.479817 0.002685 0.046210 
0.462778 0.994515 0.462022 
0.057405 0.002801 0.491768 
0.988112 0.005322 0.003128 0.003437 
0.250000 0.250000 0.250000 0.250000 
  83
0.479817 0.002685 0.046210 
0.462778 0.994515 0.462022 
0.057405 0.002801 0.491768 
0.990616 0.003128 0.003128 0.003128 
0.250000 0.250000 0.250000 0.250000 
  84
0.479817 0.002685 0.046210 
0.462778 0.994515 0.462022 
0.057405 0.002801 0.491768 
0.003128 0.003128 0.005134 0.988610 
0.250000 0.250000 0.250000 0.250000 
  85
0.479817 0.002685 0.046210 
0.462778 0.994515 0.462022 
0.057405 0.002801 0.491768 
0.003128 0.003128 0.003868 0.989876 
0.250000 0.250000 0.250000 0.250000 
  86
0.479817 0.002685 0.046210 
0.462778 0.994515 0.462022 
0.057405 0.002801 0.491768 
0.003129 0.003129 0.990614 0.003129 
0.250000 0.250000 0.250000 0.250000 
  87
0.479817 0.002685 0.046210 
0.462778 0.994515 0.462022 
0.057405 0.002801 0.491768 
0.989429 0.003935 0.003128 0.003509 
0.250000 0.250000 0.250000 0.250000 
  88
0.479817 0.002685 0.046210 
0.462778 0.994515 0.462022 
0.057405 0.002801 0.491768 
0.989737 0.003717 0.003419 0.003128 
0.250000 0.250000 0.250000 0.250000 
  89
0.479817 0.002685 0.046210 
0.462778 0.994515 0.462022 
0.057405 0.002801 0.491768 
0.003128 0.003128 0.990128 0.003616 
0.250000 0.250000 0.250000 0.250000 
  90
0.479817 0.002685 0.046210 
0.462778 0.994515 0.462022 
0.057405 0.002801 0.491768 
0.984214 0.005971 0.003129 0.006687 
0.250000 0.250000 0.250000 0.250000 
  91
0.479817 0.002685 0.046210 
0.462778 0.994515 0.462022 
0.057405 0.002801 0.491768 
0.003538 0.988212 0.005122 0.003128 
0.250000 0.250000 0.250000 0.250000 
  92
0.479817 0.002685 0.046210 
0.462778 0.994515 0.462022 
0.057405 0.002801 0.491768 
0.989622 0.004122 0.003128 0.003128 
0.250000 0.250000 0.250000 0.250000 
  93
0.479817 0.002685 0.046210 
0.462778 0.994515 0.462022 
0.057405 0.002801 0.491768 
0.003953 0.003357 0.988835 0.003856 
0.250000 0.250000 0.250000 0.250000 
  94
0.479817 0.002685 0.046210 
0.462778 0.994515 0.462022 
0.057405 0.002801 0.491768 
0.990616 0.003128 0.003128 0.003128 
0.250000 0.250000 0.250000 0.250000 
  95
0.479817 0.002685 0.046210 
0.462778 0.994515 0.462022 
0.057405 0.002801 0.491768 
0.003128 0.003128 0.989766 0.003978 
0.250000 0.250000 0.250000 0.250000 
  96
0.479817 0.002685 0.046210 
0.462778 0.994515 0.462022 
0.057405 0.002801 0.491768 
0.003817 0.003128 0.004442 0.988613 
0.250000 0.250000 0.250000 0.250000 
  97
0.479817 0.002685 0.046210 
0.462778 0.994515 0.462022 
0.057405 0.002801 0.491768 
0.004768 0.988976 0.003128 0.003128 
0.250000 0.250000 0.250000 0.250000 
  98
0.479817 0.002685 0.046210 
0.462778 0.994515 0.462022 
0.057405 0.002801 0.491768 
0.003392 0.005546 0.003697 0.987365 
0.250000 0.250000 0.250000 0.250000 
  99
0.479817 0.002685 0.046210 
0.462778 0.994515 0.462022 
0.057405 0.002801 0.491768 
0.982990 0.008607 0.003129 0.005275 
0.250000 0.250000 0.250000 0.250000 
 100
0.479817 0.002685 0.046210 
0.462778 0.994515 0.462022 
0.057405 0.002801 0.491768 
0.003547 0.986012 0.004582 0.005860 
0.250000 0.250000 0.250000 0.250000 
 101
0.479817 0.002685 0.046210 
0.462778 0.994515 0.462022 
0.057405 0.002801 0.491768 
0.990615 0.003128 0.003128 0.003128 
0.250000 0.250000 0.250000 0.250000 
 102
0.479817 0.002685 0.046210 
0.462778 0.994515 0.462022 
0.057405 0.002801 0.491768 
0.003129 0.003561 0.987845 0.005466 
0.250000 0.250000 0.250000 0.250000 
 103
0.479817 0.002685 0.046210 
0.462778 0.994515 0.462022 
0.057405 0.002801 0.491768 
0.989997 0.003747 0.003128 0.003128 
0.250000 0.250000 0.250000 0.250000 
 104
0.479817 0.002685 0.046210 
0.462778 0.994515 0.462022 
0.057405 0.002801 0.491768 
0.003128 0.003128 0.990616 0.003128 
0.250000 0.250000 0.250000 0.250000 
 105
0.479817 0.002685 0.046210 
0.462778 0.994515 0.462022 
0.057405 0.002801 0.491768 
0.984738 0.004653 0.006635 0.003974 
0.250000 0.250000 0.250000 0.250000 
 106
0.479817 0.002685 0.046210 
0.462778 0.994515 0.462022 
0.057405 0.002801 0.491768 
0.029523 0.959478 0.003128 0.007871 
0.250000 0.250000 0.250000 0.250000 
 107
0.479817 0.002685 0.046210 
0.462778 0.994515 0.462022 
0.057405 0.002801 0.491768 
0.003128 0.003128 0.003128 0.990616 
0.250000 0.250000 0.250000 0.250000 
 108
0.479817 0.002685 0.046210 
0.462778 0.994515 0.462022 
0.057405 0.002801 0.491768 
0.983616 0.009165 0.003128 0.004091 
0.250000 0.250000 0.250000 0.250000 
 109
0.479817 0.002685 0.046210 
0.462778 0.994515 0.462022 
0.057405 0.002801 0.491768 
0.003450 0.003128 0.985371 0.008050 
0.250000 0.250000 0.250000 0.250000 
 110
0.479817 0.002685 0.046210 
0.462778 0.994515 0.462022 
0.057405 0.002801 0.491768 
0.003128 0.006195 0.003128 0.987549 
0.250000 0.250000 0.250000 0.250000 
 111
0.479817 0.002685 0.046210 
0.462778 0.994515 0.462022 
0.057405 0.002801 0.491768 
0.986863 0.006505 0.003504 0.003128 
0.250000 0.250000 0.250000 0.250000 
 112
0.479817 0.002685 0.046210 
0.462778 0.994515 0.462022 
0.057405 0.002801 0.491768 
0.004564 0.989180 0.003128 0.003128 
0.250000 0.250000 0.250000 0.250000 
 113
0.479817 0.002685 0.046210 
0.462778 0.994515 0.462022 
0.057405 0.002801 0.491768 
0.988111 0.005321 0.003440 0.003128 
0.250000 0.250000 0.250000 0.250000 
 114
0.479817 0.002685 0.046210 
0.462778 0.994515 0.462022 
0.057405 0.002801 0.491768 
0.987764 0.005507 0.003601 0.003128 
0.250000 0.250000 0.250000 0.250000 
 115
0.479817 0.002685 0.046210 
0.462778 0.994515 0.462022 
0.057405 0.002801 0.491768 
0.987153 0.006591 0.003128 0.003128 
0.250000 0.250000 0.250000 0.250000 
 116
0.479817 0.002685 0.046210 
0.462778 0.994515 0.462022 
0.057405 0.002801 0.491768 
0.983147 0.007873 0.003128 0.005852 
0.250000 0.250000 0.250000 0.250000 
 117
0.479817 0.002685 0.046210 
0.462778 0.994515 0.462022 
0.057405 0.002801 0.491768 
0.005664 0.988080 0.003128 0.003128 
0.250000 0.250000 0.250000 0.250000 
 118
0.479817 0.002685 0.046210 
0.462778 0.994515 0.462022 
0.057405 0.002801 0.491768 
0.990100 0.003644 0.003128 0.003128 
0.250000 0.250000 0.250000 0.250000 
 119
0.479817 0.002685 0.046210 
0.462778 0.994515 0.462022 
0.057405 0.002801 0.491768 
0.988423 0.003128 0.005321 0.003128 
0.250000 0.250000 0.250000 0.250000 
 120
0.479817 0.002685 0.046210 
0.462778 0.994515 0.462022 
0.057405 0.002801 0.491768 
0.003128 0.003128 0.007361 0.986383 
0.250000 0.250000 0.250000 0.250000 
 121
0.479817 0.002685 0.046210 
0.462778 0.994515 0.462022 
0.057405 0.002801 0.491768 
0.006379 0.987365 0.003128 0.003128 
0.250000 0.250000 0.250000 0.250000 
 122
0.479817 0.002685 0.046210 
0.462778 0.994515 0.462022 
0.057405 0.002801 0.491768 
0.003128 0.003128 0.003688 0.990056 
0.250000 0.250000 0.250000 0.250000 
 123
0.479817 0.002685 0.046210 
0.462778 0.994515 0.462022 
0.057405 0.002801 0.491768 
0.983948 0.008714 0.004210 0.003128 
0.250000 0.250000 0.250000 0.250000 
 124
0.479817 0.002685 0.046210 
0.462778 0.994515 0.462022 
0.057405 0.002801 0.491768 
0.987253 0.003609 0.005773 0.003365 
0.250000 0.250000 0.250000 0.250000 
 125
0.479817 0.002685 0.046210 
0.462778 0.994515 0.462022 
0.057405 0.002801 0.491768 
0.006365 0.003128 0.984723 0.005784 
0.250000 0.250000 0.250000 0.250000 
 126
0.479817 0.002685 0.046210 
0.462778 0.994515 0.462022 
0.057405 0.002801 0.491768 
0.983544 0.005391 0.007574 0.003491 
0.250000 0.250000 0.250000 0.250000 
 127
0.479817 0.002685 0.046210 
0.462778 0.994515 0.462022 
0.057405 0.002801 0.491768 
0.003556 0.990188 0.003128 0.003128 
0.250000 0.250000 0.250000 0.250000 
 128
0.479817 0.002685 0.046210 
0.462778 0.994515 0.462022 
0.057405 0.002801 0.491768 
0.003128 0.005322 0.003404 0.988146 
0.250000 0.250000 0.250000 0.250000 
 129
0.479817 0.002685 0.046210 
0.462778 0.994515 0.462022 
0.057405 0.002801 0.491768 
0.984929 0.006066 0.005322 0.003683 
0.250000 0.250000 0.250000 0.250000 
 130
0.479817 0.002685 0.046210 
0.462778 0.994515 0.462022 
0.057405 0.002801 0.491768 
0.990616 0.003128 0.003128 0.003128 
0.250000 0.250000 0.250000 0.250000 
 131
0.479817 0.002685 0.046210 
0.462778 0.994515 0.462022 
0.057405 0.002801 0.491768 
0.003128 0.003128 0.990616 0.003128 
0.250000 0.250000 0.250000 0.250000 
 132
0.479817 0.002685 0.046210 
0.462778 0.994515 0.462022 
0.057405 0.002801 0.491768 
0.989965 0.003779 0.003128 0.003128 
0.250000 0.250000 0.250000 0.250000 
 133
0.479817 0.002685 0.046210 
0.462778 0.994515 0.462022 
0.057405 0.002801 0.491768 
0.003128 0.003128 0.990225 0.003519 
0.250000 0.250000 0.250000 0.250000 
 134
0.479817 0.002685 0.046210 
0.462778 0.994515 0.462022 
0.057405 0.002801 0.491768 
0.987549 0.006195 0.003128 0.003128 
0.250000 0.250000 0.250000 0.250000 
 135
0.479817 0.002685 0.046210 
0.462778 0.994515 0.462022 
0.057405 0.002801 0.491768 
0.004194 0.003128 0.979519 0.013159 
0.250000 0.250000 0.250000 0.250000 
 136
0.479817 0.002685 0.046210 
0.462778 0.994515 0.462022 
0.057405 0.002801 0.491768 
0.003128 0.003128 0.003128 0.990616 
0.250000 0.250000 0.250000 0.250000 
 137
0.479817 0.002685 0.046210 
0.462778 0.994515 0.462022 
0.057405 0.002801 0.491768 
0.003128 0.003128 0.990615 0.003128 
0.250000 0.250000 0.250000 0.250000 
 138
0.479817 0.002685 0.046210 
0.462778 0.994515 0.462022 
0.057405 0.002801 0.491768 
0.003481 0.003741 0.005193 0.987585 
0.250000 0.250000 0.250000 0.250000 
 139
0.479817 0.002685 0.046210 
0.462778 0.994515 0.462022 
0.057405 0.002801 0.491768 
0.005140 0.987982 0.003128 0.003750 
0.250000 0.250000 0.250000 0.250000 
 140
0.479817 0.002685 0.046210 
0.462778 0.994515 0.462022 
0.057405 0.002801 0.491768 
0.003128 0.003128 0.009535 0.984209 
0.250000 0.250000 0.250000 0.250000 
 141
0.479817 0.002685 0.046210 
0.462778 0.994515 0.462022 
0.057405 0.002801 0.491768 
0.003787 0.003128 0.008124 0.984961 
0.250000 0.250000 0.250000 0.250000 
 142
0.479817 0.002685 0.046210 
0.462778 0.994515 0.462022 
0.057405 0.002801 0.491768 
0.968548 0.022588 0.003542 0.005322 
0.250000 0.250000 0.250000 0.250000 
 143
0.479817 0.002685 0.046210 
0.462778 0.994515 0.462022 
0.057405 0.002801 0.491768 
0.989563 0.004181 0.003128 0.003128 
0.250000 0.250000 0.250000 0.250000 
 144
0.479817 0.002685 0.046210 
0.462778 0.994515 0.462022 
0.057405 0.002801 0.491768 
0.003129 0.003129 0.982742 0.011001 
0.250000 0.250000 0.250000 0.250000 
 145
0.479817 0.002685 0.046210 
0.462778 0.994515 0.462022 
0.057405 0.002801 0.491768 
0.049672 0.003128 0.944071 0.003128 
0.250000 0.250000 0.250000 0.250000 
 146
0.479817 0.002685 0.046210 
0.462778 0.994515 0.462022 
0.057405 0.002801 0.491768 
0.003128 0.003128 0.003128 0.990616 
0.250000 0.250000 0.250000 0.250000 
 147
0.479817 0.002685 0.046210 
0.462778 0.994515 0.462022 
0.057405 0.002801 0.491768 
0.003128 0.003411 0.008393 0.985068 
0.250000 0.250000 0.250000 0.250000 
 148
0.479817 0.002685 0.046210 
0.462778 0.994515 0.462022 
0.057405 0.002801 0.491768 
0.005517 0.003128 0.984434 0.006920 
0.250000 0.250000 0.250000 0.250000 
 149
0.479817 0.002685 0.046210 
0.462778 0.994515 0.462022 
0.057405 0.002801 0.491768 
0.003128 0.003128 0.003128 0.990616 
0.250000 0.250000 0.250000 0.250000 
 150
0.479817 0.002685 0.046210 
0.462778 0.994515 0.462022 
0.057405 0.002801 0.491768 
0.990016 0.003727 0.003129 0.003129 
0.250000 0.250000 0.250000 0.250000 
 151
0.479817 0.002685 0.046210 
0.462778 0.994515 0.462022 
0.057405 0.002801 0.491768 
0.006648 0.987095 0.003129 0.003129 
0.250000 0.250000 0.250000 0.250000 
 152
0.479817 0.002685 0.046210 
0.462778 0.994515 0.462022 
0.057405 0.002801 0.491768 
0.990007 0.003737 0.003128 0.003128 
0.250000 0.250000 0.250000 0.250000 
 153
0.479817 0.002685 0.046210 
0.462778 0.994515 0.462022 
0.057405 0.002801 0.491768 
0.990223 0.003521 0.003128 0.003128 
0.250000 0.250000 0.250000 0.250000 
 154
0.479817 0.002685 0.046210 
0.462778 0.994515 0.462022 
0.057405 0.002801 0.491768 
0.006759 0.983478 0.003128 0.006635 
0.250000 0.250000 0.250000 0.250000 
 155
0.479817 0.002685 0.046210 
0.462778 0.994515 0.462022 
0.057405 0.002801 0.491768 
0.987397 0.005887 0.003128 0.003588 
0.250000 0.250000 0.250000 0.250000 
 156
0.479817 0.002685 0.046210 
0.462778 0.994515 0.462022 
0.057405 0.002801 0.491768 
0.005614 0.003128 0.986827 0.004431 
0.250000 0.250000 0.250000 0.250000 
 157
0.479817 0.002685 0.046210 
0.462778 0.994515 0.462022 
0.057405 0.002801 0.491768 
0.988784 0.004610 0.003478 0.003128 
0.250000 0.250000 0.250000 0.250000 
 158
0.479817 0.002685 0.046210 
0.462778 0.994515 0.462022 
0.057405 0.002801 0.491768 
0.989116 0.004258 0.003128 0.003498 
0.250000 0.250000 0.250000 0.250000 
 159
0.479817 0.002685 0.046210 
0.462778 0.994515 0.462022 
0.057405 0.002801 0.491768 
0.028196 0.963972 0.003129 0.004703 
0.250000 0.250000 0.250000 0.250000 
 160
0.479817 0.002685 0.046210 
0.462778 0.994515 0.462022 
0.057405 0.002801 0.491768 
0.004575 0.003128 0.988654 0.003642 
0.250000 0.250000 0.250000 0.250000 
 161
0.479817 0.002685 0.046210 
0.462778 0.994515 0.462022 
0.057405 0.002801 0.491768 
0.985215 0.006195 0.005463 0.003128 
0.250000 0.250000 0.250000 0.250000 
 162
0.479817 0.002685 0.046210 
0.462778 0.994515 0.462022 
0.057405 0.002801 0.491768 
0.003403 0.003128 0.006437 0.987032 
0.250000 0.250000 0.250000 0.250000 
 163
0.479817 0.002685 0.046210 
0.462778 0.994515 0.462022 
0.057405 0.002801 0.491768 
0.981338 0.012128 0.003128 0.003406 
0.250000 0.250000 0.250000 0.250000 
 164
0.479817 0.002685 0.046210 
0.462778 0.994515 0.462022 
0.057405 0.002801 0.491768 
0.983691 0.009728 0.003452 0.003128 
0.250000 0.250000 0.250000 0.250000 
 165
0.479817 0.002685 0.046210 
0.462778 0.994515 0.462022 
0.057405 0.002801 0.491768 
0.003429 0.003128 0.982329 0.011114 
0.250000 0.250000 0.250000 0.250000 
 166
0.479817 0.002685 0.046210 
0.462778 0.994515 0.462022 
0.057405 0.002801 0.491768 
0.004774 0.988552 0.003128 0.003545 
0.250000 0.250000 0.250000 0.250000 
 167
0.479817 0.002685 0.046210 
0.462778 0.994515 0.462022 
0.057405 0.002801 0.491768 
0.008054 0.984260 0.003128 0.004558 
0.250000 0.250000 0.250000 0.250000 
 168
0.479817 0.002685 0.046210 
0.462778 0.994515 0.462022 
0.057405 0.002801 0.491768 
0.007998 0.985408 0.003128 0.003466 
0.250000 0.250000 0.250000 0.250000 
 169
0.479817 0.002685 0.046210 
0.462778 0.994515 0.462022 
0.057405 0.002801 0.491768 
0.990236 0.003508 0.003128 0.003128 
0.250000 0.250000 0.250000 0.250000 
 170
0.479817 0.002685 0.046210 
0.462778 0.994515 0.462022 
0.057405 0.002801 0.491768 
0.989145 0.004300 0.003427 0.003128 
0.250000 0.250000 0.250000 0.250000 
 171
0.479817 0.002685 0.046210 
0.462778 0.994515 0.462022 
0.057405 0.002801 0.491768 
0.981788 0.011956 0.003128 0.003128 
0.250000 0.250000 0.250000 0.250000 
 172
0.479817 0.002685 0.046210 
0.462778 0.994515 0.462022 
0.057405 0.002801 0.491768 
0.003128 0.003128 0.969366 0.024378 
0.250000 0.250000 0.250000 0.250000 
 173
0.479817 0.002685 0.046210 
0.462778 0.994515 0.462022 
0.057405 0.002801 0.491768 
0.003128 0.003128 0.003128 0.990616 
0.250000 0.250000 0.250000 0.250000 
 174
0.479817 0.002685 0.046210 
0.462778 0.994515 0.462022 
0.057405 0.002801 0.491768 
0.986993 0.003907 0.005972 0.003128 
0.250000 0.250000 0.250000 0.250000 
 175
0.479817 0.002685 0.046210 
0.462778 0.994515 0.462022 
0.057405 0.002801 0.491768 
0.003128 0.003128 0.003128 0.990616 
0.250000 0.250000 0.250000 0.250000 
 176
0.479817 0.002685 0.046210 
0.462778 0.994515 0.462022 
0.057405 0.002801 0.491768 
0.003128 0.990616 0.003128 0.003128 
0.250000 0.250000 0.250000 0.250000 
 177
0.479817 0.002685 0.046210 
0.462778 0.994515 0.462022 
0.057405 0.002801 0.491768 
0.003129 0.003129 0.986423 0.007320 
0.250000 0.250000 0.250000 0.250000 
 178
0.479817 0.002685 0.046210 
0.462778 0.994515 0.462022 
0.057405 0.002801 0.491768 
0.987149 0.003553 0.006170 0.003128 
0.250000 0.250000 0.250000 0.250000 
 179
0.479817 0.002685 0.046210 
0.462778 0.994515 0.462022 
0.057405 0.002801 0.491768 
0.988014 0.005450 0.003128 0.003408 
0.250000 0.250000 0.250000 0.250000 
 180
0.479817 0.002685 0.046210 
0.462778 0.994515 0.462022 
0.057405 0.002801 0.491768 
0.986847 0.003831 0.006195 0.003128 
0.250000 0.250000 0.250000 0.250000 
 181
0.479817 0.002685 0.046210 
0.462778 0.994515 0.462022 
0.057405 0.002801 0.491768 
0.005366 0.003128 0.984992 0.006514 
0.250000 0.250000 0.250000 0.250000 
 182
0.479817 0.002685 0.046210 
0.462778 0.994515 0.462022 
0.057405 0.002801 0.491768 
0.003129 0.003129 0.003129 0.990614 
0.250000 0.250000 0.250000 0.250000 
 183
0.479817 0.002685 0.046210 
0.462778 0.994515 0.462022 
0.057405 0.002801 0.491768 
0.988973 0.004382 0.003129 0.003516 
0.250000 0.250000 0.250000 0.250000 
 184
0.479817 0.002685 0.046210 
0.462778 0.994515 0.462022 
0.057405 0.002801 0.491768 
0.983208 0.009744 0.003919 0.003129 
0.250000 0.250000 0.250000 0.250000 
 185
0.479817 0.002685 0.046210 
0.462778 0.994515 0.462022 
0.057405 0.002801 0.491768 
0.016460 0.976810 0.003375 0.003355 
0.250000 0.250000 0.250000 0.250000 
 186
0.479817 0.002685 0.046210 
0.462778 0.994515 0.462022 
0.057405 0.002801 0.491768 
0.987905 0.005536 0.003129 0.003430 
0.250000 0.250000 0.250000 0.250000 
 187
0.479817 0.002685 0.046210 
0.462778 0.994515 0.462022 
0.057405 0.002801 0.491768 
0.003128 0.990616 0.003128 0.003128 
0.250000 0.250000 0.250000 0.250000 
 188
0.479817 0.002685 0.046210 
0.462778 0.994515 0.462022 
0.057405 0.002801 0.491768 
0.004439 0.989304 0.003128 0.003128 
0.250000 0.250000 0.250000 0.250000 
 189
0.479817 0.002685 0.046210 
0.462778 0.994515 0.462022 
0.057405 0.002801 0.491768 
0.010218 0.983122 0.003128 0.003532 
0.250000 0.250000 0.250000 0.250000 
 190
0.479817 0.002685 0.046210 
0.462778 0.994515 0.462022 
0.057405 0.002801 0.491768 
0.014565 0.978903 0.003128 0.003403 
0.250000 0.250000 0.250000 0.250000 
 191
0.479817 0.002685 0.046210 
0.462778 0.994515 0.462022 
0.057405 0.002801 0.491768 
0.004654 0.006453 0.007079 0.981814 
0.250000 0.250000 0.250000 0.250000 
 192
0.479817 0.002685 0.046210 
0.462778 0.994515 0.462022 
0.057405 0.002801 0.491768 
0.986823 0.005895 0.003131 0.004151 
0.250000 0.250000 0.250000 0.250000 
 193
0.479817 0.002685 0.046210 
0.462778 0.994515 0.462022 
0.057405 0.002801 0.491768 
0.007530 0.982109 0.003465 0.006896 
0.250000 0.250000 0.250000 0.250000 
 194
0.479817 0.002685 0.046210 
0.462778 0.994515 0.462022 
0.057405 0.002801 0.491768 
0.003129 0.003129 0.989237 0.004506 
0.250000 0.250000 0.250000 0.250000 
 195
0.479817 0.002685 0.046210 
0.462778 0.994515 0.462022 
0.057405 0.002801 0.491768 
0.003128 0.003128 0.988630 0.005114 
0.250000 0.250000 0.250000 0.250000 
 196
0.479817 0.002685 0.046210 
0.462778 0.994515 0.462022 
0.057405 0.002801 0.491768 
0.003128 0.003128 0.990161 0.003582 
0.250000 0.250000 0.250000 0.250000 
 197
0.479817 0.002685 0.046210 
0.462778 0.994515 0.462022 
0.057405 0.002801 0.491768 
0.003504 0.003128 0.990240 0.003128 
0.250000 0.250000 0.250000 0.250000 
 198
0.479817 0.002685 0.046210 
0.462778 0.994515 0.462022 
0.057405 0.002801 0.491768 
0.989113 0.003515 0.003523 0.003850 
0.250000 0.250000 0.250000 0.250000 
 199
0.479817 0.002685 0.046210 
0.462778 0.994515 0.462022 
0.057405 0.002801 0.491768 
0.003128 0.003128 0.005530 0.988214 
0.250000 0.250000 0.250000 0.250000 
 200
0.479817 0.002685 0.046210 
0.462778 0.994515 0.462022 
0.057405 0.002801 0.491768 
0.003128 0.003128 0.003128 0.990616 
0.250000 0.250000 0.250000 0.250000 
 201
0.479817 0.002685 0.046210 
0.462778 0.994515 0.462022 
0.057405 0.002801 0.491768 
0.007080 0.986663 0.003128 0.003128 
0.250000 0.250000 0.250000 0.250000 
 202
0.479817 0.002685 0.046210 
0.462778 0.994515 0.462022 
0.057405 0.002801 0.491768 
0.003128 0.003128 0.990616 0.003128 
0.250000 0.250000 0.250000 0.250000 
 203
0.479817 0.002685 0.046210 
0.462778 0.994515 0.462022 
0.057405 0.002801 0.491768 
0.986993 0.003663 0.003128 0.006216 
0.250000 0.250000 0.250000 0.250000 
 204
0.479817 0.002685 0.046210 
0.462778 0.994515 0.462022 
0.057405 0.002801 0.491768 
0.003462 0.003128 0.003977 0.989433 
0.250000 0.250000 0.250000 0.250000 
 205
0.479817 0.002685 0.046210 
0.462778 0.994515 0.462022 
0.057405 0.002801 0.491768 
0.003128 0.003128 0.004950 0.988794 
0.250000 0.250000 0.250000 0.250000 
 206
0.479817 0.002685 0.046210 
0.462778 0.994515 0.462022 
0.057405 0.002801 0.491768 
0.003128 0.003128 0.003128 0.990616 
0.250000 0.250000 0.250000 0.250000 
 207
0.479817 0.002685 0.046210 
0.462778 0.994515 0.462022 
0.057405 0.002801 0.491768 
0.009049 0.984694 0.003128 0.003128 
0.250000 0.250000 0.250000 0.250000 
 208
0.479817 0.002685 0.046210 
0.462778 0.994515 0.462022 
0.057405 0.002801 0.491768 
0.003684 0.990060 0.003128 0.003128 
0.250000 0.250000 0.250000 0.250000 
 209
0.479817 0.002685 0.046210 
0.462778 0.994515 0.462022 
0.057405 0.002801 0.491768 
0.003951 0.989793 0.003128 0.003128 
0.250000 0.250000 0.250000 0.250000 
 210
0.479817 0.002685 0.046210 
0.462778 0.994515 0.462022 
0.057405 0.002801 0.491768 
0.004335 0.003402 0.014206 0.978057 
0.250000 0.250000 0.250000 0.250000 
 211
0.479817 0.002685 0.046210 
0.462778 0.994515 0.462022 
0.057405 0.002801 0.491768 
0.983669 0.006988 0.003128 0.006216 
0.250000 0.250000 0.250000 0.250000 
 212
0.479817 0.002685 0.046210 
0.462778 0.994515 0.462022 
0.057405 0.002801 0.491768 
0.986811 0.006384 0.003362 0.003442 
0.250000 0.250000 0.250000 0.250000 
 213
0.479817 0.002685 0.046210 
0.462778 0.994515 0.462022 
0.057405 0.002801 0.491768 
0.982475 0.003928 0.007208 0.006389 
0.250000 0.250000 0.250000 0.250000 
 214
0.479817 0.002685 0.046210 
0.462778 0.994515 0.462022 
0.057405 0.002801 0.491768 
0.003128 0.003128 0.003128 0.990616 
0.250000 0.250000 0.250000 0.250000 
 215
0.479817 0.002685 0.046210 
0.462778 0.994515 0.462022 
0.057405 0.002801 0.491768 
0.003128 0.990616 0.003128 0.003128 
0.250000 0.250000 0.250000 0.250000 
 216
0.479817 0.002685 0.046210 
0.462778 0.994515 0.462022 
0.057405 0.002801 0.491768 
0.003128 0.003128 0.007934 0.985809 
0.250000 0.250000 0.250000 0.250000 
 217
0.479817 0.002685 0.046210 
0.462778 0.994515 0.462022 
0.057405 0.002801 0.491768 
0.982167 0.005422 0.006195 0.006216 
0.250000 0.250000 0.250000 0.250000 
 218
0.479817 0.002685 0.046210 
0.462778 0.994515 0.462022 
0.057405 0.002801 0.491768 
0.988809 0.004401 0.003662 0.003128 
0.250000 0.250000 0.250000 0.250000 
 219
0.479817 0.002685 0.046210 
0.462778 0.994515 0.462022 
0.057405 0.002801 0.491768 
0.003436 0.003128 0.987159 0.006277 
0.250000 0.250000 0.250000 0.250000 
 220
0.479817 0.002685 0.046210 
0.462778 0.994515 0.462022 
0.057405 0.002801 0.491768 
0.984765 0.003366 0.005654 0.006216 
0.250000 0.250000 0.250000 0.250000 
 221
0.479817 0.002685 0.046210 
0.462778 0.994515 0.462022 
0.057405 0.002801 0.491768 
0.003128 0.003128 0.003794 0.989950 
0.250000 0.250000 0.250000 0.250000 
 222
0.479817 0.002685 0.046210 
0.462778 0.994515 0.462022 
0.057405 0.002801 0.491768 
0.003928 0.003883 0.011709 0.980481 
0.250000 0.250000 0.250000 0.250000 
 223
0.479817 0.002685 0.046210 
0.462778 0.994515 0.462022 
0.057405 0.002801 0.491768 
0.003128 0.990616 0.003128 0.003128 
0.250000 0.250000 0.250000 0.250000 
 224
0.479817 0.002685 0.046210 
0.462778 0.994515 0.462022 
0.057405 0.002801 0.491768 
0.003128 0.003128 0.990615 0.003128 
0.250000 0.250000 0.250000 0.250000 
 225
0.479817 0.002685 0.046210 
0.462778 0.994515 0.462022 
0.057405 0.002801 0.491768 
0.007625 0.003129 0.004395 0.984851 
0.250000 0.250000 0.250000 0.250000 
 226
0.479817 0.002685 0.046210 
0.462778 0.994515 0.462022 
0.057405 0.002801 0.491768 
0.003600 0.990144 0.003128 0.003128 
0.250000 0.250000 0.250000 0.250000 
 227
0.479817 0.002685 0.046210 
0.462778 0.994515 0.462022 
0.057405 0.002801 0.491768 
0.003128 0.990616 0.003128 0.003128 
0.250000 0.250000 0.250000 0.250000 
 228
0.479817 0.002685 0.046210 
0.462778 0.994515 0.462022 
0.057405 0.002801 0.491768 
0.006630 0.003570 0.983941 0.005858 
0.250000 0.250000 0.250000 0.250000 
 229
0.479817 0.002685 0.046210 
0.462778 0.994515 0.462022 
0.057405 0.002801 0.491768 
0.004055 0.003128 0.003128 0.989689 
0.250000 0.250000 0.250000 0.250000 
 230
0.479817 0.002685 0.046210 
0.462778 0.994515 0.462022 
0.057405 0.002801 0.491768 
0.003128 0.990616 0.003128 0.003128 
0.250000 0.250000 0.250000 0.250000 
 231
0.479817 0.002685 0.046210 
0.462778 0.994515 0.462022 
0.057405 0.002801 0.491768 
0.003128 0.990616 0.003128 0.003128 
0.250000 0.250000 0.250000 0.250000 
 232
0.479817 0.002685 0.046210 
0.462778 0.994515 0.462022 
0.057405 0.002801 0.491768 
0.986754 0.003692 0.006195 0.003359 
0.250000 0.250000 0.250000 0.250000 
 233
0.479817 0.002685 0.046210 
0.462778 0.994515 0.462022 
0.057405 0.002801 0.491768 
0.003128 0.003128 0.006163 0.987581 
0.250000 0.250000 0.250000 0.250000 
 234
