%  SAM: /scicomp/home/vfn4/Tools/LABEL_RES/scripts/modelfromalign v3.5 (July 15, 2005) compiled 12/08/06_16:15:55
%  (c) 1992-2001 Regents of the University of California, Santa Cruz
%
%          Sequence Alignment and Modeling Software System
%         http://www.cse.ucsc.edu/research/compbio/sam.html
%
% ----------------- Citations (SAM, SAM-T2K, HMMs) --------------------
% R. Hughey, A. Krogh, Hidden Markov models for sequence analysis:
%  Extension and analysis of the basic method, CABIOS 12:95-107, 1996.
% K. Karplus, et al., What is the value added by human intervention in protein
%  structure prediction, Proteins: Stucture, Function, Genetics 45(S5):86--91, 2001.
% A. Krogh et al., Hidden Markov models in computational biology:
%  Applications to protein modeling, JMB 235:1501-1531, Feb 1994.
% ---------------------------------------------------------------------
%  A_HA_H9_hmm   Host: login.aspen.biotech.cdc.gov    Mon Aug 25 11:52:55 2014
%  vfn4          Dir:  /scicomp/home/vfn4/IRMA/train3/HA
% ---------------------------------------------------------------------
%  Alignment weights from internal calc.  Total (39.47) Max (0.20) Min (0.01)
%  Weights from alignment method 1 (karplus), b=-1.000000, e=0.500000
MODEL --  Model from alignment file /scicomp/home/vfn4/Tools/LABEL_RES/training_data/irmaHA/A_HA_H9.fasta
alphabet DNA
FREQAVE
0.000000 0.000000 0.000000 
0.000000 0.000000 0.000000 
0.000000 0.000000 0.000000 
0.343813 0.225843 0.190831 0.239513 
0.343813 0.225843 0.190831 0.239513 
Begin
0.000000 0.000000 0.000000 
0.000000 0.000000 0.000000 
0.000000 0.004791 0.491768 
0.250000 0.250000 0.250000 0.250000 
0.250000 0.250000 0.250000 0.250000 
   1
0.000000 0.223326 0.046210 
0.000000 0.771883 0.462022 
0.014044 0.006132 0.491768 
0.966196 0.016154 0.008825 0.008825 
0.250000 0.250000 0.250000 0.250000 
   2
0.867964 0.005878 0.046210 
0.117993 0.987989 0.462022 
0.014111 0.006122 0.491768 
0.016111 0.010942 0.008801 0.964147 
0.250000 0.250000 0.250000 0.250000 
   3
0.872131 0.005868 0.046210 
0.113758 0.988011 0.462022 
0.014111 0.006122 0.491768 
0.010942 0.964147 0.008801 0.016111 
0.250000 0.250000 0.250000 0.250000 
   4
0.841410 0.005868 0.046210 
0.144479 0.988011 0.462022 
0.014558 0.006053 0.491768 
0.102356 0.878237 0.008651 0.010756 
0.250000 0.250000 0.250000 0.250000 
   5
0.864628 0.005802 0.046210 
0.120814 0.988145 0.462022 
0.014609 0.006046 0.491768 
0.949280 0.031390 0.010694 0.008635 
0.250000 0.250000 0.250000 0.250000 
   6
0.866137 0.005795 0.046210 
0.119254 0.988159 0.462022 
0.014630 0.006043 0.491768 
0.900236 0.082507 0.008629 0.008629 
0.250000 0.250000 0.250000 0.250000 
   7
0.856281 0.005792 0.046210 
0.129089 0.988165 0.462022 
0.014795 0.006019 0.491768 
0.610971 0.356977 0.014504 0.017548 
0.250000 0.250000 0.250000 0.250000 
   8
0.863433 0.005770 0.046210 
0.121771 0.988211 0.462022 
0.014832 0.006014 0.491768 
0.015761 0.012378 0.637623 0.334239 
0.250000 0.250000 0.250000 0.250000 
   9
0.865595 0.005765 0.046210 
0.119573 0.988222 0.462022 
0.014832 0.006014 0.491768 
0.936536 0.020439 0.024945 0.018080 
0.250000 0.250000 0.250000 0.250000 
  10
0.752386 0.005765 0.046210 
0.232781 0.988222 0.462022 
0.016726 0.005788 0.491768 
0.489163 0.432670 0.038173 0.039995 
0.250000 0.250000 0.250000 0.250000 
  11
0.848437 0.005548 0.046210 
0.134837 0.988663 0.462022 
0.016726 0.005788 0.491768 
0.023934 0.020960 0.115305 0.839801 
0.250000 0.250000 0.250000 0.250000 
  12
0.841703 0.005548 0.046210 
0.141571 0.988663 0.462022 
0.016839 0.005777 0.491768 
0.961434 0.009842 0.008065 0.020659 
0.250000 0.250000 0.250000 0.250000 
  13
0.660746 0.005537 0.046210 
0.322415 0.988686 0.462022 
0.020704 0.005479 0.491768 
0.056041 0.152198 0.043054 0.748706 
0.250000 0.250000 0.250000 0.250000 
  14
0.807720 0.005252 0.046210 
0.171576 0.989269 0.462022 
0.020801 0.005473 0.491768 
0.008969 0.007451 0.928988 0.054592 
0.250000 0.250000 0.250000 0.250000 
  15
0.792059 0.011449 0.046210 
0.187140 0.983077 0.462022 
0.020629 0.005484 0.491768 
0.959934 0.015467 0.011950 0.012649 
0.250000 0.250000 0.250000 0.250000 
  16
0.744814 0.005256 0.046210 
0.234557 0.989260 0.462022 
0.022140 0.005400 0.491768 
0.042761 0.013225 0.879618 0.064396 
0.250000 0.250000 0.250000 0.250000 
  17
0.795138 0.005177 0.046210 
0.182722 0.989423 0.462022 
0.022235 0.005396 0.491768 
0.014695 0.009323 0.018020 0.957961 
0.250000 0.250000 0.250000 0.250000 
  18
0.796331 0.005172 0.046210 
0.181434 0.989432 0.462022 
0.022283 0.005393 0.491768 
0.815259 0.162629 0.011107 0.011004 
0.250000 0.250000 0.250000 0.250000 
  19
0.798077 0.005854 0.046210 
0.179640 0.988753 0.462022 
0.022209 0.005397 0.491768 
0.931861 0.033133 0.023639 0.011367 
0.250000 0.250000 0.250000 0.250000 
  20
0.792608 0.008764 0.046210 
0.185183 0.985839 0.462022 
0.021962 0.005409 0.491768 
0.011248 0.008145 0.013209 0.967399 
0.250000 0.250000 0.250000 0.250000 
  21
0.783776 0.005185 0.046210 
0.194263 0.989405 0.462022 
0.022347 0.005390 0.491768 
0.853854 0.115081 0.007288 0.023777 
0.250000 0.250000 0.250000 0.250000 
  22
0.795349 0.005167 0.046210 
0.182305 0.989443 0.462022 
0.022395 0.005388 0.491768 
0.779465 0.202800 0.008554 0.009180 
0.250000 0.250000 0.250000 0.250000 
  23
0.797067 0.005164 0.046210 
0.180538 0.989448 0.462022 
0.022395 0.005388 0.491768 
0.011155 0.007284 0.947349 0.034212 
0.250000 0.250000 0.250000 0.250000 
  24
0.784836 0.005164 0.046210 
0.192769 0.989448 0.462022 
0.022672 0.005374 0.491768 
0.008601 0.008086 0.031155 0.952158 
0.250000 0.250000 0.250000 0.250000 
  25
0.761082 0.005152 0.046210 
0.216246 0.989474 0.462022 
0.023457 0.005338 0.491768 
0.947934 0.034753 0.008919 0.008394 
0.250000 0.250000 0.250000 0.250000 
  26
0.784246 0.005117 0.046210 
0.192296 0.989545 0.462022 
0.023532 0.005335 0.491768 
0.007182 0.007182 0.059018 0.926618 
0.250000 0.250000 0.250000 0.250000 
  27
0.755340 0.008764 0.046210 
0.221128 0.985900 0.462022 
0.023829 0.005322 0.491768 
0.854432 0.126918 0.007953 0.010697 
0.250000 0.250000 0.250000 0.250000 
  28
0.762157 0.005102 0.046210 
0.214013 0.989576 0.462022 
0.024363 0.005300 0.491768 
0.010949 0.008374 0.968441 0.012236 
0.250000 0.250000 0.250000 0.250000 
  29
0.776231 0.005081 0.046210 
0.199406 0.989619 0.462022 
0.024436 0.005297 0.491768 
0.008344 0.007109 0.013367 0.971180 
0.250000 0.250000 0.250000 0.250000 
  30
0.775993 0.005078 0.046210 
0.199571 0.989625 0.462022 
0.024499 0.005295 0.491768 
0.817499 0.155752 0.009784 0.016965 
0.250000 0.250000 0.250000 0.250000 
  31
0.776449 0.005075 0.046210 
0.199051 0.989630 0.462022 
0.024537 0.005293 0.491768 
0.016596 0.061642 0.779434 0.142327 
0.250000 0.250000 0.250000 0.250000 
  32
0.773771 0.005074 0.046210 
0.201691 0.989633 0.462022 
0.024633 0.005290 0.491768 
0.007094 0.008653 0.009677 0.974576 
0.250000 0.250000 0.250000 0.250000 
  33
0.774872 0.006517 0.046210 
0.200495 0.988193 0.462022 
0.024485 0.005295 0.491768 
0.943793 0.041996 0.007105 0.007105 
0.250000 0.250000 0.250000 0.250000 
  34
0.778123 0.005076 0.046210 
0.197392 0.989629 0.462022 
0.024485 0.005295 0.491768 
0.113123 0.830261 0.020352 0.036264 
0.250000 0.250000 0.250000 0.250000 
  35
0.778123 0.005076 0.046210 
0.197392 0.989629 0.462022 
0.024485 0.005295 0.491768 
0.007105 0.007828 0.061861 0.923205 
0.250000 0.250000 0.250000 0.250000 
  36
0.778123 0.005076 0.046210 
0.197392 0.989629 0.462022 
0.024485 0.005295 0.491768 
0.805988 0.165576 0.007105 0.021331 
0.250000 0.250000 0.250000 0.250000 
  37
0.765869 0.005076 0.046210 
0.209646 0.989629 0.462022 
0.024789 0.005283 0.491768 
0.196089 0.763901 0.007739 0.032270 
0.250000 0.250000 0.250000 0.250000 
  38
0.775370 0.005065 0.046210 
0.199841 0.989652 0.462022 
0.024789 0.005283 0.491768 
0.007758 0.010648 0.198813 0.782782 
0.250000 0.250000 0.250000 0.250000 
  39
0.767381 0.005065 0.046210 
0.207830 0.989652 0.462022 
0.024989 0.005276 0.491768 
0.942131 0.042361 0.008440 0.007068 
0.250000 0.250000 0.250000 0.250000 
  40
0.771735 0.005057 0.046210 
0.203276 0.989667 0.462022 
0.025035 0.005274 0.491768 
0.924031 0.061839 0.007065 0.007065 
0.250000 0.250000 0.250000 0.250000 
  41
0.773147 0.005056 0.046210 
0.201819 0.989670 0.462022 
0.025035 0.005274 0.491768 
0.014112 0.055644 0.918684 0.011560 
0.250000 0.250000 0.250000 0.250000 
  42
0.770555 0.005056 0.046210 
0.204411 0.989670 0.462022 
0.025100 0.005272 0.491768 
0.916478 0.056350 0.007642 0.019529 
0.250000 0.250000 0.250000 0.250000 
  43
0.767907 0.005053 0.046210 
0.206993 0.989675 0.462022 
0.025217 0.005267 0.491768 
0.271096 0.705703 0.014246 0.008955 
0.250000 0.250000 0.250000 0.250000 
  44
0.771495 0.005049 0.046210 
0.203288 0.989684 0.462022 
0.025217 0.005267 0.491768 
0.007052 0.044477 0.465946 0.482526 
0.250000 0.250000 0.250000 0.250000 
  45
0.771495 0.005049 0.046210 
0.203288 0.989684 0.462022 
0.025217 0.005267 0.491768 
0.896443 0.085638 0.007984 0.009936 
0.250000 0.250000 0.250000 0.250000 
  46
0.767975 0.005049 0.046210 
0.206808 0.989684 0.462022 
0.025306 0.005264 0.491768 
0.948524 0.035636 0.007646 0.008193 
0.250000 0.250000 0.250000 0.250000 
  47
0.770688 0.005046 0.046210 
0.204006 0.989690 0.462022 
0.025306 0.005264 0.491768 
0.011025 0.930294 0.018522 0.040158 
0.250000 0.250000 0.250000 0.250000 
  48
0.770688 0.005046 0.046210 
0.204006 0.989690 0.462022 
0.025306 0.005264 0.491768 
0.007046 0.007046 0.958265 0.027644 
0.250000 0.250000 0.250000 0.250000 
  49
0.770688 0.005046 0.046210 
0.204006 0.989690 0.462022 
0.025306 0.005264 0.491768 
0.971428 0.008114 0.007046 0.013412 
0.250000 0.250000 0.250000 0.250000 
  50
0.770688 0.005046 0.046210 
0.204006 0.989690 0.462022 
0.025306 0.005264 0.491768 
0.954332 0.024973 0.009222 0.011473 
0.250000 0.250000 0.250000 0.250000 
  51
0.770688 0.005046 0.046210 
0.204006 0.989690 0.462022 
0.025306 0.005264 0.491768 
0.010726 0.007046 0.014561 0.967667 
0.250000 0.250000 0.250000 0.250000 
  52
0.729427 0.005046 0.046210 
0.245267 0.989690 0.462022 
0.026395 0.005226 0.491768 
0.006973 0.977003 0.006973 0.009050 
0.250000 0.250000 0.250000 0.250000 
  53
0.760819 0.005009 0.046210 
0.212786 0.989765 0.462022 
0.026395 0.005226 0.491768 
0.006973 0.006973 0.979080 0.006973 
0.250000 0.250000 0.250000 0.250000 
  54
0.760819 0.005009 0.046210 
0.212786 0.989765 0.462022 
0.026395 0.005226 0.491768 
0.866087 0.057406 0.007685 0.068822 
0.250000 0.250000 0.250000 0.250000 
  55
0.479628 0.005009 0.046210 
0.493977 0.989765 0.462022 
0.036720 0.004990 0.491768 
0.007279 0.978972 0.007213 0.006535 
0.250000 0.250000 0.250000 0.250000 
  56
0.667254 0.004783 0.046210 
0.296026 0.990227 0.462022 
0.036720 0.004990 0.491768 
0.977702 0.009229 0.006535 0.006535 
0.250000 0.250000 0.250000 0.250000 
  57
0.667254 0.004783 0.046210 
0.296026 0.990227 0.462022 
0.036720 0.004990 0.491768 
0.006535 0.006535 0.120566 0.866364 
0.250000 0.250000 0.250000 0.250000 
  58
0.667254 0.004783 0.046210 
0.296026 0.990227 0.462022 
0.036720 0.004990 0.491768 
0.978040 0.008891 0.006535 0.006535 
0.250000 0.250000 0.250000 0.250000 
  59
0.667254 0.004783 0.046210 
0.296026 0.990227 0.462022 
0.036720 0.004990 0.491768 
0.980395 0.006535 0.006535 0.006535 
0.250000 0.250000 0.250000 0.250000 
  60
0.667254 0.004783 0.046210 
0.296026 0.990227 0.462022 
0.036720 0.004990 0.491768 
0.965037 0.021893 0.006535 0.006535 
0.250000 0.250000 0.250000 0.250000 
  61
0.667254 0.004783 0.046210 
0.296026 0.990227 0.462022 
0.036720 0.004990 0.491768 
0.975605 0.006535 0.010175 0.007685 
0.250000 0.250000 0.250000 0.250000 
  62
0.667254 0.004783 0.046210 
0.296026 0.990227 0.462022 
0.036720 0.004990 0.491768 
0.007265 0.006535 0.009518 0.976682 
0.250000 0.250000 0.250000 0.250000 
  63
0.667254 0.004783 0.046210 
0.296026 0.990227 0.462022 
0.036720 0.004990 0.491768 
0.039377 0.006535 0.859703 0.094385 
0.250000 0.250000 0.250000 0.250000 
  64
0.667254 0.004783 0.046210 
0.296026 0.990227 0.462022 
0.036720 0.004990 0.491768 
0.007152 0.008116 0.007885 0.976846 
0.250000 0.250000 0.250000 0.250000 
  65
0.667254 0.004783 0.046210 
0.296026 0.990227 0.462022 
0.036720 0.004990 0.491768 
0.006535 0.979632 0.006535 0.007298 
0.250000 0.250000 0.250000 0.250000 
  66
0.667254 0.004783 0.046210 
0.296026 0.990227 0.462022 
0.036720 0.004990 0.491768 
0.006535 0.006535 0.960791 0.026139 
0.250000 0.250000 0.250000 0.250000 
  67
0.667254 0.004783 0.046210 
0.296026 0.990227 0.462022 
0.036720 0.004990 0.491768 
0.969026 0.015441 0.008998 0.006535 
0.250000 0.250000 0.250000 0.250000 
  68
0.667254 0.004783 0.046210 
0.296026 0.990227 0.462022 
0.036720 0.004990 0.491768 
0.006535 0.007416 0.012941 0.973108 
0.250000 0.250000 0.250000 0.250000 
  69
0.667254 0.004783 0.046210 
0.296026 0.990227 0.462022 
0.036720 0.004990 0.491768 
0.084807 0.008310 0.684050 0.222833 
0.250000 0.250000 0.250000 0.250000 
  70
0.656340 0.004783 0.046210 
0.306940 0.990227 0.462022 
0.037126 0.004984 0.491768 
0.007576 0.976475 0.008110 0.007839 
0.250000 0.250000 0.250000 0.250000 
  71
0.663582 0.004777 0.046210 
0.299292 0.990239 0.462022 
0.037126 0.004984 0.491768 
0.006523 0.967820 0.006523 0.019133 
0.250000 0.250000 0.250000 0.250000 
  72
0.663582 0.004777 0.046210 
0.299292 0.990239 0.462022 
0.037126 0.004984 0.491768 
0.052808 0.010290 0.869970 0.066932 
0.250000 0.250000 0.250000 0.250000 
  73
0.663582 0.004777 0.046210 
0.299292 0.990239 0.462022 
0.037126 0.004984 0.491768 
0.009721 0.006523 0.179339 0.804416 
0.250000 0.250000 0.250000 0.250000 
  74
0.663582 0.004777 0.046210 
0.299292 0.990239 0.462022 
0.037126 0.004984 0.491768 
0.968834 0.007262 0.015430 0.008474 
0.250000 0.250000 0.250000 0.250000 
  75
0.663582 0.004777 0.046210 
0.299292 0.990239 0.462022 
0.037126 0.004984 0.491768 
0.007761 0.006523 0.849887 0.135828 
0.250000 0.250000 0.250000 0.250000 
  76
0.647487 0.004777 0.046210 
0.315388 0.990239 0.462022 
0.037733 0.004975 0.491768 
0.006507 0.006507 0.977701 0.009285 
0.250000 0.250000 0.250000 0.250000 
  77
0.658079 0.004769 0.046210 
0.304188 0.990257 0.462022 
0.037733 0.004975 0.491768 
0.978081 0.007185 0.006507 0.008227 
0.250000 0.250000 0.250000 0.250000 
  78
0.658079 0.004769 0.046210 
0.304188 0.990257 0.462022 
0.037733 0.004975 0.491768 
0.661284 0.318432 0.006507 0.013777 
0.250000 0.250000 0.250000 0.250000 
  79
0.658079 0.004769 0.046210 
0.304188 0.990257 0.462022 
0.037733 0.004975 0.491768 
0.006507 0.011775 0.010170 0.971548 
0.250000 0.250000 0.250000 0.250000 
  80
0.658079 0.005495 0.046210 
0.304188 0.989530 0.462022 
0.037490 0.004978 0.491768 
0.009294 0.006513 0.977679 0.006513 
0.250000 0.250000 0.250000 0.250000 
  81
0.660284 0.004772 0.046210 
0.302227 0.990250 0.462022 
0.037490 0.004978 0.491768 
0.960767 0.014169 0.015090 0.009975 
0.250000 0.250000 0.250000 0.250000 
  82
0.660284 0.004772 0.046210 
0.302227 0.990250 0.462022 
0.037490 0.004978 0.491768 
0.974796 0.008715 0.006513 0.009975 
0.250000 0.250000 0.250000 0.250000 
  83
0.653834 0.004772 0.046210 
0.308676 0.990250 0.462022 
0.037733 0.004975 0.491768 
0.006507 0.006507 0.980479 0.006507 
0.250000 0.250000 0.250000 0.250000 
  84
0.658079 0.004769 0.046210 
0.304188 0.990257 0.462022 
0.037733 0.004975 0.491768 
0.962585 0.019092 0.007819 0.010504 
0.250000 0.250000 0.250000 0.250000 
  85
0.658079 0.004769 0.046210 
0.304188 0.990257 0.462022 
0.037733 0.004975 0.491768 
0.979717 0.007270 0.006507 0.006507 
0.250000 0.250000 0.250000 0.250000 
  86
0.658079 0.004769 0.046210 
0.304188 0.990257 0.462022 
0.037733 0.004975 0.491768 
0.977021 0.006507 0.009965 0.006507 
0.250000 0.250000 0.250000 0.250000 
  87
0.658079 0.004769 0.046210 
0.304188 0.990257 0.462022 
0.037733 0.004975 0.491768 
0.006507 0.006507 0.865631 0.121355 
0.250000 0.250000 0.250000 0.250000 
  88
0.658079 0.004769 0.046210 
0.304188 0.990257 0.462022 
0.037733 0.004975 0.491768 
0.006507 0.006507 0.008807 0.978180 
0.250000 0.250000 0.250000 0.250000 
  89
0.658079 0.004769 0.046210 
0.304188 0.990257 0.462022 
0.037733 0.004975 0.491768 
0.006507 0.006507 0.978696 0.008290 
0.250000 0.250000 0.250000 0.250000 
  90
0.658079 0.004769 0.046210 
0.304188 0.990257 0.462022 
0.037733 0.004975 0.491768 
0.035494 0.006507 0.940057 0.017942 
0.250000 0.250000 0.250000 0.250000 
  91
0.655688 0.004769 0.046210 
0.306579 0.990257 0.462022 
0.037823 0.004973 0.491768 
0.974975 0.006504 0.012016 0.006504 
0.250000 0.250000 0.250000 0.250000 
  92
0.657259 0.004767 0.046210 
0.304917 0.990259 0.462022 
0.037823 0.004973 0.491768 
0.006504 0.006504 0.980487 0.006504 
0.250000 0.250000 0.250000 0.250000 
  93
0.657259 0.004767 0.046210 
0.304917 0.990259 0.462022 
0.037823 0.004973 0.491768 
0.884528 0.052271 0.038830 0.024370 
0.250000 0.250000 0.250000 0.250000 
  94
0.657259 0.004767 0.046210 
0.304917 0.990259 0.462022 
0.037823 0.004973 0.491768 
0.008852 0.978139 0.006504 0.006504 
0.250000 0.250000 0.250000 0.250000 
  95
0.657259 0.004767 0.046210 
0.304917 0.990259 0.462022 
0.037823 0.004973 0.491768 
0.978139 0.008852 0.006504 0.006504 
0.250000 0.250000 0.250000 0.250000 
  96
0.657259 0.004767 0.046210 
0.304917 0.990259 0.462022 
0.037823 0.004973 0.491768 
0.951575 0.033727 0.006504 0.008194 
0.250000 0.250000 0.250000 0.250000 
  97
0.657259 0.004767 0.046210 
0.304917 0.990259 0.462022 
0.037823 0.004973 0.491768 
0.971760 0.013319 0.008417 0.006504 
0.250000 0.250000 0.250000 0.250000 
  98
0.657259 0.004767 0.046210 
0.304917 0.990259 0.462022 
0.037823 0.004973 0.491768 
0.006504 0.006504 0.978577 0.008414 
0.250000 0.250000 0.250000 0.250000 
  99
0.657259 0.004767 0.046210 
0.304917 0.990259 0.462022 
0.037823 0.004973 0.491768 
0.025367 0.016447 0.023695 0.934491 
0.250000 0.250000 0.250000 0.250000 
 100
0.657259 0.004767 0.046210 
0.304917 0.990259 0.462022 
0.037823 0.004973 0.491768 
0.006504 0.980487 0.006504 0.006504 
0.250000 0.250000 0.250000 0.250000 
 101
0.657259 0.004767 0.046210 
0.304917 0.990259 0.462022 
0.037823 0.004973 0.491768 
0.006504 0.006504 0.006504 0.980487 
0.250000 0.250000 0.250000 0.250000 
 102
0.657259 0.004767 0.046210 
0.304917 0.990259 0.462022 
0.037823 0.004973 0.491768 
0.517587 0.270801 0.046389 0.165223 
0.250000 0.250000 0.250000 0.250000 
 103
0.657259 0.004767 0.046210 
0.304917 0.990259 0.462022 
0.037823 0.004973 0.491768 
0.019136 0.965598 0.007663 0.007603 
0.250000 0.250000 0.250000 0.250000 
 104
0.657259 0.004767 0.046210 
0.304917 0.990259 0.462022 
0.037823 0.004973 0.491768 
0.977937 0.008177 0.007381 0.006504 
0.250000 0.250000 0.250000 0.250000 
 105
0.657259 0.004767 0.046210 
0.304917 0.990259 0.462022 
0.037823 0.004973 0.491768 
0.006504 0.006504 0.802259 0.184732 
0.250000 0.250000 0.250000 0.250000 
 106
0.651003 0.004767 0.046210 
0.311174 0.990259 0.462022 
0.038062 0.004970 0.491768 
0.977970 0.007164 0.008368 0.006498 
0.250000 0.250000 0.250000 0.250000 
 107
0.655101 0.004764 0.046210 
0.306837 0.990266 0.462022 
0.038062 0.004970 0.491768 
0.006498 0.006498 0.980506 0.006498 
0.250000 0.250000 0.250000 0.250000 
 108
0.651247 0.004764 0.046210 
0.310691 0.990266 0.462022 
0.038209 0.004968 0.491768 
0.435237 0.546713 0.007096 0.010953 
0.250000 0.250000 0.250000 0.250000 
 109
0.648276 0.004762 0.046210 
0.313515 0.990270 0.462022 
0.038420 0.004965 0.491768 
0.007393 0.006489 0.966933 0.019185 
0.250000 0.250000 0.250000 0.250000 
 110
0.651855 0.004759 0.046210 
0.309725 0.990276 0.462022 
0.038420 0.004965 0.491768 
0.006489 0.007393 0.007837 0.978281 
0.250000 0.250000 0.250000 0.250000 
 111
0.651855 0.004759 0.046210 
0.309725 0.990276 0.462022 
0.038420 0.004965 0.491768 
0.957640 0.029383 0.006489 0.006489 
0.250000 0.250000 0.250000 0.250000 
 112
0.646153 0.004759 0.046210 
0.315427 0.990276 0.462022 
0.038640 0.004962 0.491768 
0.895765 0.088730 0.006483 0.009021 
0.250000 0.250000 0.250000 0.250000 
 113
0.649859 0.004756 0.046210 
0.311501 0.990282 0.462022 
0.038640 0.004962 0.491768 
0.007594 0.006483 0.829254 0.156668 
0.250000 0.250000 0.250000 0.250000 
 114
0.649859 0.004756 0.046210 
0.311501 0.990282 0.462022 
0.038640 0.004962 0.491768 
0.885048 0.024802 0.083668 0.006483 
0.250000 0.250000 0.250000 0.250000 
 115
0.649859 0.004756 0.046210 
0.311501 0.990282 0.462022 
0.038640 0.004962 0.491768 
0.008189 0.978845 0.006483 0.006483 
0.250000 0.250000 0.250000 0.250000 
 116
0.649859 0.004756 0.046210 
0.311501 0.990282 0.462022 
0.038640 0.004962 0.491768 
0.980551 0.006483 0.006483 0.006483 
0.250000 0.250000 0.250000 0.250000 
 117
0.649859 0.004756 0.046210 
0.311501 0.990282 0.462022 
0.038640 0.004962 0.491768 
0.948009 0.039025 0.006483 0.006483 
0.250000 0.250000 0.250000 0.250000 
 118
0.649859 0.004756 0.046210 
0.311501 0.990282 0.462022 
0.038640 0.004962 0.491768 
0.970232 0.009577 0.006483 0.013708 
0.250000 0.250000 0.250000 0.250000 
 119
0.649859 0.004756 0.046210 
0.311501 0.990282 0.462022 
0.038640 0.004962 0.491768 
0.642760 0.039169 0.311588 0.006483 
0.250000 0.250000 0.250000 0.250000 
 120
0.649859 0.004756 0.046210 
0.311501 0.990282 0.462022 
0.038640 0.004962 0.491768 
0.008336 0.006483 0.885826 0.099355 
0.250000 0.250000 0.250000 0.250000 
 121
0.642509 0.004756 0.046210 
0.318851 0.990282 0.462022 
0.038926 0.004958 0.491768 
0.977641 0.009398 0.006480 0.006480 
0.250000 0.250000 0.250000 0.250000 
 122
0.647266 0.004752 0.046210 
0.313807 0.990290 0.462022 
0.038926 0.004958 0.491768 
0.974546 0.012502 0.006476 0.006476 
0.250000 0.250000 0.250000 0.250000 
 123
0.647266 0.004752 0.046210 
0.313807 0.990290 0.462022 
0.038926 0.004958 0.491768 
0.006476 0.006476 0.042899 0.944149 
0.250000 0.250000 0.250000 0.250000 
 124
0.647266 0.004752 0.046210 
0.313807 0.990290 0.462022 
0.038926 0.004958 0.491768 
0.028442 0.958606 0.006476 0.006476 
0.250000 0.250000 0.250000 0.250000 
 125
0.647266 0.004752 0.046210 
0.313807 0.990290 0.462022 
0.038926 0.004958 0.491768 
0.006476 0.006476 0.006476 0.980572 
0.250000 0.250000 0.250000 0.250000 
 126
0.647266 0.004752 0.046210 
0.313807 0.990290 0.462022 
0.038926 0.004958 0.491768 
0.006476 0.007342 0.377632 0.608550 
0.250000 0.250000 0.250000 0.250000 
 127
0.647266 0.004752 0.046210 
0.313807 0.990290 0.462022 
0.038926 0.004958 0.491768 
0.006476 0.006476 0.980572 0.006476 
0.250000 0.250000 0.250000 0.250000 
 128
0.647266 0.004752 0.046210 
0.313807 0.990290 0.462022 
0.038926 0.004958 0.491768 
0.009155 0.006476 0.977893 0.006476 
0.250000 0.250000 0.250000 0.250000 
 129
0.605264 0.004752 0.046210 
0.355810 0.990290 0.462022 
0.040633 0.004935 0.491768 
0.015205 0.015420 0.020523 0.948852 
0.250000 0.250000 0.250000 0.250000 
 130
0.631801 0.004731 0.046210 
0.327566 0.990334 0.462022 
0.040633 0.004935 0.491768 
0.006435 0.980694 0.006435 0.006435 
0.250000 0.250000 0.250000 0.250000 
 131
0.631801 0.004731 0.046210 
0.327566 0.990334 0.462022 
0.040633 0.004935 0.491768 
0.006435 0.006435 0.008429 0.978700 
0.250000 0.250000 0.250000 0.250000 
 132
0.631801 0.004731 0.046210 
0.327566 0.990334 0.462022 
0.040633 0.004935 0.491768 
0.039808 0.935125 0.006435 0.018632 
0.250000 0.250000 0.250000 0.250000 
 133
0.631801 0.004731 0.046210 
0.327566 0.990334 0.462022 
0.040633 0.004935 0.491768 
0.977595 0.009534 0.006435 0.006435 
0.250000 0.250000 0.250000 0.250000 
 134
0.631801 0.004731 0.046210 
0.327566 0.990334 0.462022 
0.040633 0.004935 0.491768 
0.006435 0.006435 0.980694 0.006435 
0.250000 0.250000 0.250000 0.250000 
 135
0.631801 0.004731 0.046210 
0.327566 0.990334 0.462022 
0.040633 0.004935 0.491768 
0.959222 0.008956 0.018252 0.013570 
0.250000 0.250000 0.250000 0.250000 
 136
0.631801 0.004731 0.046210 
0.327566 0.990334 0.462022 
0.040633 0.004935 0.491768 
0.007174 0.010432 0.973722 0.008671 
0.250000 0.250000 0.250000 0.250000 
 137
0.631801 0.004731 0.046210 
0.327566 0.990334 0.462022 
0.040633 0.004935 0.491768 
0.979916 0.007213 0.006435 0.006435 
0.250000 0.250000 0.250000 0.250000 
 138
0.631801 0.004731 0.046210 
0.327566 0.990334 0.462022 
0.040633 0.004935 0.491768 
0.015146 0.032770 0.048398 0.903685 
0.250000 0.250000 0.250000 0.250000 
 139
0.631801 0.004731 0.046210 
0.327566 0.990334 0.462022 
0.040633 0.004935 0.491768 
0.138494 0.848636 0.006435 0.006435 
0.250000 0.250000 0.250000 0.250000 
 140
0.631801 0.004731 0.046210 
0.327566 0.990334 0.462022 
0.040633 0.004935 0.491768 
0.006435 0.006435 0.980694 0.006435 
0.250000 0.250000 0.250000 0.250000 
 141
0.631801 0.004731 0.046210 
0.327566 0.990334 0.462022 
0.040633 0.004935 0.491768 
0.022696 0.009754 0.877405 0.090144 
0.250000 0.250000 0.250000 0.250000 
 142
0.620204 0.004731 0.046210 
0.339163 0.990334 0.462022 
0.041110 0.004929 0.491768 
0.969999 0.007091 0.016486 0.006425 
0.250000 0.250000 0.250000 0.250000 
 143
0.627481 0.004725 0.046210 
0.331409 0.990345 0.462022 
0.041110 0.004929 0.491768 
0.972554 0.014597 0.006425 0.006425 
0.250000 0.250000 0.250000 0.250000 
 144
0.627481 0.004725 0.046210 
0.331409 0.990345 0.462022 
0.041110 0.004929 0.491768 
0.959958 0.027193 0.006425 0.006425 
0.250000 0.250000 0.250000 0.250000 
 145
0.627481 0.004725 0.046210 
0.331409 0.990345 0.462022 
0.041110 0.004929 0.491768 
0.008814 0.977552 0.007210 0.006425 
0.250000 0.250000 0.250000 0.250000 
 146
0.627481 0.004725 0.046210 
0.331409 0.990345 0.462022 
0.041110 0.004929 0.491768 
0.978337 0.008814 0.006425 0.006425 
0.250000 0.250000 0.250000 0.250000 
 147
0.627481 0.004725 0.046210 
0.331409 0.990345 0.462022 
0.041110 0.004929 0.491768 
0.947710 0.030475 0.010860 0.010955 
0.250000 0.250000 0.250000 0.250000 
 148
0.627481 0.004725 0.046210 
0.331409 0.990345 0.462022 
0.041110 0.004929 0.491768 
0.013258 0.006429 0.128323 0.851990 
0.250000 0.250000 0.250000 0.250000 
 149
0.627481 0.004725 0.046210 
0.331409 0.990345 0.462022 
0.041110 0.004929 0.491768 
0.006425 0.006425 0.006425 0.980726 
0.250000 0.250000 0.250000 0.250000 
 150
0.627481 0.004725 0.046210 
0.331409 0.990345 0.462022 
0.041110 0.004929 0.491768 
0.130814 0.856337 0.006425 0.006425 
0.250000 0.250000 0.250000 0.250000 
 151
0.619020 0.004725 0.046210 
0.339871 0.990345 0.462022 
0.041460 0.004925 0.491768 
0.007204 0.006417 0.979962 0.006417 
0.250000 0.250000 0.250000 0.250000 
 152
0.624302 0.004721 0.046210 
0.334238 0.990354 0.462022 
0.041460 0.004925 0.491768 
0.006417 0.006417 0.007701 0.979465 
0.250000 0.250000 0.250000 0.250000 
 153
0.624302 0.004721 0.046210 
0.334238 0.990354 0.462022 
0.041460 0.004925 0.491768 
0.017024 0.006417 0.845434 0.131125 
0.250000 0.250000 0.250000 0.250000 
 154
0.624302 0.004721 0.046210 
0.334238 0.990354 0.462022 
0.041460 0.004925 0.491768 
0.006993 0.006417 0.978940 0.007649 
0.250000 0.250000 0.250000 0.250000 
 155
0.624302 0.004721 0.046210 
0.334238 0.990354 0.462022 
0.041460 0.004925 0.491768 
0.979201 0.007965 0.006417 0.006417 
0.250000 0.250000 0.250000 0.250000 
 156
0.624302 0.004721 0.046210 
0.334238 0.990354 0.462022 
0.041460 0.004925 0.491768 
0.020604 0.006417 0.913668 0.059312 
0.250000 0.250000 0.250000 0.250000 
 157
0.624302 0.004721 0.046210 
0.334238 0.990354 0.462022 
0.041460 0.004925 0.491768 
0.972248 0.013322 0.006417 0.008013 
0.250000 0.250000 0.250000 0.250000 
 158
0.624302 0.004721 0.046210 
0.334238 0.990354 0.462022 
0.041460 0.004925 0.491768 
0.007120 0.007201 0.979262 0.006417 
0.250000 0.250000 0.250000 0.250000 
 159
0.624302 0.004721 0.046210 
0.334238 0.990354 0.462022 
0.041460 0.004925 0.491768 
0.955187 0.014988 0.009549 0.020277 
0.250000 0.250000 0.250000 0.250000 
 160
0.624302 0.004721 0.046210 
0.334238 0.990354 0.462022 
0.041460 0.004925 0.491768 
0.009705 0.977461 0.006417 0.006417 
0.250000 0.250000 0.250000 0.250000 
 161
0.624302 0.004721 0.046210 
0.334238 0.990354 0.462022 
0.041460 0.004925 0.491768 
0.977067 0.009394 0.006417 0.007122 
0.250000 0.250000 0.250000 0.250000 
 162
0.624302 0.004721 0.046210 
0.334238 0.990354 0.462022 
0.041460 0.004925 0.491768 
0.077691 0.909474 0.006417 0.006417 
0.250000 0.250000 0.250000 0.250000 
 163
0.624302 0.004721 0.046210 
0.334238 0.990354 0.462022 
0.041460 0.004925 0.491768 
0.006417 0.007352 0.979814 0.006417 
0.250000 0.250000 0.250000 0.250000 
 164
0.624302 0.004721 0.046210 
0.334238 0.990354 0.462022 
0.041460 0.004925 0.491768 
0.980749 0.006417 0.006417 0.006417 
0.250000 0.250000 0.250000 0.250000 
 165
0.624302 0.004721 0.046210 
0.334238 0.990354 0.462022 
0.041460 0.004925 0.491768 
0.006417 0.006417 0.803137 0.184029 
0.250000 0.250000 0.250000 0.250000 
 166
0.621292 0.004721 0.046210 
0.337247 0.990354 0.462022 
0.041586 0.004924 0.491768 
0.980757 0.006414 0.006414 0.006414 
0.250000 0.250000 0.250000 0.250000 
 167
0.623168 0.004720 0.046210 
0.335247 0.990357 0.462022 
0.041586 0.004924 0.491768 
0.980757 0.006414 0.006414 0.006414 
0.250000 0.250000 0.250000 0.250000 
 168
0.623168 0.004720 0.046210 
0.335247 0.990357 0.462022 
0.041586 0.004924 0.491768 
0.006414 0.006414 0.019183 0.967988 
0.250000 0.250000 0.250000 0.250000 
 169
0.590259 0.004720 0.046210 
0.368155 0.990357 0.462022 
0.043001 0.004907 0.491768 
0.008501 0.978729 0.006385 0.006385 
0.250000 0.250000 0.250000 0.250000 
 170
0.610345 0.004704 0.046210 
0.346655 0.990388 0.462022 
0.043001 0.004907 0.491768 
0.009993 0.977237 0.006385 0.006385 
0.250000 0.250000 0.250000 0.250000 
 171
0.610345 0.004704 0.046210 
0.346655 0.990388 0.462022 
0.043001 0.004907 0.491768 
0.402420 0.567320 0.006385 0.023875 
0.250000 0.250000 0.250000 0.250000 
 172
0.605963 0.004704 0.046210 
0.351036 0.990388 0.462022 
0.043190 0.004905 0.491768 
0.974331 0.009063 0.009270 0.007335 
0.250000 0.250000 0.250000 0.250000 
 173
0.608630 0.004702 0.046210 
0.348180 0.990393 0.462022 
0.043190 0.004905 0.491768 
0.007143 0.006381 0.006381 0.980094 
0.250000 0.250000 0.250000 0.250000 
 174
0.608630 0.004702 0.046210 
0.348180 0.990393 0.462022 
0.043190 0.004905 0.491768 
0.011062 0.976176 0.006381 0.006381 
0.250000 0.250000 0.250000 0.250000 
 175
0.598349 0.004702 0.046210 
0.358461 0.990393 0.462022 
0.043639 0.004901 0.491768 
0.006373 0.006373 0.886214 0.101041 
0.250000 0.250000 0.250000 0.250000 
 176
0.604565 0.004697 0.046210 
0.351797 0.990402 0.462022 
0.043639 0.004901 0.491768 
0.006373 0.006373 0.006373 0.980882 
0.250000 0.250000 0.250000 0.250000 
 177
0.604565 0.004697 0.046210 
0.351797 0.990402 0.462022 
0.043639 0.004901 0.491768 
0.224272 0.756360 0.006377 0.012991 
0.250000 0.250000 0.250000 0.250000 
 178
0.598078 0.004697 0.046210 
0.358284 0.990402 0.462022 
0.043923 0.004898 0.491768 
0.006367 0.008735 0.006367 0.978531 
0.250000 0.250000 0.250000 0.250000 
 179
0.601983 0.004695 0.046210 
0.354094 0.990408 0.462022 
0.043923 0.004898 0.491768 
0.007352 0.979914 0.006367 0.006367 
0.250000 0.250000 0.250000 0.250000 
 180
0.601983 0.004695 0.046210 
0.354094 0.990408 0.462022 
0.043923 0.004898 0.491768 
0.006367 0.006367 0.028841 0.958425 
0.250000 0.250000 0.250000 0.250000 
 181
0.601983 0.004695 0.046210 
0.354094 0.990408 0.462022 
0.043923 0.004898 0.491768 
0.007223 0.980043 0.006367 0.006367 
0.250000 0.250000 0.250000 0.250000 
 182
0.601983 0.004695 0.046210 
0.354094 0.990408 0.462022 
0.043923 0.004898 0.491768 
0.007205 0.006367 0.979471 0.006957 
0.250000 0.250000 0.250000 0.250000 
 183
0.601983 0.004695 0.046210 
0.354094 0.990408 0.462022 
0.043923 0.004898 0.491768 
0.947743 0.020863 0.010977 0.020417 
0.250000 0.250000 0.250000 0.250000 
 184
0.601983 0.004695 0.046210 
0.354094 0.990408 0.462022 
0.043923 0.004898 0.491768 
0.980899 0.006367 0.006367 0.006367 
0.250000 0.250000 0.250000 0.250000 
 185
0.601983 0.004695 0.046210 
0.354094 0.990408 0.462022 
0.043923 0.004898 0.491768 
0.010132 0.006367 0.977133 0.006367 
0.250000 0.250000 0.250000 0.250000 
 186
0.601983 0.004695 0.046210 
0.354094 0.990408 0.462022 
0.043923 0.004898 0.491768 
0.939388 0.034812 0.008689 0.017111 
0.250000 0.250000 0.250000 0.250000 
 187
0.591071 0.004695 0.046210 
0.365005 0.990408 0.462022 
0.044408 0.004892 0.491768 
0.874811 0.109477 0.007448 0.008264 
0.250000 0.250000 0.250000 0.250000 
 188
0.597592 0.004690 0.046210 
0.358000 0.990418 0.462022 
0.044408 0.004892 0.491768 
0.795927 0.170608 0.027107 0.006358 
0.250000 0.250000 0.250000 0.250000 
 189
0.597592 0.004690 0.046210 
0.358000 0.990418 0.462022 
0.044408 0.004892 0.491768 
0.015002 0.006358 0.376240 0.602400 
0.250000 0.250000 0.250000 0.250000 
 190
0.374866 0.004690 0.046210 
0.580726 0.990418 0.462022 
0.057133 0.004793 0.491768 
0.006180 0.006180 0.672806 0.314834 
0.250000 0.250000 0.250000 0.250000 
 191
0.482283 0.004594 0.046210 
0.460584 0.990613 0.462022 
0.057133 0.004793 0.491768 
0.037582 0.007336 0.006180 0.948902 
0.250000 0.250000 0.250000 0.250000 
 192
0.482283 0.004594 0.046210 
0.460584 0.990613 0.462022 
0.057133 0.004793 0.491768 
0.053876 0.933757 0.006184 0.006184 
0.250000 0.250000 0.250000 0.250000 
 193
0.482283 0.004594 0.046210 
0.460584 0.990613 0.462022 
0.057133 0.004793 0.491768 
0.006180 0.981460 0.006180 0.006180 
0.250000 0.250000 0.250000 0.250000 
 194
0.482283 0.004594 0.046210 
0.460584 0.990613 0.462022 
0.057133 0.004793 0.491768 
0.006180 0.981460 0.006180 0.006180 
0.250000 0.250000 0.250000 0.250000 
 195
0.482283 0.004594 0.046210 
0.460584 0.990613 0.462022 
0.057133 0.004793 0.491768 
0.824244 0.149364 0.016141 0.010251 
0.250000 0.250000 0.250000 0.250000 
 196
0.477543 0.004594 0.046210 
0.465324 0.990613 0.462022 
0.057405 0.004791 0.491768 
0.025890 0.006177 0.960112 0.007820 
0.250000 0.250000 0.250000 0.250000 
 197
0.479817 0.004592 0.046210 
0.462778 0.990617 0.462022 
0.057405 0.004791 0.491768 
0.830187 0.155295 0.008341 0.006177 
0.250000 0.250000 0.250000 0.250000 
 198
0.479817 0.004592 0.046210 
0.462778 0.990617 0.462022 
0.057405 0.004791 0.491768 
0.011532 0.010798 0.153878 0.823792 
0.250000 0.250000 0.250000 0.250000 
 199
0.479817 0.004592 0.046210 
0.462778 0.990617 0.462022 
0.057405 0.004791 0.491768 
0.006177 0.006177 0.980069 0.007577 
0.250000 0.250000 0.250000 0.250000 
 200
0.479817 0.004592 0.046210 
0.462778 0.990617 0.462022 
0.057405 0.004791 0.491768 
0.006177 0.006177 0.981468 0.006177 
0.250000 0.250000 0.250000 0.250000 
 201
0.479817 0.004592 0.046210 
0.462778 0.990617 0.462022 
0.057405 0.004791 0.491768 
0.007092 0.007533 0.231730 0.753645 
0.250000 0.250000 0.250000 0.250000 
 202
0.479817 0.004592 0.046210 
0.462778 0.990617 0.462022 
0.057405 0.004791 0.491768 
0.006177 0.011178 0.970090 0.012555 
0.250000 0.250000 0.250000 0.250000 
 203
0.479817 0.004592 0.046210 
0.462778 0.990617 0.462022 
0.057405 0.004791 0.491768 
0.006177 0.006177 0.008922 0.978724 
0.250000 0.250000 0.250000 0.250000 
 204
0.479817 0.004592 0.046210 
0.462778 0.990617 0.462022 
0.057405 0.004791 0.491768 
0.030557 0.007863 0.428171 0.533409 
0.250000 0.250000 0.250000 0.250000 
 205
0.479817 0.004592 0.046210 
0.462778 0.990617 0.462022 
0.057405 0.004791 0.491768 
0.971139 0.013762 0.006177 0.008922 
0.250000 0.250000 0.250000 0.250000 
 206
0.479817 0.004592 0.046210 
0.462778 0.990617 0.462022 
0.057405 0.004791 0.491768 
0.008922 0.006177 0.006999 0.977901 
0.250000 0.250000 0.250000 0.250000 
 207
0.479817 0.004592 0.046210 
0.462778 0.990617 0.462022 
0.057405 0.004791 0.491768 
0.045748 0.006177 0.134739 0.813335 
0.250000 0.250000 0.250000 0.250000 
 208
0.479817 0.004592 0.046210 
0.462778 0.990617 0.462022 
0.057405 0.004791 0.491768 
0.006177 0.006177 0.918445 0.069200 
0.250000 0.250000 0.250000 0.250000 
 209
0.479817 0.004592 0.046210 
0.462778 0.990617 0.462022 
0.057405 0.004791 0.491768 
0.006177 0.006177 0.007627 0.980019 
0.250000 0.250000 0.250000 0.250000 
 210
0.479817 0.004592 0.046210 
0.462778 0.990617 0.462022 
0.057405 0.004791 0.491768 
0.890035 0.095027 0.007022 0.007917 
0.250000 0.250000 0.250000 0.250000 
 211
0.479817 0.004592 0.046210 
0.462778 0.990617 0.462022 
0.057405 0.004791 0.491768 
0.038387 0.946345 0.007022 0.008247 
0.250000 0.250000 0.250000 0.250000 
 212
0.479817 0.004592 0.046210 
0.462778 0.990617 0.462022 
0.057405 0.004791 0.491768 
0.978245 0.009400 0.006177 0.006177 
0.250000 0.250000 0.250000 0.250000 
 213
0.479817 0.004592 0.046210 
0.462778 0.990617 0.462022 
0.057405 0.004791 0.491768 
0.010289 0.007627 0.962497 0.019587 
0.250000 0.250000 0.250000 0.250000 
 214
0.479817 0.004592 0.046210 
0.462778 0.990617 0.462022 
0.057405 0.004791 0.491768 
0.973103 0.013525 0.006177 0.007194 
0.250000 0.250000 0.250000 0.250000 
 215
0.479817 0.004592 0.046210 
0.462778 0.990617 0.462022 
0.057405 0.004791 0.491768 
0.006177 0.006786 0.979658 0.007379 
0.250000 0.250000 0.250000 0.250000 
 216
0.479817 0.004592 0.046210 
0.462778 0.990617 0.462022 
0.057405 0.004791 0.491768 
0.192304 0.022129 0.722290 0.063277 
0.250000 0.250000 0.250000 0.250000 
 217
0.479817 0.004592 0.046210 
0.462778 0.990617 0.462022 
0.057405 0.004791 0.491768 
0.006177 0.006177 0.006852 0.980793 
0.250000 0.250000 0.250000 0.250000 
 218
0.479817 0.004592 0.046210 
0.462778 0.990617 0.462022 
0.057405 0.004791 0.491768 
0.006177 0.981468 0.006177 0.006177 
0.250000 0.250000 0.250000 0.250000 
 219
0.479817 0.004592 0.046210 
0.462778 0.990617 0.462022 
0.057405 0.004791 0.491768 
0.006177 0.006177 0.342441 0.645205 
0.250000 0.250000 0.250000 0.250000 
 220
0.479817 0.004592 0.046210 
0.462778 0.990617 0.462022 
0.057405 0.004791 0.491768 
0.964703 0.006811 0.006177 0.022309 
0.250000 0.250000 0.250000 0.250000 
 221
0.479817 0.004592 0.046210 
0.462778 0.990617 0.462022 
0.057405 0.004791 0.491768 
0.026403 0.006177 0.961243 0.006177 
0.250000 0.250000 0.250000 0.250000 
 222
0.479817 0.004592 0.046210 
0.462778 0.990617 0.462022 
0.057405 0.004791 0.491768 
0.038749 0.006177 0.643574 0.311499 
0.250000 0.250000 0.250000 0.250000 
 223
0.479817 0.004592 0.046210 
0.462778 0.990617 0.462022 
0.057405 0.004791 0.491768 
0.933793 0.053852 0.006177 0.006177 
0.250000 0.250000 0.250000 0.250000 
 224
0.479817 0.004592 0.046210 
0.462778 0.990617 0.462022 
0.057405 0.004791 0.491768 
0.006177 0.007473 0.006725 0.979626 
0.250000 0.250000 0.250000 0.250000 
 225
0.479817 0.004592 0.046210 
0.462778 0.990617 0.462022 
0.057405 0.004791 0.491768 
0.018343 0.006678 0.188962 0.786018 
0.250000 0.250000 0.250000 0.250000 
 226
0.479817 0.004592 0.046210 
0.462778 0.990617 0.462022 
0.057405 0.004791 0.491768 
0.006177 0.981468 0.006177 0.006177 
0.250000 0.250000 0.250000 0.250000 
 227
0.479817 0.004592 0.046210 
0.462778 0.990617 0.462022 
0.057405 0.004791 0.491768 
0.981468 0.006177 0.006177 0.006177 
0.250000 0.250000 0.250000 0.250000 
 228
0.479817 0.004592 0.046210 
0.462778 0.990617 0.462022 
0.057405 0.004791 0.491768 
0.970718 0.016927 0.006177 0.006177 
0.250000 0.250000 0.250000 0.250000 
 229
0.479817 0.004592 0.046210 
0.462778 0.990617 0.462022 
0.057405 0.004791 0.491768 
0.006177 0.981468 0.006177 0.006177 
0.250000 0.250000 0.250000 0.250000 
 230
0.479817 0.004592 0.046210 
0.462778 0.990617 0.462022 
0.057405 0.004791 0.491768 
0.007661 0.979985 0.006177 0.006177 
0.250000 0.250000 0.250000 0.250000 
 231
0.479817 0.004592 0.046210 
0.462778 0.990617 0.462022 
0.057405 0.004791 0.491768 
0.792784 0.193929 0.007106 0.006182 
0.250000 0.250000 0.250000 0.250000 
 232
0.479817 0.004592 0.046210 
0.462778 0.990617 0.462022 
0.057405 0.004791 0.491768 
0.007281 0.006177 0.870839 0.115703 
0.250000 0.250000 0.250000 0.250000 
 233
0.479817 0.004592 0.046210 
0.462778 0.990617 0.462022 
0.057405 0.004791 0.491768 
0.006177 0.006177 0.006964 0.980682 
0.250000 0.250000 0.250000 0.250000 
 234
0.479817 0.004592 0.046210 
0.462778 0.990617 0.462022 
0.057405 0.004791 0.491768 
0.505756 0.431640 0.019864 0.042739 
0.250000 0.250000 0.250000 0.250000 
 235
0.479817 0.004592 0.046210 
0.462778 0.990617 0.462022 
0.057405 0.004791 0.491768 
0.785882 0.193353 0.009587 0.011178 
0.250000 0.250000 0.250000 0.250000 
 236
