%  SAM: /scicomp/home/vfn4/Tools/LABEL_RES/scripts/modelfromalign v3.5 (July 15, 2005) compiled 12/08/06_16:15:55
%  (c) 1992-2001 Regents of the University of California, Santa Cruz
%
%          Sequence Alignment and Modeling Software System
%         http://www.cse.ucsc.edu/research/compbio/sam.html
%
% ----------------- Citations (SAM, SAM-T2K, HMMs) --------------------
% R. Hughey, A. Krogh, Hidden Markov models for sequence analysis:
%  Extension and analysis of the basic method, CABIOS 12:95-107, 1996.
% K. Karplus, et al., What is the value added by human intervention in protein
%  structure prediction, Proteins: Stucture, Function, Genetics 45(S5):86--91, 2001.
% A. Krogh et al., Hidden Markov models in computational biology:
%  Applications to protein modeling, JMB 235:1501-1531, Feb 1994.
% ---------------------------------------------------------------------
%  A_HA_H12_hmm   Host: login.aspen.biotech.cdc.gov    Mon Aug 25 11:52:48 2014
%  vfn4           Dir:  /scicomp/home/vfn4/IRMA/train3/HA
% ---------------------------------------------------------------------
%  Alignment weights from internal calc.  Total (11.18) Max (0.29) Min (0.07)
%  Weights from alignment method 1 (karplus), b=-1.000000, e=0.500000
MODEL --  Model from alignment file /scicomp/home/vfn4/Tools/LABEL_RES/training_data/irmaHA/A_HA_H12.fasta
alphabet DNA
FREQAVE
0.000000 0.000000 0.000000 
0.000000 0.000000 0.000000 
0.000000 0.000000 0.000000 
0.348188 0.227054 0.188065 0.236694 
0.348188 0.227054 0.188065 0.236694 
Begin
0.000000 0.000000 0.000000 
0.000000 0.000000 0.000000 
0.000000 0.009770 0.491768 
0.250000 0.250000 0.250000 0.250000 
0.250000 0.250000 0.250000 0.250000 
   1
0.000000 0.060119 0.046210 
0.000000 0.930111 0.462022 
0.042481 0.010292 0.491768 
0.930547 0.023151 0.023151 0.023151 
0.250000 0.250000 0.250000 0.250000 
   2
0.615056 0.009866 0.046210 
0.342463 0.979842 0.462022 
0.042481 0.010292 0.491768 
0.023151 0.023151 0.023151 0.930547 
0.250000 0.250000 0.250000 0.250000 
   3
0.615056 0.009866 0.046210 
0.342463 0.979842 0.462022 
0.042481 0.010292 0.491768 
0.023151 0.930547 0.023151 0.023151 
0.250000 0.250000 0.250000 0.250000 
   4
0.615056 0.009866 0.046210 
0.342463 0.979842 0.462022 
0.042481 0.010292 0.491768 
0.031432 0.922266 0.023151 0.023151 
0.250000 0.250000 0.250000 0.250000 
   5
0.615056 0.009866 0.046210 
0.342463 0.979842 0.462022 
0.042481 0.010292 0.491768 
0.930547 0.023151 0.023151 0.023151 
0.250000 0.250000 0.250000 0.250000 
   6
0.615056 0.009866 0.046210 
0.342463 0.979842 0.462022 
0.042481 0.010292 0.491768 
0.750242 0.203456 0.023151 0.023151 
0.250000 0.250000 0.250000 0.250000 
   7
0.615056 0.009866 0.046210 
0.342463 0.979842 0.462022 
0.042481 0.010292 0.491768 
0.930547 0.023151 0.023151 0.023151 
0.250000 0.250000 0.250000 0.250000 
   8
0.615056 0.009866 0.046210 
0.342463 0.979842 0.462022 
0.042481 0.010292 0.491768 
0.930547 0.023151 0.023151 0.023151 
0.250000 0.250000 0.250000 0.250000 
   9
0.615056 0.009866 0.046210 
0.342463 0.979842 0.462022 
0.042481 0.010292 0.491768 
0.750242 0.203456 0.023151 0.023151 
0.250000 0.250000 0.250000 0.250000 
  10
0.600171 0.009866 0.046210 
0.357348 0.979842 0.462022 
0.043123 0.010261 0.491768 
0.022983 0.022983 0.022983 0.931052 
0.250000 0.250000 0.250000 0.250000 
  11
0.609239 0.009836 0.046210 
0.347638 0.979903 0.462022 
0.043123 0.010261 0.491768 
0.022983 0.022983 0.022983 0.931052 
0.250000 0.250000 0.250000 0.250000 
  12
0.609239 0.009836 0.046210 
0.347638 0.979903 0.462022 
0.043123 0.010261 0.491768 
0.022983 0.022983 0.931052 0.022983 
0.250000 0.250000 0.250000 0.250000 
  13
0.609239 0.009836 0.046210 
0.347638 0.979903 0.462022 
0.043123 0.010261 0.491768 
0.922406 0.031629 0.022983 0.022983 
0.250000 0.250000 0.250000 0.250000 
  14
0.580238 0.009836 0.046210 
0.376640 0.979903 0.462022 
0.044411 0.010201 0.491768 
0.022666 0.022666 0.022666 0.932001 
0.250000 0.250000 0.250000 0.250000 
  15
0.597568 0.009779 0.046210 
0.358021 0.980020 0.462022 
0.044411 0.010201 0.491768 
0.022666 0.022666 0.716767 0.237900 
0.250000 0.250000 0.250000 0.250000 
  16
0.597568 0.009779 0.046210 
0.358021 0.980020 0.462022 
0.044411 0.010201 0.491768 
0.627081 0.199196 0.022666 0.151057 
0.250000 0.250000 0.250000 0.250000 
  17
0.582023 0.009779 0.046210 
0.373567 0.980020 0.462022 
0.045112 0.010170 0.491768 
0.022505 0.022505 0.036709 0.918281 
0.250000 0.250000 0.250000 0.250000 
  18
0.591213 0.009749 0.046210 
0.363675 0.980081 0.462022 
0.045112 0.010170 0.491768 
0.217020 0.022505 0.131487 0.628988 
0.250000 0.250000 0.250000 0.250000 
  19
0.591213 0.009749 0.046210 
0.363675 0.980081 0.462022 
0.045112 0.010170 0.491768 
0.022505 0.022505 0.239049 0.715941 
0.250000 0.250000 0.250000 0.250000 
  20
0.569357 0.009749 0.046210 
0.385532 0.980081 0.462022 
0.046120 0.010128 0.491768 
0.022286 0.022286 0.022286 0.933143 
0.250000 0.250000 0.250000 0.250000 
  21
0.527774 0.009708 0.046210 
0.426106 0.980164 0.462022 
0.048768 0.010027 0.491768 
0.032130 0.924331 0.021770 0.021770 
0.250000 0.250000 0.250000 0.250000 
  22
0.558081 0.009611 0.046210 
0.393151 0.980362 0.462022 
0.048768 0.010027 0.491768 
0.934691 0.021770 0.021770 0.021770 
0.250000 0.250000 0.250000 0.250000 
  23
0.558081 0.009611 0.046210 
0.393151 0.980362 0.462022 
0.048768 0.010027 0.491768 
0.031765 0.924696 0.021770 0.021770 
0.250000 0.250000 0.250000 0.250000 
  24
0.558081 0.009611 0.046210 
0.393151 0.980362 0.462022 
0.048768 0.010027 0.491768 
0.021770 0.021770 0.708461 0.247999 
0.250000 0.250000 0.250000 0.250000 
  25
0.558081 0.009611 0.046210 
0.393151 0.980362 0.462022 
0.048768 0.010027 0.491768 
0.924862 0.031599 0.021770 0.021770 
0.250000 0.250000 0.250000 0.250000 
  26
0.558081 0.009611 0.046210 
0.393151 0.980362 0.462022 
0.048768 0.010027 0.491768 
0.021770 0.021770 0.755619 0.200842 
0.250000 0.250000 0.250000 0.250000 
  27
0.536237 0.009611 0.046210 
0.414995 0.980362 0.462022 
0.049857 0.009989 0.491768 
0.138432 0.021580 0.021580 0.818408 
0.250000 0.250000 0.250000 0.250000 
  28
0.525998 0.009575 0.046210 
0.424144 0.980437 0.462022 
0.050990 0.009951 0.491768 
0.152331 0.804881 0.021394 0.021394 
0.250000 0.250000 0.250000 0.250000 
  29
0.537948 0.009539 0.046210 
0.411062 0.980511 0.462022 
0.050990 0.009951 0.491768 
0.021394 0.021394 0.021394 0.935818 
0.250000 0.250000 0.250000 0.250000 
  30
0.537948 0.009539 0.046210 
0.411062 0.980511 0.462022 
0.050990 0.009951 0.491768 
0.021394 0.021394 0.693800 0.263412 
0.250000 0.250000 0.250000 0.250000 
  31
0.491187 0.009539 0.046210 
0.457823 0.980511 0.462022 
0.053491 0.009874 0.491768 
0.021021 0.021021 0.875399 0.082558 
0.250000 0.250000 0.250000 0.250000 
  32
0.515282 0.009465 0.046210 
0.431226 0.980660 0.462022 
0.053491 0.009874 0.491768 
0.021021 0.021021 0.021021 0.936936 
0.250000 0.250000 0.250000 0.250000 
  33
0.515282 0.009465 0.046210 
0.431226 0.980660 0.462022 
0.053491 0.009874 0.491768 
0.225935 0.732022 0.021021 0.021021 
0.250000 0.250000 0.250000 0.250000 
  34
0.515282 0.009465 0.046210 
0.431226 0.980660 0.462022 
0.053491 0.009874 0.491768 
0.276349 0.681608 0.021021 0.021021 
0.250000 0.250000 0.250000 0.250000 
  35
0.515282 0.009465 0.046210 
0.431226 0.980660 0.462022 
0.053491 0.009874 0.491768 
0.021021 0.021021 0.936936 0.021021 
0.250000 0.250000 0.250000 0.250000 
  36
0.515282 0.009465 0.046210 
0.431226 0.980660 0.462022 
0.053491 0.009874 0.491768 
0.925552 0.032405 0.021021 0.021021 
0.250000 0.250000 0.250000 0.250000 
  37
0.515282 0.009465 0.046210 
0.431226 0.980660 0.462022 
0.053491 0.009874 0.491768 
0.243438 0.714519 0.021021 0.021021 
0.250000 0.250000 0.250000 0.250000 
  38
0.515282 0.009465 0.046210 
0.431226 0.980660 0.462022 
0.053491 0.009874 0.491768 
0.021021 0.021021 0.270929 0.687028 
0.250000 0.250000 0.250000 0.250000 
  39
0.515282 0.009465 0.046210 
0.431226 0.980660 0.462022 
0.053491 0.009874 0.491768 
0.519521 0.231150 0.021021 0.228308 
0.250000 0.250000 0.250000 0.250000 
  40
0.515282 0.009465 0.046210 
0.431226 0.980660 0.462022 
0.053491 0.009874 0.491768 
0.729649 0.228308 0.021021 0.021021 
0.250000 0.250000 0.250000 0.250000 
  41
0.515282 0.009465 0.046210 
0.431226 0.980660 0.462022 
0.053491 0.009874 0.491768 
0.042012 0.915945 0.021021 0.021021 
0.250000 0.250000 0.250000 0.250000 
  42
0.515282 0.009465 0.046210 
0.431226 0.980660 0.462022 
0.053491 0.009874 0.491768 
0.021021 0.021021 0.699998 0.257959 
0.250000 0.250000 0.250000 0.250000 
  43
0.515282 0.009465 0.046210 
0.431226 0.980660 0.462022 
0.053491 0.009874 0.491768 
0.021021 0.077106 0.405633 0.496240 
0.250000 0.250000 0.250000 0.250000 
  44
0.515282 0.009465 0.046210 
0.431226 0.980660 0.462022 
0.053491 0.009874 0.491768 
0.021021 0.021021 0.021021 0.936936 
0.250000 0.250000 0.250000 0.250000 
  45
0.515282 0.009465 0.046210 
0.431226 0.980660 0.462022 
0.053491 0.009874 0.491768 
0.021021 0.021021 0.030084 0.927873 
0.250000 0.250000 0.250000 0.250000 
  46
0.515282 0.009465 0.046210 
0.431226 0.980660 0.462022 
0.053491 0.009874 0.491768 
0.021021 0.936936 0.021021 0.021021 
0.250000 0.250000 0.250000 0.250000 
  47
0.515282 0.009465 0.046210 
0.431226 0.980660 0.462022 
0.053491 0.009874 0.491768 
0.021021 0.021021 0.936936 0.021021 
0.250000 0.250000 0.250000 0.250000 
  48
0.515282 0.009465 0.046210 
0.431226 0.980660 0.462022 
0.053491 0.009874 0.491768 
0.729649 0.021021 0.021021 0.228308 
0.250000 0.250000 0.250000 0.250000 
  49
0.515282 0.009465 0.046210 
0.431226 0.980660 0.462022 
0.053491 0.009874 0.491768 
0.021021 0.021021 0.021021 0.936936 
0.250000 0.250000 0.250000 0.250000 
  50
0.515282 0.009465 0.046210 
0.431226 0.980660 0.462022 
0.053491 0.009874 0.491768 
0.936936 0.021021 0.021021 0.021021 
0.250000 0.250000 0.250000 0.250000 
  51
0.447104 0.009465 0.046210 
0.499404 0.980660 0.462022 
0.057405 0.009770 0.491768 
0.020525 0.020525 0.039740 0.919210 
0.250000 0.250000 0.250000 0.250000 
  52
0.479817 0.009365 0.046210 
0.462778 0.980865 0.462022 
0.057405 0.009770 0.491768 
0.020525 0.938425 0.020525 0.020525 
0.250000 0.250000 0.250000 0.250000 
  53
0.479817 0.009365 0.046210 
0.462778 0.980865 0.462022 
0.057405 0.009770 0.491768 
0.938425 0.020525 0.020525 0.020525 
0.250000 0.250000 0.250000 0.250000 
  54
0.479817 0.009365 0.046210 
0.462778 0.980865 0.462022 
0.057405 0.009770 0.491768 
0.020525 0.020525 0.813349 0.145601 
0.250000 0.250000 0.250000 0.250000 
  55
0.479817 0.009365 0.046210 
0.462778 0.980865 0.462022 
0.057405 0.009770 0.491768 
0.938425 0.020525 0.020525 0.020525 
0.250000 0.250000 0.250000 0.250000 
  56
0.479817 0.009365 0.046210 
0.462778 0.980865 0.462022 
0.057405 0.009770 0.491768 
0.938425 0.020525 0.020525 0.020525 
0.250000 0.250000 0.250000 0.250000 
  57
0.479817 0.009365 0.046210 
0.462778 0.980865 0.462022 
0.057405 0.009770 0.491768 
0.712412 0.246538 0.020525 0.020525 
0.250000 0.250000 0.250000 0.250000 
  58
0.479817 0.009365 0.046210 
0.462778 0.980865 0.462022 
0.057405 0.009770 0.491768 
0.938425 0.020525 0.020525 0.020525 
0.250000 0.250000 0.250000 0.250000 
  59
0.479817 0.009365 0.046210 
0.462778 0.980865 0.462022 
0.057405 0.009770 0.491768 
0.020525 0.020525 0.020525 0.938425 
0.250000 0.250000 0.250000 0.250000 
  60
0.479817 0.009365 0.046210 
0.462778 0.980865 0.462022 
0.057405 0.009770 0.491768 
0.020525 0.020525 0.020525 0.938425 
0.250000 0.250000 0.250000 0.250000 
  61
0.479817 0.009365 0.046210 
0.462778 0.980865 0.462022 
0.057405 0.009770 0.491768 
0.020525 0.020525 0.020525 0.938425 
0.250000 0.250000 0.250000 0.250000 
  62
0.479817 0.009365 0.046210 
0.462778 0.980865 0.462022 
0.057405 0.009770 0.491768 
0.020525 0.938425 0.020525 0.020525 
0.250000 0.250000 0.250000 0.250000 
  63
0.479817 0.009365 0.046210 
0.462778 0.980865 0.462022 
0.057405 0.009770 0.491768 
0.020525 0.020525 0.929577 0.029373 
0.250000 0.250000 0.250000 0.250000 
  64
0.479817 0.009365 0.046210 
0.462778 0.980865 0.462022 
0.057405 0.009770 0.491768 
0.938425 0.020525 0.020525 0.020525 
0.250000 0.250000 0.250000 0.250000 
  65
0.479817 0.009365 0.046210 
0.462778 0.980865 0.462022 
0.057405 0.009770 0.491768 
0.020525 0.020525 0.020525 0.938425 
0.250000 0.250000 0.250000 0.250000 
  66
0.479817 0.009365 0.046210 
0.462778 0.980865 0.462022 
0.057405 0.009770 0.491768 
0.020525 0.020525 0.158007 0.800944 
0.250000 0.250000 0.250000 0.250000 
  67
0.479817 0.009365 0.046210 
0.462778 0.980865 0.462022 
0.057405 0.009770 0.491768 
0.020525 0.938425 0.020525 0.020525 
0.250000 0.250000 0.250000 0.250000 
  68
0.479817 0.009365 0.046210 
0.462778 0.980865 0.462022 
0.057405 0.009770 0.491768 
0.020525 0.938425 0.020525 0.020525 
0.250000 0.250000 0.250000 0.250000 
  69
0.479817 0.009365 0.046210 
0.462778 0.980865 0.462022 
0.057405 0.009770 0.491768 
0.705927 0.027010 0.237047 0.030016 
0.250000 0.250000 0.250000 0.250000 
  70
0.479817 0.009365 0.046210 
0.462778 0.980865 0.462022 
0.057405 0.009770 0.491768 
0.020525 0.020525 0.020525 0.938425 
0.250000 0.250000 0.250000 0.250000 
  71
0.479817 0.009365 0.046210 
0.462778 0.980865 0.462022 
0.057405 0.009770 0.491768 
0.938425 0.020525 0.020525 0.020525 
0.250000 0.250000 0.250000 0.250000 
  72
0.479817 0.009365 0.046210 
0.462778 0.980865 0.462022 
0.057405 0.009770 0.491768 
0.020525 0.020525 0.102883 0.856067 
0.250000 0.250000 0.250000 0.250000 
  73
0.479817 0.009365 0.046210 
0.462778 0.980865 0.462022 
0.057405 0.009770 0.491768 
0.020525 0.020525 0.938425 0.020525 
0.250000 0.250000 0.250000 0.250000 
  74
0.479817 0.009365 0.046210 
0.462778 0.980865 0.462022 
0.057405 0.009770 0.491768 
0.938425 0.020525 0.020525 0.020525 
0.250000 0.250000 0.250000 0.250000 
  75
0.479817 0.009365 0.046210 
0.462778 0.980865 0.462022 
0.057405 0.009770 0.491768 
0.736468 0.222482 0.020525 0.020525 
0.250000 0.250000 0.250000 0.250000 
  76
0.479817 0.009365 0.046210 
0.462778 0.980865 0.462022 
0.057405 0.009770 0.491768 
0.938425 0.020525 0.020525 0.020525 
0.250000 0.250000 0.250000 0.250000 
  77
0.479817 0.009365 0.046210 
0.462778 0.980865 0.462022 
0.057405 0.009770 0.491768 
0.027941 0.020525 0.931009 0.020525 
0.250000 0.250000 0.250000 0.250000 
  78
0.479817 0.009365 0.046210 
0.462778 0.980865 0.462022 
0.057405 0.009770 0.491768 
0.724704 0.227415 0.027356 0.020525 
0.250000 0.250000 0.250000 0.250000 
  79
0.479817 0.009365 0.046210 
0.462778 0.980865 0.462022 
0.057405 0.009770 0.491768 
0.938425 0.020525 0.020525 0.020525 
0.250000 0.250000 0.250000 0.250000 
  80
0.479817 0.009365 0.046210 
0.462778 0.980865 0.462022 
0.057405 0.009770 0.491768 
0.938425 0.020525 0.020525 0.020525 
0.250000 0.250000 0.250000 0.250000 
  81
0.479817 0.009365 0.046210 
0.462778 0.980865 0.462022 
0.057405 0.009770 0.491768 
0.020525 0.020525 0.804385 0.154565 
0.250000 0.250000 0.250000 0.250000 
  82
0.479817 0.009365 0.046210 
0.462778 0.980865 0.462022 
0.057405 0.009770 0.491768 
0.938425 0.020525 0.020525 0.020525 
0.250000 0.250000 0.250000 0.250000 
  83
0.479817 0.009365 0.046210 
0.462778 0.980865 0.462022 
0.057405 0.009770 0.491768 
0.938425 0.020525 0.020525 0.020525 
0.250000 0.250000 0.250000 0.250000 
  84
0.479817 0.009365 0.046210 
0.462778 0.980865 0.462022 
0.057405 0.009770 0.491768 
0.020525 0.020525 0.870940 0.088010 
0.250000 0.250000 0.250000 0.250000 
  85
0.479817 0.009365 0.046210 
0.462778 0.980865 0.462022 
0.057405 0.009770 0.491768 
0.020525 0.020525 0.020525 0.938425 
0.250000 0.250000 0.250000 0.250000 
  86
0.479817 0.009365 0.046210 
0.462778 0.980865 0.462022 
0.057405 0.009770 0.491768 
0.020525 0.020525 0.938425 0.020525 
0.250000 0.250000 0.250000 0.250000 
  87
0.479817 0.009365 0.046210 
0.462778 0.980865 0.462022 
0.057405 0.009770 0.491768 
0.300000 0.651096 0.020525 0.028378 
0.250000 0.250000 0.250000 0.250000 
  88
0.479817 0.009365 0.046210 
0.462778 0.980865 0.462022 
0.057405 0.009770 0.491768 
0.938425 0.020525 0.020525 0.020525 
0.250000 0.250000 0.250000 0.250000 
  89
0.479817 0.009365 0.046210 
0.462778 0.980865 0.462022 
0.057405 0.009770 0.491768 
0.020525 0.020525 0.938425 0.020525 
0.250000 0.250000 0.250000 0.250000 
  90
0.479817 0.009365 0.046210 
0.462778 0.980865 0.462022 
0.057405 0.009770 0.491768 
0.020525 0.020525 0.156921 0.802029 
0.250000 0.250000 0.250000 0.250000 
  91
0.479817 0.009365 0.046210 
0.462778 0.980865 0.462022 
0.057405 0.009770 0.491768 
0.020525 0.938425 0.020525 0.020525 
0.250000 0.250000 0.250000 0.250000 
  92
0.479817 0.009365 0.046210 
0.462778 0.980865 0.462022 
0.057405 0.009770 0.491768 
0.938425 0.020525 0.020525 0.020525 
0.250000 0.250000 0.250000 0.250000 
  93
0.479817 0.009365 0.046210 
0.462778 0.980865 0.462022 
0.057405 0.009770 0.491768 
0.486258 0.270303 0.020525 0.222915 
0.250000 0.250000 0.250000 0.250000 
  94
0.479817 0.009365 0.046210 
0.462778 0.980865 0.462022 
0.057405 0.009770 0.491768 
0.938425 0.020525 0.020525 0.020525 
0.250000 0.250000 0.250000 0.250000 
  95
0.479817 0.009365 0.046210 
0.462778 0.980865 0.462022 
0.057405 0.009770 0.491768 
0.020525 0.020525 0.928597 0.030353 
0.250000 0.250000 0.250000 0.250000 
  96
0.479817 0.009365 0.046210 
0.462778 0.980865 0.462022 
0.057405 0.009770 0.491768 
0.163071 0.786958 0.020525 0.029446 
0.250000 0.250000 0.250000 0.250000 
  97
0.479817 0.009365 0.046210 
0.462778 0.980865 0.462022 
0.057405 0.009770 0.491768 
0.020525 0.938425 0.020525 0.020525 
0.250000 0.250000 0.250000 0.250000 
  98
0.479817 0.009365 0.046210 
0.462778 0.980865 0.462022 
0.057405 0.009770 0.491768 
0.020525 0.020525 0.020525 0.938425 
0.250000 0.250000 0.250000 0.250000 
  99
0.479817 0.009365 0.046210 
0.462778 0.980865 0.462022 
0.057405 0.009770 0.491768 
0.733163 0.202164 0.044148 0.020525 
0.250000 0.250000 0.250000 0.250000 
 100
0.479817 0.009365 0.046210 
0.462778 0.980865 0.462022 
0.057405 0.009770 0.491768 
0.938425 0.020525 0.020525 0.020525 
0.250000 0.250000 0.250000 0.250000 
 101
0.479817 0.009365 0.046210 
0.462778 0.980865 0.462022 
0.057405 0.009770 0.491768 
0.938425 0.020525 0.020525 0.020525 
0.250000 0.250000 0.250000 0.250000 
 102
0.479817 0.009365 0.046210 
0.462778 0.980865 0.462022 
0.057405 0.009770 0.491768 
0.020525 0.020525 0.878056 0.080894 
0.250000 0.250000 0.250000 0.250000 
 103
0.479817 0.009365 0.046210 
0.462778 0.980865 0.462022 
0.057405 0.009770 0.491768 
0.938425 0.020525 0.020525 0.020525 
0.250000 0.250000 0.250000 0.250000 
 104
0.479817 0.009365 0.046210 
0.462778 0.980865 0.462022 
0.057405 0.009770 0.491768 
0.020525 0.020525 0.938425 0.020525 
0.250000 0.250000 0.250000 0.250000 
 105
0.479817 0.009365 0.046210 
0.462778 0.980865 0.462022 
0.057405 0.009770 0.491768 
0.910958 0.047992 0.020525 0.020525 
0.250000 0.250000 0.250000 0.250000 
 106
0.479817 0.009365 0.046210 
0.462778 0.980865 0.462022 
0.057405 0.009770 0.491768 
0.020525 0.020525 0.928934 0.030016 
0.250000 0.250000 0.250000 0.250000 
 107
0.479817 0.009365 0.046210 
0.462778 0.980865 0.462022 
0.057405 0.009770 0.491768 
0.020525 0.020525 0.020525 0.938425 
0.250000 0.250000 0.250000 0.250000 
 108
0.479817 0.009365 0.046210 
0.462778 0.980865 0.462022 
0.057405 0.009770 0.491768 
0.918829 0.040121 0.020525 0.020525 
0.250000 0.250000 0.250000 0.250000 
 109
0.479817 0.009365 0.046210 
0.462778 0.980865 0.462022 
0.057405 0.009770 0.491768 
0.938425 0.020525 0.020525 0.020525 
0.250000 0.250000 0.250000 0.250000 
 110
0.479817 0.009365 0.046210 
0.462778 0.980865 0.462022 
0.057405 0.009770 0.491768 
0.020525 0.027919 0.041999 0.909557 
0.250000 0.250000 0.250000 0.250000 
 111
0.479817 0.009365 0.046210 
0.462778 0.980865 0.462022 
0.057405 0.009770 0.491768 
0.020525 0.020525 0.054975 0.903975 
0.250000 0.250000 0.250000 0.250000 
 112
0.479817 0.009365 0.046210 
0.462778 0.980865 0.462022 
0.057405 0.009770 0.491768 
0.020525 0.938425 0.020525 0.020525 
0.250000 0.250000 0.250000 0.250000 
 113
0.479817 0.009365 0.046210 
0.462778 0.980865 0.462022 
0.057405 0.009770 0.491768 
0.938425 0.020525 0.020525 0.020525 
0.250000 0.250000 0.250000 0.250000 
 114
0.479817 0.009365 0.046210 
0.462778 0.980865 0.462022 
0.057405 0.009770 0.491768 
0.639628 0.319323 0.020525 0.020525 
0.250000 0.250000 0.250000 0.250000 
 115
0.479817 0.009365 0.046210 
0.462778 0.980865 0.462022 
0.057405 0.009770 0.491768 
0.020525 0.020525 0.938425 0.020525 
0.250000 0.250000 0.250000 0.250000 
 116
0.479817 0.009365 0.046210 
0.462778 0.980865 0.462022 
0.057405 0.009770 0.491768 
0.938425 0.020525 0.020525 0.020525 
0.250000 0.250000 0.250000 0.250000 
 117
0.479817 0.009365 0.046210 
0.462778 0.980865 0.462022 
0.057405 0.009770 0.491768 
0.716913 0.242037 0.020525 0.020525 
0.250000 0.250000 0.250000 0.250000 
 118
0.479817 0.009365 0.046210 
0.462778 0.980865 0.462022 
0.057405 0.009770 0.491768 
0.938425 0.020525 0.020525 0.020525 
0.250000 0.250000 0.250000 0.250000 
 119
0.479817 0.009365 0.046210 
0.462778 0.980865 0.462022 
0.057405 0.009770 0.491768 
0.938425 0.020525 0.020525 0.020525 
0.250000 0.250000 0.250000 0.250000 
 120
0.479817 0.009365 0.046210 
0.462778 0.980865 0.462022 
0.057405 0.009770 0.491768 
0.020525 0.020525 0.578852 0.380098 
0.250000 0.250000 0.250000 0.250000 
 121
0.479817 0.009365 0.046210 
0.462778 0.980865 0.462022 
0.057405 0.009770 0.491768 
0.036968 0.921983 0.020525 0.020525 
0.250000 0.250000 0.250000 0.250000 
 122
0.479817 0.009365 0.046210 
0.462778 0.980865 0.462022 
0.057405 0.009770 0.491768 
0.020525 0.020525 0.020525 0.938425 
0.250000 0.250000 0.250000 0.250000 
 123
0.479817 0.009365 0.046210 
0.462778 0.980865 0.462022 
0.057405 0.009770 0.491768 
0.020525 0.020525 0.184757 0.774193 
0.250000 0.250000 0.250000 0.250000 
 124
0.479817 0.009365 0.046210 
0.462778 0.980865 0.462022 
0.057405 0.009770 0.491768 
0.020525 0.020525 0.938425 0.020525 
0.250000 0.250000 0.250000 0.250000 
 125
0.479817 0.009365 0.046210 
0.462778 0.980865 0.462022 
0.057405 0.009770 0.491768 
0.020525 0.020525 0.938425 0.020525 
0.250000 0.250000 0.250000 0.250000 
 126
0.479817 0.009365 0.046210 
0.462778 0.980865 0.462022 
0.057405 0.009770 0.491768 
0.339481 0.595846 0.020525 0.044148 
0.250000 0.250000 0.250000 0.250000 
 127
0.479817 0.009365 0.046210 
0.462778 0.980865 0.462022 
0.057405 0.009770 0.491768 
0.020525 0.938425 0.020525 0.020525 
0.250000 0.250000 0.250000 0.250000 
 128
0.479817 0.009365 0.046210 
0.462778 0.980865 0.462022 
0.057405 0.009770 0.491768 
0.020525 0.020525 0.020525 0.938425 
0.250000 0.250000 0.250000 0.250000 
 129
0.479817 0.009365 0.046210 
0.462778 0.980865 0.462022 
0.057405 0.009770 0.491768 
0.033958 0.722602 0.222915 0.020525 
0.250000 0.250000 0.250000 0.250000 
 130
0.479817 0.009365 0.046210 
0.462778 0.980865 0.462022 
0.057405 0.009770 0.491768 
0.938425 0.020525 0.020525 0.020525 
0.250000 0.250000 0.250000 0.250000 
 131
0.479817 0.009365 0.046210 
0.462778 0.980865 0.462022 
0.057405 0.009770 0.491768 
0.020525 0.020525 0.938425 0.020525 
0.250000 0.250000 0.250000 0.250000 
 132
0.479817 0.009365 0.046210 
0.462778 0.980865 0.462022 
0.057405 0.009770 0.491768 
0.721138 0.035423 0.030297 0.213142 
0.250000 0.250000 0.250000 0.250000 
 133
0.479817 0.009365 0.046210 
0.462778 0.980865 0.462022 
0.057405 0.009770 0.491768 
0.020525 0.020525 0.938425 0.020525 
0.250000 0.250000 0.250000 0.250000 
 134
0.479817 0.009365 0.046210 
0.462778 0.980865 0.462022 
0.057405 0.009770 0.491768 
0.938425 0.020525 0.020525 0.020525 
0.250000 0.250000 0.250000 0.250000 
 135
0.479817 0.009365 0.046210 
0.462778 0.980865 0.462022 
0.057405 0.009770 0.491768 
0.614378 0.344572 0.020525 0.020525 
0.250000 0.250000 0.250000 0.250000 
 136
0.479817 0.009365 0.046210 
0.462778 0.980865 0.462022 
0.057405 0.009770 0.491768 
0.020525 0.938425 0.020525 0.020525 
0.250000 0.250000 0.250000 0.250000 
 137
0.479817 0.009365 0.046210 
0.462778 0.980865 0.462022 
0.057405 0.009770 0.491768 
0.020525 0.020525 0.020525 0.938425 
0.250000 0.250000 0.250000 0.250000 
 138
0.479817 0.009365 0.046210 
0.462778 0.980865 0.462022 
0.057405 0.009770 0.491768 
0.064004 0.894946 0.020525 0.020525 
0.250000 0.250000 0.250000 0.250000 
 139
0.479817 0.009365 0.046210 
0.462778 0.980865 0.462022 
0.057405 0.009770 0.491768 
0.020525 0.938425 0.020525 0.020525 
0.250000 0.250000 0.250000 0.250000 
 140
0.479817 0.009365 0.046210 
0.462778 0.980865 0.462022 
0.057405 0.009770 0.491768 
0.938425 0.020525 0.020525 0.020525 
0.250000 0.250000 0.250000 0.250000 
 141
0.479817 0.009365 0.046210 
0.462778 0.980865 0.462022 
0.057405 0.009770 0.491768 
0.831104 0.127846 0.020525 0.020525 
0.250000 0.250000 0.250000 0.250000 
 142
0.479817 0.009365 0.046210 
0.462778 0.980865 0.462022 
0.057405 0.009770 0.491768 
0.020525 0.938425 0.020525 0.020525 
0.250000 0.250000 0.250000 0.250000 
 143
0.479817 0.009365 0.046210 
0.462778 0.980865 0.462022 
0.057405 0.009770 0.491768 
0.938425 0.020525 0.020525 0.020525 
0.250000 0.250000 0.250000 0.250000 
 144
0.479817 0.009365 0.046210 
0.462778 0.980865 0.462022 
0.057405 0.009770 0.491768 
0.747150 0.211800 0.020525 0.020525 
0.250000 0.250000 0.250000 0.250000 
 145
0.479817 0.009365 0.046210 
0.462778 0.980865 0.462022 
0.057405 0.009770 0.491768 
0.020525 0.020525 0.938425 0.020525 
0.250000 0.250000 0.250000 0.250000 
 146
0.479817 0.009365 0.046210 
0.462778 0.980865 0.462022 
0.057405 0.009770 0.491768 
0.020525 0.020525 0.020525 0.938425 
0.250000 0.250000 0.250000 0.250000 
 147
0.479817 0.009365 0.046210 
0.462778 0.980865 0.462022 
0.057405 0.009770 0.491768 
0.020525 0.020525 0.820288 0.138663 
0.250000 0.250000 0.250000 0.250000 
 148
0.479817 0.009365 0.046210 
0.462778 0.980865 0.462022 
0.057405 0.009770 0.491768 
0.020525 0.938425 0.020525 0.020525 
0.250000 0.250000 0.250000 0.250000 
 149
0.479817 0.009365 0.046210 
0.462778 0.980865 0.462022 
0.057405 0.009770 0.491768 
0.020525 0.020525 0.020525 0.938425 
0.250000 0.250000 0.250000 0.250000 
 150
0.479817 0.009365 0.046210 
0.462778 0.980865 0.462022 
0.057405 0.009770 0.491768 
0.157648 0.793726 0.020525 0.028101 
0.250000 0.250000 0.250000 0.250000 
 151
0.479817 0.009365 0.046210 
0.462778 0.980865 0.462022 
0.057405 0.009770 0.491768 
0.020525 0.020525 0.938425 0.020525 
0.250000 0.250000 0.250000 0.250000 
 152
0.479817 0.009365 0.046210 
0.462778 0.980865 0.462022 
0.057405 0.009770 0.491768 
0.938425 0.020525 0.020525 0.020525 
0.250000 0.250000 0.250000 0.250000 
 153
0.479817 0.009365 0.046210 
0.462778 0.980865 0.462022 
0.057405 0.009770 0.491768 
0.020525 0.020525 0.035941 0.923010 
0.250000 0.250000 0.250000 0.250000 
 154
0.479817 0.009365 0.046210 
0.462778 0.980865 0.462022 
0.057405 0.009770 0.491768 
0.051565 0.907385 0.020525 0.020525 
0.250000 0.250000 0.250000 0.250000 
 155
0.479817 0.009365 0.046210 
0.462778 0.980865 0.462022 
0.057405 0.009770 0.491768 
0.044148 0.914802 0.020525 0.020525 
0.250000 0.250000 0.250000 0.250000 
 156
0.479817 0.009365 0.046210 
0.462778 0.980865 0.462022 
0.057405 0.009770 0.491768 
0.027054 0.020525 0.427765 0.524656 
0.250000 0.250000 0.250000 0.250000 
 157
0.479817 0.009365 0.046210 
0.462778 0.980865 0.462022 
0.057405 0.009770 0.491768 
0.020525 0.736035 0.222915 0.020525 
0.250000 0.250000 0.250000 0.250000 
 158
0.479817 0.009365 0.046210 
0.462778 0.980865 0.462022 
0.057405 0.009770 0.491768 
0.255962 0.702988 0.020525 0.020525 
0.250000 0.250000 0.250000 0.250000 
 159
0.479817 0.009365 0.046210 
0.462778 0.980865 0.462022 
0.057405 0.009770 0.491768 
0.381297 0.577653 0.020525 0.020525 
0.250000 0.250000 0.250000 0.250000 
 160
0.479817 0.009365 0.046210 
0.462778 0.980865 0.462022 
0.057405 0.009770 0.491768 
0.663327 0.295623 0.020525 0.020525 
0.250000 0.250000 0.250000 0.250000 
 161
0.479817 0.009365 0.046210 
0.462778 0.980865 0.462022 
0.057405 0.009770 0.491768 
0.020525 0.020525 0.020525 0.938425 
0.250000 0.250000 0.250000 0.250000 
 162
0.479817 0.009365 0.046210 
0.462778 0.980865 0.462022 
0.057405 0.009770 0.491768 
0.064465 0.020525 0.454002 0.461008 
0.250000 0.250000 0.250000 0.250000 
 163
0.479817 0.009365 0.046210 
0.462778 0.980865 0.462022 
0.057405 0.009770 0.491768 
0.244491 0.714460 0.020525 0.020525 
0.250000 0.250000 0.250000 0.250000 
 164
0.479817 0.009365 0.046210 
0.462778 0.980865 0.462022 
0.057405 0.009770 0.491768 
0.938425 0.020525 0.020525 0.020525 
0.250000 0.250000 0.250000 0.250000 
 165
0.479817 0.009365 0.046210 
0.462778 0.980865 0.462022 
0.057405 0.009770 0.491768 
0.020525 0.020525 0.133767 0.825183 
0.250000 0.250000 0.250000 0.250000 
 166
0.479817 0.009365 0.046210 
0.462778 0.980865 0.462022 
0.057405 0.009770 0.491768 
0.020525 0.020525 0.938425 0.020525 
0.250000 0.250000 0.250000 0.250000 
 167
0.479817 0.009365 0.046210 
0.462778 0.980865 0.462022 
0.057405 0.009770 0.491768 
0.020525 0.020525 0.938425 0.020525 
0.250000 0.250000 0.250000 0.250000 
 168
0.479817 0.009365 0.046210 
0.462778 0.980865 0.462022 
0.057405 0.009770 0.491768 
0.188247 0.770704 0.020525 0.020525 
0.250000 0.250000 0.250000 0.250000 
 169
0.479817 0.009365 0.046210 
0.462778 0.980865 0.462022 
0.057405 0.009770 0.491768 
0.686544 0.272406 0.020525 0.020525 
0.250000 0.250000 0.250000 0.250000 
 170
0.479817 0.009365 0.046210 
0.462778 0.980865 0.462022 
0.057405 0.009770 0.491768 
0.020525 0.020525 0.020525 0.938425 
0.250000 0.250000 0.250000 0.250000 
 171
0.479817 0.009365 0.046210 
0.462778 0.980865 0.462022 
0.057405 0.009770 0.491768 
0.053499 0.020525 0.818749 0.107227 
0.250000 0.250000 0.250000 0.250000 
 172
0.479817 0.009365 0.046210 
0.462778 0.980865 0.462022 
0.057405 0.009770 0.491768 
0.020525 0.020525 0.907385 0.051565 
0.250000 0.250000 0.250000 0.250000 
 173
0.479817 0.009365 0.046210 
0.462778 0.980865 0.462022 
0.057405 0.009770 0.491768 
0.020525 0.020525 0.020525 0.938425 
0.250000 0.250000 0.250000 0.250000 
 174
0.479817 0.009365 0.046210 
0.462778 0.980865 0.462022 
0.057405 0.009770 0.491768 
0.778897 0.180053 0.020525 0.020525 
0.250000 0.250000 0.250000 0.250000 
 175
0.479817 0.009365 0.046210 
0.462778 0.980865 0.462022 
0.057405 0.009770 0.491768 
0.020525 0.020525 0.020525 0.938425 
0.250000 0.250000 0.250000 0.250000 
 176
0.479817 0.009365 0.046210 
0.462778 0.980865 0.462022 
0.057405 0.009770 0.491768 
0.020525 0.938425 0.020525 0.020525 
0.250000 0.250000 0.250000 0.250000 
 177
0.479817 0.009365 0.046210 
0.462778 0.980865 0.462022 
0.057405 0.009770 0.491768 
0.020525 0.020525 0.204357 0.754593 
0.250000 0.250000 0.250000 0.250000 
 178
0.479817 0.009365 0.046210 
0.462778 0.980865 0.462022 
0.057405 0.009770 0.491768 
0.216581 0.742370 0.020525 0.020525 
0.250000 0.250000 0.250000 0.250000 
 179
0.479817 0.009365 0.046210 
0.462778 0.980865 0.462022 
0.057405 0.009770 0.491768 
0.101969 0.856981 0.020525 0.020525 
0.250000 0.250000 0.250000 0.250000 
 180
0.479817 0.009365 0.046210 
0.462778 0.980865 0.462022 
0.057405 0.009770 0.491768 
0.758370 0.053070 0.104907 0.083654 
0.250000 0.250000 0.250000 0.250000 
 181
0.479817 0.009365 0.046210 
0.462778 0.980865 0.462022 
0.057405 0.009770 0.491768 
0.938425 0.020525 0.020525 0.020525 
0.250000 0.250000 0.250000 0.250000 
 182
0.479817 0.009365 0.046210 
0.462778 0.980865 0.462022 
0.057405 0.009770 0.491768 
0.020525 0.020525 0.938425 0.020525 
0.250000 0.250000 0.250000 0.250000 
 183
0.479817 0.009365 0.046210 
0.462778 0.980865 0.462022 
0.057405 0.009770 0.491768 
0.294409 0.598845 0.020525 0.086222 
0.250000 0.250000 0.250000 0.250000 
 184
0.479817 0.009365 0.046210 
0.462778 0.980865 0.462022 
0.057405 0.009770 0.491768 
0.026967 0.931983 0.020525 0.020525 
0.250000 0.250000 0.250000 0.250000 
 185
0.479817 0.009365 0.046210 
0.462778 0.980865 0.462022 
0.057405 0.009770 0.491768 
0.938425 0.020525 0.020525 0.020525 
0.250000 0.250000 0.250000 0.250000 
 186
0.479817 0.009365 0.046210 
0.462778 0.980865 0.462022 
0.057405 0.009770 0.491768 
0.793716 0.165235 0.020525 0.020525 
0.250000 0.250000 0.250000 0.250000 
 187
0.479817 0.009365 0.046210 
0.462778 0.980865 0.462022 
0.057405 0.009770 0.491768 
0.020525 0.020525 0.642058 0.316892 
0.250000 0.250000 0.250000 0.250000 
 188
0.479817 0.009365 0.046210 
0.462778 0.980865 0.462022 
0.057405 0.009770 0.491768 
0.020525 0.020525 0.020525 0.938425 
0.250000 0.250000 0.250000 0.250000 
 189
0.479817 0.009365 0.046210 
0.462778 0.980865 0.462022 
0.057405 0.009770 0.491768 
0.747150 0.211800 0.020525 0.020525 
0.250000 0.250000 0.250000 0.250000 
 190
0.479817 0.009365 0.046210 
0.462778 0.980865 0.462022 
0.057405 0.009770 0.491768 
0.020525 0.938425 0.020525 0.020525 
0.250000 0.250000 0.250000 0.250000 
 191
0.479817 0.009365 0.046210 
0.462778 0.980865 0.462022 
0.057405 0.009770 0.491768 
0.020525 0.938425 0.020525 0.020525 
0.250000 0.250000 0.250000 0.250000 
 192
0.479817 0.009365 0.046210 
0.462778 0.980865 0.462022 
0.057405 0.009770 0.491768 
0.657277 0.301674 0.020525 0.020525 
0.250000 0.250000 0.250000 0.250000 
 193
0.479817 0.009365 0.046210 
0.462778 0.980865 0.462022 
0.057405 0.009770 0.491768 
0.020525 0.041074 0.040921 0.897480 
0.250000 0.250000 0.250000 0.250000 
 194
0.479817 0.009365 0.046210 
0.462778 0.980865 0.462022 
0.057405 0.009770 0.491768 
0.020525 0.020525 0.938425 0.020525 
0.250000 0.250000 0.250000 0.250000 
 195
0.479817 0.009365 0.046210 
0.462778 0.980865 0.462022 
0.057405 0.009770 0.491768 
0.938425 0.020525 0.020525 0.020525 
0.250000 0.250000 0.250000 0.250000 
 196
0.479817 0.009365 0.046210 
0.462778 0.980865 0.462022 
0.057405 0.009770 0.491768 
0.020525 0.020525 0.938425 0.020525 
0.250000 0.250000 0.250000 0.250000 
 197
0.479817 0.009365 0.046210 
0.462778 0.980865 0.462022 
0.057405 0.009770 0.491768 
0.020525 0.020525 0.938425 0.020525 
0.250000 0.250000 0.250000 0.250000 
 198
0.479817 0.009365 0.046210 
0.462778 0.980865 0.462022 
0.057405 0.009770 0.491768 
0.787695 0.034858 0.156921 0.020525 
0.250000 0.250000 0.250000 0.250000 
 199
0.479817 0.009365 0.046210 
0.462778 0.980865 0.462022 
0.057405 0.009770 0.491768 
0.020525 0.020525 0.780372 0.178578 
0.250000 0.250000 0.250000 0.250000 
 200
0.479817 0.009365 0.046210 
0.462778 0.980865 0.462022 
0.057405 0.009770 0.491768 
0.020525 0.020525 0.020525 0.938425 
0.250000 0.250000 0.250000 0.250000 
 201
0.479817 0.009365 0.046210 
0.462778 0.980865 0.462022 
0.057405 0.009770 0.491768 
0.914802 0.020525 0.020525 0.044148 
0.250000 0.250000 0.250000 0.250000 
 202
0.479817 0.009365 0.046210 
0.462778 0.980865 0.462022 
0.057405 0.009770 0.491768 
0.020525 0.938425 0.020525 0.020525 
0.250000 0.250000 0.250000 0.250000 
 203
0.479817 0.009365 0.046210 
0.462778 0.980865 0.462022 
0.057405 0.009770 0.491768 
0.020525 0.020525 0.020525 0.938425 
0.250000 0.250000 0.250000 0.250000 
 204
0.479817 0.009365 0.046210 
0.462778 0.980865 0.462022 
0.057405 0.009770 0.491768 
0.038073 0.920877 0.020525 0.020525 
0.250000 0.250000 0.250000 0.250000 
 205
0.479817 0.009365 0.046210 
0.462778 0.980865 0.462022 
0.057405 0.009770 0.491768 
0.020525 0.020525 0.938425 0.020525 
0.250000 0.250000 0.250000 0.250000 
 206
0.479817 0.009365 0.046210 
0.462778 0.980865 0.462022 
0.057405 0.009770 0.491768 
0.020525 0.020525 0.020525 0.938425 
0.250000 0.250000 0.250000 0.250000 
 207
0.479817 0.009365 0.046210 
0.462778 0.980865 0.462022 
0.057405 0.009770 0.491768 
0.029152 0.020525 0.287081 0.663242 
0.250000 0.250000 0.250000 0.250000 
 208
0.479817 0.009365 0.046210 
0.462778 0.980865 0.462022 
0.057405 0.009770 0.491768 
0.029875 0.929075 0.020525 0.020525 
0.250000 0.250000 0.250000 0.250000 
 209
0.479817 0.009365 0.046210 
0.462778 0.980865 0.462022 
0.057405 0.009770 0.491768 
0.938425 0.020525 0.020525 0.020525 
0.250000 0.250000 0.250000 0.250000 
 210
0.479817 0.009365 0.046210 
0.462778 0.980865 0.462022 
0.057405 0.009770 0.491768 
0.020525 0.020525 0.225630 0.733320 
0.250000 0.250000 0.250000 0.250000 
 211
0.479817 0.009365 0.046210 
0.462778 0.980865 0.462022 
0.057405 0.009770 0.491768 
0.020525 0.938425 0.020525 0.020525 
0.250000 0.250000 0.250000 0.250000 
 212
0.479817 0.009365 0.046210 
0.462778 0.980865 0.462022 
0.057405 0.009770 0.491768 
0.938425 0.020525 0.020525 0.020525 
0.250000 0.250000 0.250000 0.250000 
 213
0.479817 0.009365 0.046210 
0.462778 0.980865 0.462022 
0.057405 0.009770 0.491768 
0.020525 0.020525 0.695678 0.263272 
0.250000 0.250000 0.250000 0.250000 
 214
0.479817 0.009365 0.046210 
0.462778 0.980865 0.462022 
0.057405 0.009770 0.491768 
0.020525 0.020525 0.020525 0.938425 
0.250000 0.250000 0.250000 0.250000 
 215
0.479817 0.009365 0.046210 
0.462778 0.980865 0.462022 
0.057405 0.009770 0.491768 
0.020525 0.938425 0.020525 0.020525 
0.250000 0.250000 0.250000 0.250000 
 216
0.479817 0.009365 0.046210 
0.462778 0.980865 0.462022 
0.057405 0.009770 0.491768 
0.020525 0.020525 0.168742 0.790208 
0.250000 0.250000 0.250000 0.250000 
 217
0.479817 0.009365 0.046210 
0.462778 0.980865 0.462022 
0.057405 0.009770 0.491768 
0.020525 0.020525 0.020525 0.938425 
0.250000 0.250000 0.250000 0.250000 
 218
0.479817 0.009365 0.046210 
0.462778 0.980865 0.462022 
0.057405 0.009770 0.491768 
0.020525 0.020525 0.938425 0.020525 
0.250000 0.250000 0.250000 0.250000 
 219
0.479817 0.009365 0.046210 
0.462778 0.980865 0.462022 
0.057405 0.009770 0.491768 
0.715533 0.041028 0.030338 0.213102 
0.250000 0.250000 0.250000 0.250000 
 220
0.479817 0.009365 0.046210 
0.462778 0.980865 0.462022 
0.057405 0.009770 0.491768 
0.020525 0.020525 0.438745 0.520206 
0.250000 0.250000 0.250000 0.250000 
 221
0.479817 0.009365 0.046210 
0.462778 0.980865 0.462022 
0.057405 0.009770 0.491768 
0.020525 0.020525 0.020525 0.938425 
0.250000 0.250000 0.250000 0.250000 
 222
0.479817 0.009365 0.046210 
0.462778 0.980865 0.462022 
0.057405 0.009770 0.491768 
0.670620 0.246538 0.062317 0.020525 
0.250000 0.250000 0.250000 0.250000 
 223
0.479817 0.009365 0.046210 
0.462778 0.980865 0.462022 
0.057405 0.009770 0.491768 
0.020525 0.938425 0.020525 0.020525 
0.250000 0.250000 0.250000 0.250000 
 224
0.479817 0.009365 0.046210 
0.462778 0.980865 0.462022 
0.057405 0.009770 0.491768 
0.938425 0.020525 0.020525 0.020525 
0.250000 0.250000 0.250000 0.250000 
 225
0.479817 0.009365 0.046210 
0.462778 0.980865 0.462022 
0.057405 0.009770 0.491768 
0.303955 0.654995 0.020525 0.020525 
0.250000 0.250000 0.250000 0.250000 
 226
0.479817 0.009365 0.046210 
0.462778 0.980865 0.462022 
0.057405 0.009770 0.491768 
0.020525 0.938425 0.020525 0.020525 
0.250000 0.250000 0.250000 0.250000 
 227
0.479817 0.009365 0.046210 
0.462778 0.980865 0.462022 
0.057405 0.009770 0.491768 
0.020525 0.938425 0.020525 0.020525 
0.250000 0.250000 0.250000 0.250000 
 228
0.479817 0.009365 0.046210 
0.462778 0.980865 0.462022 
0.057405 0.009770 0.491768 
0.020525 0.020525 0.205622 0.753328 
0.250000 0.250000 0.250000 0.250000 
 229
0.479817 0.009365 0.046210 
0.462778 0.980865 0.462022 
0.057405 0.009770 0.491768 
0.033824 0.020525 0.713313 0.232338 
0.250000 0.250000 0.250000 0.250000 
 230
0.479817 0.009365 0.046210 
0.462778 0.980865 0.462022 
0.057405 0.009770 0.491768 
0.020525 0.020525 0.020525 0.938425 
0.250000 0.250000 0.250000 0.250000 
 231
0.479817 0.009365 0.046210 
0.462778 0.980865 0.462022 
0.057405 0.009770 0.491768 
0.480677 0.244664 0.254134 0.020525 
0.250000 0.250000 0.250000 0.250000 
 232
0.479817 0.009365 0.046210 
0.462778 0.980865 0.462022 
0.057405 0.009770 0.491768 
0.929342 0.029608 0.020525 0.020525 
0.250000 0.250000 0.250000 0.250000 
 233
0.479817 0.009365 0.046210 
0.462778 0.980865 0.462022 
0.057405 0.009770 0.491768 
0.020525 0.020525 0.020525 0.938425 
0.250000 0.250000 0.250000 0.250000 
 234
0.479817 0.009365 0.046210 
0.462778 0.980865 0.462022 
0.057405 0.009770 0.491768 
0.020525 0.020525 0.493108 0.465843 
0.250000 0.250000 0.250000 0.250000 
 235
0.479817 0.009365 0.046210 
0.462778 0.980865 0.462022 
0.057405 0.009770 0.491768 
0.020525 0.020525 0.938425 0.020525 
0.250000 0.250000 0.250000 0.250000 
