%  SAM: /scicomp/home/vfn4/Tools/LABEL_RES/scripts/modelfromalign v3.5 (July 15, 2005) compiled 12/08/06_16:15:55
%  (c) 1992-2001 Regents of the University of California, Santa Cruz
%
%          Sequence Alignment and Modeling Software System
%         http://www.cse.ucsc.edu/research/compbio/sam.html
%
% ----------------- Citations (SAM, SAM-T2K, HMMs) --------------------
% R. Hughey, A. Krogh, Hidden Markov models for sequence analysis:
%  Extension and analysis of the basic method, CABIOS 12:95-107, 1996.
% K. Karplus, et al., What is the value added by human intervention in protein
%  structure prediction, Proteins: Stucture, Function, Genetics 45(S5):86--91, 2001.
% A. Krogh et al., Hidden Markov models in computational biology:
%  Applications to protein modeling, JMB 235:1501-1531, Feb 1994.
% ---------------------------------------------------------------------
%  A_HA_H11_hmm   Host: login.aspen.biotech.cdc.gov    Mon Aug 25 11:52:47 2014
%  vfn4           Dir:  /scicomp/home/vfn4/IRMA/train3/HA
% ---------------------------------------------------------------------
%  Alignment weights from internal calc.  Total (19.85) Max (0.13) Min (0.04)
%  Weights from alignment method 1 (karplus), b=-1.000000, e=0.500000
MODEL --  Model from alignment file /scicomp/home/vfn4/Tools/LABEL_RES/training_data/irmaHA/A_HA_H11.fasta
alphabet DNA
FREQAVE
0.000000 0.000000 0.000000 
0.000000 0.000000 0.000000 
0.000000 0.000000 0.000000 
0.328831 0.237142 0.182542 0.251485 
0.328831 0.237142 0.182542 0.251485 
Begin
0.000000 0.000000 0.000000 
0.000000 0.000000 0.000000 
0.000000 0.007410 0.491768 
0.250000 0.250000 0.250000 0.250000 
0.250000 0.250000 0.250000 0.250000 
   1
0.000000 0.068539 0.046210 
0.000000 0.924050 0.462022 
0.036782 0.007895 0.491768 
0.959773 0.013409 0.013409 0.013409 
0.250000 0.250000 0.250000 0.250000 
   2
0.666698 0.007568 0.046210 
0.296521 0.984537 0.462022 
0.036782 0.007895 0.491768 
0.020585 0.013409 0.013409 0.952597 
0.250000 0.250000 0.250000 0.250000 
   3
0.666698 0.007568 0.046210 
0.296521 0.984537 0.462022 
0.036782 0.007895 0.491768 
0.020585 0.952597 0.013409 0.013409 
0.250000 0.250000 0.250000 0.250000 
   4
0.666698 0.007568 0.046210 
0.296521 0.984537 0.462022 
0.036782 0.007895 0.491768 
0.933824 0.039358 0.013409 0.013409 
0.250000 0.250000 0.250000 0.250000 
   5
0.666698 0.007568 0.046210 
0.296521 0.984537 0.462022 
0.036782 0.007895 0.491768 
0.952597 0.013409 0.020585 0.013409 
0.250000 0.250000 0.250000 0.250000 
   6
0.666698 0.007568 0.046210 
0.296521 0.984537 0.462022 
0.036782 0.007895 0.491768 
0.013409 0.952597 0.020585 0.013409 
0.250000 0.250000 0.250000 0.250000 
   7
0.648904 0.007568 0.046210 
0.314314 0.984537 0.462022 
0.037448 0.007870 0.491768 
0.945678 0.027661 0.013331 0.013331 
0.250000 0.250000 0.250000 0.250000 
   8
0.660660 0.007544 0.046210 
0.301892 0.984586 0.462022 
0.037448 0.007870 0.491768 
0.951877 0.013331 0.021462 0.013331 
0.250000 0.250000 0.250000 0.250000 
   9
0.643519 0.007544 0.046210 
0.319032 0.984586 0.462022 
0.038101 0.007846 0.491768 
0.945507 0.020882 0.020353 0.013258 
0.250000 0.250000 0.250000 0.250000 
  10
0.581740 0.007521 0.046210 
0.380159 0.984634 0.462022 
0.041102 0.007747 0.491768 
0.559117 0.382464 0.043286 0.015133 
0.250000 0.250000 0.250000 0.250000 
  11
0.619635 0.007426 0.046210 
0.339264 0.984827 0.462022 
0.041430 0.007737 0.491768 
0.012931 0.019852 0.451105 0.516112 
0.250000 0.250000 0.250000 0.250000 
  12
0.596350 0.007417 0.046210 
0.362220 0.984846 0.462022 
0.042633 0.007703 0.491768 
0.954647 0.012829 0.019695 0.012829 
0.250000 0.250000 0.250000 0.250000 
  13
0.579874 0.007383 0.046210 
0.377493 0.984914 0.462022 
0.044125 0.007663 0.491768 
0.095660 0.012712 0.818479 0.073148 
0.250000 0.250000 0.250000 0.250000 
  14
0.589888 0.007345 0.046210 
0.365987 0.984992 0.462022 
0.044583 0.007651 0.491768 
0.012765 0.012765 0.012765 0.961704 
0.250000 0.250000 0.250000 0.250000 
  15
0.596010 0.007334 0.046210 
0.359408 0.985014 0.462022 
0.044583 0.007651 0.491768 
0.030513 0.889851 0.066957 0.012679 
0.250000 0.250000 0.250000 0.250000 
  16
0.596010 0.007334 0.046210 
0.359408 0.985014 0.462022 
0.044583 0.007651 0.491768 
0.018306 0.012679 0.950765 0.018251 
0.250000 0.250000 0.250000 0.250000 
  17
0.567975 0.007334 0.046210 
0.387442 0.985014 0.462022 
0.045869 0.007620 0.491768 
0.012588 0.012588 0.012588 0.962236 
0.250000 0.250000 0.250000 0.250000 
  18
0.493670 0.007304 0.046210 
0.460461 0.985075 0.462022 
0.050443 0.007524 0.491768 
0.313967 0.012311 0.600840 0.072882 
0.250000 0.250000 0.250000 0.250000 
  19
0.532010 0.007212 0.046210 
0.417547 0.985264 0.462022 
0.050999 0.007514 0.491768 
0.012282 0.012282 0.479207 0.496230 
0.250000 0.250000 0.250000 0.250000 
  20
0.522029 0.007202 0.046210 
0.426973 0.985284 0.462022 
0.051820 0.007499 0.491768 
0.012240 0.012240 0.012240 0.963281 
0.250000 0.250000 0.250000 0.250000 
  21
0.530431 0.007188 0.046210 
0.417749 0.985313 0.462022 
0.051820 0.007499 0.491768 
0.012240 0.015223 0.016931 0.955606 
0.250000 0.250000 0.250000 0.250000 
  22
0.530431 0.007188 0.046210 
0.417749 0.985313 0.462022 
0.051820 0.007499 0.491768 
0.012240 0.963281 0.012240 0.012240 
0.250000 0.250000 0.250000 0.250000 
  23
0.530431 0.007188 0.046210 
0.417749 0.985313 0.462022 
0.051820 0.007499 0.491768 
0.012240 0.012240 0.963281 0.012240 
0.250000 0.250000 0.250000 0.250000 
  24
0.530431 0.007188 0.046210 
0.417749 0.985313 0.462022 
0.051820 0.007499 0.491768 
0.955786 0.019735 0.012240 0.012240 
0.250000 0.250000 0.250000 0.250000 
  25
0.530431 0.008325 0.046210 
0.417749 0.984176 0.462022 
0.051344 0.007507 0.491768 
0.141245 0.831464 0.012264 0.015027 
0.250000 0.250000 0.250000 0.250000 
  26
0.501535 0.007196 0.046210 
0.447121 0.985296 0.462022 
0.053108 0.007477 0.491768 
0.012177 0.012177 0.963470 0.012177 
0.250000 0.250000 0.250000 0.250000 
  27
0.506949 0.007167 0.046210 
0.439943 0.985357 0.462022 
0.053742 0.007466 0.491768 
0.637160 0.030975 0.012147 0.319718 
0.250000 0.250000 0.250000 0.250000 
  28
0.481858 0.007157 0.046210 
0.464400 0.985377 0.462022 
0.055470 0.007439 0.491768 
0.893048 0.079316 0.015566 0.012070 
0.250000 0.250000 0.250000 0.250000 
  29
0.497350 0.007130 0.046210 
0.447179 0.985431 0.462022 
0.055470 0.007439 0.491768 
0.012070 0.012070 0.075667 0.900192 
0.250000 0.250000 0.250000 0.250000 
  30
0.497350 0.007130 0.046210 
0.447179 0.985431 0.462022 
0.055470 0.007439 0.491768 
0.012070 0.012070 0.711677 0.264183 
0.250000 0.250000 0.250000 0.250000 
  31
0.497350 0.007130 0.046210 
0.447179 0.985431 0.462022 
0.055470 0.007439 0.491768 
0.712222 0.012070 0.043217 0.232491 
0.250000 0.250000 0.250000 0.250000 
  32
0.497350 0.007130 0.046210 
0.447179 0.985431 0.462022 
0.055470 0.007439 0.491768 
0.012070 0.012070 0.014826 0.961033 
0.250000 0.250000 0.250000 0.250000 
  33
0.497350 0.007130 0.046210 
0.447179 0.985431 0.462022 
0.055470 0.007439 0.491768 
0.012070 0.012070 0.934464 0.041395 
0.250000 0.250000 0.250000 0.250000 
  34
0.497350 0.007130 0.046210 
0.447179 0.985431 0.462022 
0.055470 0.007439 0.491768 
0.655401 0.015012 0.302134 0.027453 
0.250000 0.250000 0.250000 0.250000 
  35
0.497350 0.007130 0.046210 
0.447179 0.985431 0.462022 
0.055470 0.007439 0.491768 
0.014431 0.015937 0.060740 0.908892 
0.250000 0.250000 0.250000 0.250000 
  36
0.497350 0.007130 0.046210 
0.447179 0.985431 0.462022 
0.055470 0.007439 0.491768 
0.032552 0.012070 0.635226 0.320152 
0.250000 0.250000 0.250000 0.250000 
  37
0.497350 0.007130 0.046210 
0.447179 0.985431 0.462022 
0.055470 0.007439 0.491768 
0.012070 0.012070 0.024727 0.951132 
0.250000 0.250000 0.250000 0.250000 
  38
0.497350 0.007130 0.046210 
0.447179 0.985431 0.462022 
0.055470 0.007439 0.491768 
0.174759 0.772858 0.040312 0.012070 
0.250000 0.250000 0.250000 0.250000 
  39
0.497350 0.007130 0.046210 
0.447179 0.985431 0.462022 
0.055470 0.007439 0.491768 
0.012070 0.012070 0.697754 0.278106 
0.250000 0.250000 0.250000 0.250000 
  40
0.497350 0.007130 0.046210 
0.447179 0.985431 0.462022 
0.055470 0.007439 0.491768 
0.679507 0.296352 0.012070 0.012070 
0.250000 0.250000 0.250000 0.250000 
  41
0.497350 0.007130 0.046210 
0.447179 0.985431 0.462022 
0.055470 0.007439 0.491768 
0.012070 0.012070 0.062299 0.913561 
0.250000 0.250000 0.250000 0.250000 
  42
0.497350 0.007130 0.046210 
0.447179 0.985431 0.462022 
0.055470 0.007439 0.491768 
0.184429 0.141360 0.341009 0.333202 
0.250000 0.250000 0.250000 0.250000 
  43
0.497350 0.007130 0.046210 
0.447179 0.985431 0.462022 
0.055470 0.007439 0.491768 
0.265238 0.073941 0.648751 0.012070 
0.250000 0.250000 0.250000 0.250000 
  44
0.497350 0.007130 0.046210 
0.447179 0.985431 0.462022 
0.055470 0.007439 0.491768 
0.897288 0.078572 0.012070 0.012070 
0.250000 0.250000 0.250000 0.250000 
  45
0.497350 0.007130 0.046210 
0.447179 0.985431 0.462022 
0.055470 0.007439 0.491768 
0.752778 0.223082 0.012070 0.012070 
0.250000 0.250000 0.250000 0.250000 
  46
0.497350 0.007130 0.046210 
0.447179 0.985431 0.462022 
0.055470 0.007439 0.491768 
0.012070 0.963790 0.012070 0.012070 
0.250000 0.250000 0.250000 0.250000 
  47
0.497350 0.007130 0.046210 
0.447179 0.985431 0.462022 
0.055470 0.007439 0.491768 
0.012070 0.012070 0.963790 0.012070 
0.250000 0.250000 0.250000 0.250000 
  48
0.497350 0.007130 0.046210 
0.447179 0.985431 0.462022 
0.055470 0.007439 0.491768 
0.947046 0.028813 0.012070 0.012070 
0.250000 0.250000 0.250000 0.250000 
  49
0.486049 0.007130 0.046210 
0.458481 0.985431 0.462022 
0.056104 0.007429 0.491768 
0.012043 0.963870 0.012043 0.012043 
0.250000 0.250000 0.250000 0.250000 
  50
0.491605 0.007121 0.046210 
0.452291 0.985450 0.462022 
0.056104 0.007429 0.491768 
0.963870 0.012043 0.012043 0.012043 
0.250000 0.250000 0.250000 0.250000 
  51
0.491605 0.007121 0.046210 
0.452291 0.985450 0.462022 
0.056104 0.007429 0.491768 
0.012043 0.012043 0.573996 0.401917 
0.250000 0.250000 0.250000 0.250000 
  52
0.491605 0.007121 0.046210 
0.452291 0.985450 0.462022 
0.056104 0.007429 0.491768 
0.016544 0.959369 0.012043 0.012043 
0.250000 0.250000 0.250000 0.250000 
  53
0.491605 0.007121 0.046210 
0.452291 0.985450 0.462022 
0.056104 0.007429 0.491768 
0.963870 0.012043 0.012043 0.012043 
0.250000 0.250000 0.250000 0.250000 
  54
0.491605 0.007121 0.046210 
0.452291 0.985450 0.462022 
0.056104 0.007429 0.491768 
0.370098 0.603268 0.012043 0.014591 
0.250000 0.250000 0.250000 0.250000 
  55
0.491605 0.007121 0.046210 
0.452291 0.985450 0.462022 
0.056104 0.007429 0.491768 
0.963870 0.012043 0.012043 0.012043 
0.250000 0.250000 0.250000 0.250000 
  56
0.491605 0.007121 0.046210 
0.452291 0.985450 0.462022 
0.056104 0.007429 0.491768 
0.012043 0.012043 0.012043 0.963870 
0.250000 0.250000 0.250000 0.250000 
  57
0.491605 0.007121 0.046210 
0.452291 0.985450 0.462022 
0.056104 0.007429 0.491768 
0.012043 0.012043 0.936430 0.039484 
0.250000 0.250000 0.250000 0.250000 
  58
0.491605 0.007121 0.046210 
0.452291 0.985450 0.462022 
0.056104 0.007429 0.491768 
0.012043 0.012043 0.012043 0.963870 
0.250000 0.250000 0.250000 0.250000 
  59
0.491605 0.007121 0.046210 
0.452291 0.985450 0.462022 
0.056104 0.007429 0.491768 
0.012043 0.963870 0.012043 0.012043 
0.250000 0.250000 0.250000 0.250000 
  60
0.491605 0.007121 0.046210 
0.452291 0.985450 0.462022 
0.056104 0.007429 0.491768 
0.012043 0.012043 0.588688 0.387225 
0.250000 0.250000 0.250000 0.250000 
  61
0.491605 0.007121 0.046210 
0.452291 0.985450 0.462022 
0.056104 0.007429 0.491768 
0.963870 0.012043 0.012043 0.012043 
0.250000 0.250000 0.250000 0.250000 
  62
0.491605 0.007121 0.046210 
0.452291 0.985450 0.462022 
0.056104 0.007429 0.491768 
0.012043 0.012043 0.012043 0.963870 
0.250000 0.250000 0.250000 0.250000 
  63
0.491605 0.007121 0.046210 
0.452291 0.985450 0.462022 
0.056104 0.007429 0.491768 
0.017599 0.012043 0.575342 0.395016 
0.250000 0.250000 0.250000 0.250000 
  64
0.491605 0.007121 0.046210 
0.452291 0.985450 0.462022 
0.056104 0.007429 0.491768 
0.012043 0.963870 0.012043 0.012043 
0.250000 0.250000 0.250000 0.250000 
  65
0.491605 0.007121 0.046210 
0.452291 0.985450 0.462022 
0.056104 0.007429 0.491768 
0.012043 0.963870 0.012043 0.012043 
0.250000 0.250000 0.250000 0.250000 
  66
0.491605 0.007121 0.046210 
0.452291 0.985450 0.462022 
0.056104 0.007429 0.491768 
0.140235 0.539981 0.302402 0.017381 
0.250000 0.250000 0.250000 0.250000 
  67
0.491605 0.007121 0.046210 
0.452291 0.985450 0.462022 
0.056104 0.007429 0.491768 
0.012043 0.012043 0.015095 0.960818 
0.250000 0.250000 0.250000 0.250000 
  68
0.491605 0.007121 0.046210 
0.452291 0.985450 0.462022 
0.056104 0.007429 0.491768 
0.963870 0.012043 0.012043 0.012043 
0.250000 0.250000 0.250000 0.250000 
  69
0.491605 0.007121 0.046210 
0.452291 0.985450 0.462022 
0.056104 0.007429 0.491768 
0.012043 0.012043 0.715901 0.260012 
0.250000 0.250000 0.250000 0.250000 
  70
0.479216 0.007121 0.046210 
0.464680 0.985450 0.462022 
0.056808 0.007419 0.491768 
0.016963 0.012015 0.703732 0.267291 
0.250000 0.250000 0.250000 0.250000 
  71
0.485227 0.007111 0.046210 
0.457965 0.985470 0.462022 
0.056808 0.007419 0.491768 
0.012015 0.012015 0.012015 0.963956 
0.250000 0.250000 0.250000 0.250000 
  72
0.485227 0.007111 0.046210 
0.457965 0.985470 0.462022 
0.056808 0.007419 0.491768 
0.404410 0.571561 0.012015 0.012015 
0.250000 0.250000 0.250000 0.250000 
  73
0.485227 0.007111 0.046210 
0.457965 0.985470 0.462022 
0.056808 0.007419 0.491768 
0.963956 0.012015 0.012015 0.012015 
0.250000 0.250000 0.250000 0.250000 
  74
0.485227 0.007111 0.046210 
0.457965 0.985470 0.462022 
0.056808 0.007419 0.491768 
0.012015 0.963956 0.012015 0.012015 
0.250000 0.250000 0.250000 0.250000 
  75
0.485227 0.007111 0.046210 
0.457965 0.985470 0.462022 
0.056808 0.007419 0.491768 
0.012015 0.012015 0.952892 0.023079 
0.250000 0.250000 0.250000 0.250000 
  76
0.485227 0.007111 0.046210 
0.457965 0.985470 0.462022 
0.056808 0.007419 0.491768 
0.963956 0.012015 0.012015 0.012015 
0.250000 0.250000 0.250000 0.250000 
  77
0.485227 0.007111 0.046210 
0.457965 0.985470 0.462022 
0.056808 0.007419 0.491768 
0.963956 0.012015 0.012015 0.012015 
0.250000 0.250000 0.250000 0.250000 
  78
0.485227 0.007111 0.046210 
0.457965 0.985470 0.462022 
0.056808 0.007419 0.491768 
0.012015 0.012015 0.938254 0.037716 
0.250000 0.250000 0.250000 0.250000 
  79
0.485227 0.007111 0.046210 
0.457965 0.985470 0.462022 
0.056808 0.007419 0.491768 
0.963956 0.012015 0.012015 0.012015 
0.250000 0.250000 0.250000 0.250000 
  80
0.485227 0.007111 0.046210 
0.457965 0.985470 0.462022 
0.056808 0.007419 0.491768 
0.963956 0.012015 0.012015 0.012015 
0.250000 0.250000 0.250000 0.250000 
  81
0.485227 0.007111 0.046210 
0.457965 0.985470 0.462022 
0.056808 0.007419 0.491768 
0.012015 0.012015 0.847958 0.128013 
0.250000 0.250000 0.250000 0.250000 
  82
0.485227 0.007111 0.046210 
0.457965 0.985470 0.462022 
0.056808 0.007419 0.491768 
0.012015 0.012015 0.012015 0.963956 
0.250000 0.250000 0.250000 0.250000 
  83
0.485227 0.007111 0.046210 
0.457965 0.985470 0.462022 
0.056808 0.007419 0.491768 
0.012015 0.012015 0.963956 0.012015 
0.250000 0.250000 0.250000 0.250000 
  84
0.485227 0.007111 0.046210 
0.457965 0.985470 0.462022 
0.056808 0.007419 0.491768 
0.934595 0.041376 0.012015 0.012015 
0.250000 0.250000 0.250000 0.250000 
  85
0.485227 0.007111 0.046210 
0.457965 0.985470 0.462022 
0.056808 0.007419 0.491768 
0.963956 0.012015 0.012015 0.012015 
0.250000 0.250000 0.250000 0.250000 
  86
0.485227 0.007111 0.046210 
0.457965 0.985470 0.462022 
0.056808 0.007419 0.491768 
0.012015 0.012015 0.963956 0.012015 
0.250000 0.250000 0.250000 0.250000 
  87
0.485227 0.007111 0.046210 
0.457965 0.985470 0.462022 
0.056808 0.007419 0.491768 
0.903635 0.069979 0.012015 0.014372 
0.250000 0.250000 0.250000 0.250000 
  88
0.485227 0.007111 0.046210 
0.457965 0.985470 0.462022 
0.056808 0.007419 0.491768 
0.012015 0.963956 0.012015 0.012015 
0.250000 0.250000 0.250000 0.250000 
  89
0.485227 0.007111 0.046210 
0.457965 0.985470 0.462022 
0.056808 0.007419 0.491768 
0.963956 0.012015 0.012015 0.012015 
0.250000 0.250000 0.250000 0.250000 
  90
0.485227 0.007111 0.046210 
0.457965 0.985470 0.462022 
0.056808 0.007419 0.491768 
0.563521 0.103391 0.321074 0.012015 
0.250000 0.250000 0.250000 0.250000 
  91
0.485227 0.007111 0.046210 
0.457965 0.985470 0.462022 
0.056808 0.007419 0.491768 
0.963956 0.012015 0.012015 0.012015 
0.250000 0.250000 0.250000 0.250000 
  92
0.485227 0.007111 0.046210 
0.457965 0.985470 0.462022 
0.056808 0.007419 0.491768 
0.943644 0.032327 0.012015 0.012015 
0.250000 0.250000 0.250000 0.250000 
  93
0.485227 0.007111 0.046210 
0.457965 0.985470 0.462022 
0.056808 0.007419 0.491768 
0.844763 0.131208 0.012015 0.012015 
0.250000 0.250000 0.250000 0.250000 
  94
0.485227 0.007111 0.046210 
0.457965 0.985470 0.462022 
0.056808 0.007419 0.491768 
0.012015 0.963956 0.012015 0.012015 
0.250000 0.250000 0.250000 0.250000 
  95
0.485227 0.007111 0.046210 
0.457965 0.985470 0.462022 
0.056808 0.007419 0.491768 
0.012015 0.012015 0.012015 0.963956 
0.250000 0.250000 0.250000 0.250000 
  96
0.485227 0.007111 0.046210 
0.457965 0.985470 0.462022 
0.056808 0.007419 0.491768 
0.014165 0.657678 0.022477 0.305680 
0.250000 0.250000 0.250000 0.250000 
  97
0.485227 0.007111 0.046210 
0.457965 0.985470 0.462022 
0.056808 0.007419 0.491768 
0.053559 0.922412 0.012015 0.012015 
0.250000 0.250000 0.250000 0.250000 
  98
0.485227 0.007111 0.046210 
0.457965 0.985470 0.462022 
0.056808 0.007419 0.491768 
0.963956 0.012015 0.012015 0.012015 
0.250000 0.250000 0.250000 0.250000 
  99
0.485227 0.007111 0.046210 
0.457965 0.985470 0.462022 
0.056808 0.007419 0.491768 
0.012015 0.012015 0.960462 0.015509 
0.250000 0.250000 0.250000 0.250000 
 100
0.485227 0.007111 0.046210 
0.457965 0.985470 0.462022 
0.056808 0.007419 0.491768 
0.963956 0.012015 0.012015 0.012015 
0.250000 0.250000 0.250000 0.250000 
 101
0.485227 0.007111 0.046210 
0.457965 0.985470 0.462022 
0.056808 0.007419 0.491768 
0.012015 0.012015 0.963956 0.012015 
0.250000 0.250000 0.250000 0.250000 
 102
0.485227 0.007111 0.046210 
0.457965 0.985470 0.462022 
0.056808 0.007419 0.491768 
0.963956 0.012015 0.012015 0.012015 
0.250000 0.250000 0.250000 0.250000 
 103
0.485227 0.007111 0.046210 
0.457965 0.985470 0.462022 
0.056808 0.007419 0.491768 
0.957292 0.018679 0.012015 0.012015 
0.250000 0.250000 0.250000 0.250000 
 104
0.485227 0.007111 0.046210 
0.457965 0.985470 0.462022 
0.056808 0.007419 0.491768 
0.012015 0.012015 0.012015 0.963956 
0.250000 0.250000 0.250000 0.250000 
 105
0.485227 0.007111 0.046210 
0.457965 0.985470 0.462022 
0.056808 0.007419 0.491768 
0.963956 0.012015 0.012015 0.012015 
0.250000 0.250000 0.250000 0.250000 
 106
0.485227 0.007111 0.046210 
0.457965 0.985470 0.462022 
0.056808 0.007419 0.491768 
0.963956 0.012015 0.012015 0.012015 
0.250000 0.250000 0.250000 0.250000 
 107
0.485227 0.007111 0.046210 
0.457965 0.985470 0.462022 
0.056808 0.007419 0.491768 
0.012015 0.012015 0.012015 0.963956 
0.250000 0.250000 0.250000 0.250000 
 108
0.485227 0.007111 0.046210 
0.457965 0.985470 0.462022 
0.056808 0.007419 0.491768 
0.015015 0.012040 0.216502 0.756443 
0.250000 0.250000 0.250000 0.250000 
 109
0.485227 0.007111 0.046210 
0.457965 0.985470 0.462022 
0.056808 0.007419 0.491768 
0.012015 0.963956 0.012015 0.012015 
0.250000 0.250000 0.250000 0.250000 
 110
0.485227 0.007111 0.046210 
0.457965 0.985470 0.462022 
0.056808 0.007419 0.491768 
0.963956 0.012015 0.012015 0.012015 
0.250000 0.250000 0.250000 0.250000 
 111
0.485227 0.007111 0.046210 
0.457965 0.985470 0.462022 
0.056808 0.007419 0.491768 
0.026889 0.949082 0.012015 0.012015 
0.250000 0.250000 0.250000 0.250000 
 112
0.485227 0.007111 0.046210 
0.457965 0.985470 0.462022 
0.056808 0.007419 0.491768 
0.963956 0.012015 0.012015 0.012015 
0.250000 0.250000 0.250000 0.250000 
 113
0.485227 0.007111 0.046210 
0.457965 0.985470 0.462022 
0.056808 0.007419 0.491768 
0.323250 0.652721 0.012015 0.012015 
0.250000 0.250000 0.250000 0.250000 
 114
0.485227 0.007111 0.046210 
0.457965 0.985470 0.462022 
0.056808 0.007419 0.491768 
0.014256 0.015211 0.492062 0.478471 
0.250000 0.250000 0.250000 0.250000 
 115
0.485227 0.007111 0.046210 
0.457965 0.985470 0.462022 
0.056808 0.007419 0.491768 
0.963956 0.012015 0.012015 0.012015 
0.250000 0.250000 0.250000 0.250000 
 116
0.485227 0.007111 0.046210 
0.457965 0.985470 0.462022 
0.056808 0.007419 0.491768 
0.963956 0.012015 0.012015 0.012015 
0.250000 0.250000 0.250000 0.250000 
 117
0.485227 0.007111 0.046210 
0.457965 0.985470 0.462022 
0.056808 0.007419 0.491768 
0.012015 0.012015 0.123792 0.852179 
0.250000 0.250000 0.250000 0.250000 
 118
0.485227 0.007111 0.046210 
0.457965 0.985470 0.462022 
0.056808 0.007419 0.491768 
0.014423 0.961548 0.012015 0.012015 
0.250000 0.250000 0.250000 0.250000 
 119
0.474827 0.007111 0.046210 
0.468365 0.985470 0.462022 
0.057405 0.007410 0.491768 
0.011991 0.011991 0.011991 0.964028 
0.250000 0.250000 0.250000 0.250000 
 120
0.479817 0.007103 0.046210 
0.462778 0.985487 0.462022 
0.057405 0.007410 0.491768 
0.043085 0.011991 0.880499 0.064424 
0.250000 0.250000 0.250000 0.250000 
 121
0.479817 0.007103 0.046210 
0.462778 0.985487 0.462022 
0.057405 0.007410 0.491768 
0.964028 0.011991 0.011991 0.011991 
0.250000 0.250000 0.250000 0.250000 
 122
0.479817 0.007103 0.046210 
0.462778 0.985487 0.462022 
0.057405 0.007410 0.491768 
0.015283 0.011991 0.960735 0.011991 
0.250000 0.250000 0.250000 0.250000 
 123
0.479817 0.007103 0.046210 
0.462778 0.985487 0.462022 
0.057405 0.007410 0.491768 
0.263568 0.551884 0.134303 0.050245 
0.250000 0.250000 0.250000 0.250000 
 124
0.479817 0.007103 0.046210 
0.462778 0.985487 0.462022 
0.057405 0.007410 0.491768 
0.011991 0.964028 0.011991 0.011991 
0.250000 0.250000 0.250000 0.250000 
 125
0.479817 0.007103 0.046210 
0.462778 0.985487 0.462022 
0.057405 0.007410 0.491768 
0.011991 0.011991 0.011991 0.964028 
0.250000 0.250000 0.250000 0.250000 
 126
0.479817 0.007103 0.046210 
0.462778 0.985487 0.462022 
0.057405 0.007410 0.491768 
0.216394 0.039002 0.102443 0.642161 
0.250000 0.250000 0.250000 0.250000 
 127
0.479817 0.007103 0.046210 
0.462778 0.985487 0.462022 
0.057405 0.007410 0.491768 
0.964028 0.011991 0.011991 0.011991 
0.250000 0.250000 0.250000 0.250000 
 128
0.479817 0.007103 0.046210 
0.462778 0.985487 0.462022 
0.057405 0.007410 0.491768 
0.011991 0.011991 0.964028 0.011991 
0.250000 0.250000 0.250000 0.250000 
 129
0.479817 0.007103 0.046210 
0.462778 0.985487 0.462022 
0.057405 0.007410 0.491768 
0.011991 0.011991 0.112771 0.863247 
0.250000 0.250000 0.250000 0.250000 
 130
0.479817 0.007103 0.046210 
0.462778 0.985487 0.462022 
0.057405 0.007410 0.491768 
0.964028 0.011991 0.011991 0.011991 
0.250000 0.250000 0.250000 0.250000 
 131
0.479817 0.007103 0.046210 
0.462778 0.985487 0.462022 
0.057405 0.007410 0.491768 
0.014649 0.961370 0.011991 0.011991 
0.250000 0.250000 0.250000 0.250000 
 132
0.479817 0.007103 0.046210 
0.462778 0.985487 0.462022 
0.057405 0.007410 0.491768 
0.011991 0.011991 0.899557 0.076461 
0.250000 0.250000 0.250000 0.250000 
 133
0.479817 0.007103 0.046210 
0.462778 0.985487 0.462022 
0.057405 0.007410 0.491768 
0.011991 0.061717 0.011991 0.914302 
0.250000 0.250000 0.250000 0.250000 
 134
0.479817 0.007103 0.046210 
0.462778 0.985487 0.462022 
0.057405 0.007410 0.491768 
0.011991 0.011991 0.964028 0.011991 
0.250000 0.250000 0.250000 0.250000 
 135
0.479817 0.007103 0.046210 
0.462778 0.985487 0.462022 
0.057405 0.007410 0.491768 
0.817205 0.091169 0.079635 0.011991 
0.250000 0.250000 0.250000 0.250000 
 136
0.479817 0.007103 0.046210 
0.462778 0.985487 0.462022 
0.057405 0.007410 0.491768 
0.050105 0.925913 0.011991 0.011991 
0.250000 0.250000 0.250000 0.250000 
 137
0.479817 0.007103 0.046210 
0.462778 0.985487 0.462022 
0.057405 0.007410 0.491768 
0.011991 0.011991 0.011991 0.964028 
0.250000 0.250000 0.250000 0.250000 
 138
0.479817 0.007103 0.046210 
0.462778 0.985487 0.462022 
0.057405 0.007410 0.491768 
0.022207 0.310221 0.050062 0.617510 
0.250000 0.250000 0.250000 0.250000 
 139
0.479817 0.007103 0.046210 
0.462778 0.985487 0.462022 
0.057405 0.007410 0.491768 
0.011991 0.964028 0.011991 0.011991 
0.250000 0.250000 0.250000 0.250000 
 140
0.479817 0.007103 0.046210 
0.462778 0.985487 0.462022 
0.057405 0.007410 0.491768 
0.964028 0.011991 0.011991 0.011991 
0.250000 0.250000 0.250000 0.250000 
 141
0.479817 0.007103 0.046210 
0.462778 0.985487 0.462022 
0.057405 0.007410 0.491768 
0.944417 0.031602 0.011991 0.011991 
0.250000 0.250000 0.250000 0.250000 
 142
0.479817 0.007103 0.046210 
0.462778 0.985487 0.462022 
0.057405 0.007410 0.491768 
0.011991 0.011991 0.945483 0.030535 
0.250000 0.250000 0.250000 0.250000 
 143
0.479817 0.007103 0.046210 
0.462778 0.985487 0.462022 
0.057405 0.007410 0.491768 
0.011991 0.011991 0.011991 0.964028 
0.250000 0.250000 0.250000 0.250000 
 144
0.479817 0.007103 0.046210 
0.462778 0.985487 0.462022 
0.057405 0.007410 0.491768 
0.293179 0.682839 0.011991 0.011991 
0.250000 0.250000 0.250000 0.250000 
 145
0.479817 0.007103 0.046210 
0.462778 0.985487 0.462022 
0.057405 0.007410 0.491768 
0.027007 0.949012 0.011991 0.011991 
0.250000 0.250000 0.250000 0.250000 
 146
0.479817 0.007103 0.046210 
0.462778 0.985487 0.462022 
0.057405 0.007410 0.491768 
0.011991 0.011991 0.011991 0.964028 
0.250000 0.250000 0.250000 0.250000 
 147
0.479817 0.007103 0.046210 
0.462778 0.985487 0.462022 
0.057405 0.007410 0.491768 
0.011991 0.061717 0.211044 0.715249 
0.250000 0.250000 0.250000 0.250000 
 148
0.479817 0.007103 0.046210 
0.462778 0.985487 0.462022 
0.057405 0.007410 0.491768 
0.011991 0.964028 0.011991 0.011991 
0.250000 0.250000 0.250000 0.250000 
 149
0.479817 0.007103 0.046210 
0.462778 0.985487 0.462022 
0.057405 0.007410 0.491768 
0.964028 0.011991 0.011991 0.011991 
0.250000 0.250000 0.250000 0.250000 
 150
0.479817 0.007103 0.046210 
0.462778 0.985487 0.462022 
0.057405 0.007410 0.491768 
0.807675 0.168343 0.011991 0.011991 
0.250000 0.250000 0.250000 0.250000 
 151
0.479817 0.007103 0.046210 
0.462778 0.985487 0.462022 
0.057405 0.007410 0.491768 
0.964028 0.011991 0.011991 0.011991 
0.250000 0.250000 0.250000 0.250000 
 152
0.479817 0.007103 0.046210 
0.462778 0.985487 0.462022 
0.057405 0.007410 0.491768 
0.652108 0.011991 0.323910 0.011991 
0.250000 0.250000 0.250000 0.250000 
 153
0.479817 0.007103 0.046210 
0.462778 0.985487 0.462022 
0.057405 0.007410 0.491768 
0.316950 0.015478 0.014370 0.653203 
0.250000 0.250000 0.250000 0.250000 
 154
0.479817 0.007103 0.046210 
0.462778 0.985487 0.462022 
0.057405 0.007410 0.491768 
0.032417 0.943602 0.011991 0.011991 
0.250000 0.250000 0.250000 0.250000 
 155
0.479817 0.007103 0.046210 
0.462778 0.985487 0.462022 
0.057405 0.007410 0.491768 
0.940353 0.032192 0.011991 0.015464 
0.250000 0.250000 0.250000 0.250000 
 156
0.479817 0.007103 0.046210 
0.462778 0.985487 0.462022 
0.057405 0.007410 0.491768 
0.375467 0.600551 0.011991 0.011991 
0.250000 0.250000 0.250000 0.250000 
 157
0.479817 0.007103 0.046210 
0.462778 0.985487 0.462022 
0.057405 0.007410 0.491768 
0.011991 0.011991 0.960698 0.015320 
0.250000 0.250000 0.250000 0.250000 
 158
0.479817 0.007103 0.046210 
0.462778 0.985487 0.462022 
0.057405 0.007410 0.491768 
0.964028 0.011991 0.011991 0.011991 
0.250000 0.250000 0.250000 0.250000 
 159
0.479817 0.007103 0.046210 
0.462778 0.985487 0.462022 
0.057405 0.007410 0.491768 
0.011991 0.011991 0.958706 0.017313 
0.250000 0.250000 0.250000 0.250000 
 160
0.479817 0.007103 0.046210 
0.462778 0.985487 0.462022 
0.057405 0.007410 0.491768 
0.964028 0.011991 0.011991 0.011991 
0.250000 0.250000 0.250000 0.250000 
 161
0.479817 0.007103 0.046210 
0.462778 0.985487 0.462022 
0.057405 0.007410 0.491768 
0.011991 0.011991 0.964028 0.011991 
0.250000 0.250000 0.250000 0.250000 
 162
0.479817 0.007103 0.046210 
0.462778 0.985487 0.462022 
0.057405 0.007410 0.491768 
0.011991 0.011991 0.222866 0.753153 
0.250000 0.250000 0.250000 0.250000 
 163
0.479817 0.007103 0.046210 
0.462778 0.985487 0.462022 
0.057405 0.007410 0.491768 
0.011991 0.964028 0.011991 0.011991 
0.250000 0.250000 0.250000 0.250000 
 164
0.479817 0.007103 0.046210 
0.462778 0.985487 0.462022 
0.057405 0.007410 0.491768 
0.011991 0.964028 0.011991 0.011991 
0.250000 0.250000 0.250000 0.250000 
 165
0.479817 0.007103 0.046210 
0.462778 0.985487 0.462022 
0.057405 0.007410 0.491768 
0.621059 0.354959 0.011991 0.011991 
0.250000 0.250000 0.250000 0.250000 
 166
0.479817 0.007103 0.046210 
0.462778 0.985487 0.462022 
0.057405 0.007410 0.491768 
0.015330 0.011991 0.011991 0.960689 
0.250000 0.250000 0.250000 0.250000 
 167
0.479817 0.007103 0.046210 
0.462778 0.985487 0.462022 
0.057405 0.007410 0.491768 
0.011991 0.011991 0.964028 0.011991 
0.250000 0.250000 0.250000 0.250000 
 168
0.479817 0.007103 0.046210 
0.462778 0.985487 0.462022 
0.057405 0.007410 0.491768 
0.275354 0.062464 0.016202 0.645979 
0.250000 0.250000 0.250000 0.250000 
 169
0.479817 0.007103 0.046210 
0.462778 0.985487 0.462022 
0.057405 0.007410 0.491768 
0.011991 0.011991 0.011991 0.964028 
0.250000 0.250000 0.250000 0.250000 
 170
0.479817 0.007103 0.046210 
0.462778 0.985487 0.462022 
0.057405 0.007410 0.491768 
0.011991 0.011991 0.011991 0.964028 
0.250000 0.250000 0.250000 0.250000 
 171
0.479817 0.007103 0.046210 
0.462778 0.985487 0.462022 
0.057405 0.007410 0.491768 
0.011991 0.011991 0.805016 0.171003 
0.250000 0.250000 0.250000 0.250000 
 172
0.479817 0.007103 0.046210 
0.462778 0.985487 0.462022 
0.057405 0.007410 0.491768 
0.011991 0.011991 0.011991 0.964028 
0.250000 0.250000 0.250000 0.250000 
 173
0.479817 0.007103 0.046210 
0.462778 0.985487 0.462022 
0.057405 0.007410 0.491768 
0.011991 0.964028 0.011991 0.011991 
0.250000 0.250000 0.250000 0.250000 
 174
0.479817 0.007103 0.046210 
0.462778 0.985487 0.462022 
0.057405 0.007410 0.491768 
0.011991 0.011991 0.662144 0.313874 
0.250000 0.250000 0.250000 0.250000 
 175
0.479817 0.007103 0.046210 
0.462778 0.985487 0.462022 
0.057405 0.007410 0.491768 
0.011991 0.011991 0.011991 0.964028 
0.250000 0.250000 0.250000 0.250000 
 176
0.479817 0.007103 0.046210 
0.462778 0.985487 0.462022 
0.057405 0.007410 0.491768 
0.011991 0.011991 0.964028 0.011991 
0.250000 0.250000 0.250000 0.250000 
 177
0.479817 0.007103 0.046210 
0.462778 0.985487 0.462022 
0.057405 0.007410 0.491768 
0.891622 0.081877 0.011991 0.014511 
0.250000 0.250000 0.250000 0.250000 
 178
0.479817 0.007103 0.046210 
0.462778 0.985487 0.462022 
0.057405 0.007410 0.491768 
0.959103 0.014471 0.014435 0.011991 
0.250000 0.250000 0.250000 0.250000 
 179
0.479817 0.007103 0.046210 
0.462778 0.985487 0.462022 
0.057405 0.007410 0.491768 
0.011991 0.011991 0.011991 0.964028 
0.250000 0.250000 0.250000 0.250000 
 180
0.479817 0.007103 0.046210 
0.462778 0.985487 0.462022 
0.057405 0.007410 0.491768 
0.059586 0.011991 0.772303 0.156120 
0.250000 0.250000 0.250000 0.250000 
 181
0.479817 0.007103 0.046210 
0.462778 0.985487 0.462022 
0.057405 0.007410 0.491768 
0.428369 0.545169 0.011991 0.014471 
0.250000 0.250000 0.250000 0.250000 
 182
0.479817 0.007103 0.046210 
0.462778 0.985487 0.462022 
0.057405 0.007410 0.491768 
0.957611 0.018408 0.011991 0.011991 
0.250000 0.250000 0.250000 0.250000 
 183
0.479817 0.007103 0.046210 
0.462778 0.985487 0.462022 
0.057405 0.007410 0.491768 
0.011991 0.011991 0.351408 0.624610 
0.250000 0.250000 0.250000 0.250000 
 184
0.479817 0.007103 0.046210 
0.462778 0.985487 0.462022 
0.057405 0.007410 0.491768 
0.011991 0.964028 0.011991 0.011991 
0.250000 0.250000 0.250000 0.250000 
 185
0.479817 0.007103 0.046210 
0.462778 0.985487 0.462022 
0.057405 0.007410 0.491768 
0.011991 0.964028 0.011991 0.011991 
0.250000 0.250000 0.250000 0.250000 
 186
0.479817 0.007103 0.046210 
0.462778 0.985487 0.462022 
0.057405 0.007410 0.491768 
0.092595 0.883424 0.011991 0.011991 
0.250000 0.250000 0.250000 0.250000 
 187
0.479817 0.007103 0.046210 
0.462778 0.985487 0.462022 
0.057405 0.007410 0.491768 
0.964028 0.011991 0.011991 0.011991 
0.250000 0.250000 0.250000 0.250000 
 188
0.479817 0.007103 0.046210 
0.462778 0.985487 0.462022 
0.057405 0.007410 0.491768 
0.956356 0.019663 0.011991 0.011991 
0.250000 0.250000 0.250000 0.250000 
 189
0.479817 0.007103 0.046210 
0.462778 0.985487 0.462022 
0.057405 0.007410 0.491768 
0.949437 0.026582 0.011991 0.011991 
0.250000 0.250000 0.250000 0.250000 
 190
0.479817 0.007103 0.046210 
0.462778 0.985487 0.462022 
0.057405 0.007410 0.491768 
0.014471 0.653101 0.320437 0.011991 
0.250000 0.250000 0.250000 0.250000 
 191
0.479817 0.007103 0.046210 
0.462778 0.985487 0.462022 
0.057405 0.007410 0.491768 
0.320791 0.011991 0.655228 0.011991 
0.250000 0.250000 0.250000 0.250000 
 192
0.479817 0.007103 0.046210 
0.462778 0.985487 0.462022 
0.057405 0.007410 0.491768 
0.935234 0.029605 0.023171 0.011991 
0.250000 0.250000 0.250000 0.250000 
 193
0.479817 0.007103 0.046210 
0.462778 0.985487 0.462022 
0.057405 0.007410 0.491768 
0.011991 0.011991 0.964028 0.011991 
0.250000 0.250000 0.250000 0.250000 
 194
0.479817 0.007103 0.046210 
0.462778 0.985487 0.462022 
0.057405 0.007410 0.491768 
0.011991 0.011991 0.964028 0.011991 
0.250000 0.250000 0.250000 0.250000 
 195
0.479817 0.007103 0.046210 
0.462778 0.985487 0.462022 
0.057405 0.007410 0.491768 
0.461372 0.514647 0.011991 0.011991 
0.250000 0.250000 0.250000 0.250000 
 196
0.479817 0.007103 0.046210 
0.462778 0.985487 0.462022 
0.057405 0.007410 0.491768 
0.964028 0.011991 0.011991 0.011991 
0.250000 0.250000 0.250000 0.250000 
 197
0.479817 0.007103 0.046210 
0.462778 0.985487 0.462022 
0.057405 0.007410 0.491768 
0.011991 0.011991 0.011991 0.964028 
0.250000 0.250000 0.250000 0.250000 
 198
0.479817 0.007103 0.046210 
0.462778 0.985487 0.462022 
0.057405 0.007410 0.491768 
0.964028 0.011991 0.011991 0.011991 
0.250000 0.250000 0.250000 0.250000 
 199
0.479817 0.007103 0.046210 
0.462778 0.985487 0.462022 
0.057405 0.007410 0.491768 
0.964028 0.011991 0.011991 0.011991 
0.250000 0.250000 0.250000 0.250000 
 200
0.479817 0.007103 0.046210 
0.462778 0.985487 0.462022 
0.057405 0.007410 0.491768 
0.011991 0.961801 0.011991 0.014218 
0.250000 0.250000 0.250000 0.250000 
 201
0.479817 0.007103 0.046210 
0.462778 0.985487 0.462022 
0.057405 0.007410 0.491768 
0.011991 0.011991 0.326488 0.649531 
0.250000 0.250000 0.250000 0.250000 
 202
0.479817 0.007103 0.046210 
0.462778 0.985487 0.462022 
0.057405 0.007410 0.491768 
0.011991 0.011991 0.964028 0.011991 
0.250000 0.250000 0.250000 0.250000 
 203
0.479817 0.007103 0.046210 
0.462778 0.985487 0.462022 
0.057405 0.007410 0.491768 
0.011991 0.011991 0.011991 0.964028 
0.250000 0.250000 0.250000 0.250000 
 204
0.479817 0.007103 0.046210 
0.462778 0.985487 0.462022 
0.057405 0.007410 0.491768 
0.015832 0.011991 0.062468 0.909710 
0.250000 0.250000 0.250000 0.250000 
 205
0.479817 0.007103 0.046210 
0.462778 0.985487 0.462022 
0.057405 0.007410 0.491768 
0.016970 0.959049 0.011991 0.011991 
0.250000 0.250000 0.250000 0.250000 
 206
0.479817 0.007103 0.046210 
0.462778 0.985487 0.462022 
0.057405 0.007410 0.491768 
0.014155 0.961863 0.011991 0.011991 
0.250000 0.250000 0.250000 0.250000 
 207
0.479817 0.007103 0.046210 
0.462778 0.985487 0.462022 
0.057405 0.007410 0.491768 
0.289959 0.011991 0.019557 0.678493 
0.250000 0.250000 0.250000 0.250000 
 208
0.479817 0.007103 0.046210 
0.462778 0.985487 0.462022 
0.057405 0.007410 0.491768 
0.020527 0.955492 0.011991 0.011991 
0.250000 0.250000 0.250000 0.250000 
 209
0.479817 0.007103 0.046210 
0.462778 0.985487 0.462022 
0.057405 0.007410 0.491768 
0.961865 0.014153 0.011991 0.011991 
0.250000 0.250000 0.250000 0.250000 
 210
0.479817 0.007103 0.046210 
0.462778 0.985487 0.462022 
0.057405 0.007410 0.491768 
0.011991 0.011991 0.127050 0.848969 
0.250000 0.250000 0.250000 0.250000 
 211
0.479817 0.007103 0.046210 
0.462778 0.985487 0.462022 
0.057405 0.007410 0.491768 
0.011991 0.011991 0.011991 0.964028 
0.250000 0.250000 0.250000 0.250000 
 212
0.479817 0.007103 0.046210 
0.462778 0.985487 0.462022 
0.057405 0.007410 0.491768 
0.011991 0.964028 0.011991 0.011991 
0.250000 0.250000 0.250000 0.250000 
 213
0.479817 0.007103 0.046210 
0.462778 0.985487 0.462022 
0.057405 0.007410 0.491768 
0.011991 0.011991 0.931606 0.044412 
0.250000 0.250000 0.250000 0.250000 
 214
0.479817 0.007103 0.046210 
0.462778 0.985487 0.462022 
0.057405 0.007410 0.491768 
0.011991 0.011991 0.011991 0.964028 
0.250000 0.250000 0.250000 0.250000 
 215
0.479817 0.007103 0.046210 
0.462778 0.985487 0.462022 
0.057405 0.007410 0.491768 
0.011991 0.011991 0.964028 0.011991 
0.250000 0.250000 0.250000 0.250000 
 216
0.479817 0.007103 0.046210 
0.462778 0.985487 0.462022 
0.057405 0.007410 0.491768 
0.023642 0.011991 0.902823 0.061543 
0.250000 0.250000 0.250000 0.250000 
 217
0.479817 0.007103 0.046210 
0.462778 0.985487 0.462022 
0.057405 0.007410 0.491768 
0.011991 0.011991 0.011991 0.964028 
0.250000 0.250000 0.250000 0.250000 
 218
0.479817 0.007103 0.046210 
0.462778 0.985487 0.462022 
0.057405 0.007410 0.491768 
0.011991 0.011991 0.011991 0.964028 
0.250000 0.250000 0.250000 0.250000 
 219
0.479817 0.007103 0.046210 
0.462778 0.985487 0.462022 
0.057405 0.007410 0.491768 
0.011991 0.011991 0.045474 0.930545 
0.250000 0.250000 0.250000 0.250000 
 220
0.479817 0.007103 0.046210 
0.462778 0.985487 0.462022 
0.057405 0.007410 0.491768 
0.018622 0.957396 0.011991 0.011991 
0.250000 0.250000 0.250000 0.250000 
 221
0.479817 0.007103 0.046210 
0.462778 0.985487 0.462022 
0.057405 0.007410 0.491768 
0.011991 0.011991 0.964028 0.011991 
0.250000 0.250000 0.250000 0.250000 
 222
0.479817 0.007103 0.046210 
0.462778 0.985487 0.462022 
0.057405 0.007410 0.491768 
0.086118 0.011991 0.023171 0.878720 
0.250000 0.250000 0.250000 0.250000 
 223
0.479817 0.007103 0.046210 
0.462778 0.985487 0.462022 
0.057405 0.007410 0.491768 
0.011991 0.964028 0.011991 0.011991 
0.250000 0.250000 0.250000 0.250000 
 224
0.479817 0.007103 0.046210 
0.462778 0.985487 0.462022 
0.057405 0.007410 0.491768 
0.011991 0.964028 0.011991 0.011991 
0.250000 0.250000 0.250000 0.250000 
 225
0.479817 0.007103 0.046210 
0.462778 0.985487 0.462022 
0.057405 0.007410 0.491768 
0.332573 0.349983 0.011991 0.305453 
0.250000 0.250000 0.250000 0.250000 
 226
0.479817 0.007103 0.046210 
0.462778 0.985487 0.462022 
0.057405 0.007410 0.491768 
0.011991 0.011991 0.011991 0.964028 
0.250000 0.250000 0.250000 0.250000 
 227
0.479817 0.007103 0.046210 
0.462778 0.985487 0.462022 
0.057405 0.007410 0.491768 
0.011991 0.964028 0.011991 0.011991 
0.250000 0.250000 0.250000 0.250000 
 228
0.479817 0.007103 0.046210 
0.462778 0.985487 0.462022 
0.057405 0.007410 0.491768 
0.011991 0.964028 0.011991 0.011991 
0.250000 0.250000 0.250000 0.250000 
 229
0.479817 0.007103 0.046210 
0.462778 0.985487 0.462022 
0.057405 0.007410 0.491768 
0.961233 0.011991 0.011991 0.014785 
0.250000 0.250000 0.250000 0.250000 
 230
0.479817 0.007103 0.046210 
0.462778 0.985487 0.462022 
0.057405 0.007410 0.491768 
0.011991 0.011991 0.011991 0.964028 
0.250000 0.250000 0.250000 0.250000 
 231
0.479817 0.007103 0.046210 
0.462778 0.985487 0.462022 
0.057405 0.007410 0.491768 
0.327651 0.011991 0.625101 0.035257 
0.250000 0.250000 0.250000 0.250000 
 232
0.479817 0.007103 0.046210 
0.462778 0.985487 0.462022 
0.057405 0.007410 0.491768 
0.011991 0.011991 0.707820 0.268199 
0.250000 0.250000 0.250000 0.250000 
 233
0.479817 0.007103 0.046210 
0.462778 0.985487 0.462022 
0.057405 0.007410 0.491768 
0.011991 0.011991 0.011991 0.964028 
0.250000 0.250000 0.250000 0.250000 
 234
0.479817 0.007103 0.046210 
0.462778 0.985487 0.462022 
0.057405 0.007410 0.491768 
0.107730 0.224698 0.011991 0.655581 
0.250000 0.250000 0.250000 0.250000 
 235
0.479817 0.007103 0.046210 
0.462778 0.985487 0.462022 
0.057405 0.007410 0.491768 
0.011991 0.964028 0.011991 0.011991 
0.250000 0.250000 0.250000 0.250000 
