%  SAM: /scicomp/home/vfn4/Tools/LABEL_RES/scripts/modelfromalign v3.5 (July 15, 2005) compiled 12/08/06_16:15:55
%  (c) 1992-2001 Regents of the University of California, Santa Cruz
%
%          Sequence Alignment and Modeling Software System
%         http://www.cse.ucsc.edu/research/compbio/sam.html
%
% ----------------- Citations (SAM, SAM-T2K, HMMs) --------------------
% R. Hughey, A. Krogh, Hidden Markov models for sequence analysis:
%  Extension and analysis of the basic method, CABIOS 12:95-107, 1996.
% K. Karplus, et al., What is the value added by human intervention in protein
%  structure prediction, Proteins: Stucture, Function, Genetics 45(S5):86--91, 2001.
% A. Krogh et al., Hidden Markov models in computational biology:
%  Applications to protein modeling, JMB 235:1501-1531, Feb 1994.
% ---------------------------------------------------------------------
%  A_HA_H7_hmm   Host: login.aspen.biotech.cdc.gov    Mon Aug 25 11:52:55 2014
%  vfn4          Dir:  /scicomp/home/vfn4/IRMA/train3/HA
% ---------------------------------------------------------------------
%  Alignment weights from internal calc.  Total (13.96) Max (0.20) Min (0.06)
%  Weights from alignment method 1 (karplus), b=-1.000000, e=0.500000
MODEL --  Model from alignment file /scicomp/home/vfn4/Tools/LABEL_RES/training_data/irmaHA/A_HA_H7.fasta
alphabet DNA
FREQAVE
0.000000 0.000000 0.000000 
0.000000 0.000000 0.000000 
0.000000 0.000000 0.000000 
0.336056 0.243623 0.185231 0.235091 
0.336056 0.243623 0.185231 0.235091 
Begin
0.000000 0.000000 0.000000 
0.000000 0.000000 0.000000 
0.000000 0.008864 0.491768 
0.250000 0.250000 0.250000 0.250000 
0.250000 0.250000 0.250000 0.250000 
   1
0.000000 0.008496 0.046210 
0.000000 0.982640 0.462022 
0.057405 0.008864 0.491768 
0.949880 0.016706 0.016706 0.016706 
0.250000 0.250000 0.250000 0.250000 
   2
0.479817 0.008496 0.046210 
0.462778 0.982640 0.462022 
0.057405 0.008864 0.491768 
0.016706 0.016706 0.016706 0.949880 
0.250000 0.250000 0.250000 0.250000 
   3
0.479817 0.008496 0.046210 
0.462778 0.982640 0.462022 
0.057405 0.008864 0.491768 
0.016706 0.949880 0.016706 0.016706 
0.250000 0.250000 0.250000 0.250000 
   4
0.479817 0.008496 0.046210 
0.462778 0.982640 0.462022 
0.057405 0.008864 0.491768 
0.949880 0.016706 0.016706 0.016706 
0.250000 0.250000 0.250000 0.250000 
   5
0.479817 0.008496 0.046210 
0.462778 0.982640 0.462022 
0.057405 0.008864 0.491768 
0.949880 0.016706 0.016706 0.016706 
0.250000 0.250000 0.250000 0.250000 
   6
0.479817 0.008496 0.046210 
0.462778 0.982640 0.462022 
0.057405 0.008864 0.491768 
0.016706 0.016706 0.921173 0.045414 
0.250000 0.250000 0.250000 0.250000 
   7
0.479817 0.008496 0.046210 
0.462778 0.982640 0.462022 
0.057405 0.008864 0.491768 
0.949880 0.016706 0.016706 0.016706 
0.250000 0.250000 0.250000 0.250000 
   8
0.479817 0.008496 0.046210 
0.462778 0.982640 0.462022 
0.057405 0.008864 0.491768 
0.038489 0.016706 0.737138 0.207666 
0.250000 0.250000 0.250000 0.250000 
   9
0.479817 0.008496 0.046210 
0.462778 0.982640 0.462022 
0.057405 0.008864 0.491768 
0.016707 0.016707 0.051757 0.914830 
0.250000 0.250000 0.250000 0.250000 
  10
0.479817 0.008496 0.046210 
0.462778 0.982640 0.462022 
0.057405 0.008864 0.491768 
0.022229 0.016706 0.944358 0.016706 
0.250000 0.250000 0.250000 0.250000 
  11
0.479817 0.008496 0.046210 
0.462778 0.982640 0.462022 
0.057405 0.008864 0.491768 
0.920237 0.041781 0.016707 0.021276 
0.250000 0.250000 0.250000 0.250000 
  12
0.479817 0.008496 0.046210 
0.462778 0.982640 0.462022 
0.057405 0.008864 0.491768 
0.939511 0.027076 0.016706 0.016706 
0.250000 0.250000 0.250000 0.250000 
  13
0.479817 0.008496 0.046210 
0.462778 0.982640 0.462022 
0.057405 0.008864 0.491768 
0.949880 0.016706 0.016706 0.016706 
0.250000 0.250000 0.250000 0.250000 
  14
0.479817 0.008496 0.046210 
0.462778 0.982640 0.462022 
0.057405 0.008864 0.491768 
0.016706 0.016706 0.022400 0.944187 
0.250000 0.250000 0.250000 0.250000 
  15
0.479817 0.008496 0.046210 
0.462778 0.982640 0.462022 
0.057405 0.008864 0.491768 
0.016706 0.016706 0.427311 0.539276 
0.250000 0.250000 0.250000 0.250000 
  16
0.479817 0.008496 0.046210 
0.462778 0.982640 0.462022 
0.057405 0.008864 0.491768 
0.016706 0.016706 0.816880 0.149708 
0.250000 0.250000 0.250000 0.250000 
  17
0.479817 0.008496 0.046210 
0.462778 0.982640 0.462022 
0.057405 0.008864 0.491768 
0.016706 0.016706 0.016706 0.949880 
0.250000 0.250000 0.250000 0.250000 
  18
0.479817 0.008496 0.046210 
0.462778 0.982640 0.462022 
0.057405 0.008864 0.491768 
0.134498 0.832089 0.016706 0.016706 
0.250000 0.250000 0.250000 0.250000 
  19
0.479817 0.008496 0.046210 
0.462778 0.982640 0.462022 
0.057405 0.008864 0.491768 
0.217138 0.749449 0.016707 0.016707 
0.250000 0.250000 0.250000 0.250000 
  20
0.479817 0.008496 0.046210 
0.462778 0.982640 0.462022 
0.057405 0.008864 0.491768 
0.016706 0.016706 0.351822 0.614765 
0.250000 0.250000 0.250000 0.250000 
  21
0.479817 0.008496 0.046210 
0.462778 0.982640 0.462022 
0.057405 0.008864 0.491768 
0.918457 0.038806 0.016706 0.026030 
0.250000 0.250000 0.250000 0.250000 
  22
0.479817 0.008496 0.046210 
0.462778 0.982640 0.462022 
0.057405 0.008864 0.491768 
0.016706 0.030345 0.203965 0.748983 
0.250000 0.250000 0.250000 0.250000 
  23
0.479817 0.008496 0.046210 
0.462778 0.982640 0.462022 
0.057405 0.008864 0.491768 
0.016706 0.016706 0.030345 0.936242 
0.250000 0.250000 0.250000 0.250000 
  24
0.479817 0.008496 0.046210 
0.462778 0.982640 0.462022 
0.057405 0.008864 0.491768 
0.079263 0.016707 0.875660 0.028371 
0.250000 0.250000 0.250000 0.250000 
  25
0.479817 0.008496 0.046210 
0.462778 0.982640 0.462022 
0.057405 0.008864 0.491768 
0.454600 0.506378 0.016706 0.022315 
0.250000 0.250000 0.250000 0.250000 
  26
0.479817 0.008496 0.046210 
0.462778 0.982640 0.462022 
0.057405 0.008864 0.491768 
0.016706 0.016706 0.550774 0.415813 
0.250000 0.250000 0.250000 0.250000 
  27
0.479817 0.008496 0.046210 
0.462778 0.982640 0.462022 
0.057405 0.008864 0.491768 
0.026226 0.016706 0.147251 0.809817 
0.250000 0.250000 0.250000 0.250000 
  28
0.479817 0.008496 0.046210 
0.462778 0.982640 0.462022 
0.057405 0.008864 0.491768 
0.079263 0.415813 0.488218 0.016706 
0.250000 0.250000 0.250000 0.250000 
  29
0.479817 0.008496 0.046210 
0.462778 0.982640 0.462022 
0.057405 0.008864 0.491768 
0.016706 0.016706 0.448170 0.518417 
0.250000 0.250000 0.250000 0.250000 
  30
0.479817 0.008496 0.046210 
0.462778 0.982640 0.462022 
0.057405 0.008864 0.491768 
0.016706 0.325137 0.064155 0.594002 
0.250000 0.250000 0.250000 0.250000 
  31
0.479817 0.008496 0.046210 
0.462778 0.982640 0.462022 
0.057405 0.008864 0.491768 
0.026746 0.461556 0.016706 0.494992 
0.250000 0.250000 0.250000 0.250000 
  32
0.479817 0.008496 0.046210 
0.462778 0.982640 0.462022 
0.057405 0.008864 0.491768 
0.021195 0.411325 0.104337 0.463143 
0.250000 0.250000 0.250000 0.250000 
  33
0.479817 0.008496 0.046210 
0.462778 0.982640 0.462022 
0.057405 0.008864 0.491768 
0.016706 0.524566 0.026405 0.432323 
0.250000 0.250000 0.250000 0.250000 
  34
0.479817 0.008496 0.046210 
0.462778 0.982640 0.462022 
0.057405 0.008864 0.491768 
0.164051 0.797751 0.016706 0.021492 
0.250000 0.250000 0.250000 0.250000 
  35
0.479817 0.008496 0.046210 
0.462778 0.982640 0.462022 
0.057405 0.008864 0.491768 
0.016706 0.016706 0.568744 0.397843 
0.250000 0.250000 0.250000 0.250000 
  36
0.479817 0.008496 0.046210 
0.462778 0.982640 0.462022 
0.057405 0.008864 0.491768 
0.160118 0.806469 0.016706 0.016706 
0.250000 0.250000 0.250000 0.250000 
  37
0.479817 0.008496 0.046210 
0.462778 0.982640 0.462022 
0.057405 0.008864 0.491768 
0.430279 0.074646 0.415813 0.079263 
0.250000 0.250000 0.250000 0.250000 
  38
0.479817 0.008496 0.046210 
0.462778 0.982640 0.462022 
0.057405 0.008864 0.491768 
0.025984 0.024582 0.038039 0.911395 
0.250000 0.250000 0.250000 0.250000 
  39
0.479817 0.008496 0.046210 
0.462778 0.982640 0.462022 
0.057405 0.008864 0.491768 
0.048363 0.392300 0.542631 0.016706 
0.250000 0.250000 0.250000 0.250000 
  40
0.479817 0.008496 0.046210 
0.462778 0.982640 0.462022 
0.057405 0.008864 0.491768 
0.876264 0.027767 0.067514 0.028455 
0.250000 0.250000 0.250000 0.250000 
  41
0.479817 0.008496 0.046210 
0.462778 0.982640 0.462022 
0.057405 0.008864 0.491768 
0.016706 0.016706 0.222743 0.743844 
0.250000 0.250000 0.250000 0.250000 
  42
0.479817 0.008496 0.046210 
0.462778 0.982640 0.462022 
0.057405 0.008864 0.491768 
0.022315 0.016706 0.220663 0.740315 
0.250000 0.250000 0.250000 0.250000 
  43
0.479817 0.008496 0.046210 
0.462778 0.982640 0.462022 
0.057405 0.008864 0.491768 
0.042914 0.389606 0.488218 0.079263 
0.250000 0.250000 0.250000 0.250000 
  44
0.479817 0.008496 0.046210 
0.462778 0.982640 0.462022 
0.057405 0.008864 0.491768 
0.127897 0.415794 0.439602 0.016706 
0.250000 0.250000 0.250000 0.250000 
  45
0.479817 0.008496 0.046210 
0.462778 0.982640 0.462022 
0.057405 0.008864 0.491768 
0.479673 0.366419 0.074646 0.079263 
0.250000 0.250000 0.250000 0.250000 
  46
0.479817 0.008496 0.046210 
0.462778 0.982640 0.462022 
0.057405 0.008864 0.491768 
0.529431 0.437156 0.016706 0.016706 
0.250000 0.250000 0.250000 0.250000 
  47
0.479817 0.008496 0.046210 
0.462778 0.982640 0.462022 
0.057405 0.008864 0.491768 
0.016706 0.016706 0.825658 0.140929 
0.250000 0.250000 0.250000 0.250000 
  48
0.479817 0.008496 0.046210 
0.462778 0.982640 0.462022 
0.057405 0.008864 0.491768 
0.546329 0.016706 0.026417 0.410548 
0.250000 0.250000 0.250000 0.250000 
  49
0.479817 0.008496 0.046210 
0.462778 0.982640 0.462022 
0.057405 0.008864 0.491768 
0.887324 0.016707 0.079263 0.016707 
0.250000 0.250000 0.250000 0.250000 
  50
0.479817 0.008496 0.046210 
0.462778 0.982640 0.462022 
0.057405 0.008864 0.491768 
0.844953 0.121634 0.016706 0.016706 
0.250000 0.250000 0.250000 0.250000 
  51
0.479817 0.008496 0.046210 
0.462778 0.982640 0.462022 
0.057405 0.008864 0.491768 
0.405641 0.026879 0.016706 0.550774 
0.250000 0.250000 0.250000 0.250000 
  52
0.479817 0.008496 0.046210 
0.462778 0.982640 0.462022 
0.057405 0.008864 0.491768 
0.016706 0.949880 0.016706 0.016706 
0.250000 0.250000 0.250000 0.250000 
  53
0.479817 0.008496 0.046210 
0.462778 0.982640 0.462022 
0.057405 0.008864 0.491768 
0.016706 0.402174 0.564413 0.016706 
0.250000 0.250000 0.250000 0.250000 
  54
0.479817 0.008496 0.046210 
0.462778 0.982640 0.462022 
0.057405 0.008864 0.491768 
0.935887 0.030700 0.016706 0.016706 
0.250000 0.250000 0.250000 0.250000 
  55
0.479817 0.008496 0.046210 
0.462778 0.982640 0.462022 
0.057405 0.008864 0.491768 
0.016706 0.949880 0.016706 0.016706 
0.250000 0.250000 0.250000 0.250000 
  56
0.479817 0.008496 0.046210 
0.462778 0.982640 0.462022 
0.057405 0.008864 0.491768 
0.949880 0.016706 0.016706 0.016706 
0.250000 0.250000 0.250000 0.250000 
  57
0.479817 0.008496 0.046210 
0.462778 0.982640 0.462022 
0.057405 0.008864 0.491768 
0.016706 0.016706 0.860662 0.105925 
0.250000 0.250000 0.250000 0.250000 
  58
0.479817 0.008496 0.046210 
0.462778 0.982640 0.462022 
0.057405 0.008864 0.491768 
0.949880 0.016706 0.016706 0.016706 
0.250000 0.250000 0.250000 0.250000 
  59
0.479817 0.008496 0.046210 
0.462778 0.982640 0.462022 
0.057405 0.008864 0.491768 
0.949880 0.016706 0.016706 0.016706 
0.250000 0.250000 0.250000 0.250000 
  60
0.479817 0.008496 0.046210 
0.462778 0.982640 0.462022 
0.057405 0.008864 0.491768 
0.700588 0.265999 0.016706 0.016706 
0.250000 0.250000 0.250000 0.250000 
  61
0.479817 0.008496 0.046210 
0.462778 0.982640 0.462022 
0.057405 0.008864 0.491768 
0.949880 0.016706 0.016706 0.016706 
0.250000 0.250000 0.250000 0.250000 
  62
0.479817 0.008496 0.046210 
0.462778 0.982640 0.462022 
0.057405 0.008864 0.491768 
0.016706 0.016706 0.016706 0.949880 
0.250000 0.250000 0.250000 0.250000 
  63
0.479817 0.008496 0.046210 
0.462778 0.982640 0.462022 
0.057405 0.008864 0.491768 
0.415813 0.016706 0.454715 0.112765 
0.250000 0.250000 0.250000 0.250000 
  64
0.479817 0.008496 0.046210 
0.462778 0.982640 0.462022 
0.057405 0.008864 0.491768 
0.016706 0.016706 0.016706 0.949880 
0.250000 0.250000 0.250000 0.250000 
  65
0.479817 0.008496 0.046210 
0.462778 0.982640 0.462022 
0.057405 0.008864 0.491768 
0.016706 0.944640 0.021947 0.016706 
0.250000 0.250000 0.250000 0.250000 
  66
0.479817 0.008496 0.046210 
0.462778 0.982640 0.462022 
0.057405 0.008864 0.491768 
0.016706 0.016706 0.549494 0.417093 
0.250000 0.250000 0.250000 0.250000 
  67
0.479817 0.008496 0.046210 
0.462778 0.982640 0.462022 
0.057405 0.008864 0.491768 
0.016706 0.016706 0.945037 0.021550 
0.250000 0.250000 0.250000 0.250000 
  68
0.479817 0.008496 0.046210 
0.462778 0.982640 0.462022 
0.057405 0.008864 0.491768 
0.016706 0.016706 0.016706 0.949880 
0.250000 0.250000 0.250000 0.250000 
  69
0.479817 0.008496 0.046210 
0.462778 0.982640 0.462022 
0.057405 0.008864 0.491768 
0.079263 0.016706 0.052543 0.851488 
0.250000 0.250000 0.250000 0.250000 
  70
0.479817 0.008496 0.046210 
0.462778 0.982640 0.462022 
0.057405 0.008864 0.491768 
0.016706 0.949880 0.016706 0.016706 
0.250000 0.250000 0.250000 0.250000 
  71
0.479817 0.008496 0.046210 
0.462778 0.982640 0.462022 
0.057405 0.008864 0.491768 
0.016706 0.949880 0.016706 0.016706 
0.250000 0.250000 0.250000 0.250000 
  72
0.479817 0.008496 0.046210 
0.462778 0.982640 0.462022 
0.057405 0.008864 0.491768 
0.196106 0.770481 0.016706 0.016706 
0.250000 0.250000 0.250000 0.250000 
  73
0.479817 0.008496 0.046210 
0.462778 0.982640 0.462022 
0.057405 0.008864 0.491768 
0.016706 0.016706 0.949880 0.016706 
0.250000 0.250000 0.250000 0.250000 
  74
0.479817 0.008496 0.046210 
0.462778 0.982640 0.462022 
0.057405 0.008864 0.491768 
0.939980 0.026607 0.016707 0.016707 
0.250000 0.250000 0.250000 0.250000 
  75
0.479817 0.008496 0.046210 
0.462778 0.982640 0.462022 
0.057405 0.008864 0.491768 
0.016706 0.016706 0.502724 0.463863 
0.250000 0.250000 0.250000 0.250000 
  76
0.479817 0.008496 0.046210 
0.462778 0.982640 0.462022 
0.057405 0.008864 0.491768 
0.016706 0.016706 0.949880 0.016706 
0.250000 0.250000 0.250000 0.250000 
  77
0.479817 0.008496 0.046210 
0.462778 0.982640 0.462022 
0.057405 0.008864 0.491768 
0.949880 0.016706 0.016706 0.016706 
0.250000 0.250000 0.250000 0.250000 
  78
0.479817 0.008496 0.046210 
0.462778 0.982640 0.462022 
0.057405 0.008864 0.491768 
0.016706 0.016706 0.016706 0.949880 
0.250000 0.250000 0.250000 0.250000 
  79
0.479817 0.008496 0.046210 
0.462778 0.982640 0.462022 
0.057405 0.008864 0.491768 
0.016706 0.949880 0.016706 0.016706 
0.250000 0.250000 0.250000 0.250000 
  80
0.479817 0.008496 0.046210 
0.462778 0.982640 0.462022 
0.057405 0.008864 0.491768 
0.016706 0.016706 0.949880 0.016706 
0.250000 0.250000 0.250000 0.250000 
  81
0.479817 0.008496 0.046210 
0.462778 0.982640 0.462022 
0.057405 0.008864 0.491768 
0.016706 0.016706 0.411304 0.555283 
0.250000 0.250000 0.250000 0.250000 
  82
0.479817 0.008496 0.046210 
0.462778 0.982640 0.462022 
0.057405 0.008864 0.491768 
0.016706 0.949880 0.016706 0.016706 
0.250000 0.250000 0.250000 0.250000 
  83
0.479817 0.008496 0.046210 
0.462778 0.982640 0.462022 
0.057405 0.008864 0.491768 
0.016706 0.016706 0.016706 0.949880 
0.250000 0.250000 0.250000 0.250000 
  84
0.479817 0.008496 0.046210 
0.462778 0.982640 0.462022 
0.057405 0.008864 0.491768 
0.088413 0.878174 0.016707 0.016707 
0.250000 0.250000 0.250000 0.250000 
  85
0.479817 0.008496 0.046210 
0.462778 0.982640 0.462022 
0.057405 0.008864 0.491768 
0.016706 0.423179 0.059596 0.500519 
0.250000 0.250000 0.250000 0.250000 
  86
0.479817 0.008496 0.046210 
0.462778 0.982640 0.462022 
0.057405 0.008864 0.491768 
0.016706 0.016706 0.945265 0.021322 
0.250000 0.250000 0.250000 0.250000 
  87
0.479817 0.008496 0.046210 
0.462778 0.982640 0.462022 
0.057405 0.008864 0.491768 
0.881103 0.022928 0.016706 0.079263 
0.250000 0.250000 0.250000 0.250000 
  88
0.479817 0.008496 0.046210 
0.462778 0.982640 0.462022 
0.057405 0.008864 0.491768 
0.949880 0.016706 0.016706 0.016706 
0.250000 0.250000 0.250000 0.250000 
  89
0.479817 0.008496 0.046210 
0.462778 0.982640 0.462022 
0.057405 0.008864 0.491768 
0.949880 0.016706 0.016706 0.016706 
0.250000 0.250000 0.250000 0.250000 
  90
0.479817 0.008496 0.046210 
0.462778 0.982640 0.462022 
0.057405 0.008864 0.491768 
0.016706 0.016706 0.428406 0.538181 
0.250000 0.250000 0.250000 0.250000 
  91
0.479817 0.008496 0.046210 
0.462778 0.982640 0.462022 
0.057405 0.008864 0.491768 
0.016706 0.949880 0.016706 0.016706 
0.250000 0.250000 0.250000 0.250000 
  92
0.479817 0.008496 0.046210 
0.462778 0.982640 0.462022 
0.057405 0.008864 0.491768 
0.016706 0.949880 0.016706 0.016706 
0.250000 0.250000 0.250000 0.250000 
  93
0.479817 0.008496 0.046210 
0.462778 0.982640 0.462022 
0.057405 0.008864 0.491768 
0.564562 0.344086 0.049571 0.041781 
0.250000 0.250000 0.250000 0.250000 
  94
0.479817 0.008496 0.046210 
0.462778 0.982640 0.462022 
0.057405 0.008864 0.491768 
0.949880 0.016706 0.016706 0.016706 
0.250000 0.250000 0.250000 0.250000 
  95
0.479817 0.008496 0.046210 
0.462778 0.982640 0.462022 
0.057405 0.008864 0.491768 
0.016706 0.016706 0.949880 0.016706 
0.250000 0.250000 0.250000 0.250000 
  96
0.479817 0.008496 0.046210 
0.462778 0.982640 0.462022 
0.057405 0.008864 0.491768 
0.338855 0.016706 0.183602 0.460836 
0.250000 0.250000 0.250000 0.250000 
  97
0.479817 0.008496 0.046210 
0.462778 0.982640 0.462022 
0.057405 0.008864 0.491768 
0.949880 0.016706 0.016706 0.016706 
0.250000 0.250000 0.250000 0.250000 
  98
0.479817 0.008496 0.046210 
0.462778 0.982640 0.462022 
0.057405 0.008864 0.491768 
0.932901 0.033686 0.016706 0.016706 
0.250000 0.250000 0.250000 0.250000 
  99
0.479817 0.008496 0.046210 
0.462778 0.982640 0.462022 
0.057405 0.008864 0.491768 
0.817893 0.148694 0.016706 0.016706 
0.250000 0.250000 0.250000 0.250000 
 100
0.479817 0.008496 0.046210 
0.462778 0.982640 0.462022 
0.057405 0.008864 0.491768 
0.028382 0.938205 0.016707 0.016707 
0.250000 0.250000 0.250000 0.250000 
 101
0.479817 0.008496 0.046210 
0.462778 0.982640 0.462022 
0.057405 0.008864 0.491768 
0.016706 0.016706 0.016706 0.949880 
0.250000 0.250000 0.250000 0.250000 
 102
0.479817 0.008496 0.046210 
0.462778 0.982640 0.462022 
0.057405 0.008864 0.491768 
0.514247 0.438701 0.030345 0.016706 
0.250000 0.250000 0.250000 0.250000 
 103
0.479817 0.008496 0.046210 
0.462778 0.982640 0.462022 
0.057405 0.008864 0.491768 
0.882873 0.083714 0.016706 0.016706 
0.250000 0.250000 0.250000 0.250000 
 104
0.479817 0.008496 0.046210 
0.462778 0.982640 0.462022 
0.057405 0.008864 0.491768 
0.949880 0.016706 0.016706 0.016706 
0.250000 0.250000 0.250000 0.250000 
 105
0.479817 0.008496 0.046210 
0.462778 0.982640 0.462022 
0.057405 0.008864 0.491768 
0.016706 0.016706 0.945435 0.021152 
0.250000 0.250000 0.250000 0.250000 
 106
0.479817 0.008496 0.046210 
0.462778 0.982640 0.462022 
0.057405 0.008864 0.491768 
0.949880 0.016706 0.016706 0.016706 
0.250000 0.250000 0.250000 0.250000 
 107
0.479817 0.008496 0.046210 
0.462778 0.982640 0.462022 
0.057405 0.008864 0.491768 
0.016706 0.016706 0.949880 0.016706 
0.250000 0.250000 0.250000 0.250000 
 108
0.479817 0.008496 0.046210 
0.462778 0.982640 0.462022 
0.057405 0.008864 0.491768 
0.828702 0.075329 0.079263 0.016706 
0.250000 0.250000 0.250000 0.250000 
 109
0.479817 0.008496 0.046210 
0.462778 0.982640 0.462022 
0.057405 0.008864 0.491768 
0.016706 0.016706 0.323807 0.642780 
0.250000 0.250000 0.250000 0.250000 
 110
0.479817 0.008496 0.046210 
0.462778 0.982640 0.462022 
0.057405 0.008864 0.491768 
0.016706 0.016706 0.016706 0.949880 
0.250000 0.250000 0.250000 0.250000 
 111
0.479817 0.008496 0.046210 
0.462778 0.982640 0.462022 
0.057405 0.008864 0.491768 
0.772539 0.073552 0.074646 0.079263 
0.250000 0.250000 0.250000 0.250000 
 112
0.479817 0.008496 0.046210 
0.462778 0.982640 0.462022 
0.057405 0.008864 0.491768 
0.936242 0.030345 0.016706 0.016706 
0.250000 0.250000 0.250000 0.250000 
 113
0.479817 0.008496 0.046210 
0.462778 0.982640 0.462022 
0.057405 0.008864 0.491768 
0.016706 0.016706 0.949880 0.016706 
0.250000 0.250000 0.250000 0.250000 
 114
0.479817 0.008496 0.046210 
0.462778 0.982640 0.462022 
0.057405 0.008864 0.491768 
0.439392 0.021315 0.021972 0.517321 
0.250000 0.250000 0.250000 0.250000 
 115
0.479817 0.008496 0.046210 
0.462778 0.982640 0.462022 
0.057405 0.008864 0.491768 
0.016706 0.949880 0.016706 0.016706 
0.250000 0.250000 0.250000 0.250000 
 116
0.479817 0.008496 0.046210 
0.462778 0.982640 0.462022 
0.057405 0.008864 0.491768 
0.944814 0.021773 0.016706 0.016706 
0.250000 0.250000 0.250000 0.250000 
 117
0.479817 0.008496 0.046210 
0.462778 0.982640 0.462022 
0.057405 0.008864 0.491768 
0.407133 0.559454 0.016706 0.016706 
0.250000 0.250000 0.250000 0.250000 
 118
0.479817 0.008496 0.046210 
0.462778 0.982640 0.462022 
0.057405 0.008864 0.491768 
0.949880 0.016706 0.016706 0.016706 
0.250000 0.250000 0.250000 0.250000 
 119
0.479817 0.008496 0.046210 
0.462778 0.982640 0.462022 
0.057405 0.008864 0.491768 
0.225715 0.740872 0.016706 0.016706 
0.250000 0.250000 0.250000 0.250000 
 120
0.479817 0.008496 0.046210 
0.462778 0.982640 0.462022 
0.057405 0.008864 0.491768 
0.610021 0.356566 0.016706 0.016706 
0.250000 0.250000 0.250000 0.250000 
 121
0.479817 0.008496 0.046210 
0.462778 0.982640 0.462022 
0.057405 0.008864 0.491768 
0.016706 0.949880 0.016706 0.016706 
0.250000 0.250000 0.250000 0.250000 
 122
0.479817 0.008496 0.046210 
0.462778 0.982640 0.462022 
0.057405 0.008864 0.491768 
0.022315 0.944272 0.016706 0.016706 
0.250000 0.250000 0.250000 0.250000 
 123
0.479817 0.008496 0.046210 
0.462778 0.982640 0.462022 
0.057405 0.008864 0.491768 
0.648078 0.285055 0.016706 0.050160 
0.250000 0.250000 0.250000 0.250000 
 124
0.479817 0.008496 0.046210 
0.462778 0.982640 0.462022 
0.057405 0.008864 0.491768 
0.476285 0.490302 0.016706 0.016706 
0.250000 0.250000 0.250000 0.250000 
 125
0.479817 0.008496 0.046210 
0.462778 0.982640 0.462022 
0.057405 0.008864 0.491768 
0.016706 0.016706 0.016706 0.949880 
0.250000 0.250000 0.250000 0.250000 
 126
0.479817 0.008496 0.046210 
0.462778 0.982640 0.462022 
0.057405 0.008864 0.491768 
0.179512 0.387968 0.021176 0.411343 
0.250000 0.250000 0.250000 0.250000 
 127
0.479817 0.008496 0.046210 
0.462778 0.982640 0.462022 
0.057405 0.008864 0.491768 
0.016706 0.949880 0.016706 0.016706 
0.250000 0.250000 0.250000 0.250000 
 128
0.479817 0.008496 0.046210 
0.462778 0.982640 0.462022 
0.057405 0.008864 0.491768 
0.949880 0.016706 0.016706 0.016706 
0.250000 0.250000 0.250000 0.250000 
 129
0.479817 0.008496 0.046210 
0.462778 0.982640 0.462022 
0.057405 0.008864 0.491768 
0.897152 0.069435 0.016706 0.016706 
0.250000 0.250000 0.250000 0.250000 
 130
0.479817 0.008496 0.046210 
0.462778 0.982640 0.462022 
0.057405 0.008864 0.491768 
0.016706 0.949880 0.016706 0.016706 
0.250000 0.250000 0.250000 0.250000 
 131
0.479817 0.008496 0.046210 
0.462778 0.982640 0.462022 
0.057405 0.008864 0.491768 
0.016706 0.016706 0.016706 0.949880 
0.250000 0.250000 0.250000 0.250000 
 132
0.479817 0.008496 0.046210 
0.462778 0.982640 0.462022 
0.057405 0.008864 0.491768 
0.401521 0.025024 0.360906 0.212549 
0.250000 0.250000 0.250000 0.250000 
 133
0.479817 0.008496 0.046210 
0.462778 0.982640 0.462022 
0.057405 0.008864 0.491768 
0.016706 0.949880 0.016706 0.016706 
0.250000 0.250000 0.250000 0.250000 
 134
0.479817 0.008496 0.046210 
0.462778 0.982640 0.462022 
0.057405 0.008864 0.491768 
0.016706 0.016706 0.016706 0.949880 
0.250000 0.250000 0.250000 0.250000 
 135
0.479817 0.008496 0.046210 
0.462778 0.982640 0.462022 
0.057405 0.008864 0.491768 
0.147050 0.281418 0.216728 0.354804 
0.250000 0.250000 0.250000 0.250000 
 136
0.479817 0.008496 0.046210 
0.462778 0.982640 0.462022 
0.057405 0.008864 0.491768 
0.938374 0.028213 0.016706 0.016706 
0.250000 0.250000 0.250000 0.250000 
 137
0.479817 0.008496 0.046210 
0.462778 0.982640 0.462022 
0.057405 0.008864 0.491768 
0.949880 0.016706 0.016706 0.016706 
0.250000 0.250000 0.250000 0.250000 
 138
0.479817 0.008496 0.046210 
0.462778 0.982640 0.462022 
0.057405 0.008864 0.491768 
0.016706 0.016706 0.108027 0.858560 
0.250000 0.250000 0.250000 0.250000 
 139
0.479817 0.008496 0.046210 
0.462778 0.982640 0.462022 
0.057405 0.008864 0.491768 
0.016706 0.949880 0.016706 0.016706 
0.250000 0.250000 0.250000 0.250000 
 140
0.479817 0.008496 0.046210 
0.462778 0.982640 0.462022 
0.057405 0.008864 0.491768 
0.016781 0.016781 0.949656 0.016781 
0.250000 0.250000 0.250000 0.250000 
 141
0.479817 0.008496 0.046210 
0.462778 0.982640 0.462022 
0.057405 0.008864 0.491768 
0.540099 0.027382 0.400294 0.032226 
0.250000 0.250000 0.250000 0.250000 
 142
0.479817 0.008496 0.046210 
0.462778 0.982640 0.462022 
0.057405 0.008864 0.491768 
0.949880 0.016706 0.016706 0.016706 
0.250000 0.250000 0.250000 0.250000 
 143
0.479817 0.008496 0.046210 
0.462778 0.982640 0.462022 
0.057405 0.008864 0.491768 
0.016706 0.016706 0.949880 0.016706 
0.250000 0.250000 0.250000 0.250000 
 144
0.479817 0.008496 0.046210 
0.462778 0.982640 0.462022 
0.057405 0.008864 0.491768 
0.389123 0.139214 0.049628 0.422034 
0.250000 0.250000 0.250000 0.250000 
 145
0.479817 0.008496 0.046210 
0.462778 0.982640 0.462022 
0.057405 0.008864 0.491768 
0.016706 0.949880 0.016706 0.016706 
0.250000 0.250000 0.250000 0.250000 
 146
0.479817 0.008496 0.046210 
0.462778 0.982640 0.462022 
0.057405 0.008864 0.491768 
0.949880 0.016706 0.016706 0.016706 
0.250000 0.250000 0.250000 0.250000 
 147
0.479817 0.008496 0.046210 
0.462778 0.982640 0.462022 
0.057405 0.008864 0.491768 
0.681716 0.284871 0.016706 0.016706 
0.250000 0.250000 0.250000 0.250000 
 148
0.479817 0.008496 0.046210 
0.462778 0.982640 0.462022 
0.057405 0.008864 0.491768 
0.944640 0.021947 0.016706 0.016706 
0.250000 0.250000 0.250000 0.250000 
 149
0.479817 0.008496 0.046210 
0.462778 0.982640 0.462022 
0.057405 0.008864 0.491768 
0.016706 0.016706 0.944640 0.021947 
0.250000 0.250000 0.250000 0.250000 
 150
0.479817 0.008496 0.046210 
0.462778 0.982640 0.462022 
0.057405 0.008864 0.491768 
0.388148 0.564800 0.030345 0.016706 
0.250000 0.250000 0.250000 0.250000 
 151
0.479817 0.008496 0.046210 
0.462778 0.982640 0.462022 
0.057405 0.008864 0.491768 
0.016706 0.949880 0.016706 0.016706 
0.250000 0.250000 0.250000 0.250000 
 152
0.479817 0.008496 0.046210 
0.462778 0.982640 0.462022 
0.057405 0.008864 0.491768 
0.016706 0.016706 0.016706 0.949880 
0.250000 0.250000 0.250000 0.250000 
 153
0.479817 0.008496 0.046210 
0.462778 0.982640 0.462022 
0.057405 0.008864 0.491768 
0.034479 0.818057 0.016706 0.130757 
0.250000 0.250000 0.250000 0.250000 
 154
0.479817 0.008496 0.046210 
0.462778 0.982640 0.462022 
0.057405 0.008864 0.491768 
0.016706 0.949880 0.016706 0.016706 
0.250000 0.250000 0.250000 0.250000 
 155
0.479817 0.008496 0.046210 
0.462778 0.982640 0.462022 
0.057405 0.008864 0.491768 
0.949880 0.016706 0.016706 0.016706 
0.250000 0.250000 0.250000 0.250000 
 156
0.479817 0.008496 0.046210 
0.462778 0.982640 0.462022 
0.057405 0.008864 0.491768 
0.722341 0.244246 0.016706 0.016706 
0.250000 0.250000 0.250000 0.250000 
 157
0.479817 0.008496 0.046210 
0.462778 0.982640 0.462022 
0.057405 0.008864 0.491768 
0.420526 0.016706 0.546061 0.016706 
0.250000 0.250000 0.250000 0.250000 
 158
0.479817 0.008496 0.046210 
0.462778 0.982640 0.462022 
0.057405 0.008864 0.491768 
0.110312 0.463143 0.409838 0.016706 
0.250000 0.250000 0.250000 0.250000 
 159
0.479817 0.008496 0.046210 
0.462778 0.982640 0.462022 
0.057405 0.008864 0.491768 
0.501213 0.066267 0.052014 0.380506 
0.250000 0.250000 0.250000 0.250000 
 160
0.479817 0.008496 0.046210 
0.462778 0.982640 0.462022 
0.057405 0.008864 0.491768 
0.564339 0.393869 0.025085 0.016706 
0.250000 0.250000 0.250000 0.250000 
 161
0.479817 0.008496 0.046210 
0.462778 0.982640 0.462022 
0.057405 0.008864 0.491768 
0.067514 0.025085 0.805128 0.102273 
0.250000 0.250000 0.250000 0.250000 
 162
0.479817 0.008496 0.046210 
0.462778 0.982640 0.462022 
0.057405 0.008864 0.491768 
0.675348 0.291239 0.016706 0.016706 
0.250000 0.250000 0.250000 0.250000 
 163
0.479817 0.008496 0.046210 
0.462778 0.982640 0.462022 
0.057405 0.008864 0.491768 
0.883273 0.083314 0.016706 0.016706 
0.250000 0.250000 0.250000 0.250000 
 164
0.479817 0.008496 0.046210 
0.462778 0.982640 0.462022 
0.057405 0.008864 0.491768 
0.909235 0.048973 0.025085 0.016707 
0.250000 0.250000 0.250000 0.250000 
 165
0.479817 0.008496 0.046210 
0.462778 0.982640 0.462022 
0.057405 0.008864 0.491768 
0.025085 0.016706 0.532357 0.425851 
0.250000 0.250000 0.250000 0.250000 
 166
0.479817 0.008496 0.046210 
0.462778 0.982640 0.462022 
0.057405 0.008864 0.491768 
0.561671 0.387875 0.028382 0.022072 
0.250000 0.250000 0.250000 0.250000 
 167
0.479817 0.008496 0.046210 
0.462778 0.982640 0.462022 
0.057405 0.008864 0.491768 
0.016707 0.016707 0.029267 0.937320 
0.250000 0.250000 0.250000 0.250000 
 168
0.479817 0.008496 0.046210 
0.462778 0.982640 0.462022 
0.057405 0.008864 0.491768 
0.030345 0.016706 0.606205 0.346743 
0.250000 0.250000 0.250000 0.250000 
 169
0.479817 0.008496 0.046210 
0.462778 0.982640 0.462022 
0.057405 0.008864 0.491768 
0.360366 0.072153 0.550774 0.016706 
0.250000 0.250000 0.250000 0.250000 
 170
0.479817 0.008496 0.046210 
0.462778 0.982640 0.462022 
0.057405 0.008864 0.491768 
0.394145 0.038375 0.550774 0.016706 
0.250000 0.250000 0.250000 0.250000 
 171
0.479817 0.008496 0.046210 
0.462778 0.982640 0.462022 
0.057405 0.008864 0.491768 
0.030844 0.415813 0.517220 0.036124 
0.250000 0.250000 0.250000 0.250000 
 172
0.479817 0.008496 0.046210 
0.462778 0.982640 0.462022 
0.057405 0.008864 0.491768 
0.949880 0.016706 0.016706 0.016706 
0.250000 0.250000 0.250000 0.250000 
 173
0.479817 0.008496 0.046210 
0.462778 0.982640 0.462022 
0.057405 0.008864 0.491768 
0.510848 0.455739 0.016706 0.016706 
0.250000 0.250000 0.250000 0.250000 
 174
0.479817 0.008496 0.046210 
0.462778 0.982640 0.462022 
0.057405 0.008864 0.491768 
0.434865 0.515020 0.016706 0.033409 
0.250000 0.250000 0.250000 0.250000 
 175
0.479817 0.008496 0.046210 
0.462778 0.982640 0.462022 
0.057405 0.008864 0.491768 
0.949880 0.016706 0.016706 0.016706 
0.250000 0.250000 0.250000 0.250000 
 176
0.479817 0.008496 0.046210 
0.462778 0.982640 0.462022 
0.057405 0.008864 0.491768 
0.016706 0.016706 0.016706 0.949880 
0.250000 0.250000 0.250000 0.250000 
 177
0.479817 0.008496 0.046210 
0.462778 0.982640 0.462022 
0.057405 0.008864 0.491768 
0.394216 0.016706 0.484170 0.104908 
0.250000 0.250000 0.250000 0.250000 
 178
0.479817 0.008496 0.046210 
0.462778 0.982640 0.462022 
0.057405 0.008864 0.491768 
0.024111 0.016706 0.016706 0.942476 
0.250000 0.250000 0.250000 0.250000 
 179
0.479817 0.008496 0.046210 
0.462778 0.982640 0.462022 
0.057405 0.008864 0.491768 
0.016706 0.949880 0.016706 0.016706 
0.250000 0.250000 0.250000 0.250000 
 180
0.479817 0.008496 0.046210 
0.462778 0.982640 0.462022 
0.057405 0.008864 0.491768 
0.016706 0.016706 0.701293 0.265294 
0.250000 0.250000 0.250000 0.250000 
 181
0.479817 0.008496 0.046210 
0.462778 0.982640 0.462022 
0.057405 0.008864 0.491768 
0.449266 0.033329 0.016706 0.500698 
0.250000 0.250000 0.250000 0.250000 
 182
0.479817 0.008496 0.046210 
0.462778 0.982640 0.462022 
0.057405 0.008864 0.491768 
0.016706 0.016706 0.949880 0.016706 
0.250000 0.250000 0.250000 0.250000 
 183
0.479817 0.008496 0.046210 
0.462778 0.982640 0.462022 
0.057405 0.008864 0.491768 
0.530960 0.016706 0.163421 0.288913 
0.250000 0.250000 0.250000 0.250000 
 184
0.479817 0.008496 0.046210 
0.462778 0.982640 0.462022 
0.057405 0.008864 0.491768 
0.559795 0.016706 0.406792 0.016706 
0.250000 0.250000 0.250000 0.250000 
 185
0.479817 0.008496 0.046210 
0.462778 0.982640 0.462022 
0.057405 0.008864 0.491768 
0.935995 0.030592 0.016706 0.016706 
0.250000 0.250000 0.250000 0.250000 
 186
0.479817 0.008496 0.046210 
0.462778 0.982640 0.462022 
0.057405 0.008864 0.491768 
0.794422 0.167706 0.021165 0.016706 
0.250000 0.250000 0.250000 0.250000 
 187
0.479817 0.008496 0.046210 
0.462778 0.982640 0.462022 
0.057405 0.008864 0.491768 
0.016706 0.949880 0.016706 0.016706 
0.250000 0.250000 0.250000 0.250000 
 188
0.479817 0.008496 0.046210 
0.462778 0.982640 0.462022 
0.057405 0.008864 0.491768 
0.022681 0.943906 0.016706 0.016706 
0.250000 0.250000 0.250000 0.250000 
 189
0.479817 0.008496 0.046210 
0.462778 0.982640 0.462022 
0.057405 0.008864 0.491768 
0.127601 0.838986 0.016706 0.016706 
0.250000 0.250000 0.250000 0.250000 
 190
0.479817 0.008496 0.046210 
0.462778 0.982640 0.462022 
0.057405 0.008864 0.491768 
0.949880 0.016706 0.016706 0.016706 
0.250000 0.250000 0.250000 0.250000 
 191
0.479817 0.008496 0.046210 
0.462778 0.982640 0.462022 
0.057405 0.008864 0.491768 
0.949880 0.016706 0.016706 0.016706 
0.250000 0.250000 0.250000 0.250000 
 192
0.479817 0.008496 0.046210 
0.462778 0.982640 0.462022 
0.057405 0.008864 0.491768 
0.882836 0.083751 0.016706 0.016706 
0.250000 0.250000 0.250000 0.250000 
 193
0.479817 0.008496 0.046210 
0.462778 0.982640 0.462022 
0.057405 0.008864 0.491768 
0.883453 0.016706 0.083134 0.016706 
0.250000 0.250000 0.250000 0.250000 
 194
0.479817 0.008496 0.046210 
0.462778 0.982640 0.462022 
0.057405 0.008864 0.491768 
0.125340 0.827109 0.022315 0.025236 
0.250000 0.250000 0.250000 0.250000 
 195
0.479817 0.008496 0.046210 
0.462778 0.982640 0.462022 
0.057405 0.008864 0.491768 
0.248839 0.717748 0.016706 0.016706 
0.250000 0.250000 0.250000 0.250000 
 196
0.479817 0.008496 0.046210 
0.462778 0.982640 0.462022 
0.057405 0.008864 0.491768 
0.526691 0.112662 0.330301 0.030345 
0.250000 0.250000 0.250000 0.250000 
 197
0.479817 0.008496 0.046210 
0.462778 0.982640 0.462022 
0.057405 0.008864 0.491768 
0.016706 0.016706 0.949880 0.016706 
0.250000 0.250000 0.250000 0.250000 
 198
0.479817 0.008496 0.046210 
0.462778 0.982640 0.462022 
0.057405 0.008864 0.491768 
0.858249 0.016707 0.041193 0.083852 
0.250000 0.250000 0.250000 0.250000 
 199
0.479817 0.008496 0.046210 
0.462778 0.982640 0.462022 
0.057405 0.008864 0.491768 
0.597557 0.369030 0.016706 0.016706 
0.250000 0.250000 0.250000 0.250000 
 200
0.479817 0.008496 0.046210 
0.462778 0.982640 0.462022 
0.057405 0.008864 0.491768 
0.016706 0.016706 0.425137 0.541450 
0.250000 0.250000 0.250000 0.250000 
 201
0.479817 0.008496 0.046210 
0.462778 0.982640 0.462022 
0.057405 0.008864 0.491768 
0.409945 0.016706 0.065459 0.507890 
0.250000 0.250000 0.250000 0.250000 
 202
0.479817 0.008496 0.046210 
0.462778 0.982640 0.462022 
0.057405 0.008864 0.491768 
0.016706 0.949880 0.016706 0.016706 
0.250000 0.250000 0.250000 0.250000 
 203
0.479817 0.008496 0.046210 
0.462778 0.982640 0.462022 
0.057405 0.008864 0.491768 
0.949880 0.016706 0.016706 0.016706 
0.250000 0.250000 0.250000 0.250000 
 204
0.479817 0.008496 0.046210 
0.462778 0.982640 0.462022 
0.057405 0.008864 0.491768 
0.016706 0.016706 0.543379 0.423208 
0.250000 0.250000 0.250000 0.250000 
 205
0.479817 0.008496 0.046210 
0.462778 0.982640 0.462022 
0.057405 0.008864 0.491768 
0.021570 0.016706 0.914230 0.047493 
0.250000 0.250000 0.250000 0.250000 
 206
0.479817 0.008496 0.046210 
0.462778 0.982640 0.462022 
0.057405 0.008864 0.491768 
0.016706 0.016706 0.016706 0.949880 
0.250000 0.250000 0.250000 0.250000 
 207
0.479817 0.008496 0.046210 
0.462778 0.982640 0.462022 
0.057405 0.008864 0.491768 
0.030874 0.418268 0.335694 0.215163 
0.250000 0.250000 0.250000 0.250000 
 208
0.479817 0.008496 0.046210 
0.462778 0.982640 0.462022 
0.057405 0.008864 0.491768 
0.020739 0.945848 0.016706 0.016706 
0.250000 0.250000 0.250000 0.250000 
 209
0.479817 0.008496 0.046210 
0.462778 0.982640 0.462022 
0.057405 0.008864 0.491768 
0.016706 0.936220 0.030367 0.016706 
0.250000 0.250000 0.250000 0.250000 
 210
0.479817 0.008496 0.046210 
0.462778 0.982640 0.462022 
0.057405 0.008864 0.491768 
0.379375 0.030705 0.127394 0.462526 
0.250000 0.250000 0.250000 0.250000 
 211
0.479817 0.008496 0.046210 
0.462778 0.982640 0.462022 
0.057405 0.008864 0.491768 
0.016706 0.016706 0.949880 0.016706 
0.250000 0.250000 0.250000 0.250000 
 212
0.479817 0.008496 0.046210 
0.462778 0.982640 0.462022 
0.057405 0.008864 0.491768 
0.883273 0.083314 0.016706 0.016706 
0.250000 0.250000 0.250000 0.250000 
 213
0.479817 0.008496 0.046210 
0.462778 0.982640 0.462022 
0.057405 0.008864 0.491768 
0.876630 0.089957 0.016706 0.016706 
0.250000 0.250000 0.250000 0.250000 
 214
0.479817 0.008496 0.046210 
0.462778 0.982640 0.462022 
0.057405 0.008864 0.491768 
0.016706 0.016706 0.016706 0.949880 
0.250000 0.250000 0.250000 0.250000 
 215
0.479817 0.008496 0.046210 
0.462778 0.982640 0.462022 
0.057405 0.008864 0.491768 
0.016706 0.949880 0.016706 0.016706 
0.250000 0.250000 0.250000 0.250000 
 216
0.479817 0.008496 0.046210 
0.462778 0.982640 0.462022 
0.057405 0.008864 0.491768 
0.016706 0.016706 0.113995 0.852592 
0.250000 0.250000 0.250000 0.250000 
 217
0.479817 0.008496 0.046210 
0.462778 0.982640 0.462022 
0.057405 0.008864 0.491768 
0.016706 0.949880 0.016706 0.016706 
0.250000 0.250000 0.250000 0.250000 
 218
0.479817 0.008496 0.046210 
0.462778 0.982640 0.462022 
0.057405 0.008864 0.491768 
0.016706 0.949880 0.016706 0.016706 
0.250000 0.250000 0.250000 0.250000 
 219
0.479817 0.008496 0.046210 
0.462778 0.982640 0.462022 
0.057405 0.008864 0.491768 
0.891567 0.064980 0.026746 0.016707 
0.250000 0.250000 0.250000 0.250000 
 220
0.479817 0.008496 0.046210 
0.462778 0.982640 0.462022 
0.057405 0.008864 0.491768 
0.046968 0.016706 0.823609 0.112716 
0.250000 0.250000 0.250000 0.250000 
 221
0.479817 0.008496 0.046210 
0.462778 0.982640 0.462022 
0.057405 0.008864 0.491768 
0.016706 0.016706 0.016706 0.949880 
0.250000 0.250000 0.250000 0.250000 
 222
0.479817 0.008496 0.046210 
0.462778 0.982640 0.462022 
0.057405 0.008864 0.491768 
0.113240 0.117850 0.095253 0.673657 
0.250000 0.250000 0.250000 0.250000 
 223
0.479817 0.008496 0.046210 
0.462778 0.982640 0.462022 
0.057405 0.008864 0.491768 
0.016706 0.016706 0.920185 0.046402 
0.250000 0.250000 0.250000 0.250000 
 224
0.479817 0.008496 0.046210 
0.462778 0.982640 0.462022 
0.057405 0.008864 0.491768 
0.016706 0.016706 0.016706 0.949880 
0.250000 0.250000 0.250000 0.250000 
 225
0.479817 0.008496 0.046210 
0.462778 0.982640 0.462022 
0.057405 0.008864 0.491768 
0.411830 0.521304 0.016706 0.050160 
0.250000 0.250000 0.250000 0.250000 
 226
0.479817 0.008496 0.046210 
0.462778 0.982640 0.462022 
0.057405 0.008864 0.491768 
0.016706 0.949880 0.016706 0.016706 
0.250000 0.250000 0.250000 0.250000 
 227
0.479817 0.008496 0.046210 
0.462778 0.982640 0.462022 
0.057405 0.008864 0.491768 
0.016706 0.949880 0.016706 0.016706 
0.250000 0.250000 0.250000 0.250000 
 228
0.479817 0.008496 0.046210 
0.462778 0.982640 0.462022 
0.057405 0.008864 0.491768 
0.733875 0.227393 0.022025 0.016706 
0.250000 0.250000 0.250000 0.250000 
 229
0.479817 0.008496 0.046210 
0.462778 0.982640 0.462022 
0.057405 0.008864 0.491768 
0.949880 0.016706 0.016706 0.016706 
0.250000 0.250000 0.250000 0.250000 
 230
0.479817 0.008496 0.046210 
0.462778 0.982640 0.462022 
0.057405 0.008864 0.491768 
0.016706 0.016706 0.894101 0.072486 
0.250000 0.250000 0.250000 0.250000 
 231
0.479817 0.008496 0.046210 
0.462778 0.982640 0.462022 
0.057405 0.008864 0.491768 
0.442110 0.025918 0.481812 0.050160 
0.250000 0.250000 0.250000 0.250000 
 232
0.479817 0.008496 0.046210 
0.462778 0.982640 0.462022 
0.057405 0.008864 0.491768 
0.478905 0.088575 0.396199 0.036320 
0.250000 0.250000 0.250000 0.250000 
 233
0.479817 0.008496 0.046210 
0.462778 0.982640 0.462022 
0.057405 0.008864 0.491768 
0.016707 0.016707 0.076142 0.890445 
0.250000 0.250000 0.250000 0.250000 
 234
0.479817 0.008496 0.046210 
0.462778 0.982640 0.462022 
0.057405 0.008864 0.491768 
0.351178 0.081342 0.432972 0.134508 
0.250000 0.250000 0.250000 0.250000 
 235
0.479817 0.008496 0.046210 
0.462778 0.982640 0.462022 
0.057405 0.008864 0.491768 
0.949880 0.016706 0.016706 0.016706 
0.250000 0.250000 0.250000 0.250000 
 236
