%  SAM: /scicomp/home/vfn4/Tools/LABEL_RES/scripts/modelfromalign v3.5 (July 15, 2005) compiled 12/08/06_16:15:55
%  (c) 1992-2001 Regents of the University of California, Santa Cruz
%
%          Sequence Alignment and Modeling Software System
%         http://www.cse.ucsc.edu/research/compbio/sam.html
%
% ----------------- Citations (SAM, SAM-T2K, HMMs) --------------------
% R. Hughey, A. Krogh, Hidden Markov models for sequence analysis:
%  Extension and analysis of the basic method, CABIOS 12:95-107, 1996.
% K. Karplus, et al., What is the value added by human intervention in protein
%  structure prediction, Proteins: Stucture, Function, Genetics 45(S5):86--91, 2001.
% A. Krogh et al., Hidden Markov models in computational biology:
%  Applications to protein modeling, JMB 235:1501-1531, Feb 1994.
% ---------------------------------------------------------------------
%  B_HA_hmm   Host: login.aspen.biotech.cdc.gov    Mon Aug 25 11:52:56 2014
%  vfn4       Dir:  /scicomp/home/vfn4/IRMA/train3/HA
% ---------------------------------------------------------------------
%  Alignment weights from internal calc.  Total (57.97) Max (0.58) Min (0.01)
%  Weights from alignment method 1 (karplus), b=-1.000000, e=0.500000
MODEL --  Model from alignment file /scicomp/home/vfn4/Tools/LABEL_RES/training_data/irmaHA/B_HA.fasta
alphabet DNA
FREQAVE
0.000000 0.000000 0.000000 
0.000000 0.000000 0.000000 
0.000000 0.000000 0.000000 
0.337169 0.216192 0.214720 0.231919 
0.337169 0.216192 0.214720 0.231919 
Begin
0.000000 0.000000 0.000000 
0.000000 0.000000 0.000000 
0.000000 0.003594 0.491768 
0.250000 0.250000 0.250000 0.250000 
0.250000 0.250000 0.250000 0.250000 
   1
0.000000 0.048911 0.046210 
0.000000 0.947495 0.462022 
0.030936 0.003765 0.491768 
0.986511 0.004496 0.004496 0.004496 
0.250000 0.250000 0.250000 0.250000 
   2
0.719670 0.003609 0.046210 
0.249394 0.992626 0.462022 
0.030936 0.003765 0.491768 
0.005594 0.004496 0.004496 0.985413 
0.250000 0.250000 0.250000 0.250000 
   3
0.718085 0.003609 0.046210 
0.250979 0.992626 0.462022 
0.030985 0.003764 0.491768 
0.004495 0.985416 0.004495 0.005593 
0.250000 0.250000 0.250000 0.250000 
   4
0.715724 0.003608 0.046210 
0.253291 0.992627 0.462022 
0.031094 0.003763 0.491768 
0.981404 0.009607 0.004495 0.004495 
0.250000 0.250000 0.250000 0.250000 
   5
0.718238 0.003607 0.046210 
0.250668 0.992630 0.462022 
0.031094 0.003763 0.491768 
0.985070 0.004493 0.005943 0.004493 
0.250000 0.250000 0.250000 0.250000 
   6
0.716700 0.003607 0.046210 
0.252206 0.992630 0.462022 
0.031142 0.003762 0.491768 
0.009444 0.981571 0.004492 0.004492 
0.250000 0.250000 0.250000 0.250000 
   7
0.717804 0.003606 0.046210 
0.251054 0.992631 0.462022 
0.031142 0.003762 0.491768 
0.006706 0.984309 0.004492 0.004492 
0.250000 0.250000 0.250000 0.250000 
   8
0.717804 0.003606 0.046210 
0.251054 0.992631 0.462022 
0.031142 0.003762 0.491768 
0.004902 0.006615 0.983316 0.005167 
0.250000 0.250000 0.250000 0.250000 
   9
0.716135 0.003606 0.046210 
0.252723 0.992631 0.462022 
0.031194 0.003762 0.491768 
0.968514 0.008470 0.017749 0.005267 
0.250000 0.250000 0.250000 0.250000 
  10
0.695595 0.003606 0.046210 
0.273211 0.992632 0.462022 
0.031887 0.003753 0.491768 
0.982779 0.006744 0.005389 0.005089 
0.250000 0.250000 0.250000 0.250000 
  11
0.702016 0.003598 0.046210 
0.266097 0.992649 0.462022 
0.032178 0.003750 0.491768 
0.004474 0.004474 0.005838 0.985214 
0.250000 0.250000 0.250000 0.250000 
  12
0.702332 0.003595 0.046210 
0.265490 0.992655 0.462022 
0.032375 0.003748 0.491768 
0.975085 0.015974 0.004470 0.004470 
0.250000 0.250000 0.250000 0.250000 
  13
0.697725 0.003592 0.046210 
0.269900 0.992660 0.462022 
0.032666 0.003744 0.491768 
0.985942 0.005126 0.004466 0.004466 
0.250000 0.250000 0.250000 0.250000 
  14
0.699419 0.003589 0.046210 
0.267915 0.992666 0.462022 
0.032816 0.003743 0.491768 
0.004463 0.004463 0.005084 0.985991 
0.250000 0.250000 0.250000 0.250000 
  15
0.698432 0.003588 0.046210 
0.268752 0.992670 0.462022 
0.032955 0.003741 0.491768 
0.004460 0.014832 0.004460 0.976247 
0.250000 0.250000 0.250000 0.250000 
  16
0.699055 0.003586 0.046210 
0.267991 0.992673 0.462022 
0.033031 0.003740 0.491768 
0.006328 0.984340 0.004460 0.004872 
0.250000 0.250000 0.250000 0.250000 
  17
0.700683 0.003585 0.046210 
0.266285 0.992674 0.462022 
0.033031 0.003740 0.491768 
0.004459 0.004459 0.005726 0.985355 
0.250000 0.250000 0.250000 0.250000 
  18
0.687355 0.003585 0.046210 
0.279614 0.992674 0.462022 
0.033477 0.003736 0.491768 
0.985539 0.005557 0.004452 0.004452 
0.250000 0.250000 0.250000 0.250000 
  19
0.694705 0.003581 0.046210 
0.271817 0.992683 0.462022 
0.033542 0.003735 0.491768 
0.004955 0.004451 0.986143 0.004451 
0.250000 0.250000 0.250000 0.250000 
  20
0.696052 0.003580 0.046210 
0.270406 0.992685 0.462022 
0.033542 0.003735 0.491768 
0.004451 0.004451 0.004451 0.986647 
0.250000 0.250000 0.250000 0.250000 
  21
0.501188 0.003580 0.046210 
0.465269 0.992685 0.462022 
0.041661 0.003667 0.491768 
0.986952 0.004349 0.004349 0.004349 
0.250000 0.250000 0.250000 0.250000 
  22
0.616455 0.003515 0.046210 
0.341885 0.992817 0.462022 
0.041913 0.003666 0.491768 
0.004347 0.004347 0.986959 0.004347 
0.250000 0.250000 0.250000 0.250000 
  23
0.620197 0.003514 0.046210 
0.337890 0.992820 0.462022 
0.041913 0.003666 0.491768 
0.004347 0.004347 0.004347 0.986959 
0.250000 0.250000 0.250000 0.250000 
  24
0.620197 0.003514 0.046210 
0.337890 0.992820 0.462022 
0.041913 0.003666 0.491768 
0.029170 0.005426 0.960637 0.004767 
0.250000 0.250000 0.250000 0.250000 
  25
0.603392 0.003514 0.046210 
0.354695 0.992820 0.462022 
0.042630 0.003661 0.491768 
0.985426 0.005418 0.004816 0.004340 
0.250000 0.250000 0.250000 0.250000 
  26
0.611044 0.003509 0.046210 
0.346327 0.992829 0.462022 
0.042744 0.003660 0.491768 
0.004339 0.004339 0.004339 0.986983 
0.250000 0.250000 0.250000 0.250000 
  27
0.607235 0.003509 0.046210 
0.350021 0.992831 0.462022 
0.042977 0.003659 0.491768 
0.004337 0.986497 0.004337 0.004829 
0.250000 0.250000 0.250000 0.250000 
  28
0.610556 0.003507 0.046210 
0.346467 0.992834 0.462022 
0.042977 0.003659 0.491768 
0.004840 0.986484 0.004338 0.004338 
0.250000 0.250000 0.250000 0.250000 
  29
0.607237 0.003507 0.046210 
0.349786 0.992834 0.462022 
0.043120 0.003658 0.491768 
0.004932 0.004336 0.005488 0.985244 
0.250000 0.250000 0.250000 0.250000 
  30
0.609259 0.003507 0.046210 
0.347620 0.992835 0.462022 
0.043120 0.003658 0.491768 
0.986993 0.004336 0.004336 0.004336 
0.250000 0.250000 0.250000 0.250000 
  31
0.602233 0.003507 0.046210 
0.354647 0.992835 0.462022 
0.043426 0.003656 0.491768 
0.005445 0.985889 0.004333 0.004333 
0.250000 0.250000 0.250000 0.250000 
  32
0.596775 0.003505 0.046210 
0.359799 0.992839 0.462022 
0.043852 0.003654 0.491768 
0.004329 0.004329 0.005742 0.985600 
0.250000 0.250000 0.250000 0.250000 
  33
0.602632 0.003502 0.046210 
0.353516 0.992844 0.462022 
0.043852 0.003654 0.491768 
0.985202 0.005053 0.004329 0.005416 
0.250000 0.250000 0.250000 0.250000 
  34
0.599298 0.003502 0.046210 
0.356850 0.992844 0.462022 
0.043999 0.003653 0.491768 
0.986527 0.004818 0.004328 0.004328 
0.250000 0.250000 0.250000 0.250000 
  35
0.601303 0.003502 0.046210 
0.354699 0.992846 0.462022 
0.043999 0.003653 0.491768 
0.004328 0.004328 0.987017 0.004328 
0.250000 0.250000 0.250000 0.250000 
  36
0.601303 0.003502 0.046210 
0.354699 0.992846 0.462022 
0.043999 0.003653 0.491768 
0.986148 0.005197 0.004328 0.004328 
0.250000 0.250000 0.250000 0.250000 
  37
0.599039 0.003502 0.046210 
0.356962 0.992846 0.462022 
0.044098 0.003652 0.491768 
0.004327 0.004327 0.004327 0.987019 
0.250000 0.250000 0.250000 0.250000 
  38
0.600398 0.003501 0.046210 
0.355503 0.992847 0.462022 
0.044098 0.003652 0.491768 
0.004327 0.004327 0.987019 0.004327 
0.250000 0.250000 0.250000 0.250000 
  39
0.594028 0.003501 0.046210 
0.361874 0.992847 0.462022 
0.044381 0.003651 0.491768 
0.005704 0.004324 0.982689 0.007282 
0.250000 0.250000 0.250000 0.250000 
  40
0.517140 0.003499 0.046210 
0.438479 0.992850 0.462022 
0.048277 0.003630 0.491768 
0.986001 0.004997 0.004708 0.004294 
0.250000 0.250000 0.250000 0.250000 
  41
0.562534 0.003480 0.046210 
0.389189 0.992890 0.462022 
0.048277 0.003630 0.491768 
0.986603 0.004810 0.004294 0.004294 
0.250000 0.250000 0.250000 0.250000 
  42
0.559719 0.003480 0.046210 
0.392004 0.992890 0.462022 
0.048413 0.003630 0.491768 
0.006305 0.004648 0.015758 0.973289 
0.250000 0.250000 0.250000 0.250000 
  43
0.555260 0.003479 0.046210 
0.396327 0.992891 0.462022 
0.048707 0.003628 0.491768 
0.004291 0.986156 0.005262 0.004291 
0.250000 0.250000 0.250000 0.250000 
  44
0.558634 0.003478 0.046210 
0.392659 0.992894 0.462022 
0.048707 0.003628 0.491768 
0.004291 0.004291 0.987127 0.004291 
0.250000 0.250000 0.250000 0.250000 
  45
0.558634 0.003478 0.046210 
0.392659 0.992894 0.462022 
0.048707 0.003628 0.491768 
0.986161 0.005255 0.004292 0.004292 
0.250000 0.250000 0.250000 0.250000 
  46
0.452082 0.003478 0.046210 
0.499211 0.992894 0.462022 
0.054516 0.003604 0.491768 
0.004255 0.987236 0.004255 0.004255 
0.250000 0.250000 0.250000 0.250000 
  47
0.505997 0.003455 0.046210 
0.439487 0.992941 0.462022 
0.054516 0.003604 0.491768 
0.987236 0.004255 0.004255 0.004255 
0.250000 0.250000 0.250000 0.250000 
  48
0.505997 0.003455 0.046210 
0.439487 0.992941 0.462022 
0.054516 0.003604 0.491768 
0.004256 0.004256 0.025035 0.966454 
0.250000 0.250000 0.250000 0.250000 
  49
0.505997 0.003455 0.046210 
0.439487 0.992941 0.462022 
0.054516 0.003604 0.491768 
0.007306 0.005049 0.983390 0.004255 
0.250000 0.250000 0.250000 0.250000 
  50
0.505997 0.003455 0.046210 
0.439487 0.992941 0.462022 
0.054516 0.003604 0.491768 
0.004255 0.987236 0.004255 0.004255 
0.250000 0.250000 0.250000 0.250000 
  51
0.505997 0.003455 0.046210 
0.439487 0.992941 0.462022 
0.054516 0.003604 0.491768 
0.970699 0.020791 0.004255 0.004255 
0.250000 0.250000 0.250000 0.250000 
  52
0.502404 0.003455 0.046210 
0.443080 0.992941 0.462022 
0.054713 0.003603 0.491768 
0.983498 0.007994 0.004254 0.004254 
0.250000 0.250000 0.250000 0.250000 
  53
0.504216 0.003454 0.046210 
0.441072 0.992943 0.462022 
0.054713 0.003603 0.491768 
0.004254 0.004254 0.004254 0.987239 
0.250000 0.250000 0.250000 0.250000 
  54
0.504216 0.003454 0.046210 
0.441072 0.992943 0.462022 
0.054713 0.003603 0.491768 
0.005092 0.004593 0.967761 0.022555 
0.250000 0.250000 0.250000 0.250000 
  55
0.504216 0.003454 0.046210 
0.441072 0.992943 0.462022 
0.054713 0.003603 0.491768 
0.004254 0.004254 0.004254 0.987239 
0.250000 0.250000 0.250000 0.250000 
  56
0.504216 0.003454 0.046210 
0.441072 0.992943 0.462022 
0.054713 0.003603 0.491768 
0.004254 0.987239 0.004254 0.004254 
0.250000 0.250000 0.250000 0.250000 
  57
0.504216 0.003454 0.046210 
0.441072 0.992943 0.462022 
0.054713 0.003603 0.491768 
0.004254 0.004254 0.986478 0.005014 
0.250000 0.250000 0.250000 0.250000 
  58
0.504216 0.003454 0.046210 
0.441072 0.992943 0.462022 
0.054713 0.003603 0.491768 
0.987239 0.004254 0.004254 0.004254 
0.250000 0.250000 0.250000 0.250000 
  59
0.490506 0.003454 0.046210 
0.454782 0.992943 0.462022 
0.055473 0.003600 0.491768 
0.004250 0.004250 0.987251 0.004250 
0.250000 0.250000 0.250000 0.250000 
  60
0.493478 0.003451 0.046210 
0.451048 0.992948 0.462022 
0.055687 0.003600 0.491768 
0.004249 0.005788 0.004660 0.985304 
0.250000 0.250000 0.250000 0.250000 
  61
0.492538 0.003450 0.046210 
0.451774 0.992950 0.462022 
0.055846 0.003599 0.491768 
0.005006 0.986498 0.004248 0.004248 
0.250000 0.250000 0.250000 0.250000 
  62
0.493944 0.003450 0.046210 
0.450210 0.992951 0.462022 
0.055846 0.003599 0.491768 
0.005594 0.985910 0.004248 0.004248 
0.250000 0.250000 0.250000 0.250000 
  63
0.493944 0.003450 0.046210 
0.450210 0.992951 0.462022 
0.055846 0.003599 0.491768 
0.052404 0.937980 0.004681 0.004934 
0.250000 0.250000 0.250000 0.250000 
  64
0.493944 0.003450 0.046210 
0.450210 0.992951 0.462022 
0.055846 0.003599 0.491768 
0.984066 0.007437 0.004249 0.004249 
0.250000 0.250000 0.250000 0.250000 
  65
0.493944 0.003450 0.046210 
0.450210 0.992951 0.462022 
0.055846 0.003599 0.491768 
0.004248 0.004248 0.004248 0.987257 
0.250000 0.250000 0.250000 0.250000 
  66
0.489783 0.003450 0.046210 
0.454371 0.992951 0.462022 
0.056080 0.003598 0.491768 
0.986387 0.004246 0.005120 0.004246 
0.250000 0.250000 0.250000 0.250000 
  67
0.491829 0.003449 0.046210 
0.452091 0.992953 0.462022 
0.056080 0.003598 0.491768 
0.985945 0.005562 0.004246 0.004246 
0.250000 0.250000 0.250000 0.250000 
  68
0.488583 0.003449 0.046210 
0.455337 0.992953 0.462022 
0.056262 0.003598 0.491768 
0.004246 0.004246 0.987263 0.004246 
0.250000 0.250000 0.250000 0.250000 
  69
0.490174 0.003449 0.046210 
0.453564 0.992954 0.462022 
0.056262 0.003598 0.491768 
0.981932 0.009577 0.004246 0.004246 
0.250000 0.250000 0.250000 0.250000 
  70
0.490174 0.003449 0.046210 
0.453564 0.992954 0.462022 
0.056262 0.003598 0.491768 
0.004246 0.011993 0.004246 0.979516 
0.250000 0.250000 0.250000 0.250000 
  71
0.486779 0.003449 0.046210 
0.456959 0.992954 0.462022 
0.056454 0.003597 0.491768 
0.004245 0.004245 0.986554 0.004957 
0.250000 0.250000 0.250000 0.250000 
  72
0.488437 0.003448 0.046210 
0.455109 0.992955 0.462022 
0.056454 0.003597 0.491768 
0.030890 0.600268 0.012261 0.356581 
0.250000 0.250000 0.250000 0.250000 
  73
0.488437 0.003448 0.046210 
0.455109 0.992955 0.462022 
0.056454 0.003597 0.491768 
0.004733 0.004245 0.004245 0.986778 
0.250000 0.250000 0.250000 0.250000 
  74
0.488437 0.003448 0.046210 
0.455109 0.992955 0.462022 
0.056454 0.003597 0.491768 
0.004245 0.004245 0.987266 0.004245 
0.250000 0.250000 0.250000 0.250000 
  75
0.488437 0.003448 0.046210 
0.455109 0.992955 0.462022 
0.056454 0.003597 0.491768 
0.984433 0.007078 0.004245 0.004245 
0.250000 0.250000 0.250000 0.250000 
  76
0.488437 0.003448 0.046210 
0.455109 0.992955 0.462022 
0.056454 0.003597 0.491768 
0.978367 0.004985 0.012403 0.004245 
0.250000 0.250000 0.250000 0.250000 
  77
0.488437 0.003448 0.046210 
0.455109 0.992955 0.462022 
0.056454 0.003597 0.491768 
0.975732 0.011208 0.004245 0.008815 
0.250000 0.250000 0.250000 0.250000 
  78
0.488437 0.003448 0.046210 
0.455109 0.992955 0.462022 
0.056454 0.003597 0.491768 
0.004637 0.011990 0.976711 0.006661 
0.250000 0.250000 0.250000 0.250000 
  79
0.488437 0.003448 0.046210 
0.455109 0.992955 0.462022 
0.056454 0.003597 0.491768 
0.004245 0.004752 0.004245 0.986759 
0.250000 0.250000 0.250000 0.250000 
  80
0.488437 0.003448 0.046210 
0.455109 0.992955 0.462022 
0.056454 0.003597 0.491768 
0.004245 0.004245 0.987266 0.004245 
0.250000 0.250000 0.250000 0.250000 
  81
0.488437 0.003448 0.046210 
0.455109 0.992955 0.462022 
0.056454 0.003597 0.491768 
0.979905 0.005945 0.009906 0.004245 
0.250000 0.250000 0.250000 0.250000 
  82
0.488437 0.003448 0.046210 
0.455109 0.992955 0.462022 
0.056454 0.003597 0.491768 
0.004713 0.004245 0.986083 0.004960 
0.250000 0.250000 0.250000 0.250000 
  83
0.488437 0.003448 0.046210 
0.455109 0.992955 0.462022 
0.056454 0.003597 0.491768 
0.004245 0.004245 0.987266 0.004245 
0.250000 0.250000 0.250000 0.250000 
  84
0.488437 0.003448 0.046210 
0.455109 0.992955 0.462022 
0.056454 0.003597 0.491768 
0.549117 0.008316 0.041926 0.400641 
0.250000 0.250000 0.250000 0.250000 
  85
0.488437 0.003448 0.046210 
0.455109 0.992955 0.462022 
0.056454 0.003597 0.491768 
0.012282 0.004245 0.979228 0.004245 
0.250000 0.250000 0.250000 0.250000 
  86
0.488437 0.003448 0.046210 
0.455109 0.992955 0.462022 
0.056454 0.003597 0.491768 
0.981351 0.004245 0.004245 0.010160 
0.250000 0.250000 0.250000 0.250000 
  87
0.488437 0.003448 0.046210 
0.455109 0.992955 0.462022 
0.056454 0.003597 0.491768 
0.004245 0.004245 0.011846 0.979665 
0.250000 0.250000 0.250000 0.250000 
  88
0.488437 0.003448 0.046210 
0.455109 0.992955 0.462022 
0.056454 0.003597 0.491768 
0.063419 0.927664 0.004245 0.004672 
0.250000 0.250000 0.250000 0.250000 
  89
0.488437 0.003448 0.046210 
0.455109 0.992955 0.462022 
0.056454 0.003597 0.491768 
0.004245 0.004245 0.006674 0.984837 
0.250000 0.250000 0.250000 0.250000 
  90
0.488437 0.003448 0.046210 
0.455109 0.992955 0.462022 
0.056454 0.003597 0.491768 
0.052022 0.428877 0.415947 0.103154 
0.250000 0.250000 0.250000 0.250000 
  91
0.488437 0.003448 0.046210 
0.455109 0.992955 0.462022 
0.056454 0.003597 0.491768 
0.004949 0.986562 0.004245 0.004245 
0.250000 0.250000 0.250000 0.250000 
  92
0.488437 0.003448 0.046210 
0.455109 0.992955 0.462022 
0.056454 0.003597 0.491768 
0.016560 0.004245 0.004245 0.974950 
0.250000 0.250000 0.250000 0.250000 
  93
0.488437 0.003448 0.046210 
0.455109 0.992955 0.462022 
0.056454 0.003597 0.491768 
0.004873 0.004245 0.979732 0.011151 
0.250000 0.250000 0.250000 0.250000 
  94
0.488437 0.003448 0.046210 
0.455109 0.992955 0.462022 
0.056454 0.003597 0.491768 
0.987266 0.004245 0.004245 0.004245 
0.250000 0.250000 0.250000 0.250000 
  95
0.488437 0.003448 0.046210 
0.455109 0.992955 0.462022 
0.056454 0.003597 0.491768 
0.986701 0.004810 0.004245 0.004245 
0.250000 0.250000 0.250000 0.250000 
  96
0.488437 0.003448 0.046210 
0.455109 0.992955 0.462022 
0.056454 0.003597 0.491768 
0.987266 0.004245 0.004245 0.004245 
0.250000 0.250000 0.250000 0.250000 
  97
0.488437 0.003448 0.046210 
0.455109 0.992955 0.462022 
0.056454 0.003597 0.491768 
0.979521 0.004245 0.004245 0.011990 
0.250000 0.250000 0.250000 0.250000 
  98
0.488437 0.003448 0.046210 
0.455109 0.992955 0.462022 
0.056454 0.003597 0.491768 
0.004245 0.004245 0.987266 0.004245 
0.250000 0.250000 0.250000 0.250000 
  99
0.488437 0.003448 0.046210 
0.455109 0.992955 0.462022 
0.056454 0.003597 0.491768 
0.397152 0.004906 0.005436 0.592507 
0.250000 0.250000 0.250000 0.250000 
 100
0.488437 0.003448 0.046210 
0.455109 0.992955 0.462022 
0.056454 0.003597 0.491768 
0.004245 0.979521 0.004245 0.011990 
0.250000 0.250000 0.250000 0.250000 
 101
0.488437 0.003448 0.046210 
0.455109 0.992955 0.462022 
0.056454 0.003597 0.491768 
0.004245 0.004245 0.986725 0.004786 
0.250000 0.250000 0.250000 0.250000 
 102
0.488437 0.003448 0.046210 
0.455109 0.992955 0.462022 
0.056454 0.003597 0.491768 
0.004245 0.004245 0.054937 0.936574 
0.250000 0.250000 0.250000 0.250000 
 103
0.488437 0.003448 0.046210 
0.455109 0.992955 0.462022 
0.056454 0.003597 0.491768 
0.987266 0.004245 0.004245 0.004245 
0.250000 0.250000 0.250000 0.250000 
 104
0.488437 0.003448 0.046210 
0.455109 0.992955 0.462022 
0.056454 0.003597 0.491768 
0.004245 0.004245 0.987266 0.004245 
0.250000 0.250000 0.250000 0.250000 
 105
0.488437 0.003448 0.046210 
0.455109 0.992955 0.462022 
0.056454 0.003597 0.491768 
0.004626 0.005505 0.010974 0.978894 
0.250000 0.250000 0.250000 0.250000 
 106
0.488437 0.003448 0.046210 
0.455109 0.992955 0.462022 
0.056454 0.003597 0.491768 
0.004718 0.004245 0.986792 0.004245 
0.250000 0.250000 0.250000 0.250000 
 107
0.488437 0.003448 0.046210 
0.455109 0.992955 0.462022 
0.056454 0.003597 0.491768 
0.982070 0.004245 0.004245 0.009441 
0.250000 0.250000 0.250000 0.250000 
 108
0.488437 0.003448 0.046210 
0.455109 0.992955 0.462022 
0.056454 0.003597 0.491768 
0.983118 0.007506 0.004600 0.004777 
0.250000 0.250000 0.250000 0.250000 
 109
0.488437 0.003448 0.046210 
0.455109 0.992955 0.462022 
0.056454 0.003597 0.491768 
0.004245 0.987266 0.004245 0.004245 
0.250000 0.250000 0.250000 0.250000 
 110
0.488437 0.003448 0.046210 
0.455109 0.992955 0.462022 
0.056454 0.003597 0.491768 
0.004245 0.987266 0.004245 0.004245 
0.250000 0.250000 0.250000 0.250000 
 111
0.488437 0.003448 0.046210 
0.455109 0.992955 0.462022 
0.056454 0.003597 0.491768 
0.014689 0.976096 0.004245 0.004970 
0.250000 0.250000 0.250000 0.250000 
 112
0.488437 0.003448 0.046210 
0.455109 0.992955 0.462022 
0.056454 0.003597 0.491768 
0.004245 0.987266 0.004245 0.004245 
0.250000 0.250000 0.250000 0.250000 
 113
0.488437 0.003448 0.046210 
0.455109 0.992955 0.462022 
0.056454 0.003597 0.491768 
0.987266 0.004245 0.004245 0.004245 
0.250000 0.250000 0.250000 0.250000 
 114
0.488437 0.003448 0.046210 
0.455109 0.992955 0.462022 
0.056454 0.003597 0.491768 
0.059559 0.931950 0.004245 0.004245 
0.250000 0.250000 0.250000 0.250000 
 115
0.488437 0.003448 0.046210 
0.455109 0.992955 0.462022 
0.056454 0.003597 0.491768 
0.004785 0.986724 0.004246 0.004246 
0.250000 0.250000 0.250000 0.250000 
 116
0.488437 0.003448 0.046210 
0.455109 0.992955 0.462022 
0.056454 0.003597 0.491768 
0.004245 0.004245 0.004245 0.987266 
0.250000 0.250000 0.250000 0.250000 
 117
0.488437 0.003448 0.046210 
0.455109 0.992955 0.462022 
0.056454 0.003597 0.491768 
0.011635 0.004247 0.971610 0.012508 
0.250000 0.250000 0.250000 0.250000 
 118
0.488437 0.003448 0.046210 
0.455109 0.992955 0.462022 
0.056454 0.003597 0.491768 
0.987266 0.004245 0.004245 0.004245 
0.250000 0.250000 0.250000 0.250000 
 119
0.488437 0.003448 0.046210 
0.455109 0.992955 0.462022 
0.056454 0.003597 0.491768 
0.986714 0.004245 0.004245 0.004797 
0.250000 0.250000 0.250000 0.250000 
 120
0.488437 0.003448 0.046210 
0.455109 0.992955 0.462022 
0.056454 0.003597 0.491768 
0.004656 0.004245 0.007810 0.983289 
0.250000 0.250000 0.250000 0.250000 
 121
0.488437 0.003448 0.046210 
0.455109 0.992955 0.462022 
0.056454 0.003597 0.491768 
0.004245 0.987266 0.004245 0.004245 
0.250000 0.250000 0.250000 0.250000 
 122
0.488437 0.003448 0.046210 
0.455109 0.992955 0.462022 
0.056454 0.003597 0.491768 
0.007018 0.004245 0.004245 0.984493 
0.250000 0.250000 0.250000 0.250000 
 123
0.488437 0.003448 0.046210 
0.455109 0.992955 0.462022 
0.056454 0.003597 0.491768 
0.018941 0.971271 0.004245 0.005543 
0.250000 0.250000 0.250000 0.250000 
 124
0.488437 0.003448 0.046210 
0.455109 0.992955 0.462022 
0.056454 0.003597 0.491768 
0.987266 0.004245 0.004245 0.004245 
0.250000 0.250000 0.250000 0.250000 
 125
0.488437 0.003448 0.046210 
0.455109 0.992955 0.462022 
0.056454 0.003597 0.491768 
0.004245 0.010536 0.980974 0.004245 
0.250000 0.250000 0.250000 0.250000 
 126
0.488437 0.003448 0.046210 
0.455109 0.992955 0.462022 
0.056454 0.003597 0.491768 
0.004720 0.005148 0.121363 0.868769 
0.250000 0.250000 0.250000 0.250000 
 127
0.488437 0.003448 0.046210 
0.455109 0.992955 0.462022 
0.056454 0.003597 0.491768 
0.004633 0.980586 0.004245 0.010536 
0.250000 0.250000 0.250000 0.250000 
 128
0.488437 0.003448 0.046210 
0.455109 0.992955 0.462022 
0.056454 0.003597 0.491768 
0.004245 0.987266 0.004245 0.004245 
0.250000 0.250000 0.250000 0.250000 
 129
0.488437 0.003448 0.046210 
0.455109 0.992955 0.462022 
0.056454 0.003597 0.491768 
0.004875 0.005427 0.153703 0.835995 
0.250000 0.250000 0.250000 0.250000 
 130
0.488437 0.003448 0.046210 
0.455109 0.992955 0.462022 
0.056454 0.003597 0.491768 
0.005963 0.985548 0.004245 0.004245 
0.250000 0.250000 0.250000 0.250000 
 131
0.488437 0.003448 0.046210 
0.455109 0.992955 0.462022 
0.056454 0.003597 0.491768 
0.004245 0.004245 0.043670 0.947841 
0.250000 0.250000 0.250000 0.250000 
 132
0.488437 0.003448 0.046210 
0.455109 0.992955 0.462022 
0.056454 0.003597 0.491768 
0.530532 0.460050 0.004245 0.005174 
0.250000 0.250000 0.250000 0.250000 
 133
0.488437 0.003448 0.046210 
0.455109 0.992955 0.462022 
0.056454 0.003597 0.491768 
0.987266 0.004245 0.004245 0.004245 
0.250000 0.250000 0.250000 0.250000 
 134
0.488437 0.003448 0.046210 
0.455109 0.992955 0.462022 
0.056454 0.003597 0.491768 
0.004245 0.004245 0.004245 0.987266 
0.250000 0.250000 0.250000 0.250000 
 135
0.488437 0.003448 0.046210 
0.455109 0.992955 0.462022 
0.056454 0.003597 0.491768 
0.987263 0.004246 0.004246 0.004246 
0.250000 0.250000 0.250000 0.250000 
 136
0.488437 0.003448 0.046210 
0.455109 0.992955 0.462022 
0.056454 0.003597 0.491768 
0.005076 0.004245 0.984095 0.006584 
0.250000 0.250000 0.250000 0.250000 
 137
0.488437 0.003448 0.046210 
0.455109 0.992955 0.462022 
0.056454 0.003597 0.491768 
0.004245 0.004245 0.987266 0.004245 
0.250000 0.250000 0.250000 0.250000 
 138
0.488437 0.003448 0.046210 
0.455109 0.992955 0.462022 
0.056454 0.003597 0.491768 
0.971380 0.005256 0.019119 0.004245 
0.250000 0.250000 0.250000 0.250000 
 139
0.488437 0.003448 0.046210 
0.455109 0.992955 0.462022 
0.056454 0.003597 0.491768 
0.004245 0.004245 0.954993 0.036518 
0.250000 0.250000 0.250000 0.250000 
 140
0.488437 0.003448 0.046210 
0.455109 0.992955 0.462022 
0.056454 0.003597 0.491768 
0.004245 0.004245 0.004245 0.987266 
0.250000 0.250000 0.250000 0.250000 
 141
0.488437 0.003448 0.046210 
0.455109 0.992955 0.462022 
0.056454 0.003597 0.491768 
0.135835 0.855671 0.004247 0.004247 
0.250000 0.250000 0.250000 0.250000 
 142
0.488437 0.003448 0.046210 
0.455109 0.992955 0.462022 
0.056454 0.003597 0.491768 
0.987266 0.004245 0.004245 0.004245 
0.250000 0.250000 0.250000 0.250000 
 143
0.488437 0.003448 0.046210 
0.455109 0.992955 0.462022 
0.056454 0.003597 0.491768 
0.004245 0.004245 0.987266 0.004245 
0.250000 0.250000 0.250000 0.250000 
 144
0.488437 0.003448 0.046210 
0.455109 0.992955 0.462022 
0.056454 0.003597 0.491768 
0.984207 0.006442 0.004245 0.005106 
0.250000 0.250000 0.250000 0.250000 
 145
0.488437 0.003448 0.046210 
0.455109 0.992955 0.462022 
0.056454 0.003597 0.491768 
0.986287 0.005224 0.004245 0.004245 
0.250000 0.250000 0.250000 0.250000 
 146
0.488437 0.003448 0.046210 
0.455109 0.992955 0.462022 
0.056454 0.003597 0.491768 
0.004245 0.004245 0.971389 0.020122 
0.250000 0.250000 0.250000 0.250000 
 147
0.488437 0.003448 0.046210 
0.455109 0.992955 0.462022 
0.056454 0.003597 0.491768 
0.986306 0.004671 0.004245 0.004778 
0.250000 0.250000 0.250000 0.250000 
 148
0.488437 0.003448 0.046210 
0.455109 0.992955 0.462022 
0.056454 0.003597 0.491768 
0.985699 0.005812 0.004245 0.004245 
0.250000 0.250000 0.250000 0.250000 
 149
0.488437 0.003448 0.046210 
0.455109 0.992955 0.462022 
0.056454 0.003597 0.491768 
0.004245 0.004245 0.987266 0.004245 
0.250000 0.250000 0.250000 0.250000 
 150
0.488437 0.003448 0.046210 
0.455109 0.992955 0.462022 
0.056454 0.003597 0.491768 
0.985019 0.004983 0.005753 0.004245 
0.250000 0.250000 0.250000 0.250000 
 151
0.488437 0.003448 0.046210 
0.455109 0.992955 0.462022 
0.056454 0.003597 0.491768 
0.004245 0.004245 0.987266 0.004245 
0.250000 0.250000 0.250000 0.250000 
 152
0.488437 0.003448 0.046210 
0.455109 0.992955 0.462022 
0.056454 0.003597 0.491768 
0.004245 0.004245 0.985923 0.005588 
0.250000 0.250000 0.250000 0.250000 
 153
0.488437 0.003448 0.046210 
0.455109 0.992955 0.462022 
0.056454 0.003597 0.491768 
0.393106 0.009836 0.577745 0.019313 
0.250000 0.250000 0.250000 0.250000 
 154
0.488437 0.003448 0.046210 
0.455109 0.992955 0.462022 
0.056454 0.003597 0.491768 
0.981202 0.010309 0.004245 0.004245 
0.250000 0.250000 0.250000 0.250000 
 155
0.488437 0.003448 0.046210 
0.455109 0.992955 0.462022 
0.056454 0.003597 0.491768 
0.004647 0.004246 0.965387 0.025719 
0.250000 0.250000 0.250000 0.250000 
 156
0.488437 0.003448 0.046210 
0.455109 0.992955 0.462022 
0.056454 0.003597 0.491768 
0.394126 0.005484 0.593103 0.007287 
0.250000 0.250000 0.250000 0.250000 
 157
0.488437 0.003448 0.046210 
0.455109 0.992955 0.462022 
0.056454 0.003597 0.491768 
0.986717 0.004245 0.004794 0.004245 
0.250000 0.250000 0.250000 0.250000 
 158
0.488437 0.003448 0.046210 
0.455109 0.992955 0.462022 
0.056454 0.003597 0.491768 
0.983595 0.007916 0.004245 0.004245 
0.250000 0.250000 0.250000 0.250000 
 159
0.488437 0.003448 0.046210 
0.455109 0.992955 0.462022 
0.056454 0.003597 0.491768 
0.986778 0.004733 0.004245 0.004245 
0.250000 0.250000 0.250000 0.250000 
 160
0.488437 0.003448 0.046210 
0.455109 0.992955 0.462022 
0.056454 0.003597 0.491768 
0.004245 0.004245 0.004245 0.987266 
0.250000 0.250000 0.250000 0.250000 
 161
0.488437 0.003448 0.046210 
0.455109 0.992955 0.462022 
0.056454 0.003597 0.491768 
0.004245 0.004245 0.987266 0.004245 
0.250000 0.250000 0.250000 0.250000 
 162
0.488437 0.003448 0.046210 
0.455109 0.992955 0.462022 
0.056454 0.003597 0.491768 
0.004245 0.004628 0.010532 0.980596 
0.250000 0.250000 0.250000 0.250000 
 163
0.488437 0.003448 0.046210 
0.455109 0.992955 0.462022 
0.056454 0.003597 0.491768 
0.004245 0.004245 0.639108 0.352403 
0.250000 0.250000 0.250000 0.250000 
 164
0.488437 0.003448 0.046210 
0.455109 0.992955 0.462022 
0.056454 0.003597 0.491768 
0.987266 0.004245 0.004245 0.004245 
0.250000 0.250000 0.250000 0.250000 
 165
0.488437 0.003448 0.046210 
0.455109 0.992955 0.462022 
0.056454 0.003597 0.491768 
0.004245 0.004245 0.015289 0.976221 
0.250000 0.250000 0.250000 0.250000 
 166
0.488437 0.003448 0.046210 
0.455109 0.992955 0.462022 
0.056454 0.003597 0.491768 
0.004245 0.004245 0.004245 0.987266 
0.250000 0.250000 0.250000 0.250000 
 167
0.488437 0.003448 0.046210 
0.455109 0.992955 0.462022 
0.056454 0.003597 0.491768 
0.004245 0.004245 0.004245 0.987266 
0.250000 0.250000 0.250000 0.250000 
 168
0.488437 0.003448 0.046210 
0.455109 0.992955 0.462022 
0.056454 0.003597 0.491768 
0.004245 0.004245 0.005580 0.985931 
0.250000 0.250000 0.250000 0.250000 
 169
0.488437 0.003448 0.046210 
0.455109 0.992955 0.462022 
0.056454 0.003597 0.491768 
0.004245 0.983162 0.004245 0.008348 
0.250000 0.250000 0.250000 0.250000 
 170
0.488437 0.003448 0.046210 
0.455109 0.992955 0.462022 
0.056454 0.003597 0.491768 
0.004245 0.004245 0.987266 0.004245 
0.250000 0.250000 0.250000 0.250000 
 171
0.488437 0.003448 0.046210 
0.455109 0.992955 0.462022 
0.056454 0.003597 0.491768 
0.985868 0.005643 0.004245 0.004245 
0.250000 0.250000 0.250000 0.250000 
 172
0.488437 0.003448 0.046210 
0.455109 0.992955 0.462022 
0.056454 0.003597 0.491768 
0.987266 0.004245 0.004245 0.004245 
0.250000 0.250000 0.250000 0.250000 
 173
0.488437 0.003448 0.046210 
0.455109 0.992955 0.462022 
0.056454 0.003597 0.491768 
0.986335 0.005176 0.004245 0.004245 
0.250000 0.250000 0.250000 0.250000 
 174
0.488437 0.003448 0.046210 
0.455109 0.992955 0.462022 
0.056454 0.003597 0.491768 
0.004245 0.004245 0.037636 0.953875 
0.250000 0.250000 0.250000 0.250000 
 175
0.488437 0.003448 0.046210 
0.455109 0.992955 0.462022 
0.056454 0.003597 0.491768 
0.004245 0.008815 0.982696 0.004245 
0.250000 0.250000 0.250000 0.250000 
 176
0.488437 0.003448 0.046210 
0.455109 0.992955 0.462022 
0.056454 0.003597 0.491768 
0.004245 0.004245 0.004245 0.987266 
0.250000 0.250000 0.250000 0.250000 
 177
0.483174 0.003448 0.046210 
0.460372 0.992955 0.462022 
0.056753 0.003596 0.491768 
0.006472 0.004243 0.981600 0.007685 
0.250000 0.250000 0.250000 0.250000 
 178
0.485731 0.003447 0.046210 
0.457517 0.992957 0.462022 
0.056753 0.003596 0.491768 
0.986682 0.004832 0.004243 0.004243 
0.250000 0.250000 0.250000 0.250000 
 179
0.485731 0.003447 0.046210 
0.457517 0.992957 0.462022 
0.056753 0.003596 0.491768 
0.986536 0.004978 0.004243 0.004243 
0.250000 0.250000 0.250000 0.250000 
 180
0.485731 0.003447 0.046210 
0.457517 0.992957 0.462022 
0.056753 0.003596 0.491768 
0.985215 0.006299 0.004243 0.004243 
0.250000 0.250000 0.250000 0.250000 
 181
0.485731 0.003447 0.046210 
0.457517 0.992957 0.462022 
0.056753 0.003596 0.491768 
0.004243 0.987271 0.004243 0.004243 
0.250000 0.250000 0.250000 0.250000 
 182
0.485731 0.003447 0.046210 
0.457517 0.992957 0.462022 
0.056753 0.003596 0.491768 
0.004243 0.971116 0.004243 0.020398 
0.250000 0.250000 0.250000 0.250000 
 183
0.485731 0.003447 0.046210 
0.457517 0.992957 0.462022 
0.056753 0.003596 0.491768 
0.979771 0.011256 0.004243 0.004729 
0.250000 0.250000 0.250000 0.250000 
 184
0.485731 0.003447 0.046210 
0.457517 0.992957 0.462022 
0.056753 0.003596 0.491768 
0.985990 0.005524 0.004243 0.004243 
0.250000 0.250000 0.250000 0.250000 
 185
0.485731 0.003447 0.046210 
0.457517 0.992957 0.462022 
0.056753 0.003596 0.491768 
0.020403 0.004244 0.969991 0.005362 
0.250000 0.250000 0.250000 0.250000 
 186
0.485731 0.003447 0.046210 
0.457517 0.992957 0.462022 
0.056753 0.003596 0.491768 
0.984573 0.006055 0.005129 0.004243 
0.250000 0.250000 0.250000 0.250000 
 187
0.485731 0.003447 0.046210 
0.457517 0.992957 0.462022 
0.056753 0.003596 0.491768 
0.426342 0.555100 0.014313 0.004245 
0.250000 0.250000 0.250000 0.250000 
 188
0.485731 0.003447 0.046210 
0.457517 0.992957 0.462022 
0.056753 0.003596 0.491768 
0.745235 0.246278 0.004243 0.004243 
0.250000 0.250000 0.250000 0.250000 
 189
0.485731 0.003447 0.046210 
0.457517 0.992957 0.462022 
0.056753 0.003596 0.491768 
0.581735 0.409777 0.004244 0.004244 
0.250000 0.250000 0.250000 0.250000 
 190
0.485731 0.003447 0.046210 
0.457517 0.992957 0.462022 
0.056753 0.003596 0.491768 
0.987271 0.004243 0.004243 0.004243 
0.250000 0.250000 0.250000 0.250000 
 191
0.485731 0.003447 0.046210 
0.457517 0.992957 0.462022 
0.056753 0.003596 0.491768 
0.004243 0.004243 0.987271 0.004243 
0.250000 0.250000 0.250000 0.250000 
 192
0.485731 0.003447 0.046210 
0.457517 0.992957 0.462022 
0.056753 0.003596 0.491768 
0.004243 0.004243 0.984854 0.006660 
0.250000 0.250000 0.250000 0.250000 
 193
0.485731 0.003447 0.046210 
0.457517 0.992957 0.462022 
0.056753 0.003596 0.491768 
0.987271 0.004243 0.004243 0.004243 
0.250000 0.250000 0.250000 0.250000 
 194
0.485731 0.003447 0.046210 
0.457517 0.992957 0.462022 
0.056753 0.003596 0.491768 
0.004244 0.987268 0.004244 0.004244 
0.250000 0.250000 0.250000 0.250000 
 195
0.485731 0.003447 0.046210 
0.457517 0.992957 0.462022 
0.056753 0.003596 0.491768 
0.749711 0.241801 0.004244 0.004244 
0.250000 0.250000 0.250000 0.250000 
 196
0.485731 0.003447 0.046210 
0.457517 0.992957 0.462022 
0.056753 0.003596 0.491768 
0.004243 0.987271 0.004243 0.004243 
0.250000 0.250000 0.250000 0.250000 
 197
0.485731 0.003447 0.046210 
0.457517 0.992957 0.462022 
0.056753 0.003596 0.491768 
0.004243 0.987271 0.004243 0.004243 
0.250000 0.250000 0.250000 0.250000 
 198
0.485731 0.003447 0.046210 
0.457517 0.992957 0.462022 
0.056753 0.003596 0.491768 
0.040903 0.950611 0.004243 0.004243 
0.250000 0.250000 0.250000 0.250000 
 199
0.485731 0.003447 0.046210 
0.457517 0.992957 0.462022 
0.056753 0.003596 0.491768 
0.984814 0.006700 0.004243 0.004243 
0.250000 0.250000 0.250000 0.250000 
 200
0.485731 0.003447 0.046210 
0.457517 0.992957 0.462022 
0.056753 0.003596 0.491768 
0.986762 0.004752 0.004243 0.004243 
0.250000 0.250000 0.250000 0.250000 
 201
0.485731 0.003447 0.046210 
0.457517 0.992957 0.462022 
0.056753 0.003596 0.491768 
0.983334 0.006203 0.006219 0.004243 
0.250000 0.250000 0.250000 0.250000 
 202
0.485731 0.003447 0.046210 
0.457517 0.992957 0.462022 
0.056753 0.003596 0.491768 
0.004243 0.004243 0.985743 0.005771 
0.250000 0.250000 0.250000 0.250000 
 203
0.485731 0.003447 0.046210 
0.457517 0.992957 0.462022 
0.056753 0.003596 0.491768 
0.004243 0.004243 0.004243 0.987271 
0.250000 0.250000 0.250000 0.250000 
 204
0.485731 0.003447 0.046210 
0.457517 0.992957 0.462022 
0.056753 0.003596 0.491768 
0.982305 0.008377 0.004243 0.005075 
0.250000 0.250000 0.250000 0.250000 
 205
0.485731 0.003447 0.046210 
0.457517 0.992957 0.462022 
0.056753 0.003596 0.491768 
0.004243 0.004243 0.004243 0.987271 
0.250000 0.250000 0.250000 0.250000 
 206
0.485731 0.003447 0.046210 
0.457517 0.992957 0.462022 
0.056753 0.003596 0.491768 
0.004243 0.987271 0.004243 0.004243 
0.250000 0.250000 0.250000 0.250000 
 207
0.485731 0.003447 0.046210 
0.457517 0.992957 0.462022 
0.056753 0.003596 0.491768 
0.004244 0.004244 0.970722 0.020790 
0.250000 0.250000 0.250000 0.250000 
 208
0.485731 0.003447 0.046210 
0.457517 0.992957 0.462022 
0.056753 0.003596 0.491768 
0.004243 0.004243 0.987271 0.004243 
0.250000 0.250000 0.250000 0.250000 
 209
0.485731 0.003447 0.046210 
0.457517 0.992957 0.462022 
0.056753 0.003596 0.491768 
0.004243 0.004243 0.987271 0.004243 
0.250000 0.250000 0.250000 0.250000 
 210
0.485731 0.003447 0.046210 
0.457517 0.992957 0.462022 
0.056753 0.003596 0.491768 
0.804475 0.187039 0.004243 0.004243 
0.250000 0.250000 0.250000 0.250000 
 211
0.485731 0.003447 0.046210 
0.457517 0.992957 0.462022 
0.056753 0.003596 0.491768 
0.634076 0.354215 0.006838 0.004871 
0.250000 0.250000 0.250000 0.250000 
 212
0.485731 0.003447 0.046210 
0.457517 0.992957 0.462022 
0.056753 0.003596 0.491768 
0.949416 0.009891 0.036449 0.004244 
0.250000 0.250000 0.250000 0.250000 
 213
0.485731 0.003447 0.046210 
0.457517 0.992957 0.462022 
0.056753 0.003596 0.491768 
0.572420 0.013975 0.408231 0.005374 
0.250000 0.250000 0.250000 0.250000 
 214
0.485731 0.003447 0.046210 
0.457517 0.992957 0.462022 
0.056753 0.003596 0.491768 
0.004243 0.004243 0.004243 0.987271 
0.250000 0.250000 0.250000 0.250000 
 215
0.485731 0.003447 0.046210 
0.457517 0.992957 0.462022 
0.056753 0.003596 0.491768 
0.004243 0.987271 0.004243 0.004243 
0.250000 0.250000 0.250000 0.250000 
 216
0.485731 0.003447 0.046210 
0.457517 0.992957 0.462022 
0.056753 0.003596 0.491768 
0.004243 0.004243 0.573259 0.418255 
0.250000 0.250000 0.250000 0.250000 
 217
0.485731 0.003447 0.046210 
0.457517 0.992957 0.462022 
0.056753 0.003596 0.491768 
0.004644 0.004243 0.968118 0.022995 
0.250000 0.250000 0.250000 0.250000 
 218
0.485731 0.003447 0.046210 
0.457517 0.992957 0.462022 
0.056753 0.003596 0.491768 
0.004699 0.004243 0.178245 0.812813 
0.250000 0.250000 0.250000 0.250000 
 219
0.485731 0.003447 0.046210 
0.457517 0.992957 0.462022 
0.056753 0.003596 0.491768 
0.017489 0.004243 0.961151 0.017117 
0.250000 0.250000 0.250000 0.250000 
 220
0.485731 0.003708 0.046210 
0.457517 0.992696 0.462022 
0.056478 0.003597 0.491768 
0.986374 0.004244 0.005137 0.004244 
0.250000 0.250000 0.250000 0.250000 
 221
0.483383 0.003448 0.046210 
0.460139 0.992955 0.462022 
0.056753 0.003596 0.491768 
0.987271 0.004243 0.004243 0.004243 
0.250000 0.250000 0.250000 0.250000 
 222
0.485731 0.003447 0.046210 
0.457517 0.992957 0.462022 
0.056753 0.003596 0.491768 
0.004243 0.004243 0.983888 0.007626 
0.250000 0.250000 0.250000 0.250000 
 223
0.481318 0.003447 0.046210 
0.461930 0.992957 0.462022 
0.057004 0.003595 0.491768 
0.004242 0.004242 0.004242 0.987275 
0.250000 0.250000 0.250000 0.250000 
 224
0.483451 0.003446 0.046210 
0.459545 0.992959 0.462022 
0.057004 0.003595 0.491768 
0.004242 0.987275 0.004242 0.004242 
0.250000 0.250000 0.250000 0.250000 
 225
0.483451 0.003446 0.046210 
0.459545 0.992959 0.462022 
0.057004 0.003595 0.491768 
0.004242 0.004242 0.668226 0.323290 
0.250000 0.250000 0.250000 0.250000 
 226
0.483451 0.003446 0.046210 
0.459545 0.992959 0.462022 
0.057004 0.003595 0.491768 
0.987275 0.004242 0.004242 0.004242 
0.250000 0.250000 0.250000 0.250000 
 227
0.483451 0.003446 0.046210 
0.459545 0.992959 0.462022 
0.057004 0.003595 0.491768 
0.004242 0.004242 0.987275 0.004242 
0.250000 0.250000 0.250000 0.250000 
 228
0.483451 0.003446 0.046210 
0.459545 0.992959 0.462022 
0.057004 0.003595 0.491768 
0.980397 0.004653 0.010709 0.004242 
0.250000 0.250000 0.250000 0.250000 
 229
0.483451 0.003446 0.046210 
0.459545 0.992959 0.462022 
0.057004 0.003595 0.491768 
0.004242 0.986801 0.004242 0.004715 
0.250000 0.250000 0.250000 0.250000 
 230
0.483451 0.003446 0.046210 
0.459545 0.992959 0.462022 
0.057004 0.003595 0.491768 
0.987275 0.004242 0.004242 0.004242 
0.250000 0.250000 0.250000 0.250000 
 231
0.483451 0.003446 0.046210 
0.459545 0.992959 0.462022 
0.057004 0.003595 0.491768 
0.004242 0.004242 0.007802 0.983714 
0.250000 0.250000 0.250000 0.250000 
 232
0.483451 0.003446 0.046210 
0.459545 0.992959 0.462022 
0.057004 0.003595 0.491768 
0.004242 0.004242 0.975717 0.015799 
0.250000 0.250000 0.250000 0.250000 
 233
0.483451 0.003446 0.046210 
0.459545 0.992959 0.462022 
0.057004 0.003595 0.491768 
0.004243 0.004243 0.004243 0.987272 
0.250000 0.250000 0.250000 0.250000 
 234
0.483451 0.003446 0.046210 
0.459545 0.992959 0.462022 
0.057004 0.003595 0.491768 
0.020591 0.969017 0.004242 0.006150 
0.250000 0.250000 0.250000 0.250000 
 235
0.483451 0.003446 0.046210 
0.459545 0.992959 0.462022 
0.057004 0.003595 0.491768 
0.004242 0.987275 0.004242 0.004242 
0.250000 0.250000 0.250000 0.250000 
 236
