%  SAM: /scicomp/home/vfn4/Tools/LABEL_RES/scripts/modelfromalign v3.5 (July 15, 2005) compiled 12/08/06_16:15:55
%  (c) 1992-2001 Regents of the University of California, Santa Cruz
%
%          Sequence Alignment and Modeling Software System
%         http://www.cse.ucsc.edu/research/compbio/sam.html
%
% ----------------- Citations (SAM, SAM-T2K, HMMs) --------------------
% R. Hughey, A. Krogh, Hidden Markov models for sequence analysis:
%  Extension and analysis of the basic method, CABIOS 12:95-107, 1996.
% K. Karplus, et al., What is the value added by human intervention in protein
%  structure prediction, Proteins: Stucture, Function, Genetics 45(S5):86--91, 2001.
% A. Krogh et al., Hidden Markov models in computational biology:
%  Applications to protein modeling, JMB 235:1501-1531, Feb 1994.
% ---------------------------------------------------------------------
%  3C.3a_hmm   Host: node5.aspen.biotech.cdc.gov    Tue Jan  6 16:00:36 2015
%  vfn4        Dir:  /scicomp/home/vfn4/fluA/HA_H3/H3prerelease1/c-3C/c-3C.3
% ---------------------------------------------------------------------
%  Alignment weights from internal calc.  Total (15.30) Max (0.08) Min (0.06)
%  Weights from alignment method 1 (karplus), b=-1.000000, e=0.500000
MODEL --  Model from alignment file /scicomp/home/vfn4/Tools/LABEL_RES/training_data/H3prerelease1/c-3C/c-3C.3/3C.3a.fasta
alphabet DNA
FREQAVE
0.000000 0.000000 0.000000 
0.000000 0.000000 0.000000 
0.000000 0.000000 0.000000 
0.338308 0.223819 0.196309 0.241564 
0.338308 0.223819 0.196309 0.241564 
Begin
0.000000 0.000000 0.000000 
0.000000 0.000000 0.000000 
0.000000 0.008487 0.491768 
0.250000 0.250000 0.250000 0.250000 
0.250000 0.250000 0.250000 0.250000 
   1
0.000000 0.010201 0.046210 
0.000000 0.981312 0.462022 
0.056475 0.008504 0.491768 
0.953796 0.015401 0.015401 0.015401 
0.250000 0.250000 0.250000 0.250000 
   2
0.488244 0.008152 0.046210 
0.455281 0.983344 0.462022 
0.056475 0.008504 0.491768 
0.015401 0.015401 0.015401 0.953796 
0.250000 0.250000 0.250000 0.250000 
   3
0.488244 0.008152 0.046210 
0.455281 0.983344 0.462022 
0.056475 0.008504 0.491768 
0.015401 0.953796 0.015401 0.015401 
0.250000 0.250000 0.250000 0.250000 
   4
0.488244 0.008152 0.046210 
0.455281 0.983344 0.462022 
0.056475 0.008504 0.491768 
0.953796 0.015401 0.015401 0.015401 
0.250000 0.250000 0.250000 0.250000 
   5
0.472044 0.008152 0.046210 
0.471480 0.983344 0.462022 
0.057405 0.008487 0.491768 
0.953979 0.015340 0.015340 0.015340 
0.250000 0.250000 0.250000 0.250000 
   6
0.479817 0.008135 0.046210 
0.462778 0.983378 0.462022 
0.057405 0.008487 0.491768 
0.015340 0.953979 0.015340 0.015340 
0.250000 0.250000 0.250000 0.250000 
   7
0.479817 0.008135 0.046210 
0.462778 0.983378 0.462022 
0.057405 0.008487 0.491768 
0.953979 0.015340 0.015340 0.015340 
0.250000 0.250000 0.250000 0.250000 
   8
0.479817 0.008135 0.046210 
0.462778 0.983378 0.462022 
0.057405 0.008487 0.491768 
0.015340 0.015340 0.953979 0.015340 
0.250000 0.250000 0.250000 0.250000 
   9
0.479817 0.008135 0.046210 
0.462778 0.983378 0.462022 
0.057405 0.008487 0.491768 
0.015340 0.015340 0.027823 0.941496 
0.250000 0.250000 0.250000 0.250000 
  10
0.479817 0.008135 0.046210 
0.462778 0.983378 0.462022 
0.057405 0.008487 0.491768 
0.953979 0.015340 0.015340 0.015340 
0.250000 0.250000 0.250000 0.250000 
  11
0.479817 0.008135 0.046210 
0.462778 0.983378 0.462022 
0.057405 0.008487 0.491768 
0.015340 0.015340 0.019588 0.949731 
0.250000 0.250000 0.250000 0.250000 
  12
0.479817 0.008135 0.046210 
0.462778 0.983378 0.462022 
0.057405 0.008487 0.491768 
0.015340 0.015340 0.953979 0.015340 
0.250000 0.250000 0.250000 0.250000 
  13
0.479817 0.008135 0.046210 
0.462778 0.983378 0.462022 
0.057405 0.008487 0.491768 
0.953979 0.015340 0.015340 0.015340 
0.250000 0.250000 0.250000 0.250000 
  14
0.479817 0.008135 0.046210 
0.462778 0.983378 0.462022 
0.057405 0.008487 0.491768 
0.015340 0.015340 0.015340 0.953979 
0.250000 0.250000 0.250000 0.250000 
  15
0.479817 0.008135 0.046210 
0.462778 0.983378 0.462022 
0.057405 0.008487 0.491768 
0.015340 0.015340 0.015340 0.953979 
0.250000 0.250000 0.250000 0.250000 
  16
0.479817 0.008135 0.046210 
0.462778 0.983378 0.462022 
0.057405 0.008487 0.491768 
0.015340 0.953979 0.015340 0.015340 
0.250000 0.250000 0.250000 0.250000 
  17
0.479817 0.008135 0.046210 
0.462778 0.983378 0.462022 
0.057405 0.008487 0.491768 
0.015340 0.019863 0.949457 0.015340 
0.250000 0.250000 0.250000 0.250000 
  18
0.479817 0.008135 0.046210 
0.462778 0.983378 0.462022 
0.057405 0.008487 0.491768 
0.019863 0.015340 0.015340 0.949457 
0.250000 0.250000 0.250000 0.250000 
  19
0.479817 0.008135 0.046210 
0.462778 0.983378 0.462022 
0.057405 0.008487 0.491768 
0.015340 0.019863 0.015340 0.949457 
0.250000 0.250000 0.250000 0.250000 
  20
0.479817 0.008135 0.046210 
0.462778 0.983378 0.462022 
0.057405 0.008487 0.491768 
0.015340 0.015340 0.015340 0.953979 
0.250000 0.250000 0.250000 0.250000 
  21
0.479817 0.008135 0.046210 
0.462778 0.983378 0.462022 
0.057405 0.008487 0.491768 
0.015340 0.953979 0.015340 0.015340 
0.250000 0.250000 0.250000 0.250000 
  22
0.479817 0.008135 0.046210 
0.462778 0.983378 0.462022 
0.057405 0.008487 0.491768 
0.953979 0.015340 0.015340 0.015340 
0.250000 0.250000 0.250000 0.250000 
  23
0.479817 0.008135 0.046210 
0.462778 0.983378 0.462022 
0.057405 0.008487 0.491768 
0.015340 0.953979 0.015340 0.015340 
0.250000 0.250000 0.250000 0.250000 
  24
0.479817 0.008135 0.046210 
0.462778 0.983378 0.462022 
0.057405 0.008487 0.491768 
0.015340 0.015340 0.953979 0.015340 
0.250000 0.250000 0.250000 0.250000 
  25
0.479817 0.008135 0.046210 
0.462778 0.983378 0.462022 
0.057405 0.008487 0.491768 
0.015340 0.015340 0.015340 0.953979 
0.250000 0.250000 0.250000 0.250000 
  26
0.479817 0.008135 0.046210 
0.462778 0.983378 0.462022 
0.057405 0.008487 0.491768 
0.953979 0.015340 0.015340 0.015340 
0.250000 0.250000 0.250000 0.250000 
  27
0.479817 0.008135 0.046210 
0.462778 0.983378 0.462022 
0.057405 0.008487 0.491768 
0.015340 0.015340 0.953979 0.015340 
0.250000 0.250000 0.250000 0.250000 
  28
0.479817 0.008135 0.046210 
0.462778 0.983378 0.462022 
0.057405 0.008487 0.491768 
0.949914 0.019406 0.015340 0.015340 
0.250000 0.250000 0.250000 0.250000 
  29
0.479817 0.008135 0.046210 
0.462778 0.983378 0.462022 
0.057405 0.008487 0.491768 
0.015340 0.015340 0.019930 0.949390 
0.250000 0.250000 0.250000 0.250000 
  30
0.479817 0.008135 0.046210 
0.462778 0.983378 0.462022 
0.057405 0.008487 0.491768 
0.015340 0.015340 0.015340 0.953979 
0.250000 0.250000 0.250000 0.250000 
  31
0.479817 0.008135 0.046210 
0.462778 0.983378 0.462022 
0.057405 0.008487 0.491768 
0.015340 0.015340 0.953979 0.015340 
0.250000 0.250000 0.250000 0.250000 
  32
0.479817 0.008135 0.046210 
0.462778 0.983378 0.462022 
0.057405 0.008487 0.491768 
0.015340 0.015340 0.015340 0.953979 
0.250000 0.250000 0.250000 0.250000 
  33
0.479817 0.008135 0.046210 
0.462778 0.983378 0.462022 
0.057405 0.008487 0.491768 
0.953979 0.015340 0.015340 0.015340 
0.250000 0.250000 0.250000 0.250000 
  34
0.479817 0.008135 0.046210 
0.462778 0.983378 0.462022 
0.057405 0.008487 0.491768 
0.015340 0.015340 0.015340 0.953979 
0.250000 0.250000 0.250000 0.250000 
  35
0.479817 0.008135 0.046210 
0.462778 0.983378 0.462022 
0.057405 0.008487 0.491768 
0.015340 0.953979 0.015340 0.015340 
0.250000 0.250000 0.250000 0.250000 
  36
0.479817 0.008135 0.046210 
0.462778 0.983378 0.462022 
0.057405 0.008487 0.491768 
0.015340 0.015340 0.015340 0.953979 
0.250000 0.250000 0.250000 0.250000 
  37
0.479817 0.008135 0.046210 
0.462778 0.983378 0.462022 
0.057405 0.008487 0.491768 
0.015340 0.015340 0.953979 0.015340 
0.250000 0.250000 0.250000 0.250000 
  38
0.479817 0.008135 0.046210 
0.462778 0.983378 0.462022 
0.057405 0.008487 0.491768 
0.019476 0.015340 0.015340 0.949844 
0.250000 0.250000 0.250000 0.250000 
  39
0.479817 0.008135 0.046210 
0.462778 0.983378 0.462022 
0.057405 0.008487 0.491768 
0.015340 0.953979 0.015340 0.015340 
0.250000 0.250000 0.250000 0.250000 
  40
0.479817 0.008135 0.046210 
0.462778 0.983378 0.462022 
0.057405 0.008487 0.491768 
0.023168 0.946152 0.015340 0.015340 
0.250000 0.250000 0.250000 0.250000 
  41
0.479817 0.008135 0.046210 
0.462778 0.983378 0.462022 
0.057405 0.008487 0.491768 
0.015340 0.015340 0.024453 0.944866 
0.250000 0.250000 0.250000 0.250000 
  42
0.479817 0.008135 0.046210 
0.462778 0.983378 0.462022 
0.057405 0.008487 0.491768 
0.015340 0.015340 0.015340 0.953979 
0.250000 0.250000 0.250000 0.250000 
  43
0.479817 0.008135 0.046210 
0.462778 0.983378 0.462022 
0.057405 0.008487 0.491768 
0.015340 0.015340 0.015340 0.953979 
0.250000 0.250000 0.250000 0.250000 
  44
0.479817 0.008135 0.046210 
0.462778 0.983378 0.462022 
0.057405 0.008487 0.491768 
0.015340 0.019567 0.015340 0.949753 
0.250000 0.250000 0.250000 0.250000 
  45
0.479817 0.008135 0.046210 
0.462778 0.983378 0.462022 
0.057405 0.008487 0.491768 
0.015340 0.015340 0.938293 0.031027 
0.250000 0.250000 0.250000 0.250000 
  46
0.479817 0.008135 0.046210 
0.462778 0.983378 0.462022 
0.057405 0.008487 0.491768 
0.015340 0.950006 0.015340 0.019314 
0.250000 0.250000 0.250000 0.250000 
  47
0.479817 0.008135 0.046210 
0.462778 0.983378 0.462022 
0.057405 0.008487 0.491768 
0.015340 0.015340 0.953979 0.015340 
0.250000 0.250000 0.250000 0.250000 
  48
0.479817 0.008135 0.046210 
0.462778 0.983378 0.462022 
0.057405 0.008487 0.491768 
0.015340 0.015340 0.015340 0.953979 
0.250000 0.250000 0.250000 0.250000 
  49
0.479817 0.008135 0.046210 
0.462778 0.983378 0.462022 
0.057405 0.008487 0.491768 
0.019314 0.015340 0.950006 0.015340 
0.250000 0.250000 0.250000 0.250000 
  50
0.479817 0.008135 0.046210 
0.462778 0.983378 0.462022 
0.057405 0.008487 0.491768 
0.953979 0.015340 0.015340 0.015340 
0.250000 0.250000 0.250000 0.250000 
  51
0.479817 0.008135 0.046210 
0.462778 0.983378 0.462022 
0.057405 0.008487 0.491768 
0.945887 0.023433 0.015340 0.015340 
0.250000 0.250000 0.250000 0.250000 
  52
0.479817 0.008135 0.046210 
0.462778 0.983378 0.462022 
0.057405 0.008487 0.491768 
0.949726 0.019593 0.015340 0.015340 
0.250000 0.250000 0.250000 0.250000 
  53
0.479817 0.008135 0.046210 
0.462778 0.983378 0.462022 
0.057405 0.008487 0.491768 
0.953979 0.015340 0.015340 0.015340 
0.250000 0.250000 0.250000 0.250000 
  54
0.479817 0.008135 0.046210 
0.462778 0.983378 0.462022 
0.057405 0.008487 0.491768 
0.949962 0.019357 0.015340 0.015340 
0.250000 0.250000 0.250000 0.250000 
  55
0.479817 0.008135 0.046210 
0.462778 0.983378 0.462022 
0.057405 0.008487 0.491768 
0.027361 0.015340 0.934011 0.023288 
0.250000 0.250000 0.250000 0.250000 
  56
0.479817 0.008135 0.046210 
0.462778 0.983378 0.462022 
0.057405 0.008487 0.491768 
0.015340 0.015340 0.015340 0.953979 
0.250000 0.250000 0.250000 0.250000 
  57
0.479817 0.008135 0.046210 
0.462778 0.983378 0.462022 
0.057405 0.008487 0.491768 
0.015340 0.015340 0.015340 0.953979 
0.250000 0.250000 0.250000 0.250000 
  58
0.479817 0.008135 0.046210 
0.462778 0.983378 0.462022 
0.057405 0.008487 0.491768 
0.015340 0.015340 0.953979 0.015340 
0.250000 0.250000 0.250000 0.250000 
  59
0.479817 0.008135 0.046210 
0.462778 0.983378 0.462022 
0.057405 0.008487 0.491768 
0.019776 0.015340 0.949544 0.015340 
0.250000 0.250000 0.250000 0.250000 
  60
0.479817 0.008135 0.046210 
0.462778 0.983378 0.462022 
0.057405 0.008487 0.491768 
0.015340 0.015340 0.015340 0.953979 
0.250000 0.250000 0.250000 0.250000 
  61
0.479817 0.008135 0.046210 
0.462778 0.983378 0.462022 
0.057405 0.008487 0.491768 
0.019401 0.949918 0.015340 0.015340 
0.250000 0.250000 0.250000 0.250000 
  62
0.479817 0.008135 0.046210 
0.462778 0.983378 0.462022 
0.057405 0.008487 0.491768 
0.015340 0.953979 0.015340 0.015340 
0.250000 0.250000 0.250000 0.250000 
  63
0.479817 0.008135 0.046210 
0.462778 0.983378 0.462022 
0.057405 0.008487 0.491768 
0.938496 0.030824 0.015340 0.015340 
0.250000 0.250000 0.250000 0.250000 
  64
0.479817 0.008135 0.046210 
0.462778 0.983378 0.462022 
0.057405 0.008487 0.491768 
0.953979 0.015340 0.015340 0.015340 
0.250000 0.250000 0.250000 0.250000 
  65
0.479817 0.008135 0.046210 
0.462778 0.983378 0.462022 
0.057405 0.008487 0.491768 
0.953979 0.015340 0.015340 0.015340 
0.250000 0.250000 0.250000 0.250000 
  66
0.479817 0.008135 0.046210 
0.462778 0.983378 0.462022 
0.057405 0.008487 0.491768 
0.015340 0.015340 0.015340 0.953979 
0.250000 0.250000 0.250000 0.250000 
  67
0.479817 0.008135 0.046210 
0.462778 0.983378 0.462022 
0.057405 0.008487 0.491768 
0.023311 0.946008 0.015340 0.015340 
0.250000 0.250000 0.250000 0.250000 
  68
0.479817 0.008135 0.046210 
0.462778 0.983378 0.462022 
0.057405 0.008487 0.491768 
0.953979 0.015340 0.015340 0.015340 
0.250000 0.250000 0.250000 0.250000 
  69
0.479817 0.008135 0.046210 
0.462778 0.983378 0.462022 
0.057405 0.008487 0.491768 
0.015340 0.015340 0.953979 0.015340 
0.250000 0.250000 0.250000 0.250000 
  70
0.479817 0.008135 0.046210 
0.462778 0.983378 0.462022 
0.057405 0.008487 0.491768 
0.949517 0.019802 0.015340 0.015340 
0.250000 0.250000 0.250000 0.250000 
  71
0.479817 0.008135 0.046210 
0.462778 0.983378 0.462022 
0.057405 0.008487 0.491768 
0.953979 0.015340 0.015340 0.015340 
0.250000 0.250000 0.250000 0.250000 
  72
0.479817 0.008135 0.046210 
0.462778 0.983378 0.462022 
0.057405 0.008487 0.491768 
0.015340 0.015340 0.015340 0.953979 
0.250000 0.250000 0.250000 0.250000 
  73
0.479817 0.008135 0.046210 
0.462778 0.983378 0.462022 
0.057405 0.008487 0.491768 
0.953979 0.015340 0.015340 0.015340 
0.250000 0.250000 0.250000 0.250000 
  74
0.479817 0.008135 0.046210 
0.462778 0.983378 0.462022 
0.057405 0.008487 0.491768 
0.015340 0.953979 0.015340 0.015340 
0.250000 0.250000 0.250000 0.250000 
  75
0.479817 0.008135 0.046210 
0.462778 0.983378 0.462022 
0.057405 0.008487 0.491768 
0.015340 0.015340 0.953979 0.015340 
0.250000 0.250000 0.250000 0.250000 
  76
0.479817 0.008135 0.046210 
0.462778 0.983378 0.462022 
0.057405 0.008487 0.491768 
0.953979 0.015340 0.015340 0.015340 
0.250000 0.250000 0.250000 0.250000 
  77
0.479817 0.008135 0.046210 
0.462778 0.983378 0.462022 
0.057405 0.008487 0.491768 
0.015340 0.015340 0.953979 0.015340 
0.250000 0.250000 0.250000 0.250000 
  78
0.479817 0.008135 0.046210 
0.462778 0.983378 0.462022 
0.057405 0.008487 0.491768 
0.015340 0.953979 0.015340 0.015340 
0.250000 0.250000 0.250000 0.250000 
  79
0.479817 0.008135 0.046210 
0.462778 0.983378 0.462022 
0.057405 0.008487 0.491768 
0.015340 0.953979 0.015340 0.015340 
0.250000 0.250000 0.250000 0.250000 
  80
0.479817 0.008135 0.046210 
0.462778 0.983378 0.462022 
0.057405 0.008487 0.491768 
0.015340 0.015340 0.953979 0.015340 
0.250000 0.250000 0.250000 0.250000 
  81
0.479817 0.008135 0.046210 
0.462778 0.983378 0.462022 
0.057405 0.008487 0.491768 
0.953979 0.015340 0.015340 0.015340 
0.250000 0.250000 0.250000 0.250000 
  82
0.479817 0.008135 0.046210 
0.462778 0.983378 0.462022 
0.057405 0.008487 0.491768 
0.953979 0.015340 0.015340 0.015340 
0.250000 0.250000 0.250000 0.250000 
  83
0.479817 0.008135 0.046210 
0.462778 0.983378 0.462022 
0.057405 0.008487 0.491768 
0.015340 0.015340 0.953979 0.015340 
0.250000 0.250000 0.250000 0.250000 
  84
0.479817 0.008135 0.046210 
0.462778 0.983378 0.462022 
0.057405 0.008487 0.491768 
0.015340 0.953979 0.015340 0.015340 
0.250000 0.250000 0.250000 0.250000 
  85
0.479817 0.008135 0.046210 
0.462778 0.983378 0.462022 
0.057405 0.008487 0.491768 
0.015340 0.015340 0.953979 0.015340 
0.250000 0.250000 0.250000 0.250000 
  86
0.479817 0.008135 0.046210 
0.462778 0.983378 0.462022 
0.057405 0.008487 0.491768 
0.015340 0.015340 0.015340 0.953979 
0.250000 0.250000 0.250000 0.250000 
  87
0.479817 0.008135 0.046210 
0.462778 0.983378 0.462022 
0.057405 0.008487 0.491768 
0.015340 0.953979 0.015340 0.015340 
0.250000 0.250000 0.250000 0.250000 
  88
0.479817 0.008135 0.046210 
0.462778 0.983378 0.462022 
0.057405 0.008487 0.491768 
0.015340 0.015340 0.015340 0.953979 
0.250000 0.250000 0.250000 0.250000 
  89
0.479817 0.008135 0.046210 
0.462778 0.983378 0.462022 
0.057405 0.008487 0.491768 
0.015340 0.953979 0.015340 0.015340 
0.250000 0.250000 0.250000 0.250000 
  90
0.479817 0.008135 0.046210 
0.462778 0.983378 0.462022 
0.057405 0.008487 0.491768 
0.015340 0.015340 0.953979 0.015340 
0.250000 0.250000 0.250000 0.250000 
  91
0.479817 0.008135 0.046210 
0.462778 0.983378 0.462022 
0.057405 0.008487 0.491768 
0.015340 0.015340 0.953979 0.015340 
0.250000 0.250000 0.250000 0.250000 
  92
0.479817 0.008135 0.046210 
0.462778 0.983378 0.462022 
0.057405 0.008487 0.491768 
0.015340 0.015340 0.015340 0.953979 
0.250000 0.250000 0.250000 0.250000 
  93
0.479817 0.008135 0.046210 
0.462778 0.983378 0.462022 
0.057405 0.008487 0.491768 
0.015340 0.015340 0.015340 0.953979 
0.250000 0.250000 0.250000 0.250000 
  94
0.479817 0.008135 0.046210 
0.462778 0.983378 0.462022 
0.057405 0.008487 0.491768 
0.015340 0.953979 0.015340 0.015340 
0.250000 0.250000 0.250000 0.250000 
  95
0.479817 0.008135 0.046210 
0.462778 0.983378 0.462022 
0.057405 0.008487 0.491768 
0.015340 0.953979 0.015340 0.015340 
0.250000 0.250000 0.250000 0.250000 
  96
0.479817 0.008135 0.046210 
0.462778 0.983378 0.462022 
0.057405 0.008487 0.491768 
0.027517 0.941802 0.015340 0.015340 
0.250000 0.250000 0.250000 0.250000 
  97
0.479817 0.008135 0.046210 
0.462778 0.983378 0.462022 
0.057405 0.008487 0.491768 
0.015340 0.015340 0.953979 0.015340 
0.250000 0.250000 0.250000 0.250000 
  98
0.479817 0.008135 0.046210 
0.462778 0.983378 0.462022 
0.057405 0.008487 0.491768 
0.953979 0.015340 0.015340 0.015340 
0.250000 0.250000 0.250000 0.250000 
  99
0.479817 0.008135 0.046210 
0.462778 0.983378 0.462022 
0.057405 0.008487 0.491768 
0.015340 0.015340 0.953979 0.015340 
0.250000 0.250000 0.250000 0.250000 
 100
0.479817 0.008135 0.046210 
0.462778 0.983378 0.462022 
0.057405 0.008487 0.491768 
0.015340 0.015340 0.953979 0.015340 
0.250000 0.250000 0.250000 0.250000 
 101
0.479817 0.008135 0.046210 
0.462778 0.983378 0.462022 
0.057405 0.008487 0.491768 
0.953979 0.015340 0.015340 0.015340 
0.250000 0.250000 0.250000 0.250000 
 102
0.479817 0.008135 0.046210 
0.462778 0.983378 0.462022 
0.057405 0.008487 0.491768 
0.015340 0.015340 0.015340 0.953979 
0.250000 0.250000 0.250000 0.250000 
 103
0.479817 0.008135 0.046210 
0.462778 0.983378 0.462022 
0.057405 0.008487 0.491768 
0.015340 0.938306 0.015340 0.031014 
0.250000 0.250000 0.250000 0.250000 
 104
0.479817 0.008135 0.046210 
0.462778 0.983378 0.462022 
0.057405 0.008487 0.491768 
0.015340 0.015340 0.953979 0.015340 
0.250000 0.250000 0.250000 0.250000 
 105
0.479817 0.008135 0.046210 
0.462778 0.983378 0.462022 
0.057405 0.008487 0.491768 
0.953979 0.015340 0.015340 0.015340 
0.250000 0.250000 0.250000 0.250000 
 106
0.479817 0.008135 0.046210 
0.462778 0.983378 0.462022 
0.057405 0.008487 0.491768 
0.015340 0.953979 0.015340 0.015340 
0.250000 0.250000 0.250000 0.250000 
 107
0.479817 0.008135 0.046210 
0.462778 0.983378 0.462022 
0.057405 0.008487 0.491768 
0.015340 0.015340 0.015340 0.953979 
0.250000 0.250000 0.250000 0.250000 
 108
0.479817 0.008135 0.046210 
0.462778 0.983378 0.462022 
0.057405 0.008487 0.491768 
0.942340 0.026980 0.015340 0.015340 
0.250000 0.250000 0.250000 0.250000 
 109
0.479817 0.008135 0.046210 
0.462778 0.983378 0.462022 
0.057405 0.008487 0.491768 
0.015340 0.015340 0.953979 0.015340 
0.250000 0.250000 0.250000 0.250000 
 110
0.479817 0.008135 0.046210 
0.462778 0.983378 0.462022 
0.057405 0.008487 0.491768 
0.015340 0.015340 0.953979 0.015340 
0.250000 0.250000 0.250000 0.250000 
 111
0.479817 0.008135 0.046210 
0.462778 0.983378 0.462022 
0.057405 0.008487 0.491768 
0.946034 0.015340 0.023286 0.015340 
0.250000 0.250000 0.250000 0.250000 
 112
0.479817 0.008135 0.046210 
0.462778 0.983378 0.462022 
0.057405 0.008487 0.491768 
0.953979 0.015340 0.015340 0.015340 
0.250000 0.250000 0.250000 0.250000 
 113
0.479817 0.008135 0.046210 
0.462778 0.983378 0.462022 
0.057405 0.008487 0.491768 
0.953979 0.015340 0.015340 0.015340 
0.250000 0.250000 0.250000 0.250000 
 114
0.479817 0.008135 0.046210 
0.462778 0.983378 0.462022 
0.057405 0.008487 0.491768 
0.015340 0.015340 0.941737 0.027583 
0.250000 0.250000 0.250000 0.250000 
 115
0.479817 0.008135 0.046210 
0.462778 0.983378 0.462022 
0.057405 0.008487 0.491768 
0.015340 0.953979 0.015340 0.015340 
0.250000 0.250000 0.250000 0.250000 
 116
0.479817 0.008135 0.046210 
0.462778 0.983378 0.462022 
0.057405 0.008487 0.491768 
0.015340 0.953979 0.015340 0.015340 
0.250000 0.250000 0.250000 0.250000 
 117
0.479817 0.008135 0.046210 
0.462778 0.983378 0.462022 
0.057405 0.008487 0.491768 
0.949659 0.019661 0.015340 0.015340 
0.250000 0.250000 0.250000 0.250000 
 118
0.479817 0.008135 0.046210 
0.462778 0.983378 0.462022 
0.057405 0.008487 0.491768 
0.953979 0.015340 0.015340 0.015340 
0.250000 0.250000 0.250000 0.250000 
 119
0.479817 0.008135 0.046210 
0.462778 0.983378 0.462022 
0.057405 0.008487 0.491768 
0.015340 0.015340 0.953979 0.015340 
0.250000 0.250000 0.250000 0.250000 
 120
0.479817 0.008135 0.046210 
0.462778 0.983378 0.462022 
0.057405 0.008487 0.491768 
0.023765 0.945554 0.015340 0.015340 
0.250000 0.250000 0.250000 0.250000 
 121
0.479817 0.008135 0.046210 
0.462778 0.983378 0.462022 
0.057405 0.008487 0.491768 
0.953979 0.015340 0.015340 0.015340 
0.250000 0.250000 0.250000 0.250000 
 122
0.479817 0.008135 0.046210 
0.462778 0.983378 0.462022 
0.057405 0.008487 0.491768 
0.015340 0.015340 0.015340 0.953979 
0.250000 0.250000 0.250000 0.250000 
 123
0.479817 0.008135 0.046210 
0.462778 0.983378 0.462022 
0.057405 0.008487 0.491768 
0.953979 0.015340 0.015340 0.015340 
0.250000 0.250000 0.250000 0.250000 
 124
0.479817 0.008135 0.046210 
0.462778 0.983378 0.462022 
0.057405 0.008487 0.491768 
0.015340 0.953979 0.015340 0.015340 
0.250000 0.250000 0.250000 0.250000 
 125
0.479817 0.008135 0.046210 
0.462778 0.983378 0.462022 
0.057405 0.008487 0.491768 
0.015340 0.015340 0.015340 0.953979 
0.250000 0.250000 0.250000 0.250000 
 126
0.479817 0.008135 0.046210 
0.462778 0.983378 0.462022 
0.057405 0.008487 0.491768 
0.015340 0.953979 0.015340 0.015340 
0.250000 0.250000 0.250000 0.250000 
 127
0.479817 0.008135 0.046210 
0.462778 0.983378 0.462022 
0.057405 0.008487 0.491768 
0.953979 0.015340 0.015340 0.015340 
0.250000 0.250000 0.250000 0.250000 
 128
0.479817 0.008135 0.046210 
0.462778 0.983378 0.462022 
0.057405 0.008487 0.491768 
0.953979 0.015340 0.015340 0.015340 
0.250000 0.250000 0.250000 0.250000 
 129
0.479817 0.008135 0.046210 
0.462778 0.983378 0.462022 
0.057405 0.008487 0.491768 
0.953979 0.015340 0.015340 0.015340 
0.250000 0.250000 0.250000 0.250000 
 130
0.479817 0.008135 0.046210 
0.462778 0.983378 0.462022 
0.057405 0.008487 0.491768 
0.953979 0.015340 0.015340 0.015340 
0.250000 0.250000 0.250000 0.250000 
 131
0.479817 0.008135 0.046210 
0.462778 0.983378 0.462022 
0.057405 0.008487 0.491768 
0.015340 0.015340 0.953979 0.015340 
0.250000 0.250000 0.250000 0.250000 
 132
0.479817 0.008135 0.046210 
0.462778 0.983378 0.462022 
0.057405 0.008487 0.491768 
0.953979 0.015340 0.015340 0.015340 
0.250000 0.250000 0.250000 0.250000 
 133
0.479817 0.008135 0.046210 
0.462778 0.983378 0.462022 
0.057405 0.008487 0.491768 
0.953979 0.015340 0.015340 0.015340 
0.250000 0.250000 0.250000 0.250000 
 134
0.479817 0.008135 0.046210 
0.462778 0.983378 0.462022 
0.057405 0.008487 0.491768 
0.015340 0.015340 0.015340 0.953979 
0.250000 0.250000 0.250000 0.250000 
 135
0.479817 0.008135 0.046210 
0.462778 0.983378 0.462022 
0.057405 0.008487 0.491768 
0.019247 0.015340 0.938657 0.026755 
0.250000 0.250000 0.250000 0.250000 
 136
0.479817 0.008135 0.046210 
0.462778 0.983378 0.462022 
0.057405 0.008487 0.491768 
0.953979 0.015340 0.015340 0.015340 
0.250000 0.250000 0.250000 0.250000 
 137
0.479817 0.008135 0.046210 
0.462778 0.983378 0.462022 
0.057405 0.008487 0.491768 
0.015340 0.015340 0.953979 0.015340 
0.250000 0.250000 0.250000 0.250000 
 138
0.479817 0.008135 0.046210 
0.462778 0.983378 0.462022 
0.057405 0.008487 0.491768 
0.015340 0.950006 0.015340 0.019314 
0.250000 0.250000 0.250000 0.250000 
 139
0.479817 0.008135 0.046210 
0.462778 0.983378 0.462022 
0.057405 0.008487 0.491768 
0.953979 0.015340 0.015340 0.015340 
0.250000 0.250000 0.250000 0.250000 
 140
0.479817 0.008135 0.046210 
0.462778 0.983378 0.462022 
0.057405 0.008487 0.491768 
0.953979 0.015340 0.015340 0.015340 
0.250000 0.250000 0.250000 0.250000 
 141
0.479817 0.008135 0.046210 
0.462778 0.983378 0.462022 
0.057405 0.008487 0.491768 
0.015340 0.015340 0.015340 0.953979 
0.250000 0.250000 0.250000 0.250000 
 142
0.479817 0.008135 0.046210 
0.462778 0.983378 0.462022 
0.057405 0.008487 0.491768 
0.015340 0.953979 0.015340 0.015340 
0.250000 0.250000 0.250000 0.250000 
 143
0.479817 0.008135 0.046210 
0.462778 0.983378 0.462022 
0.057405 0.008487 0.491768 
0.953979 0.015340 0.015340 0.015340 
0.250000 0.250000 0.250000 0.250000 
 144
0.479817 0.008135 0.046210 
0.462778 0.983378 0.462022 
0.057405 0.008487 0.491768 
0.019615 0.015340 0.949705 0.015340 
0.250000 0.250000 0.250000 0.250000 
 145
0.479817 0.008135 0.046210 
0.462778 0.983378 0.462022 
0.057405 0.008487 0.491768 
0.015340 0.015340 0.953979 0.015340 
0.250000 0.250000 0.250000 0.250000 
 146
0.479817 0.008135 0.046210 
0.462778 0.983378 0.462022 
0.057405 0.008487 0.491768 
0.023980 0.945340 0.015340 0.015340 
0.250000 0.250000 0.250000 0.250000 
 147
0.479817 0.008135 0.046210 
0.462778 0.983378 0.462022 
0.057405 0.008487 0.491768 
0.953979 0.015340 0.015340 0.015340 
0.250000 0.250000 0.250000 0.250000 
 148
0.479817 0.008135 0.046210 
0.462778 0.983378 0.462022 
0.057405 0.008487 0.491768 
0.953979 0.015340 0.015340 0.015340 
0.250000 0.250000 0.250000 0.250000 
 149
0.479817 0.008135 0.046210 
0.462778 0.983378 0.462022 
0.057405 0.008487 0.491768 
0.015340 0.015340 0.015340 0.953979 
0.250000 0.250000 0.250000 0.250000 
 150
0.479817 0.008135 0.046210 
0.462778 0.983378 0.462022 
0.057405 0.008487 0.491768 
0.015340 0.015340 0.015340 0.953979 
0.250000 0.250000 0.250000 0.250000 
 151
0.479817 0.008135 0.046210 
0.462778 0.983378 0.462022 
0.057405 0.008487 0.491768 
0.015340 0.953979 0.015340 0.015340 
0.250000 0.250000 0.250000 0.250000 
 152
0.479817 0.008135 0.046210 
0.462778 0.983378 0.462022 
0.057405 0.008487 0.491768 
0.953979 0.015340 0.015340 0.015340 
0.250000 0.250000 0.250000 0.250000 
 153
0.479817 0.008135 0.046210 
0.462778 0.983378 0.462022 
0.057405 0.008487 0.491768 
0.953979 0.015340 0.015340 0.015340 
0.250000 0.250000 0.250000 0.250000 
 154
0.479817 0.008135 0.046210 
0.462778 0.983378 0.462022 
0.057405 0.008487 0.491768 
0.015340 0.953979 0.015340 0.015340 
0.250000 0.250000 0.250000 0.250000 
 155
0.479817 0.008135 0.046210 
0.462778 0.983378 0.462022 
0.057405 0.008487 0.491768 
0.015340 0.015340 0.015340 0.953979 
0.250000 0.250000 0.250000 0.250000 
 156
0.479817 0.008135 0.046210 
0.462778 0.983378 0.462022 
0.057405 0.008487 0.491768 
0.015340 0.015340 0.023185 0.946135 
0.250000 0.250000 0.250000 0.250000 
 157
0.479817 0.008135 0.046210 
0.462778 0.983378 0.462022 
0.057405 0.008487 0.491768 
0.953979 0.015340 0.015340 0.015340 
0.250000 0.250000 0.250000 0.250000 
 158
0.479817 0.008135 0.046210 
0.462778 0.983378 0.462022 
0.057405 0.008487 0.491768 
0.015340 0.015340 0.953979 0.015340 
0.250000 0.250000 0.250000 0.250000 
 159
0.479817 0.008135 0.046210 
0.462778 0.983378 0.462022 
0.057405 0.008487 0.491768 
0.015340 0.015340 0.023374 0.945946 
0.250000 0.250000 0.250000 0.250000 
 160
0.479817 0.008135 0.046210 
0.462778 0.983378 0.462022 
0.057405 0.008487 0.491768 
0.953979 0.015340 0.015340 0.015340 
0.250000 0.250000 0.250000 0.250000 
 161
0.479817 0.008135 0.046210 
0.462778 0.983378 0.462022 
0.057405 0.008487 0.491768 
0.953979 0.015340 0.015340 0.015340 
0.250000 0.250000 0.250000 0.250000 
 162
0.479817 0.008135 0.046210 
0.462778 0.983378 0.462022 
0.057405 0.008487 0.491768 
0.015340 0.015340 0.015340 0.953979 
0.250000 0.250000 0.250000 0.250000 
 163
0.479817 0.008135 0.046210 
0.462778 0.983378 0.462022 
0.057405 0.008487 0.491768 
0.015340 0.953979 0.015340 0.015340 
0.250000 0.250000 0.250000 0.250000 
 164
0.479817 0.008135 0.046210 
0.462778 0.983378 0.462022 
0.057405 0.008487 0.491768 
0.015340 0.015340 0.953979 0.015340 
0.250000 0.250000 0.250000 0.250000 
 165
0.479817 0.008135 0.046210 
0.462778 0.983378 0.462022 
0.057405 0.008487 0.491768 
0.015340 0.015340 0.019776 0.949544 
0.250000 0.250000 0.250000 0.250000 
 166
0.479817 0.008135 0.046210 
0.462778 0.983378 0.462022 
0.057405 0.008487 0.491768 
0.953979 0.015340 0.015340 0.015340 
0.250000 0.250000 0.250000 0.250000 
 167
0.479817 0.008135 0.046210 
0.462778 0.983378 0.462022 
0.057405 0.008487 0.491768 
0.015340 0.015340 0.953979 0.015340 
0.250000 0.250000 0.250000 0.250000 
 168
0.479817 0.008135 0.046210 
0.462778 0.983378 0.462022 
0.057405 0.008487 0.491768 
0.015340 0.015340 0.015340 0.953979 
0.250000 0.250000 0.250000 0.250000 
 169
0.479817 0.008135 0.046210 
0.462778 0.983378 0.462022 
0.057405 0.008487 0.491768 
0.015340 0.953979 0.015340 0.015340 
0.250000 0.250000 0.250000 0.250000 
 170
0.479817 0.008135 0.046210 
0.462778 0.983378 0.462022 
0.057405 0.008487 0.491768 
0.953979 0.015340 0.015340 0.015340 
0.250000 0.250000 0.250000 0.250000 
 171
0.479817 0.008135 0.046210 
0.462778 0.983378 0.462022 
0.057405 0.008487 0.491768 
0.019384 0.949936 0.015340 0.015340 
0.250000 0.250000 0.250000 0.250000 
 172
0.479817 0.008135 0.046210 
0.462778 0.983378 0.462022 
0.057405 0.008487 0.491768 
0.015340 0.015340 0.953979 0.015340 
0.250000 0.250000 0.250000 0.250000 
 173
0.479817 0.008135 0.046210 
0.462778 0.983378 0.462022 
0.057405 0.008487 0.491768 
0.015340 0.015340 0.015340 0.953979 
0.250000 0.250000 0.250000 0.250000 
 174
0.479817 0.008135 0.046210 
0.462778 0.983378 0.462022 
0.057405 0.008487 0.491768 
0.015340 0.953979 0.015340 0.015340 
0.250000 0.250000 0.250000 0.250000 
 175
0.479817 0.008135 0.046210 
0.462778 0.983378 0.462022 
0.057405 0.008487 0.491768 
0.015340 0.953979 0.015340 0.015340 
0.250000 0.250000 0.250000 0.250000 
 176
0.479817 0.008135 0.046210 
0.462778 0.983378 0.462022 
0.057405 0.008487 0.491768 
0.015340 0.015340 0.015340 0.953979 
0.250000 0.250000 0.250000 0.250000 
 177
0.479817 0.008135 0.046210 
0.462778 0.983378 0.462022 
0.057405 0.008487 0.491768 
0.015340 0.015340 0.015340 0.953979 
0.250000 0.250000 0.250000 0.250000 
 178
0.479817 0.008135 0.046210 
0.462778 0.983378 0.462022 
0.057405 0.008487 0.491768 
0.015340 0.015340 0.953979 0.015340 
0.250000 0.250000 0.250000 0.250000 
 179
0.479817 0.008135 0.046210 
0.462778 0.983378 0.462022 
0.057405 0.008487 0.491768 
0.953979 0.015340 0.015340 0.015340 
0.250000 0.250000 0.250000 0.250000 
 180
0.479817 0.008135 0.046210 
0.462778 0.983378 0.462022 
0.057405 0.008487 0.491768 
0.015340 0.953979 0.015340 0.015340 
0.250000 0.250000 0.250000 0.250000 
 181
0.479817 0.008135 0.046210 
0.462778 0.983378 0.462022 
0.057405 0.008487 0.491768 
0.950006 0.019314 0.015340 0.015340 
0.250000 0.250000 0.250000 0.250000 
 182
0.479817 0.008135 0.046210 
0.462778 0.983378 0.462022 
0.057405 0.008487 0.491768 
0.953979 0.015340 0.015340 0.015340 
0.250000 0.250000 0.250000 0.250000 
 183
0.479817 0.008135 0.046210 
0.462778 0.983378 0.462022 
0.057405 0.008487 0.491768 
0.015340 0.015340 0.035280 0.934040 
0.250000 0.250000 0.250000 0.250000 
 184
0.479817 0.008135 0.046210 
0.462778 0.983378 0.462022 
0.057405 0.008487 0.491768 
0.015340 0.015340 0.015340 0.953979 
0.250000 0.250000 0.250000 0.250000 
 185
0.479817 0.008135 0.046210 
0.462778 0.983378 0.462022 
0.057405 0.008487 0.491768 
0.015340 0.015340 0.953979 0.015340 
0.250000 0.250000 0.250000 0.250000 
 186
0.479817 0.008135 0.046210 
0.462778 0.983378 0.462022 
0.057405 0.008487 0.491768 
0.015340 0.015340 0.949453 0.019867 
0.250000 0.250000 0.250000 0.250000 
 187
0.479817 0.008135 0.046210 
0.462778 0.983378 0.462022 
0.057405 0.008487 0.491768 
0.015340 0.015340 0.015340 0.953979 
0.250000 0.250000 0.250000 0.250000 
 188
0.479817 0.008135 0.046210 
0.462778 0.983378 0.462022 
0.057405 0.008487 0.491768 
0.015340 0.015340 0.953979 0.015340 
0.250000 0.250000 0.250000 0.250000 
 189
0.479817 0.008135 0.046210 
0.462778 0.983378 0.462022 
0.057405 0.008487 0.491768 
0.926467 0.042853 0.015340 0.015340 
0.250000 0.250000 0.250000 0.250000 
 190
0.479817 0.008135 0.046210 
0.462778 0.983378 0.462022 
0.057405 0.008487 0.491768 
0.953979 0.015340 0.015340 0.015340 
0.250000 0.250000 0.250000 0.250000 
 191
0.479817 0.008135 0.046210 
0.462778 0.983378 0.462022 
0.057405 0.008487 0.491768 
0.015340 0.015340 0.015340 0.953979 
0.250000 0.250000 0.250000 0.250000 
 192
0.479817 0.008135 0.046210 
0.462778 0.983378 0.462022 
0.057405 0.008487 0.491768 
0.953979 0.015340 0.015340 0.015340 
0.250000 0.250000 0.250000 0.250000 
 193
0.479817 0.008135 0.046210 
0.462778 0.983378 0.462022 
0.057405 0.008487 0.491768 
0.015340 0.953979 0.015340 0.015340 
0.250000 0.250000 0.250000 0.250000 
 194
0.479817 0.008135 0.046210 
0.462778 0.983378 0.462022 
0.057405 0.008487 0.491768 
0.015340 0.953979 0.015340 0.015340 
0.250000 0.250000 0.250000 0.250000 
 195
0.479817 0.008135 0.046210 
0.462778 0.983378 0.462022 
0.057405 0.008487 0.491768 
0.015340 0.015340 0.015340 0.953979 
0.250000 0.250000 0.250000 0.250000 
 196
0.479817 0.008135 0.046210 
0.462778 0.983378 0.462022 
0.057405 0.008487 0.491768 
0.015340 0.953979 0.015340 0.015340 
0.250000 0.250000 0.250000 0.250000 
 197
0.479817 0.008135 0.046210 
0.462778 0.983378 0.462022 
0.057405 0.008487 0.491768 
0.953979 0.015340 0.015340 0.015340 
0.250000 0.250000 0.250000 0.250000 
 198
0.479817 0.008135 0.046210 
0.462778 0.983378 0.462022 
0.057405 0.008487 0.491768 
0.953979 0.015340 0.015340 0.015340 
0.250000 0.250000 0.250000 0.250000 
 199
0.479817 0.008135 0.046210 
0.462778 0.983378 0.462022 
0.057405 0.008487 0.491768 
0.953979 0.015340 0.015340 0.015340 
0.250000 0.250000 0.250000 0.250000 
 200
0.479817 0.008135 0.046210 
0.462778 0.983378 0.462022 
0.057405 0.008487 0.491768 
0.015340 0.015340 0.015340 0.953979 
0.250000 0.250000 0.250000 0.250000 
 201
0.479817 0.008135 0.046210 
0.462778 0.983378 0.462022 
0.057405 0.008487 0.491768 
0.953979 0.015340 0.015340 0.015340 
0.250000 0.250000 0.250000 0.250000 
 202
0.479817 0.008135 0.046210 
0.462778 0.983378 0.462022 
0.057405 0.008487 0.491768 
0.015340 0.015340 0.015340 0.953979 
0.250000 0.250000 0.250000 0.250000 
 203
0.479817 0.008135 0.046210 
0.462778 0.983378 0.462022 
0.057405 0.008487 0.491768 
0.015340 0.953979 0.015340 0.015340 
0.250000 0.250000 0.250000 0.250000 
 204
0.479817 0.008135 0.046210 
0.462778 0.983378 0.462022 
0.057405 0.008487 0.491768 
0.015340 0.015340 0.945709 0.023611 
0.250000 0.250000 0.250000 0.250000 
 205
0.479817 0.008135 0.046210 
0.462778 0.983378 0.462022 
0.057405 0.008487 0.491768 
0.015340 0.953979 0.015340 0.015340 
0.250000 0.250000 0.250000 0.250000 
 206
0.479817 0.008135 0.046210 
0.462778 0.983378 0.462022 
0.057405 0.008487 0.491768 
0.949933 0.019386 0.015340 0.015340 
0.250000 0.250000 0.250000 0.250000 
 207
0.479817 0.008135 0.046210 
0.462778 0.983378 0.462022 
0.057405 0.008487 0.491768 
0.015340 0.015340 0.953979 0.015340 
0.250000 0.250000 0.250000 0.250000 
 208
0.479817 0.008135 0.046210 
0.462778 0.983378 0.462022 
0.057405 0.008487 0.491768 
0.938364 0.030956 0.015340 0.015340 
0.250000 0.250000 0.250000 0.250000 
 209
0.479817 0.008135 0.046210 
0.462778 0.983378 0.462022 
0.057405 0.008487 0.491768 
0.015340 0.953979 0.015340 0.015340 
0.250000 0.250000 0.250000 0.250000 
 210
0.479817 0.008135 0.046210 
0.462778 0.983378 0.462022 
0.057405 0.008487 0.491768 
0.015340 0.015340 0.019726 0.949593 
0.250000 0.250000 0.250000 0.250000 
 211
0.479817 0.008135 0.046210 
0.462778 0.983378 0.462022 
0.057405 0.008487 0.491768 
0.015340 0.015340 0.953979 0.015340 
0.250000 0.250000 0.250000 0.250000 
 212
0.479817 0.008135 0.046210 
0.462778 0.983378 0.462022 
0.057405 0.008487 0.491768 
0.015340 0.015340 0.953979 0.015340 
0.250000 0.250000 0.250000 0.250000 
 213
0.479817 0.008135 0.046210 
0.462778 0.983378 0.462022 
0.057405 0.008487 0.491768 
0.015340 0.015340 0.015340 0.953979 
0.250000 0.250000 0.250000 0.250000 
 214
0.479817 0.008135 0.046210 
0.462778 0.983378 0.462022 
0.057405 0.008487 0.491768 
0.015340 0.015340 0.953979 0.015340 
0.250000 0.250000 0.250000 0.250000 
 215
0.479817 0.008135 0.046210 
0.462778 0.983378 0.462022 
0.057405 0.008487 0.491768 
0.953979 0.015340 0.015340 0.015340 
0.250000 0.250000 0.250000 0.250000 
 216
0.479817 0.008135 0.046210 
0.462778 0.983378 0.462022 
0.057405 0.008487 0.491768 
0.015340 0.015340 0.015340 0.953979 
0.250000 0.250000 0.250000 0.250000 
 217
0.479817 0.008135 0.046210 
0.462778 0.983378 0.462022 
0.057405 0.008487 0.491768 
0.019450 0.015340 0.949869 0.015340 
0.250000 0.250000 0.250000 0.250000 
 218
0.479817 0.008135 0.046210 
0.462778 0.983378 0.462022 
0.057405 0.008487 0.491768 
0.953979 0.015340 0.015340 0.015340 
0.250000 0.250000 0.250000 0.250000 
 219
0.479817 0.008135 0.046210 
0.462778 0.983378 0.462022 
0.057405 0.008487 0.491768 
0.023656 0.941371 0.015401 0.019573 
0.250000 0.250000 0.250000 0.250000 
 220
0.479817 0.008135 0.046210 
0.462778 0.983378 0.462022 
0.057405 0.008487 0.491768 
0.945748 0.023571 0.015340 0.015340 
0.250000 0.250000 0.250000 0.250000 
 221
0.479817 0.008135 0.046210 
0.462778 0.983378 0.462022 
0.057405 0.008487 0.491768 
0.015340 0.015340 0.015340 0.953979 
0.250000 0.250000 0.250000 0.250000 
 222
0.479817 0.008135 0.046210 
0.462778 0.983378 0.462022 
0.057405 0.008487 0.491768 
0.015340 0.015340 0.953979 0.015340 
0.250000 0.250000 0.250000 0.250000 
 223
0.479817 0.008135 0.046210 
0.462778 0.983378 0.462022 
0.057405 0.008487 0.491768 
0.015340 0.015340 0.953979 0.015340 
0.250000 0.250000 0.250000 0.250000 
 224
0.479817 0.008135 0.046210 
0.462778 0.983378 0.462022 
0.057405 0.008487 0.491768 
0.015340 0.015340 0.015340 0.953979 
0.250000 0.250000 0.250000 0.250000 
 225
0.479817 0.008135 0.046210 
0.462778 0.983378 0.462022 
0.057405 0.008487 0.491768 
0.015340 0.015340 0.015340 0.953979 
0.250000 0.250000 0.250000 0.250000 
 226
0.479817 0.008135 0.046210 
0.462778 0.983378 0.462022 
0.057405 0.008487 0.491768 
0.015340 0.953979 0.015340 0.015340 
0.250000 0.250000 0.250000 0.250000 
 227
0.479817 0.008135 0.046210 
0.462778 0.983378 0.462022 
0.057405 0.008487 0.491768 
0.953979 0.015340 0.015340 0.015340 
0.250000 0.250000 0.250000 0.250000 
 228
0.479817 0.008135 0.046210 
0.462778 0.983378 0.462022 
0.057405 0.008487 0.491768 
0.015340 0.015340 0.015340 0.953979 
0.250000 0.250000 0.250000 0.250000 
 229
0.479817 0.008135 0.046210 
0.462778 0.983378 0.462022 
0.057405 0.008487 0.491768 
0.015340 0.953979 0.015340 0.015340 
0.250000 0.250000 0.250000 0.250000 
 230
0.479817 0.008135 0.046210 
0.462778 0.983378 0.462022 
0.057405 0.008487 0.491768 
0.015340 0.953979 0.015340 0.015340 
0.250000 0.250000 0.250000 0.250000 
 231
0.479817 0.008135 0.046210 
0.462778 0.983378 0.462022 
0.057405 0.008487 0.491768 
0.949336 0.019984 0.015340 0.015340 
0.250000 0.250000 0.250000 0.250000 
 232
0.479817 0.008135 0.046210 
0.462778 0.983378 0.462022 
0.057405 0.008487 0.491768 
0.019835 0.949484 0.015340 0.015340 
0.250000 0.250000 0.250000 0.250000 
 233
0.479817 0.008135 0.046210 
0.462778 0.983378 0.462022 
0.057405 0.008487 0.491768 
0.953979 0.015340 0.015340 0.015340 
0.250000 0.250000 0.250000 0.250000 
 234
0.479817 0.008135 0.046210 
0.462778 0.983378 0.462022 
0.057405 0.008487 0.491768 
0.949847 0.019473 0.015340 0.015340 
0.250000 0.250000 0.250000 0.250000 
 235
0.479817 0.008135 0.046210 
0.462778 0.983378 0.462022 
0.057405 0.008487 0.491768 
0.953979 0.015340 0.015340 0.015340 
