%  SAM: /scicomp/home/vfn4/Tools/LABEL_RES/scripts/modelfromalign v3.5 (July 15, 2005) compiled 12/08/06_16:15:55
%  (c) 1992-2001 Regents of the University of California, Santa Cruz
%
%          Sequence Alignment and Modeling Software System
%         http://www.cse.ucsc.edu/research/compbio/sam.html
%
% ----------------- Citations (SAM, SAM-T2K, HMMs) --------------------
% R. Hughey, A. Krogh, Hidden Markov models for sequence analysis:
%  Extension and analysis of the basic method, CABIOS 12:95-107, 1996.
% K. Karplus, et al., What is the value added by human intervention in protein
%  structure prediction, Proteins: Stucture, Function, Genetics 45(S5):86--91, 2001.
% A. Krogh et al., Hidden Markov models in computational biology:
%  Applications to protein modeling, JMB 235:1501-1531, Feb 1994.
% ---------------------------------------------------------------------
%  3C.3_hmm   Host: node5.aspen.biotech.cdc.gov    Tue Jan  6 16:00:36 2015
%  vfn4       Dir:  /scicomp/home/vfn4/fluA/HA_H3/H3prerelease1/c-3C/c-3C.3
% ---------------------------------------------------------------------
%  Alignment weights from internal calc.  Total (40.00) Max (0.07) Min (0.02)
%  Weights from alignment method 1 (karplus), b=-1.000000, e=0.500000
MODEL --  Model from alignment file /scicomp/home/vfn4/Tools/LABEL_RES/training_data/H3prerelease1/c-3C/c-3C.3/3C.3.fasta
alphabet DNA
FREQAVE
0.000000 0.000000 0.000000 
0.000000 0.000000 0.000000 
0.000000 0.000000 0.000000 
0.338730 0.223516 0.195311 0.242443 
0.338730 0.223516 0.195311 0.242443 
Begin
0.000000 0.000000 0.000000 
0.000000 0.000000 0.000000 
0.000000 0.004746 0.491768 
0.250000 0.250000 0.250000 0.250000 
0.250000 0.250000 0.250000 0.250000 
   1
0.000000 0.040292 0.046210 
0.000000 0.954962 0.462022 
0.038033 0.004922 0.491768 
0.980768 0.006411 0.006411 0.006411 
0.250000 0.250000 0.250000 0.250000 
   2
0.655360 0.004718 0.046210 
0.306607 0.990360 0.462022 
0.038033 0.004922 0.491768 
0.006411 0.006411 0.006411 0.980768 
0.250000 0.250000 0.250000 0.250000 
   3
0.655360 0.004718 0.046210 
0.306607 0.990360 0.462022 
0.038033 0.004922 0.491768 
0.006411 0.980768 0.006411 0.006411 
0.250000 0.250000 0.250000 0.250000 
   4
0.650638 0.004718 0.046210 
0.311329 0.990360 0.462022 
0.038213 0.004919 0.491768 
0.980781 0.006406 0.006406 0.006406 
0.250000 0.250000 0.250000 0.250000 
   5
0.645575 0.004715 0.046210 
0.316211 0.990365 0.462022 
0.038527 0.004915 0.491768 
0.979843 0.007360 0.006398 0.006398 
0.250000 0.250000 0.250000 0.250000 
   6
0.650880 0.004711 0.046210 
0.310593 0.990374 0.462022 
0.038527 0.004915 0.491768 
0.008408 0.978085 0.006398 0.007108 
0.250000 0.250000 0.250000 0.250000 
   7
0.650880 0.004711 0.046210 
0.310593 0.990374 0.462022 
0.038527 0.004915 0.491768 
0.976772 0.010431 0.006398 0.006398 
0.250000 0.250000 0.250000 0.250000 
   8
0.650880 0.004711 0.046210 
0.310593 0.990374 0.462022 
0.038527 0.004915 0.491768 
0.007722 0.006398 0.978047 0.007833 
0.250000 0.250000 0.250000 0.250000 
   9
0.650880 0.004711 0.046210 
0.310593 0.990374 0.462022 
0.038527 0.004915 0.491768 
0.007163 0.006398 0.023667 0.962771 
0.250000 0.250000 0.250000 0.250000 
  10
0.642137 0.004711 0.046210 
0.319336 0.990374 0.462022 
0.038867 0.004910 0.491768 
0.979905 0.007315 0.006390 0.006390 
0.250000 0.250000 0.250000 0.250000 
  11
0.616953 0.004707 0.046210 
0.344179 0.990383 0.462022 
0.040104 0.004894 0.491768 
0.006361 0.006361 0.008381 0.978897 
0.250000 0.250000 0.250000 0.250000 
  12
0.636590 0.004691 0.046210 
0.323305 0.990415 0.462022 
0.040104 0.004894 0.491768 
0.006361 0.006361 0.976772 0.010507 
0.250000 0.250000 0.250000 0.250000 
  13
0.608611 0.004691 0.046210 
0.351285 0.990415 0.462022 
0.041259 0.004880 0.491768 
0.980994 0.006335 0.006335 0.006335 
0.250000 0.250000 0.250000 0.250000 
  14
0.558965 0.004678 0.046210 
0.399776 0.990443 0.462022 
0.044229 0.004847 0.491768 
0.006277 0.006277 0.007344 0.980103 
0.250000 0.250000 0.250000 0.250000 
  15
0.534503 0.004646 0.046210 
0.421267 0.990507 0.462022 
0.047289 0.004818 0.491768 
0.006225 0.006225 0.007272 0.980278 
0.250000 0.250000 0.250000 0.250000 
  16
0.567577 0.004618 0.046210 
0.385134 0.990563 0.462022 
0.047475 0.004817 0.491768 
0.006222 0.981333 0.006222 0.006222 
0.250000 0.250000 0.250000 0.250000 
  17
0.569802 0.004617 0.046210 
0.382723 0.990567 0.462022 
0.047475 0.004817 0.491768 
0.006222 0.006222 0.981333 0.006222 
0.250000 0.250000 0.250000 0.250000 
  18
0.560248 0.004617 0.046210 
0.392277 0.990567 0.462022 
0.047933 0.004813 0.491768 
0.006215 0.007208 0.009531 0.977045 
0.250000 0.250000 0.250000 0.250000 
  19
0.565653 0.004613 0.046210 
0.386415 0.990574 0.462022 
0.047933 0.004813 0.491768 
0.006215 0.006916 0.007068 0.979801 
0.250000 0.250000 0.250000 0.250000 
  20
0.565653 0.004613 0.046210 
0.386415 0.990574 0.462022 
0.047933 0.004813 0.491768 
0.006215 0.006215 0.007090 0.980479 
0.250000 0.250000 0.250000 0.250000 
  21
0.565653 0.004613 0.046210 
0.386415 0.990574 0.462022 
0.047933 0.004813 0.491768 
0.008988 0.978581 0.006215 0.006215 
0.250000 0.250000 0.250000 0.250000 
  22
0.565653 0.004613 0.046210 
0.386415 0.990574 0.462022 
0.047933 0.004813 0.491768 
0.973691 0.006215 0.006215 0.013878 
0.250000 0.250000 0.250000 0.250000 
  23
0.565653 0.004613 0.046210 
0.386415 0.990574 0.462022 
0.047933 0.004813 0.491768 
0.006215 0.981354 0.006215 0.006215 
0.250000 0.250000 0.250000 0.250000 
  24
0.565653 0.004613 0.046210 
0.386415 0.990574 0.462022 
0.047933 0.004813 0.491768 
0.006215 0.006215 0.981354 0.006215 
0.250000 0.250000 0.250000 0.250000 
  25
0.565653 0.004613 0.046210 
0.386415 0.990574 0.462022 
0.047933 0.004813 0.491768 
0.006904 0.006215 0.007556 0.979324 
0.250000 0.250000 0.250000 0.250000 
  26
0.556924 0.004613 0.046210 
0.395143 0.990574 0.462022 
0.048355 0.004809 0.491768 
0.970980 0.016602 0.006209 0.006209 
0.250000 0.250000 0.250000 0.250000 
  27
0.556918 0.004610 0.046210 
0.394727 0.990581 0.462022 
0.048593 0.004807 0.491768 
0.006206 0.006206 0.980423 0.007166 
0.250000 0.250000 0.250000 0.250000 
  28
0.559666 0.004608 0.046210 
0.391741 0.990585 0.462022 
0.048593 0.004807 0.491768 
0.979400 0.007460 0.006206 0.006934 
0.250000 0.250000 0.250000 0.250000 
  29
0.555729 0.004608 0.046210 
0.395678 0.990585 0.462022 
0.048785 0.004805 0.491768 
0.006203 0.006203 0.008571 0.979023 
0.250000 0.250000 0.250000 0.250000 
  30
0.550762 0.004606 0.046210 
0.400452 0.990588 0.462022 
0.049137 0.004803 0.491768 
0.006198 0.006874 0.007442 0.979487 
0.250000 0.250000 0.250000 0.250000 
  31
0.554736 0.004603 0.046210 
0.396127 0.990594 0.462022 
0.049137 0.004803 0.491768 
0.006983 0.007009 0.979167 0.006840 
0.250000 0.250000 0.250000 0.250000 
  32
0.554736 0.004603 0.046210 
0.396127 0.990594 0.462022 
0.049137 0.004803 0.491768 
0.006198 0.006198 0.007806 0.979799 
0.250000 0.250000 0.250000 0.250000 
  33
0.554736 0.004603 0.046210 
0.396127 0.990594 0.462022 
0.049137 0.004803 0.491768 
0.980038 0.007567 0.006198 0.006198 
0.250000 0.250000 0.250000 0.250000 
  34
0.554736 0.004603 0.046210 
0.396127 0.990594 0.462022 
0.049137 0.004803 0.491768 
0.008389 0.006198 0.011922 0.973491 
0.250000 0.250000 0.250000 0.250000 
  35
0.550748 0.004603 0.046210 
0.400114 0.990594 0.462022 
0.049334 0.004801 0.491768 
0.008094 0.979517 0.006195 0.006195 
0.250000 0.250000 0.250000 0.250000 
  36
0.552953 0.004602 0.046210 
0.397712 0.990597 0.462022 
0.049334 0.004801 0.491768 
0.006195 0.006195 0.009874 0.977737 
0.250000 0.250000 0.250000 0.250000 
  37
0.552953 0.004602 0.046210 
0.397712 0.990597 0.462022 
0.049334 0.004801 0.491768 
0.007441 0.006195 0.970915 0.015450 
0.250000 0.250000 0.250000 0.250000 
  38
0.552953 0.004602 0.046210 
0.397712 0.990597 0.462022 
0.049334 0.004801 0.491768 
0.006959 0.006195 0.006195 0.980652 
0.250000 0.250000 0.250000 0.250000 
  39
0.552953 0.004602 0.046210 
0.397712 0.990597 0.462022 
0.049334 0.004801 0.491768 
0.011265 0.975482 0.006195 0.007058 
0.250000 0.250000 0.250000 0.250000 
  40
0.552953 0.004602 0.046210 
0.397712 0.990597 0.462022 
0.049334 0.004801 0.491768 
0.006997 0.980614 0.006195 0.006195 
0.250000 0.250000 0.250000 0.250000 
  41
0.552953 0.004602 0.046210 
0.397712 0.990597 0.462022 
0.049334 0.004801 0.491768 
0.006195 0.007837 0.010000 0.975968 
0.250000 0.250000 0.250000 0.250000 
  42
0.552953 0.004602 0.046210 
0.397712 0.990597 0.462022 
0.049334 0.004801 0.491768 
0.006195 0.006195 0.009555 0.978055 
0.250000 0.250000 0.250000 0.250000 
  43
0.545023 0.004602 0.046210 
0.405643 0.990597 0.462022 
0.049729 0.004798 0.491768 
0.010723 0.006189 0.008914 0.974173 
0.250000 0.250000 0.250000 0.250000 
  44
0.549380 0.004599 0.046210 
0.400892 0.990603 0.462022 
0.049729 0.004798 0.491768 
0.006189 0.006189 0.008423 0.979199 
0.250000 0.250000 0.250000 0.250000 
  45
0.549380 0.004599 0.046210 
0.400892 0.990603 0.462022 
0.049729 0.004798 0.491768 
0.006189 0.006189 0.971969 0.015652 
0.250000 0.250000 0.250000 0.250000 
  46
0.549380 0.004599 0.046210 
0.400892 0.990603 0.462022 
0.049729 0.004798 0.491768 
0.012015 0.974929 0.006199 0.006857 
0.250000 0.250000 0.250000 0.250000 
  47
0.549380 0.004599 0.046210 
0.400892 0.990603 0.462022 
0.049729 0.004798 0.491768 
0.006189 0.006189 0.981432 0.006189 
0.250000 0.250000 0.250000 0.250000 
  48
0.549380 0.004599 0.046210 
0.400892 0.990603 0.462022 
0.049729 0.004798 0.491768 
0.006189 0.006189 0.008941 0.978681 
0.250000 0.250000 0.250000 0.250000 
  49
0.446381 0.004599 0.046210 
0.503890 0.990603 0.462022 
0.055439 0.004758 0.491768 
0.006875 0.006118 0.980888 0.006118 
0.250000 0.250000 0.250000 0.250000 
  50
0.497637 0.004560 0.046210 
0.446924 0.990682 0.462022 
0.055439 0.004758 0.491768 
0.981645 0.006118 0.006118 0.006118 
0.250000 0.250000 0.250000 0.250000 
  51
0.497637 0.004560 0.046210 
0.446924 0.990682 0.462022 
0.055439 0.004758 0.491768 
0.981645 0.006118 0.006118 0.006118 
0.250000 0.250000 0.250000 0.250000 
  52
0.497637 0.004560 0.046210 
0.446924 0.990682 0.462022 
0.055439 0.004758 0.491768 
0.980911 0.006852 0.006118 0.006118 
0.250000 0.250000 0.250000 0.250000 
  53
0.497637 0.004560 0.046210 
0.446924 0.990682 0.462022 
0.055439 0.004758 0.491768 
0.981645 0.006118 0.006118 0.006118 
0.250000 0.250000 0.250000 0.250000 
  54
0.497637 0.004560 0.046210 
0.446924 0.990682 0.462022 
0.055439 0.004758 0.491768 
0.976359 0.010449 0.007074 0.006118 
0.250000 0.250000 0.250000 0.250000 
  55
0.497637 0.004560 0.046210 
0.446924 0.990682 0.462022 
0.055439 0.004758 0.491768 
0.022172 0.006854 0.960798 0.010176 
0.250000 0.250000 0.250000 0.250000 
  56
0.493123 0.004560 0.046210 
0.451438 0.990682 0.462022 
0.055690 0.004756 0.491768 
0.006116 0.006116 0.009029 0.978739 
0.250000 0.250000 0.250000 0.250000 
  57
0.495359 0.004559 0.046210 
0.448951 0.990685 0.462022 
0.055690 0.004756 0.491768 
0.006116 0.006116 0.009066 0.978703 
0.250000 0.250000 0.250000 0.250000 
  58
0.495359 0.004559 0.046210 
0.448951 0.990685 0.462022 
0.055690 0.004756 0.491768 
0.006960 0.006116 0.980089 0.006836 
0.250000 0.250000 0.250000 0.250000 
  59
0.495359 0.004559 0.046210 
0.448951 0.990685 0.462022 
0.055690 0.004756 0.491768 
0.006116 0.006116 0.981653 0.006116 
0.250000 0.250000 0.250000 0.250000 
  60
0.495359 0.004559 0.046210 
0.448951 0.990685 0.462022 
0.055690 0.004756 0.491768 
0.008268 0.006738 0.010864 0.974130 
0.250000 0.250000 0.250000 0.250000 
  61
0.495359 0.004559 0.046210 
0.448951 0.990685 0.462022 
0.055690 0.004756 0.491768 
0.007327 0.978674 0.007880 0.006119 
0.250000 0.250000 0.250000 0.250000 
  62
0.495359 0.004559 0.046210 
0.448951 0.990685 0.462022 
0.055690 0.004756 0.491768 
0.015290 0.972473 0.006119 0.006119 
0.250000 0.250000 0.250000 0.250000 
  63
0.495359 0.004559 0.046210 
0.448951 0.990685 0.462022 
0.055690 0.004756 0.491768 
0.978129 0.007880 0.006116 0.007875 
0.250000 0.250000 0.250000 0.250000 
  64
0.495359 0.004559 0.046210 
0.448951 0.990685 0.462022 
0.055690 0.004756 0.491768 
0.975940 0.010070 0.006116 0.007875 
0.250000 0.250000 0.250000 0.250000 
  65
0.495359 0.004559 0.046210 
0.448951 0.990685 0.462022 
0.055690 0.004756 0.491768 
0.978438 0.007572 0.006116 0.007875 
0.250000 0.250000 0.250000 0.250000 
  66
0.495359 0.004559 0.046210 
0.448951 0.990685 0.462022 
0.055690 0.004756 0.491768 
0.007875 0.006116 0.007934 0.978076 
0.250000 0.250000 0.250000 0.250000 
  67
0.495359 0.004559 0.046210 
0.448951 0.990685 0.462022 
0.055690 0.004756 0.491768 
0.007970 0.979798 0.006116 0.006116 
0.250000 0.250000 0.250000 0.250000 
  68
0.495359 0.004559 0.046210 
0.448951 0.990685 0.462022 
0.055690 0.004756 0.491768 
0.980911 0.006858 0.006116 0.006116 
0.250000 0.250000 0.250000 0.250000 
  69
0.495359 0.004559 0.046210 
0.448951 0.990685 0.462022 
0.055690 0.004756 0.491768 
0.009890 0.007064 0.975358 0.007689 
0.250000 0.250000 0.250000 0.250000 
  70
0.495359 0.004559 0.046210 
0.448951 0.990685 0.462022 
0.055690 0.004756 0.491768 
0.980776 0.006992 0.006116 0.006116 
0.250000 0.250000 0.250000 0.250000 
  71
0.495359 0.004559 0.046210 
0.448951 0.990685 0.462022 
0.055690 0.004756 0.491768 
0.981653 0.006116 0.006116 0.006116 
0.250000 0.250000 0.250000 0.250000 
  72
0.495359 0.004559 0.046210 
0.448951 0.990685 0.462022 
0.055690 0.004756 0.491768 
0.006116 0.010647 0.010751 0.972486 
0.250000 0.250000 0.250000 0.250000 
  73
0.495359 0.004559 0.046210 
0.448951 0.990685 0.462022 
0.055690 0.004756 0.491768 
0.980839 0.006930 0.006116 0.006116 
0.250000 0.250000 0.250000 0.250000 
  74
0.495359 0.004559 0.046210 
0.448951 0.990685 0.462022 
0.055690 0.004756 0.491768 
0.008290 0.978624 0.006116 0.006970 
0.250000 0.250000 0.250000 0.250000 
  75
0.495359 0.004559 0.046210 
0.448951 0.990685 0.462022 
0.055690 0.004756 0.491768 
0.006116 0.007991 0.978954 0.006940 
0.250000 0.250000 0.250000 0.250000 
  76
0.495359 0.004559 0.046210 
0.448951 0.990685 0.462022 
0.055690 0.004756 0.491768 
0.980882 0.006116 0.006886 0.006116 
0.250000 0.250000 0.250000 0.250000 
  77
0.495359 0.004559 0.046210 
0.448951 0.990685 0.462022 
0.055690 0.004756 0.491768 
0.006769 0.006116 0.978177 0.008938 
0.250000 0.250000 0.250000 0.250000 
  78
0.495359 0.004559 0.046210 
0.448951 0.990685 0.462022 
0.055690 0.004756 0.491768 
0.011669 0.974031 0.006116 0.008185 
0.250000 0.250000 0.250000 0.250000 
  79
0.495359 0.004559 0.046210 
0.448951 0.990685 0.462022 
0.055690 0.004756 0.491768 
0.006116 0.981653 0.006116 0.006116 
0.250000 0.250000 0.250000 0.250000 
  80
0.495359 0.004559 0.046210 
0.448951 0.990685 0.462022 
0.055690 0.004756 0.491768 
0.006116 0.006116 0.981653 0.006116 
0.250000 0.250000 0.250000 0.250000 
  81
0.495359 0.004559 0.046210 
0.448951 0.990685 0.462022 
0.055690 0.004756 0.491768 
0.975370 0.006792 0.006116 0.011723 
0.250000 0.250000 0.250000 0.250000 
  82
0.495359 0.004559 0.046210 
0.448951 0.990685 0.462022 
0.055690 0.004756 0.491768 
0.981653 0.006116 0.006116 0.006116 
0.250000 0.250000 0.250000 0.250000 
  83
0.495359 0.004559 0.046210 
0.448951 0.990685 0.462022 
0.055690 0.004756 0.491768 
0.006806 0.006116 0.977445 0.009633 
0.250000 0.250000 0.250000 0.250000 
  84
0.495359 0.004559 0.046210 
0.448951 0.990685 0.462022 
0.055690 0.004756 0.491768 
0.011819 0.975217 0.006116 0.006848 
0.250000 0.250000 0.250000 0.250000 
  85
0.485129 0.004559 0.046210 
0.459181 0.990685 0.462022 
0.056266 0.004753 0.491768 
0.006109 0.006109 0.978724 0.009057 
0.250000 0.250000 0.250000 0.250000 
  86
0.490143 0.004556 0.046210 
0.453591 0.990692 0.462022 
0.056266 0.004753 0.491768 
0.006109 0.006109 0.006109 0.981672 
0.250000 0.250000 0.250000 0.250000 
  87
0.490143 0.004556 0.046210 
0.453591 0.990692 0.462022 
0.056266 0.004753 0.491768 
0.007492 0.980289 0.006109 0.006109 
0.250000 0.250000 0.250000 0.250000 
  88
0.490143 0.004556 0.046210 
0.453591 0.990692 0.462022 
0.056266 0.004753 0.491768 
0.006109 0.006109 0.006109 0.981672 
0.250000 0.250000 0.250000 0.250000 
  89
0.490143 0.004556 0.046210 
0.453591 0.990692 0.462022 
0.056266 0.004753 0.491768 
0.006109 0.981672 0.006109 0.006109 
0.250000 0.250000 0.250000 0.250000 
  90
0.490143 0.004556 0.046210 
0.453591 0.990692 0.462022 
0.056266 0.004753 0.491768 
0.006109 0.006109 0.979709 0.008072 
0.250000 0.250000 0.250000 0.250000 
  91
0.483550 0.004556 0.046210 
0.460185 0.990692 0.462022 
0.056639 0.004750 0.491768 
0.006111 0.006111 0.981668 0.006111 
0.250000 0.250000 0.250000 0.250000 
  92
0.486759 0.004553 0.046210 
0.456602 0.990696 0.462022 
0.056639 0.004750 0.491768 
0.006105 0.006105 0.006105 0.981684 
0.250000 0.250000 0.250000 0.250000 
  93
0.486759 0.004553 0.046210 
0.456602 0.990696 0.462022 
0.056639 0.004750 0.491768 
0.006105 0.006775 0.009380 0.977740 
0.250000 0.250000 0.250000 0.250000 
  94
0.486759 0.004553 0.046210 
0.456602 0.990696 0.462022 
0.056639 0.004750 0.491768 
0.006105 0.981684 0.006105 0.006105 
0.250000 0.250000 0.250000 0.250000 
  95
0.486759 0.004553 0.046210 
0.456602 0.990696 0.462022 
0.056639 0.004750 0.491768 
0.006105 0.981684 0.006105 0.006105 
0.250000 0.250000 0.250000 0.250000 
  96
0.486759 0.004553 0.046210 
0.456602 0.990696 0.462022 
0.056639 0.004750 0.491768 
0.014806 0.972983 0.006105 0.006105 
0.250000 0.250000 0.250000 0.250000 
  97
0.486759 0.004553 0.046210 
0.456602 0.990696 0.462022 
0.056639 0.004750 0.491768 
0.006105 0.006105 0.981684 0.006105 
0.250000 0.250000 0.250000 0.250000 
  98
0.486759 0.004553 0.046210 
0.456602 0.990696 0.462022 
0.056639 0.004750 0.491768 
0.981684 0.006105 0.006105 0.006105 
0.250000 0.250000 0.250000 0.250000 
  99
0.486759 0.004553 0.046210 
0.456602 0.990696 0.462022 
0.056639 0.004750 0.491768 
0.006105 0.006105 0.974905 0.012884 
0.250000 0.250000 0.250000 0.250000 
 100
0.486759 0.004553 0.046210 
0.456602 0.990696 0.462022 
0.056639 0.004750 0.491768 
0.006105 0.006105 0.980503 0.007286 
0.250000 0.250000 0.250000 0.250000 
 101
0.480666 0.004553 0.046210 
0.462695 0.990696 0.462022 
0.056986 0.004748 0.491768 
0.981694 0.006102 0.006102 0.006102 
0.250000 0.250000 0.250000 0.250000 
 102
0.483613 0.004551 0.046210 
0.459401 0.990700 0.462022 
0.056986 0.004748 0.491768 
0.006102 0.006102 0.007857 0.979939 
0.250000 0.250000 0.250000 0.250000 
 103
0.483613 0.004551 0.046210 
0.459401 0.990700 0.462022 
0.056986 0.004748 0.491768 
0.006102 0.981694 0.006102 0.006102 
0.250000 0.250000 0.250000 0.250000 
 104
0.483613 0.004551 0.046210 
0.459401 0.990700 0.462022 
0.056986 0.004748 0.491768 
0.006102 0.006102 0.981694 0.006102 
0.250000 0.250000 0.250000 0.250000 
 105
0.483613 0.004551 0.046210 
0.459401 0.990700 0.462022 
0.056986 0.004748 0.491768 
0.980818 0.006978 0.006102 0.006102 
0.250000 0.250000 0.250000 0.250000 
 106
0.483613 0.004551 0.046210 
0.459401 0.990700 0.462022 
0.056986 0.004748 0.491768 
0.006105 0.981686 0.006105 0.006105 
0.250000 0.250000 0.250000 0.250000 
 107
0.483613 0.004551 0.046210 
0.459401 0.990700 0.462022 
0.056986 0.004748 0.491768 
0.006102 0.006102 0.006102 0.981694 
0.250000 0.250000 0.250000 0.250000 
 108
0.483613 0.004551 0.046210 
0.459401 0.990700 0.462022 
0.056986 0.004748 0.491768 
0.974700 0.011189 0.008010 0.006102 
0.250000 0.250000 0.250000 0.250000 
 109
0.483613 0.004551 0.046210 
0.459401 0.990700 0.462022 
0.056986 0.004748 0.491768 
0.006102 0.006850 0.980106 0.006942 
0.250000 0.250000 0.250000 0.250000 
 110
0.483613 0.004551 0.046210 
0.459401 0.990700 0.462022 
0.056986 0.004748 0.491768 
0.007080 0.006102 0.980010 0.006808 
0.250000 0.250000 0.250000 0.250000 
 111
0.483613 0.004551 0.046210 
0.459401 0.990700 0.462022 
0.056986 0.004748 0.491768 
0.979419 0.008378 0.006102 0.006102 
0.250000 0.250000 0.250000 0.250000 
 112
0.483613 0.004551 0.046210 
0.459401 0.990700 0.462022 
0.056986 0.004748 0.491768 
0.981694 0.006102 0.006102 0.006102 
0.250000 0.250000 0.250000 0.250000 
 113
0.483613 0.004551 0.046210 
0.459401 0.990700 0.462022 
0.056986 0.004748 0.491768 
0.981694 0.006102 0.006102 0.006102 
0.250000 0.250000 0.250000 0.250000 
 114
0.483613 0.004551 0.046210 
0.459401 0.990700 0.462022 
0.056986 0.004748 0.491768 
0.006102 0.006102 0.948014 0.039783 
0.250000 0.250000 0.250000 0.250000 
 115
0.483613 0.004551 0.046210 
0.459401 0.990700 0.462022 
0.056986 0.004748 0.491768 
0.006102 0.981694 0.006102 0.006102 
0.250000 0.250000 0.250000 0.250000 
 116
0.483613 0.004551 0.046210 
0.459401 0.990700 0.462022 
0.056986 0.004748 0.491768 
0.006102 0.981694 0.006102 0.006102 
0.250000 0.250000 0.250000 0.250000 
 117
0.483613 0.004551 0.046210 
0.459401 0.990700 0.462022 
0.056986 0.004748 0.491768 
0.979801 0.007995 0.006102 0.006102 
0.250000 0.250000 0.250000 0.250000 
 118
0.483613 0.004551 0.046210 
0.459401 0.990700 0.462022 
0.056986 0.004748 0.491768 
0.980815 0.006982 0.006102 0.006102 
0.250000 0.250000 0.250000 0.250000 
 119
0.483613 0.004551 0.046210 
0.459401 0.990700 0.462022 
0.056986 0.004748 0.491768 
0.006102 0.006102 0.981694 0.006102 
0.250000 0.250000 0.250000 0.250000 
 120
0.483613 0.004551 0.046210 
0.459401 0.990700 0.462022 
0.056986 0.004748 0.491768 
0.026958 0.960838 0.006102 0.006102 
0.250000 0.250000 0.250000 0.250000 
 121
0.483613 0.004551 0.046210 
0.459401 0.990700 0.462022 
0.056986 0.004748 0.491768 
0.964556 0.023240 0.006102 0.006102 
0.250000 0.250000 0.250000 0.250000 
 122
0.483613 0.004551 0.046210 
0.459401 0.990700 0.462022 
0.056986 0.004748 0.491768 
0.006102 0.006102 0.007543 0.980253 
0.250000 0.250000 0.250000 0.250000 
 123
0.483613 0.004551 0.046210 
0.459401 0.990700 0.462022 
0.056986 0.004748 0.491768 
0.980783 0.007013 0.006102 0.006102 
0.250000 0.250000 0.250000 0.250000 
 124
0.483613 0.004551 0.046210 
0.459401 0.990700 0.462022 
0.056986 0.004748 0.491768 
0.006102 0.981694 0.006102 0.006102 
0.250000 0.250000 0.250000 0.250000 
 125
0.483613 0.004551 0.046210 
0.459401 0.990700 0.462022 
0.056986 0.004748 0.491768 
0.006102 0.006102 0.006102 0.981694 
0.250000 0.250000 0.250000 0.250000 
 126
0.483613 0.004551 0.046210 
0.459401 0.990700 0.462022 
0.056986 0.004748 0.491768 
0.006102 0.980327 0.006765 0.006806 
0.250000 0.250000 0.250000 0.250000 
 127
0.483613 0.004551 0.046210 
0.459401 0.990700 0.462022 
0.056986 0.004748 0.491768 
0.980955 0.006842 0.006102 0.006102 
0.250000 0.250000 0.250000 0.250000 
 128
0.483613 0.004551 0.046210 
0.459401 0.990700 0.462022 
0.056986 0.004748 0.491768 
0.972913 0.014877 0.006105 0.006105 
0.250000 0.250000 0.250000 0.250000 
 129
0.483613 0.004551 0.046210 
0.459401 0.990700 0.462022 
0.056986 0.004748 0.491768 
0.980433 0.007363 0.006102 0.006102 
0.250000 0.250000 0.250000 0.250000 
 130
0.483613 0.004551 0.046210 
0.459401 0.990700 0.462022 
0.056986 0.004748 0.491768 
0.981694 0.006102 0.006102 0.006102 
0.250000 0.250000 0.250000 0.250000 
 131
0.483613 0.004551 0.046210 
0.459401 0.990700 0.462022 
0.056986 0.004748 0.491768 
0.006102 0.006102 0.981694 0.006102 
0.250000 0.250000 0.250000 0.250000 
 132
0.483613 0.004551 0.046210 
0.459401 0.990700 0.462022 
0.056986 0.004748 0.491768 
0.978679 0.009118 0.006102 0.006102 
0.250000 0.250000 0.250000 0.250000 
 133
0.483613 0.004551 0.046210 
0.459401 0.990700 0.462022 
0.056986 0.004748 0.491768 
0.981694 0.006102 0.006102 0.006102 
0.250000 0.250000 0.250000 0.250000 
 134
0.483613 0.004551 0.046210 
0.459401 0.990700 0.462022 
0.056986 0.004748 0.491768 
0.006102 0.006102 0.006102 0.981694 
0.250000 0.250000 0.250000 0.250000 
 135
0.483613 0.004551 0.046210 
0.459401 0.990700 0.462022 
0.056986 0.004748 0.491768 
0.006738 0.006102 0.978380 0.008780 
0.250000 0.250000 0.250000 0.250000 
 136
0.483613 0.004551 0.046210 
0.459401 0.990700 0.462022 
0.056986 0.004748 0.491768 
0.977249 0.010547 0.006102 0.006102 
0.250000 0.250000 0.250000 0.250000 
 137
0.483613 0.004551 0.046210 
0.459401 0.990700 0.462022 
0.056986 0.004748 0.491768 
0.006102 0.006102 0.980481 0.007315 
0.250000 0.250000 0.250000 0.250000 
 138
0.483613 0.004551 0.046210 
0.459401 0.990700 0.462022 
0.056986 0.004748 0.491768 
0.012130 0.975666 0.006102 0.006102 
0.250000 0.250000 0.250000 0.250000 
 139
0.483613 0.004551 0.046210 
0.459401 0.990700 0.462022 
0.056986 0.004748 0.491768 
0.980631 0.007166 0.006102 0.006102 
0.250000 0.250000 0.250000 0.250000 
 140
0.483613 0.004551 0.046210 
0.459401 0.990700 0.462022 
0.056986 0.004748 0.491768 
0.976533 0.011263 0.006102 0.006102 
0.250000 0.250000 0.250000 0.250000 
 141
0.483613 0.004551 0.046210 
0.459401 0.990700 0.462022 
0.056986 0.004748 0.491768 
0.006102 0.006102 0.007455 0.980341 
0.250000 0.250000 0.250000 0.250000 
 142
0.483613 0.004551 0.046210 
0.459401 0.990700 0.462022 
0.056986 0.004748 0.491768 
0.006102 0.981694 0.006102 0.006102 
0.250000 0.250000 0.250000 0.250000 
 143
0.483613 0.004551 0.046210 
0.459401 0.990700 0.462022 
0.056986 0.004748 0.491768 
0.980949 0.006848 0.006102 0.006102 
0.250000 0.250000 0.250000 0.250000 
 144
0.483613 0.004551 0.046210 
0.459401 0.990700 0.462022 
0.056986 0.004748 0.491768 
0.007451 0.006102 0.977560 0.008887 
0.250000 0.250000 0.250000 0.250000 
 145
0.483613 0.004551 0.046210 
0.459401 0.990700 0.462022 
0.056986 0.004748 0.491768 
0.008257 0.006102 0.979539 0.006102 
0.250000 0.250000 0.250000 0.250000 
 146
0.483613 0.004551 0.046210 
0.459401 0.990700 0.462022 
0.056986 0.004748 0.491768 
0.041786 0.946004 0.006105 0.006105 
0.250000 0.250000 0.250000 0.250000 
 147
0.483613 0.004551 0.046210 
0.459401 0.990700 0.462022 
0.056986 0.004748 0.491768 
0.975631 0.012165 0.006102 0.006102 
0.250000 0.250000 0.250000 0.250000 
 148
0.483613 0.004551 0.046210 
0.459401 0.990700 0.462022 
0.056986 0.004748 0.491768 
0.981694 0.006102 0.006102 0.006102 
0.250000 0.250000 0.250000 0.250000 
 149
0.483613 0.004551 0.046210 
0.459401 0.990700 0.462022 
0.056986 0.004748 0.491768 
0.006102 0.006102 0.006102 0.981694 
0.250000 0.250000 0.250000 0.250000 
 150
0.483613 0.004551 0.046210 
0.459401 0.990700 0.462022 
0.056986 0.004748 0.491768 
0.007090 0.006102 0.010816 0.975992 
0.250000 0.250000 0.250000 0.250000 
 151
0.483613 0.004551 0.046210 
0.459401 0.990700 0.462022 
0.056986 0.004748 0.491768 
0.006102 0.981694 0.006102 0.006102 
0.250000 0.250000 0.250000 0.250000 
 152
0.483613 0.004551 0.046210 
0.459401 0.990700 0.462022 
0.056986 0.004748 0.491768 
0.981694 0.006102 0.006102 0.006102 
0.250000 0.250000 0.250000 0.250000 
 153
0.483613 0.004551 0.046210 
0.459401 0.990700 0.462022 
0.056986 0.004748 0.491768 
0.980963 0.006834 0.006102 0.006102 
0.250000 0.250000 0.250000 0.250000 
 154
0.483613 0.004551 0.046210 
0.459401 0.990700 0.462022 
0.056986 0.004748 0.491768 
0.006102 0.981694 0.006102 0.006102 
0.250000 0.250000 0.250000 0.250000 
 155
0.476316 0.004551 0.046210 
0.466698 0.990700 0.462022 
0.057405 0.004746 0.491768 
0.006098 0.006098 0.006098 0.981707 
0.250000 0.250000 0.250000 0.250000 
 156
0.479817 0.004549 0.046210 
0.462778 0.990705 0.462022 
0.057405 0.004746 0.491768 
0.006098 0.018967 0.030231 0.944705 
0.250000 0.250000 0.250000 0.250000 
 157
0.479817 0.004549 0.046210 
0.462778 0.990705 0.462022 
0.057405 0.004746 0.491768 
0.981707 0.006098 0.006098 0.006098 
0.250000 0.250000 0.250000 0.250000 
 158
0.479817 0.004549 0.046210 
0.462778 0.990705 0.462022 
0.057405 0.004746 0.491768 
0.006098 0.006098 0.981707 0.006098 
0.250000 0.250000 0.250000 0.250000 
 159
0.479817 0.004549 0.046210 
0.462778 0.990705 0.462022 
0.057405 0.004746 0.491768 
0.006896 0.006101 0.008585 0.978418 
0.250000 0.250000 0.250000 0.250000 
 160
0.479817 0.004549 0.046210 
0.462778 0.990705 0.462022 
0.057405 0.004746 0.491768 
0.981707 0.006098 0.006098 0.006098 
0.250000 0.250000 0.250000 0.250000 
 161
0.479817 0.004549 0.046210 
0.462778 0.990705 0.462022 
0.057405 0.004746 0.491768 
0.981707 0.006098 0.006098 0.006098 
0.250000 0.250000 0.250000 0.250000 
 162
0.479817 0.004549 0.046210 
0.462778 0.990705 0.462022 
0.057405 0.004746 0.491768 
0.006098 0.006098 0.006915 0.980890 
0.250000 0.250000 0.250000 0.250000 
 163
0.479817 0.004549 0.046210 
0.462778 0.990705 0.462022 
0.057405 0.004746 0.491768 
0.006098 0.981707 0.006098 0.006098 
0.250000 0.250000 0.250000 0.250000 
 164
0.479817 0.004549 0.046210 
0.462778 0.990705 0.462022 
0.057405 0.004746 0.491768 
0.006098 0.006098 0.981707 0.006098 
0.250000 0.250000 0.250000 0.250000 
 165
0.479817 0.004549 0.046210 
0.462778 0.990705 0.462022 
0.057405 0.004746 0.491768 
0.006098 0.006098 0.008742 0.979063 
0.250000 0.250000 0.250000 0.250000 
 166
0.479817 0.004549 0.046210 
0.462778 0.990705 0.462022 
0.057405 0.004746 0.491768 
0.981707 0.006098 0.006098 0.006098 
0.250000 0.250000 0.250000 0.250000 
 167
0.479817 0.004549 0.046210 
0.462778 0.990705 0.462022 
0.057405 0.004746 0.491768 
0.006098 0.006098 0.980951 0.006853 
0.250000 0.250000 0.250000 0.250000 
 168
0.479817 0.004549 0.046210 
0.462778 0.990705 0.462022 
0.057405 0.004746 0.491768 
0.010839 0.006098 0.009386 0.973678 
0.250000 0.250000 0.250000 0.250000 
 169
0.479817 0.004549 0.046210 
0.462778 0.990705 0.462022 
0.057405 0.004746 0.491768 
0.006098 0.981707 0.006098 0.006098 
0.250000 0.250000 0.250000 0.250000 
 170
0.479817 0.004549 0.046210 
0.462778 0.990705 0.462022 
0.057405 0.004746 0.491768 
0.981707 0.006098 0.006098 0.006098 
0.250000 0.250000 0.250000 0.250000 
 171
0.479817 0.004549 0.046210 
0.462778 0.990705 0.462022 
0.057405 0.004746 0.491768 
0.014323 0.973482 0.006098 0.006098 
0.250000 0.250000 0.250000 0.250000 
 172
0.479817 0.004549 0.046210 
0.462778 0.990705 0.462022 
0.057405 0.004746 0.491768 
0.006098 0.006098 0.980264 0.007541 
0.250000 0.250000 0.250000 0.250000 
 173
0.479817 0.004549 0.046210 
0.462778 0.990705 0.462022 
0.057405 0.004746 0.491768 
0.006098 0.006098 0.006098 0.981707 
0.250000 0.250000 0.250000 0.250000 
 174
0.479817 0.004549 0.046210 
0.462778 0.990705 0.462022 
0.057405 0.004746 0.491768 
0.008866 0.975820 0.006098 0.009216 
0.250000 0.250000 0.250000 0.250000 
 175
0.479817 0.004549 0.046210 
0.462778 0.990705 0.462022 
0.057405 0.004746 0.491768 
0.006983 0.980822 0.006098 0.006098 
0.250000 0.250000 0.250000 0.250000 
 176
0.479817 0.004549 0.046210 
0.462778 0.990705 0.462022 
0.057405 0.004746 0.491768 
0.006098 0.006098 0.006098 0.981707 
0.250000 0.250000 0.250000 0.250000 
 177
0.479817 0.004549 0.046210 
0.462778 0.990705 0.462022 
0.057405 0.004746 0.491768 
0.006098 0.006098 0.006980 0.980825 
0.250000 0.250000 0.250000 0.250000 
 178
0.479817 0.004549 0.046210 
0.462778 0.990705 0.462022 
0.057405 0.004746 0.491768 
0.006098 0.006098 0.981707 0.006098 
0.250000 0.250000 0.250000 0.250000 
 179
0.479817 0.004549 0.046210 
0.462778 0.990705 0.462022 
0.057405 0.004746 0.491768 
0.981707 0.006098 0.006098 0.006098 
0.250000 0.250000 0.250000 0.250000 
 180
0.479817 0.004549 0.046210 
0.462778 0.990705 0.462022 
0.057405 0.004746 0.491768 
0.010282 0.977523 0.006098 0.006098 
0.250000 0.250000 0.250000 0.250000 
 181
0.479817 0.004549 0.046210 
0.462778 0.990705 0.462022 
0.057405 0.004746 0.491768 
0.980451 0.007354 0.006098 0.006098 
0.250000 0.250000 0.250000 0.250000 
 182
0.479817 0.004549 0.046210 
0.462778 0.990705 0.462022 
0.057405 0.004746 0.491768 
0.980927 0.006878 0.006098 0.006098 
0.250000 0.250000 0.250000 0.250000 
 183
0.479817 0.004549 0.046210 
0.462778 0.990705 0.462022 
0.057405 0.004746 0.491768 
0.006943 0.006098 0.010712 0.976248 
0.250000 0.250000 0.250000 0.250000 
 184
0.479817 0.004549 0.046210 
0.462778 0.990705 0.462022 
0.057405 0.004746 0.491768 
0.006098 0.006098 0.006870 0.980935 
0.250000 0.250000 0.250000 0.250000 
 185
0.479817 0.004549 0.046210 
0.462778 0.990705 0.462022 
0.057405 0.004746 0.491768 
0.006832 0.006098 0.980321 0.006748 
0.250000 0.250000 0.250000 0.250000 
 186
0.479817 0.004549 0.046210 
0.462778 0.990705 0.462022 
0.057405 0.004746 0.491768 
0.006098 0.006098 0.929269 0.058535 
0.250000 0.250000 0.250000 0.250000 
 187
0.479817 0.004549 0.046210 
0.462778 0.990705 0.462022 
0.057405 0.004746 0.491768 
0.009295 0.006098 0.006098 0.978509 
0.250000 0.250000 0.250000 0.250000 
 188
0.479817 0.004549 0.046210 
0.462778 0.990705 0.462022 
0.057405 0.004746 0.491768 
0.006098 0.006098 0.981707 0.006098 
0.250000 0.250000 0.250000 0.250000 
 189
0.479817 0.004549 0.046210 
0.462778 0.990705 0.462022 
0.057405 0.004746 0.491768 
0.981707 0.006098 0.006098 0.006098 
0.250000 0.250000 0.250000 0.250000 
 190
0.479817 0.004549 0.046210 
0.462778 0.990705 0.462022 
0.057405 0.004746 0.491768 
0.981707 0.006098 0.006098 0.006098 
0.250000 0.250000 0.250000 0.250000 
 191
0.479817 0.004549 0.046210 
0.462778 0.990705 0.462022 
0.057405 0.004746 0.491768 
0.006949 0.006098 0.011021 0.975932 
0.250000 0.250000 0.250000 0.250000 
 192
0.479817 0.004549 0.046210 
0.462778 0.990705 0.462022 
0.057405 0.004746 0.491768 
0.973724 0.012190 0.006098 0.007988 
0.250000 0.250000 0.250000 0.250000 
 193
0.479817 0.004549 0.046210 
0.462778 0.990705 0.462022 
0.057405 0.004746 0.491768 
0.008360 0.979445 0.006098 0.006098 
0.250000 0.250000 0.250000 0.250000 
 194
0.479817 0.004549 0.046210 
0.462778 0.990705 0.462022 
0.057405 0.004746 0.491768 
0.007572 0.980233 0.006098 0.006098 
0.250000 0.250000 0.250000 0.250000 
 195
0.479817 0.004549 0.046210 
0.462778 0.990705 0.462022 
0.057405 0.004746 0.491768 
0.006739 0.006098 0.007521 0.979643 
0.250000 0.250000 0.250000 0.250000 
 196
0.479817 0.004549 0.046210 
0.462778 0.990705 0.462022 
0.057405 0.004746 0.491768 
0.011298 0.976507 0.006098 0.006098 
0.250000 0.250000 0.250000 0.250000 
 197
0.479817 0.004549 0.046210 
0.462778 0.990705 0.462022 
0.057405 0.004746 0.491768 
0.981707 0.006098 0.006098 0.006098 
0.250000 0.250000 0.250000 0.250000 
 198
0.479817 0.004549 0.046210 
0.462778 0.990705 0.462022 
0.057405 0.004746 0.491768 
0.978823 0.008195 0.006884 0.006098 
0.250000 0.250000 0.250000 0.250000 
 199
0.479817 0.004549 0.046210 
0.462778 0.990705 0.462022 
0.057405 0.004746 0.491768 
0.981707 0.006098 0.006098 0.006098 
0.250000 0.250000 0.250000 0.250000 
 200
0.479817 0.004549 0.046210 
0.462778 0.990705 0.462022 
0.057405 0.004746 0.491768 
0.006098 0.006098 0.006098 0.981707 
0.250000 0.250000 0.250000 0.250000 
 201
0.479817 0.004549 0.046210 
0.462778 0.990705 0.462022 
0.057405 0.004746 0.491768 
0.964553 0.006855 0.006098 0.022494 
0.250000 0.250000 0.250000 0.250000 
 202
0.479817 0.004549 0.046210 
0.462778 0.990705 0.462022 
0.057405 0.004746 0.491768 
0.006098 0.006098 0.006098 0.981707 
0.250000 0.250000 0.250000 0.250000 
 203
0.479817 0.004549 0.046210 
0.462778 0.990705 0.462022 
0.057405 0.004746 0.491768 
0.006098 0.981707 0.006098 0.006098 
0.250000 0.250000 0.250000 0.250000 
 204
0.479817 0.004549 0.046210 
0.462778 0.990705 0.462022 
0.057405 0.004746 0.491768 
0.006098 0.006098 0.967631 0.020174 
0.250000 0.250000 0.250000 0.250000 
 205
0.479817 0.004549 0.046210 
0.462778 0.990705 0.462022 
0.057405 0.004746 0.491768 
0.032662 0.955143 0.006098 0.006098 
0.250000 0.250000 0.250000 0.250000 
 206
0.479817 0.004549 0.046210 
0.462778 0.990705 0.462022 
0.057405 0.004746 0.491768 
0.978717 0.009088 0.006098 0.006098 
0.250000 0.250000 0.250000 0.250000 
 207
0.479817 0.004549 0.046210 
0.462778 0.990705 0.462022 
0.057405 0.004746 0.491768 
0.006813 0.006098 0.977051 0.010039 
0.250000 0.250000 0.250000 0.250000 
 208
0.479817 0.004549 0.046210 
0.462778 0.990705 0.462022 
0.057405 0.004746 0.491768 
0.980898 0.006098 0.006907 0.006098 
0.250000 0.250000 0.250000 0.250000 
 209
0.479817 0.004549 0.046210 
0.462778 0.990705 0.462022 
0.057405 0.004746 0.491768 
0.008875 0.978930 0.006098 0.006098 
0.250000 0.250000 0.250000 0.250000 
 210
0.479817 0.004549 0.046210 
0.462778 0.990705 0.462022 
0.057405 0.004746 0.491768 
0.008546 0.012651 0.007835 0.970969 
0.250000 0.250000 0.250000 0.250000 
 211
0.479817 0.004549 0.046210 
0.462778 0.990705 0.462022 
0.057405 0.004746 0.491768 
0.006098 0.006098 0.981707 0.006098 
0.250000 0.250000 0.250000 0.250000 
 212
0.479817 0.004549 0.046210 
0.462778 0.990705 0.462022 
0.057405 0.004746 0.491768 
0.006098 0.006098 0.981707 0.006098 
0.250000 0.250000 0.250000 0.250000 
 213
0.479817 0.004549 0.046210 
0.462778 0.990705 0.462022 
0.057405 0.004746 0.491768 
0.007188 0.006098 0.006098 0.980617 
0.250000 0.250000 0.250000 0.250000 
 214
0.479817 0.004549 0.046210 
0.462778 0.990705 0.462022 
0.057405 0.004746 0.491768 
0.006098 0.006098 0.981707 0.006098 
0.250000 0.250000 0.250000 0.250000 
 215
0.479817 0.004549 0.046210 
0.462778 0.990705 0.462022 
0.057405 0.004746 0.491768 
0.981707 0.006098 0.006098 0.006098 
0.250000 0.250000 0.250000 0.250000 
 216
0.479817 0.004549 0.046210 
0.462778 0.990705 0.462022 
0.057405 0.004746 0.491768 
0.006098 0.006098 0.009099 0.978706 
0.250000 0.250000 0.250000 0.250000 
 217
0.479817 0.004549 0.046210 
0.462778 0.990705 0.462022 
0.057405 0.004746 0.491768 
0.008958 0.006098 0.978847 0.006098 
0.250000 0.250000 0.250000 0.250000 
 218
0.479817 0.004549 0.046210 
0.462778 0.990705 0.462022 
0.057405 0.004746 0.491768 
0.981707 0.006098 0.006098 0.006098 
0.250000 0.250000 0.250000 0.250000 
 219
0.479817 0.004549 0.046210 
0.462778 0.990705 0.462022 
0.057405 0.004746 0.491768 
0.011347 0.975091 0.006098 0.007465 
0.250000 0.250000 0.250000 0.250000 
 220
0.479817 0.004549 0.046210 
0.462778 0.990705 0.462022 
0.057405 0.004746 0.491768 
0.979821 0.007984 0.006098 0.006098 
0.250000 0.250000 0.250000 0.250000 
 221
0.479817 0.004549 0.046210 
0.462778 0.990705 0.462022 
0.057405 0.004746 0.491768 
0.006098 0.006098 0.006098 0.981707 
0.250000 0.250000 0.250000 0.250000 
 222
0.479817 0.004549 0.046210 
0.462778 0.990705 0.462022 
0.057405 0.004746 0.491768 
0.007109 0.006098 0.975006 0.011787 
0.250000 0.250000 0.250000 0.250000 
 223
0.479817 0.004549 0.046210 
0.462778 0.990705 0.462022 
0.057405 0.004746 0.491768 
0.008662 0.006098 0.979143 0.006098 
0.250000 0.250000 0.250000 0.250000 
 224
0.479817 0.004549 0.046210 
0.462778 0.990705 0.462022 
0.057405 0.004746 0.491768 
0.006098 0.006098 0.006098 0.981707 
0.250000 0.250000 0.250000 0.250000 
 225
0.479817 0.004549 0.046210 
0.462778 0.990705 0.462022 
0.057405 0.004746 0.491768 
0.007890 0.006098 0.007895 0.978117 
0.250000 0.250000 0.250000 0.250000 
 226
0.479817 0.004549 0.046210 
0.462778 0.990705 0.462022 
0.057405 0.004746 0.491768 
0.006098 0.981707 0.006098 0.006098 
0.250000 0.250000 0.250000 0.250000 
 227
0.479817 0.004549 0.046210 
0.462778 0.990705 0.462022 
0.057405 0.004746 0.491768 
0.981707 0.006098 0.006098 0.006098 
0.250000 0.250000 0.250000 0.250000 
 228
0.479817 0.004549 0.046210 
0.462778 0.990705 0.462022 
0.057405 0.004746 0.491768 
0.006098 0.006098 0.006888 0.980917 
0.250000 0.250000 0.250000 0.250000 
 229
0.479817 0.004549 0.046210 
0.462778 0.990705 0.462022 
0.057405 0.004746 0.491768 
0.006098 0.981707 0.006098 0.006098 
0.250000 0.250000 0.250000 0.250000 
 230
0.479817 0.004549 0.046210 
0.462778 0.990705 0.462022 
0.057405 0.004746 0.491768 
0.007218 0.980587 0.006098 0.006098 
0.250000 0.250000 0.250000 0.250000 
 231
0.479817 0.004549 0.046210 
0.462778 0.990705 0.462022 
0.057405 0.004746 0.491768 
0.975339 0.010816 0.007050 0.006794 
0.250000 0.250000 0.250000 0.250000 
 232
0.479817 0.004549 0.046210 
0.462778 0.990705 0.462022 
0.057405 0.004746 0.491768 
0.024549 0.963256 0.006098 0.006098 
0.250000 0.250000 0.250000 0.250000 
 233
0.479817 0.004549 0.046210 
0.462778 0.990705 0.462022 
0.057405 0.004746 0.491768 
0.980525 0.007280 0.006098 0.006098 
0.250000 0.250000 0.250000 0.250000 
 234
0.479817 0.004549 0.046210 
0.462778 0.990705 0.462022 
0.057405 0.004746 0.491768 
0.978931 0.008874 0.006098 0.006098 
0.250000 0.250000 0.250000 0.250000 
 235
0.479817 0.004549 0.046210 
0.462778 0.990705 0.462022 
0.057405 0.004746 0.491768 
0.981707 0.006098 0.006098 0.006098 
