%  SAM: /scicomp/home-pure/vfn4/Tools/label-dev/LABEL_RES/scripts/modelfromalign_Linux v3.5 (July 15, 2005) compiled 12/08/06_16:15:55
%  (c) 1992-2001 Regents of the University of California, Santa Cruz
%
%          Sequence Alignment and Modeling Software System
%         http://www.cse.ucsc.edu/research/compbio/sam.html
%
% ----------------- Citations (SAM, SAM-T2K, HMMs) --------------------
% R. Hughey, A. Krogh, Hidden Markov models for sequence analysis:
%  Extension and analysis of the basic method, CABIOS 12:95-107, 1996.
% K. Karplus, et al., What is the value added by human intervention in protein
%  structure prediction, Proteins: Stucture, Function, Genetics 45(S5):86--91, 2001.
% A. Krogh et al., Hidden Markov models in computational biology:
%  Applications to protein modeling, JMB 235:1501-1531, Feb 1994.
% ---------------------------------------------------------------------
%  2.3.2.1c_hmm   Host: node272.hpc.biotech.cdc.gov    Fri Apr 21 15:28:48 2023
%  vfn4           Dir:  /scicomp/home-pure/vfn4/fluA/H5/c-2321C/qc/reannot_1/taxa/split-test
% ---------------------------------------------------------------------
%  Alignment weights from internal calc.  Total (14.21) Max (0.14) Min (0.06)
%  Weights from alignment method 1 (karplus), b=-1.000000, e=0.500000
MODEL --  Model from alignment file /scicomp/home-pure/vfn4/Tools/label-dev/LABEL_RES/training_data/exp2/2.3.2.1c.fasta
alphabet DNA
FREQAVE
0.000000 0.000000 0.000000 
0.000000 0.000000 0.000000 
0.000000 0.000000 0.000000 
0.356146 0.226316 0.184603 0.232935 
0.356146 0.226316 0.184603 0.232935 
Begin
0.000000 0.000000 0.000000 
0.000000 0.000000 0.000000 
0.000000 0.008791 0.491768 
0.250000 0.250000 0.250000 0.250000 
0.250000 0.250000 0.250000 0.250000 
   1
0.000000 0.320426 0.046210 
0.000000 0.670783 0.462022 
0.016883 0.012777 0.491768 
0.870088 0.043304 0.043304 0.043304 
0.250000 0.250000 0.250000 0.250000 
   2
0.847017 0.012248 0.046210 
0.136101 0.974975 0.462022 
0.016883 0.012777 0.491768 
0.043304 0.043304 0.043304 0.870088 
0.250000 0.250000 0.250000 0.250000 
   3
0.847017 0.012248 0.046210 
0.136101 0.974975 0.462022 
0.016883 0.012777 0.491768 
0.043304 0.870088 0.043304 0.043304 
0.250000 0.250000 0.250000 0.250000 
   4
0.847017 0.012248 0.046210 
0.136101 0.974975 0.462022 
0.016883 0.012777 0.491768 
0.057216 0.856176 0.043304 0.043304 
0.250000 0.250000 0.250000 0.250000 
   5
0.847017 0.012248 0.046210 
0.136101 0.974975 0.462022 
0.016883 0.012777 0.491768 
0.870088 0.043304 0.043304 0.043304 
0.250000 0.250000 0.250000 0.250000 
   6
0.847017 0.012248 0.046210 
0.136101 0.974975 0.462022 
0.016883 0.012777 0.491768 
0.043304 0.870088 0.043304 0.043304 
0.250000 0.250000 0.250000 0.250000 
   7
0.847017 0.012248 0.046210 
0.136101 0.974975 0.462022 
0.016883 0.012777 0.491768 
0.870088 0.043304 0.043304 0.043304 
0.250000 0.250000 0.250000 0.250000 
   8
0.847017 0.012248 0.046210 
0.136101 0.974975 0.462022 
0.016883 0.012777 0.491768 
0.870088 0.043304 0.043304 0.043304 
0.250000 0.250000 0.250000 0.250000 
   9
0.847017 0.012248 0.046210 
0.136101 0.974975 0.462022 
0.016883 0.012777 0.491768 
0.870088 0.043304 0.043304 0.043304 
0.250000 0.250000 0.250000 0.250000 
  10
0.847017 0.012248 0.046210 
0.136101 0.974975 0.462022 
0.016883 0.012777 0.491768 
0.870088 0.043304 0.043304 0.043304 
0.250000 0.250000 0.250000 0.250000 
  11
0.847017 0.012248 0.046210 
0.136101 0.974975 0.462022 
0.016883 0.012777 0.491768 
0.043304 0.043304 0.056823 0.856569 
0.250000 0.250000 0.250000 0.250000 
  12
0.847017 0.012248 0.046210 
0.136101 0.974975 0.462022 
0.016883 0.012777 0.491768 
0.856303 0.057089 0.043304 0.043304 
0.250000 0.250000 0.250000 0.250000 
  13
0.847017 0.012248 0.046210 
0.136101 0.974975 0.462022 
0.016883 0.012777 0.491768 
0.072607 0.840785 0.043304 0.043304 
0.250000 0.250000 0.250000 0.250000 
  14
0.847017 0.012248 0.046210 
0.136101 0.974975 0.462022 
0.016883 0.012777 0.491768 
0.043304 0.043304 0.043304 0.870088 
0.250000 0.250000 0.250000 0.250000 
  15
0.847017 0.012248 0.046210 
0.136101 0.974975 0.462022 
0.016883 0.012777 0.491768 
0.085574 0.827818 0.043304 0.043304 
0.250000 0.250000 0.250000 0.250000 
  16
0.847017 0.012248 0.046210 
0.136101 0.974975 0.462022 
0.016883 0.012777 0.491768 
0.043304 0.043304 0.857321 0.056071 
0.250000 0.250000 0.250000 0.250000 
  17
0.847017 0.012248 0.046210 
0.136101 0.974975 0.462022 
0.016883 0.012777 0.491768 
0.043304 0.043304 0.043304 0.870088 
0.250000 0.250000 0.250000 0.250000 
  18
0.847017 0.012248 0.046210 
0.136101 0.974975 0.462022 
0.016883 0.012777 0.491768 
0.043304 0.043304 0.043304 0.870088 
0.250000 0.250000 0.250000 0.250000 
  19
0.847017 0.012248 0.046210 
0.136101 0.974975 0.462022 
0.016883 0.012777 0.491768 
0.043304 0.043304 0.870088 0.043304 
0.250000 0.250000 0.250000 0.250000 
  20
0.847017 0.012248 0.046210 
0.136101 0.974975 0.462022 
0.016883 0.012777 0.491768 
0.043304 0.043304 0.043304 0.870088 
0.250000 0.250000 0.250000 0.250000 
  21
0.847017 0.012248 0.046210 
0.136101 0.974975 0.462022 
0.016883 0.012777 0.491768 
0.058879 0.043304 0.564577 0.333240 
0.250000 0.250000 0.250000 0.250000 
  22
0.847017 0.012248 0.046210 
0.136101 0.974975 0.462022 
0.016883 0.012777 0.491768 
0.043304 0.043304 0.043304 0.870088 
0.250000 0.250000 0.250000 0.250000 
  23
0.847017 0.012248 0.046210 
0.136101 0.974975 0.462022 
0.016883 0.012777 0.491768 
0.043304 0.043304 0.043304 0.870088 
0.250000 0.250000 0.250000 0.250000 
  24
0.847017 0.012248 0.046210 
0.136101 0.974975 0.462022 
0.016883 0.012777 0.491768 
0.043304 0.043304 0.056071 0.857321 
0.250000 0.250000 0.250000 0.250000 
  25
0.847017 0.012248 0.046210 
0.136101 0.974975 0.462022 
0.016883 0.012777 0.491768 
0.352418 0.560974 0.043304 0.043304 
0.250000 0.250000 0.250000 0.250000 
  26
0.847017 0.012248 0.046210 
0.136101 0.974975 0.462022 
0.016883 0.012777 0.491768 
0.043304 0.043304 0.870088 0.043304 
0.250000 0.250000 0.250000 0.250000 
  27
0.847017 0.012248 0.046210 
0.136101 0.974975 0.462022 
0.016883 0.012777 0.491768 
0.870088 0.043304 0.043304 0.043304 
0.250000 0.250000 0.250000 0.250000 
  28
0.847017 0.012248 0.046210 
0.136101 0.974975 0.462022 
0.016883 0.012777 0.491768 
0.870088 0.043304 0.043304 0.043304 
0.250000 0.250000 0.250000 0.250000 
  29
0.847017 0.012248 0.046210 
0.136101 0.974975 0.462022 
0.016883 0.012777 0.491768 
0.043304 0.043304 0.844755 0.068637 
0.250000 0.250000 0.250000 0.250000 
  30
0.842288 0.012248 0.046210 
0.140829 0.974975 0.462022 
0.016963 0.012739 0.491768 
0.871496 0.042835 0.042835 0.042835 
0.250000 0.250000 0.250000 0.250000 
  31
0.846290 0.012211 0.046210 
0.136747 0.975051 0.462022 
0.016963 0.012739 0.491768 
0.833064 0.081266 0.042835 0.042835 
0.250000 0.250000 0.250000 0.250000 
  32
0.846290 0.012211 0.046210 
0.136747 0.975051 0.462022 
0.016963 0.012739 0.491768 
0.042835 0.042835 0.042835 0.871496 
0.250000 0.250000 0.250000 0.250000 
  33
0.846290 0.012211 0.046210 
0.136747 0.975051 0.462022 
0.016963 0.012739 0.491768 
0.042835 0.042835 0.871496 0.042835 
0.250000 0.250000 0.250000 0.250000 
  34
0.846290 0.012211 0.046210 
0.136747 0.975051 0.462022 
0.016963 0.012739 0.491768 
0.859189 0.055141 0.042835 0.042835 
0.250000 0.250000 0.250000 0.250000 
  35
0.846290 0.012211 0.046210 
0.136747 0.975051 0.462022 
0.016963 0.012739 0.491768 
0.042835 0.871496 0.042835 0.042835 
0.250000 0.250000 0.250000 0.250000 
  36
0.841568 0.012211 0.046210 
0.141470 0.975051 0.462022 
0.017043 0.012700 0.491768 
0.042378 0.042378 0.718609 0.196634 
0.250000 0.250000 0.250000 0.250000 
  37
0.845561 0.012174 0.046210 
0.137396 0.975125 0.462022 
0.017043 0.012700 0.491768 
0.042378 0.055423 0.859820 0.042378 
0.250000 0.250000 0.250000 0.250000 
  38
0.845561 0.012174 0.046210 
0.137396 0.975125 0.462022 
0.017043 0.012700 0.491768 
0.042378 0.042378 0.042378 0.872865 
0.250000 0.250000 0.250000 0.250000 
  39
0.845561 0.012174 0.046210 
0.137396 0.975125 0.462022 
0.017043 0.012700 0.491768 
0.042378 0.042378 0.042378 0.872865 
0.250000 0.250000 0.250000 0.250000 
  40
0.845561 0.012174 0.046210 
0.137396 0.975125 0.462022 
0.017043 0.012700 0.491768 
0.042378 0.872865 0.042378 0.042378 
0.250000 0.250000 0.250000 0.250000 
  41
0.840841 0.012174 0.046210 
0.142116 0.975125 0.462022 
0.017124 0.012663 0.491768 
0.041934 0.041934 0.054439 0.861693 
0.250000 0.250000 0.250000 0.250000 
  42
0.844828 0.012138 0.046210 
0.138048 0.975199 0.462022 
0.017124 0.012663 0.491768 
0.041934 0.041934 0.041934 0.874198 
0.250000 0.250000 0.250000 0.250000 
  43
0.844828 0.012138 0.046210 
0.138048 0.975199 0.462022 
0.017124 0.012663 0.491768 
0.874198 0.041934 0.041934 0.041934 
0.250000 0.250000 0.250000 0.250000 
  44
0.844828 0.012138 0.046210 
0.138048 0.975199 0.462022 
0.017124 0.012663 0.491768 
0.874198 0.041934 0.041934 0.041934 
0.250000 0.250000 0.250000 0.250000 
  45
0.844828 0.012138 0.046210 
0.138048 0.975199 0.462022 
0.017124 0.012663 0.491768 
0.874198 0.041934 0.041934 0.041934 
0.250000 0.250000 0.250000 0.250000 
  46
0.844828 0.012138 0.046210 
0.138048 0.975199 0.462022 
0.017124 0.012663 0.491768 
0.874198 0.041934 0.041934 0.041934 
0.250000 0.250000 0.250000 0.250000 
  47
0.844828 0.012138 0.046210 
0.138048 0.975199 0.462022 
0.017124 0.012663 0.491768 
0.041934 0.874198 0.041934 0.041934 
0.250000 0.250000 0.250000 0.250000 
  48
0.844828 0.012138 0.046210 
0.138048 0.975199 0.462022 
0.017124 0.012663 0.491768 
0.041934 0.041934 0.874198 0.041934 
0.250000 0.250000 0.250000 0.250000 
  49
0.159765 0.012138 0.046210 
0.823111 0.975199 0.462022 
0.054373 0.008855 0.491768 
0.016674 0.949978 0.016674 0.016674 
0.250000 0.250000 0.250000 0.250000 
  50
0.507292 0.008488 0.046210 
0.438335 0.982657 0.462022 
0.054373 0.008855 0.491768 
0.949978 0.016674 0.016674 0.016674 
0.250000 0.250000 0.250000 0.250000 
  51
0.507292 0.008488 0.046210 
0.438335 0.982657 0.462022 
0.054373 0.008855 0.491768 
0.016674 0.016674 0.016674 0.949978 
0.250000 0.250000 0.250000 0.250000 
  52
0.507292 0.008488 0.046210 
0.438335 0.982657 0.462022 
0.054373 0.008855 0.491768 
0.016674 0.016674 0.949978 0.016674 
0.250000 0.250000 0.250000 0.250000 
  53
0.507292 0.008488 0.046210 
0.438335 0.982657 0.462022 
0.054373 0.008855 0.491768 
0.949978 0.016674 0.016674 0.016674 
0.250000 0.250000 0.250000 0.250000 
  54
0.507292 0.008488 0.046210 
0.438335 0.982657 0.462022 
0.054373 0.008855 0.491768 
0.016674 0.016674 0.016674 0.949978 
0.250000 0.250000 0.250000 0.250000 
  55
0.507292 0.008488 0.046210 
0.438335 0.982657 0.462022 
0.054373 0.008855 0.491768 
0.949978 0.016674 0.016674 0.016674 
0.250000 0.250000 0.250000 0.250000 
  56
0.507292 0.008488 0.046210 
0.438335 0.982657 0.462022 
0.054373 0.008855 0.491768 
0.016674 0.016674 0.016674 0.949978 
0.250000 0.250000 0.250000 0.250000 
  57
0.507292 0.008488 0.046210 
0.438335 0.982657 0.462022 
0.054373 0.008855 0.491768 
0.016674 0.016674 0.030770 0.935882 
0.250000 0.250000 0.250000 0.250000 
  58
0.507292 0.008488 0.046210 
0.438335 0.982657 0.462022 
0.054373 0.008855 0.491768 
0.016674 0.016674 0.016674 0.949978 
0.250000 0.250000 0.250000 0.250000 
  59
0.507292 0.008488 0.046210 
0.438335 0.982657 0.462022 
0.054373 0.008855 0.491768 
0.016674 0.949978 0.016674 0.016674 
0.250000 0.250000 0.250000 0.250000 
  60
0.492953 0.008488 0.046210 
0.452673 0.982657 0.462022 
0.055164 0.008838 0.491768 
0.016608 0.016608 0.950176 0.016608 
0.250000 0.250000 0.250000 0.250000 
  61
0.500124 0.008471 0.046210 
0.444712 0.982691 0.462022 
0.055164 0.008838 0.491768 
0.925270 0.041513 0.016608 0.016608 
0.250000 0.250000 0.250000 0.250000 
  62
0.500124 0.008471 0.046210 
0.444712 0.982691 0.462022 
0.055164 0.008838 0.491768 
0.016608 0.016608 0.016608 0.950176 
0.250000 0.250000 0.250000 0.250000 
  63
0.500124 0.008471 0.046210 
0.444712 0.982691 0.462022 
0.055164 0.008838 0.491768 
0.016608 0.016608 0.016608 0.950176 
0.250000 0.250000 0.250000 0.250000 
  64
0.500124 0.008471 0.046210 
0.444712 0.982691 0.462022 
0.055164 0.008838 0.491768 
0.016608 0.950176 0.016608 0.016608 
0.250000 0.250000 0.250000 0.250000 
  65
0.500124 0.008471 0.046210 
0.444712 0.982691 0.462022 
0.055164 0.008838 0.491768 
0.021233 0.945551 0.016608 0.016608 
0.250000 0.250000 0.250000 0.250000 
  66
0.500124 0.008471 0.046210 
0.444712 0.982691 0.462022 
0.055164 0.008838 0.491768 
0.016608 0.016608 0.016608 0.950176 
0.250000 0.250000 0.250000 0.250000 
  67
0.500124 0.008471 0.046210 
0.444712 0.982691 0.462022 
0.055164 0.008838 0.491768 
0.016608 0.016608 0.016608 0.950176 
0.250000 0.250000 0.250000 0.250000 
  68
0.500124 0.008471 0.046210 
0.444712 0.982691 0.462022 
0.055164 0.008838 0.491768 
0.950176 0.016608 0.016608 0.016608 
0.250000 0.250000 0.250000 0.250000 
  69
0.500124 0.008471 0.046210 
0.444712 0.982691 0.462022 
0.055164 0.008838 0.491768 
0.016608 0.016608 0.028830 0.937954 
0.250000 0.250000 0.250000 0.250000 
  70
0.500124 0.008471 0.046210 
0.444712 0.982691 0.462022 
0.055164 0.008838 0.491768 
0.016608 0.016608 0.950176 0.016608 
0.250000 0.250000 0.250000 0.250000 
  71
0.500124 0.008471 0.046210 
0.444712 0.982691 0.462022 
0.055164 0.008838 0.491768 
0.950176 0.016608 0.016608 0.016608 
0.250000 0.250000 0.250000 0.250000 
  72
0.500124 0.008471 0.046210 
0.444712 0.982691 0.462022 
0.055164 0.008838 0.491768 
0.016608 0.016608 0.016608 0.950176 
0.250000 0.250000 0.250000 0.250000 
  73
0.500124 0.008471 0.046210 
0.444712 0.982691 0.462022 
0.055164 0.008838 0.491768 
0.016608 0.950176 0.016608 0.016608 
0.250000 0.250000 0.250000 0.250000 
  74
0.500124 0.008471 0.046210 
0.444712 0.982691 0.462022 
0.055164 0.008838 0.491768 
0.016608 0.016608 0.950176 0.016608 
0.250000 0.250000 0.250000 0.250000 
  75
0.500124 0.008471 0.046210 
0.444712 0.982691 0.462022 
0.055164 0.008838 0.491768 
0.950176 0.016608 0.016608 0.016608 
0.250000 0.250000 0.250000 0.250000 
  76
0.500124 0.008471 0.046210 
0.444712 0.982691 0.462022 
0.055164 0.008838 0.491768 
0.950176 0.016608 0.016608 0.016608 
0.250000 0.250000 0.250000 0.250000 
  77
0.500124 0.008471 0.046210 
0.444712 0.982691 0.462022 
0.055164 0.008838 0.491768 
0.950176 0.016608 0.016608 0.016608 
0.250000 0.250000 0.250000 0.250000 
  78
0.500124 0.008471 0.046210 
0.444712 0.982691 0.462022 
0.055164 0.008838 0.491768 
0.016608 0.016608 0.029808 0.936975 
0.250000 0.250000 0.250000 0.250000 
  79
0.500124 0.008471 0.046210 
0.444712 0.982691 0.462022 
0.055164 0.008838 0.491768 
0.950176 0.016608 0.016608 0.016608 
0.250000 0.250000 0.250000 0.250000 
  80
0.500124 0.008471 0.046210 
0.444712 0.982691 0.462022 
0.055164 0.008838 0.491768 
0.950176 0.016608 0.016608 0.016608 
0.250000 0.250000 0.250000 0.250000 
  81
0.500124 0.008471 0.046210 
0.444712 0.982691 0.462022 
0.055164 0.008838 0.491768 
0.016608 0.016608 0.932705 0.034079 
0.250000 0.250000 0.250000 0.250000 
  82
0.500124 0.008471 0.046210 
0.444712 0.982691 0.462022 
0.055164 0.008838 0.491768 
0.016608 0.016608 0.024006 0.942778 
0.250000 0.250000 0.250000 0.250000 
  83
0.500124 0.008471 0.046210 
0.444712 0.982691 0.462022 
0.055164 0.008838 0.491768 
0.016608 0.016608 0.950176 0.016608 
0.250000 0.250000 0.250000 0.250000 
  84
0.500124 0.008471 0.046210 
0.444712 0.982691 0.462022 
0.055164 0.008838 0.491768 
0.030720 0.936064 0.016608 0.016608 
0.250000 0.250000 0.250000 0.250000 
  85
0.500124 0.008471 0.046210 
0.444712 0.982691 0.462022 
0.055164 0.008838 0.491768 
0.950176 0.016608 0.016608 0.016608 
0.250000 0.250000 0.250000 0.250000 
  86
0.500124 0.008471 0.046210 
0.444712 0.982691 0.462022 
0.055164 0.008838 0.491768 
0.016608 0.016608 0.950176 0.016608 
0.250000 0.250000 0.250000 0.250000 
  87
0.500124 0.008471 0.046210 
0.444712 0.982691 0.462022 
0.055164 0.008838 0.491768 
0.950176 0.016608 0.016608 0.016608 
0.250000 0.250000 0.250000 0.250000 
  88
0.500124 0.008471 0.046210 
0.444712 0.982691 0.462022 
0.055164 0.008838 0.491768 
0.016608 0.950176 0.016608 0.016608 
0.250000 0.250000 0.250000 0.250000 
  89
0.500124 0.008471 0.046210 
0.444712 0.982691 0.462022 
0.055164 0.008838 0.491768 
0.950176 0.016608 0.016608 0.016608 
0.250000 0.250000 0.250000 0.250000 
  90
0.500124 0.008471 0.046210 
0.444712 0.982691 0.462022 
0.055164 0.008838 0.491768 
0.027454 0.935022 0.016608 0.020916 
0.250000 0.250000 0.250000 0.250000 
  91
0.500124 0.008471 0.046210 
0.444712 0.982691 0.462022 
0.055164 0.008838 0.491768 
0.016608 0.016608 0.950176 0.016608 
0.250000 0.250000 0.250000 0.250000 
  92
0.500124 0.008471 0.046210 
0.444712 0.982691 0.462022 
0.055164 0.008838 0.491768 
0.950176 0.016608 0.016608 0.016608 
0.250000 0.250000 0.250000 0.250000 
  93
0.500124 0.008471 0.046210 
0.444712 0.982691 0.462022 
0.055164 0.008838 0.491768 
0.016608 0.945364 0.016608 0.021419 
0.250000 0.250000 0.250000 0.250000 
  94
0.500124 0.008471 0.046210 
0.444712 0.982691 0.462022 
0.055164 0.008838 0.491768 
0.016608 0.950176 0.016608 0.016608 
0.250000 0.250000 0.250000 0.250000 
  95
0.500124 0.008471 0.046210 
0.444712 0.982691 0.462022 
0.055164 0.008838 0.491768 
0.016608 0.016608 0.024006 0.942778 
0.250000 0.250000 0.250000 0.250000 
  96
0.500124 0.008471 0.046210 
0.444712 0.982691 0.462022 
0.055164 0.008838 0.491768 
0.016608 0.023538 0.031397 0.928457 
0.250000 0.250000 0.250000 0.250000 
  97
0.500124 0.008471 0.046210 
0.444712 0.982691 0.462022 
0.055164 0.008838 0.491768 
0.016608 0.950176 0.016608 0.016608 
0.250000 0.250000 0.250000 0.250000 
  98
0.500124 0.008471 0.046210 
0.444712 0.982691 0.462022 
0.055164 0.008838 0.491768 
0.950176 0.016608 0.016608 0.016608 
0.250000 0.250000 0.250000 0.250000 
  99
0.500124 0.008471 0.046210 
0.444712 0.982691 0.462022 
0.055164 0.008838 0.491768 
0.016608 0.016608 0.950176 0.016608 
0.250000 0.250000 0.250000 0.250000 
 100
0.500124 0.008471 0.046210 
0.444712 0.982691 0.462022 
0.055164 0.008838 0.491768 
0.950176 0.016608 0.016608 0.016608 
0.250000 0.250000 0.250000 0.250000 
 101
0.500124 0.008471 0.046210 
0.444712 0.982691 0.462022 
0.055164 0.008838 0.491768 
0.016608 0.016608 0.950176 0.016608 
0.250000 0.250000 0.250000 0.250000 
 102
0.500124 0.008471 0.046210 
0.444712 0.982691 0.462022 
0.055164 0.008838 0.491768 
0.950176 0.016608 0.016608 0.016608 
0.250000 0.250000 0.250000 0.250000 
 103
0.500124 0.008471 0.046210 
0.444712 0.982691 0.462022 
0.055164 0.008838 0.491768 
0.950176 0.016608 0.016608 0.016608 
0.250000 0.250000 0.250000 0.250000 
 104
0.500124 0.008471 0.046210 
0.444712 0.982691 0.462022 
0.055164 0.008838 0.491768 
0.016608 0.016608 0.024006 0.942778 
0.250000 0.250000 0.250000 0.250000 
 105
0.500124 0.008471 0.046210 
0.444712 0.982691 0.462022 
0.055164 0.008838 0.491768 
0.950176 0.016608 0.016608 0.016608 
0.250000 0.250000 0.250000 0.250000 
 106
0.500124 0.008471 0.046210 
0.444712 0.982691 0.462022 
0.055164 0.008838 0.491768 
0.950176 0.016608 0.016608 0.016608 
0.250000 0.250000 0.250000 0.250000 
 107
0.500124 0.008471 0.046210 
0.444712 0.982691 0.462022 
0.055164 0.008838 0.491768 
0.016608 0.016608 0.016608 0.950176 
0.250000 0.250000 0.250000 0.250000 
 108
0.500124 0.008471 0.046210 
0.444712 0.982691 0.462022 
0.055164 0.008838 0.491768 
0.016608 0.950176 0.016608 0.016608 
0.250000 0.250000 0.250000 0.250000 
 109
0.500124 0.008471 0.046210 
0.444712 0.982691 0.462022 
0.055164 0.008838 0.491768 
0.016608 0.950176 0.016608 0.016608 
0.250000 0.250000 0.250000 0.250000 
 110
0.500124 0.008471 0.046210 
0.444712 0.982691 0.462022 
0.055164 0.008838 0.491768 
0.950176 0.016608 0.016608 0.016608 
0.250000 0.250000 0.250000 0.250000 
 111
0.500124 0.008471 0.046210 
0.444712 0.982691 0.462022 
0.055164 0.008838 0.491768 
0.950176 0.016608 0.016608 0.016608 
0.250000 0.250000 0.250000 0.250000 
 112
0.500124 0.008471 0.046210 
0.444712 0.982691 0.462022 
0.055164 0.008838 0.491768 
0.950176 0.016608 0.016608 0.016608 
0.250000 0.250000 0.250000 0.250000 
 113
0.500124 0.008471 0.046210 
0.444712 0.982691 0.462022 
0.055164 0.008838 0.491768 
0.950176 0.016608 0.016608 0.016608 
0.250000 0.250000 0.250000 0.250000 
 114
0.500124 0.008471 0.046210 
0.444712 0.982691 0.462022 
0.055164 0.008838 0.491768 
0.025578 0.941205 0.016608 0.016608 
0.250000 0.250000 0.250000 0.250000 
 115
0.500124 0.008471 0.046210 
0.444712 0.982691 0.462022 
0.055164 0.008838 0.491768 
0.950176 0.016608 0.016608 0.016608 
0.250000 0.250000 0.250000 0.250000 
 116
0.500124 0.008471 0.046210 
0.444712 0.982691 0.462022 
0.055164 0.008838 0.491768 
0.950176 0.016608 0.016608 0.016608 
0.250000 0.250000 0.250000 0.250000 
 117
0.500124 0.008471 0.046210 
0.444712 0.982691 0.462022 
0.055164 0.008838 0.491768 
0.016608 0.016608 0.950176 0.016608 
0.250000 0.250000 0.250000 0.250000 
 118
0.500124 0.008471 0.046210 
0.444712 0.982691 0.462022 
0.055164 0.008838 0.491768 
0.016608 0.950176 0.016608 0.016608 
0.250000 0.250000 0.250000 0.250000 
 119
0.500124 0.008471 0.046210 
0.444712 0.982691 0.462022 
0.055164 0.008838 0.491768 
0.016608 0.016608 0.024006 0.942778 
0.250000 0.250000 0.250000 0.250000 
 120
0.500124 0.008471 0.046210 
0.444712 0.982691 0.462022 
0.055164 0.008838 0.491768 
0.016608 0.016608 0.024006 0.942778 
0.250000 0.250000 0.250000 0.250000 
 121
0.500124 0.008471 0.046210 
0.444712 0.982691 0.462022 
0.055164 0.008838 0.491768 
0.950176 0.016608 0.016608 0.016608 
0.250000 0.250000 0.250000 0.250000 
 122
0.500124 0.008471 0.046210 
0.444712 0.982691 0.462022 
0.055164 0.008838 0.491768 
0.016608 0.016608 0.950176 0.016608 
0.250000 0.250000 0.250000 0.250000 
 123
0.500124 0.008471 0.046210 
0.444712 0.982691 0.462022 
0.055164 0.008838 0.491768 
0.021708 0.016608 0.029055 0.932628 
0.250000 0.250000 0.250000 0.250000 
 124
0.500124 0.008471 0.046210 
0.444712 0.982691 0.462022 
0.055164 0.008838 0.491768 
0.016608 0.950176 0.016608 0.016608 
0.250000 0.250000 0.250000 0.250000 
 125
0.500124 0.008471 0.046210 
0.444712 0.982691 0.462022 
0.055164 0.008838 0.491768 
0.016608 0.016608 0.024006 0.942778 
0.250000 0.250000 0.250000 0.250000 
 126
0.500124 0.008471 0.046210 
0.444712 0.982691 0.462022 
0.055164 0.008838 0.491768 
0.016608 0.016608 0.029157 0.937627 
0.250000 0.250000 0.250000 0.250000 
 127
0.500124 0.008471 0.046210 
0.444712 0.982691 0.462022 
0.055164 0.008838 0.491768 
0.950176 0.016608 0.016608 0.016608 
0.250000 0.250000 0.250000 0.250000 
 128
0.500124 0.008471 0.046210 
0.444712 0.982691 0.462022 
0.055164 0.008838 0.491768 
0.016608 0.016608 0.950176 0.016608 
0.250000 0.250000 0.250000 0.250000 
 129
0.500124 0.008471 0.046210 
0.444712 0.982691 0.462022 
0.055164 0.008838 0.491768 
0.950176 0.016608 0.016608 0.016608 
0.250000 0.250000 0.250000 0.250000 
 130
0.500124 0.008471 0.046210 
0.444712 0.982691 0.462022 
0.055164 0.008838 0.491768 
0.016608 0.016608 0.950176 0.016608 
0.250000 0.250000 0.250000 0.250000 
 131
0.500124 0.008471 0.046210 
0.444712 0.982691 0.462022 
0.055164 0.008838 0.491768 
0.950176 0.016608 0.016608 0.016608 
0.250000 0.250000 0.250000 0.250000 
 132
0.500124 0.008471 0.046210 
0.444712 0.982691 0.462022 
0.055164 0.008838 0.491768 
0.016608 0.016608 0.016608 0.950176 
0.250000 0.250000 0.250000 0.250000 
 133
0.500124 0.008471 0.046210 
0.444712 0.982691 0.462022 
0.055164 0.008838 0.491768 
0.016608 0.950176 0.016608 0.016608 
0.250000 0.250000 0.250000 0.250000 
 134
0.500124 0.008471 0.046210 
0.444712 0.982691 0.462022 
0.055164 0.008838 0.491768 
0.016608 0.016608 0.950176 0.016608 
0.250000 0.250000 0.250000 0.250000 
 135
0.500124 0.008471 0.046210 
0.444712 0.982691 0.462022 
0.055164 0.008838 0.491768 
0.016608 0.016608 0.937722 0.029062 
0.250000 0.250000 0.250000 0.250000 
 136
0.500124 0.008471 0.046210 
0.444712 0.982691 0.462022 
0.055164 0.008838 0.491768 
0.016608 0.016608 0.950176 0.016608 
0.250000 0.250000 0.250000 0.250000 
 137
0.485849 0.008471 0.046210 
0.458987 0.982691 0.462022 
0.055963 0.008820 0.491768 
0.950368 0.016544 0.016544 0.016544 
0.250000 0.250000 0.250000 0.250000 
 138
0.492885 0.008455 0.046210 
0.451152 0.982725 0.462022 
0.055963 0.008820 0.491768 
0.945625 0.021288 0.016544 0.016544 
0.250000 0.250000 0.250000 0.250000 
 139
0.492885 0.008455 0.046210 
0.451152 0.982725 0.462022 
0.055963 0.008820 0.491768 
0.030530 0.936382 0.016544 0.016544 
0.250000 0.250000 0.250000 0.250000 
 140
0.492885 0.008455 0.046210 
0.451152 0.982725 0.462022 
0.055963 0.008820 0.491768 
0.950368 0.016544 0.016544 0.016544 
0.250000 0.250000 0.250000 0.250000 
 141
0.492885 0.008455 0.046210 
0.451152 0.982725 0.462022 
0.055963 0.008820 0.491768 
0.016544 0.016544 0.950368 0.016544 
0.250000 0.250000 0.250000 0.250000 
 142
0.467764 0.008455 0.046210 
0.476273 0.982725 0.462022 
0.057405 0.008791 0.491768 
0.950699 0.016434 0.016434 0.016434 
0.250000 0.250000 0.250000 0.250000 
 143
0.479817 0.008427 0.046210 
0.462778 0.982783 0.462022 
0.057405 0.008791 0.491768 
0.016434 0.016434 0.016434 0.950699 
0.250000 0.250000 0.250000 0.250000 
 144
0.479817 0.008427 0.046210 
0.462778 0.982783 0.462022 
0.057405 0.008791 0.491768 
0.950699 0.016434 0.016434 0.016434 
0.250000 0.250000 0.250000 0.250000 
 145
0.479817 0.008427 0.046210 
0.462778 0.982783 0.462022 
0.057405 0.008791 0.491768 
0.016434 0.025671 0.941462 0.016434 
0.250000 0.250000 0.250000 0.250000 
 146
0.479817 0.008427 0.046210 
0.462778 0.982783 0.462022 
0.057405 0.008791 0.491768 
0.016434 0.016434 0.023754 0.943379 
0.250000 0.250000 0.250000 0.250000 
 147
0.479817 0.008427 0.046210 
0.462778 0.982783 0.462022 
0.057405 0.008791 0.491768 
0.021102 0.946031 0.016434 0.016434 
0.250000 0.250000 0.250000 0.250000 
 148
0.479817 0.008427 0.046210 
0.462778 0.982783 0.462022 
0.057405 0.008791 0.491768 
0.016434 0.950699 0.016434 0.016434 
0.250000 0.250000 0.250000 0.250000 
 149
0.479817 0.008427 0.046210 
0.462778 0.982783 0.462022 
0.057405 0.008791 0.491768 
0.950699 0.016434 0.016434 0.016434 
0.250000 0.250000 0.250000 0.250000 
 150
0.479817 0.008427 0.046210 
0.462778 0.982783 0.462022 
0.057405 0.008791 0.491768 
0.945602 0.021531 0.016434 0.016434 
0.250000 0.250000 0.250000 0.250000 
 151
0.479817 0.008427 0.046210 
0.462778 0.982783 0.462022 
0.057405 0.008791 0.491768 
0.950699 0.016434 0.016434 0.016434 
0.250000 0.250000 0.250000 0.250000 
 152
0.479817 0.008427 0.046210 
0.462778 0.982783 0.462022 
0.057405 0.008791 0.491768 
0.950699 0.016434 0.016434 0.016434 
0.250000 0.250000 0.250000 0.250000 
 153
0.479817 0.008427 0.046210 
0.462778 0.982783 0.462022 
0.057405 0.008791 0.491768 
0.022406 0.944726 0.016434 0.016434 
0.250000 0.250000 0.250000 0.250000 
 154
0.479817 0.008427 0.046210 
0.462778 0.982783 0.462022 
0.057405 0.008791 0.491768 
0.950699 0.016434 0.016434 0.016434 
0.250000 0.250000 0.250000 0.250000 
 155
0.479817 0.008427 0.046210 
0.462778 0.982783 0.462022 
0.057405 0.008791 0.491768 
0.016434 0.016434 0.950699 0.016434 
0.250000 0.250000 0.250000 0.250000 
 156
0.479817 0.008427 0.046210 
0.462778 0.982783 0.462022 
0.057405 0.008791 0.491768 
0.950699 0.016434 0.016434 0.016434 
0.250000 0.250000 0.250000 0.250000 
 157
0.479817 0.008427 0.046210 
0.462778 0.982783 0.462022 
0.057405 0.008791 0.491768 
0.016434 0.016434 0.950699 0.016434 
0.250000 0.250000 0.250000 0.250000 
 158
0.479817 0.008427 0.046210 
0.462778 0.982783 0.462022 
0.057405 0.008791 0.491768 
0.944394 0.022739 0.016434 0.016434 
0.250000 0.250000 0.250000 0.250000 
 159
0.479817 0.008427 0.046210 
0.462778 0.982783 0.462022 
0.057405 0.008791 0.491768 
0.016434 0.016434 0.950699 0.016434 
0.250000 0.250000 0.250000 0.250000 
 160
0.479817 0.008427 0.046210 
0.462778 0.982783 0.462022 
0.057405 0.008791 0.491768 
0.950699 0.016434 0.016434 0.016434 
0.250000 0.250000 0.250000 0.250000 
 161
0.479817 0.008427 0.046210 
0.462778 0.982783 0.462022 
0.057405 0.008791 0.491768 
0.945992 0.021140 0.016434 0.016434 
0.250000 0.250000 0.250000 0.250000 
 162
0.479817 0.008427 0.046210 
0.462778 0.982783 0.462022 
0.057405 0.008791 0.491768 
0.016434 0.016434 0.950699 0.016434 
0.250000 0.250000 0.250000 0.250000 
 163
0.479817 0.008427 0.046210 
0.462778 0.982783 0.462022 
0.057405 0.008791 0.491768 
0.016434 0.950699 0.016434 0.016434 
0.250000 0.250000 0.250000 0.250000 
 164
0.479817 0.008427 0.046210 
0.462778 0.982783 0.462022 
0.057405 0.008791 0.491768 
0.016434 0.950699 0.016434 0.016434 
0.250000 0.250000 0.250000 0.250000 
 165
0.479817 0.008427 0.046210 
0.462778 0.982783 0.462022 
0.057405 0.008791 0.491768 
0.071533 0.895599 0.016434 0.016434 
0.250000 0.250000 0.250000 0.250000 
 166
0.479817 0.008427 0.046210 
0.462778 0.982783 0.462022 
0.057405 0.008791 0.491768 
0.950699 0.016434 0.016434 0.016434 
0.250000 0.250000 0.250000 0.250000 
 167
0.479817 0.008427 0.046210 
0.462778 0.982783 0.462022 
0.057405 0.008791 0.491768 
0.950699 0.016434 0.016434 0.016434 
0.250000 0.250000 0.250000 0.250000 
 168
0.479817 0.008427 0.046210 
0.462778 0.982783 0.462022 
0.057405 0.008791 0.491768 
0.025020 0.937015 0.016434 0.021531 
0.250000 0.250000 0.250000 0.250000 
 169
0.479817 0.008427 0.046210 
0.462778 0.982783 0.462022 
0.057405 0.008791 0.491768 
0.016434 0.016434 0.950699 0.016434 
0.250000 0.250000 0.250000 0.250000 
 170
0.479817 0.008427 0.046210 
0.462778 0.982783 0.462022 
0.057405 0.008791 0.491768 
0.016434 0.016434 0.022737 0.944396 
0.250000 0.250000 0.250000 0.250000 
 171
0.479817 0.008427 0.046210 
0.462778 0.982783 0.462022 
0.057405 0.008791 0.491768 
0.016434 0.025671 0.941462 0.016434 
0.250000 0.250000 0.250000 0.250000 
 172
0.479817 0.008427 0.046210 
0.462778 0.982783 0.462022 
0.057405 0.008791 0.491768 
0.016434 0.016434 0.016434 0.950699 
0.250000 0.250000 0.250000 0.250000 
 173
0.479817 0.008427 0.046210 
0.462778 0.982783 0.462022 
0.057405 0.008791 0.491768 
0.016434 0.950699 0.016434 0.016434 
0.250000 0.250000 0.250000 0.250000 
 174
0.479817 0.008427 0.046210 
0.462778 0.982783 0.462022 
0.057405 0.008791 0.491768 
0.016434 0.016434 0.950699 0.016434 
0.250000 0.250000 0.250000 0.250000 
 175
0.479817 0.008427 0.046210 
0.462778 0.982783 0.462022 
0.057405 0.008791 0.491768 
0.025219 0.941914 0.016434 0.016434 
0.250000 0.250000 0.250000 0.250000 
 176
0.479817 0.008427 0.046210 
0.462778 0.982783 0.462022 
0.057405 0.008791 0.491768 
0.950699 0.016434 0.016434 0.016434 
0.250000 0.250000 0.250000 0.250000 
 177
0.479817 0.008427 0.046210 
0.462778 0.982783 0.462022 
0.057405 0.008791 0.491768 
0.016434 0.016434 0.016434 0.950699 
0.250000 0.250000 0.250000 0.250000 
 178
0.479817 0.008427 0.046210 
0.462778 0.982783 0.462022 
0.057405 0.008791 0.491768 
0.016434 0.016434 0.950699 0.016434 
0.250000 0.250000 0.250000 0.250000 
 179
0.479817 0.008427 0.046210 
0.462778 0.982783 0.462022 
0.057405 0.008791 0.491768 
0.016434 0.016434 0.016434 0.950699 
0.250000 0.250000 0.250000 0.250000 
 180
0.479817 0.008427 0.046210 
0.462778 0.982783 0.462022 
0.057405 0.008791 0.491768 
0.950699 0.016434 0.016434 0.016434 
0.250000 0.250000 0.250000 0.250000 
 181
0.479817 0.008427 0.046210 
0.462778 0.982783 0.462022 
0.057405 0.008791 0.491768 
0.950699 0.016434 0.016434 0.016434 
0.250000 0.250000 0.250000 0.250000 
 182
0.479817 0.008427 0.046210 
0.462778 0.982783 0.462022 
0.057405 0.008791 0.491768 
0.950699 0.016434 0.016434 0.016434 
0.250000 0.250000 0.250000 0.250000 
 183
0.479817 0.008427 0.046210 
0.462778 0.982783 0.462022 
0.057405 0.008791 0.491768 
0.016434 0.016434 0.016434 0.950699 
0.250000 0.250000 0.250000 0.250000 
 184
0.479817 0.008427 0.046210 
0.462778 0.982783 0.462022 
0.057405 0.008791 0.491768 
0.016434 0.950699 0.016434 0.016434 
0.250000 0.250000 0.250000 0.250000 
 185
0.479817 0.008427 0.046210 
0.462778 0.982783 0.462022 
0.057405 0.008791 0.491768 
0.016434 0.950699 0.016434 0.016434 
0.250000 0.250000 0.250000 0.250000 
 186
0.479817 0.008427 0.046210 
0.462778 0.982783 0.462022 
0.057405 0.008791 0.491768 
0.927468 0.039665 0.016434 0.016434 
0.250000 0.250000 0.250000 0.250000 
 187
0.479817 0.008427 0.046210 
0.462778 0.982783 0.462022 
0.057405 0.008791 0.491768 
0.016434 0.950699 0.016434 0.016434 
0.250000 0.250000 0.250000 0.250000 
 188
0.479817 0.008427 0.046210 
0.462778 0.982783 0.462022 
0.057405 0.008791 0.491768 
0.016434 0.016434 0.016434 0.950699 
0.250000 0.250000 0.250000 0.250000 
 189
0.479817 0.008427 0.046210 
0.462778 0.982783 0.462022 
0.057405 0.008791 0.491768 
0.050490 0.916643 0.016434 0.016434 
0.250000 0.250000 0.250000 0.250000 
 190
0.479817 0.008427 0.046210 
0.462778 0.982783 0.462022 
0.057405 0.008791 0.491768 
0.950699 0.016434 0.016434 0.016434 
0.250000 0.250000 0.250000 0.250000 
 191
0.479817 0.008427 0.046210 
0.462778 0.982783 0.462022 
0.057405 0.008791 0.491768 
0.950699 0.016434 0.016434 0.016434 
0.250000 0.250000 0.250000 0.250000 
 192
0.479817 0.008427 0.046210 
0.462778 0.982783 0.462022 
0.057405 0.008791 0.491768 
0.023754 0.943379 0.016434 0.016434 
0.250000 0.250000 0.250000 0.250000 
 193
0.479817 0.008427 0.046210 
0.462778 0.982783 0.462022 
0.057405 0.008791 0.491768 
0.016434 0.016434 0.950699 0.016434 
0.250000 0.250000 0.250000 0.250000 
 194
0.479817 0.008427 0.046210 
0.462778 0.982783 0.462022 
0.057405 0.008791 0.491768 
0.016434 0.016434 0.950699 0.016434 
0.250000 0.250000 0.250000 0.250000 
 195
0.479817 0.008427 0.046210 
0.462778 0.982783 0.462022 
0.057405 0.008791 0.491768 
0.016434 0.016434 0.027981 0.939152 
0.250000 0.250000 0.250000 0.250000 
 196
0.479817 0.008427 0.046210 
0.462778 0.982783 0.462022 
0.057405 0.008791 0.491768 
0.016434 0.016434 0.944726 0.022406 
0.250000 0.250000 0.250000 0.250000 
 197
0.479817 0.008427 0.046210 
0.462778 0.982783 0.462022 
0.057405 0.008791 0.491768 
0.016434 0.016434 0.016434 0.950699 
0.250000 0.250000 0.250000 0.250000 
 198
0.479817 0.008427 0.046210 
0.462778 0.982783 0.462022 
0.057405 0.008791 0.491768 
0.016434 0.950699 0.016434 0.016434 
0.250000 0.250000 0.250000 0.250000 
 199
0.479817 0.008427 0.046210 
0.462778 0.982783 0.462022 
0.057405 0.008791 0.491768 
0.946387 0.020746 0.016434 0.016434 
0.250000 0.250000 0.250000 0.250000 
 200
0.479817 0.008427 0.046210 
0.462778 0.982783 0.462022 
0.057405 0.008791 0.491768 
0.016434 0.016434 0.016434 0.950699 
0.250000 0.250000 0.250000 0.250000 
 201
0.479817 0.008427 0.046210 
0.462778 0.982783 0.462022 
0.057405 0.008791 0.491768 
0.016434 0.016434 0.016434 0.950699 
0.250000 0.250000 0.250000 0.250000 
 202
0.479817 0.008427 0.046210 
0.462778 0.982783 0.462022 
0.057405 0.008791 0.491768 
0.016434 0.016434 0.021814 0.945319 
0.250000 0.250000 0.250000 0.250000 
 203
0.479817 0.008427 0.046210 
0.462778 0.982783 0.462022 
0.057405 0.008791 0.491768 
0.016434 0.016434 0.016434 0.950699 
0.250000 0.250000 0.250000 0.250000 
 204
0.479817 0.008427 0.046210 
0.462778 0.982783 0.462022 
0.057405 0.008791 0.491768 
0.934182 0.032950 0.016434 0.016434 
0.250000 0.250000 0.250000 0.250000 
 205
0.479817 0.008427 0.046210 
0.462778 0.982783 0.462022 
0.057405 0.008791 0.491768 
0.950699 0.016434 0.016434 0.016434 
0.250000 0.250000 0.250000 0.250000 
 206
0.479817 0.008427 0.046210 
0.462778 0.982783 0.462022 
0.057405 0.008791 0.491768 
0.950699 0.016434 0.016434 0.016434 
0.250000 0.250000 0.250000 0.250000 
 207
0.479817 0.008427 0.046210 
0.462778 0.982783 0.462022 
0.057405 0.008791 0.491768 
0.945754 0.021379 0.016434 0.016434 
0.250000 0.250000 0.250000 0.250000 
 208
0.479817 0.008427 0.046210 
0.462778 0.982783 0.462022 
0.057405 0.008791 0.491768 
0.016434 0.950699 0.016434 0.016434 
0.250000 0.250000 0.250000 0.250000 
 209
0.479817 0.008427 0.046210 
0.462778 0.982783 0.462022 
0.057405 0.008791 0.491768 
0.950699 0.016434 0.016434 0.016434 
0.250000 0.250000 0.250000 0.250000 
 210
0.479817 0.008427 0.046210 
0.462778 0.982783 0.462022 
0.057405 0.008791 0.491768 
0.016434 0.016434 0.021285 0.945848 
0.250000 0.250000 0.250000 0.250000 
 211
0.479817 0.008427 0.046210 
0.462778 0.982783 0.462022 
0.057405 0.008791 0.491768 
0.016434 0.016434 0.016434 0.950699 
0.250000 0.250000 0.250000 0.250000 
 212
0.479817 0.008427 0.046210 
0.462778 0.982783 0.462022 
0.057405 0.008791 0.491768 
0.016434 0.950699 0.016434 0.016434 
0.250000 0.250000 0.250000 0.250000 
 213
0.479817 0.008427 0.046210 
0.462778 0.982783 0.462022 
0.057405 0.008791 0.491768 
0.016434 0.016434 0.016434 0.950699 
0.250000 0.250000 0.250000 0.250000 
 214
0.479817 0.008427 0.046210 
0.462778 0.982783 0.462022 
0.057405 0.008791 0.491768 
0.950699 0.016434 0.016434 0.016434 
0.250000 0.250000 0.250000 0.250000 
 215
0.479817 0.008427 0.046210 
0.462778 0.982783 0.462022 
0.057405 0.008791 0.491768 
0.016434 0.950699 0.016434 0.016434 
0.250000 0.250000 0.250000 0.250000 
 216
0.479817 0.008427 0.046210 
0.462778 0.982783 0.462022 
0.057405 0.008791 0.491768 
0.016434 0.016434 0.016434 0.950699 
0.250000 0.250000 0.250000 0.250000 
 217
0.479817 0.008427 0.046210 
0.462778 0.982783 0.462022 
0.057405 0.008791 0.491768 
0.016434 0.950699 0.016434 0.016434 
0.250000 0.250000 0.250000 0.250000 
 218
0.479817 0.008427 0.046210 
0.462778 0.982783 0.462022 
0.057405 0.008791 0.491768 
0.016434 0.016434 0.016434 0.950699 
0.250000 0.250000 0.250000 0.250000 
 219
0.479817 0.008427 0.046210 
0.462778 0.982783 0.462022 
0.057405 0.008791 0.491768 
0.945419 0.016434 0.021713 0.016434 
0.250000 0.250000 0.250000 0.250000 
 220
0.479817 0.008427 0.046210 
0.462778 0.982783 0.462022 
0.057405 0.008791 0.491768 
0.016434 0.950699 0.016434 0.016434 
0.250000 0.250000 0.250000 0.250000 
 221
0.479817 0.008427 0.046210 
0.462778 0.982783 0.462022 
0.057405 0.008791 0.491768 
0.016434 0.016434 0.950699 0.016434 
0.250000 0.250000 0.250000 0.250000 
 222
0.479817 0.008427 0.046210 
0.462778 0.982783 0.462022 
0.057405 0.008791 0.491768 
0.298794 0.668339 0.016434 0.016434 
0.250000 0.250000 0.250000 0.250000 
 223
0.479817 0.008427 0.046210 
0.462778 0.982783 0.462022 
0.057405 0.008791 0.491768 
0.016434 0.950699 0.016434 0.016434 
0.250000 0.250000 0.250000 0.250000 
 224
0.479817 0.008427 0.046210 
0.462778 0.982783 0.462022 
0.057405 0.008791 0.491768 
0.016434 0.950699 0.016434 0.016434 
0.250000 0.250000 0.250000 0.250000 
 225
0.479817 0.008427 0.046210 
0.462778 0.982783 0.462022 
0.057405 0.008791 0.491768 
0.925598 0.041534 0.016434 0.016434 
0.250000 0.250000 0.250000 0.250000 
 226
0.479817 0.008427 0.046210 
0.462778 0.982783 0.462022 
0.057405 0.008791 0.491768 
0.016434 0.016434 0.016434 0.950699 
0.250000 0.250000 0.250000 0.250000 
 227
0.479817 0.008427 0.046210 
0.462778 0.982783 0.462022 
0.057405 0.008791 0.491768 
0.016434 0.950699 0.016434 0.016434 
0.250000 0.250000 0.250000 0.250000 
 228
0.479817 0.008427 0.046210 
0.462778 0.982783 0.462022 
0.057405 0.008791 0.491768 
0.016434 0.950699 0.016434 0.016434 
0.250000 0.250000 0.250000 0.250000 
 229
0.479817 0.008427 0.046210 
0.462778 0.982783 0.462022 
0.057405 0.008791 0.491768 
0.016434 0.016434 0.950699 0.016434 
0.250000 0.250000 0.250000 0.250000 
 230
0.479817 0.008427 0.046210 
0.462778 0.982783 0.462022 
0.057405 0.008791 0.491768 
0.016434 0.016434 0.016434 0.950699 
0.250000 0.250000 0.250000 0.250000 
 231
0.479817 0.008427 0.046210 
0.462778 0.982783 0.462022 
0.057405 0.008791 0.491768 
0.085989 0.016434 0.881143 0.016434 
0.250000 0.250000 0.250000 0.250000 
 232
0.479817 0.008427 0.046210 
0.462778 0.982783 0.462022 
0.057405 0.008791 0.491768 
0.016434 0.016434 0.950699 0.016434 
0.250000 0.250000 0.250000 0.250000 
 233
0.479817 0.008427 0.046210 
0.462778 0.982783 0.462022 
0.057405 0.008791 0.491768 
0.016434 0.016434 0.016434 0.950699 
0.250000 0.250000 0.250000 0.250000 
 234
0.479817 0.008427 0.046210 
0.462778 0.982783 0.462022 
0.057405 0.008791 0.491768 
0.016434 0.016434 0.950699 0.016434 
0.250000 0.250000 0.250000 0.250000 
 235
0.479817 0.008427 0.046210 
0.462778 0.982783 0.462022 
0.057405 0.008791 0.491768 
