%  SAM: /scicomp/home-pure/vfn4/Tools/label-dev/LABEL_RES/scripts/modelfromalign_Linux v3.5 (July 15, 2005) compiled 12/08/06_16:15:55
%  (c) 1992-2001 Regents of the University of California, Santa Cruz
%
%          Sequence Alignment and Modeling Software System
%         http://www.cse.ucsc.edu/research/compbio/sam.html
%
% ----------------- Citations (SAM, SAM-T2K, HMMs) --------------------
% R. Hughey, A. Krogh, Hidden Markov models for sequence analysis:
%  Extension and analysis of the basic method, CABIOS 12:95-107, 1996.
% K. Karplus, et al., What is the value added by human intervention in protein
%  structure prediction, Proteins: Stucture, Function, Genetics 45(S5):86--91, 2001.
% A. Krogh et al., Hidden Markov models in computational biology:
%  Applications to protein modeling, JMB 235:1501-1531, Feb 1994.
% ---------------------------------------------------------------------
%  2.3.2.1e_hmm   Host: node272.hpc.biotech.cdc.gov    Fri Apr 21 15:28:49 2023
%  vfn4           Dir:  /scicomp/home-pure/vfn4/fluA/H5/c-2321C/qc/reannot_1/taxa/split-test
% ---------------------------------------------------------------------
%  Alignment weights from internal calc.  Total (20.05) Max (0.13) Min (0.04)
%  Weights from alignment method 1 (karplus), b=-1.000000, e=0.500000
MODEL --  Model from alignment file /scicomp/home-pure/vfn4/Tools/label-dev/LABEL_RES/training_data/exp2/2.3.2.1e.fasta
alphabet DNA
FREQAVE
0.000000 0.000000 0.000000 
0.000000 0.000000 0.000000 
0.000000 0.000000 0.000000 
0.353437 0.225187 0.186316 0.235060 
0.353437 0.225187 0.186316 0.235060 
Begin
0.000000 0.000000 0.000000 
0.000000 0.000000 0.000000 
0.000000 0.007369 0.491768 
0.250000 0.250000 0.250000 0.250000 
0.250000 0.250000 0.250000 0.250000 
   1
0.000000 0.266015 0.046210 
0.000000 0.726616 0.462022 
0.017001 0.009944 0.491768 
0.935918 0.021361 0.021361 0.021361 
0.250000 0.250000 0.250000 0.250000 
   2
0.845941 0.009532 0.046210 
0.137058 0.980524 0.462022 
0.017001 0.009944 0.491768 
0.021361 0.021361 0.021361 0.935918 
0.250000 0.250000 0.250000 0.250000 
   3
0.845941 0.009532 0.046210 
0.137058 0.980524 0.462022 
0.017001 0.009944 0.491768 
0.021361 0.935918 0.021361 0.021361 
0.250000 0.250000 0.250000 0.250000 
   4
0.845941 0.009532 0.046210 
0.137058 0.980524 0.462022 
0.017001 0.009944 0.491768 
0.151049 0.806229 0.021361 0.021361 
0.250000 0.250000 0.250000 0.250000 
   5
0.845941 0.009532 0.046210 
0.137058 0.980524 0.462022 
0.017001 0.009944 0.491768 
0.935918 0.021361 0.021361 0.021361 
0.250000 0.250000 0.250000 0.250000 
   6
0.845941 0.009532 0.046210 
0.137058 0.980524 0.462022 
0.017001 0.009944 0.491768 
0.031112 0.926167 0.021361 0.021361 
0.250000 0.250000 0.250000 0.250000 
   7
0.845941 0.009532 0.046210 
0.137058 0.980524 0.462022 
0.017001 0.009944 0.491768 
0.930881 0.026398 0.021361 0.021361 
0.250000 0.250000 0.250000 0.250000 
   8
0.845941 0.009532 0.046210 
0.137058 0.980524 0.462022 
0.017001 0.009944 0.491768 
0.895899 0.061380 0.021361 0.021361 
0.250000 0.250000 0.250000 0.250000 
   9
0.845941 0.009532 0.046210 
0.137058 0.980524 0.462022 
0.017001 0.009944 0.491768 
0.918199 0.039080 0.021361 0.021361 
0.250000 0.250000 0.250000 0.250000 
  10
0.845941 0.009532 0.046210 
0.137058 0.980524 0.462022 
0.017001 0.009944 0.491768 
0.935918 0.021361 0.021361 0.021361 
0.250000 0.250000 0.250000 0.250000 
  11
0.845941 0.009532 0.046210 
0.137058 0.980524 0.462022 
0.017001 0.009944 0.491768 
0.021361 0.021361 0.076086 0.881193 
0.250000 0.250000 0.250000 0.250000 
  12
0.845941 0.009532 0.046210 
0.137058 0.980524 0.462022 
0.017001 0.009944 0.491768 
0.931158 0.021361 0.021361 0.026121 
0.250000 0.250000 0.250000 0.250000 
  13
0.845941 0.009532 0.046210 
0.137058 0.980524 0.462022 
0.017001 0.009944 0.491768 
0.106367 0.850912 0.021361 0.021361 
0.250000 0.250000 0.250000 0.250000 
  14
0.845941 0.009532 0.046210 
0.137058 0.980524 0.462022 
0.017001 0.009944 0.491768 
0.021361 0.021361 0.021361 0.935918 
0.250000 0.250000 0.250000 0.250000 
  15
0.845941 0.009532 0.046210 
0.137058 0.980524 0.462022 
0.017001 0.009944 0.491768 
0.021361 0.034749 0.025223 0.918667 
0.250000 0.250000 0.250000 0.250000 
  16
0.845941 0.009532 0.046210 
0.137058 0.980524 0.462022 
0.017001 0.009944 0.491768 
0.030141 0.021361 0.922539 0.025959 
0.250000 0.250000 0.250000 0.250000 
  17
0.845941 0.009532 0.046210 
0.137058 0.980524 0.462022 
0.017001 0.009944 0.491768 
0.021361 0.021361 0.021361 0.935918 
0.250000 0.250000 0.250000 0.250000 
  18
0.845941 0.009532 0.046210 
0.137058 0.980524 0.462022 
0.017001 0.009944 0.491768 
0.021361 0.127076 0.021361 0.830203 
0.250000 0.250000 0.250000 0.250000 
  19
0.845941 0.009532 0.046210 
0.137058 0.980524 0.462022 
0.017001 0.009944 0.491768 
0.021361 0.021361 0.935918 0.021361 
0.250000 0.250000 0.250000 0.250000 
  20
0.845941 0.009532 0.046210 
0.137058 0.980524 0.462022 
0.017001 0.009944 0.491768 
0.021361 0.021361 0.021361 0.935918 
0.250000 0.250000 0.250000 0.250000 
  21
0.845941 0.009532 0.046210 
0.137058 0.980524 0.462022 
0.017001 0.009944 0.491768 
0.042809 0.021361 0.909151 0.026679 
0.250000 0.250000 0.250000 0.250000 
  22
0.845941 0.009532 0.046210 
0.137058 0.980524 0.462022 
0.017001 0.009944 0.491768 
0.021361 0.021361 0.026679 0.930600 
0.250000 0.250000 0.250000 0.250000 
  23
0.845941 0.009532 0.046210 
0.137058 0.980524 0.462022 
0.017001 0.009944 0.491768 
0.021361 0.021361 0.021361 0.935918 
0.250000 0.250000 0.250000 0.250000 
  24
0.845941 0.009532 0.046210 
0.137058 0.980524 0.462022 
0.017001 0.009944 0.491768 
0.021361 0.021361 0.026209 0.931070 
0.250000 0.250000 0.250000 0.250000 
  25
0.845941 0.009532 0.046210 
0.137058 0.980524 0.462022 
0.017001 0.009944 0.491768 
0.021361 0.935918 0.021361 0.021361 
0.250000 0.250000 0.250000 0.250000 
  26
0.845941 0.009532 0.046210 
0.137058 0.980524 0.462022 
0.017001 0.009944 0.491768 
0.021361 0.021361 0.935918 0.021361 
0.250000 0.250000 0.250000 0.250000 
  27
0.845941 0.009532 0.046210 
0.137058 0.980524 0.462022 
0.017001 0.009944 0.491768 
0.931679 0.025599 0.021361 0.021361 
0.250000 0.250000 0.250000 0.250000 
  28
0.845941 0.009532 0.046210 
0.137058 0.980524 0.462022 
0.017001 0.009944 0.491768 
0.935918 0.021361 0.021361 0.021361 
0.250000 0.250000 0.250000 0.250000 
  29
0.845941 0.009532 0.046210 
0.137058 0.980524 0.462022 
0.017001 0.009944 0.491768 
0.021361 0.021361 0.931685 0.025594 
0.250000 0.250000 0.250000 0.250000 
  30
0.845941 0.009532 0.046210 
0.137058 0.980524 0.462022 
0.017001 0.009944 0.491768 
0.935918 0.021361 0.021361 0.021361 
0.250000 0.250000 0.250000 0.250000 
  31
0.845941 0.009532 0.046210 
0.137058 0.980524 0.462022 
0.017001 0.009944 0.491768 
0.929036 0.028243 0.021361 0.021361 
0.250000 0.250000 0.250000 0.250000 
  32
0.826411 0.009532 0.046210 
0.156588 0.980524 0.462022 
0.017340 0.009849 0.491768 
0.020898 0.020898 0.032219 0.925986 
0.250000 0.250000 0.250000 0.250000 
  33
0.842872 0.009440 0.046210 
0.139788 0.980711 0.462022 
0.017340 0.009849 0.491768 
0.020898 0.020898 0.937307 0.020898 
0.250000 0.250000 0.250000 0.250000 
  34
0.825649 0.009440 0.046210 
0.157011 0.980711 0.462022 
0.017644 0.009768 0.491768 
0.938461 0.020513 0.020513 0.020513 
0.250000 0.250000 0.250000 0.250000 
  35
0.836584 0.009363 0.046210 
0.145772 0.980870 0.462022 
0.017706 0.009751 0.491768 
0.049273 0.909853 0.020437 0.020437 
0.250000 0.250000 0.250000 0.250000 
  36
0.839551 0.009347 0.046210 
0.142742 0.980901 0.462022 
0.017706 0.009751 0.491768 
0.020437 0.020437 0.866130 0.092996 
0.250000 0.250000 0.250000 0.250000 
  37
0.839551 0.009347 0.046210 
0.142742 0.980901 0.462022 
0.017706 0.009751 0.491768 
0.159858 0.020437 0.787183 0.032521 
0.250000 0.250000 0.250000 0.250000 
  38
0.839551 0.009347 0.046210 
0.142742 0.980901 0.462022 
0.017706 0.009751 0.491768 
0.020437 0.020437 0.020437 0.938688 
0.250000 0.250000 0.250000 0.250000 
  39
0.839551 0.009347 0.046210 
0.142742 0.980901 0.462022 
0.017706 0.009751 0.491768 
0.020437 0.020437 0.025390 0.933735 
0.250000 0.250000 0.250000 0.250000 
  40
0.839551 0.009347 0.046210 
0.142742 0.980901 0.462022 
0.017706 0.009751 0.491768 
0.020437 0.938688 0.020437 0.020437 
0.250000 0.250000 0.250000 0.250000 
  41
0.839551 0.009347 0.046210 
0.142742 0.980901 0.462022 
0.017706 0.009751 0.491768 
0.020437 0.020437 0.020437 0.938688 
0.250000 0.250000 0.250000 0.250000 
  42
0.839551 0.009347 0.046210 
0.142742 0.980901 0.462022 
0.017706 0.009751 0.491768 
0.020437 0.020437 0.909706 0.049419 
0.250000 0.250000 0.250000 0.250000 
  43
0.839551 0.009347 0.046210 
0.142742 0.980901 0.462022 
0.017706 0.009751 0.491768 
0.938688 0.020437 0.020437 0.020437 
0.250000 0.250000 0.250000 0.250000 
  44
0.832182 0.009347 0.046210 
0.150112 0.980901 0.462022 
0.017838 0.009718 0.491768 
0.939156 0.020281 0.020281 0.020281 
0.250000 0.250000 0.250000 0.250000 
  45
0.838360 0.009315 0.046210 
0.143802 0.980967 0.462022 
0.017838 0.009718 0.491768 
0.933668 0.025769 0.020281 0.020281 
0.250000 0.250000 0.250000 0.250000 
  46
0.834263 0.009315 0.046210 
0.147899 0.980967 0.462022 
0.017911 0.009700 0.491768 
0.929509 0.030098 0.020196 0.020196 
0.250000 0.250000 0.250000 0.250000 
  47
0.837695 0.009298 0.046210 
0.144394 0.981003 0.462022 
0.017911 0.009700 0.491768 
0.020196 0.939411 0.020196 0.020196 
0.250000 0.250000 0.250000 0.250000 
  48
0.837695 0.009298 0.046210 
0.144394 0.981003 0.462022 
0.017911 0.009700 0.491768 
0.020196 0.020196 0.935771 0.023837 
0.250000 0.250000 0.250000 0.250000 
  49
0.156099 0.009298 0.046210 
0.825989 0.981003 0.462022 
0.056253 0.007386 0.491768 
0.011922 0.964234 0.011922 0.011922 
0.250000 0.250000 0.250000 0.250000 
  50
0.490255 0.007079 0.046210 
0.453492 0.985535 0.462022 
0.056253 0.007386 0.491768 
0.964234 0.011922 0.011922 0.011922 
0.250000 0.250000 0.250000 0.250000 
  51
0.490255 0.007079 0.046210 
0.453492 0.985535 0.462022 
0.056253 0.007386 0.491768 
0.011922 0.011922 0.057060 0.919096 
0.250000 0.250000 0.250000 0.250000 
  52
0.490255 0.007079 0.046210 
0.453492 0.985535 0.462022 
0.056253 0.007386 0.491768 
0.011922 0.011922 0.964234 0.011922 
0.250000 0.250000 0.250000 0.250000 
  53
0.490255 0.007079 0.046210 
0.453492 0.985535 0.462022 
0.056253 0.007386 0.491768 
0.961511 0.014644 0.011922 0.011922 
0.250000 0.250000 0.250000 0.250000 
  54
0.490255 0.007079 0.046210 
0.453492 0.985535 0.462022 
0.056253 0.007386 0.491768 
0.011922 0.016400 0.025195 0.946483 
0.250000 0.250000 0.250000 0.250000 
  55
0.490255 0.007079 0.046210 
0.453492 0.985535 0.462022 
0.056253 0.007386 0.491768 
0.964234 0.011922 0.011922 0.011922 
0.250000 0.250000 0.250000 0.250000 
  56
0.490255 0.007079 0.046210 
0.453492 0.985535 0.462022 
0.056253 0.007386 0.491768 
0.011922 0.011922 0.011922 0.964234 
0.250000 0.250000 0.250000 0.250000 
  57
0.490255 0.007079 0.046210 
0.453492 0.985535 0.462022 
0.056253 0.007386 0.491768 
0.011922 0.011922 0.011922 0.964234 
0.250000 0.250000 0.250000 0.250000 
  58
0.490255 0.007079 0.046210 
0.453492 0.985535 0.462022 
0.056253 0.007386 0.491768 
0.011922 0.011922 0.011922 0.964234 
0.250000 0.250000 0.250000 0.250000 
  59
0.490255 0.007079 0.046210 
0.453492 0.985535 0.462022 
0.056253 0.007386 0.491768 
0.011922 0.964234 0.011922 0.011922 
0.250000 0.250000 0.250000 0.250000 
  60
0.490255 0.007079 0.046210 
0.453492 0.985535 0.462022 
0.056253 0.007386 0.491768 
0.011922 0.011922 0.961164 0.014991 
0.250000 0.250000 0.250000 0.250000 
  61
0.490255 0.007079 0.046210 
0.453492 0.985535 0.462022 
0.056253 0.007386 0.491768 
0.961769 0.014387 0.011922 0.011922 
0.250000 0.250000 0.250000 0.250000 
  62
0.490255 0.007079 0.046210 
0.453492 0.985535 0.462022 
0.056253 0.007386 0.491768 
0.011922 0.011922 0.011922 0.964234 
0.250000 0.250000 0.250000 0.250000 
  63
0.490255 0.007079 0.046210 
0.453492 0.985535 0.462022 
0.056253 0.007386 0.491768 
0.011922 0.011922 0.016563 0.959593 
0.250000 0.250000 0.250000 0.250000 
  64
0.490255 0.007079 0.046210 
0.453492 0.985535 0.462022 
0.056253 0.007386 0.491768 
0.011922 0.964234 0.011922 0.011922 
0.250000 0.250000 0.250000 0.250000 
  65
0.490255 0.007079 0.046210 
0.453492 0.985535 0.462022 
0.056253 0.007386 0.491768 
0.011922 0.964234 0.011922 0.011922 
0.250000 0.250000 0.250000 0.250000 
  66
0.490255 0.007079 0.046210 
0.453492 0.985535 0.462022 
0.056253 0.007386 0.491768 
0.011922 0.011922 0.011922 0.964234 
0.250000 0.250000 0.250000 0.250000 
  67
0.490255 0.007079 0.046210 
0.453492 0.985535 0.462022 
0.056253 0.007386 0.491768 
0.011922 0.011922 0.011922 0.964234 
0.250000 0.250000 0.250000 0.250000 
  68
0.490255 0.007079 0.046210 
0.453492 0.985535 0.462022 
0.056253 0.007386 0.491768 
0.964234 0.011922 0.011922 0.011922 
0.250000 0.250000 0.250000 0.250000 
  69
0.490255 0.007079 0.046210 
0.453492 0.985535 0.462022 
0.056253 0.007386 0.491768 
0.011922 0.011922 0.119800 0.856355 
0.250000 0.250000 0.250000 0.250000 
  70
0.490255 0.007079 0.046210 
0.453492 0.985535 0.462022 
0.056253 0.007386 0.491768 
0.011922 0.011922 0.964234 0.011922 
0.250000 0.250000 0.250000 0.250000 
  71
0.490255 0.007079 0.046210 
0.453492 0.985535 0.462022 
0.056253 0.007386 0.491768 
0.964234 0.011922 0.011922 0.011922 
0.250000 0.250000 0.250000 0.250000 
  72
0.490255 0.007079 0.046210 
0.453492 0.985535 0.462022 
0.056253 0.007386 0.491768 
0.011922 0.011922 0.011922 0.964234 
0.250000 0.250000 0.250000 0.250000 
  73
0.490255 0.007079 0.046210 
0.453492 0.985535 0.462022 
0.056253 0.007386 0.491768 
0.011922 0.964234 0.011922 0.011922 
0.250000 0.250000 0.250000 0.250000 
  74
0.490255 0.007079 0.046210 
0.453492 0.985535 0.462022 
0.056253 0.007386 0.491768 
0.011922 0.011922 0.964234 0.011922 
0.250000 0.250000 0.250000 0.250000 
  75
0.490255 0.007079 0.046210 
0.453492 0.985535 0.462022 
0.056253 0.007386 0.491768 
0.959747 0.016408 0.011922 0.011922 
0.250000 0.250000 0.250000 0.250000 
  76
0.490255 0.007079 0.046210 
0.453492 0.985535 0.462022 
0.056253 0.007386 0.491768 
0.964234 0.011922 0.011922 0.011922 
0.250000 0.250000 0.250000 0.250000 
  77
0.490255 0.007079 0.046210 
0.453492 0.985535 0.462022 
0.056253 0.007386 0.491768 
0.964234 0.011922 0.011922 0.011922 
0.250000 0.250000 0.250000 0.250000 
  78
0.490255 0.007079 0.046210 
0.453492 0.985535 0.462022 
0.056253 0.007386 0.491768 
0.011922 0.011922 0.031011 0.945144 
0.250000 0.250000 0.250000 0.250000 
  79
0.490255 0.007079 0.046210 
0.453492 0.985535 0.462022 
0.056253 0.007386 0.491768 
0.964234 0.011922 0.011922 0.011922 
0.250000 0.250000 0.250000 0.250000 
  80
0.490255 0.007079 0.046210 
0.453492 0.985535 0.462022 
0.056253 0.007386 0.491768 
0.964234 0.011922 0.011922 0.011922 
0.250000 0.250000 0.250000 0.250000 
  81
0.490255 0.007079 0.046210 
0.453492 0.985535 0.462022 
0.056253 0.007386 0.491768 
0.011922 0.011922 0.960831 0.015325 
0.250000 0.250000 0.250000 0.250000 
  82
0.490255 0.007079 0.046210 
0.453492 0.985535 0.462022 
0.056253 0.007386 0.491768 
0.011922 0.011922 0.011922 0.964234 
0.250000 0.250000 0.250000 0.250000 
  83
0.490255 0.007079 0.046210 
0.453492 0.985535 0.462022 
0.056253 0.007386 0.491768 
0.011922 0.011922 0.964234 0.011922 
0.250000 0.250000 0.250000 0.250000 
  84
0.490255 0.007079 0.046210 
0.453492 0.985535 0.462022 
0.056253 0.007386 0.491768 
0.050472 0.925684 0.011922 0.011922 
0.250000 0.250000 0.250000 0.250000 
  85
0.490255 0.007079 0.046210 
0.453492 0.985535 0.462022 
0.056253 0.007386 0.491768 
0.960690 0.015466 0.011922 0.011922 
0.250000 0.250000 0.250000 0.250000 
  86
0.490255 0.007079 0.046210 
0.453492 0.985535 0.462022 
0.056253 0.007386 0.491768 
0.011922 0.011922 0.964234 0.011922 
0.250000 0.250000 0.250000 0.250000 
  87
0.490255 0.007079 0.046210 
0.453492 0.985535 0.462022 
0.056253 0.007386 0.491768 
0.961846 0.014310 0.011922 0.011922 
0.250000 0.250000 0.250000 0.250000 
  88
0.490255 0.007079 0.046210 
0.453492 0.985535 0.462022 
0.056253 0.007386 0.491768 
0.014369 0.961787 0.011922 0.011922 
0.250000 0.250000 0.250000 0.250000 
  89
0.490255 0.007079 0.046210 
0.453492 0.985535 0.462022 
0.056253 0.007386 0.491768 
0.964234 0.011922 0.011922 0.011922 
0.250000 0.250000 0.250000 0.250000 
  90
0.490255 0.007079 0.046210 
0.453492 0.985535 0.462022 
0.056253 0.007386 0.491768 
0.011922 0.964234 0.011922 0.011922 
0.250000 0.250000 0.250000 0.250000 
  91
0.490255 0.007079 0.046210 
0.453492 0.985535 0.462022 
0.056253 0.007386 0.491768 
0.021812 0.011922 0.954344 0.011922 
0.250000 0.250000 0.250000 0.250000 
  92
0.490255 0.007079 0.046210 
0.453492 0.985535 0.462022 
0.056253 0.007386 0.491768 
0.964234 0.011922 0.011922 0.011922 
0.250000 0.250000 0.250000 0.250000 
  93
0.490255 0.007079 0.046210 
0.453492 0.985535 0.462022 
0.056253 0.007386 0.491768 
0.014466 0.961690 0.011922 0.011922 
0.250000 0.250000 0.250000 0.250000 
  94
0.490255 0.007079 0.046210 
0.453492 0.985535 0.462022 
0.056253 0.007386 0.491768 
0.011922 0.964234 0.011922 0.011922 
0.250000 0.250000 0.250000 0.250000 
  95
0.490255 0.007079 0.046210 
0.453492 0.985535 0.462022 
0.056253 0.007386 0.491768 
0.011922 0.011922 0.011922 0.964234 
0.250000 0.250000 0.250000 0.250000 
  96
0.490255 0.007079 0.046210 
0.453492 0.985535 0.462022 
0.056253 0.007386 0.491768 
0.014095 0.201821 0.014803 0.769280 
0.250000 0.250000 0.250000 0.250000 
  97
0.480061 0.007079 0.046210 
0.463686 0.985535 0.462022 
0.056833 0.007377 0.491768 
0.011899 0.964303 0.011899 0.011899 
0.250000 0.250000 0.250000 0.250000 
  98
0.485005 0.007071 0.046210 
0.458162 0.985551 0.462022 
0.056833 0.007377 0.491768 
0.964303 0.011899 0.011899 0.011899 
0.250000 0.250000 0.250000 0.250000 
  99
0.485005 0.007071 0.046210 
0.458162 0.985551 0.462022 
0.056833 0.007377 0.491768 
0.011899 0.011899 0.964303 0.011899 
0.250000 0.250000 0.250000 0.250000 
 100
0.485005 0.007071 0.046210 
0.458162 0.985551 0.462022 
0.056833 0.007377 0.491768 
0.962109 0.011899 0.014093 0.011899 
0.250000 0.250000 0.250000 0.250000 
 101
0.485005 0.007071 0.046210 
0.458162 0.985551 0.462022 
0.056833 0.007377 0.491768 
0.011899 0.011899 0.964303 0.011899 
0.250000 0.250000 0.250000 0.250000 
 102
0.485005 0.007071 0.046210 
0.458162 0.985551 0.462022 
0.056833 0.007377 0.491768 
0.955386 0.020816 0.011899 0.011899 
0.250000 0.250000 0.250000 0.250000 
 103
0.485005 0.007071 0.046210 
0.458162 0.985551 0.462022 
0.056833 0.007377 0.491768 
0.964303 0.011899 0.011899 0.011899 
0.250000 0.250000 0.250000 0.250000 
 104
0.485005 0.007071 0.046210 
0.458162 0.985551 0.462022 
0.056833 0.007377 0.491768 
0.011899 0.011899 0.011899 0.964303 
0.250000 0.250000 0.250000 0.250000 
 105
0.485005 0.007071 0.046210 
0.458162 0.985551 0.462022 
0.056833 0.007377 0.491768 
0.964303 0.011899 0.011899 0.011899 
0.250000 0.250000 0.250000 0.250000 
 106
0.485005 0.007071 0.046210 
0.458162 0.985551 0.462022 
0.056833 0.007377 0.491768 
0.964303 0.011899 0.011899 0.011899 
0.250000 0.250000 0.250000 0.250000 
 107
0.485005 0.007071 0.046210 
0.458162 0.985551 0.462022 
0.056833 0.007377 0.491768 
0.011899 0.011899 0.011899 0.964303 
0.250000 0.250000 0.250000 0.250000 
 108
0.485005 0.007071 0.046210 
0.458162 0.985551 0.462022 
0.056833 0.007377 0.491768 
0.011899 0.964303 0.011899 0.011899 
0.250000 0.250000 0.250000 0.250000 
 109
0.485005 0.007071 0.046210 
0.458162 0.985551 0.462022 
0.056833 0.007377 0.491768 
0.011899 0.964303 0.011899 0.011899 
0.250000 0.250000 0.250000 0.250000 
 110
0.485005 0.007071 0.046210 
0.458162 0.985551 0.462022 
0.056833 0.007377 0.491768 
0.964303 0.011899 0.011899 0.011899 
0.250000 0.250000 0.250000 0.250000 
 111
0.485005 0.007071 0.046210 
0.458162 0.985551 0.462022 
0.056833 0.007377 0.491768 
0.953436 0.022766 0.011899 0.011899 
0.250000 0.250000 0.250000 0.250000 
 112
0.485005 0.007071 0.046210 
0.458162 0.985551 0.462022 
0.056833 0.007377 0.491768 
0.964303 0.011899 0.011899 0.011899 
0.250000 0.250000 0.250000 0.250000 
 113
0.485005 0.007071 0.046210 
0.458162 0.985551 0.462022 
0.056833 0.007377 0.491768 
0.964303 0.011899 0.011899 0.011899 
0.250000 0.250000 0.250000 0.250000 
 114
0.485005 0.007071 0.046210 
0.458162 0.985551 0.462022 
0.056833 0.007377 0.491768 
0.085842 0.890360 0.011899 0.011899 
0.250000 0.250000 0.250000 0.250000 
 115
0.485005 0.007071 0.046210 
0.458162 0.985551 0.462022 
0.056833 0.007377 0.491768 
0.962044 0.011899 0.011899 0.014158 
0.250000 0.250000 0.250000 0.250000 
 116
0.485005 0.007071 0.046210 
0.458162 0.985551 0.462022 
0.056833 0.007377 0.491768 
0.964303 0.011899 0.011899 0.011899 
0.250000 0.250000 0.250000 0.250000 
 117
0.485005 0.007071 0.046210 
0.458162 0.985551 0.462022 
0.056833 0.007377 0.491768 
0.011899 0.011899 0.941303 0.034899 
0.250000 0.250000 0.250000 0.250000 
 118
0.485005 0.007071 0.046210 
0.458162 0.985551 0.462022 
0.056833 0.007377 0.491768 
0.011899 0.964303 0.011899 0.011899 
0.250000 0.250000 0.250000 0.250000 
 119
0.485005 0.007071 0.046210 
0.458162 0.985551 0.462022 
0.056833 0.007377 0.491768 
0.011899 0.011899 0.011899 0.964303 
0.250000 0.250000 0.250000 0.250000 
 120
0.485005 0.007071 0.046210 
0.458162 0.985551 0.462022 
0.056833 0.007377 0.491768 
0.011899 0.011899 0.018617 0.957585 
0.250000 0.250000 0.250000 0.250000 
 121
0.485005 0.007071 0.046210 
0.458162 0.985551 0.462022 
0.056833 0.007377 0.491768 
0.964303 0.011899 0.011899 0.011899 
0.250000 0.250000 0.250000 0.250000 
 122
0.485005 0.007071 0.046210 
0.458162 0.985551 0.462022 
0.056833 0.007377 0.491768 
0.011899 0.011899 0.964303 0.011899 
0.250000 0.250000 0.250000 0.250000 
 123
0.485005 0.007071 0.046210 
0.458162 0.985551 0.462022 
0.056833 0.007377 0.491768 
0.011899 0.011899 0.016270 0.959932 
0.250000 0.250000 0.250000 0.250000 
 124
0.485005 0.007071 0.046210 
0.458162 0.985551 0.462022 
0.056833 0.007377 0.491768 
0.011899 0.964303 0.011899 0.011899 
0.250000 0.250000 0.250000 0.250000 
 125
0.485005 0.007071 0.046210 
0.458162 0.985551 0.462022 
0.056833 0.007377 0.491768 
0.011899 0.011899 0.011899 0.964303 
0.250000 0.250000 0.250000 0.250000 
 126
0.485005 0.007071 0.046210 
0.458162 0.985551 0.462022 
0.056833 0.007377 0.491768 
0.011899 0.014775 0.117075 0.856251 
0.250000 0.250000 0.250000 0.250000 
 127
0.485005 0.007071 0.046210 
0.458162 0.985551 0.462022 
0.056833 0.007377 0.491768 
0.964303 0.011899 0.011899 0.011899 
0.250000 0.250000 0.250000 0.250000 
 128
0.485005 0.007071 0.046210 
0.458162 0.985551 0.462022 
0.056833 0.007377 0.491768 
0.011899 0.011899 0.964303 0.011899 
0.250000 0.250000 0.250000 0.250000 
 129
0.485005 0.007071 0.046210 
0.458162 0.985551 0.462022 
0.056833 0.007377 0.491768 
0.964303 0.011899 0.011899 0.011899 
0.250000 0.250000 0.250000 0.250000 
 130
0.475032 0.007071 0.046210 
0.468135 0.985551 0.462022 
0.057405 0.007369 0.491768 
0.011877 0.011877 0.964370 0.011877 
0.250000 0.250000 0.250000 0.250000 
 131
0.479817 0.007064 0.046210 
0.462778 0.985567 0.462022 
0.057405 0.007369 0.491768 
0.964370 0.011877 0.011877 0.011877 
0.250000 0.250000 0.250000 0.250000 
 132
0.479817 0.007064 0.046210 
0.462778 0.985567 0.462022 
0.057405 0.007369 0.491768 
0.076857 0.086247 0.011877 0.825020 
0.250000 0.250000 0.250000 0.250000 
 133
0.479817 0.007064 0.046210 
0.462778 0.985567 0.462022 
0.057405 0.007369 0.491768 
0.011877 0.964370 0.011877 0.011877 
0.250000 0.250000 0.250000 0.250000 
 134
0.479817 0.007064 0.046210 
0.462778 0.985567 0.462022 
0.057405 0.007369 0.491768 
0.011877 0.011877 0.964370 0.011877 
0.250000 0.250000 0.250000 0.250000 
 135
0.479817 0.007064 0.046210 
0.462778 0.985567 0.462022 
0.057405 0.007369 0.491768 
0.011877 0.011877 0.945822 0.030425 
0.250000 0.250000 0.250000 0.250000 
 136
0.479817 0.007064 0.046210 
0.462778 0.985567 0.462022 
0.057405 0.007369 0.491768 
0.011877 0.011877 0.964370 0.011877 
0.250000 0.250000 0.250000 0.250000 
 137
0.479817 0.007064 0.046210 
0.462778 0.985567 0.462022 
0.057405 0.007369 0.491768 
0.955388 0.020859 0.011877 0.011877 
0.250000 0.250000 0.250000 0.250000 
 138
0.479817 0.007064 0.046210 
0.462778 0.985567 0.462022 
0.057405 0.007369 0.491768 
0.955850 0.020397 0.011877 0.011877 
0.250000 0.250000 0.250000 0.250000 
 139
0.479817 0.007064 0.046210 
0.462778 0.985567 0.462022 
0.057405 0.007369 0.491768 
0.013973 0.962274 0.011877 0.011877 
0.250000 0.250000 0.250000 0.250000 
 140
0.479817 0.007064 0.046210 
0.462778 0.985567 0.462022 
0.057405 0.007369 0.491768 
0.964370 0.011877 0.011877 0.011877 
0.250000 0.250000 0.250000 0.250000 
 141
0.479817 0.007064 0.046210 
0.462778 0.985567 0.462022 
0.057405 0.007369 0.491768 
0.011877 0.011877 0.959778 0.016469 
0.250000 0.250000 0.250000 0.250000 
 142
0.479817 0.007064 0.046210 
0.462778 0.985567 0.462022 
0.057405 0.007369 0.491768 
0.964370 0.011877 0.011877 0.011877 
0.250000 0.250000 0.250000 0.250000 
 143
0.479817 0.007064 0.046210 
0.462778 0.985567 0.462022 
0.057405 0.007369 0.491768 
0.011877 0.011877 0.011877 0.964370 
0.250000 0.250000 0.250000 0.250000 
 144
0.479817 0.007064 0.046210 
0.462778 0.985567 0.462022 
0.057405 0.007369 0.491768 
0.964370 0.011877 0.011877 0.011877 
0.250000 0.250000 0.250000 0.250000 
 145
0.479817 0.007064 0.046210 
0.462778 0.985567 0.462022 
0.057405 0.007369 0.491768 
0.011877 0.011877 0.919973 0.056274 
0.250000 0.250000 0.250000 0.250000 
 146
0.479817 0.007064 0.046210 
0.462778 0.985567 0.462022 
0.057405 0.007369 0.491768 
0.011877 0.011877 0.011877 0.964370 
0.250000 0.250000 0.250000 0.250000 
 147
0.479817 0.007064 0.046210 
0.462778 0.985567 0.462022 
0.057405 0.007369 0.491768 
0.017537 0.958709 0.011877 0.011877 
0.250000 0.250000 0.250000 0.250000 
 148
0.479817 0.007064 0.046210 
0.462778 0.985567 0.462022 
0.057405 0.007369 0.491768 
0.011877 0.964370 0.011877 0.011877 
0.250000 0.250000 0.250000 0.250000 
 149
0.479817 0.007064 0.046210 
0.462778 0.985567 0.462022 
0.057405 0.007369 0.491768 
0.964370 0.011877 0.011877 0.011877 
0.250000 0.250000 0.250000 0.250000 
 150
0.479817 0.007064 0.046210 
0.462778 0.985567 0.462022 
0.057405 0.007369 0.491768 
0.964370 0.011877 0.011877 0.011877 
0.250000 0.250000 0.250000 0.250000 
 151
0.479817 0.007064 0.046210 
0.462778 0.985567 0.462022 
0.057405 0.007369 0.491768 
0.964370 0.011877 0.011877 0.011877 
0.250000 0.250000 0.250000 0.250000 
 152
0.479817 0.007064 0.046210 
0.462778 0.985567 0.462022 
0.057405 0.007369 0.491768 
0.955478 0.020769 0.011877 0.011877 
0.250000 0.250000 0.250000 0.250000 
 153
0.479817 0.007064 0.046210 
0.462778 0.985567 0.462022 
0.057405 0.007369 0.491768 
0.024284 0.951963 0.011877 0.011877 
0.250000 0.250000 0.250000 0.250000 
 154
0.479817 0.007064 0.046210 
0.462778 0.985567 0.462022 
0.057405 0.007369 0.491768 
0.961159 0.015088 0.011877 0.011877 
0.250000 0.250000 0.250000 0.250000 
 155
0.479817 0.007064 0.046210 
0.462778 0.985567 0.462022 
0.057405 0.007369 0.491768 
0.011877 0.011877 0.964370 0.011877 
0.250000 0.250000 0.250000 0.250000 
 156
0.479817 0.007064 0.046210 
0.462778 0.985567 0.462022 
0.057405 0.007369 0.491768 
0.964370 0.011877 0.011877 0.011877 
0.250000 0.250000 0.250000 0.250000 
 157
0.479817 0.007064 0.046210 
0.462778 0.985567 0.462022 
0.057405 0.007369 0.491768 
0.011877 0.011877 0.964370 0.011877 
0.250000 0.250000 0.250000 0.250000 
 158
0.479817 0.007064 0.046210 
0.462778 0.985567 0.462022 
0.057405 0.007369 0.491768 
0.964370 0.011877 0.011877 0.011877 
0.250000 0.250000 0.250000 0.250000 
 159
0.479817 0.007064 0.046210 
0.462778 0.985567 0.462022 
0.057405 0.007369 0.491768 
0.011877 0.011877 0.959887 0.016360 
0.250000 0.250000 0.250000 0.250000 
 160
0.479817 0.007064 0.046210 
0.462778 0.985567 0.462022 
0.057405 0.007369 0.491768 
0.964370 0.011877 0.011877 0.011877 
0.250000 0.250000 0.250000 0.250000 
 161
0.479817 0.007064 0.046210 
0.462778 0.985567 0.462022 
0.057405 0.007369 0.491768 
0.964370 0.011877 0.011877 0.011877 
0.250000 0.250000 0.250000 0.250000 
 162
0.479817 0.007064 0.046210 
0.462778 0.985567 0.462022 
0.057405 0.007369 0.491768 
0.011877 0.011877 0.862073 0.114174 
0.250000 0.250000 0.250000 0.250000 
 163
0.479817 0.007064 0.046210 
0.462778 0.985567 0.462022 
0.057405 0.007369 0.491768 
0.011877 0.964370 0.011877 0.011877 
0.250000 0.250000 0.250000 0.250000 
 164
0.479817 0.007064 0.046210 
0.462778 0.985567 0.462022 
0.057405 0.007369 0.491768 
0.011877 0.964370 0.011877 0.011877 
0.250000 0.250000 0.250000 0.250000 
 165
0.479817 0.007064 0.046210 
0.462778 0.985567 0.462022 
0.057405 0.007369 0.491768 
0.029624 0.946567 0.011904 0.011904 
0.250000 0.250000 0.250000 0.250000 
 166
0.479817 0.007064 0.046210 
0.462778 0.985567 0.462022 
0.057405 0.007369 0.491768 
0.964370 0.011877 0.011877 0.011877 
0.250000 0.250000 0.250000 0.250000 
 167
0.479817 0.007064 0.046210 
0.462778 0.985567 0.462022 
0.057405 0.007369 0.491768 
0.959910 0.016337 0.011877 0.011877 
0.250000 0.250000 0.250000 0.250000 
 168
0.479817 0.007064 0.046210 
0.462778 0.985567 0.462022 
0.057405 0.007369 0.491768 
0.052197 0.924050 0.011877 0.011877 
0.250000 0.250000 0.250000 0.250000 
 169
0.479817 0.007064 0.046210 
0.462778 0.985567 0.462022 
0.057405 0.007369 0.491768 
0.014060 0.011877 0.962187 0.011877 
0.250000 0.250000 0.250000 0.250000 
 170
0.479817 0.007064 0.046210 
0.462778 0.985567 0.462022 
0.057405 0.007369 0.491768 
0.011877 0.011877 0.011877 0.964370 
0.250000 0.250000 0.250000 0.250000 
 171
0.479817 0.007064 0.046210 
0.462778 0.985567 0.462022 
0.057405 0.007369 0.491768 
0.011877 0.011877 0.947995 0.028252 
0.250000 0.250000 0.250000 0.250000 
 172
0.479817 0.007064 0.046210 
0.462778 0.985567 0.462022 
0.057405 0.007369 0.491768 
0.011877 0.011877 0.011877 0.964370 
0.250000 0.250000 0.250000 0.250000 
 173
0.479817 0.007064 0.046210 
0.462778 0.985567 0.462022 
0.057405 0.007369 0.491768 
0.011877 0.964370 0.011877 0.011877 
0.250000 0.250000 0.250000 0.250000 
 174
0.479817 0.007064 0.046210 
0.462778 0.985567 0.462022 
0.057405 0.007369 0.491768 
0.011877 0.011877 0.964370 0.011877 
0.250000 0.250000 0.250000 0.250000 
 175
0.479817 0.007064 0.046210 
0.462778 0.985567 0.462022 
0.057405 0.007369 0.491768 
0.020183 0.956064 0.011877 0.011877 
0.250000 0.250000 0.250000 0.250000 
 176
0.479817 0.007064 0.046210 
0.462778 0.985567 0.462022 
0.057405 0.007369 0.491768 
0.964370 0.011877 0.011877 0.011877 
0.250000 0.250000 0.250000 0.250000 
 177
0.479817 0.007064 0.046210 
0.462778 0.985567 0.462022 
0.057405 0.007369 0.491768 
0.011877 0.011877 0.022411 0.953836 
0.250000 0.250000 0.250000 0.250000 
 178
0.479817 0.007064 0.046210 
0.462778 0.985567 0.462022 
0.057405 0.007369 0.491768 
0.014012 0.011877 0.956524 0.017588 
0.250000 0.250000 0.250000 0.250000 
 179
0.479817 0.007064 0.046210 
0.462778 0.985567 0.462022 
0.057405 0.007369 0.491768 
0.011877 0.011877 0.011877 0.964370 
0.250000 0.250000 0.250000 0.250000 
 180
0.479817 0.007064 0.046210 
0.462778 0.985567 0.462022 
0.057405 0.007369 0.491768 
0.956110 0.020137 0.011877 0.011877 
0.250000 0.250000 0.250000 0.250000 
 181
0.479817 0.007064 0.046210 
0.462778 0.985567 0.462022 
0.057405 0.007369 0.491768 
0.964370 0.011877 0.011877 0.011877 
0.250000 0.250000 0.250000 0.250000 
 182
0.479817 0.007064 0.046210 
0.462778 0.985567 0.462022 
0.057405 0.007369 0.491768 
0.964370 0.011877 0.011877 0.011877 
0.250000 0.250000 0.250000 0.250000 
 183
0.479817 0.007064 0.046210 
0.462778 0.985567 0.462022 
0.057405 0.007369 0.491768 
0.015853 0.011877 0.031648 0.940622 
0.250000 0.250000 0.250000 0.250000 
 184
0.479817 0.007064 0.046210 
0.462778 0.985567 0.462022 
0.057405 0.007369 0.491768 
0.011877 0.964370 0.011877 0.011877 
0.250000 0.250000 0.250000 0.250000 
 185
0.479817 0.007064 0.046210 
0.462778 0.985567 0.462022 
0.057405 0.007369 0.491768 
0.011877 0.964370 0.011877 0.011877 
0.250000 0.250000 0.250000 0.250000 
 186
0.479817 0.007064 0.046210 
0.462778 0.985567 0.462022 
0.057405 0.007369 0.491768 
0.959437 0.016810 0.011877 0.011877 
0.250000 0.250000 0.250000 0.250000 
 187
0.479817 0.007064 0.046210 
0.462778 0.985567 0.462022 
0.057405 0.007369 0.491768 
0.011877 0.964370 0.011877 0.011877 
0.250000 0.250000 0.250000 0.250000 
 188
0.479817 0.007064 0.046210 
0.462778 0.985567 0.462022 
0.057405 0.007369 0.491768 
0.011877 0.011877 0.011877 0.964370 
0.250000 0.250000 0.250000 0.250000 
 189
0.479817 0.007064 0.046210 
0.462778 0.985567 0.462022 
0.057405 0.007369 0.491768 
0.044067 0.932180 0.011877 0.011877 
0.250000 0.250000 0.250000 0.250000 
 190
0.479817 0.007064 0.046210 
0.462778 0.985567 0.462022 
0.057405 0.007369 0.491768 
0.964370 0.011877 0.011877 0.011877 
0.250000 0.250000 0.250000 0.250000 
 191
0.479817 0.007064 0.046210 
0.462778 0.985567 0.462022 
0.057405 0.007369 0.491768 
0.964370 0.011877 0.011877 0.011877 
0.250000 0.250000 0.250000 0.250000 
 192
0.479817 0.007064 0.046210 
0.462778 0.985567 0.462022 
0.057405 0.007369 0.491768 
0.019037 0.957210 0.011877 0.011877 
0.250000 0.250000 0.250000 0.250000 
 193
0.479817 0.007064 0.046210 
0.462778 0.985567 0.462022 
0.057405 0.007369 0.491768 
0.011877 0.011877 0.964370 0.011877 
0.250000 0.250000 0.250000 0.250000 
 194
0.479817 0.007064 0.046210 
0.462778 0.985567 0.462022 
0.057405 0.007369 0.491768 
0.011877 0.011877 0.964370 0.011877 
0.250000 0.250000 0.250000 0.250000 
 195
0.479817 0.007064 0.046210 
0.462778 0.985567 0.462022 
0.057405 0.007369 0.491768 
0.011877 0.011877 0.014362 0.961885 
0.250000 0.250000 0.250000 0.250000 
 196
0.479817 0.007064 0.046210 
0.462778 0.985567 0.462022 
0.057405 0.007369 0.491768 
0.011877 0.011877 0.964370 0.011877 
0.250000 0.250000 0.250000 0.250000 
 197
0.479817 0.007064 0.046210 
0.462778 0.985567 0.462022 
0.057405 0.007369 0.491768 
0.011877 0.011877 0.011877 0.964370 
0.250000 0.250000 0.250000 0.250000 
 198
0.479817 0.007064 0.046210 
0.462778 0.985567 0.462022 
0.057405 0.007369 0.491768 
0.016505 0.959742 0.011877 0.011877 
0.250000 0.250000 0.250000 0.250000 
 199
0.479817 0.007064 0.046210 
0.462778 0.985567 0.462022 
0.057405 0.007369 0.491768 
0.964370 0.011877 0.011877 0.011877 
0.250000 0.250000 0.250000 0.250000 
 200
0.479817 0.007064 0.046210 
0.462778 0.985567 0.462022 
0.057405 0.007369 0.491768 
0.011877 0.015407 0.011877 0.960840 
0.250000 0.250000 0.250000 0.250000 
 201
0.479817 0.007064 0.046210 
0.462778 0.985567 0.462022 
0.057405 0.007369 0.491768 
0.011877 0.011877 0.014495 0.961752 
0.250000 0.250000 0.250000 0.250000 
 202
0.479817 0.007064 0.046210 
0.462778 0.985567 0.462022 
0.057405 0.007369 0.491768 
0.011877 0.011877 0.021729 0.954518 
0.250000 0.250000 0.250000 0.250000 
 203
0.479817 0.007064 0.046210 
0.462778 0.985567 0.462022 
0.057405 0.007369 0.491768 
0.011877 0.011877 0.011877 0.964370 
0.250000 0.250000 0.250000 0.250000 
 204
0.479817 0.007064 0.046210 
0.462778 0.985567 0.462022 
0.057405 0.007369 0.491768 
0.942119 0.034128 0.011877 0.011877 
0.250000 0.250000 0.250000 0.250000 
 205
0.479817 0.007064 0.046210 
0.462778 0.985567 0.462022 
0.057405 0.007369 0.491768 
0.964370 0.011877 0.011877 0.011877 
0.250000 0.250000 0.250000 0.250000 
 206
0.479817 0.007064 0.046210 
0.462778 0.985567 0.462022 
0.057405 0.007369 0.491768 
0.961209 0.011877 0.011877 0.015038 
0.250000 0.250000 0.250000 0.250000 
 207
0.479817 0.007064 0.046210 
0.462778 0.985567 0.462022 
0.057405 0.007369 0.491768 
0.964370 0.011877 0.011877 0.011877 
0.250000 0.250000 0.250000 0.250000 
 208
0.479817 0.007064 0.046210 
0.462778 0.985567 0.462022 
0.057405 0.007369 0.491768 
0.014050 0.959035 0.011877 0.015038 
0.250000 0.250000 0.250000 0.250000 
 209
0.479817 0.007064 0.046210 
0.462778 0.985567 0.462022 
0.057405 0.007369 0.491768 
0.964370 0.011877 0.011877 0.011877 
0.250000 0.250000 0.250000 0.250000 
 210
0.479817 0.007064 0.046210 
0.462778 0.985567 0.462022 
0.057405 0.007369 0.491768 
0.011877 0.011877 0.016090 0.960157 
0.250000 0.250000 0.250000 0.250000 
 211
0.479817 0.007064 0.046210 
0.462778 0.985567 0.462022 
0.057405 0.007369 0.491768 
0.011877 0.011877 0.011877 0.964370 
0.250000 0.250000 0.250000 0.250000 
 212
0.479817 0.007064 0.046210 
0.462778 0.985567 0.462022 
0.057405 0.007369 0.491768 
0.011877 0.964370 0.011877 0.011877 
0.250000 0.250000 0.250000 0.250000 
 213
0.479817 0.007064 0.046210 
0.462778 0.985567 0.462022 
0.057405 0.007369 0.491768 
0.011877 0.011877 0.014260 0.961987 
0.250000 0.250000 0.250000 0.250000 
 214
0.479817 0.007064 0.046210 
0.462778 0.985567 0.462022 
0.057405 0.007369 0.491768 
0.964370 0.011877 0.011877 0.011877 
0.250000 0.250000 0.250000 0.250000 
 215
0.479817 0.007064 0.046210 
0.462778 0.985567 0.462022 
0.057405 0.007369 0.491768 
0.011877 0.964370 0.011877 0.011877 
0.250000 0.250000 0.250000 0.250000 
 216
0.479817 0.007064 0.046210 
0.462778 0.985567 0.462022 
0.057405 0.007369 0.491768 
0.011877 0.011877 0.011877 0.964370 
0.250000 0.250000 0.250000 0.250000 
 217
0.479817 0.007064 0.046210 
0.462778 0.985567 0.462022 
0.057405 0.007369 0.491768 
0.011877 0.964370 0.011877 0.011877 
0.250000 0.250000 0.250000 0.250000 
 218
0.479817 0.007064 0.046210 
0.462778 0.985567 0.462022 
0.057405 0.007369 0.491768 
0.011877 0.011877 0.011877 0.964370 
0.250000 0.250000 0.250000 0.250000 
 219
0.479817 0.007064 0.046210 
0.462778 0.985567 0.462022 
0.057405 0.007369 0.491768 
0.934776 0.041471 0.011877 0.011877 
0.250000 0.250000 0.250000 0.250000 
 220
0.479817 0.007064 0.046210 
0.462778 0.985567 0.462022 
0.057405 0.007369 0.491768 
0.011877 0.961209 0.015038 0.011877 
0.250000 0.250000 0.250000 0.250000 
 221
0.479817 0.007064 0.046210 
0.462778 0.985567 0.462022 
0.057405 0.007369 0.491768 
0.011877 0.011877 0.956459 0.019788 
0.250000 0.250000 0.250000 0.250000 
 222
0.479817 0.007064 0.046210 
0.462778 0.985567 0.462022 
0.057405 0.007369 0.491768 
0.957563 0.016606 0.011877 0.013954 
0.250000 0.250000 0.250000 0.250000 
 223
0.479817 0.007064 0.046210 
0.462778 0.985567 0.462022 
0.057405 0.007369 0.491768 
0.011877 0.964370 0.011877 0.011877 
0.250000 0.250000 0.250000 0.250000 
 224
0.479817 0.007064 0.046210 
0.462778 0.985567 0.462022 
0.057405 0.007369 0.491768 
0.011877 0.964370 0.011877 0.011877 
0.250000 0.250000 0.250000 0.250000 
 225
0.479817 0.007064 0.046210 
0.462778 0.985567 0.462022 
0.057405 0.007369 0.491768 
0.961555 0.014625 0.011910 0.011910 
0.250000 0.250000 0.250000 0.250000 
 226
0.479817 0.007064 0.046210 
0.462778 0.985567 0.462022 
0.057405 0.007369 0.491768 
0.011877 0.011877 0.011877 0.964370 
0.250000 0.250000 0.250000 0.250000 
 227
0.479817 0.007064 0.046210 
0.462778 0.985567 0.462022 
0.057405 0.007369 0.491768 
0.011877 0.964370 0.011877 0.011877 
0.250000 0.250000 0.250000 0.250000 
 228
0.479817 0.007064 0.046210 
0.462778 0.985567 0.462022 
0.057405 0.007369 0.491768 
0.011877 0.964370 0.011877 0.011877 
0.250000 0.250000 0.250000 0.250000 
 229
0.479817 0.007064 0.046210 
0.462778 0.985567 0.462022 
0.057405 0.007369 0.491768 
0.011877 0.011877 0.964370 0.011877 
0.250000 0.250000 0.250000 0.250000 
 230
0.479817 0.007064 0.046210 
0.462778 0.985567 0.462022 
0.057405 0.007369 0.491768 
0.011877 0.011877 0.011877 0.964370 
0.250000 0.250000 0.250000 0.250000 
 231
0.479817 0.007064 0.046210 
0.462778 0.985567 0.462022 
0.057405 0.007369 0.491768 
0.025318 0.011877 0.950929 0.011877 
0.250000 0.250000 0.250000 0.250000 
 232
0.479817 0.007064 0.046210 
0.462778 0.985567 0.462022 
0.057405 0.007369 0.491768 
0.011877 0.011877 0.964370 0.011877 
0.250000 0.250000 0.250000 0.250000 
 233
0.479817 0.007064 0.046210 
0.462778 0.985567 0.462022 
0.057405 0.007369 0.491768 
0.011877 0.011877 0.011877 0.964370 
0.250000 0.250000 0.250000 0.250000 
 234
0.479817 0.007064 0.046210 
0.462778 0.985567 0.462022 
0.057405 0.007369 0.491768 
0.011877 0.011877 0.937674 0.038573 
0.250000 0.250000 0.250000 0.250000 
 235
0.479817 0.007064 0.046210 
0.462778 0.985567 0.462022 
0.057405 0.007369 0.491768 
