%  SAM: /scicomp/home-pure/vfn4/Tools/label-dev/LABEL_RES/scripts/modelfromalign_Linux v3.5 (July 15, 2005) compiled 12/08/06_16:15:55
%  (c) 1992-2001 Regents of the University of California, Santa Cruz
%
%          Sequence Alignment and Modeling Software System
%         http://www.cse.ucsc.edu/research/compbio/sam.html
%
% ----------------- Citations (SAM, SAM-T2K, HMMs) --------------------
% R. Hughey, A. Krogh, Hidden Markov models for sequence analysis:
%  Extension and analysis of the basic method, CABIOS 12:95-107, 1996.
% K. Karplus, et al., What is the value added by human intervention in protein
%  structure prediction, Proteins: Stucture, Function, Genetics 45(S5):86--91, 2001.
% A. Krogh et al., Hidden Markov models in computational biology:
%  Applications to protein modeling, JMB 235:1501-1531, Feb 1994.
% ---------------------------------------------------------------------
%  2.3.2.1g_hmm   Host: node272.hpc.biotech.cdc.gov    Fri Apr 21 15:28:49 2023
%  vfn4           Dir:  /scicomp/home-pure/vfn4/fluA/H5/c-2321C/qc/reannot_1/taxa/split-test
% ---------------------------------------------------------------------
%  Alignment weights from internal calc.  Total (16.85) Max (0.12) Min (0.05)
%  Weights from alignment method 1 (karplus), b=-1.000000, e=0.500000
MODEL --  Model from alignment file /scicomp/home-pure/vfn4/Tools/label-dev/LABEL_RES/training_data/exp2/2.3.2.1g.fasta
alphabet DNA
FREQAVE
0.000000 0.000000 0.000000 
0.000000 0.000000 0.000000 
0.000000 0.000000 0.000000 
0.353873 0.225988 0.184200 0.235938 
0.353873 0.225988 0.184200 0.235938 
Begin
0.000000 0.000000 0.000000 
0.000000 0.000000 0.000000 
0.000000 0.008085 0.491768 
0.250000 0.250000 0.250000 0.250000 
0.250000 0.250000 0.250000 0.250000 
   1
0.000000 0.334210 0.046210 
0.000000 0.657704 0.462022 
0.015388 0.012004 0.491768 
0.894567 0.035144 0.035144 0.035144 
0.250000 0.250000 0.250000 0.250000 
   2
0.860564 0.011507 0.046210 
0.124048 0.976489 0.462022 
0.015388 0.012004 0.491768 
0.035144 0.035144 0.035144 0.894567 
0.250000 0.250000 0.250000 0.250000 
   3
0.860564 0.011507 0.046210 
0.124048 0.976489 0.462022 
0.015388 0.012004 0.491768 
0.035144 0.894567 0.035144 0.035144 
0.250000 0.250000 0.250000 0.250000 
   4
0.860564 0.011507 0.046210 
0.124048 0.976489 0.462022 
0.015388 0.012004 0.491768 
0.089152 0.840560 0.035144 0.035144 
0.250000 0.250000 0.250000 0.250000 
   5
0.860564 0.011507 0.046210 
0.124048 0.976489 0.462022 
0.015388 0.012004 0.491768 
0.894567 0.035144 0.035144 0.035144 
0.250000 0.250000 0.250000 0.250000 
   6
0.860564 0.011507 0.046210 
0.124048 0.976489 0.462022 
0.015388 0.012004 0.491768 
0.035144 0.894567 0.035144 0.035144 
0.250000 0.250000 0.250000 0.250000 
   7
0.860564 0.011507 0.046210 
0.124048 0.976489 0.462022 
0.015388 0.012004 0.491768 
0.894567 0.035144 0.035144 0.035144 
0.250000 0.250000 0.250000 0.250000 
   8
0.860564 0.011507 0.046210 
0.124048 0.976489 0.462022 
0.015388 0.012004 0.491768 
0.894567 0.035144 0.035144 0.035144 
0.250000 0.250000 0.250000 0.250000 
   9
0.860564 0.011507 0.046210 
0.124048 0.976489 0.462022 
0.015388 0.012004 0.491768 
0.045899 0.883812 0.035144 0.035144 
0.250000 0.250000 0.250000 0.250000 
  10
0.860564 0.011507 0.046210 
0.124048 0.976489 0.462022 
0.015388 0.012004 0.491768 
0.894567 0.035144 0.035144 0.035144 
0.250000 0.250000 0.250000 0.250000 
  11
0.860564 0.011507 0.046210 
0.124048 0.976489 0.462022 
0.015388 0.012004 0.491768 
0.035144 0.035144 0.185384 0.744328 
0.250000 0.250000 0.250000 0.250000 
  12
0.860564 0.011507 0.046210 
0.124048 0.976489 0.462022 
0.015388 0.012004 0.491768 
0.894567 0.035144 0.035144 0.035144 
0.250000 0.250000 0.250000 0.250000 
  13
0.860564 0.011507 0.046210 
0.124048 0.976489 0.462022 
0.015388 0.012004 0.491768 
0.554244 0.365019 0.035144 0.045593 
0.250000 0.250000 0.250000 0.250000 
  14
0.860564 0.011507 0.046210 
0.124048 0.976489 0.462022 
0.015388 0.012004 0.491768 
0.035144 0.035144 0.042960 0.886751 
0.250000 0.250000 0.250000 0.250000 
  15
0.860564 0.011507 0.046210 
0.124048 0.976489 0.462022 
0.015388 0.012004 0.491768 
0.043359 0.045899 0.044404 0.866338 
0.250000 0.250000 0.250000 0.250000 
  16
0.860564 0.011507 0.046210 
0.124048 0.976489 0.462022 
0.015388 0.012004 0.491768 
0.058517 0.035144 0.871195 0.035144 
0.250000 0.250000 0.250000 0.250000 
  17
0.860564 0.011507 0.046210 
0.124048 0.976489 0.462022 
0.015388 0.012004 0.491768 
0.035144 0.035144 0.035144 0.894567 
0.250000 0.250000 0.250000 0.250000 
  18
0.860564 0.011507 0.046210 
0.124048 0.976489 0.462022 
0.015388 0.012004 0.491768 
0.035144 0.035144 0.035144 0.894567 
0.250000 0.250000 0.250000 0.250000 
  19
0.860564 0.011507 0.046210 
0.124048 0.976489 0.462022 
0.015388 0.012004 0.491768 
0.035144 0.035144 0.894567 0.035144 
0.250000 0.250000 0.250000 0.250000 
  20
0.860564 0.011507 0.046210 
0.124048 0.976489 0.462022 
0.015388 0.012004 0.491768 
0.035144 0.035144 0.035144 0.894567 
0.250000 0.250000 0.250000 0.250000 
  21
0.860564 0.011507 0.046210 
0.124048 0.976489 0.462022 
0.015388 0.012004 0.491768 
0.852426 0.035144 0.066530 0.045899 
0.250000 0.250000 0.250000 0.250000 
  22
0.860564 0.011507 0.046210 
0.124048 0.976489 0.462022 
0.015388 0.012004 0.491768 
0.035144 0.035144 0.063260 0.866451 
0.250000 0.250000 0.250000 0.250000 
  23
0.860564 0.011507 0.046210 
0.124048 0.976489 0.462022 
0.015388 0.012004 0.491768 
0.035144 0.035144 0.035144 0.894567 
0.250000 0.250000 0.250000 0.250000 
  24
0.860564 0.011507 0.046210 
0.124048 0.976489 0.462022 
0.015388 0.012004 0.491768 
0.058517 0.057668 0.141772 0.742044 
0.250000 0.250000 0.250000 0.250000 
  25
0.860564 0.011507 0.046210 
0.124048 0.976489 0.462022 
0.015388 0.012004 0.491768 
0.035144 0.894567 0.035144 0.035144 
0.250000 0.250000 0.250000 0.250000 
  26
0.860564 0.011507 0.046210 
0.124048 0.976489 0.462022 
0.015388 0.012004 0.491768 
0.035144 0.035144 0.894567 0.035144 
0.250000 0.250000 0.250000 0.250000 
  27
0.860564 0.011507 0.046210 
0.124048 0.976489 0.462022 
0.015388 0.012004 0.491768 
0.872950 0.046385 0.045521 0.035144 
0.250000 0.250000 0.250000 0.250000 
  28
0.860564 0.011507 0.046210 
0.124048 0.976489 0.462022 
0.015388 0.012004 0.491768 
0.884191 0.045521 0.035144 0.035144 
0.250000 0.250000 0.250000 0.250000 
  29
0.860564 0.011507 0.046210 
0.124048 0.976489 0.462022 
0.015388 0.012004 0.491768 
0.035144 0.035144 0.883812 0.045899 
0.250000 0.250000 0.250000 0.250000 
  30
0.860564 0.011507 0.046210 
0.124048 0.976489 0.462022 
0.015388 0.012004 0.491768 
0.894567 0.035144 0.035144 0.035144 
0.250000 0.250000 0.250000 0.250000 
  31
0.857274 0.011507 0.046210 
0.127338 0.976489 0.462022 
0.015438 0.011978 0.491768 
0.872776 0.045590 0.046727 0.034907 
0.250000 0.250000 0.250000 0.250000 
  32
0.856747 0.011482 0.046210 
0.127815 0.976540 0.462022 
0.015490 0.011952 0.491768 
0.034670 0.034670 0.034670 0.895991 
0.250000 0.250000 0.250000 0.250000 
  33
0.859633 0.011457 0.046210 
0.124877 0.976592 0.462022 
0.015490 0.011952 0.491768 
0.034670 0.034670 0.895991 0.034670 
0.250000 0.250000 0.250000 0.250000 
  34
0.859633 0.011457 0.046210 
0.124877 0.976592 0.462022 
0.015490 0.011952 0.491768 
0.895991 0.034670 0.034670 0.034670 
0.250000 0.250000 0.250000 0.250000 
  35
0.859633 0.011457 0.046210 
0.124877 0.976592 0.462022 
0.015490 0.011952 0.491768 
0.042618 0.888042 0.034670 0.034670 
0.250000 0.250000 0.250000 0.250000 
  36
0.859633 0.011457 0.046210 
0.124877 0.976592 0.462022 
0.015490 0.011952 0.491768 
0.034670 0.034670 0.895991 0.034670 
0.250000 0.250000 0.250000 0.250000 
  37
0.859633 0.011457 0.046210 
0.124877 0.976592 0.462022 
0.015490 0.011952 0.491768 
0.034670 0.034670 0.895991 0.034670 
0.250000 0.250000 0.250000 0.250000 
  38
0.859633 0.011457 0.046210 
0.124877 0.976592 0.462022 
0.015490 0.011952 0.491768 
0.034670 0.034670 0.034670 0.895991 
0.250000 0.250000 0.250000 0.250000 
  39
0.859633 0.011457 0.046210 
0.124877 0.976592 0.462022 
0.015490 0.011952 0.491768 
0.034670 0.034670 0.057735 0.872926 
0.250000 0.250000 0.250000 0.250000 
  40
0.859633 0.011457 0.046210 
0.124877 0.976592 0.462022 
0.015490 0.011952 0.491768 
0.034670 0.895991 0.034670 0.034670 
0.250000 0.250000 0.250000 0.250000 
  41
0.859633 0.011457 0.046210 
0.124877 0.976592 0.462022 
0.015490 0.011952 0.491768 
0.034670 0.034670 0.042089 0.888572 
0.250000 0.250000 0.250000 0.250000 
  42
0.859633 0.011457 0.046210 
0.124877 0.976592 0.462022 
0.015490 0.011952 0.491768 
0.034670 0.034670 0.812622 0.118039 
0.250000 0.250000 0.250000 0.250000 
  43
0.859633 0.011457 0.046210 
0.124877 0.976592 0.462022 
0.015490 0.011952 0.491768 
0.884721 0.045940 0.034670 0.034670 
0.250000 0.250000 0.250000 0.250000 
  44
0.859633 0.011457 0.046210 
0.124877 0.976592 0.462022 
0.015490 0.011952 0.491768 
0.895991 0.034670 0.034670 0.034670 
0.250000 0.250000 0.250000 0.250000 
  45
0.859633 0.011457 0.046210 
0.124877 0.976592 0.462022 
0.015490 0.011952 0.491768 
0.843670 0.086991 0.034670 0.034670 
0.250000 0.250000 0.250000 0.250000 
  46
0.859633 0.011457 0.046210 
0.124877 0.976592 0.462022 
0.015490 0.011952 0.491768 
0.879363 0.051298 0.034670 0.034670 
0.250000 0.250000 0.250000 0.250000 
  47
0.859633 0.011457 0.046210 
0.124877 0.976592 0.462022 
0.015490 0.011952 0.491768 
0.034670 0.895991 0.034670 0.034670 
0.250000 0.250000 0.250000 0.250000 
  48
0.859633 0.011457 0.046210 
0.124877 0.976592 0.462022 
0.015490 0.011952 0.491768 
0.034670 0.034670 0.885381 0.045280 
0.250000 0.250000 0.250000 0.250000 
  49
0.152506 0.011457 0.046210 
0.832003 0.976592 0.462022 
0.052891 0.008169 0.491768 
0.014272 0.957184 0.014272 0.014272 
0.250000 0.250000 0.250000 0.250000 
  50
0.520724 0.007830 0.046210 
0.426385 0.984001 0.462022 
0.052891 0.008169 0.491768 
0.957184 0.014272 0.014272 0.014272 
0.250000 0.250000 0.250000 0.250000 
  51
0.520724 0.007830 0.046210 
0.426385 0.984001 0.462022 
0.052891 0.008169 0.491768 
0.014272 0.014272 0.020627 0.950829 
0.250000 0.250000 0.250000 0.250000 
  52
0.520724 0.007830 0.046210 
0.426385 0.984001 0.462022 
0.052891 0.008169 0.491768 
0.014272 0.017235 0.954221 0.014272 
0.250000 0.250000 0.250000 0.250000 
  53
0.520724 0.007830 0.046210 
0.426385 0.984001 0.462022 
0.052891 0.008169 0.491768 
0.957184 0.014272 0.014272 0.014272 
0.250000 0.250000 0.250000 0.250000 
  54
0.520724 0.007830 0.046210 
0.426385 0.984001 0.462022 
0.052891 0.008169 0.491768 
0.017829 0.043662 0.017176 0.921334 
0.250000 0.250000 0.250000 0.250000 
  55
0.520724 0.007830 0.046210 
0.426385 0.984001 0.462022 
0.052891 0.008169 0.491768 
0.953999 0.017457 0.014272 0.014272 
0.250000 0.250000 0.250000 0.250000 
  56
0.520724 0.007830 0.046210 
0.426385 0.984001 0.462022 
0.052891 0.008169 0.491768 
0.014272 0.014272 0.014272 0.957184 
0.250000 0.250000 0.250000 0.250000 
  57
0.520724 0.007830 0.046210 
0.426385 0.984001 0.462022 
0.052891 0.008169 0.491768 
0.014272 0.014272 0.014272 0.957184 
0.250000 0.250000 0.250000 0.250000 
  58
0.520724 0.007830 0.046210 
0.426385 0.984001 0.462022 
0.052891 0.008169 0.491768 
0.014272 0.014272 0.014272 0.957184 
0.250000 0.250000 0.250000 0.250000 
  59
0.520724 0.007830 0.046210 
0.426385 0.984001 0.462022 
0.052891 0.008169 0.491768 
0.014272 0.957184 0.014272 0.014272 
0.250000 0.250000 0.250000 0.250000 
  60
0.520724 0.007830 0.046210 
0.426385 0.984001 0.462022 
0.052891 0.008169 0.491768 
0.014272 0.014272 0.952544 0.018911 
0.250000 0.250000 0.250000 0.250000 
  61
0.520724 0.007830 0.046210 
0.426385 0.984001 0.462022 
0.052891 0.008169 0.491768 
0.957184 0.014272 0.014272 0.014272 
0.250000 0.250000 0.250000 0.250000 
  62
0.520724 0.007830 0.046210 
0.426385 0.984001 0.462022 
0.052891 0.008169 0.491768 
0.014272 0.014272 0.014272 0.957184 
0.250000 0.250000 0.250000 0.250000 
  63
0.520724 0.007830 0.046210 
0.426385 0.984001 0.462022 
0.052891 0.008169 0.491768 
0.929480 0.014272 0.014272 0.041976 
0.250000 0.250000 0.250000 0.250000 
  64
0.502268 0.007830 0.046210 
0.444841 0.984001 0.462022 
0.053885 0.008149 0.491768 
0.014208 0.957375 0.014208 0.014208 
0.250000 0.250000 0.250000 0.250000 
  65
0.511712 0.007811 0.046210 
0.434403 0.984040 0.462022 
0.053885 0.008149 0.491768 
0.014208 0.957375 0.014208 0.014208 
0.250000 0.250000 0.250000 0.250000 
  66
0.511712 0.007811 0.046210 
0.434403 0.984040 0.462022 
0.053885 0.008149 0.491768 
0.014208 0.018343 0.014208 0.953240 
0.250000 0.250000 0.250000 0.250000 
  67
0.511712 0.007811 0.046210 
0.434403 0.984040 0.462022 
0.053885 0.008149 0.491768 
0.014208 0.014208 0.014208 0.957375 
0.250000 0.250000 0.250000 0.250000 
  68
0.511712 0.007811 0.046210 
0.434403 0.984040 0.462022 
0.053885 0.008149 0.491768 
0.957375 0.014208 0.014208 0.014208 
0.250000 0.250000 0.250000 0.250000 
  69
0.511712 0.007811 0.046210 
0.434403 0.984040 0.462022 
0.053885 0.008149 0.491768 
0.014208 0.014208 0.159980 0.811604 
0.250000 0.250000 0.250000 0.250000 
  70
0.511712 0.007811 0.046210 
0.434403 0.984040 0.462022 
0.053885 0.008149 0.491768 
0.014208 0.014208 0.957375 0.014208 
0.250000 0.250000 0.250000 0.250000 
  71
0.511712 0.007811 0.046210 
0.434403 0.984040 0.462022 
0.053885 0.008149 0.491768 
0.957375 0.014208 0.014208 0.014208 
0.250000 0.250000 0.250000 0.250000 
  72
0.511712 0.007811 0.046210 
0.434403 0.984040 0.462022 
0.053885 0.008149 0.491768 
0.014208 0.014208 0.014208 0.957375 
0.250000 0.250000 0.250000 0.250000 
  73
0.511712 0.007811 0.046210 
0.434403 0.984040 0.462022 
0.053885 0.008149 0.491768 
0.014208 0.957375 0.014208 0.014208 
0.250000 0.250000 0.250000 0.250000 
  74
0.495449 0.007811 0.046210 
0.450666 0.984040 0.462022 
0.054776 0.008132 0.491768 
0.014153 0.014153 0.957540 0.014153 
0.250000 0.250000 0.250000 0.250000 
  75
0.503640 0.007795 0.046210 
0.441584 0.984073 0.462022 
0.054776 0.008132 0.491768 
0.953944 0.017750 0.014153 0.014153 
0.250000 0.250000 0.250000 0.250000 
  76
0.503640 0.007795 0.046210 
0.441584 0.984073 0.462022 
0.054776 0.008132 0.491768 
0.957540 0.014153 0.014153 0.014153 
0.250000 0.250000 0.250000 0.250000 
  77
0.503640 0.007795 0.046210 
0.441584 0.984073 0.462022 
0.054776 0.008132 0.491768 
0.957540 0.014153 0.014153 0.014153 
0.250000 0.250000 0.250000 0.250000 
  78
0.503640 0.007795 0.046210 
0.441584 0.984073 0.462022 
0.054776 0.008132 0.491768 
0.014153 0.014153 0.151755 0.819938 
0.250000 0.250000 0.250000 0.250000 
  79
0.503640 0.007795 0.046210 
0.441584 0.984073 0.462022 
0.054776 0.008132 0.491768 
0.953644 0.014153 0.014153 0.018049 
0.250000 0.250000 0.250000 0.250000 
  80
0.503640 0.007795 0.046210 
0.441584 0.984073 0.462022 
0.054776 0.008132 0.491768 
0.957540 0.014153 0.014153 0.014153 
0.250000 0.250000 0.250000 0.250000 
  81
0.503640 0.007795 0.046210 
0.441584 0.984073 0.462022 
0.054776 0.008132 0.491768 
0.014153 0.014153 0.923380 0.048313 
0.250000 0.250000 0.250000 0.250000 
  82
0.503640 0.007795 0.046210 
0.441584 0.984073 0.462022 
0.054776 0.008132 0.491768 
0.014153 0.014153 0.014153 0.957540 
0.250000 0.250000 0.250000 0.250000 
  83
0.503640 0.007795 0.046210 
0.441584 0.984073 0.462022 
0.054776 0.008132 0.491768 
0.014153 0.014153 0.957540 0.014153 
0.250000 0.250000 0.250000 0.250000 
  84
0.503640 0.007795 0.046210 
0.441584 0.984073 0.462022 
0.054776 0.008132 0.491768 
0.064749 0.899858 0.014153 0.021240 
0.250000 0.250000 0.250000 0.250000 
  85
0.503640 0.007795 0.046210 
0.441584 0.984073 0.462022 
0.054776 0.008132 0.491768 
0.953812 0.014153 0.014153 0.017881 
0.250000 0.250000 0.250000 0.250000 
  86
0.503640 0.007795 0.046210 
0.441584 0.984073 0.462022 
0.054776 0.008132 0.491768 
0.014153 0.014153 0.957540 0.014153 
0.250000 0.250000 0.250000 0.250000 
  87
0.503640 0.007795 0.046210 
0.441584 0.984073 0.462022 
0.054776 0.008132 0.491768 
0.948614 0.023079 0.014153 0.014153 
0.250000 0.250000 0.250000 0.250000 
  88
0.481276 0.007795 0.046210 
0.463948 0.984073 0.462022 
0.056029 0.008109 0.491768 
0.017649 0.954191 0.014080 0.014080 
0.250000 0.250000 0.250000 0.250000 
  89
0.492285 0.007773 0.046210 
0.451685 0.984118 0.462022 
0.056029 0.008109 0.491768 
0.957760 0.014080 0.014080 0.014080 
0.250000 0.250000 0.250000 0.250000 
  90
0.492285 0.007773 0.046210 
0.451685 0.984118 0.462022 
0.056029 0.008109 0.491768 
0.082589 0.889251 0.014080 0.014080 
0.250000 0.250000 0.250000 0.250000 
  91
0.492285 0.007773 0.046210 
0.451685 0.984118 0.462022 
0.056029 0.008109 0.491768 
0.017657 0.014080 0.954183 0.014080 
0.250000 0.250000 0.250000 0.250000 
  92
0.492285 0.007773 0.046210 
0.451685 0.984118 0.462022 
0.056029 0.008109 0.491768 
0.951253 0.017227 0.017440 0.014080 
0.250000 0.250000 0.250000 0.250000 
  93
0.492285 0.007773 0.046210 
0.451685 0.984118 0.462022 
0.056029 0.008109 0.491768 
0.052183 0.919657 0.014080 0.014080 
0.250000 0.250000 0.250000 0.250000 
  94
0.492285 0.007773 0.046210 
0.451685 0.984118 0.462022 
0.056029 0.008109 0.491768 
0.014080 0.957760 0.014080 0.014080 
0.250000 0.250000 0.250000 0.250000 
  95
0.492285 0.007773 0.046210 
0.451685 0.984118 0.462022 
0.056029 0.008109 0.491768 
0.014080 0.014080 0.020133 0.951707 
0.250000 0.250000 0.250000 0.250000 
  96
0.492285 0.007773 0.046210 
0.451685 0.984118 0.462022 
0.056029 0.008109 0.491768 
0.014080 0.014080 0.080220 0.891620 
0.250000 0.250000 0.250000 0.250000 
  97
0.492285 0.007773 0.046210 
0.451685 0.984118 0.462022 
0.056029 0.008109 0.491768 
0.014080 0.957760 0.014080 0.014080 
0.250000 0.250000 0.250000 0.250000 
  98
0.492285 0.007773 0.046210 
0.451685 0.984118 0.462022 
0.056029 0.008109 0.491768 
0.957760 0.014080 0.014080 0.014080 
0.250000 0.250000 0.250000 0.250000 
  99
0.492285 0.007773 0.046210 
0.451685 0.984118 0.462022 
0.056029 0.008109 0.491768 
0.014080 0.014080 0.950280 0.021560 
0.250000 0.250000 0.250000 0.250000 
 100
0.492285 0.007773 0.046210 
0.451685 0.984118 0.462022 
0.056029 0.008109 0.491768 
0.957760 0.014080 0.014080 0.014080 
0.250000 0.250000 0.250000 0.250000 
 101
0.492285 0.007773 0.046210 
0.451685 0.984118 0.462022 
0.056029 0.008109 0.491768 
0.014080 0.014080 0.948857 0.022983 
0.250000 0.250000 0.250000 0.250000 
 102
0.492285 0.007773 0.046210 
0.451685 0.984118 0.462022 
0.056029 0.008109 0.491768 
0.954909 0.016931 0.014080 0.014080 
0.250000 0.250000 0.250000 0.250000 
 103
0.492285 0.007773 0.046210 
0.451685 0.984118 0.462022 
0.056029 0.008109 0.491768 
0.957760 0.014080 0.014080 0.014080 
0.250000 0.250000 0.250000 0.250000 
 104
0.492285 0.007773 0.046210 
0.451685 0.984118 0.462022 
0.056029 0.008109 0.491768 
0.014080 0.014080 0.014080 0.957760 
0.250000 0.250000 0.250000 0.250000 
 105
0.492285 0.007773 0.046210 
0.451685 0.984118 0.462022 
0.056029 0.008109 0.491768 
0.945672 0.014080 0.026168 0.014080 
0.250000 0.250000 0.250000 0.250000 
 106
0.492285 0.007773 0.046210 
0.451685 0.984118 0.462022 
0.056029 0.008109 0.491768 
0.957760 0.014080 0.014080 0.014080 
0.250000 0.250000 0.250000 0.250000 
 107
0.492285 0.007773 0.046210 
0.451685 0.984118 0.462022 
0.056029 0.008109 0.491768 
0.014080 0.014080 0.014080 0.957760 
0.250000 0.250000 0.250000 0.250000 
 108
0.492285 0.007773 0.046210 
0.451685 0.984118 0.462022 
0.056029 0.008109 0.491768 
0.014080 0.954463 0.014080 0.017377 
0.250000 0.250000 0.250000 0.250000 
 109
0.492285 0.007773 0.046210 
0.451685 0.984118 0.462022 
0.056029 0.008109 0.491768 
0.014080 0.957760 0.014080 0.014080 
0.250000 0.250000 0.250000 0.250000 
 110
0.492285 0.007773 0.046210 
0.451685 0.984118 0.462022 
0.056029 0.008109 0.491768 
0.957760 0.014080 0.014080 0.014080 
0.250000 0.250000 0.250000 0.250000 
 111
0.492285 0.007773 0.046210 
0.451685 0.984118 0.462022 
0.056029 0.008109 0.491768 
0.957760 0.014080 0.014080 0.014080 
0.250000 0.250000 0.250000 0.250000 
 112
0.492285 0.007773 0.046210 
0.451685 0.984118 0.462022 
0.056029 0.008109 0.491768 
0.957760 0.014080 0.014080 0.014080 
0.250000 0.250000 0.250000 0.250000 
 113
0.492285 0.007773 0.046210 
0.451685 0.984118 0.462022 
0.056029 0.008109 0.491768 
0.957760 0.014080 0.014080 0.014080 
0.250000 0.250000 0.250000 0.250000 
 114
0.492285 0.007773 0.046210 
0.451685 0.984118 0.462022 
0.056029 0.008109 0.491768 
0.249745 0.722095 0.014080 0.014080 
0.250000 0.250000 0.250000 0.250000 
 115
0.492285 0.007773 0.046210 
0.451685 0.984118 0.462022 
0.056029 0.008109 0.491768 
0.953651 0.018189 0.014080 0.014080 
0.250000 0.250000 0.250000 0.250000 
 116
0.492285 0.007773 0.046210 
0.451685 0.984118 0.462022 
0.056029 0.008109 0.491768 
0.957760 0.014080 0.014080 0.014080 
0.250000 0.250000 0.250000 0.250000 
 117
0.492285 0.007773 0.046210 
0.451685 0.984118 0.462022 
0.056029 0.008109 0.491768 
0.014080 0.014080 0.919520 0.052320 
0.250000 0.250000 0.250000 0.250000 
 118
0.492285 0.007773 0.046210 
0.451685 0.984118 0.462022 
0.056029 0.008109 0.491768 
0.014080 0.957760 0.014080 0.014080 
0.250000 0.250000 0.250000 0.250000 
 119
0.492285 0.007773 0.046210 
0.451685 0.984118 0.462022 
0.056029 0.008109 0.491768 
0.014080 0.014080 0.014080 0.957760 
0.250000 0.250000 0.250000 0.250000 
 120
0.492285 0.007773 0.046210 
0.451685 0.984118 0.462022 
0.056029 0.008109 0.491768 
0.014080 0.014080 0.018107 0.953733 
0.250000 0.250000 0.250000 0.250000 
 121
0.492285 0.007773 0.046210 
0.451685 0.984118 0.462022 
0.056029 0.008109 0.491768 
0.957760 0.014080 0.014080 0.014080 
0.250000 0.250000 0.250000 0.250000 
 122
0.492285 0.007773 0.046210 
0.451685 0.984118 0.462022 
0.056029 0.008109 0.491768 
0.014080 0.014080 0.957760 0.014080 
0.250000 0.250000 0.250000 0.250000 
 123
0.492285 0.007773 0.046210 
0.451685 0.984118 0.462022 
0.056029 0.008109 0.491768 
0.029389 0.014080 0.014080 0.942452 
0.250000 0.250000 0.250000 0.250000 
 124
0.480774 0.007773 0.046210 
0.463197 0.984118 0.462022 
0.056682 0.008098 0.491768 
0.014043 0.957870 0.014043 0.014043 
0.250000 0.250000 0.250000 0.250000 
 125
0.486373 0.007762 0.046210 
0.456946 0.984140 0.462022 
0.056682 0.008098 0.491768 
0.014043 0.014043 0.014043 0.957870 
0.250000 0.250000 0.250000 0.250000 
 126
0.486373 0.007762 0.046210 
0.456946 0.984140 0.462022 
0.056682 0.008098 0.491768 
0.014043 0.014043 0.025088 0.946826 
0.250000 0.250000 0.250000 0.250000 
 127
0.486373 0.007762 0.046210 
0.456946 0.984140 0.462022 
0.056682 0.008098 0.491768 
0.953358 0.018555 0.014043 0.014043 
0.250000 0.250000 0.250000 0.250000 
 128
0.486373 0.007762 0.046210 
0.456946 0.984140 0.462022 
0.056682 0.008098 0.491768 
0.014043 0.014043 0.957870 0.014043 
0.250000 0.250000 0.250000 0.250000 
 129
0.486373 0.007762 0.046210 
0.456946 0.984140 0.462022 
0.056682 0.008098 0.491768 
0.957870 0.014043 0.014043 0.014043 
0.250000 0.250000 0.250000 0.250000 
 130
0.486373 0.007762 0.046210 
0.456946 0.984140 0.462022 
0.056682 0.008098 0.491768 
0.014043 0.014043 0.957870 0.014043 
0.250000 0.250000 0.250000 0.250000 
 131
0.486373 0.007762 0.046210 
0.456946 0.984140 0.462022 
0.056682 0.008098 0.491768 
0.957870 0.014043 0.014043 0.014043 
0.250000 0.250000 0.250000 0.250000 
 132
0.486373 0.007762 0.046210 
0.456946 0.984140 0.462022 
0.056682 0.008098 0.491768 
0.014043 0.014043 0.017380 0.954534 
0.250000 0.250000 0.250000 0.250000 
 133
0.486373 0.007762 0.046210 
0.456946 0.984140 0.462022 
0.056682 0.008098 0.491768 
0.014043 0.957870 0.014043 0.014043 
0.250000 0.250000 0.250000 0.250000 
 134
0.486373 0.007762 0.046210 
0.456946 0.984140 0.462022 
0.056682 0.008098 0.491768 
0.014043 0.014043 0.957870 0.014043 
0.250000 0.250000 0.250000 0.250000 
 135
0.486373 0.007762 0.046210 
0.456946 0.984140 0.462022 
0.056682 0.008098 0.491768 
0.037637 0.014043 0.930449 0.017871 
0.250000 0.250000 0.250000 0.250000 
 136
0.486373 0.007762 0.046210 
0.456946 0.984140 0.462022 
0.056682 0.008098 0.491768 
0.054757 0.014043 0.917156 0.014043 
0.250000 0.250000 0.250000 0.250000 
 137
0.486373 0.007762 0.046210 
0.456946 0.984140 0.462022 
0.056682 0.008098 0.491768 
0.954379 0.014043 0.017534 0.014043 
0.250000 0.250000 0.250000 0.250000 
 138
0.486373 0.007762 0.046210 
0.456946 0.984140 0.462022 
0.056682 0.008098 0.491768 
0.957870 0.014043 0.014043 0.014043 
0.250000 0.250000 0.250000 0.250000 
 139
0.486373 0.007762 0.046210 
0.456946 0.984140 0.462022 
0.056682 0.008098 0.491768 
0.014043 0.957870 0.014043 0.014043 
0.250000 0.250000 0.250000 0.250000 
 140
0.486373 0.007762 0.046210 
0.456946 0.984140 0.462022 
0.056682 0.008098 0.491768 
0.957870 0.014043 0.014043 0.014043 
0.250000 0.250000 0.250000 0.250000 
 141
0.486373 0.007762 0.046210 
0.456946 0.984140 0.462022 
0.056682 0.008098 0.491768 
0.014043 0.014043 0.953263 0.018651 
0.250000 0.250000 0.250000 0.250000 
 142
0.486373 0.007762 0.046210 
0.456946 0.984140 0.462022 
0.056682 0.008098 0.491768 
0.957870 0.014043 0.014043 0.014043 
0.250000 0.250000 0.250000 0.250000 
 143
0.486373 0.007762 0.046210 
0.456946 0.984140 0.462022 
0.056682 0.008098 0.491768 
0.014043 0.014043 0.014043 0.957870 
0.250000 0.250000 0.250000 0.250000 
 144
0.486373 0.007762 0.046210 
0.456946 0.984140 0.462022 
0.056682 0.008098 0.491768 
0.954654 0.014043 0.014043 0.017260 
0.250000 0.250000 0.250000 0.250000 
 145
0.486373 0.007762 0.046210 
0.456946 0.984140 0.462022 
0.056682 0.008098 0.491768 
0.019745 0.014043 0.949031 0.017181 
0.250000 0.250000 0.250000 0.250000 
 146
0.486373 0.007762 0.046210 
0.456946 0.984140 0.462022 
0.056682 0.008098 0.491768 
0.014043 0.014043 0.014043 0.957870 
0.250000 0.250000 0.250000 0.250000 
 147
0.486373 0.007762 0.046210 
0.456946 0.984140 0.462022 
0.056682 0.008098 0.491768 
0.031365 0.940549 0.014043 0.014043 
0.250000 0.250000 0.250000 0.250000 
 148
0.486373 0.007762 0.046210 
0.456946 0.984140 0.462022 
0.056682 0.008098 0.491768 
0.014043 0.957870 0.014043 0.014043 
0.250000 0.250000 0.250000 0.250000 
 149
0.486373 0.007762 0.046210 
0.456946 0.984140 0.462022 
0.056682 0.008098 0.491768 
0.957870 0.014043 0.014043 0.014043 
0.250000 0.250000 0.250000 0.250000 
 150
0.486373 0.007762 0.046210 
0.456946 0.984140 0.462022 
0.056682 0.008098 0.491768 
0.944963 0.026951 0.014043 0.014043 
0.250000 0.250000 0.250000 0.250000 
 151
0.486373 0.007762 0.046210 
0.456946 0.984140 0.462022 
0.056682 0.008098 0.491768 
0.957870 0.014043 0.014043 0.014043 
0.250000 0.250000 0.250000 0.250000 
 152
0.486373 0.007762 0.046210 
0.456946 0.984140 0.462022 
0.056682 0.008098 0.491768 
0.925306 0.046608 0.014043 0.014043 
0.250000 0.250000 0.250000 0.250000 
 153
0.486373 0.007762 0.046210 
0.456946 0.984140 0.462022 
0.056682 0.008098 0.491768 
0.033423 0.938490 0.014043 0.014043 
0.250000 0.250000 0.250000 0.250000 
 154
0.486373 0.007762 0.046210 
0.456946 0.984140 0.462022 
0.056682 0.008098 0.491768 
0.944961 0.026952 0.014043 0.014043 
0.250000 0.250000 0.250000 0.250000 
 155
0.486373 0.007762 0.046210 
0.456946 0.984140 0.462022 
0.056682 0.008098 0.491768 
0.014043 0.014043 0.957870 0.014043 
0.250000 0.250000 0.250000 0.250000 
 156
0.486373 0.007762 0.046210 
0.456946 0.984140 0.462022 
0.056682 0.008098 0.491768 
0.948918 0.017353 0.019686 0.014043 
0.250000 0.250000 0.250000 0.250000 
 157
0.486373 0.007762 0.046210 
0.456946 0.984140 0.462022 
0.056682 0.008098 0.491768 
0.014043 0.014043 0.957870 0.014043 
0.250000 0.250000 0.250000 0.250000 
 158
0.486373 0.007762 0.046210 
0.456946 0.984140 0.462022 
0.056682 0.008098 0.491768 
0.957870 0.014043 0.014043 0.014043 
0.250000 0.250000 0.250000 0.250000 
 159
0.486373 0.007762 0.046210 
0.456946 0.984140 0.462022 
0.056682 0.008098 0.491768 
0.014043 0.014043 0.957870 0.014043 
0.250000 0.250000 0.250000 0.250000 
 160
0.486373 0.007762 0.046210 
0.456946 0.984140 0.462022 
0.056682 0.008098 0.491768 
0.957870 0.014043 0.014043 0.014043 
0.250000 0.250000 0.250000 0.250000 
 161
0.486373 0.007762 0.046210 
0.456946 0.984140 0.462022 
0.056682 0.008098 0.491768 
0.957870 0.014043 0.014043 0.014043 
0.250000 0.250000 0.250000 0.250000 
 162
0.486373 0.007762 0.046210 
0.456946 0.984140 0.462022 
0.056682 0.008098 0.491768 
0.014043 0.014043 0.925226 0.046688 
0.250000 0.250000 0.250000 0.250000 
 163
0.486373 0.007762 0.046210 
0.456946 0.984140 0.462022 
0.056682 0.008098 0.491768 
0.014043 0.957870 0.014043 0.014043 
0.250000 0.250000 0.250000 0.250000 
 164
0.473770 0.007762 0.046210 
0.469548 0.984140 0.462022 
0.057405 0.008085 0.491768 
0.014004 0.957989 0.014004 0.014004 
0.250000 0.250000 0.250000 0.250000 
 165
0.479817 0.007750 0.046210 
0.462778 0.984164 0.462022 
0.057405 0.008085 0.491768 
0.035505 0.936488 0.014004 0.014004 
0.250000 0.250000 0.250000 0.250000 
 166
0.479817 0.007750 0.046210 
0.462778 0.984164 0.462022 
0.057405 0.008085 0.491768 
0.957989 0.014004 0.014004 0.014004 
0.250000 0.250000 0.250000 0.250000 
 167
0.479817 0.007750 0.046210 
0.462778 0.984164 0.462022 
0.057405 0.008085 0.491768 
0.957989 0.014004 0.014004 0.014004 
0.250000 0.250000 0.250000 0.250000 
 168
0.479817 0.007750 0.046210 
0.462778 0.984164 0.462022 
0.057405 0.008085 0.491768 
0.237332 0.734661 0.014004 0.014004 
0.250000 0.250000 0.250000 0.250000 
 169
0.479817 0.007750 0.046210 
0.462778 0.984164 0.462022 
0.057405 0.008085 0.491768 
0.014004 0.014004 0.957989 0.014004 
0.250000 0.250000 0.250000 0.250000 
 170
0.479817 0.007750 0.046210 
0.462778 0.984164 0.462022 
0.057405 0.008085 0.491768 
0.014004 0.014004 0.014004 0.957989 
0.250000 0.250000 0.250000 0.250000 
 171
0.479817 0.007750 0.046210 
0.462778 0.984164 0.462022 
0.057405 0.008085 0.491768 
0.038143 0.014004 0.933850 0.014004 
0.250000 0.250000 0.250000 0.250000 
 172
0.479817 0.007750 0.046210 
0.462778 0.984164 0.462022 
0.057405 0.008085 0.491768 
0.014004 0.014004 0.014004 0.957989 
0.250000 0.250000 0.250000 0.250000 
 173
0.479817 0.007750 0.046210 
0.462778 0.984164 0.462022 
0.057405 0.008085 0.491768 
0.014004 0.957989 0.014004 0.014004 
0.250000 0.250000 0.250000 0.250000 
 174
0.479817 0.007750 0.046210 
0.462778 0.984164 0.462022 
0.057405 0.008085 0.491768 
0.014004 0.014004 0.944726 0.027266 
0.250000 0.250000 0.250000 0.250000 
 175
0.479817 0.007750 0.046210 
0.462778 0.984164 0.462022 
0.057405 0.008085 0.491768 
0.018921 0.953072 0.014004 0.014004 
0.250000 0.250000 0.250000 0.250000 
 176
0.479817 0.007750 0.046210 
0.462778 0.984164 0.462022 
0.057405 0.008085 0.491768 
0.957989 0.014004 0.014004 0.014004 
0.250000 0.250000 0.250000 0.250000 
 177
0.479817 0.007750 0.046210 
0.462778 0.984164 0.462022 
0.057405 0.008085 0.491768 
0.014004 0.014004 0.019167 0.952826 
0.250000 0.250000 0.250000 0.250000 
 178
0.479817 0.007750 0.046210 
0.462778 0.984164 0.462022 
0.057405 0.008085 0.491768 
0.014004 0.014004 0.898360 0.073633 
0.250000 0.250000 0.250000 0.250000 
 179
0.479817 0.007750 0.046210 
0.462778 0.984164 0.462022 
0.057405 0.008085 0.491768 
0.014004 0.014004 0.014004 0.957989 
0.250000 0.250000 0.250000 0.250000 
 180
0.479817 0.007750 0.046210 
0.462778 0.984164 0.462022 
0.057405 0.008085 0.491768 
0.932969 0.039024 0.014004 0.014004 
0.250000 0.250000 0.250000 0.250000 
 181
0.479817 0.007750 0.046210 
0.462778 0.984164 0.462022 
0.057405 0.008085 0.491768 
0.945966 0.026027 0.014004 0.014004 
0.250000 0.250000 0.250000 0.250000 
 182
0.479817 0.007750 0.046210 
0.462778 0.984164 0.462022 
0.057405 0.008085 0.491768 
0.957989 0.014004 0.014004 0.014004 
0.250000 0.250000 0.250000 0.250000 
 183
0.479817 0.007750 0.046210 
0.462778 0.984164 0.462022 
0.057405 0.008085 0.491768 
0.014004 0.023796 0.017199 0.945001 
0.250000 0.250000 0.250000 0.250000 
 184
0.479817 0.007750 0.046210 
0.462778 0.984164 0.462022 
0.057405 0.008085 0.491768 
0.014004 0.957989 0.014004 0.014004 
0.250000 0.250000 0.250000 0.250000 
 185
0.479817 0.007750 0.046210 
0.462778 0.984164 0.462022 
0.057405 0.008085 0.491768 
0.014004 0.957989 0.014004 0.014004 
0.250000 0.250000 0.250000 0.250000 
 186
0.479817 0.007750 0.046210 
0.462778 0.984164 0.462022 
0.057405 0.008085 0.491768 
0.957989 0.014004 0.014004 0.014004 
0.250000 0.250000 0.250000 0.250000 
 187
0.479817 0.007750 0.046210 
0.462778 0.984164 0.462022 
0.057405 0.008085 0.491768 
0.014004 0.957989 0.014004 0.014004 
0.250000 0.250000 0.250000 0.250000 
 188
0.479817 0.007750 0.046210 
0.462778 0.984164 0.462022 
0.057405 0.008085 0.491768 
0.014004 0.014004 0.014004 0.957989 
0.250000 0.250000 0.250000 0.250000 
 189
0.479817 0.007750 0.046210 
0.462778 0.984164 0.462022 
0.057405 0.008085 0.491768 
0.033658 0.935372 0.014004 0.016967 
0.250000 0.250000 0.250000 0.250000 
 190
0.479817 0.007750 0.046210 
0.462778 0.984164 0.462022 
0.057405 0.008085 0.491768 
0.957989 0.014004 0.014004 0.014004 
0.250000 0.250000 0.250000 0.250000 
 191
0.479817 0.007750 0.046210 
0.462778 0.984164 0.462022 
0.057405 0.008085 0.491768 
0.957989 0.014004 0.014004 0.014004 
0.250000 0.250000 0.250000 0.250000 
 192
0.479817 0.007750 0.046210 
0.462778 0.984164 0.462022 
0.057405 0.008085 0.491768 
0.017554 0.954439 0.014004 0.014004 
0.250000 0.250000 0.250000 0.250000 
 193
0.479817 0.007750 0.046210 
0.462778 0.984164 0.462022 
0.057405 0.008085 0.491768 
0.014004 0.014004 0.957989 0.014004 
0.250000 0.250000 0.250000 0.250000 
 194
0.479817 0.007750 0.046210 
0.462778 0.984164 0.462022 
0.057405 0.008085 0.491768 
0.014004 0.014004 0.957989 0.014004 
0.250000 0.250000 0.250000 0.250000 
 195
0.479817 0.007750 0.046210 
0.462778 0.984164 0.462022 
0.057405 0.008085 0.491768 
0.017445 0.014004 0.018556 0.949995 
0.250000 0.250000 0.250000 0.250000 
 196
0.479817 0.007750 0.046210 
0.462778 0.984164 0.462022 
0.057405 0.008085 0.491768 
0.014004 0.014004 0.957989 0.014004 
0.250000 0.250000 0.250000 0.250000 
 197
0.479817 0.007750 0.046210 
0.462778 0.984164 0.462022 
0.057405 0.008085 0.491768 
0.014004 0.014004 0.014004 0.957989 
0.250000 0.250000 0.250000 0.250000 
 198
0.479817 0.007750 0.046210 
0.462778 0.984164 0.462022 
0.057405 0.008085 0.491768 
0.029516 0.937708 0.014004 0.018772 
0.250000 0.250000 0.250000 0.250000 
 199
0.479817 0.007750 0.046210 
0.462778 0.984164 0.462022 
0.057405 0.008085 0.491768 
0.957989 0.014004 0.014004 0.014004 
0.250000 0.250000 0.250000 0.250000 
 200
0.479817 0.007750 0.046210 
0.462778 0.984164 0.462022 
0.057405 0.008085 0.491768 
0.014004 0.014004 0.014004 0.957989 
0.250000 0.250000 0.250000 0.250000 
 201
0.479817 0.007750 0.046210 
0.462778 0.984164 0.462022 
0.057405 0.008085 0.491768 
0.014004 0.014004 0.019738 0.952255 
0.250000 0.250000 0.250000 0.250000 
 202
0.479817 0.007750 0.046210 
0.462778 0.984164 0.462022 
0.057405 0.008085 0.491768 
0.014004 0.014004 0.017291 0.954701 
0.250000 0.250000 0.250000 0.250000 
 203
0.479817 0.007750 0.046210 
0.462778 0.984164 0.462022 
0.057405 0.008085 0.491768 
0.014004 0.014004 0.014004 0.957989 
0.250000 0.250000 0.250000 0.250000 
 204
0.479817 0.007750 0.046210 
0.462778 0.984164 0.462022 
0.057405 0.008085 0.491768 
0.730411 0.241582 0.014004 0.014004 
0.250000 0.250000 0.250000 0.250000 
 205
0.479817 0.007750 0.046210 
0.462778 0.984164 0.462022 
0.057405 0.008085 0.491768 
0.957989 0.014004 0.014004 0.014004 
0.250000 0.250000 0.250000 0.250000 
 206
0.479817 0.007750 0.046210 
0.462778 0.984164 0.462022 
0.057405 0.008085 0.491768 
0.953576 0.018416 0.014004 0.014004 
0.250000 0.250000 0.250000 0.250000 
 207
0.479817 0.007750 0.046210 
0.462778 0.984164 0.462022 
0.057405 0.008085 0.491768 
0.586609 0.385383 0.014004 0.014004 
0.250000 0.250000 0.250000 0.250000 
 208
0.479817 0.007750 0.046210 
0.462778 0.984164 0.462022 
0.057405 0.008085 0.491768 
0.024403 0.947589 0.014004 0.014004 
0.250000 0.250000 0.250000 0.250000 
 209
0.479817 0.007750 0.046210 
0.462778 0.984164 0.462022 
0.057405 0.008085 0.491768 
0.957989 0.014004 0.014004 0.014004 
0.250000 0.250000 0.250000 0.250000 
 210
0.479817 0.007750 0.046210 
0.462778 0.984164 0.462022 
0.057405 0.008085 0.491768 
0.014004 0.014004 0.018091 0.953902 
0.250000 0.250000 0.250000 0.250000 
 211
0.479817 0.007750 0.046210 
0.462778 0.984164 0.462022 
0.057405 0.008085 0.491768 
0.014004 0.014004 0.014004 0.957989 
0.250000 0.250000 0.250000 0.250000 
 212
0.479817 0.007750 0.046210 
0.462778 0.984164 0.462022 
0.057405 0.008085 0.491768 
0.014004 0.957989 0.014004 0.014004 
0.250000 0.250000 0.250000 0.250000 
 213
0.479817 0.007750 0.046210 
0.462778 0.984164 0.462022 
0.057405 0.008085 0.491768 
0.014004 0.014004 0.023277 0.948715 
0.250000 0.250000 0.250000 0.250000 
 214
0.479817 0.007750 0.046210 
0.462778 0.984164 0.462022 
0.057405 0.008085 0.491768 
0.951968 0.014004 0.020024 0.014004 
0.250000 0.250000 0.250000 0.250000 
 215
0.479817 0.007750 0.046210 
0.462778 0.984164 0.462022 
0.057405 0.008085 0.491768 
0.014004 0.957989 0.014004 0.014004 
0.250000 0.250000 0.250000 0.250000 
 216
0.479817 0.007750 0.046210 
0.462778 0.984164 0.462022 
0.057405 0.008085 0.491768 
0.014004 0.014004 0.019167 0.952826 
0.250000 0.250000 0.250000 0.250000 
 217
0.479817 0.007750 0.046210 
0.462778 0.984164 0.462022 
0.057405 0.008085 0.491768 
0.014004 0.957989 0.014004 0.014004 
0.250000 0.250000 0.250000 0.250000 
 218
0.479817 0.007750 0.046210 
0.462778 0.984164 0.462022 
0.057405 0.008085 0.491768 
0.014004 0.014004 0.020622 0.951370 
0.250000 0.250000 0.250000 0.250000 
 219
0.479817 0.007750 0.046210 
0.462778 0.984164 0.462022 
0.057405 0.008085 0.491768 
0.868463 0.096911 0.020622 0.014004 
0.250000 0.250000 0.250000 0.250000 
 220
0.479817 0.007750 0.046210 
0.462778 0.984164 0.462022 
0.057405 0.008085 0.491768 
0.014004 0.951968 0.014004 0.020024 
0.250000 0.250000 0.250000 0.250000 
 221
0.479817 0.007750 0.046210 
0.462778 0.984164 0.462022 
0.057405 0.008085 0.491768 
0.014004 0.020024 0.951968 0.014004 
0.250000 0.250000 0.250000 0.250000 
 222
0.479817 0.007750 0.046210 
0.462778 0.984164 0.462022 
0.057405 0.008085 0.491768 
0.419353 0.547235 0.014004 0.019408 
0.250000 0.250000 0.250000 0.250000 
 223
0.479817 0.007750 0.046210 
0.462778 0.984164 0.462022 
0.057405 0.008085 0.491768 
0.014004 0.951370 0.014004 0.020622 
0.250000 0.250000 0.250000 0.250000 
 224
0.479817 0.007750 0.046210 
0.462778 0.984164 0.462022 
0.057405 0.008085 0.491768 
0.014004 0.957989 0.014004 0.014004 
0.250000 0.250000 0.250000 0.250000 
 225
0.479817 0.007750 0.046210 
0.462778 0.984164 0.462022 
0.057405 0.008085 0.491768 
0.941819 0.030174 0.014004 0.014004 
0.250000 0.250000 0.250000 0.250000 
 226
0.479817 0.007750 0.046210 
0.462778 0.984164 0.462022 
0.057405 0.008085 0.491768 
0.014004 0.014004 0.014004 0.957989 
0.250000 0.250000 0.250000 0.250000 
 227
0.479817 0.007750 0.046210 
0.462778 0.984164 0.462022 
0.057405 0.008085 0.491768 
0.014004 0.957989 0.014004 0.014004 
0.250000 0.250000 0.250000 0.250000 
 228
0.479817 0.007750 0.046210 
0.462778 0.984164 0.462022 
0.057405 0.008085 0.491768 
0.014004 0.957989 0.014004 0.014004 
0.250000 0.250000 0.250000 0.250000 
 229
0.479817 0.007750 0.046210 
0.462778 0.984164 0.462022 
0.057405 0.008085 0.491768 
0.020024 0.014004 0.951968 0.014004 
0.250000 0.250000 0.250000 0.250000 
 230
0.479817 0.007750 0.046210 
0.462778 0.984164 0.462022 
0.057405 0.008085 0.491768 
0.014004 0.014004 0.014004 0.957989 
0.250000 0.250000 0.250000 0.250000 
 231
0.479817 0.007750 0.046210 
0.462778 0.984164 0.462022 
0.057405 0.008085 0.491768 
0.014004 0.014004 0.948196 0.023796 
0.250000 0.250000 0.250000 0.250000 
 232
0.479817 0.007750 0.046210 
0.462778 0.984164 0.462022 
0.057405 0.008085 0.491768 
0.014004 0.014004 0.957989 0.014004 
0.250000 0.250000 0.250000 0.250000 
 233
0.479817 0.007750 0.046210 
0.462778 0.984164 0.462022 
0.057405 0.008085 0.491768 
0.014004 0.014004 0.014004 0.957989 
0.250000 0.250000 0.250000 0.250000 
 234
0.479817 0.007750 0.046210 
0.462778 0.984164 0.462022 
0.057405 0.008085 0.491768 
0.033694 0.014004 0.537236 0.415066 
0.250000 0.250000 0.250000 0.250000 
 235
0.479817 0.007750 0.046210 
0.462778 0.984164 0.462022 
0.057405 0.008085 0.491768 
