%  SAM: /scicomp/home-pure/vfn4/Tools/label-dev/LABEL_RES/scripts/modelfromalign_Linux v3.5 (July 15, 2005) compiled 12/08/06_16:15:55
%  (c) 1992-2001 Regents of the University of California, Santa Cruz
%
%          Sequence Alignment and Modeling Software System
%         http://www.cse.ucsc.edu/research/compbio/sam.html
%
% ----------------- Citations (SAM, SAM-T2K, HMMs) --------------------
% R. Hughey, A. Krogh, Hidden Markov models for sequence analysis:
%  Extension and analysis of the basic method, CABIOS 12:95-107, 1996.
% K. Karplus, et al., What is the value added by human intervention in protein
%  structure prediction, Proteins: Stucture, Function, Genetics 45(S5):86--91, 2001.
% A. Krogh et al., Hidden Markov models in computational biology:
%  Applications to protein modeling, JMB 235:1501-1531, Feb 1994.
% ---------------------------------------------------------------------
%  2.3.2.1f_hmm   Host: node272.hpc.biotech.cdc.gov    Fri Apr 21 15:28:49 2023
%  vfn4           Dir:  /scicomp/home-pure/vfn4/fluA/H5/c-2321C/qc/reannot_1/taxa/split-test
% ---------------------------------------------------------------------
%  Alignment weights from internal calc.  Total (16.85) Max (0.12) Min (0.05)
%  Weights from alignment method 1 (karplus), b=-1.000000, e=0.500000
MODEL --  Model from alignment file /scicomp/home-pure/vfn4/Tools/label-dev/LABEL_RES/training_data/exp2/2.3.2.1f.fasta
alphabet DNA
FREQAVE
0.000000 0.000000 0.000000 
0.000000 0.000000 0.000000 
0.000000 0.000000 0.000000 
0.355264 0.223027 0.185288 0.236421 
0.355264 0.223027 0.185288 0.236421 
Begin
0.000000 0.000000 0.000000 
0.000000 0.000000 0.000000 
0.000000 0.008085 0.491768 
0.250000 0.250000 0.250000 0.250000 
0.250000 0.250000 0.250000 0.250000 
   1
0.000000 0.197831 0.046210 
0.000000 0.794083 0.462022 
0.022165 0.009983 0.491768 
0.935343 0.021552 0.021552 0.021552 
0.250000 0.250000 0.250000 0.250000 
   2
0.799150 0.009569 0.046210 
0.178685 0.980448 0.462022 
0.022165 0.009983 0.491768 
0.021552 0.021552 0.021552 0.935343 
0.250000 0.250000 0.250000 0.250000 
   3
0.799150 0.009569 0.046210 
0.178685 0.980448 0.462022 
0.022165 0.009983 0.491768 
0.021552 0.935343 0.021552 0.021552 
0.250000 0.250000 0.250000 0.250000 
   4
0.799150 0.009569 0.046210 
0.178685 0.980448 0.462022 
0.022165 0.009983 0.491768 
0.031481 0.925414 0.021552 0.021552 
0.250000 0.250000 0.250000 0.250000 
   5
0.799150 0.009569 0.046210 
0.178685 0.980448 0.462022 
0.022165 0.009983 0.491768 
0.935343 0.021552 0.021552 0.021552 
0.250000 0.250000 0.250000 0.250000 
   6
0.799150 0.009569 0.046210 
0.178685 0.980448 0.462022 
0.022165 0.009983 0.491768 
0.021552 0.935343 0.021552 0.021552 
0.250000 0.250000 0.250000 0.250000 
   7
0.799150 0.009569 0.046210 
0.178685 0.980448 0.462022 
0.022165 0.009983 0.491768 
0.927804 0.029091 0.021552 0.021552 
0.250000 0.250000 0.250000 0.250000 
   8
0.799150 0.009569 0.046210 
0.178685 0.980448 0.462022 
0.022165 0.009983 0.491768 
0.925155 0.031740 0.021552 0.021552 
0.250000 0.250000 0.250000 0.250000 
   9
0.799150 0.009569 0.046210 
0.178685 0.980448 0.462022 
0.022165 0.009983 0.491768 
0.935343 0.021552 0.021552 0.021552 
0.250000 0.250000 0.250000 0.250000 
  10
0.799150 0.009569 0.046210 
0.178685 0.980448 0.462022 
0.022165 0.009983 0.491768 
0.935343 0.021552 0.021552 0.021552 
0.250000 0.250000 0.250000 0.250000 
  11
0.799150 0.009569 0.046210 
0.178685 0.980448 0.462022 
0.022165 0.009983 0.491768 
0.021552 0.021552 0.026674 0.930221 
0.250000 0.250000 0.250000 0.250000 
  12
0.799150 0.009569 0.046210 
0.178685 0.980448 0.462022 
0.022165 0.009983 0.491768 
0.935343 0.021552 0.021552 0.021552 
0.250000 0.250000 0.250000 0.250000 
  13
0.799150 0.009569 0.046210 
0.178685 0.980448 0.462022 
0.022165 0.009983 0.491768 
0.031184 0.925711 0.021552 0.021552 
0.250000 0.250000 0.250000 0.250000 
  14
0.799150 0.009569 0.046210 
0.178685 0.980448 0.462022 
0.022165 0.009983 0.491768 
0.021552 0.021552 0.027947 0.928948 
0.250000 0.250000 0.250000 0.250000 
  15
0.799150 0.009569 0.046210 
0.178685 0.980448 0.462022 
0.022165 0.009983 0.491768 
0.021552 0.026601 0.021552 0.930295 
0.250000 0.250000 0.250000 0.250000 
  16
0.799150 0.009569 0.046210 
0.178685 0.980448 0.462022 
0.022165 0.009983 0.491768 
0.042388 0.021552 0.914507 0.021552 
0.250000 0.250000 0.250000 0.250000 
  17
0.799150 0.009569 0.046210 
0.178685 0.980448 0.462022 
0.022165 0.009983 0.491768 
0.021552 0.021552 0.021552 0.935343 
0.250000 0.250000 0.250000 0.250000 
  18
0.799150 0.009569 0.046210 
0.178685 0.980448 0.462022 
0.022165 0.009983 0.491768 
0.021552 0.021552 0.021552 0.935343 
0.250000 0.250000 0.250000 0.250000 
  19
0.799150 0.009569 0.046210 
0.178685 0.980448 0.462022 
0.022165 0.009983 0.491768 
0.021552 0.021552 0.928103 0.028792 
0.250000 0.250000 0.250000 0.250000 
  20
0.799150 0.009569 0.046210 
0.178685 0.980448 0.462022 
0.022165 0.009983 0.491768 
0.021552 0.021552 0.021552 0.935343 
0.250000 0.250000 0.250000 0.250000 
  21
0.799150 0.009569 0.046210 
0.178685 0.980448 0.462022 
0.022165 0.009983 0.491768 
0.021552 0.021552 0.925366 0.031529 
0.250000 0.250000 0.250000 0.250000 
  22
0.799150 0.009569 0.046210 
0.178685 0.980448 0.462022 
0.022165 0.009983 0.491768 
0.021552 0.021552 0.027869 0.929026 
0.250000 0.250000 0.250000 0.250000 
  23
0.799150 0.009569 0.046210 
0.178685 0.980448 0.462022 
0.022165 0.009983 0.491768 
0.021552 0.021552 0.021552 0.935343 
0.250000 0.250000 0.250000 0.250000 
  24
0.799150 0.009569 0.046210 
0.178685 0.980448 0.462022 
0.022165 0.009983 0.491768 
0.021552 0.021552 0.021552 0.935343 
0.250000 0.250000 0.250000 0.250000 
  25
0.799150 0.009569 0.046210 
0.178685 0.980448 0.462022 
0.022165 0.009983 0.491768 
0.036962 0.919933 0.021552 0.021552 
0.250000 0.250000 0.250000 0.250000 
  26
0.799150 0.009569 0.046210 
0.178685 0.980448 0.462022 
0.022165 0.009983 0.491768 
0.021552 0.021552 0.935343 0.021552 
0.250000 0.250000 0.250000 0.250000 
  27
0.799150 0.009569 0.046210 
0.178685 0.980448 0.462022 
0.022165 0.009983 0.491768 
0.911855 0.045040 0.021552 0.021552 
0.250000 0.250000 0.250000 0.250000 
  28
0.799150 0.009569 0.046210 
0.178685 0.980448 0.462022 
0.022165 0.009983 0.491768 
0.919304 0.032101 0.027043 0.021552 
0.250000 0.250000 0.250000 0.250000 
  29
0.799150 0.009569 0.046210 
0.178685 0.980448 0.462022 
0.022165 0.009983 0.491768 
0.021552 0.021552 0.929853 0.027043 
0.250000 0.250000 0.250000 0.250000 
  30
0.799150 0.009569 0.046210 
0.178685 0.980448 0.462022 
0.022165 0.009983 0.491768 
0.935343 0.021552 0.021552 0.021552 
0.250000 0.250000 0.250000 0.250000 
  31
0.799150 0.009569 0.046210 
0.178685 0.980448 0.462022 
0.022165 0.009983 0.491768 
0.890627 0.066269 0.021552 0.021552 
0.250000 0.250000 0.250000 0.250000 
  32
0.799150 0.009569 0.046210 
0.178685 0.980448 0.462022 
0.022165 0.009983 0.491768 
0.021552 0.021552 0.050530 0.906365 
0.250000 0.250000 0.250000 0.250000 
  33
0.799150 0.009569 0.046210 
0.178685 0.980448 0.462022 
0.022165 0.009983 0.491768 
0.021552 0.021552 0.935343 0.021552 
0.250000 0.250000 0.250000 0.250000 
  34
0.799150 0.009569 0.046210 
0.178685 0.980448 0.462022 
0.022165 0.009983 0.491768 
0.935343 0.021552 0.021552 0.021552 
0.250000 0.250000 0.250000 0.250000 
  35
0.799150 0.009569 0.046210 
0.178685 0.980448 0.462022 
0.022165 0.009983 0.491768 
0.026761 0.930134 0.021552 0.021552 
0.250000 0.250000 0.250000 0.250000 
  36
0.799150 0.009569 0.046210 
0.178685 0.980448 0.462022 
0.022165 0.009983 0.491768 
0.021552 0.021552 0.935343 0.021552 
0.250000 0.250000 0.250000 0.250000 
  37
0.799150 0.009569 0.046210 
0.178685 0.980448 0.462022 
0.022165 0.009983 0.491768 
0.044916 0.021552 0.911980 0.021552 
0.250000 0.250000 0.250000 0.250000 
  38
0.799150 0.009569 0.046210 
0.178685 0.980448 0.462022 
0.022165 0.009983 0.491768 
0.021552 0.021552 0.021552 0.935343 
0.250000 0.250000 0.250000 0.250000 
  39
0.799150 0.009569 0.046210 
0.178685 0.980448 0.462022 
0.022165 0.009983 0.491768 
0.021552 0.026777 0.021552 0.930119 
0.250000 0.250000 0.250000 0.250000 
  40
0.799150 0.009569 0.046210 
0.178685 0.980448 0.462022 
0.022165 0.009983 0.491768 
0.021552 0.935343 0.021552 0.021552 
0.250000 0.250000 0.250000 0.250000 
  41
0.799150 0.009569 0.046210 
0.178685 0.980448 0.462022 
0.022165 0.009983 0.491768 
0.021552 0.028792 0.021552 0.928103 
0.250000 0.250000 0.250000 0.250000 
  42
0.799150 0.009569 0.046210 
0.178685 0.980448 0.462022 
0.022165 0.009983 0.491768 
0.021552 0.021552 0.724376 0.232519 
0.250000 0.250000 0.250000 0.250000 
  43
0.799150 0.009569 0.046210 
0.178685 0.980448 0.462022 
0.022165 0.009983 0.491768 
0.935343 0.021552 0.021552 0.021552 
0.250000 0.250000 0.250000 0.250000 
  44
0.799150 0.009569 0.046210 
0.178685 0.980448 0.462022 
0.022165 0.009983 0.491768 
0.935343 0.021552 0.021552 0.021552 
0.250000 0.250000 0.250000 0.250000 
  45
0.799150 0.009569 0.046210 
0.178685 0.980448 0.462022 
0.022165 0.009983 0.491768 
0.935343 0.021552 0.021552 0.021552 
0.250000 0.250000 0.250000 0.250000 
  46
0.799150 0.009569 0.046210 
0.178685 0.980448 0.462022 
0.022165 0.009983 0.491768 
0.935343 0.021552 0.021552 0.021552 
0.250000 0.250000 0.250000 0.250000 
  47
0.799150 0.009569 0.046210 
0.178685 0.980448 0.462022 
0.022165 0.009983 0.491768 
0.021552 0.935343 0.021552 0.021552 
0.250000 0.250000 0.250000 0.250000 
  48
0.799150 0.009569 0.046210 
0.178685 0.980448 0.462022 
0.022165 0.009983 0.491768 
0.021552 0.021552 0.935343 0.021552 
0.250000 0.250000 0.250000 0.250000 
  49
0.199344 0.009569 0.046210 
0.778491 0.980448 0.462022 
0.055386 0.008121 0.491768 
0.014117 0.957648 0.014117 0.014117 
0.250000 0.250000 0.250000 0.250000 
  50
0.498117 0.007784 0.046210 
0.446497 0.984095 0.462022 
0.055386 0.008121 0.491768 
0.957648 0.014117 0.014117 0.014117 
0.250000 0.250000 0.250000 0.250000 
  51
0.498117 0.007784 0.046210 
0.446497 0.984095 0.462022 
0.055386 0.008121 0.491768 
0.014117 0.014117 0.042252 0.929514 
0.250000 0.250000 0.250000 0.250000 
  52
0.462937 0.007784 0.046210 
0.481677 0.984095 0.462022 
0.057405 0.008085 0.491768 
0.014004 0.014004 0.957989 0.014004 
0.250000 0.250000 0.250000 0.250000 
  53
0.479817 0.007750 0.046210 
0.462778 0.984164 0.462022 
0.057405 0.008085 0.491768 
0.957989 0.014004 0.014004 0.014004 
0.250000 0.250000 0.250000 0.250000 
  54
0.479817 0.007750 0.046210 
0.462778 0.984164 0.462022 
0.057405 0.008085 0.491768 
0.014004 0.014004 0.014004 0.957989 
0.250000 0.250000 0.250000 0.250000 
  55
0.479817 0.007750 0.046210 
0.462778 0.984164 0.462022 
0.057405 0.008085 0.491768 
0.957989 0.014004 0.014004 0.014004 
0.250000 0.250000 0.250000 0.250000 
  56
0.479817 0.007750 0.046210 
0.462778 0.984164 0.462022 
0.057405 0.008085 0.491768 
0.014004 0.014004 0.014004 0.957989 
0.250000 0.250000 0.250000 0.250000 
  57
0.479817 0.007750 0.046210 
0.462778 0.984164 0.462022 
0.057405 0.008085 0.491768 
0.014004 0.014004 0.014004 0.957989 
0.250000 0.250000 0.250000 0.250000 
  58
0.479817 0.007750 0.046210 
0.462778 0.984164 0.462022 
0.057405 0.008085 0.491768 
0.014004 0.014004 0.014004 0.957989 
0.250000 0.250000 0.250000 0.250000 
  59
0.479817 0.007750 0.046210 
0.462778 0.984164 0.462022 
0.057405 0.008085 0.491768 
0.014004 0.957989 0.014004 0.014004 
0.250000 0.250000 0.250000 0.250000 
  60
0.479817 0.007750 0.046210 
0.462778 0.984164 0.462022 
0.057405 0.008085 0.491768 
0.014004 0.014004 0.957989 0.014004 
0.250000 0.250000 0.250000 0.250000 
  61
0.479817 0.007750 0.046210 
0.462778 0.984164 0.462022 
0.057405 0.008085 0.491768 
0.957989 0.014004 0.014004 0.014004 
0.250000 0.250000 0.250000 0.250000 
  62
0.479817 0.007750 0.046210 
0.462778 0.984164 0.462022 
0.057405 0.008085 0.491768 
0.014004 0.014004 0.014004 0.957989 
0.250000 0.250000 0.250000 0.250000 
  63
0.479817 0.007750 0.046210 
0.462778 0.984164 0.462022 
0.057405 0.008085 0.491768 
0.014044 0.014044 0.021701 0.950211 
0.250000 0.250000 0.250000 0.250000 
  64
0.479817 0.007750 0.046210 
0.462778 0.984164 0.462022 
0.057405 0.008085 0.491768 
0.014004 0.957989 0.014004 0.014004 
0.250000 0.250000 0.250000 0.250000 
  65
0.479817 0.007750 0.046210 
0.462778 0.984164 0.462022 
0.057405 0.008085 0.491768 
0.014004 0.957989 0.014004 0.014004 
0.250000 0.250000 0.250000 0.250000 
  66
0.479817 0.007750 0.046210 
0.462778 0.984164 0.462022 
0.057405 0.008085 0.491768 
0.014004 0.014004 0.014004 0.957989 
0.250000 0.250000 0.250000 0.250000 
  67
0.479817 0.007750 0.046210 
0.462778 0.984164 0.462022 
0.057405 0.008085 0.491768 
0.014004 0.014004 0.014004 0.957989 
0.250000 0.250000 0.250000 0.250000 
  68
0.479817 0.007750 0.046210 
0.462778 0.984164 0.462022 
0.057405 0.008085 0.491768 
0.957869 0.014044 0.014044 0.014044 
0.250000 0.250000 0.250000 0.250000 
  69
0.479817 0.007750 0.046210 
0.462778 0.984164 0.462022 
0.057405 0.008085 0.491768 
0.014004 0.014004 0.027756 0.944237 
0.250000 0.250000 0.250000 0.250000 
  70
0.479817 0.007750 0.046210 
0.462778 0.984164 0.462022 
0.057405 0.008085 0.491768 
0.014004 0.014004 0.957989 0.014004 
0.250000 0.250000 0.250000 0.250000 
  71
0.479817 0.007750 0.046210 
0.462778 0.984164 0.462022 
0.057405 0.008085 0.491768 
0.957989 0.014004 0.014004 0.014004 
0.250000 0.250000 0.250000 0.250000 
  72
0.479817 0.007750 0.046210 
0.462778 0.984164 0.462022 
0.057405 0.008085 0.491768 
0.014004 0.014004 0.020536 0.951457 
0.250000 0.250000 0.250000 0.250000 
  73
0.479817 0.007750 0.046210 
0.462778 0.984164 0.462022 
0.057405 0.008085 0.491768 
0.014004 0.957989 0.014004 0.014004 
0.250000 0.250000 0.250000 0.250000 
  74
0.479817 0.007750 0.046210 
0.462778 0.984164 0.462022 
0.057405 0.008085 0.491768 
0.014004 0.014004 0.957989 0.014004 
0.250000 0.250000 0.250000 0.250000 
  75
0.479817 0.007750 0.046210 
0.462778 0.984164 0.462022 
0.057405 0.008085 0.491768 
0.957989 0.014004 0.014004 0.014004 
0.250000 0.250000 0.250000 0.250000 
  76
0.479817 0.007750 0.046210 
0.462778 0.984164 0.462022 
0.057405 0.008085 0.491768 
0.957989 0.014004 0.014004 0.014004 
0.250000 0.250000 0.250000 0.250000 
  77
0.479817 0.007750 0.046210 
0.462778 0.984164 0.462022 
0.057405 0.008085 0.491768 
0.957989 0.014004 0.014004 0.014004 
0.250000 0.250000 0.250000 0.250000 
  78
0.479817 0.007750 0.046210 
0.462778 0.984164 0.462022 
0.057405 0.008085 0.491768 
0.014004 0.014004 0.040216 0.931777 
0.250000 0.250000 0.250000 0.250000 
  79
0.479817 0.007750 0.046210 
0.462778 0.984164 0.462022 
0.057405 0.008085 0.491768 
0.957989 0.014004 0.014004 0.014004 
0.250000 0.250000 0.250000 0.250000 
  80
0.479817 0.007750 0.046210 
0.462778 0.984164 0.462022 
0.057405 0.008085 0.491768 
0.957989 0.014004 0.014004 0.014004 
0.250000 0.250000 0.250000 0.250000 
  81
0.479817 0.007750 0.046210 
0.462778 0.984164 0.462022 
0.057405 0.008085 0.491768 
0.014084 0.014084 0.754382 0.217449 
0.250000 0.250000 0.250000 0.250000 
  82
0.479817 0.007750 0.046210 
0.462778 0.984164 0.462022 
0.057405 0.008085 0.491768 
0.014004 0.014004 0.014004 0.957989 
0.250000 0.250000 0.250000 0.250000 
  83
0.479817 0.007750 0.046210 
0.462778 0.984164 0.462022 
0.057405 0.008085 0.491768 
0.014004 0.014004 0.957989 0.014004 
0.250000 0.250000 0.250000 0.250000 
  84
0.479817 0.007750 0.046210 
0.462778 0.984164 0.462022 
0.057405 0.008085 0.491768 
0.083963 0.888030 0.014004 0.014004 
0.250000 0.250000 0.250000 0.250000 
  85
0.479817 0.007750 0.046210 
0.462778 0.984164 0.462022 
0.057405 0.008085 0.491768 
0.957989 0.014004 0.014004 0.014004 
0.250000 0.250000 0.250000 0.250000 
  86
0.479817 0.007750 0.046210 
0.462778 0.984164 0.462022 
0.057405 0.008085 0.491768 
0.014004 0.014004 0.957989 0.014004 
0.250000 0.250000 0.250000 0.250000 
  87
0.479817 0.007750 0.046210 
0.462778 0.984164 0.462022 
0.057405 0.008085 0.491768 
0.891169 0.080823 0.014004 0.014004 
0.250000 0.250000 0.250000 0.250000 
  88
0.479817 0.007750 0.046210 
0.462778 0.984164 0.462022 
0.057405 0.008085 0.491768 
0.014004 0.957989 0.014004 0.014004 
0.250000 0.250000 0.250000 0.250000 
  89
0.479817 0.007750 0.046210 
0.462778 0.984164 0.462022 
0.057405 0.008085 0.491768 
0.957989 0.014004 0.014004 0.014004 
0.250000 0.250000 0.250000 0.250000 
  90
0.479817 0.007750 0.046210 
0.462778 0.984164 0.462022 
0.057405 0.008085 0.491768 
0.014004 0.957989 0.014004 0.014004 
0.250000 0.250000 0.250000 0.250000 
  91
0.479817 0.007750 0.046210 
0.462778 0.984164 0.462022 
0.057405 0.008085 0.491768 
0.014004 0.014004 0.957989 0.014004 
0.250000 0.250000 0.250000 0.250000 
  92
0.479817 0.007750 0.046210 
0.462778 0.984164 0.462022 
0.057405 0.008085 0.491768 
0.957989 0.014004 0.014004 0.014004 
0.250000 0.250000 0.250000 0.250000 
  93
0.479817 0.007750 0.046210 
0.462778 0.984164 0.462022 
0.057405 0.008085 0.491768 
0.046115 0.922392 0.014004 0.017489 
0.250000 0.250000 0.250000 0.250000 
  94
0.479817 0.007750 0.046210 
0.462778 0.984164 0.462022 
0.057405 0.008085 0.491768 
0.017795 0.954197 0.014004 0.014004 
0.250000 0.250000 0.250000 0.250000 
  95
0.479817 0.007750 0.046210 
0.462778 0.984164 0.462022 
0.057405 0.008085 0.491768 
0.014004 0.014004 0.014004 0.957989 
0.250000 0.250000 0.250000 0.250000 
  96
0.479817 0.007750 0.046210 
0.462778 0.984164 0.462022 
0.057405 0.008085 0.491768 
0.014004 0.014004 0.014004 0.957989 
0.250000 0.250000 0.250000 0.250000 
  97
0.479817 0.007750 0.046210 
0.462778 0.984164 0.462022 
0.057405 0.008085 0.491768 
0.014049 0.957852 0.014049 0.014049 
0.250000 0.250000 0.250000 0.250000 
  98
0.479817 0.007750 0.046210 
0.462778 0.984164 0.462022 
0.057405 0.008085 0.491768 
0.957989 0.014004 0.014004 0.014004 
0.250000 0.250000 0.250000 0.250000 
  99
0.479817 0.007750 0.046210 
0.462778 0.984164 0.462022 
0.057405 0.008085 0.491768 
0.014004 0.014004 0.957989 0.014004 
0.250000 0.250000 0.250000 0.250000 
 100
0.479817 0.007750 0.046210 
0.462778 0.984164 0.462022 
0.057405 0.008085 0.491768 
0.957989 0.014004 0.014004 0.014004 
0.250000 0.250000 0.250000 0.250000 
 101
0.479817 0.007750 0.046210 
0.462778 0.984164 0.462022 
0.057405 0.008085 0.491768 
0.014004 0.014004 0.957989 0.014004 
0.250000 0.250000 0.250000 0.250000 
 102
0.479817 0.007750 0.046210 
0.462778 0.984164 0.462022 
0.057405 0.008085 0.491768 
0.957989 0.014004 0.014004 0.014004 
0.250000 0.250000 0.250000 0.250000 
 103
0.479817 0.007750 0.046210 
0.462778 0.984164 0.462022 
0.057405 0.008085 0.491768 
0.957989 0.014004 0.014004 0.014004 
0.250000 0.250000 0.250000 0.250000 
 104
0.479817 0.007750 0.046210 
0.462778 0.984164 0.462022 
0.057405 0.008085 0.491768 
0.014004 0.014004 0.014004 0.957989 
0.250000 0.250000 0.250000 0.250000 
 105
0.479817 0.007750 0.046210 
0.462778 0.984164 0.462022 
0.057405 0.008085 0.491768 
0.948170 0.014004 0.023822 0.014004 
0.250000 0.250000 0.250000 0.250000 
 106
0.479817 0.007750 0.046210 
0.462778 0.984164 0.462022 
0.057405 0.008085 0.491768 
0.957989 0.014004 0.014004 0.014004 
0.250000 0.250000 0.250000 0.250000 
 107
0.479817 0.007750 0.046210 
0.462778 0.984164 0.462022 
0.057405 0.008085 0.491768 
0.014004 0.014004 0.014004 0.957989 
0.250000 0.250000 0.250000 0.250000 
 108
0.479817 0.007750 0.046210 
0.462778 0.984164 0.462022 
0.057405 0.008085 0.491768 
0.014004 0.957989 0.014004 0.014004 
0.250000 0.250000 0.250000 0.250000 
 109
0.479817 0.007750 0.046210 
0.462778 0.984164 0.462022 
0.057405 0.008085 0.491768 
0.014004 0.957989 0.014004 0.014004 
0.250000 0.250000 0.250000 0.250000 
 110
0.479817 0.007750 0.046210 
0.462778 0.984164 0.462022 
0.057405 0.008085 0.491768 
0.954004 0.017988 0.014004 0.014004 
0.250000 0.250000 0.250000 0.250000 
 111
0.479817 0.007750 0.046210 
0.462778 0.984164 0.462022 
0.057405 0.008085 0.491768 
0.901772 0.070220 0.014004 0.014004 
0.250000 0.250000 0.250000 0.250000 
 112
0.479817 0.007750 0.046210 
0.462778 0.984164 0.462022 
0.057405 0.008085 0.491768 
0.957989 0.014004 0.014004 0.014004 
0.250000 0.250000 0.250000 0.250000 
 113
0.479817 0.007750 0.046210 
0.462778 0.984164 0.462022 
0.057405 0.008085 0.491768 
0.950735 0.021257 0.014004 0.014004 
0.250000 0.250000 0.250000 0.250000 
 114
0.479817 0.007750 0.046210 
0.462778 0.984164 0.462022 
0.057405 0.008085 0.491768 
0.031720 0.940272 0.014004 0.014004 
0.250000 0.250000 0.250000 0.250000 
 115
0.479817 0.007750 0.046210 
0.462778 0.984164 0.462022 
0.057405 0.008085 0.491768 
0.957989 0.014004 0.014004 0.014004 
0.250000 0.250000 0.250000 0.250000 
 116
0.479817 0.007750 0.046210 
0.462778 0.984164 0.462022 
0.057405 0.008085 0.491768 
0.957989 0.014004 0.014004 0.014004 
0.250000 0.250000 0.250000 0.250000 
 117
0.479817 0.007750 0.046210 
0.462778 0.984164 0.462022 
0.057405 0.008085 0.491768 
0.014004 0.014004 0.957989 0.014004 
0.250000 0.250000 0.250000 0.250000 
 118
0.479817 0.007750 0.046210 
0.462778 0.984164 0.462022 
0.057405 0.008085 0.491768 
0.020386 0.951607 0.014004 0.014004 
0.250000 0.250000 0.250000 0.250000 
 119
0.479817 0.007750 0.046210 
0.462778 0.984164 0.462022 
0.057405 0.008085 0.491768 
0.014004 0.014004 0.014004 0.957989 
0.250000 0.250000 0.250000 0.250000 
 120
0.479817 0.007750 0.046210 
0.462778 0.984164 0.462022 
0.057405 0.008085 0.491768 
0.014004 0.014004 0.017257 0.954736 
0.250000 0.250000 0.250000 0.250000 
 121
0.479817 0.007750 0.046210 
0.462778 0.984164 0.462022 
0.057405 0.008085 0.491768 
0.957989 0.014004 0.014004 0.014004 
0.250000 0.250000 0.250000 0.250000 
 122
0.479817 0.007750 0.046210 
0.462778 0.984164 0.462022 
0.057405 0.008085 0.491768 
0.014004 0.014004 0.957989 0.014004 
0.250000 0.250000 0.250000 0.250000 
 123
0.479817 0.007750 0.046210 
0.462778 0.984164 0.462022 
0.057405 0.008085 0.491768 
0.014004 0.014004 0.014004 0.957989 
0.250000 0.250000 0.250000 0.250000 
 124
0.479817 0.007750 0.046210 
0.462778 0.984164 0.462022 
0.057405 0.008085 0.491768 
0.014004 0.957989 0.014004 0.014004 
0.250000 0.250000 0.250000 0.250000 
 125
0.479817 0.007750 0.046210 
0.462778 0.984164 0.462022 
0.057405 0.008085 0.491768 
0.014004 0.014004 0.014004 0.957989 
0.250000 0.250000 0.250000 0.250000 
 126
0.479817 0.007750 0.046210 
0.462778 0.984164 0.462022 
0.057405 0.008085 0.491768 
0.014004 0.014004 0.014004 0.957989 
0.250000 0.250000 0.250000 0.250000 
 127
0.479817 0.007750 0.046210 
0.462778 0.984164 0.462022 
0.057405 0.008085 0.491768 
0.957989 0.014004 0.014004 0.014004 
0.250000 0.250000 0.250000 0.250000 
 128
0.479817 0.007750 0.046210 
0.462778 0.984164 0.462022 
0.057405 0.008085 0.491768 
0.014004 0.014004 0.957989 0.014004 
0.250000 0.250000 0.250000 0.250000 
 129
0.479817 0.007750 0.046210 
0.462778 0.984164 0.462022 
0.057405 0.008085 0.491768 
0.957989 0.014004 0.014004 0.014004 
0.250000 0.250000 0.250000 0.250000 
 130
0.479817 0.007750 0.046210 
0.462778 0.984164 0.462022 
0.057405 0.008085 0.491768 
0.014004 0.014004 0.957989 0.014004 
0.250000 0.250000 0.250000 0.250000 
 131
0.479817 0.007750 0.046210 
0.462778 0.984164 0.462022 
0.057405 0.008085 0.491768 
0.957989 0.014004 0.014004 0.014004 
0.250000 0.250000 0.250000 0.250000 
 132
0.479817 0.009780 0.046210 
0.462778 0.982134 0.462022 
0.056447 0.008102 0.491768 
0.014056 0.014056 0.014056 0.957831 
0.250000 0.250000 0.250000 0.250000 
 133
0.471807 0.007766 0.046210 
0.471747 0.984132 0.462022 
0.057405 0.008085 0.491768 
0.014056 0.957831 0.014056 0.014056 
0.250000 0.250000 0.250000 0.250000 
 134
0.479817 0.007750 0.046210 
0.462778 0.984164 0.462022 
0.057405 0.008085 0.491768 
0.014004 0.014004 0.957989 0.014004 
0.250000 0.250000 0.250000 0.250000 
 135
0.479817 0.007750 0.046210 
0.462778 0.984164 0.462022 
0.057405 0.008085 0.491768 
0.014004 0.014004 0.957989 0.014004 
0.250000 0.250000 0.250000 0.250000 
 136
0.479817 0.007750 0.046210 
0.462778 0.984164 0.462022 
0.057405 0.008085 0.491768 
0.045087 0.014004 0.926905 0.014004 
0.250000 0.250000 0.250000 0.250000 
 137
0.479817 0.007750 0.046210 
0.462778 0.984164 0.462022 
0.057405 0.008085 0.491768 
0.954137 0.017855 0.014004 0.014004 
0.250000 0.250000 0.250000 0.250000 
 138
0.479817 0.007750 0.046210 
0.462778 0.984164 0.462022 
0.057405 0.008085 0.491768 
0.957989 0.014004 0.014004 0.014004 
0.250000 0.250000 0.250000 0.250000 
 139
0.479817 0.007750 0.046210 
0.462778 0.984164 0.462022 
0.057405 0.008085 0.491768 
0.032336 0.939656 0.014004 0.014004 
0.250000 0.250000 0.250000 0.250000 
 140
0.479817 0.007750 0.046210 
0.462778 0.984164 0.462022 
0.057405 0.008085 0.491768 
0.957989 0.014004 0.014004 0.014004 
0.250000 0.250000 0.250000 0.250000 
 141
0.479817 0.007750 0.046210 
0.462778 0.984164 0.462022 
0.057405 0.008085 0.491768 
0.014004 0.014004 0.957989 0.014004 
0.250000 0.250000 0.250000 0.250000 
 142
0.479817 0.007750 0.046210 
0.462778 0.984164 0.462022 
0.057405 0.008085 0.491768 
0.957989 0.014004 0.014004 0.014004 
0.250000 0.250000 0.250000 0.250000 
 143
0.479817 0.007750 0.046210 
0.462778 0.984164 0.462022 
0.057405 0.008085 0.491768 
0.014004 0.014004 0.014004 0.957989 
0.250000 0.250000 0.250000 0.250000 
 144
0.479817 0.007750 0.046210 
0.462778 0.984164 0.462022 
0.057405 0.008085 0.491768 
0.957989 0.014004 0.014004 0.014004 
0.250000 0.250000 0.250000 0.250000 
 145
0.479817 0.007750 0.046210 
0.462778 0.984164 0.462022 
0.057405 0.008085 0.491768 
0.014004 0.014004 0.957989 0.014004 
0.250000 0.250000 0.250000 0.250000 
 146
0.479817 0.007750 0.046210 
0.462778 0.984164 0.462022 
0.057405 0.008085 0.491768 
0.014004 0.014004 0.014004 0.957989 
0.250000 0.250000 0.250000 0.250000 
 147
0.479817 0.007750 0.046210 
0.462778 0.984164 0.462022 
0.057405 0.008085 0.491768 
0.017864 0.954129 0.014004 0.014004 
0.250000 0.250000 0.250000 0.250000 
 148
0.479817 0.007750 0.046210 
0.462778 0.984164 0.462022 
0.057405 0.008085 0.491768 
0.014004 0.957989 0.014004 0.014004 
0.250000 0.250000 0.250000 0.250000 
 149
0.479817 0.007750 0.046210 
0.462778 0.984164 0.462022 
0.057405 0.008085 0.491768 
0.957989 0.014004 0.014004 0.014004 
0.250000 0.250000 0.250000 0.250000 
 150
0.479817 0.007750 0.046210 
0.462778 0.984164 0.462022 
0.057405 0.008085 0.491768 
0.921870 0.050122 0.014004 0.014004 
0.250000 0.250000 0.250000 0.250000 
 151
0.479817 0.007750 0.046210 
0.462778 0.984164 0.462022 
0.057405 0.008085 0.491768 
0.957989 0.014004 0.014004 0.014004 
0.250000 0.250000 0.250000 0.250000 
 152
0.479817 0.007750 0.046210 
0.462778 0.984164 0.462022 
0.057405 0.008085 0.491768 
0.940738 0.031162 0.014050 0.014050 
0.250000 0.250000 0.250000 0.250000 
 153
0.479817 0.007750 0.046210 
0.462778 0.984164 0.462022 
0.057405 0.008085 0.491768 
0.033100 0.938731 0.014084 0.014084 
0.250000 0.250000 0.250000 0.250000 
 154
0.479817 0.007750 0.046210 
0.462778 0.984164 0.462022 
0.057405 0.008085 0.491768 
0.951105 0.020887 0.014004 0.014004 
0.250000 0.250000 0.250000 0.250000 
 155
0.479817 0.007750 0.046210 
0.462778 0.984164 0.462022 
0.057405 0.008085 0.491768 
0.014004 0.014004 0.957989 0.014004 
0.250000 0.250000 0.250000 0.250000 
 156
0.479817 0.007750 0.046210 
0.462778 0.984164 0.462022 
0.057405 0.008085 0.491768 
0.957989 0.014004 0.014004 0.014004 
0.250000 0.250000 0.250000 0.250000 
 157
0.479817 0.007750 0.046210 
0.462778 0.984164 0.462022 
0.057405 0.008085 0.491768 
0.014004 0.014004 0.957989 0.014004 
0.250000 0.250000 0.250000 0.250000 
 158
0.479817 0.007750 0.046210 
0.462778 0.984164 0.462022 
0.057405 0.008085 0.491768 
0.957989 0.014004 0.014004 0.014004 
0.250000 0.250000 0.250000 0.250000 
 159
0.479817 0.007750 0.046210 
0.462778 0.984164 0.462022 
0.057405 0.008085 0.491768 
0.014004 0.014004 0.957989 0.014004 
0.250000 0.250000 0.250000 0.250000 
 160
0.479817 0.007750 0.046210 
0.462778 0.984164 0.462022 
0.057405 0.008085 0.491768 
0.957989 0.014004 0.014004 0.014004 
0.250000 0.250000 0.250000 0.250000 
 161
0.479817 0.007750 0.046210 
0.462778 0.984164 0.462022 
0.057405 0.008085 0.491768 
0.957989 0.014004 0.014004 0.014004 
0.250000 0.250000 0.250000 0.250000 
 162
0.479817 0.007750 0.046210 
0.462778 0.984164 0.462022 
0.057405 0.008085 0.491768 
0.014004 0.014004 0.954248 0.017744 
0.250000 0.250000 0.250000 0.250000 
 163
0.479817 0.007750 0.046210 
0.462778 0.984164 0.462022 
0.057405 0.008085 0.491768 
0.024483 0.947509 0.014004 0.014004 
0.250000 0.250000 0.250000 0.250000 
 164
0.479817 0.007750 0.046210 
0.462778 0.984164 0.462022 
0.057405 0.008085 0.491768 
0.014004 0.957989 0.014004 0.014004 
0.250000 0.250000 0.250000 0.250000 
 165
0.479817 0.007750 0.046210 
0.462778 0.984164 0.462022 
0.057405 0.008085 0.491768 
0.132551 0.839442 0.014004 0.014004 
0.250000 0.250000 0.250000 0.250000 
 166
0.479817 0.007750 0.046210 
0.462778 0.984164 0.462022 
0.057405 0.008085 0.491768 
0.957989 0.014004 0.014004 0.014004 
0.250000 0.250000 0.250000 0.250000 
 167
0.479817 0.007750 0.046210 
0.462778 0.984164 0.462022 
0.057405 0.008085 0.491768 
0.957989 0.014004 0.014004 0.014004 
0.250000 0.250000 0.250000 0.250000 
 168
0.479817 0.007750 0.046210 
0.462778 0.984164 0.462022 
0.057405 0.008085 0.491768 
0.035377 0.936616 0.014004 0.014004 
0.250000 0.250000 0.250000 0.250000 
 169
0.479817 0.007750 0.046210 
0.462778 0.984164 0.462022 
0.057405 0.008085 0.491768 
0.014004 0.014004 0.957989 0.014004 
0.250000 0.250000 0.250000 0.250000 
 170
0.479817 0.007750 0.046210 
0.462778 0.984164 0.462022 
0.057405 0.008085 0.491768 
0.014004 0.014004 0.014004 0.957989 
0.250000 0.250000 0.250000 0.250000 
 171
0.479817 0.007750 0.046210 
0.462778 0.984164 0.462022 
0.057405 0.008085 0.491768 
0.014004 0.014004 0.944027 0.027965 
0.250000 0.250000 0.250000 0.250000 
 172
0.479817 0.007750 0.046210 
0.462778 0.984164 0.462022 
0.057405 0.008085 0.491768 
0.014004 0.014004 0.014004 0.957989 
0.250000 0.250000 0.250000 0.250000 
 173
0.479817 0.007750 0.046210 
0.462778 0.984164 0.462022 
0.057405 0.008085 0.491768 
0.014004 0.957989 0.014004 0.014004 
0.250000 0.250000 0.250000 0.250000 
 174
0.479817 0.007750 0.046210 
0.462778 0.984164 0.462022 
0.057405 0.008085 0.491768 
0.014004 0.014004 0.951027 0.020966 
0.250000 0.250000 0.250000 0.250000 
 175
0.479817 0.007750 0.046210 
0.462778 0.984164 0.462022 
0.057405 0.008085 0.491768 
0.038888 0.932939 0.014086 0.014086 
0.250000 0.250000 0.250000 0.250000 
 176
0.479817 0.007750 0.046210 
0.462778 0.984164 0.462022 
0.057405 0.008085 0.491768 
0.957989 0.014004 0.014004 0.014004 
0.250000 0.250000 0.250000 0.250000 
 177
0.479817 0.007750 0.046210 
0.462778 0.984164 0.462022 
0.057405 0.008085 0.491768 
0.014004 0.014004 0.030170 0.941822 
0.250000 0.250000 0.250000 0.250000 
 178
0.479817 0.007750 0.046210 
0.462778 0.984164 0.462022 
0.057405 0.008085 0.491768 
0.014004 0.014004 0.957989 0.014004 
0.250000 0.250000 0.250000 0.250000 
 179
0.479817 0.007750 0.046210 
0.462778 0.984164 0.462022 
0.057405 0.008085 0.491768 
0.014004 0.014004 0.014004 0.957989 
0.250000 0.250000 0.250000 0.250000 
 180
0.479817 0.007750 0.046210 
0.462778 0.984164 0.462022 
0.057405 0.008085 0.491768 
0.941368 0.017234 0.027394 0.014004 
0.250000 0.250000 0.250000 0.250000 
 181
0.479817 0.007750 0.046210 
0.462778 0.984164 0.462022 
0.057405 0.008085 0.491768 
0.951409 0.020583 0.014004 0.014004 
0.250000 0.250000 0.250000 0.250000 
 182
0.479817 0.007750 0.046210 
0.462778 0.984164 0.462022 
0.057405 0.008085 0.491768 
0.957989 0.014004 0.014004 0.014004 
0.250000 0.250000 0.250000 0.250000 
 183
0.479817 0.007750 0.046210 
0.462778 0.984164 0.462022 
0.057405 0.008085 0.491768 
0.014004 0.014004 0.014004 0.957989 
0.250000 0.250000 0.250000 0.250000 
 184
0.479817 0.007750 0.046210 
0.462778 0.984164 0.462022 
0.057405 0.008085 0.491768 
0.014004 0.957989 0.014004 0.014004 
0.250000 0.250000 0.250000 0.250000 
 185
0.479817 0.007750 0.046210 
0.462778 0.984164 0.462022 
0.057405 0.008085 0.491768 
0.014004 0.957989 0.014004 0.014004 
0.250000 0.250000 0.250000 0.250000 
 186
0.479817 0.007750 0.046210 
0.462778 0.984164 0.462022 
0.057405 0.008085 0.491768 
0.951815 0.020177 0.014004 0.014004 
0.250000 0.250000 0.250000 0.250000 
 187
0.479817 0.007750 0.046210 
0.462778 0.984164 0.462022 
0.057405 0.008085 0.491768 
0.014004 0.957989 0.014004 0.014004 
0.250000 0.250000 0.250000 0.250000 
 188
0.479817 0.007750 0.046210 
0.462778 0.984164 0.462022 
0.057405 0.008085 0.491768 
0.014004 0.014004 0.014004 0.957989 
0.250000 0.250000 0.250000 0.250000 
 189
0.479817 0.007750 0.046210 
0.462778 0.984164 0.462022 
0.057405 0.008085 0.491768 
0.020858 0.951135 0.014004 0.014004 
0.250000 0.250000 0.250000 0.250000 
 190
0.479817 0.007750 0.046210 
0.462778 0.984164 0.462022 
0.057405 0.008085 0.491768 
0.957989 0.014004 0.014004 0.014004 
0.250000 0.250000 0.250000 0.250000 
 191
0.479817 0.007750 0.046210 
0.462778 0.984164 0.462022 
0.057405 0.008085 0.491768 
0.954796 0.017197 0.014004 0.014004 
0.250000 0.250000 0.250000 0.250000 
 192
0.479817 0.007750 0.046210 
0.462778 0.984164 0.462022 
0.057405 0.008085 0.491768 
0.020818 0.951175 0.014004 0.014004 
0.250000 0.250000 0.250000 0.250000 
 193
0.479817 0.007750 0.046210 
0.462778 0.984164 0.462022 
0.057405 0.008085 0.491768 
0.014004 0.014004 0.957989 0.014004 
0.250000 0.250000 0.250000 0.250000 
 194
0.479817 0.007750 0.046210 
0.462778 0.984164 0.462022 
0.057405 0.008085 0.491768 
0.014004 0.014004 0.957989 0.014004 
0.250000 0.250000 0.250000 0.250000 
 195
0.479817 0.007750 0.046210 
0.462778 0.984164 0.462022 
0.057405 0.008085 0.491768 
0.014004 0.014004 0.014004 0.957989 
0.250000 0.250000 0.250000 0.250000 
 196
0.479817 0.007750 0.046210 
0.462778 0.984164 0.462022 
0.057405 0.008085 0.491768 
0.014004 0.014004 0.957989 0.014004 
0.250000 0.250000 0.250000 0.250000 
 197
0.479817 0.007750 0.046210 
0.462778 0.984164 0.462022 
0.057405 0.008085 0.491768 
0.014004 0.014004 0.014004 0.957989 
0.250000 0.250000 0.250000 0.250000 
 198
0.479817 0.007750 0.046210 
0.462778 0.984164 0.462022 
0.057405 0.008085 0.491768 
0.021700 0.950212 0.014044 0.014044 
0.250000 0.250000 0.250000 0.250000 
 199
0.479817 0.007750 0.046210 
0.462778 0.984164 0.462022 
0.057405 0.008085 0.491768 
0.957989 0.014004 0.014004 0.014004 
0.250000 0.250000 0.250000 0.250000 
 200
0.479817 0.007750 0.046210 
0.462778 0.984164 0.462022 
0.057405 0.008085 0.491768 
0.014004 0.014004 0.014004 0.957989 
0.250000 0.250000 0.250000 0.250000 
 201
0.479817 0.007750 0.046210 
0.462778 0.984164 0.462022 
0.057405 0.008085 0.491768 
0.014004 0.014004 0.014004 0.957989 
0.250000 0.250000 0.250000 0.250000 
 202
0.479817 0.007750 0.046210 
0.462778 0.984164 0.462022 
0.057405 0.008085 0.491768 
0.014004 0.014004 0.017744 0.954248 
0.250000 0.250000 0.250000 0.250000 
 203
0.479817 0.007750 0.046210 
0.462778 0.984164 0.462022 
0.057405 0.008085 0.491768 
0.014004 0.014004 0.014004 0.957989 
0.250000 0.250000 0.250000 0.250000 
 204
0.479817 0.007750 0.046210 
0.462778 0.984164 0.462022 
0.057405 0.008085 0.491768 
0.950354 0.021638 0.014004 0.014004 
0.250000 0.250000 0.250000 0.250000 
 205
0.479817 0.007750 0.046210 
0.462778 0.984164 0.462022 
0.057405 0.008085 0.491768 
0.957989 0.014004 0.014004 0.014004 
0.250000 0.250000 0.250000 0.250000 
 206
0.479817 0.007750 0.046210 
0.462778 0.984164 0.462022 
0.057405 0.008085 0.491768 
0.948974 0.023018 0.014004 0.014004 
0.250000 0.250000 0.250000 0.250000 
 207
0.479817 0.007750 0.046210 
0.462778 0.984164 0.462022 
0.057405 0.008085 0.491768 
0.948084 0.023909 0.014004 0.014004 
0.250000 0.250000 0.250000 0.250000 
 208
0.479817 0.007750 0.046210 
0.462778 0.984164 0.462022 
0.057405 0.008085 0.491768 
0.014004 0.957989 0.014004 0.014004 
0.250000 0.250000 0.250000 0.250000 
 209
0.479817 0.007750 0.046210 
0.462778 0.984164 0.462022 
0.057405 0.008085 0.491768 
0.957989 0.014004 0.014004 0.014004 
0.250000 0.250000 0.250000 0.250000 
 210
0.479817 0.007750 0.046210 
0.462778 0.984164 0.462022 
0.057405 0.008085 0.491768 
0.014125 0.014125 0.305051 0.666699 
0.250000 0.250000 0.250000 0.250000 
 211
0.479817 0.007750 0.046210 
0.462778 0.984164 0.462022 
0.057405 0.008085 0.491768 
0.014004 0.014004 0.014004 0.957989 
0.250000 0.250000 0.250000 0.250000 
 212
0.479817 0.007750 0.046210 
0.462778 0.984164 0.462022 
0.057405 0.008085 0.491768 
0.014004 0.957989 0.014004 0.014004 
0.250000 0.250000 0.250000 0.250000 
 213
0.479817 0.007750 0.046210 
0.462778 0.984164 0.462022 
0.057405 0.008085 0.491768 
0.014004 0.014004 0.017542 0.954450 
0.250000 0.250000 0.250000 0.250000 
 214
0.479817 0.007750 0.046210 
0.462778 0.984164 0.462022 
0.057405 0.008085 0.491768 
0.957989 0.014004 0.014004 0.014004 
0.250000 0.250000 0.250000 0.250000 
 215
0.479817 0.007750 0.046210 
0.462778 0.984164 0.462022 
0.057405 0.008085 0.491768 
0.014004 0.957989 0.014004 0.014004 
0.250000 0.250000 0.250000 0.250000 
 216
0.479817 0.007750 0.046210 
0.462778 0.984164 0.462022 
0.057405 0.008085 0.491768 
0.014004 0.014004 0.028118 0.943875 
0.250000 0.250000 0.250000 0.250000 
 217
0.479817 0.007750 0.046210 
0.462778 0.984164 0.462022 
0.057405 0.008085 0.491768 
0.014004 0.957989 0.014004 0.014004 
0.250000 0.250000 0.250000 0.250000 
 218
0.479817 0.007750 0.046210 
0.462778 0.984164 0.462022 
0.057405 0.008085 0.491768 
0.014004 0.014004 0.014004 0.957989 
0.250000 0.250000 0.250000 0.250000 
 219
0.479817 0.007750 0.046210 
0.462778 0.984164 0.462022 
0.057405 0.008085 0.491768 
0.957989 0.014004 0.014004 0.014004 
0.250000 0.250000 0.250000 0.250000 
 220
0.479817 0.007750 0.046210 
0.462778 0.984164 0.462022 
0.057405 0.008085 0.491768 
0.014004 0.957989 0.014004 0.014004 
0.250000 0.250000 0.250000 0.250000 
 221
0.479817 0.007750 0.046210 
0.462778 0.984164 0.462022 
0.057405 0.008085 0.491768 
0.014004 0.014004 0.957989 0.014004 
0.250000 0.250000 0.250000 0.250000 
 222
0.479817 0.007750 0.046210 
0.462778 0.984164 0.462022 
0.057405 0.008085 0.491768 
0.954786 0.014004 0.017206 0.014004 
0.250000 0.250000 0.250000 0.250000 
 223
0.479817 0.007750 0.046210 
0.462778 0.984164 0.462022 
0.057405 0.008085 0.491768 
0.014004 0.957989 0.014004 0.014004 
0.250000 0.250000 0.250000 0.250000 
 224
0.479817 0.007750 0.046210 
0.462778 0.984164 0.462022 
0.057405 0.008085 0.491768 
0.014004 0.957989 0.014004 0.014004 
0.250000 0.250000 0.250000 0.250000 
 225
0.479817 0.007750 0.046210 
0.462778 0.984164 0.462022 
0.057405 0.008085 0.491768 
0.957989 0.014004 0.014004 0.014004 
0.250000 0.250000 0.250000 0.250000 
 226
0.479817 0.007750 0.046210 
0.462778 0.984164 0.462022 
0.057405 0.008085 0.491768 
0.014004 0.014004 0.014004 0.957989 
0.250000 0.250000 0.250000 0.250000 
 227
0.479817 0.007750 0.046210 
0.462778 0.984164 0.462022 
0.057405 0.008085 0.491768 
0.014004 0.957989 0.014004 0.014004 
0.250000 0.250000 0.250000 0.250000 
 228
0.479817 0.007750 0.046210 
0.462778 0.984164 0.462022 
0.057405 0.008085 0.491768 
0.014004 0.957989 0.014004 0.014004 
0.250000 0.250000 0.250000 0.250000 
 229
0.479817 0.007750 0.046210 
0.462778 0.984164 0.462022 
0.057405 0.008085 0.491768 
0.014004 0.014004 0.957989 0.014004 
0.250000 0.250000 0.250000 0.250000 
 230
0.479817 0.007750 0.046210 
0.462778 0.984164 0.462022 
0.057405 0.008085 0.491768 
0.014004 0.014004 0.014004 0.957989 
0.250000 0.250000 0.250000 0.250000 
 231
0.479817 0.007750 0.046210 
0.462778 0.984164 0.462022 
0.057405 0.008085 0.491768 
0.014004 0.014004 0.957989 0.014004 
0.250000 0.250000 0.250000 0.250000 
 232
0.479817 0.007750 0.046210 
0.462778 0.984164 0.462022 
0.057405 0.008085 0.491768 
0.014004 0.014004 0.957989 0.014004 
0.250000 0.250000 0.250000 0.250000 
 233
0.479817 0.007750 0.046210 
0.462778 0.984164 0.462022 
0.057405 0.008085 0.491768 
0.014004 0.014004 0.014004 0.957989 
0.250000 0.250000 0.250000 0.250000 
 234
0.479817 0.007750 0.046210 
0.462778 0.984164 0.462022 
0.057405 0.008085 0.491768 
0.014004 0.014004 0.957989 0.014004 
0.250000 0.250000 0.250000 0.250000 
 235
0.479817 0.007750 0.046210 
0.462778 0.984164 0.462022 
0.057405 0.008085 0.491768 
