%  SAM: /Volumes/gf_atl_2012/Tools/LABEL_RES/scripts/modelfromalign v3.5 (July 15, 2005) compiled 03/03/09_11:47:37
%  (c) 1992-2001 Regents of the University of California, Santa Cruz
%
%          Sequence Alignment and Modeling Software System
%         http://www.cse.ucsc.edu/research/compbio/sam.html
%
% ----------------- Citations (SAM, SAM-T2K, HMMs) --------------------
% R. Hughey, A. Krogh, Hidden Markov models for sequence analysis:
%  Extension and analysis of the basic method, CABIOS 12:95-107, 1996.
% K. Karplus, et al., What is the value added by human intervention in protein
%  structure prediction, Proteins: Stucture, Function, Genetics 45(S5):86--91, 2001.
% A. Krogh et al., Hidden Markov models in computational biology:
%  Applications to protein modeling, JMB 235:1501-1531, Feb 1994.
% ---------------------------------------------------------------------
%  A4_avOCN_AU975_hmm   Host: m222714.cdc.gov    Tue Apr  9 14:43:36 2013
%  vfn4                 Dir:  /Volumes/gf_atl_2012/Genotyping/H7/set_2013-04-05/base
% ---------------------------------------------------------------------
%  Alignment weights from internal calc.  Total (4.58) Max (0.23) Min (0.21)
%  Weights from alignment method 1 (karplus), b=-1.000000, e=0.500000
MODEL --  Model from alignment file /Volumes/gf_atl_2012/Tools/LABEL_RES/training_data/H7/A4_avOCN_AU975.fasta
alphabet DNA
FREQAVE
0.000000 0.000000 0.000000 
0.000000 0.000000 0.000000 
0.000000 0.000000 0.000000 
0.330382 0.251840 0.175403 0.242374 
0.330382 0.251840 0.175403 0.242374 
Begin
0.000000 0.000000 0.000000 
0.000000 0.000000 0.000000 
0.000000 0.012895 0.491768 
0.250000 0.250000 0.250000 0.250000 
0.250000 0.250000 0.250000 0.250000 
   1
0.000000 0.032561 0.046210 
0.000000 0.954543 0.462022 
0.051906 0.013161 0.491768 
0.048394 0.854819 0.048394 0.048394 
0.250000 0.250000 0.250000 0.250000 
   2
0.529646 0.012616 0.046210 
0.418448 0.974223 0.462022 
0.051906 0.013161 0.491768 
0.854819 0.048394 0.048394 0.048394 
0.250000 0.250000 0.250000 0.250000 
   3
0.529646 0.012616 0.046210 
0.418448 0.974223 0.462022 
0.051906 0.013161 0.491768 
0.048394 0.048394 0.678242 0.224971 
0.250000 0.250000 0.250000 0.250000 
   4
0.529646 0.012616 0.046210 
0.418448 0.974223 0.462022 
0.051906 0.013161 0.491768 
0.854819 0.048394 0.048394 0.048394 
0.250000 0.250000 0.250000 0.250000 
   5
0.529646 0.012616 0.046210 
0.418448 0.974223 0.462022 
0.051906 0.013161 0.491768 
0.854819 0.048394 0.048394 0.048394 
0.250000 0.250000 0.250000 0.250000 
   6
0.529646 0.012616 0.046210 
0.418448 0.974223 0.462022 
0.051906 0.013161 0.491768 
0.854819 0.048394 0.048394 0.048394 
0.250000 0.250000 0.250000 0.250000 
   7
0.529646 0.012616 0.046210 
0.418448 0.974223 0.462022 
0.051906 0.013161 0.491768 
0.854819 0.048394 0.048394 0.048394 
0.250000 0.250000 0.250000 0.250000 
   8
0.529646 0.012616 0.046210 
0.418448 0.974223 0.462022 
0.051906 0.013161 0.491768 
0.048394 0.048394 0.048394 0.854819 
0.250000 0.250000 0.250000 0.250000 
   9
0.529646 0.012616 0.046210 
0.418448 0.974223 0.462022 
0.051906 0.013161 0.491768 
0.048394 0.048394 0.679831 0.223381 
0.250000 0.250000 0.250000 0.250000 
  10
0.529646 0.012616 0.046210 
0.418448 0.974223 0.462022 
0.051906 0.013161 0.491768 
0.048394 0.048394 0.048394 0.854819 
0.250000 0.250000 0.250000 0.250000 
  11
0.529646 0.012616 0.046210 
0.418448 0.974223 0.462022 
0.051906 0.013161 0.491768 
0.048394 0.854819 0.048394 0.048394 
0.250000 0.250000 0.250000 0.250000 
  12
0.529646 0.012616 0.046210 
0.418448 0.974223 0.462022 
0.051906 0.013161 0.491768 
0.048394 0.048394 0.854819 0.048394 
0.250000 0.250000 0.250000 0.250000 
  13
0.529646 0.012616 0.046210 
0.418448 0.974223 0.462022 
0.051906 0.013161 0.491768 
0.048394 0.048394 0.854819 0.048394 
0.250000 0.250000 0.250000 0.250000 
  14
0.529646 0.012616 0.046210 
0.418448 0.974223 0.462022 
0.051906 0.013161 0.491768 
0.048394 0.048394 0.048394 0.854819 
0.250000 0.250000 0.250000 0.250000 
  15
0.529646 0.012616 0.046210 
0.418448 0.974223 0.462022 
0.051906 0.013161 0.491768 
0.048394 0.048394 0.048394 0.854819 
0.250000 0.250000 0.250000 0.250000 
  16
0.529646 0.012616 0.046210 
0.418448 0.974223 0.462022 
0.051906 0.013161 0.491768 
0.048394 0.854819 0.048394 0.048394 
0.250000 0.250000 0.250000 0.250000 
  17
0.529646 0.012616 0.046210 
0.418448 0.974223 0.462022 
0.051906 0.013161 0.491768 
0.048394 0.854819 0.048394 0.048394 
0.250000 0.250000 0.250000 0.250000 
  18
0.529646 0.012616 0.046210 
0.418448 0.974223 0.462022 
0.051906 0.013161 0.491768 
0.553627 0.349585 0.048394 0.048394 
0.250000 0.250000 0.250000 0.250000 
  19
0.529646 0.012616 0.046210 
0.418448 0.974223 0.462022 
0.051906 0.013161 0.491768 
0.048394 0.048394 0.854819 0.048394 
0.250000 0.250000 0.250000 0.250000 
  20
0.529646 0.012616 0.046210 
0.418448 0.974223 0.462022 
0.051906 0.013161 0.491768 
0.854819 0.048394 0.048394 0.048394 
0.250000 0.250000 0.250000 0.250000 
  21
0.529646 0.012616 0.046210 
0.418448 0.974223 0.462022 
0.051906 0.013161 0.491768 
0.048394 0.048394 0.224971 0.678242 
0.250000 0.250000 0.250000 0.250000 
  22
0.529646 0.012616 0.046210 
0.418448 0.974223 0.462022 
0.051906 0.013161 0.491768 
0.048394 0.048394 0.854819 0.048394 
0.250000 0.250000 0.250000 0.250000 
  23
0.529646 0.012616 0.046210 
0.418448 0.974223 0.462022 
0.051906 0.013161 0.491768 
0.854819 0.048394 0.048394 0.048394 
0.250000 0.250000 0.250000 0.250000 
  24
0.529646 0.012616 0.046210 
0.418448 0.974223 0.462022 
0.051906 0.013161 0.491768 
0.048394 0.048394 0.048394 0.854819 
0.250000 0.250000 0.250000 0.250000 
  25
0.529646 0.012616 0.046210 
0.418448 0.974223 0.462022 
0.051906 0.013161 0.491768 
0.048394 0.854819 0.048394 0.048394 
0.250000 0.250000 0.250000 0.250000 
  26
0.529646 0.012616 0.046210 
0.418448 0.974223 0.462022 
0.051906 0.013161 0.491768 
0.048394 0.048394 0.854819 0.048394 
0.250000 0.250000 0.250000 0.250000 
  27
0.529646 0.012616 0.046210 
0.418448 0.974223 0.462022 
0.051906 0.013161 0.491768 
0.048394 0.048394 0.854819 0.048394 
0.250000 0.250000 0.250000 0.250000 
  28
0.529646 0.012616 0.046210 
0.418448 0.974223 0.462022 
0.051906 0.013161 0.491768 
0.093049 0.810164 0.048394 0.048394 
0.250000 0.250000 0.250000 0.250000 
  29
0.529646 0.012616 0.046210 
0.418448 0.974223 0.462022 
0.051906 0.013161 0.491768 
0.048394 0.048394 0.048394 0.854819 
0.250000 0.250000 0.250000 0.250000 
  30
0.529646 0.012616 0.046210 
0.418448 0.974223 0.462022 
0.051906 0.013161 0.491768 
0.854819 0.048394 0.048394 0.048394 
0.250000 0.250000 0.250000 0.250000 
  31
0.529646 0.012616 0.046210 
0.418448 0.974223 0.462022 
0.051906 0.013161 0.491768 
0.048394 0.130830 0.048394 0.772383 
0.250000 0.250000 0.250000 0.250000 
  32
0.529646 0.012616 0.046210 
0.418448 0.974223 0.462022 
0.051906 0.013161 0.491768 
0.048394 0.048394 0.854819 0.048394 
0.250000 0.250000 0.250000 0.250000 
  33
0.529646 0.012616 0.046210 
0.418448 0.974223 0.462022 
0.051906 0.013161 0.491768 
0.854819 0.048394 0.048394 0.048394 
0.250000 0.250000 0.250000 0.250000 
  34
0.529646 0.012616 0.046210 
0.418448 0.974223 0.462022 
0.051906 0.013161 0.491768 
0.854819 0.048394 0.048394 0.048394 
0.250000 0.250000 0.250000 0.250000 
  35
0.529646 0.012616 0.046210 
0.418448 0.974223 0.462022 
0.051906 0.013161 0.491768 
0.854819 0.048394 0.048394 0.048394 
0.250000 0.250000 0.250000 0.250000 
  36
0.529646 0.012616 0.046210 
0.418448 0.974223 0.462022 
0.051906 0.013161 0.491768 
0.048394 0.048394 0.048394 0.854819 
0.250000 0.250000 0.250000 0.250000 
  37
0.529646 0.012616 0.046210 
0.418448 0.974223 0.462022 
0.051906 0.013161 0.491768 
0.048394 0.854819 0.048394 0.048394 
0.250000 0.250000 0.250000 0.250000 
  38
0.529646 0.012616 0.046210 
0.418448 0.974223 0.462022 
0.051906 0.013161 0.491768 
0.048394 0.854819 0.048394 0.048394 
0.250000 0.250000 0.250000 0.250000 
  39
0.529646 0.012616 0.046210 
0.418448 0.974223 0.462022 
0.051906 0.013161 0.491768 
0.048394 0.048394 0.301176 0.602036 
0.250000 0.250000 0.250000 0.250000 
  40
0.529646 0.012616 0.046210 
0.418448 0.974223 0.462022 
0.051906 0.013161 0.491768 
0.854819 0.048394 0.048394 0.048394 
0.250000 0.250000 0.250000 0.250000 
  41
0.529646 0.012616 0.046210 
0.418448 0.974223 0.462022 
0.051906 0.013161 0.491768 
0.048394 0.048394 0.854819 0.048394 
0.250000 0.250000 0.250000 0.250000 
  42
0.529646 0.012616 0.046210 
0.418448 0.974223 0.462022 
0.051906 0.013161 0.491768 
0.048394 0.048394 0.854819 0.048394 
0.250000 0.250000 0.250000 0.250000 
  43
0.529646 0.012616 0.046210 
0.418448 0.974223 0.462022 
0.051906 0.013161 0.491768 
0.854819 0.048394 0.048394 0.048394 
0.250000 0.250000 0.250000 0.250000 
  44
0.529646 0.012616 0.046210 
0.418448 0.974223 0.462022 
0.051906 0.013161 0.491768 
0.854819 0.048394 0.048394 0.048394 
0.250000 0.250000 0.250000 0.250000 
  45
0.529646 0.012616 0.046210 
0.418448 0.974223 0.462022 
0.051906 0.013161 0.491768 
0.854819 0.048394 0.048394 0.048394 
0.250000 0.250000 0.250000 0.250000 
  46
0.529646 0.012616 0.046210 
0.418448 0.974223 0.462022 
0.051906 0.013161 0.491768 
0.048394 0.854819 0.048394 0.048394 
0.250000 0.250000 0.250000 0.250000 
  47
0.529646 0.012616 0.046210 
0.418448 0.974223 0.462022 
0.051906 0.013161 0.491768 
0.048394 0.048394 0.048394 0.854819 
0.250000 0.250000 0.250000 0.250000 
  48
0.529646 0.012616 0.046210 
0.418448 0.974223 0.462022 
0.051906 0.013161 0.491768 
0.048394 0.854819 0.048394 0.048394 
0.250000 0.250000 0.250000 0.250000 
  49
0.529646 0.012616 0.046210 
0.418448 0.974223 0.462022 
0.051906 0.013161 0.491768 
0.854819 0.048394 0.048394 0.048394 
0.250000 0.250000 0.250000 0.250000 
  50
0.529646 0.012616 0.046210 
0.418448 0.974223 0.462022 
0.051906 0.013161 0.491768 
0.854819 0.048394 0.048394 0.048394 
0.250000 0.250000 0.250000 0.250000 
  51
0.529646 0.012616 0.046210 
0.418448 0.974223 0.462022 
0.051906 0.013161 0.491768 
0.048394 0.048394 0.854819 0.048394 
0.250000 0.250000 0.250000 0.250000 
  52
0.529646 0.012616 0.046210 
0.418448 0.974223 0.462022 
0.051906 0.013161 0.491768 
0.854819 0.048394 0.048394 0.048394 
0.250000 0.250000 0.250000 0.250000 
  53
0.529646 0.012616 0.046210 
0.418448 0.974223 0.462022 
0.051906 0.013161 0.491768 
0.048394 0.048394 0.854819 0.048394 
0.250000 0.250000 0.250000 0.250000 
  54
0.529646 0.012616 0.046210 
0.418448 0.974223 0.462022 
0.051906 0.013161 0.491768 
0.730204 0.173008 0.048394 0.048394 
0.250000 0.250000 0.250000 0.250000 
  55
0.529646 0.012616 0.046210 
0.418448 0.974223 0.462022 
0.051906 0.013161 0.491768 
0.048394 0.048394 0.854819 0.048394 
0.250000 0.250000 0.250000 0.250000 
  56
0.529646 0.012616 0.046210 
0.418448 0.974223 0.462022 
0.051906 0.013161 0.491768 
0.048394 0.048394 0.048394 0.854819 
0.250000 0.250000 0.250000 0.250000 
  57
0.529646 0.012616 0.046210 
0.418448 0.974223 0.462022 
0.051906 0.013161 0.491768 
0.048394 0.048394 0.854819 0.048394 
0.250000 0.250000 0.250000 0.250000 
  58
0.529646 0.012616 0.046210 
0.418448 0.974223 0.462022 
0.051906 0.013161 0.491768 
0.854819 0.048394 0.048394 0.048394 
0.250000 0.250000 0.250000 0.250000 
  59
0.529646 0.012616 0.046210 
0.418448 0.974223 0.462022 
0.051906 0.013161 0.491768 
0.048394 0.048394 0.854819 0.048394 
0.250000 0.250000 0.250000 0.250000 
  60
0.529646 0.012616 0.046210 
0.418448 0.974223 0.462022 
0.051906 0.013161 0.491768 
0.854819 0.048394 0.048394 0.048394 
0.250000 0.250000 0.250000 0.250000 
  61
0.529646 0.012616 0.046210 
0.418448 0.974223 0.462022 
0.051906 0.013161 0.491768 
0.048394 0.854819 0.048394 0.048394 
0.250000 0.250000 0.250000 0.250000 
  62
0.529646 0.012616 0.046210 
0.418448 0.974223 0.462022 
0.051906 0.013161 0.491768 
0.854819 0.048394 0.048394 0.048394 
0.250000 0.250000 0.250000 0.250000 
  63
0.529646 0.012616 0.046210 
0.418448 0.974223 0.462022 
0.051906 0.013161 0.491768 
0.048394 0.854819 0.048394 0.048394 
0.250000 0.250000 0.250000 0.250000 
  64
0.529646 0.012616 0.046210 
0.418448 0.974223 0.462022 
0.051906 0.013161 0.491768 
0.854819 0.048394 0.048394 0.048394 
0.250000 0.250000 0.250000 0.250000 
  65
0.529646 0.012616 0.046210 
0.418448 0.974223 0.462022 
0.051906 0.013161 0.491768 
0.048394 0.854819 0.048394 0.048394 
0.250000 0.250000 0.250000 0.250000 
  66
0.529646 0.012616 0.046210 
0.418448 0.974223 0.462022 
0.051906 0.013161 0.491768 
0.647681 0.255532 0.048394 0.048394 
0.250000 0.250000 0.250000 0.250000 
  67
0.529646 0.012616 0.046210 
0.418448 0.974223 0.462022 
0.051906 0.013161 0.491768 
0.048394 0.854819 0.048394 0.048394 
0.250000 0.250000 0.250000 0.250000 
  68
0.529646 0.012616 0.046210 
0.418448 0.974223 0.462022 
0.051906 0.013161 0.491768 
0.048394 0.854819 0.048394 0.048394 
0.250000 0.250000 0.250000 0.250000 
  69
0.529646 0.012616 0.046210 
0.418448 0.974223 0.462022 
0.051906 0.013161 0.491768 
0.048394 0.048394 0.048394 0.854819 
0.250000 0.250000 0.250000 0.250000 
  70
0.529646 0.012616 0.046210 
0.418448 0.974223 0.462022 
0.051906 0.013161 0.491768 
0.048394 0.854819 0.048394 0.048394 
0.250000 0.250000 0.250000 0.250000 
  71
0.529646 0.012616 0.046210 
0.418448 0.974223 0.462022 
0.051906 0.013161 0.491768 
0.048394 0.048394 0.048394 0.854819 
0.250000 0.250000 0.250000 0.250000 
  72
0.529646 0.012616 0.046210 
0.418448 0.974223 0.462022 
0.051906 0.013161 0.491768 
0.678242 0.224971 0.048394 0.048394 
0.250000 0.250000 0.250000 0.250000 
  73
0.529646 0.012616 0.046210 
0.418448 0.974223 0.462022 
0.051906 0.013161 0.491768 
0.048394 0.854819 0.048394 0.048394 
0.250000 0.250000 0.250000 0.250000 
  74
0.529646 0.012616 0.046210 
0.418448 0.974223 0.462022 
0.051906 0.013161 0.491768 
0.854819 0.048394 0.048394 0.048394 
0.250000 0.250000 0.250000 0.250000 
  75
0.529646 0.012616 0.046210 
0.418448 0.974223 0.462022 
0.051906 0.013161 0.491768 
0.854819 0.048394 0.048394 0.048394 
0.250000 0.250000 0.250000 0.250000 
  76
0.529646 0.012616 0.046210 
0.418448 0.974223 0.462022 
0.051906 0.013161 0.491768 
0.048394 0.854819 0.048394 0.048394 
0.250000 0.250000 0.250000 0.250000 
  77
0.529646 0.012616 0.046210 
0.418448 0.974223 0.462022 
0.051906 0.013161 0.491768 
0.048394 0.048394 0.048394 0.854819 
0.250000 0.250000 0.250000 0.250000 
  78
0.529646 0.012616 0.046210 
0.418448 0.974223 0.462022 
0.051906 0.013161 0.491768 
0.048394 0.048394 0.048394 0.854819 
0.250000 0.250000 0.250000 0.250000 
  79
0.529646 0.012616 0.046210 
0.418448 0.974223 0.462022 
0.051906 0.013161 0.491768 
0.048394 0.854819 0.048394 0.048394 
0.250000 0.250000 0.250000 0.250000 
  80
0.529646 0.012616 0.046210 
0.418448 0.974223 0.462022 
0.051906 0.013161 0.491768 
0.048394 0.048394 0.048394 0.854819 
0.250000 0.250000 0.250000 0.250000 
  81
0.529646 0.012616 0.046210 
0.418448 0.974223 0.462022 
0.051906 0.013161 0.491768 
0.048394 0.048394 0.854819 0.048394 
0.250000 0.250000 0.250000 0.250000 
  82
0.529646 0.012616 0.046210 
0.418448 0.974223 0.462022 
0.051906 0.013161 0.491768 
0.854819 0.048394 0.048394 0.048394 
0.250000 0.250000 0.250000 0.250000 
  83
0.529646 0.012616 0.046210 
0.418448 0.974223 0.462022 
0.051906 0.013161 0.491768 
0.854819 0.048394 0.048394 0.048394 
0.250000 0.250000 0.250000 0.250000 
  84
0.529646 0.012616 0.046210 
0.418448 0.974223 0.462022 
0.051906 0.013161 0.491768 
0.048394 0.048394 0.048394 0.854819 
0.250000 0.250000 0.250000 0.250000 
  85
0.529646 0.012616 0.046210 
0.418448 0.974223 0.462022 
0.051906 0.013161 0.491768 
0.048394 0.854819 0.048394 0.048394 
0.250000 0.250000 0.250000 0.250000 
  86
0.529646 0.012616 0.046210 
0.418448 0.974223 0.462022 
0.051906 0.013161 0.491768 
0.048394 0.048394 0.854819 0.048394 
0.250000 0.250000 0.250000 0.250000 
  87
0.529646 0.012616 0.046210 
0.418448 0.974223 0.462022 
0.051906 0.013161 0.491768 
0.854819 0.048394 0.048394 0.048394 
0.250000 0.250000 0.250000 0.250000 
  88
0.529646 0.012616 0.046210 
0.418448 0.974223 0.462022 
0.051906 0.013161 0.491768 
0.854819 0.048394 0.048394 0.048394 
0.250000 0.250000 0.250000 0.250000 
  89
0.529646 0.012616 0.046210 
0.418448 0.974223 0.462022 
0.051906 0.013161 0.491768 
0.048394 0.048394 0.854819 0.048394 
0.250000 0.250000 0.250000 0.250000 
  90
0.529646 0.012616 0.046210 
0.418448 0.974223 0.462022 
0.051906 0.013161 0.491768 
0.048394 0.048394 0.514545 0.388668 
0.250000 0.250000 0.250000 0.250000 
  91
0.529646 0.012616 0.046210 
0.418448 0.974223 0.462022 
0.051906 0.013161 0.491768 
0.048394 0.854819 0.048394 0.048394 
0.250000 0.250000 0.250000 0.250000 
  92
0.529646 0.012616 0.046210 
0.418448 0.974223 0.462022 
0.051906 0.013161 0.491768 
0.854819 0.048394 0.048394 0.048394 
0.250000 0.250000 0.250000 0.250000 
  93
0.529646 0.012616 0.046210 
0.418448 0.974223 0.462022 
0.051906 0.013161 0.491768 
0.854819 0.048394 0.048394 0.048394 
0.250000 0.250000 0.250000 0.250000 
  94
0.529646 0.012616 0.046210 
0.418448 0.974223 0.462022 
0.051906 0.013161 0.491768 
0.854819 0.048394 0.048394 0.048394 
0.250000 0.250000 0.250000 0.250000 
  95
0.529646 0.012616 0.046210 
0.418448 0.974223 0.462022 
0.051906 0.013161 0.491768 
0.048394 0.048394 0.854819 0.048394 
0.250000 0.250000 0.250000 0.250000 
  96
0.529646 0.012616 0.046210 
0.418448 0.974223 0.462022 
0.051906 0.013161 0.491768 
0.854819 0.048394 0.048394 0.048394 
0.250000 0.250000 0.250000 0.250000 
  97
0.529646 0.012616 0.046210 
0.418448 0.974223 0.462022 
0.051906 0.013161 0.491768 
0.048394 0.854819 0.048394 0.048394 
0.250000 0.250000 0.250000 0.250000 
  98
0.529646 0.012616 0.046210 
0.418448 0.974223 0.462022 
0.051906 0.013161 0.491768 
0.048394 0.048394 0.048394 0.854819 
0.250000 0.250000 0.250000 0.250000 
  99
0.529646 0.012616 0.046210 
0.418448 0.974223 0.462022 
0.051906 0.013161 0.491768 
0.223381 0.679831 0.048394 0.048394 
0.250000 0.250000 0.250000 0.250000 
 100
0.529646 0.012616 0.046210 
0.418448 0.974223 0.462022 
0.051906 0.013161 0.491768 
0.048394 0.854819 0.048394 0.048394 
0.250000 0.250000 0.250000 0.250000 
 101
0.529646 0.012616 0.046210 
0.418448 0.974223 0.462022 
0.051906 0.013161 0.491768 
0.854819 0.048394 0.048394 0.048394 
0.250000 0.250000 0.250000 0.250000 
 102
0.529646 0.012616 0.046210 
0.418448 0.974223 0.462022 
0.051906 0.013161 0.491768 
0.388668 0.514545 0.048394 0.048394 
0.250000 0.250000 0.250000 0.250000 
 103
0.529646 0.012616 0.046210 
0.418448 0.974223 0.462022 
0.051906 0.013161 0.491768 
0.048394 0.048394 0.854819 0.048394 
0.250000 0.250000 0.250000 0.250000 
 104
0.529646 0.012616 0.046210 
0.418448 0.974223 0.462022 
0.051906 0.013161 0.491768 
0.514545 0.388668 0.048394 0.048394 
0.250000 0.250000 0.250000 0.250000 
 105
0.529646 0.012616 0.046210 
0.418448 0.974223 0.462022 
0.051906 0.013161 0.491768 
0.131905 0.771307 0.048394 0.048394 
0.250000 0.250000 0.250000 0.250000 
 106
0.529646 0.012616 0.046210 
0.418448 0.974223 0.462022 
0.051906 0.013161 0.491768 
0.771307 0.048394 0.131905 0.048394 
0.250000 0.250000 0.250000 0.250000 
 107
0.529646 0.012616 0.046210 
0.418448 0.974223 0.462022 
0.051906 0.013161 0.491768 
0.048394 0.131905 0.295128 0.524572 
0.250000 0.250000 0.250000 0.250000 
 108
0.529646 0.012616 0.046210 
0.418448 0.974223 0.462022 
0.051906 0.013161 0.491768 
0.214429 0.688784 0.048394 0.048394 
0.250000 0.250000 0.250000 0.250000 
 109
0.529646 0.012616 0.046210 
0.418448 0.974223 0.462022 
0.051906 0.013161 0.491768 
0.854819 0.048394 0.048394 0.048394 
0.250000 0.250000 0.250000 0.250000 
 110
0.529646 0.012616 0.046210 
0.418448 0.974223 0.462022 
0.051906 0.013161 0.491768 
0.771307 0.048394 0.131905 0.048394 
0.250000 0.250000 0.250000 0.250000 
 111
0.529646 0.012616 0.046210 
0.418448 0.974223 0.462022 
0.051906 0.013161 0.491768 
0.131905 0.048394 0.596320 0.223381 
0.250000 0.250000 0.250000 0.250000 
 112
0.529646 0.012616 0.046210 
0.418448 0.974223 0.462022 
0.051906 0.013161 0.491768 
0.679831 0.223381 0.048394 0.048394 
0.250000 0.250000 0.250000 0.250000 
 113
0.529646 0.012616 0.046210 
0.418448 0.974223 0.462022 
0.051906 0.013161 0.491768 
0.048394 0.048394 0.048394 0.854819 
0.250000 0.250000 0.250000 0.250000 
 114
0.529646 0.012616 0.046210 
0.418448 0.974223 0.462022 
0.051906 0.013161 0.491768 
0.048394 0.048394 0.224971 0.678242 
0.250000 0.250000 0.250000 0.250000 
 115
0.529646 0.012616 0.046210 
0.418448 0.974223 0.462022 
0.051906 0.013161 0.491768 
0.048394 0.048394 0.854819 0.048394 
0.250000 0.250000 0.250000 0.250000 
 116
0.529646 0.012616 0.046210 
0.418448 0.974223 0.462022 
0.051906 0.013161 0.491768 
0.048394 0.048394 0.854819 0.048394 
0.250000 0.250000 0.250000 0.250000 
 117
0.529646 0.012616 0.046210 
0.418448 0.974223 0.462022 
0.051906 0.013161 0.491768 
0.224971 0.048394 0.471104 0.255532 
0.250000 0.250000 0.250000 0.250000 
 118
0.529646 0.012616 0.046210 
0.418448 0.974223 0.462022 
0.051906 0.013161 0.491768 
0.854819 0.048394 0.048394 0.048394 
0.250000 0.250000 0.250000 0.250000 
 119
0.529646 0.012616 0.046210 
0.418448 0.974223 0.462022 
0.051906 0.013161 0.491768 
0.048394 0.854819 0.048394 0.048394 
0.250000 0.250000 0.250000 0.250000 
 120
0.529646 0.012616 0.046210 
0.418448 0.974223 0.462022 
0.051906 0.013161 0.491768 
0.223381 0.679831 0.048394 0.048394 
0.250000 0.250000 0.250000 0.250000 
 121
0.529646 0.012616 0.046210 
0.418448 0.974223 0.462022 
0.051906 0.013161 0.491768 
0.854819 0.048394 0.048394 0.048394 
0.250000 0.250000 0.250000 0.250000 
 122
0.529646 0.012616 0.046210 
0.418448 0.974223 0.462022 
0.051906 0.013161 0.491768 
0.048394 0.048394 0.048394 0.854819 
0.250000 0.250000 0.250000 0.250000 
 123
0.529646 0.012616 0.046210 
0.418448 0.974223 0.462022 
0.051906 0.013161 0.491768 
0.048394 0.048394 0.048394 0.854819 
0.250000 0.250000 0.250000 0.250000 
 124
0.529646 0.012616 0.046210 
0.418448 0.974223 0.462022 
0.051906 0.013161 0.491768 
0.048394 0.048394 0.048394 0.854819 
0.250000 0.250000 0.250000 0.250000 
 125
0.529646 0.012616 0.046210 
0.418448 0.974223 0.462022 
0.051906 0.013161 0.491768 
0.048394 0.854819 0.048394 0.048394 
0.250000 0.250000 0.250000 0.250000 
 126
0.529646 0.012616 0.046210 
0.418448 0.974223 0.462022 
0.051906 0.013161 0.491768 
0.048394 0.048394 0.048394 0.854819 
0.250000 0.250000 0.250000 0.250000 
 127
0.529646 0.012616 0.046210 
0.418448 0.974223 0.462022 
0.051906 0.013161 0.491768 
0.854819 0.048394 0.048394 0.048394 
0.250000 0.250000 0.250000 0.250000 
 128
0.529646 0.012616 0.046210 
0.418448 0.974223 0.462022 
0.051906 0.013161 0.491768 
0.048394 0.048394 0.854819 0.048394 
0.250000 0.250000 0.250000 0.250000 
 129
0.529646 0.012616 0.046210 
0.418448 0.974223 0.462022 
0.051906 0.013161 0.491768 
0.048394 0.048394 0.135885 0.767327 
0.250000 0.250000 0.250000 0.250000 
 130
0.529646 0.012616 0.046210 
0.418448 0.974223 0.462022 
0.051906 0.013161 0.491768 
0.854819 0.048394 0.048394 0.048394 
0.250000 0.250000 0.250000 0.250000 
 131
0.529646 0.012616 0.046210 
0.418448 0.974223 0.462022 
0.051906 0.013161 0.491768 
0.854819 0.048394 0.048394 0.048394 
0.250000 0.250000 0.250000 0.250000 
 132
0.529646 0.012616 0.046210 
0.418448 0.974223 0.462022 
0.051906 0.013161 0.491768 
0.048394 0.854819 0.048394 0.048394 
0.250000 0.250000 0.250000 0.250000 
 133
0.529646 0.012616 0.046210 
0.418448 0.974223 0.462022 
0.051906 0.013161 0.491768 
0.048394 0.854819 0.048394 0.048394 
0.250000 0.250000 0.250000 0.250000 
 134
0.529646 0.012616 0.046210 
0.418448 0.974223 0.462022 
0.051906 0.013161 0.491768 
0.048394 0.854819 0.048394 0.048394 
0.250000 0.250000 0.250000 0.250000 
 135
0.529646 0.012616 0.046210 
0.418448 0.974223 0.462022 
0.051906 0.013161 0.491768 
0.224971 0.678242 0.048394 0.048394 
0.250000 0.250000 0.250000 0.250000 
 136
0.529646 0.012616 0.046210 
0.418448 0.974223 0.462022 
0.051906 0.013161 0.491768 
0.854819 0.048394 0.048394 0.048394 
0.250000 0.250000 0.250000 0.250000 
 137
0.529646 0.012616 0.046210 
0.418448 0.974223 0.462022 
0.051906 0.013161 0.491768 
0.854819 0.048394 0.048394 0.048394 
0.250000 0.250000 0.250000 0.250000 
 138
0.529646 0.012616 0.046210 
0.418448 0.974223 0.462022 
0.051906 0.013161 0.491768 
0.048394 0.854819 0.048394 0.048394 
0.250000 0.250000 0.250000 0.250000 
 139
0.529646 0.012616 0.046210 
0.418448 0.974223 0.462022 
0.051906 0.013161 0.491768 
0.854819 0.048394 0.048394 0.048394 
0.250000 0.250000 0.250000 0.250000 
 140
0.529646 0.012616 0.046210 
0.418448 0.974223 0.462022 
0.051906 0.013161 0.491768 
0.634745 0.224971 0.091890 0.048394 
0.250000 0.250000 0.250000 0.250000 
 141
0.529646 0.012616 0.046210 
0.418448 0.974223 0.462022 
0.051906 0.013161 0.491768 
0.503254 0.399958 0.048394 0.048394 
0.250000 0.250000 0.250000 0.250000 
 142
0.529646 0.012616 0.046210 
0.418448 0.974223 0.462022 
0.051906 0.013161 0.491768 
0.048394 0.854819 0.048394 0.048394 
0.250000 0.250000 0.250000 0.250000 
 143
0.529646 0.012616 0.046210 
0.418448 0.974223 0.462022 
0.051906 0.013161 0.491768 
0.048394 0.048394 0.854819 0.048394 
0.250000 0.250000 0.250000 0.250000 
 144
0.529646 0.012616 0.046210 
0.418448 0.974223 0.462022 
0.051906 0.013161 0.491768 
0.854819 0.048394 0.048394 0.048394 
0.250000 0.250000 0.250000 0.250000 
 145
0.529646 0.012616 0.046210 
0.418448 0.974223 0.462022 
0.051906 0.013161 0.491768 
0.854819 0.048394 0.048394 0.048394 
0.250000 0.250000 0.250000 0.250000 
 146
0.529646 0.012616 0.046210 
0.418448 0.974223 0.462022 
0.051906 0.013161 0.491768 
0.048394 0.048394 0.048394 0.854819 
0.250000 0.250000 0.250000 0.250000 
 147
0.529646 0.012616 0.046210 
0.418448 0.974223 0.462022 
0.051906 0.013161 0.491768 
0.048394 0.048394 0.213353 0.689859 
0.250000 0.250000 0.250000 0.250000 
 148
0.529646 0.012616 0.046210 
0.418448 0.974223 0.462022 
0.051906 0.013161 0.491768 
0.048394 0.854819 0.048394 0.048394 
0.250000 0.250000 0.250000 0.250000 
 149
0.529646 0.012616 0.046210 
0.418448 0.974223 0.462022 
0.051906 0.013161 0.491768 
0.854819 0.048394 0.048394 0.048394 
0.250000 0.250000 0.250000 0.250000 
 150
0.529646 0.012616 0.046210 
0.418448 0.974223 0.462022 
0.051906 0.013161 0.491768 
0.048394 0.048394 0.255532 0.647681 
0.250000 0.250000 0.250000 0.250000 
 151
0.529646 0.012616 0.046210 
0.418448 0.974223 0.462022 
0.051906 0.013161 0.491768 
0.048394 0.048394 0.854819 0.048394 
0.250000 0.250000 0.250000 0.250000 
 152
0.529646 0.012616 0.046210 
0.418448 0.974223 0.462022 
0.051906 0.013161 0.491768 
0.048394 0.048394 0.048394 0.854819 
0.250000 0.250000 0.250000 0.250000 
 153
0.529646 0.012616 0.046210 
0.418448 0.974223 0.462022 
0.051906 0.013161 0.491768 
0.048394 0.048394 0.048394 0.854819 
0.250000 0.250000 0.250000 0.250000 
 154
0.529646 0.012616 0.046210 
0.418448 0.974223 0.462022 
0.051906 0.013161 0.491768 
0.048394 0.854819 0.048394 0.048394 
0.250000 0.250000 0.250000 0.250000 
 155
0.529646 0.012616 0.046210 
0.418448 0.974223 0.462022 
0.051906 0.013161 0.491768 
0.048394 0.854819 0.048394 0.048394 
0.250000 0.250000 0.250000 0.250000 
 156
0.529646 0.012616 0.046210 
0.418448 0.974223 0.462022 
0.051906 0.013161 0.491768 
0.048394 0.048394 0.093062 0.810151 
0.250000 0.250000 0.250000 0.250000 
 157
0.529646 0.012616 0.046210 
0.418448 0.974223 0.462022 
0.051906 0.013161 0.491768 
0.048394 0.048394 0.854819 0.048394 
0.250000 0.250000 0.250000 0.250000 
 158
0.529646 0.012616 0.046210 
0.418448 0.974223 0.462022 
0.051906 0.013161 0.491768 
0.854819 0.048394 0.048394 0.048394 
0.250000 0.250000 0.250000 0.250000 
 159
0.529646 0.012616 0.046210 
0.418448 0.974223 0.462022 
0.051906 0.013161 0.491768 
0.264641 0.638571 0.048394 0.048394 
0.250000 0.250000 0.250000 0.250000 
 160
0.529646 0.012616 0.046210 
0.418448 0.974223 0.462022 
0.051906 0.013161 0.491768 
0.048394 0.048394 0.048394 0.854819 
0.250000 0.250000 0.250000 0.250000 
 161
0.529646 0.012616 0.046210 
0.418448 0.974223 0.462022 
0.051906 0.013161 0.491768 
0.048394 0.854819 0.048394 0.048394 
0.250000 0.250000 0.250000 0.250000 
 162
0.529646 0.012616 0.046210 
0.418448 0.974223 0.462022 
0.051906 0.013161 0.491768 
0.048394 0.048394 0.048394 0.854819 
0.250000 0.250000 0.250000 0.250000 
 163
0.529646 0.012616 0.046210 
0.418448 0.974223 0.462022 
0.051906 0.013161 0.491768 
0.048394 0.854819 0.048394 0.048394 
0.250000 0.250000 0.250000 0.250000 
 164
0.529646 0.012616 0.046210 
0.418448 0.974223 0.462022 
0.051906 0.013161 0.491768 
0.048394 0.854819 0.048394 0.048394 
0.250000 0.250000 0.250000 0.250000 
 165
0.529646 0.012616 0.046210 
0.418448 0.974223 0.462022 
0.051906 0.013161 0.491768 
0.305817 0.420818 0.224971 0.048394 
0.250000 0.250000 0.250000 0.250000 
 166
0.529646 0.012616 0.046210 
0.418448 0.974223 0.462022 
0.051906 0.013161 0.491768 
0.048394 0.048394 0.048394 0.854819 
0.250000 0.250000 0.250000 0.250000 
 167
0.529646 0.012616 0.046210 
0.418448 0.974223 0.462022 
0.051906 0.013161 0.491768 
0.048394 0.048394 0.048394 0.854819 
0.250000 0.250000 0.250000 0.250000 
 168
0.529646 0.012616 0.046210 
0.418448 0.974223 0.462022 
0.051906 0.013161 0.491768 
0.224971 0.678242 0.048394 0.048394 
0.250000 0.250000 0.250000 0.250000 
 169
0.529646 0.012616 0.046210 
0.418448 0.974223 0.462022 
0.051906 0.013161 0.491768 
0.048394 0.048394 0.854819 0.048394 
0.250000 0.250000 0.250000 0.250000 
 170
0.529646 0.012616 0.046210 
0.418448 0.974223 0.462022 
0.051906 0.013161 0.491768 
0.048394 0.048394 0.048394 0.854819 
0.250000 0.250000 0.250000 0.250000 
 171
0.529646 0.012616 0.046210 
0.418448 0.974223 0.462022 
0.051906 0.013161 0.491768 
0.048394 0.048394 0.048394 0.854819 
0.250000 0.250000 0.250000 0.250000 
 172
0.529646 0.012616 0.046210 
0.418448 0.974223 0.462022 
0.051906 0.013161 0.491768 
0.048394 0.854819 0.048394 0.048394 
0.250000 0.250000 0.250000 0.250000 
 173
0.529646 0.012616 0.046210 
0.418448 0.974223 0.462022 
0.051906 0.013161 0.491768 
0.048394 0.854819 0.048394 0.048394 
0.250000 0.250000 0.250000 0.250000 
 174
0.529646 0.012616 0.046210 
0.418448 0.974223 0.462022 
0.051906 0.013161 0.491768 
0.854819 0.048394 0.048394 0.048394 
0.250000 0.250000 0.250000 0.250000 
 175
0.529646 0.012616 0.046210 
0.418448 0.974223 0.462022 
0.051906 0.013161 0.491768 
0.854819 0.048394 0.048394 0.048394 
0.250000 0.250000 0.250000 0.250000 
 176
0.529646 0.012616 0.046210 
0.418448 0.974223 0.462022 
0.051906 0.013161 0.491768 
0.048394 0.048394 0.048394 0.854819 
0.250000 0.250000 0.250000 0.250000 
 177
0.529646 0.012616 0.046210 
0.418448 0.974223 0.462022 
0.051906 0.013161 0.491768 
0.048394 0.048394 0.048394 0.854819 
0.250000 0.250000 0.250000 0.250000 
 178
0.529646 0.012616 0.046210 
0.418448 0.974223 0.462022 
0.051906 0.013161 0.491768 
0.553627 0.349585 0.048394 0.048394 
0.250000 0.250000 0.250000 0.250000 
 179
0.529646 0.012616 0.046210 
0.418448 0.974223 0.462022 
0.051906 0.013161 0.491768 
0.048394 0.048394 0.048394 0.854819 
0.250000 0.250000 0.250000 0.250000 
 180
0.529646 0.012616 0.046210 
0.418448 0.974223 0.462022 
0.051906 0.013161 0.491768 
0.048394 0.048394 0.349585 0.553627 
0.250000 0.250000 0.250000 0.250000 
 181
0.529646 0.012616 0.046210 
0.418448 0.974223 0.462022 
0.051906 0.013161 0.491768 
0.854819 0.048394 0.048394 0.048394 
0.250000 0.250000 0.250000 0.250000 
 182
0.529646 0.012616 0.046210 
0.418448 0.974223 0.462022 
0.051906 0.013161 0.491768 
0.048394 0.048394 0.854819 0.048394 
0.250000 0.250000 0.250000 0.250000 
 183
0.529646 0.012616 0.046210 
0.418448 0.974223 0.462022 
0.051906 0.013161 0.491768 
0.730204 0.048394 0.048394 0.173008 
0.250000 0.250000 0.250000 0.250000 
 184
0.529646 0.012616 0.046210 
0.418448 0.974223 0.462022 
0.051906 0.013161 0.491768 
0.048394 0.854819 0.048394 0.048394 
0.250000 0.250000 0.250000 0.250000 
 185
0.529646 0.012616 0.046210 
0.418448 0.974223 0.462022 
0.051906 0.013161 0.491768 
0.048394 0.854819 0.048394 0.048394 
0.250000 0.250000 0.250000 0.250000 
 186
0.529646 0.012616 0.046210 
0.418448 0.974223 0.462022 
0.051906 0.013161 0.491768 
0.678242 0.224971 0.048394 0.048394 
0.250000 0.250000 0.250000 0.250000 
 187
0.529646 0.012616 0.046210 
0.418448 0.974223 0.462022 
0.051906 0.013161 0.491768 
0.048394 0.048394 0.854819 0.048394 
0.250000 0.250000 0.250000 0.250000 
 188
0.529646 0.012616 0.046210 
0.418448 0.974223 0.462022 
0.051906 0.013161 0.491768 
0.048394 0.048394 0.854819 0.048394 
0.250000 0.250000 0.250000 0.250000 
 189
0.529646 0.012616 0.046210 
0.418448 0.974223 0.462022 
0.051906 0.013161 0.491768 
0.854819 0.048394 0.048394 0.048394 
0.250000 0.250000 0.250000 0.250000 
 190
0.529646 0.012616 0.046210 
0.418448 0.974223 0.462022 
0.051906 0.013161 0.491768 
0.048394 0.048394 0.854819 0.048394 
0.250000 0.250000 0.250000 0.250000 
 191
0.529646 0.012616 0.046210 
0.418448 0.974223 0.462022 
0.051906 0.013161 0.491768 
0.048394 0.048394 0.854819 0.048394 
0.250000 0.250000 0.250000 0.250000 
 192
0.529646 0.012616 0.046210 
0.418448 0.974223 0.462022 
0.051906 0.013161 0.491768 
0.048394 0.048394 0.048394 0.854819 
0.250000 0.250000 0.250000 0.250000 
 193
0.529646 0.012616 0.046210 
0.418448 0.974223 0.462022 
0.051906 0.013161 0.491768 
0.048394 0.048394 0.854819 0.048394 
0.250000 0.250000 0.250000 0.250000 
 194
0.529646 0.012616 0.046210 
0.418448 0.974223 0.462022 
0.051906 0.013161 0.491768 
0.854819 0.048394 0.048394 0.048394 
0.250000 0.250000 0.250000 0.250000 
 195
0.529646 0.012616 0.046210 
0.418448 0.974223 0.462022 
0.051906 0.013161 0.491768 
0.854819 0.048394 0.048394 0.048394 
0.250000 0.250000 0.250000 0.250000 
 196
0.529646 0.012616 0.046210 
0.418448 0.974223 0.462022 
0.051906 0.013161 0.491768 
0.048394 0.048394 0.048394 0.854819 
0.250000 0.250000 0.250000 0.250000 
 197
0.529646 0.012616 0.046210 
0.418448 0.974223 0.462022 
0.051906 0.013161 0.491768 
0.048394 0.854819 0.048394 0.048394 
0.250000 0.250000 0.250000 0.250000 
 198
0.529646 0.012616 0.046210 
0.418448 0.974223 0.462022 
0.051906 0.013161 0.491768 
0.048394 0.048394 0.048394 0.854819 
0.250000 0.250000 0.250000 0.250000 
 199
0.529646 0.012616 0.046210 
0.418448 0.974223 0.462022 
0.051906 0.013161 0.491768 
0.048394 0.854819 0.048394 0.048394 
0.250000 0.250000 0.250000 0.250000 
 200
0.529646 0.012616 0.046210 
0.418448 0.974223 0.462022 
0.051906 0.013161 0.491768 
0.854819 0.048394 0.048394 0.048394 
0.250000 0.250000 0.250000 0.250000 
 201
0.529646 0.012616 0.046210 
0.418448 0.974223 0.462022 
0.051906 0.013161 0.491768 
0.048394 0.048394 0.048394 0.854819 
0.250000 0.250000 0.250000 0.250000 
 202
0.529646 0.012616 0.046210 
0.418448 0.974223 0.462022 
0.051906 0.013161 0.491768 
0.048394 0.048394 0.854819 0.048394 
0.250000 0.250000 0.250000 0.250000 
 203
0.529646 0.012616 0.046210 
0.418448 0.974223 0.462022 
0.051906 0.013161 0.491768 
0.679831 0.048394 0.048394 0.223381 
0.250000 0.250000 0.250000 0.250000 
 204
0.529646 0.012616 0.046210 
0.418448 0.974223 0.462022 
0.051906 0.013161 0.491768 
0.553627 0.349585 0.048394 0.048394 
0.250000 0.250000 0.250000 0.250000 
 205
0.529646 0.012616 0.046210 
0.418448 0.974223 0.462022 
0.051906 0.013161 0.491768 
0.048394 0.048394 0.048394 0.854819 
0.250000 0.250000 0.250000 0.250000 
 206
0.529646 0.012616 0.046210 
0.418448 0.974223 0.462022 
0.051906 0.013161 0.491768 
0.048394 0.048394 0.048394 0.854819 
0.250000 0.250000 0.250000 0.250000 
 207
0.529646 0.012616 0.046210 
0.418448 0.974223 0.462022 
0.051906 0.013161 0.491768 
0.048394 0.048394 0.514882 0.388331 
0.250000 0.250000 0.250000 0.250000 
 208
0.529646 0.012616 0.046210 
0.418448 0.974223 0.462022 
0.051906 0.013161 0.491768 
0.048394 0.048394 0.854819 0.048394 
0.250000 0.250000 0.250000 0.250000 
 209
0.529646 0.012616 0.046210 
0.418448 0.974223 0.462022 
0.051906 0.013161 0.491768 
0.048394 0.048394 0.048394 0.854819 
0.250000 0.250000 0.250000 0.250000 
 210
0.529646 0.012616 0.046210 
0.418448 0.974223 0.462022 
0.051906 0.013161 0.491768 
0.048394 0.048394 0.679831 0.223381 
0.250000 0.250000 0.250000 0.250000 
 211
0.529646 0.012616 0.046210 
0.418448 0.974223 0.462022 
0.051906 0.013161 0.491768 
0.048394 0.854819 0.048394 0.048394 
0.250000 0.250000 0.250000 0.250000 
 212
0.529646 0.012616 0.046210 
0.418448 0.974223 0.462022 
0.051906 0.013161 0.491768 
0.854819 0.048394 0.048394 0.048394 
0.250000 0.250000 0.250000 0.250000 
 213
0.529646 0.012616 0.046210 
0.418448 0.974223 0.462022 
0.051906 0.013161 0.491768 
0.223381 0.679831 0.048394 0.048394 
0.250000 0.250000 0.250000 0.250000 
 214
0.529646 0.012616 0.046210 
0.418448 0.974223 0.462022 
0.051906 0.013161 0.491768 
0.048394 0.048394 0.048394 0.854819 
0.250000 0.250000 0.250000 0.250000 
 215
0.529646 0.012616 0.046210 
0.418448 0.974223 0.462022 
0.051906 0.013161 0.491768 
0.048394 0.048394 0.048394 0.854819 
0.250000 0.250000 0.250000 0.250000 
 216
0.529646 0.012616 0.046210 
0.418448 0.974223 0.462022 
0.051906 0.013161 0.491768 
0.048394 0.048394 0.854819 0.048394 
0.250000 0.250000 0.250000 0.250000 
 217
0.529646 0.012616 0.046210 
0.418448 0.974223 0.462022 
0.051906 0.013161 0.491768 
0.854819 0.048394 0.048394 0.048394 
0.250000 0.250000 0.250000 0.250000 
 218
0.529646 0.012616 0.046210 
0.418448 0.974223 0.462022 
0.051906 0.013161 0.491768 
0.048394 0.048394 0.854819 0.048394 
0.250000 0.250000 0.250000 0.250000 
 219
0.529646 0.012616 0.046210 
0.418448 0.974223 0.462022 
0.051906 0.013161 0.491768 
0.514545 0.388668 0.048394 0.048394 
0.250000 0.250000 0.250000 0.250000 
 220
0.529646 0.012616 0.046210 
0.418448 0.974223 0.462022 
0.051906 0.013161 0.491768 
0.048394 0.854819 0.048394 0.048394 
0.250000 0.250000 0.250000 0.250000 
 221
0.529646 0.012616 0.046210 
0.418448 0.974223 0.462022 
0.051906 0.013161 0.491768 
0.048394 0.048394 0.854819 0.048394 
0.250000 0.250000 0.250000 0.250000 
 222
0.529646 0.012616 0.046210 
0.418448 0.974223 0.462022 
0.051906 0.013161 0.491768 
0.048394 0.048394 0.767327 0.135885 
0.250000 0.250000 0.250000 0.250000 
 223
0.529646 0.012616 0.046210 
0.418448 0.974223 0.462022 
0.051906 0.013161 0.491768 
0.048394 0.854819 0.048394 0.048394 
0.250000 0.250000 0.250000 0.250000 
 224
0.529646 0.012616 0.046210 
0.418448 0.974223 0.462022 
0.051906 0.013161 0.491768 
0.854819 0.048394 0.048394 0.048394 
0.250000 0.250000 0.250000 0.250000 
 225
0.529646 0.012616 0.046210 
0.418448 0.974223 0.462022 
0.051906 0.013161 0.491768 
0.048394 0.048394 0.048394 0.854819 
0.250000 0.250000 0.250000 0.250000 
 226
0.529646 0.012616 0.046210 
0.418448 0.974223 0.462022 
0.051906 0.013161 0.491768 
0.048394 0.048394 0.048394 0.854819 
0.250000 0.250000 0.250000 0.250000 
 227
0.529646 0.012616 0.046210 
0.418448 0.974223 0.462022 
0.051906 0.013161 0.491768 
0.048394 0.048394 0.048394 0.854819 
0.250000 0.250000 0.250000 0.250000 
 228
0.529646 0.012616 0.046210 
0.418448 0.974223 0.462022 
0.051906 0.013161 0.491768 
0.388668 0.514545 0.048394 0.048394 
0.250000 0.250000 0.250000 0.250000 
 229
0.529646 0.012616 0.046210 
0.418448 0.974223 0.462022 
0.051906 0.013161 0.491768 
0.854819 0.048394 0.048394 0.048394 
0.250000 0.250000 0.250000 0.250000 
 230
0.529646 0.012616 0.046210 
0.418448 0.974223 0.462022 
0.051906 0.013161 0.491768 
0.048394 0.048394 0.048394 0.854819 
0.250000 0.250000 0.250000 0.250000 
 231
0.529646 0.012616 0.046210 
0.418448 0.974223 0.462022 
0.051906 0.013161 0.491768 
0.854819 0.048394 0.048394 0.048394 
0.250000 0.250000 0.250000 0.250000 
 232
0.529646 0.012616 0.046210 
0.418448 0.974223 0.462022 
0.051906 0.013161 0.491768 
0.854819 0.048394 0.048394 0.048394 
0.250000 0.250000 0.250000 0.250000 
 233
0.529646 0.012616 0.046210 
0.418448 0.974223 0.462022 
0.051906 0.013161 0.491768 
0.048394 0.048394 0.048394 0.854819 
0.250000 0.250000 0.250000 0.250000 
 234
0.529646 0.012616 0.046210 
0.418448 0.974223 0.462022 
0.051906 0.013161 0.491768 
0.048394 0.048394 0.854819 0.048394 
0.250000 0.250000 0.250000 0.250000 
 235
0.529646 0.012616 0.046210 
0.418448 0.974223 0.462022 
0.051906 0.013161 0.491768 
0.048394 0.854819 0.048394 0.048394 
