%  SAM: /Volumes/gf_atl_2012/Tools/LABEL_RES/scripts/modelfromalign v3.5 (July 15, 2005) compiled 03/03/09_11:47:37
%  (c) 1992-2001 Regents of the University of California, Santa Cruz
%
%          Sequence Alignment and Modeling Software System
%         http://www.cse.ucsc.edu/research/compbio/sam.html
%
% ----------------- Citations (SAM, SAM-T2K, HMMs) --------------------
% R. Hughey, A. Krogh, Hidden Markov models for sequence analysis:
%  Extension and analysis of the basic method, CABIOS 12:95-107, 1996.
% K. Karplus, et al., What is the value added by human intervention in protein
%  structure prediction, Proteins: Stucture, Function, Genetics 45(S5):86--91, 2001.
% A. Krogh et al., Hidden Markov models in computational biology:
%  Applications to protein modeling, JMB 235:1501-1531, Feb 1994.
% ---------------------------------------------------------------------
%  c-A3_avEA_hmm   Host: m222714.cdc.gov    Tue Apr  9 14:43:36 2013
%  vfn4            Dir:  /Volumes/gf_atl_2012/Genotyping/H7/set_2013-04-05/base
% ---------------------------------------------------------------------
%  Alignment weights from internal calc.  Total (24.10) Max (0.22) Min (0.03)
%  Weights from alignment method 1 (karplus), b=-1.000000, e=0.500000
MODEL --  Model from alignment file /Volumes/gf_atl_2012/Tools/LABEL_RES/training_data/H7/c-A3_avEA.fasta
alphabet DNA
FREQAVE
0.000000 0.000000 0.000000 
0.000000 0.000000 0.000000 
0.000000 0.000000 0.000000 
0.334916 0.251906 0.184752 0.228426 
0.334916 0.251906 0.184752 0.228426 
Begin
0.000000 0.000000 0.000000 
0.000000 0.000000 0.000000 
0.000000 0.006625 0.491768 
0.250000 0.250000 0.250000 0.250000 
0.250000 0.250000 0.250000 0.250000 
   1
0.000000 0.015512 0.046210 
0.000000 0.977863 0.462022 
0.052495 0.006686 0.491768 
0.018182 0.961605 0.010107 0.010107 
0.250000 0.250000 0.250000 0.250000 
   2
0.524308 0.006409 0.046210 
0.423197 0.986905 0.462022 
0.052495 0.006686 0.491768 
0.969680 0.010107 0.010107 0.010107 
0.250000 0.250000 0.250000 0.250000 
   3
0.524308 0.006409 0.046210 
0.423197 0.986905 0.462022 
0.052495 0.006686 0.491768 
0.010107 0.010107 0.935921 0.043866 
0.250000 0.250000 0.250000 0.250000 
   4
0.524308 0.006409 0.046210 
0.423197 0.986905 0.462022 
0.052495 0.006686 0.491768 
0.969680 0.010107 0.010107 0.010107 
0.250000 0.250000 0.250000 0.250000 
   5
0.524308 0.006409 0.046210 
0.423197 0.986905 0.462022 
0.052495 0.006686 0.491768 
0.969680 0.010107 0.010107 0.010107 
0.250000 0.250000 0.250000 0.250000 
   6
0.524308 0.006409 0.046210 
0.423197 0.986905 0.462022 
0.052495 0.006686 0.491768 
0.403827 0.575959 0.010107 0.010107 
0.250000 0.250000 0.250000 0.250000 
   7
0.524308 0.006409 0.046210 
0.423197 0.986905 0.462022 
0.052495 0.006686 0.491768 
0.969680 0.010107 0.010107 0.010107 
0.250000 0.250000 0.250000 0.250000 
   8
0.524308 0.006409 0.046210 
0.423197 0.986905 0.462022 
0.052495 0.006686 0.491768 
0.010107 0.010107 0.010107 0.969680 
0.250000 0.250000 0.250000 0.250000 
   9
0.524308 0.006409 0.046210 
0.423197 0.986905 0.462022 
0.052495 0.006686 0.491768 
0.020793 0.010107 0.801683 0.167418 
0.250000 0.250000 0.250000 0.250000 
  10
0.524308 0.006409 0.046210 
0.423197 0.986905 0.462022 
0.052495 0.006686 0.491768 
0.010107 0.022316 0.010107 0.957471 
0.250000 0.250000 0.250000 0.250000 
  11
0.524308 0.006409 0.046210 
0.423197 0.986905 0.462022 
0.052495 0.006686 0.491768 
0.010107 0.967214 0.012573 0.010107 
0.250000 0.250000 0.250000 0.250000 
  12
0.524308 0.006409 0.046210 
0.423197 0.986905 0.462022 
0.052495 0.006686 0.491768 
0.010107 0.010107 0.936716 0.043071 
0.250000 0.250000 0.250000 0.250000 
  13
0.524308 0.006409 0.046210 
0.423197 0.986905 0.462022 
0.052495 0.006686 0.491768 
0.010107 0.010107 0.969680 0.010107 
0.250000 0.250000 0.250000 0.250000 
  14
0.524308 0.006409 0.046210 
0.423197 0.986905 0.462022 
0.052495 0.006686 0.491768 
0.010107 0.010107 0.010107 0.969680 
0.250000 0.250000 0.250000 0.250000 
  15
0.524308 0.006409 0.046210 
0.423197 0.986905 0.462022 
0.052495 0.006686 0.491768 
0.010107 0.012101 0.135824 0.841969 
0.250000 0.250000 0.250000 0.250000 
  16
0.524308 0.006409 0.046210 
0.423197 0.986905 0.462022 
0.052495 0.006686 0.491768 
0.010107 0.969680 0.010107 0.010107 
0.250000 0.250000 0.250000 0.250000 
  17
0.524308 0.006409 0.046210 
0.423197 0.986905 0.462022 
0.052495 0.006686 0.491768 
0.010107 0.969680 0.010107 0.010107 
0.250000 0.250000 0.250000 0.250000 
  18
0.524308 0.006409 0.046210 
0.423197 0.986905 0.462022 
0.052495 0.006686 0.491768 
0.162702 0.814509 0.010107 0.012683 
0.250000 0.250000 0.250000 0.250000 
  19
0.524308 0.006409 0.046210 
0.423197 0.986905 0.462022 
0.052495 0.006686 0.491768 
0.010107 0.010107 0.969680 0.010107 
0.250000 0.250000 0.250000 0.250000 
  20
0.524308 0.006409 0.046210 
0.423197 0.986905 0.462022 
0.052495 0.006686 0.491768 
0.969680 0.010107 0.010107 0.010107 
0.250000 0.250000 0.250000 0.250000 
  21
0.524308 0.006409 0.046210 
0.423197 0.986905 0.462022 
0.052495 0.006686 0.491768 
0.010107 0.010107 0.234797 0.744989 
0.250000 0.250000 0.250000 0.250000 
  22
0.524308 0.006409 0.046210 
0.423197 0.986905 0.462022 
0.052495 0.006686 0.491768 
0.010107 0.010107 0.969680 0.010107 
0.250000 0.250000 0.250000 0.250000 
  23
0.524308 0.006409 0.046210 
0.423197 0.986905 0.462022 
0.052495 0.006686 0.491768 
0.969680 0.010107 0.010107 0.010107 
0.250000 0.250000 0.250000 0.250000 
  24
0.524308 0.006409 0.046210 
0.423197 0.986905 0.462022 
0.052495 0.006686 0.491768 
0.010107 0.010107 0.020852 0.958935 
0.250000 0.250000 0.250000 0.250000 
  25
0.524308 0.006409 0.046210 
0.423197 0.986905 0.462022 
0.052495 0.006686 0.491768 
0.010107 0.969680 0.010107 0.010107 
0.250000 0.250000 0.250000 0.250000 
  26
0.524308 0.006409 0.046210 
0.423197 0.986905 0.462022 
0.052495 0.006686 0.491768 
0.010107 0.010107 0.969680 0.010107 
0.250000 0.250000 0.250000 0.250000 
  27
0.524308 0.006409 0.046210 
0.423197 0.986905 0.462022 
0.052495 0.006686 0.491768 
0.010107 0.010107 0.815530 0.164257 
0.250000 0.250000 0.250000 0.250000 
  28
0.524308 0.006409 0.046210 
0.423197 0.986905 0.462022 
0.052495 0.006686 0.491768 
0.010107 0.969680 0.010107 0.010107 
0.250000 0.250000 0.250000 0.250000 
  29
0.524308 0.006409 0.046210 
0.423197 0.986905 0.462022 
0.052495 0.006686 0.491768 
0.010107 0.010107 0.010107 0.969680 
0.250000 0.250000 0.250000 0.250000 
  30
0.524308 0.006409 0.046210 
0.423197 0.986905 0.462022 
0.052495 0.006686 0.491768 
0.027928 0.951858 0.010107 0.010107 
0.250000 0.250000 0.250000 0.250000 
  31
0.524308 0.006409 0.046210 
0.423197 0.986905 0.462022 
0.052495 0.006686 0.491768 
0.015104 0.010107 0.072515 0.902274 
0.250000 0.250000 0.250000 0.250000 
  32
0.524308 0.006409 0.046210 
0.423197 0.986905 0.462022 
0.052495 0.006686 0.491768 
0.010107 0.010107 0.967910 0.011877 
0.250000 0.250000 0.250000 0.250000 
  33
0.524308 0.006409 0.046210 
0.423197 0.986905 0.462022 
0.052495 0.006686 0.491768 
0.946303 0.022030 0.014036 0.017631 
0.250000 0.250000 0.250000 0.250000 
  34
0.524308 0.006409 0.046210 
0.423197 0.986905 0.462022 
0.052495 0.006686 0.491768 
0.969680 0.010107 0.010107 0.010107 
0.250000 0.250000 0.250000 0.250000 
  35
0.524308 0.006409 0.046210 
0.423197 0.986905 0.462022 
0.052495 0.006686 0.491768 
0.967762 0.010107 0.012025 0.010107 
0.250000 0.250000 0.250000 0.250000 
  36
0.524308 0.006409 0.046210 
0.423197 0.986905 0.462022 
0.052495 0.006686 0.491768 
0.012706 0.010107 0.910849 0.066338 
0.250000 0.250000 0.250000 0.250000 
  37
0.524308 0.006409 0.046210 
0.423197 0.986905 0.462022 
0.052495 0.006686 0.491768 
0.010107 0.969680 0.010107 0.010107 
0.250000 0.250000 0.250000 0.250000 
  38
0.524308 0.006409 0.046210 
0.423197 0.986905 0.462022 
0.052495 0.006686 0.491768 
0.010107 0.969680 0.010107 0.010107 
0.250000 0.250000 0.250000 0.250000 
  39
0.524308 0.006409 0.046210 
0.423197 0.986905 0.462022 
0.052495 0.006686 0.491768 
0.356773 0.623014 0.010107 0.010107 
0.250000 0.250000 0.250000 0.250000 
  40
0.514023 0.006409 0.046210 
0.433481 0.986905 0.462022 
0.053041 0.006679 0.491768 
0.957025 0.022798 0.010089 0.010089 
0.250000 0.250000 0.250000 0.250000 
  41
0.519365 0.006402 0.046210 
0.427594 0.986919 0.462022 
0.053041 0.006679 0.491768 
0.010089 0.010089 0.968221 0.011602 
0.250000 0.250000 0.250000 0.250000 
  42
0.519365 0.006402 0.046210 
0.427594 0.986919 0.462022 
0.053041 0.006679 0.491768 
0.010089 0.010089 0.106900 0.872923 
0.250000 0.250000 0.250000 0.250000 
  43
0.519365 0.006402 0.046210 
0.427594 0.986919 0.462022 
0.053041 0.006679 0.491768 
0.969734 0.010089 0.010089 0.010089 
0.250000 0.250000 0.250000 0.250000 
  44
0.519365 0.006402 0.046210 
0.427594 0.986919 0.462022 
0.053041 0.006679 0.491768 
0.969734 0.010089 0.010089 0.010089 
0.250000 0.250000 0.250000 0.250000 
  45
0.519365 0.006402 0.046210 
0.427594 0.986919 0.462022 
0.053041 0.006679 0.491768 
0.818840 0.160983 0.010089 0.010089 
0.250000 0.250000 0.250000 0.250000 
  46
0.519365 0.006402 0.046210 
0.427594 0.986919 0.462022 
0.053041 0.006679 0.491768 
0.024686 0.955136 0.010089 0.010089 
0.250000 0.250000 0.250000 0.250000 
  47
0.519365 0.006402 0.046210 
0.427594 0.986919 0.462022 
0.053041 0.006679 0.491768 
0.010089 0.010089 0.010089 0.969734 
0.250000 0.250000 0.250000 0.250000 
  48
0.519365 0.006402 0.046210 
0.427594 0.986919 0.462022 
0.053041 0.006679 0.491768 
0.956704 0.023118 0.010089 0.010089 
0.250000 0.250000 0.250000 0.250000 
  49
0.519365 0.006402 0.046210 
0.427594 0.986919 0.462022 
0.053041 0.006679 0.491768 
0.967587 0.012236 0.010089 0.010089 
0.250000 0.250000 0.250000 0.250000 
  50
0.519365 0.006402 0.046210 
0.427594 0.986919 0.462022 
0.053041 0.006679 0.491768 
0.969734 0.010089 0.010089 0.010089 
0.250000 0.250000 0.250000 0.250000 
  51
0.519365 0.006402 0.046210 
0.427594 0.986919 0.462022 
0.053041 0.006679 0.491768 
0.010089 0.010089 0.965562 0.014261 
0.250000 0.250000 0.250000 0.250000 
  52
0.519365 0.006402 0.046210 
0.427594 0.986919 0.462022 
0.053041 0.006679 0.491768 
0.969734 0.010089 0.010089 0.010089 
0.250000 0.250000 0.250000 0.250000 
  53
0.519365 0.006402 0.046210 
0.427594 0.986919 0.462022 
0.053041 0.006679 0.491768 
0.010089 0.010089 0.969734 0.010089 
0.250000 0.250000 0.250000 0.250000 
  54
0.519365 0.006402 0.046210 
0.427594 0.986919 0.462022 
0.053041 0.006679 0.491768 
0.943383 0.036440 0.010089 0.010089 
0.250000 0.250000 0.250000 0.250000 
  55
0.519365 0.006402 0.046210 
0.427594 0.986919 0.462022 
0.053041 0.006679 0.491768 
0.010089 0.010089 0.213377 0.766446 
0.250000 0.250000 0.250000 0.250000 
  56
0.519365 0.006402 0.046210 
0.427594 0.986919 0.462022 
0.053041 0.006679 0.491768 
0.018886 0.010089 0.010089 0.960937 
0.250000 0.250000 0.250000 0.250000 
  57
0.519365 0.006402 0.046210 
0.427594 0.986919 0.462022 
0.053041 0.006679 0.491768 
0.905964 0.062174 0.012976 0.018886 
0.250000 0.250000 0.250000 0.250000 
  58
0.519365 0.006402 0.046210 
0.427594 0.986919 0.462022 
0.053041 0.006679 0.491768 
0.969734 0.010089 0.010089 0.010089 
0.250000 0.250000 0.250000 0.250000 
  59
0.519365 0.006402 0.046210 
0.427594 0.986919 0.462022 
0.053041 0.006679 0.491768 
0.010089 0.011870 0.967953 0.010089 
0.250000 0.250000 0.250000 0.250000 
  60
0.519365 0.006402 0.046210 
0.427594 0.986919 0.462022 
0.053041 0.006679 0.491768 
0.010089 0.010089 0.012375 0.967448 
0.250000 0.250000 0.250000 0.250000 
  61
0.519365 0.006402 0.046210 
0.427594 0.986919 0.462022 
0.053041 0.006679 0.491768 
0.010089 0.969734 0.010089 0.010089 
0.250000 0.250000 0.250000 0.250000 
  62
0.519365 0.006402 0.046210 
0.427594 0.986919 0.462022 
0.053041 0.006679 0.491768 
0.966590 0.013233 0.010089 0.010089 
0.250000 0.250000 0.250000 0.250000 
  63
0.519365 0.006402 0.046210 
0.427594 0.986919 0.462022 
0.053041 0.006679 0.491768 
0.711197 0.268625 0.010089 0.010089 
0.250000 0.250000 0.250000 0.250000 
  64
0.519365 0.006402 0.046210 
0.427594 0.986919 0.462022 
0.053041 0.006679 0.491768 
0.967740 0.010089 0.012082 0.010089 
0.250000 0.250000 0.250000 0.250000 
  65
0.519365 0.006402 0.046210 
0.427594 0.986919 0.462022 
0.053041 0.006679 0.491768 
0.015760 0.964063 0.010089 0.010089 
0.250000 0.250000 0.250000 0.250000 
  66
0.519365 0.006402 0.046210 
0.427594 0.986919 0.462022 
0.053041 0.006679 0.491768 
0.910805 0.069018 0.010089 0.010089 
0.250000 0.250000 0.250000 0.250000 
  67
0.519365 0.006402 0.046210 
0.427594 0.986919 0.462022 
0.053041 0.006679 0.491768 
0.010089 0.969734 0.010089 0.010089 
0.250000 0.250000 0.250000 0.250000 
  68
0.519365 0.006402 0.046210 
0.427594 0.986919 0.462022 
0.053041 0.006679 0.491768 
0.016017 0.963805 0.010089 0.010089 
0.250000 0.250000 0.250000 0.250000 
  69
0.519365 0.006402 0.046210 
0.427594 0.986919 0.462022 
0.053041 0.006679 0.491768 
0.924147 0.055675 0.010089 0.010089 
0.250000 0.250000 0.250000 0.250000 
  70
0.519365 0.006402 0.046210 
0.427594 0.986919 0.462022 
0.053041 0.006679 0.491768 
0.070035 0.909788 0.010089 0.010089 
0.250000 0.250000 0.250000 0.250000 
  71
0.519365 0.006402 0.046210 
0.427594 0.986919 0.462022 
0.053041 0.006679 0.491768 
0.010089 0.010089 0.010089 0.969734 
0.250000 0.250000 0.250000 0.250000 
  72
0.519365 0.006402 0.046210 
0.427594 0.986919 0.462022 
0.053041 0.006679 0.491768 
0.157269 0.822553 0.010089 0.010089 
0.250000 0.250000 0.250000 0.250000 
  73
0.519365 0.006402 0.046210 
0.427594 0.986919 0.462022 
0.053041 0.006679 0.491768 
0.014216 0.965607 0.010089 0.010089 
0.250000 0.250000 0.250000 0.250000 
  74
0.519365 0.006402 0.046210 
0.427594 0.986919 0.462022 
0.053041 0.006679 0.491768 
0.969734 0.010089 0.010089 0.010089 
0.250000 0.250000 0.250000 0.250000 
  75
0.519365 0.006402 0.046210 
0.427594 0.986919 0.462022 
0.053041 0.006679 0.491768 
0.940651 0.039171 0.010089 0.010089 
0.250000 0.250000 0.250000 0.250000 
  76
0.519365 0.006402 0.046210 
0.427594 0.986919 0.462022 
0.053041 0.006679 0.491768 
0.010089 0.965548 0.010089 0.014275 
0.250000 0.250000 0.250000 0.250000 
  77
0.519365 0.006402 0.046210 
0.427594 0.986919 0.462022 
0.053041 0.006679 0.491768 
0.010089 0.010089 0.010089 0.969734 
0.250000 0.250000 0.250000 0.250000 
  78
0.519365 0.006402 0.046210 
0.427594 0.986919 0.462022 
0.053041 0.006679 0.491768 
0.017389 0.010089 0.769917 0.202605 
0.250000 0.250000 0.250000 0.250000 
  79
0.519365 0.006402 0.046210 
0.427594 0.986919 0.462022 
0.053041 0.006679 0.491768 
0.019165 0.948470 0.010089 0.022276 
0.250000 0.250000 0.250000 0.250000 
  80
0.512848 0.006402 0.046210 
0.434111 0.986919 0.462022 
0.053389 0.006674 0.491768 
0.010077 0.010077 0.010077 0.969768 
0.250000 0.250000 0.250000 0.250000 
  81
0.516212 0.006398 0.046210 
0.430399 0.986928 0.462022 
0.053389 0.006674 0.491768 
0.013513 0.010077 0.183734 0.792676 
0.250000 0.250000 0.250000 0.250000 
  82
0.516212 0.006398 0.046210 
0.430399 0.986928 0.462022 
0.053389 0.006674 0.491768 
0.951038 0.028808 0.010077 0.010077 
0.250000 0.250000 0.250000 0.250000 
  83
0.516212 0.006398 0.046210 
0.430399 0.986928 0.462022 
0.053389 0.006674 0.491768 
0.969768 0.010077 0.010077 0.010077 
0.250000 0.250000 0.250000 0.250000 
  84
0.516212 0.006398 0.046210 
0.430399 0.986928 0.462022 
0.053389 0.006674 0.491768 
0.010077 0.010077 0.175476 0.804369 
0.250000 0.250000 0.250000 0.250000 
  85
0.516212 0.006398 0.046210 
0.430399 0.986928 0.462022 
0.053389 0.006674 0.491768 
0.010077 0.969768 0.010077 0.010077 
0.250000 0.250000 0.250000 0.250000 
  86
0.516212 0.006398 0.046210 
0.430399 0.986928 0.462022 
0.053389 0.006674 0.491768 
0.010077 0.010077 0.969768 0.010077 
0.250000 0.250000 0.250000 0.250000 
  87
0.516212 0.006398 0.046210 
0.430399 0.986928 0.462022 
0.053389 0.006674 0.491768 
0.944629 0.035216 0.010077 0.010077 
0.250000 0.250000 0.250000 0.250000 
  88
0.516212 0.006398 0.046210 
0.430399 0.986928 0.462022 
0.053389 0.006674 0.491768 
0.969768 0.010077 0.010077 0.010077 
0.250000 0.250000 0.250000 0.250000 
  89
0.516212 0.006398 0.046210 
0.430399 0.986928 0.462022 
0.053389 0.006674 0.491768 
0.010077 0.010077 0.969768 0.010077 
0.250000 0.250000 0.250000 0.250000 
  90
0.516212 0.006398 0.046210 
0.430399 0.986928 0.462022 
0.053389 0.006674 0.491768 
0.016354 0.020648 0.010077 0.952920 
0.250000 0.250000 0.250000 0.250000 
  91
0.516212 0.006398 0.046210 
0.430399 0.986928 0.462022 
0.053389 0.006674 0.491768 
0.010077 0.969768 0.010077 0.010077 
0.250000 0.250000 0.250000 0.250000 
  92
0.516212 0.006398 0.046210 
0.430399 0.986928 0.462022 
0.053389 0.006674 0.491768 
0.969768 0.010077 0.010077 0.010077 
0.250000 0.250000 0.250000 0.250000 
  93
0.516212 0.006398 0.046210 
0.430399 0.986928 0.462022 
0.053389 0.006674 0.491768 
0.961323 0.016410 0.010077 0.012190 
0.250000 0.250000 0.250000 0.250000 
  94
0.516212 0.006398 0.046210 
0.430399 0.986928 0.462022 
0.053389 0.006674 0.491768 
0.967309 0.012536 0.010077 0.010077 
0.250000 0.250000 0.250000 0.250000 
  95
0.516212 0.006398 0.046210 
0.430399 0.986928 0.462022 
0.053389 0.006674 0.491768 
0.010077 0.010077 0.967309 0.012536 
0.250000 0.250000 0.250000 0.250000 
  96
0.516212 0.006398 0.046210 
0.430399 0.986928 0.462022 
0.053389 0.006674 0.491768 
0.231567 0.748279 0.010077 0.010077 
0.250000 0.250000 0.250000 0.250000 
  97
0.516212 0.006398 0.046210 
0.430399 0.986928 0.462022 
0.053389 0.006674 0.491768 
0.010077 0.969768 0.010077 0.010077 
0.250000 0.250000 0.250000 0.250000 
  98
0.516212 0.006398 0.046210 
0.430399 0.986928 0.462022 
0.053389 0.006674 0.491768 
0.010077 0.010077 0.010077 0.969768 
0.250000 0.250000 0.250000 0.250000 
  99
0.516212 0.006398 0.046210 
0.430399 0.986928 0.462022 
0.053389 0.006674 0.491768 
0.019123 0.958717 0.010077 0.012083 
0.250000 0.250000 0.250000 0.250000 
 100
0.516212 0.006398 0.046210 
0.430399 0.986928 0.462022 
0.053389 0.006674 0.491768 
0.010077 0.969768 0.010077 0.010077 
0.250000 0.250000 0.250000 0.250000 
 101
0.516212 0.006398 0.046210 
0.430399 0.986928 0.462022 
0.053389 0.006674 0.491768 
0.969768 0.010077 0.010077 0.010077 
0.250000 0.250000 0.250000 0.250000 
 102
0.516212 0.006398 0.046210 
0.430399 0.986928 0.462022 
0.053389 0.006674 0.491768 
0.855157 0.124688 0.010077 0.010077 
0.250000 0.250000 0.250000 0.250000 
 103
0.516212 0.006398 0.046210 
0.430399 0.986928 0.462022 
0.053389 0.006674 0.491768 
0.032525 0.010077 0.947320 0.010077 
0.250000 0.250000 0.250000 0.250000 
 104
0.516212 0.006398 0.046210 
0.430399 0.986928 0.462022 
0.053389 0.006674 0.491768 
0.014833 0.960831 0.014259 0.010077 
0.250000 0.250000 0.250000 0.250000 
 105
0.516212 0.006398 0.046210 
0.430399 0.986928 0.462022 
0.053389 0.006674 0.491768 
0.947627 0.032218 0.010077 0.010077 
0.250000 0.250000 0.250000 0.250000 
 106
0.516212 0.006398 0.046210 
0.430399 0.986928 0.462022 
0.053389 0.006674 0.491768 
0.951499 0.028346 0.010077 0.010077 
0.250000 0.250000 0.250000 0.250000 
 107
0.516212 0.006398 0.046210 
0.430399 0.986928 0.462022 
0.053389 0.006674 0.491768 
0.010077 0.010077 0.961844 0.018002 
0.250000 0.250000 0.250000 0.250000 
 108
0.516212 0.006398 0.046210 
0.430399 0.986928 0.462022 
0.053389 0.006674 0.491768 
0.969768 0.010077 0.010077 0.010077 
0.250000 0.250000 0.250000 0.250000 
 109
0.516212 0.006398 0.046210 
0.430399 0.986928 0.462022 
0.053389 0.006674 0.491768 
0.969768 0.010077 0.010077 0.010077 
0.250000 0.250000 0.250000 0.250000 
 110
0.516212 0.006398 0.046210 
0.430399 0.986928 0.462022 
0.053389 0.006674 0.491768 
0.879662 0.098691 0.011570 0.010077 
0.250000 0.250000 0.250000 0.250000 
 111
0.516212 0.006398 0.046210 
0.430399 0.986928 0.462022 
0.053389 0.006674 0.491768 
0.010077 0.010077 0.823208 0.156637 
0.250000 0.250000 0.250000 0.250000 
 112
0.516212 0.006398 0.046210 
0.430399 0.986928 0.462022 
0.053389 0.006674 0.491768 
0.269547 0.680331 0.028092 0.022031 
0.250000 0.250000 0.250000 0.250000 
 113
0.516212 0.006398 0.046210 
0.430399 0.986928 0.462022 
0.053389 0.006674 0.491768 
0.010077 0.010077 0.021859 0.957986 
0.250000 0.250000 0.250000 0.250000 
 114
0.516212 0.006398 0.046210 
0.430399 0.986928 0.462022 
0.053389 0.006674 0.491768 
0.010077 0.010077 0.648507 0.331338 
0.250000 0.250000 0.250000 0.250000 
 115
0.516212 0.006398 0.046210 
0.430399 0.986928 0.462022 
0.053389 0.006674 0.491768 
0.010077 0.010077 0.969768 0.010077 
0.250000 0.250000 0.250000 0.250000 
 116
0.516212 0.006398 0.046210 
0.430399 0.986928 0.462022 
0.053389 0.006674 0.491768 
0.010077 0.010077 0.969768 0.010077 
0.250000 0.250000 0.250000 0.250000 
 117
0.516212 0.006398 0.046210 
0.430399 0.986928 0.462022 
0.053389 0.006674 0.491768 
0.011874 0.010077 0.964612 0.013436 
0.250000 0.250000 0.250000 0.250000 
 118
0.516212 0.006398 0.046210 
0.430399 0.986928 0.462022 
0.053389 0.006674 0.491768 
0.969768 0.010077 0.010077 0.010077 
0.250000 0.250000 0.250000 0.250000 
 119
0.516212 0.006398 0.046210 
0.430399 0.986928 0.462022 
0.053389 0.006674 0.491768 
0.042758 0.935475 0.010091 0.011676 
0.250000 0.250000 0.250000 0.250000 
 120
0.516212 0.006398 0.046210 
0.430399 0.986928 0.462022 
0.053389 0.006674 0.491768 
0.083783 0.869031 0.010077 0.037109 
0.250000 0.250000 0.250000 0.250000 
 121
0.516212 0.006398 0.046210 
0.430399 0.986928 0.462022 
0.053389 0.006674 0.491768 
0.966974 0.010077 0.012871 0.010077 
0.250000 0.250000 0.250000 0.250000 
 122
0.516212 0.006398 0.046210 
0.430399 0.986928 0.462022 
0.053389 0.006674 0.491768 
0.010077 0.010077 0.010077 0.969768 
0.250000 0.250000 0.250000 0.250000 
 123
0.516212 0.006398 0.046210 
0.430399 0.986928 0.462022 
0.053389 0.006674 0.491768 
0.040631 0.010077 0.939214 0.010077 
0.250000 0.250000 0.250000 0.250000 
 124
0.516212 0.006398 0.046210 
0.430399 0.986928 0.462022 
0.053389 0.006674 0.491768 
0.010077 0.010077 0.010077 0.969768 
0.250000 0.250000 0.250000 0.250000 
 125
0.516212 0.006398 0.046210 
0.430399 0.986928 0.462022 
0.053389 0.006674 0.491768 
0.010077 0.969768 0.010077 0.010077 
0.250000 0.250000 0.250000 0.250000 
 126
0.516212 0.006398 0.046210 
0.430399 0.986928 0.462022 
0.053389 0.006674 0.491768 
0.010077 0.010077 0.940842 0.039003 
0.250000 0.250000 0.250000 0.250000 
 127
0.516212 0.006398 0.046210 
0.430399 0.986928 0.462022 
0.053389 0.006674 0.491768 
0.012429 0.010077 0.010077 0.967417 
0.250000 0.250000 0.250000 0.250000 
 128
0.516212 0.006398 0.046210 
0.430399 0.986928 0.462022 
0.053389 0.006674 0.491768 
0.010077 0.010077 0.969768 0.010077 
0.250000 0.250000 0.250000 0.250000 
 129
0.516212 0.006398 0.046210 
0.430399 0.986928 0.462022 
0.053389 0.006674 0.491768 
0.967765 0.012080 0.010077 0.010077 
0.250000 0.250000 0.250000 0.250000 
 130
0.516212 0.006398 0.046210 
0.430399 0.986928 0.462022 
0.053389 0.006674 0.491768 
0.957331 0.010077 0.022514 0.010077 
0.250000 0.250000 0.250000 0.250000 
 131
0.516212 0.006398 0.046210 
0.430399 0.986928 0.462022 
0.053389 0.006674 0.491768 
0.950353 0.029493 0.010077 0.010077 
0.250000 0.250000 0.250000 0.250000 
 132
0.516212 0.006398 0.046210 
0.430399 0.986928 0.462022 
0.053389 0.006674 0.491768 
0.965482 0.010077 0.014364 0.010077 
0.250000 0.250000 0.250000 0.250000 
 133
0.516212 0.006398 0.046210 
0.430399 0.986928 0.462022 
0.053389 0.006674 0.491768 
0.010077 0.969768 0.010077 0.010077 
0.250000 0.250000 0.250000 0.250000 
 134
0.516212 0.006398 0.046210 
0.430399 0.986928 0.462022 
0.053389 0.006674 0.491768 
0.010077 0.969768 0.010077 0.010077 
0.250000 0.250000 0.250000 0.250000 
 135
0.516212 0.006398 0.046210 
0.430399 0.986928 0.462022 
0.053389 0.006674 0.491768 
0.109018 0.870828 0.010077 0.010077 
0.250000 0.250000 0.250000 0.250000 
 136
0.516212 0.006398 0.046210 
0.430399 0.986928 0.462022 
0.053389 0.006674 0.491768 
0.969768 0.010077 0.010077 0.010077 
0.250000 0.250000 0.250000 0.250000 
 137
0.516212 0.006398 0.046210 
0.430399 0.986928 0.462022 
0.053389 0.006674 0.491768 
0.969768 0.010077 0.010077 0.010077 
0.250000 0.250000 0.250000 0.250000 
 138
0.516212 0.006398 0.046210 
0.430399 0.986928 0.462022 
0.053389 0.006674 0.491768 
0.964041 0.015805 0.010077 0.010077 
0.250000 0.250000 0.250000 0.250000 
 139
0.516212 0.006398 0.046210 
0.430399 0.986928 0.462022 
0.053389 0.006674 0.491768 
0.958225 0.018865 0.012832 0.010077 
0.250000 0.250000 0.250000 0.250000 
 140
0.516212 0.006398 0.046210 
0.430399 0.986928 0.462022 
0.053389 0.006674 0.491768 
0.076411 0.899270 0.012680 0.011639 
0.250000 0.250000 0.250000 0.250000 
 141
0.516212 0.006398 0.046210 
0.430399 0.986928 0.462022 
0.053389 0.006674 0.491768 
0.184839 0.795006 0.010077 0.010077 
0.250000 0.250000 0.250000 0.250000 
 142
0.516212 0.006398 0.046210 
0.430399 0.986928 0.462022 
0.053389 0.006674 0.491768 
0.934306 0.045539 0.010077 0.010077 
0.250000 0.250000 0.250000 0.250000 
 143
0.516212 0.006398 0.046210 
0.430399 0.986928 0.462022 
0.053389 0.006674 0.491768 
0.010077 0.010077 0.969768 0.010077 
0.250000 0.250000 0.250000 0.250000 
 144
0.516212 0.006398 0.046210 
0.430399 0.986928 0.462022 
0.053389 0.006674 0.491768 
0.931230 0.046606 0.010077 0.012087 
0.250000 0.250000 0.250000 0.250000 
 145
0.516212 0.006398 0.046210 
0.430399 0.986928 0.462022 
0.053389 0.006674 0.491768 
0.216556 0.763289 0.010077 0.010077 
0.250000 0.250000 0.250000 0.250000 
 146
0.508446 0.006398 0.046210 
0.438165 0.986928 0.462022 
0.053807 0.006669 0.491768 
0.010064 0.010064 0.015518 0.964354 
0.250000 0.250000 0.250000 0.250000 
 147
0.512425 0.006392 0.046210 
0.433768 0.986939 0.462022 
0.053807 0.006669 0.491768 
0.010064 0.010064 0.109419 0.870453 
0.250000 0.250000 0.250000 0.250000 
 148
0.512425 0.006392 0.046210 
0.433768 0.986939 0.462022 
0.053807 0.006669 0.491768 
0.010064 0.969808 0.010064 0.010064 
0.250000 0.250000 0.250000 0.250000 
 149
0.512425 0.006392 0.046210 
0.433768 0.986939 0.462022 
0.053807 0.006669 0.491768 
0.969808 0.010064 0.010064 0.010064 
0.250000 0.250000 0.250000 0.250000 
 150
0.512425 0.006392 0.046210 
0.433768 0.986939 0.462022 
0.053807 0.006669 0.491768 
0.010064 0.010064 0.948547 0.031325 
0.250000 0.250000 0.250000 0.250000 
 151
0.512425 0.006392 0.046210 
0.433768 0.986939 0.462022 
0.053807 0.006669 0.491768 
0.010064 0.010064 0.969808 0.010064 
0.250000 0.250000 0.250000 0.250000 
 152
0.512425 0.006392 0.046210 
0.433768 0.986939 0.462022 
0.053807 0.006669 0.491768 
0.010064 0.010064 0.010064 0.969808 
0.250000 0.250000 0.250000 0.250000 
 153
0.512425 0.006392 0.046210 
0.433768 0.986939 0.462022 
0.053807 0.006669 0.491768 
0.012849 0.010064 0.775865 0.201222 
0.250000 0.250000 0.250000 0.250000 
 154
0.512425 0.006392 0.046210 
0.433768 0.986939 0.462022 
0.053807 0.006669 0.491768 
0.014698 0.965174 0.010064 0.010064 
0.250000 0.250000 0.250000 0.250000 
 155
0.512425 0.006392 0.046210 
0.433768 0.986939 0.462022 
0.053807 0.006669 0.491768 
0.011474 0.966408 0.012053 0.010064 
0.250000 0.250000 0.250000 0.250000 
 156
0.512425 0.006392 0.046210 
0.433768 0.986939 0.462022 
0.053807 0.006669 0.491768 
0.010064 0.010064 0.162485 0.817387 
0.250000 0.250000 0.250000 0.250000 
 157
0.512425 0.006392 0.046210 
0.433768 0.986939 0.462022 
0.053807 0.006669 0.491768 
0.012090 0.010064 0.967782 0.010064 
0.250000 0.250000 0.250000 0.250000 
 158
0.512425 0.006392 0.046210 
0.433768 0.986939 0.462022 
0.053807 0.006669 0.491768 
0.963562 0.016310 0.010064 0.010064 
0.250000 0.250000 0.250000 0.250000 
 159
0.512425 0.006392 0.046210 
0.433768 0.986939 0.462022 
0.053807 0.006669 0.491768 
0.933749 0.046123 0.010064 0.010064 
0.250000 0.250000 0.250000 0.250000 
 160
0.512425 0.006392 0.046210 
0.433768 0.986939 0.462022 
0.053807 0.006669 0.491768 
0.010064 0.010064 0.018840 0.961032 
0.250000 0.250000 0.250000 0.250000 
 161
0.512425 0.006392 0.046210 
0.433768 0.986939 0.462022 
0.053807 0.006669 0.491768 
0.010064 0.969808 0.010064 0.010064 
0.250000 0.250000 0.250000 0.250000 
 162
0.512425 0.006392 0.046210 
0.433768 0.986939 0.462022 
0.053807 0.006669 0.491768 
0.010064 0.010064 0.027501 0.952371 
0.250000 0.250000 0.250000 0.250000 
 163
0.512425 0.006392 0.046210 
0.433768 0.986939 0.462022 
0.053807 0.006669 0.491768 
0.010064 0.969808 0.010064 0.010064 
0.250000 0.250000 0.250000 0.250000 
 164
0.512425 0.006392 0.046210 
0.433768 0.986939 0.462022 
0.053807 0.006669 0.491768 
0.010064 0.969808 0.010064 0.010064 
0.250000 0.250000 0.250000 0.250000 
 165
0.512425 0.006392 0.046210 
0.433768 0.986939 0.462022 
0.053807 0.006669 0.491768 
0.910205 0.069667 0.010064 0.010064 
0.250000 0.250000 0.250000 0.250000 
 166
0.512425 0.006392 0.046210 
0.433768 0.986939 0.462022 
0.053807 0.006669 0.491768 
0.011493 0.010064 0.966696 0.011747 
0.250000 0.250000 0.250000 0.250000 
 167
0.512425 0.006392 0.046210 
0.433768 0.986939 0.462022 
0.053807 0.006669 0.491768 
0.010064 0.010064 0.010064 0.969808 
0.250000 0.250000 0.250000 0.250000 
 168
0.512425 0.006392 0.046210 
0.433768 0.986939 0.462022 
0.053807 0.006669 0.491768 
0.013493 0.170080 0.124202 0.692225 
0.250000 0.250000 0.250000 0.250000 
 169
0.512425 0.006392 0.046210 
0.433768 0.986939 0.462022 
0.053807 0.006669 0.491768 
0.010079 0.010079 0.940090 0.039753 
0.250000 0.250000 0.250000 0.250000 
 170
0.512425 0.006392 0.046210 
0.433768 0.986939 0.462022 
0.053807 0.006669 0.491768 
0.010064 0.018046 0.010064 0.961826 
0.250000 0.250000 0.250000 0.250000 
 171
0.512425 0.006392 0.046210 
0.433768 0.986939 0.462022 
0.053807 0.006669 0.491768 
0.018707 0.961165 0.010064 0.010064 
0.250000 0.250000 0.250000 0.250000 
 172
0.512425 0.006392 0.046210 
0.433768 0.986939 0.462022 
0.053807 0.006669 0.491768 
0.010075 0.969775 0.010075 0.010075 
0.250000 0.250000 0.250000 0.250000 
 173
0.512425 0.006392 0.046210 
0.433768 0.986939 0.462022 
0.053807 0.006669 0.491768 
0.010064 0.969808 0.010064 0.010064 
0.250000 0.250000 0.250000 0.250000 
 174
0.512425 0.006392 0.046210 
0.433768 0.986939 0.462022 
0.053807 0.006669 0.491768 
0.806725 0.167173 0.016038 0.010064 
0.250000 0.250000 0.250000 0.250000 
 175
0.512425 0.006392 0.046210 
0.433768 0.986939 0.462022 
0.053807 0.006669 0.491768 
0.969808 0.010064 0.010064 0.010064 
0.250000 0.250000 0.250000 0.250000 
 176
0.512425 0.006392 0.046210 
0.433768 0.986939 0.462022 
0.053807 0.006669 0.491768 
0.010064 0.010064 0.961839 0.018033 
0.250000 0.250000 0.250000 0.250000 
 177
0.512425 0.006392 0.046210 
0.433768 0.986939 0.462022 
0.053807 0.006669 0.491768 
0.912992 0.060934 0.010064 0.016009 
0.250000 0.250000 0.250000 0.250000 
 178
0.512425 0.006392 0.046210 
0.433768 0.986939 0.462022 
0.053807 0.006669 0.491768 
0.903801 0.076071 0.010064 0.010064 
0.250000 0.250000 0.250000 0.250000 
 179
0.512425 0.006392 0.046210 
0.433768 0.986939 0.462022 
0.053807 0.006669 0.491768 
0.010064 0.010064 0.023708 0.956164 
0.250000 0.250000 0.250000 0.250000 
 180
0.512425 0.006392 0.046210 
0.433768 0.986939 0.462022 
0.053807 0.006669 0.491768 
0.012154 0.010064 0.961064 0.016718 
0.250000 0.250000 0.250000 0.250000 
 181
0.512425 0.006392 0.046210 
0.433768 0.986939 0.462022 
0.053807 0.006669 0.491768 
0.969808 0.010064 0.010064 0.010064 
0.250000 0.250000 0.250000 0.250000 
 182
0.512425 0.006392 0.046210 
0.433768 0.986939 0.462022 
0.053807 0.006669 0.491768 
0.010064 0.010064 0.952432 0.027440 
0.250000 0.250000 0.250000 0.250000 
 183
0.512425 0.006392 0.046210 
0.433768 0.986939 0.462022 
0.053807 0.006669 0.491768 
0.010064 0.010064 0.015274 0.964598 
0.250000 0.250000 0.250000 0.250000 
 184
0.512425 0.006392 0.046210 
0.433768 0.986939 0.462022 
0.053807 0.006669 0.491768 
0.010064 0.969808 0.010064 0.010064 
0.250000 0.250000 0.250000 0.250000 
 185
0.512425 0.006392 0.046210 
0.433768 0.986939 0.462022 
0.053807 0.006669 0.491768 
0.010064 0.969808 0.010064 0.010064 
0.250000 0.250000 0.250000 0.250000 
 186
0.512425 0.006392 0.046210 
0.433768 0.986939 0.462022 
0.053807 0.006669 0.491768 
0.258689 0.721183 0.010064 0.010064 
0.250000 0.250000 0.250000 0.250000 
 187
0.512425 0.006392 0.046210 
0.433768 0.986939 0.462022 
0.053807 0.006669 0.491768 
0.010064 0.010064 0.969808 0.010064 
0.250000 0.250000 0.250000 0.250000 
 188
0.512425 0.006392 0.046210 
0.433768 0.986939 0.462022 
0.053807 0.006669 0.491768 
0.010064 0.010064 0.969808 0.010064 
0.250000 0.250000 0.250000 0.250000 
 189
0.512425 0.006392 0.046210 
0.433768 0.986939 0.462022 
0.053807 0.006669 0.491768 
0.930378 0.015506 0.044051 0.010064 
0.250000 0.250000 0.250000 0.250000 
 190
0.512425 0.006392 0.046210 
0.433768 0.986939 0.462022 
0.053807 0.006669 0.491768 
0.010064 0.010064 0.969808 0.010064 
0.250000 0.250000 0.250000 0.250000 
 191
0.512425 0.006392 0.046210 
0.433768 0.986939 0.462022 
0.053807 0.006669 0.491768 
0.010064 0.010064 0.969808 0.010064 
0.250000 0.250000 0.250000 0.250000 
 192
0.476252 0.006392 0.046210 
0.469942 0.986939 0.462022 
0.055826 0.006643 0.491768 
0.010003 0.010003 0.907949 0.072045 
0.250000 0.250000 0.250000 0.250000 
 193
0.494126 0.006368 0.046210 
0.450048 0.986989 0.462022 
0.055826 0.006643 0.491768 
0.010003 0.010003 0.969991 0.010003 
0.250000 0.250000 0.250000 0.250000 
 194
0.494126 0.006368 0.046210 
0.450048 0.986989 0.462022 
0.055826 0.006643 0.491768 
0.969991 0.010003 0.010003 0.010003 
0.250000 0.250000 0.250000 0.250000 
 195
0.494126 0.006368 0.046210 
0.450048 0.986989 0.462022 
0.055826 0.006643 0.491768 
0.952637 0.027357 0.010003 0.010003 
0.250000 0.250000 0.250000 0.250000 
 196
0.494126 0.006368 0.046210 
0.450048 0.986989 0.462022 
0.055826 0.006643 0.491768 
0.010003 0.010003 0.010003 0.969991 
0.250000 0.250000 0.250000 0.250000 
 197
0.494126 0.006368 0.046210 
0.450048 0.986989 0.462022 
0.055826 0.006643 0.491768 
0.010003 0.969991 0.010003 0.010003 
0.250000 0.250000 0.250000 0.250000 
 198
0.494126 0.006368 0.046210 
0.450048 0.986989 0.462022 
0.055826 0.006643 0.491768 
0.010003 0.010003 0.010003 0.969991 
0.250000 0.250000 0.250000 0.250000 
 199
0.494126 0.006368 0.046210 
0.450048 0.986989 0.462022 
0.055826 0.006643 0.491768 
0.010003 0.968289 0.011705 0.010003 
0.250000 0.250000 0.250000 0.250000 
 200
0.494126 0.006368 0.046210 
0.450048 0.986989 0.462022 
0.055826 0.006643 0.491768 
0.969991 0.010003 0.010003 0.010003 
0.250000 0.250000 0.250000 0.250000 
 201
0.494126 0.006368 0.046210 
0.450048 0.986989 0.462022 
0.055826 0.006643 0.491768 
0.010003 0.010003 0.941292 0.038702 
0.250000 0.250000 0.250000 0.250000 
 202
0.494126 0.006368 0.046210 
0.450048 0.986989 0.462022 
0.055826 0.006643 0.491768 
0.010003 0.010003 0.969991 0.010003 
0.250000 0.250000 0.250000 0.250000 
 203
0.494126 0.006368 0.046210 
0.450048 0.986989 0.462022 
0.055826 0.006643 0.491768 
0.949687 0.030307 0.010003 0.010003 
0.250000 0.250000 0.250000 0.250000 
 204
0.494126 0.006368 0.046210 
0.450048 0.986989 0.462022 
0.055826 0.006643 0.491768 
0.968411 0.011584 0.010003 0.010003 
0.250000 0.250000 0.250000 0.250000 
 205
0.494126 0.006368 0.046210 
0.450048 0.986989 0.462022 
0.055826 0.006643 0.491768 
0.010003 0.010003 0.011559 0.968435 
0.250000 0.250000 0.250000 0.250000 
 206
0.494126 0.006368 0.046210 
0.450048 0.986989 0.462022 
0.055826 0.006643 0.491768 
0.010003 0.010003 0.010003 0.969991 
0.250000 0.250000 0.250000 0.250000 
 207
0.494126 0.006368 0.046210 
0.450048 0.986989 0.462022 
0.055826 0.006643 0.491768 
0.012227 0.010003 0.902806 0.074965 
0.250000 0.250000 0.250000 0.250000 
 208
0.494126 0.006368 0.046210 
0.450048 0.986989 0.462022 
0.055826 0.006643 0.491768 
0.010017 0.010017 0.958082 0.021884 
0.250000 0.250000 0.250000 0.250000 
 209
0.494126 0.006368 0.046210 
0.450048 0.986989 0.462022 
0.055826 0.006643 0.491768 
0.010003 0.010003 0.010003 0.969991 
0.250000 0.250000 0.250000 0.250000 
 210
0.494126 0.006368 0.046210 
0.450048 0.986989 0.462022 
0.055826 0.006643 0.491768 
0.964556 0.012030 0.010003 0.013411 
0.250000 0.250000 0.250000 0.250000 
 211
0.494126 0.006368 0.046210 
0.450048 0.986989 0.462022 
0.055826 0.006643 0.491768 
0.017936 0.962058 0.010003 0.010003 
0.250000 0.250000 0.250000 0.250000 
 212
0.494126 0.006368 0.046210 
0.450048 0.986989 0.462022 
0.055826 0.006643 0.491768 
0.969991 0.010003 0.010003 0.010003 
0.250000 0.250000 0.250000 0.250000 
 213
0.494126 0.006368 0.046210 
0.450048 0.986989 0.462022 
0.055826 0.006643 0.491768 
0.910067 0.068382 0.010003 0.011549 
0.250000 0.250000 0.250000 0.250000 
 214
0.494126 0.006368 0.046210 
0.450048 0.986989 0.462022 
0.055826 0.006643 0.491768 
0.010003 0.010003 0.010003 0.969991 
0.250000 0.250000 0.250000 0.250000 
 215
0.494126 0.006368 0.046210 
0.450048 0.986989 0.462022 
0.055826 0.006643 0.491768 
0.010003 0.010003 0.010003 0.969991 
0.250000 0.250000 0.250000 0.250000 
 216
0.494126 0.006368 0.046210 
0.450048 0.986989 0.462022 
0.055826 0.006643 0.491768 
0.010003 0.010003 0.109067 0.870927 
0.250000 0.250000 0.250000 0.250000 
 217
0.494126 0.006368 0.046210 
0.450048 0.986989 0.462022 
0.055826 0.006643 0.491768 
0.010003 0.010003 0.010003 0.969991 
0.250000 0.250000 0.250000 0.250000 
 218
0.494126 0.006368 0.046210 
0.450048 0.986989 0.462022 
0.055826 0.006643 0.491768 
0.010003 0.010003 0.969991 0.010003 
0.250000 0.250000 0.250000 0.250000 
 219
0.494126 0.006368 0.046210 
0.450048 0.986989 0.462022 
0.055826 0.006643 0.491768 
0.681336 0.243185 0.010003 0.065475 
0.250000 0.250000 0.250000 0.250000 
 220
0.494126 0.006368 0.046210 
0.450048 0.986989 0.462022 
0.055826 0.006643 0.491768 
0.010003 0.959319 0.020675 0.010003 
0.250000 0.250000 0.250000 0.250000 
 221
0.494126 0.006368 0.046210 
0.450048 0.986989 0.462022 
0.055826 0.006643 0.491768 
0.010003 0.010003 0.969991 0.010003 
0.250000 0.250000 0.250000 0.250000 
 222
0.494126 0.006368 0.046210 
0.450048 0.986989 0.462022 
0.055826 0.006643 0.491768 
0.064714 0.010003 0.795353 0.129930 
0.250000 0.250000 0.250000 0.250000 
 223
0.494126 0.006368 0.046210 
0.450048 0.986989 0.462022 
0.055826 0.006643 0.491768 
0.014095 0.965899 0.010003 0.010003 
0.250000 0.250000 0.250000 0.250000 
 224
0.494126 0.006368 0.046210 
0.450048 0.986989 0.462022 
0.055826 0.006643 0.491768 
0.969991 0.010003 0.010003 0.010003 
0.250000 0.250000 0.250000 0.250000 
 225
0.494126 0.006368 0.046210 
0.450048 0.986989 0.462022 
0.055826 0.006643 0.491768 
0.011926 0.010003 0.188165 0.789907 
0.250000 0.250000 0.250000 0.250000 
 226
0.494126 0.006368 0.046210 
0.450048 0.986989 0.462022 
0.055826 0.006643 0.491768 
0.010003 0.010003 0.182196 0.797798 
0.250000 0.250000 0.250000 0.250000 
 227
0.494126 0.006368 0.046210 
0.450048 0.986989 0.462022 
0.055826 0.006643 0.491768 
0.010003 0.010003 0.010003 0.969991 
0.250000 0.250000 0.250000 0.250000 
 228
0.494126 0.006368 0.046210 
0.450048 0.986989 0.462022 
0.055826 0.006643 0.491768 
0.858710 0.121284 0.010003 0.010003 
0.250000 0.250000 0.250000 0.250000 
 229
0.494126 0.006368 0.046210 
0.450048 0.986989 0.462022 
0.055826 0.006643 0.491768 
0.966590 0.013404 0.010003 0.010003 
0.250000 0.250000 0.250000 0.250000 
 230
0.494126 0.006368 0.046210 
0.450048 0.986989 0.462022 
0.055826 0.006643 0.491768 
0.010003 0.010003 0.010003 0.969991 
0.250000 0.250000 0.250000 0.250000 
 231
0.494126 0.006368 0.046210 
0.450048 0.986989 0.462022 
0.055826 0.006643 0.491768 
0.016076 0.010003 0.221060 0.752861 
0.250000 0.250000 0.250000 0.250000 
 232
0.494126 0.006368 0.046210 
0.450048 0.986989 0.462022 
0.055826 0.006643 0.491768 
0.966592 0.013402 0.010003 0.010003 
0.250000 0.250000 0.250000 0.250000 
 233
0.494126 0.006368 0.046210 
0.450048 0.986989 0.462022 
0.055826 0.006643 0.491768 
0.010003 0.010003 0.010003 0.969991 
0.250000 0.250000 0.250000 0.250000 
 234
0.494126 0.006368 0.046210 
0.450048 0.986989 0.462022 
0.055826 0.006643 0.491768 
0.010003 0.010003 0.045006 0.934988 
0.250000 0.250000 0.250000 0.250000 
 235
0.494126 0.006368 0.046210 
0.450048 0.986989 0.462022 
0.055826 0.006643 0.491768 
0.010003 0.969991 0.010003 0.010003 
