%  SAM: /Volumes/gf_atl_2012/Tools/LABEL_RES/scripts/modelfromalign v3.5 (July 15, 2005) compiled 03/03/09_11:47:37
%  (c) 1992-2001 Regents of the University of California, Santa Cruz
%
%          Sequence Alignment and Modeling Software System
%         http://www.cse.ucsc.edu/research/compbio/sam.html
%
% ----------------- Citations (SAM, SAM-T2K, HMMs) --------------------
% R. Hughey, A. Krogh, Hidden Markov models for sequence analysis:
%  Extension and analysis of the basic method, CABIOS 12:95-107, 1996.
% K. Karplus, et al., What is the value added by human intervention in protein
%  structure prediction, Proteins: Stucture, Function, Genetics 45(S5):86--91, 2001.
% A. Krogh et al., Hidden Markov models in computational biology:
%  Applications to protein modeling, JMB 235:1501-1531, Feb 1994.
% ---------------------------------------------------------------------
%  c-B1_avNA_hmm   Host: m222714.cdc.gov    Tue Apr  9 14:43:37 2013
%  vfn4            Dir:  /Volumes/gf_atl_2012/Genotyping/H7/set_2013-04-05/base
% ---------------------------------------------------------------------
%  Alignment weights from internal calc.  Total (23.85) Max (0.17) Min (0.03)
%  Weights from alignment method 1 (karplus), b=-1.000000, e=0.500000
MODEL --  Model from alignment file /Volumes/gf_atl_2012/Tools/LABEL_RES/training_data/H7/c-B1_avNA.fasta
alphabet DNA
FREQAVE
0.000000 0.000000 0.000000 
0.000000 0.000000 0.000000 
0.000000 0.000000 0.000000 
0.330987 0.246847 0.186812 0.235354 
0.330987 0.246847 0.186812 0.235354 
Begin
0.000000 0.000000 0.000000 
0.000000 0.000000 0.000000 
0.000000 0.006667 0.491768 
0.250000 0.250000 0.250000 0.250000 
0.250000 0.250000 0.250000 0.250000 
   1
0.000000 0.012206 0.046210 
0.000000 0.981128 0.462022 
0.054207 0.006706 0.491768 
0.010154 0.969539 0.010154 0.010154 
0.250000 0.250000 0.250000 0.250000 
   2
0.508796 0.006428 0.046210 
0.436997 0.986867 0.462022 
0.054207 0.006706 0.491768 
0.969539 0.010154 0.010154 0.010154 
0.250000 0.250000 0.250000 0.250000 
   3
0.508796 0.006428 0.046210 
0.436997 0.986867 0.462022 
0.054207 0.006706 0.491768 
0.010154 0.010154 0.949404 0.030289 
0.250000 0.250000 0.250000 0.250000 
   4
0.500629 0.006428 0.046210 
0.445164 0.986867 0.462022 
0.054654 0.006700 0.491768 
0.969581 0.010140 0.010140 0.010140 
0.250000 0.250000 0.250000 0.250000 
   5
0.504751 0.006422 0.046210 
0.440595 0.986878 0.462022 
0.054654 0.006700 0.491768 
0.969581 0.010140 0.010140 0.010140 
0.250000 0.250000 0.250000 0.250000 
   6
0.504751 0.006422 0.046210 
0.440595 0.986878 0.462022 
0.054654 0.006700 0.491768 
0.967228 0.012493 0.010140 0.010140 
0.250000 0.250000 0.250000 0.250000 
   7
0.504751 0.006422 0.046210 
0.440595 0.986878 0.462022 
0.054654 0.006700 0.491768 
0.969581 0.010140 0.010140 0.010140 
0.250000 0.250000 0.250000 0.250000 
   8
0.504751 0.006422 0.046210 
0.440595 0.986878 0.462022 
0.054654 0.006700 0.491768 
0.010140 0.010140 0.010140 0.969581 
0.250000 0.250000 0.250000 0.250000 
   9
0.504751 0.006422 0.046210 
0.440595 0.986878 0.462022 
0.054654 0.006700 0.491768 
0.966505 0.010154 0.010154 0.013187 
0.250000 0.250000 0.250000 0.250000 
  10
0.504751 0.006422 0.046210 
0.440595 0.986878 0.462022 
0.054654 0.006700 0.491768 
0.010140 0.010140 0.010140 0.969581 
0.250000 0.250000 0.250000 0.250000 
  11
0.504751 0.006422 0.046210 
0.440595 0.986878 0.462022 
0.054654 0.006700 0.491768 
0.010140 0.969581 0.010140 0.010140 
0.250000 0.250000 0.250000 0.250000 
  12
0.504751 0.006422 0.046210 
0.440595 0.986878 0.462022 
0.054654 0.006700 0.491768 
0.010140 0.010140 0.110620 0.869100 
0.250000 0.250000 0.250000 0.250000 
  13
0.504751 0.006422 0.046210 
0.440595 0.986878 0.462022 
0.054654 0.006700 0.491768 
0.017227 0.010155 0.960743 0.011875 
0.250000 0.250000 0.250000 0.250000 
  14
0.504751 0.006422 0.046210 
0.440595 0.986878 0.462022 
0.054654 0.006700 0.491768 
0.010140 0.010140 0.010140 0.969581 
0.250000 0.250000 0.250000 0.250000 
  15
0.504751 0.006422 0.046210 
0.440595 0.986878 0.462022 
0.054654 0.006700 0.491768 
0.010140 0.010140 0.010140 0.969581 
0.250000 0.250000 0.250000 0.250000 
  16
0.504751 0.006422 0.046210 
0.440595 0.986878 0.462022 
0.054654 0.006700 0.491768 
0.010140 0.966128 0.013592 0.010140 
0.250000 0.250000 0.250000 0.250000 
  17
0.504751 0.006422 0.046210 
0.440595 0.986878 0.462022 
0.054654 0.006700 0.491768 
0.010140 0.969581 0.010140 0.010140 
0.250000 0.250000 0.250000 0.250000 
  18
0.504751 0.006422 0.046210 
0.440595 0.986878 0.462022 
0.054654 0.006700 0.491768 
0.061277 0.918444 0.010140 0.010140 
0.250000 0.250000 0.250000 0.250000 
  19
0.504751 0.006422 0.046210 
0.440595 0.986878 0.462022 
0.054654 0.006700 0.491768 
0.010140 0.010140 0.969581 0.010140 
0.250000 0.250000 0.250000 0.250000 
  20
0.504751 0.006422 0.046210 
0.440595 0.986878 0.462022 
0.054654 0.006700 0.491768 
0.969581 0.010140 0.010140 0.010140 
0.250000 0.250000 0.250000 0.250000 
  21
0.504751 0.006422 0.046210 
0.440595 0.986878 0.462022 
0.054654 0.006700 0.491768 
0.010140 0.010140 0.962854 0.016867 
0.250000 0.250000 0.250000 0.250000 
  22
0.504751 0.006422 0.046210 
0.440595 0.986878 0.462022 
0.054654 0.006700 0.491768 
0.010140 0.010140 0.969581 0.010140 
0.250000 0.250000 0.250000 0.250000 
  23
0.504751 0.006422 0.046210 
0.440595 0.986878 0.462022 
0.054654 0.006700 0.491768 
0.969581 0.010140 0.010140 0.010140 
0.250000 0.250000 0.250000 0.250000 
  24
0.504751 0.006422 0.046210 
0.440595 0.986878 0.462022 
0.054654 0.006700 0.491768 
0.010140 0.010140 0.015379 0.964342 
0.250000 0.250000 0.250000 0.250000 
  25
0.504751 0.006422 0.046210 
0.440595 0.986878 0.462022 
0.054654 0.006700 0.491768 
0.010140 0.969581 0.010140 0.010140 
0.250000 0.250000 0.250000 0.250000 
  26
0.504751 0.006422 0.046210 
0.440595 0.986878 0.462022 
0.054654 0.006700 0.491768 
0.010140 0.010140 0.969581 0.010140 
0.250000 0.250000 0.250000 0.250000 
  27
0.504751 0.006422 0.046210 
0.440595 0.986878 0.462022 
0.054654 0.006700 0.491768 
0.014782 0.010140 0.016883 0.958196 
0.250000 0.250000 0.250000 0.250000 
  28
0.504751 0.006422 0.046210 
0.440595 0.986878 0.462022 
0.054654 0.006700 0.491768 
0.010140 0.969581 0.010140 0.010140 
0.250000 0.250000 0.250000 0.250000 
  29
0.504751 0.006422 0.046210 
0.440595 0.986878 0.462022 
0.054654 0.006700 0.491768 
0.010140 0.010140 0.010140 0.969581 
0.250000 0.250000 0.250000 0.250000 
  30
0.496686 0.006422 0.046210 
0.448661 0.986878 0.462022 
0.055098 0.006694 0.491768 
0.015484 0.964264 0.010126 0.010126 
0.250000 0.250000 0.250000 0.250000 
  31
0.500724 0.006417 0.046210 
0.444178 0.986889 0.462022 
0.055098 0.006694 0.491768 
0.010126 0.969622 0.010126 0.010126 
0.250000 0.250000 0.250000 0.250000 
  32
0.500724 0.006417 0.046210 
0.444178 0.986889 0.462022 
0.055098 0.006694 0.491768 
0.012155 0.010126 0.957648 0.020071 
0.250000 0.250000 0.250000 0.250000 
  33
0.500724 0.006417 0.046210 
0.444178 0.986889 0.462022 
0.055098 0.006694 0.491768 
0.969622 0.010126 0.010126 0.010126 
0.250000 0.250000 0.250000 0.250000 
  34
0.500724 0.006417 0.046210 
0.444178 0.986889 0.462022 
0.055098 0.006694 0.491768 
0.969622 0.010126 0.010126 0.010126 
0.250000 0.250000 0.250000 0.250000 
  35
0.500724 0.006417 0.046210 
0.444178 0.986889 0.462022 
0.055098 0.006694 0.491768 
0.969622 0.010126 0.010126 0.010126 
0.250000 0.250000 0.250000 0.250000 
  36
0.500724 0.006417 0.046210 
0.444178 0.986889 0.462022 
0.055098 0.006694 0.491768 
0.010126 0.010126 0.035419 0.944329 
0.250000 0.250000 0.250000 0.250000 
  37
0.500724 0.006417 0.046210 
0.444178 0.986889 0.462022 
0.055098 0.006694 0.491768 
0.010126 0.969622 0.010126 0.010126 
0.250000 0.250000 0.250000 0.250000 
  38
0.500724 0.006417 0.046210 
0.444178 0.986889 0.462022 
0.055098 0.006694 0.491768 
0.010126 0.969622 0.010126 0.010126 
0.250000 0.250000 0.250000 0.250000 
  39
0.500724 0.006417 0.046210 
0.444178 0.986889 0.462022 
0.055098 0.006694 0.491768 
0.872741 0.107007 0.010126 0.010126 
0.250000 0.250000 0.250000 0.250000 
  40
0.500724 0.006417 0.046210 
0.444178 0.986889 0.462022 
0.055098 0.006694 0.491768 
0.969622 0.010126 0.010126 0.010126 
0.250000 0.250000 0.250000 0.250000 
  41
0.500724 0.006417 0.046210 
0.444178 0.986889 0.462022 
0.055098 0.006694 0.491768 
0.010126 0.010126 0.969622 0.010126 
0.250000 0.250000 0.250000 0.250000 
  42
0.500724 0.006417 0.046210 
0.444178 0.986889 0.462022 
0.055098 0.006694 0.491768 
0.853545 0.010126 0.028847 0.107482 
0.250000 0.250000 0.250000 0.250000 
  43
0.500724 0.006417 0.046210 
0.444178 0.986889 0.462022 
0.055098 0.006694 0.491768 
0.969622 0.010126 0.010126 0.010126 
0.250000 0.250000 0.250000 0.250000 
  44
0.500724 0.006417 0.046210 
0.444178 0.986889 0.462022 
0.055098 0.006694 0.491768 
0.949434 0.030314 0.010126 0.010126 
0.250000 0.250000 0.250000 0.250000 
  45
0.500724 0.006417 0.046210 
0.444178 0.986889 0.462022 
0.055098 0.006694 0.491768 
0.879169 0.100579 0.010126 0.010126 
0.250000 0.250000 0.250000 0.250000 
  46
0.500724 0.006417 0.046210 
0.444178 0.986889 0.462022 
0.055098 0.006694 0.491768 
0.010126 0.969622 0.010126 0.010126 
0.250000 0.250000 0.250000 0.250000 
  47
0.500724 0.006417 0.046210 
0.444178 0.986889 0.462022 
0.055098 0.006694 0.491768 
0.010126 0.010126 0.010126 0.969622 
0.250000 0.250000 0.250000 0.250000 
  48
0.500724 0.006417 0.046210 
0.444178 0.986889 0.462022 
0.055098 0.006694 0.491768 
0.025628 0.954089 0.010142 0.010142 
0.250000 0.250000 0.250000 0.250000 
  49
0.500724 0.006417 0.046210 
0.444178 0.986889 0.462022 
0.055098 0.006694 0.491768 
0.963335 0.016413 0.010126 0.010126 
0.250000 0.250000 0.250000 0.250000 
  50
0.500724 0.006417 0.046210 
0.444178 0.986889 0.462022 
0.055098 0.006694 0.491768 
0.969622 0.010126 0.010126 0.010126 
0.250000 0.250000 0.250000 0.250000 
  51
0.500724 0.006417 0.046210 
0.444178 0.986889 0.462022 
0.055098 0.006694 0.491768 
0.010126 0.010126 0.969622 0.010126 
0.250000 0.250000 0.250000 0.250000 
  52
0.500724 0.006417 0.046210 
0.444178 0.986889 0.462022 
0.055098 0.006694 0.491768 
0.969622 0.010126 0.010126 0.010126 
0.250000 0.250000 0.250000 0.250000 
  53
0.500724 0.006417 0.046210 
0.444178 0.986889 0.462022 
0.055098 0.006694 0.491768 
0.010126 0.010126 0.968000 0.011748 
0.250000 0.250000 0.250000 0.250000 
  54
0.500724 0.006417 0.046210 
0.444178 0.986889 0.462022 
0.055098 0.006694 0.491768 
0.890142 0.089606 0.010126 0.010126 
0.250000 0.250000 0.250000 0.250000 
  55
0.500724 0.006417 0.046210 
0.444178 0.986889 0.462022 
0.055098 0.006694 0.491768 
0.010126 0.010126 0.216942 0.762806 
0.250000 0.250000 0.250000 0.250000 
  56
0.500724 0.006417 0.046210 
0.444178 0.986889 0.462022 
0.055098 0.006694 0.491768 
0.010126 0.010126 0.010126 0.969622 
0.250000 0.250000 0.250000 0.250000 
  57
0.500724 0.006417 0.046210 
0.444178 0.986889 0.462022 
0.055098 0.006694 0.491768 
0.947950 0.031798 0.010126 0.010126 
0.250000 0.250000 0.250000 0.250000 
  58
0.500724 0.006417 0.046210 
0.444178 0.986889 0.462022 
0.055098 0.006694 0.491768 
0.969622 0.010126 0.010126 0.010126 
0.250000 0.250000 0.250000 0.250000 
  59
0.500724 0.006417 0.046210 
0.444178 0.986889 0.462022 
0.055098 0.006694 0.491768 
0.010126 0.010126 0.969622 0.010126 
0.250000 0.250000 0.250000 0.250000 
  60
0.500724 0.006417 0.046210 
0.444178 0.986889 0.462022 
0.055098 0.006694 0.491768 
0.948186 0.019383 0.020073 0.012357 
0.250000 0.250000 0.250000 0.250000 
  61
0.500724 0.006417 0.046210 
0.444178 0.986889 0.462022 
0.055098 0.006694 0.491768 
0.010126 0.969622 0.010126 0.010126 
0.250000 0.250000 0.250000 0.250000 
  62
0.500724 0.006417 0.046210 
0.444178 0.986889 0.462022 
0.055098 0.006694 0.491768 
0.965944 0.013804 0.010126 0.010126 
0.250000 0.250000 0.250000 0.250000 
  63
0.500724 0.006417 0.046210 
0.444178 0.986889 0.462022 
0.055098 0.006694 0.491768 
0.041803 0.937945 0.010126 0.010126 
0.250000 0.250000 0.250000 0.250000 
  64
0.500724 0.006417 0.046210 
0.444178 0.986889 0.462022 
0.055098 0.006694 0.491768 
0.969622 0.010126 0.010126 0.010126 
0.250000 0.250000 0.250000 0.250000 
  65
0.500724 0.006417 0.046210 
0.444178 0.986889 0.462022 
0.055098 0.006694 0.491768 
0.231597 0.748151 0.010126 0.010126 
0.250000 0.250000 0.250000 0.250000 
  66
0.500724 0.006417 0.046210 
0.444178 0.986889 0.462022 
0.055098 0.006694 0.491768 
0.290900 0.688848 0.010126 0.010126 
0.250000 0.250000 0.250000 0.250000 
  67
0.500724 0.006417 0.046210 
0.444178 0.986889 0.462022 
0.055098 0.006694 0.491768 
0.012310 0.967438 0.010126 0.010126 
0.250000 0.250000 0.250000 0.250000 
  68
0.500724 0.006417 0.046210 
0.444178 0.986889 0.462022 
0.055098 0.006694 0.491768 
0.012911 0.966837 0.010126 0.010126 
0.250000 0.250000 0.250000 0.250000 
  69
0.500724 0.006417 0.046210 
0.444178 0.986889 0.462022 
0.055098 0.006694 0.491768 
0.350227 0.629521 0.010126 0.010126 
0.250000 0.250000 0.250000 0.250000 
  70
0.500724 0.006417 0.046210 
0.444178 0.986889 0.462022 
0.055098 0.006694 0.491768 
0.959041 0.020707 0.010126 0.010126 
0.250000 0.250000 0.250000 0.250000 
  71
0.500724 0.006417 0.046210 
0.444178 0.986889 0.462022 
0.055098 0.006694 0.491768 
0.010126 0.010126 0.010126 0.969622 
0.250000 0.250000 0.250000 0.250000 
  72
0.500724 0.006417 0.046210 
0.444178 0.986889 0.462022 
0.055098 0.006694 0.491768 
0.010126 0.010126 0.050936 0.928812 
0.250000 0.250000 0.250000 0.250000 
  73
0.500724 0.006417 0.046210 
0.444178 0.986889 0.462022 
0.055098 0.006694 0.491768 
0.011975 0.967773 0.010126 0.010126 
0.250000 0.250000 0.250000 0.250000 
  74
0.500724 0.006417 0.046210 
0.444178 0.986889 0.462022 
0.055098 0.006694 0.491768 
0.969622 0.010126 0.010126 0.010126 
0.250000 0.250000 0.250000 0.250000 
  75
0.500724 0.006417 0.046210 
0.444178 0.986889 0.462022 
0.055098 0.006694 0.491768 
0.892348 0.087400 0.010126 0.010126 
0.250000 0.250000 0.250000 0.250000 
  76
0.500724 0.006417 0.046210 
0.444178 0.986889 0.462022 
0.055098 0.006694 0.491768 
0.010126 0.969622 0.010126 0.010126 
0.250000 0.250000 0.250000 0.250000 
  77
0.500724 0.006417 0.046210 
0.444178 0.986889 0.462022 
0.055098 0.006694 0.491768 
0.010126 0.010126 0.010126 0.969622 
0.250000 0.250000 0.250000 0.250000 
  78
0.500724 0.006417 0.046210 
0.444178 0.986889 0.462022 
0.055098 0.006694 0.491768 
0.945786 0.028763 0.015325 0.010126 
0.250000 0.250000 0.250000 0.250000 
  79
0.500724 0.006417 0.046210 
0.444178 0.986889 0.462022 
0.055098 0.006694 0.491768 
0.010126 0.969622 0.010126 0.010126 
0.250000 0.250000 0.250000 0.250000 
  80
0.500724 0.006417 0.046210 
0.444178 0.986889 0.462022 
0.055098 0.006694 0.491768 
0.010126 0.010126 0.010126 0.969622 
0.250000 0.250000 0.250000 0.250000 
  81
0.500724 0.006417 0.046210 
0.444178 0.986889 0.462022 
0.055098 0.006694 0.491768 
0.301563 0.646077 0.038688 0.013672 
0.250000 0.250000 0.250000 0.250000 
  82
0.500724 0.006417 0.046210 
0.444178 0.986889 0.462022 
0.055098 0.006694 0.491768 
0.969622 0.010126 0.010126 0.010126 
0.250000 0.250000 0.250000 0.250000 
  83
0.500724 0.006417 0.046210 
0.444178 0.986889 0.462022 
0.055098 0.006694 0.491768 
0.969622 0.010126 0.010126 0.010126 
0.250000 0.250000 0.250000 0.250000 
  84
0.500724 0.006417 0.046210 
0.444178 0.986889 0.462022 
0.055098 0.006694 0.491768 
0.010126 0.010126 0.112824 0.866924 
0.250000 0.250000 0.250000 0.250000 
  85
0.500724 0.006417 0.046210 
0.444178 0.986889 0.462022 
0.055098 0.006694 0.491768 
0.010126 0.969622 0.010126 0.010126 
0.250000 0.250000 0.250000 0.250000 
  86
0.500724 0.006417 0.046210 
0.444178 0.986889 0.462022 
0.055098 0.006694 0.491768 
0.010144 0.010144 0.969567 0.010144 
0.250000 0.250000 0.250000 0.250000 
  87
0.500724 0.006417 0.046210 
0.444178 0.986889 0.462022 
0.055098 0.006694 0.491768 
0.014173 0.010126 0.908834 0.066867 
0.250000 0.250000 0.250000 0.250000 
  88
0.500724 0.006417 0.046210 
0.444178 0.986889 0.462022 
0.055098 0.006694 0.491768 
0.969622 0.010126 0.010126 0.010126 
0.250000 0.250000 0.250000 0.250000 
  89
0.500724 0.006417 0.046210 
0.444178 0.986889 0.462022 
0.055098 0.006694 0.491768 
0.010126 0.010126 0.969622 0.010126 
0.250000 0.250000 0.250000 0.250000 
  90
0.500724 0.006417 0.046210 
0.444178 0.986889 0.462022 
0.055098 0.006694 0.491768 
0.771978 0.206016 0.011880 0.010126 
0.250000 0.250000 0.250000 0.250000 
  91
0.500724 0.006417 0.046210 
0.444178 0.986889 0.462022 
0.055098 0.006694 0.491768 
0.010126 0.969622 0.010126 0.010126 
0.250000 0.250000 0.250000 0.250000 
  92
0.500724 0.006417 0.046210 
0.444178 0.986889 0.462022 
0.055098 0.006694 0.491768 
0.969622 0.010126 0.010126 0.010126 
0.250000 0.250000 0.250000 0.250000 
  93
0.500724 0.006417 0.046210 
0.444178 0.986889 0.462022 
0.055098 0.006694 0.491768 
0.279832 0.699916 0.010126 0.010126 
0.250000 0.250000 0.250000 0.250000 
  94
0.500724 0.006417 0.046210 
0.444178 0.986889 0.462022 
0.055098 0.006694 0.491768 
0.969622 0.010126 0.010126 0.010126 
0.250000 0.250000 0.250000 0.250000 
  95
0.500724 0.006417 0.046210 
0.444178 0.986889 0.462022 
0.055098 0.006694 0.491768 
0.010126 0.010126 0.968005 0.011743 
0.250000 0.250000 0.250000 0.250000 
  96
0.500724 0.006417 0.046210 
0.444178 0.986889 0.462022 
0.055098 0.006694 0.491768 
0.327106 0.647898 0.010126 0.014870 
0.250000 0.250000 0.250000 0.250000 
  97
0.500724 0.006417 0.046210 
0.444178 0.986889 0.462022 
0.055098 0.006694 0.491768 
0.010126 0.969622 0.010126 0.010126 
0.250000 0.250000 0.250000 0.250000 
  98
0.500724 0.006417 0.046210 
0.444178 0.986889 0.462022 
0.055098 0.006694 0.491768 
0.010126 0.010126 0.010126 0.969622 
0.250000 0.250000 0.250000 0.250000 
  99
0.500724 0.006417 0.046210 
0.444178 0.986889 0.462022 
0.055098 0.006694 0.491768 
0.049847 0.866237 0.010126 0.073791 
0.250000 0.250000 0.250000 0.250000 
 100
0.500724 0.006417 0.046210 
0.444178 0.986889 0.462022 
0.055098 0.006694 0.491768 
0.010126 0.969622 0.010126 0.010126 
0.250000 0.250000 0.250000 0.250000 
 101
0.500724 0.006417 0.046210 
0.444178 0.986889 0.462022 
0.055098 0.006694 0.491768 
0.969622 0.010126 0.010126 0.010126 
0.250000 0.250000 0.250000 0.250000 
 102
0.500724 0.006417 0.046210 
0.444178 0.986889 0.462022 
0.055098 0.006694 0.491768 
0.733754 0.245994 0.010126 0.010126 
0.250000 0.250000 0.250000 0.250000 
 103
0.500724 0.006417 0.046210 
0.444178 0.986889 0.462022 
0.055098 0.006694 0.491768 
0.955083 0.024665 0.010126 0.010126 
0.250000 0.250000 0.250000 0.250000 
 104
0.500724 0.006417 0.046210 
0.444178 0.986889 0.462022 
0.055098 0.006694 0.491768 
0.020202 0.012620 0.957053 0.010126 
0.250000 0.250000 0.250000 0.250000 
 105
0.500724 0.006417 0.046210 
0.444178 0.986889 0.462022 
0.055098 0.006694 0.491768 
0.010126 0.010126 0.059102 0.920646 
0.250000 0.250000 0.250000 0.250000 
 106
0.500724 0.006417 0.046210 
0.444178 0.986889 0.462022 
0.055098 0.006694 0.491768 
0.044004 0.935744 0.010126 0.010126 
0.250000 0.250000 0.250000 0.250000 
 107
0.500724 0.006417 0.046210 
0.444178 0.986889 0.462022 
0.055098 0.006694 0.491768 
0.012372 0.013574 0.840095 0.133959 
0.250000 0.250000 0.250000 0.250000 
 108
0.500724 0.006417 0.046210 
0.444178 0.986889 0.462022 
0.055098 0.006694 0.491768 
0.330295 0.633336 0.010126 0.026243 
0.250000 0.250000 0.250000 0.250000 
 109
0.500724 0.006417 0.046210 
0.444178 0.986889 0.462022 
0.055098 0.006694 0.491768 
0.865695 0.114053 0.010126 0.010126 
0.250000 0.250000 0.250000 0.250000 
 110
0.500724 0.006417 0.046210 
0.444178 0.986889 0.462022 
0.055098 0.006694 0.491768 
0.963437 0.016311 0.010126 0.010126 
0.250000 0.250000 0.250000 0.250000 
 111
0.500724 0.006417 0.046210 
0.444178 0.986889 0.462022 
0.055098 0.006694 0.491768 
0.010126 0.010126 0.027654 0.952094 
0.250000 0.250000 0.250000 0.250000 
 112
0.500724 0.006417 0.046210 
0.444178 0.986889 0.462022 
0.055098 0.006694 0.491768 
0.864837 0.114911 0.010126 0.010126 
0.250000 0.250000 0.250000 0.250000 
 113
0.500724 0.006417 0.046210 
0.444178 0.986889 0.462022 
0.055098 0.006694 0.491768 
0.010126 0.015607 0.023791 0.950476 
0.250000 0.250000 0.250000 0.250000 
 114
0.500724 0.006417 0.046210 
0.444178 0.986889 0.462022 
0.055098 0.006694 0.491768 
0.010126 0.014383 0.650642 0.324849 
0.250000 0.250000 0.250000 0.250000 
 115
0.500724 0.006417 0.046210 
0.444178 0.986889 0.462022 
0.055098 0.006694 0.491768 
0.863436 0.116312 0.010126 0.010126 
0.250000 0.250000 0.250000 0.250000 
 116
0.500724 0.006417 0.046210 
0.444178 0.986889 0.462022 
0.055098 0.006694 0.491768 
0.916880 0.062868 0.010126 0.010126 
0.250000 0.250000 0.250000 0.250000 
 117
0.500724 0.006417 0.046210 
0.444178 0.986889 0.462022 
0.055098 0.006694 0.491768 
0.026126 0.953622 0.010126 0.010126 
0.250000 0.250000 0.250000 0.250000 
 118
0.500724 0.006417 0.046210 
0.444178 0.986889 0.462022 
0.055098 0.006694 0.491768 
0.969622 0.010126 0.010126 0.010126 
0.250000 0.250000 0.250000 0.250000 
 119
0.500724 0.006417 0.046210 
0.444178 0.986889 0.462022 
0.055098 0.006694 0.491768 
0.962392 0.017357 0.010126 0.010126 
0.250000 0.250000 0.250000 0.250000 
 120
0.500724 0.006417 0.046210 
0.444178 0.986889 0.462022 
0.055098 0.006694 0.491768 
0.935829 0.043919 0.010126 0.010126 
0.250000 0.250000 0.250000 0.250000 
 121
0.500724 0.006417 0.046210 
0.444178 0.986889 0.462022 
0.055098 0.006694 0.491768 
0.969622 0.010126 0.010126 0.010126 
0.250000 0.250000 0.250000 0.250000 
 122
0.500724 0.006417 0.046210 
0.444178 0.986889 0.462022 
0.055098 0.006694 0.491768 
0.010126 0.010126 0.016510 0.963238 
0.250000 0.250000 0.250000 0.250000 
 123
0.500724 0.006417 0.046210 
0.444178 0.986889 0.462022 
0.055098 0.006694 0.491768 
0.868761 0.010126 0.110987 0.010126 
0.250000 0.250000 0.250000 0.250000 
 124
0.500724 0.006417 0.046210 
0.444178 0.986889 0.462022 
0.055098 0.006694 0.491768 
0.014438 0.010126 0.013574 0.961862 
0.250000 0.250000 0.250000 0.250000 
 125
0.500724 0.006417 0.046210 
0.444178 0.986889 0.462022 
0.055098 0.006694 0.491768 
0.010126 0.969622 0.010126 0.010126 
0.250000 0.250000 0.250000 0.250000 
 126
0.500724 0.006417 0.046210 
0.444178 0.986889 0.462022 
0.055098 0.006694 0.491768 
0.013574 0.010126 0.487492 0.488808 
0.250000 0.250000 0.250000 0.250000 
 127
0.500724 0.006417 0.046210 
0.444178 0.986889 0.462022 
0.055098 0.006694 0.491768 
0.969622 0.010126 0.010126 0.010126 
0.250000 0.250000 0.250000 0.250000 
 128
0.500724 0.006417 0.046210 
0.444178 0.986889 0.462022 
0.055098 0.006694 0.491768 
0.013574 0.010126 0.961678 0.014622 
0.250000 0.250000 0.250000 0.250000 
 129
0.500724 0.006417 0.046210 
0.444178 0.986889 0.462022 
0.055098 0.006694 0.491768 
0.010126 0.010126 0.337744 0.642004 
0.250000 0.250000 0.250000 0.250000 
 130
0.500724 0.006417 0.046210 
0.444178 0.986889 0.462022 
0.055098 0.006694 0.491768 
0.039560 0.010144 0.940153 0.010144 
0.250000 0.250000 0.250000 0.250000 
 131
0.500724 0.006417 0.046210 
0.444178 0.986889 0.462022 
0.055098 0.006694 0.491768 
0.969622 0.010126 0.010126 0.010126 
0.250000 0.250000 0.250000 0.250000 
 132
0.500724 0.006417 0.046210 
0.444178 0.986889 0.462022 
0.055098 0.006694 0.491768 
0.694651 0.281623 0.011948 0.011777 
0.250000 0.250000 0.250000 0.250000 
 133
0.500724 0.006417 0.046210 
0.444178 0.986889 0.462022 
0.055098 0.006694 0.491768 
0.013110 0.966638 0.010126 0.010126 
0.250000 0.250000 0.250000 0.250000 
 134
0.500724 0.006417 0.046210 
0.444178 0.986889 0.462022 
0.055098 0.006694 0.491768 
0.015325 0.964423 0.010126 0.010126 
0.250000 0.250000 0.250000 0.250000 
 135
0.500724 0.006417 0.046210 
0.444178 0.986889 0.462022 
0.055098 0.006694 0.491768 
0.123993 0.855755 0.010126 0.010126 
0.250000 0.250000 0.250000 0.250000 
 136
0.500724 0.006417 0.046210 
0.444178 0.986889 0.462022 
0.055098 0.006694 0.491768 
0.969622 0.010126 0.010126 0.010126 
0.250000 0.250000 0.250000 0.250000 
 137
0.500724 0.006417 0.046210 
0.444178 0.986889 0.462022 
0.055098 0.006694 0.491768 
0.960338 0.019410 0.010126 0.010126 
0.250000 0.250000 0.250000 0.250000 
 138
0.500724 0.006417 0.046210 
0.444178 0.986889 0.462022 
0.055098 0.006694 0.491768 
0.967027 0.012721 0.010126 0.010126 
0.250000 0.250000 0.250000 0.250000 
 139
0.500724 0.006417 0.046210 
0.444178 0.986889 0.462022 
0.055098 0.006694 0.491768 
0.969622 0.010126 0.010126 0.010126 
0.250000 0.250000 0.250000 0.250000 
 140
0.500724 0.006417 0.046210 
0.444178 0.986889 0.462022 
0.055098 0.006694 0.491768 
0.038712 0.937640 0.010126 0.013522 
0.250000 0.250000 0.250000 0.250000 
 141
0.500724 0.006417 0.046210 
0.444178 0.986889 0.462022 
0.055098 0.006694 0.491768 
0.205098 0.774590 0.010156 0.010156 
0.250000 0.250000 0.250000 0.250000 
 142
0.500724 0.006417 0.046210 
0.444178 0.986889 0.462022 
0.055098 0.006694 0.491768 
0.042131 0.078657 0.858711 0.020501 
0.250000 0.250000 0.250000 0.250000 
 143
0.500724 0.006417 0.046210 
0.444178 0.986889 0.462022 
0.055098 0.006694 0.491768 
0.010126 0.010126 0.969622 0.010126 
0.250000 0.250000 0.250000 0.250000 
 144
0.500724 0.006417 0.046210 
0.444178 0.986889 0.462022 
0.055098 0.006694 0.491768 
0.969622 0.010126 0.010126 0.010126 
0.250000 0.250000 0.250000 0.250000 
 145
0.500724 0.006417 0.046210 
0.444178 0.986889 0.462022 
0.055098 0.006694 0.491768 
0.967988 0.011760 0.010126 0.010126 
0.250000 0.250000 0.250000 0.250000 
 146
0.500724 0.006417 0.046210 
0.444178 0.986889 0.462022 
0.055098 0.006694 0.491768 
0.018794 0.010126 0.957223 0.013858 
0.250000 0.250000 0.250000 0.250000 
 147
0.500724 0.006417 0.046210 
0.444178 0.986889 0.462022 
0.055098 0.006694 0.491768 
0.923198 0.018916 0.047759 0.010126 
0.250000 0.250000 0.250000 0.250000 
 148
0.500724 0.006417 0.046210 
0.444178 0.986889 0.462022 
0.055098 0.006694 0.491768 
0.010126 0.969622 0.010126 0.010126 
0.250000 0.250000 0.250000 0.250000 
 149
0.500724 0.006417 0.046210 
0.444178 0.986889 0.462022 
0.055098 0.006694 0.491768 
0.969622 0.010126 0.010126 0.010126 
0.250000 0.250000 0.250000 0.250000 
 150
0.500724 0.006417 0.046210 
0.444178 0.986889 0.462022 
0.055098 0.006694 0.491768 
0.010126 0.010126 0.130671 0.849077 
0.250000 0.250000 0.250000 0.250000 
 151
0.500724 0.006417 0.046210 
0.444178 0.986889 0.462022 
0.055098 0.006694 0.491768 
0.014095 0.010126 0.940855 0.034924 
0.250000 0.250000 0.250000 0.250000 
 152
0.500724 0.006417 0.046210 
0.444178 0.986889 0.462022 
0.055098 0.006694 0.491768 
0.010126 0.010126 0.017091 0.962657 
0.250000 0.250000 0.250000 0.250000 
 153
0.500724 0.006417 0.046210 
0.444178 0.986889 0.462022 
0.055098 0.006694 0.491768 
0.045217 0.927566 0.010126 0.017091 
0.250000 0.250000 0.250000 0.250000 
 154
0.500724 0.006417 0.046210 
0.444178 0.986889 0.462022 
0.055098 0.006694 0.491768 
0.017091 0.962657 0.010126 0.010126 
0.250000 0.250000 0.250000 0.250000 
 155
0.500724 0.006417 0.046210 
0.444178 0.986889 0.462022 
0.055098 0.006694 0.491768 
0.012111 0.967637 0.010126 0.010126 
0.250000 0.250000 0.250000 0.250000 
 156
0.500724 0.006417 0.046210 
0.444178 0.986889 0.462022 
0.055098 0.006694 0.491768 
0.923599 0.045840 0.010126 0.020435 
0.250000 0.250000 0.250000 0.250000 
 157
0.500724 0.006417 0.046210 
0.444178 0.986889 0.462022 
0.055098 0.006694 0.491768 
0.010126 0.010126 0.969622 0.010126 
0.250000 0.250000 0.250000 0.250000 
 158
0.500724 0.006417 0.046210 
0.444178 0.986889 0.462022 
0.055098 0.006694 0.491768 
0.870469 0.109279 0.010126 0.010126 
0.250000 0.250000 0.250000 0.250000 
 159
0.500724 0.006417 0.046210 
0.444178 0.986889 0.462022 
0.055098 0.006694 0.491768 
0.949552 0.021752 0.017179 0.011517 
0.250000 0.250000 0.250000 0.250000 
 160
0.500724 0.006417 0.046210 
0.444178 0.986889 0.462022 
0.055098 0.006694 0.491768 
0.010126 0.010126 0.010126 0.969622 
0.250000 0.250000 0.250000 0.250000 
 161
0.500724 0.006417 0.046210 
0.444178 0.986889 0.462022 
0.055098 0.006694 0.491768 
0.010126 0.969622 0.010126 0.010126 
0.250000 0.250000 0.250000 0.250000 
 162
0.500724 0.006417 0.046210 
0.444178 0.986889 0.462022 
0.055098 0.006694 0.491768 
0.010126 0.010126 0.183547 0.796201 
0.250000 0.250000 0.250000 0.250000 
 163
0.500724 0.006417 0.046210 
0.444178 0.986889 0.462022 
0.055098 0.006694 0.491768 
0.010126 0.969622 0.010126 0.010126 
0.250000 0.250000 0.250000 0.250000 
 164
0.500724 0.006417 0.046210 
0.444178 0.986889 0.462022 
0.055098 0.006694 0.491768 
0.010126 0.969622 0.010126 0.010126 
0.250000 0.250000 0.250000 0.250000 
 165
0.500724 0.006417 0.046210 
0.444178 0.986889 0.462022 
0.055098 0.006694 0.491768 
0.946354 0.033394 0.010126 0.010126 
0.250000 0.250000 0.250000 0.250000 
 166
0.500724 0.006417 0.046210 
0.444178 0.986889 0.462022 
0.055098 0.006694 0.491768 
0.011916 0.010126 0.967832 0.010126 
0.250000 0.250000 0.250000 0.250000 
 167
0.500724 0.006417 0.046210 
0.444178 0.986889 0.462022 
0.055098 0.006694 0.491768 
0.010126 0.010126 0.010126 0.969622 
0.250000 0.250000 0.250000 0.250000 
 168
0.500724 0.006417 0.046210 
0.444178 0.986889 0.462022 
0.055098 0.006694 0.491768 
0.010126 0.010126 0.117710 0.862038 
0.250000 0.250000 0.250000 0.250000 
 169
0.500724 0.006417 0.046210 
0.444178 0.986889 0.462022 
0.055098 0.006694 0.491768 
0.010126 0.010126 0.959662 0.020086 
0.250000 0.250000 0.250000 0.250000 
 170
0.500724 0.006417 0.046210 
0.444178 0.986889 0.462022 
0.055098 0.006694 0.491768 
0.010126 0.010126 0.010126 0.969622 
0.250000 0.250000 0.250000 0.250000 
 171
0.500724 0.006417 0.046210 
0.444178 0.986889 0.462022 
0.055098 0.006694 0.491768 
0.870663 0.109085 0.010126 0.010126 
0.250000 0.250000 0.250000 0.250000 
 172
0.500724 0.006417 0.046210 
0.444178 0.986889 0.462022 
0.055098 0.006694 0.491768 
0.010126 0.969622 0.010126 0.010126 
0.250000 0.250000 0.250000 0.250000 
 173
0.500724 0.006417 0.046210 
0.444178 0.986889 0.462022 
0.055098 0.006694 0.491768 
0.010126 0.969622 0.010126 0.010126 
0.250000 0.250000 0.250000 0.250000 
 174
0.500724 0.006417 0.046210 
0.444178 0.986889 0.462022 
0.055098 0.006694 0.491768 
0.857155 0.122593 0.010126 0.010126 
0.250000 0.250000 0.250000 0.250000 
 175
0.500724 0.006417 0.046210 
0.444178 0.986889 0.462022 
0.055098 0.006694 0.491768 
0.966249 0.013499 0.010126 0.010126 
0.250000 0.250000 0.250000 0.250000 
 176
0.500724 0.006417 0.046210 
0.444178 0.986889 0.462022 
0.055098 0.006694 0.491768 
0.010126 0.010126 0.960909 0.018839 
0.250000 0.250000 0.250000 0.250000 
 177
0.500724 0.006417 0.046210 
0.444178 0.986889 0.462022 
0.055098 0.006694 0.491768 
0.030685 0.010142 0.932462 0.026711 
0.250000 0.250000 0.250000 0.250000 
 178
0.500724 0.006417 0.046210 
0.444178 0.986889 0.462022 
0.055098 0.006694 0.491768 
0.010126 0.011917 0.956091 0.021866 
0.250000 0.250000 0.250000 0.250000 
 179
0.500724 0.006417 0.046210 
0.444178 0.986889 0.462022 
0.055098 0.006694 0.491768 
0.010126 0.010126 0.010126 0.969622 
0.250000 0.250000 0.250000 0.250000 
 180
0.500724 0.006417 0.046210 
0.444178 0.986889 0.462022 
0.055098 0.006694 0.491768 
0.899924 0.079824 0.010126 0.010126 
0.250000 0.250000 0.250000 0.250000 
 181
0.500724 0.006417 0.046210 
0.444178 0.986889 0.462022 
0.055098 0.006694 0.491768 
0.960219 0.019529 0.010126 0.010126 
0.250000 0.250000 0.250000 0.250000 
 182
0.500724 0.006417 0.046210 
0.444178 0.986889 0.462022 
0.055098 0.006694 0.491768 
0.010126 0.010126 0.020615 0.959133 
0.250000 0.250000 0.250000 0.250000 
 183
0.500724 0.006417 0.046210 
0.444178 0.986889 0.462022 
0.055098 0.006694 0.491768 
0.969622 0.010126 0.010126 0.010126 
0.250000 0.250000 0.250000 0.250000 
 184
0.500724 0.006417 0.046210 
0.444178 0.986889 0.462022 
0.055098 0.006694 0.491768 
0.010126 0.969622 0.010126 0.010126 
0.250000 0.250000 0.250000 0.250000 
 185
0.500724 0.006417 0.046210 
0.444178 0.986889 0.462022 
0.055098 0.006694 0.491768 
0.010126 0.969622 0.010126 0.010126 
0.250000 0.250000 0.250000 0.250000 
 186
0.500724 0.006417 0.046210 
0.444178 0.986889 0.462022 
0.055098 0.006694 0.491768 
0.870477 0.109271 0.010126 0.010126 
0.250000 0.250000 0.250000 0.250000 
 187
0.500724 0.006417 0.046210 
0.444178 0.986889 0.462022 
0.055098 0.006694 0.491768 
0.010126 0.010126 0.969622 0.010126 
0.250000 0.250000 0.250000 0.250000 
 188
0.500724 0.006417 0.046210 
0.444178 0.986889 0.462022 
0.055098 0.006694 0.491768 
0.011629 0.010126 0.964671 0.013574 
0.250000 0.250000 0.250000 0.250000 
 189
0.500724 0.006417 0.046210 
0.444178 0.986889 0.462022 
0.055098 0.006694 0.491768 
0.010126 0.010126 0.042087 0.937661 
0.250000 0.250000 0.250000 0.250000 
 190
0.500724 0.006417 0.046210 
0.444178 0.986889 0.462022 
0.055098 0.006694 0.491768 
0.010126 0.010126 0.969622 0.010126 
0.250000 0.250000 0.250000 0.250000 
 191
0.500724 0.006417 0.046210 
0.444178 0.986889 0.462022 
0.055098 0.006694 0.491768 
0.010126 0.010126 0.969622 0.010126 
0.250000 0.250000 0.250000 0.250000 
 192
0.500724 0.006417 0.046210 
0.444178 0.986889 0.462022 
0.055098 0.006694 0.491768 
0.030637 0.010126 0.930181 0.029056 
0.250000 0.250000 0.250000 0.250000 
 193
0.500724 0.006417 0.046210 
0.444178 0.986889 0.462022 
0.055098 0.006694 0.491768 
0.010126 0.010126 0.969622 0.010126 
0.250000 0.250000 0.250000 0.250000 
 194
0.500724 0.006417 0.046210 
0.444178 0.986889 0.462022 
0.055098 0.006694 0.491768 
0.969622 0.010126 0.010126 0.010126 
0.250000 0.250000 0.250000 0.250000 
 195
0.500724 0.006417 0.046210 
0.444178 0.986889 0.462022 
0.055098 0.006694 0.491768 
0.914678 0.062295 0.012901 0.010126 
0.250000 0.250000 0.250000 0.250000 
 196
0.500724 0.006417 0.046210 
0.444178 0.986889 0.462022 
0.055098 0.006694 0.491768 
0.010126 0.010126 0.010126 0.969622 
0.250000 0.250000 0.250000 0.250000 
 197
0.500724 0.006417 0.046210 
0.444178 0.986889 0.462022 
0.055098 0.006694 0.491768 
0.010126 0.969622 0.010126 0.010126 
0.250000 0.250000 0.250000 0.250000 
 198
0.500724 0.006417 0.046210 
0.444178 0.986889 0.462022 
0.055098 0.006694 0.491768 
0.010126 0.010126 0.308138 0.671610 
0.250000 0.250000 0.250000 0.250000 
 199
0.500724 0.006417 0.046210 
0.444178 0.986889 0.462022 
0.055098 0.006694 0.491768 
0.010126 0.969622 0.010126 0.010126 
0.250000 0.250000 0.250000 0.250000 
 200
0.500724 0.006417 0.046210 
0.444178 0.986889 0.462022 
0.055098 0.006694 0.491768 
0.967762 0.011986 0.010126 0.010126 
0.250000 0.250000 0.250000 0.250000 
 201
0.500724 0.006417 0.046210 
0.444178 0.986889 0.462022 
0.055098 0.006694 0.491768 
0.010126 0.010126 0.043012 0.936736 
0.250000 0.250000 0.250000 0.250000 
 202
0.500724 0.006417 0.046210 
0.444178 0.986889 0.462022 
0.055098 0.006694 0.491768 
0.014439 0.010126 0.965309 0.010126 
0.250000 0.250000 0.250000 0.250000 
 203
0.500724 0.006417 0.046210 
0.444178 0.986889 0.462022 
0.055098 0.006694 0.491768 
0.907206 0.019652 0.010126 0.063016 
0.250000 0.250000 0.250000 0.250000 
 204
0.500724 0.006417 0.046210 
0.444178 0.986889 0.462022 
0.055098 0.006694 0.491768 
0.919348 0.055420 0.010126 0.015107 
0.250000 0.250000 0.250000 0.250000 
 205
0.500724 0.006417 0.046210 
0.444178 0.986889 0.462022 
0.055098 0.006694 0.491768 
0.010126 0.010126 0.010126 0.969622 
0.250000 0.250000 0.250000 0.250000 
 206
0.500724 0.006417 0.046210 
0.444178 0.986889 0.462022 
0.055098 0.006694 0.491768 
0.010126 0.010126 0.010126 0.969622 
0.250000 0.250000 0.250000 0.250000 
 207
0.500724 0.006417 0.046210 
0.444178 0.986889 0.462022 
0.055098 0.006694 0.491768 
0.010126 0.010126 0.704667 0.275081 
0.250000 0.250000 0.250000 0.250000 
 208
0.500724 0.006417 0.046210 
0.444178 0.986889 0.462022 
0.055098 0.006694 0.491768 
0.010126 0.010126 0.932601 0.047147 
0.250000 0.250000 0.250000 0.250000 
 209
0.500724 0.006417 0.046210 
0.444178 0.986889 0.462022 
0.055098 0.006694 0.491768 
0.010126 0.011782 0.010126 0.967967 
0.250000 0.250000 0.250000 0.250000 
 210
0.500724 0.006417 0.046210 
0.444178 0.986889 0.462022 
0.055098 0.006694 0.491768 
0.010126 0.967547 0.010126 0.012201 
0.250000 0.250000 0.250000 0.250000 
 211
0.500724 0.006417 0.046210 
0.444178 0.986889 0.462022 
0.055098 0.006694 0.491768 
0.010126 0.969622 0.010126 0.010126 
0.250000 0.250000 0.250000 0.250000 
 212
0.500724 0.006417 0.046210 
0.444178 0.986889 0.462022 
0.055098 0.006694 0.491768 
0.969622 0.010126 0.010126 0.010126 
0.250000 0.250000 0.250000 0.250000 
 213
0.500724 0.006417 0.046210 
0.444178 0.986889 0.462022 
0.055098 0.006694 0.491768 
0.092114 0.887634 0.010126 0.010126 
0.250000 0.250000 0.250000 0.250000 
 214
0.500724 0.006417 0.046210 
0.444178 0.986889 0.462022 
0.055098 0.006694 0.491768 
0.010126 0.010126 0.010126 0.969622 
0.250000 0.250000 0.250000 0.250000 
 215
0.500724 0.006417 0.046210 
0.444178 0.986889 0.462022 
0.055098 0.006694 0.491768 
0.010126 0.010126 0.010126 0.969622 
0.250000 0.250000 0.250000 0.250000 
 216
0.500724 0.006417 0.046210 
0.444178 0.986889 0.462022 
0.055098 0.006694 0.491768 
0.010126 0.010126 0.012721 0.967027 
0.250000 0.250000 0.250000 0.250000 
 217
0.500724 0.006417 0.046210 
0.444178 0.986889 0.462022 
0.055098 0.006694 0.491768 
0.010126 0.465688 0.010126 0.514060 
0.250000 0.250000 0.250000 0.250000 
 218
0.500724 0.006417 0.046210 
0.444178 0.986889 0.462022 
0.055098 0.006694 0.491768 
0.488250 0.010126 0.491499 0.010126 
0.250000 0.250000 0.250000 0.250000 
 219
0.500724 0.006417 0.046210 
0.444178 0.986889 0.462022 
0.055098 0.006694 0.491768 
0.114461 0.012428 0.782352 0.090759 
0.250000 0.250000 0.250000 0.250000 
 220
0.500724 0.006417 0.046210 
0.444178 0.986889 0.462022 
0.055098 0.006694 0.491768 
0.018897 0.282438 0.010126 0.688539 
0.250000 0.250000 0.250000 0.250000 
 221
0.500724 0.006417 0.046210 
0.444178 0.986889 0.462022 
0.055098 0.006694 0.491768 
0.010140 0.010140 0.969581 0.010140 
0.250000 0.250000 0.250000 0.250000 
 222
0.500724 0.006417 0.046210 
0.444178 0.986889 0.462022 
0.055098 0.006694 0.491768 
0.083402 0.010126 0.014762 0.891710 
0.250000 0.250000 0.250000 0.250000 
 223
0.500724 0.006417 0.046210 
0.444178 0.986889 0.462022 
0.055098 0.006694 0.491768 
0.045916 0.933832 0.010126 0.010126 
0.250000 0.250000 0.250000 0.250000 
 224
0.479875 0.006417 0.046210 
0.465027 0.986889 0.462022 
0.056271 0.006680 0.491768 
0.969727 0.010091 0.010091 0.010091 
0.250000 0.250000 0.250000 0.250000 
 225
0.490093 0.006403 0.046210 
0.453635 0.986917 0.462022 
0.056271 0.006680 0.491768 
0.010091 0.010091 0.118390 0.861428 
0.250000 0.250000 0.250000 0.250000 
 226
0.490093 0.006403 0.046210 
0.453635 0.986917 0.462022 
0.056271 0.006680 0.491768 
0.010091 0.010091 0.071212 0.908606 
0.250000 0.250000 0.250000 0.250000 
 227
0.490093 0.006403 0.046210 
0.453635 0.986917 0.462022 
0.056271 0.006680 0.491768 
0.010091 0.010091 0.010091 0.969727 
0.250000 0.250000 0.250000 0.250000 
 228
0.490093 0.006403 0.046210 
0.453635 0.986917 0.462022 
0.056271 0.006680 0.491768 
0.120216 0.859602 0.010091 0.010091 
0.250000 0.250000 0.250000 0.250000 
 229
0.490093 0.006403 0.046210 
0.453635 0.986917 0.462022 
0.056271 0.006680 0.491768 
0.963540 0.016278 0.010091 0.010091 
0.250000 0.250000 0.250000 0.250000 
 230
0.490093 0.006403 0.046210 
0.453635 0.986917 0.462022 
0.056271 0.006680 0.491768 
0.010091 0.010091 0.010091 0.969727 
0.250000 0.250000 0.250000 0.250000 
 231
0.490093 0.006403 0.046210 
0.453635 0.986917 0.462022 
0.056271 0.006680 0.491768 
0.964545 0.010091 0.015273 0.010091 
0.250000 0.250000 0.250000 0.250000 
 232
0.490093 0.006403 0.046210 
0.453635 0.986917 0.462022 
0.056271 0.006680 0.491768 
0.966634 0.013184 0.010091 0.010091 
0.250000 0.250000 0.250000 0.250000 
 233
0.490093 0.006403 0.046210 
0.453635 0.986917 0.462022 
0.056271 0.006680 0.491768 
0.010091 0.010091 0.010091 0.969727 
0.250000 0.250000 0.250000 0.250000 
 234
0.490093 0.006403 0.046210 
0.453635 0.986917 0.462022 
0.056271 0.006680 0.491768 
0.012289 0.010091 0.017295 0.960326 
0.250000 0.250000 0.250000 0.250000 
 235
0.490093 0.006403 0.046210 
0.453635 0.986917 0.462022 
0.056271 0.006680 0.491768 
0.010091 0.969727 0.010091 0.010091 
