%  SAM: /scicomp/home/vfn4/nomen/label/LABEL_RES/scripts/modelfromalign_Linux v3.5 (July 15, 2005) compiled 12/08/06_16:15:55
%  (c) 1992-2001 Regents of the University of California, Santa Cruz
%
%          Sequence Alignment and Modeling Software System
%         http://www.cse.ucsc.edu/research/compbio/sam.html
%
% ----------------- Citations (SAM, SAM-T2K, HMMs) --------------------
% R. Hughey, A. Krogh, Hidden Markov models for sequence analysis:
%  Extension and analysis of the basic method, CABIOS 12:95-107, 1996.
% K. Karplus, et al., What is the value added by human intervention in protein
%  structure prediction, Proteins: Stucture, Function, Genetics 45(S5):86--91, 2001.
% A. Krogh et al., Hidden Markov models in computational biology:
%  Applications to protein modeling, JMB 235:1501-1531, Feb 1994.
% ---------------------------------------------------------------------
%  6C_hmm   Host: id-dev-01.biotech.cdc.gov    Wed Feb  7 10:40:55 2018
%  vfn4     Dir:  /scicomp/groups/OID/NCIRD/ID-OD/ID_nomenclatures/H1/H1pdm09v2018R3/base/c-otherwise/c-1-to-6-8-Old
% ---------------------------------------------------------------------
%  Alignment weights from internal calc.  Total (31.35) Max (0.19) Min (0.02)
%  Weights from alignment method 1 (karplus), b=-1.000000, e=0.500000
MODEL --  Model from alignment file /scicomp/home/vfn4/nomen/label/LABEL_RES/training_data/H1pdm09v2018R3/c-otherwise/c-1-to-6-8-Old/6C.fasta
alphabet DNA
FREQAVE
0.000000 0.000000 0.000000 
0.000000 0.000000 0.000000 
0.000000 0.000000 0.000000 
0.353163 0.221479 0.186686 0.238671 
0.353163 0.221479 0.186686 0.238671 
Begin
0.000000 0.000000 0.000000 
0.000000 0.000000 0.000000 
0.000000 0.005612 0.491768 
0.250000 0.250000 0.250000 0.250000 
0.250000 0.250000 0.250000 0.250000 
   1
0.000000 0.005379 0.046210 
0.000000 0.989009 0.462022 
0.057405 0.005612 0.491768 
0.250000 0.250000 0.250000 0.250000
0.250000 0.250000 0.250000 0.250000 
   2
0.479817 0.005379 0.046210 
0.462778 0.989009 0.462022 
0.057405 0.005612 0.491768 
0.250000 0.250000 0.250000 0.250000
0.250000 0.250000 0.250000 0.250000 
   3
0.479817 0.005379 0.046210 
0.462778 0.989009 0.462022 
0.057405 0.005612 0.491768 
0.250000 0.250000 0.250000 0.250000
0.250000 0.250000 0.250000 0.250000 
   4
0.479817 0.005379 0.046210 
0.462778 0.989009 0.462022 
0.057405 0.005612 0.491768 
0.250000 0.250000 0.250000 0.250000
0.250000 0.250000 0.250000 0.250000 
   5
0.479817 0.005379 0.046210 
0.462778 0.989009 0.462022 
0.057405 0.005612 0.491768 
0.975473 0.007727 0.007727 0.009072 
0.250000 0.250000 0.250000 0.250000 
   6
0.479817 0.005379 0.046210 
0.462778 0.989009 0.462022 
0.057405 0.005612 0.491768 
0.007727 0.976818 0.007727 0.007727 
0.250000 0.250000 0.250000 0.250000 
   7
0.479817 0.005379 0.046210 
0.462778 0.989009 0.462022 
0.057405 0.005612 0.491768 
0.010203 0.974342 0.007727 0.007727 
0.250000 0.250000 0.250000 0.250000 
   8
0.479817 0.005379 0.046210 
0.462778 0.989009 0.462022 
0.057405 0.005612 0.491768 
0.007727 0.010203 0.971441 0.010628 
0.250000 0.250000 0.250000 0.250000 
   9
0.479817 0.005379 0.046210 
0.462778 0.989009 0.462022 
0.057405 0.005612 0.491768 
0.250000 0.250000 0.250000 0.250000
0.250000 0.250000 0.250000 0.250000 
  10
0.479817 0.005379 0.046210 
0.462778 0.989009 0.462022 
0.057405 0.005612 0.491768 
0.250000 0.250000 0.250000 0.250000
0.250000 0.250000 0.250000 0.250000 
  11
0.479817 0.005379 0.046210 
0.462778 0.989009 0.462022 
0.057405 0.005612 0.491768 
0.250000 0.250000 0.250000 0.250000
0.250000 0.250000 0.250000 0.250000 
  12
0.479817 0.005379 0.046210 
0.462778 0.989009 0.462022 
0.057405 0.005612 0.491768 
0.250000 0.250000 0.250000 0.250000
0.250000 0.250000 0.250000 0.250000 
  13
0.479817 0.005379 0.046210 
0.462778 0.989009 0.462022 
0.057405 0.005612 0.491768 
0.250000 0.250000 0.250000 0.250000
0.250000 0.250000 0.250000 0.250000 
  14
0.479817 0.005379 0.046210 
0.462778 0.989009 0.462022 
0.057405 0.005612 0.491768 
0.250000 0.250000 0.250000 0.250000
0.250000 0.250000 0.250000 0.250000 
  15
0.479817 0.005379 0.046210 
0.462778 0.989009 0.462022 
0.057405 0.005612 0.491768 
0.250000 0.250000 0.250000 0.250000
0.250000 0.250000 0.250000 0.250000 
  16
0.479817 0.005379 0.046210 
0.462778 0.989009 0.462022 
0.057405 0.005612 0.491768 
0.010662 0.973884 0.007727 0.007727 
0.250000 0.250000 0.250000 0.250000 
  17
0.479817 0.005379 0.046210 
0.462778 0.989009 0.462022 
0.057405 0.005612 0.491768 
0.007727 0.007727 0.011439 0.973106 
0.250000 0.250000 0.250000 0.250000 
  18
0.479817 0.005379 0.046210 
0.462778 0.989009 0.462022 
0.057405 0.005612 0.491768 
0.250000 0.250000 0.250000 0.250000
0.250000 0.250000 0.250000 0.250000 
  19
0.479817 0.005379 0.046210 
0.462778 0.989009 0.462022 
0.057405 0.005612 0.491768 
0.250000 0.250000 0.250000 0.250000
0.250000 0.250000 0.250000 0.250000 
  20
0.479817 0.007069 0.046210 
0.462778 0.987319 0.462022 
0.056259 0.005621 0.491768 
0.250000 0.250000 0.250000 0.250000
0.250000 0.250000 0.250000 0.250000 
  21
0.470238 0.005388 0.046210 
0.473502 0.988991 0.462022 
0.057405 0.005612 0.491768 
0.007727 0.007727 0.016556 0.967989 
0.250000 0.250000 0.250000 0.250000 
  22
0.479817 0.005379 0.046210 
0.462778 0.989009 0.462022 
0.057405 0.005612 0.491768 
0.250000 0.250000 0.250000 0.250000
0.250000 0.250000 0.250000 0.250000 
  23
0.479817 0.005379 0.046210 
0.462778 0.989009 0.462022 
0.057405 0.005612 0.491768 
0.250000 0.250000 0.250000 0.250000
0.250000 0.250000 0.250000 0.250000 
  24
0.479817 0.005379 0.046210 
0.462778 0.989009 0.462022 
0.057405 0.005612 0.491768 
0.011107 0.973438 0.007727 0.007727 
0.250000 0.250000 0.250000 0.250000 
  25
0.479817 0.005379 0.046210 
0.462778 0.989009 0.462022 
0.057405 0.005612 0.491768 
0.250000 0.250000 0.250000 0.250000
0.250000 0.250000 0.250000 0.250000 
  26
0.479817 0.005379 0.046210 
0.462778 0.989009 0.462022 
0.057405 0.005612 0.491768 
0.250000 0.250000 0.250000 0.250000
0.250000 0.250000 0.250000 0.250000 
  27
0.479817 0.005379 0.046210 
0.462778 0.989009 0.462022 
0.057405 0.005612 0.491768 
0.250000 0.250000 0.250000 0.250000
0.250000 0.250000 0.250000 0.250000 
  28
0.479817 0.005379 0.046210 
0.462778 0.989009 0.462022 
0.057405 0.005612 0.491768 
0.250000 0.250000 0.250000 0.250000
0.250000 0.250000 0.250000 0.250000 
  29
0.479817 0.005379 0.046210 
0.462778 0.989009 0.462022 
0.057405 0.005612 0.491768 
0.976818 0.007727 0.007727 0.007727 
0.250000 0.250000 0.250000 0.250000 
  30
0.479817 0.005379 0.046210 
0.462778 0.989009 0.462022 
0.057405 0.005612 0.491768 
0.020000 0.020000 0.940000 0.020000 
0.250000 0.250000 0.250000 0.250000 
  31
0.479817 0.005379 0.046210 
0.462778 0.989009 0.462022 
0.057405 0.005612 0.491768 
0.250000 0.250000 0.250000 0.250000
0.250000 0.250000 0.250000 0.250000 
  32
0.479817 0.005379 0.046210 
0.462778 0.989009 0.462022 
0.057405 0.005612 0.491768 
0.250000 0.250000 0.250000 0.250000
0.250000 0.250000 0.250000 0.250000 
  33
0.479817 0.005379 0.046210 
0.462778 0.989009 0.462022 
0.057405 0.005612 0.491768 
0.250000 0.250000 0.250000 0.250000
0.250000 0.250000 0.250000 0.250000 
  34
0.479817 0.005379 0.046210 
0.462778 0.989009 0.462022 
0.057405 0.005612 0.491768 
0.007727 0.007727 0.038556 0.945989 
0.250000 0.250000 0.250000 0.250000 
  35
0.479817 0.005379 0.046210 
0.462778 0.989009 0.462022 
0.057405 0.005612 0.491768 
0.017873 0.007727 0.007727 0.966672 
0.250000 0.250000 0.250000 0.250000 
  36
0.479817 0.005379 0.046210 
0.462778 0.989009 0.462022 
0.057405 0.005612 0.491768 
0.008750 0.007727 0.013631 0.969892 
0.250000 0.250000 0.250000 0.250000 
  37
0.479817 0.005379 0.046210 
0.462778 0.989009 0.462022 
0.057405 0.005612 0.491768 
0.250000 0.250000 0.250000 0.250000
0.250000 0.250000 0.250000 0.250000 
  38
0.479817 0.005379 0.046210 
0.462778 0.989009 0.462022 
0.057405 0.005612 0.491768 
0.250000 0.250000 0.250000 0.250000
0.250000 0.250000 0.250000 0.250000 
  39
0.479817 0.005379 0.046210 
0.462778 0.989009 0.462022 
0.057405 0.005612 0.491768 
0.250000 0.250000 0.250000 0.250000
0.250000 0.250000 0.250000 0.250000 
  40
0.479817 0.005379 0.046210 
0.462778 0.989009 0.462022 
0.057405 0.005612 0.491768 
0.975558 0.008987 0.007727 0.007727 
0.250000 0.250000 0.250000 0.250000 
  41
0.479817 0.005379 0.046210 
0.462778 0.989009 0.462022 
0.057405 0.005612 0.491768 
0.007727 0.007727 0.972990 0.011556 
0.250000 0.250000 0.250000 0.250000 
  42
0.479817 0.005379 0.046210 
0.462778 0.989009 0.462022 
0.057405 0.005612 0.491768 
0.250000 0.250000 0.250000 0.250000
0.250000 0.250000 0.250000 0.250000 
  43
0.479817 0.005379 0.046210 
0.462778 0.989009 0.462022 
0.057405 0.005612 0.491768 
0.011978 0.972567 0.007727 0.007727 
0.250000 0.250000 0.250000 0.250000 
  44
0.479817 0.005379 0.046210 
0.462778 0.989009 0.462022 
0.057405 0.005612 0.491768 
0.250000 0.250000 0.250000 0.250000
0.250000 0.250000 0.250000 0.250000 
  45
0.479817 0.005379 0.046210 
0.462778 0.989009 0.462022 
0.057405 0.005612 0.491768 
0.250000 0.250000 0.250000 0.250000
0.250000 0.250000 0.250000 0.250000 
  46
0.479817 0.005379 0.046210 
0.462778 0.989009 0.462022 
0.057405 0.005612 0.491768 
0.250000 0.250000 0.250000 0.250000
0.250000 0.250000 0.250000 0.250000 
  47
0.479817 0.005379 0.046210 
0.462778 0.989009 0.462022 
0.057405 0.005612 0.491768 
0.975545 0.009000 0.007727 0.007727 
0.250000 0.250000 0.250000 0.250000 
  48
0.479817 0.005379 0.046210 
0.462778 0.989009 0.462022 
0.057405 0.005612 0.491768 
0.007727 0.007727 0.016685 0.967860 
0.250000 0.250000 0.250000 0.250000 
  49
0.479817 0.005379 0.046210 
0.462778 0.989009 0.462022 
0.057405 0.005612 0.491768 
0.014415 0.968974 0.007727 0.008884 
0.250000 0.250000 0.250000 0.250000 
  50
0.479817 0.005379 0.046210 
0.462778 0.989009 0.462022 
0.057405 0.005612 0.491768 
0.250000 0.250000 0.250000 0.250000
0.250000 0.250000 0.250000 0.250000 
  51
0.479817 0.005379 0.046210 
0.462778 0.989009 0.462022 
0.057405 0.005612 0.491768 
0.962951 0.007727 0.007727 0.021595 
0.250000 0.250000 0.250000 0.250000 
  52
0.479817 0.005379 0.046210 
0.462778 0.989009 0.462022 
0.057405 0.005612 0.491768 
0.250000 0.250000 0.250000 0.250000
0.250000 0.250000 0.250000 0.250000 
  53
0.479817 0.005379 0.046210 
0.462778 0.989009 0.462022 
0.057405 0.005612 0.491768 
0.250000 0.250000 0.250000 0.250000
0.250000 0.250000 0.250000 0.250000 
  54
0.479817 0.005379 0.046210 
0.462778 0.989009 0.462022 
0.057405 0.005612 0.491768 
0.250000 0.250000 0.250000 0.250000
0.250000 0.250000 0.250000 0.250000 
  55
0.479817 0.005379 0.046210 
0.462778 0.989009 0.462022 
0.057405 0.005612 0.491768 
0.250000 0.250000 0.250000 0.250000
0.250000 0.250000 0.250000 0.250000 
  56
0.479817 0.005379 0.046210 
0.462778 0.989009 0.462022 
0.057405 0.005612 0.491768 
0.250000 0.250000 0.250000 0.250000
0.250000 0.250000 0.250000 0.250000 
  57
0.479817 0.005379 0.046210 
0.462778 0.989009 0.462022 
0.057405 0.005612 0.491768 
0.250000 0.250000 0.250000 0.250000
0.250000 0.250000 0.250000 0.250000 
  58
0.479817 0.005379 0.046210 
0.462778 0.989009 0.462022 
0.057405 0.005612 0.491768 
0.007727 0.007727 0.009313 0.975233 
0.250000 0.250000 0.250000 0.250000 
  59
0.479817 0.005379 0.046210 
0.462778 0.989009 0.462022 
0.057405 0.005612 0.491768 
0.250000 0.250000 0.250000 0.250000
0.250000 0.250000 0.250000 0.250000 
  60
0.479817 0.005379 0.046210 
0.462778 0.989009 0.462022 
0.057405 0.005612 0.491768 
0.975570 0.008976 0.007727 0.007727 
0.250000 0.250000 0.250000 0.250000 
  61
0.479817 0.005379 0.046210 
0.462778 0.989009 0.462022 
0.057405 0.005612 0.491768 
0.250000 0.250000 0.250000 0.250000
0.250000 0.250000 0.250000 0.250000 
  62
0.479817 0.005379 0.046210 
0.462778 0.989009 0.462022 
0.057405 0.005612 0.491768 
0.250000 0.250000 0.250000 0.250000
0.250000 0.250000 0.250000 0.250000 
  63
0.479817 0.005379 0.046210 
0.462778 0.989009 0.462022 
0.057405 0.005612 0.491768 
0.250000 0.250000 0.250000 0.250000
0.250000 0.250000 0.250000 0.250000 
  64
0.479817 0.005379 0.046210 
0.462778 0.989009 0.462022 
0.057405 0.005612 0.491768 
0.250000 0.250000 0.250000 0.250000
0.250000 0.250000 0.250000 0.250000 
  65
0.479817 0.005379 0.046210 
0.462778 0.989009 0.462022 
0.057405 0.005612 0.491768 
0.250000 0.250000 0.250000 0.250000
0.250000 0.250000 0.250000 0.250000 
  66
0.479817 0.005379 0.046210 
0.462778 0.989009 0.462022 
0.057405 0.005612 0.491768 
0.250000 0.250000 0.250000 0.250000
0.250000 0.250000 0.250000 0.250000 
  67
0.479817 0.005379 0.046210 
0.462778 0.989009 0.462022 
0.057405 0.005612 0.491768 
0.250000 0.250000 0.250000 0.250000
0.250000 0.250000 0.250000 0.250000 
  68
0.479817 0.005379 0.046210 
0.462778 0.989009 0.462022 
0.057405 0.005612 0.491768 
0.250000 0.250000 0.250000 0.250000
0.250000 0.250000 0.250000 0.250000 
  69
0.479817 0.005379 0.046210 
0.462778 0.989009 0.462022 
0.057405 0.005612 0.491768 
0.250000 0.250000 0.250000 0.250000
0.250000 0.250000 0.250000 0.250000 
  70
0.479817 0.005379 0.046210 
0.462778 0.989009 0.462022 
0.057405 0.005612 0.491768 
0.250000 0.250000 0.250000 0.250000
0.250000 0.250000 0.250000 0.250000 
  71
0.479817 0.005379 0.046210 
0.462778 0.989009 0.462022 
0.057405 0.005612 0.491768 
0.250000 0.250000 0.250000 0.250000
0.250000 0.250000 0.250000 0.250000 
  72
0.479817 0.005379 0.046210 
0.462778 0.989009 0.462022 
0.057405 0.005612 0.491768 
0.007727 0.007727 0.010831 0.973714 
0.250000 0.250000 0.250000 0.250000 
  73
0.479817 0.005379 0.046210 
0.462778 0.989009 0.462022 
0.057405 0.005612 0.491768 
0.250000 0.250000 0.250000 0.250000
0.250000 0.250000 0.250000 0.250000 
  74
0.479817 0.005379 0.046210 
0.462778 0.989009 0.462022 
0.057405 0.005612 0.491768 
0.250000 0.250000 0.250000 0.250000
0.250000 0.250000 0.250000 0.250000 
  75
0.479817 0.005379 0.046210 
0.462778 0.989009 0.462022 
0.057405 0.005612 0.491768 
0.250000 0.250000 0.250000 0.250000
0.250000 0.250000 0.250000 0.250000 
  76
0.479817 0.005379 0.046210 
0.462778 0.989009 0.462022 
0.057405 0.005612 0.491768 
0.250000 0.250000 0.250000 0.250000
0.250000 0.250000 0.250000 0.250000 
  77
0.479817 0.005379 0.046210 
0.462778 0.989009 0.462022 
0.057405 0.005612 0.491768 
0.250000 0.250000 0.250000 0.250000
0.250000 0.250000 0.250000 0.250000 
  78
0.479817 0.005379 0.046210 
0.462778 0.989009 0.462022 
0.057405 0.005612 0.491768 
0.009135 0.975410 0.007727 0.007727 
0.250000 0.250000 0.250000 0.250000 
  79
0.479817 0.005379 0.046210 
0.462778 0.989009 0.462022 
0.057405 0.005612 0.491768 
0.250000 0.250000 0.250000 0.250000
0.250000 0.250000 0.250000 0.250000 
  80
0.479817 0.005379 0.046210 
0.462778 0.989009 0.462022 
0.057405 0.005612 0.491768 
0.250000 0.250000 0.250000 0.250000
0.250000 0.250000 0.250000 0.250000 
  81
0.479817 0.005379 0.046210 
0.462778 0.989009 0.462022 
0.057405 0.005612 0.491768 
0.250000 0.250000 0.250000 0.250000
0.250000 0.250000 0.250000 0.250000 
  82
0.479817 0.005379 0.046210 
0.462778 0.989009 0.462022 
0.057405 0.005612 0.491768 
0.250000 0.250000 0.250000 0.250000
0.250000 0.250000 0.250000 0.250000 
  83
0.479817 0.005379 0.046210 
0.462778 0.989009 0.462022 
0.057405 0.005612 0.491768 
0.250000 0.250000 0.250000 0.250000
0.250000 0.250000 0.250000 0.250000 
  84
0.479817 0.005379 0.046210 
0.462778 0.989009 0.462022 
0.057405 0.005612 0.491768 
0.250000 0.250000 0.250000 0.250000
0.250000 0.250000 0.250000 0.250000 
  85
0.479817 0.005379 0.046210 
0.462778 0.989009 0.462022 
0.057405 0.005612 0.491768 
0.250000 0.250000 0.250000 0.250000
0.250000 0.250000 0.250000 0.250000 
  86
0.479817 0.005379 0.046210 
0.462778 0.989009 0.462022 
0.057405 0.005612 0.491768 
0.250000 0.250000 0.250000 0.250000
0.250000 0.250000 0.250000 0.250000 
  87
0.479817 0.005379 0.046210 
0.462778 0.989009 0.462022 
0.057405 0.005612 0.491768 
0.250000 0.250000 0.250000 0.250000
0.250000 0.250000 0.250000 0.250000 
  88
0.479817 0.005379 0.046210 
0.462778 0.989009 0.462022 
0.057405 0.005612 0.491768 
0.250000 0.250000 0.250000 0.250000
0.250000 0.250000 0.250000 0.250000 
  89
0.479817 0.005379 0.046210 
0.462778 0.989009 0.462022 
0.057405 0.005612 0.491768 
0.250000 0.250000 0.250000 0.250000
0.250000 0.250000 0.250000 0.250000 
  90
0.479817 0.005379 0.046210 
0.462778 0.989009 0.462022 
0.057405 0.005612 0.491768 
0.906500 0.077118 0.008649 0.007733 
0.250000 0.250000 0.250000 0.250000 
  91
0.479817 0.005379 0.046210 
0.462778 0.989009 0.462022 
0.057405 0.005612 0.491768 
0.250000 0.250000 0.250000 0.250000
0.250000 0.250000 0.250000 0.250000 
  92
0.479817 0.005379 0.046210 
0.462778 0.989009 0.462022 
0.057405 0.005612 0.491768 
0.250000 0.250000 0.250000 0.250000
0.250000 0.250000 0.250000 0.250000 
  93
0.479817 0.005379 0.046210 
0.462778 0.989009 0.462022 
0.057405 0.005612 0.491768 
0.250000 0.250000 0.250000 0.250000
0.250000 0.250000 0.250000 0.250000 
  94
0.479817 0.005379 0.046210 
0.462778 0.989009 0.462022 
0.057405 0.005612 0.491768 
0.250000 0.250000 0.250000 0.250000
0.250000 0.250000 0.250000 0.250000 
  95
0.479817 0.005379 0.046210 
0.462778 0.989009 0.462022 
0.057405 0.005612 0.491768 
0.250000 0.250000 0.250000 0.250000
0.250000 0.250000 0.250000 0.250000 
  96
0.479817 0.005379 0.046210 
0.462778 0.989009 0.462022 
0.057405 0.005612 0.491768 
0.250000 0.250000 0.250000 0.250000
0.250000 0.250000 0.250000 0.250000 
  97
0.479817 0.005379 0.046210 
0.462778 0.989009 0.462022 
0.057405 0.005612 0.491768 
0.250000 0.250000 0.250000 0.250000
0.250000 0.250000 0.250000 0.250000 
  98
0.479817 0.005379 0.046210 
0.462778 0.989009 0.462022 
0.057405 0.005612 0.491768 
0.250000 0.250000 0.250000 0.250000
0.250000 0.250000 0.250000 0.250000 
  99
0.479817 0.005379 0.046210 
0.462778 0.989009 0.462022 
0.057405 0.005612 0.491768 
0.250000 0.250000 0.250000 0.250000
0.250000 0.250000 0.250000 0.250000 
 100
0.479817 0.005379 0.046210 
0.462778 0.989009 0.462022 
0.057405 0.005612 0.491768 
0.250000 0.250000 0.250000 0.250000
0.250000 0.250000 0.250000 0.250000 
 101
0.479817 0.005379 0.046210 
0.462778 0.989009 0.462022 
0.057405 0.005612 0.491768 
0.250000 0.250000 0.250000 0.250000
0.250000 0.250000 0.250000 0.250000 
 102
0.479817 0.005379 0.046210 
0.462778 0.989009 0.462022 
0.057405 0.005612 0.491768 
0.007727 0.007727 0.971011 0.013535 
0.250000 0.250000 0.250000 0.250000 
 103
0.479817 0.005379 0.046210 
0.462778 0.989009 0.462022 
0.057405 0.005612 0.491768 
0.250000 0.250000 0.250000 0.250000
0.250000 0.250000 0.250000 0.250000 
 104
0.479817 0.005379 0.046210 
0.462778 0.989009 0.462022 
0.057405 0.005612 0.491768 
0.250000 0.250000 0.250000 0.250000
0.250000 0.250000 0.250000 0.250000 
 105
0.479817 0.005379 0.046210 
0.462778 0.989009 0.462022 
0.057405 0.005612 0.491768 
0.976818 0.007727 0.007727 0.007727 
0.250000 0.250000 0.250000 0.250000 
 106
0.479817 0.005379 0.046210 
0.462778 0.989009 0.462022 
0.057405 0.005612 0.491768 
0.250000 0.250000 0.250000 0.250000
0.250000 0.250000 0.250000 0.250000 
 107
0.479817 0.005379 0.046210 
0.462778 0.989009 0.462022 
0.057405 0.005612 0.491768 
0.250000 0.250000 0.250000 0.250000
0.250000 0.250000 0.250000 0.250000 
 108
0.479817 0.005379 0.046210 
0.462778 0.989009 0.462022 
0.057405 0.005612 0.491768 
0.976818 0.007727 0.007727 0.007727 
0.250000 0.250000 0.250000 0.250000 
 109
0.479817 0.005379 0.046210 
0.462778 0.989009 0.462022 
0.057405 0.005612 0.491768 
0.007727 0.007727 0.975557 0.008988 
0.250000 0.250000 0.250000 0.250000 
 110
0.479817 0.005379 0.046210 
0.462778 0.989009 0.462022 
0.057405 0.005612 0.491768 
0.250000 0.250000 0.250000 0.250000
0.250000 0.250000 0.250000 0.250000 
 111
0.479817 0.005379 0.046210 
0.462778 0.989009 0.462022 
0.057405 0.005612 0.491768 
0.250000 0.250000 0.250000 0.250000
0.250000 0.250000 0.250000 0.250000 
 112
0.479817 0.005379 0.046210 
0.462778 0.989009 0.462022 
0.057405 0.005612 0.491768 
0.250000 0.250000 0.250000 0.250000
0.250000 0.250000 0.250000 0.250000 
 113
0.479817 0.005379 0.046210 
0.462778 0.989009 0.462022 
0.057405 0.005612 0.491768 
0.250000 0.250000 0.250000 0.250000
0.250000 0.250000 0.250000 0.250000 
 114
0.479817 0.005379 0.046210 
0.462778 0.989009 0.462022 
0.057405 0.005612 0.491768 
0.976818 0.007727 0.007727 0.007727 
0.250000 0.250000 0.250000 0.250000 
 115
0.479817 0.005379 0.046210 
0.462778 0.989009 0.462022 
0.057405 0.005612 0.491768 
0.250000 0.250000 0.250000 0.250000
0.250000 0.250000 0.250000 0.250000 
 116
0.479817 0.005379 0.046210 
0.462778 0.989009 0.462022 
0.057405 0.005612 0.491768 
0.250000 0.250000 0.250000 0.250000
0.250000 0.250000 0.250000 0.250000 
 117
0.479817 0.005379 0.046210 
0.462778 0.989009 0.462022 
0.057405 0.005612 0.491768 
0.250000 0.250000 0.250000 0.250000
0.250000 0.250000 0.250000 0.250000 
 118
0.479817 0.005379 0.046210 
0.462778 0.989009 0.462022 
0.057405 0.005612 0.491768 
0.250000 0.250000 0.250000 0.250000
0.250000 0.250000 0.250000 0.250000 
 119
0.479817 0.005379 0.046210 
0.462778 0.989009 0.462022 
0.057405 0.005612 0.491768 
0.250000 0.250000 0.250000 0.250000
0.250000 0.250000 0.250000 0.250000 
 120
0.479817 0.005379 0.046210 
0.462778 0.989009 0.462022 
0.057405 0.005612 0.491768 
0.250000 0.250000 0.250000 0.250000
0.250000 0.250000 0.250000 0.250000 
 121
0.479817 0.005379 0.046210 
0.462778 0.989009 0.462022 
0.057405 0.005612 0.491768 
0.250000 0.250000 0.250000 0.250000
0.250000 0.250000 0.250000 0.250000 
 122
0.479817 0.005379 0.046210 
0.462778 0.989009 0.462022 
0.057405 0.005612 0.491768 
0.250000 0.250000 0.250000 0.250000
0.250000 0.250000 0.250000 0.250000 
 123
0.479817 0.005379 0.046210 
0.462778 0.989009 0.462022 
0.057405 0.005612 0.491768 
0.968617 0.012251 0.011405 0.007727 
0.250000 0.250000 0.250000 0.250000 
 124
0.479817 0.005379 0.046210 
0.462778 0.989009 0.462022 
0.057405 0.005612 0.491768 
0.250000 0.250000 0.250000 0.250000
0.250000 0.250000 0.250000 0.250000 
 125
0.479817 0.005379 0.046210 
0.462778 0.989009 0.462022 
0.057405 0.005612 0.491768 
0.250000 0.250000 0.250000 0.250000
0.250000 0.250000 0.250000 0.250000 
 126
0.479817 0.005379 0.046210 
0.462778 0.989009 0.462022 
0.057405 0.005612 0.491768 
0.250000 0.250000 0.250000 0.250000
0.250000 0.250000 0.250000 0.250000 
 127
0.479817 0.005379 0.046210 
0.462778 0.989009 0.462022 
0.057405 0.005612 0.491768 
0.250000 0.250000 0.250000 0.250000
0.250000 0.250000 0.250000 0.250000 
 128
0.479817 0.005379 0.046210 
0.462778 0.989009 0.462022 
0.057405 0.005612 0.491768 
0.250000 0.250000 0.250000 0.250000
0.250000 0.250000 0.250000 0.250000 
 129
0.479817 0.005379 0.046210 
0.462778 0.989009 0.462022 
0.057405 0.005612 0.491768 
0.250000 0.250000 0.250000 0.250000
0.250000 0.250000 0.250000 0.250000 
 130
0.479817 0.005379 0.046210 
0.462778 0.989009 0.462022 
0.057405 0.005612 0.491768 
0.250000 0.250000 0.250000 0.250000
0.250000 0.250000 0.250000 0.250000 
 131
0.479817 0.005379 0.046210 
0.462778 0.989009 0.462022 
0.057405 0.005612 0.491768 
0.250000 0.250000 0.250000 0.250000
0.250000 0.250000 0.250000 0.250000 
 132
0.479817 0.005379 0.046210 
0.462778 0.989009 0.462022 
0.057405 0.005612 0.491768 
0.974938 0.007727 0.009607 0.007727 
0.250000 0.250000 0.250000 0.250000 
 133
0.479817 0.005379 0.046210 
0.462778 0.989009 0.462022 
0.057405 0.005612 0.491768 
0.250000 0.250000 0.250000 0.250000
0.250000 0.250000 0.250000 0.250000 
 134
0.479817 0.005379 0.046210 
0.462778 0.989009 0.462022 
0.057405 0.005612 0.491768 
0.250000 0.250000 0.250000 0.250000
0.250000 0.250000 0.250000 0.250000 
 135
0.479817 0.005379 0.046210 
0.462778 0.989009 0.462022 
0.057405 0.005612 0.491768 
0.250000 0.250000 0.250000 0.250000
0.250000 0.250000 0.250000 0.250000 
 136
0.479817 0.005379 0.046210 
0.462778 0.989009 0.462022 
0.057405 0.005612 0.491768 
0.250000 0.250000 0.250000 0.250000
0.250000 0.250000 0.250000 0.250000 
 137
0.479817 0.005379 0.046210 
0.462778 0.989009 0.462022 
0.057405 0.005612 0.491768 
0.250000 0.250000 0.250000 0.250000
0.250000 0.250000 0.250000 0.250000 
 138
0.479817 0.005379 0.046210 
0.462778 0.989009 0.462022 
0.057405 0.005612 0.491768 
0.007727 0.007727 0.007727 0.976818 
0.250000 0.250000 0.250000 0.250000 
 139
0.479817 0.005379 0.046210 
0.462778 0.989009 0.462022 
0.057405 0.005612 0.491768 
0.250000 0.250000 0.250000 0.250000
0.250000 0.250000 0.250000 0.250000 
 140
0.479817 0.005379 0.046210 
0.462778 0.989009 0.462022 
0.057405 0.005612 0.491768 
0.007727 0.007727 0.023984 0.960561 
0.250000 0.250000 0.250000 0.250000 
 141
0.479817 0.005379 0.046210 
0.462778 0.989009 0.462022 
0.057405 0.005612 0.491768 
0.250000 0.250000 0.250000 0.250000
0.250000 0.250000 0.250000 0.250000 
 142
0.479817 0.005379 0.046210 
0.462778 0.989009 0.462022 
0.057405 0.005612 0.491768 
0.250000 0.250000 0.250000 0.250000
0.250000 0.250000 0.250000 0.250000 
 143
0.479817 0.005379 0.046210 
0.462778 0.989009 0.462022 
0.057405 0.005612 0.491768 
0.250000 0.250000 0.250000 0.250000
0.250000 0.250000 0.250000 0.250000 
 144
0.479817 0.005379 0.046210 
0.462778 0.989009 0.462022 
0.057405 0.005612 0.491768 
0.250000 0.250000 0.250000 0.250000
0.250000 0.250000 0.250000 0.250000 
 145
0.479817 0.005379 0.046210 
0.462778 0.989009 0.462022 
0.057405 0.005612 0.491768 
0.250000 0.250000 0.250000 0.250000
0.250000 0.250000 0.250000 0.250000 
 146
0.479817 0.005379 0.046210 
0.462778 0.989009 0.462022 
0.057405 0.005612 0.491768 
0.250000 0.250000 0.250000 0.250000
0.250000 0.250000 0.250000 0.250000 
 147
0.479817 0.005379 0.046210 
0.462778 0.989009 0.462022 
0.057405 0.005612 0.491768 
0.007727 0.007727 0.011493 0.973053 
0.250000 0.250000 0.250000 0.250000 
 148
0.479817 0.005379 0.046210 
0.462778 0.989009 0.462022 
0.057405 0.005612 0.491768 
0.250000 0.250000 0.250000 0.250000
0.250000 0.250000 0.250000 0.250000 
 149
0.479817 0.005379 0.046210 
0.462778 0.989009 0.462022 
0.057405 0.005612 0.491768 
0.250000 0.250000 0.250000 0.250000
0.250000 0.250000 0.250000 0.250000 
 150
0.479817 0.005379 0.046210 
0.462778 0.989009 0.462022 
0.057405 0.005612 0.491768 
0.971240 0.013306 0.007727 0.007727 
0.250000 0.250000 0.250000 0.250000 
 151
0.479817 0.005379 0.046210 
0.462778 0.989009 0.462022 
0.057405 0.005612 0.491768 
0.250000 0.250000 0.250000 0.250000
0.250000 0.250000 0.250000 0.250000 
 152
0.479817 0.005379 0.046210 
0.462778 0.989009 0.462022 
0.057405 0.005612 0.491768 
0.250000 0.250000 0.250000 0.250000
0.250000 0.250000 0.250000 0.250000 
 153
0.479817 0.005379 0.046210 
0.462778 0.989009 0.462022 
0.057405 0.005612 0.491768 
0.250000 0.250000 0.250000 0.250000
0.250000 0.250000 0.250000 0.250000 
 154
0.479817 0.005379 0.046210 
0.462778 0.989009 0.462022 
0.057405 0.005612 0.491768 
0.009813 0.973800 0.007727 0.008659 
0.250000 0.250000 0.250000 0.250000 
 155
0.479817 0.005379 0.046210 
0.462778 0.989009 0.462022 
0.057405 0.005612 0.491768 
0.250000 0.250000 0.250000 0.250000
0.250000 0.250000 0.250000 0.250000 
 156
0.479817 0.005379 0.046210 
0.462778 0.989009 0.462022 
0.057405 0.005612 0.491768 
0.250000 0.250000 0.250000 0.250000
0.250000 0.250000 0.250000 0.250000 
 157
0.479817 0.005379 0.046210 
0.462778 0.989009 0.462022 
0.057405 0.005612 0.491768 
0.250000 0.250000 0.250000 0.250000
0.250000 0.250000 0.250000 0.250000 
 158
0.479817 0.005379 0.046210 
0.462778 0.989009 0.462022 
0.057405 0.005612 0.491768 
0.250000 0.250000 0.250000 0.250000
0.250000 0.250000 0.250000 0.250000 
 159
0.479817 0.005379 0.046210 
0.462778 0.989009 0.462022 
0.057405 0.005612 0.491768 
0.342429 0.642094 0.007739 0.007739 
0.250000 0.250000 0.250000 0.250000 
 160
0.479817 0.005379 0.046210 
0.462778 0.989009 0.462022 
0.057405 0.005612 0.491768 
0.250000 0.250000 0.250000 0.250000
0.250000 0.250000 0.250000 0.250000 
 161
0.479817 0.005379 0.046210 
0.462778 0.989009 0.462022 
0.057405 0.005612 0.491768 
0.250000 0.250000 0.250000 0.250000
0.250000 0.250000 0.250000 0.250000 
 162
0.479817 0.005379 0.046210 
0.462778 0.989009 0.462022 
0.057405 0.005612 0.491768 
0.250000 0.250000 0.250000 0.250000
0.250000 0.250000 0.250000 0.250000 
 163
0.479817 0.005379 0.046210 
0.462778 0.989009 0.462022 
0.057405 0.005612 0.491768 
0.973196 0.011349 0.007727 0.007727 
0.250000 0.250000 0.250000 0.250000 
 164
0.479817 0.005379 0.046210 
0.462778 0.989009 0.462022 
0.057405 0.005612 0.491768 
0.250000 0.250000 0.250000 0.250000
0.250000 0.250000 0.250000 0.250000 
 165
0.479817 0.005379 0.046210 
0.462778 0.989009 0.462022 
0.057405 0.005612 0.491768 
0.009100 0.007727 0.970317 0.012855 
0.250000 0.250000 0.250000 0.250000 
 166
0.479817 0.005379 0.046210 
0.462778 0.989009 0.462022 
0.057405 0.005612 0.491768 
0.008765 0.975780 0.007727 0.007727 
0.250000 0.250000 0.250000 0.250000 
 167
0.479817 0.005379 0.046210 
0.462778 0.989009 0.462022 
0.057405 0.005612 0.491768 
0.012375 0.972170 0.007727 0.007727 
0.250000 0.250000 0.250000 0.250000 
 168
0.479817 0.005379 0.046210 
0.462778 0.989009 0.462022 
0.057405 0.005612 0.491768 
0.250000 0.250000 0.250000 0.250000
0.250000 0.250000 0.250000 0.250000 
 169
0.479817 0.005379 0.046210 
0.462778 0.989009 0.462022 
0.057405 0.005612 0.491768 
0.250000 0.250000 0.250000 0.250000
0.250000 0.250000 0.250000 0.250000 
 170
0.479817 0.005379 0.046210 
0.462778 0.989009 0.462022 
0.057405 0.005612 0.491768 
0.250000 0.250000 0.250000 0.250000
0.250000 0.250000 0.250000 0.250000 
 171
0.479817 0.005379 0.046210 
0.462778 0.989009 0.462022 
0.057405 0.005612 0.491768 
0.250000 0.250000 0.250000 0.250000
0.250000 0.250000 0.250000 0.250000 
 172
0.479817 0.005379 0.046210 
0.462778 0.989009 0.462022 
0.057405 0.005612 0.491768 
0.007727 0.007727 0.973418 0.011127 
0.250000 0.250000 0.250000 0.250000 
 173
0.479817 0.005379 0.046210 
0.462778 0.989009 0.462022 
0.057405 0.005612 0.491768 
0.250000 0.250000 0.250000 0.250000
0.250000 0.250000 0.250000 0.250000 
 174
0.479817 0.005379 0.046210 
0.462778 0.989009 0.462022 
0.057405 0.005612 0.491768 
0.972298 0.012247 0.007727 0.007727 
0.250000 0.250000 0.250000 0.250000 
 175
0.479817 0.005379 0.046210 
0.462778 0.989009 0.462022 
0.057405 0.005612 0.491768 
0.250000 0.250000 0.250000 0.250000
0.250000 0.250000 0.250000 0.250000 
 176
0.479817 0.005379 0.046210 
0.462778 0.989009 0.462022 
0.057405 0.005612 0.491768 
0.250000 0.250000 0.250000 0.250000
0.250000 0.250000 0.250000 0.250000 
 177
0.479817 0.005379 0.046210 
0.462778 0.989009 0.462022 
0.057405 0.005612 0.491768 
0.250000 0.250000 0.250000 0.250000
0.250000 0.250000 0.250000 0.250000 
 178
0.479817 0.005379 0.046210 
0.462778 0.989009 0.462022 
0.057405 0.005612 0.491768 
0.250000 0.250000 0.250000 0.250000
0.250000 0.250000 0.250000 0.250000 
 179
0.479817 0.005379 0.046210 
0.462778 0.989009 0.462022 
0.057405 0.005612 0.491768 
0.964881 0.019664 0.007727 0.007727 
0.250000 0.250000 0.250000 0.250000 
 180
0.479817 0.005379 0.046210 
0.462778 0.989009 0.462022 
0.057405 0.005612 0.491768 
0.974865 0.009681 0.007727 0.007727 
0.250000 0.250000 0.250000 0.250000 
 181
0.479817 0.005379 0.046210 
0.462778 0.989009 0.462022 
0.057405 0.005612 0.491768 
0.250000 0.250000 0.250000 0.250000
0.250000 0.250000 0.250000 0.250000 
 182
0.479817 0.005379 0.046210 
0.462778 0.989009 0.462022 
0.057405 0.005612 0.491768 
0.250000 0.250000 0.250000 0.250000
0.250000 0.250000 0.250000 0.250000 
 183
0.479817 0.005379 0.046210 
0.462778 0.989009 0.462022 
0.057405 0.005612 0.491768 
0.974768 0.009777 0.007727 0.007727 
0.250000 0.250000 0.250000 0.250000 
 184
0.479817 0.005379 0.046210 
0.462778 0.989009 0.462022 
0.057405 0.005612 0.491768 
0.976818 0.007727 0.007727 0.007727 
0.250000 0.250000 0.250000 0.250000 
 185
0.479817 0.005379 0.046210 
0.462778 0.989009 0.462022 
0.057405 0.005612 0.491768 
0.010457 0.974089 0.007727 0.007727 
0.250000 0.250000 0.250000 0.250000 
 186
0.479817 0.005379 0.046210 
0.462778 0.989009 0.462022 
0.057405 0.005612 0.491768 
0.250000 0.250000 0.250000 0.250000
0.250000 0.250000 0.250000 0.250000 
 187
0.479817 0.005379 0.046210 
0.462778 0.989009 0.462022 
0.057405 0.005612 0.491768 
0.250000 0.250000 0.250000 0.250000
0.250000 0.250000 0.250000 0.250000 
 188
0.479817 0.005379 0.046210 
0.462778 0.989009 0.462022 
0.057405 0.005612 0.491768 
0.250000 0.250000 0.250000 0.250000
0.250000 0.250000 0.250000 0.250000 
 189
0.479817 0.005379 0.046210 
0.462778 0.989009 0.462022 
0.057405 0.005612 0.491768 
0.250000 0.250000 0.250000 0.250000
0.250000 0.250000 0.250000 0.250000 
 190
0.479817 0.005379 0.046210 
0.462778 0.989009 0.462022 
0.057405 0.005612 0.491768 
0.018838 0.965691 0.007735 0.007735 
0.250000 0.250000 0.250000 0.250000 
 191
0.479817 0.005379 0.046210 
0.462778 0.989009 0.462022 
0.057405 0.005612 0.491768 
0.007727 0.007727 0.007727 0.976818 
0.250000 0.250000 0.250000 0.250000 
 192
0.479817 0.005379 0.046210 
0.462778 0.989009 0.462022 
0.057405 0.005612 0.491768 
0.250000 0.250000 0.250000 0.250000
0.250000 0.250000 0.250000 0.250000 
 193
0.479817 0.005379 0.046210 
0.462778 0.989009 0.462022 
0.057405 0.005612 0.491768 
0.010970 0.971007 0.010295 0.007727 
0.250000 0.250000 0.250000 0.250000 
 194
0.479817 0.005379 0.046210 
0.462778 0.989009 0.462022 
0.057405 0.005612 0.491768 
0.007727 0.007727 0.970766 0.013779 
0.250000 0.250000 0.250000 0.250000 
 195
0.479817 0.005379 0.046210 
0.462778 0.989009 0.462022 
0.057405 0.005612 0.491768 
0.016685 0.007727 0.967860 0.007727 
0.250000 0.250000 0.250000 0.250000 
 196
0.479817 0.005379 0.046210 
0.462778 0.989009 0.462022 
0.057405 0.005612 0.491768 
0.250000 0.250000 0.250000 0.250000
0.250000 0.250000 0.250000 0.250000 
 197
0.479817 0.005379 0.046210 
0.462778 0.989009 0.462022 
0.057405 0.005612 0.491768 
0.250000 0.250000 0.250000 0.250000
0.250000 0.250000 0.250000 0.250000 
 198
0.479817 0.005379 0.046210 
0.462778 0.989009 0.462022 
0.057405 0.005612 0.491768 
0.968856 0.015689 0.007727 0.007727 
0.250000 0.250000 0.250000 0.250000 
 199
0.479817 0.005379 0.046210 
0.462778 0.989009 0.462022 
0.057405 0.005612 0.491768 
0.007727 0.007727 0.007727 0.976818 
0.250000 0.250000 0.250000 0.250000 
 200
0.479817 0.005379 0.046210 
0.462778 0.989009 0.462022 
0.057405 0.005612 0.491768 
0.250000 0.250000 0.250000 0.250000
0.250000 0.250000 0.250000 0.250000 
 201
0.479817 0.005379 0.046210 
0.462778 0.989009 0.462022 
0.057405 0.005612 0.491768 
0.250000 0.250000 0.250000 0.250000
0.250000 0.250000 0.250000 0.250000 
 202
0.479817 0.005379 0.046210 
0.462778 0.989009 0.462022 
0.057405 0.005612 0.491768 
0.014587 0.007727 0.969958 0.007727 
0.250000 0.250000 0.250000 0.250000 
 203
0.479817 0.005379 0.046210 
0.462778 0.989009 0.462022 
0.057405 0.005612 0.491768 
0.250000 0.250000 0.250000 0.250000
0.250000 0.250000 0.250000 0.250000 
 204
0.479817 0.005379 0.046210 
0.462778 0.989009 0.462022 
0.057405 0.005612 0.491768 
0.250000 0.250000 0.250000 0.250000
0.250000 0.250000 0.250000 0.250000 
 205
0.479817 0.005379 0.046210 
0.462778 0.989009 0.462022 
0.057405 0.005612 0.491768 
0.250000 0.250000 0.250000 0.250000
0.250000 0.250000 0.250000 0.250000 
 206
0.479817 0.005379 0.046210 
0.462778 0.989009 0.462022 
0.057405 0.005612 0.491768 
0.250000 0.250000 0.250000 0.250000
0.250000 0.250000 0.250000 0.250000 
 207
0.479817 0.005379 0.046210 
0.462778 0.989009 0.462022 
0.057405 0.005612 0.491768 
0.009814 0.974732 0.007727 0.007727 
0.250000 0.250000 0.250000 0.250000 
 208
0.479817 0.005379 0.046210 
0.462778 0.989009 0.462022 
0.057405 0.005612 0.491768 
0.250000 0.250000 0.250000 0.250000
0.250000 0.250000 0.250000 0.250000 
 209
0.479817 0.005379 0.046210 
0.462778 0.989009 0.462022 
0.057405 0.005612 0.491768 
0.250000 0.250000 0.250000 0.250000
0.250000 0.250000 0.250000 0.250000 
 210
0.479817 0.005379 0.046210 
0.462778 0.989009 0.462022 
0.057405 0.005612 0.491768 
0.007727 0.015454 0.007727 0.969091 
0.250000 0.250000 0.250000 0.250000 
 211
0.479817 0.005379 0.046210 
0.462778 0.989009 0.462022 
0.057405 0.005612 0.491768 
0.250000 0.250000 0.250000 0.250000
0.250000 0.250000 0.250000 0.250000 
 212
0.479817 0.005379 0.046210 
0.462778 0.989009 0.462022 
0.057405 0.005612 0.491768 
0.250000 0.250000 0.250000 0.250000
0.250000 0.250000 0.250000 0.250000 
 213
0.479817 0.005379 0.046210 
0.462778 0.989009 0.462022 
0.057405 0.005612 0.491768 
0.970440 0.011791 0.010042 0.007727 
0.250000 0.250000 0.250000 0.250000 
 214
0.479817 0.005379 0.046210 
0.462778 0.989009 0.462022 
0.057405 0.005612 0.491768 
0.250000 0.250000 0.250000 0.250000
0.250000 0.250000 0.250000 0.250000 
 215
0.479817 0.005379 0.046210 
0.462778 0.989009 0.462022 
0.057405 0.005612 0.491768 
0.250000 0.250000 0.250000 0.250000
0.250000 0.250000 0.250000 0.250000 
 216
0.479817 0.005379 0.046210 
0.462778 0.989009 0.462022 
0.057405 0.005612 0.491768 
0.007727 0.007727 0.054067 0.930479 
0.250000 0.250000 0.250000 0.250000 
 217
0.479817 0.005379 0.046210 
0.462778 0.989009 0.462022 
0.057405 0.005612 0.491768 
0.250000 0.250000 0.250000 0.250000
0.250000 0.250000 0.250000 0.250000 
 218
0.479817 0.005379 0.046210 
0.462778 0.989009 0.462022 
0.057405 0.005612 0.491768 
0.971595 0.012950 0.007727 0.007727 
0.250000 0.250000 0.250000 0.250000 
 219
0.479817 0.005379 0.046210 
0.462778 0.989009 0.462022 
0.057405 0.005612 0.491768 
0.250000 0.250000 0.250000 0.250000
0.250000 0.250000 0.250000 0.250000 
 220
0.479817 0.005379 0.046210 
0.462778 0.989009 0.462022 
0.057405 0.005612 0.491768 
0.250000 0.250000 0.250000 0.250000
0.250000 0.250000 0.250000 0.250000 
 221
0.479817 0.005379 0.046210 
0.462778 0.989009 0.462022 
0.057405 0.005612 0.491768 
0.250000 0.250000 0.250000 0.250000
0.250000 0.250000 0.250000 0.250000 
 222
0.479817 0.005379 0.046210 
0.462778 0.989009 0.462022 
0.057405 0.005612 0.491768 
0.007727 0.007727 0.009164 0.975381 
0.250000 0.250000 0.250000 0.250000 
 223
0.479817 0.005379 0.046210 
0.462778 0.989009 0.462022 
0.057405 0.005612 0.491768 
0.250000 0.250000 0.250000 0.250000
0.250000 0.250000 0.250000 0.250000 
 224
0.479817 0.005379 0.046210 
0.462778 0.989009 0.462022 
0.057405 0.005612 0.491768 
0.250000 0.250000 0.250000 0.250000
0.250000 0.250000 0.250000 0.250000 
 225
0.479817 0.005379 0.046210 
0.462778 0.989009 0.462022 
0.057405 0.005612 0.491768 
0.008727 0.007727 0.014054 0.969491 
0.250000 0.250000 0.250000 0.250000 
 226
0.479817 0.005379 0.046210 
0.462778 0.989009 0.462022 
0.057405 0.005612 0.491768 
0.250000 0.250000 0.250000 0.250000
0.250000 0.250000 0.250000 0.250000 
 227
0.479817 0.005379 0.046210 
0.462778 0.989009 0.462022 
0.057405 0.005612 0.491768 
0.250000 0.250000 0.250000 0.250000
0.250000 0.250000 0.250000 0.250000 
 228
0.479817 0.005379 0.046210 
0.462778 0.989009 0.462022 
0.057405 0.005612 0.491768 
0.250000 0.250000 0.250000 0.250000
0.250000 0.250000 0.250000 0.250000 
 229
0.479817 0.005379 0.046210 
0.462778 0.989009 0.462022 
0.057405 0.005612 0.491768 
0.250000 0.250000 0.250000 0.250000
0.250000 0.250000 0.250000 0.250000 
 230
0.479817 0.005379 0.046210 
0.462778 0.989009 0.462022 
0.057405 0.005612 0.491768 
0.250000 0.250000 0.250000 0.250000
0.250000 0.250000 0.250000 0.250000 
 231
0.479817 0.005379 0.046210 
0.462778 0.989009 0.462022 
0.057405 0.005612 0.491768 
0.250000 0.250000 0.250000 0.250000
0.250000 0.250000 0.250000 0.250000 
 232
0.479817 0.005379 0.046210 
0.462778 0.989009 0.462022 
0.057405 0.005612 0.491768 
0.250000 0.250000 0.250000 0.250000
0.250000 0.250000 0.250000 0.250000 
 233
0.479817 0.005379 0.046210 
0.462778 0.989009 0.462022 
0.057405 0.005612 0.491768 
0.250000 0.250000 0.250000 0.250000
0.250000 0.250000 0.250000 0.250000 
 234
0.479817 0.005379 0.046210 
0.462778 0.989009 0.462022 
0.057405 0.005612 0.491768 
0.010267 0.007727 0.970204 0.011802 
0.250000 0.250000 0.250000 0.250000 
 235
0.479817 0.005379 0.046210 
0.462778 0.989009 0.462022 
0.057405 0.005612 0.491768 
0.007727 0.007727 0.973841 0.010704 
0.250000 0.250000 0.250000 0.250000 
 236
0.479817 0.005379 0.046210 
0.462778 0.989009 0.462022 
