%  SAM: /scicomp/home/vfn4/nomen/label/LABEL_RES/scripts/modelfromalign_Linux v3.5 (July 15, 2005) compiled 12/08/06_16:15:55
%  (c) 1992-2001 Regents of the University of California, Santa Cruz
%
%          Sequence Alignment and Modeling Software System
%         http://www.cse.ucsc.edu/research/compbio/sam.html
%
% ----------------- Citations (SAM, SAM-T2K, HMMs) --------------------
% R. Hughey, A. Krogh, Hidden Markov models for sequence analysis:
%  Extension and analysis of the basic method, CABIOS 12:95-107, 1996.
% K. Karplus, et al., What is the value added by human intervention in protein
%  structure prediction, Proteins: Stucture, Function, Genetics 45(S5):86--91, 2001.
% A. Krogh et al., Hidden Markov models in computational biology:
%  Applications to protein modeling, JMB 235:1501-1531, Feb 1994.
% ---------------------------------------------------------------------
%  c-non-6C_hmm   Host: id-dev-01.biotech.cdc.gov    Wed Feb  7 10:40:55 2018
%  vfn4           Dir:  /scicomp/groups/OID/NCIRD/ID-OD/ID_nomenclatures/H1/H1pdm09v2018R3/base/c-otherwise/c-1-to-6-8-Old
% ---------------------------------------------------------------------
%  Alignment weights from internal calc.  Total (32.14) Max (0.12) Min (0.02)
%  Weights from alignment method 1 (karplus), b=-1.000000, e=0.500000
MODEL --  Model from alignment file /scicomp/home/vfn4/nomen/label/LABEL_RES/training_data/H1pdm09v2018R3/c-otherwise/c-1-to-6-8-Old/c-non-6C.fasta
alphabet DNA
FREQAVE
0.000000 0.000000 0.000000 
0.000000 0.000000 0.000000 
0.000000 0.000000 0.000000 
0.353036 0.221522 0.186226 0.239215 
0.353036 0.221522 0.186226 0.239215 
Begin
0.000000 0.000000 0.000000 
0.000000 0.000000 0.000000 
0.000000 0.005520 0.491768 
0.250000 0.250000 0.250000 0.250000 
0.250000 0.250000 0.250000 0.250000 
   1
0.000000 0.005291 0.046210 
0.000000 0.989189 0.462022 
0.057405 0.005520 0.491768 
0.250000 0.250000 0.250000 0.250000
0.250000 0.250000 0.250000 0.250000 
   2
0.479817 0.005291 0.046210 
0.462778 0.989189 0.462022 
0.057405 0.005520 0.491768 
0.250000 0.250000 0.250000 0.250000
0.250000 0.250000 0.250000 0.250000 
   3
0.479817 0.005291 0.046210 
0.462778 0.989189 0.462022 
0.057405 0.005520 0.491768 
0.250000 0.250000 0.250000 0.250000
0.250000 0.250000 0.250000 0.250000 
   4
0.479817 0.005291 0.046210 
0.462778 0.989189 0.462022 
0.057405 0.005520 0.491768 
0.250000 0.250000 0.250000 0.250000
0.250000 0.250000 0.250000 0.250000 
   5
0.479817 0.005291 0.046210 
0.462778 0.989189 0.462022 
0.057405 0.005520 0.491768 
0.972611 0.009728 0.010117 0.007544 
0.250000 0.250000 0.250000 0.250000 
   6
0.479817 0.005291 0.046210 
0.462778 0.989189 0.462022 
0.057405 0.005520 0.491768 
0.011902 0.973011 0.007544 0.007544 
0.250000 0.250000 0.250000 0.250000 
   7
0.479817 0.005291 0.046210 
0.462778 0.989189 0.462022 
0.057405 0.005520 0.491768 
0.007544 0.975185 0.009728 0.007544 
0.250000 0.250000 0.250000 0.250000 
   8
0.479817 0.005291 0.046210 
0.462778 0.989189 0.462022 
0.057405 0.005520 0.491768 
0.009728 0.007544 0.969584 0.013145 
0.250000 0.250000 0.250000 0.250000 
   9
0.479817 0.005291 0.046210 
0.462778 0.989189 0.462022 
0.057405 0.005520 0.491768 
0.250000 0.250000 0.250000 0.250000
0.250000 0.250000 0.250000 0.250000 
  10
0.479817 0.005291 0.046210 
0.462778 0.989189 0.462022 
0.057405 0.005520 0.491768 
0.250000 0.250000 0.250000 0.250000
0.250000 0.250000 0.250000 0.250000 
  11
0.479817 0.005291 0.046210 
0.462778 0.989189 0.462022 
0.057405 0.005520 0.491768 
0.250000 0.250000 0.250000 0.250000
0.250000 0.250000 0.250000 0.250000 
  12
0.479817 0.005291 0.046210 
0.462778 0.989189 0.462022 
0.057405 0.005520 0.491768 
0.250000 0.250000 0.250000 0.250000
0.250000 0.250000 0.250000 0.250000 
  13
0.479817 0.005291 0.046210 
0.462778 0.989189 0.462022 
0.057405 0.005520 0.491768 
0.250000 0.250000 0.250000 0.250000
0.250000 0.250000 0.250000 0.250000 
  14
0.479817 0.005291 0.046210 
0.462778 0.989189 0.462022 
0.057405 0.005520 0.491768 
0.250000 0.250000 0.250000 0.250000
0.250000 0.250000 0.250000 0.250000 
  15
0.479817 0.005291 0.046210 
0.462778 0.989189 0.462022 
0.057405 0.005520 0.491768 
0.250000 0.250000 0.250000 0.250000
0.250000 0.250000 0.250000 0.250000 
  16
0.479817 0.005291 0.046210 
0.462778 0.989189 0.462022 
0.057405 0.005520 0.491768 
0.009987 0.954451 0.007544 0.028018 
0.250000 0.250000 0.250000 0.250000 
  17
0.479817 0.005291 0.046210 
0.462778 0.989189 0.462022 
0.057405 0.005520 0.491768 
0.007544 0.007544 0.052694 0.932218 
0.250000 0.250000 0.250000 0.250000 
  18
0.479817 0.005291 0.046210 
0.462778 0.989189 0.462022 
0.057405 0.005520 0.491768 
0.250000 0.250000 0.250000 0.250000
0.250000 0.250000 0.250000 0.250000 
  19
0.479817 0.005291 0.046210 
0.462778 0.989189 0.462022 
0.057405 0.005520 0.491768 
0.250000 0.250000 0.250000 0.250000
0.250000 0.250000 0.250000 0.250000 
  20
0.479817 0.005291 0.046210 
0.462778 0.989189 0.462022 
0.057405 0.005520 0.491768 
0.250000 0.250000 0.250000 0.250000
0.250000 0.250000 0.250000 0.250000 
  21
0.479817 0.005291 0.046210 
0.462778 0.989189 0.462022 
0.057405 0.005520 0.491768 
0.007544 0.009769 0.012476 0.970211 
0.250000 0.250000 0.250000 0.250000 
  22
0.479817 0.005291 0.046210 
0.462778 0.989189 0.462022 
0.057405 0.005520 0.491768 
0.250000 0.250000 0.250000 0.250000
0.250000 0.250000 0.250000 0.250000 
  23
0.479817 0.005291 0.046210 
0.462778 0.989189 0.462022 
0.057405 0.005520 0.491768 
0.250000 0.250000 0.250000 0.250000
0.250000 0.250000 0.250000 0.250000 
  24
0.479817 0.005291 0.046210 
0.462778 0.989189 0.462022 
0.057405 0.005520 0.491768 
0.012721 0.967359 0.007544 0.012376 
0.250000 0.250000 0.250000 0.250000 
  25
0.479817 0.005291 0.046210 
0.462778 0.989189 0.462022 
0.057405 0.005520 0.491768 
0.250000 0.250000 0.250000 0.250000
0.250000 0.250000 0.250000 0.250000 
  26
0.479817 0.005291 0.046210 
0.462778 0.989189 0.462022 
0.057405 0.005520 0.491768 
0.250000 0.250000 0.250000 0.250000
0.250000 0.250000 0.250000 0.250000 
  27
0.479817 0.005291 0.046210 
0.462778 0.989189 0.462022 
0.057405 0.005520 0.491768 
0.250000 0.250000 0.250000 0.250000
0.250000 0.250000 0.250000 0.250000 
  28
0.479817 0.005291 0.046210 
0.462778 0.989189 0.462022 
0.057405 0.005520 0.491768 
0.250000 0.250000 0.250000 0.250000
0.250000 0.250000 0.250000 0.250000 
  29
0.479817 0.005291 0.046210 
0.462778 0.989189 0.462022 
0.057405 0.005520 0.491768 
0.966599 0.008630 0.007544 0.017227 
0.250000 0.250000 0.250000 0.250000 
  30
0.479817 0.005291 0.046210 
0.462778 0.989189 0.462022 
0.057405 0.005520 0.491768 
0.100000 0.100000 0.100000 0.700000 
0.250000 0.250000 0.250000 0.250000 
  31
0.479817 0.005291 0.046210 
0.462778 0.989189 0.462022 
0.057405 0.005520 0.491768 
0.250000 0.250000 0.250000 0.250000
0.250000 0.250000 0.250000 0.250000 
  32
0.479817 0.005291 0.046210 
0.462778 0.989189 0.462022 
0.057405 0.005520 0.491768 
0.250000 0.250000 0.250000 0.250000
0.250000 0.250000 0.250000 0.250000 
  33
0.479817 0.005291 0.046210 
0.462778 0.989189 0.462022 
0.057405 0.005520 0.491768 
0.250000 0.250000 0.250000 0.250000
0.250000 0.250000 0.250000 0.250000 
  34
0.479817 0.005291 0.046210 
0.462778 0.989189 0.462022 
0.057405 0.005520 0.491768 
0.009803 0.008756 0.011914 0.969526 
0.250000 0.250000 0.250000 0.250000 
  35
0.479817 0.005291 0.046210 
0.462778 0.989189 0.462022 
0.057405 0.005520 0.491768 
0.007544 0.008581 0.008529 0.975346 
0.250000 0.250000 0.250000 0.250000 
  36
0.479817 0.005291 0.046210 
0.462778 0.989189 0.462022 
0.057405 0.005520 0.491768 
0.008563 0.007544 0.009769 0.974124 
0.250000 0.250000 0.250000 0.250000 
  37
0.479817 0.005291 0.046210 
0.462778 0.989189 0.462022 
0.057405 0.005520 0.491768 
0.250000 0.250000 0.250000 0.250000
0.250000 0.250000 0.250000 0.250000 
  38
0.479817 0.005291 0.046210 
0.462778 0.989189 0.462022 
0.057405 0.005520 0.491768 
0.250000 0.250000 0.250000 0.250000
0.250000 0.250000 0.250000 0.250000 
  39
0.479817 0.005291 0.046210 
0.462778 0.989189 0.462022 
0.057405 0.005520 0.491768 
0.250000 0.250000 0.250000 0.250000
0.250000 0.250000 0.250000 0.250000 
  40
0.479817 0.005291 0.046210 
0.462778 0.989189 0.462022 
0.057405 0.005520 0.491768 
0.952746 0.032167 0.007544 0.007544 
0.250000 0.250000 0.250000 0.250000 
  41
0.479817 0.005291 0.046210 
0.462778 0.989189 0.462022 
0.057405 0.005520 0.491768 
0.007544 0.007544 0.960677 0.024236 
0.250000 0.250000 0.250000 0.250000 
  42
0.479817 0.005291 0.046210 
0.462778 0.989189 0.462022 
0.057405 0.005520 0.491768 
0.250000 0.250000 0.250000 0.250000
0.250000 0.250000 0.250000 0.250000 
  43
0.479817 0.005291 0.046210 
0.462778 0.989189 0.462022 
0.057405 0.005520 0.491768 
0.015937 0.968975 0.007544 0.007544 
0.250000 0.250000 0.250000 0.250000 
  44
0.479817 0.005291 0.046210 
0.462778 0.989189 0.462022 
0.057405 0.005520 0.491768 
0.250000 0.250000 0.250000 0.250000
0.250000 0.250000 0.250000 0.250000 
  45
0.479817 0.005291 0.046210 
0.462778 0.989189 0.462022 
0.057405 0.005520 0.491768 
0.250000 0.250000 0.250000 0.250000
0.250000 0.250000 0.250000 0.250000 
  46
0.479817 0.005291 0.046210 
0.462778 0.989189 0.462022 
0.057405 0.005520 0.491768 
0.250000 0.250000 0.250000 0.250000
0.250000 0.250000 0.250000 0.250000 
  47
0.479817 0.005291 0.046210 
0.462778 0.989189 0.462022 
0.057405 0.005520 0.491768 
0.971259 0.012773 0.008424 0.007544 
0.250000 0.250000 0.250000 0.250000 
  48
0.479817 0.005291 0.046210 
0.462778 0.989189 0.462022 
0.057405 0.005520 0.491768 
0.015828 0.008694 0.010331 0.965147 
0.250000 0.250000 0.250000 0.250000 
  49
0.479817 0.005291 0.046210 
0.462778 0.989189 0.462022 
0.057405 0.005520 0.491768 
0.011007 0.973906 0.007544 0.007544 
0.250000 0.250000 0.250000 0.250000 
  50
0.479817 0.005291 0.046210 
0.462778 0.989189 0.462022 
0.057405 0.005520 0.491768 
0.250000 0.250000 0.250000 0.250000
0.250000 0.250000 0.250000 0.250000 
  51
0.479817 0.005291 0.046210 
0.462778 0.989189 0.462022 
0.057405 0.005520 0.491768 
0.974759 0.007544 0.010154 0.007544 
0.250000 0.250000 0.250000 0.250000 
  52
0.479817 0.005291 0.046210 
0.462778 0.989189 0.462022 
0.057405 0.005520 0.491768 
0.250000 0.250000 0.250000 0.250000
0.250000 0.250000 0.250000 0.250000 
  53
0.479817 0.005291 0.046210 
0.462778 0.989189 0.462022 
0.057405 0.005520 0.491768 
0.250000 0.250000 0.250000 0.250000
0.250000 0.250000 0.250000 0.250000 
  54
0.479817 0.005291 0.046210 
0.462778 0.989189 0.462022 
0.057405 0.005520 0.491768 
0.250000 0.250000 0.250000 0.250000
0.250000 0.250000 0.250000 0.250000 
  55
0.479817 0.005291 0.046210 
0.462778 0.989189 0.462022 
0.057405 0.005520 0.491768 
0.250000 0.250000 0.250000 0.250000
0.250000 0.250000 0.250000 0.250000 
  56
0.479817 0.005291 0.046210 
0.462778 0.989189 0.462022 
0.057405 0.005520 0.491768 
0.250000 0.250000 0.250000 0.250000
0.250000 0.250000 0.250000 0.250000 
  57
0.479817 0.005291 0.046210 
0.462778 0.989189 0.462022 
0.057405 0.005520 0.491768 
0.250000 0.250000 0.250000 0.250000
0.250000 0.250000 0.250000 0.250000 
  58
0.479817 0.005291 0.046210 
0.462778 0.989189 0.462022 
0.057405 0.005520 0.491768 
0.007544 0.007544 0.013148 0.971765 
0.250000 0.250000 0.250000 0.250000 
  59
0.479817 0.005291 0.046210 
0.462778 0.989189 0.462022 
0.057405 0.005520 0.491768 
0.250000 0.250000 0.250000 0.250000
0.250000 0.250000 0.250000 0.250000 
  60
0.479817 0.005291 0.046210 
0.462778 0.989189 0.462022 
0.057405 0.005520 0.491768 
0.923238 0.061675 0.007544 0.007544 
0.250000 0.250000 0.250000 0.250000 
  61
0.479817 0.005291 0.046210 
0.462778 0.989189 0.462022 
0.057405 0.005520 0.491768 
0.250000 0.250000 0.250000 0.250000
0.250000 0.250000 0.250000 0.250000 
  62
0.479817 0.005291 0.046210 
0.462778 0.989189 0.462022 
0.057405 0.005520 0.491768 
0.250000 0.250000 0.250000 0.250000
0.250000 0.250000 0.250000 0.250000 
  63
0.479817 0.005291 0.046210 
0.462778 0.989189 0.462022 
0.057405 0.005520 0.491768 
0.250000 0.250000 0.250000 0.250000
0.250000 0.250000 0.250000 0.250000 
  64
0.479817 0.005291 0.046210 
0.462778 0.989189 0.462022 
0.057405 0.005520 0.491768 
0.250000 0.250000 0.250000 0.250000
0.250000 0.250000 0.250000 0.250000 
  65
0.479817 0.005291 0.046210 
0.462778 0.989189 0.462022 
0.057405 0.005520 0.491768 
0.250000 0.250000 0.250000 0.250000
0.250000 0.250000 0.250000 0.250000 
  66
0.479817 0.005291 0.046210 
0.462778 0.989189 0.462022 
0.057405 0.005520 0.491768 
0.250000 0.250000 0.250000 0.250000
0.250000 0.250000 0.250000 0.250000 
  67
0.479817 0.005291 0.046210 
0.462778 0.989189 0.462022 
0.057405 0.005520 0.491768 
0.250000 0.250000 0.250000 0.250000
0.250000 0.250000 0.250000 0.250000 
  68
0.479817 0.005291 0.046210 
0.462778 0.989189 0.462022 
0.057405 0.005520 0.491768 
0.250000 0.250000 0.250000 0.250000
0.250000 0.250000 0.250000 0.250000 
  69
0.479817 0.005291 0.046210 
0.462778 0.989189 0.462022 
0.057405 0.005520 0.491768 
0.250000 0.250000 0.250000 0.250000
0.250000 0.250000 0.250000 0.250000 
  70
0.479817 0.005291 0.046210 
0.462778 0.989189 0.462022 
0.057405 0.005520 0.491768 
0.250000 0.250000 0.250000 0.250000
0.250000 0.250000 0.250000 0.250000 
  71
0.479817 0.005291 0.046210 
0.462778 0.989189 0.462022 
0.057405 0.005520 0.491768 
0.250000 0.250000 0.250000 0.250000
0.250000 0.250000 0.250000 0.250000 
  72
0.479817 0.005291 0.046210 
0.462778 0.989189 0.462022 
0.057405 0.005520 0.491768 
0.007544 0.007544 0.014932 0.969981 
0.250000 0.250000 0.250000 0.250000 
  73
0.479817 0.005291 0.046210 
0.462778 0.989189 0.462022 
0.057405 0.005520 0.491768 
0.250000 0.250000 0.250000 0.250000
0.250000 0.250000 0.250000 0.250000 
  74
0.479817 0.005291 0.046210 
0.462778 0.989189 0.462022 
0.057405 0.005520 0.491768 
0.250000 0.250000 0.250000 0.250000
0.250000 0.250000 0.250000 0.250000 
  75
0.479817 0.005291 0.046210 
0.462778 0.989189 0.462022 
0.057405 0.005520 0.491768 
0.250000 0.250000 0.250000 0.250000
0.250000 0.250000 0.250000 0.250000 
  76
0.479817 0.005291 0.046210 
0.462778 0.989189 0.462022 
0.057405 0.005520 0.491768 
0.250000 0.250000 0.250000 0.250000
0.250000 0.250000 0.250000 0.250000 
  77
0.479817 0.005291 0.046210 
0.462778 0.989189 0.462022 
0.057405 0.005520 0.491768 
0.250000 0.250000 0.250000 0.250000
0.250000 0.250000 0.250000 0.250000 
  78
0.479817 0.005291 0.046210 
0.462778 0.989189 0.462022 
0.057405 0.005520 0.491768 
0.024080 0.960833 0.007544 0.007544 
0.250000 0.250000 0.250000 0.250000 
  79
0.479817 0.005291 0.046210 
0.462778 0.989189 0.462022 
0.057405 0.005520 0.491768 
0.250000 0.250000 0.250000 0.250000
0.250000 0.250000 0.250000 0.250000 
  80
0.479817 0.005291 0.046210 
0.462778 0.989189 0.462022 
0.057405 0.005520 0.491768 
0.250000 0.250000 0.250000 0.250000
0.250000 0.250000 0.250000 0.250000 
  81
0.479817 0.005291 0.046210 
0.462778 0.989189 0.462022 
0.057405 0.005520 0.491768 
0.250000 0.250000 0.250000 0.250000
0.250000 0.250000 0.250000 0.250000 
  82
0.479817 0.005291 0.046210 
0.462778 0.989189 0.462022 
0.057405 0.005520 0.491768 
0.250000 0.250000 0.250000 0.250000
0.250000 0.250000 0.250000 0.250000 
  83
0.479817 0.005291 0.046210 
0.462778 0.989189 0.462022 
0.057405 0.005520 0.491768 
0.250000 0.250000 0.250000 0.250000
0.250000 0.250000 0.250000 0.250000 
  84
0.479817 0.005291 0.046210 
0.462778 0.989189 0.462022 
0.057405 0.005520 0.491768 
0.250000 0.250000 0.250000 0.250000
0.250000 0.250000 0.250000 0.250000 
  85
0.479817 0.005291 0.046210 
0.462778 0.989189 0.462022 
0.057405 0.005520 0.491768 
0.250000 0.250000 0.250000 0.250000
0.250000 0.250000 0.250000 0.250000 
  86
0.479817 0.005291 0.046210 
0.462778 0.989189 0.462022 
0.057405 0.005520 0.491768 
0.250000 0.250000 0.250000 0.250000
0.250000 0.250000 0.250000 0.250000 
  87
0.479817 0.005291 0.046210 
0.462778 0.989189 0.462022 
0.057405 0.005520 0.491768 
0.250000 0.250000 0.250000 0.250000
0.250000 0.250000 0.250000 0.250000 
  88
0.479817 0.005291 0.046210 
0.462778 0.989189 0.462022 
0.057405 0.005520 0.491768 
0.250000 0.250000 0.250000 0.250000
0.250000 0.250000 0.250000 0.250000 
  89
0.479817 0.005291 0.046210 
0.462778 0.989189 0.462022 
0.057405 0.005520 0.491768 
0.250000 0.250000 0.250000 0.250000
0.250000 0.250000 0.250000 0.250000 
  90
0.479817 0.005291 0.046210 
0.462778 0.989189 0.462022 
0.057405 0.005520 0.491768 
0.977369 0.007544 0.007544 0.007544 
0.250000 0.250000 0.250000 0.250000 
  91
0.479817 0.005291 0.046210 
0.462778 0.989189 0.462022 
0.057405 0.005520 0.491768 
0.250000 0.250000 0.250000 0.250000
0.250000 0.250000 0.250000 0.250000 
  92
0.479817 0.005291 0.046210 
0.462778 0.989189 0.462022 
0.057405 0.005520 0.491768 
0.250000 0.250000 0.250000 0.250000
0.250000 0.250000 0.250000 0.250000 
  93
0.479817 0.005291 0.046210 
0.462778 0.989189 0.462022 
0.057405 0.005520 0.491768 
0.250000 0.250000 0.250000 0.250000
0.250000 0.250000 0.250000 0.250000 
  94
0.479817 0.005291 0.046210 
0.462778 0.989189 0.462022 
0.057405 0.005520 0.491768 
0.250000 0.250000 0.250000 0.250000
0.250000 0.250000 0.250000 0.250000 
  95
0.479817 0.005291 0.046210 
0.462778 0.989189 0.462022 
0.057405 0.005520 0.491768 
0.250000 0.250000 0.250000 0.250000
0.250000 0.250000 0.250000 0.250000 
  96
0.479817 0.005291 0.046210 
0.462778 0.989189 0.462022 
0.057405 0.005520 0.491768 
0.250000 0.250000 0.250000 0.250000
0.250000 0.250000 0.250000 0.250000 
  97
0.479817 0.005291 0.046210 
0.462778 0.989189 0.462022 
0.057405 0.005520 0.491768 
0.250000 0.250000 0.250000 0.250000
0.250000 0.250000 0.250000 0.250000 
  98
0.479817 0.005291 0.046210 
0.462778 0.989189 0.462022 
0.057405 0.005520 0.491768 
0.250000 0.250000 0.250000 0.250000
0.250000 0.250000 0.250000 0.250000 
  99
0.479817 0.005291 0.046210 
0.462778 0.989189 0.462022 
0.057405 0.005520 0.491768 
0.250000 0.250000 0.250000 0.250000
0.250000 0.250000 0.250000 0.250000 
 100
0.479817 0.005291 0.046210 
0.462778 0.989189 0.462022 
0.057405 0.005520 0.491768 
0.250000 0.250000 0.250000 0.250000
0.250000 0.250000 0.250000 0.250000 
 101
0.479817 0.005291 0.046210 
0.462778 0.989189 0.462022 
0.057405 0.005520 0.491768 
0.250000 0.250000 0.250000 0.250000
0.250000 0.250000 0.250000 0.250000 
 102
0.479817 0.005291 0.046210 
0.462778 0.989189 0.462022 
0.057405 0.005520 0.491768 
0.007544 0.007544 0.976134 0.008778 
0.250000 0.250000 0.250000 0.250000 
 103
0.479817 0.005291 0.046210 
0.462778 0.989189 0.462022 
0.057405 0.005520 0.491768 
0.250000 0.250000 0.250000 0.250000
0.250000 0.250000 0.250000 0.250000 
 104
0.479817 0.005291 0.046210 
0.462778 0.989189 0.462022 
0.057405 0.005520 0.491768 
0.250000 0.250000 0.250000 0.250000
0.250000 0.250000 0.250000 0.250000 
 105
0.479817 0.005291 0.046210 
0.462778 0.989189 0.462022 
0.057405 0.005520 0.491768 
0.972616 0.011245 0.008596 0.007544 
0.250000 0.250000 0.250000 0.250000 
 106
0.479817 0.005291 0.046210 
0.462778 0.989189 0.462022 
0.057405 0.005520 0.491768 
0.250000 0.250000 0.250000 0.250000
0.250000 0.250000 0.250000 0.250000 
 107
0.479817 0.005291 0.046210 
0.462778 0.989189 0.462022 
0.057405 0.005520 0.491768 
0.250000 0.250000 0.250000 0.250000
0.250000 0.250000 0.250000 0.250000 
 108
0.479817 0.005291 0.046210 
0.462778 0.989189 0.462022 
0.057405 0.005520 0.491768 
0.971102 0.011458 0.007544 0.009897 
0.250000 0.250000 0.250000 0.250000 
 109
0.479817 0.005291 0.046210 
0.462778 0.989189 0.462022 
0.057405 0.005520 0.491768 
0.008890 0.007544 0.970076 0.013490 
0.250000 0.250000 0.250000 0.250000 
 110
0.479817 0.005291 0.046210 
0.462778 0.989189 0.462022 
0.057405 0.005520 0.491768 
0.250000 0.250000 0.250000 0.250000
0.250000 0.250000 0.250000 0.250000 
 111
0.479817 0.005291 0.046210 
0.462778 0.989189 0.462022 
0.057405 0.005520 0.491768 
0.250000 0.250000 0.250000 0.250000
0.250000 0.250000 0.250000 0.250000 
 112
0.479817 0.005291 0.046210 
0.462778 0.989189 0.462022 
0.057405 0.005520 0.491768 
0.250000 0.250000 0.250000 0.250000
0.250000 0.250000 0.250000 0.250000 
 113
0.479817 0.005291 0.046210 
0.462778 0.989189 0.462022 
0.057405 0.005520 0.491768 
0.250000 0.250000 0.250000 0.250000
0.250000 0.250000 0.250000 0.250000 
 114
0.479817 0.005291 0.046210 
0.462778 0.989189 0.462022 
0.057405 0.005520 0.491768 
0.945223 0.039689 0.007544 0.007544 
0.250000 0.250000 0.250000 0.250000 
 115
0.479817 0.005291 0.046210 
0.462778 0.989189 0.462022 
0.057405 0.005520 0.491768 
0.250000 0.250000 0.250000 0.250000
0.250000 0.250000 0.250000 0.250000 
 116
0.479817 0.005291 0.046210 
0.462778 0.989189 0.462022 
0.057405 0.005520 0.491768 
0.250000 0.250000 0.250000 0.250000
0.250000 0.250000 0.250000 0.250000 
 117
0.479817 0.005291 0.046210 
0.462778 0.989189 0.462022 
0.057405 0.005520 0.491768 
0.250000 0.250000 0.250000 0.250000
0.250000 0.250000 0.250000 0.250000 
 118
0.479817 0.005291 0.046210 
0.462778 0.989189 0.462022 
0.057405 0.005520 0.491768 
0.250000 0.250000 0.250000 0.250000
0.250000 0.250000 0.250000 0.250000 
 119
0.479817 0.005291 0.046210 
0.462778 0.989189 0.462022 
0.057405 0.005520 0.491768 
0.250000 0.250000 0.250000 0.250000
0.250000 0.250000 0.250000 0.250000 
 120
0.479817 0.005291 0.046210 
0.462778 0.989189 0.462022 
0.057405 0.005520 0.491768 
0.250000 0.250000 0.250000 0.250000
0.250000 0.250000 0.250000 0.250000 
 121
0.479817 0.005291 0.046210 
0.462778 0.989189 0.462022 
0.057405 0.005520 0.491768 
0.250000 0.250000 0.250000 0.250000
0.250000 0.250000 0.250000 0.250000 
 122
0.479817 0.005291 0.046210 
0.462778 0.989189 0.462022 
0.057405 0.005520 0.491768 
0.250000 0.250000 0.250000 0.250000
0.250000 0.250000 0.250000 0.250000 
 123
0.479817 0.005291 0.046210 
0.462778 0.989189 0.462022 
0.057405 0.005520 0.491768 
0.977369 0.007544 0.007544 0.007544 
0.250000 0.250000 0.250000 0.250000 
 124
0.479817 0.005291 0.046210 
0.462778 0.989189 0.462022 
0.057405 0.005520 0.491768 
0.250000 0.250000 0.250000 0.250000
0.250000 0.250000 0.250000 0.250000 
 125
0.479817 0.005291 0.046210 
0.462778 0.989189 0.462022 
0.057405 0.005520 0.491768 
0.250000 0.250000 0.250000 0.250000
0.250000 0.250000 0.250000 0.250000 
 126
0.479817 0.005291 0.046210 
0.462778 0.989189 0.462022 
0.057405 0.005520 0.491768 
0.250000 0.250000 0.250000 0.250000
0.250000 0.250000 0.250000 0.250000 
 127
0.479817 0.005291 0.046210 
0.462778 0.989189 0.462022 
0.057405 0.005520 0.491768 
0.250000 0.250000 0.250000 0.250000
0.250000 0.250000 0.250000 0.250000 
 128
0.479817 0.005291 0.046210 
0.462778 0.989189 0.462022 
0.057405 0.005520 0.491768 
0.250000 0.250000 0.250000 0.250000
0.250000 0.250000 0.250000 0.250000 
 129
0.479817 0.005291 0.046210 
0.462778 0.989189 0.462022 
0.057405 0.005520 0.491768 
0.250000 0.250000 0.250000 0.250000
0.250000 0.250000 0.250000 0.250000 
 130
0.479817 0.005291 0.046210 
0.462778 0.989189 0.462022 
0.057405 0.005520 0.491768 
0.250000 0.250000 0.250000 0.250000
0.250000 0.250000 0.250000 0.250000 
 131
0.479817 0.005291 0.046210 
0.462778 0.989189 0.462022 
0.057405 0.005520 0.491768 
0.250000 0.250000 0.250000 0.250000
0.250000 0.250000 0.250000 0.250000 
 132
0.479817 0.005291 0.046210 
0.462778 0.989189 0.462022 
0.057405 0.005520 0.491768 
0.841607 0.009503 0.007544 0.141347 
0.250000 0.250000 0.250000 0.250000 
 133
0.479817 0.005291 0.046210 
0.462778 0.989189 0.462022 
0.057405 0.005520 0.491768 
0.250000 0.250000 0.250000 0.250000
0.250000 0.250000 0.250000 0.250000 
 134
0.479817 0.005291 0.046210 
0.462778 0.989189 0.462022 
0.057405 0.005520 0.491768 
0.250000 0.250000 0.250000 0.250000
0.250000 0.250000 0.250000 0.250000 
 135
0.479817 0.005291 0.046210 
0.462778 0.989189 0.462022 
0.057405 0.005520 0.491768 
0.250000 0.250000 0.250000 0.250000
0.250000 0.250000 0.250000 0.250000 
 136
0.479817 0.005291 0.046210 
0.462778 0.989189 0.462022 
0.057405 0.005520 0.491768 
0.250000 0.250000 0.250000 0.250000
0.250000 0.250000 0.250000 0.250000 
 137
0.479817 0.005291 0.046210 
0.462778 0.989189 0.462022 
0.057405 0.005520 0.491768 
0.250000 0.250000 0.250000 0.250000
0.250000 0.250000 0.250000 0.250000 
 138
0.479817 0.005291 0.046210 
0.462778 0.989189 0.462022 
0.057405 0.005520 0.491768 
0.008445 0.007544 0.014452 0.969559 
0.250000 0.250000 0.250000 0.250000 
 139
0.479817 0.005291 0.046210 
0.462778 0.989189 0.462022 
0.057405 0.005520 0.491768 
0.250000 0.250000 0.250000 0.250000
0.250000 0.250000 0.250000 0.250000 
 140
0.479817 0.005291 0.046210 
0.462778 0.989189 0.462022 
0.057405 0.005520 0.491768 
0.007544 0.007544 0.007544 0.977369 
0.250000 0.250000 0.250000 0.250000 
 141
0.479817 0.005291 0.046210 
0.462778 0.989189 0.462022 
0.057405 0.005520 0.491768 
0.250000 0.250000 0.250000 0.250000
0.250000 0.250000 0.250000 0.250000 
 142
0.479817 0.005291 0.046210 
0.462778 0.989189 0.462022 
0.057405 0.005520 0.491768 
0.250000 0.250000 0.250000 0.250000
0.250000 0.250000 0.250000 0.250000 
 143
0.479817 0.005291 0.046210 
0.462778 0.989189 0.462022 
0.057405 0.005520 0.491768 
0.250000 0.250000 0.250000 0.250000
0.250000 0.250000 0.250000 0.250000 
 144
0.479817 0.005291 0.046210 
0.462778 0.989189 0.462022 
0.057405 0.005520 0.491768 
0.250000 0.250000 0.250000 0.250000
0.250000 0.250000 0.250000 0.250000 
 145
0.479817 0.005291 0.046210 
0.462778 0.989189 0.462022 
0.057405 0.005520 0.491768 
0.250000 0.250000 0.250000 0.250000
0.250000 0.250000 0.250000 0.250000 
 146
0.479817 0.005291 0.046210 
0.462778 0.989189 0.462022 
0.057405 0.005520 0.491768 
0.250000 0.250000 0.250000 0.250000
0.250000 0.250000 0.250000 0.250000 
 147
0.479817 0.005291 0.046210 
0.462778 0.989189 0.462022 
0.057405 0.005520 0.491768 
0.007544 0.007544 0.007544 0.977369 
0.250000 0.250000 0.250000 0.250000 
 148
0.479817 0.005291 0.046210 
0.462778 0.989189 0.462022 
0.057405 0.005520 0.491768 
0.250000 0.250000 0.250000 0.250000
0.250000 0.250000 0.250000 0.250000 
 149
0.479817 0.005291 0.046210 
0.462778 0.989189 0.462022 
0.057405 0.005520 0.491768 
0.250000 0.250000 0.250000 0.250000
0.250000 0.250000 0.250000 0.250000 
 150
0.479817 0.005291 0.046210 
0.462778 0.989189 0.462022 
0.057405 0.005520 0.491768 
0.973730 0.008685 0.010041 0.007544 
0.250000 0.250000 0.250000 0.250000 
 151
0.479817 0.005291 0.046210 
0.462778 0.989189 0.462022 
0.057405 0.005520 0.491768 
0.250000 0.250000 0.250000 0.250000
0.250000 0.250000 0.250000 0.250000 
 152
0.479817 0.005291 0.046210 
0.462778 0.989189 0.462022 
0.057405 0.005520 0.491768 
0.250000 0.250000 0.250000 0.250000
0.250000 0.250000 0.250000 0.250000 
 153
0.479817 0.005291 0.046210 
0.462778 0.989189 0.462022 
0.057405 0.005520 0.491768 
0.250000 0.250000 0.250000 0.250000
0.250000 0.250000 0.250000 0.250000 
 154
0.479817 0.005291 0.046210 
0.462778 0.989189 0.462022 
0.057405 0.005520 0.491768 
0.015905 0.968995 0.007550 0.007550 
0.250000 0.250000 0.250000 0.250000 
 155
0.479817 0.005291 0.046210 
0.462778 0.989189 0.462022 
0.057405 0.005520 0.491768 
0.250000 0.250000 0.250000 0.250000
0.250000 0.250000 0.250000 0.250000 
 156
0.479817 0.005291 0.046210 
0.462778 0.989189 0.462022 
0.057405 0.005520 0.491768 
0.250000 0.250000 0.250000 0.250000
0.250000 0.250000 0.250000 0.250000 
 157
0.479817 0.005291 0.046210 
0.462778 0.989189 0.462022 
0.057405 0.005520 0.491768 
0.250000 0.250000 0.250000 0.250000
0.250000 0.250000 0.250000 0.250000 
 158
0.479817 0.005291 0.046210 
0.462778 0.989189 0.462022 
0.057405 0.005520 0.491768 
0.250000 0.250000 0.250000 0.250000
0.250000 0.250000 0.250000 0.250000 
 159
0.479817 0.005291 0.046210 
0.462778 0.989189 0.462022 
0.057405 0.005520 0.491768 
0.020635 0.959858 0.007544 0.011964 
0.250000 0.250000 0.250000 0.250000 
 160
0.479817 0.005291 0.046210 
0.462778 0.989189 0.462022 
0.057405 0.005520 0.491768 
0.250000 0.250000 0.250000 0.250000
0.250000 0.250000 0.250000 0.250000 
 161
0.479817 0.005291 0.046210 
0.462778 0.989189 0.462022 
0.057405 0.005520 0.491768 
0.250000 0.250000 0.250000 0.250000
0.250000 0.250000 0.250000 0.250000 
 162
0.479817 0.005291 0.046210 
0.462778 0.989189 0.462022 
0.057405 0.005520 0.491768 
0.250000 0.250000 0.250000 0.250000
0.250000 0.250000 0.250000 0.250000 
 163
0.479817 0.005291 0.046210 
0.462778 0.989189 0.462022 
0.057405 0.005520 0.491768 
0.934577 0.050305 0.007559 0.007559 
0.250000 0.250000 0.250000 0.250000 
 164
0.479817 0.005291 0.046210 
0.462778 0.989189 0.462022 
0.057405 0.005520 0.491768 
0.250000 0.250000 0.250000 0.250000
0.250000 0.250000 0.250000 0.250000 
 165
0.479817 0.005291 0.046210 
0.462778 0.989189 0.462022 
0.057405 0.005520 0.491768 
0.007544 0.007544 0.890856 0.094057 
0.250000 0.250000 0.250000 0.250000 
 166
0.479817 0.005291 0.046210 
0.462778 0.989189 0.462022 
0.057405 0.005520 0.491768 
0.012563 0.972349 0.007544 0.007544 
0.250000 0.250000 0.250000 0.250000 
 167
0.479817 0.005291 0.046210 
0.462778 0.989189 0.462022 
0.057405 0.005520 0.491768 
0.008558 0.976355 0.007544 0.007544 
0.250000 0.250000 0.250000 0.250000 
 168
0.479817 0.005291 0.046210 
0.462778 0.989189 0.462022 
0.057405 0.005520 0.491768 
0.250000 0.250000 0.250000 0.250000
0.250000 0.250000 0.250000 0.250000 
 169
0.479817 0.005291 0.046210 
0.462778 0.989189 0.462022 
0.057405 0.005520 0.491768 
0.250000 0.250000 0.250000 0.250000
0.250000 0.250000 0.250000 0.250000 
 170
0.479817 0.005291 0.046210 
0.462778 0.989189 0.462022 
0.057405 0.005520 0.491768 
0.250000 0.250000 0.250000 0.250000
0.250000 0.250000 0.250000 0.250000 
 171
0.479817 0.005291 0.046210 
0.462778 0.989189 0.462022 
0.057405 0.005520 0.491768 
0.250000 0.250000 0.250000 0.250000
0.250000 0.250000 0.250000 0.250000 
 172
0.479817 0.005291 0.046210 
0.462778 0.989189 0.462022 
0.057405 0.005520 0.491768 
0.007558 0.007558 0.964036 0.020847 
0.250000 0.250000 0.250000 0.250000 
 173
0.479817 0.005291 0.046210 
0.462778 0.989189 0.462022 
0.057405 0.005520 0.491768 
0.250000 0.250000 0.250000 0.250000
0.250000 0.250000 0.250000 0.250000 
 174
0.479817 0.005291 0.046210 
0.462778 0.989189 0.462022 
0.057405 0.005520 0.491768 
0.977369 0.007544 0.007544 0.007544 
0.250000 0.250000 0.250000 0.250000 
 175
0.479817 0.005291 0.046210 
0.462778 0.989189 0.462022 
0.057405 0.005520 0.491768 
0.250000 0.250000 0.250000 0.250000
0.250000 0.250000 0.250000 0.250000 
 176
0.479817 0.005291 0.046210 
0.462778 0.989189 0.462022 
0.057405 0.005520 0.491768 
0.250000 0.250000 0.250000 0.250000
0.250000 0.250000 0.250000 0.250000 
 177
0.479817 0.005291 0.046210 
0.462778 0.989189 0.462022 
0.057405 0.005520 0.491768 
0.250000 0.250000 0.250000 0.250000
0.250000 0.250000 0.250000 0.250000 
 178
0.479817 0.005291 0.046210 
0.462778 0.989189 0.462022 
0.057405 0.005520 0.491768 
0.250000 0.250000 0.250000 0.250000
0.250000 0.250000 0.250000 0.250000 
 179
0.479817 0.005291 0.046210 
0.462778 0.989189 0.462022 
0.057405 0.005520 0.491768 
0.971428 0.013485 0.007544 0.007544 
0.250000 0.250000 0.250000 0.250000 
 180
0.479817 0.005291 0.046210 
0.462778 0.989189 0.462022 
0.057405 0.005520 0.491768 
0.960412 0.024490 0.007549 0.007549 
0.250000 0.250000 0.250000 0.250000 
 181
0.479817 0.005291 0.046210 
0.462778 0.989189 0.462022 
0.057405 0.005520 0.491768 
0.250000 0.250000 0.250000 0.250000
0.250000 0.250000 0.250000 0.250000 
 182
0.479817 0.005291 0.046210 
0.462778 0.989189 0.462022 
0.057405 0.005520 0.491768 
0.250000 0.250000 0.250000 0.250000
0.250000 0.250000 0.250000 0.250000 
 183
0.479817 0.005291 0.046210 
0.462778 0.989189 0.462022 
0.057405 0.005520 0.491768 
0.971144 0.013768 0.007544 0.007544 
0.250000 0.250000 0.250000 0.250000 
 184
0.479817 0.005291 0.046210 
0.462778 0.989189 0.462022 
0.057405 0.005520 0.491768 
0.971426 0.013475 0.007549 0.007549 
0.250000 0.250000 0.250000 0.250000 
 185
0.479817 0.005291 0.046210 
0.462778 0.989189 0.462022 
0.057405 0.005520 0.491768 
0.029577 0.955325 0.007549 0.007549 
0.250000 0.250000 0.250000 0.250000 
 186
0.479817 0.005291 0.046210 
0.462778 0.989189 0.462022 
0.057405 0.005520 0.491768 
0.250000 0.250000 0.250000 0.250000
0.250000 0.250000 0.250000 0.250000 
 187
0.479817 0.005291 0.046210 
0.462778 0.989189 0.462022 
0.057405 0.005520 0.491768 
0.250000 0.250000 0.250000 0.250000
0.250000 0.250000 0.250000 0.250000 
 188
0.479817 0.005291 0.046210 
0.462778 0.989189 0.462022 
0.057405 0.005520 0.491768 
0.250000 0.250000 0.250000 0.250000
0.250000 0.250000 0.250000 0.250000 
 189
0.479817 0.005291 0.046210 
0.462778 0.989189 0.462022 
0.057405 0.005520 0.491768 
0.250000 0.250000 0.250000 0.250000
0.250000 0.250000 0.250000 0.250000 
 190
0.479817 0.005291 0.046210 
0.462778 0.989189 0.462022 
0.057405 0.005520 0.491768 
0.031992 0.952920 0.007544 0.007544 
0.250000 0.250000 0.250000 0.250000 
 191
0.479817 0.005291 0.046210 
0.462778 0.989189 0.462022 
0.057405 0.005520 0.491768 
0.007544 0.007544 0.013444 0.971468 
0.250000 0.250000 0.250000 0.250000 
 192
0.479817 0.005291 0.046210 
0.462778 0.989189 0.462022 
0.057405 0.005520 0.491768 
0.250000 0.250000 0.250000 0.250000
0.250000 0.250000 0.250000 0.250000 
 193
0.479817 0.005291 0.046210 
0.462778 0.989189 0.462022 
0.057405 0.005520 0.491768 
0.023822 0.959825 0.008810 0.007544 
0.250000 0.250000 0.250000 0.250000 
 194
0.479817 0.005291 0.046210 
0.462778 0.989189 0.462022 
0.057405 0.005520 0.491768 
0.009873 0.007544 0.973491 0.009093 
0.250000 0.250000 0.250000 0.250000 
 195
0.479817 0.005291 0.046210 
0.462778 0.989189 0.462022 
0.057405 0.005520 0.491768 
0.007544 0.007544 0.976375 0.008538 
0.250000 0.250000 0.250000 0.250000 
 196
0.479817 0.005291 0.046210 
0.462778 0.989189 0.462022 
0.057405 0.005520 0.491768 
0.250000 0.250000 0.250000 0.250000
0.250000 0.250000 0.250000 0.250000 
 197
0.479817 0.005291 0.046210 
0.462778 0.989189 0.462022 
0.057405 0.005520 0.491768 
0.250000 0.250000 0.250000 0.250000
0.250000 0.250000 0.250000 0.250000 
 198
0.479817 0.005291 0.046210 
0.462778 0.989189 0.462022 
0.057405 0.005520 0.491768 
0.974582 0.008996 0.007544 0.008878 
0.250000 0.250000 0.250000 0.250000 
 199
0.479817 0.005291 0.046210 
0.462778 0.989189 0.462022 
0.057405 0.005520 0.491768 
0.007549 0.007549 0.011512 0.973390 
0.250000 0.250000 0.250000 0.250000 
 200
0.479817 0.005291 0.046210 
0.462778 0.989189 0.462022 
0.057405 0.005520 0.491768 
0.250000 0.250000 0.250000 0.250000
0.250000 0.250000 0.250000 0.250000 
 201
0.479817 0.005291 0.046210 
0.462778 0.989189 0.462022 
0.057405 0.005520 0.491768 
0.250000 0.250000 0.250000 0.250000
0.250000 0.250000 0.250000 0.250000 
 202
0.479817 0.005291 0.046210 
0.462778 0.989189 0.462022 
0.057405 0.005520 0.491768 
0.007544 0.007544 0.977369 0.007544 
0.250000 0.250000 0.250000 0.250000 
 203
0.479817 0.005291 0.046210 
0.462778 0.989189 0.462022 
0.057405 0.005520 0.491768 
0.250000 0.250000 0.250000 0.250000
0.250000 0.250000 0.250000 0.250000 
 204
0.479817 0.005291 0.046210 
0.462778 0.989189 0.462022 
0.057405 0.005520 0.491768 
0.250000 0.250000 0.250000 0.250000
0.250000 0.250000 0.250000 0.250000 
 205
0.479817 0.005291 0.046210 
0.462778 0.989189 0.462022 
0.057405 0.005520 0.491768 
0.250000 0.250000 0.250000 0.250000
0.250000 0.250000 0.250000 0.250000 
 206
0.479817 0.005291 0.046210 
0.462778 0.989189 0.462022 
0.057405 0.005520 0.491768 
0.250000 0.250000 0.250000 0.250000
0.250000 0.250000 0.250000 0.250000 
 207
0.479817 0.005291 0.046210 
0.462778 0.989189 0.462022 
0.057405 0.005520 0.491768 
0.037817 0.947095 0.007544 0.007544 
0.250000 0.250000 0.250000 0.250000 
 208
0.479817 0.005291 0.046210 
0.462778 0.989189 0.462022 
0.057405 0.005520 0.491768 
0.250000 0.250000 0.250000 0.250000
0.250000 0.250000 0.250000 0.250000 
 209
0.479817 0.005291 0.046210 
0.462778 0.989189 0.462022 
0.057405 0.005520 0.491768 
0.250000 0.250000 0.250000 0.250000
0.250000 0.250000 0.250000 0.250000 
 210
0.479817 0.005291 0.046210 
0.462778 0.989189 0.462022 
0.057405 0.005520 0.491768 
0.007544 0.007544 0.009135 0.975778 
0.250000 0.250000 0.250000 0.250000 
 211
0.479817 0.005291 0.046210 
0.462778 0.989189 0.462022 
0.057405 0.005520 0.491768 
0.250000 0.250000 0.250000 0.250000
0.250000 0.250000 0.250000 0.250000 
 212
0.479817 0.005291 0.046210 
0.462778 0.989189 0.462022 
0.057405 0.005520 0.491768 
0.250000 0.250000 0.250000 0.250000
0.250000 0.250000 0.250000 0.250000 
 213
0.479817 0.005291 0.046210 
0.462778 0.989189 0.462022 
0.057405 0.005520 0.491768 
0.977369 0.007544 0.007544 0.007544 
0.250000 0.250000 0.250000 0.250000 
 214
0.479817 0.005291 0.046210 
0.462778 0.989189 0.462022 
0.057405 0.005520 0.491768 
0.250000 0.250000 0.250000 0.250000
0.250000 0.250000 0.250000 0.250000 
 215
0.479817 0.005291 0.046210 
0.462778 0.989189 0.462022 
0.057405 0.005520 0.491768 
0.250000 0.250000 0.250000 0.250000
0.250000 0.250000 0.250000 0.250000 
 216
0.479817 0.005291 0.046210 
0.462778 0.989189 0.462022 
0.057405 0.005520 0.491768 
0.007544 0.007544 0.010420 0.974492 
0.250000 0.250000 0.250000 0.250000 
 217
0.479817 0.005291 0.046210 
0.462778 0.989189 0.462022 
0.057405 0.005520 0.491768 
0.250000 0.250000 0.250000 0.250000
0.250000 0.250000 0.250000 0.250000 
 218
0.479817 0.005291 0.046210 
0.462778 0.989189 0.462022 
0.057405 0.005520 0.491768 
0.947806 0.035296 0.009355 0.007544 
0.250000 0.250000 0.250000 0.250000 
 219
0.479817 0.005291 0.046210 
0.462778 0.989189 0.462022 
0.057405 0.005520 0.491768 
0.250000 0.250000 0.250000 0.250000
0.250000 0.250000 0.250000 0.250000 
 220
0.479817 0.005291 0.046210 
0.462778 0.989189 0.462022 
0.057405 0.005520 0.491768 
0.250000 0.250000 0.250000 0.250000
0.250000 0.250000 0.250000 0.250000 
 221
0.479817 0.005291 0.046210 
0.462778 0.989189 0.462022 
0.057405 0.005520 0.491768 
0.250000 0.250000 0.250000 0.250000
0.250000 0.250000 0.250000 0.250000 
 222
0.479817 0.005291 0.046210 
0.462778 0.989189 0.462022 
0.057405 0.005520 0.491768 
0.012717 0.007544 0.009233 0.970507 
0.250000 0.250000 0.250000 0.250000 
 223
0.479817 0.005291 0.046210 
0.462778 0.989189 0.462022 
0.057405 0.005520 0.491768 
0.250000 0.250000 0.250000 0.250000
0.250000 0.250000 0.250000 0.250000 
 224
0.479817 0.005291 0.046210 
0.462778 0.989189 0.462022 
0.057405 0.005520 0.491768 
0.250000 0.250000 0.250000 0.250000
0.250000 0.250000 0.250000 0.250000 
 225
0.479817 0.005291 0.046210 
0.462778 0.989189 0.462022 
0.057405 0.005520 0.491768 
0.007544 0.187092 0.008641 0.796724 
0.250000 0.250000 0.250000 0.250000 
 226
0.479817 0.005291 0.046210 
0.462778 0.989189 0.462022 
0.057405 0.005520 0.491768 
0.250000 0.250000 0.250000 0.250000
0.250000 0.250000 0.250000 0.250000 
 227
0.479817 0.005291 0.046210 
0.462778 0.989189 0.462022 
0.057405 0.005520 0.491768 
0.250000 0.250000 0.250000 0.250000
0.250000 0.250000 0.250000 0.250000 
 228
0.479817 0.005291 0.046210 
0.462778 0.989189 0.462022 
0.057405 0.005520 0.491768 
0.250000 0.250000 0.250000 0.250000
0.250000 0.250000 0.250000 0.250000 
 229
0.479817 0.005291 0.046210 
0.462778 0.989189 0.462022 
0.057405 0.005520 0.491768 
0.250000 0.250000 0.250000 0.250000
0.250000 0.250000 0.250000 0.250000 
 230
0.479817 0.005291 0.046210 
0.462778 0.989189 0.462022 
0.057405 0.005520 0.491768 
0.250000 0.250000 0.250000 0.250000
0.250000 0.250000 0.250000 0.250000 
 231
0.479817 0.005291 0.046210 
0.462778 0.989189 0.462022 
0.057405 0.005520 0.491768 
0.250000 0.250000 0.250000 0.250000
0.250000 0.250000 0.250000 0.250000 
 232
0.479817 0.005291 0.046210 
0.462778 0.989189 0.462022 
0.057405 0.005520 0.491768 
0.250000 0.250000 0.250000 0.250000
0.250000 0.250000 0.250000 0.250000 
 233
0.479817 0.005291 0.046210 
0.462778 0.989189 0.462022 
0.057405 0.005520 0.491768 
0.250000 0.250000 0.250000 0.250000
0.250000 0.250000 0.250000 0.250000 
 234
0.479817 0.005291 0.046210 
0.462778 0.989189 0.462022 
0.057405 0.005520 0.491768 
0.007544 0.007544 0.969101 0.015812 
0.250000 0.250000 0.250000 0.250000 
 235
0.479817 0.005291 0.046210 
0.462778 0.989189 0.462022 
0.057405 0.005520 0.491768 
0.007544 0.007544 0.963513 0.021400 
0.250000 0.250000 0.250000 0.250000 
 236
0.479817 0.005291 0.046210 
