%  SAM: /scicomp/home/vfn4/nomen/label/LABEL_RES/scripts/modelfromalign_Linux v3.5 (July 15, 2005) compiled 12/08/06_16:15:55
%  (c) 1992-2001 Regents of the University of California, Santa Cruz
%
%          Sequence Alignment and Modeling Software System
%         http://www.cse.ucsc.edu/research/compbio/sam.html
%
% ----------------- Citations (SAM, SAM-T2K, HMMs) --------------------
% R. Hughey, A. Krogh, Hidden Markov models for sequence analysis:
%  Extension and analysis of the basic method, CABIOS 12:95-107, 1996.
% K. Karplus, et al., What is the value added by human intervention in protein
%  structure prediction, Proteins: Stucture, Function, Genetics 45(S5):86--91, 2001.
% A. Krogh et al., Hidden Markov models in computational biology:
%  Applications to protein modeling, JMB 235:1501-1531, Feb 1994.
% ---------------------------------------------------------------------
%  7_hmm   Host: login01.aspen.biotech.cdc.gov    Wed Feb  7 17:36:06 2018
%  vfn4    Dir:  /scicomp/groups/OID/NCIRD/ID-OD/ID_nomenclatures/H1/H1pdm09v2018R3/base/c-otherwise
% ---------------------------------------------------------------------
%  Alignment weights from internal calc.  Total (33.90) Max (0.13) Min (0.02)
%  Weights from alignment method 1 (karplus), b=-1.000000, e=0.500000
MODEL --  Model from alignment file /scicomp/home/vfn4/nomen/label/LABEL_RES/training_data/H1pdm09v2018R3/c-otherwise/7.fasta
alphabet DNA
FREQAVE
0.000000 0.000000 0.000000 
0.000000 0.000000 0.000000 
0.000000 0.000000 0.000000 
0.354265 0.221027 0.183859 0.240848 
0.354265 0.221027 0.183859 0.240848 
Begin
0.000000 0.000000 0.000000 
0.000000 0.000000 0.000000 
0.000000 0.005326 0.491768 
0.250000 0.250000 0.250000 0.250000 
0.250000 0.250000 0.250000 0.250000 
   1
0.000000 0.005856 0.046210 
0.000000 0.988818 0.462022 
0.056863 0.005330 0.491768 
0.978485 0.007172 0.007172 0.007172 
0.250000 0.250000 0.250000 0.250000 
   2
0.475285 0.005109 0.046210 
0.467852 0.989561 0.462022 
0.057405 0.005326 0.491768 
0.007164 0.007164 0.007164 0.978508 
0.250000 0.250000 0.250000 0.250000 
   3
0.479817 0.005105 0.046210 
0.462778 0.989569 0.462022 
0.057405 0.005326 0.491768 
0.007164 0.978508 0.007164 0.007164 
0.250000 0.250000 0.250000 0.250000 
   4
0.479817 0.005105 0.046210 
0.462778 0.989569 0.462022 
0.057405 0.005326 0.491768 
0.978489 0.007170 0.007170 0.007170 
0.250000 0.250000 0.250000 0.250000 
   5
0.479817 0.005105 0.046210 
0.462778 0.989569 0.462022 
0.057405 0.005326 0.491768 
0.977398 0.008274 0.007164 0.007164 
0.250000 0.250000 0.250000 0.250000 
   6
0.479817 0.005105 0.046210 
0.462778 0.989569 0.462022 
0.057405 0.005326 0.491768 
0.014207 0.971465 0.007164 0.007164 
0.250000 0.250000 0.250000 0.250000 
   7
0.479817 0.005105 0.046210 
0.462778 0.989569 0.462022 
0.057405 0.005326 0.491768 
0.013058 0.972614 0.007164 0.007164 
0.250000 0.250000 0.250000 0.250000 
   8
0.479817 0.005105 0.046210 
0.462778 0.989569 0.462022 
0.057405 0.005326 0.491768 
0.007164 0.007164 0.978508 0.007164 
0.250000 0.250000 0.250000 0.250000 
   9
0.479817 0.005105 0.046210 
0.462778 0.989569 0.462022 
0.057405 0.005326 0.491768 
0.978508 0.007164 0.007164 0.007164 
0.250000 0.250000 0.250000 0.250000 
  10
0.479817 0.005105 0.046210 
0.462778 0.989569 0.462022 
0.057405 0.005326 0.491768 
0.976852 0.008820 0.007164 0.007164 
0.250000 0.250000 0.250000 0.250000 
  11
0.479817 0.005105 0.046210 
0.462778 0.989569 0.462022 
0.057405 0.005326 0.491768 
0.007164 0.007164 0.010098 0.975575 
0.250000 0.250000 0.250000 0.250000 
  12
0.479817 0.005105 0.046210 
0.462778 0.989569 0.462022 
0.057405 0.005326 0.491768 
0.978508 0.007164 0.007164 0.007164 
0.250000 0.250000 0.250000 0.250000 
  13
0.479817 0.005105 0.046210 
0.462778 0.989569 0.462022 
0.057405 0.005326 0.491768 
0.007164 0.007164 0.978508 0.007164 
0.250000 0.250000 0.250000 0.250000 
  14
0.479817 0.005105 0.046210 
0.462778 0.989569 0.462022 
0.057405 0.005326 0.491768 
0.007164 0.007164 0.007164 0.978508 
0.250000 0.250000 0.250000 0.250000 
  15
0.479817 0.005105 0.046210 
0.462778 0.989569 0.462022 
0.057405 0.005326 0.491768 
0.978508 0.007164 0.007164 0.007164 
0.250000 0.250000 0.250000 0.250000 
  16
0.479817 0.005105 0.046210 
0.462778 0.989569 0.462022 
0.057405 0.005326 0.491768 
0.007164 0.978508 0.007164 0.007164 
0.250000 0.250000 0.250000 0.250000 
  17
0.479817 0.005105 0.046210 
0.462778 0.989569 0.462022 
0.057405 0.005326 0.491768 
0.007164 0.007164 0.010306 0.975366 
0.250000 0.250000 0.250000 0.250000 
  18
0.479817 0.005105 0.046210 
0.462778 0.989569 0.462022 
0.057405 0.005326 0.491768 
0.978508 0.007164 0.007164 0.007164 
0.250000 0.250000 0.250000 0.250000 
  19
0.479817 0.005105 0.046210 
0.462778 0.989569 0.462022 
0.057405 0.005326 0.491768 
0.011548 0.974124 0.007164 0.007164 
0.250000 0.250000 0.250000 0.250000 
  20
0.479817 0.005105 0.046210 
0.462778 0.989569 0.462022 
0.057405 0.005326 0.491768 
0.007164 0.007164 0.007164 0.978508 
0.250000 0.250000 0.250000 0.250000 
  21
0.479817 0.005105 0.046210 
0.462778 0.989569 0.462022 
0.057405 0.005326 0.491768 
0.007164 0.008669 0.014277 0.969890 
0.250000 0.250000 0.250000 0.250000 
  22
0.479817 0.005105 0.046210 
0.462778 0.989569 0.462022 
0.057405 0.005326 0.491768 
0.338744 0.008455 0.593767 0.059033 
0.250000 0.250000 0.250000 0.250000 
  23
0.479817 0.005105 0.046210 
0.462778 0.989569 0.462022 
0.057405 0.005326 0.491768 
0.007164 0.007164 0.008211 0.977461 
0.250000 0.250000 0.250000 0.250000 
  24
0.479817 0.005105 0.046210 
0.462778 0.989569 0.462022 
0.057405 0.005326 0.491768 
0.008972 0.976700 0.007164 0.007164 
0.250000 0.250000 0.250000 0.250000 
  25
0.479817 0.005105 0.046210 
0.462778 0.989569 0.462022 
0.057405 0.005326 0.491768 
0.007164 0.007164 0.977046 0.008626 
0.250000 0.250000 0.250000 0.250000 
  26
0.479817 0.005105 0.046210 
0.462778 0.989569 0.462022 
0.057405 0.005326 0.491768 
0.007164 0.007164 0.007164 0.978508 
0.250000 0.250000 0.250000 0.250000 
  27
0.479817 0.005105 0.046210 
0.462778 0.989569 0.462022 
0.057405 0.005326 0.491768 
0.908497 0.076055 0.008283 0.007164 
0.250000 0.250000 0.250000 0.250000 
  28
0.479817 0.005105 0.046210 
0.462778 0.989569 0.462022 
0.057405 0.005326 0.491768 
0.007164 0.007164 0.009006 0.976666 
0.250000 0.250000 0.250000 0.250000 
  29
0.479817 0.005105 0.046210 
0.462778 0.989569 0.462022 
0.057405 0.005326 0.491768 
0.966478 0.019194 0.007164 0.007164 
0.250000 0.250000 0.250000 0.250000 
  30
0.479817 0.005105 0.046210 
0.462778 0.989569 0.462022 
0.057405 0.005326 0.491768 
0.007164 0.007164 0.015530 0.970142 
0.250000 0.250000 0.250000 0.250000 
  31
0.479817 0.005105 0.046210 
0.462778 0.989569 0.462022 
0.057405 0.005326 0.491768 
0.978508 0.007164 0.007164 0.007164 
0.250000 0.250000 0.250000 0.250000 
  32
0.479817 0.005105 0.046210 
0.462778 0.989569 0.462022 
0.057405 0.005326 0.491768 
0.009682 0.007164 0.975170 0.007985 
0.250000 0.250000 0.250000 0.250000 
  33
0.479817 0.005105 0.046210 
0.462778 0.989569 0.462022 
0.057405 0.005326 0.491768 
0.976209 0.009463 0.007164 0.007164 
0.250000 0.250000 0.250000 0.250000 
  34
0.479817 0.005105 0.046210 
0.462778 0.989569 0.462022 
0.057405 0.005326 0.491768 
0.008096 0.007983 0.010365 0.973556 
0.250000 0.250000 0.250000 0.250000 
  35
0.479817 0.005105 0.046210 
0.462778 0.989569 0.462022 
0.057405 0.005326 0.491768 
0.007164 0.007164 0.008163 0.977509 
0.250000 0.250000 0.250000 0.250000 
  36
0.479817 0.005105 0.046210 
0.462778 0.989569 0.462022 
0.057405 0.005326 0.491768 
0.007164 0.007164 0.009075 0.976597 
0.250000 0.250000 0.250000 0.250000 
  37
0.479817 0.005105 0.046210 
0.462778 0.989569 0.462022 
0.057405 0.005326 0.491768 
0.007164 0.978508 0.007164 0.007164 
0.250000 0.250000 0.250000 0.250000 
  38
0.479817 0.005105 0.046210 
0.462778 0.989569 0.462022 
0.057405 0.005326 0.491768 
0.007164 0.007164 0.978508 0.007164 
0.250000 0.250000 0.250000 0.250000 
  39
0.479817 0.005105 0.046210 
0.462778 0.989569 0.462022 
0.057405 0.005326 0.491768 
0.978508 0.007164 0.007164 0.007164 
0.250000 0.250000 0.250000 0.250000 
  40
0.479817 0.005105 0.046210 
0.462778 0.989569 0.462022 
0.057405 0.005326 0.491768 
0.976225 0.008259 0.008352 0.007164 
0.250000 0.250000 0.250000 0.250000 
  41
0.479817 0.005105 0.046210 
0.462778 0.989569 0.462022 
0.057405 0.005326 0.491768 
0.007164 0.007164 0.977603 0.008069 
0.250000 0.250000 0.250000 0.250000 
  42
0.479817 0.005105 0.046210 
0.462778 0.989569 0.462022 
0.057405 0.005326 0.491768 
0.008285 0.008019 0.972427 0.011269 
0.250000 0.250000 0.250000 0.250000 
  43
0.479817 0.005105 0.046210 
0.462778 0.989569 0.462022 
0.057405 0.005326 0.491768 
0.015146 0.970516 0.007169 0.007169 
0.250000 0.250000 0.250000 0.250000 
  44
0.479817 0.005105 0.046210 
0.462778 0.989569 0.462022 
0.057405 0.005326 0.491768 
0.007164 0.007164 0.977615 0.008057 
0.250000 0.250000 0.250000 0.250000 
  45
0.479817 0.005105 0.046210 
0.462778 0.989569 0.462022 
0.057405 0.005326 0.491768 
0.972746 0.010685 0.007164 0.009405 
0.250000 0.250000 0.250000 0.250000 
  46
0.479817 0.005105 0.046210 
0.462778 0.989569 0.462022 
0.057405 0.005326 0.491768 
0.977258 0.008414 0.007164 0.007164 
0.250000 0.250000 0.250000 0.250000 
  47
0.479817 0.005105 0.046210 
0.462778 0.989569 0.462022 
0.057405 0.005326 0.491768 
0.975838 0.009834 0.007164 0.007164 
0.250000 0.250000 0.250000 0.250000 
  48
0.479817 0.005105 0.046210 
0.462778 0.989569 0.462022 
0.057405 0.005326 0.491768 
0.007164 0.008080 0.010759 0.973997 
0.250000 0.250000 0.250000 0.250000 
  49
0.479817 0.005105 0.046210 
0.462778 0.989569 0.462022 
0.057405 0.005326 0.491768 
0.009293 0.976379 0.007164 0.007164 
0.250000 0.250000 0.250000 0.250000 
  50
0.479817 0.005105 0.046210 
0.462778 0.989569 0.462022 
0.057405 0.005326 0.491768 
0.007164 0.007164 0.978508 0.007164 
0.250000 0.250000 0.250000 0.250000 
  51
0.479817 0.005105 0.046210 
0.462778 0.989569 0.462022 
0.057405 0.005326 0.491768 
0.975402 0.007164 0.007164 0.010270 
0.250000 0.250000 0.250000 0.250000 
  52
0.479817 0.005105 0.046210 
0.462778 0.989569 0.462022 
0.057405 0.005326 0.491768 
0.007164 0.978508 0.007164 0.007164 
0.250000 0.250000 0.250000 0.250000 
  53
0.479817 0.005105 0.046210 
0.462778 0.989569 0.462022 
0.057405 0.005326 0.491768 
0.977484 0.008188 0.007164 0.007164 
0.250000 0.250000 0.250000 0.250000 
  54
0.479817 0.005105 0.046210 
0.462778 0.989569 0.462022 
0.057405 0.005326 0.491768 
0.007164 0.007164 0.978508 0.007164 
0.250000 0.250000 0.250000 0.250000 
  55
0.479817 0.005105 0.046210 
0.462778 0.989569 0.462022 
0.057405 0.005326 0.491768 
0.978508 0.007164 0.007164 0.007164 
0.250000 0.250000 0.250000 0.250000 
  56
0.479817 0.005105 0.046210 
0.462778 0.989569 0.462022 
0.057405 0.005326 0.491768 
0.007164 0.007164 0.978508 0.007164 
0.250000 0.250000 0.250000 0.250000 
  57
0.479817 0.005105 0.046210 
0.462778 0.989569 0.462022 
0.057405 0.005326 0.491768 
0.977425 0.008248 0.007164 0.007164 
0.250000 0.250000 0.250000 0.250000 
  58
0.479817 0.005105 0.046210 
0.462778 0.989569 0.462022 
0.057405 0.005326 0.491768 
0.008624 0.007164 0.008289 0.975923 
0.250000 0.250000 0.250000 0.250000 
  59
0.479817 0.005105 0.046210 
0.462778 0.989569 0.462022 
0.057405 0.005326 0.491768 
0.007164 0.007164 0.007164 0.978508 
0.250000 0.250000 0.250000 0.250000 
  60
0.479817 0.005105 0.046210 
0.462778 0.989569 0.462022 
0.057405 0.005326 0.491768 
0.977007 0.008665 0.007164 0.007164 
0.250000 0.250000 0.250000 0.250000 
  61
0.479817 0.005105 0.046210 
0.462778 0.989569 0.462022 
0.057405 0.005326 0.491768 
0.007164 0.007164 0.007164 0.978508 
0.250000 0.250000 0.250000 0.250000 
  62
0.479817 0.005105 0.046210 
0.462778 0.989569 0.462022 
0.057405 0.005326 0.491768 
0.007164 0.978508 0.007164 0.007164 
0.250000 0.250000 0.250000 0.250000 
  63
0.479817 0.005105 0.046210 
0.462778 0.989569 0.462022 
0.057405 0.005326 0.491768 
0.007164 0.007164 0.010460 0.975212 
0.250000 0.250000 0.250000 0.250000 
  64
0.479817 0.005105 0.046210 
0.462778 0.989569 0.462022 
0.057405 0.005326 0.491768 
0.978508 0.007164 0.007164 0.007164 
0.250000 0.250000 0.250000 0.250000 
  65
0.479817 0.005105 0.046210 
0.462778 0.989569 0.462022 
0.057405 0.005326 0.491768 
0.007164 0.007164 0.007164 0.978508 
0.250000 0.250000 0.250000 0.250000 
  66
0.479817 0.005105 0.046210 
0.462778 0.989569 0.462022 
0.057405 0.005326 0.491768 
0.978508 0.007164 0.007164 0.007164 
0.250000 0.250000 0.250000 0.250000 
  67
0.479817 0.005105 0.046210 
0.462778 0.989569 0.462022 
0.057405 0.005326 0.491768 
0.007169 0.978494 0.007169 0.007169 
0.250000 0.250000 0.250000 0.250000 
  68
0.479817 0.005105 0.046210 
0.462778 0.989569 0.462022 
0.057405 0.005326 0.491768 
0.007164 0.978508 0.007164 0.007164 
0.250000 0.250000 0.250000 0.250000 
  69
0.479817 0.005105 0.046210 
0.462778 0.989569 0.462022 
0.057405 0.005326 0.491768 
0.007164 0.007959 0.008887 0.975991 
0.250000 0.250000 0.250000 0.250000 
  70
0.479817 0.005105 0.046210 
0.462778 0.989569 0.462022 
0.057405 0.005326 0.491768 
0.007169 0.007169 0.008267 0.977395 
0.250000 0.250000 0.250000 0.250000 
  71
0.479817 0.005105 0.046210 
0.462778 0.989569 0.462022 
0.057405 0.005326 0.491768 
0.977591 0.007164 0.007164 0.008081 
0.250000 0.250000 0.250000 0.250000 
  72
0.479817 0.005105 0.046210 
0.462778 0.989569 0.462022 
0.057405 0.005326 0.491768 
0.007164 0.007164 0.361973 0.623699 
0.250000 0.250000 0.250000 0.250000 
  73
0.479817 0.005105 0.046210 
0.462778 0.989569 0.462022 
0.057405 0.005326 0.491768 
0.007164 0.007164 0.978508 0.007164 
0.250000 0.250000 0.250000 0.250000 
  74
0.479817 0.005105 0.046210 
0.462778 0.989569 0.462022 
0.057405 0.005326 0.491768 
0.978494 0.007169 0.007169 0.007169 
0.250000 0.250000 0.250000 0.250000 
  75
0.479817 0.005105 0.046210 
0.462778 0.989569 0.462022 
0.057405 0.005326 0.491768 
0.007164 0.007164 0.007164 0.978508 
0.250000 0.250000 0.250000 0.250000 
  76
0.479817 0.005105 0.046210 
0.462778 0.989569 0.462022 
0.057405 0.005326 0.491768 
0.012440 0.973205 0.007177 0.007177 
0.250000 0.250000 0.250000 0.250000 
  77
0.479817 0.005105 0.046210 
0.462778 0.989569 0.462022 
0.057405 0.005326 0.491768 
0.007170 0.007170 0.978491 0.007170 
0.250000 0.250000 0.250000 0.250000 
  78
0.479817 0.005105 0.046210 
0.462778 0.989569 0.462022 
0.057405 0.005326 0.491768 
0.011629 0.973234 0.007164 0.007973 
0.250000 0.250000 0.250000 0.250000 
  79
0.479817 0.005105 0.046210 
0.462778 0.989569 0.462022 
0.057405 0.005326 0.491768 
0.978508 0.007164 0.007164 0.007164 
0.250000 0.250000 0.250000 0.250000 
  80
0.479817 0.005105 0.046210 
0.462778 0.989569 0.462022 
0.057405 0.005326 0.491768 
0.978508 0.007164 0.007164 0.007164 
0.250000 0.250000 0.250000 0.250000 
  81
0.479817 0.005105 0.046210 
0.462778 0.989569 0.462022 
0.057405 0.005326 0.491768 
0.007164 0.007164 0.978508 0.007164 
0.250000 0.250000 0.250000 0.250000 
  82
0.479817 0.005105 0.046210 
0.462778 0.989569 0.462022 
0.057405 0.005326 0.491768 
0.978508 0.007164 0.007164 0.007164 
0.250000 0.250000 0.250000 0.250000 
  83
0.479817 0.005105 0.046210 
0.462778 0.989569 0.462022 
0.057405 0.005326 0.491768 
0.975185 0.010478 0.007168 0.007168 
0.250000 0.250000 0.250000 0.250000 
  84
0.479817 0.005105 0.046210 
0.462778 0.989569 0.462022 
0.057405 0.005326 0.491768 
0.007164 0.007164 0.018362 0.967310 
0.250000 0.250000 0.250000 0.250000 
  85
0.479817 0.005105 0.046210 
0.462778 0.989569 0.462022 
0.057405 0.005326 0.491768 
0.007164 0.007164 0.008105 0.977567 
0.250000 0.250000 0.250000 0.250000 
  86
0.479817 0.005105 0.046210 
0.462778 0.989569 0.462022 
0.057405 0.005326 0.491768 
0.007164 0.007164 0.977228 0.008444 
0.250000 0.250000 0.250000 0.250000 
  87
0.479817 0.005105 0.046210 
0.462778 0.989569 0.462022 
0.057405 0.005326 0.491768 
0.975222 0.007164 0.007164 0.010450 
0.250000 0.250000 0.250000 0.250000 
  88
0.479817 0.005105 0.046210 
0.462778 0.989569 0.462022 
0.057405 0.005326 0.491768 
0.978508 0.007164 0.007164 0.007164 
0.250000 0.250000 0.250000 0.250000 
  89
0.479817 0.005105 0.046210 
0.462778 0.989569 0.462022 
0.057405 0.005326 0.491768 
0.007164 0.007164 0.978508 0.007164 
0.250000 0.250000 0.250000 0.250000 
  90
0.479817 0.005105 0.046210 
0.462778 0.989569 0.462022 
0.057405 0.005326 0.491768 
0.972468 0.013205 0.007164 0.007164 
0.250000 0.250000 0.250000 0.250000 
  91
0.479817 0.005105 0.046210 
0.462778 0.989569 0.462022 
0.057405 0.005326 0.491768 
0.008058 0.977614 0.007164 0.007164 
0.250000 0.250000 0.250000 0.250000 
  92
0.479817 0.005105 0.046210 
0.462778 0.989569 0.462022 
0.057405 0.005326 0.491768 
0.977506 0.008166 0.007164 0.007164 
0.250000 0.250000 0.250000 0.250000 
  93
0.479817 0.005105 0.046210 
0.462778 0.989569 0.462022 
0.057405 0.005326 0.491768 
0.007921 0.008135 0.974728 0.009216 
0.250000 0.250000 0.250000 0.250000 
  94
0.479817 0.005105 0.046210 
0.462778 0.989569 0.462022 
0.057405 0.005326 0.491768 
0.978508 0.007164 0.007164 0.007164 
0.250000 0.250000 0.250000 0.250000 
  95
0.479817 0.005105 0.046210 
0.462778 0.989569 0.462022 
0.057405 0.005326 0.491768 
0.007164 0.007164 0.976538 0.009134 
0.250000 0.250000 0.250000 0.250000 
  96
0.479817 0.005105 0.046210 
0.462778 0.989569 0.462022 
0.057405 0.005326 0.491768 
0.007164 0.007164 0.007164 0.978508 
0.250000 0.250000 0.250000 0.250000 
  97
0.479817 0.005105 0.046210 
0.462778 0.989569 0.462022 
0.057405 0.005326 0.491768 
0.008276 0.977396 0.007164 0.007164 
0.250000 0.250000 0.250000 0.250000 
  98
0.479817 0.005105 0.046210 
0.462778 0.989569 0.462022 
0.057405 0.005326 0.491768 
0.007164 0.007164 0.007164 0.978508 
0.250000 0.250000 0.250000 0.250000 
  99
0.479817 0.005105 0.046210 
0.462778 0.989569 0.462022 
0.057405 0.005326 0.491768 
0.976329 0.009343 0.007164 0.007164 
0.250000 0.250000 0.250000 0.250000 
 100
0.479817 0.005105 0.046210 
0.462778 0.989569 0.462022 
0.057405 0.005326 0.491768 
0.007164 0.978508 0.007164 0.007164 
0.250000 0.250000 0.250000 0.250000 
 101
0.479817 0.005105 0.046210 
0.462778 0.989569 0.462022 
0.057405 0.005326 0.491768 
0.978508 0.007164 0.007164 0.007164 
0.250000 0.250000 0.250000 0.250000 
 102
0.479817 0.005105 0.046210 
0.462778 0.989569 0.462022 
0.057405 0.005326 0.491768 
0.007164 0.007164 0.977304 0.008368 
0.250000 0.250000 0.250000 0.250000 
 103
0.479817 0.005105 0.046210 
0.462778 0.989569 0.462022 
0.057405 0.005326 0.491768 
0.978508 0.007164 0.007164 0.007164 
0.250000 0.250000 0.250000 0.250000 
 104
0.479817 0.005105 0.046210 
0.462778 0.989569 0.462022 
0.057405 0.005326 0.491768 
0.007164 0.007164 0.978508 0.007164 
0.250000 0.250000 0.250000 0.250000 
 105
0.479817 0.005105 0.046210 
0.462778 0.989569 0.462022 
0.057405 0.005326 0.491768 
0.974830 0.007164 0.010842 0.007164 
0.250000 0.250000 0.250000 0.250000 
 106
0.479817 0.005105 0.046210 
0.462778 0.989569 0.462022 
0.057405 0.005326 0.491768 
0.012688 0.972970 0.007171 0.007171 
0.250000 0.250000 0.250000 0.250000 
 107
0.479817 0.005105 0.046210 
0.462778 0.989569 0.462022 
0.057405 0.005326 0.491768 
0.007164 0.007164 0.007164 0.978508 
0.250000 0.250000 0.250000 0.250000 
 108
0.479817 0.005105 0.046210 
0.462778 0.989569 0.462022 
0.057405 0.005326 0.491768 
0.970328 0.014481 0.008027 0.007164 
0.250000 0.250000 0.250000 0.250000 
 109
0.479817 0.005105 0.046210 
0.462778 0.989569 0.462022 
0.057405 0.005326 0.491768 
0.007164 0.007164 0.978508 0.007164 
0.250000 0.250000 0.250000 0.250000 
 110
0.479817 0.005105 0.046210 
0.462778 0.989569 0.462022 
0.057405 0.005326 0.491768 
0.007164 0.007164 0.007164 0.978508 
0.250000 0.250000 0.250000 0.250000 
 111
0.479817 0.005105 0.046210 
0.462778 0.989569 0.462022 
0.057405 0.005326 0.491768 
0.972863 0.010217 0.007991 0.008928 
0.250000 0.250000 0.250000 0.250000 
 112
0.479817 0.005105 0.046210 
0.462778 0.989569 0.462022 
0.057405 0.005326 0.491768 
0.007168 0.978495 0.007168 0.007168 
0.250000 0.250000 0.250000 0.250000 
 113
0.479817 0.005105 0.046210 
0.462778 0.989569 0.462022 
0.057405 0.005326 0.491768 
0.978493 0.007169 0.007169 0.007169 
0.250000 0.250000 0.250000 0.250000 
 114
0.479817 0.005105 0.046210 
0.462778 0.989569 0.462022 
0.057405 0.005326 0.491768 
0.978508 0.007164 0.007164 0.007164 
0.250000 0.250000 0.250000 0.250000 
 115
0.479817 0.005105 0.046210 
0.462778 0.989569 0.462022 
0.057405 0.005326 0.491768 
0.978489 0.007170 0.007170 0.007170 
0.250000 0.250000 0.250000 0.250000 
 116
0.479817 0.005105 0.046210 
0.462778 0.989569 0.462022 
0.057405 0.005326 0.491768 
0.978508 0.007164 0.007164 0.007164 
0.250000 0.250000 0.250000 0.250000 
 117
0.479817 0.005105 0.046210 
0.462778 0.989569 0.462022 
0.057405 0.005326 0.491768 
0.008456 0.977216 0.007164 0.007164 
0.250000 0.250000 0.250000 0.250000 
 118
0.479817 0.005105 0.046210 
0.462778 0.989569 0.462022 
0.057405 0.005326 0.491768 
0.978508 0.007164 0.007164 0.007164 
0.250000 0.250000 0.250000 0.250000 
 119
0.479817 0.005105 0.046210 
0.462778 0.989569 0.462022 
0.057405 0.005326 0.491768 
0.978508 0.007164 0.007164 0.007164 
0.250000 0.250000 0.250000 0.250000 
 120
0.479817 0.005105 0.046210 
0.462778 0.989569 0.462022 
0.057405 0.005326 0.491768 
0.008227 0.007164 0.007164 0.977445 
0.250000 0.250000 0.250000 0.250000 
 121
0.479817 0.005105 0.046210 
0.462778 0.989569 0.462022 
0.057405 0.005326 0.491768 
0.008217 0.977440 0.007172 0.007172 
0.250000 0.250000 0.250000 0.250000 
 122
0.479817 0.005105 0.046210 
0.462778 0.989569 0.462022 
0.057405 0.005326 0.491768 
0.007168 0.007168 0.008088 0.977575 
0.250000 0.250000 0.250000 0.250000 
 123
0.479817 0.005105 0.046210 
0.462778 0.989569 0.462022 
0.057405 0.005326 0.491768 
0.972967 0.012705 0.007164 0.007164 
0.250000 0.250000 0.250000 0.250000 
 124
0.479817 0.005105 0.046210 
0.462778 0.989569 0.462022 
0.057405 0.005326 0.491768 
0.978508 0.007164 0.007164 0.007164 
0.250000 0.250000 0.250000 0.250000 
 125
0.479817 0.005105 0.046210 
0.462778 0.989569 0.462022 
0.057405 0.005326 0.491768 
0.007164 0.007164 0.978508 0.007164 
0.250000 0.250000 0.250000 0.250000 
 126
0.479817 0.005105 0.046210 
0.462778 0.989569 0.462022 
0.057405 0.005326 0.491768 
0.976690 0.008982 0.007164 0.007164 
0.250000 0.250000 0.250000 0.250000 
 127
0.479817 0.005105 0.046210 
0.462778 0.989569 0.462022 
0.057405 0.005326 0.491768 
0.007164 0.978508 0.007164 0.007164 
0.250000 0.250000 0.250000 0.250000 
 128
0.479817 0.005105 0.046210 
0.462778 0.989569 0.462022 
0.057405 0.005326 0.491768 
0.007164 0.007164 0.008104 0.977568 
0.250000 0.250000 0.250000 0.250000 
 129
0.479817 0.005105 0.046210 
0.462778 0.989569 0.462022 
0.057405 0.005326 0.491768 
0.973797 0.010786 0.008253 0.007164 
0.250000 0.250000 0.250000 0.250000 
 130
0.479817 0.005105 0.046210 
0.462778 0.989569 0.462022 
0.057405 0.005326 0.491768 
0.978508 0.007164 0.007164 0.007164 
0.250000 0.250000 0.250000 0.250000 
 131
0.479817 0.005105 0.046210 
0.462778 0.989569 0.462022 
0.057405 0.005326 0.491768 
0.007164 0.007164 0.978508 0.007164 
0.250000 0.250000 0.250000 0.250000 
 132
0.479817 0.005105 0.046210 
0.462778 0.989569 0.462022 
0.057405 0.005326 0.491768 
0.978508 0.007164 0.007164 0.007164 
0.250000 0.250000 0.250000 0.250000 
 133
0.479817 0.005105 0.046210 
0.462778 0.989569 0.462022 
0.057405 0.005326 0.491768 
0.008091 0.007164 0.977581 0.007164 
0.250000 0.250000 0.250000 0.250000 
 134
0.479817 0.005105 0.046210 
0.462778 0.989569 0.462022 
0.057405 0.005326 0.491768 
0.977212 0.008460 0.007164 0.007164 
0.250000 0.250000 0.250000 0.250000 
 135
0.479817 0.005105 0.046210 
0.462778 0.989569 0.462022 
0.057405 0.005326 0.491768 
0.008214 0.007164 0.977458 0.007164 
0.250000 0.250000 0.250000 0.250000 
 136
0.479817 0.005105 0.046210 
0.462778 0.989569 0.462022 
0.057405 0.005326 0.491768 
0.007164 0.007164 0.007164 0.978508 
0.250000 0.250000 0.250000 0.250000 
 137
0.479817 0.005105 0.046210 
0.462778 0.989569 0.462022 
0.057405 0.005326 0.491768 
0.007169 0.007169 0.978494 0.007169 
0.250000 0.250000 0.250000 0.250000 
 138
0.479817 0.005105 0.046210 
0.462778 0.989569 0.462022 
0.057405 0.005326 0.491768 
0.007170 0.007170 0.007170 0.978491 
0.250000 0.250000 0.250000 0.250000 
 139
0.479817 0.005105 0.046210 
0.462778 0.989569 0.462022 
0.057405 0.005326 0.491768 
0.009944 0.975728 0.007164 0.007164 
0.250000 0.250000 0.250000 0.250000 
 140
0.479817 0.005105 0.046210 
0.462778 0.989569 0.462022 
0.057405 0.005326 0.491768 
0.007164 0.007164 0.015883 0.969789 
0.250000 0.250000 0.250000 0.250000 
 141
0.479817 0.005105 0.046210 
0.462778 0.989569 0.462022 
0.057405 0.005326 0.491768 
0.007170 0.007170 0.067521 0.918140 
0.250000 0.250000 0.250000 0.250000 
 142
0.479817 0.005105 0.046210 
0.462778 0.989569 0.462022 
0.057405 0.005326 0.491768 
0.978491 0.007170 0.007170 0.007170 
0.250000 0.250000 0.250000 0.250000 
 143
0.479817 0.005105 0.046210 
0.462778 0.989569 0.462022 
0.057405 0.005326 0.491768 
0.978491 0.007170 0.007170 0.007170 
0.250000 0.250000 0.250000 0.250000 
 144
0.479817 0.005105 0.046210 
0.462778 0.989569 0.462022 
0.057405 0.005326 0.491768 
0.007177 0.007177 0.030051 0.955595 
0.250000 0.250000 0.250000 0.250000 
 145
0.479817 0.005105 0.046210 
0.462778 0.989569 0.462022 
0.057405 0.005326 0.491768 
0.007170 0.007170 0.978491 0.007170 
0.250000 0.250000 0.250000 0.250000 
 146
0.479817 0.005105 0.046210 
0.462778 0.989569 0.462022 
0.057405 0.005326 0.491768 
0.007170 0.007170 0.007170 0.978491 
0.250000 0.250000 0.250000 0.250000 
 147
0.479817 0.005105 0.046210 
0.462778 0.989569 0.462022 
0.057405 0.005326 0.491768 
0.007180 0.007180 0.013179 0.972462 
0.250000 0.250000 0.250000 0.250000 
 148
0.479817 0.005105 0.046210 
0.462778 0.989569 0.462022 
0.057405 0.005326 0.491768 
0.008154 0.007164 0.977518 0.007164 
0.250000 0.250000 0.250000 0.250000 
 149
0.479817 0.005105 0.046210 
0.462778 0.989569 0.462022 
0.057405 0.005326 0.491768 
0.007164 0.007164 0.007164 0.978508 
0.250000 0.250000 0.250000 0.250000 
 150
0.479817 0.005105 0.046210 
0.462778 0.989569 0.462022 
0.057405 0.005326 0.491768 
0.976102 0.009570 0.007164 0.007164 
0.250000 0.250000 0.250000 0.250000 
 151
0.479817 0.005105 0.046210 
0.462778 0.989569 0.462022 
0.057405 0.005326 0.491768 
0.007164 0.978508 0.007164 0.007164 
0.250000 0.250000 0.250000 0.250000 
 152
0.479817 0.005105 0.046210 
0.462778 0.989569 0.462022 
0.057405 0.005326 0.491768 
0.978508 0.007164 0.007164 0.007164 
0.250000 0.250000 0.250000 0.250000 
 153
0.479817 0.005105 0.046210 
0.462778 0.989569 0.462022 
0.057405 0.005326 0.491768 
0.977474 0.008198 0.007164 0.007164 
0.250000 0.250000 0.250000 0.250000 
 154
0.479817 0.005105 0.046210 
0.462778 0.989569 0.462022 
0.057405 0.005326 0.491768 
0.010296 0.975376 0.007164 0.007164 
0.250000 0.250000 0.250000 0.250000 
 155
0.479817 0.005105 0.046210 
0.462778 0.989569 0.462022 
0.057405 0.005326 0.491768 
0.975077 0.010595 0.007164 0.007164 
0.250000 0.250000 0.250000 0.250000 
 156
0.479817 0.005105 0.046210 
0.462778 0.989569 0.462022 
0.057405 0.005326 0.491768 
0.008237 0.007164 0.977435 0.007164 
0.250000 0.250000 0.250000 0.250000 
 157
0.479817 0.005105 0.046210 
0.462778 0.989569 0.462022 
0.057405 0.005326 0.491768 
0.977180 0.008492 0.007164 0.007164 
0.250000 0.250000 0.250000 0.250000 
 158
0.479817 0.005105 0.046210 
0.462778 0.989569 0.462022 
0.057405 0.005326 0.491768 
0.978508 0.007164 0.007164 0.007164 
0.250000 0.250000 0.250000 0.250000 
 159
0.479817 0.005105 0.046210 
0.462778 0.989569 0.462022 
0.057405 0.005326 0.491768 
0.043633 0.942039 0.007164 0.007164 
0.250000 0.250000 0.250000 0.250000 
 160
0.479817 0.005105 0.046210 
0.462778 0.989569 0.462022 
0.057405 0.005326 0.491768 
0.007164 0.007164 0.978508 0.007164 
0.250000 0.250000 0.250000 0.250000 
 161
0.479817 0.005105 0.046210 
0.462778 0.989569 0.462022 
0.057405 0.005326 0.491768 
0.978508 0.007164 0.007164 0.007164 
0.250000 0.250000 0.250000 0.250000 
 162
0.479817 0.005105 0.046210 
0.462778 0.989569 0.462022 
0.057405 0.005326 0.491768 
0.007164 0.007164 0.014814 0.970858 
0.250000 0.250000 0.250000 0.250000 
 163
0.479817 0.005105 0.046210 
0.462778 0.989569 0.462022 
0.057405 0.005326 0.491768 
0.964809 0.020864 0.007164 0.007164 
0.250000 0.250000 0.250000 0.250000 
 164
0.479817 0.005105 0.046210 
0.462778 0.989569 0.462022 
0.057405 0.005326 0.491768 
0.975874 0.008670 0.008292 0.007164 
0.250000 0.250000 0.250000 0.250000 
 165
0.479817 0.005105 0.046210 
0.462778 0.989569 0.462022 
0.057405 0.005326 0.491768 
0.007164 0.007164 0.965296 0.020376 
0.250000 0.250000 0.250000 0.250000 
 166
0.479817 0.005105 0.046210 
0.462778 0.989569 0.462022 
0.057405 0.005326 0.491768 
0.007164 0.978508 0.007164 0.007164 
0.250000 0.250000 0.250000 0.250000 
 167
0.479817 0.005105 0.046210 
0.462778 0.989569 0.462022 
0.057405 0.005326 0.491768 
0.012756 0.972069 0.007164 0.008011 
0.250000 0.250000 0.250000 0.250000 
 168
0.479817 0.005105 0.046210 
0.462778 0.989569 0.462022 
0.057405 0.005326 0.491768 
0.043784 0.940948 0.007164 0.008104 
0.250000 0.250000 0.250000 0.250000 
 169
0.479817 0.005105 0.046210 
0.462778 0.989569 0.462022 
0.057405 0.005326 0.491768 
0.978508 0.007164 0.007164 0.007164 
0.250000 0.250000 0.250000 0.250000 
 170
0.479817 0.005105 0.046210 
0.462778 0.989569 0.462022 
0.057405 0.005326 0.491768 
0.978508 0.007164 0.007164 0.007164 
0.250000 0.250000 0.250000 0.250000 
 171
0.479817 0.005105 0.046210 
0.462778 0.989569 0.462022 
0.057405 0.005326 0.491768 
0.977615 0.008057 0.007164 0.007164 
0.250000 0.250000 0.250000 0.250000 
 172
0.479817 0.005105 0.046210 
0.462778 0.989569 0.462022 
0.057405 0.005326 0.491768 
0.008955 0.007164 0.974600 0.009280 
0.250000 0.250000 0.250000 0.250000 
 173
0.479817 0.005105 0.046210 
0.462778 0.989569 0.462022 
0.057405 0.005326 0.491768 
0.007164 0.007164 0.007164 0.978508 
0.250000 0.250000 0.250000 0.250000 
 174
0.479817 0.005105 0.046210 
0.462778 0.989569 0.462022 
0.057405 0.005326 0.491768 
0.973486 0.012186 0.007164 0.007164 
0.250000 0.250000 0.250000 0.250000 
 175
0.479817 0.005105 0.046210 
0.462778 0.989569 0.462022 
0.057405 0.005326 0.491768 
0.007164 0.007164 0.007164 0.978508 
0.250000 0.250000 0.250000 0.250000 
 176
0.479817 0.005105 0.046210 
0.462778 0.989569 0.462022 
0.057405 0.005326 0.491768 
0.007164 0.978508 0.007164 0.007164 
0.250000 0.250000 0.250000 0.250000 
 177
0.479817 0.005105 0.046210 
0.462778 0.989569 0.462022 
0.057405 0.005326 0.491768 
0.007164 0.007164 0.978508 0.007164 
0.250000 0.250000 0.250000 0.250000 
 178
0.479817 0.005105 0.046210 
0.462778 0.989569 0.462022 
0.057405 0.005326 0.491768 
0.978508 0.007164 0.007164 0.007164 
0.250000 0.250000 0.250000 0.250000 
 179
0.479817 0.005105 0.046210 
0.462778 0.989569 0.462022 
0.057405 0.005326 0.491768 
0.978508 0.007164 0.007164 0.007164 
0.250000 0.250000 0.250000 0.250000 
 180
0.479817 0.005105 0.046210 
0.462778 0.989569 0.462022 
0.057405 0.005326 0.491768 
0.976529 0.009144 0.007164 0.007164 
0.250000 0.250000 0.250000 0.250000 
 181
0.479817 0.005105 0.046210 
0.462778 0.989569 0.462022 
0.057405 0.005326 0.491768 
0.009408 0.007164 0.974103 0.009325 
0.250000 0.250000 0.250000 0.250000 
 182
0.479817 0.005105 0.046210 
0.462778 0.989569 0.462022 
0.057405 0.005326 0.491768 
0.007164 0.007164 0.007164 0.978508 
0.250000 0.250000 0.250000 0.250000 
 183
0.479817 0.005105 0.046210 
0.462778 0.989569 0.462022 
0.057405 0.005326 0.491768 
0.967917 0.017755 0.007164 0.007164 
0.250000 0.250000 0.250000 0.250000 
 184
0.479817 0.005105 0.046210 
0.462778 0.989569 0.462022 
0.057405 0.005326 0.491768 
0.975655 0.010017 0.007164 0.007164 
0.250000 0.250000 0.250000 0.250000 
 185
0.479817 0.005105 0.046210 
0.462778 0.989569 0.462022 
0.057405 0.005326 0.491768 
0.008002 0.976267 0.007164 0.008567 
0.250000 0.250000 0.250000 0.250000 
 186
0.479817 0.005105 0.046210 
0.462778 0.989569 0.462022 
0.057405 0.005326 0.491768 
0.978508 0.007164 0.007164 0.007164 
0.250000 0.250000 0.250000 0.250000 
 187
0.479817 0.005105 0.046210 
0.462778 0.989569 0.462022 
0.057405 0.005326 0.491768 
0.007174 0.978478 0.007174 0.007174 
0.250000 0.250000 0.250000 0.250000 
 188
0.479817 0.005105 0.046210 
0.462778 0.989569 0.462022 
0.057405 0.005326 0.491768 
0.008685 0.976967 0.007174 0.007174 
0.250000 0.250000 0.250000 0.250000 
 189
0.479817 0.005105 0.046210 
0.462778 0.989569 0.462022 
0.057405 0.005326 0.491768 
0.031278 0.954374 0.007174 0.007174 
0.250000 0.250000 0.250000 0.250000 
 190
0.479817 0.005105 0.046210 
0.462778 0.989569 0.462022 
0.057405 0.005326 0.491768 
0.008250 0.977402 0.007174 0.007174 
0.250000 0.250000 0.250000 0.250000 
 191
0.479817 0.005105 0.046210 
0.462778 0.989569 0.462022 
0.057405 0.005326 0.491768 
0.007174 0.007174 0.008387 0.977265 
0.250000 0.250000 0.250000 0.250000 
 192
0.479817 0.005105 0.046210 
0.462778 0.989569 0.462022 
0.057405 0.005326 0.491768 
0.975735 0.009907 0.007179 0.007179 
0.250000 0.250000 0.250000 0.250000 
 193
0.479817 0.005105 0.046210 
0.462778 0.989569 0.462022 
0.057405 0.005326 0.491768 
0.008578 0.973465 0.007174 0.010782 
0.250000 0.250000 0.250000 0.250000 
 194
0.479817 0.005105 0.046210 
0.462778 0.989569 0.462022 
0.057405 0.005326 0.491768 
0.007164 0.007164 0.977366 0.008306 
0.250000 0.250000 0.250000 0.250000 
 195
0.479817 0.005105 0.046210 
0.462778 0.989569 0.462022 
0.057405 0.005326 0.491768 
0.007164 0.007164 0.976254 0.009418 
0.250000 0.250000 0.250000 0.250000 
 196
0.479817 0.005105 0.046210 
0.462778 0.989569 0.462022 
0.057405 0.005326 0.491768 
0.007164 0.007164 0.977618 0.008054 
0.250000 0.250000 0.250000 0.250000 
 197
0.479817 0.005105 0.046210 
0.462778 0.989569 0.462022 
0.057405 0.005326 0.491768 
0.007164 0.007164 0.978508 0.007164 
0.250000 0.250000 0.250000 0.250000 
 198
0.479817 0.005105 0.046210 
0.462778 0.989569 0.462022 
0.057405 0.005326 0.491768 
0.976661 0.009011 0.007164 0.007164 
0.250000 0.250000 0.250000 0.250000 
 199
0.479817 0.005105 0.046210 
0.462778 0.989569 0.462022 
0.057405 0.005326 0.491768 
0.007164 0.007962 0.009288 0.975586 
0.250000 0.250000 0.250000 0.250000 
 200
0.479817 0.005105 0.046210 
0.462778 0.989569 0.462022 
0.057405 0.005326 0.491768 
0.007164 0.007164 0.007164 0.978508 
0.250000 0.250000 0.250000 0.250000 
 201
0.479817 0.005105 0.046210 
0.462778 0.989569 0.462022 
0.057405 0.005326 0.491768 
0.076511 0.909161 0.007164 0.007164 
0.250000 0.250000 0.250000 0.250000 
 202
0.479817 0.005105 0.046210 
0.462778 0.989569 0.462022 
0.057405 0.005326 0.491768 
0.007164 0.007164 0.977229 0.008443 
0.250000 0.250000 0.250000 0.250000 
 203
0.479817 0.005105 0.046210 
0.462778 0.989569 0.462022 
0.057405 0.005326 0.491768 
0.978508 0.007164 0.007164 0.007164 
0.250000 0.250000 0.250000 0.250000 
 204
0.479817 0.005105 0.046210 
0.462778 0.989569 0.462022 
0.057405 0.005326 0.491768 
0.007164 0.008091 0.007164 0.977581 
0.250000 0.250000 0.250000 0.250000 
 205
0.479817 0.005105 0.046210 
0.462778 0.989569 0.462022 
0.057405 0.005326 0.491768 
0.007164 0.007164 0.037492 0.948180 
0.250000 0.250000 0.250000 0.250000 
 206
0.479817 0.005105 0.046210 
0.462778 0.989569 0.462022 
0.057405 0.005326 0.491768 
0.007164 0.007164 0.007164 0.978508 
0.250000 0.250000 0.250000 0.250000 
 207
0.479817 0.005105 0.046210 
0.462778 0.989569 0.462022 
0.057405 0.005326 0.491768 
0.008071 0.977587 0.007171 0.007171 
0.250000 0.250000 0.250000 0.250000 
 208
0.479817 0.005105 0.046210 
0.462778 0.989569 0.462022 
0.057405 0.005326 0.491768 
0.007164 0.978508 0.007164 0.007164 
0.250000 0.250000 0.250000 0.250000 
 209
0.479817 0.005105 0.046210 
0.462778 0.989569 0.462022 
0.057405 0.005326 0.491768 
0.007164 0.978508 0.007164 0.007164 
0.250000 0.250000 0.250000 0.250000 
 210
0.479817 0.005105 0.046210 
0.462778 0.989569 0.462022 
0.057405 0.005326 0.491768 
0.030936 0.007164 0.011005 0.950895 
0.250000 0.250000 0.250000 0.250000 
 211
0.479817 0.005105 0.046210 
0.462778 0.989569 0.462022 
0.057405 0.005326 0.491768 
0.978508 0.007164 0.007164 0.007164 
0.250000 0.250000 0.250000 0.250000 
 212
0.479817 0.005105 0.046210 
0.462778 0.989569 0.462022 
0.057405 0.005326 0.491768 
0.968182 0.017490 0.007164 0.007164 
0.250000 0.250000 0.250000 0.250000 
 213
0.479817 0.005105 0.046210 
0.462778 0.989569 0.462022 
0.057405 0.005326 0.491768 
0.978508 0.007164 0.007164 0.007164 
0.250000 0.250000 0.250000 0.250000 
 214
0.479817 0.005105 0.046210 
0.462778 0.989569 0.462022 
0.057405 0.005326 0.491768 
0.007164 0.007164 0.007164 0.978508 
0.250000 0.250000 0.250000 0.250000 
 215
0.479817 0.005105 0.046210 
0.462778 0.989569 0.462022 
0.057405 0.005326 0.491768 
0.007164 0.978508 0.007164 0.007164 
0.250000 0.250000 0.250000 0.250000 
 216
0.479817 0.005105 0.046210 
0.462778 0.989569 0.462022 
0.057405 0.005326 0.491768 
0.007164 0.007164 0.011143 0.974529 
0.250000 0.250000 0.250000 0.250000 
 217
0.479817 0.005105 0.046210 
0.462778 0.989569 0.462022 
0.057405 0.005326 0.491768 
0.976425 0.009247 0.007164 0.007164 
0.250000 0.250000 0.250000 0.250000 
 218
0.479817 0.005105 0.046210 
0.462778 0.989569 0.462022 
0.057405 0.005326 0.491768 
0.977421 0.008251 0.007164 0.007164 
0.250000 0.250000 0.250000 0.250000 
 219
0.479817 0.005105 0.046210 
0.462778 0.989569 0.462022 
0.057405 0.005326 0.491768 
0.007164 0.007164 0.977106 0.008566 
0.250000 0.250000 0.250000 0.250000 
 220
0.479817 0.005105 0.046210 
0.462778 0.989569 0.462022 
0.057405 0.005326 0.491768 
0.978508 0.007164 0.007164 0.007164 
0.250000 0.250000 0.250000 0.250000 
 221
0.479817 0.005105 0.046210 
0.462778 0.989569 0.462022 
0.057405 0.005326 0.491768 
0.007164 0.007164 0.008493 0.977180 
0.250000 0.250000 0.250000 0.250000 
 222
0.479817 0.005105 0.046210 
0.462778 0.989569 0.462022 
0.057405 0.005326 0.491768 
0.008564 0.007164 0.007164 0.977108 
0.250000 0.250000 0.250000 0.250000 
 223
0.479817 0.005105 0.046210 
0.462778 0.989569 0.462022 
0.057405 0.005326 0.491768 
0.007164 0.978508 0.007164 0.007164 
0.250000 0.250000 0.250000 0.250000 
 224
0.479817 0.005105 0.046210 
0.462778 0.989569 0.462022 
0.057405 0.005326 0.491768 
0.007164 0.007164 0.978508 0.007164 
0.250000 0.250000 0.250000 0.250000 
 225
0.479817 0.005105 0.046210 
0.462778 0.989569 0.462022 
0.057405 0.005326 0.491768 
0.007164 0.007164 0.008208 0.977464 
0.250000 0.250000 0.250000 0.250000 
 226
0.479817 0.005105 0.046210 
0.462778 0.989569 0.462022 
0.057405 0.005326 0.491768 
0.007164 0.978508 0.007164 0.007164 
0.250000 0.250000 0.250000 0.250000 
 227
0.479817 0.005105 0.046210 
0.462778 0.989569 0.462022 
0.057405 0.005326 0.491768 
0.007164 0.978508 0.007164 0.007164 
0.250000 0.250000 0.250000 0.250000 
 228
0.479817 0.005105 0.046210 
0.462778 0.989569 0.462022 
0.057405 0.005326 0.491768 
0.008610 0.007171 0.975431 0.008788 
0.250000 0.250000 0.250000 0.250000 
 229
0.479817 0.005105 0.046210 
0.462778 0.989569 0.462022 
0.057405 0.005326 0.491768 
0.007164 0.007164 0.007164 0.978508 
0.250000 0.250000 0.250000 0.250000 
 230
0.479817 0.005105 0.046210 
0.462778 0.989569 0.462022 
0.057405 0.005326 0.491768 
0.007164 0.978508 0.007164 0.007164 
0.250000 0.250000 0.250000 0.250000 
 231
0.479817 0.005105 0.046210 
0.462778 0.989569 0.462022 
0.057405 0.005326 0.491768 
0.007164 0.978508 0.007164 0.007164 
0.250000 0.250000 0.250000 0.250000 
 232
0.479817 0.005105 0.046210 
0.462778 0.989569 0.462022 
0.057405 0.005326 0.491768 
0.978508 0.007164 0.007164 0.007164 
0.250000 0.250000 0.250000 0.250000 
 233
0.479817 0.005105 0.046210 
0.462778 0.989569 0.462022 
0.057405 0.005326 0.491768 
0.007164 0.007164 0.007164 0.978508 
0.250000 0.250000 0.250000 0.250000 
 234
0.479817 0.005105 0.046210 
0.462778 0.989569 0.462022 
0.057405 0.005326 0.491768 
0.009811 0.007164 0.974077 0.008949 
0.250000 0.250000 0.250000 0.250000 
 235
0.479817 0.005105 0.046210 
0.462778 0.989569 0.462022 
0.057405 0.005326 0.491768 
