%  SAM: /scicomp/home/vfn4/nomen/label/LABEL_RES/scripts/modelfromalign_Linux v3.5 (July 15, 2005) compiled 12/08/06_16:15:55
%  (c) 1992-2001 Regents of the University of California, Santa Cruz
%
%          Sequence Alignment and Modeling Software System
%         http://www.cse.ucsc.edu/research/compbio/sam.html
%
% ----------------- Citations (SAM, SAM-T2K, HMMs) --------------------
% R. Hughey, A. Krogh, Hidden Markov models for sequence analysis:
%  Extension and analysis of the basic method, CABIOS 12:95-107, 1996.
% K. Karplus, et al., What is the value added by human intervention in protein
%  structure prediction, Proteins: Stucture, Function, Genetics 45(S5):86--91, 2001.
% A. Krogh et al., Hidden Markov models in computational biology:
%  Applications to protein modeling, JMB 235:1501-1531, Feb 1994.
% ---------------------------------------------------------------------
%  V1A.1_hmm   Host: id-dev-03    Fri Nov  1 14:25:16 2019
%  vfn4        Dir:  /scicomp/groups/OID/NCIRD/ID-OD/ID_nomenclatures/B_HA/B_HAv2019R1/base
% ---------------------------------------------------------------------
%  Alignment weights from internal calc.  Total (29.24) Max (0.07) Min (0.03)
%  Weights from alignment method 1 (karplus), b=-1.000000, e=0.500000
MODEL --  Model from alignment file /scicomp/home/vfn4/nomen/label/LABEL_RES/training_data/B-del/V1A.1.fasta
alphabet DNA
FREQAVE
0.000000 0.000000 0.000000 
0.000000 0.000000 0.000000 
0.000000 0.000000 0.000000 
0.333167 0.219323 0.219106 0.228404 
0.333167 0.219323 0.219106 0.228404 
Begin
0.000000 0.000000 0.000000 
0.000000 0.000000 0.000000 
0.000000 0.005873 0.491768 
0.250000 0.250000 0.250000 0.250000 
0.250000 0.250000 0.250000 0.250000 
   1
0.000000 0.006250 0.046210 
0.000000 0.987876 0.462022 
0.056998 0.005877 0.491768 
0.008275 0.975176 0.008275 0.008275 
0.250000 0.250000 0.250000 0.250000 
   2
0.483505 0.005634 0.046210 
0.459497 0.988489 0.462022 
0.056998 0.005877 0.491768 
0.975176 0.008275 0.008275 0.008275 
0.250000 0.250000 0.250000 0.250000 
   3
0.483505 0.005634 0.046210 
0.459497 0.988489 0.462022 
0.056998 0.005877 0.491768 
0.008282 0.008282 0.013311 0.970124 
0.250000 0.250000 0.250000 0.250000 
   4
0.483505 0.005634 0.046210 
0.459497 0.988489 0.462022 
0.056998 0.005877 0.491768 
0.008275 0.008275 0.975176 0.008275 
0.250000 0.250000 0.250000 0.250000 
   5
0.483505 0.005634 0.046210 
0.459497 0.988489 0.462022 
0.056998 0.005877 0.491768 
0.008275 0.975176 0.008275 0.008275 
0.250000 0.250000 0.250000 0.250000 
   6
0.483505 0.005634 0.046210 
0.459497 0.988489 0.462022 
0.056998 0.005877 0.491768 
0.970709 0.012741 0.008275 0.008275 
0.250000 0.250000 0.250000 0.250000 
   7
0.483505 0.005634 0.046210 
0.459497 0.988489 0.462022 
0.056998 0.005877 0.491768 
0.972970 0.010481 0.008275 0.008275 
0.250000 0.250000 0.250000 0.250000 
   8
0.483505 0.005634 0.046210 
0.459497 0.988489 0.462022 
0.056998 0.005877 0.491768 
0.008275 0.008275 0.008275 0.975176 
0.250000 0.250000 0.250000 0.250000 
   9
0.483505 0.005634 0.046210 
0.459497 0.988489 0.462022 
0.056998 0.005877 0.491768 
0.008275 0.008275 0.969715 0.013735 
0.250000 0.250000 0.250000 0.250000 
  10
0.483505 0.005634 0.046210 
0.459497 0.988489 0.462022 
0.056998 0.005877 0.491768 
0.008285 0.008285 0.008285 0.975144 
0.250000 0.250000 0.250000 0.250000 
  11
0.483505 0.005634 0.046210 
0.459497 0.988489 0.462022 
0.056998 0.005877 0.491768 
0.008275 0.973143 0.010308 0.008275 
0.250000 0.250000 0.250000 0.250000 
  12
0.483505 0.005634 0.046210 
0.459497 0.988489 0.462022 
0.056998 0.005877 0.491768 
0.010308 0.008275 0.973143 0.008275 
0.250000 0.250000 0.250000 0.250000 
  13
0.483505 0.005634 0.046210 
0.459497 0.988489 0.462022 
0.056998 0.005877 0.491768 
0.975176 0.008275 0.008275 0.008275 
0.250000 0.250000 0.250000 0.250000 
  14
0.483505 0.005634 0.046210 
0.459497 0.988489 0.462022 
0.056998 0.005877 0.491768 
0.010308 0.008275 0.973143 0.008275 
0.250000 0.250000 0.250000 0.250000 
  15
0.483505 0.005634 0.046210 
0.459497 0.988489 0.462022 
0.056998 0.005877 0.491768 
0.010317 0.008282 0.014730 0.966670 
0.250000 0.250000 0.250000 0.250000 
  16
0.483505 0.005634 0.046210 
0.459497 0.988489 0.462022 
0.056998 0.005877 0.491768 
0.008275 0.975176 0.008275 0.008275 
0.250000 0.250000 0.250000 0.250000 
  17
0.483505 0.005634 0.046210 
0.459497 0.988489 0.462022 
0.056998 0.005877 0.491768 
0.008275 0.975176 0.008275 0.008275 
0.250000 0.250000 0.250000 0.250000 
  18
0.483505 0.005634 0.046210 
0.459497 0.988489 0.462022 
0.056998 0.005877 0.491768 
0.012247 0.971203 0.008275 0.008275 
0.250000 0.250000 0.250000 0.250000 
  19
0.483505 0.005634 0.046210 
0.459497 0.988489 0.462022 
0.056998 0.005877 0.491768 
0.972019 0.011431 0.008275 0.008275 
0.250000 0.250000 0.250000 0.250000 
  20
0.483505 0.005634 0.046210 
0.459497 0.988489 0.462022 
0.056998 0.005877 0.491768 
0.009787 0.008275 0.008275 0.973663 
0.250000 0.250000 0.250000 0.250000 
  21
0.476415 0.005634 0.046210 
0.466586 0.988489 0.462022 
0.057405 0.005873 0.491768 
0.973712 0.008277 0.009734 0.008277 
0.250000 0.250000 0.250000 0.250000 
  22
0.479817 0.005630 0.046210 
0.462778 0.988496 0.462022 
0.057405 0.005873 0.491768 
0.975199 0.008267 0.008267 0.008267 
0.250000 0.250000 0.250000 0.250000 
  23
0.479817 0.005630 0.046210 
0.462778 0.988496 0.462022 
0.057405 0.005873 0.491768 
0.008267 0.008267 0.975199 0.008267 
0.250000 0.250000 0.250000 0.250000 
  24
0.479817 0.005630 0.046210 
0.462778 0.988496 0.462022 
0.057405 0.005873 0.491768 
0.975199 0.008267 0.008267 0.008267 
0.250000 0.250000 0.250000 0.250000 
  25
0.479817 0.005630 0.046210 
0.462778 0.988496 0.462022 
0.057405 0.005873 0.491768 
0.008267 0.008267 0.008267 0.975199 
0.250000 0.250000 0.250000 0.250000 
  26
0.479817 0.005630 0.046210 
0.462778 0.988496 0.462022 
0.057405 0.005873 0.491768 
0.008267 0.008267 0.975199 0.008267 
0.250000 0.250000 0.250000 0.250000 
  27
0.479817 0.005630 0.046210 
0.462778 0.988496 0.462022 
0.057405 0.005873 0.491768 
0.018075 0.947675 0.008267 0.025983 
0.250000 0.250000 0.250000 0.250000 
  28
0.479817 0.005630 0.046210 
0.462778 0.988496 0.462022 
0.057405 0.005873 0.491768 
0.008267 0.008267 0.008267 0.975199 
0.250000 0.250000 0.250000 0.250000 
  29
0.479817 0.005630 0.046210 
0.462778 0.988496 0.462022 
0.057405 0.005873 0.491768 
0.008267 0.008267 0.975199 0.008267 
0.250000 0.250000 0.250000 0.250000 
  30
0.479817 0.005630 0.046210 
0.462778 0.988496 0.462022 
0.057405 0.005873 0.491768 
0.973986 0.009479 0.008267 0.008267 
0.250000 0.250000 0.250000 0.250000 
  31
0.479817 0.005630 0.046210 
0.462778 0.988496 0.462022 
0.057405 0.005873 0.491768 
0.975199 0.008267 0.008267 0.008267 
0.250000 0.250000 0.250000 0.250000 
  32
0.479817 0.005630 0.046210 
0.462778 0.988496 0.462022 
0.057405 0.005873 0.491768 
0.966129 0.017337 0.008267 0.008267 
0.250000 0.250000 0.250000 0.250000 
  33
0.479817 0.005630 0.046210 
0.462778 0.988496 0.462022 
0.057405 0.005873 0.491768 
0.009402 0.008285 0.881122 0.101191 
0.250000 0.250000 0.250000 0.250000 
  34
0.479817 0.005630 0.046210 
0.462778 0.988496 0.462022 
0.057405 0.005873 0.491768 
0.008267 0.008267 0.008267 0.975199 
0.250000 0.250000 0.250000 0.250000 
  35
0.479817 0.005630 0.046210 
0.462778 0.988496 0.462022 
0.057405 0.005873 0.491768 
0.008267 0.008267 0.975199 0.008267 
0.250000 0.250000 0.250000 0.250000 
  36
0.479817 0.005630 0.046210 
0.462778 0.988496 0.462022 
0.057405 0.005873 0.491768 
0.975199 0.008267 0.008267 0.008267 
0.250000 0.250000 0.250000 0.250000 
  37
0.479817 0.005630 0.046210 
0.462778 0.988496 0.462022 
0.057405 0.005873 0.491768 
0.008267 0.008267 0.975199 0.008267 
0.250000 0.250000 0.250000 0.250000 
  38
0.479817 0.005630 0.046210 
0.462778 0.988496 0.462022 
0.057405 0.005873 0.491768 
0.008267 0.008267 0.975199 0.008267 
0.250000 0.250000 0.250000 0.250000 
  39
0.479817 0.005630 0.046210 
0.462778 0.988496 0.462022 
0.057405 0.005873 0.491768 
0.975199 0.008267 0.008267 0.008267 
0.250000 0.250000 0.250000 0.250000 
  40
0.479817 0.005630 0.046210 
0.462778 0.988496 0.462022 
0.057405 0.005873 0.491768 
0.008267 0.008267 0.973312 0.010154 
0.250000 0.250000 0.250000 0.250000 
  41
0.479817 0.005630 0.046210 
0.462778 0.988496 0.462022 
0.057405 0.005873 0.491768 
0.975199 0.008267 0.008267 0.008267 
0.250000 0.250000 0.250000 0.250000 
  42
0.479817 0.005630 0.046210 
0.462778 0.988496 0.462022 
0.057405 0.005873 0.491768 
0.008267 0.008267 0.008267 0.975199 
0.250000 0.250000 0.250000 0.250000 
  43
0.479817 0.005630 0.046210 
0.462778 0.988496 0.462022 
0.057405 0.005873 0.491768 
0.008267 0.975199 0.008267 0.008267 
0.250000 0.250000 0.250000 0.250000 
  44
0.479817 0.005630 0.046210 
0.462778 0.988496 0.462022 
0.057405 0.005873 0.491768 
0.008267 0.008267 0.008267 0.975199 
0.250000 0.250000 0.250000 0.250000 
  45
0.479817 0.005630 0.046210 
0.462778 0.988496 0.462022 
0.057405 0.005873 0.491768 
0.008267 0.008267 0.970036 0.013430 
0.250000 0.250000 0.250000 0.250000 
  46
0.479817 0.005630 0.046210 
0.462778 0.988496 0.462022 
0.057405 0.005873 0.491768 
0.008267 0.975199 0.008267 0.008267 
0.250000 0.250000 0.250000 0.250000 
  47
0.479817 0.005630 0.046210 
0.462778 0.988496 0.462022 
0.057405 0.005873 0.491768 
0.008267 0.008267 0.008267 0.975199 
0.250000 0.250000 0.250000 0.250000 
  48
0.479817 0.005630 0.046210 
0.462778 0.988496 0.462022 
0.057405 0.005873 0.491768 
0.008267 0.008267 0.973058 0.010408 
0.250000 0.250000 0.250000 0.250000 
  49
0.479817 0.005630 0.046210 
0.462778 0.988496 0.462022 
0.057405 0.005873 0.491768 
0.975199 0.008267 0.008267 0.008267 
0.250000 0.250000 0.250000 0.250000 
  50
0.479817 0.005630 0.046210 
0.462778 0.988496 0.462022 
0.057405 0.005873 0.491768 
0.973991 0.009475 0.008267 0.008267 
0.250000 0.250000 0.250000 0.250000 
  51
0.479817 0.005630 0.046210 
0.462778 0.988496 0.462022 
0.057405 0.005873 0.491768 
0.975199 0.008267 0.008267 0.008267 
0.250000 0.250000 0.250000 0.250000 
  52
0.479817 0.005630 0.046210 
0.462778 0.988496 0.462022 
0.057405 0.005873 0.491768 
0.975199 0.008267 0.008267 0.008267 
0.250000 0.250000 0.250000 0.250000 
  53
0.479817 0.005630 0.046210 
0.462778 0.988496 0.462022 
0.057405 0.005873 0.491768 
0.008267 0.008267 0.975199 0.008267 
0.250000 0.250000 0.250000 0.250000 
  54
0.479817 0.005630 0.046210 
0.462778 0.988496 0.462022 
0.057405 0.005873 0.491768 
0.008267 0.009475 0.008267 0.973991 
0.250000 0.250000 0.250000 0.250000 
  55
0.479817 0.005630 0.046210 
0.462778 0.988496 0.462022 
0.057405 0.005873 0.491768 
0.008267 0.975199 0.008267 0.008267 
0.250000 0.250000 0.250000 0.250000 
  56
0.479817 0.005630 0.046210 
0.462778 0.988496 0.462022 
0.057405 0.005873 0.491768 
0.008267 0.008267 0.975199 0.008267 
0.250000 0.250000 0.250000 0.250000 
  57
0.479817 0.005630 0.046210 
0.462778 0.988496 0.462022 
0.057405 0.005873 0.491768 
0.008267 0.008267 0.015554 0.967912 
0.250000 0.250000 0.250000 0.250000 
  58
0.479817 0.005630 0.046210 
0.462778 0.988496 0.462022 
0.057405 0.005873 0.491768 
0.975199 0.008267 0.008267 0.008267 
0.250000 0.250000 0.250000 0.250000 
  59
0.479817 0.005630 0.046210 
0.462778 0.988496 0.462022 
0.057405 0.005873 0.491768 
0.008267 0.008267 0.975199 0.008267 
0.250000 0.250000 0.250000 0.250000 
  60
0.479817 0.005630 0.046210 
0.462778 0.988496 0.462022 
0.057405 0.005873 0.491768 
0.008267 0.008267 0.009524 0.973941 
0.250000 0.250000 0.250000 0.250000 
  61
0.479817 0.005630 0.046210 
0.462778 0.988496 0.462022 
0.057405 0.005873 0.491768 
0.008267 0.008267 0.975199 0.008267 
0.250000 0.250000 0.250000 0.250000 
  62
0.479817 0.005630 0.046210 
0.462778 0.988496 0.462022 
0.057405 0.005873 0.491768 
0.975199 0.008267 0.008267 0.008267 
0.250000 0.250000 0.250000 0.250000 
  63
0.479817 0.005630 0.046210 
0.462778 0.988496 0.462022 
0.057405 0.005873 0.491768 
0.972688 0.010778 0.008267 0.008267 
0.250000 0.250000 0.250000 0.250000 
  64
0.479817 0.005630 0.046210 
0.462778 0.988496 0.462022 
0.057405 0.005873 0.491768 
0.008267 0.975199 0.008267 0.008267 
0.250000 0.250000 0.250000 0.250000 
  65
0.479817 0.005630 0.046210 
0.462778 0.988496 0.462022 
0.057405 0.005873 0.491768 
0.008267 0.975199 0.008267 0.008267 
0.250000 0.250000 0.250000 0.250000 
  66
0.479817 0.005630 0.046210 
0.462778 0.988496 0.462022 
0.057405 0.005873 0.491768 
0.014014 0.968194 0.008267 0.009525 
0.250000 0.250000 0.250000 0.250000 
  67
0.479817 0.005630 0.046210 
0.462778 0.988496 0.462022 
0.057405 0.005873 0.491768 
0.008267 0.975199 0.008267 0.008267 
0.250000 0.250000 0.250000 0.250000 
  68
0.479817 0.005630 0.046210 
0.462778 0.988496 0.462022 
0.057405 0.005873 0.491768 
0.975199 0.008267 0.008267 0.008267 
0.250000 0.250000 0.250000 0.250000 
  69
0.479817 0.005630 0.046210 
0.462778 0.988496 0.462022 
0.057405 0.005873 0.491768 
0.015911 0.966305 0.008267 0.009517 
0.250000 0.250000 0.250000 0.250000 
  70
0.479817 0.005630 0.046210 
0.462778 0.988496 0.462022 
0.057405 0.005873 0.491768 
0.008275 0.975176 0.008275 0.008275 
0.250000 0.250000 0.250000 0.250000 
  71
0.479817 0.005630 0.046210 
0.462778 0.988496 0.462022 
0.057405 0.005873 0.491768 
0.008267 0.008267 0.008267 0.975199 
0.250000 0.250000 0.250000 0.250000 
  72
0.479817 0.005630 0.046210 
0.462778 0.988496 0.462022 
0.057405 0.005873 0.491768 
0.011674 0.008267 0.971791 0.008267 
0.250000 0.250000 0.250000 0.250000 
  73
0.479817 0.005630 0.046210 
0.462778 0.988496 0.462022 
0.057405 0.005873 0.491768 
0.975199 0.008267 0.008267 0.008267 
0.250000 0.250000 0.250000 0.250000 
  74
0.479817 0.005630 0.046210 
0.462778 0.988496 0.462022 
0.057405 0.005873 0.491768 
0.975199 0.008267 0.008267 0.008267 
0.250000 0.250000 0.250000 0.250000 
  75
0.479817 0.005630 0.046210 
0.462778 0.988496 0.462022 
0.057405 0.005873 0.491768 
0.009778 0.008267 0.015417 0.966538 
0.250000 0.250000 0.250000 0.250000 
  76
0.479817 0.005630 0.046210 
0.462778 0.988496 0.462022 
0.057405 0.005873 0.491768 
0.008267 0.973660 0.009806 0.008267 
0.250000 0.250000 0.250000 0.250000 
  77
0.479817 0.005630 0.046210 
0.462778 0.988496 0.462022 
0.057405 0.005873 0.491768 
0.008267 0.008267 0.008267 0.975199 
0.250000 0.250000 0.250000 0.250000 
  78
0.479817 0.005630 0.046210 
0.462778 0.988496 0.462022 
0.057405 0.005873 0.491768 
0.011658 0.971808 0.008267 0.008267 
0.250000 0.250000 0.250000 0.250000 
  79
0.479817 0.005630 0.046210 
0.462778 0.988496 0.462022 
0.057405 0.005873 0.491768 
0.975199 0.008267 0.008267 0.008267 
0.250000 0.250000 0.250000 0.250000 
  80
0.479817 0.005630 0.046210 
0.462778 0.988496 0.462022 
0.057405 0.005873 0.491768 
0.008267 0.008267 0.975199 0.008267 
0.250000 0.250000 0.250000 0.250000 
  81
0.479817 0.005630 0.046210 
0.462778 0.988496 0.462022 
0.057405 0.005873 0.491768 
0.008267 0.008267 0.967669 0.015797 
0.250000 0.250000 0.250000 0.250000 
  82
0.479817 0.005630 0.046210 
0.462778 0.988496 0.462022 
0.057405 0.005873 0.491768 
0.008267 0.975199 0.008267 0.008267 
0.250000 0.250000 0.250000 0.250000 
  83
0.479817 0.005630 0.046210 
0.462778 0.988496 0.462022 
0.057405 0.005873 0.491768 
0.008267 0.975199 0.008267 0.008267 
0.250000 0.250000 0.250000 0.250000 
  84
0.479817 0.005630 0.046210 
0.462778 0.988496 0.462022 
0.057405 0.005873 0.491768 
0.008267 0.008267 0.008267 0.975199 
0.250000 0.250000 0.250000 0.250000 
  85
0.479817 0.005630 0.046210 
0.462778 0.988496 0.462022 
0.057405 0.005873 0.491768 
0.008267 0.975199 0.008267 0.008267 
0.250000 0.250000 0.250000 0.250000 
  86
0.479817 0.005630 0.046210 
0.462778 0.988496 0.462022 
0.057405 0.005873 0.491768 
0.008267 0.008267 0.013795 0.969670 
0.250000 0.250000 0.250000 0.250000 
  87
0.479817 0.005630 0.046210 
0.462778 0.988496 0.462022 
0.057405 0.005873 0.491768 
0.973607 0.008267 0.008267 0.009859 
0.250000 0.250000 0.250000 0.250000 
  88
0.479817 0.005630 0.046210 
0.462778 0.988496 0.462022 
0.057405 0.005873 0.491768 
0.975199 0.008267 0.008267 0.008267 
0.250000 0.250000 0.250000 0.250000 
  89
0.479817 0.005630 0.046210 
0.462778 0.988496 0.462022 
0.057405 0.005873 0.491768 
0.008276 0.008276 0.008276 0.975173 
0.250000 0.250000 0.250000 0.250000 
  90
0.479817 0.005630 0.046210 
0.462778 0.988496 0.462022 
0.057405 0.005873 0.491768 
0.975199 0.008267 0.008267 0.008267 
0.250000 0.250000 0.250000 0.250000 
  91
0.479817 0.005630 0.046210 
0.462778 0.988496 0.462022 
0.057405 0.005873 0.491768 
0.008267 0.008267 0.975199 0.008267 
0.250000 0.250000 0.250000 0.250000 
  92
0.479817 0.005630 0.046210 
0.462778 0.988496 0.462022 
0.057405 0.005873 0.491768 
0.008267 0.008267 0.973876 0.009590 
0.250000 0.250000 0.250000 0.250000 
  93
0.479817 0.005630 0.046210 
0.462778 0.988496 0.462022 
0.057405 0.005873 0.491768 
0.973542 0.009924 0.008267 0.008267 
0.250000 0.250000 0.250000 0.250000 
  94
0.479817 0.005630 0.046210 
0.462778 0.988496 0.462022 
0.057405 0.005873 0.491768 
0.008267 0.008267 0.973705 0.009760 
0.250000 0.250000 0.250000 0.250000 
  95
0.479817 0.005630 0.046210 
0.462778 0.988496 0.462022 
0.057405 0.005873 0.491768 
0.008267 0.008267 0.008267 0.975199 
0.250000 0.250000 0.250000 0.250000 
  96
0.479817 0.005630 0.046210 
0.462778 0.988496 0.462022 
0.057405 0.005873 0.491768 
0.012516 0.970950 0.008267 0.008267 
0.250000 0.250000 0.250000 0.250000 
  97
0.479817 0.005630 0.046210 
0.462778 0.988496 0.462022 
0.057405 0.005873 0.491768 
0.975199 0.008267 0.008267 0.008267 
0.250000 0.250000 0.250000 0.250000 
  98
0.479817 0.005630 0.046210 
0.462778 0.988496 0.462022 
0.057405 0.005873 0.491768 
0.008267 0.008267 0.975199 0.008267 
0.250000 0.250000 0.250000 0.250000 
  99
0.479817 0.005630 0.046210 
0.462778 0.988496 0.462022 
0.057405 0.005873 0.491768 
0.973964 0.008267 0.009502 0.008267 
0.250000 0.250000 0.250000 0.250000 
 100
0.479817 0.005630 0.046210 
0.462778 0.988496 0.462022 
0.057405 0.005873 0.491768 
0.971912 0.011554 0.008267 0.008267 
0.250000 0.250000 0.250000 0.250000 
 101
0.479817 0.005630 0.046210 
0.462778 0.988496 0.462022 
0.057405 0.005873 0.491768 
0.008267 0.008267 0.975199 0.008267 
0.250000 0.250000 0.250000 0.250000 
 102
0.479817 0.005630 0.046210 
0.462778 0.988496 0.462022 
0.057405 0.005873 0.491768 
0.975199 0.008267 0.008267 0.008267 
0.250000 0.250000 0.250000 0.250000 
 103
0.479817 0.005630 0.046210 
0.462778 0.988496 0.462022 
0.057405 0.005873 0.491768 
0.971881 0.011585 0.008267 0.008267 
0.250000 0.250000 0.250000 0.250000 
 104
0.479817 0.005630 0.046210 
0.462778 0.988496 0.462022 
0.057405 0.005873 0.491768 
0.008267 0.008267 0.973893 0.009573 
0.250000 0.250000 0.250000 0.250000 
 105
0.479817 0.005630 0.046210 
0.462778 0.988496 0.462022 
0.057405 0.005873 0.491768 
0.975199 0.008267 0.008267 0.008267 
0.250000 0.250000 0.250000 0.250000 
 106
0.479817 0.005630 0.046210 
0.462778 0.988496 0.462022 
0.057405 0.005873 0.491768 
0.008267 0.008267 0.975199 0.008267 
0.250000 0.250000 0.250000 0.250000 
 107
0.479817 0.005630 0.046210 
0.462778 0.988496 0.462022 
0.057405 0.005873 0.491768 
0.008267 0.008267 0.975199 0.008267 
0.250000 0.250000 0.250000 0.250000 
 108
0.479817 0.005630 0.046210 
0.462778 0.988496 0.462022 
0.057405 0.005873 0.491768 
0.008267 0.008267 0.973352 0.010114 
0.250000 0.250000 0.250000 0.250000 
 109
0.479817 0.005630 0.046210 
0.462778 0.988496 0.462022 
0.057405 0.005873 0.491768 
0.975199 0.008267 0.008267 0.008267 
0.250000 0.250000 0.250000 0.250000 
 110
0.479817 0.005630 0.046210 
0.462778 0.988496 0.462022 
0.057405 0.005873 0.491768 
0.009478 0.008267 0.957047 0.025207 
0.250000 0.250000 0.250000 0.250000 
 111
0.479817 0.005630 0.046210 
0.462778 0.988496 0.462022 
0.057405 0.005873 0.491768 
0.008267 0.008267 0.973906 0.009560 
0.250000 0.250000 0.250000 0.250000 
 112
0.479817 0.005630 0.046210 
0.462778 0.988496 0.462022 
0.057405 0.005873 0.491768 
0.975199 0.008267 0.008267 0.008267 
0.250000 0.250000 0.250000 0.250000 
 113
0.479817 0.005630 0.046210 
0.462778 0.988496 0.462022 
0.057405 0.005873 0.491768 
0.967698 0.014511 0.009523 0.008267 
0.250000 0.250000 0.250000 0.250000 
 114
0.479817 0.005630 0.046210 
0.462778 0.988496 0.462022 
0.057405 0.005873 0.491768 
0.975199 0.008267 0.008267 0.008267 
0.250000 0.250000 0.250000 0.250000 
 115
0.479817 0.005630 0.046210 
0.462778 0.988496 0.462022 
0.057405 0.005873 0.491768 
0.008267 0.008267 0.008267 0.975199 
0.250000 0.250000 0.250000 0.250000 
 116
0.479817 0.005630 0.046210 
0.462778 0.988496 0.462022 
0.057405 0.005873 0.491768 
0.008267 0.008267 0.975199 0.008267 
0.250000 0.250000 0.250000 0.250000 
 117
0.479817 0.005630 0.046210 
0.462778 0.988496 0.462022 
0.057405 0.005873 0.491768 
0.008267 0.008267 0.009554 0.973911 
0.250000 0.250000 0.250000 0.250000 
 118
0.479817 0.005630 0.046210 
0.462778 0.988496 0.462022 
0.057405 0.005873 0.491768 
0.008267 0.008267 0.973963 0.009503 
0.250000 0.250000 0.250000 0.250000 
 119
0.479817 0.005630 0.046210 
0.462778 0.988496 0.462022 
0.057405 0.005873 0.491768 
0.975199 0.008267 0.008267 0.008267 
0.250000 0.250000 0.250000 0.250000 
 120
0.479817 0.005630 0.046210 
0.462778 0.988496 0.462022 
0.057405 0.005873 0.491768 
0.008267 0.008267 0.008267 0.975199 
0.250000 0.250000 0.250000 0.250000 
 121
0.479817 0.005630 0.046210 
0.462778 0.988496 0.462022 
0.057405 0.005873 0.491768 
0.008267 0.008267 0.008267 0.975199 
0.250000 0.250000 0.250000 0.250000 
 122
0.479817 0.005630 0.046210 
0.462778 0.988496 0.462022 
0.057405 0.005873 0.491768 
0.008267 0.008267 0.008267 0.975199 
0.250000 0.250000 0.250000 0.250000 
 123
0.479817 0.005630 0.046210 
0.462778 0.988496 0.462022 
0.057405 0.005873 0.491768 
0.008267 0.008267 0.008267 0.975199 
0.250000 0.250000 0.250000 0.250000 
 124
0.479817 0.005630 0.046210 
0.462778 0.988496 0.462022 
0.057405 0.005873 0.491768 
0.008267 0.975199 0.008267 0.008267 
0.250000 0.250000 0.250000 0.250000 
 125
0.479817 0.005630 0.046210 
0.462778 0.988496 0.462022 
0.057405 0.005873 0.491768 
0.008267 0.008267 0.975199 0.008267 
0.250000 0.250000 0.250000 0.250000 
 126
0.479817 0.005630 0.046210 
0.462778 0.988496 0.462022 
0.057405 0.005873 0.491768 
0.971987 0.011479 0.008267 0.008267 
0.250000 0.250000 0.250000 0.250000 
 127
0.479817 0.005630 0.046210 
0.462778 0.988496 0.462022 
0.057405 0.005873 0.491768 
0.972292 0.008267 0.011174 0.008267 
0.250000 0.250000 0.250000 0.250000 
 128
0.479817 0.005630 0.046210 
0.462778 0.988496 0.462022 
0.057405 0.005873 0.491768 
0.975199 0.008267 0.008267 0.008267 
0.250000 0.250000 0.250000 0.250000 
 129
0.479817 0.005630 0.046210 
0.462778 0.988496 0.462022 
0.057405 0.005873 0.491768 
0.008267 0.008267 0.010552 0.972914 
0.250000 0.250000 0.250000 0.250000 
 130
0.479817 0.005630 0.046210 
0.462778 0.988496 0.462022 
0.057405 0.005873 0.491768 
0.008267 0.008267 0.975199 0.008267 
0.250000 0.250000 0.250000 0.250000 
 131
0.479817 0.005630 0.046210 
0.462778 0.988496 0.462022 
0.057405 0.005873 0.491768 
0.008267 0.008267 0.008267 0.975199 
0.250000 0.250000 0.250000 0.250000 
 132
0.479817 0.005630 0.046210 
0.462778 0.988496 0.462022 
0.057405 0.005873 0.491768 
0.010409 0.008267 0.968658 0.012665 
0.250000 0.250000 0.250000 0.250000 
 133
0.479817 0.005630 0.046210 
0.462778 0.988496 0.462022 
0.057405 0.005873 0.491768 
0.975199 0.008267 0.008267 0.008267 
0.250000 0.250000 0.250000 0.250000 
 134
0.479817 0.005630 0.046210 
0.462778 0.988496 0.462022 
0.057405 0.005873 0.491768 
0.973421 0.010045 0.008267 0.008267 
0.250000 0.250000 0.250000 0.250000 
 135
0.479817 0.005630 0.046210 
0.462778 0.988496 0.462022 
0.057405 0.005873 0.491768 
0.975199 0.008267 0.008267 0.008267 
0.250000 0.250000 0.250000 0.250000 
 136
0.479817 0.005630 0.046210 
0.462778 0.988496 0.462022 
0.057405 0.005873 0.491768 
0.008267 0.975199 0.008267 0.008267 
0.250000 0.250000 0.250000 0.250000 
 137
0.479817 0.005630 0.046210 
0.462778 0.988496 0.462022 
0.057405 0.005873 0.491768 
0.008267 0.975199 0.008267 0.008267 
0.250000 0.250000 0.250000 0.250000 
 138
0.479817 0.005630 0.046210 
0.462778 0.988496 0.462022 
0.057405 0.005873 0.491768 
0.973607 0.009859 0.008267 0.008267 
0.250000 0.250000 0.250000 0.250000 
 139
0.479817 0.005630 0.046210 
0.462778 0.988496 0.462022 
0.057405 0.005873 0.491768 
0.975199 0.008267 0.008267 0.008267 
0.250000 0.250000 0.250000 0.250000 
 140
0.479817 0.005630 0.046210 
0.462778 0.988496 0.462022 
0.057405 0.005873 0.491768 
0.008267 0.008267 0.975199 0.008267 
0.250000 0.250000 0.250000 0.250000 
 141
0.479817 0.005630 0.046210 
0.462778 0.988496 0.462022 
0.057405 0.005873 0.491768 
0.973949 0.009517 0.008267 0.008267 
0.250000 0.250000 0.250000 0.250000 
 142
0.479817 0.005630 0.046210 
0.462778 0.988496 0.462022 
0.057405 0.005873 0.491768 
0.008277 0.975170 0.008277 0.008277 
0.250000 0.250000 0.250000 0.250000 
 143
0.479817 0.005630 0.046210 
0.462778 0.988496 0.462022 
0.057405 0.005873 0.491768 
0.975199 0.008267 0.008267 0.008267 
0.250000 0.250000 0.250000 0.250000 
 144
0.479817 0.005630 0.046210 
0.462778 0.988496 0.462022 
0.057405 0.005873 0.491768 
0.973987 0.009479 0.008267 0.008267 
0.250000 0.250000 0.250000 0.250000 
 145
0.479817 0.005630 0.046210 
0.462778 0.988496 0.462022 
0.057405 0.005873 0.491768 
0.975199 0.008267 0.008267 0.008267 
0.250000 0.250000 0.250000 0.250000 
 146
0.479817 0.005630 0.046210 
0.462778 0.988496 0.462022 
0.057405 0.005873 0.491768 
0.008267 0.008267 0.975199 0.008267 
0.250000 0.250000 0.250000 0.250000 
 147
0.479817 0.005630 0.046210 
0.462778 0.988496 0.462022 
0.057405 0.005873 0.491768 
0.025225 0.008267 0.955441 0.011067 
0.250000 0.250000 0.250000 0.250000 
 148
0.479817 0.005630 0.046210 
0.462778 0.988496 0.462022 
0.057405 0.005873 0.491768 
0.975199 0.008267 0.008267 0.008267 
0.250000 0.250000 0.250000 0.250000 
 149
0.479817 0.005630 0.046210 
0.462778 0.988496 0.462022 
0.057405 0.005873 0.491768 
0.008267 0.975199 0.008267 0.008267 
0.250000 0.250000 0.250000 0.250000 
 150
0.479817 0.005630 0.046210 
0.462778 0.988496 0.462022 
0.057405 0.005873 0.491768 
0.013938 0.969510 0.008276 0.008276 
0.250000 0.250000 0.250000 0.250000 
 151
0.479817 0.005630 0.046210 
0.462778 0.988496 0.462022 
0.057405 0.005873 0.491768 
0.008267 0.975199 0.008267 0.008267 
0.250000 0.250000 0.250000 0.250000 
 152
0.479817 0.005630 0.046210 
0.462778 0.988496 0.462022 
0.057405 0.005873 0.491768 
0.008267 0.975199 0.008267 0.008267 
0.250000 0.250000 0.250000 0.250000 
 153
0.479817 0.005630 0.046210 
0.462778 0.988496 0.462022 
0.057405 0.005873 0.491768 
0.020096 0.963370 0.008267 0.008267 
0.250000 0.250000 0.250000 0.250000 
 154
0.479817 0.005630 0.046210 
0.462778 0.988496 0.462022 
0.057405 0.005873 0.491768 
0.975199 0.008267 0.008267 0.008267 
0.250000 0.250000 0.250000 0.250000 
 155
0.479817 0.005630 0.046210 
0.462778 0.988496 0.462022 
0.057405 0.005873 0.491768 
0.973963 0.009503 0.008267 0.008267 
0.250000 0.250000 0.250000 0.250000 
 156
0.479817 0.005630 0.046210 
0.462778 0.988496 0.462022 
0.057405 0.005873 0.491768 
0.975199 0.008267 0.008267 0.008267 
0.250000 0.250000 0.250000 0.250000 
 157
0.479817 0.005630 0.046210 
0.462778 0.988496 0.462022 
0.057405 0.005873 0.491768 
0.008267 0.008267 0.971732 0.011733 
0.250000 0.250000 0.250000 0.250000 
 158
0.479817 0.005630 0.046210 
0.462778 0.988496 0.462022 
0.057405 0.005873 0.491768 
0.008267 0.008267 0.008267 0.975199 
0.250000 0.250000 0.250000 0.250000 
 159
0.479817 0.005630 0.046210 
0.462778 0.988496 0.462022 
0.057405 0.005873 0.491768 
0.966913 0.016553 0.008267 0.008267 
0.250000 0.250000 0.250000 0.250000 
 160
0.479817 0.005630 0.046210 
0.462778 0.988496 0.462022 
0.057405 0.005873 0.491768 
0.008267 0.008267 0.008267 0.975199 
0.250000 0.250000 0.250000 0.250000 
 161
0.479817 0.005630 0.046210 
0.462778 0.988496 0.462022 
0.057405 0.005873 0.491768 
0.008267 0.975199 0.008267 0.008267 
0.250000 0.250000 0.250000 0.250000 
 162
0.479817 0.005630 0.046210 
0.462778 0.988496 0.462022 
0.057405 0.005873 0.491768 
0.008267 0.008267 0.975199 0.008267 
0.250000 0.250000 0.250000 0.250000 
 163
0.479817 0.005630 0.046210 
0.462778 0.988496 0.462022 
0.057405 0.005873 0.491768 
0.008267 0.008267 0.975199 0.008267 
0.250000 0.250000 0.250000 0.250000 
 164
0.479817 0.005630 0.046210 
0.462778 0.988496 0.462022 
0.057405 0.005873 0.491768 
0.008267 0.008267 0.975199 0.008267 
0.250000 0.250000 0.250000 0.250000 
 165
0.479817 0.005630 0.046210 
0.462778 0.988496 0.462022 
0.057405 0.005873 0.491768 
0.967047 0.016419 0.008267 0.008267 
0.250000 0.250000 0.250000 0.250000 
 166
0.479817 0.005630 0.046210 
0.462778 0.988496 0.462022 
0.057405 0.005873 0.491768 
0.975199 0.008267 0.008267 0.008267 
0.250000 0.250000 0.250000 0.250000 
 167
0.479817 0.005630 0.046210 
0.462778 0.988496 0.462022 
0.057405 0.005873 0.491768 
0.975199 0.008267 0.008267 0.008267 
0.250000 0.250000 0.250000 0.250000 
 168
0.479817 0.005630 0.046210 
0.462778 0.988496 0.462022 
0.057405 0.005873 0.491768 
0.973846 0.009620 0.008267 0.008267 
0.250000 0.250000 0.250000 0.250000 
 169
0.479817 0.005630 0.046210 
0.462778 0.988496 0.462022 
0.057405 0.005873 0.491768 
0.008267 0.008267 0.008267 0.975199 
0.250000 0.250000 0.250000 0.250000 
 170
0.479817 0.005630 0.046210 
0.462778 0.988496 0.462022 
0.057405 0.005873 0.491768 
0.008267 0.975199 0.008267 0.008267 
0.250000 0.250000 0.250000 0.250000 
 171
0.479817 0.005630 0.046210 
0.462778 0.988496 0.462022 
0.057405 0.005873 0.491768 
0.008267 0.008267 0.975199 0.008267 
0.250000 0.250000 0.250000 0.250000 
 172
0.479817 0.005630 0.046210 
0.462778 0.988496 0.462022 
0.057405 0.005873 0.491768 
0.008267 0.008267 0.975199 0.008267 
0.250000 0.250000 0.250000 0.250000 
 173
0.479817 0.005630 0.046210 
0.462778 0.988496 0.462022 
0.057405 0.005873 0.491768 
0.008267 0.008267 0.009903 0.973563 
0.250000 0.250000 0.250000 0.250000 
 174
0.479817 0.005630 0.046210 
0.462778 0.988496 0.462022 
0.057405 0.005873 0.491768 
0.010753 0.008267 0.972713 0.008267 
0.250000 0.250000 0.250000 0.250000 
 175
0.479817 0.005630 0.046210 
0.462778 0.988496 0.462022 
0.057405 0.005873 0.491768 
0.975199 0.008267 0.008267 0.008267 
0.250000 0.250000 0.250000 0.250000 
 176
0.479817 0.005630 0.046210 
0.462778 0.988496 0.462022 
0.057405 0.005873 0.491768 
0.975199 0.008267 0.008267 0.008267 
0.250000 0.250000 0.250000 0.250000 
 177
0.479817 0.005630 0.046210 
0.462778 0.988496 0.462022 
0.057405 0.005873 0.491768 
0.008267 0.008267 0.971535 0.011931 
0.250000 0.250000 0.250000 0.250000 
 178
0.479817 0.005630 0.046210 
0.462778 0.988496 0.462022 
0.057405 0.005873 0.491768 
0.008267 0.008267 0.008267 0.975199 
0.250000 0.250000 0.250000 0.250000 
 179
0.479817 0.005630 0.046210 
0.462778 0.988496 0.462022 
0.057405 0.005873 0.491768 
0.008267 0.975199 0.008267 0.008267 
0.250000 0.250000 0.250000 0.250000 
 180
0.479817 0.005630 0.046210 
0.462778 0.988496 0.462022 
0.057405 0.005873 0.491768 
0.008267 0.008267 0.975199 0.008267 
0.250000 0.250000 0.250000 0.250000 
 181
0.479817 0.005630 0.046210 
0.462778 0.988496 0.462022 
0.057405 0.005873 0.491768 
0.975199 0.008267 0.008267 0.008267 
0.250000 0.250000 0.250000 0.250000 
 182
0.479817 0.005630 0.046210 
0.462778 0.988496 0.462022 
0.057405 0.005873 0.491768 
0.008267 0.008267 0.975199 0.008267 
0.250000 0.250000 0.250000 0.250000 
 183
0.479817 0.005630 0.046210 
0.462778 0.988496 0.462022 
0.057405 0.005873 0.491768 
0.975199 0.008267 0.008267 0.008267 
0.250000 0.250000 0.250000 0.250000 
 184
0.479817 0.005630 0.046210 
0.462778 0.988496 0.462022 
0.057405 0.005873 0.491768 
0.008267 0.975199 0.008267 0.008267 
0.250000 0.250000 0.250000 0.250000 
 185
0.479817 0.005630 0.046210 
0.462778 0.988496 0.462022 
0.057405 0.005873 0.491768 
0.975199 0.008267 0.008267 0.008267 
0.250000 0.250000 0.250000 0.250000 
 186
0.479817 0.005630 0.046210 
0.462778 0.988496 0.462022 
0.057405 0.005873 0.491768 
0.008267 0.008267 0.009477 0.973989 
0.250000 0.250000 0.250000 0.250000 
 187
0.479817 0.005630 0.046210 
0.462778 0.988496 0.462022 
0.057405 0.005873 0.491768 
0.008267 0.008267 0.969885 0.013581 
0.250000 0.250000 0.250000 0.250000 
 188
0.479817 0.005630 0.046210 
0.462778 0.988496 0.462022 
0.057405 0.005873 0.491768 
0.008267 0.008267 0.008267 0.975199 
0.250000 0.250000 0.250000 0.250000 
 189
0.479817 0.005630 0.046210 
0.462778 0.988496 0.462022 
0.057405 0.005873 0.491768 
0.009475 0.973991 0.008267 0.008267 
0.250000 0.250000 0.250000 0.250000 
 190
0.479817 0.005630 0.046210 
0.462778 0.988496 0.462022 
0.057405 0.005873 0.491768 
0.008267 0.975199 0.008267 0.008267 
0.250000 0.250000 0.250000 0.250000 
 191
0.479817 0.005630 0.046210 
0.462778 0.988496 0.462022 
0.057405 0.005873 0.491768 
0.975199 0.008267 0.008267 0.008267 
0.250000 0.250000 0.250000 0.250000 
 192
0.479817 0.005630 0.046210 
0.462778 0.988496 0.462022 
0.057405 0.005873 0.491768 
0.008267 0.008267 0.009831 0.973635 
0.250000 0.250000 0.250000 0.250000 
 193
0.479817 0.005630 0.046210 
0.462778 0.988496 0.462022 
0.057405 0.005873 0.491768 
0.008267 0.975199 0.008267 0.008267 
0.250000 0.250000 0.250000 0.250000 
 194
0.479817 0.005630 0.046210 
0.462778 0.988496 0.462022 
0.057405 0.005873 0.491768 
0.008267 0.008267 0.008267 0.975199 
0.250000 0.250000 0.250000 0.250000 
 195
0.479817 0.005630 0.046210 
0.462778 0.988496 0.462022 
0.057405 0.005873 0.491768 
0.973542 0.009924 0.008267 0.008267 
0.250000 0.250000 0.250000 0.250000 
 196
0.479817 0.005630 0.046210 
0.462778 0.988496 0.462022 
0.057405 0.005873 0.491768 
0.008267 0.975199 0.008267 0.008267 
0.250000 0.250000 0.250000 0.250000 
 197
0.479817 0.005630 0.046210 
0.462778 0.988496 0.462022 
0.057405 0.005873 0.491768 
0.008267 0.008267 0.975199 0.008267 
0.250000 0.250000 0.250000 0.250000 
 198
0.479817 0.005630 0.046210 
0.462778 0.988496 0.462022 
0.057405 0.005873 0.491768 
0.009408 0.008267 0.970930 0.011395 
0.250000 0.250000 0.250000 0.250000 
 199
0.479817 0.005630 0.046210 
0.462778 0.988496 0.462022 
0.057405 0.005873 0.491768 
0.008267 0.008267 0.008267 0.975199 
0.250000 0.250000 0.250000 0.250000 
 200
0.479817 0.005630 0.046210 
0.462778 0.988496 0.462022 
0.057405 0.005873 0.491768 
0.008267 0.008267 0.008267 0.975199 
0.250000 0.250000 0.250000 0.250000 
 201
0.479817 0.005630 0.046210 
0.462778 0.988496 0.462022 
0.057405 0.005873 0.491768 
0.009481 0.973985 0.008267 0.008267 
0.250000 0.250000 0.250000 0.250000 
 202
0.479817 0.005630 0.046210 
0.462778 0.988496 0.462022 
0.057405 0.005873 0.491768 
0.008267 0.975199 0.008267 0.008267 
0.250000 0.250000 0.250000 0.250000 
 203
0.479817 0.005630 0.046210 
0.462778 0.988496 0.462022 
0.057405 0.005873 0.491768 
0.008267 0.975199 0.008267 0.008267 
0.250000 0.250000 0.250000 0.250000 
 204
0.479817 0.005630 0.046210 
0.462778 0.988496 0.462022 
0.057405 0.005873 0.491768 
0.008267 0.008267 0.973703 0.009763 
0.250000 0.250000 0.250000 0.250000 
 205
0.479817 0.005630 0.046210 
0.462778 0.988496 0.462022 
0.057405 0.005873 0.491768 
0.975199 0.008267 0.008267 0.008267 
0.250000 0.250000 0.250000 0.250000 
 206
0.479817 0.005630 0.046210 
0.462778 0.988496 0.462022 
0.057405 0.005873 0.491768 
0.008267 0.975199 0.008267 0.008267 
0.250000 0.250000 0.250000 0.250000 
 207
0.479817 0.005630 0.046210 
0.462778 0.988496 0.462022 
0.057405 0.005873 0.491768 
0.969217 0.014249 0.008267 0.008267 
0.250000 0.250000 0.250000 0.250000 
 208
0.479817 0.005630 0.046210 
0.462778 0.988496 0.462022 
0.057405 0.005873 0.491768 
0.008267 0.008267 0.975199 0.008267 
0.250000 0.250000 0.250000 0.250000 
 209
0.479817 0.005630 0.046210 
0.462778 0.988496 0.462022 
0.057405 0.005873 0.491768 
0.008267 0.008267 0.975199 0.008267 
0.250000 0.250000 0.250000 0.250000 
 210
0.479817 0.005630 0.046210 
0.462778 0.988496 0.462022 
0.057405 0.005873 0.491768 
0.975199 0.008267 0.008267 0.008267 
0.250000 0.250000 0.250000 0.250000 
 211
0.479817 0.005630 0.046210 
0.462778 0.988496 0.462022 
0.057405 0.005873 0.491768 
0.975199 0.008267 0.008267 0.008267 
0.250000 0.250000 0.250000 0.250000 
 212
0.479817 0.005630 0.046210 
0.462778 0.988496 0.462022 
0.057405 0.005873 0.491768 
0.973906 0.009560 0.008267 0.008267 
0.250000 0.250000 0.250000 0.250000 
 213
0.479817 0.005630 0.046210 
0.462778 0.988496 0.462022 
0.057405 0.005873 0.491768 
0.973635 0.009831 0.008267 0.008267 
0.250000 0.250000 0.250000 0.250000 
 214
0.479817 0.005630 0.046210 
0.462778 0.988496 0.462022 
0.057405 0.005873 0.491768 
0.008267 0.008267 0.008267 0.975199 
0.250000 0.250000 0.250000 0.250000 
 215
0.479817 0.005630 0.046210 
0.462778 0.988496 0.462022 
0.057405 0.005873 0.491768 
0.008267 0.975199 0.008267 0.008267 
0.250000 0.250000 0.250000 0.250000 
 216
0.479817 0.005630 0.046210 
0.462778 0.988496 0.462022 
0.057405 0.005873 0.491768 
0.008267 0.008267 0.973919 0.009547 
0.250000 0.250000 0.250000 0.250000 
 217
0.479817 0.005630 0.046210 
0.462778 0.988496 0.462022 
0.057405 0.005873 0.491768 
0.975199 0.008267 0.008267 0.008267 
0.250000 0.250000 0.250000 0.250000 
 218
0.479817 0.005630 0.046210 
0.462778 0.988496 0.462022 
0.057405 0.005873 0.491768 
0.008267 0.008267 0.968347 0.015119 
0.250000 0.250000 0.250000 0.250000 
 219
0.479817 0.005630 0.046210 
0.462778 0.988496 0.462022 
0.057405 0.005873 0.491768 
0.975199 0.008267 0.008267 0.008267 
0.250000 0.250000 0.250000 0.250000 
 220
0.479817 0.005630 0.046210 
0.462778 0.988496 0.462022 
0.057405 0.005873 0.491768 
0.008267 0.975199 0.008267 0.008267 
0.250000 0.250000 0.250000 0.250000 
 221
0.479817 0.005630 0.046210 
0.462778 0.988496 0.462022 
0.057405 0.005873 0.491768 
0.008267 0.975199 0.008267 0.008267 
0.250000 0.250000 0.250000 0.250000 
 222
0.479817 0.005630 0.046210 
0.462778 0.988496 0.462022 
0.057405 0.005873 0.491768 
0.011796 0.971670 0.008267 0.008267 
0.250000 0.250000 0.250000 0.250000 
 223
0.479817 0.005630 0.046210 
0.462778 0.988496 0.462022 
0.057405 0.005873 0.491768 
0.971454 0.012012 0.008267 0.008267 
0.250000 0.250000 0.250000 0.250000 
 224
0.479817 0.005630 0.046210 
0.462778 0.988496 0.462022 
0.057405 0.005873 0.491768 
0.975199 0.008267 0.008267 0.008267 
0.250000 0.250000 0.250000 0.250000 
 225
0.479817 0.005630 0.046210 
0.462778 0.988496 0.462022 
0.057405 0.005873 0.491768 
0.975199 0.008267 0.008267 0.008267 
0.250000 0.250000 0.250000 0.250000 
 226
0.479817 0.005630 0.046210 
0.462778 0.988496 0.462022 
0.057405 0.005873 0.491768 
0.975199 0.008267 0.008267 0.008267 
0.250000 0.250000 0.250000 0.250000 
 227
0.479817 0.005630 0.046210 
0.462778 0.988496 0.462022 
0.057405 0.005873 0.491768 
0.008267 0.008267 0.008267 0.975199 
0.250000 0.250000 0.250000 0.250000 
 228
0.479817 0.005630 0.046210 
0.462778 0.988496 0.462022 
0.057405 0.005873 0.491768 
0.975199 0.008267 0.008267 0.008267 
0.250000 0.250000 0.250000 0.250000 
 229
0.479817 0.005630 0.046210 
0.462778 0.988496 0.462022 
0.057405 0.005873 0.491768 
0.008267 0.008267 0.975199 0.008267 
0.250000 0.250000 0.250000 0.250000 
 230
0.479817 0.005630 0.046210 
0.462778 0.988496 0.462022 
0.057405 0.005873 0.491768 
0.008276 0.008276 0.975172 0.008276 
0.250000 0.250000 0.250000 0.250000 
 231
0.479817 0.005630 0.046210 
0.462778 0.988496 0.462022 
0.057405 0.005873 0.491768 
0.008267 0.008267 0.973870 0.009596 
0.250000 0.250000 0.250000 0.250000 
 232
0.479817 0.005630 0.046210 
0.462778 0.988496 0.462022 
0.057405 0.005873 0.491768 
0.008267 0.008267 0.009500 0.973966 
0.250000 0.250000 0.250000 0.250000 
 233
0.479817 0.005630 0.046210 
0.462778 0.988496 0.462022 
0.057405 0.005873 0.491768 
0.008267 0.008267 0.975199 0.008267 
0.250000 0.250000 0.250000 0.250000 
 234
0.479817 0.005630 0.046210 
0.462778 0.988496 0.462022 
0.057405 0.005873 0.491768 
0.008267 0.008267 0.012203 0.971263 
0.250000 0.250000 0.250000 0.250000 
 235
0.479817 0.005630 0.046210 
0.462778 0.988496 0.462022 
0.057405 0.005873 0.491768 
0.008267 0.975199 0.008267 0.008267 
