%  SAM: /scicomp/home/vfn4/nomen/label/LABEL_RES/scripts/modelfromalign_Linux v3.5 (July 15, 2005) compiled 12/08/06_16:15:55
%  (c) 1992-2001 Regents of the University of California, Santa Cruz
%
%          Sequence Alignment and Modeling Software System
%         http://www.cse.ucsc.edu/research/compbio/sam.html
%
% ----------------- Citations (SAM, SAM-T2K, HMMs) --------------------
% R. Hughey, A. Krogh, Hidden Markov models for sequence analysis:
%  Extension and analysis of the basic method, CABIOS 12:95-107, 1996.
% K. Karplus, et al., What is the value added by human intervention in protein
%  structure prediction, Proteins: Stucture, Function, Genetics 45(S5):86--91, 2001.
% A. Krogh et al., Hidden Markov models in computational biology:
%  Applications to protein modeling, JMB 235:1501-1531, Feb 1994.
% ---------------------------------------------------------------------
%  V1A.3_hmm   Host: id-dev-03    Fri Nov  1 14:25:16 2019
%  vfn4        Dir:  /scicomp/groups/OID/NCIRD/ID-OD/ID_nomenclatures/B_HA/B_HAv2019R1/base
% ---------------------------------------------------------------------
%  Alignment weights from internal calc.  Total (27.31) Max (0.18) Min (0.03)
%  Weights from alignment method 1 (karplus), b=-1.000000, e=0.500000
MODEL --  Model from alignment file /scicomp/home/vfn4/nomen/label/LABEL_RES/training_data/B-del/V1A.3.fasta
alphabet DNA
FREQAVE
0.000000 0.000000 0.000000 
0.000000 0.000000 0.000000 
0.000000 0.000000 0.000000 
0.333528 0.218672 0.222299 0.225501 
0.333528 0.218672 0.222299 0.225501 
Begin
0.000000 0.000000 0.000000 
0.000000 0.000000 0.000000 
0.000000 0.006135 0.491768 
0.250000 0.250000 0.250000 0.250000 
0.250000 0.250000 0.250000 0.250000 
   1
0.000000 0.006585 0.046210 
0.000000 0.987280 0.462022 
0.056962 0.006139 0.491768 
0.008839 0.973482 0.008839 0.008839 
0.250000 0.250000 0.250000 0.250000 
   2
0.483829 0.005884 0.046210 
0.459209 0.987977 0.462022 
0.056962 0.006139 0.491768 
0.973482 0.008839 0.008839 0.008839 
0.250000 0.250000 0.250000 0.250000 
   3
0.483829 0.005884 0.046210 
0.459209 0.987977 0.462022 
0.056962 0.006139 0.491768 
0.008839 0.008839 0.018532 0.963789 
0.250000 0.250000 0.250000 0.250000 
   4
0.483829 0.005884 0.046210 
0.459209 0.987977 0.462022 
0.056962 0.006139 0.491768 
0.012746 0.008839 0.969575 0.008839 
0.250000 0.250000 0.250000 0.250000 
   5
0.483829 0.005884 0.046210 
0.459209 0.987977 0.462022 
0.056962 0.006139 0.491768 
0.008839 0.973482 0.008839 0.008839 
0.250000 0.250000 0.250000 0.250000 
   6
0.483829 0.005884 0.046210 
0.459209 0.987977 0.462022 
0.056962 0.006139 0.491768 
0.973482 0.008839 0.008839 0.008839 
0.250000 0.250000 0.250000 0.250000 
   7
0.483829 0.005884 0.046210 
0.459209 0.987977 0.462022 
0.056962 0.006139 0.491768 
0.973482 0.008839 0.008839 0.008839 
0.250000 0.250000 0.250000 0.250000 
   8
0.483829 0.005884 0.046210 
0.459209 0.987977 0.462022 
0.056962 0.006139 0.491768 
0.008839 0.008839 0.008839 0.973482 
0.250000 0.250000 0.250000 0.250000 
   9
0.483829 0.005884 0.046210 
0.459209 0.987977 0.462022 
0.056962 0.006139 0.491768 
0.011736 0.008839 0.970585 0.008839 
0.250000 0.250000 0.250000 0.250000 
  10
0.483829 0.005884 0.046210 
0.459209 0.987977 0.462022 
0.056962 0.006139 0.491768 
0.008839 0.008839 0.008839 0.973482 
0.250000 0.250000 0.250000 0.250000 
  11
0.483829 0.005884 0.046210 
0.459209 0.987977 0.462022 
0.056962 0.006139 0.491768 
0.008839 0.973482 0.008839 0.008839 
0.250000 0.250000 0.250000 0.250000 
  12
0.483829 0.005884 0.046210 
0.459209 0.987977 0.462022 
0.056962 0.006139 0.491768 
0.008839 0.008839 0.972025 0.010296 
0.250000 0.250000 0.250000 0.250000 
  13
0.483829 0.005884 0.046210 
0.459209 0.987977 0.462022 
0.056962 0.006139 0.491768 
0.973482 0.008839 0.008839 0.008839 
0.250000 0.250000 0.250000 0.250000 
  14
0.483829 0.005884 0.046210 
0.459209 0.987977 0.462022 
0.056962 0.006139 0.491768 
0.008839 0.010928 0.971393 0.008839 
0.250000 0.250000 0.250000 0.250000 
  15
0.483829 0.005884 0.046210 
0.459209 0.987977 0.462022 
0.056962 0.006139 0.491768 
0.008839 0.008839 0.008839 0.973482 
0.250000 0.250000 0.250000 0.250000 
  16
0.483829 0.005884 0.046210 
0.459209 0.987977 0.462022 
0.056962 0.006139 0.491768 
0.008839 0.973482 0.008839 0.008839 
0.250000 0.250000 0.250000 0.250000 
  17
0.483829 0.005884 0.046210 
0.459209 0.987977 0.462022 
0.056962 0.006139 0.491768 
0.008839 0.973482 0.008839 0.008839 
0.250000 0.250000 0.250000 0.250000 
  18
0.483829 0.005884 0.046210 
0.459209 0.987977 0.462022 
0.056962 0.006139 0.491768 
0.010410 0.971911 0.008839 0.008839 
0.250000 0.250000 0.250000 0.250000 
  19
0.483829 0.005884 0.046210 
0.459209 0.987977 0.462022 
0.056962 0.006139 0.491768 
0.973482 0.008839 0.008839 0.008839 
0.250000 0.250000 0.250000 0.250000 
  20
0.483829 0.005884 0.046210 
0.459209 0.987977 0.462022 
0.056962 0.006139 0.491768 
0.008839 0.008839 0.008839 0.973482 
0.250000 0.250000 0.250000 0.250000 
  21
0.483829 0.005884 0.046210 
0.459209 0.987977 0.462022 
0.056962 0.006139 0.491768 
0.973482 0.008839 0.008839 0.008839 
0.250000 0.250000 0.250000 0.250000 
  22
0.483829 0.005884 0.046210 
0.459209 0.987977 0.462022 
0.056962 0.006139 0.491768 
0.972096 0.010225 0.008839 0.008839 
0.250000 0.250000 0.250000 0.250000 
  23
0.483829 0.005884 0.046210 
0.459209 0.987977 0.462022 
0.056962 0.006139 0.491768 
0.008839 0.008839 0.973482 0.008839 
0.250000 0.250000 0.250000 0.250000 
  24
0.483829 0.005884 0.046210 
0.459209 0.987977 0.462022 
0.056962 0.006139 0.491768 
0.970897 0.011424 0.008839 0.008839 
0.250000 0.250000 0.250000 0.250000 
  25
0.483829 0.005884 0.046210 
0.459209 0.987977 0.462022 
0.056962 0.006139 0.491768 
0.008839 0.008839 0.008839 0.973482 
0.250000 0.250000 0.250000 0.250000 
  26
0.483829 0.005884 0.046210 
0.459209 0.987977 0.462022 
0.056962 0.006139 0.491768 
0.008839 0.008839 0.973482 0.008839 
0.250000 0.250000 0.250000 0.250000 
  27
0.483829 0.005884 0.046210 
0.459209 0.987977 0.462022 
0.056962 0.006139 0.491768 
0.010310 0.969284 0.008850 0.011557 
0.250000 0.250000 0.250000 0.250000 
  28
0.483829 0.005884 0.046210 
0.459209 0.987977 0.462022 
0.056962 0.006139 0.491768 
0.008839 0.008839 0.008839 0.973482 
0.250000 0.250000 0.250000 0.250000 
  29
0.483829 0.005884 0.046210 
0.459209 0.987977 0.462022 
0.056962 0.006139 0.491768 
0.008839 0.008839 0.973482 0.008839 
0.250000 0.250000 0.250000 0.250000 
  30
0.483829 0.005884 0.046210 
0.459209 0.987977 0.462022 
0.056962 0.006139 0.491768 
0.973482 0.008839 0.008839 0.008839 
0.250000 0.250000 0.250000 0.250000 
  31
0.483829 0.005884 0.046210 
0.459209 0.987977 0.462022 
0.056962 0.006139 0.491768 
0.971742 0.010579 0.008839 0.008839 
0.250000 0.250000 0.250000 0.250000 
  32
0.483829 0.005884 0.046210 
0.459209 0.987977 0.462022 
0.056962 0.006139 0.491768 
0.973482 0.008839 0.008839 0.008839 
0.250000 0.250000 0.250000 0.250000 
  33
0.483829 0.005884 0.046210 
0.459209 0.987977 0.462022 
0.056962 0.006139 0.491768 
0.008839 0.008839 0.973482 0.008839 
0.250000 0.250000 0.250000 0.250000 
  34
0.483829 0.005884 0.046210 
0.459209 0.987977 0.462022 
0.056962 0.006139 0.491768 
0.008839 0.008839 0.008839 0.973482 
0.250000 0.250000 0.250000 0.250000 
  35
0.483829 0.005884 0.046210 
0.459209 0.987977 0.462022 
0.056962 0.006139 0.491768 
0.008839 0.008839 0.973482 0.008839 
0.250000 0.250000 0.250000 0.250000 
  36
0.483829 0.005884 0.046210 
0.459209 0.987977 0.462022 
0.056962 0.006139 0.491768 
0.973482 0.008839 0.008839 0.008839 
0.250000 0.250000 0.250000 0.250000 
  37
0.483829 0.005884 0.046210 
0.459209 0.987977 0.462022 
0.056962 0.006139 0.491768 
0.008839 0.008839 0.973482 0.008839 
0.250000 0.250000 0.250000 0.250000 
  38
0.483829 0.005884 0.046210 
0.459209 0.987977 0.462022 
0.056962 0.006139 0.491768 
0.008839 0.008839 0.973482 0.008839 
0.250000 0.250000 0.250000 0.250000 
  39
0.483829 0.005884 0.046210 
0.459209 0.987977 0.462022 
0.056962 0.006139 0.491768 
0.973482 0.008839 0.008839 0.008839 
0.250000 0.250000 0.250000 0.250000 
  40
0.483829 0.005884 0.046210 
0.459209 0.987977 0.462022 
0.056962 0.006139 0.491768 
0.008839 0.008839 0.972119 0.010202 
0.250000 0.250000 0.250000 0.250000 
  41
0.483829 0.005884 0.046210 
0.459209 0.987977 0.462022 
0.056962 0.006139 0.491768 
0.973482 0.008839 0.008839 0.008839 
0.250000 0.250000 0.250000 0.250000 
  42
0.483829 0.005884 0.046210 
0.459209 0.987977 0.462022 
0.056962 0.006139 0.491768 
0.008839 0.008839 0.008839 0.973482 
0.250000 0.250000 0.250000 0.250000 
  43
0.483829 0.005884 0.046210 
0.459209 0.987977 0.462022 
0.056962 0.006139 0.491768 
0.010204 0.972117 0.008839 0.008839 
0.250000 0.250000 0.250000 0.250000 
  44
0.483829 0.005884 0.046210 
0.459209 0.987977 0.462022 
0.056962 0.006139 0.491768 
0.008839 0.008839 0.008839 0.973482 
0.250000 0.250000 0.250000 0.250000 
  45
0.483829 0.005884 0.046210 
0.459209 0.987977 0.462022 
0.056962 0.006139 0.491768 
0.010510 0.008839 0.971812 0.008839 
0.250000 0.250000 0.250000 0.250000 
  46
0.483829 0.005884 0.046210 
0.459209 0.987977 0.462022 
0.056962 0.006139 0.491768 
0.008839 0.973482 0.008839 0.008839 
0.250000 0.250000 0.250000 0.250000 
  47
0.483829 0.005884 0.046210 
0.459209 0.987977 0.462022 
0.056962 0.006139 0.491768 
0.008839 0.008839 0.008839 0.973482 
0.250000 0.250000 0.250000 0.250000 
  48
0.483829 0.005884 0.046210 
0.459209 0.987977 0.462022 
0.056962 0.006139 0.491768 
0.008839 0.008839 0.973482 0.008839 
0.250000 0.250000 0.250000 0.250000 
  49
0.483829 0.005884 0.046210 
0.459209 0.987977 0.462022 
0.056962 0.006139 0.491768 
0.973482 0.008839 0.008839 0.008839 
0.250000 0.250000 0.250000 0.250000 
  50
0.483829 0.005884 0.046210 
0.459209 0.987977 0.462022 
0.056962 0.006139 0.491768 
0.973482 0.008839 0.008839 0.008839 
0.250000 0.250000 0.250000 0.250000 
  51
0.483829 0.005884 0.046210 
0.459209 0.987977 0.462022 
0.056962 0.006139 0.491768 
0.970998 0.011323 0.008839 0.008839 
0.250000 0.250000 0.250000 0.250000 
  52
0.483829 0.005884 0.046210 
0.459209 0.987977 0.462022 
0.056962 0.006139 0.491768 
0.973482 0.008839 0.008839 0.008839 
0.250000 0.250000 0.250000 0.250000 
  53
0.483829 0.005884 0.046210 
0.459209 0.987977 0.462022 
0.056962 0.006139 0.491768 
0.008839 0.008839 0.973482 0.008839 
0.250000 0.250000 0.250000 0.250000 
  54
0.483829 0.005884 0.046210 
0.459209 0.987977 0.462022 
0.056962 0.006139 0.491768 
0.008839 0.008839 0.008839 0.973482 
0.250000 0.250000 0.250000 0.250000 
  55
0.483829 0.005884 0.046210 
0.459209 0.987977 0.462022 
0.056962 0.006139 0.491768 
0.008839 0.973482 0.008839 0.008839 
0.250000 0.250000 0.250000 0.250000 
  56
0.483829 0.005884 0.046210 
0.459209 0.987977 0.462022 
0.056962 0.006139 0.491768 
0.008839 0.008839 0.973482 0.008839 
0.250000 0.250000 0.250000 0.250000 
  57
0.483829 0.005884 0.046210 
0.459209 0.987977 0.462022 
0.056962 0.006139 0.491768 
0.008839 0.008839 0.008839 0.973482 
0.250000 0.250000 0.250000 0.250000 
  58
0.483829 0.005884 0.046210 
0.459209 0.987977 0.462022 
0.056962 0.006139 0.491768 
0.973482 0.008839 0.008839 0.008839 
0.250000 0.250000 0.250000 0.250000 
  59
0.483829 0.005884 0.046210 
0.459209 0.987977 0.462022 
0.056962 0.006139 0.491768 
0.008839 0.008839 0.973482 0.008839 
0.250000 0.250000 0.250000 0.250000 
  60
0.483829 0.005884 0.046210 
0.459209 0.987977 0.462022 
0.056962 0.006139 0.491768 
0.008839 0.008839 0.008839 0.973482 
0.250000 0.250000 0.250000 0.250000 
  61
0.483829 0.005884 0.046210 
0.459209 0.987977 0.462022 
0.056962 0.006139 0.491768 
0.008839 0.008839 0.973482 0.008839 
0.250000 0.250000 0.250000 0.250000 
  62
0.483829 0.005884 0.046210 
0.459209 0.987977 0.462022 
0.056962 0.006139 0.491768 
0.973482 0.008839 0.008839 0.008839 
0.250000 0.250000 0.250000 0.250000 
  63
0.483829 0.005884 0.046210 
0.459209 0.987977 0.462022 
0.056962 0.006139 0.491768 
0.973482 0.008839 0.008839 0.008839 
0.250000 0.250000 0.250000 0.250000 
  64
0.483829 0.005884 0.046210 
0.459209 0.987977 0.462022 
0.056962 0.006139 0.491768 
0.008839 0.973482 0.008839 0.008839 
0.250000 0.250000 0.250000 0.250000 
  65
0.483829 0.005884 0.046210 
0.459209 0.987977 0.462022 
0.056962 0.006139 0.491768 
0.008839 0.973482 0.008839 0.008839 
0.250000 0.250000 0.250000 0.250000 
  66
0.483829 0.005884 0.046210 
0.459209 0.987977 0.462022 
0.056962 0.006139 0.491768 
0.013634 0.968687 0.008839 0.008839 
0.250000 0.250000 0.250000 0.250000 
  67
0.483829 0.005884 0.046210 
0.459209 0.987977 0.462022 
0.056962 0.006139 0.491768 
0.008839 0.973482 0.008839 0.008839 
0.250000 0.250000 0.250000 0.250000 
  68
0.483829 0.005884 0.046210 
0.459209 0.987977 0.462022 
0.056962 0.006139 0.491768 
0.973482 0.008839 0.008839 0.008839 
0.250000 0.250000 0.250000 0.250000 
  69
0.483829 0.005884 0.046210 
0.459209 0.987977 0.462022 
0.056962 0.006139 0.491768 
0.010504 0.971792 0.008852 0.008852 
0.250000 0.250000 0.250000 0.250000 
  70
0.483829 0.005884 0.046210 
0.459209 0.987977 0.462022 
0.056962 0.006139 0.491768 
0.010204 0.972117 0.008839 0.008839 
0.250000 0.250000 0.250000 0.250000 
  71
0.476117 0.005884 0.046210 
0.466920 0.987977 0.462022 
0.057405 0.006135 0.491768 
0.008830 0.008830 0.008830 0.973510 
0.250000 0.250000 0.250000 0.250000 
  72
0.479817 0.005880 0.046210 
0.462778 0.987985 0.462022 
0.057405 0.006135 0.491768 
0.008830 0.008830 0.973510 0.008830 
0.250000 0.250000 0.250000 0.250000 
  73
0.479817 0.005880 0.046210 
0.462778 0.987985 0.462022 
0.057405 0.006135 0.491768 
0.973510 0.008830 0.008830 0.008830 
0.250000 0.250000 0.250000 0.250000 
  74
0.479817 0.005880 0.046210 
0.462778 0.987985 0.462022 
0.057405 0.006135 0.491768 
0.973510 0.008830 0.008830 0.008830 
0.250000 0.250000 0.250000 0.250000 
  75
0.479817 0.005880 0.046210 
0.462778 0.987985 0.462022 
0.057405 0.006135 0.491768 
0.010098 0.008830 0.876830 0.104243 
0.250000 0.250000 0.250000 0.250000 
  76
0.479817 0.005880 0.046210 
0.462778 0.987985 0.462022 
0.057405 0.006135 0.491768 
0.008830 0.973510 0.008830 0.008830 
0.250000 0.250000 0.250000 0.250000 
  77
0.479817 0.005880 0.046210 
0.462778 0.987985 0.462022 
0.057405 0.006135 0.491768 
0.008830 0.008830 0.008830 0.973510 
0.250000 0.250000 0.250000 0.250000 
  78
0.479817 0.005880 0.046210 
0.462778 0.987985 0.462022 
0.057405 0.006135 0.491768 
0.021793 0.960548 0.008830 0.008830 
0.250000 0.250000 0.250000 0.250000 
  79
0.479817 0.005880 0.046210 
0.462778 0.987985 0.462022 
0.057405 0.006135 0.491768 
0.973510 0.008830 0.008830 0.008830 
0.250000 0.250000 0.250000 0.250000 
  80
0.479817 0.005880 0.046210 
0.462778 0.987985 0.462022 
0.057405 0.006135 0.491768 
0.015330 0.008830 0.967010 0.008830 
0.250000 0.250000 0.250000 0.250000 
  81
0.479817 0.005880 0.046210 
0.462778 0.987985 0.462022 
0.057405 0.006135 0.491768 
0.012866 0.008830 0.954070 0.024234 
0.250000 0.250000 0.250000 0.250000 
  82
0.479817 0.005880 0.046210 
0.462778 0.987985 0.462022 
0.057405 0.006135 0.491768 
0.015330 0.967010 0.008830 0.008830 
0.250000 0.250000 0.250000 0.250000 
  83
0.479817 0.005880 0.046210 
0.462778 0.987985 0.462022 
0.057405 0.006135 0.491768 
0.008830 0.973510 0.008830 0.008830 
0.250000 0.250000 0.250000 0.250000 
  84
0.479817 0.005880 0.046210 
0.462778 0.987985 0.462022 
0.057405 0.006135 0.491768 
0.008830 0.010415 0.008830 0.971925 
0.250000 0.250000 0.250000 0.250000 
  85
0.479817 0.005880 0.046210 
0.462778 0.987985 0.462022 
0.057405 0.006135 0.491768 
0.008830 0.973510 0.008830 0.008830 
0.250000 0.250000 0.250000 0.250000 
  86
0.479817 0.005880 0.046210 
0.462778 0.987985 0.462022 
0.057405 0.006135 0.491768 
0.008830 0.008830 0.010573 0.971767 
0.250000 0.250000 0.250000 0.250000 
  87
0.479817 0.005880 0.046210 
0.462778 0.987985 0.462022 
0.057405 0.006135 0.491768 
0.962995 0.019345 0.008830 0.008830 
0.250000 0.250000 0.250000 0.250000 
  88
0.479817 0.005880 0.046210 
0.462778 0.987985 0.462022 
0.057405 0.006135 0.491768 
0.973510 0.008830 0.008830 0.008830 
0.250000 0.250000 0.250000 0.250000 
  89
0.479817 0.005880 0.046210 
0.462778 0.987985 0.462022 
0.057405 0.006135 0.491768 
0.008830 0.008830 0.008830 0.973510 
0.250000 0.250000 0.250000 0.250000 
  90
0.479817 0.005880 0.046210 
0.462778 0.987985 0.462022 
0.057405 0.006135 0.491768 
0.973510 0.008830 0.008830 0.008830 
0.250000 0.250000 0.250000 0.250000 
  91
0.479817 0.005880 0.046210 
0.462778 0.987985 0.462022 
0.057405 0.006135 0.491768 
0.008830 0.008830 0.971867 0.010474 
0.250000 0.250000 0.250000 0.250000 
  92
0.479817 0.005880 0.046210 
0.462778 0.987985 0.462022 
0.057405 0.006135 0.491768 
0.011428 0.008841 0.970890 0.008841 
0.250000 0.250000 0.250000 0.250000 
  93
0.479817 0.005880 0.046210 
0.462778 0.987985 0.462022 
0.057405 0.006135 0.491768 
0.973510 0.008830 0.008830 0.008830 
0.250000 0.250000 0.250000 0.250000 
  94
0.479817 0.005880 0.046210 
0.462778 0.987985 0.462022 
0.057405 0.006135 0.491768 
0.008830 0.008830 0.973510 0.008830 
0.250000 0.250000 0.250000 0.250000 
  95
0.479817 0.005880 0.046210 
0.462778 0.987985 0.462022 
0.057405 0.006135 0.491768 
0.008830 0.008830 0.008830 0.973510 
0.250000 0.250000 0.250000 0.250000 
  96
0.479817 0.005880 0.046210 
0.462778 0.987985 0.462022 
0.057405 0.006135 0.491768 
0.013740 0.967145 0.008830 0.010285 
0.250000 0.250000 0.250000 0.250000 
  97
0.479817 0.005880 0.046210 
0.462778 0.987985 0.462022 
0.057405 0.006135 0.491768 
0.970671 0.008830 0.008830 0.011669 
0.250000 0.250000 0.250000 0.250000 
  98
0.479817 0.005880 0.046210 
0.462778 0.987985 0.462022 
0.057405 0.006135 0.491768 
0.008830 0.008830 0.973510 0.008830 
0.250000 0.250000 0.250000 0.250000 
  99
0.479817 0.005880 0.046210 
0.462778 0.987985 0.462022 
0.057405 0.006135 0.491768 
0.973510 0.008830 0.008830 0.008830 
0.250000 0.250000 0.250000 0.250000 
 100
0.479817 0.005880 0.046210 
0.462778 0.987985 0.462022 
0.057405 0.006135 0.491768 
0.972053 0.010287 0.008830 0.008830 
0.250000 0.250000 0.250000 0.250000 
 101
0.479817 0.005880 0.046210 
0.462778 0.987985 0.462022 
0.057405 0.006135 0.491768 
0.008830 0.008830 0.973510 0.008830 
0.250000 0.250000 0.250000 0.250000 
 102
0.479817 0.005880 0.046210 
0.462778 0.987985 0.462022 
0.057405 0.006135 0.491768 
0.973510 0.008830 0.008830 0.008830 
0.250000 0.250000 0.250000 0.250000 
 103
0.479817 0.005880 0.046210 
0.462778 0.987985 0.462022 
0.057405 0.006135 0.491768 
0.973510 0.008830 0.008830 0.008830 
0.250000 0.250000 0.250000 0.250000 
 104
0.479817 0.005880 0.046210 
0.462778 0.987985 0.462022 
0.057405 0.006135 0.491768 
0.008830 0.008830 0.973510 0.008830 
0.250000 0.250000 0.250000 0.250000 
 105
0.479817 0.005880 0.046210 
0.462778 0.987985 0.462022 
0.057405 0.006135 0.491768 
0.973510 0.008830 0.008830 0.008830 
0.250000 0.250000 0.250000 0.250000 
 106
0.479817 0.005880 0.046210 
0.462778 0.987985 0.462022 
0.057405 0.006135 0.491768 
0.008830 0.008830 0.973510 0.008830 
0.250000 0.250000 0.250000 0.250000 
 107
0.479817 0.005880 0.046210 
0.462778 0.987985 0.462022 
0.057405 0.006135 0.491768 
0.008830 0.008830 0.973510 0.008830 
0.250000 0.250000 0.250000 0.250000 
 108
0.479817 0.005880 0.046210 
0.462778 0.987985 0.462022 
0.057405 0.006135 0.491768 
0.010261 0.008830 0.969706 0.011203 
0.250000 0.250000 0.250000 0.250000 
 109
0.479817 0.005880 0.046210 
0.462778 0.987985 0.462022 
0.057405 0.006135 0.491768 
0.973510 0.008830 0.008830 0.008830 
0.250000 0.250000 0.250000 0.250000 
 110
0.479817 0.005880 0.046210 
0.462778 0.987985 0.462022 
0.057405 0.006135 0.491768 
0.008830 0.008830 0.972137 0.010203 
0.250000 0.250000 0.250000 0.250000 
 111
0.479817 0.005880 0.046210 
0.462778 0.987985 0.462022 
0.057405 0.006135 0.491768 
0.008841 0.008841 0.971633 0.010685 
0.250000 0.250000 0.250000 0.250000 
 112
0.479817 0.005880 0.046210 
0.462778 0.987985 0.462022 
0.057405 0.006135 0.491768 
0.973510 0.008830 0.008830 0.008830 
0.250000 0.250000 0.250000 0.250000 
 113
0.479817 0.005880 0.046210 
0.462778 0.987985 0.462022 
0.057405 0.006135 0.491768 
0.972130 0.010210 0.008830 0.008830 
0.250000 0.250000 0.250000 0.250000 
 114
0.479817 0.005880 0.046210 
0.462778 0.987985 0.462022 
0.057405 0.006135 0.491768 
0.973510 0.008830 0.008830 0.008830 
0.250000 0.250000 0.250000 0.250000 
 115
0.479817 0.005880 0.046210 
0.462778 0.987985 0.462022 
0.057405 0.006135 0.491768 
0.008830 0.008830 0.008830 0.973510 
0.250000 0.250000 0.250000 0.250000 
 116
0.479817 0.005880 0.046210 
0.462778 0.987985 0.462022 
0.057405 0.006135 0.491768 
0.008830 0.008830 0.973510 0.008830 
0.250000 0.250000 0.250000 0.250000 
 117
0.479817 0.005880 0.046210 
0.462778 0.987985 0.462022 
0.057405 0.006135 0.491768 
0.008830 0.008830 0.008830 0.973510 
0.250000 0.250000 0.250000 0.250000 
 118
0.479817 0.005880 0.046210 
0.462778 0.987985 0.462022 
0.057405 0.006135 0.491768 
0.008830 0.008830 0.973510 0.008830 
0.250000 0.250000 0.250000 0.250000 
 119
0.479817 0.005880 0.046210 
0.462778 0.987985 0.462022 
0.057405 0.006135 0.491768 
0.973510 0.008830 0.008830 0.008830 
0.250000 0.250000 0.250000 0.250000 
 120
0.479817 0.005880 0.046210 
0.462778 0.987985 0.462022 
0.057405 0.006135 0.491768 
0.008830 0.008830 0.010380 0.971960 
0.250000 0.250000 0.250000 0.250000 
 121
0.479817 0.005880 0.046210 
0.462778 0.987985 0.462022 
0.057405 0.006135 0.491768 
0.008830 0.008830 0.008830 0.973510 
0.250000 0.250000 0.250000 0.250000 
 122
0.479817 0.005880 0.046210 
0.462778 0.987985 0.462022 
0.057405 0.006135 0.491768 
0.008830 0.008830 0.008830 0.973510 
0.250000 0.250000 0.250000 0.250000 
 123
0.479817 0.005880 0.046210 
0.462778 0.987985 0.462022 
0.057405 0.006135 0.491768 
0.008830 0.008830 0.008830 0.973510 
0.250000 0.250000 0.250000 0.250000 
 124
0.479817 0.005880 0.046210 
0.462778 0.987985 0.462022 
0.057405 0.006135 0.491768 
0.008830 0.972032 0.008830 0.010309 
0.250000 0.250000 0.250000 0.250000 
 125
0.479817 0.005880 0.046210 
0.462778 0.987985 0.462022 
0.057405 0.006135 0.491768 
0.008830 0.008830 0.973510 0.008830 
0.250000 0.250000 0.250000 0.250000 
 126
0.479817 0.005880 0.046210 
0.462778 0.987985 0.462022 
0.057405 0.006135 0.491768 
0.973510 0.008830 0.008830 0.008830 
0.250000 0.250000 0.250000 0.250000 
 127
0.479817 0.005880 0.046210 
0.462778 0.987985 0.462022 
0.057405 0.006135 0.491768 
0.973510 0.008830 0.008830 0.008830 
0.250000 0.250000 0.250000 0.250000 
 128
0.479817 0.005880 0.046210 
0.462778 0.987985 0.462022 
0.057405 0.006135 0.491768 
0.970468 0.010379 0.010324 0.008830 
0.250000 0.250000 0.250000 0.250000 
 129
0.479817 0.005880 0.046210 
0.462778 0.987985 0.462022 
0.057405 0.006135 0.491768 
0.008830 0.008830 0.010995 0.971345 
0.250000 0.250000 0.250000 0.250000 
 130
0.479817 0.005880 0.046210 
0.462778 0.987985 0.462022 
0.057405 0.006135 0.491768 
0.008841 0.008841 0.973477 0.008841 
0.250000 0.250000 0.250000 0.250000 
 131
0.479817 0.005880 0.046210 
0.462778 0.987985 0.462022 
0.057405 0.006135 0.491768 
0.008830 0.008830 0.008830 0.973510 
0.250000 0.250000 0.250000 0.250000 
 132
0.479817 0.005880 0.046210 
0.462778 0.987985 0.462022 
0.057405 0.006135 0.491768 
0.010102 0.008830 0.969602 0.011467 
0.250000 0.250000 0.250000 0.250000 
 133
0.479817 0.005880 0.046210 
0.462778 0.987985 0.462022 
0.057405 0.006135 0.491768 
0.973510 0.008830 0.008830 0.008830 
0.250000 0.250000 0.250000 0.250000 
 134
0.479817 0.005880 0.046210 
0.462778 0.987985 0.462022 
0.057405 0.006135 0.491768 
0.973510 0.008830 0.008830 0.008830 
0.250000 0.250000 0.250000 0.250000 
 135
0.479817 0.005880 0.046210 
0.462778 0.987985 0.462022 
0.057405 0.006135 0.491768 
0.973510 0.008830 0.008830 0.008830 
0.250000 0.250000 0.250000 0.250000 
 136
0.479817 0.005880 0.046210 
0.462778 0.987985 0.462022 
0.057405 0.006135 0.491768 
0.008830 0.973510 0.008830 0.008830 
0.250000 0.250000 0.250000 0.250000 
 137
0.479817 0.005880 0.046210 
0.462778 0.987985 0.462022 
0.057405 0.006135 0.491768 
0.008830 0.973510 0.008830 0.008830 
0.250000 0.250000 0.250000 0.250000 
 138
0.479817 0.005880 0.046210 
0.462778 0.987985 0.462022 
0.057405 0.006135 0.491768 
0.973510 0.008830 0.008830 0.008830 
0.250000 0.250000 0.250000 0.250000 
 139
0.479817 0.005880 0.046210 
0.462778 0.987985 0.462022 
0.057405 0.006135 0.491768 
0.973510 0.008830 0.008830 0.008830 
0.250000 0.250000 0.250000 0.250000 
 140
0.479817 0.005880 0.046210 
0.462778 0.987985 0.462022 
0.057405 0.006135 0.491768 
0.008830 0.008830 0.973510 0.008830 
0.250000 0.250000 0.250000 0.250000 
 141
0.479817 0.005880 0.046210 
0.462778 0.987985 0.462022 
0.057405 0.006135 0.491768 
0.972008 0.010332 0.008830 0.008830 
0.250000 0.250000 0.250000 0.250000 
 142
0.479817 0.005880 0.046210 
0.462778 0.987985 0.462022 
0.057405 0.006135 0.491768 
0.013524 0.968817 0.008830 0.008830 
0.250000 0.250000 0.250000 0.250000 
 143
0.479817 0.005880 0.046210 
0.462778 0.987985 0.462022 
0.057405 0.006135 0.491768 
0.973510 0.008830 0.008830 0.008830 
0.250000 0.250000 0.250000 0.250000 
 144
0.479817 0.005880 0.046210 
0.462778 0.987985 0.462022 
0.057405 0.006135 0.491768 
0.973510 0.008830 0.008830 0.008830 
0.250000 0.250000 0.250000 0.250000 
 145
0.479817 0.005880 0.046210 
0.462778 0.987985 0.462022 
0.057405 0.006135 0.491768 
0.973510 0.008830 0.008830 0.008830 
0.250000 0.250000 0.250000 0.250000 
 146
0.479817 0.005880 0.046210 
0.462778 0.987985 0.462022 
0.057405 0.006135 0.491768 
0.008830 0.008830 0.973510 0.008830 
0.250000 0.250000 0.250000 0.250000 
 147
0.479817 0.005880 0.046210 
0.462778 0.987985 0.462022 
0.057405 0.006135 0.491768 
0.008830 0.008830 0.973510 0.008830 
0.250000 0.250000 0.250000 0.250000 
 148
0.479817 0.005880 0.046210 
0.462778 0.987985 0.462022 
0.057405 0.006135 0.491768 
0.973510 0.008830 0.008830 0.008830 
0.250000 0.250000 0.250000 0.250000 
 149
0.479817 0.005880 0.046210 
0.462778 0.987985 0.462022 
0.057405 0.006135 0.491768 
0.008830 0.973510 0.008830 0.008830 
0.250000 0.250000 0.250000 0.250000 
 150
0.479817 0.005880 0.046210 
0.462778 0.987985 0.462022 
0.057405 0.006135 0.491768 
0.025332 0.957008 0.008830 0.008830 
0.250000 0.250000 0.250000 0.250000 
 151
0.479817 0.005880 0.046210 
0.462778 0.987985 0.462022 
0.057405 0.006135 0.491768 
0.008830 0.973510 0.008830 0.008830 
0.250000 0.250000 0.250000 0.250000 
 152
0.479817 0.005880 0.046210 
0.462778 0.987985 0.462022 
0.057405 0.006135 0.491768 
0.008830 0.973510 0.008830 0.008830 
0.250000 0.250000 0.250000 0.250000 
 153
0.479817 0.005880 0.046210 
0.462778 0.987985 0.462022 
0.057405 0.006135 0.491768 
0.010803 0.971538 0.008830 0.008830 
0.250000 0.250000 0.250000 0.250000 
 154
0.479817 0.005880 0.046210 
0.462778 0.987985 0.462022 
0.057405 0.006135 0.491768 
0.973510 0.008830 0.008830 0.008830 
0.250000 0.250000 0.250000 0.250000 
 155
0.479817 0.005880 0.046210 
0.462778 0.987985 0.462022 
0.057405 0.006135 0.491768 
0.973510 0.008830 0.008830 0.008830 
0.250000 0.250000 0.250000 0.250000 
 156
0.479817 0.005880 0.046210 
0.462778 0.987985 0.462022 
0.057405 0.006135 0.491768 
0.942727 0.008830 0.039613 0.008830 
0.250000 0.250000 0.250000 0.250000 
 157
0.479817 0.005880 0.046210 
0.462778 0.987985 0.462022 
0.057405 0.006135 0.491768 
0.008830 0.008830 0.969492 0.012848 
0.250000 0.250000 0.250000 0.250000 
 158
0.479817 0.005880 0.046210 
0.462778 0.987985 0.462022 
0.057405 0.006135 0.491768 
0.008830 0.008830 0.008830 0.973510 
0.250000 0.250000 0.250000 0.250000 
 159
0.479817 0.005880 0.046210 
0.462778 0.987985 0.462022 
0.057405 0.006135 0.491768 
0.973510 0.008830 0.008830 0.008830 
0.250000 0.250000 0.250000 0.250000 
 160
0.479817 0.005880 0.046210 
0.462778 0.987985 0.462022 
0.057405 0.006135 0.491768 
0.008830 0.008830 0.008830 0.973510 
0.250000 0.250000 0.250000 0.250000 
 161
0.479817 0.005880 0.046210 
0.462778 0.987985 0.462022 
0.057405 0.006135 0.491768 
0.008830 0.973510 0.008830 0.008830 
0.250000 0.250000 0.250000 0.250000 
 162
0.479817 0.005880 0.046210 
0.462778 0.987985 0.462022 
0.057405 0.006135 0.491768 
0.008830 0.008830 0.972149 0.010191 
0.250000 0.250000 0.250000 0.250000 
 163
0.479817 0.005880 0.046210 
0.462778 0.987985 0.462022 
0.057405 0.006135 0.491768 
0.008830 0.008830 0.973510 0.008830 
0.250000 0.250000 0.250000 0.250000 
 164
0.479817 0.005880 0.046210 
0.462778 0.987985 0.462022 
0.057405 0.006135 0.491768 
0.008830 0.008830 0.973510 0.008830 
0.250000 0.250000 0.250000 0.250000 
 165
0.479817 0.005880 0.046210 
0.462778 0.987985 0.462022 
0.057405 0.006135 0.491768 
0.973510 0.008830 0.008830 0.008830 
0.250000 0.250000 0.250000 0.250000 
 166
0.479817 0.005880 0.046210 
0.462778 0.987985 0.462022 
0.057405 0.006135 0.491768 
0.969380 0.012961 0.008830 0.008830 
0.250000 0.250000 0.250000 0.250000 
 167
0.479817 0.005880 0.046210 
0.462778 0.987985 0.462022 
0.057405 0.006135 0.491768 
0.973510 0.008830 0.008830 0.008830 
0.250000 0.250000 0.250000 0.250000 
 168
0.479817 0.005880 0.046210 
0.462778 0.987985 0.462022 
0.057405 0.006135 0.491768 
0.970332 0.011988 0.008840 0.008840 
0.250000 0.250000 0.250000 0.250000 
 169
0.479817 0.005880 0.046210 
0.462778 0.987985 0.462022 
0.057405 0.006135 0.491768 
0.008830 0.008830 0.008830 0.973510 
0.250000 0.250000 0.250000 0.250000 
 170
0.479817 0.005880 0.046210 
0.462778 0.987985 0.462022 
0.057405 0.006135 0.491768 
0.008830 0.973510 0.008830 0.008830 
0.250000 0.250000 0.250000 0.250000 
 171
0.479817 0.005880 0.046210 
0.462778 0.987985 0.462022 
0.057405 0.006135 0.491768 
0.008830 0.008830 0.973510 0.008830 
0.250000 0.250000 0.250000 0.250000 
 172
0.479817 0.005880 0.046210 
0.462778 0.987985 0.462022 
0.057405 0.006135 0.491768 
0.008830 0.008830 0.965880 0.016461 
0.250000 0.250000 0.250000 0.250000 
 173
0.479817 0.005880 0.046210 
0.462778 0.987985 0.462022 
0.057405 0.006135 0.491768 
0.008830 0.008830 0.012359 0.969981 
0.250000 0.250000 0.250000 0.250000 
 174
0.479817 0.005880 0.046210 
0.462778 0.987985 0.462022 
0.057405 0.006135 0.491768 
0.012696 0.008830 0.967953 0.010521 
0.250000 0.250000 0.250000 0.250000 
 175
0.479817 0.005880 0.046210 
0.462778 0.987985 0.462022 
0.057405 0.006135 0.491768 
0.973510 0.008830 0.008830 0.008830 
0.250000 0.250000 0.250000 0.250000 
 176
0.479817 0.005880 0.046210 
0.462778 0.987985 0.462022 
0.057405 0.006135 0.491768 
0.973510 0.008830 0.008830 0.008830 
0.250000 0.250000 0.250000 0.250000 
 177
0.479817 0.005880 0.046210 
0.462778 0.987985 0.462022 
0.057405 0.006135 0.491768 
0.008830 0.008830 0.970909 0.011431 
0.250000 0.250000 0.250000 0.250000 
 178
0.479817 0.005880 0.046210 
0.462778 0.987985 0.462022 
0.057405 0.006135 0.491768 
0.008830 0.008830 0.008830 0.973510 
0.250000 0.250000 0.250000 0.250000 
 179
0.479817 0.005880 0.046210 
0.462778 0.987985 0.462022 
0.057405 0.006135 0.491768 
0.008830 0.973510 0.008830 0.008830 
0.250000 0.250000 0.250000 0.250000 
 180
0.479817 0.005880 0.046210 
0.462778 0.987985 0.462022 
0.057405 0.006135 0.491768 
0.008845 0.008845 0.971951 0.010358 
0.250000 0.250000 0.250000 0.250000 
 181
0.479817 0.005880 0.046210 
0.462778 0.987985 0.462022 
0.057405 0.006135 0.491768 
0.973510 0.008830 0.008830 0.008830 
0.250000 0.250000 0.250000 0.250000 
 182
0.479817 0.005880 0.046210 
0.462778 0.987985 0.462022 
0.057405 0.006135 0.491768 
0.008830 0.008830 0.973510 0.008830 
0.250000 0.250000 0.250000 0.250000 
 183
0.479817 0.005880 0.046210 
0.462778 0.987985 0.462022 
0.057405 0.006135 0.491768 
0.973510 0.008830 0.008830 0.008830 
0.250000 0.250000 0.250000 0.250000 
 184
0.479817 0.005880 0.046210 
0.462778 0.987985 0.462022 
0.057405 0.006135 0.491768 
0.008830 0.973510 0.008830 0.008830 
0.250000 0.250000 0.250000 0.250000 
 185
0.479817 0.005880 0.046210 
0.462778 0.987985 0.462022 
0.057405 0.006135 0.491768 
0.973510 0.008830 0.008830 0.008830 
0.250000 0.250000 0.250000 0.250000 
 186
0.479817 0.005880 0.046210 
0.462778 0.987985 0.462022 
0.057405 0.006135 0.491768 
0.008830 0.008830 0.008830 0.973510 
0.250000 0.250000 0.250000 0.250000 
 187
0.479817 0.005880 0.046210 
0.462778 0.987985 0.462022 
0.057405 0.006135 0.491768 
0.008830 0.008830 0.970929 0.011412 
0.250000 0.250000 0.250000 0.250000 
 188
0.479817 0.005880 0.046210 
0.462778 0.987985 0.462022 
0.057405 0.006135 0.491768 
0.008830 0.008830 0.008830 0.973510 
0.250000 0.250000 0.250000 0.250000 
 189
0.479817 0.005880 0.046210 
0.462778 0.987985 0.462022 
0.057405 0.006135 0.491768 
0.010099 0.970880 0.008830 0.010191 
0.250000 0.250000 0.250000 0.250000 
 190
0.479817 0.005880 0.046210 
0.462778 0.987985 0.462022 
0.057405 0.006135 0.491768 
0.008830 0.973510 0.008830 0.008830 
0.250000 0.250000 0.250000 0.250000 
 191
0.479817 0.005880 0.046210 
0.462778 0.987985 0.462022 
0.057405 0.006135 0.491768 
0.973510 0.008830 0.008830 0.008830 
0.250000 0.250000 0.250000 0.250000 
 192
0.479817 0.005880 0.046210 
0.462778 0.987985 0.462022 
0.057405 0.006135 0.491768 
0.008830 0.008830 0.008830 0.973510 
0.250000 0.250000 0.250000 0.250000 
 193
0.479817 0.005880 0.046210 
0.462778 0.987985 0.462022 
0.057405 0.006135 0.491768 
0.008830 0.973510 0.008830 0.008830 
0.250000 0.250000 0.250000 0.250000 
 194
0.479817 0.005880 0.046210 
0.462778 0.987985 0.462022 
0.057405 0.006135 0.491768 
0.008830 0.008830 0.008830 0.973510 
0.250000 0.250000 0.250000 0.250000 
 195
0.479817 0.005880 0.046210 
0.462778 0.987985 0.462022 
0.057405 0.006135 0.491768 
0.973482 0.008839 0.008839 0.008839 
0.250000 0.250000 0.250000 0.250000 
 196
0.479817 0.005880 0.046210 
0.462778 0.987985 0.462022 
0.057405 0.006135 0.491768 
0.011744 0.970596 0.008830 0.008830 
0.250000 0.250000 0.250000 0.250000 
 197
0.479817 0.005880 0.046210 
0.462778 0.987985 0.462022 
0.057405 0.006135 0.491768 
0.008830 0.008830 0.973510 0.008830 
0.250000 0.250000 0.250000 0.250000 
 198
0.479817 0.005880 0.046210 
0.462778 0.987985 0.462022 
0.057405 0.006135 0.491768 
0.010123 0.008830 0.929569 0.051478 
0.250000 0.250000 0.250000 0.250000 
 199
0.479817 0.005880 0.046210 
0.462778 0.987985 0.462022 
0.057405 0.006135 0.491768 
0.008830 0.008830 0.008830 0.973510 
0.250000 0.250000 0.250000 0.250000 
 200
0.479817 0.005880 0.046210 
0.462778 0.987985 0.462022 
0.057405 0.006135 0.491768 
0.008830 0.008830 0.008830 0.973510 
0.250000 0.250000 0.250000 0.250000 
 201
0.479817 0.005880 0.046210 
0.462778 0.987985 0.462022 
0.057405 0.006135 0.491768 
0.011318 0.971023 0.008830 0.008830 
0.250000 0.250000 0.250000 0.250000 
 202
0.479817 0.005880 0.046210 
0.462778 0.987985 0.462022 
0.057405 0.006135 0.491768 
0.013121 0.969220 0.008830 0.008830 
0.250000 0.250000 0.250000 0.250000 
 203
0.479817 0.005880 0.046210 
0.462778 0.987985 0.462022 
0.057405 0.006135 0.491768 
0.008830 0.973510 0.008830 0.008830 
0.250000 0.250000 0.250000 0.250000 
 204
0.479817 0.005880 0.046210 
0.462778 0.987985 0.462022 
0.057405 0.006135 0.491768 
0.008830 0.008830 0.973510 0.008830 
0.250000 0.250000 0.250000 0.250000 
 205
0.479817 0.005880 0.046210 
0.462778 0.987985 0.462022 
0.057405 0.006135 0.491768 
0.971643 0.010697 0.008830 0.008830 
0.250000 0.250000 0.250000 0.250000 
 206
0.479817 0.005880 0.046210 
0.462778 0.987985 0.462022 
0.057405 0.006135 0.491768 
0.008830 0.973510 0.008830 0.008830 
0.250000 0.250000 0.250000 0.250000 
 207
0.479817 0.005880 0.046210 
0.462778 0.987985 0.462022 
0.057405 0.006135 0.491768 
0.967375 0.014965 0.008830 0.008830 
0.250000 0.250000 0.250000 0.250000 
 208
0.479817 0.005880 0.046210 
0.462778 0.987985 0.462022 
0.057405 0.006135 0.491768 
0.008830 0.008830 0.973510 0.008830 
0.250000 0.250000 0.250000 0.250000 
 209
0.479817 0.005880 0.046210 
0.462778 0.987985 0.462022 
0.057405 0.006135 0.491768 
0.008830 0.008830 0.973510 0.008830 
0.250000 0.250000 0.250000 0.250000 
 210
0.479817 0.005880 0.046210 
0.462778 0.987985 0.462022 
0.057405 0.006135 0.491768 
0.973510 0.008830 0.008830 0.008830 
0.250000 0.250000 0.250000 0.250000 
 211
0.479817 0.005880 0.046210 
0.462778 0.987985 0.462022 
0.057405 0.006135 0.491768 
0.973510 0.008830 0.008830 0.008830 
0.250000 0.250000 0.250000 0.250000 
 212
0.479817 0.005880 0.046210 
0.462778 0.987985 0.462022 
0.057405 0.006135 0.491768 
0.973510 0.008830 0.008830 0.008830 
0.250000 0.250000 0.250000 0.250000 
 213
0.479817 0.005880 0.046210 
0.462778 0.987985 0.462022 
0.057405 0.006135 0.491768 
0.973510 0.008830 0.008830 0.008830 
0.250000 0.250000 0.250000 0.250000 
 214
0.479817 0.005880 0.046210 
0.462778 0.987985 0.462022 
0.057405 0.006135 0.491768 
0.008830 0.008830 0.008830 0.973510 
0.250000 0.250000 0.250000 0.250000 
 215
0.479817 0.005880 0.046210 
0.462778 0.987985 0.462022 
0.057405 0.006135 0.491768 
0.008830 0.973510 0.008830 0.008830 
0.250000 0.250000 0.250000 0.250000 
 216
0.479817 0.005880 0.046210 
0.462778 0.987985 0.462022 
0.057405 0.006135 0.491768 
0.008830 0.008830 0.955604 0.026736 
0.250000 0.250000 0.250000 0.250000 
 217
0.479817 0.005880 0.046210 
0.462778 0.987985 0.462022 
0.057405 0.006135 0.491768 
0.970909 0.011432 0.008830 0.008830 
0.250000 0.250000 0.250000 0.250000 
 218
0.479817 0.005880 0.046210 
0.462778 0.987985 0.462022 
0.057405 0.006135 0.491768 
0.012499 0.008830 0.968437 0.010235 
0.250000 0.250000 0.250000 0.250000 
 219
0.479817 0.005880 0.046210 
0.462778 0.987985 0.462022 
0.057405 0.006135 0.491768 
0.971538 0.008830 0.008830 0.010803 
0.250000 0.250000 0.250000 0.250000 
 220
0.479817 0.005880 0.046210 
0.462778 0.987985 0.462022 
0.057405 0.006135 0.491768 
0.008830 0.973510 0.008830 0.008830 
0.250000 0.250000 0.250000 0.250000 
 221
0.479817 0.005880 0.046210 
0.462778 0.987985 0.462022 
0.057405 0.006135 0.491768 
0.022078 0.960262 0.008830 0.008830 
0.250000 0.250000 0.250000 0.250000 
 222
0.479817 0.005880 0.046210 
0.462778 0.987985 0.462022 
0.057405 0.006135 0.491768 
0.011718 0.970623 0.008830 0.008830 
0.250000 0.250000 0.250000 0.250000 
 223
0.479817 0.005880 0.046210 
0.462778 0.987985 0.462022 
0.057405 0.006135 0.491768 
0.969937 0.012403 0.008830 0.008830 
0.250000 0.250000 0.250000 0.250000 
 224
0.479817 0.005880 0.046210 
0.462778 0.987985 0.462022 
0.057405 0.006135 0.491768 
0.973510 0.008830 0.008830 0.008830 
0.250000 0.250000 0.250000 0.250000 
 225
0.479817 0.005880 0.046210 
0.462778 0.987985 0.462022 
0.057405 0.006135 0.491768 
0.972029 0.010311 0.008830 0.008830 
0.250000 0.250000 0.250000 0.250000 
 226
0.479817 0.005880 0.046210 
0.462778 0.987985 0.462022 
0.057405 0.006135 0.491768 
0.973510 0.008830 0.008830 0.008830 
0.250000 0.250000 0.250000 0.250000 
 227
0.479817 0.005880 0.046210 
0.462778 0.987985 0.462022 
0.057405 0.006135 0.491768 
0.008830 0.008830 0.013915 0.968425 
0.250000 0.250000 0.250000 0.250000 
 228
0.479817 0.005880 0.046210 
0.462778 0.987985 0.462022 
0.057405 0.006135 0.491768 
0.973510 0.008830 0.008830 0.008830 
0.250000 0.250000 0.250000 0.250000 
 229
0.479817 0.005880 0.046210 
0.462778 0.987985 0.462022 
0.057405 0.006135 0.491768 
0.008830 0.008830 0.973510 0.008830 
0.250000 0.250000 0.250000 0.250000 
 230
0.479817 0.005880 0.046210 
0.462778 0.987985 0.462022 
0.057405 0.006135 0.491768 
0.008830 0.008830 0.973510 0.008830 
0.250000 0.250000 0.250000 0.250000 
 231
0.479817 0.005880 0.046210 
0.462778 0.987985 0.462022 
0.057405 0.006135 0.491768 
0.008830 0.008830 0.972148 0.010192 
0.250000 0.250000 0.250000 0.250000 
 232
0.479817 0.005880 0.046210 
0.462778 0.987985 0.462022 
0.057405 0.006135 0.491768 
0.008830 0.008830 0.008830 0.973510 
0.250000 0.250000 0.250000 0.250000 
 233
0.479817 0.005880 0.046210 
0.462778 0.987985 0.462022 
0.057405 0.006135 0.491768 
0.008840 0.008840 0.973481 0.008840 
0.250000 0.250000 0.250000 0.250000 
 234
0.479817 0.005880 0.046210 
0.462778 0.987985 0.462022 
0.057405 0.006135 0.491768 
0.010617 0.008830 0.010154 0.970399 
0.250000 0.250000 0.250000 0.250000 
 235
0.479817 0.005880 0.046210 
0.462778 0.987985 0.462022 
0.057405 0.006135 0.491768 
0.008830 0.973510 0.008830 0.008830 
