%  SAM: /scicomp/home/vfn4/nomen/label/LABEL_RES/scripts/modelfromalign_Linux v3.5 (July 15, 2005) compiled 12/08/06_16:15:55
%  (c) 1992-2001 Regents of the University of California, Santa Cruz
%
%          Sequence Alignment and Modeling Software System
%         http://www.cse.ucsc.edu/research/compbio/sam.html
%
% ----------------- Citations (SAM, SAM-T2K, HMMs) --------------------
% R. Hughey, A. Krogh, Hidden Markov models for sequence analysis:
%  Extension and analysis of the basic method, CABIOS 12:95-107, 1996.
% K. Karplus, et al., What is the value added by human intervention in protein
%  structure prediction, Proteins: Stucture, Function, Genetics 45(S5):86--91, 2001.
% A. Krogh et al., Hidden Markov models in computational biology:
%  Applications to protein modeling, JMB 235:1501-1531, Feb 1994.
% ---------------------------------------------------------------------
%  V1A_hmm   Host: id-dev-03    Fri Nov  1 14:25:17 2019
%  vfn4      Dir:  /scicomp/groups/OID/NCIRD/ID-OD/ID_nomenclatures/B_HA/B_HAv2019R1/base
% ---------------------------------------------------------------------
%  Alignment weights from internal calc.  Total (75.50) Max (0.20) Min (0.01)
%  Weights from alignment method 1 (karplus), b=-1.000000, e=0.500000
MODEL --  Model from alignment file /scicomp/home/vfn4/nomen/label/LABEL_RES/training_data/B-del/V1A.fasta
alphabet DNA
FREQAVE
0.000000 0.000000 0.000000 
0.000000 0.000000 0.000000 
0.000000 0.000000 0.000000 
0.335755 0.217985 0.219168 0.227092 
0.335755 0.217985 0.219168 0.227092 
Begin
0.000000 0.000000 0.000000 
0.000000 0.000000 0.000000 
0.000000 0.002905 0.491768 
0.250000 0.250000 0.250000 0.250000 
0.250000 0.250000 0.250000 0.250000 
   1
0.000000 0.008459 0.046210 
0.000000 0.988635 0.462022 
0.050708 0.002922 0.491768 
0.003290 0.990129 0.003290 0.003290 
0.250000 0.250000 0.250000 0.250000 
   2
0.540508 0.002801 0.046210 
0.408785 0.994277 0.462022 
0.050708 0.002922 0.491768 
0.989698 0.003290 0.003290 0.003722 
0.250000 0.250000 0.250000 0.250000 
   3
0.540508 0.002801 0.046210 
0.408785 0.994277 0.462022 
0.050708 0.002922 0.491768 
0.003291 0.003291 0.011385 0.982032 
0.250000 0.250000 0.250000 0.250000 
   4
0.486993 0.002801 0.046210 
0.462299 0.994277 0.462022 
0.053575 0.002914 0.491768 
0.010617 0.003281 0.982821 0.003281 
0.250000 0.250000 0.250000 0.250000 
   5
0.512502 0.002794 0.046210 
0.433924 0.994292 0.462022 
0.053683 0.002914 0.491768 
0.003280 0.990161 0.003280 0.003280 
0.250000 0.250000 0.250000 0.250000 
   6
0.511514 0.002793 0.046210 
0.434803 0.994292 0.462022 
0.053793 0.002914 0.491768 
0.974736 0.018705 0.003279 0.003279 
0.250000 0.250000 0.250000 0.250000 
   7
0.509916 0.002793 0.046210 
0.436291 0.994293 0.462022 
0.053935 0.002914 0.491768 
0.987165 0.006277 0.003279 0.003279 
0.250000 0.250000 0.250000 0.250000 
   8
0.511264 0.002793 0.046210 
0.434801 0.994294 0.462022 
0.053935 0.002914 0.491768 
0.003279 0.003279 0.003279 0.990163 
0.250000 0.250000 0.250000 0.250000 
   9
0.511264 0.002793 0.046210 
0.434801 0.994294 0.462022 
0.053935 0.002914 0.491768 
0.003616 0.004126 0.987993 0.004266 
0.250000 0.250000 0.250000 0.250000 
  10
0.506153 0.002793 0.046210 
0.439913 0.994294 0.462022 
0.054212 0.002913 0.491768 
0.003278 0.003278 0.003278 0.990166 
0.250000 0.250000 0.250000 0.250000 
  11
0.508753 0.002792 0.046210 
0.437035 0.994295 0.462022 
0.054212 0.002913 0.491768 
0.003278 0.990166 0.003278 0.003278 
0.250000 0.250000 0.250000 0.250000 
  12
0.506324 0.002792 0.046210 
0.439464 0.994295 0.462022 
0.054344 0.002913 0.491768 
0.003278 0.003278 0.989573 0.003872 
0.250000 0.250000 0.250000 0.250000 
  13
0.504812 0.002792 0.046210 
0.440844 0.994296 0.462022 
0.054493 0.002912 0.491768 
0.990169 0.003277 0.003277 0.003277 
0.250000 0.250000 0.250000 0.250000 
  14
0.506202 0.002791 0.046210 
0.439305 0.994296 0.462022 
0.054493 0.002912 0.491768 
0.003962 0.003277 0.989484 0.003277 
0.250000 0.250000 0.250000 0.250000 
  15
0.506202 0.002791 0.046210 
0.439305 0.994296 0.462022 
0.054493 0.002912 0.491768 
0.004018 0.003567 0.006722 0.985694 
0.250000 0.250000 0.250000 0.250000 
  16
0.506202 0.002791 0.046210 
0.439305 0.994296 0.462022 
0.054493 0.002912 0.491768 
0.003277 0.990169 0.003277 0.003277 
0.250000 0.250000 0.250000 0.250000 
  17
0.500472 0.002791 0.046210 
0.445035 0.994296 0.462022 
0.054808 0.002911 0.491768 
0.003276 0.990172 0.003276 0.003276 
0.250000 0.250000 0.250000 0.250000 
  18
0.503356 0.002791 0.046210 
0.441836 0.994298 0.462022 
0.054808 0.002911 0.491768 
0.008567 0.983107 0.003543 0.004783 
0.250000 0.250000 0.250000 0.250000 
  19
0.493094 0.002791 0.046210 
0.452098 0.994298 0.462022 
0.055376 0.002910 0.491768 
0.989055 0.004397 0.003274 0.003274 
0.250000 0.250000 0.250000 0.250000 
  20
0.498207 0.002789 0.046210 
0.446418 0.994301 0.462022 
0.055376 0.002910 0.491768 
0.003274 0.003274 0.003740 0.989711 
0.250000 0.250000 0.250000 0.250000 
  21
0.498207 0.002789 0.046210 
0.446418 0.994301 0.462022 
0.055376 0.002910 0.491768 
0.989755 0.003274 0.003696 0.003274 
0.250000 0.250000 0.250000 0.250000 
  22
0.488854 0.002789 0.046210 
0.455770 0.994301 0.462022 
0.055899 0.002909 0.491768 
0.988926 0.004529 0.003273 0.003273 
0.250000 0.250000 0.250000 0.250000 
  23
0.491343 0.002788 0.046210 
0.452758 0.994303 0.462022 
0.056018 0.002909 0.491768 
0.003273 0.003273 0.990180 0.003273 
0.250000 0.250000 0.250000 0.250000 
  24
0.492390 0.002788 0.046210 
0.451592 0.994303 0.462022 
0.056018 0.002909 0.491768 
0.988878 0.004578 0.003272 0.003272 
0.250000 0.250000 0.250000 0.250000 
  25
0.487753 0.002788 0.046210 
0.456229 0.994303 0.462022 
0.056279 0.002908 0.491768 
0.003271 0.003271 0.003271 0.990186 
0.250000 0.250000 0.250000 0.250000 
  26
0.490026 0.002787 0.046210 
0.453696 0.994305 0.462022 
0.056279 0.002908 0.491768 
0.003272 0.003272 0.990183 0.003272 
0.250000 0.250000 0.250000 0.250000 
  27
0.490026 0.002787 0.046210 
0.453696 0.994305 0.462022 
0.056279 0.002908 0.491768 
0.015226 0.976936 0.003272 0.004566 
0.250000 0.250000 0.250000 0.250000 
  28
0.490026 0.002787 0.046210 
0.453696 0.994305 0.462022 
0.056279 0.002908 0.491768 
0.003271 0.003271 0.003271 0.990186 
0.250000 0.250000 0.250000 0.250000 
  29
0.490026 0.002787 0.046210 
0.453696 0.994305 0.462022 
0.056279 0.002908 0.491768 
0.003271 0.003271 0.989475 0.003982 
0.250000 0.250000 0.250000 0.250000 
  30
0.490026 0.002787 0.046210 
0.453696 0.994305 0.462022 
0.056279 0.002908 0.491768 
0.989199 0.003930 0.003271 0.003600 
0.250000 0.250000 0.250000 0.250000 
  31
0.490026 0.002787 0.046210 
0.453696 0.994305 0.462022 
0.056279 0.002908 0.491768 
0.988741 0.004716 0.003271 0.003271 
0.250000 0.250000 0.250000 0.250000 
  32
0.490026 0.002787 0.046210 
0.453696 0.994305 0.462022 
0.056279 0.002908 0.491768 
0.985260 0.007032 0.003271 0.004436 
0.250000 0.250000 0.250000 0.250000 
  33
0.487899 0.002787 0.046210 
0.455823 0.994305 0.462022 
0.056399 0.002908 0.491768 
0.003795 0.003271 0.983491 0.009444 
0.250000 0.250000 0.250000 0.250000 
  34
0.486345 0.002787 0.046210 
0.457257 0.994305 0.462022 
0.056545 0.002907 0.491768 
0.003271 0.003271 0.003685 0.989773 
0.250000 0.250000 0.250000 0.250000 
  35
0.487609 0.002787 0.046210 
0.455845 0.994306 0.462022 
0.056545 0.002907 0.491768 
0.003271 0.003271 0.990188 0.003271 
0.250000 0.250000 0.250000 0.250000 
  36
0.487609 0.002787 0.046210 
0.455845 0.994306 0.462022 
0.056545 0.002907 0.491768 
0.989286 0.004172 0.003271 0.003271 
0.250000 0.250000 0.250000 0.250000 
  37
0.485119 0.002787 0.046210 
0.458336 0.994306 0.462022 
0.056686 0.002907 0.491768 
0.003270 0.004115 0.989345 0.003270 
0.250000 0.250000 0.250000 0.250000 
  38
0.486330 0.002787 0.046210 
0.456984 0.994306 0.462022 
0.056686 0.002907 0.491768 
0.003271 0.003271 0.990188 0.003271 
0.250000 0.250000 0.250000 0.250000 
  39
0.486330 0.002787 0.046210 
0.456984 0.994306 0.462022 
0.056686 0.002907 0.491768 
0.984514 0.007837 0.004378 0.003270 
0.250000 0.250000 0.250000 0.250000 
  40
0.486330 0.002787 0.046210 
0.456984 0.994306 0.462022 
0.056686 0.002907 0.491768 
0.003270 0.003270 0.989751 0.003709 
0.250000 0.250000 0.250000 0.250000 
  41
0.486330 0.002787 0.046210 
0.456984 0.994306 0.462022 
0.056686 0.002907 0.491768 
0.990189 0.003270 0.003270 0.003270 
0.250000 0.250000 0.250000 0.250000 
  42
0.486330 0.002787 0.046210 
0.456984 0.994306 0.462022 
0.056686 0.002907 0.491768 
0.003270 0.003270 0.004358 0.989102 
0.250000 0.250000 0.250000 0.250000 
  43
0.486330 0.002787 0.046210 
0.456984 0.994306 0.462022 
0.056686 0.002907 0.491768 
0.049417 0.944043 0.003270 0.003270 
0.250000 0.250000 0.250000 0.250000 
  44
0.486330 0.002787 0.046210 
0.456984 0.994306 0.462022 
0.056686 0.002907 0.491768 
0.003271 0.003271 0.005225 0.988232 
0.250000 0.250000 0.250000 0.250000 
  45
0.486330 0.002787 0.046210 
0.456984 0.994306 0.462022 
0.056686 0.002907 0.491768 
0.007743 0.003624 0.980574 0.008059 
0.250000 0.250000 0.250000 0.250000 
  46
0.486330 0.002787 0.046210 
0.456984 0.994306 0.462022 
0.056686 0.002907 0.491768 
0.004644 0.988810 0.003273 0.003273 
0.250000 0.250000 0.250000 0.250000 
  47
0.486330 0.002787 0.046210 
0.456984 0.994306 0.462022 
0.056686 0.002907 0.491768 
0.003270 0.003270 0.003270 0.990189 
0.250000 0.250000 0.250000 0.250000 
  48
0.486330 0.002787 0.046210 
0.456984 0.994306 0.462022 
0.056686 0.002907 0.491768 
0.003825 0.003270 0.987736 0.005169 
0.250000 0.250000 0.250000 0.250000 
  49
0.481669 0.002787 0.046210 
0.461645 0.994306 0.462022 
0.056952 0.002906 0.491768 
0.990192 0.003269 0.003269 0.003269 
0.250000 0.250000 0.250000 0.250000 
  50
0.483924 0.002786 0.046210 
0.459124 0.994308 0.462022 
0.056952 0.002906 0.491768 
0.989759 0.003703 0.003269 0.003269 
0.250000 0.250000 0.250000 0.250000 
  51
0.483924 0.002786 0.046210 
0.459124 0.994308 0.462022 
0.056952 0.002906 0.491768 
0.989671 0.003269 0.003790 0.003269 
0.250000 0.250000 0.250000 0.250000 
  52
0.483924 0.002786 0.046210 
0.459124 0.994308 0.462022 
0.056952 0.002906 0.491768 
0.990192 0.003269 0.003269 0.003269 
0.250000 0.250000 0.250000 0.250000 
  53
0.483924 0.002786 0.046210 
0.459124 0.994308 0.462022 
0.056952 0.002906 0.491768 
0.003269 0.003269 0.990192 0.003269 
0.250000 0.250000 0.250000 0.250000 
  54
0.483924 0.002786 0.046210 
0.459124 0.994308 0.462022 
0.056952 0.002906 0.491768 
0.004250 0.003269 0.005420 0.987060 
0.250000 0.250000 0.250000 0.250000 
  55
0.483924 0.002786 0.046210 
0.459124 0.994308 0.462022 
0.056952 0.002906 0.491768 
0.003269 0.990192 0.003269 0.003269 
0.250000 0.250000 0.250000 0.250000 
  56
0.483924 0.002786 0.046210 
0.459124 0.994308 0.462022 
0.056952 0.002906 0.491768 
0.003269 0.003269 0.989715 0.003746 
0.250000 0.250000 0.250000 0.250000 
  57
0.483924 0.002786 0.046210 
0.459124 0.994308 0.462022 
0.056952 0.002906 0.491768 
0.003588 0.003270 0.009616 0.983526 
0.250000 0.250000 0.250000 0.250000 
  58
0.483924 0.002786 0.046210 
0.459124 0.994308 0.462022 
0.056952 0.002906 0.491768 
0.990192 0.003269 0.003269 0.003269 
0.250000 0.250000 0.250000 0.250000 
  59
0.483924 0.002786 0.046210 
0.459124 0.994308 0.462022 
0.056952 0.002906 0.491768 
0.003269 0.003269 0.990192 0.003269 
0.250000 0.250000 0.250000 0.250000 
  60
0.483924 0.002786 0.046210 
0.459124 0.994308 0.462022 
0.056952 0.002906 0.491768 
0.003667 0.003270 0.008031 0.985032 
0.250000 0.250000 0.250000 0.250000 
  61
0.476029 0.002786 0.046210 
0.467019 0.994308 0.462022 
0.057405 0.002905 0.491768 
0.003685 0.003268 0.989779 0.003268 
0.250000 0.250000 0.250000 0.250000 
  62
0.479817 0.002785 0.046210 
0.462778 0.994309 0.462022 
0.057405 0.002905 0.491768 
0.989737 0.003727 0.003268 0.003268 
0.250000 0.250000 0.250000 0.250000 
  63
0.479817 0.002785 0.046210 
0.462778 0.994309 0.462022 
0.057405 0.002905 0.491768 
0.985023 0.007989 0.003268 0.003720 
0.250000 0.250000 0.250000 0.250000 
  64
0.479817 0.002785 0.046210 
0.462778 0.994309 0.462022 
0.057405 0.002905 0.491768 
0.003268 0.990196 0.003268 0.003268 
0.250000 0.250000 0.250000 0.250000 
  65
0.479817 0.002785 0.046210 
0.462778 0.994309 0.462022 
0.057405 0.002905 0.491768 
0.003268 0.990196 0.003268 0.003268 
0.250000 0.250000 0.250000 0.250000 
  66
0.479817 0.002785 0.046210 
0.462778 0.994309 0.462022 
0.057405 0.002905 0.491768 
0.011871 0.980708 0.003268 0.004153 
0.250000 0.250000 0.250000 0.250000 
  67
0.479817 0.002785 0.046210 
0.462778 0.994309 0.462022 
0.057405 0.002905 0.491768 
0.003268 0.990196 0.003268 0.003268 
0.250000 0.250000 0.250000 0.250000 
  68
0.479817 0.002785 0.046210 
0.462778 0.994309 0.462022 
0.057405 0.002905 0.491768 
0.990196 0.003268 0.003268 0.003268 
0.250000 0.250000 0.250000 0.250000 
  69
0.479817 0.002785 0.046210 
0.462778 0.994309 0.462022 
0.057405 0.002905 0.491768 
0.012354 0.980760 0.003268 0.003618 
0.250000 0.250000 0.250000 0.250000 
  70
0.479817 0.002785 0.046210 
0.462778 0.994309 0.462022 
0.057405 0.002905 0.491768 
0.004287 0.989177 0.003268 0.003268 
0.250000 0.250000 0.250000 0.250000 
  71
0.479817 0.002785 0.046210 
0.462778 0.994309 0.462022 
0.057405 0.002905 0.491768 
0.003268 0.003268 0.003268 0.990196 
0.250000 0.250000 0.250000 0.250000 
  72
0.479817 0.002785 0.046210 
0.462778 0.994309 0.462022 
0.057405 0.002905 0.491768 
0.005735 0.003269 0.986887 0.004110 
0.250000 0.250000 0.250000 0.250000 
  73
0.479817 0.002785 0.046210 
0.462778 0.994309 0.462022 
0.057405 0.002905 0.491768 
0.990196 0.003268 0.003268 0.003268 
0.250000 0.250000 0.250000 0.250000 
  74
0.479817 0.002785 0.046210 
0.462778 0.994309 0.462022 
0.057405 0.002905 0.491768 
0.990196 0.003268 0.003268 0.003268 
0.250000 0.250000 0.250000 0.250000 
  75
0.479817 0.002785 0.046210 
0.462778 0.994309 0.462022 
0.057405 0.002905 0.491768 
0.003268 0.003725 0.005105 0.987902 
0.250000 0.250000 0.250000 0.250000 
  76
0.479817 0.002785 0.046210 
0.462778 0.994309 0.462022 
0.057405 0.002905 0.491768 
0.003268 0.990196 0.003268 0.003268 
0.250000 0.250000 0.250000 0.250000 
  77
0.479817 0.002785 0.046210 
0.462778 0.994309 0.462022 
0.057405 0.002905 0.491768 
0.003268 0.003268 0.003268 0.990196 
0.250000 0.250000 0.250000 0.250000 
  78
0.479817 0.002785 0.046210 
0.462778 0.994309 0.462022 
0.057405 0.002905 0.491768 
0.011346 0.980538 0.003540 0.004577 
0.250000 0.250000 0.250000 0.250000 
  79
0.479817 0.002785 0.046210 
0.462778 0.994309 0.462022 
0.057405 0.002905 0.491768 
0.990196 0.003268 0.003268 0.003268 
0.250000 0.250000 0.250000 0.250000 
  80
0.479817 0.002785 0.046210 
0.462778 0.994309 0.462022 
0.057405 0.002905 0.491768 
0.003268 0.003268 0.990196 0.003268 
0.250000 0.250000 0.250000 0.250000 
  81
0.479817 0.002785 0.046210 
0.462778 0.994309 0.462022 
0.057405 0.002905 0.491768 
0.004481 0.003268 0.868975 0.123276 
0.250000 0.250000 0.250000 0.250000 
  82
0.479817 0.002785 0.046210 
0.462778 0.994309 0.462022 
0.057405 0.002905 0.491768 
0.003592 0.989497 0.003643 0.003268 
0.250000 0.250000 0.250000 0.250000 
  83
0.479817 0.002785 0.046210 
0.462778 0.994309 0.462022 
0.057405 0.002905 0.491768 
0.003268 0.990196 0.003268 0.003268 
0.250000 0.250000 0.250000 0.250000 
  84
0.479817 0.002785 0.046210 
0.462778 0.994309 0.462022 
0.057405 0.002905 0.491768 
0.003671 0.004772 0.005683 0.985875 
0.250000 0.250000 0.250000 0.250000 
  85
0.479817 0.002785 0.046210 
0.462778 0.994309 0.462022 
0.057405 0.002905 0.491768 
0.004118 0.989346 0.003268 0.003268 
0.250000 0.250000 0.250000 0.250000 
  86
0.479817 0.002785 0.046210 
0.462778 0.994309 0.462022 
0.057405 0.002905 0.491768 
0.003268 0.003268 0.004319 0.989144 
0.250000 0.250000 0.250000 0.250000 
  87
0.479817 0.002785 0.046210 
0.462778 0.994309 0.462022 
0.057405 0.002905 0.491768 
0.968692 0.024771 0.003268 0.003268 
0.250000 0.250000 0.250000 0.250000 
  88
0.479817 0.002785 0.046210 
0.462778 0.994309 0.462022 
0.057405 0.002905 0.491768 
0.990195 0.003268 0.003268 0.003268 
0.250000 0.250000 0.250000 0.250000 
  89
0.479817 0.002785 0.046210 
0.462778 0.994309 0.462022 
0.057405 0.002905 0.491768 
0.003268 0.003268 0.003889 0.989575 
0.250000 0.250000 0.250000 0.250000 
  90
0.479817 0.002785 0.046210 
0.462778 0.994309 0.462022 
0.057405 0.002905 0.491768 
0.990196 0.003268 0.003268 0.003268 
0.250000 0.250000 0.250000 0.250000 
  91
0.479817 0.002785 0.046210 
0.462778 0.994309 0.462022 
0.057405 0.002905 0.491768 
0.004098 0.003269 0.982698 0.009936 
0.250000 0.250000 0.250000 0.250000 
  92
0.479817 0.002785 0.046210 
0.462778 0.994309 0.462022 
0.057405 0.002905 0.491768 
0.003707 0.003268 0.989424 0.003602 
0.250000 0.250000 0.250000 0.250000 
  93
0.479817 0.002785 0.046210 
0.462778 0.994309 0.462022 
0.057405 0.002905 0.491768 
0.988937 0.004527 0.003268 0.003268 
0.250000 0.250000 0.250000 0.250000 
  94
0.479817 0.002785 0.046210 
0.462778 0.994309 0.462022 
0.057405 0.002905 0.491768 
0.003268 0.003268 0.982593 0.010870 
0.250000 0.250000 0.250000 0.250000 
  95
0.479817 0.002785 0.046210 
0.462778 0.994309 0.462022 
0.057405 0.002905 0.491768 
0.003268 0.003268 0.003268 0.990196 
0.250000 0.250000 0.250000 0.250000 
  96
0.479817 0.002785 0.046210 
0.462778 0.994309 0.462022 
0.057405 0.002905 0.491768 
0.009770 0.982386 0.003268 0.004576 
0.250000 0.250000 0.250000 0.250000 
  97
0.479817 0.002785 0.046210 
0.462778 0.994309 0.462022 
0.057405 0.002905 0.491768 
0.990196 0.003268 0.003268 0.003268 
0.250000 0.250000 0.250000 0.250000 
  98
0.479817 0.002785 0.046210 
0.462778 0.994309 0.462022 
0.057405 0.002905 0.491768 
0.003268 0.003268 0.990196 0.003268 
0.250000 0.250000 0.250000 0.250000 
  99
0.479817 0.002785 0.046210 
0.462778 0.994309 0.462022 
0.057405 0.002905 0.491768 
0.985726 0.005905 0.003715 0.004653 
0.250000 0.250000 0.250000 0.250000 
 100
0.479817 0.002785 0.046210 
0.462778 0.994309 0.462022 
0.057405 0.002905 0.491768 
0.989493 0.003970 0.003268 0.003268 
0.250000 0.250000 0.250000 0.250000 
 101
0.479817 0.002785 0.046210 
0.462778 0.994309 0.462022 
0.057405 0.002905 0.491768 
0.003269 0.003269 0.988901 0.004560 
0.250000 0.250000 0.250000 0.250000 
 102
0.479817 0.002785 0.046210 
0.462778 0.994309 0.462022 
0.057405 0.002905 0.491768 
0.988789 0.003913 0.003591 0.003707 
0.250000 0.250000 0.250000 0.250000 
 103
0.479817 0.002785 0.046210 
0.462778 0.994309 0.462022 
0.057405 0.002905 0.491768 
0.989028 0.004099 0.003268 0.003605 
0.250000 0.250000 0.250000 0.250000 
 104
0.479817 0.002785 0.046210 
0.462778 0.994309 0.462022 
0.057405 0.002905 0.491768 
0.003268 0.003268 0.990196 0.003268 
0.250000 0.250000 0.250000 0.250000 
 105
0.479817 0.002785 0.046210 
0.462778 0.994309 0.462022 
0.057405 0.002905 0.491768 
0.988668 0.003626 0.003905 0.003800 
0.250000 0.250000 0.250000 0.250000 
 106
0.479817 0.002785 0.046210 
0.462778 0.994309 0.462022 
0.057405 0.002905 0.491768 
0.003268 0.003268 0.990196 0.003268 
0.250000 0.250000 0.250000 0.250000 
 107
0.479817 0.002785 0.046210 
0.462778 0.994309 0.462022 
0.057405 0.002905 0.491768 
0.003268 0.003268 0.989041 0.004423 
0.250000 0.250000 0.250000 0.250000 
 108
0.479817 0.002785 0.046210 
0.462778 0.994309 0.462022 
0.057405 0.002905 0.491768 
0.004079 0.004043 0.988031 0.003847 
0.250000 0.250000 0.250000 0.250000 
 109
0.479817 0.002785 0.046210 
0.462778 0.994309 0.462022 
0.057405 0.002905 0.491768 
0.988911 0.004553 0.003268 0.003268 
0.250000 0.250000 0.250000 0.250000 
 110
0.479817 0.002785 0.046210 
0.462778 0.994309 0.462022 
0.057405 0.002905 0.491768 
0.003269 0.003269 0.985103 0.008359 
0.250000 0.250000 0.250000 0.250000 
 111
0.479817 0.002785 0.046210 
0.462778 0.994309 0.462022 
0.057405 0.002905 0.491768 
0.003951 0.003268 0.987770 0.005011 
0.250000 0.250000 0.250000 0.250000 
 112
0.479817 0.002785 0.046210 
0.462778 0.994309 0.462022 
0.057405 0.002905 0.491768 
0.989307 0.003683 0.003742 0.003268 
0.250000 0.250000 0.250000 0.250000 
 113
0.479817 0.002785 0.046210 
0.462778 0.994309 0.462022 
0.057405 0.002905 0.491768 
0.988338 0.005126 0.003268 0.003268 
0.250000 0.250000 0.250000 0.250000 
 114
0.479817 0.002785 0.046210 
0.462778 0.994309 0.462022 
0.057405 0.002905 0.491768 
0.988141 0.005322 0.003268 0.003268 
0.250000 0.250000 0.250000 0.250000 
 115
0.479817 0.002785 0.046210 
0.462778 0.994309 0.462022 
0.057405 0.002905 0.491768 
0.003268 0.003268 0.003268 0.990196 
0.250000 0.250000 0.250000 0.250000 
 116
0.479817 0.002785 0.046210 
0.462778 0.994309 0.462022 
0.057405 0.002905 0.491768 
0.003268 0.003268 0.990195 0.003268 
0.250000 0.250000 0.250000 0.250000 
 117
0.479817 0.002785 0.046210 
0.462778 0.994309 0.462022 
0.057405 0.002905 0.491768 
0.003707 0.003269 0.005282 0.987742 
0.250000 0.250000 0.250000 0.250000 
 118
0.479817 0.002785 0.046210 
0.462778 0.994309 0.462022 
0.057405 0.002905 0.491768 
0.003268 0.003268 0.989783 0.003680 
0.250000 0.250000 0.250000 0.250000 
 119
0.479817 0.002785 0.046210 
0.462778 0.994309 0.462022 
0.057405 0.002905 0.491768 
0.990196 0.003268 0.003268 0.003268 
0.250000 0.250000 0.250000 0.250000 
 120
0.479817 0.002785 0.046210 
0.462778 0.994309 0.462022 
0.057405 0.002905 0.491768 
0.003269 0.003269 0.016393 0.977070 
0.250000 0.250000 0.250000 0.250000 
 121
0.479817 0.002785 0.046210 
0.462778 0.994309 0.462022 
0.057405 0.002905 0.491768 
0.003268 0.003268 0.003268 0.990196 
0.250000 0.250000 0.250000 0.250000 
 122
0.479817 0.002785 0.046210 
0.462778 0.994309 0.462022 
0.057405 0.002905 0.491768 
0.003268 0.003268 0.003268 0.990196 
0.250000 0.250000 0.250000 0.250000 
 123
0.479817 0.002785 0.046210 
0.462778 0.994309 0.462022 
0.057405 0.002905 0.491768 
0.003268 0.003268 0.003985 0.989479 
0.250000 0.250000 0.250000 0.250000 
 124
0.479817 0.002785 0.046210 
0.462778 0.994309 0.462022 
0.057405 0.002905 0.491768 
0.003268 0.989506 0.003268 0.003958 
0.250000 0.250000 0.250000 0.250000 
 125
0.479817 0.002785 0.046210 
0.462778 0.994309 0.462022 
0.057405 0.002905 0.491768 
0.003268 0.003268 0.990196 0.003268 
0.250000 0.250000 0.250000 0.250000 
 126
0.479817 0.002785 0.046210 
0.462778 0.994309 0.462022 
0.057405 0.002905 0.491768 
0.988419 0.005045 0.003268 0.003268 
0.250000 0.250000 0.250000 0.250000 
 127
0.479817 0.002785 0.046210 
0.462778 0.994309 0.462022 
0.057405 0.002905 0.491768 
0.990196 0.003268 0.003268 0.003268 
0.250000 0.250000 0.250000 0.250000 
 128
0.479817 0.002785 0.046210 
0.462778 0.994309 0.462022 
0.057405 0.002905 0.491768 
0.988827 0.004637 0.003268 0.003268 
0.250000 0.250000 0.250000 0.250000 
 129
0.479817 0.002785 0.046210 
0.462778 0.994309 0.462022 
0.057405 0.002905 0.491768 
0.003528 0.003548 0.004038 0.988885 
0.250000 0.250000 0.250000 0.250000 
 130
0.479817 0.002785 0.046210 
0.462778 0.994309 0.462022 
0.057405 0.002905 0.491768 
0.003268 0.003268 0.990196 0.003268 
0.250000 0.250000 0.250000 0.250000 
 131
0.479817 0.002785 0.046210 
0.462778 0.994309 0.462022 
0.057405 0.002905 0.491768 
0.003268 0.003268 0.003268 0.990196 
0.250000 0.250000 0.250000 0.250000 
 132
0.479817 0.002785 0.046210 
0.462778 0.994309 0.462022 
0.057405 0.002905 0.491768 
0.006801 0.003268 0.984414 0.005517 
0.250000 0.250000 0.250000 0.250000 
 133
0.479817 0.002785 0.046210 
0.462778 0.994309 0.462022 
0.057405 0.002905 0.491768 
0.990196 0.003268 0.003268 0.003268 
0.250000 0.250000 0.250000 0.250000 
 134
0.479817 0.002785 0.046210 
0.462778 0.994309 0.462022 
0.057405 0.002905 0.491768 
0.989348 0.004116 0.003268 0.003268 
0.250000 0.250000 0.250000 0.250000 
 135
0.479817 0.002785 0.046210 
0.462778 0.994309 0.462022 
0.057405 0.002905 0.491768 
0.989228 0.004236 0.003268 0.003268 
0.250000 0.250000 0.250000 0.250000 
 136
0.479817 0.002785 0.046210 
0.462778 0.994309 0.462022 
0.057405 0.002905 0.491768 
0.003268 0.990196 0.003268 0.003268 
0.250000 0.250000 0.250000 0.250000 
 137
0.479817 0.002785 0.046210 
0.462778 0.994309 0.462022 
0.057405 0.002905 0.491768 
0.003268 0.990196 0.003268 0.003268 
0.250000 0.250000 0.250000 0.250000 
 138
0.479817 0.002785 0.046210 
0.462778 0.994309 0.462022 
0.057405 0.002905 0.491768 
0.986048 0.007040 0.003645 0.003268 
0.250000 0.250000 0.250000 0.250000 
 139
0.479817 0.002785 0.046210 
0.462778 0.994309 0.462022 
0.057405 0.002905 0.491768 
0.988133 0.005331 0.003268 0.003268 
0.250000 0.250000 0.250000 0.250000 
 140
0.479817 0.002785 0.046210 
0.462778 0.994309 0.462022 
0.057405 0.002905 0.491768 
0.003589 0.003269 0.987424 0.005717 
0.250000 0.250000 0.250000 0.250000 
 141
0.479817 0.002785 0.046210 
0.462778 0.994309 0.462022 
0.057405 0.002905 0.491768 
0.987331 0.005474 0.003655 0.003540 
0.250000 0.250000 0.250000 0.250000 
 142
0.479817 0.002785 0.046210 
0.462778 0.994309 0.462022 
0.057405 0.002905 0.491768 
0.005153 0.988310 0.003268 0.003268 
0.250000 0.250000 0.250000 0.250000 
 143
0.479817 0.002785 0.046210 
0.462778 0.994309 0.462022 
0.057405 0.002905 0.491768 
0.990196 0.003268 0.003268 0.003268 
0.250000 0.250000 0.250000 0.250000 
 144
0.479817 0.002785 0.046210 
0.462778 0.994309 0.462022 
0.057405 0.002905 0.491768 
0.988864 0.004269 0.003599 0.003268 
0.250000 0.250000 0.250000 0.250000 
 145
0.479817 0.002785 0.046210 
0.462778 0.994309 0.462022 
0.057405 0.002905 0.491768 
0.990196 0.003268 0.003268 0.003268 
0.250000 0.250000 0.250000 0.250000 
 146
0.479817 0.002785 0.046210 
0.462778 0.994309 0.462022 
0.057405 0.002905 0.491768 
0.003268 0.003268 0.990196 0.003268 
0.250000 0.250000 0.250000 0.250000 
 147
0.479817 0.002785 0.046210 
0.462778 0.994309 0.462022 
0.057405 0.002905 0.491768 
0.003268 0.003268 0.988476 0.004988 
0.250000 0.250000 0.250000 0.250000 
 148
0.479817 0.002785 0.046210 
0.462778 0.994309 0.462022 
0.057405 0.002905 0.491768 
0.989750 0.003268 0.003714 0.003268 
0.250000 0.250000 0.250000 0.250000 
 149
0.479817 0.002785 0.046210 
0.462778 0.994309 0.462022 
0.057405 0.002905 0.491768 
0.003268 0.990196 0.003268 0.003268 
0.250000 0.250000 0.250000 0.250000 
 150
0.479817 0.002785 0.046210 
0.462778 0.994309 0.462022 
0.057405 0.002905 0.491768 
0.012642 0.980821 0.003269 0.003269 
0.250000 0.250000 0.250000 0.250000 
 151
0.479817 0.002785 0.046210 
0.462778 0.994309 0.462022 
0.057405 0.002905 0.491768 
0.003268 0.990196 0.003268 0.003268 
0.250000 0.250000 0.250000 0.250000 
 152
0.479817 0.002785 0.046210 
0.462778 0.994309 0.462022 
0.057405 0.002905 0.491768 
0.003268 0.990196 0.003268 0.003268 
0.250000 0.250000 0.250000 0.250000 
 153
0.479817 0.002785 0.046210 
0.462778 0.994309 0.462022 
0.057405 0.002905 0.491768 
0.009969 0.982593 0.003268 0.004170 
0.250000 0.250000 0.250000 0.250000 
 154
0.479817 0.002785 0.046210 
0.462778 0.994309 0.462022 
0.057405 0.002905 0.491768 
0.987633 0.005830 0.003269 0.003269 
0.250000 0.250000 0.250000 0.250000 
 155
0.479817 0.002785 0.046210 
0.462778 0.994309 0.462022 
0.057405 0.002905 0.491768 
0.989034 0.004099 0.003599 0.003268 
0.250000 0.250000 0.250000 0.250000 
 156
0.479817 0.002785 0.046210 
0.462778 0.994309 0.462022 
0.057405 0.002905 0.491768 
0.983956 0.005150 0.007627 0.003268 
0.250000 0.250000 0.250000 0.250000 
 157
0.479817 0.002785 0.046210 
0.462778 0.994309 0.462022 
0.057405 0.002905 0.491768 
0.003268 0.003268 0.986131 0.007333 
0.250000 0.250000 0.250000 0.250000 
 158
0.479817 0.002785 0.046210 
0.462778 0.994309 0.462022 
0.057405 0.002905 0.491768 
0.003268 0.003268 0.003268 0.990196 
0.250000 0.250000 0.250000 0.250000 
 159
0.479817 0.002785 0.046210 
0.462778 0.994309 0.462022 
0.057405 0.002905 0.491768 
0.986646 0.006099 0.003987 0.003268 
0.250000 0.250000 0.250000 0.250000 
 160
0.479817 0.002785 0.046210 
0.462778 0.994309 0.462022 
0.057405 0.002905 0.491768 
0.003268 0.003268 0.003268 0.990196 
0.250000 0.250000 0.250000 0.250000 
 161
0.479817 0.002785 0.046210 
0.462778 0.994309 0.462022 
0.057405 0.002905 0.491768 
0.003268 0.990196 0.003268 0.003268 
0.250000 0.250000 0.250000 0.250000 
 162
0.479817 0.002785 0.046210 
0.462778 0.994309 0.462022 
0.057405 0.002905 0.491768 
0.003268 0.003268 0.981935 0.011528 
0.250000 0.250000 0.250000 0.250000 
 163
0.479817 0.002785 0.046210 
0.462778 0.994309 0.462022 
0.057405 0.002905 0.491768 
0.003269 0.003269 0.990194 0.003269 
0.250000 0.250000 0.250000 0.250000 
 164
0.479817 0.002785 0.046210 
0.462778 0.994309 0.462022 
0.057405 0.002905 0.491768 
0.003268 0.003268 0.990196 0.003268 
0.250000 0.250000 0.250000 0.250000 
 165
0.479817 0.002785 0.046210 
0.462778 0.994309 0.462022 
0.057405 0.002905 0.491768 
0.982218 0.010802 0.003268 0.003712 
0.250000 0.250000 0.250000 0.250000 
 166
0.479817 0.002785 0.046210 
0.462778 0.994309 0.462022 
0.057405 0.002905 0.491768 
0.989033 0.003968 0.003730 0.003268 
0.250000 0.250000 0.250000 0.250000 
 167
0.479817 0.002785 0.046210 
0.462778 0.994309 0.462022 
0.057405 0.002905 0.491768 
0.986338 0.006481 0.003912 0.003268 
0.250000 0.250000 0.250000 0.250000 
 168
0.479817 0.002785 0.046210 
0.462778 0.994309 0.462022 
0.057405 0.002905 0.491768 
0.980094 0.004370 0.012268 0.003268 
0.250000 0.250000 0.250000 0.250000 
 169
0.479817 0.002785 0.046210 
0.462778 0.994309 0.462022 
0.057405 0.002905 0.491768 
0.003268 0.003268 0.003268 0.990196 
0.250000 0.250000 0.250000 0.250000 
 170
0.479817 0.002785 0.046210 
0.462778 0.994309 0.462022 
0.057405 0.002905 0.491768 
0.003268 0.990196 0.003268 0.003268 
0.250000 0.250000 0.250000 0.250000 
 171
0.479817 0.002785 0.046210 
0.462778 0.994309 0.462022 
0.057405 0.002905 0.491768 
0.003268 0.003268 0.987032 0.006431 
0.250000 0.250000 0.250000 0.250000 
 172
0.479817 0.002785 0.046210 
0.462778 0.994309 0.462022 
0.057405 0.002905 0.491768 
0.003729 0.003270 0.985970 0.007031 
0.250000 0.250000 0.250000 0.250000 
 173
0.479817 0.002785 0.046210 
0.462778 0.994309 0.462022 
0.057405 0.002905 0.491768 
0.004297 0.003268 0.007626 0.984809 
0.250000 0.250000 0.250000 0.250000 
 174
0.479817 0.002785 0.046210 
0.462778 0.994309 0.462022 
0.057405 0.002905 0.491768 
0.007049 0.003268 0.975826 0.013857 
0.250000 0.250000 0.250000 0.250000 
 175
0.479817 0.002785 0.046210 
0.462778 0.994309 0.462022 
0.057405 0.002905 0.491768 
0.988676 0.004344 0.003713 0.003268 
0.250000 0.250000 0.250000 0.250000 
 176
0.479817 0.002785 0.046210 
0.462778 0.994309 0.462022 
0.057405 0.002905 0.491768 
0.989428 0.004036 0.003268 0.003268 
0.250000 0.250000 0.250000 0.250000 
 177
0.479817 0.002785 0.046210 
0.462778 0.994309 0.462022 
0.057405 0.002905 0.491768 
0.003268 0.003268 0.981721 0.011742 
0.250000 0.250000 0.250000 0.250000 
 178
0.479817 0.002785 0.046210 
0.462778 0.994309 0.462022 
0.057405 0.002905 0.491768 
0.003268 0.003268 0.004024 0.989440 
0.250000 0.250000 0.250000 0.250000 
 179
0.479817 0.002785 0.046210 
0.462778 0.994309 0.462022 
0.057405 0.002905 0.491768 
0.003268 0.990196 0.003268 0.003268 
0.250000 0.250000 0.250000 0.250000 
 180
0.479817 0.002785 0.046210 
0.462778 0.994309 0.462022 
0.057405 0.002905 0.491768 
0.003268 0.003268 0.984364 0.009100 
0.250000 0.250000 0.250000 0.250000 
 181
0.479817 0.002785 0.046210 
0.462778 0.994309 0.462022 
0.057405 0.002905 0.491768 
0.990196 0.003268 0.003268 0.003268 
0.250000 0.250000 0.250000 0.250000 
 182
0.479817 0.002785 0.046210 
0.462778 0.994309 0.462022 
0.057405 0.002905 0.491768 
0.003268 0.003268 0.990196 0.003268 
0.250000 0.250000 0.250000 0.250000 
 183
0.479817 0.002785 0.046210 
0.462778 0.994309 0.462022 
0.057405 0.002905 0.491768 
0.988667 0.004259 0.003541 0.003533 
0.250000 0.250000 0.250000 0.250000 
 184
0.479817 0.002785 0.046210 
0.462778 0.994309 0.462022 
0.057405 0.002905 0.491768 
0.003268 0.990195 0.003268 0.003268 
0.250000 0.250000 0.250000 0.250000 
 185
0.479817 0.002785 0.046210 
0.462778 0.994309 0.462022 
0.057405 0.002905 0.491768 
0.990196 0.003268 0.003268 0.003268 
0.250000 0.250000 0.250000 0.250000 
 186
0.479817 0.002785 0.046210 
0.462778 0.994309 0.462022 
0.057405 0.002905 0.491768 
0.003268 0.003268 0.005825 0.987639 
0.250000 0.250000 0.250000 0.250000 
 187
0.479817 0.002785 0.046210 
0.462778 0.994309 0.462022 
0.057405 0.002905 0.491768 
0.003268 0.003268 0.986016 0.007448 
0.250000 0.250000 0.250000 0.250000 
 188
0.479817 0.002785 0.046210 
0.462778 0.994309 0.462022 
0.057405 0.002905 0.491768 
0.003268 0.003268 0.003268 0.990196 
0.250000 0.250000 0.250000 0.250000 
 189
0.479817 0.002785 0.046210 
0.462778 0.994309 0.462022 
0.057405 0.002905 0.491768 
0.009235 0.982900 0.003269 0.004596 
0.250000 0.250000 0.250000 0.250000 
 190
0.479817 0.002785 0.046210 
0.462778 0.994309 0.462022 
0.057405 0.002905 0.491768 
0.003268 0.990196 0.003268 0.003268 
0.250000 0.250000 0.250000 0.250000 
 191
0.479817 0.002785 0.046210 
0.462778 0.994309 0.462022 
0.057405 0.002905 0.491768 
0.990196 0.003268 0.003268 0.003268 
0.250000 0.250000 0.250000 0.250000 
 192
0.479817 0.002785 0.046210 
0.462778 0.994309 0.462022 
0.057405 0.002905 0.491768 
0.003268 0.003268 0.342127 0.651336 
0.250000 0.250000 0.250000 0.250000 
 193
0.479817 0.002785 0.046210 
0.462778 0.994309 0.462022 
0.057405 0.002905 0.491768 
0.003268 0.990196 0.003268 0.003268 
0.250000 0.250000 0.250000 0.250000 
 194
0.479817 0.002785 0.046210 
0.462778 0.994309 0.462022 
0.057405 0.002905 0.491768 
0.003268 0.003268 0.003268 0.990196 
0.250000 0.250000 0.250000 0.250000 
 195
0.479817 0.002785 0.046210 
0.462778 0.994309 0.462022 
0.057405 0.002905 0.491768 
0.977432 0.016031 0.003268 0.003268 
0.250000 0.250000 0.250000 0.250000 
 196
0.479817 0.002785 0.046210 
0.462778 0.994309 0.462022 
0.057405 0.002905 0.491768 
0.004124 0.988900 0.003268 0.003707 
0.250000 0.250000 0.250000 0.250000 
 197
0.479817 0.002785 0.046210 
0.462778 0.994309 0.462022 
0.057405 0.002905 0.491768 
0.003268 0.003268 0.990196 0.003268 
0.250000 0.250000 0.250000 0.250000 
 198
0.479817 0.002785 0.046210 
0.462778 0.994309 0.462022 
0.057405 0.002905 0.491768 
0.005591 0.003268 0.984739 0.006401 
0.250000 0.250000 0.250000 0.250000 
 199
0.479817 0.002785 0.046210 
0.462778 0.994309 0.462022 
0.057405 0.002905 0.491768 
0.003268 0.003268 0.006333 0.987131 
0.250000 0.250000 0.250000 0.250000 
 200
0.479817 0.002785 0.046210 
0.462778 0.994309 0.462022 
0.057405 0.002905 0.491768 
0.003268 0.003268 0.003268 0.990196 
0.250000 0.250000 0.250000 0.250000 
 201
0.479817 0.002785 0.046210 
0.462778 0.994309 0.462022 
0.057405 0.002905 0.491768 
0.015226 0.978236 0.003269 0.003269 
0.250000 0.250000 0.250000 0.250000 
 202
0.479817 0.002785 0.046210 
0.462778 0.994309 0.462022 
0.057405 0.002905 0.491768 
0.004265 0.989199 0.003268 0.003268 
0.250000 0.250000 0.250000 0.250000 
 203
0.479817 0.002785 0.046210 
0.462778 0.994309 0.462022 
0.057405 0.002905 0.491768 
0.003268 0.990196 0.003268 0.003268 
0.250000 0.250000 0.250000 0.250000 
 204
0.479817 0.002785 0.046210 
0.462778 0.994309 0.462022 
0.057405 0.002905 0.491768 
0.004334 0.003268 0.986693 0.005705 
0.250000 0.250000 0.250000 0.250000 
 205
0.479817 0.002785 0.046210 
0.462778 0.994309 0.462022 
0.057405 0.002905 0.491768 
0.990196 0.003268 0.003268 0.003268 
0.250000 0.250000 0.250000 0.250000 
 206
0.479817 0.002785 0.046210 
0.462778 0.994309 0.462022 
0.057405 0.002905 0.491768 
0.004702 0.988762 0.003268 0.003268 
0.250000 0.250000 0.250000 0.250000 
 207
0.479817 0.002785 0.046210 
0.462778 0.994309 0.462022 
0.057405 0.002905 0.491768 
0.988509 0.004955 0.003268 0.003268 
0.250000 0.250000 0.250000 0.250000 
 208
0.479817 0.002785 0.046210 
0.462778 0.994309 0.462022 
0.057405 0.002905 0.491768 
0.003268 0.003268 0.990196 0.003268 
0.250000 0.250000 0.250000 0.250000 
 209
0.479817 0.002785 0.046210 
0.462778 0.994309 0.462022 
0.057405 0.002905 0.491768 
0.003268 0.003268 0.990196 0.003268 
0.250000 0.250000 0.250000 0.250000 
 210
0.479817 0.002785 0.046210 
0.462778 0.994309 0.462022 
0.057405 0.002905 0.491768 
0.987684 0.004543 0.004036 0.003737 
0.250000 0.250000 0.250000 0.250000 
 211
0.479817 0.002785 0.046210 
0.462778 0.994309 0.462022 
0.057405 0.002905 0.491768 
0.990196 0.003268 0.003268 0.003268 
0.250000 0.250000 0.250000 0.250000 
 212
0.479817 0.002785 0.046210 
0.462778 0.994309 0.462022 
0.057405 0.002905 0.491768 
0.989787 0.003268 0.003677 0.003268 
0.250000 0.250000 0.250000 0.250000 
 213
0.479817 0.002785 0.046210 
0.462778 0.994309 0.462022 
0.057405 0.002905 0.491768 
0.988707 0.004756 0.003269 0.003269 
0.250000 0.250000 0.250000 0.250000 
 214
0.479817 0.002785 0.046210 
0.462778 0.994309 0.462022 
0.057405 0.002905 0.491768 
0.003268 0.003268 0.003268 0.990196 
0.250000 0.250000 0.250000 0.250000 
 215
0.479817 0.002785 0.046210 
0.462778 0.994309 0.462022 
0.057405 0.002905 0.491768 
0.003268 0.990196 0.003268 0.003268 
0.250000 0.250000 0.250000 0.250000 
 216
0.479817 0.002785 0.046210 
0.462778 0.994309 0.462022 
0.057405 0.002905 0.491768 
0.003268 0.003268 0.979765 0.013699 
0.250000 0.250000 0.250000 0.250000 
 217
0.479817 0.002785 0.046210 
0.462778 0.994309 0.462022 
0.057405 0.002905 0.491768 
0.988256 0.005208 0.003268 0.003268 
0.250000 0.250000 0.250000 0.250000 
 218
0.479817 0.002785 0.046210 
0.462778 0.994309 0.462022 
0.057405 0.002905 0.491768 
0.004013 0.003268 0.985205 0.007514 
0.250000 0.250000 0.250000 0.250000 
 219
0.479817 0.002785 0.046210 
0.462778 0.994309 0.462022 
0.057405 0.002905 0.491768 
0.668129 0.301595 0.003269 0.027007 
0.250000 0.250000 0.250000 0.250000 
 220
0.479817 0.002785 0.046210 
0.462778 0.994309 0.462022 
0.057405 0.002905 0.491768 
0.003268 0.990196 0.003268 0.003268 
0.250000 0.250000 0.250000 0.250000 
 221
0.479817 0.002785 0.046210 
0.462778 0.994309 0.462022 
0.057405 0.002905 0.491768 
0.004064 0.989399 0.003268 0.003268 
0.250000 0.250000 0.250000 0.250000 
 222
0.479817 0.002785 0.046210 
0.462778 0.994309 0.462022 
0.057405 0.002905 0.491768 
0.008627 0.984244 0.003268 0.003861 
0.250000 0.250000 0.250000 0.250000 
 223
0.479817 0.002785 0.046210 
0.462778 0.994309 0.462022 
0.057405 0.002905 0.491768 
0.982695 0.010308 0.003728 0.003269 
0.250000 0.250000 0.250000 0.250000 
 224
0.479817 0.002785 0.046210 
0.462778 0.994309 0.462022 
0.057405 0.002905 0.491768 
0.989245 0.003627 0.003268 0.003861 
0.250000 0.250000 0.250000 0.250000 
 225
0.479817 0.002785 0.046210 
0.462778 0.994309 0.462022 
0.057405 0.002905 0.491768 
0.988606 0.004858 0.003268 0.003268 
0.250000 0.250000 0.250000 0.250000 
 226
0.479817 0.002785 0.046210 
0.462778 0.994309 0.462022 
0.057405 0.002905 0.491768 
0.986848 0.006302 0.003269 0.003581 
0.250000 0.250000 0.250000 0.250000 
 227
0.479817 0.002785 0.046210 
0.462778 0.994309 0.462022 
0.057405 0.002905 0.491768 
0.003268 0.003268 0.006424 0.987040 
0.250000 0.250000 0.250000 0.250000 
 228
0.479817 0.002785 0.046210 
0.462778 0.994309 0.462022 
0.057405 0.002905 0.491768 
0.990196 0.003268 0.003268 0.003268 
0.250000 0.250000 0.250000 0.250000 
 229
0.479817 0.002785 0.046210 
0.462778 0.994309 0.462022 
0.057405 0.002905 0.491768 
0.003268 0.003268 0.990196 0.003268 
0.250000 0.250000 0.250000 0.250000 
 230
0.479817 0.002785 0.046210 
0.462778 0.994309 0.462022 
0.057405 0.002905 0.491768 
0.003633 0.003268 0.988839 0.004260 
0.250000 0.250000 0.250000 0.250000 
 231
0.479817 0.002785 0.046210 
0.462778 0.994309 0.462022 
0.057405 0.002905 0.491768 
0.004356 0.003268 0.975863 0.016514 
0.250000 0.250000 0.250000 0.250000 
 232
0.479817 0.002785 0.046210 
0.462778 0.994309 0.462022 
0.057405 0.002905 0.491768 
0.003268 0.003268 0.004278 0.989186 
0.250000 0.250000 0.250000 0.250000 
 233
0.479817 0.002785 0.046210 
0.462778 0.994309 0.462022 
0.057405 0.002905 0.491768 
0.003268 0.003268 0.990196 0.003268 
0.250000 0.250000 0.250000 0.250000 
 234
0.479817 0.002785 0.046210 
0.462778 0.994309 0.462022 
0.057405 0.002905 0.491768 
0.009699 0.412385 0.004348 0.573569 
0.250000 0.250000 0.250000 0.250000 
 235
0.479817 0.002785 0.046210 
0.462778 0.994309 0.462022 
0.057405 0.002905 0.491768 
0.003268 0.990196 0.003268 0.003268 
