%  SAM: /scicomp/groups/OID/NCIRD/ID-OD/ID_nomenclatures/label/LABEL_RES/scripts/modelfromalign_Linux v3.5 (July 15, 2005) compiled 12/08/06_16:15:55
%  (c) 1992-2001 Regents of the University of California, Santa Cruz
%
%          Sequence Alignment and Modeling Software System
%         http://www.cse.ucsc.edu/research/compbio/sam.html
%
% ----------------- Citations (SAM, SAM-T2K, HMMs) --------------------
% R. Hughey, A. Krogh, Hidden Markov models for sequence analysis:
%  Extension and analysis of the basic method, CABIOS 12:95-107, 1996.
% K. Karplus, et al., What is the value added by human intervention in protein
%  structure prediction, Proteins: Stucture, Function, Genetics 45(S5):86--91, 2001.
% A. Krogh et al., Hidden Markov models in computational biology:
%  Applications to protein modeling, JMB 235:1501-1531, Feb 1994.
% ---------------------------------------------------------------------
%  3C.3a_hmm   Host: node16.hpc.biotech.cdc.gov    Wed Nov  2 14:28:56 2016
%  vfn4        Dir:  /scicomp/groups/OID/NCIRD/ID-OD/ID_nomenclatures/H3/versions/H3v2016R2/c-3C/alt1
% ---------------------------------------------------------------------
%  Alignment weights from internal calc.  Total (28.39) Max (0.07) Min (0.03)
%  Weights from alignment method 1 (karplus), b=-1.000000, e=0.500000
MODEL --  Model from alignment file /scicomp/groups/OID/NCIRD/ID-OD/ID_nomenclatures/label/LABEL_RES/training_data/H3v2016R2/c-3C/3C.3a.fasta
alphabet DNA
FREQAVE
0.000000 0.000000 0.000000 
0.000000 0.000000 0.000000 
0.000000 0.000000 0.000000 
0.338479 0.223410 0.196724 0.241387 
0.338479 0.223410 0.196724 0.241387 
Begin
0.000000 0.000000 0.000000 
0.000000 0.000000 0.000000 
0.000000 0.005986 0.491768 
0.250000 0.250000 0.250000 0.250000 
0.250000 0.250000 0.250000 0.250000 
   1
0.000000 0.011006 0.046210 
0.000000 0.983008 0.462022 
0.054180 0.006018 0.491768 
0.974276 0.008575 0.008575 0.008575 
0.250000 0.250000 0.250000 0.250000 
   2
0.509038 0.005768 0.046210 
0.436781 0.988214 0.462022 
0.054180 0.006018 0.491768 
0.008575 0.008575 0.008575 0.974276 
0.250000 0.250000 0.250000 0.250000 
   3
0.509038 0.005768 0.046210 
0.436781 0.988214 0.462022 
0.054180 0.006018 0.491768 
0.008575 0.974276 0.008575 0.008575 
0.250000 0.250000 0.250000 0.250000 
   4
0.501970 0.005768 0.046210 
0.443850 0.988214 0.462022 
0.054566 0.006014 0.491768 
0.972426 0.010442 0.008566 0.008566 
0.250000 0.250000 0.250000 0.250000 
   5
0.496620 0.005764 0.046210 
0.448814 0.988222 0.462022 
0.055057 0.006009 0.491768 
0.971432 0.011458 0.008555 0.008555 
0.250000 0.250000 0.250000 0.250000 
   6
0.501091 0.005760 0.046210 
0.443851 0.988232 0.462022 
0.055057 0.006009 0.491768 
0.008555 0.974335 0.008555 0.008555 
0.250000 0.250000 0.250000 0.250000 
   7
0.501091 0.005760 0.046210 
0.443851 0.988232 0.462022 
0.055057 0.006009 0.491768 
0.972550 0.008555 0.010340 0.008555 
0.250000 0.250000 0.250000 0.250000 
   8
0.501091 0.005760 0.046210 
0.443851 0.988232 0.462022 
0.055057 0.006009 0.491768 
0.008555 0.008555 0.972469 0.010420 
0.250000 0.250000 0.250000 0.250000 
   9
0.501091 0.005760 0.046210 
0.443851 0.988232 0.462022 
0.055057 0.006009 0.491768 
0.008555 0.008555 0.016646 0.966244 
0.250000 0.250000 0.250000 0.250000 
  10
0.501091 0.005760 0.046210 
0.443851 0.988232 0.462022 
0.055057 0.006009 0.491768 
0.973064 0.009826 0.008555 0.008555 
0.250000 0.250000 0.250000 0.250000 
  11
0.501091 0.005760 0.046210 
0.443851 0.988232 0.462022 
0.055057 0.006009 0.491768 
0.008555 0.008555 0.012799 0.970091 
0.250000 0.250000 0.250000 0.250000 
  12
0.501091 0.005760 0.046210 
0.443851 0.988232 0.462022 
0.055057 0.006009 0.491768 
0.008555 0.008555 0.974335 0.008555 
0.250000 0.250000 0.250000 0.250000 
  13
0.501091 0.005760 0.046210 
0.443851 0.988232 0.462022 
0.055057 0.006009 0.491768 
0.972040 0.008555 0.008555 0.010850 
0.250000 0.250000 0.250000 0.250000 
  14
0.501091 0.005760 0.046210 
0.443851 0.988232 0.462022 
0.055057 0.006009 0.491768 
0.008555 0.008555 0.010850 0.972040 
0.250000 0.250000 0.250000 0.250000 
  15
0.501091 0.005760 0.046210 
0.443851 0.988232 0.462022 
0.055057 0.006009 0.491768 
0.008555 0.008555 0.010850 0.972040 
0.250000 0.250000 0.250000 0.250000 
  16
0.501091 0.005760 0.046210 
0.443851 0.988232 0.462022 
0.055057 0.006009 0.491768 
0.008555 0.974335 0.008555 0.008555 
0.250000 0.250000 0.250000 0.250000 
  17
0.501091 0.005760 0.046210 
0.443851 0.988232 0.462022 
0.055057 0.006009 0.491768 
0.008555 0.011321 0.971569 0.008555 
0.250000 0.250000 0.250000 0.250000 
  18
0.501091 0.005760 0.046210 
0.443851 0.988232 0.462022 
0.055057 0.006009 0.491768 
0.011351 0.008555 0.013565 0.966529 
0.250000 0.250000 0.250000 0.250000 
  19
0.501091 0.005760 0.046210 
0.443851 0.988232 0.462022 
0.055057 0.006009 0.491768 
0.008555 0.012427 0.009754 0.969264 
0.250000 0.250000 0.250000 0.250000 
  20
0.501091 0.005760 0.046210 
0.443851 0.988232 0.462022 
0.055057 0.006009 0.491768 
0.008555 0.010324 0.008555 0.972566 
0.250000 0.250000 0.250000 0.250000 
  21
0.501091 0.005760 0.046210 
0.443851 0.988232 0.462022 
0.055057 0.006009 0.491768 
0.011118 0.971772 0.008555 0.008555 
0.250000 0.250000 0.250000 0.250000 
  22
0.501091 0.005760 0.046210 
0.443851 0.988232 0.462022 
0.055057 0.006009 0.491768 
0.974335 0.008555 0.008555 0.008555 
0.250000 0.250000 0.250000 0.250000 
  23
0.501091 0.005760 0.046210 
0.443851 0.988232 0.462022 
0.055057 0.006009 0.491768 
0.008555 0.974335 0.008555 0.008555 
0.250000 0.250000 0.250000 0.250000 
  24
0.501091 0.005760 0.046210 
0.443851 0.988232 0.462022 
0.055057 0.006009 0.491768 
0.008555 0.008555 0.974335 0.008555 
0.250000 0.250000 0.250000 0.250000 
  25
0.501091 0.005760 0.046210 
0.443851 0.988232 0.462022 
0.055057 0.006009 0.491768 
0.008567 0.008567 0.015304 0.967562 
0.250000 0.250000 0.250000 0.250000 
  26
0.501091 0.005760 0.046210 
0.443851 0.988232 0.462022 
0.055057 0.006009 0.491768 
0.953080 0.029810 0.008555 0.008555 
0.250000 0.250000 0.250000 0.250000 
  27
0.501091 0.005760 0.046210 
0.443851 0.988232 0.462022 
0.055057 0.006009 0.491768 
0.008555 0.008555 0.974335 0.008555 
0.250000 0.250000 0.250000 0.250000 
  28
0.501091 0.005760 0.046210 
0.443851 0.988232 0.462022 
0.055057 0.006009 0.491768 
0.971955 0.010934 0.008555 0.008555 
0.250000 0.250000 0.250000 0.250000 
  29
0.501091 0.005760 0.046210 
0.443851 0.988232 0.462022 
0.055057 0.006009 0.491768 
0.008555 0.008555 0.010269 0.972620 
0.250000 0.250000 0.250000 0.250000 
  30
0.501091 0.005760 0.046210 
0.443851 0.988232 0.462022 
0.055057 0.006009 0.491768 
0.008566 0.008566 0.008566 0.974301 
0.250000 0.250000 0.250000 0.250000 
  31
0.501091 0.005760 0.046210 
0.443851 0.988232 0.462022 
0.055057 0.006009 0.491768 
0.008555 0.008555 0.972947 0.009943 
0.250000 0.250000 0.250000 0.250000 
  32
0.501091 0.005760 0.046210 
0.443851 0.988232 0.462022 
0.055057 0.006009 0.491768 
0.008555 0.008555 0.008555 0.974335 
0.250000 0.250000 0.250000 0.250000 
  33
0.501091 0.005760 0.046210 
0.443851 0.988232 0.462022 
0.055057 0.006009 0.491768 
0.974335 0.008555 0.008555 0.008555 
0.250000 0.250000 0.250000 0.250000 
  34
0.501091 0.005760 0.046210 
0.443851 0.988232 0.462022 
0.055057 0.006009 0.491768 
0.008555 0.008555 0.008555 0.974335 
0.250000 0.250000 0.250000 0.250000 
  35
0.501091 0.005760 0.046210 
0.443851 0.988232 0.462022 
0.055057 0.006009 0.491768 
0.013757 0.969133 0.008555 0.008555 
0.250000 0.250000 0.250000 0.250000 
  36
0.501091 0.005760 0.046210 
0.443851 0.988232 0.462022 
0.055057 0.006009 0.491768 
0.008555 0.008555 0.010875 0.972015 
0.250000 0.250000 0.250000 0.250000 
  37
0.501091 0.005760 0.046210 
0.443851 0.988232 0.462022 
0.055057 0.006009 0.491768 
0.008555 0.008555 0.967009 0.015880 
0.250000 0.250000 0.250000 0.250000 
  38
0.501091 0.005760 0.046210 
0.443851 0.988232 0.462022 
0.055057 0.006009 0.491768 
0.009928 0.008555 0.008555 0.972962 
0.250000 0.250000 0.250000 0.250000 
  39
0.501091 0.005760 0.046210 
0.443851 0.988232 0.462022 
0.055057 0.006009 0.491768 
0.009984 0.972906 0.008555 0.008555 
0.250000 0.250000 0.250000 0.250000 
  40
0.501091 0.005760 0.046210 
0.443851 0.988232 0.462022 
0.055057 0.006009 0.491768 
0.011867 0.971006 0.008564 0.008564 
0.250000 0.250000 0.250000 0.250000 
  41
0.501091 0.005760 0.046210 
0.443851 0.988232 0.462022 
0.055057 0.006009 0.491768 
0.008555 0.008555 0.012917 0.969973 
0.250000 0.250000 0.250000 0.250000 
  42
0.501091 0.005760 0.046210 
0.443851 0.988232 0.462022 
0.055057 0.006009 0.491768 
0.008555 0.008555 0.026181 0.956709 
0.250000 0.250000 0.250000 0.250000 
  43
0.501091 0.005760 0.046210 
0.443851 0.988232 0.462022 
0.055057 0.006009 0.491768 
0.008555 0.008555 0.008555 0.974335 
0.250000 0.250000 0.250000 0.250000 
  44
0.501091 0.005760 0.046210 
0.443851 0.988232 0.462022 
0.055057 0.006009 0.491768 
0.008565 0.009956 0.010336 0.971144 
0.250000 0.250000 0.250000 0.250000 
  45
0.501091 0.005760 0.046210 
0.443851 0.988232 0.462022 
0.055057 0.006009 0.491768 
0.008555 0.008555 0.961325 0.021564 
0.250000 0.250000 0.250000 0.250000 
  46
0.501091 0.005760 0.046210 
0.443851 0.988232 0.462022 
0.055057 0.006009 0.491768 
0.010821 0.964636 0.008564 0.015979 
0.250000 0.250000 0.250000 0.250000 
  47
0.501091 0.005760 0.046210 
0.443851 0.988232 0.462022 
0.055057 0.006009 0.491768 
0.008555 0.008555 0.974335 0.008555 
0.250000 0.250000 0.250000 0.250000 
  48
0.501091 0.005760 0.046210 
0.443851 0.988232 0.462022 
0.055057 0.006009 0.491768 
0.008555 0.008555 0.008555 0.974335 
0.250000 0.250000 0.250000 0.250000 
  49
0.460194 0.005760 0.046210 
0.484748 0.988232 0.462022 
0.057405 0.005986 0.491768 
0.009760 0.008506 0.973227 0.008506 
0.250000 0.250000 0.250000 0.250000 
  50
0.479817 0.005738 0.046210 
0.462778 0.988276 0.462022 
0.057405 0.005986 0.491768 
0.972707 0.008506 0.008506 0.010281 
0.250000 0.250000 0.250000 0.250000 
  51
0.479817 0.005738 0.046210 
0.462778 0.988276 0.462022 
0.057405 0.005986 0.491768 
0.972176 0.010812 0.008506 0.008506 
0.250000 0.250000 0.250000 0.250000 
  52
0.479817 0.005738 0.046210 
0.462778 0.988276 0.462022 
0.057405 0.005986 0.491768 
0.970838 0.012149 0.008506 0.008506 
0.250000 0.250000 0.250000 0.250000 
  53
0.479817 0.005738 0.046210 
0.462778 0.988276 0.462022 
0.057405 0.005986 0.491768 
0.974481 0.008506 0.008506 0.008506 
0.250000 0.250000 0.250000 0.250000 
  54
0.479817 0.005738 0.046210 
0.462778 0.988276 0.462022 
0.057405 0.005986 0.491768 
0.971720 0.011267 0.008506 0.008506 
0.250000 0.250000 0.250000 0.250000 
  55
0.479817 0.005738 0.046210 
0.462778 0.988276 0.462022 
0.057405 0.005986 0.491768 
0.031298 0.008515 0.943695 0.016492 
0.250000 0.250000 0.250000 0.250000 
  56
0.479817 0.005738 0.046210 
0.462778 0.988276 0.462022 
0.057405 0.005986 0.491768 
0.008506 0.008506 0.008506 0.974481 
0.250000 0.250000 0.250000 0.250000 
  57
0.479817 0.005738 0.046210 
0.462778 0.988276 0.462022 
0.057405 0.005986 0.491768 
0.008506 0.008506 0.010051 0.972936 
0.250000 0.250000 0.250000 0.250000 
  58
0.479817 0.005738 0.046210 
0.462778 0.988276 0.462022 
0.057405 0.005986 0.491768 
0.008506 0.008506 0.974481 0.008506 
0.250000 0.250000 0.250000 0.250000 
  59
0.479817 0.005738 0.046210 
0.462778 0.988276 0.462022 
0.057405 0.005986 0.491768 
0.011060 0.008506 0.971928 0.008506 
0.250000 0.250000 0.250000 0.250000 
  60
0.479817 0.005738 0.046210 
0.462778 0.988276 0.462022 
0.057405 0.005986 0.491768 
0.009891 0.008506 0.011756 0.969847 
0.250000 0.250000 0.250000 0.250000 
  61
0.479817 0.005738 0.046210 
0.462778 0.988276 0.462022 
0.057405 0.005986 0.491768 
0.011950 0.971037 0.008506 0.008506 
0.250000 0.250000 0.250000 0.250000 
  62
0.479817 0.005738 0.046210 
0.462778 0.988276 0.462022 
0.057405 0.005986 0.491768 
0.017818 0.965170 0.008506 0.008506 
0.250000 0.250000 0.250000 0.250000 
  63
0.479817 0.005738 0.046210 
0.462778 0.988276 0.462022 
0.057405 0.005986 0.491768 
0.960925 0.022063 0.008506 0.008506 
0.250000 0.250000 0.250000 0.250000 
  64
0.479817 0.005738 0.046210 
0.462778 0.988276 0.462022 
0.057405 0.005986 0.491768 
0.974481 0.008506 0.008506 0.008506 
0.250000 0.250000 0.250000 0.250000 
  65
0.479817 0.005738 0.046210 
0.462778 0.988276 0.462022 
0.057405 0.005986 0.491768 
0.972909 0.008506 0.010079 0.008506 
0.250000 0.250000 0.250000 0.250000 
  66
0.479817 0.005738 0.046210 
0.462778 0.988276 0.462022 
0.057405 0.005986 0.491768 
0.008506 0.008506 0.009847 0.973140 
0.250000 0.250000 0.250000 0.250000 
  67
0.479817 0.005738 0.046210 
0.462778 0.988276 0.462022 
0.057405 0.005986 0.491768 
0.010787 0.972201 0.008506 0.008506 
0.250000 0.250000 0.250000 0.250000 
  68
0.479817 0.005738 0.046210 
0.462778 0.988276 0.462022 
0.057405 0.005986 0.491768 
0.974481 0.008506 0.008506 0.008506 
0.250000 0.250000 0.250000 0.250000 
  69
0.479817 0.005738 0.046210 
0.462778 0.988276 0.462022 
0.057405 0.005986 0.491768 
0.008506 0.008506 0.973113 0.009875 
0.250000 0.250000 0.250000 0.250000 
  70
0.479817 0.005738 0.046210 
0.462778 0.988276 0.462022 
0.057405 0.005986 0.491768 
0.973100 0.009888 0.008506 0.008506 
0.250000 0.250000 0.250000 0.250000 
  71
0.479817 0.005738 0.046210 
0.462778 0.988276 0.462022 
0.057405 0.005986 0.491768 
0.974481 0.008506 0.008506 0.008506 
0.250000 0.250000 0.250000 0.250000 
  72
0.479817 0.005738 0.046210 
0.462778 0.988276 0.462022 
0.057405 0.005986 0.491768 
0.008506 0.008506 0.012801 0.970186 
0.250000 0.250000 0.250000 0.250000 
  73
0.479817 0.005738 0.046210 
0.462778 0.988276 0.462022 
0.057405 0.005986 0.491768 
0.974481 0.008506 0.008506 0.008506 
0.250000 0.250000 0.250000 0.250000 
  74
0.479817 0.005738 0.046210 
0.462778 0.988276 0.462022 
0.057405 0.005986 0.491768 
0.011168 0.971819 0.008506 0.008506 
0.250000 0.250000 0.250000 0.250000 
  75
0.479817 0.005738 0.046210 
0.462778 0.988276 0.462022 
0.057405 0.005986 0.491768 
0.008506 0.008506 0.972908 0.010080 
0.250000 0.250000 0.250000 0.250000 
  76
0.479817 0.005738 0.046210 
0.462778 0.988276 0.462022 
0.057405 0.005986 0.491768 
0.973196 0.009792 0.008506 0.008506 
0.250000 0.250000 0.250000 0.250000 
  77
0.479817 0.005738 0.046210 
0.462778 0.988276 0.462022 
0.057405 0.005986 0.491768 
0.008506 0.008506 0.973178 0.009810 
0.250000 0.250000 0.250000 0.250000 
  78
0.479817 0.005738 0.046210 
0.462778 0.988276 0.462022 
0.057405 0.005986 0.491768 
0.008506 0.973027 0.008506 0.009960 
0.250000 0.250000 0.250000 0.250000 
  79
0.479817 0.005738 0.046210 
0.462778 0.988276 0.462022 
0.057405 0.005986 0.491768 
0.008506 0.974481 0.008506 0.008506 
0.250000 0.250000 0.250000 0.250000 
  80
0.479817 0.005738 0.046210 
0.462778 0.988276 0.462022 
0.057405 0.005986 0.491768 
0.008506 0.008506 0.974481 0.008506 
0.250000 0.250000 0.250000 0.250000 
  81
0.479817 0.005738 0.046210 
0.462778 0.988276 0.462022 
0.057405 0.005986 0.491768 
0.973017 0.009971 0.008506 0.008506 
0.250000 0.250000 0.250000 0.250000 
  82
0.479817 0.005738 0.046210 
0.462778 0.988276 0.462022 
0.057405 0.005986 0.491768 
0.974481 0.008506 0.008506 0.008506 
0.250000 0.250000 0.250000 0.250000 
  83
0.479817 0.005738 0.046210 
0.462778 0.988276 0.462022 
0.057405 0.005986 0.491768 
0.008506 0.008506 0.974481 0.008506 
0.250000 0.250000 0.250000 0.250000 
  84
0.479817 0.005738 0.046210 
0.462778 0.988276 0.462022 
0.057405 0.005986 0.491768 
0.010998 0.971989 0.008506 0.008506 
0.250000 0.250000 0.250000 0.250000 
  85
0.479817 0.005738 0.046210 
0.462778 0.988276 0.462022 
0.057405 0.005986 0.491768 
0.008506 0.008506 0.972514 0.010474 
0.250000 0.250000 0.250000 0.250000 
  86
0.479817 0.005738 0.046210 
0.462778 0.988276 0.462022 
0.057405 0.005986 0.491768 
0.008506 0.008506 0.008506 0.974481 
0.250000 0.250000 0.250000 0.250000 
  87
0.479817 0.005738 0.046210 
0.462778 0.988276 0.462022 
0.057405 0.005986 0.491768 
0.009917 0.973071 0.008506 0.008506 
0.250000 0.250000 0.250000 0.250000 
  88
0.479817 0.005738 0.046210 
0.462778 0.988276 0.462022 
0.057405 0.005986 0.491768 
0.008506 0.008506 0.008506 0.974481 
0.250000 0.250000 0.250000 0.250000 
  89
0.479817 0.005738 0.046210 
0.462778 0.988276 0.462022 
0.057405 0.005986 0.491768 
0.008506 0.974481 0.008506 0.008506 
0.250000 0.250000 0.250000 0.250000 
  90
0.479817 0.005738 0.046210 
0.462778 0.988276 0.462022 
0.057405 0.005986 0.491768 
0.008506 0.008506 0.967543 0.015444 
0.250000 0.250000 0.250000 0.250000 
  91
0.479817 0.005738 0.046210 
0.462778 0.988276 0.462022 
0.057405 0.005986 0.491768 
0.008506 0.008506 0.974481 0.008506 
0.250000 0.250000 0.250000 0.250000 
  92
0.479817 0.005738 0.046210 
0.462778 0.988276 0.462022 
0.057405 0.005986 0.491768 
0.008506 0.008506 0.008506 0.974481 
0.250000 0.250000 0.250000 0.250000 
  93
0.479817 0.005738 0.046210 
0.462778 0.988276 0.462022 
0.057405 0.005986 0.491768 
0.008506 0.010168 0.008506 0.972819 
0.250000 0.250000 0.250000 0.250000 
  94
0.479817 0.005738 0.046210 
0.462778 0.988276 0.462022 
0.057405 0.005986 0.491768 
0.009841 0.973146 0.008506 0.008506 
0.250000 0.250000 0.250000 0.250000 
  95
0.479817 0.005738 0.046210 
0.462778 0.988276 0.462022 
0.057405 0.005986 0.491768 
0.008506 0.974481 0.008506 0.008506 
0.250000 0.250000 0.250000 0.250000 
  96
0.479817 0.005738 0.046210 
0.462778 0.988276 0.462022 
0.057405 0.005986 0.491768 
0.041511 0.941460 0.008515 0.008515 
0.250000 0.250000 0.250000 0.250000 
  97
0.479817 0.005738 0.046210 
0.462778 0.988276 0.462022 
0.057405 0.005986 0.491768 
0.008506 0.008506 0.974481 0.008506 
0.250000 0.250000 0.250000 0.250000 
  98
0.479817 0.005738 0.046210 
0.462778 0.988276 0.462022 
0.057405 0.005986 0.491768 
0.974481 0.008506 0.008506 0.008506 
0.250000 0.250000 0.250000 0.250000 
  99
0.479817 0.005738 0.046210 
0.462778 0.988276 0.462022 
0.057405 0.005986 0.491768 
0.008506 0.008506 0.970119 0.012869 
0.250000 0.250000 0.250000 0.250000 
 100
0.479817 0.005738 0.046210 
0.462778 0.988276 0.462022 
0.057405 0.005986 0.491768 
0.008506 0.008506 0.974481 0.008506 
0.250000 0.250000 0.250000 0.250000 
 101
0.479817 0.005738 0.046210 
0.462778 0.988276 0.462022 
0.057405 0.005986 0.491768 
0.974481 0.008506 0.008506 0.008506 
0.250000 0.250000 0.250000 0.250000 
 102
0.479817 0.005738 0.046210 
0.462778 0.988276 0.462022 
0.057405 0.005986 0.491768 
0.008506 0.008506 0.008506 0.974481 
0.250000 0.250000 0.250000 0.250000 
 103
0.479817 0.005738 0.046210 
0.462778 0.988276 0.462022 
0.057405 0.005986 0.491768 
0.008506 0.969922 0.008506 0.013065 
0.250000 0.250000 0.250000 0.250000 
 104
0.479817 0.005738 0.046210 
0.462778 0.988276 0.462022 
0.057405 0.005986 0.491768 
0.008506 0.008506 0.974481 0.008506 
0.250000 0.250000 0.250000 0.250000 
 105
0.479817 0.005738 0.046210 
0.462778 0.988276 0.462022 
0.057405 0.005986 0.491768 
0.974481 0.008506 0.008506 0.008506 
0.250000 0.250000 0.250000 0.250000 
 106
0.479817 0.005738 0.046210 
0.462778 0.988276 0.462022 
0.057405 0.005986 0.491768 
0.008506 0.974481 0.008506 0.008506 
0.250000 0.250000 0.250000 0.250000 
 107
0.479817 0.005738 0.046210 
0.462778 0.988276 0.462022 
0.057405 0.005986 0.491768 
0.008506 0.008506 0.008506 0.974481 
0.250000 0.250000 0.250000 0.250000 
 108
0.479817 0.005738 0.046210 
0.462778 0.988276 0.462022 
0.057405 0.005986 0.491768 
0.971175 0.011813 0.008506 0.008506 
0.250000 0.250000 0.250000 0.250000 
 109
0.479817 0.005738 0.046210 
0.462778 0.988276 0.462022 
0.057405 0.005986 0.491768 
0.008506 0.008506 0.974481 0.008506 
0.250000 0.250000 0.250000 0.250000 
 110
0.479817 0.005738 0.046210 
0.462778 0.988276 0.462022 
0.057405 0.005986 0.491768 
0.008517 0.008517 0.974450 0.008517 
0.250000 0.250000 0.250000 0.250000 
 111
0.479817 0.005738 0.046210 
0.462778 0.988276 0.462022 
0.057405 0.005986 0.491768 
0.970977 0.008506 0.012010 0.008506 
0.250000 0.250000 0.250000 0.250000 
 112
0.479817 0.005738 0.046210 
0.462778 0.988276 0.462022 
0.057405 0.005986 0.491768 
0.974481 0.008506 0.008506 0.008506 
0.250000 0.250000 0.250000 0.250000 
 113
0.479817 0.005738 0.046210 
0.462778 0.988276 0.462022 
0.057405 0.005986 0.491768 
0.974481 0.008506 0.008506 0.008506 
0.250000 0.250000 0.250000 0.250000 
 114
0.479817 0.005738 0.046210 
0.462778 0.988276 0.462022 
0.057405 0.005986 0.491768 
0.008506 0.008506 0.965471 0.017516 
0.250000 0.250000 0.250000 0.250000 
 115
0.479817 0.005738 0.046210 
0.462778 0.988276 0.462022 
0.057405 0.005986 0.491768 
0.008506 0.974481 0.008506 0.008506 
0.250000 0.250000 0.250000 0.250000 
 116
0.479817 0.005738 0.046210 
0.462778 0.988276 0.462022 
0.057405 0.005986 0.491768 
0.008506 0.974481 0.008506 0.008506 
0.250000 0.250000 0.250000 0.250000 
 117
0.479817 0.005738 0.046210 
0.462778 0.988276 0.462022 
0.057405 0.005986 0.491768 
0.969966 0.013021 0.008506 0.008506 
0.250000 0.250000 0.250000 0.250000 
 118
0.479817 0.005738 0.046210 
0.462778 0.988276 0.462022 
0.057405 0.005986 0.491768 
0.974481 0.008506 0.008506 0.008506 
0.250000 0.250000 0.250000 0.250000 
 119
0.479817 0.005738 0.046210 
0.462778 0.988276 0.462022 
0.057405 0.005986 0.491768 
0.008506 0.008506 0.974481 0.008506 
0.250000 0.250000 0.250000 0.250000 
 120
0.479817 0.005738 0.046210 
0.462778 0.988276 0.462022 
0.057405 0.005986 0.491768 
0.012496 0.968032 0.008517 0.010954 
0.250000 0.250000 0.250000 0.250000 
 121
0.479817 0.005738 0.046210 
0.462778 0.988276 0.462022 
0.057405 0.005986 0.491768 
0.974481 0.008506 0.008506 0.008506 
0.250000 0.250000 0.250000 0.250000 
 122
0.479817 0.005738 0.046210 
0.462778 0.988276 0.462022 
0.057405 0.005986 0.491768 
0.008506 0.008506 0.008506 0.974481 
0.250000 0.250000 0.250000 0.250000 
 123
0.479817 0.005738 0.046210 
0.462778 0.988276 0.462022 
0.057405 0.005986 0.491768 
0.959238 0.023750 0.008506 0.008506 
0.250000 0.250000 0.250000 0.250000 
 124
0.479817 0.005738 0.046210 
0.462778 0.988276 0.462022 
0.057405 0.005986 0.491768 
0.008506 0.974481 0.008506 0.008506 
0.250000 0.250000 0.250000 0.250000 
 125
0.479817 0.005738 0.046210 
0.462778 0.988276 0.462022 
0.057405 0.005986 0.491768 
0.008506 0.008506 0.008506 0.974481 
0.250000 0.250000 0.250000 0.250000 
 126
0.479817 0.005738 0.046210 
0.462778 0.988276 0.462022 
0.057405 0.005986 0.491768 
0.011089 0.971898 0.008506 0.008506 
0.250000 0.250000 0.250000 0.250000 
 127
0.479817 0.005738 0.046210 
0.462778 0.988276 0.462022 
0.057405 0.005986 0.491768 
0.974481 0.008506 0.008506 0.008506 
0.250000 0.250000 0.250000 0.250000 
 128
0.479817 0.005738 0.046210 
0.462778 0.988276 0.462022 
0.057405 0.005986 0.491768 
0.974481 0.008506 0.008506 0.008506 
0.250000 0.250000 0.250000 0.250000 
 129
0.479817 0.005738 0.046210 
0.462778 0.988276 0.462022 
0.057405 0.005986 0.491768 
0.970497 0.012491 0.008506 0.008506 
0.250000 0.250000 0.250000 0.250000 
 130
0.479817 0.005738 0.046210 
0.462778 0.988276 0.462022 
0.057405 0.005986 0.491768 
0.974481 0.008506 0.008506 0.008506 
0.250000 0.250000 0.250000 0.250000 
 131
0.479817 0.005738 0.046210 
0.462778 0.988276 0.462022 
0.057405 0.005986 0.491768 
0.008506 0.008506 0.974481 0.008506 
0.250000 0.250000 0.250000 0.250000 
 132
0.479817 0.005738 0.046210 
0.462778 0.988276 0.462022 
0.057405 0.005986 0.491768 
0.972503 0.010485 0.008506 0.008506 
0.250000 0.250000 0.250000 0.250000 
 133
0.479817 0.005738 0.046210 
0.462778 0.988276 0.462022 
0.057405 0.005986 0.491768 
0.974481 0.008506 0.008506 0.008506 
0.250000 0.250000 0.250000 0.250000 
 134
0.479817 0.005738 0.046210 
0.462778 0.988276 0.462022 
0.057405 0.005986 0.491768 
0.008506 0.008506 0.008506 0.974481 
0.250000 0.250000 0.250000 0.250000 
 135
0.479817 0.005738 0.046210 
0.462778 0.988276 0.462022 
0.057405 0.005986 0.491768 
0.013774 0.008506 0.965471 0.012248 
0.250000 0.250000 0.250000 0.250000 
 136
0.479817 0.005738 0.046210 
0.462778 0.988276 0.462022 
0.057405 0.005986 0.491768 
0.974481 0.008506 0.008506 0.008506 
0.250000 0.250000 0.250000 0.250000 
 137
0.479817 0.005738 0.046210 
0.462778 0.988276 0.462022 
0.057405 0.005986 0.491768 
0.008506 0.008506 0.973103 0.009884 
0.250000 0.250000 0.250000 0.250000 
 138
0.479817 0.005738 0.046210 
0.462778 0.988276 0.462022 
0.057405 0.005986 0.491768 
0.011080 0.970748 0.008506 0.009666 
0.250000 0.250000 0.250000 0.250000 
 139
0.479817 0.005738 0.046210 
0.462778 0.988276 0.462022 
0.057405 0.005986 0.491768 
0.974481 0.008506 0.008506 0.008506 
0.250000 0.250000 0.250000 0.250000 
 140
0.479817 0.005738 0.046210 
0.462778 0.988276 0.462022 
0.057405 0.005986 0.491768 
0.973202 0.009786 0.008506 0.008506 
0.250000 0.250000 0.250000 0.250000 
 141
0.479817 0.005738 0.046210 
0.462778 0.988276 0.462022 
0.057405 0.005986 0.491768 
0.008506 0.008506 0.012629 0.970358 
0.250000 0.250000 0.250000 0.250000 
 142
0.479817 0.005738 0.046210 
0.462778 0.988276 0.462022 
0.057405 0.005986 0.491768 
0.008506 0.974481 0.008506 0.008506 
0.250000 0.250000 0.250000 0.250000 
 143
0.479817 0.005738 0.046210 
0.462778 0.988276 0.462022 
0.057405 0.005986 0.491768 
0.974481 0.008506 0.008506 0.008506 
0.250000 0.250000 0.250000 0.250000 
 144
0.479817 0.005738 0.046210 
0.462778 0.988276 0.462022 
0.057405 0.005986 0.491768 
0.010059 0.008506 0.972928 0.008506 
0.250000 0.250000 0.250000 0.250000 
 145
0.479817 0.005738 0.046210 
0.462778 0.988276 0.462022 
0.057405 0.005986 0.491768 
0.011309 0.008506 0.971679 0.008506 
0.250000 0.250000 0.250000 0.250000 
 146
0.479817 0.005738 0.046210 
0.462778 0.988276 0.462022 
0.057405 0.005986 0.491768 
0.015524 0.967464 0.008506 0.008506 
0.250000 0.250000 0.250000 0.250000 
 147
0.479817 0.005738 0.046210 
0.462778 0.988276 0.462022 
0.057405 0.005986 0.491768 
0.973082 0.009889 0.008515 0.008515 
0.250000 0.250000 0.250000 0.250000 
 148
0.479817 0.005738 0.046210 
0.462778 0.988276 0.462022 
0.057405 0.005986 0.491768 
0.974481 0.008506 0.008506 0.008506 
0.250000 0.250000 0.250000 0.250000 
 149
0.479817 0.005738 0.046210 
0.462778 0.988276 0.462022 
0.057405 0.005986 0.491768 
0.008506 0.008506 0.008506 0.974481 
0.250000 0.250000 0.250000 0.250000 
 150
0.479817 0.005738 0.046210 
0.462778 0.988276 0.462022 
0.057405 0.005986 0.491768 
0.008506 0.008506 0.008506 0.974481 
0.250000 0.250000 0.250000 0.250000 
 151
0.479817 0.005738 0.046210 
0.462778 0.988276 0.462022 
0.057405 0.005986 0.491768 
0.008506 0.974481 0.008506 0.008506 
0.250000 0.250000 0.250000 0.250000 
 152
0.479817 0.005738 0.046210 
0.462778 0.988276 0.462022 
0.057405 0.005986 0.491768 
0.974481 0.008506 0.008506 0.008506 
0.250000 0.250000 0.250000 0.250000 
 153
0.479817 0.005738 0.046210 
0.462778 0.988276 0.462022 
0.057405 0.005986 0.491768 
0.974481 0.008506 0.008506 0.008506 
0.250000 0.250000 0.250000 0.250000 
 154
0.479817 0.005738 0.046210 
0.462778 0.988276 0.462022 
0.057405 0.005986 0.491768 
0.008506 0.974481 0.008506 0.008506 
0.250000 0.250000 0.250000 0.250000 
 155
0.479817 0.005738 0.046210 
0.462778 0.988276 0.462022 
0.057405 0.005986 0.491768 
0.008506 0.008506 0.008506 0.974481 
0.250000 0.250000 0.250000 0.250000 
 156
0.479817 0.005738 0.046210 
0.462778 0.988276 0.462022 
0.057405 0.005986 0.491768 
0.008506 0.008506 0.015238 0.967749 
0.250000 0.250000 0.250000 0.250000 
 157
0.479817 0.005738 0.046210 
0.462778 0.988276 0.462022 
0.057405 0.005986 0.491768 
0.974481 0.008506 0.008506 0.008506 
0.250000 0.250000 0.250000 0.250000 
 158
0.479817 0.005738 0.046210 
0.462778 0.988276 0.462022 
0.057405 0.005986 0.491768 
0.008506 0.008506 0.974481 0.008506 
0.250000 0.250000 0.250000 0.250000 
 159
0.479817 0.005738 0.046210 
0.462778 0.988276 0.462022 
0.057405 0.005986 0.491768 
0.008506 0.008506 0.010954 0.972034 
0.250000 0.250000 0.250000 0.250000 
 160
0.479817 0.005738 0.046210 
0.462778 0.988276 0.462022 
0.057405 0.005986 0.491768 
0.974481 0.008506 0.008506 0.008506 
0.250000 0.250000 0.250000 0.250000 
 161
0.479817 0.005738 0.046210 
0.462778 0.988276 0.462022 
0.057405 0.005986 0.491768 
0.974448 0.008517 0.008517 0.008517 
0.250000 0.250000 0.250000 0.250000 
 162
0.479817 0.005738 0.046210 
0.462778 0.988276 0.462022 
0.057405 0.005986 0.491768 
0.008506 0.008506 0.011889 0.971099 
0.250000 0.250000 0.250000 0.250000 
 163
0.479817 0.005738 0.046210 
0.462778 0.988276 0.462022 
0.057405 0.005986 0.491768 
0.008506 0.974481 0.008506 0.008506 
0.250000 0.250000 0.250000 0.250000 
 164
0.479817 0.005738 0.046210 
0.462778 0.988276 0.462022 
0.057405 0.005986 0.491768 
0.008506 0.008506 0.974481 0.008506 
0.250000 0.250000 0.250000 0.250000 
 165
0.479817 0.005738 0.046210 
0.462778 0.988276 0.462022 
0.057405 0.005986 0.491768 
0.008506 0.008506 0.011130 0.971858 
0.250000 0.250000 0.250000 0.250000 
 166
0.479817 0.005738 0.046210 
0.462778 0.988276 0.462022 
0.057405 0.005986 0.491768 
0.974481 0.008506 0.008506 0.008506 
0.250000 0.250000 0.250000 0.250000 
 167
0.479817 0.005738 0.046210 
0.462778 0.988276 0.462022 
0.057405 0.005986 0.491768 
0.008506 0.008506 0.974481 0.008506 
0.250000 0.250000 0.250000 0.250000 
 168
0.479817 0.005738 0.046210 
0.462778 0.988276 0.462022 
0.057405 0.005986 0.491768 
0.008519 0.008519 0.011903 0.971059 
0.250000 0.250000 0.250000 0.250000 
 169
0.479817 0.005738 0.046210 
0.462778 0.988276 0.462022 
0.057405 0.005986 0.491768 
0.008506 0.974481 0.008506 0.008506 
0.250000 0.250000 0.250000 0.250000 
 170
0.479817 0.005738 0.046210 
0.462778 0.988276 0.462022 
0.057405 0.005986 0.491768 
0.974481 0.008506 0.008506 0.008506 
0.250000 0.250000 0.250000 0.250000 
 171
0.479817 0.005738 0.046210 
0.462778 0.988276 0.462022 
0.057405 0.005986 0.491768 
0.085252 0.897719 0.008515 0.008515 
0.250000 0.250000 0.250000 0.250000 
 172
0.479817 0.005738 0.046210 
0.462778 0.988276 0.462022 
0.057405 0.005986 0.491768 
0.008506 0.008506 0.973205 0.009782 
0.250000 0.250000 0.250000 0.250000 
 173
0.479817 0.005738 0.046210 
0.462778 0.988276 0.462022 
0.057405 0.005986 0.491768 
0.008506 0.008506 0.008506 0.974481 
0.250000 0.250000 0.250000 0.250000 
 174
0.479817 0.005738 0.046210 
0.462778 0.988276 0.462022 
0.057405 0.005986 0.491768 
0.008506 0.974481 0.008506 0.008506 
0.250000 0.250000 0.250000 0.250000 
 175
0.479817 0.005738 0.046210 
0.462778 0.988276 0.462022 
0.057405 0.005986 0.491768 
0.008506 0.974481 0.008506 0.008506 
0.250000 0.250000 0.250000 0.250000 
 176
0.479817 0.005738 0.046210 
0.462778 0.988276 0.462022 
0.057405 0.005986 0.491768 
0.008506 0.008506 0.008506 0.974481 
0.250000 0.250000 0.250000 0.250000 
 177
0.479817 0.005738 0.046210 
0.462778 0.988276 0.462022 
0.057405 0.005986 0.491768 
0.008506 0.008506 0.016425 0.966563 
0.250000 0.250000 0.250000 0.250000 
 178
0.479817 0.005738 0.046210 
0.462778 0.988276 0.462022 
0.057405 0.005986 0.491768 
0.008506 0.008506 0.974481 0.008506 
0.250000 0.250000 0.250000 0.250000 
 179
0.479817 0.005738 0.046210 
0.462778 0.988276 0.462022 
0.057405 0.005986 0.491768 
0.974481 0.008506 0.008506 0.008506 
0.250000 0.250000 0.250000 0.250000 
 180
0.479817 0.005738 0.046210 
0.462778 0.988276 0.462022 
0.057405 0.005986 0.491768 
0.018854 0.964108 0.008519 0.008519 
0.250000 0.250000 0.250000 0.250000 
 181
0.479817 0.005738 0.046210 
0.462778 0.988276 0.462022 
0.057405 0.005986 0.491768 
0.973227 0.009760 0.008506 0.008506 
0.250000 0.250000 0.250000 0.250000 
 182
0.479817 0.005738 0.046210 
0.462778 0.988276 0.462022 
0.057405 0.005986 0.491768 
0.972757 0.010230 0.008506 0.008506 
0.250000 0.250000 0.250000 0.250000 
 183
0.479817 0.005738 0.046210 
0.462778 0.988276 0.462022 
0.057405 0.005986 0.491768 
0.008506 0.008506 0.040316 0.942671 
0.250000 0.250000 0.250000 0.250000 
 184
0.479817 0.005738 0.046210 
0.462778 0.988276 0.462022 
0.057405 0.005986 0.491768 
0.008506 0.008506 0.008506 0.974481 
0.250000 0.250000 0.250000 0.250000 
 185
0.479817 0.005738 0.046210 
0.462778 0.988276 0.462022 
0.057405 0.005986 0.491768 
0.008506 0.008506 0.974481 0.008506 
0.250000 0.250000 0.250000 0.250000 
 186
0.479817 0.005738 0.046210 
0.462778 0.988276 0.462022 
0.057405 0.005986 0.491768 
0.008506 0.008506 0.971756 0.011232 
0.250000 0.250000 0.250000 0.250000 
 187
0.479817 0.005738 0.046210 
0.462778 0.988276 0.462022 
0.057405 0.005986 0.491768 
0.008506 0.008506 0.008506 0.974481 
0.250000 0.250000 0.250000 0.250000 
 188
0.479817 0.005738 0.046210 
0.462778 0.988276 0.462022 
0.057405 0.005986 0.491768 
0.008506 0.008506 0.974481 0.008506 
0.250000 0.250000 0.250000 0.250000 
 189
0.479817 0.005738 0.046210 
0.462778 0.988276 0.462022 
0.057405 0.005986 0.491768 
0.965996 0.016992 0.008506 0.008506 
0.250000 0.250000 0.250000 0.250000 
 190
0.479817 0.005738 0.046210 
0.462778 0.988276 0.462022 
0.057405 0.005986 0.491768 
0.974481 0.008506 0.008506 0.008506 
0.250000 0.250000 0.250000 0.250000 
 191
0.479817 0.005738 0.046210 
0.462778 0.988276 0.462022 
0.057405 0.005986 0.491768 
0.008506 0.008506 0.010230 0.972757 
0.250000 0.250000 0.250000 0.250000 
 192
0.479817 0.005738 0.046210 
0.462778 0.988276 0.462022 
0.057405 0.005986 0.491768 
0.972512 0.010476 0.008506 0.008506 
0.250000 0.250000 0.250000 0.250000 
 193
0.479817 0.005738 0.046210 
0.462778 0.988276 0.462022 
0.057405 0.005986 0.491768 
0.010305 0.972683 0.008506 0.008506 
0.250000 0.250000 0.250000 0.250000 
 194
0.479817 0.005738 0.046210 
0.462778 0.988276 0.462022 
0.057405 0.005986 0.491768 
0.008506 0.974481 0.008506 0.008506 
0.250000 0.250000 0.250000 0.250000 
 195
0.479817 0.005738 0.046210 
0.462778 0.988276 0.462022 
0.057405 0.005986 0.491768 
0.008515 0.008515 0.009833 0.973137 
0.250000 0.250000 0.250000 0.250000 
 196
0.479817 0.005738 0.046210 
0.462778 0.988276 0.462022 
0.057405 0.005986 0.491768 
0.017069 0.965919 0.008506 0.008506 
0.250000 0.250000 0.250000 0.250000 
 197
0.479817 0.005738 0.046210 
0.462778 0.988276 0.462022 
0.057405 0.005986 0.491768 
0.974481 0.008506 0.008506 0.008506 
0.250000 0.250000 0.250000 0.250000 
 198
0.479817 0.005738 0.046210 
0.462778 0.988276 0.462022 
0.057405 0.005986 0.491768 
0.974481 0.008506 0.008506 0.008506 
0.250000 0.250000 0.250000 0.250000 
 199
0.479817 0.005738 0.046210 
0.462778 0.988276 0.462022 
0.057405 0.005986 0.491768 
0.974481 0.008506 0.008506 0.008506 
0.250000 0.250000 0.250000 0.250000 
 200
0.479817 0.005738 0.046210 
0.462778 0.988276 0.462022 
0.057405 0.005986 0.491768 
0.008506 0.008506 0.008506 0.974481 
0.250000 0.250000 0.250000 0.250000 
 201
0.479817 0.005738 0.046210 
0.462778 0.988276 0.462022 
0.057405 0.005986 0.491768 
0.973045 0.008506 0.009942 0.008506 
0.250000 0.250000 0.250000 0.250000 
 202
0.479817 0.005738 0.046210 
0.462778 0.988276 0.462022 
0.057405 0.005986 0.491768 
0.008506 0.008506 0.008506 0.974481 
0.250000 0.250000 0.250000 0.250000 
 203
0.479817 0.005738 0.046210 
0.462778 0.988276 0.462022 
0.057405 0.005986 0.491768 
0.008506 0.974481 0.008506 0.008506 
0.250000 0.250000 0.250000 0.250000 
 204
0.479817 0.005738 0.046210 
0.462778 0.988276 0.462022 
0.057405 0.005986 0.491768 
0.008506 0.008506 0.965686 0.017301 
0.250000 0.250000 0.250000 0.250000 
 205
0.479817 0.005738 0.046210 
0.462778 0.988276 0.462022 
0.057405 0.005986 0.491768 
0.021000 0.961962 0.008519 0.008519 
0.250000 0.250000 0.250000 0.250000 
 206
0.479817 0.005738 0.046210 
0.462778 0.988276 0.462022 
0.057405 0.005986 0.491768 
0.973221 0.009766 0.008506 0.008506 
0.250000 0.250000 0.250000 0.250000 
 207
0.479817 0.005738 0.046210 
0.462778 0.988276 0.462022 
0.057405 0.005986 0.491768 
0.008506 0.008506 0.974481 0.008506 
0.250000 0.250000 0.250000 0.250000 
 208
0.479817 0.005738 0.046210 
0.462778 0.988276 0.462022 
0.057405 0.005986 0.491768 
0.969958 0.013029 0.008506 0.008506 
0.250000 0.250000 0.250000 0.250000 
 209
0.479817 0.005738 0.046210 
0.462778 0.988276 0.462022 
0.057405 0.005986 0.491768 
0.010640 0.972348 0.008506 0.008506 
0.250000 0.250000 0.250000 0.250000 
 210
0.479817 0.005738 0.046210 
0.462778 0.988276 0.462022 
0.057405 0.005986 0.491768 
0.008506 0.008506 0.016836 0.966151 
0.250000 0.250000 0.250000 0.250000 
 211
0.479817 0.005738 0.046210 
0.462778 0.988276 0.462022 
0.057405 0.005986 0.491768 
0.008506 0.008506 0.974481 0.008506 
0.250000 0.250000 0.250000 0.250000 
 212
0.479817 0.005738 0.046210 
0.462778 0.988276 0.462022 
0.057405 0.005986 0.491768 
0.008506 0.008506 0.974481 0.008506 
0.250000 0.250000 0.250000 0.250000 
 213
0.479817 0.005738 0.046210 
0.462778 0.988276 0.462022 
0.057405 0.005986 0.491768 
0.008506 0.008506 0.031152 0.951836 
0.250000 0.250000 0.250000 0.250000 
 214
0.479817 0.005738 0.046210 
0.462778 0.988276 0.462022 
0.057405 0.005986 0.491768 
0.008515 0.008515 0.972126 0.010844 
0.250000 0.250000 0.250000 0.250000 
 215
0.479817 0.005738 0.046210 
0.462778 0.988276 0.462022 
0.057405 0.005986 0.491768 
0.974481 0.008506 0.008506 0.008506 
0.250000 0.250000 0.250000 0.250000 
 216
0.479817 0.005738 0.046210 
0.462778 0.988276 0.462022 
0.057405 0.005986 0.491768 
0.008506 0.008506 0.008506 0.974481 
0.250000 0.250000 0.250000 0.250000 
 217
0.479817 0.005738 0.046210 
0.462778 0.988276 0.462022 
0.057405 0.005986 0.491768 
0.010946 0.008506 0.972042 0.008506 
0.250000 0.250000 0.250000 0.250000 
 218
0.479817 0.005738 0.046210 
0.462778 0.988276 0.462022 
0.057405 0.005986 0.491768 
0.974481 0.008506 0.008506 0.008506 
0.250000 0.250000 0.250000 0.250000 
 219
0.479817 0.005738 0.046210 
0.462778 0.988276 0.462022 
0.057405 0.005986 0.491768 
0.012710 0.968991 0.008516 0.009783 
0.250000 0.250000 0.250000 0.250000 
 220
0.479817 0.005738 0.046210 
0.462778 0.988276 0.462022 
0.057405 0.005986 0.491768 
0.968668 0.014319 0.008506 0.008506 
0.250000 0.250000 0.250000 0.250000 
 221
0.479817 0.005738 0.046210 
0.462778 0.988276 0.462022 
0.057405 0.005986 0.491768 
0.008506 0.008506 0.008506 0.974481 
0.250000 0.250000 0.250000 0.250000 
 222
0.479817 0.005738 0.046210 
0.462778 0.988276 0.462022 
0.057405 0.005986 0.491768 
0.008506 0.008506 0.974481 0.008506 
0.250000 0.250000 0.250000 0.250000 
 223
0.479817 0.005738 0.046210 
0.462778 0.988276 0.462022 
0.057405 0.005986 0.491768 
0.008506 0.008506 0.974481 0.008506 
0.250000 0.250000 0.250000 0.250000 
 224
0.479817 0.005738 0.046210 
0.462778 0.988276 0.462022 
0.057405 0.005986 0.491768 
0.008506 0.008506 0.008506 0.974481 
0.250000 0.250000 0.250000 0.250000 
 225
0.479817 0.005738 0.046210 
0.462778 0.988276 0.462022 
0.057405 0.005986 0.491768 
0.008506 0.008506 0.012653 0.970335 
0.250000 0.250000 0.250000 0.250000 
 226
0.479817 0.005738 0.046210 
0.462778 0.988276 0.462022 
0.057405 0.005986 0.491768 
0.008506 0.974481 0.008506 0.008506 
0.250000 0.250000 0.250000 0.250000 
 227
0.479817 0.005738 0.046210 
0.462778 0.988276 0.462022 
0.057405 0.005986 0.491768 
0.974481 0.008506 0.008506 0.008506 
0.250000 0.250000 0.250000 0.250000 
 228
0.479817 0.005738 0.046210 
0.462778 0.988276 0.462022 
0.057405 0.005986 0.491768 
0.008506 0.008506 0.008506 0.974481 
0.250000 0.250000 0.250000 0.250000 
 229
0.479817 0.005738 0.046210 
0.462778 0.988276 0.462022 
0.057405 0.005986 0.491768 
0.008506 0.974481 0.008506 0.008506 
0.250000 0.250000 0.250000 0.250000 
 230
0.479817 0.005738 0.046210 
0.462778 0.988276 0.462022 
0.057405 0.005986 0.491768 
0.008506 0.974481 0.008506 0.008506 
0.250000 0.250000 0.250000 0.250000 
 231
0.479817 0.005738 0.046210 
0.462778 0.988276 0.462022 
0.057405 0.005986 0.491768 
0.952130 0.030857 0.008506 0.008506 
0.250000 0.250000 0.250000 0.250000 
 232
0.479817 0.005738 0.046210 
0.462778 0.988276 0.462022 
0.057405 0.005986 0.491768 
0.058855 0.924115 0.008515 0.008515 
0.250000 0.250000 0.250000 0.250000 
 233
0.479817 0.005738 0.046210 
0.462778 0.988276 0.462022 
0.057405 0.005986 0.491768 
0.921342 0.061646 0.008506 0.008506 
0.250000 0.250000 0.250000 0.250000 
 234
0.479817 0.005738 0.046210 
0.462778 0.988276 0.462022 
0.057405 0.005986 0.491768 
0.973149 0.009839 0.008506 0.008506 
0.250000 0.250000 0.250000 0.250000 
 235
0.479817 0.005738 0.046210 
