%  SAM: /scicomp/groups/OID/NCIRD/ID-OD/ID_nomenclatures/label/LABEL_RES/scripts/modelfromalign_Linux v3.5 (July 15, 2005) compiled 12/08/06_16:15:55
%  (c) 1992-2001 Regents of the University of California, Santa Cruz
%
%          Sequence Alignment and Modeling Software System
%         http://www.cse.ucsc.edu/research/compbio/sam.html
%
% ----------------- Citations (SAM, SAM-T2K, HMMs) --------------------
% R. Hughey, A. Krogh, Hidden Markov models for sequence analysis:
%  Extension and analysis of the basic method, CABIOS 12:95-107, 1996.
% K. Karplus, et al., What is the value added by human intervention in protein
%  structure prediction, Proteins: Stucture, Function, Genetics 45(S5):86--91, 2001.
% A. Krogh et al., Hidden Markov models in computational biology:
%  Applications to protein modeling, JMB 235:1501-1531, Feb 1994.
% ---------------------------------------------------------------------
%  c-3C.x_hmm   Host: node16.hpc.biotech.cdc.gov    Wed Nov  2 14:28:58 2016
%  vfn4         Dir:  /scicomp/groups/OID/NCIRD/ID-OD/ID_nomenclatures/H3/versions/H3v2016R2/c-3C/alt1
% ---------------------------------------------------------------------
%  Alignment weights from internal calc.  Total (63.95) Max (0.09) Min (0.01)
%  Weights from alignment method 1 (karplus), b=-1.000000, e=0.500000
MODEL --  Model from alignment file /scicomp/groups/OID/NCIRD/ID-OD/ID_nomenclatures/label/LABEL_RES/training_data/H3v2016R2/c-3C/c-3C.x.fasta
alphabet DNA
FREQAVE
0.000000 0.000000 0.000000 
0.000000 0.000000 0.000000 
0.000000 0.000000 0.000000 
0.339275 0.222461 0.195606 0.242658 
0.339275 0.222461 0.195606 0.242658 
Begin
0.000000 0.000000 0.000000 
0.000000 0.000000 0.000000 
0.000000 0.003325 0.491768 
0.250000 0.250000 0.250000 0.250000 
0.250000 0.250000 0.250000 0.250000 
   1
0.000000 0.028736 0.046210 
0.000000 0.967939 0.462022 
0.037774 0.003412 0.491768 
0.988078 0.003974 0.003974 0.003974 
0.250000 0.250000 0.250000 0.250000 
   2
0.657704 0.003271 0.046210 
0.304522 0.993317 0.462022 
0.037774 0.003412 0.491768 
0.003974 0.003974 0.003974 0.988078 
0.250000 0.250000 0.250000 0.250000 
   3
0.657704 0.003271 0.046210 
0.304522 0.993317 0.462022 
0.037774 0.003412 0.491768 
0.003974 0.988078 0.003974 0.003974 
0.250000 0.250000 0.250000 0.250000 
   4
0.649841 0.003271 0.046210 
0.312384 0.993317 0.462022 
0.038074 0.003410 0.491768 
0.986936 0.005122 0.003971 0.003971 
0.250000 0.250000 0.250000 0.250000 
   5
0.648700 0.003269 0.046210 
0.313227 0.993322 0.462022 
0.038315 0.003408 0.491768 
0.987183 0.004878 0.003970 0.003970 
0.250000 0.250000 0.250000 0.250000 
   6
0.652807 0.003267 0.046210 
0.308878 0.993325 0.462022 
0.038315 0.003408 0.491768 
0.006022 0.985663 0.003969 0.004347 
0.250000 0.250000 0.250000 0.250000 
   7
0.652807 0.003267 0.046210 
0.308878 0.993325 0.462022 
0.038315 0.003408 0.491768 
0.986367 0.005326 0.003969 0.004338 
0.250000 0.250000 0.250000 0.250000 
   8
0.652807 0.003267 0.046210 
0.308878 0.993325 0.462022 
0.038315 0.003408 0.491768 
0.005623 0.003969 0.985416 0.004993 
0.250000 0.250000 0.250000 0.250000 
   9
0.648434 0.003267 0.046210 
0.313251 0.993325 0.462022 
0.038483 0.003407 0.491768 
0.004606 0.003968 0.018839 0.972587 
0.250000 0.250000 0.250000 0.250000 
  10
0.641072 0.003266 0.046210 
0.320445 0.993327 0.462022 
0.038880 0.003405 0.491768 
0.985516 0.006133 0.003963 0.004388 
0.250000 0.250000 0.250000 0.250000 
  11
0.628722 0.003263 0.046210 
0.332398 0.993332 0.462022 
0.039632 0.003400 0.491768 
0.003960 0.003960 0.005900 0.986181 
0.250000 0.250000 0.250000 0.250000 
  12
0.640875 0.003259 0.046210 
0.319494 0.993341 0.462022 
0.039632 0.003400 0.491768 
0.003956 0.003956 0.984239 0.007848 
0.250000 0.250000 0.250000 0.250000 
  13
0.620091 0.003259 0.046210 
0.340277 0.993341 0.462022 
0.040473 0.003395 0.491768 
0.987267 0.004361 0.003950 0.004423 
0.250000 0.250000 0.250000 0.250000 
  14
0.572469 0.003254 0.046210 
0.387058 0.993351 0.462022 
0.043092 0.003380 0.491768 
0.003930 0.003930 0.004718 0.987421 
0.250000 0.250000 0.250000 0.250000 
  15
0.546002 0.003240 0.046210 
0.410906 0.993380 0.462022 
0.046015 0.003366 0.491768 
0.003907 0.003907 0.004459 0.987726 
0.250000 0.250000 0.250000 0.250000 
  16
0.578260 0.003226 0.046210 
0.375725 0.993408 0.462022 
0.046235 0.003365 0.491768 
0.003906 0.988282 0.003906 0.003906 
0.250000 0.250000 0.250000 0.250000 
  17
0.581034 0.003225 0.046210 
0.372731 0.993410 0.462022 
0.046235 0.003365 0.491768 
0.003906 0.003906 0.988282 0.003906 
0.250000 0.250000 0.250000 0.250000 
  18
0.581034 0.003225 0.046210 
0.372731 0.993410 0.462022 
0.046235 0.003365 0.491768 
0.003906 0.004311 0.015675 0.976108 
0.250000 0.250000 0.250000 0.250000 
  19
0.581034 0.003225 0.046210 
0.372731 0.993410 0.462022 
0.046235 0.003365 0.491768 
0.003907 0.004494 0.005138 0.986462 
0.250000 0.250000 0.250000 0.250000 
  20
0.581034 0.003225 0.046210 
0.372731 0.993410 0.462022 
0.046235 0.003365 0.491768 
0.003906 0.003906 0.004578 0.987610 
0.250000 0.250000 0.250000 0.250000 
  21
0.578323 0.003225 0.046210 
0.375442 0.993410 0.462022 
0.046361 0.003364 0.491768 
0.006967 0.984169 0.003905 0.004959 
0.250000 0.250000 0.250000 0.250000 
  22
0.577828 0.003225 0.046210 
0.375811 0.993411 0.462022 
0.046457 0.003364 0.491768 
0.982166 0.006556 0.003905 0.007373 
0.250000 0.250000 0.250000 0.250000 
  23
0.576907 0.003224 0.046210 
0.376636 0.993412 0.462022 
0.046556 0.003363 0.491768 
0.004691 0.987501 0.003904 0.003904 
0.250000 0.250000 0.250000 0.250000 
  24
0.578131 0.003224 0.046210 
0.375313 0.993413 0.462022 
0.046556 0.003363 0.491768 
0.003904 0.003904 0.988288 0.003904 
0.250000 0.250000 0.250000 0.250000 
  25
0.578131 0.003224 0.046210 
0.375313 0.993413 0.462022 
0.046556 0.003363 0.491768 
0.004696 0.003904 0.006266 0.985133 
0.250000 0.250000 0.250000 0.250000 
  26
0.576069 0.003224 0.046210 
0.377376 0.993413 0.462022 
0.046652 0.003363 0.491768 
0.981311 0.009851 0.003903 0.004934 
0.250000 0.250000 0.250000 0.250000 
  27
0.557195 0.003224 0.046210 
0.396153 0.993414 0.462022 
0.047607 0.003359 0.491768 
0.003898 0.003898 0.987781 0.004424 
0.250000 0.250000 0.250000 0.250000 
  28
0.568604 0.003220 0.046210 
0.383789 0.993422 0.462022 
0.047607 0.003359 0.491768 
0.985598 0.004638 0.004488 0.005276 
0.250000 0.250000 0.250000 0.250000 
  29
0.566491 0.003220 0.046210 
0.385902 0.993422 0.462022 
0.047708 0.003358 0.491768 
0.003897 0.003897 0.005570 0.986636 
0.250000 0.250000 0.250000 0.250000 
  30
0.567691 0.003219 0.046210 
0.384602 0.993423 0.462022 
0.047708 0.003358 0.491768 
0.003898 0.004264 0.004966 0.986873 
0.250000 0.250000 0.250000 0.250000 
  31
0.567691 0.003219 0.046210 
0.384602 0.993423 0.462022 
0.047708 0.003358 0.491768 
0.004254 0.004270 0.985738 0.005739 
0.250000 0.250000 0.250000 0.250000 
  32
0.567691 0.003219 0.046210 
0.384602 0.993423 0.462022 
0.047708 0.003358 0.491768 
0.003897 0.003897 0.004684 0.987522 
0.250000 0.250000 0.250000 0.250000 
  33
0.567691 0.003219 0.046210 
0.384602 0.993423 0.462022 
0.047708 0.003358 0.491768 
0.985292 0.004663 0.006148 0.003897 
0.250000 0.250000 0.250000 0.250000 
  34
0.567691 0.003219 0.046210 
0.384602 0.993423 0.462022 
0.047708 0.003358 0.491768 
0.005118 0.003897 0.019193 0.971792 
0.250000 0.250000 0.250000 0.250000 
  35
0.565571 0.003219 0.046210 
0.386722 0.993423 0.462022 
0.047809 0.003358 0.491768 
0.005635 0.986571 0.003897 0.003897 
0.250000 0.250000 0.250000 0.250000 
  36
0.566772 0.003219 0.046210 
0.385419 0.993423 0.462022 
0.047809 0.003358 0.491768 
0.003897 0.003897 0.007717 0.984489 
0.250000 0.250000 0.250000 0.250000 
  37
0.566772 0.003219 0.046210 
0.385419 0.993423 0.462022 
0.047809 0.003358 0.491768 
0.005344 0.003896 0.980459 0.010301 
0.250000 0.250000 0.250000 0.250000 
  38
0.566772 0.003219 0.046210 
0.385419 0.993423 0.462022 
0.047809 0.003358 0.491768 
0.004447 0.003896 0.004275 0.987382 
0.250000 0.250000 0.250000 0.250000 
  39
0.566772 0.003219 0.046210 
0.385419 0.993423 0.462022 
0.047809 0.003358 0.491768 
0.012163 0.979393 0.003896 0.004548 
0.250000 0.250000 0.250000 0.250000 
  40
0.566772 0.003219 0.046210 
0.385419 0.993423 0.462022 
0.047809 0.003358 0.491768 
0.006904 0.985300 0.003898 0.003898 
0.250000 0.250000 0.250000 0.250000 
  41
0.566772 0.003219 0.046210 
0.385419 0.993423 0.462022 
0.047809 0.003358 0.491768 
0.003896 0.006320 0.006664 0.983120 
0.250000 0.250000 0.250000 0.250000 
  42
0.566772 0.003219 0.046210 
0.385419 0.993423 0.462022 
0.047809 0.003358 0.491768 
0.003896 0.003896 0.005667 0.986540 
0.250000 0.250000 0.250000 0.250000 
  43
0.566772 0.003219 0.046210 
0.385419 0.993423 0.462022 
0.047809 0.003358 0.491768 
0.005482 0.005003 0.005420 0.984095 
0.250000 0.250000 0.250000 0.250000 
  44
0.566772 0.003219 0.046210 
0.385419 0.993423 0.462022 
0.047809 0.003358 0.491768 
0.004336 0.003896 0.006286 0.985481 
0.250000 0.250000 0.250000 0.250000 
  45
0.566772 0.003219 0.046210 
0.385419 0.993423 0.462022 
0.047809 0.003358 0.491768 
0.004256 0.003896 0.982082 0.009766 
0.250000 0.250000 0.250000 0.250000 
  46
0.566772 0.003219 0.046210 
0.385419 0.993423 0.462022 
0.047809 0.003358 0.491768 
0.007990 0.982897 0.003899 0.005214 
0.250000 0.250000 0.250000 0.250000 
  47
0.566772 0.003219 0.046210 
0.385419 0.993423 0.462022 
0.047809 0.003358 0.491768 
0.003896 0.003896 0.988311 0.003896 
0.250000 0.250000 0.250000 0.250000 
  48
0.566772 0.003219 0.046210 
0.385419 0.993423 0.462022 
0.047809 0.003358 0.491768 
0.003896 0.004272 0.007423 0.984408 
0.250000 0.250000 0.250000 0.250000 
  49
0.404973 0.003219 0.046210 
0.547218 0.993423 0.462022 
0.057038 0.003326 0.491768 
0.004312 0.003850 0.987987 0.003850 
0.250000 0.250000 0.250000 0.250000 
  50
0.483146 0.003188 0.046210 
0.459817 0.993486 0.462022 
0.057038 0.003326 0.491768 
0.987971 0.004328 0.003850 0.003850 
0.250000 0.250000 0.250000 0.250000 
  51
0.483146 0.003188 0.046210 
0.459817 0.993486 0.462022 
0.057038 0.003326 0.491768 
0.985053 0.007244 0.003851 0.003851 
0.250000 0.250000 0.250000 0.250000 
  52
0.479293 0.003188 0.046210 
0.463669 0.993486 0.462022 
0.057258 0.003325 0.491768 
0.986415 0.004397 0.005339 0.003850 
0.250000 0.250000 0.250000 0.250000 
  53
0.481147 0.003187 0.046210 
0.461595 0.993487 0.462022 
0.057258 0.003325 0.491768 
0.987571 0.004730 0.003850 0.003850 
0.250000 0.250000 0.250000 0.250000 
  54
0.481147 0.003187 0.046210 
0.461595 0.993487 0.462022 
0.057258 0.003325 0.491768 
0.957637 0.031370 0.004607 0.006386 
0.250000 0.250000 0.250000 0.250000 
  55
0.481147 0.003187 0.046210 
0.461595 0.993487 0.462022 
0.057258 0.003325 0.491768 
0.041934 0.004480 0.944649 0.008936 
0.250000 0.250000 0.250000 0.250000 
  56
0.478591 0.003187 0.046210 
0.464150 0.993487 0.462022 
0.057405 0.003325 0.491768 
0.004245 0.003849 0.005359 0.986547 
0.250000 0.250000 0.250000 0.250000 
  57
0.479817 0.003187 0.046210 
0.462778 0.993488 0.462022 
0.057405 0.003325 0.491768 
0.003849 0.003849 0.012538 0.979765 
0.250000 0.250000 0.250000 0.250000 
  58
0.479817 0.003187 0.046210 
0.462778 0.993488 0.462022 
0.057405 0.003325 0.491768 
0.004281 0.003849 0.986887 0.004983 
0.250000 0.250000 0.250000 0.250000 
  59
0.479817 0.003187 0.046210 
0.462778 0.993488 0.462022 
0.057405 0.003325 0.491768 
0.004221 0.003849 0.987725 0.004205 
0.250000 0.250000 0.250000 0.250000 
  60
0.479817 0.003187 0.046210 
0.462778 0.993488 0.462022 
0.057405 0.003325 0.491768 
0.005190 0.004345 0.007390 0.983075 
0.250000 0.250000 0.250000 0.250000 
  61
0.479817 0.003187 0.046210 
0.462778 0.993488 0.462022 
0.057405 0.003325 0.491768 
0.004426 0.986838 0.004886 0.003850 
0.250000 0.250000 0.250000 0.250000 
  62
0.479817 0.003187 0.046210 
0.462778 0.993488 0.462022 
0.057405 0.003325 0.491768 
0.038606 0.953695 0.003850 0.003850 
0.250000 0.250000 0.250000 0.250000 
  63
0.479817 0.003187 0.046210 
0.462778 0.993488 0.462022 
0.057405 0.003325 0.491768 
0.983690 0.007573 0.003850 0.004887 
0.250000 0.250000 0.250000 0.250000 
  64
0.479817 0.003187 0.046210 
0.462778 0.993488 0.462022 
0.057405 0.003325 0.491768 
0.985150 0.005450 0.004262 0.005138 
0.250000 0.250000 0.250000 0.250000 
  65
0.479817 0.003187 0.046210 
0.462778 0.993488 0.462022 
0.057405 0.003325 0.491768 
0.984910 0.005469 0.003849 0.005772 
0.250000 0.250000 0.250000 0.250000 
  66
0.479817 0.003187 0.046210 
0.462778 0.993488 0.462022 
0.057405 0.003325 0.491768 
0.004886 0.003849 0.005112 0.986153 
0.250000 0.250000 0.250000 0.250000 
  67
0.479817 0.003187 0.046210 
0.462778 0.993488 0.462022 
0.057405 0.003325 0.491768 
0.004557 0.986948 0.003849 0.004646 
0.250000 0.250000 0.250000 0.250000 
  68
0.479817 0.003187 0.046210 
0.462778 0.993488 0.462022 
0.057405 0.003325 0.491768 
0.987618 0.004684 0.003849 0.003849 
0.250000 0.250000 0.250000 0.250000 
  69
0.479817 0.003187 0.046210 
0.462778 0.993488 0.462022 
0.057405 0.003325 0.491768 
0.005116 0.004247 0.984974 0.005663 
0.250000 0.250000 0.250000 0.250000 
  70
0.479817 0.003187 0.046210 
0.462778 0.993488 0.462022 
0.057405 0.003325 0.491768 
0.985591 0.005479 0.004194 0.004735 
0.250000 0.250000 0.250000 0.250000 
  71
0.479817 0.003187 0.046210 
0.462778 0.993488 0.462022 
0.057405 0.003325 0.491768 
0.986560 0.004413 0.004292 0.004735 
0.250000 0.250000 0.250000 0.250000 
  72
0.479817 0.003187 0.046210 
0.462778 0.993488 0.462022 
0.057405 0.003325 0.491768 
0.003849 0.005627 0.056926 0.933598 
0.250000 0.250000 0.250000 0.250000 
  73
0.479817 0.003187 0.046210 
0.462778 0.993488 0.462022 
0.057405 0.003325 0.491768 
0.987361 0.004941 0.003849 0.003849 
0.250000 0.250000 0.250000 0.250000 
  74
0.479817 0.003187 0.046210 
0.462778 0.993488 0.462022 
0.057405 0.003325 0.491768 
0.006148 0.985730 0.003849 0.004272 
0.250000 0.250000 0.250000 0.250000 
  75
0.479817 0.003187 0.046210 
0.462778 0.993488 0.462022 
0.057405 0.003325 0.491768 
0.004839 0.004847 0.985277 0.005037 
0.250000 0.250000 0.250000 0.250000 
  76
0.479817 0.003187 0.046210 
0.462778 0.993488 0.462022 
0.057405 0.003325 0.491768 
0.986039 0.005377 0.003849 0.004735 
0.250000 0.250000 0.250000 0.250000 
  77
0.479817 0.003187 0.046210 
0.462778 0.993488 0.462022 
0.057405 0.003325 0.491768 
0.005261 0.003851 0.976350 0.014538 
0.250000 0.250000 0.250000 0.250000 
  78
0.479817 0.003187 0.046210 
0.462778 0.993488 0.462022 
0.057405 0.003325 0.491768 
0.008341 0.981554 0.004223 0.005882 
0.250000 0.250000 0.250000 0.250000 
  79
0.479817 0.003187 0.046210 
0.462778 0.993488 0.462022 
0.057405 0.003325 0.491768 
0.003849 0.988453 0.003849 0.003849 
0.250000 0.250000 0.250000 0.250000 
  80
0.479817 0.003187 0.046210 
0.462778 0.993488 0.462022 
0.057405 0.003325 0.491768 
0.003849 0.003849 0.988453 0.003849 
0.250000 0.250000 0.250000 0.250000 
  81
0.479817 0.003187 0.046210 
0.462778 0.993488 0.462022 
0.057405 0.003325 0.491768 
0.981116 0.007573 0.003849 0.007463 
0.250000 0.250000 0.250000 0.250000 
  82
0.479817 0.003187 0.046210 
0.462778 0.993488 0.462022 
0.057405 0.003325 0.491768 
0.987607 0.004695 0.003849 0.003849 
0.250000 0.250000 0.250000 0.250000 
  83
0.479817 0.003187 0.046210 
0.462778 0.993488 0.462022 
0.057405 0.003325 0.491768 
0.004369 0.003849 0.982914 0.008868 
0.250000 0.250000 0.250000 0.250000 
  84
0.479817 0.003187 0.046210 
0.462778 0.993488 0.462022 
0.057405 0.003325 0.491768 
0.009070 0.982188 0.003849 0.004893 
0.250000 0.250000 0.250000 0.250000 
  85
0.479817 0.003187 0.046210 
0.462778 0.993488 0.462022 
0.057405 0.003325 0.491768 
0.003849 0.003849 0.986952 0.005350 
0.250000 0.250000 0.250000 0.250000 
  86
0.479817 0.003187 0.046210 
0.462778 0.993488 0.462022 
0.057405 0.003325 0.491768 
0.003849 0.003849 0.003849 0.988453 
0.250000 0.250000 0.250000 0.250000 
  87
0.479817 0.003187 0.046210 
0.462778 0.993488 0.462022 
0.057405 0.003325 0.491768 
0.006195 0.985336 0.003850 0.004620 
0.250000 0.250000 0.250000 0.250000 
  88
0.479817 0.003187 0.046210 
0.462778 0.993488 0.462022 
0.057405 0.003325 0.491768 
0.003849 0.003849 0.003849 0.988453 
0.250000 0.250000 0.250000 0.250000 
  89
0.479817 0.003187 0.046210 
0.462778 0.993488 0.462022 
0.057405 0.003325 0.491768 
0.003849 0.988453 0.003849 0.003849 
0.250000 0.250000 0.250000 0.250000 
  90
0.479817 0.003187 0.046210 
0.462778 0.993488 0.462022 
0.057405 0.003325 0.491768 
0.003849 0.003849 0.986508 0.005794 
0.250000 0.250000 0.250000 0.250000 
  91
0.479817 0.003187 0.046210 
0.462778 0.993488 0.462022 
0.057405 0.003325 0.491768 
0.004679 0.003851 0.987619 0.003851 
0.250000 0.250000 0.250000 0.250000 
  92
0.479817 0.003187 0.046210 
0.462778 0.993488 0.462022 
0.057405 0.003325 0.491768 
0.003849 0.003849 0.003849 0.988453 
0.250000 0.250000 0.250000 0.250000 
  93
0.479817 0.003187 0.046210 
0.462778 0.993488 0.462022 
0.057405 0.003325 0.491768 
0.004224 0.006232 0.006881 0.982663 
0.250000 0.250000 0.250000 0.250000 
  94
0.479817 0.003187 0.046210 
0.462778 0.993488 0.462022 
0.057405 0.003325 0.491768 
0.003849 0.988453 0.003849 0.003849 
0.250000 0.250000 0.250000 0.250000 
  95
0.479817 0.003187 0.046210 
0.462778 0.993488 0.462022 
0.057405 0.003325 0.491768 
0.003849 0.988453 0.003849 0.003849 
0.250000 0.250000 0.250000 0.250000 
  96
0.479817 0.003187 0.046210 
0.462778 0.993488 0.462022 
0.057405 0.003325 0.491768 
0.010816 0.980836 0.004160 0.004188 
0.250000 0.250000 0.250000 0.250000 
  97
0.479817 0.003187 0.046210 
0.462778 0.993488 0.462022 
0.057405 0.003325 0.491768 
0.003849 0.003849 0.988453 0.003849 
0.250000 0.250000 0.250000 0.250000 
  98
0.479817 0.003187 0.046210 
0.462778 0.993488 0.462022 
0.057405 0.003325 0.491768 
0.988453 0.003849 0.003849 0.003849 
0.250000 0.250000 0.250000 0.250000 
  99
0.479817 0.003187 0.046210 
0.462778 0.993488 0.462022 
0.057405 0.003325 0.491768 
0.003849 0.003849 0.982641 0.009661 
0.250000 0.250000 0.250000 0.250000 
 100
0.479817 0.003187 0.046210 
0.462778 0.993488 0.462022 
0.057405 0.003325 0.491768 
0.003849 0.003849 0.987540 0.004762 
0.250000 0.250000 0.250000 0.250000 
 101
0.479817 0.003187 0.046210 
0.462778 0.993488 0.462022 
0.057405 0.003325 0.491768 
0.988450 0.003850 0.003850 0.003850 
0.250000 0.250000 0.250000 0.250000 
 102
0.479817 0.003187 0.046210 
0.462778 0.993488 0.462022 
0.057405 0.003325 0.491768 
0.003849 0.003849 0.005445 0.986857 
0.250000 0.250000 0.250000 0.250000 
 103
0.479817 0.003187 0.046210 
0.462778 0.993488 0.462022 
0.057405 0.003325 0.491768 
0.003849 0.987999 0.003849 0.004304 
0.250000 0.250000 0.250000 0.250000 
 104
0.479817 0.003187 0.046210 
0.462778 0.993488 0.462022 
0.057405 0.003325 0.491768 
0.003849 0.003849 0.988453 0.003849 
0.250000 0.250000 0.250000 0.250000 
 105
0.479817 0.003187 0.046210 
0.462778 0.993488 0.462022 
0.057405 0.003325 0.491768 
0.987968 0.004334 0.003849 0.003849 
0.250000 0.250000 0.250000 0.250000 
 106
0.479817 0.003187 0.046210 
0.462778 0.993488 0.462022 
0.057405 0.003325 0.491768 
0.004280 0.987595 0.003850 0.004276 
0.250000 0.250000 0.250000 0.250000 
 107
0.479817 0.003187 0.046210 
0.462778 0.993488 0.462022 
0.057405 0.003325 0.491768 
0.003849 0.003849 0.003849 0.988453 
0.250000 0.250000 0.250000 0.250000 
 108
0.479817 0.003187 0.046210 
0.462778 0.993488 0.462022 
0.057405 0.003325 0.491768 
0.980085 0.011456 0.004610 0.003849 
0.250000 0.250000 0.250000 0.250000 
 109
0.479817 0.003187 0.046210 
0.462778 0.993488 0.462022 
0.057405 0.003325 0.491768 
0.003849 0.004276 0.987574 0.004301 
0.250000 0.250000 0.250000 0.250000 
 110
0.479817 0.003187 0.046210 
0.462778 0.993488 0.462022 
0.057405 0.003325 0.491768 
0.004532 0.003849 0.987373 0.004246 
0.250000 0.250000 0.250000 0.250000 
 111
0.479817 0.003187 0.046210 
0.462778 0.993488 0.462022 
0.057405 0.003325 0.491768 
0.987286 0.005016 0.003849 0.003849 
0.250000 0.250000 0.250000 0.250000 
 112
0.479817 0.003187 0.046210 
0.462778 0.993488 0.462022 
0.057405 0.003325 0.491768 
0.988453 0.003849 0.003849 0.003849 
0.250000 0.250000 0.250000 0.250000 
 113
0.479817 0.003187 0.046210 
0.462778 0.993488 0.462022 
0.057405 0.003325 0.491768 
0.988453 0.003849 0.003849 0.003849 
0.250000 0.250000 0.250000 0.250000 
 114
0.479817 0.003187 0.046210 
0.462778 0.993488 0.462022 
0.057405 0.003325 0.491768 
0.004344 0.003851 0.959604 0.032201 
0.250000 0.250000 0.250000 0.250000 
 115
0.479817 0.003187 0.046210 
0.462778 0.993488 0.462022 
0.057405 0.003325 0.491768 
0.003849 0.988453 0.003849 0.003849 
0.250000 0.250000 0.250000 0.250000 
 116
0.479817 0.003187 0.046210 
0.462778 0.993488 0.462022 
0.057405 0.003325 0.491768 
0.003849 0.988453 0.003849 0.003849 
0.250000 0.250000 0.250000 0.250000 
 117
0.479817 0.003187 0.046210 
0.462778 0.993488 0.462022 
0.057405 0.003325 0.491768 
0.986069 0.005867 0.003850 0.004214 
0.250000 0.250000 0.250000 0.250000 
 118
0.479817 0.003187 0.046210 
0.462778 0.993488 0.462022 
0.057405 0.003325 0.491768 
0.987602 0.004700 0.003849 0.003849 
0.250000 0.250000 0.250000 0.250000 
 119
0.479817 0.003187 0.046210 
0.462778 0.993488 0.462022 
0.057405 0.003325 0.491768 
0.003849 0.003849 0.987641 0.004661 
0.250000 0.250000 0.250000 0.250000 
 120
0.479817 0.003187 0.046210 
0.462778 0.993488 0.462022 
0.057405 0.003325 0.491768 
0.014888 0.976676 0.003849 0.004587 
0.250000 0.250000 0.250000 0.250000 
 121
0.479817 0.003187 0.046210 
0.462778 0.993488 0.462022 
0.057405 0.003325 0.491768 
0.977269 0.014088 0.004795 0.003849 
0.250000 0.250000 0.250000 0.250000 
 122
0.479817 0.003187 0.046210 
0.462778 0.993488 0.462022 
0.057405 0.003325 0.491768 
0.003849 0.003849 0.004714 0.987588 
0.250000 0.250000 0.250000 0.250000 
 123
0.479817 0.003187 0.046210 
0.462778 0.993488 0.462022 
0.057405 0.003325 0.491768 
0.983631 0.008670 0.003850 0.003850 
0.250000 0.250000 0.250000 0.250000 
 124
0.479817 0.003187 0.046210 
0.462778 0.993488 0.462022 
0.057405 0.003325 0.491768 
0.003849 0.988453 0.003849 0.003849 
0.250000 0.250000 0.250000 0.250000 
 125
0.479817 0.003187 0.046210 
0.462778 0.993488 0.462022 
0.057405 0.003325 0.491768 
0.003849 0.003849 0.003849 0.988453 
0.250000 0.250000 0.250000 0.250000 
 126
0.479817 0.003187 0.046210 
0.462778 0.993488 0.462022 
0.057405 0.003325 0.491768 
0.008085 0.983338 0.004162 0.004415 
0.250000 0.250000 0.250000 0.250000 
 127
0.479817 0.003187 0.046210 
0.462778 0.993488 0.462022 
0.057405 0.003325 0.491768 
0.988003 0.004299 0.003849 0.003849 
0.250000 0.250000 0.250000 0.250000 
 128
0.479817 0.003187 0.046210 
0.462778 0.993488 0.462022 
0.057405 0.003325 0.491768 
0.984841 0.007460 0.003850 0.003850 
0.250000 0.250000 0.250000 0.250000 
 129
0.479817 0.003187 0.046210 
0.462778 0.993488 0.462022 
0.057405 0.003325 0.491768 
0.986185 0.005555 0.004410 0.003850 
0.250000 0.250000 0.250000 0.250000 
 130
0.479817 0.003187 0.046210 
0.462778 0.993488 0.462022 
0.057405 0.003325 0.491768 
0.988453 0.003849 0.003849 0.003849 
0.250000 0.250000 0.250000 0.250000 
 131
0.479817 0.003187 0.046210 
0.462778 0.993488 0.462022 
0.057405 0.003325 0.491768 
0.003849 0.003849 0.988453 0.003849 
0.250000 0.250000 0.250000 0.250000 
 132
0.479817 0.003187 0.046210 
0.462778 0.993488 0.462022 
0.057405 0.003325 0.491768 
0.986168 0.006134 0.003849 0.003849 
0.250000 0.250000 0.250000 0.250000 
 133
0.479817 0.003187 0.046210 
0.462778 0.993488 0.462022 
0.057405 0.003325 0.491768 
0.988005 0.004298 0.003849 0.003849 
0.250000 0.250000 0.250000 0.250000 
 134
0.479817 0.003187 0.046210 
0.462778 0.993488 0.462022 
0.057405 0.003325 0.491768 
0.003849 0.003849 0.003849 0.988453 
0.250000 0.250000 0.250000 0.250000 
 135
0.479817 0.003187 0.046210 
0.462778 0.993488 0.462022 
0.057405 0.003325 0.491768 
0.004619 0.003849 0.985936 0.005596 
0.250000 0.250000 0.250000 0.250000 
 136
0.479817 0.003187 0.046210 
0.462778 0.993488 0.462022 
0.057405 0.003325 0.491768 
0.986050 0.006252 0.003849 0.003849 
0.250000 0.250000 0.250000 0.250000 
 137
0.479817 0.003187 0.046210 
0.462778 0.993488 0.462022 
0.057405 0.003325 0.491768 
0.003849 0.003849 0.987309 0.004993 
0.250000 0.250000 0.250000 0.250000 
 138
0.479817 0.003187 0.046210 
0.462778 0.993488 0.462022 
0.057405 0.003325 0.491768 
0.013044 0.977440 0.003849 0.005667 
0.250000 0.250000 0.250000 0.250000 
 139
0.479817 0.003187 0.046210 
0.462778 0.993488 0.462022 
0.057405 0.003325 0.491768 
0.985656 0.006128 0.004366 0.003849 
0.250000 0.250000 0.250000 0.250000 
 140
0.479817 0.003187 0.046210 
0.462778 0.993488 0.462022 
0.057405 0.003325 0.491768 
0.957270 0.035032 0.003849 0.003849 
0.250000 0.250000 0.250000 0.250000 
 141
0.479817 0.003187 0.046210 
0.462778 0.993488 0.462022 
0.057405 0.003325 0.491768 
0.003849 0.003849 0.004948 0.987355 
0.250000 0.250000 0.250000 0.250000 
 142
0.479817 0.003187 0.046210 
0.462778 0.993488 0.462022 
0.057405 0.003325 0.491768 
0.003849 0.988453 0.003849 0.003849 
0.250000 0.250000 0.250000 0.250000 
 143
0.479817 0.003187 0.046210 
0.462778 0.993488 0.462022 
0.057405 0.003325 0.491768 
0.987997 0.004306 0.003849 0.003849 
0.250000 0.250000 0.250000 0.250000 
 144
0.479817 0.003187 0.046210 
0.462778 0.993488 0.462022 
0.057405 0.003325 0.491768 
0.004631 0.003849 0.985805 0.005715 
0.250000 0.250000 0.250000 0.250000 
 145
0.479817 0.003187 0.046210 
0.462778 0.993488 0.462022 
0.057405 0.003325 0.491768 
0.005825 0.003849 0.986477 0.003849 
0.250000 0.250000 0.250000 0.250000 
 146
0.479817 0.003187 0.046210 
0.462778 0.993488 0.462022 
0.057405 0.003325 0.491768 
0.091306 0.900993 0.003850 0.003850 
0.250000 0.250000 0.250000 0.250000 
 147
0.479817 0.003187 0.046210 
0.462778 0.993488 0.462022 
0.057405 0.003325 0.491768 
0.985376 0.006926 0.003849 0.003849 
0.250000 0.250000 0.250000 0.250000 
 148
0.479817 0.003187 0.046210 
0.462778 0.993488 0.462022 
0.057405 0.003325 0.491768 
0.987569 0.004733 0.003849 0.003849 
0.250000 0.250000 0.250000 0.250000 
 149
0.479817 0.003187 0.046210 
0.462778 0.993488 0.462022 
0.057405 0.003325 0.491768 
0.003849 0.003849 0.004298 0.988004 
0.250000 0.250000 0.250000 0.250000 
 150
0.479817 0.003187 0.046210 
0.462778 0.993488 0.462022 
0.057405 0.003325 0.491768 
0.004349 0.003849 0.005806 0.985996 
0.250000 0.250000 0.250000 0.250000 
 151
0.479817 0.003187 0.046210 
0.462778 0.993488 0.462022 
0.057405 0.003325 0.491768 
0.003849 0.988453 0.003849 0.003849 
0.250000 0.250000 0.250000 0.250000 
 152
0.479817 0.003187 0.046210 
0.462778 0.993488 0.462022 
0.057405 0.003325 0.491768 
0.988453 0.003849 0.003849 0.003849 
0.250000 0.250000 0.250000 0.250000 
 153
0.479817 0.003187 0.046210 
0.462778 0.993488 0.462022 
0.057405 0.003325 0.491768 
0.986954 0.005348 0.003849 0.003849 
0.250000 0.250000 0.250000 0.250000 
 154
0.479817 0.003187 0.046210 
0.462778 0.993488 0.462022 
0.057405 0.003325 0.491768 
0.003849 0.988453 0.003849 0.003849 
0.250000 0.250000 0.250000 0.250000 
 155
0.479817 0.003187 0.046210 
0.462778 0.993488 0.462022 
0.057405 0.003325 0.491768 
0.003849 0.003849 0.003849 0.988453 
0.250000 0.250000 0.250000 0.250000 
 156
0.479817 0.003187 0.046210 
0.462778 0.993488 0.462022 
0.057405 0.003325 0.491768 
0.003849 0.010593 0.015716 0.969842 
0.250000 0.250000 0.250000 0.250000 
 157
0.479817 0.003187 0.046210 
0.462778 0.993488 0.462022 
0.057405 0.003325 0.491768 
0.988453 0.003849 0.003849 0.003849 
0.250000 0.250000 0.250000 0.250000 
 158
0.479817 0.003187 0.046210 
0.462778 0.993488 0.462022 
0.057405 0.003325 0.491768 
0.003849 0.003849 0.987912 0.004390 
0.250000 0.250000 0.250000 0.250000 
 159
0.479817 0.003187 0.046210 
0.462778 0.993488 0.462022 
0.057405 0.003325 0.491768 
0.004264 0.003851 0.009561 0.982324 
0.250000 0.250000 0.250000 0.250000 
 160
0.479817 0.003187 0.046210 
0.462778 0.993488 0.462022 
0.057405 0.003325 0.491768 
0.988453 0.003849 0.003849 0.003849 
0.250000 0.250000 0.250000 0.250000 
 161
0.479817 0.003187 0.046210 
0.462778 0.993488 0.462022 
0.057405 0.003325 0.491768 
0.987538 0.004764 0.003849 0.003849 
0.250000 0.250000 0.250000 0.250000 
 162
0.479817 0.003187 0.046210 
0.462778 0.993488 0.462022 
0.057405 0.003325 0.491768 
0.003849 0.003849 0.005613 0.986690 
0.250000 0.250000 0.250000 0.250000 
 163
0.479817 0.003187 0.046210 
0.462778 0.993488 0.462022 
0.057405 0.003325 0.491768 
0.003849 0.988453 0.003849 0.003849 
0.250000 0.250000 0.250000 0.250000 
 164
0.479817 0.003187 0.046210 
0.462778 0.993488 0.462022 
0.057405 0.003325 0.491768 
0.003849 0.003849 0.988453 0.003849 
0.250000 0.250000 0.250000 0.250000 
 165
0.479817 0.003187 0.046210 
0.462778 0.993488 0.462022 
0.057405 0.003325 0.491768 
0.004368 0.003849 0.018949 0.972834 
0.250000 0.250000 0.250000 0.250000 
 166
0.479817 0.003187 0.046210 
0.462778 0.993488 0.462022 
0.057405 0.003325 0.491768 
0.988453 0.003849 0.003849 0.003849 
0.250000 0.250000 0.250000 0.250000 
 167
0.479817 0.003187 0.046210 
0.462778 0.993488 0.462022 
0.057405 0.003325 0.491768 
0.003849 0.003849 0.987992 0.004310 
0.250000 0.250000 0.250000 0.250000 
 168
0.479817 0.003187 0.046210 
0.462778 0.993488 0.462022 
0.057405 0.003325 0.491768 
0.006316 0.004871 0.007340 0.981473 
0.250000 0.250000 0.250000 0.250000 
 169
0.479817 0.003187 0.046210 
0.462778 0.993488 0.462022 
0.057405 0.003325 0.491768 
0.003849 0.988453 0.003849 0.003849 
0.250000 0.250000 0.250000 0.250000 
 170
0.479817 0.003187 0.046210 
0.462778 0.993488 0.462022 
0.057405 0.003325 0.491768 
0.988453 0.003849 0.003849 0.003849 
0.250000 0.250000 0.250000 0.250000 
 171
0.479817 0.003187 0.046210 
0.462778 0.993488 0.462022 
0.057405 0.003325 0.491768 
0.017314 0.974985 0.003850 0.003850 
0.250000 0.250000 0.250000 0.250000 
 172
0.479817 0.003187 0.046210 
0.462778 0.993488 0.462022 
0.057405 0.003325 0.491768 
0.003849 0.003849 0.987227 0.005075 
0.250000 0.250000 0.250000 0.250000 
 173
0.479817 0.003187 0.046210 
0.462778 0.993488 0.462022 
0.057405 0.003325 0.491768 
0.003849 0.003849 0.003849 0.988453 
0.250000 0.250000 0.250000 0.250000 
 174
0.479817 0.003187 0.046210 
0.462778 0.993488 0.462022 
0.057405 0.003325 0.491768 
0.007346 0.983560 0.003849 0.005245 
0.250000 0.250000 0.250000 0.250000 
 175
0.479817 0.003187 0.046210 
0.462778 0.993488 0.462022 
0.057405 0.003325 0.491768 
0.004852 0.987451 0.003849 0.003849 
0.250000 0.250000 0.250000 0.250000 
 176
0.479817 0.003187 0.046210 
0.462778 0.993488 0.462022 
0.057405 0.003325 0.491768 
0.003849 0.003849 0.003849 0.988453 
0.250000 0.250000 0.250000 0.250000 
 177
0.479817 0.003187 0.046210 
0.462778 0.993488 0.462022 
0.057405 0.003325 0.491768 
0.003849 0.003849 0.004828 0.987474 
0.250000 0.250000 0.250000 0.250000 
 178
0.479817 0.003187 0.046210 
0.462778 0.993488 0.462022 
0.057405 0.003325 0.491768 
0.003849 0.003849 0.988453 0.003849 
0.250000 0.250000 0.250000 0.250000 
 179
0.479817 0.003187 0.046210 
0.462778 0.993488 0.462022 
0.057405 0.003325 0.491768 
0.987942 0.004360 0.003849 0.003849 
0.250000 0.250000 0.250000 0.250000 
 180
0.479817 0.003187 0.046210 
0.462778 0.993488 0.462022 
0.057405 0.003325 0.491768 
0.008845 0.983457 0.003849 0.003849 
0.250000 0.250000 0.250000 0.250000 
 181
0.479817 0.003187 0.046210 
0.462778 0.993488 0.462022 
0.057405 0.003325 0.491768 
0.987027 0.005276 0.003849 0.003849 
0.250000 0.250000 0.250000 0.250000 
 182
0.479817 0.003187 0.046210 
0.462778 0.993488 0.462022 
0.057405 0.003325 0.491768 
0.986659 0.005100 0.003849 0.004392 
0.250000 0.250000 0.250000 0.250000 
 183
0.479817 0.003187 0.046210 
0.462778 0.993488 0.462022 
0.057405 0.003325 0.491768 
0.004270 0.003849 0.007862 0.984019 
0.250000 0.250000 0.250000 0.250000 
 184
0.479817 0.003187 0.046210 
0.462778 0.993488 0.462022 
0.057405 0.003325 0.491768 
0.003849 0.003849 0.004312 0.987990 
0.250000 0.250000 0.250000 0.250000 
 185
0.479817 0.003187 0.046210 
0.462778 0.993488 0.462022 
0.057405 0.003325 0.491768 
0.004249 0.003849 0.987247 0.004656 
0.250000 0.250000 0.250000 0.250000 
 186
0.479817 0.003187 0.046210 
0.462778 0.993488 0.462022 
0.057405 0.003325 0.491768 
0.004607 0.003849 0.968179 0.023365 
0.250000 0.250000 0.250000 0.250000 
 187
0.479817 0.003187 0.046210 
0.462778 0.993488 0.462022 
0.057405 0.003325 0.491768 
0.008297 0.003849 0.005418 0.982436 
0.250000 0.250000 0.250000 0.250000 
 188
0.479817 0.003187 0.046210 
0.462778 0.993488 0.462022 
0.057405 0.003325 0.491768 
0.003849 0.003849 0.988453 0.003849 
0.250000 0.250000 0.250000 0.250000 
 189
0.479817 0.003187 0.046210 
0.462778 0.993488 0.462022 
0.057405 0.003325 0.491768 
0.985132 0.006619 0.003849 0.004399 
0.250000 0.250000 0.250000 0.250000 
 190
0.479817 0.003187 0.046210 
0.462778 0.993488 0.462022 
0.057405 0.003325 0.491768 
0.987969 0.004333 0.003849 0.003849 
0.250000 0.250000 0.250000 0.250000 
 191
0.479817 0.003187 0.046210 
0.462778 0.993488 0.462022 
0.057405 0.003325 0.491768 
0.004685 0.003849 0.006084 0.985382 
0.250000 0.250000 0.250000 0.250000 
 192
0.479817 0.003187 0.046210 
0.462778 0.993488 0.462022 
0.057405 0.003325 0.491768 
0.984194 0.007215 0.003849 0.004742 
0.250000 0.250000 0.250000 0.250000 
 193
0.479817 0.003187 0.046210 
0.462778 0.993488 0.462022 
0.057405 0.003325 0.491768 
0.005628 0.986674 0.003849 0.003849 
0.250000 0.250000 0.250000 0.250000 
 194
0.479817 0.003187 0.046210 
0.462778 0.993488 0.462022 
0.057405 0.003325 0.491768 
0.005609 0.986693 0.003849 0.003849 
0.250000 0.250000 0.250000 0.250000 
 195
0.479817 0.003187 0.046210 
0.462778 0.993488 0.462022 
0.057405 0.003325 0.491768 
0.005928 0.003849 0.004743 0.985480 
0.250000 0.250000 0.250000 0.250000 
 196
0.479817 0.003187 0.046210 
0.462778 0.993488 0.462022 
0.057405 0.003325 0.491768 
0.006777 0.985525 0.003849 0.003849 
0.250000 0.250000 0.250000 0.250000 
 197
0.479817 0.003187 0.046210 
0.462778 0.993488 0.462022 
0.057405 0.003325 0.491768 
0.987797 0.004505 0.003849 0.003849 
0.250000 0.250000 0.250000 0.250000 
 198
0.479817 0.003187 0.046210 
0.462778 0.993488 0.462022 
0.057405 0.003325 0.491768 
0.987002 0.004890 0.004260 0.003849 
0.250000 0.250000 0.250000 0.250000 
 199
0.479817 0.003187 0.046210 
0.462778 0.993488 0.462022 
0.057405 0.003325 0.491768 
0.988453 0.003849 0.003849 0.003849 
0.250000 0.250000 0.250000 0.250000 
 200
0.479817 0.003187 0.046210 
0.462778 0.993488 0.462022 
0.057405 0.003325 0.491768 
0.003849 0.003849 0.003849 0.988453 
0.250000 0.250000 0.250000 0.250000 
 201
0.479817 0.003187 0.046210 
0.462778 0.993488 0.462022 
0.057405 0.003325 0.491768 
0.980662 0.004421 0.004246 0.010671 
0.250000 0.250000 0.250000 0.250000 
 202
0.479817 0.003187 0.046210 
0.462778 0.993488 0.462022 
0.057405 0.003325 0.491768 
0.003849 0.003849 0.003849 0.988453 
0.250000 0.250000 0.250000 0.250000 
 203
0.479817 0.003187 0.046210 
0.462778 0.993488 0.462022 
0.057405 0.003325 0.491768 
0.003849 0.988453 0.003849 0.003849 
0.250000 0.250000 0.250000 0.250000 
 204
0.479817 0.003187 0.046210 
0.462778 0.993488 0.462022 
0.057405 0.003325 0.491768 
0.003849 0.003849 0.979969 0.012333 
0.250000 0.250000 0.250000 0.250000 
 205
0.479817 0.003187 0.046210 
0.462778 0.993488 0.462022 
0.057405 0.003325 0.491768 
0.041331 0.950389 0.003849 0.004431 
0.250000 0.250000 0.250000 0.250000 
 206
0.479817 0.003187 0.046210 
0.462778 0.993488 0.462022 
0.057405 0.003325 0.491768 
0.985740 0.006561 0.003850 0.003850 
0.250000 0.250000 0.250000 0.250000 
 207
0.479817 0.003187 0.046210 
0.462778 0.993488 0.462022 
0.057405 0.003325 0.491768 
0.004215 0.003849 0.985266 0.006670 
0.250000 0.250000 0.250000 0.250000 
 208
0.479817 0.003187 0.046210 
0.462778 0.993488 0.462022 
0.057405 0.003325 0.491768 
0.986654 0.005266 0.004231 0.003849 
0.250000 0.250000 0.250000 0.250000 
 209
0.479817 0.003187 0.046210 
0.462778 0.993488 0.462022 
0.057405 0.003325 0.491768 
0.006343 0.985959 0.003849 0.003849 
0.250000 0.250000 0.250000 0.250000 
 210
0.479817 0.003187 0.046210 
0.462778 0.993488 0.462022 
0.057405 0.003325 0.491768 
0.004853 0.007125 0.013089 0.974933 
0.250000 0.250000 0.250000 0.250000 
 211
0.479817 0.003187 0.046210 
0.462778 0.993488 0.462022 
0.057405 0.003325 0.491768 
0.003849 0.003849 0.988453 0.003849 
0.250000 0.250000 0.250000 0.250000 
 212
0.479817 0.003187 0.046210 
0.462778 0.993488 0.462022 
0.057405 0.003325 0.491768 
0.003849 0.003849 0.988453 0.003849 
0.250000 0.250000 0.250000 0.250000 
 213
0.479817 0.003187 0.046210 
0.462778 0.993488 0.462022 
0.057405 0.003325 0.491768 
0.004296 0.003849 0.005418 0.986437 
0.250000 0.250000 0.250000 0.250000 
 214
0.479817 0.003187 0.046210 
0.462778 0.993488 0.462022 
0.057405 0.003325 0.491768 
0.003849 0.003849 0.987762 0.004540 
0.250000 0.250000 0.250000 0.250000 
 215
0.479817 0.003187 0.046210 
0.462778 0.993488 0.462022 
0.057405 0.003325 0.491768 
0.988453 0.003849 0.003849 0.003849 
0.250000 0.250000 0.250000 0.250000 
 216
0.479817 0.003187 0.046210 
0.462778 0.993488 0.462022 
0.057405 0.003325 0.491768 
0.003849 0.003849 0.006308 0.985994 
0.250000 0.250000 0.250000 0.250000 
 217
0.479817 0.003187 0.046210 
0.462778 0.993488 0.462022 
0.057405 0.003325 0.491768 
0.005639 0.003849 0.986663 0.003849 
0.250000 0.250000 0.250000 0.250000 
 218
0.479817 0.003187 0.046210 
0.462778 0.993488 0.462022 
0.057405 0.003325 0.491768 
0.988453 0.003849 0.003849 0.003849 
0.250000 0.250000 0.250000 0.250000 
 219
0.479817 0.003187 0.046210 
0.462778 0.993488 0.462022 
0.057405 0.003325 0.491768 
0.017255 0.972884 0.004170 0.005691 
0.250000 0.250000 0.250000 0.250000 
 220
0.479817 0.003187 0.046210 
0.462778 0.993488 0.462022 
0.057405 0.003325 0.491768 
0.983477 0.008824 0.003850 0.003850 
0.250000 0.250000 0.250000 0.250000 
 221
0.479817 0.003187 0.046210 
0.462778 0.993488 0.462022 
0.057405 0.003325 0.491768 
0.003849 0.003849 0.004363 0.987939 
0.250000 0.250000 0.250000 0.250000 
 222
0.479817 0.003187 0.046210 
0.462778 0.993488 0.462022 
0.057405 0.003325 0.491768 
0.004643 0.003849 0.941092 0.050417 
0.250000 0.250000 0.250000 0.250000 
 223
0.479817 0.003187 0.046210 
0.462778 0.993488 0.462022 
0.057405 0.003325 0.491768 
0.005963 0.003849 0.986340 0.003849 
0.250000 0.250000 0.250000 0.250000 
 224
0.479817 0.003187 0.046210 
0.462778 0.993488 0.462022 
0.057405 0.003325 0.491768 
0.003849 0.003849 0.003849 0.988453 
0.250000 0.250000 0.250000 0.250000 
 225
0.479817 0.003187 0.046210 
0.462778 0.993488 0.462022 
0.057405 0.003325 0.491768 
0.005541 0.003850 0.005878 0.984731 
0.250000 0.250000 0.250000 0.250000 
 226
0.479817 0.003187 0.046210 
0.462778 0.993488 0.462022 
0.057405 0.003325 0.491768 
0.003849 0.988453 0.003849 0.003849 
0.250000 0.250000 0.250000 0.250000 
 227
0.479817 0.003187 0.046210 
0.462778 0.993488 0.462022 
0.057405 0.003325 0.491768 
0.988453 0.003849 0.003849 0.003849 
0.250000 0.250000 0.250000 0.250000 
 228
0.479817 0.003187 0.046210 
0.462778 0.993488 0.462022 
0.057405 0.003325 0.491768 
0.003849 0.003849 0.005161 0.987142 
0.250000 0.250000 0.250000 0.250000 
 229
0.479817 0.003187 0.046210 
0.462778 0.993488 0.462022 
0.057405 0.003325 0.491768 
0.003849 0.988453 0.003849 0.003849 
0.250000 0.250000 0.250000 0.250000 
 230
0.479817 0.003187 0.046210 
0.462778 0.993488 0.462022 
0.057405 0.003325 0.491768 
0.004430 0.987872 0.003849 0.003849 
0.250000 0.250000 0.250000 0.250000 
 231
0.479817 0.003187 0.046210 
0.462778 0.993488 0.462022 
0.057405 0.003325 0.491768 
0.980999 0.010368 0.004282 0.004350 
0.250000 0.250000 0.250000 0.250000 
 232
0.479817 0.003187 0.046210 
0.462778 0.993488 0.462022 
0.057405 0.003325 0.491768 
0.112806 0.879496 0.003849 0.003849 
0.250000 0.250000 0.250000 0.250000 
 233
0.479817 0.003187 0.046210 
0.462778 0.993488 0.462022 
0.057405 0.003325 0.491768 
0.986667 0.005635 0.003849 0.003849 
0.250000 0.250000 0.250000 0.250000 
 234
0.479817 0.003187 0.046210 
0.462778 0.993488 0.462022 
0.057405 0.003325 0.491768 
0.986343 0.005382 0.004426 0.003849 
0.250000 0.250000 0.250000 0.250000 
 235
0.479817 0.003187 0.046210 
