%  SAM: /scicomp/home/vfn4/Tools/LABEL_RES/scripts/modelfromalign v3.5 (July 15, 2005) compiled 12/08/06_16:15:55
%  (c) 1992-2001 Regents of the University of California, Santa Cruz
%
%          Sequence Alignment and Modeling Software System
%         http://www.cse.ucsc.edu/research/compbio/sam.html
%
% ----------------- Citations (SAM, SAM-T2K, HMMs) --------------------
% R. Hughey, A. Krogh, Hidden Markov models for sequence analysis:
%  Extension and analysis of the basic method, CABIOS 12:95-107, 1996.
% K. Karplus, et al., What is the value added by human intervention in protein
%  structure prediction, Proteins: Stucture, Function, Genetics 45(S5):86--91, 2001.
% A. Krogh et al., Hidden Markov models in computational biology:
%  Applications to protein modeling, JMB 235:1501-1531, Feb 1994.
% ---------------------------------------------------------------------
%  3C.2_hmm   Host: login.aspen.biotech.cdc.gov    Thu Feb  5 13:58:33 2015
%  vfn4       Dir:  /scicomp/home/vfn4/fluA/HA_H3/H3prerelease1/c-3C/c-3C.2
% ---------------------------------------------------------------------
%  Alignment weights from internal calc.  Total (24.72) Max (0.15) Min (0.03)
%  Weights from alignment method 1 (karplus), b=-1.000000, e=0.500000
MODEL --  Model from alignment file /scicomp/home/vfn4/Tools/LABEL_RES/training_data/H3prerelease1/c-3C/c-3C.2/3C.2.fasta
alphabet DNA
FREQAVE
0.000000 0.000000 0.000000 
0.000000 0.000000 0.000000 
0.000000 0.000000 0.000000 
0.340588 0.221546 0.194664 0.243203 
0.340588 0.221546 0.194664 0.243203 
Begin
0.000000 0.000000 0.000000 
0.000000 0.000000 0.000000 
0.000000 0.006525 0.491768 
0.250000 0.250000 0.250000 0.250000 
0.250000 0.250000 0.250000 0.250000 
   1
0.000000 0.035134 0.046210 
0.000000 0.958341 0.462022 
0.044181 0.006719 0.491768 
0.969439 0.010187 0.010187 0.010187 
0.250000 0.250000 0.250000 0.250000 
   2
0.599649 0.006441 0.046210 
0.356170 0.986840 0.462022 
0.044181 0.006719 0.491768 
0.010187 0.010187 0.010187 0.969439 
0.250000 0.250000 0.250000 0.250000 
   3
0.599649 0.006441 0.046210 
0.356170 0.986840 0.462022 
0.044181 0.006719 0.491768 
0.010187 0.969439 0.010187 0.010187 
0.250000 0.250000 0.250000 0.250000 
   4
0.599649 0.006441 0.046210 
0.356170 0.986840 0.462022 
0.044181 0.006719 0.491768 
0.964884 0.014742 0.010187 0.010187 
0.250000 0.250000 0.250000 0.250000 
   5
0.599649 0.006441 0.046210 
0.356170 0.986840 0.462022 
0.044181 0.006719 0.491768 
0.967731 0.011895 0.010187 0.010187 
0.250000 0.250000 0.250000 0.250000 
   6
0.599649 0.006441 0.046210 
0.356170 0.986840 0.462022 
0.044181 0.006719 0.491768 
0.013880 0.965746 0.010187 0.010187 
0.250000 0.250000 0.250000 0.250000 
   7
0.599649 0.006441 0.046210 
0.356170 0.986840 0.462022 
0.044181 0.006719 0.491768 
0.967737 0.010187 0.010187 0.011889 
0.250000 0.250000 0.250000 0.250000 
   8
0.599649 0.006441 0.046210 
0.356170 0.986840 0.462022 
0.044181 0.006719 0.491768 
0.010187 0.010187 0.969439 0.010187 
0.250000 0.250000 0.250000 0.250000 
   9
0.599649 0.006441 0.046210 
0.356170 0.986840 0.462022 
0.044181 0.006719 0.491768 
0.012235 0.010187 0.013357 0.964221 
0.250000 0.250000 0.250000 0.250000 
  10
0.599649 0.006441 0.046210 
0.356170 0.986840 0.462022 
0.044181 0.006719 0.491768 
0.969439 0.010187 0.010187 0.010187 
0.250000 0.250000 0.250000 0.250000 
  11
0.599649 0.006441 0.046210 
0.356170 0.986840 0.462022 
0.044181 0.006719 0.491768 
0.010187 0.010187 0.011949 0.967678 
0.250000 0.250000 0.250000 0.250000 
  12
0.599649 0.006441 0.046210 
0.356170 0.986840 0.462022 
0.044181 0.006719 0.491768 
0.010187 0.010187 0.960187 0.019439 
0.250000 0.250000 0.250000 0.250000 
  13
0.592497 0.006441 0.046210 
0.363322 0.986840 0.462022 
0.044499 0.006713 0.491768 
0.969485 0.010172 0.010172 0.010172 
0.250000 0.250000 0.250000 0.250000 
  14
0.557232 0.006435 0.046210 
0.398269 0.986852 0.462022 
0.046331 0.006679 0.491768 
0.010089 0.010089 0.010089 0.969732 
0.250000 0.250000 0.250000 0.250000 
  15
0.521381 0.006402 0.046210 
0.432288 0.986919 0.462022 
0.049225 0.006631 0.491768 
0.009974 0.009974 0.009974 0.970078 
0.250000 0.250000 0.250000 0.250000 
  16
0.545387 0.006357 0.046210 
0.405389 0.987012 0.462022 
0.049650 0.006625 0.491768 
0.009959 0.970124 0.009959 0.009959 
0.250000 0.250000 0.250000 0.250000 
  17
0.550095 0.006350 0.046210 
0.400255 0.987025 0.462022 
0.049650 0.006625 0.491768 
0.009959 0.009959 0.970124 0.009959 
0.250000 0.250000 0.250000 0.250000 
  18
0.550095 0.006350 0.046210 
0.400255 0.987025 0.462022 
0.049650 0.006625 0.491768 
0.009959 0.009959 0.009959 0.970124 
0.250000 0.250000 0.250000 0.250000 
  19
0.550095 0.006350 0.046210 
0.400255 0.987025 0.462022 
0.049650 0.006625 0.491768 
0.009959 0.009959 0.009959 0.970124 
0.250000 0.250000 0.250000 0.250000 
  20
0.550095 0.006350 0.046210 
0.400255 0.987025 0.462022 
0.049650 0.006625 0.491768 
0.009959 0.009959 0.011871 0.968212 
0.250000 0.250000 0.250000 0.250000 
  21
0.542320 0.006350 0.046210 
0.408031 0.987025 0.462022 
0.050039 0.006619 0.491768 
0.014851 0.965260 0.009945 0.009945 
0.250000 0.250000 0.250000 0.250000 
  22
0.546569 0.006345 0.046210 
0.403392 0.987036 0.462022 
0.050039 0.006619 0.491768 
0.967164 0.012947 0.009945 0.009945 
0.250000 0.250000 0.250000 0.250000 
  23
0.539121 0.006345 0.046210 
0.410840 0.987036 0.462022 
0.050414 0.006614 0.491768 
0.009931 0.970206 0.009931 0.009931 
0.250000 0.250000 0.250000 0.250000 
  24
0.543167 0.006339 0.046210 
0.406419 0.987047 0.462022 
0.050414 0.006614 0.491768 
0.009931 0.009931 0.970206 0.009931 
0.250000 0.250000 0.250000 0.250000 
  25
0.543167 0.006339 0.046210 
0.406419 0.987047 0.462022 
0.050414 0.006614 0.491768 
0.011984 0.009931 0.013387 0.964698 
0.250000 0.250000 0.250000 0.250000 
  26
0.543167 0.006339 0.046210 
0.406419 0.987047 0.462022 
0.050414 0.006614 0.491768 
0.968153 0.009931 0.009931 0.011984 
0.250000 0.250000 0.250000 0.250000 
  27
0.543167 0.006339 0.046210 
0.406419 0.987047 0.462022 
0.050414 0.006614 0.491768 
0.009931 0.009931 0.970206 0.009931 
0.250000 0.250000 0.250000 0.250000 
  28
0.543167 0.006339 0.046210 
0.406419 0.987047 0.462022 
0.050414 0.006614 0.491768 
0.967808 0.009931 0.012329 0.009931 
0.250000 0.250000 0.250000 0.250000 
  29
0.543167 0.006339 0.046210 
0.406419 0.987047 0.462022 
0.050414 0.006614 0.491768 
0.009931 0.009931 0.009931 0.970206 
0.250000 0.250000 0.250000 0.250000 
  30
0.543167 0.006339 0.046210 
0.406419 0.987047 0.462022 
0.050414 0.006614 0.491768 
0.009931 0.009931 0.009931 0.970206 
0.250000 0.250000 0.250000 0.250000 
  31
0.543167 0.006339 0.046210 
0.406419 0.987047 0.462022 
0.050414 0.006614 0.491768 
0.009931 0.009931 0.960581 0.019557 
0.250000 0.250000 0.250000 0.250000 
  32
0.543167 0.006339 0.046210 
0.406419 0.987047 0.462022 
0.050414 0.006614 0.491768 
0.009931 0.009931 0.009931 0.970206 
0.250000 0.250000 0.250000 0.250000 
  33
0.543167 0.006339 0.046210 
0.406419 0.987047 0.462022 
0.050414 0.006614 0.491768 
0.968469 0.011668 0.009931 0.009931 
0.250000 0.250000 0.250000 0.250000 
  34
0.543167 0.006339 0.046210 
0.406419 0.987047 0.462022 
0.050414 0.006614 0.491768 
0.009931 0.009931 0.009931 0.970206 
0.250000 0.250000 0.250000 0.250000 
  35
0.543167 0.006339 0.046210 
0.406419 0.987047 0.462022 
0.050414 0.006614 0.491768 
0.012040 0.968071 0.009945 0.009945 
0.250000 0.250000 0.250000 0.250000 
  36
0.543167 0.006339 0.046210 
0.406419 0.987047 0.462022 
0.050414 0.006614 0.491768 
0.009931 0.009931 0.009931 0.970206 
0.250000 0.250000 0.250000 0.250000 
  37
0.543167 0.006339 0.046210 
0.406419 0.987047 0.462022 
0.050414 0.006614 0.491768 
0.009931 0.009931 0.968503 0.011634 
0.250000 0.250000 0.250000 0.250000 
  38
0.543167 0.006339 0.046210 
0.406419 0.987047 0.462022 
0.050414 0.006614 0.491768 
0.009931 0.009931 0.009931 0.970206 
0.250000 0.250000 0.250000 0.250000 
  39
0.543167 0.006339 0.046210 
0.406419 0.987047 0.462022 
0.050414 0.006614 0.491768 
0.009931 0.968297 0.009931 0.011841 
0.250000 0.250000 0.250000 0.250000 
  40
0.543167 0.006339 0.046210 
0.406419 0.987047 0.462022 
0.050414 0.006614 0.491768 
0.011745 0.968393 0.009931 0.009931 
0.250000 0.250000 0.250000 0.250000 
  41
0.543167 0.006339 0.046210 
0.406419 0.987047 0.462022 
0.050414 0.006614 0.491768 
0.009931 0.015863 0.012124 0.962082 
0.250000 0.250000 0.250000 0.250000 
  42
0.543167 0.006339 0.046210 
0.406419 0.987047 0.462022 
0.050414 0.006614 0.491768 
0.009931 0.009931 0.009931 0.970206 
0.250000 0.250000 0.250000 0.250000 
  43
0.543167 0.006339 0.046210 
0.406419 0.987047 0.462022 
0.050414 0.006614 0.491768 
0.009931 0.009931 0.009931 0.970206 
0.250000 0.250000 0.250000 0.250000 
  44
0.543167 0.006339 0.046210 
0.406419 0.987047 0.462022 
0.050414 0.006614 0.491768 
0.009931 0.009931 0.011682 0.968456 
0.250000 0.250000 0.250000 0.250000 
  45
0.543167 0.006339 0.046210 
0.406419 0.987047 0.462022 
0.050414 0.006614 0.491768 
0.009931 0.009931 0.965379 0.014759 
0.250000 0.250000 0.250000 0.250000 
  46
0.543167 0.006339 0.046210 
0.406419 0.987047 0.462022 
0.050414 0.006614 0.491768 
0.012828 0.965788 0.009931 0.011453 
0.250000 0.250000 0.250000 0.250000 
  47
0.543167 0.006339 0.046210 
0.406419 0.987047 0.462022 
0.050414 0.006614 0.491768 
0.009931 0.009931 0.970206 0.009931 
0.250000 0.250000 0.250000 0.250000 
  48
0.543167 0.006339 0.046210 
0.406419 0.987047 0.462022 
0.050414 0.006614 0.491768 
0.009931 0.009931 0.012375 0.967762 
0.250000 0.250000 0.250000 0.250000 
  49
0.438630 0.006339 0.046210 
0.510956 0.987047 0.462022 
0.056300 0.006537 0.491768 
0.009750 0.009750 0.970750 0.009750 
0.250000 0.250000 0.250000 0.250000 
  50
0.489836 0.006267 0.046210 
0.453865 0.987196 0.462022 
0.056300 0.006537 0.491768 
0.970750 0.009750 0.009750 0.009750 
0.250000 0.250000 0.250000 0.250000 
  51
0.489836 0.006267 0.046210 
0.453865 0.987196 0.462022 
0.056300 0.006537 0.491768 
0.968602 0.011898 0.009750 0.009750 
0.250000 0.250000 0.250000 0.250000 
  52
0.489836 0.006267 0.046210 
0.453865 0.987196 0.462022 
0.056300 0.006537 0.491768 
0.970750 0.009750 0.009750 0.009750 
0.250000 0.250000 0.250000 0.250000 
  53
0.489836 0.006267 0.046210 
0.453865 0.987196 0.462022 
0.056300 0.006537 0.491768 
0.970750 0.009750 0.009750 0.009750 
0.250000 0.250000 0.250000 0.250000 
  54
0.489836 0.006267 0.046210 
0.453865 0.987196 0.462022 
0.056300 0.006537 0.491768 
0.970750 0.009750 0.009750 0.009750 
0.250000 0.250000 0.250000 0.250000 
  55
0.489836 0.006267 0.046210 
0.453865 0.987196 0.462022 
0.056300 0.006537 0.491768 
0.085852 0.009750 0.894648 0.009750 
0.250000 0.250000 0.250000 0.250000 
  56
0.489836 0.006267 0.046210 
0.453865 0.987196 0.462022 
0.056300 0.006537 0.491768 
0.009750 0.009750 0.009750 0.970750 
0.250000 0.250000 0.250000 0.250000 
  57
0.489836 0.006267 0.046210 
0.453865 0.987196 0.462022 
0.056300 0.006537 0.491768 
0.009750 0.009750 0.042279 0.938221 
0.250000 0.250000 0.250000 0.250000 
  58
0.489836 0.006267 0.046210 
0.453865 0.987196 0.462022 
0.056300 0.006537 0.491768 
0.009750 0.009750 0.967559 0.012941 
0.250000 0.250000 0.250000 0.250000 
  59
0.489836 0.006267 0.046210 
0.453865 0.987196 0.462022 
0.056300 0.006537 0.491768 
0.011370 0.009750 0.969130 0.009750 
0.250000 0.250000 0.250000 0.250000 
  60
0.489836 0.006267 0.046210 
0.453865 0.987196 0.462022 
0.056300 0.006537 0.491768 
0.009750 0.011272 0.017737 0.961241 
0.250000 0.250000 0.250000 0.250000 
  61
0.489836 0.006267 0.046210 
0.453865 0.987196 0.462022 
0.056300 0.006537 0.491768 
0.009750 0.970750 0.009750 0.009750 
0.250000 0.250000 0.250000 0.250000 
  62
0.489836 0.006267 0.046210 
0.453865 0.987196 0.462022 
0.056300 0.006537 0.491768 
0.009750 0.970750 0.009750 0.009750 
0.250000 0.250000 0.250000 0.250000 
  63
0.489836 0.006267 0.046210 
0.453865 0.987196 0.462022 
0.056300 0.006537 0.491768 
0.967684 0.012777 0.009769 0.009769 
0.250000 0.250000 0.250000 0.250000 
  64
0.489836 0.006267 0.046210 
0.453865 0.987196 0.462022 
0.056300 0.006537 0.491768 
0.966959 0.009750 0.011902 0.011389 
0.250000 0.250000 0.250000 0.250000 
  65
0.489836 0.006267 0.046210 
0.453865 0.987196 0.462022 
0.056300 0.006537 0.491768 
0.970750 0.009750 0.009750 0.009750 
0.250000 0.250000 0.250000 0.250000 
  66
0.489836 0.006267 0.046210 
0.453865 0.987196 0.462022 
0.056300 0.006537 0.491768 
0.009750 0.009750 0.012867 0.967633 
0.250000 0.250000 0.250000 0.250000 
  67
0.489836 0.006267 0.046210 
0.453865 0.987196 0.462022 
0.056300 0.006537 0.491768 
0.009750 0.970750 0.009750 0.009750 
0.250000 0.250000 0.250000 0.250000 
  68
0.489836 0.006267 0.046210 
0.453865 0.987196 0.462022 
0.056300 0.006537 0.491768 
0.969052 0.011448 0.009750 0.009750 
0.250000 0.250000 0.250000 0.250000 
  69
0.489836 0.006267 0.046210 
0.453865 0.987196 0.462022 
0.056300 0.006537 0.491768 
0.009750 0.009750 0.967103 0.013397 
0.250000 0.250000 0.250000 0.250000 
  70
0.489836 0.006267 0.046210 
0.453865 0.987196 0.462022 
0.056300 0.006537 0.491768 
0.970750 0.009750 0.009750 0.009750 
0.250000 0.250000 0.250000 0.250000 
  71
0.489836 0.006267 0.046210 
0.453865 0.987196 0.462022 
0.056300 0.006537 0.491768 
0.970750 0.009750 0.009750 0.009750 
0.250000 0.250000 0.250000 0.250000 
  72
0.489836 0.006267 0.046210 
0.453865 0.987196 0.462022 
0.056300 0.006537 0.491768 
0.009750 0.009750 0.022705 0.957795 
0.250000 0.250000 0.250000 0.250000 
  73
0.489836 0.006267 0.046210 
0.453865 0.987196 0.462022 
0.056300 0.006537 0.491768 
0.968929 0.011571 0.009750 0.009750 
0.250000 0.250000 0.250000 0.250000 
  74
0.489836 0.006267 0.046210 
0.453865 0.987196 0.462022 
0.056300 0.006537 0.491768 
0.014531 0.965969 0.009750 0.009750 
0.250000 0.250000 0.250000 0.250000 
  75
0.489836 0.006267 0.046210 
0.453865 0.987196 0.462022 
0.056300 0.006537 0.491768 
0.014556 0.009750 0.963949 0.011745 
0.250000 0.250000 0.250000 0.250000 
  76
0.489836 0.006267 0.046210 
0.453865 0.987196 0.462022 
0.056300 0.006537 0.491768 
0.970750 0.009750 0.009750 0.009750 
0.250000 0.250000 0.250000 0.250000 
  77
0.489836 0.006267 0.046210 
0.453865 0.987196 0.462022 
0.056300 0.006537 0.491768 
0.009765 0.009765 0.966879 0.013590 
0.250000 0.250000 0.250000 0.250000 
  78
0.489836 0.006267 0.046210 
0.453865 0.987196 0.462022 
0.056300 0.006537 0.491768 
0.009750 0.964862 0.009750 0.015639 
0.250000 0.250000 0.250000 0.250000 
  79
0.489836 0.006267 0.046210 
0.453865 0.987196 0.462022 
0.056300 0.006537 0.491768 
0.009750 0.970750 0.009750 0.009750 
0.250000 0.250000 0.250000 0.250000 
  80
0.489836 0.006267 0.046210 
0.453865 0.987196 0.462022 
0.056300 0.006537 0.491768 
0.009750 0.009750 0.970750 0.009750 
0.250000 0.250000 0.250000 0.250000 
  81
0.489836 0.006267 0.046210 
0.453865 0.987196 0.462022 
0.056300 0.006537 0.491768 
0.966943 0.013558 0.009750 0.009750 
0.250000 0.250000 0.250000 0.250000 
  82
0.489836 0.006267 0.046210 
0.453865 0.987196 0.462022 
0.056300 0.006537 0.491768 
0.970750 0.009750 0.009750 0.009750 
0.250000 0.250000 0.250000 0.250000 
  83
0.489836 0.006267 0.046210 
0.453865 0.987196 0.462022 
0.056300 0.006537 0.491768 
0.011244 0.009750 0.965944 0.013062 
0.250000 0.250000 0.250000 0.250000 
  84
0.489836 0.006267 0.046210 
0.453865 0.987196 0.462022 
0.056300 0.006537 0.491768 
0.021815 0.958686 0.009750 0.009750 
0.250000 0.250000 0.250000 0.250000 
  85
0.489836 0.006267 0.046210 
0.453865 0.987196 0.462022 
0.056300 0.006537 0.491768 
0.009750 0.009750 0.969021 0.011479 
0.250000 0.250000 0.250000 0.250000 
  86
0.489836 0.006267 0.046210 
0.453865 0.987196 0.462022 
0.056300 0.006537 0.491768 
0.009750 0.009750 0.009750 0.970750 
0.250000 0.250000 0.250000 0.250000 
  87
0.489836 0.006267 0.046210 
0.453865 0.987196 0.462022 
0.056300 0.006537 0.491768 
0.009763 0.970712 0.009763 0.009763 
0.250000 0.250000 0.250000 0.250000 
  88
0.489836 0.006267 0.046210 
0.453865 0.987196 0.462022 
0.056300 0.006537 0.491768 
0.009750 0.009750 0.009750 0.970750 
0.250000 0.250000 0.250000 0.250000 
  89
0.489836 0.006267 0.046210 
0.453865 0.987196 0.462022 
0.056300 0.006537 0.491768 
0.009750 0.970750 0.009750 0.009750 
0.250000 0.250000 0.250000 0.250000 
  90
0.489836 0.006267 0.046210 
0.453865 0.987196 0.462022 
0.056300 0.006537 0.491768 
0.009750 0.009750 0.970750 0.009750 
0.250000 0.250000 0.250000 0.250000 
  91
0.480944 0.006267 0.046210 
0.462757 0.987196 0.462022 
0.056805 0.006532 0.491768 
0.009736 0.009736 0.970791 0.009736 
0.250000 0.250000 0.250000 0.250000 
  92
0.485259 0.006261 0.046210 
0.457937 0.987207 0.462022 
0.056805 0.006532 0.491768 
0.009736 0.009736 0.009736 0.970791 
0.250000 0.250000 0.250000 0.250000 
  93
0.485259 0.006261 0.046210 
0.457937 0.987207 0.462022 
0.056805 0.006532 0.491768 
0.011621 0.019377 0.009736 0.959266 
0.250000 0.250000 0.250000 0.250000 
  94
0.485259 0.006261 0.046210 
0.457937 0.987207 0.462022 
0.056805 0.006532 0.491768 
0.009736 0.970791 0.009736 0.009736 
0.250000 0.250000 0.250000 0.250000 
  95
0.485259 0.006261 0.046210 
0.457937 0.987207 0.462022 
0.056805 0.006532 0.491768 
0.009736 0.970791 0.009736 0.009736 
0.250000 0.250000 0.250000 0.250000 
  96
0.485259 0.006261 0.046210 
0.457937 0.987207 0.462022 
0.056805 0.006532 0.491768 
0.020063 0.960464 0.009736 0.009736 
0.250000 0.250000 0.250000 0.250000 
  97
0.485259 0.006261 0.046210 
0.457937 0.987207 0.462022 
0.056805 0.006532 0.491768 
0.009736 0.009736 0.970791 0.009736 
0.250000 0.250000 0.250000 0.250000 
  98
0.485259 0.006261 0.046210 
0.457937 0.987207 0.462022 
0.056805 0.006532 0.491768 
0.970791 0.009736 0.009736 0.009736 
0.250000 0.250000 0.250000 0.250000 
  99
0.485259 0.006261 0.046210 
0.457937 0.987207 0.462022 
0.056805 0.006532 0.491768 
0.009736 0.009736 0.967428 0.013099 
0.250000 0.250000 0.250000 0.250000 
 100
0.485259 0.006261 0.046210 
0.457937 0.987207 0.462022 
0.056805 0.006532 0.491768 
0.009736 0.009736 0.968890 0.011637 
0.250000 0.250000 0.250000 0.250000 
 101
0.485259 0.006261 0.046210 
0.457937 0.987207 0.462022 
0.056805 0.006532 0.491768 
0.970791 0.009736 0.009736 0.009736 
0.250000 0.250000 0.250000 0.250000 
 102
0.485259 0.006261 0.046210 
0.457937 0.987207 0.462022 
0.056805 0.006532 0.491768 
0.009736 0.009736 0.009736 0.970791 
0.250000 0.250000 0.250000 0.250000 
 103
0.485259 0.006261 0.046210 
0.457937 0.987207 0.462022 
0.056805 0.006532 0.491768 
0.009736 0.970791 0.009736 0.009736 
0.250000 0.250000 0.250000 0.250000 
 104
0.485259 0.006261 0.046210 
0.457937 0.987207 0.462022 
0.056805 0.006532 0.491768 
0.009736 0.009736 0.970791 0.009736 
0.250000 0.250000 0.250000 0.250000 
 105
0.485259 0.006261 0.046210 
0.457937 0.987207 0.462022 
0.056805 0.006532 0.491768 
0.970791 0.009736 0.009736 0.009736 
0.250000 0.250000 0.250000 0.250000 
 106
0.485259 0.006261 0.046210 
0.457937 0.987207 0.462022 
0.056805 0.006532 0.491768 
0.009736 0.970791 0.009736 0.009736 
0.250000 0.250000 0.250000 0.250000 
 107
0.485259 0.006261 0.046210 
0.457937 0.987207 0.462022 
0.056805 0.006532 0.491768 
0.009736 0.009736 0.009736 0.970791 
0.250000 0.250000 0.250000 0.250000 
 108
0.485259 0.006261 0.046210 
0.457937 0.987207 0.462022 
0.056805 0.006532 0.491768 
0.958464 0.022063 0.009736 0.009736 
0.250000 0.250000 0.250000 0.250000 
 109
0.485259 0.006261 0.046210 
0.457937 0.987207 0.462022 
0.056805 0.006532 0.491768 
0.009736 0.009736 0.970791 0.009736 
0.250000 0.250000 0.250000 0.250000 
 110
0.485259 0.006261 0.046210 
0.457937 0.987207 0.462022 
0.056805 0.006532 0.491768 
0.009736 0.009736 0.970791 0.009736 
0.250000 0.250000 0.250000 0.250000 
 111
0.485259 0.006261 0.046210 
0.457937 0.987207 0.462022 
0.056805 0.006532 0.491768 
0.970791 0.009736 0.009736 0.009736 
0.250000 0.250000 0.250000 0.250000 
 112
0.485259 0.006261 0.046210 
0.457937 0.987207 0.462022 
0.056805 0.006532 0.491768 
0.970791 0.009736 0.009736 0.009736 
0.250000 0.250000 0.250000 0.250000 
 113
0.485259 0.006261 0.046210 
0.457937 0.987207 0.462022 
0.056805 0.006532 0.491768 
0.970791 0.009736 0.009736 0.009736 
0.250000 0.250000 0.250000 0.250000 
 114
0.485259 0.006261 0.046210 
0.457937 0.987207 0.462022 
0.056805 0.006532 0.491768 
0.009750 0.009750 0.958715 0.021786 
0.250000 0.250000 0.250000 0.250000 
 115
0.485259 0.006261 0.046210 
0.457937 0.987207 0.462022 
0.056805 0.006532 0.491768 
0.009736 0.970791 0.009736 0.009736 
0.250000 0.250000 0.250000 0.250000 
 116
0.485259 0.006261 0.046210 
0.457937 0.987207 0.462022 
0.056805 0.006532 0.491768 
0.009736 0.970791 0.009736 0.009736 
0.250000 0.250000 0.250000 0.250000 
 117
0.485259 0.006261 0.046210 
0.457937 0.987207 0.462022 
0.056805 0.006532 0.491768 
0.967092 0.011886 0.009736 0.011286 
0.250000 0.250000 0.250000 0.250000 
 118
0.485259 0.006261 0.046210 
0.457937 0.987207 0.462022 
0.056805 0.006532 0.491768 
0.970791 0.009736 0.009736 0.009736 
0.250000 0.250000 0.250000 0.250000 
 119
0.485259 0.006261 0.046210 
0.457937 0.987207 0.462022 
0.056805 0.006532 0.491768 
0.009736 0.009736 0.970791 0.009736 
0.250000 0.250000 0.250000 0.250000 
 120
0.485259 0.006261 0.046210 
0.457937 0.987207 0.462022 
0.056805 0.006532 0.491768 
0.014385 0.966142 0.009736 0.009736 
0.250000 0.250000 0.250000 0.250000 
 121
0.485259 0.006261 0.046210 
0.457937 0.987207 0.462022 
0.056805 0.006532 0.491768 
0.962814 0.009736 0.017713 0.009736 
0.250000 0.250000 0.250000 0.250000 
 122
0.485259 0.006261 0.046210 
0.457937 0.987207 0.462022 
0.056805 0.006532 0.491768 
0.009736 0.009736 0.009736 0.970791 
0.250000 0.250000 0.250000 0.250000 
 123
0.485259 0.006261 0.046210 
0.457937 0.987207 0.462022 
0.056805 0.006532 0.491768 
0.967811 0.012716 0.009736 0.009736 
0.250000 0.250000 0.250000 0.250000 
 124
0.485259 0.006261 0.046210 
0.457937 0.987207 0.462022 
0.056805 0.006532 0.491768 
0.009736 0.970791 0.009736 0.009736 
0.250000 0.250000 0.250000 0.250000 
 125
0.485259 0.006261 0.046210 
0.457937 0.987207 0.462022 
0.056805 0.006532 0.491768 
0.009736 0.009736 0.009736 0.970791 
0.250000 0.250000 0.250000 0.250000 
 126
0.485259 0.006261 0.046210 
0.457937 0.987207 0.462022 
0.056805 0.006532 0.491768 
0.013912 0.966587 0.009750 0.009750 
0.250000 0.250000 0.250000 0.250000 
 127
0.485259 0.006261 0.046210 
0.457937 0.987207 0.462022 
0.056805 0.006532 0.491768 
0.970791 0.009736 0.009736 0.009736 
0.250000 0.250000 0.250000 0.250000 
 128
0.485259 0.006261 0.046210 
0.457937 0.987207 0.462022 
0.056805 0.006532 0.491768 
0.967737 0.012790 0.009736 0.009736 
0.250000 0.250000 0.250000 0.250000 
 129
0.485259 0.006261 0.046210 
0.457937 0.987207 0.462022 
0.056805 0.006532 0.491768 
0.970791 0.009736 0.009736 0.009736 
0.250000 0.250000 0.250000 0.250000 
 130
0.485259 0.006261 0.046210 
0.457937 0.987207 0.462022 
0.056805 0.006532 0.491768 
0.970791 0.009736 0.009736 0.009736 
0.250000 0.250000 0.250000 0.250000 
 131
0.485259 0.006261 0.046210 
0.457937 0.987207 0.462022 
0.056805 0.006532 0.491768 
0.009736 0.009736 0.970791 0.009736 
0.250000 0.250000 0.250000 0.250000 
 132
0.485259 0.006261 0.046210 
0.457937 0.987207 0.462022 
0.056805 0.006532 0.491768 
0.970791 0.009736 0.009736 0.009736 
0.250000 0.250000 0.250000 0.250000 
 133
0.485259 0.006261 0.046210 
0.457937 0.987207 0.462022 
0.056805 0.006532 0.491768 
0.970791 0.009736 0.009736 0.009736 
0.250000 0.250000 0.250000 0.250000 
 134
0.485259 0.006261 0.046210 
0.457937 0.987207 0.462022 
0.056805 0.006532 0.491768 
0.009736 0.009736 0.009736 0.970791 
0.250000 0.250000 0.250000 0.250000 
 135
0.485259 0.006261 0.046210 
0.457937 0.987207 0.462022 
0.056805 0.006532 0.491768 
0.009736 0.009736 0.968747 0.011780 
0.250000 0.250000 0.250000 0.250000 
 136
0.485259 0.006261 0.046210 
0.457937 0.987207 0.462022 
0.056805 0.006532 0.491768 
0.970791 0.009736 0.009736 0.009736 
0.250000 0.250000 0.250000 0.250000 
 137
0.485259 0.006261 0.046210 
0.457937 0.987207 0.462022 
0.056805 0.006532 0.491768 
0.009736 0.009736 0.970791 0.009736 
0.250000 0.250000 0.250000 0.250000 
 138
0.485259 0.006261 0.046210 
0.457937 0.987207 0.462022 
0.056805 0.006532 0.491768 
0.012233 0.968294 0.009736 0.009736 
0.250000 0.250000 0.250000 0.250000 
 139
0.485259 0.006261 0.046210 
0.457937 0.987207 0.462022 
0.056805 0.006532 0.491768 
0.969084 0.011443 0.009736 0.009736 
0.250000 0.250000 0.250000 0.250000 
 140
0.485259 0.006261 0.046210 
0.457937 0.987207 0.462022 
0.056805 0.006532 0.491768 
0.970791 0.009736 0.009736 0.009736 
0.250000 0.250000 0.250000 0.250000 
 141
0.485259 0.006261 0.046210 
0.457937 0.987207 0.462022 
0.056805 0.006532 0.491768 
0.009736 0.009736 0.012905 0.967622 
0.250000 0.250000 0.250000 0.250000 
 142
0.485259 0.006261 0.046210 
0.457937 0.987207 0.462022 
0.056805 0.006532 0.491768 
0.009736 0.970791 0.009736 0.009736 
0.250000 0.250000 0.250000 0.250000 
 143
0.485259 0.006261 0.046210 
0.457937 0.987207 0.462022 
0.056805 0.006532 0.491768 
0.970791 0.009736 0.009736 0.009736 
0.250000 0.250000 0.250000 0.250000 
 144
0.485259 0.006261 0.046210 
0.457937 0.987207 0.462022 
0.056805 0.006532 0.491768 
0.009736 0.009736 0.970791 0.009736 
0.250000 0.250000 0.250000 0.250000 
 145
0.485259 0.006261 0.046210 
0.457937 0.987207 0.462022 
0.056805 0.006532 0.491768 
0.009736 0.009736 0.970791 0.009736 
0.250000 0.250000 0.250000 0.250000 
 146
0.485259 0.006261 0.046210 
0.457937 0.987207 0.462022 
0.056805 0.006532 0.491768 
0.019322 0.961205 0.009736 0.009736 
0.250000 0.250000 0.250000 0.250000 
 147
0.485259 0.006261 0.046210 
0.457937 0.987207 0.462022 
0.056805 0.006532 0.491768 
0.970791 0.009736 0.009736 0.009736 
0.250000 0.250000 0.250000 0.250000 
 148
0.485259 0.006261 0.046210 
0.457937 0.987207 0.462022 
0.056805 0.006532 0.491768 
0.970791 0.009736 0.009736 0.009736 
0.250000 0.250000 0.250000 0.250000 
 149
0.485259 0.006261 0.046210 
0.457937 0.987207 0.462022 
0.056805 0.006532 0.491768 
0.009736 0.009736 0.009736 0.970791 
0.250000 0.250000 0.250000 0.250000 
 150
0.485259 0.006261 0.046210 
0.457937 0.987207 0.462022 
0.056805 0.006532 0.491768 
0.009736 0.009736 0.009736 0.970791 
0.250000 0.250000 0.250000 0.250000 
 151
0.474798 0.006261 0.046210 
0.468397 0.987207 0.462022 
0.057405 0.006525 0.491768 
0.009721 0.970838 0.009721 0.009721 
0.250000 0.250000 0.250000 0.250000 
 152
0.479817 0.006255 0.046210 
0.462778 0.987220 0.462022 
0.057405 0.006525 0.491768 
0.970838 0.009721 0.009721 0.009721 
0.250000 0.250000 0.250000 0.250000 
 153
0.479817 0.006255 0.046210 
0.462778 0.987220 0.462022 
0.057405 0.006525 0.491768 
0.967199 0.013360 0.009721 0.009721 
0.250000 0.250000 0.250000 0.250000 
 154
0.479817 0.006255 0.046210 
0.462778 0.987220 0.462022 
0.057405 0.006525 0.491768 
0.009721 0.970838 0.009721 0.009721 
0.250000 0.250000 0.250000 0.250000 
 155
0.479817 0.006255 0.046210 
0.462778 0.987220 0.462022 
0.057405 0.006525 0.491768 
0.009721 0.009721 0.009721 0.970838 
0.250000 0.250000 0.250000 0.250000 
 156
0.479817 0.006255 0.046210 
0.462778 0.987220 0.462022 
0.057405 0.006525 0.491768 
0.009721 0.015484 0.017429 0.957367 
0.250000 0.250000 0.250000 0.250000 
 157
0.479817 0.006255 0.046210 
0.462778 0.987220 0.462022 
0.057405 0.006525 0.491768 
0.970838 0.009721 0.009721 0.009721 
0.250000 0.250000 0.250000 0.250000 
 158
0.479817 0.006255 0.046210 
0.462778 0.987220 0.462022 
0.057405 0.006525 0.491768 
0.009721 0.009721 0.970838 0.009721 
0.250000 0.250000 0.250000 0.250000 
 159
0.479817 0.006255 0.046210 
0.462778 0.987220 0.462022 
0.057405 0.006525 0.491768 
0.009721 0.009721 0.012658 0.967901 
0.250000 0.250000 0.250000 0.250000 
 160
0.479817 0.006255 0.046210 
0.462778 0.987220 0.462022 
0.057405 0.006525 0.491768 
0.970838 0.009721 0.009721 0.009721 
0.250000 0.250000 0.250000 0.250000 
 161
0.479817 0.006255 0.046210 
0.462778 0.987220 0.462022 
0.057405 0.006525 0.491768 
0.970838 0.009721 0.009721 0.009721 
0.250000 0.250000 0.250000 0.250000 
 162
0.479817 0.006255 0.046210 
0.462778 0.987220 0.462022 
0.057405 0.006525 0.491768 
0.009721 0.009721 0.009721 0.970838 
0.250000 0.250000 0.250000 0.250000 
 163
0.479817 0.006255 0.046210 
0.462778 0.987220 0.462022 
0.057405 0.006525 0.491768 
0.009721 0.970838 0.009721 0.009721 
0.250000 0.250000 0.250000 0.250000 
 164
0.479817 0.006255 0.046210 
0.462778 0.987220 0.462022 
0.057405 0.006525 0.491768 
0.009721 0.009721 0.970838 0.009721 
0.250000 0.250000 0.250000 0.250000 
 165
0.479817 0.006255 0.046210 
0.462778 0.987220 0.462022 
0.057405 0.006525 0.491768 
0.009721 0.009721 0.084099 0.896460 
0.250000 0.250000 0.250000 0.250000 
 166
0.479817 0.006255 0.046210 
0.462778 0.987220 0.462022 
0.057405 0.006525 0.491768 
0.970838 0.009721 0.009721 0.009721 
0.250000 0.250000 0.250000 0.250000 
 167
0.479817 0.006255 0.046210 
0.462778 0.987220 0.462022 
0.057405 0.006525 0.491768 
0.009721 0.009721 0.970838 0.009721 
0.250000 0.250000 0.250000 0.250000 
 168
0.479817 0.006255 0.046210 
0.462778 0.987220 0.462022 
0.057405 0.006525 0.491768 
0.009721 0.009721 0.013383 0.967175 
0.250000 0.250000 0.250000 0.250000 
 169
0.479817 0.006255 0.046210 
0.462778 0.987220 0.462022 
0.057405 0.006525 0.491768 
0.009721 0.970838 0.009721 0.009721 
0.250000 0.250000 0.250000 0.250000 
 170
0.479817 0.006255 0.046210 
0.462778 0.987220 0.462022 
0.057405 0.006525 0.491768 
0.970838 0.009721 0.009721 0.009721 
0.250000 0.250000 0.250000 0.250000 
 171
0.479817 0.006255 0.046210 
0.462778 0.987220 0.462022 
0.057405 0.006525 0.491768 
0.019509 0.961050 0.009721 0.009721 
0.250000 0.250000 0.250000 0.250000 
 172
0.479817 0.006255 0.046210 
0.462778 0.987220 0.462022 
0.057405 0.006525 0.491768 
0.009721 0.009721 0.970838 0.009721 
0.250000 0.250000 0.250000 0.250000 
 173
0.479817 0.006255 0.046210 
0.462778 0.987220 0.462022 
0.057405 0.006525 0.491768 
0.009721 0.009721 0.009721 0.970838 
0.250000 0.250000 0.250000 0.250000 
 174
0.479817 0.006255 0.046210 
0.462778 0.987220 0.462022 
0.057405 0.006525 0.491768 
0.011486 0.969073 0.009721 0.009721 
0.250000 0.250000 0.250000 0.250000 
 175
0.479817 0.006255 0.046210 
0.462778 0.987220 0.462022 
0.057405 0.006525 0.491768 
0.009721 0.970838 0.009721 0.009721 
0.250000 0.250000 0.250000 0.250000 
 176
0.479817 0.006255 0.046210 
0.462778 0.987220 0.462022 
0.057405 0.006525 0.491768 
0.009721 0.009721 0.009721 0.970838 
0.250000 0.250000 0.250000 0.250000 
 177
0.479817 0.006255 0.046210 
0.462778 0.987220 0.462022 
0.057405 0.006525 0.491768 
0.009721 0.009721 0.009721 0.970838 
0.250000 0.250000 0.250000 0.250000 
 178
0.479817 0.006255 0.046210 
0.462778 0.987220 0.462022 
0.057405 0.006525 0.491768 
0.009721 0.009721 0.970838 0.009721 
0.250000 0.250000 0.250000 0.250000 
 179
0.479817 0.006255 0.046210 
0.462778 0.987220 0.462022 
0.057405 0.006525 0.491768 
0.970838 0.009721 0.009721 0.009721 
0.250000 0.250000 0.250000 0.250000 
 180
0.479817 0.006255 0.046210 
0.462778 0.987220 0.462022 
0.057405 0.006525 0.491768 
0.024763 0.955795 0.009721 0.009721 
0.250000 0.250000 0.250000 0.250000 
 181
0.479817 0.006255 0.046210 
0.462778 0.987220 0.462022 
0.057405 0.006525 0.491768 
0.967191 0.013367 0.009721 0.009721 
0.250000 0.250000 0.250000 0.250000 
 182
0.479817 0.006255 0.046210 
0.462778 0.987220 0.462022 
0.057405 0.006525 0.491768 
0.970838 0.009721 0.009721 0.009721 
0.250000 0.250000 0.250000 0.250000 
 183
0.479817 0.006255 0.046210 
0.462778 0.987220 0.462022 
0.057405 0.006525 0.491768 
0.009721 0.009721 0.012711 0.967847 
0.250000 0.250000 0.250000 0.250000 
 184
0.479817 0.006255 0.046210 
0.462778 0.987220 0.462022 
0.057405 0.006525 0.491768 
0.009721 0.009721 0.009721 0.970838 
0.250000 0.250000 0.250000 0.250000 
 185
0.479817 0.006255 0.046210 
0.462778 0.987220 0.462022 
0.057405 0.006525 0.491768 
0.009721 0.009721 0.970838 0.009721 
0.250000 0.250000 0.250000 0.250000 
 186
0.479817 0.006255 0.046210 
0.462778 0.987220 0.462022 
0.057405 0.006525 0.491768 
0.009721 0.009721 0.968948 0.011610 
0.250000 0.250000 0.250000 0.250000 
 187
0.479817 0.006255 0.046210 
0.462778 0.987220 0.462022 
0.057405 0.006525 0.491768 
0.009721 0.009721 0.011335 0.969224 
0.250000 0.250000 0.250000 0.250000 
 188
0.479817 0.006255 0.046210 
0.462778 0.987220 0.462022 
0.057405 0.006525 0.491768 
0.009721 0.009721 0.970838 0.009721 
0.250000 0.250000 0.250000 0.250000 
 189
0.479817 0.006255 0.046210 
0.462778 0.987220 0.462022 
0.057405 0.006525 0.491768 
0.964600 0.015959 0.009721 0.009721 
0.250000 0.250000 0.250000 0.250000 
 190
0.479817 0.006255 0.046210 
0.462778 0.987220 0.462022 
0.057405 0.006525 0.491768 
0.970838 0.009721 0.009721 0.009721 
0.250000 0.250000 0.250000 0.250000 
 191
0.479817 0.006255 0.046210 
0.462778 0.987220 0.462022 
0.057405 0.006525 0.491768 
0.009721 0.009721 0.009721 0.970838 
0.250000 0.250000 0.250000 0.250000 
 192
0.479817 0.006255 0.046210 
0.462778 0.987220 0.462022 
0.057405 0.006525 0.491768 
0.970838 0.009721 0.009721 0.009721 
0.250000 0.250000 0.250000 0.250000 
 193
0.479817 0.006255 0.046210 
0.462778 0.987220 0.462022 
0.057405 0.006525 0.491768 
0.009721 0.970838 0.009721 0.009721 
0.250000 0.250000 0.250000 0.250000 
 194
0.479817 0.006255 0.046210 
0.462778 0.987220 0.462022 
0.057405 0.006525 0.491768 
0.012460 0.968099 0.009721 0.009721 
0.250000 0.250000 0.250000 0.250000 
 195
0.479817 0.006255 0.046210 
0.462778 0.987220 0.462022 
0.057405 0.006525 0.491768 
0.009721 0.009721 0.009721 0.970838 
0.250000 0.250000 0.250000 0.250000 
 196
0.479817 0.006255 0.046210 
0.462778 0.987220 0.462022 
0.057405 0.006525 0.491768 
0.016030 0.964529 0.009721 0.009721 
0.250000 0.250000 0.250000 0.250000 
 197
0.479817 0.006255 0.046210 
0.462778 0.987220 0.462022 
0.057405 0.006525 0.491768 
0.970838 0.009721 0.009721 0.009721 
0.250000 0.250000 0.250000 0.250000 
 198
0.479817 0.006255 0.046210 
0.462778 0.987220 0.462022 
0.057405 0.006525 0.491768 
0.970838 0.009721 0.009721 0.009721 
0.250000 0.250000 0.250000 0.250000 
 199
0.479817 0.006255 0.046210 
0.462778 0.987220 0.462022 
0.057405 0.006525 0.491768 
0.970838 0.009721 0.009721 0.009721 
0.250000 0.250000 0.250000 0.250000 
 200
0.479817 0.006255 0.046210 
0.462778 0.987220 0.462022 
0.057405 0.006525 0.491768 
0.009721 0.009721 0.009721 0.970838 
0.250000 0.250000 0.250000 0.250000 
 201
0.479817 0.006255 0.046210 
0.462778 0.987220 0.462022 
0.057405 0.006525 0.491768 
0.970838 0.009721 0.009721 0.009721 
0.250000 0.250000 0.250000 0.250000 
 202
0.479817 0.006255 0.046210 
0.462778 0.987220 0.462022 
0.057405 0.006525 0.491768 
0.009721 0.009721 0.009721 0.970838 
0.250000 0.250000 0.250000 0.250000 
 203
0.479817 0.006255 0.046210 
0.462778 0.987220 0.462022 
0.057405 0.006525 0.491768 
0.009721 0.970838 0.009721 0.009721 
0.250000 0.250000 0.250000 0.250000 
 204
0.479817 0.006255 0.046210 
0.462778 0.987220 0.462022 
0.057405 0.006525 0.491768 
0.009721 0.009721 0.967865 0.012693 
0.250000 0.250000 0.250000 0.250000 
 205
0.479817 0.006255 0.046210 
0.462778 0.987220 0.462022 
0.057405 0.006525 0.491768 
0.031497 0.947394 0.009721 0.011389 
0.250000 0.250000 0.250000 0.250000 
 206
0.479817 0.006255 0.046210 
0.462778 0.987220 0.462022 
0.057405 0.006525 0.491768 
0.967214 0.013318 0.009734 0.009734 
0.250000 0.250000 0.250000 0.250000 
 207
0.479817 0.006255 0.046210 
0.462778 0.987220 0.462022 
0.057405 0.006525 0.491768 
0.009721 0.009721 0.970838 0.009721 
0.250000 0.250000 0.250000 0.250000 
 208
0.479817 0.006255 0.046210 
0.462778 0.987220 0.462022 
0.057405 0.006525 0.491768 
0.970838 0.009721 0.009721 0.009721 
0.250000 0.250000 0.250000 0.250000 
 209
0.479817 0.006255 0.046210 
0.462778 0.987220 0.462022 
0.057405 0.006525 0.491768 
0.011414 0.969145 0.009721 0.009721 
0.250000 0.250000 0.250000 0.250000 
 210
0.479817 0.006255 0.046210 
0.462778 0.987220 0.462022 
0.057405 0.006525 0.491768 
0.009721 0.009721 0.023612 0.956947 
0.250000 0.250000 0.250000 0.250000 
 211
0.479817 0.006255 0.046210 
0.462778 0.987220 0.462022 
0.057405 0.006525 0.491768 
0.009721 0.009721 0.970838 0.009721 
0.250000 0.250000 0.250000 0.250000 
 212
0.479817 0.006255 0.046210 
0.462778 0.987220 0.462022 
0.057405 0.006525 0.491768 
0.009721 0.009721 0.970838 0.009721 
0.250000 0.250000 0.250000 0.250000 
 213
0.479817 0.006255 0.046210 
0.462778 0.987220 0.462022 
0.057405 0.006525 0.491768 
0.009721 0.009721 0.014237 0.966322 
0.250000 0.250000 0.250000 0.250000 
 214
0.479817 0.006255 0.046210 
0.462778 0.987220 0.462022 
0.057405 0.006525 0.491768 
0.009721 0.009721 0.970838 0.009721 
0.250000 0.250000 0.250000 0.250000 
 215
0.479817 0.006255 0.046210 
0.462778 0.987220 0.462022 
0.057405 0.006525 0.491768 
0.970838 0.009721 0.009721 0.009721 
0.250000 0.250000 0.250000 0.250000 
 216
0.479817 0.006255 0.046210 
0.462778 0.987220 0.462022 
0.057405 0.006525 0.491768 
0.009721 0.009721 0.009721 0.970838 
0.250000 0.250000 0.250000 0.250000 
 217
0.479817 0.006255 0.046210 
0.462778 0.987220 0.462022 
0.057405 0.006525 0.491768 
0.009721 0.009721 0.970838 0.009721 
0.250000 0.250000 0.250000 0.250000 
 218
0.479817 0.006255 0.046210 
0.462778 0.987220 0.462022 
0.057405 0.006525 0.491768 
0.970838 0.009721 0.009721 0.009721 
0.250000 0.250000 0.250000 0.250000 
 219
0.479817 0.006255 0.046210 
0.462778 0.987220 0.462022 
0.057405 0.006525 0.491768 
0.013299 0.963356 0.011388 0.011957 
0.250000 0.250000 0.250000 0.250000 
 220
0.479817 0.006255 0.046210 
0.462778 0.987220 0.462022 
0.057405 0.006525 0.491768 
0.970838 0.009721 0.009721 0.009721 
0.250000 0.250000 0.250000 0.250000 
 221
0.479817 0.006255 0.046210 
0.462778 0.987220 0.462022 
0.057405 0.006525 0.491768 
0.009721 0.009721 0.011957 0.968601 
0.250000 0.250000 0.250000 0.250000 
 222
0.479817 0.006255 0.046210 
0.462778 0.987220 0.462022 
0.057405 0.006525 0.491768 
0.011812 0.009721 0.717920 0.260547 
0.250000 0.250000 0.250000 0.250000 
 223
0.479817 0.006255 0.046210 
0.462778 0.987220 0.462022 
0.057405 0.006525 0.491768 
0.009721 0.009721 0.970838 0.009721 
0.250000 0.250000 0.250000 0.250000 
 224
0.479817 0.006255 0.046210 
0.462778 0.987220 0.462022 
0.057405 0.006525 0.491768 
0.009721 0.009721 0.009721 0.970838 
0.250000 0.250000 0.250000 0.250000 
 225
0.479817 0.006255 0.046210 
0.462778 0.987220 0.462022 
0.057405 0.006525 0.491768 
0.009721 0.009721 0.009721 0.970838 
0.250000 0.250000 0.250000 0.250000 
 226
0.479817 0.006255 0.046210 
0.462778 0.987220 0.462022 
0.057405 0.006525 0.491768 
0.009721 0.970838 0.009721 0.009721 
0.250000 0.250000 0.250000 0.250000 
 227
0.479817 0.006255 0.046210 
0.462778 0.987220 0.462022 
0.057405 0.006525 0.491768 
0.970838 0.009721 0.009721 0.009721 
0.250000 0.250000 0.250000 0.250000 
 228
0.479817 0.006255 0.046210 
0.462778 0.987220 0.462022 
0.057405 0.006525 0.491768 
0.009721 0.009721 0.009721 0.970838 
0.250000 0.250000 0.250000 0.250000 
 229
0.479817 0.006255 0.046210 
0.462778 0.987220 0.462022 
0.057405 0.006525 0.491768 
0.009721 0.970838 0.009721 0.009721 
0.250000 0.250000 0.250000 0.250000 
 230
0.479817 0.006255 0.046210 
0.462778 0.987220 0.462022 
0.057405 0.006525 0.491768 
0.009721 0.970838 0.009721 0.009721 
0.250000 0.250000 0.250000 0.250000 
 231
0.479817 0.006255 0.046210 
0.462778 0.987220 0.462022 
0.057405 0.006525 0.491768 
0.967767 0.012792 0.009721 0.009721 
0.250000 0.250000 0.250000 0.250000 
 232
0.479817 0.006255 0.046210 
0.462778 0.987220 0.462022 
0.057405 0.006525 0.491768 
0.012020 0.968539 0.009721 0.009721 
0.250000 0.250000 0.250000 0.250000 
 233
0.479817 0.006255 0.046210 
0.462778 0.987220 0.462022 
0.057405 0.006525 0.491768 
0.967562 0.012997 0.009721 0.009721 
0.250000 0.250000 0.250000 0.250000 
 234
0.479817 0.006255 0.046210 
0.462778 0.987220 0.462022 
0.057405 0.006525 0.491768 
0.967531 0.011345 0.011403 0.009721 
0.250000 0.250000 0.250000 0.250000 
 235
0.479817 0.006255 0.046210 
0.462778 0.987220 0.462022 
0.057405 0.006525 0.491768 
0.970838 0.009721 0.009721 0.009721 
