%  SAM: /scicomp/home/vfn4/Tools/LABEL_RES/scripts/modelfromalign v3.5 (July 15, 2005) compiled 12/08/06_16:15:55
%  (c) 1992-2001 Regents of the University of California, Santa Cruz
%
%          Sequence Alignment and Modeling Software System
%         http://www.cse.ucsc.edu/research/compbio/sam.html
%
% ----------------- Citations (SAM, SAM-T2K, HMMs) --------------------
% R. Hughey, A. Krogh, Hidden Markov models for sequence analysis:
%  Extension and analysis of the basic method, CABIOS 12:95-107, 1996.
% K. Karplus, et al., What is the value added by human intervention in protein
%  structure prediction, Proteins: Stucture, Function, Genetics 45(S5):86--91, 2001.
% A. Krogh et al., Hidden Markov models in computational biology:
%  Applications to protein modeling, JMB 235:1501-1531, Feb 1994.
% ---------------------------------------------------------------------
%  3C.2a_hmm   Host: login.aspen.biotech.cdc.gov    Thu Feb  5 13:58:33 2015
%  vfn4        Dir:  /scicomp/home/vfn4/fluA/HA_H3/H3prerelease1/c-3C/c-3C.2
% ---------------------------------------------------------------------
%  Alignment weights from internal calc.  Total (17.69) Max (0.08) Min (0.05)
%  Weights from alignment method 1 (karplus), b=-1.000000, e=0.500000
MODEL --  Model from alignment file /scicomp/home/vfn4/Tools/LABEL_RES/training_data/H3prerelease1/c-3C/c-3C.2/3C.2a.fasta
alphabet DNA
FREQAVE
0.000000 0.000000 0.000000 
0.000000 0.000000 0.000000 
0.000000 0.000000 0.000000 
0.339985 0.222598 0.194083 0.243334 
0.339985 0.222598 0.194083 0.243334 
Begin
0.000000 0.000000 0.000000 
0.000000 0.000000 0.000000 
0.000000 0.007884 0.491768 
0.250000 0.250000 0.250000 0.250000 
0.250000 0.250000 0.250000 0.250000 
   1
0.000000 0.023156 0.046210 
0.000000 0.968960 0.462022 
0.050631 0.008009 0.491768 
0.958713 0.013762 0.013762 0.013762 
0.250000 0.250000 0.250000 0.250000 
   2
0.541205 0.007677 0.046210 
0.408164 0.984314 0.462022 
0.050631 0.008009 0.491768 
0.013762 0.013762 0.013762 0.958713 
0.250000 0.250000 0.250000 0.250000 
   3
0.541205 0.007677 0.046210 
0.408164 0.984314 0.462022 
0.050631 0.008009 0.491768 
0.013762 0.958713 0.013762 0.013762 
0.250000 0.250000 0.250000 0.250000 
   4
0.528417 0.007677 0.046210 
0.420953 0.984314 0.462022 
0.051287 0.007995 0.491768 
0.958842 0.013719 0.013719 0.013719 
0.250000 0.250000 0.250000 0.250000 
   5
0.535262 0.007664 0.046210 
0.413452 0.984340 0.462022 
0.051287 0.007995 0.491768 
0.958842 0.013719 0.013719 0.013719 
0.250000 0.250000 0.250000 0.250000 
   6
0.535262 0.007664 0.046210 
0.413452 0.984340 0.462022 
0.051287 0.007995 0.491768 
0.013719 0.958842 0.013719 0.013719 
0.250000 0.250000 0.250000 0.250000 
   7
0.535262 0.007664 0.046210 
0.413452 0.984340 0.462022 
0.051287 0.007995 0.491768 
0.958842 0.013719 0.013719 0.013719 
0.250000 0.250000 0.250000 0.250000 
   8
0.535262 0.007664 0.046210 
0.413452 0.984340 0.462022 
0.051287 0.007995 0.491768 
0.013719 0.013719 0.958842 0.013719 
0.250000 0.250000 0.250000 0.250000 
   9
0.535262 0.007664 0.046210 
0.413452 0.984340 0.462022 
0.051287 0.007995 0.491768 
0.013719 0.013719 0.023305 0.949257 
0.250000 0.250000 0.250000 0.250000 
  10
0.523209 0.007664 0.046210 
0.425504 0.984340 0.462022 
0.051912 0.007983 0.491768 
0.958962 0.013679 0.013679 0.013679 
0.250000 0.250000 0.250000 0.250000 
  11
0.529592 0.007652 0.046210 
0.418496 0.984365 0.462022 
0.051912 0.007983 0.491768 
0.013679 0.013679 0.013679 0.958962 
0.250000 0.250000 0.250000 0.250000 
  12
0.529592 0.007652 0.046210 
0.418496 0.984365 0.462022 
0.051912 0.007983 0.491768 
0.013679 0.013679 0.958962 0.013679 
0.250000 0.250000 0.250000 0.250000 
  13
0.529592 0.007652 0.046210 
0.418496 0.984365 0.462022 
0.051912 0.007983 0.491768 
0.958962 0.013679 0.013679 0.013679 
0.250000 0.250000 0.250000 0.250000 
  14
0.529592 0.007652 0.046210 
0.418496 0.984365 0.462022 
0.051912 0.007983 0.491768 
0.013679 0.013679 0.013679 0.958962 
0.250000 0.250000 0.250000 0.250000 
  15
0.517396 0.007652 0.046210 
0.430692 0.984365 0.462022 
0.052553 0.007970 0.491768 
0.020277 0.013640 0.013640 0.952444 
0.250000 0.250000 0.250000 0.250000 
  16
0.523784 0.007640 0.046210 
0.423663 0.984390 0.462022 
0.052553 0.007970 0.491768 
0.013640 0.959081 0.013640 0.013640 
0.250000 0.250000 0.250000 0.250000 
  17
0.523784 0.007640 0.046210 
0.423663 0.984390 0.462022 
0.052553 0.007970 0.491768 
0.013640 0.013640 0.959081 0.013640 
0.250000 0.250000 0.250000 0.250000 
  18
0.523784 0.007640 0.046210 
0.423663 0.984390 0.462022 
0.052553 0.007970 0.491768 
0.013640 0.013640 0.088073 0.884648 
0.250000 0.250000 0.250000 0.250000 
  19
0.511836 0.007640 0.046210 
0.435611 0.984390 0.462022 
0.053189 0.007958 0.491768 
0.013602 0.013602 0.013602 0.959195 
0.250000 0.250000 0.250000 0.250000 
  20
0.518025 0.007628 0.046210 
0.428786 0.984414 0.462022 
0.053189 0.007958 0.491768 
0.013602 0.013602 0.013602 0.959195 
0.250000 0.250000 0.250000 0.250000 
  21
0.518025 0.007628 0.046210 
0.428786 0.984414 0.462022 
0.053189 0.007958 0.491768 
0.016875 0.955922 0.013602 0.013602 
0.250000 0.250000 0.250000 0.250000 
  22
0.518025 0.007628 0.046210 
0.428786 0.984414 0.462022 
0.053189 0.007958 0.491768 
0.959195 0.013602 0.013602 0.013602 
0.250000 0.250000 0.250000 0.250000 
  23
0.518025 0.007628 0.046210 
0.428786 0.984414 0.462022 
0.053189 0.007958 0.491768 
0.013602 0.959195 0.013602 0.013602 
0.250000 0.250000 0.250000 0.250000 
  24
0.518025 0.007628 0.046210 
0.428786 0.984414 0.462022 
0.053189 0.007958 0.491768 
0.013602 0.013602 0.959195 0.013602 
0.250000 0.250000 0.250000 0.250000 
  25
0.518025 0.007628 0.046210 
0.428786 0.984414 0.462022 
0.053189 0.007958 0.491768 
0.013602 0.013602 0.017240 0.955556 
0.250000 0.250000 0.250000 0.250000 
  26
0.518025 0.007628 0.046210 
0.428786 0.984414 0.462022 
0.053189 0.007958 0.491768 
0.959195 0.013602 0.013602 0.013602 
0.250000 0.250000 0.250000 0.250000 
  27
0.518025 0.007628 0.046210 
0.428786 0.984414 0.462022 
0.053189 0.007958 0.491768 
0.013602 0.013602 0.959195 0.013602 
0.250000 0.250000 0.250000 0.250000 
  28
0.518025 0.007628 0.046210 
0.428786 0.984414 0.462022 
0.053189 0.007958 0.491768 
0.959195 0.013602 0.013602 0.013602 
0.250000 0.250000 0.250000 0.250000 
  29
0.518025 0.007628 0.046210 
0.428786 0.984414 0.462022 
0.053189 0.007958 0.491768 
0.013602 0.013602 0.023844 0.948953 
0.250000 0.250000 0.250000 0.250000 
  30
0.518025 0.007628 0.046210 
0.428786 0.984414 0.462022 
0.053189 0.007958 0.491768 
0.013602 0.013602 0.013602 0.959195 
0.250000 0.250000 0.250000 0.250000 
  31
0.518025 0.007628 0.046210 
0.428786 0.984414 0.462022 
0.053189 0.007958 0.491768 
0.013602 0.013602 0.959195 0.013602 
0.250000 0.250000 0.250000 0.250000 
  32
0.518025 0.007628 0.046210 
0.428786 0.984414 0.462022 
0.053189 0.007958 0.491768 
0.013602 0.013602 0.013602 0.959195 
0.250000 0.250000 0.250000 0.250000 
  33
0.518025 0.007628 0.046210 
0.428786 0.984414 0.462022 
0.053189 0.007958 0.491768 
0.959195 0.013602 0.013602 0.013602 
0.250000 0.250000 0.250000 0.250000 
  34
0.518025 0.007628 0.046210 
0.428786 0.984414 0.462022 
0.053189 0.007958 0.491768 
0.013602 0.013602 0.013602 0.959195 
0.250000 0.250000 0.250000 0.250000 
  35
0.518025 0.007628 0.046210 
0.428786 0.984414 0.462022 
0.053189 0.007958 0.491768 
0.013641 0.959078 0.013641 0.013641 
0.250000 0.250000 0.250000 0.250000 
  36
0.518025 0.007628 0.046210 
0.428786 0.984414 0.462022 
0.053189 0.007958 0.491768 
0.013602 0.013602 0.016700 0.956097 
0.250000 0.250000 0.250000 0.250000 
  37
0.518025 0.007628 0.046210 
0.428786 0.984414 0.462022 
0.053189 0.007958 0.491768 
0.013602 0.013602 0.959195 0.013602 
0.250000 0.250000 0.250000 0.250000 
  38
0.518025 0.007628 0.046210 
0.428786 0.984414 0.462022 
0.053189 0.007958 0.491768 
0.013602 0.013602 0.013602 0.959195 
0.250000 0.250000 0.250000 0.250000 
  39
0.518025 0.007628 0.046210 
0.428786 0.984414 0.462022 
0.053189 0.007958 0.491768 
0.013602 0.959195 0.013602 0.013602 
0.250000 0.250000 0.250000 0.250000 
  40
0.518025 0.007628 0.046210 
0.428786 0.984414 0.462022 
0.053189 0.007958 0.491768 
0.013602 0.959195 0.013602 0.013602 
0.250000 0.250000 0.250000 0.250000 
  41
0.518025 0.007628 0.046210 
0.428786 0.984414 0.462022 
0.053189 0.007958 0.491768 
0.013602 0.013602 0.013602 0.959195 
0.250000 0.250000 0.250000 0.250000 
  42
0.518025 0.007628 0.046210 
0.428786 0.984414 0.462022 
0.053189 0.007958 0.491768 
0.013602 0.013602 0.013602 0.959195 
0.250000 0.250000 0.250000 0.250000 
  43
0.518025 0.007628 0.046210 
0.428786 0.984414 0.462022 
0.053189 0.007958 0.491768 
0.013602 0.013602 0.013602 0.959195 
0.250000 0.250000 0.250000 0.250000 
  44
0.518025 0.007628 0.046210 
0.428786 0.984414 0.462022 
0.053189 0.007958 0.491768 
0.013602 0.013602 0.013602 0.959195 
0.250000 0.250000 0.250000 0.250000 
  45
0.518025 0.007628 0.046210 
0.428786 0.984414 0.462022 
0.053189 0.007958 0.491768 
0.013602 0.013602 0.953097 0.019700 
0.250000 0.250000 0.250000 0.250000 
  46
0.518025 0.007628 0.046210 
0.428786 0.984414 0.462022 
0.053189 0.007958 0.491768 
0.019821 0.952976 0.013602 0.013602 
0.250000 0.250000 0.250000 0.250000 
  47
0.518025 0.007628 0.046210 
0.428786 0.984414 0.462022 
0.053189 0.007958 0.491768 
0.013602 0.013602 0.959195 0.013602 
0.250000 0.250000 0.250000 0.250000 
  48
0.518025 0.007628 0.046210 
0.428786 0.984414 0.462022 
0.053189 0.007958 0.491768 
0.013602 0.013602 0.013602 0.959195 
0.250000 0.250000 0.250000 0.250000 
  49
0.444574 0.007628 0.046210 
0.502237 0.984414 0.462022 
0.057405 0.007884 0.491768 
0.013375 0.013375 0.959875 0.013375 
0.250000 0.250000 0.250000 0.250000 
  50
0.479817 0.007557 0.046210 
0.462778 0.984558 0.462022 
0.057405 0.007884 0.491768 
0.959875 0.013375 0.013375 0.013375 
0.250000 0.250000 0.250000 0.250000 
  51
0.479817 0.007557 0.046210 
0.462778 0.984558 0.462022 
0.057405 0.007884 0.491768 
0.959875 0.013375 0.013375 0.013375 
0.250000 0.250000 0.250000 0.250000 
  52
0.479817 0.007557 0.046210 
0.462778 0.984558 0.462022 
0.057405 0.007884 0.491768 
0.956851 0.016399 0.013375 0.013375 
0.250000 0.250000 0.250000 0.250000 
  53
0.479817 0.007557 0.046210 
0.462778 0.984558 0.462022 
0.057405 0.007884 0.491768 
0.959875 0.013375 0.013375 0.013375 
0.250000 0.250000 0.250000 0.250000 
  54
0.479817 0.007557 0.046210 
0.462778 0.984558 0.462022 
0.057405 0.007884 0.491768 
0.959875 0.013375 0.013375 0.013375 
0.250000 0.250000 0.250000 0.250000 
  55
0.479817 0.007557 0.046210 
0.462778 0.984558 0.462022 
0.057405 0.007884 0.491768 
0.950251 0.016260 0.017045 0.016444 
0.250000 0.250000 0.250000 0.250000 
  56
0.479817 0.007557 0.046210 
0.462778 0.984558 0.462022 
0.057405 0.007884 0.491768 
0.013375 0.013375 0.013375 0.959875 
0.250000 0.250000 0.250000 0.250000 
  57
0.479817 0.007557 0.046210 
0.462778 0.984558 0.462022 
0.057405 0.007884 0.491768 
0.016703 0.013375 0.013375 0.956548 
0.250000 0.250000 0.250000 0.250000 
  58
0.479817 0.007557 0.046210 
0.462778 0.984558 0.462022 
0.057405 0.007884 0.491768 
0.013375 0.013375 0.959875 0.013375 
0.250000 0.250000 0.250000 0.250000 
  59
0.479817 0.007557 0.046210 
0.462778 0.984558 0.462022 
0.057405 0.007884 0.491768 
0.013375 0.013375 0.959875 0.013375 
0.250000 0.250000 0.250000 0.250000 
  60
0.479817 0.007557 0.046210 
0.462778 0.984558 0.462022 
0.057405 0.007884 0.491768 
0.013375 0.013375 0.013375 0.959875 
0.250000 0.250000 0.250000 0.250000 
  61
0.479817 0.007557 0.046210 
0.462778 0.984558 0.462022 
0.057405 0.007884 0.491768 
0.016398 0.956852 0.013375 0.013375 
0.250000 0.250000 0.250000 0.250000 
  62
0.479817 0.007557 0.046210 
0.462778 0.984558 0.462022 
0.057405 0.007884 0.491768 
0.025764 0.947487 0.013375 0.013375 
0.250000 0.250000 0.250000 0.250000 
  63
0.479817 0.007557 0.046210 
0.462778 0.984558 0.462022 
0.057405 0.007884 0.491768 
0.947415 0.025835 0.013375 0.013375 
0.250000 0.250000 0.250000 0.250000 
  64
0.479817 0.007557 0.046210 
0.462778 0.984558 0.462022 
0.057405 0.007884 0.491768 
0.953689 0.019561 0.013375 0.013375 
0.250000 0.250000 0.250000 0.250000 
  65
0.479817 0.007557 0.046210 
0.462778 0.984558 0.462022 
0.057405 0.007884 0.491768 
0.959875 0.013375 0.013375 0.013375 
0.250000 0.250000 0.250000 0.250000 
  66
0.479817 0.007557 0.046210 
0.462778 0.984558 0.462022 
0.057405 0.007884 0.491768 
0.013375 0.013375 0.013375 0.959875 
0.250000 0.250000 0.250000 0.250000 
  67
0.479817 0.007557 0.046210 
0.462778 0.984558 0.462022 
0.057405 0.007884 0.491768 
0.013375 0.959875 0.013375 0.013375 
0.250000 0.250000 0.250000 0.250000 
  68
0.479817 0.007557 0.046210 
0.462778 0.984558 0.462022 
0.057405 0.007884 0.491768 
0.959875 0.013375 0.013375 0.013375 
0.250000 0.250000 0.250000 0.250000 
  69
0.479817 0.007557 0.046210 
0.462778 0.984558 0.462022 
0.057405 0.007884 0.491768 
0.016419 0.013375 0.956831 0.013375 
0.250000 0.250000 0.250000 0.250000 
  70
0.479817 0.007557 0.046210 
0.462778 0.984558 0.462022 
0.057405 0.007884 0.491768 
0.959875 0.013375 0.013375 0.013375 
0.250000 0.250000 0.250000 0.250000 
  71
0.479817 0.007557 0.046210 
0.462778 0.984558 0.462022 
0.057405 0.007884 0.491768 
0.959875 0.013375 0.013375 0.013375 
0.250000 0.250000 0.250000 0.250000 
  72
0.479817 0.007557 0.046210 
0.462778 0.984558 0.462022 
0.057405 0.007884 0.491768 
0.013375 0.013375 0.016538 0.956713 
0.250000 0.250000 0.250000 0.250000 
  73
0.479817 0.007557 0.046210 
0.462778 0.984558 0.462022 
0.057405 0.007884 0.491768 
0.959875 0.013375 0.013375 0.013375 
0.250000 0.250000 0.250000 0.250000 
  74
0.479817 0.007557 0.046210 
0.462778 0.984558 0.462022 
0.057405 0.007884 0.491768 
0.019237 0.954013 0.013375 0.013375 
0.250000 0.250000 0.250000 0.250000 
  75
0.479817 0.007557 0.046210 
0.462778 0.984558 0.462022 
0.057405 0.007884 0.491768 
0.013375 0.013375 0.959875 0.013375 
0.250000 0.250000 0.250000 0.250000 
  76
0.479817 0.007557 0.046210 
0.462778 0.984558 0.462022 
0.057405 0.007884 0.491768 
0.959875 0.013375 0.013375 0.013375 
0.250000 0.250000 0.250000 0.250000 
  77
0.479817 0.007557 0.046210 
0.462778 0.984558 0.462022 
0.057405 0.007884 0.491768 
0.016399 0.013375 0.956851 0.013375 
0.250000 0.250000 0.250000 0.250000 
  78
0.479817 0.007557 0.046210 
0.462778 0.984558 0.462022 
0.057405 0.007884 0.491768 
0.019562 0.947851 0.013375 0.019212 
0.250000 0.250000 0.250000 0.250000 
  79
0.479817 0.007557 0.046210 
0.462778 0.984558 0.462022 
0.057405 0.007884 0.491768 
0.013375 0.959875 0.013375 0.013375 
0.250000 0.250000 0.250000 0.250000 
  80
0.479817 0.007557 0.046210 
0.462778 0.984558 0.462022 
0.057405 0.007884 0.491768 
0.013375 0.013375 0.959875 0.013375 
0.250000 0.250000 0.250000 0.250000 
  81
0.479817 0.007557 0.046210 
0.462778 0.984558 0.462022 
0.057405 0.007884 0.491768 
0.959875 0.013375 0.013375 0.013375 
0.250000 0.250000 0.250000 0.250000 
  82
0.479817 0.007557 0.046210 
0.462778 0.984558 0.462022 
0.057405 0.007884 0.491768 
0.959875 0.013375 0.013375 0.013375 
0.250000 0.250000 0.250000 0.250000 
  83
0.479817 0.007557 0.046210 
0.462778 0.984558 0.462022 
0.057405 0.007884 0.491768 
0.013375 0.013375 0.959875 0.013375 
0.250000 0.250000 0.250000 0.250000 
  84
0.479817 0.007557 0.046210 
0.462778 0.984558 0.462022 
0.057405 0.007884 0.491768 
0.013375 0.959875 0.013375 0.013375 
0.250000 0.250000 0.250000 0.250000 
  85
0.479817 0.007557 0.046210 
0.462778 0.984558 0.462022 
0.057405 0.007884 0.491768 
0.013375 0.013375 0.959875 0.013375 
0.250000 0.250000 0.250000 0.250000 
  86
0.479817 0.007557 0.046210 
0.462778 0.984558 0.462022 
0.057405 0.007884 0.491768 
0.013375 0.013375 0.013375 0.959875 
0.250000 0.250000 0.250000 0.250000 
  87
0.479817 0.007557 0.046210 
0.462778 0.984558 0.462022 
0.057405 0.007884 0.491768 
0.013375 0.959875 0.013375 0.013375 
0.250000 0.250000 0.250000 0.250000 
  88
0.479817 0.007557 0.046210 
0.462778 0.984558 0.462022 
0.057405 0.007884 0.491768 
0.013375 0.013375 0.013375 0.959875 
0.250000 0.250000 0.250000 0.250000 
  89
0.479817 0.007557 0.046210 
0.462778 0.984558 0.462022 
0.057405 0.007884 0.491768 
0.013375 0.959875 0.013375 0.013375 
0.250000 0.250000 0.250000 0.250000 
  90
0.479817 0.007557 0.046210 
0.462778 0.984558 0.462022 
0.057405 0.007884 0.491768 
0.013375 0.013375 0.959875 0.013375 
0.250000 0.250000 0.250000 0.250000 
  91
0.479817 0.007557 0.046210 
0.462778 0.984558 0.462022 
0.057405 0.007884 0.491768 
0.013375 0.013375 0.959875 0.013375 
0.250000 0.250000 0.250000 0.250000 
  92
0.479817 0.007557 0.046210 
0.462778 0.984558 0.462022 
0.057405 0.007884 0.491768 
0.013375 0.013375 0.013375 0.959875 
0.250000 0.250000 0.250000 0.250000 
  93
0.479817 0.007557 0.046210 
0.462778 0.984558 0.462022 
0.057405 0.007884 0.491768 
0.013375 0.013375 0.013375 0.959875 
0.250000 0.250000 0.250000 0.250000 
  94
0.479817 0.007557 0.046210 
0.462778 0.984558 0.462022 
0.057405 0.007884 0.491768 
0.013375 0.959875 0.013375 0.013375 
0.250000 0.250000 0.250000 0.250000 
  95
0.479817 0.007557 0.046210 
0.462778 0.984558 0.462022 
0.057405 0.007884 0.491768 
0.013375 0.959875 0.013375 0.013375 
0.250000 0.250000 0.250000 0.250000 
  96
0.479817 0.007557 0.046210 
0.462778 0.984558 0.462022 
0.057405 0.007884 0.491768 
0.013375 0.959875 0.013375 0.013375 
0.250000 0.250000 0.250000 0.250000 
  97
0.479817 0.007557 0.046210 
0.462778 0.984558 0.462022 
0.057405 0.007884 0.491768 
0.013375 0.013375 0.959875 0.013375 
0.250000 0.250000 0.250000 0.250000 
  98
0.479817 0.007557 0.046210 
0.462778 0.984558 0.462022 
0.057405 0.007884 0.491768 
0.959875 0.013375 0.013375 0.013375 
0.250000 0.250000 0.250000 0.250000 
  99
0.479817 0.007557 0.046210 
0.462778 0.984558 0.462022 
0.057405 0.007884 0.491768 
0.013375 0.013375 0.953162 0.020088 
0.250000 0.250000 0.250000 0.250000 
 100
0.479817 0.007557 0.046210 
0.462778 0.984558 0.462022 
0.057405 0.007884 0.491768 
0.013375 0.013375 0.959875 0.013375 
0.250000 0.250000 0.250000 0.250000 
 101
0.479817 0.007557 0.046210 
0.462778 0.984558 0.462022 
0.057405 0.007884 0.491768 
0.959875 0.013375 0.013375 0.013375 
0.250000 0.250000 0.250000 0.250000 
 102
0.479817 0.007557 0.046210 
0.462778 0.984558 0.462022 
0.057405 0.007884 0.491768 
0.013375 0.013375 0.013375 0.959875 
0.250000 0.250000 0.250000 0.250000 
 103
0.479817 0.007557 0.046210 
0.462778 0.984558 0.462022 
0.057405 0.007884 0.491768 
0.013375 0.959875 0.013375 0.013375 
0.250000 0.250000 0.250000 0.250000 
 104
0.479817 0.007557 0.046210 
0.462778 0.984558 0.462022 
0.057405 0.007884 0.491768 
0.013375 0.013375 0.959875 0.013375 
0.250000 0.250000 0.250000 0.250000 
 105
0.479817 0.007557 0.046210 
0.462778 0.984558 0.462022 
0.057405 0.007884 0.491768 
0.959875 0.013375 0.013375 0.013375 
0.250000 0.250000 0.250000 0.250000 
 106
0.479817 0.007557 0.046210 
0.462778 0.984558 0.462022 
0.057405 0.007884 0.491768 
0.013375 0.959875 0.013375 0.013375 
0.250000 0.250000 0.250000 0.250000 
 107
0.479817 0.007557 0.046210 
0.462778 0.984558 0.462022 
0.057405 0.007884 0.491768 
0.013375 0.013375 0.013375 0.959875 
0.250000 0.250000 0.250000 0.250000 
 108
0.479817 0.007557 0.046210 
0.462778 0.984558 0.462022 
0.057405 0.007884 0.491768 
0.956851 0.016399 0.013375 0.013375 
0.250000 0.250000 0.250000 0.250000 
 109
0.479817 0.007557 0.046210 
0.462778 0.984558 0.462022 
0.057405 0.007884 0.491768 
0.013375 0.013375 0.959875 0.013375 
0.250000 0.250000 0.250000 0.250000 
 110
0.479817 0.007557 0.046210 
0.462778 0.984558 0.462022 
0.057405 0.007884 0.491768 
0.013375 0.013375 0.959875 0.013375 
0.250000 0.250000 0.250000 0.250000 
 111
0.479817 0.007557 0.046210 
0.462778 0.984558 0.462022 
0.057405 0.007884 0.491768 
0.959875 0.013375 0.013375 0.013375 
0.250000 0.250000 0.250000 0.250000 
 112
0.479817 0.007557 0.046210 
0.462778 0.984558 0.462022 
0.057405 0.007884 0.491768 
0.959875 0.013375 0.013375 0.013375 
0.250000 0.250000 0.250000 0.250000 
 113
0.479817 0.007557 0.046210 
0.462778 0.984558 0.462022 
0.057405 0.007884 0.491768 
0.959875 0.013375 0.013375 0.013375 
0.250000 0.250000 0.250000 0.250000 
 114
0.479817 0.007557 0.046210 
0.462778 0.984558 0.462022 
0.057405 0.007884 0.491768 
0.013375 0.013375 0.959875 0.013375 
0.250000 0.250000 0.250000 0.250000 
 115
0.479817 0.007557 0.046210 
0.462778 0.984558 0.462022 
0.057405 0.007884 0.491768 
0.013375 0.959875 0.013375 0.013375 
0.250000 0.250000 0.250000 0.250000 
 116
0.479817 0.007557 0.046210 
0.462778 0.984558 0.462022 
0.057405 0.007884 0.491768 
0.013375 0.959875 0.013375 0.013375 
0.250000 0.250000 0.250000 0.250000 
 117
0.479817 0.007557 0.046210 
0.462778 0.984558 0.462022 
0.057405 0.007884 0.491768 
0.959875 0.013375 0.013375 0.013375 
0.250000 0.250000 0.250000 0.250000 
 118
0.479817 0.007557 0.046210 
0.462778 0.984558 0.462022 
0.057405 0.007884 0.491768 
0.959875 0.013375 0.013375 0.013375 
0.250000 0.250000 0.250000 0.250000 
 119
0.479817 0.007557 0.046210 
0.462778 0.984558 0.462022 
0.057405 0.007884 0.491768 
0.013375 0.013375 0.959875 0.013375 
0.250000 0.250000 0.250000 0.250000 
 120
0.479817 0.007557 0.046210 
0.462778 0.984558 0.462022 
0.057405 0.007884 0.491768 
0.016584 0.952864 0.013375 0.017176 
0.250000 0.250000 0.250000 0.250000 
 121
0.479817 0.007557 0.046210 
0.462778 0.984558 0.462022 
0.057405 0.007884 0.491768 
0.950781 0.022469 0.013375 0.013375 
0.250000 0.250000 0.250000 0.250000 
 122
0.479817 0.007557 0.046210 
0.462778 0.984558 0.462022 
0.057405 0.007884 0.491768 
0.013375 0.013375 0.013375 0.959875 
0.250000 0.250000 0.250000 0.250000 
 123
0.479817 0.007557 0.046210 
0.462778 0.984558 0.462022 
0.057405 0.007884 0.491768 
0.959754 0.013415 0.013415 0.013415 
0.250000 0.250000 0.250000 0.250000 
 124
0.479817 0.007557 0.046210 
0.462778 0.984558 0.462022 
0.057405 0.007884 0.491768 
0.013375 0.959875 0.013375 0.013375 
0.250000 0.250000 0.250000 0.250000 
 125
0.479817 0.007557 0.046210 
0.462778 0.984558 0.462022 
0.057405 0.007884 0.491768 
0.013375 0.013375 0.013375 0.959875 
0.250000 0.250000 0.250000 0.250000 
 126
0.479817 0.007557 0.046210 
0.462778 0.984558 0.462022 
0.057405 0.007884 0.491768 
0.013375 0.959875 0.013375 0.013375 
0.250000 0.250000 0.250000 0.250000 
 127
0.479817 0.007557 0.046210 
0.462778 0.984558 0.462022 
0.057405 0.007884 0.491768 
0.959875 0.013375 0.013375 0.013375 
0.250000 0.250000 0.250000 0.250000 
 128
0.479817 0.007557 0.046210 
0.462778 0.984558 0.462022 
0.057405 0.007884 0.491768 
0.950588 0.019721 0.016317 0.013375 
0.250000 0.250000 0.250000 0.250000 
 129
0.479817 0.007557 0.046210 
0.462778 0.984558 0.462022 
0.057405 0.007884 0.491768 
0.959875 0.013375 0.013375 0.013375 
0.250000 0.250000 0.250000 0.250000 
 130
0.479817 0.007557 0.046210 
0.462778 0.984558 0.462022 
0.057405 0.007884 0.491768 
0.956851 0.016399 0.013375 0.013375 
0.250000 0.250000 0.250000 0.250000 
 131
0.479817 0.007557 0.046210 
0.462778 0.984558 0.462022 
0.057405 0.007884 0.491768 
0.013375 0.013375 0.959875 0.013375 
0.250000 0.250000 0.250000 0.250000 
 132
0.479817 0.007557 0.046210 
0.462778 0.984558 0.462022 
0.057405 0.007884 0.491768 
0.953444 0.019807 0.013375 0.013375 
0.250000 0.250000 0.250000 0.250000 
 133
0.479817 0.007557 0.046210 
0.462778 0.984558 0.462022 
0.057405 0.007884 0.491768 
0.959875 0.013375 0.013375 0.013375 
0.250000 0.250000 0.250000 0.250000 
 134
0.479817 0.007557 0.046210 
0.462778 0.984558 0.462022 
0.057405 0.007884 0.491768 
0.013375 0.013375 0.013375 0.959875 
0.250000 0.250000 0.250000 0.250000 
 135
0.479817 0.007557 0.046210 
0.462778 0.984558 0.462022 
0.057405 0.007884 0.491768 
0.016399 0.013375 0.956851 0.013375 
0.250000 0.250000 0.250000 0.250000 
 136
0.479817 0.007557 0.046210 
0.462778 0.984558 0.462022 
0.057405 0.007884 0.491768 
0.959875 0.013375 0.013375 0.013375 
0.250000 0.250000 0.250000 0.250000 
 137
0.479817 0.007557 0.046210 
0.462778 0.984558 0.462022 
0.057405 0.007884 0.491768 
0.013375 0.013375 0.959875 0.013375 
0.250000 0.250000 0.250000 0.250000 
 138
0.479817 0.007557 0.046210 
0.462778 0.984558 0.462022 
0.057405 0.007884 0.491768 
0.366218 0.604101 0.013375 0.016306 
0.250000 0.250000 0.250000 0.250000 
 139
0.479817 0.007557 0.046210 
0.462778 0.984558 0.462022 
0.057405 0.007884 0.491768 
0.956159 0.013375 0.013375 0.017091 
0.250000 0.250000 0.250000 0.250000 
 140
0.479817 0.007557 0.046210 
0.462778 0.984558 0.462022 
0.057405 0.007884 0.491768 
0.952909 0.020342 0.013375 0.013375 
0.250000 0.250000 0.250000 0.250000 
 141
0.479817 0.007557 0.046210 
0.462778 0.984558 0.462022 
0.057405 0.007884 0.491768 
0.013375 0.013375 0.019511 0.953739 
0.250000 0.250000 0.250000 0.250000 
 142
0.479817 0.007557 0.046210 
0.462778 0.984558 0.462022 
0.057405 0.007884 0.491768 
0.013375 0.959875 0.013375 0.013375 
0.250000 0.250000 0.250000 0.250000 
 143
0.479817 0.007557 0.046210 
0.462778 0.984558 0.462022 
0.057405 0.007884 0.491768 
0.959875 0.013375 0.013375 0.013375 
0.250000 0.250000 0.250000 0.250000 
 144
0.479817 0.007557 0.046210 
0.462778 0.984558 0.462022 
0.057405 0.007884 0.491768 
0.013375 0.013375 0.959875 0.013375 
0.250000 0.250000 0.250000 0.250000 
 145
0.479817 0.007557 0.046210 
0.462778 0.984558 0.462022 
0.057405 0.007884 0.491768 
0.013375 0.013375 0.959875 0.013375 
0.250000 0.250000 0.250000 0.250000 
 146
0.479817 0.007557 0.046210 
0.462778 0.984558 0.462022 
0.057405 0.007884 0.491768 
0.021968 0.951283 0.013375 0.013375 
0.250000 0.250000 0.250000 0.250000 
 147
0.479817 0.007557 0.046210 
0.462778 0.984558 0.462022 
0.057405 0.007884 0.491768 
0.953535 0.019715 0.013375 0.013375 
0.250000 0.250000 0.250000 0.250000 
 148
0.479817 0.007557 0.046210 
0.462778 0.984558 0.462022 
0.057405 0.007884 0.491768 
0.959875 0.013375 0.013375 0.013375 
0.250000 0.250000 0.250000 0.250000 
 149
0.479817 0.007557 0.046210 
0.462778 0.984558 0.462022 
0.057405 0.007884 0.491768 
0.013375 0.013375 0.013375 0.959875 
0.250000 0.250000 0.250000 0.250000 
 150
0.479817 0.007557 0.046210 
0.462778 0.984558 0.462022 
0.057405 0.007884 0.491768 
0.013375 0.013375 0.016547 0.956703 
0.250000 0.250000 0.250000 0.250000 
 151
0.479817 0.007557 0.046210 
0.462778 0.984558 0.462022 
0.057405 0.007884 0.491768 
0.013375 0.959875 0.013375 0.013375 
0.250000 0.250000 0.250000 0.250000 
 152
0.479817 0.007557 0.046210 
0.462778 0.984558 0.462022 
0.057405 0.007884 0.491768 
0.959875 0.013375 0.013375 0.013375 
0.250000 0.250000 0.250000 0.250000 
 153
0.479817 0.007557 0.046210 
0.462778 0.984558 0.462022 
0.057405 0.007884 0.491768 
0.950733 0.022517 0.013375 0.013375 
0.250000 0.250000 0.250000 0.250000 
 154
0.479817 0.007557 0.046210 
0.462778 0.984558 0.462022 
0.057405 0.007884 0.491768 
0.013375 0.959875 0.013375 0.013375 
0.250000 0.250000 0.250000 0.250000 
 155
0.479817 0.007557 0.046210 
0.462778 0.984558 0.462022 
0.057405 0.007884 0.491768 
0.013375 0.013375 0.013375 0.959875 
0.250000 0.250000 0.250000 0.250000 
 156
0.479817 0.007557 0.046210 
0.462778 0.984558 0.462022 
0.057405 0.007884 0.491768 
0.013375 0.013375 0.026177 0.947073 
0.250000 0.250000 0.250000 0.250000 
 157
0.479817 0.007557 0.046210 
0.462778 0.984558 0.462022 
0.057405 0.007884 0.491768 
0.959875 0.013375 0.013375 0.013375 
0.250000 0.250000 0.250000 0.250000 
 158
0.479817 0.007557 0.046210 
0.462778 0.984558 0.462022 
0.057405 0.007884 0.491768 
0.013375 0.013375 0.959875 0.013375 
0.250000 0.250000 0.250000 0.250000 
 159
0.479817 0.007557 0.046210 
0.462778 0.984558 0.462022 
0.057405 0.007884 0.491768 
0.013375 0.013375 0.013375 0.959875 
0.250000 0.250000 0.250000 0.250000 
 160
0.479817 0.007557 0.046210 
0.462778 0.984558 0.462022 
0.057405 0.007884 0.491768 
0.959875 0.013375 0.013375 0.013375 
0.250000 0.250000 0.250000 0.250000 
 161
0.479817 0.007557 0.046210 
0.462778 0.984558 0.462022 
0.057405 0.007884 0.491768 
0.959875 0.013375 0.013375 0.013375 
0.250000 0.250000 0.250000 0.250000 
 162
0.479817 0.007557 0.046210 
0.462778 0.984558 0.462022 
0.057405 0.007884 0.491768 
0.013375 0.013375 0.016641 0.956609 
0.250000 0.250000 0.250000 0.250000 
 163
0.479817 0.007557 0.046210 
0.462778 0.984558 0.462022 
0.057405 0.007884 0.491768 
0.013375 0.959875 0.013375 0.013375 
0.250000 0.250000 0.250000 0.250000 
 164
0.479817 0.007557 0.046210 
0.462778 0.984558 0.462022 
0.057405 0.007884 0.491768 
0.013375 0.013375 0.959875 0.013375 
0.250000 0.250000 0.250000 0.250000 
 165
0.479817 0.007557 0.046210 
0.462778 0.984558 0.462022 
0.057405 0.007884 0.491768 
0.013375 0.013375 0.033726 0.939524 
0.250000 0.250000 0.250000 0.250000 
 166
0.479817 0.007557 0.046210 
0.462778 0.984558 0.462022 
0.057405 0.007884 0.491768 
0.959875 0.013375 0.013375 0.013375 
0.250000 0.250000 0.250000 0.250000 
 167
0.479817 0.007557 0.046210 
0.462778 0.984558 0.462022 
0.057405 0.007884 0.491768 
0.013375 0.013375 0.959875 0.013375 
0.250000 0.250000 0.250000 0.250000 
 168
0.479817 0.007557 0.046210 
0.462778 0.984558 0.462022 
0.057405 0.007884 0.491768 
0.016584 0.013375 0.020342 0.949700 
0.250000 0.250000 0.250000 0.250000 
 169
0.479817 0.007557 0.046210 
0.462778 0.984558 0.462022 
0.057405 0.007884 0.491768 
0.013375 0.959875 0.013375 0.013375 
0.250000 0.250000 0.250000 0.250000 
 170
0.479817 0.007557 0.046210 
0.462778 0.984558 0.462022 
0.057405 0.007884 0.491768 
0.959875 0.013375 0.013375 0.013375 
0.250000 0.250000 0.250000 0.250000 
 171
0.479817 0.007557 0.046210 
0.462778 0.984558 0.462022 
0.057405 0.007884 0.491768 
0.013375 0.959875 0.013375 0.013375 
0.250000 0.250000 0.250000 0.250000 
 172
0.479817 0.007557 0.046210 
0.462778 0.984558 0.462022 
0.057405 0.007884 0.491768 
0.013375 0.013375 0.916079 0.057172 
0.250000 0.250000 0.250000 0.250000 
 173
0.479817 0.007557 0.046210 
0.462778 0.984558 0.462022 
0.057405 0.007884 0.491768 
0.013375 0.013375 0.013375 0.959875 
0.250000 0.250000 0.250000 0.250000 
 174
0.479817 0.007557 0.046210 
0.462778 0.984558 0.462022 
0.057405 0.007884 0.491768 
0.016837 0.956413 0.013375 0.013375 
0.250000 0.250000 0.250000 0.250000 
 175
0.479817 0.007557 0.046210 
0.462778 0.984558 0.462022 
0.057405 0.007884 0.491768 
0.013375 0.959875 0.013375 0.013375 
0.250000 0.250000 0.250000 0.250000 
 176
0.479817 0.007557 0.046210 
0.462778 0.984558 0.462022 
0.057405 0.007884 0.491768 
0.013375 0.013375 0.013375 0.959875 
0.250000 0.250000 0.250000 0.250000 
 177
0.479817 0.007557 0.046210 
0.462778 0.984558 0.462022 
0.057405 0.007884 0.491768 
0.013375 0.013375 0.013375 0.959875 
0.250000 0.250000 0.250000 0.250000 
 178
0.479817 0.007557 0.046210 
0.462778 0.984558 0.462022 
0.057405 0.007884 0.491768 
0.013375 0.013375 0.959875 0.013375 
0.250000 0.250000 0.250000 0.250000 
 179
0.479817 0.007557 0.046210 
0.462778 0.984558 0.462022 
0.057405 0.007884 0.491768 
0.959875 0.013375 0.013375 0.013375 
0.250000 0.250000 0.250000 0.250000 
 180
0.479817 0.007557 0.046210 
0.462778 0.984558 0.462022 
0.057405 0.007884 0.491768 
0.013412 0.959765 0.013412 0.013412 
0.250000 0.250000 0.250000 0.250000 
 181
0.479817 0.007557 0.046210 
0.462778 0.984558 0.462022 
0.057405 0.007884 0.491768 
0.959875 0.013375 0.013375 0.013375 
0.250000 0.250000 0.250000 0.250000 
 182
0.479817 0.007557 0.046210 
0.462778 0.984558 0.462022 
0.057405 0.007884 0.491768 
0.956084 0.017166 0.013375 0.013375 
0.250000 0.250000 0.250000 0.250000 
 183
0.479817 0.007557 0.046210 
0.462778 0.984558 0.462022 
0.057405 0.007884 0.491768 
0.013375 0.013375 0.013375 0.959875 
0.250000 0.250000 0.250000 0.250000 
 184
0.479817 0.007557 0.046210 
0.462778 0.984558 0.462022 
0.057405 0.007884 0.491768 
0.013375 0.013375 0.013375 0.959875 
0.250000 0.250000 0.250000 0.250000 
 185
0.479817 0.007557 0.046210 
0.462778 0.984558 0.462022 
0.057405 0.007884 0.491768 
0.013375 0.013375 0.959875 0.013375 
0.250000 0.250000 0.250000 0.250000 
 186
0.479817 0.007557 0.046210 
0.462778 0.984558 0.462022 
0.057405 0.007884 0.491768 
0.013375 0.013375 0.959875 0.013375 
0.250000 0.250000 0.250000 0.250000 
 187
0.479817 0.007557 0.046210 
0.462778 0.984558 0.462022 
0.057405 0.007884 0.491768 
0.013375 0.013375 0.013375 0.959875 
0.250000 0.250000 0.250000 0.250000 
 188
0.479817 0.007557 0.046210 
0.462778 0.984558 0.462022 
0.057405 0.007884 0.491768 
0.013375 0.013375 0.959875 0.013375 
0.250000 0.250000 0.250000 0.250000 
 189
0.479817 0.007557 0.046210 
0.462778 0.984558 0.462022 
0.057405 0.007884 0.491768 
0.959875 0.013375 0.013375 0.013375 
0.250000 0.250000 0.250000 0.250000 
 190
0.479817 0.007557 0.046210 
0.462778 0.984558 0.462022 
0.057405 0.007884 0.491768 
0.959875 0.013375 0.013375 0.013375 
0.250000 0.250000 0.250000 0.250000 
 191
0.479817 0.007557 0.046210 
0.462778 0.984558 0.462022 
0.057405 0.007884 0.491768 
0.013375 0.013375 0.013375 0.959875 
0.250000 0.250000 0.250000 0.250000 
 192
0.479817 0.007557 0.046210 
0.462778 0.984558 0.462022 
0.057405 0.007884 0.491768 
0.959875 0.013375 0.013375 0.013375 
0.250000 0.250000 0.250000 0.250000 
 193
0.479817 0.007557 0.046210 
0.462778 0.984558 0.462022 
0.057405 0.007884 0.491768 
0.013375 0.959875 0.013375 0.013375 
0.250000 0.250000 0.250000 0.250000 
 194
0.479817 0.007557 0.046210 
0.462778 0.984558 0.462022 
0.057405 0.007884 0.491768 
0.013375 0.959875 0.013375 0.013375 
0.250000 0.250000 0.250000 0.250000 
 195
0.479817 0.007557 0.046210 
0.462778 0.984558 0.462022 
0.057405 0.007884 0.491768 
0.013375 0.013375 0.013375 0.959875 
0.250000 0.250000 0.250000 0.250000 
 196
0.479817 0.007557 0.046210 
0.462778 0.984558 0.462022 
0.057405 0.007884 0.491768 
0.013375 0.959875 0.013375 0.013375 
0.250000 0.250000 0.250000 0.250000 
 197
0.479817 0.007557 0.046210 
0.462778 0.984558 0.462022 
0.057405 0.007884 0.491768 
0.959875 0.013375 0.013375 0.013375 
0.250000 0.250000 0.250000 0.250000 
 198
0.479817 0.007557 0.046210 
0.462778 0.984558 0.462022 
0.057405 0.007884 0.491768 
0.959875 0.013375 0.013375 0.013375 
0.250000 0.250000 0.250000 0.250000 
 199
0.479817 0.007557 0.046210 
0.462778 0.984558 0.462022 
0.057405 0.007884 0.491768 
0.959875 0.013375 0.013375 0.013375 
0.250000 0.250000 0.250000 0.250000 
 200
0.479817 0.007557 0.046210 
0.462778 0.984558 0.462022 
0.057405 0.007884 0.491768 
0.013375 0.013375 0.013375 0.959875 
0.250000 0.250000 0.250000 0.250000 
 201
0.479817 0.007557 0.046210 
0.462778 0.984558 0.462022 
0.057405 0.007884 0.491768 
0.953965 0.013375 0.019285 0.013375 
0.250000 0.250000 0.250000 0.250000 
 202
0.479817 0.007557 0.046210 
0.462778 0.984558 0.462022 
0.057405 0.007884 0.491768 
0.013375 0.013375 0.013375 0.959875 
0.250000 0.250000 0.250000 0.250000 
 203
0.479817 0.007557 0.046210 
0.462778 0.984558 0.462022 
0.057405 0.007884 0.491768 
0.013375 0.959875 0.013375 0.013375 
0.250000 0.250000 0.250000 0.250000 
 204
0.479817 0.007557 0.046210 
0.462778 0.984558 0.462022 
0.057405 0.007884 0.491768 
0.013375 0.013375 0.959875 0.013375 
0.250000 0.250000 0.250000 0.250000 
 205
0.479817 0.007557 0.046210 
0.462778 0.984558 0.462022 
0.057405 0.007884 0.491768 
0.016703 0.956548 0.013375 0.013375 
0.250000 0.250000 0.250000 0.250000 
 206
0.479817 0.007557 0.046210 
0.462778 0.984558 0.462022 
0.057405 0.007884 0.491768 
0.959875 0.013375 0.013375 0.013375 
0.250000 0.250000 0.250000 0.250000 
 207
0.479817 0.007557 0.046210 
0.462778 0.984558 0.462022 
0.057405 0.007884 0.491768 
0.013375 0.013375 0.959875 0.013375 
0.250000 0.250000 0.250000 0.250000 
 208
0.479817 0.007557 0.046210 
0.462778 0.984558 0.462022 
0.057405 0.007884 0.491768 
0.959875 0.013375 0.013375 0.013375 
0.250000 0.250000 0.250000 0.250000 
 209
0.479817 0.007557 0.046210 
0.462778 0.984558 0.462022 
0.057405 0.007884 0.491768 
0.013375 0.959875 0.013375 0.013375 
0.250000 0.250000 0.250000 0.250000 
 210
0.479817 0.007557 0.046210 
0.462778 0.984558 0.462022 
0.057405 0.007884 0.491768 
0.013375 0.013375 0.016837 0.956413 
0.250000 0.250000 0.250000 0.250000 
 211
0.479817 0.007557 0.046210 
0.462778 0.984558 0.462022 
0.057405 0.007884 0.491768 
0.013375 0.013375 0.959875 0.013375 
0.250000 0.250000 0.250000 0.250000 
 212
0.479817 0.007557 0.046210 
0.462778 0.984558 0.462022 
0.057405 0.007884 0.491768 
0.013375 0.013375 0.959875 0.013375 
0.250000 0.250000 0.250000 0.250000 
 213
0.479817 0.007557 0.046210 
0.462778 0.984558 0.462022 
0.057405 0.007884 0.491768 
0.013375 0.013375 0.020113 0.953137 
0.250000 0.250000 0.250000 0.250000 
 214
0.479817 0.007557 0.046210 
0.462778 0.984558 0.462022 
0.057405 0.007884 0.491768 
0.013375 0.013375 0.959875 0.013375 
0.250000 0.250000 0.250000 0.250000 
 215
0.479817 0.007557 0.046210 
0.462778 0.984558 0.462022 
0.057405 0.007884 0.491768 
0.959875 0.013375 0.013375 0.013375 
0.250000 0.250000 0.250000 0.250000 
 216
0.479817 0.007557 0.046210 
0.462778 0.984558 0.462022 
0.057405 0.007884 0.491768 
0.013375 0.013375 0.016592 0.956658 
0.250000 0.250000 0.250000 0.250000 
 217
0.479817 0.007557 0.046210 
0.462778 0.984558 0.462022 
0.057405 0.007884 0.491768 
0.013375 0.013375 0.959875 0.013375 
0.250000 0.250000 0.250000 0.250000 
 218
0.479817 0.007557 0.046210 
0.462778 0.984558 0.462022 
0.057405 0.007884 0.491768 
0.945030 0.022128 0.013375 0.019467 
0.250000 0.250000 0.250000 0.250000 
 219
0.479817 0.007557 0.046210 
0.462778 0.984558 0.462022 
0.057405 0.007884 0.491768 
0.013412 0.959765 0.013412 0.013412 
0.250000 0.250000 0.250000 0.250000 
 220
0.479817 0.007557 0.046210 
0.462778 0.984558 0.462022 
0.057405 0.007884 0.491768 
0.953704 0.019547 0.013375 0.013375 
0.250000 0.250000 0.250000 0.250000 
 221
0.479817 0.007557 0.046210 
0.462778 0.984558 0.462022 
0.057405 0.007884 0.491768 
0.013375 0.013375 0.013375 0.959875 
0.250000 0.250000 0.250000 0.250000 
 222
0.479817 0.007557 0.046210 
0.462778 0.984558 0.462022 
0.057405 0.007884 0.491768 
0.013375 0.013375 0.956381 0.016869 
0.250000 0.250000 0.250000 0.250000 
 223
0.479817 0.007557 0.046210 
0.462778 0.984558 0.462022 
0.057405 0.007884 0.491768 
0.013375 0.013375 0.959875 0.013375 
0.250000 0.250000 0.250000 0.250000 
 224
0.479817 0.007557 0.046210 
0.462778 0.984558 0.462022 
0.057405 0.007884 0.491768 
0.013375 0.013375 0.013375 0.959875 
0.250000 0.250000 0.250000 0.250000 
 225
0.479817 0.007557 0.046210 
0.462778 0.984558 0.462022 
0.057405 0.007884 0.491768 
0.013375 0.013375 0.013375 0.959875 
0.250000 0.250000 0.250000 0.250000 
 226
0.479817 0.007557 0.046210 
0.462778 0.984558 0.462022 
0.057405 0.007884 0.491768 
0.013375 0.959875 0.013375 0.013375 
0.250000 0.250000 0.250000 0.250000 
 227
0.479817 0.007557 0.046210 
0.462778 0.984558 0.462022 
0.057405 0.007884 0.491768 
0.959875 0.013375 0.013375 0.013375 
0.250000 0.250000 0.250000 0.250000 
 228
0.479817 0.007557 0.046210 
0.462778 0.984558 0.462022 
0.057405 0.007884 0.491768 
0.013375 0.013375 0.013375 0.959875 
0.250000 0.250000 0.250000 0.250000 
 229
0.479817 0.007557 0.046210 
0.462778 0.984558 0.462022 
0.057405 0.007884 0.491768 
0.013375 0.959875 0.013375 0.013375 
0.250000 0.250000 0.250000 0.250000 
 230
0.479817 0.007557 0.046210 
0.462778 0.984558 0.462022 
0.057405 0.007884 0.491768 
0.013375 0.959875 0.013375 0.013375 
0.250000 0.250000 0.250000 0.250000 
 231
0.479817 0.007557 0.046210 
0.462778 0.984558 0.462022 
0.057405 0.007884 0.491768 
0.945172 0.028079 0.013375 0.013375 
0.250000 0.250000 0.250000 0.250000 
 232
0.479817 0.007557 0.046210 
0.462778 0.984558 0.462022 
0.057405 0.007884 0.491768 
0.017058 0.956119 0.013412 0.013412 
0.250000 0.250000 0.250000 0.250000 
 233
0.479817 0.007557 0.046210 
0.462778 0.984558 0.462022 
0.057405 0.007884 0.491768 
0.956482 0.016768 0.013375 0.013375 
0.250000 0.250000 0.250000 0.250000 
 234
0.479817 0.007557 0.046210 
0.462778 0.984558 0.462022 
0.057405 0.007884 0.491768 
0.954079 0.019171 0.013375 0.013375 
0.250000 0.250000 0.250000 0.250000 
 235
0.479817 0.007557 0.046210 
0.462778 0.984558 0.462022 
0.057405 0.007884 0.491768 
0.959875 0.013375 0.013375 0.013375 
