%  SAM: /scicomp/home-pure/vfn4/Tools/label-dev/LABEL_RES/scripts/modelfromalign_Linux v3.5 (July 15, 2005) compiled 12/08/06_16:15:55
%  (c) 1992-2001 Regents of the University of California, Santa Cruz
%
%          Sequence Alignment and Modeling Software System
%         http://www.cse.ucsc.edu/research/compbio/sam.html
%
% ----------------- Citations (SAM, SAM-T2K, HMMs) --------------------
% R. Hughey, A. Krogh, Hidden Markov models for sequence analysis:
%  Extension and analysis of the basic method, CABIOS 12:95-107, 1996.
% K. Karplus, et al., What is the value added by human intervention in protein
%  structure prediction, Proteins: Stucture, Function, Genetics 45(S5):86--91, 2001.
% A. Krogh et al., Hidden Markov models in computational biology:
%  Applications to protein modeling, JMB 235:1501-1531, Feb 1994.
% ---------------------------------------------------------------------
%  2.3.4.4b_hmm   Host: node232.hpc.biotech.cdc.gov    Mon Apr  3 11:02:26 2023
%  vfn4           Dir:  /scicomp/home-pure/vfn4/fluA/H5/c-2344/c-2344ab/c-2344abL2/c-2344b
% ---------------------------------------------------------------------
%  Alignment weights from internal calc.  Total (63.73) Max (0.39) Min (0.01)
%  Weights from alignment method 1 (karplus), b=-1.000000, e=0.500000
MODEL --  Model from alignment file /scicomp/home-pure/vfn4/Tools/label-dev/LABEL_RES/training_data/c2344ab/c-2344abL2/c-2344b/2.3.4.4b.fasta
alphabet DNA
FREQAVE
0.000000 0.000000 0.000000 
0.000000 0.000000 0.000000 
0.000000 0.000000 0.000000 
0.344663 0.231792 0.187638 0.235907 
0.344663 0.231792 0.187638 0.235907 
Begin
0.000000 0.000000 0.000000 
0.000000 0.000000 0.000000 
0.000000 0.003334 0.491768 
0.250000 0.250000 0.250000 0.250000 
0.250000 0.250000 0.250000 0.250000 
   1
0.000000 0.163702 0.046210 
0.000000 0.832964 0.462022 
0.013488 0.003971 0.491768 
0.984690 0.004814 0.005681 0.004814 
0.250000 0.250000 0.250000 0.250000 
   2
0.871563 0.003807 0.046210 
0.114948 0.992222 0.462022 
0.013573 0.003965 0.491768 
0.004805 0.004805 0.004805 0.985586 
0.250000 0.250000 0.250000 0.250000 
   3
0.876090 0.003801 0.046210 
0.110337 0.992234 0.462022 
0.013585 0.003964 0.491768 
0.004803 0.985590 0.004803 0.004803 
0.250000 0.250000 0.250000 0.250000 
   4
0.876897 0.003800 0.046210 
0.109518 0.992236 0.462022 
0.013585 0.003964 0.491768 
0.011553 0.978840 0.004803 0.004803 
0.250000 0.250000 0.250000 0.250000 
   5
0.874440 0.003800 0.046210 
0.111975 0.992236 0.462022 
0.013619 0.003962 0.491768 
0.983920 0.006481 0.004799 0.004799 
0.250000 0.250000 0.250000 0.250000 
   6
0.872066 0.003798 0.046210 
0.114315 0.992240 0.462022 
0.013681 0.003957 0.491768 
0.014733 0.975117 0.004794 0.005357 
0.250000 0.250000 0.250000 0.250000 
   7
0.874543 0.003793 0.046210 
0.111777 0.992249 0.462022 
0.013701 0.003956 0.491768 
0.983191 0.007226 0.004791 0.004791 
0.250000 0.250000 0.250000 0.250000 
   8
0.872449 0.003792 0.046210 
0.113850 0.992252 0.462022 
0.013748 0.003953 0.491768 
0.973079 0.016065 0.006070 0.004785 
0.250000 0.250000 0.250000 0.250000 
   9
0.872672 0.003789 0.046210 
0.113581 0.992258 0.462022 
0.013786 0.003950 0.491768 
0.056048 0.004783 0.933318 0.005851 
0.250000 0.250000 0.250000 0.250000 
  10
0.871655 0.003786 0.046210 
0.114559 0.992264 0.462022 
0.013833 0.003947 0.491768 
0.984335 0.004776 0.005636 0.005253 
0.250000 0.250000 0.250000 0.250000 
  11
0.866879 0.003961 0.046210 
0.119288 0.992092 0.462022 
0.013931 0.003940 0.491768 
0.005558 0.004766 0.009448 0.980228 
0.250000 0.250000 0.250000 0.250000 
  12
0.872136 0.003777 0.046210 
0.113933 0.992283 0.462022 
0.013954 0.003939 0.491768 
0.976560 0.013352 0.004763 0.005325 
0.250000 0.250000 0.250000 0.250000 
  13
0.857901 0.003775 0.046210 
0.128145 0.992286 0.462022 
0.014176 0.003924 0.491768 
0.015666 0.973458 0.005139 0.005737 
0.250000 0.250000 0.250000 0.250000 
  14
0.865675 0.003761 0.046210 
0.120150 0.992315 0.462022 
0.014259 0.003918 0.491768 
0.004732 0.004732 0.008516 0.982020 
0.250000 0.250000 0.250000 0.250000 
  15
0.869295 0.003756 0.046210 
0.116445 0.992326 0.462022 
0.014281 0.003917 0.491768 
0.709822 0.280717 0.004731 0.004731 
0.250000 0.250000 0.250000 0.250000 
  16
0.868034 0.003932 0.046210 
0.117685 0.992151 0.462022 
0.014306 0.003915 0.491768 
0.006100 0.004729 0.977951 0.011220 
0.250000 0.250000 0.250000 0.250000 
  17
0.866820 0.003753 0.046210 
0.118874 0.992331 0.462022 
0.014357 0.003912 0.491768 
0.004722 0.004722 0.005931 0.984625 
0.250000 0.250000 0.250000 0.250000 
  18
0.868952 0.003750 0.046210 
0.116690 0.992338 0.462022 
0.014371 0.003911 0.491768 
0.178138 0.005485 0.007956 0.808421 
0.250000 0.250000 0.250000 0.250000 
  19
0.869777 0.003749 0.046210 
0.115852 0.992339 0.462022 
0.014371 0.003911 0.491768 
0.011555 0.004721 0.975919 0.007805 
0.250000 0.250000 0.250000 0.250000 
  20
0.869111 0.003749 0.046210 
0.116518 0.992339 0.462022 
0.014380 0.003911 0.491768 
0.004720 0.005724 0.005198 0.984359 
0.250000 0.250000 0.250000 0.250000 
  21
0.868962 0.003749 0.046210 
0.116658 0.992341 0.462022 
0.014391 0.003910 0.491768 
0.004719 0.004719 0.006220 0.984342 
0.250000 0.250000 0.250000 0.250000 
  22
0.869595 0.003748 0.046210 
0.116014 0.992342 0.462022 
0.014391 0.003910 0.491768 
0.005200 0.004719 0.981977 0.008105 
0.250000 0.250000 0.250000 0.250000 
  23
0.869595 0.003748 0.046210 
0.116014 0.992342 0.462022 
0.014391 0.003910 0.491768 
0.006213 0.004719 0.004719 0.984349 
0.250000 0.250000 0.250000 0.250000 
  24
0.867228 0.003748 0.046210 
0.118381 0.992342 0.462022 
0.014425 0.003908 0.491768 
0.005651 0.005127 0.011691 0.977531 
0.250000 0.250000 0.250000 0.250000 
  25
0.869286 0.003746 0.046210 
0.116289 0.992346 0.462022 
0.014425 0.003908 0.491768 
0.007132 0.980925 0.004716 0.007228 
0.250000 0.250000 0.250000 0.250000 
  26
0.862716 0.003746 0.046210 
0.122859 0.992346 0.462022 
0.014520 0.003902 0.491768 
0.005210 0.006700 0.982989 0.005101 
0.250000 0.250000 0.250000 0.250000 
  27
0.868421 0.004544 0.046210 
0.117058 0.991554 0.462022 
0.014469 0.003905 0.491768 
0.979852 0.007505 0.006707 0.005937 
0.250000 0.250000 0.250000 0.250000 
  28
0.862090 0.003743 0.046210 
0.123441 0.992351 0.462022 
0.014568 0.003899 0.491768 
0.976896 0.009576 0.007537 0.005990 
0.250000 0.250000 0.250000 0.250000 
  29
0.867987 0.003738 0.046210 
0.117445 0.992363 0.462022 
0.014568 0.003899 0.491768 
0.005263 0.004702 0.088081 0.901954 
0.250000 0.250000 0.250000 0.250000 
  30
0.862691 0.003738 0.046210 
0.122741 0.992363 0.462022 
0.014646 0.003894 0.491768 
0.977333 0.011734 0.006237 0.004696 
0.250000 0.250000 0.250000 0.250000 
  31
0.866532 0.003733 0.046210 
0.118822 0.992373 0.462022 
0.014657 0.003894 0.491768 
0.031752 0.956529 0.004694 0.007026 
0.250000 0.250000 0.250000 0.250000 
  32
0.865643 0.003732 0.046210 
0.119700 0.992374 0.462022 
0.014680 0.003892 0.491768 
0.004692 0.006232 0.009547 0.979530 
0.250000 0.250000 0.250000 0.250000 
  33
0.866292 0.003731 0.046210 
0.119029 0.992377 0.462022 
0.014690 0.003892 0.491768 
0.005252 0.008793 0.016489 0.969466 
0.250000 0.250000 0.250000 0.250000 
  34
0.860751 0.003731 0.046210 
0.124559 0.992378 0.462022 
0.014780 0.003886 0.491768 
0.968137 0.021245 0.004682 0.005936 
0.250000 0.250000 0.250000 0.250000 
  35
0.866066 0.003725 0.046210 
0.119154 0.992388 0.462022 
0.014780 0.003886 0.491768 
0.014531 0.974379 0.005477 0.005613 
0.250000 0.250000 0.250000 0.250000 
  36
0.866066 0.003725 0.046210 
0.119154 0.992388 0.462022 
0.014780 0.003886 0.491768 
0.004684 0.004684 0.982156 0.008477 
0.250000 0.250000 0.250000 0.250000 
  37
0.866066 0.003725 0.046210 
0.119154 0.992388 0.462022 
0.014780 0.003886 0.491768 
0.005749 0.004682 0.984372 0.005196 
0.250000 0.250000 0.250000 0.250000 
  38
0.866066 0.003725 0.046210 
0.119154 0.992388 0.462022 
0.014780 0.003886 0.491768 
0.004682 0.004682 0.004682 0.985953 
0.250000 0.250000 0.250000 0.250000 
  39
0.866066 0.003725 0.046210 
0.119154 0.992388 0.462022 
0.014780 0.003886 0.491768 
0.033664 0.006848 0.005702 0.953786 
0.250000 0.250000 0.250000 0.250000 
  40
0.863416 0.003725 0.046210 
0.121804 0.992388 0.462022 
0.014820 0.003884 0.491768 
0.008054 0.981902 0.005365 0.004679 
0.250000 0.250000 0.250000 0.250000 
  41
0.865710 0.003723 0.046210 
0.119471 0.992393 0.462022 
0.014820 0.003884 0.491768 
0.004680 0.006003 0.011594 0.977723 
0.250000 0.250000 0.250000 0.250000 
  42
0.862878 0.003723 0.046210 
0.122302 0.992393 0.462022 
0.014862 0.003882 0.491768 
0.006258 0.006208 0.020689 0.966845 
0.250000 0.250000 0.250000 0.250000 
  43
0.865328 0.003901 0.046210 
0.119810 0.992217 0.462022 
0.014850 0.003882 0.491768 
0.971251 0.015604 0.008469 0.004676 
0.250000 0.250000 0.250000 0.250000 
  44
0.862816 0.003721 0.046210 
0.122334 0.992396 0.462022 
0.014889 0.003880 0.491768 
0.976577 0.013393 0.004673 0.005358 
0.250000 0.250000 0.250000 0.250000 
  45
0.855271 0.003719 0.046210 
0.129840 0.992401 0.462022 
0.015036 0.003872 0.491768 
0.975771 0.013238 0.005900 0.005091 
0.250000 0.250000 0.250000 0.250000 
  46
0.861856 0.003711 0.046210 
0.123108 0.992417 0.462022 
0.015065 0.003870 0.491768 
0.975493 0.015192 0.004657 0.004657 
0.250000 0.250000 0.250000 0.250000 
  47
0.863489 0.003710 0.046210 
0.121446 0.992420 0.462022 
0.015065 0.003870 0.491768 
0.005896 0.984789 0.004657 0.004657 
0.250000 0.250000 0.250000 0.250000 
  48
0.860422 0.003710 0.046210 
0.124513 0.992420 0.462022 
0.015111 0.003868 0.491768 
0.004653 0.006195 0.005902 0.983249 
0.250000 0.250000 0.250000 0.250000 
  49
0.307202 0.003707 0.046210 
0.677687 0.992425 0.462022 
0.034024 0.003451 0.491768 
0.004507 0.987433 0.004030 0.004030 
0.250000 0.250000 0.250000 0.250000 
  50
0.691689 0.003308 0.046210 
0.274287 0.993241 0.462022 
0.034024 0.003451 0.491768 
0.987102 0.004030 0.004838 0.004030 
0.250000 0.250000 0.250000 0.250000 
  51
0.684054 0.003308 0.046210 
0.281922 0.993241 0.462022 
0.034286 0.003449 0.491768 
0.004027 0.004027 0.008408 0.983539 
0.250000 0.250000 0.250000 0.250000 
  52
0.544696 0.003306 0.046210 
0.421019 0.993246 0.462022 
0.040082 0.003406 0.491768 
0.005253 0.003967 0.986813 0.003967 
0.250000 0.250000 0.250000 0.250000 
  53
0.636789 0.003265 0.046210 
0.323129 0.993328 0.462022 
0.040082 0.003406 0.491768 
0.986579 0.005023 0.004430 0.003967 
0.250000 0.250000 0.250000 0.250000 
  54
0.632647 0.003265 0.046210 
0.327270 0.993328 0.462022 
0.040249 0.003405 0.491768 
0.053158 0.938516 0.003965 0.004361 
0.250000 0.250000 0.250000 0.250000 
  55
0.591844 0.003264 0.046210 
0.367907 0.993330 0.462022 
0.042077 0.003395 0.491768 
0.987554 0.003949 0.004548 0.003949 
0.250000 0.250000 0.250000 0.250000 
  56
0.618718 0.003254 0.046210 
0.339206 0.993351 0.462022 
0.042077 0.003395 0.491768 
0.003949 0.003949 0.003949 0.988152 
0.250000 0.250000 0.250000 0.250000 
  57
0.618718 0.003254 0.046210 
0.339206 0.993351 0.462022 
0.042077 0.003395 0.491768 
0.004951 0.003950 0.005480 0.985619 
0.250000 0.250000 0.250000 0.250000 
  58
0.565472 0.003254 0.046210 
0.392451 0.993351 0.462022 
0.044443 0.003383 0.491768 
0.003932 0.005521 0.004456 0.986092 
0.250000 0.250000 0.250000 0.250000 
  59
0.597274 0.003242 0.046210 
0.358282 0.993375 0.462022 
0.044443 0.003383 0.491768 
0.003932 0.986616 0.005521 0.003932 
0.250000 0.250000 0.250000 0.250000 
  60
0.597274 0.003242 0.046210 
0.358282 0.993375 0.462022 
0.044443 0.003383 0.491768 
0.003932 0.003932 0.985768 0.006369 
0.250000 0.250000 0.250000 0.250000 
  61
0.565789 0.003242 0.046210 
0.389768 0.993375 0.462022 
0.045888 0.003376 0.491768 
0.985641 0.004688 0.005749 0.003922 
0.250000 0.250000 0.250000 0.250000 
  62
0.584182 0.003236 0.046210 
0.369930 0.993389 0.462022 
0.045888 0.003376 0.491768 
0.005319 0.003922 0.003922 0.986838 
0.250000 0.250000 0.250000 0.250000 
  63
0.584182 0.003236 0.046210 
0.369930 0.993389 0.462022 
0.045888 0.003376 0.491768 
0.004372 0.003922 0.004463 0.987243 
0.250000 0.250000 0.250000 0.250000 
  64
0.577065 0.003236 0.046210 
0.377047 0.993389 0.462022 
0.046217 0.003374 0.491768 
0.003920 0.988241 0.003920 0.003920 
0.250000 0.250000 0.250000 0.250000 
  65
0.581202 0.003234 0.046210 
0.372582 0.993391 0.462022 
0.046217 0.003374 0.491768 
0.003920 0.988241 0.003920 0.003920 
0.250000 0.250000 0.250000 0.250000 
  66
0.581202 0.003234 0.046210 
0.372582 0.993391 0.462022 
0.046217 0.003374 0.491768 
0.004446 0.004225 0.006667 0.984662 
0.250000 0.250000 0.250000 0.250000 
  67
0.581202 0.003234 0.046210 
0.372582 0.993391 0.462022 
0.046217 0.003374 0.491768 
0.003920 0.003920 0.003920 0.988241 
0.250000 0.250000 0.250000 0.250000 
  68
0.581202 0.003234 0.046210 
0.372582 0.993391 0.462022 
0.046217 0.003374 0.491768 
0.987365 0.003920 0.004434 0.004282 
0.250000 0.250000 0.250000 0.250000 
  69
0.581202 0.003234 0.046210 
0.372582 0.993391 0.462022 
0.046217 0.003374 0.491768 
0.003920 0.003920 0.973015 0.019146 
0.250000 0.250000 0.250000 0.250000 
  70
0.581202 0.003234 0.046210 
0.372582 0.993391 0.462022 
0.046217 0.003374 0.491768 
0.003920 0.003920 0.987161 0.005000 
0.250000 0.250000 0.250000 0.250000 
  71
0.581202 0.003234 0.046210 
0.372582 0.993391 0.462022 
0.046217 0.003374 0.491768 
0.988241 0.003920 0.003920 0.003920 
0.250000 0.250000 0.250000 0.250000 
  72
0.581202 0.003234 0.046210 
0.372582 0.993391 0.462022 
0.046217 0.003374 0.491768 
0.004275 0.003920 0.011549 0.980256 
0.250000 0.250000 0.250000 0.250000 
  73
0.581202 0.003234 0.046210 
0.372582 0.993391 0.462022 
0.046217 0.003374 0.491768 
0.003920 0.988241 0.003920 0.003920 
0.250000 0.250000 0.250000 0.250000 
  74
0.581202 0.003234 0.046210 
0.372582 0.993391 0.462022 
0.046217 0.003374 0.491768 
0.003920 0.003920 0.988241 0.003920 
0.250000 0.250000 0.250000 0.250000 
  75
0.581202 0.003234 0.046210 
0.372582 0.993391 0.462022 
0.046217 0.003374 0.491768 
0.979138 0.011375 0.004261 0.005227 
0.250000 0.250000 0.250000 0.250000 
  76
0.564529 0.003234 0.046210 
0.389254 0.993391 0.462022 
0.047000 0.003371 0.491768 
0.988256 0.003915 0.003915 0.003915 
0.250000 0.250000 0.250000 0.250000 
  77
0.574101 0.003231 0.046210 
0.378899 0.993398 0.462022 
0.047000 0.003371 0.491768 
0.988256 0.003915 0.003915 0.003915 
0.250000 0.250000 0.250000 0.250000 
  78
0.574101 0.003231 0.046210 
0.378899 0.993398 0.462022 
0.047000 0.003371 0.491768 
0.003916 0.003916 0.960590 0.031578 
0.250000 0.250000 0.250000 0.250000 
  79
0.574101 0.003231 0.046210 
0.378899 0.993398 0.462022 
0.047000 0.003371 0.491768 
0.987295 0.003915 0.004876 0.003915 
0.250000 0.250000 0.250000 0.250000 
  80
0.574101 0.003231 0.046210 
0.378899 0.993398 0.462022 
0.047000 0.003371 0.491768 
0.987295 0.004876 0.003915 0.003915 
0.250000 0.250000 0.250000 0.250000 
  81
0.574101 0.003231 0.046210 
0.378899 0.993398 0.462022 
0.047000 0.003371 0.491768 
0.003915 0.005191 0.329861 0.661033 
0.250000 0.250000 0.250000 0.250000 
  82
0.566858 0.003231 0.046210 
0.386141 0.993398 0.462022 
0.047343 0.003369 0.491768 
0.003912 0.003912 0.003912 0.988263 
0.250000 0.250000 0.250000 0.250000 
  83
0.570994 0.003230 0.046210 
0.381663 0.993401 0.462022 
0.047343 0.003369 0.491768 
0.003912 0.005494 0.983233 0.007361 
0.250000 0.250000 0.250000 0.250000 
  84
0.570994 0.003230 0.046210 
0.381663 0.993401 0.462022 
0.047343 0.003369 0.491768 
0.014804 0.974683 0.003912 0.006600 
0.250000 0.250000 0.250000 0.250000 
  85
0.570994 0.003230 0.046210 
0.381663 0.993401 0.462022 
0.047343 0.003369 0.491768 
0.985943 0.004651 0.005494 0.003912 
0.250000 0.250000 0.250000 0.250000 
  86
0.570994 0.003230 0.046210 
0.381663 0.993401 0.462022 
0.047343 0.003369 0.491768 
0.003912 0.003912 0.988263 0.003912 
0.250000 0.250000 0.250000 0.250000 
  87
0.570994 0.003230 0.046210 
0.381663 0.993401 0.462022 
0.047343 0.003369 0.491768 
0.985830 0.004932 0.004603 0.004635 
0.250000 0.250000 0.250000 0.250000 
  88
0.568648 0.003230 0.046210 
0.384009 0.993401 0.462022 
0.047455 0.003369 0.491768 
0.005043 0.986626 0.004419 0.003912 
0.250000 0.250000 0.250000 0.250000 
  89
0.569985 0.003229 0.046210 
0.382560 0.993402 0.462022 
0.047455 0.003369 0.491768 
0.988265 0.003912 0.003912 0.003912 
0.250000 0.250000 0.250000 0.250000 
  90
0.569985 0.003229 0.046210 
0.382560 0.993402 0.462022 
0.047455 0.003369 0.491768 
0.065143 0.924966 0.005493 0.004398 
0.250000 0.250000 0.250000 0.250000 
  91
0.569985 0.003229 0.046210 
0.382560 0.993402 0.462022 
0.047455 0.003369 0.491768 
0.021104 0.003913 0.971070 0.003913 
0.250000 0.250000 0.250000 0.250000 
  92
0.569985 0.003229 0.046210 
0.382560 0.993402 0.462022 
0.047455 0.003369 0.491768 
0.986083 0.004262 0.003912 0.005743 
0.250000 0.250000 0.250000 0.250000 
  93
0.569985 0.003229 0.046210 
0.382560 0.993402 0.462022 
0.047455 0.003369 0.491768 
0.714334 0.277385 0.003913 0.004369 
0.250000 0.250000 0.250000 0.250000 
  94
0.566560 0.003229 0.046210 
0.385985 0.993402 0.462022 
0.047618 0.003368 0.491768 
0.010447 0.981732 0.003911 0.003911 
0.250000 0.250000 0.250000 0.250000 
  95
0.568507 0.003228 0.046210 
0.383875 0.993403 0.462022 
0.047618 0.003368 0.491768 
0.003911 0.003911 0.003911 0.988268 
0.250000 0.250000 0.250000 0.250000 
  96
0.568507 0.003228 0.046210 
0.383875 0.993403 0.462022 
0.047618 0.003368 0.491768 
0.003911 0.004948 0.051482 0.939659 
0.250000 0.250000 0.250000 0.250000 
  97
0.557675 0.003228 0.046210 
0.394708 0.993403 0.462022 
0.048139 0.003366 0.491768 
0.003908 0.988277 0.003908 0.003908 
0.250000 0.250000 0.250000 0.250000 
  98
0.563782 0.003226 0.046210 
0.388079 0.993408 0.462022 
0.048139 0.003366 0.491768 
0.983959 0.008225 0.003908 0.003908 
0.250000 0.250000 0.250000 0.250000 
  99
0.563782 0.003226 0.046210 
0.388079 0.993408 0.462022 
0.048139 0.003366 0.491768 
0.003908 0.003908 0.985869 0.006316 
0.250000 0.250000 0.250000 0.250000 
 100
0.563782 0.003226 0.046210 
0.388079 0.993408 0.462022 
0.048139 0.003366 0.491768 
0.985219 0.003908 0.006965 0.003908 
0.250000 0.250000 0.250000 0.250000 
 101
0.563782 0.003226 0.046210 
0.388079 0.993408 0.462022 
0.048139 0.003366 0.491768 
0.003908 0.003908 0.988275 0.003908 
0.250000 0.250000 0.250000 0.250000 
 102
0.563782 0.003226 0.046210 
0.388079 0.993408 0.462022 
0.048139 0.003366 0.491768 
0.028502 0.963291 0.003909 0.004297 
0.250000 0.250000 0.250000 0.250000 
 103
0.563782 0.003226 0.046210 
0.388079 0.993408 0.462022 
0.048139 0.003366 0.491768 
0.987200 0.003908 0.003908 0.004985 
0.250000 0.250000 0.250000 0.250000 
 104
0.563782 0.003226 0.046210 
0.388079 0.993408 0.462022 
0.048139 0.003366 0.491768 
0.003908 0.003908 0.003908 0.988275 
0.250000 0.250000 0.250000 0.250000 
 105
0.563782 0.003226 0.046210 
0.388079 0.993408 0.462022 
0.048139 0.003366 0.491768 
0.987458 0.004726 0.003908 0.003908 
0.250000 0.250000 0.250000 0.250000 
 106
0.537531 0.003226 0.046210 
0.414330 0.993408 0.462022 
0.049437 0.003361 0.491768 
0.988300 0.003900 0.003900 0.003900 
0.250000 0.250000 0.250000 0.250000 
 107
0.552022 0.003221 0.046210 
0.398541 0.993418 0.462022 
0.049437 0.003361 0.491768 
0.003900 0.003900 0.003900 0.988300 
0.250000 0.250000 0.250000 0.250000 
 108
0.552022 0.003221 0.046210 
0.398541 0.993418 0.462022 
0.049437 0.003361 0.491768 
0.004554 0.987646 0.003900 0.003900 
0.250000 0.250000 0.250000 0.250000 
 109
0.552022 0.003221 0.046210 
0.398541 0.993418 0.462022 
0.049437 0.003361 0.491768 
0.006622 0.984503 0.004975 0.003900 
0.250000 0.250000 0.250000 0.250000 
 110
0.552022 0.003221 0.046210 
0.398541 0.993418 0.462022 
0.049437 0.003361 0.491768 
0.988300 0.003900 0.003900 0.003900 
0.250000 0.250000 0.250000 0.250000 
 111
0.552022 0.003221 0.046210 
0.398541 0.993418 0.462022 
0.049437 0.003361 0.491768 
0.981201 0.010997 0.003901 0.003901 
0.250000 0.250000 0.250000 0.250000 
 112
0.552022 0.003221 0.046210 
0.398541 0.993418 0.462022 
0.049437 0.003361 0.491768 
0.987215 0.004985 0.003900 0.003900 
0.250000 0.250000 0.250000 0.250000 
 113
0.552022 0.003221 0.046210 
0.398541 0.993418 0.462022 
0.049437 0.003361 0.491768 
0.987811 0.004389 0.003900 0.003900 
0.250000 0.250000 0.250000 0.250000 
 114
0.445418 0.003221 0.046210 
0.505145 0.993418 0.462022 
0.055336 0.003340 0.491768 
0.008389 0.983869 0.003871 0.003871 
0.250000 0.250000 0.250000 0.250000 
 115
0.498567 0.003202 0.046210 
0.446097 0.993458 0.462022 
0.055336 0.003340 0.491768 
0.987636 0.004623 0.003871 0.003871 
0.250000 0.250000 0.250000 0.250000 
 116
0.498567 0.003202 0.046210 
0.446097 0.993458 0.462022 
0.055336 0.003340 0.491768 
0.988388 0.003871 0.003871 0.003871 
0.250000 0.250000 0.250000 0.250000 
 117
0.498567 0.003202 0.046210 
0.446097 0.993458 0.462022 
0.055336 0.003340 0.491768 
0.003872 0.003872 0.955817 0.036440 
0.250000 0.250000 0.250000 0.250000 
 118
0.498567 0.003202 0.046210 
0.446097 0.993458 0.462022 
0.055336 0.003340 0.491768 
0.004420 0.987838 0.003871 0.003871 
0.250000 0.250000 0.250000 0.250000 
 119
0.498567 0.003202 0.046210 
0.446097 0.993458 0.462022 
0.055336 0.003340 0.491768 
0.003871 0.003871 0.003871 0.988388 
0.250000 0.250000 0.250000 0.250000 
 120
0.498567 0.003202 0.046210 
0.446097 0.993458 0.462022 
0.055336 0.003340 0.491768 
0.010117 0.003871 0.973839 0.012174 
0.250000 0.250000 0.250000 0.250000 
 121
0.498567 0.003202 0.046210 
0.446097 0.993458 0.462022 
0.055336 0.003340 0.491768 
0.987327 0.004931 0.003871 0.003871 
0.250000 0.250000 0.250000 0.250000 
 122
0.494121 0.003202 0.046210 
0.450543 0.993458 0.462022 
0.055583 0.003339 0.491768 
0.003870 0.003870 0.988391 0.003870 
0.250000 0.250000 0.250000 0.250000 
 123
0.496328 0.003201 0.046210 
0.448089 0.993460 0.462022 
0.055583 0.003339 0.491768 
0.004648 0.003870 0.018014 0.973468 
0.250000 0.250000 0.250000 0.250000 
 124
0.496328 0.003201 0.046210 
0.448089 0.993460 0.462022 
0.055583 0.003339 0.491768 
0.003870 0.988391 0.003870 0.003870 
0.250000 0.250000 0.250000 0.250000 
 125
0.496328 0.003201 0.046210 
0.448089 0.993460 0.462022 
0.055583 0.003339 0.491768 
0.003870 0.003870 0.004629 0.987632 
0.250000 0.250000 0.250000 0.250000 
 126
0.496328 0.003201 0.046210 
0.448089 0.993460 0.462022 
0.055583 0.003339 0.491768 
0.004307 0.003870 0.011110 0.980713 
0.250000 0.250000 0.250000 0.250000 
 127
0.496328 0.003201 0.046210 
0.448089 0.993460 0.462022 
0.055583 0.003339 0.491768 
0.987399 0.004226 0.004506 0.003870 
0.250000 0.250000 0.250000 0.250000 
 128
0.496328 0.003201 0.046210 
0.448089 0.993460 0.462022 
0.055583 0.003339 0.491768 
0.003870 0.003870 0.988391 0.003870 
0.250000 0.250000 0.250000 0.250000 
 129
0.496328 0.003201 0.046210 
0.448089 0.993460 0.462022 
0.055583 0.003339 0.491768 
0.980151 0.006663 0.009316 0.003870 
0.250000 0.250000 0.250000 0.250000 
 130
0.496328 0.003201 0.046210 
0.448089 0.993460 0.462022 
0.055583 0.003339 0.491768 
0.003870 0.003870 0.988391 0.003870 
0.250000 0.250000 0.250000 0.250000 
 131
0.496328 0.003201 0.046210 
0.448089 0.993460 0.462022 
0.055583 0.003339 0.491768 
0.986728 0.003870 0.005533 0.003870 
0.250000 0.250000 0.250000 0.250000 
 132
0.496328 0.003201 0.046210 
0.448089 0.993460 0.462022 
0.055583 0.003339 0.491768 
0.004938 0.003870 0.011038 0.980154 
0.250000 0.250000 0.250000 0.250000 
 133
0.496328 0.003201 0.046210 
0.448089 0.993460 0.462022 
0.055583 0.003339 0.491768 
0.003870 0.986744 0.003870 0.005517 
0.250000 0.250000 0.250000 0.250000 
 134
0.496328 0.003201 0.046210 
0.448089 0.993460 0.462022 
0.055583 0.003339 0.491768 
0.003870 0.004484 0.986866 0.004781 
0.250000 0.250000 0.250000 0.250000 
 135
0.496328 0.003201 0.046210 
0.448089 0.993460 0.462022 
0.055583 0.003339 0.491768 
0.004393 0.003870 0.984861 0.006876 
0.250000 0.250000 0.250000 0.250000 
 136
0.496328 0.003201 0.046210 
0.448089 0.993460 0.462022 
0.055583 0.003339 0.491768 
0.006444 0.003870 0.985817 0.003870 
0.250000 0.250000 0.250000 0.250000 
 137
0.496328 0.003201 0.046210 
0.448089 0.993460 0.462022 
0.055583 0.003339 0.491768 
0.987862 0.004398 0.003870 0.003870 
0.250000 0.250000 0.250000 0.250000 
 138
0.496328 0.003201 0.046210 
0.448089 0.993460 0.462022 
0.055583 0.003339 0.491768 
0.986783 0.005478 0.003870 0.003870 
0.250000 0.250000 0.250000 0.250000 
 139
0.496328 0.003201 0.046210 
0.448089 0.993460 0.462022 
0.055583 0.003339 0.491768 
0.006008 0.986250 0.003871 0.003871 
0.250000 0.250000 0.250000 0.250000 
 140
0.496328 0.003201 0.046210 
0.448089 0.993460 0.462022 
0.055583 0.003339 0.491768 
0.986728 0.003870 0.005533 0.003870 
0.250000 0.250000 0.250000 0.250000 
 141
0.496328 0.003201 0.046210 
0.448089 0.993460 0.462022 
0.055583 0.003339 0.491768 
0.003870 0.003870 0.987318 0.004943 
0.250000 0.250000 0.250000 0.250000 
 142
0.496328 0.003338 0.046210 
0.448089 0.993322 0.462022 
0.055434 0.003340 0.491768 
0.988389 0.003870 0.003870 0.003870 
0.250000 0.250000 0.250000 0.250000 
 143
0.497681 0.003201 0.046210 
0.446885 0.993459 0.462022 
0.055434 0.003340 0.491768 
0.003870 0.003870 0.003870 0.988389 
0.250000 0.250000 0.250000 0.250000 
 144
0.497681 0.003201 0.046210 
0.446885 0.993459 0.462022 
0.055434 0.003340 0.491768 
0.986349 0.003870 0.004247 0.005534 
0.250000 0.250000 0.250000 0.250000 
 145
0.497681 0.003201 0.046210 
0.446885 0.993459 0.462022 
0.055434 0.003340 0.491768 
0.003870 0.003870 0.984901 0.007358 
0.250000 0.250000 0.250000 0.250000 
 146
0.497681 0.003201 0.046210 
0.446885 0.993459 0.462022 
0.055434 0.003340 0.491768 
0.003870 0.003870 0.003870 0.988389 
0.250000 0.250000 0.250000 0.250000 
 147
0.497681 0.003201 0.046210 
0.446885 0.993459 0.462022 
0.055434 0.003340 0.491768 
0.014227 0.977299 0.003871 0.004603 
0.250000 0.250000 0.250000 0.250000 
 148
0.497681 0.003201 0.046210 
0.446885 0.993459 0.462022 
0.055434 0.003340 0.491768 
0.003870 0.988389 0.003870 0.003870 
0.250000 0.250000 0.250000 0.250000 
 149
0.497681 0.003201 0.046210 
0.446885 0.993459 0.462022 
0.055434 0.003340 0.491768 
0.985864 0.006392 0.003872 0.003872 
0.250000 0.250000 0.250000 0.250000 
 150
0.497681 0.003201 0.046210 
0.446885 0.993459 0.462022 
0.055434 0.003340 0.491768 
0.956777 0.035481 0.003871 0.003871 
0.250000 0.250000 0.250000 0.250000 
 151
0.497681 0.003201 0.046210 
0.446885 0.993459 0.462022 
0.055434 0.003340 0.491768 
0.988389 0.003870 0.003870 0.003870 
0.250000 0.250000 0.250000 0.250000 
 152
0.497681 0.003201 0.046210 
0.446885 0.993459 0.462022 
0.055434 0.003340 0.491768 
0.984565 0.007695 0.003870 0.003870 
0.250000 0.250000 0.250000 0.250000 
 153
0.497681 0.003201 0.046210 
0.446885 0.993459 0.462022 
0.055434 0.003340 0.491768 
0.940664 0.051595 0.003870 0.003870 
0.250000 0.250000 0.250000 0.250000 
 154
0.497681 0.003201 0.046210 
0.446885 0.993459 0.462022 
0.055434 0.003340 0.491768 
0.926492 0.065766 0.003871 0.003871 
0.250000 0.250000 0.250000 0.250000 
 155
0.497681 0.003201 0.046210 
0.446885 0.993459 0.462022 
0.055434 0.003340 0.491768 
0.004931 0.003870 0.987328 0.003870 
0.250000 0.250000 0.250000 0.250000 
 156
0.497681 0.003201 0.046210 
0.446885 0.993459 0.462022 
0.055434 0.003340 0.491768 
0.985214 0.003870 0.006630 0.004286 
0.250000 0.250000 0.250000 0.250000 
 157
0.494913 0.003201 0.046210 
0.449653 0.993459 0.462022 
0.055588 0.003339 0.491768 
0.003870 0.003870 0.988391 0.003870 
0.250000 0.250000 0.250000 0.250000 
 158
0.496287 0.003201 0.046210 
0.448125 0.993460 0.462022 
0.055588 0.003339 0.491768 
0.986091 0.003870 0.006169 0.003870 
0.250000 0.250000 0.250000 0.250000 
 159
0.496287 0.003201 0.046210 
0.448125 0.993460 0.462022 
0.055588 0.003339 0.491768 
0.003870 0.003870 0.971629 0.020632 
0.250000 0.250000 0.250000 0.250000 
 160
0.496287 0.003201 0.046210 
0.448125 0.993460 0.462022 
0.055588 0.003339 0.491768 
0.988391 0.003870 0.003870 0.003870 
0.250000 0.250000 0.250000 0.250000 
 161
0.496287 0.003201 0.046210 
0.448125 0.993460 0.462022 
0.055588 0.003339 0.491768 
0.988391 0.003870 0.003870 0.003870 
0.250000 0.250000 0.250000 0.250000 
 162
0.496287 0.003201 0.046210 
0.448125 0.993460 0.462022 
0.055588 0.003339 0.491768 
0.003870 0.003870 0.970745 0.021516 
0.250000 0.250000 0.250000 0.250000 
 163
0.496287 0.003201 0.046210 
0.448125 0.993460 0.462022 
0.055588 0.003339 0.491768 
0.004973 0.987272 0.003878 0.003878 
0.250000 0.250000 0.250000 0.250000 
 164
0.496287 0.003201 0.046210 
0.448125 0.993460 0.462022 
0.055588 0.003339 0.491768 
0.003870 0.988389 0.003870 0.003870 
0.250000 0.250000 0.250000 0.250000 
 165
0.496287 0.003201 0.046210 
0.448125 0.993460 0.462022 
0.055588 0.003339 0.491768 
0.008675 0.983584 0.003870 0.003870 
0.250000 0.250000 0.250000 0.250000 
 166
0.496287 0.003201 0.046210 
0.448125 0.993460 0.462022 
0.055588 0.003339 0.491768 
0.988389 0.003870 0.003870 0.003870 
0.250000 0.250000 0.250000 0.250000 
 167
0.496287 0.003201 0.046210 
0.448125 0.993460 0.462022 
0.055588 0.003339 0.491768 
0.987951 0.004310 0.003870 0.003870 
0.250000 0.250000 0.250000 0.250000 
 168
0.496287 0.003201 0.046210 
0.448125 0.993460 0.462022 
0.055588 0.003339 0.491768 
0.015352 0.976909 0.003870 0.003870 
0.250000 0.250000 0.250000 0.250000 
 169
0.496287 0.003201 0.046210 
0.448125 0.993460 0.462022 
0.055588 0.003339 0.491768 
0.003870 0.003870 0.988391 0.003870 
0.250000 0.250000 0.250000 0.250000 
 170
0.496287 0.003201 0.046210 
0.448125 0.993460 0.462022 
0.055588 0.003339 0.491768 
0.003870 0.003870 0.003870 0.988391 
0.250000 0.250000 0.250000 0.250000 
 171
0.496287 0.003201 0.046210 
0.448125 0.993460 0.462022 
0.055588 0.003339 0.491768 
0.004171 0.004359 0.983851 0.007619 
0.250000 0.250000 0.250000 0.250000 
 172
0.496287 0.003201 0.046210 
0.448125 0.993460 0.462022 
0.055588 0.003339 0.491768 
0.003870 0.003870 0.005434 0.986827 
0.250000 0.250000 0.250000 0.250000 
 173
0.493605 0.003201 0.046210 
0.450807 0.993460 0.462022 
0.055737 0.003339 0.491768 
0.004793 0.987469 0.003869 0.003869 
0.250000 0.250000 0.250000 0.250000 
 174
0.494933 0.003200 0.046210 
0.449330 0.993461 0.462022 
0.055737 0.003339 0.491768 
0.003870 0.003870 0.377841 0.614420 
0.250000 0.250000 0.250000 0.250000 
 175
0.494933 0.003200 0.046210 
0.449330 0.993461 0.462022 
0.055737 0.003339 0.491768 
0.006740 0.984782 0.004609 0.003869 
0.250000 0.250000 0.250000 0.250000 
 176
0.494933 0.003200 0.046210 
0.449330 0.993461 0.462022 
0.055737 0.003339 0.491768 
0.987653 0.003869 0.003869 0.004609 
0.250000 0.250000 0.250000 0.250000 
 177
0.494933 0.003200 0.046210 
0.449330 0.993461 0.462022 
0.055737 0.003339 0.491768 
0.003869 0.003869 0.006666 0.985596 
0.250000 0.250000 0.250000 0.250000 
 178
0.494933 0.003200 0.046210 
0.449330 0.993461 0.462022 
0.055737 0.003339 0.491768 
0.004261 0.003870 0.688647 0.303222 
0.250000 0.250000 0.250000 0.250000 
 179
0.494933 0.003200 0.046210 
0.449330 0.993461 0.462022 
0.055737 0.003339 0.491768 
0.003869 0.003869 0.003869 0.988393 
0.250000 0.250000 0.250000 0.250000 
 180
0.494933 0.003357 0.046210 
0.449330 0.993305 0.462022 
0.055567 0.003339 0.491768 
0.978317 0.013943 0.003870 0.003870 
0.250000 0.250000 0.250000 0.250000 
 181
0.496478 0.003201 0.046210 
0.447956 0.993460 0.462022 
0.055567 0.003339 0.491768 
0.987907 0.004353 0.003870 0.003870 
0.250000 0.250000 0.250000 0.250000 
 182
0.496478 0.003201 0.046210 
0.447956 0.993460 0.462022 
0.055567 0.003339 0.491768 
0.987598 0.004663 0.003870 0.003870 
0.250000 0.250000 0.250000 0.250000 
 183
0.496478 0.003201 0.046210 
0.447956 0.993460 0.462022 
0.055567 0.003339 0.491768 
0.003870 0.005743 0.006911 0.983476 
0.250000 0.250000 0.250000 0.250000 
 184
0.496478 0.003201 0.046210 
0.447956 0.993460 0.462022 
0.055567 0.003339 0.491768 
0.003870 0.988389 0.003870 0.003870 
0.250000 0.250000 0.250000 0.250000 
 185
0.496478 0.003201 0.046210 
0.447956 0.993460 0.462022 
0.055567 0.003339 0.491768 
0.004580 0.987681 0.003870 0.003870 
0.250000 0.250000 0.250000 0.250000 
 186
0.496478 0.003201 0.046210 
0.447956 0.993460 0.462022 
0.055567 0.003339 0.491768 
0.038429 0.953247 0.003871 0.004453 
0.250000 0.250000 0.250000 0.250000 
 187
0.496478 0.003201 0.046210 
0.447956 0.993460 0.462022 
0.055567 0.003339 0.491768 
0.003870 0.988389 0.003870 0.003870 
0.250000 0.250000 0.250000 0.250000 
 188
0.496478 0.003201 0.046210 
0.447956 0.993460 0.462022 
0.055567 0.003339 0.491768 
0.003870 0.004353 0.003870 0.987908 
0.250000 0.250000 0.250000 0.250000 
 189
0.496478 0.003201 0.046210 
0.447956 0.993460 0.462022 
0.055567 0.003339 0.491768 
0.012106 0.976967 0.003872 0.007054 
0.250000 0.250000 0.250000 0.250000 
 190
0.496478 0.003201 0.046210 
0.447956 0.993460 0.462022 
0.055567 0.003339 0.491768 
0.988391 0.003870 0.003870 0.003870 
0.250000 0.250000 0.250000 0.250000 
 191
0.496478 0.003201 0.046210 
0.447956 0.993460 0.462022 
0.055567 0.003339 0.491768 
0.982669 0.009592 0.003870 0.003870 
0.250000 0.250000 0.250000 0.250000 
 192
0.487834 0.003201 0.046210 
0.456600 0.993460 0.462022 
0.056051 0.003338 0.491768 
0.083618 0.908644 0.003869 0.003869 
0.250000 0.250000 0.250000 0.250000 
 193
0.492087 0.003200 0.046210 
0.451862 0.993463 0.462022 
0.056051 0.003338 0.491768 
0.003868 0.003868 0.988395 0.003868 
0.250000 0.250000 0.250000 0.250000 
 194
0.492087 0.003200 0.046210 
0.451862 0.993463 0.462022 
0.056051 0.003338 0.491768 
0.003868 0.003868 0.988397 0.003868 
0.250000 0.250000 0.250000 0.250000 
 195
0.492087 0.003200 0.046210 
0.451862 0.993463 0.462022 
0.056051 0.003338 0.491768 
0.043450 0.004695 0.012462 0.939393 
0.250000 0.250000 0.250000 0.250000 
 196
0.492087 0.003200 0.046210 
0.451862 0.993463 0.462022 
0.056051 0.003338 0.491768 
0.003868 0.003868 0.983879 0.008384 
0.250000 0.250000 0.250000 0.250000 
 197
0.492087 0.003200 0.046210 
0.451862 0.993463 0.462022 
0.056051 0.003338 0.491768 
0.003868 0.003868 0.003868 0.988397 
0.250000 0.250000 0.250000 0.250000 
 198
0.492087 0.003200 0.046210 
0.451862 0.993463 0.462022 
0.056051 0.003338 0.491768 
0.009890 0.978190 0.007233 0.004687 
0.250000 0.250000 0.250000 0.250000 
 199
0.492087 0.003200 0.046210 
0.451862 0.993463 0.462022 
0.056051 0.003338 0.491768 
0.908692 0.083572 0.003868 0.003868 
0.250000 0.250000 0.250000 0.250000 
 200
0.487933 0.003200 0.046210 
0.456016 0.993463 0.462022 
0.056285 0.003337 0.491768 
0.003867 0.003867 0.003867 0.988400 
0.250000 0.250000 0.250000 0.250000 
 201
0.489969 0.003199 0.046210 
0.453747 0.993464 0.462022 
0.056285 0.003337 0.491768 
0.003867 0.005100 0.006928 0.984105 
0.250000 0.250000 0.250000 0.250000 
 202
0.489969 0.003199 0.046210 
0.453747 0.993464 0.462022 
0.056285 0.003337 0.491768 
0.003867 0.003867 0.023873 0.968392 
0.250000 0.250000 0.250000 0.250000 
 203
0.489969 0.003199 0.046210 
0.453747 0.993464 0.462022 
0.056285 0.003337 0.491768 
0.003867 0.003867 0.003867 0.988400 
0.250000 0.250000 0.250000 0.250000 
 204
0.489969 0.003199 0.046210 
0.453747 0.993464 0.462022 
0.056285 0.003337 0.491768 
0.976320 0.015946 0.003867 0.003867 
0.250000 0.250000 0.250000 0.250000 
 205
0.489969 0.003199 0.046210 
0.453747 0.993464 0.462022 
0.056285 0.003337 0.491768 
0.988400 0.003867 0.003867 0.003867 
0.250000 0.250000 0.250000 0.250000 
 206
0.489969 0.003199 0.046210 
0.453747 0.993464 0.462022 
0.056285 0.003337 0.491768 
0.977802 0.014463 0.003867 0.003867 
0.250000 0.250000 0.250000 0.250000 
 207
0.489969 0.003199 0.046210 
0.453747 0.993464 0.462022 
0.056285 0.003337 0.491768 
0.012640 0.928864 0.004199 0.054297 
0.250000 0.250000 0.250000 0.250000 
 208
0.489969 0.003199 0.046210 
0.453747 0.993464 0.462022 
0.056285 0.003337 0.491768 
0.008899 0.983367 0.003867 0.003867 
0.250000 0.250000 0.250000 0.250000 
 209
0.489969 0.003199 0.046210 
0.453747 0.993464 0.462022 
0.056285 0.003337 0.491768 
0.988400 0.003867 0.003867 0.003867 
0.250000 0.250000 0.250000 0.250000 
 210
0.489969 0.003199 0.046210 
0.453747 0.993464 0.462022 
0.056285 0.003337 0.491768 
0.004398 0.003867 0.010263 0.981472 
0.250000 0.250000 0.250000 0.250000 
 211
0.489969 0.003199 0.046210 
0.453747 0.993464 0.462022 
0.056285 0.003337 0.491768 
0.003867 0.003867 0.004374 0.987892 
0.250000 0.250000 0.250000 0.250000 
 212
0.489969 0.003199 0.046210 
0.453747 0.993464 0.462022 
0.056285 0.003337 0.491768 
0.003867 0.988400 0.003867 0.003867 
0.250000 0.250000 0.250000 0.250000 
 213
0.489969 0.003199 0.046210 
0.453747 0.993464 0.462022 
0.056285 0.003337 0.491768 
0.003867 0.003867 0.010752 0.981515 
0.250000 0.250000 0.250000 0.250000 
 214
0.489969 0.003199 0.046210 
0.453747 0.993464 0.462022 
0.056285 0.003337 0.491768 
0.987113 0.005154 0.003867 0.003867 
0.250000 0.250000 0.250000 0.250000 
 215
0.487241 0.003199 0.046210 
0.456475 0.993464 0.462022 
0.056439 0.003337 0.491768 
0.003867 0.988400 0.003867 0.003867 
0.250000 0.250000 0.250000 0.250000 
 216
0.488573 0.003198 0.046210 
0.454988 0.993465 0.462022 
0.056439 0.003337 0.491768 
0.003866 0.003866 0.006447 0.985821 
0.250000 0.250000 0.250000 0.250000 
 217
0.488573 0.003198 0.046210 
0.454988 0.993465 0.462022 
0.056439 0.003337 0.491768 
0.003866 0.988402 0.003866 0.003866 
0.250000 0.250000 0.250000 0.250000 
 218
0.488573 0.003198 0.046210 
0.454988 0.993465 0.462022 
0.056439 0.003337 0.491768 
0.003866 0.003866 0.003866 0.988402 
0.250000 0.250000 0.250000 0.250000 
 219
0.488573 0.003198 0.046210 
0.454988 0.993465 0.462022 
0.056439 0.003337 0.491768 
0.980444 0.011158 0.003866 0.004532 
0.250000 0.250000 0.250000 0.250000 
 220
0.488573 0.003198 0.046210 
0.454988 0.993465 0.462022 
0.056439 0.003337 0.491768 
0.003866 0.988402 0.003866 0.003866 
0.250000 0.250000 0.250000 0.250000 
 221
0.488573 0.003198 0.046210 
0.454988 0.993465 0.462022 
0.056439 0.003337 0.491768 
0.003866 0.003866 0.988402 0.003866 
0.250000 0.250000 0.250000 0.250000 
 222
0.488573 0.003198 0.046210 
0.454988 0.993465 0.462022 
0.056439 0.003337 0.491768 
0.009343 0.007844 0.006227 0.976586 
0.250000 0.250000 0.250000 0.250000 
 223
0.488573 0.003198 0.046210 
0.454988 0.993465 0.462022 
0.056439 0.003337 0.491768 
0.003867 0.988400 0.003867 0.003867 
0.250000 0.250000 0.250000 0.250000 
 224
0.488573 0.003198 0.046210 
0.454988 0.993465 0.462022 
0.056439 0.003337 0.491768 
0.003866 0.988402 0.003866 0.003866 
0.250000 0.250000 0.250000 0.250000 
 225
0.488573 0.003198 0.046210 
0.454988 0.993465 0.462022 
0.056439 0.003337 0.491768 
0.974700 0.016390 0.004341 0.004569 
0.250000 0.250000 0.250000 0.250000 
 226
0.488573 0.003198 0.046210 
0.454988 0.993465 0.462022 
0.056439 0.003337 0.491768 
0.003866 0.003866 0.003866 0.988402 
0.250000 0.250000 0.250000 0.250000 
 227
0.488573 0.003198 0.046210 
0.454988 0.993465 0.462022 
0.056439 0.003337 0.491768 
0.003866 0.988402 0.003866 0.003866 
0.250000 0.250000 0.250000 0.250000 
 228
0.488573 0.003198 0.046210 
0.454988 0.993465 0.462022 
0.056439 0.003337 0.491768 
0.003866 0.988402 0.003866 0.003866 
0.250000 0.250000 0.250000 0.250000 
 229
0.488573 0.003198 0.046210 
0.454988 0.993465 0.462022 
0.056439 0.003337 0.491768 
0.003866 0.003866 0.983727 0.008541 
0.250000 0.250000 0.250000 0.250000 
 230
0.488573 0.003198 0.046210 
0.454988 0.993465 0.462022 
0.056439 0.003337 0.491768 
0.003866 0.003866 0.003866 0.988402 
0.250000 0.250000 0.250000 0.250000 
 231
0.488573 0.003198 0.046210 
0.454988 0.993465 0.462022 
0.056439 0.003337 0.491768 
0.003866 0.006461 0.975974 0.013699 
0.250000 0.250000 0.250000 0.250000 
 232
0.488573 0.003198 0.046210 
0.454988 0.993465 0.462022 
0.056439 0.003337 0.491768 
0.003866 0.003866 0.988402 0.003866 
0.250000 0.250000 0.250000 0.250000 
 233
0.488573 0.003198 0.046210 
0.454988 0.993465 0.462022 
0.056439 0.003337 0.491768 
0.003866 0.003866 0.003866 0.988402 
0.250000 0.250000 0.250000 0.250000 
 234
0.488573 0.003198 0.046210 
0.454988 0.993465 0.462022 
0.056439 0.003337 0.491768 
0.005038 0.003866 0.980659 0.010437 
0.250000 0.250000 0.250000 0.250000 
 235
0.488573 0.003198 0.046210 
0.454988 0.993465 0.462022 
