%  SAM: /scicomp/home/yfa9/CDC_projects/Mol_genetic_analysis/Nomenclature/B_NA_Nomenclature/All_v1/All_v1-4-revision/4_Module/label/LABEL_RES/scripts/modelfromalign_Linux v3.5 (July 15, 2005) compiled 12/08/06_16:15:55
%  (c) 1992-2001 Regents of the University of California, Santa Cruz
%
%          Sequence Alignment and Modeling Software System
%         http://www.cse.ucsc.edu/research/compbio/sam.html
%
% ----------------- Citations (SAM, SAM-T2K, HMMs) --------------------
% R. Hughey, A. Krogh, Hidden Markov models for sequence analysis:
%  Extension and analysis of the basic method, CABIOS 12:95-107, 1996.
% K. Karplus, et al., What is the value added by human intervention in protein
%  structure prediction, Proteins: Stucture, Function, Genetics 45(S5):86--91, 2001.
% A. Krogh et al., Hidden Markov models in computational biology:
%  Applications to protein modeling, JMB 235:1501-1531, Feb 1994.
% ---------------------------------------------------------------------
%  5_hmm   Host: login01.aspen.biotech.cdc.gov    Tue Oct 25 10:32:42 2016
%  yfa9    Dir:  /scicomp/home/yfa9/CDC_projects/Mol_genetic_analysis/Nomenclature/H3_Nomenclature/v_5/3_base/InfA-H3-HA-revised/c-3-4-5-6-7-VIC/c-5-6
% ---------------------------------------------------------------------
%  Alignment weights from internal calc.  Total (26.40) Max (0.14) Min (0.03)
%  Weights from alignment method 1 (karplus), b=-1.000000, e=0.500000
MODEL --  Model from alignment file /scicomp/home/yfa9/CDC_projects/Mol_genetic_analysis/Nomenclature/B_NA_Nomenclature/All_v1/All_v1-4-revision/4_Module/label/LABEL_RES/training_data/H3v2016-revision1/c-3-4-5-6-7-VIC/c-5-6/5.fasta
alphabet DNA
FREQAVE
0.000000 0.000000 0.000000 
0.000000 0.000000 0.000000 
0.000000 0.000000 0.000000 
0.338464 0.222866 0.199057 0.239613 
0.338464 0.222866 0.199057 0.239613 
Begin
0.000000 0.000000 0.000000 
0.000000 0.000000 0.000000 
0.000000 0.006266 0.491768 
0.250000 0.250000 0.250000 0.250000 
0.250000 0.250000 0.250000 0.250000 
   1
0.000000 0.041628 0.046210 
0.000000 0.952106 0.462022 
0.041465 0.006498 0.491768 
0.971030 0.009657 0.009657 0.009657 
0.250000 0.250000 0.250000 0.250000 
   2
0.624264 0.006229 0.046210 
0.334272 0.987273 0.462022 
0.041465 0.006498 0.491768 
0.009657 0.009657 0.009657 0.971030 
0.250000 0.250000 0.250000 0.250000 
   3
0.624264 0.006229 0.046210 
0.334272 0.987273 0.462022 
0.041465 0.006498 0.491768 
0.009657 0.971030 0.009657 0.009657 
0.250000 0.250000 0.250000 0.250000 
   4
0.624264 0.006229 0.046210 
0.334272 0.987273 0.462022 
0.041465 0.006498 0.491768 
0.966116 0.014571 0.009657 0.009657 
0.250000 0.250000 0.250000 0.250000 
   5
0.624264 0.006229 0.046210 
0.334272 0.987273 0.462022 
0.041465 0.006498 0.491768 
0.968907 0.011779 0.009657 0.009657 
0.250000 0.250000 0.250000 0.250000 
   6
0.624264 0.006229 0.046210 
0.334272 0.987273 0.462022 
0.041465 0.006498 0.491768 
0.012577 0.968110 0.009657 0.009657 
0.250000 0.250000 0.250000 0.250000 
   7
0.624264 0.006229 0.046210 
0.334272 0.987273 0.462022 
0.041465 0.006498 0.491768 
0.971030 0.009657 0.009657 0.009657 
0.250000 0.250000 0.250000 0.250000 
   8
0.624264 0.006229 0.046210 
0.334272 0.987273 0.462022 
0.041465 0.006498 0.491768 
0.009657 0.009657 0.971030 0.009657 
0.250000 0.250000 0.250000 0.250000 
   9
0.624264 0.006229 0.046210 
0.334272 0.987273 0.462022 
0.041465 0.006498 0.491768 
0.009657 0.009657 0.263625 0.717062 
0.250000 0.250000 0.250000 0.250000 
  10
0.599608 0.006229 0.046210 
0.358927 0.987273 0.462022 
0.042513 0.006477 0.491768 
0.968253 0.012534 0.009607 0.009607 
0.250000 0.250000 0.250000 0.250000 
  11
0.578252 0.006208 0.046210 
0.379235 0.987315 0.462022 
0.044124 0.006446 0.491768 
0.009536 0.009536 0.012592 0.968336 
0.250000 0.250000 0.250000 0.250000 
  12
0.581250 0.006179 0.046210 
0.374626 0.987375 0.462022 
0.044975 0.006431 0.491768 
0.009501 0.009501 0.971498 0.009501 
0.250000 0.250000 0.250000 0.250000 
  13
0.592457 0.006165 0.046210 
0.362568 0.987404 0.462022 
0.044975 0.006431 0.491768 
0.971498 0.009501 0.009501 0.009501 
0.250000 0.250000 0.250000 0.250000 
  14
0.556451 0.006165 0.046210 
0.398574 0.987404 0.462022 
0.046655 0.006403 0.491768 
0.009436 0.009436 0.009436 0.971692 
0.250000 0.250000 0.250000 0.250000 
  15
0.577235 0.006138 0.046210 
0.376111 0.987459 0.462022 
0.046655 0.006403 0.491768 
0.009436 0.011445 0.009436 0.969683 
0.250000 0.250000 0.250000 0.250000 
  16
0.577235 0.006138 0.046210 
0.376111 0.987459 0.462022 
0.046655 0.006403 0.491768 
0.009436 0.971692 0.009436 0.009436 
0.250000 0.250000 0.250000 0.250000 
  17
0.577235 0.006138 0.046210 
0.376111 0.987459 0.462022 
0.046655 0.006403 0.491768 
0.009436 0.009436 0.971692 0.009436 
0.250000 0.250000 0.250000 0.250000 
  18
0.577235 0.006138 0.046210 
0.376111 0.987459 0.462022 
0.046655 0.006403 0.491768 
0.011343 0.009436 0.012180 0.967041 
0.250000 0.250000 0.250000 0.250000 
  19
0.577235 0.006138 0.046210 
0.376111 0.987459 0.462022 
0.046655 0.006403 0.491768 
0.009436 0.010876 0.009436 0.970252 
0.250000 0.250000 0.250000 0.250000 
  20
0.577235 0.006138 0.046210 
0.376111 0.987459 0.462022 
0.046655 0.006403 0.491768 
0.009436 0.009436 0.009436 0.971692 
0.250000 0.250000 0.250000 0.250000 
  21
0.577235 0.006138 0.046210 
0.376111 0.987459 0.462022 
0.046655 0.006403 0.491768 
0.012806 0.965820 0.009436 0.011938 
0.250000 0.250000 0.250000 0.250000 
  22
0.577235 0.006138 0.046210 
0.376111 0.987459 0.462022 
0.046655 0.006403 0.491768 
0.971692 0.009436 0.009436 0.009436 
0.250000 0.250000 0.250000 0.250000 
  23
0.577235 0.006138 0.046210 
0.376111 0.987459 0.462022 
0.046655 0.006403 0.491768 
0.011445 0.969683 0.009436 0.009436 
0.250000 0.250000 0.250000 0.250000 
  24
0.533525 0.006860 0.046210 
0.419821 0.986736 0.462022 
0.048473 0.006375 0.491768 
0.009372 0.009372 0.969889 0.011367 
0.250000 0.250000 0.250000 0.250000 
  25
0.560760 0.006111 0.046210 
0.390767 0.987514 0.462022 
0.048473 0.006375 0.491768 
0.009372 0.009372 0.009372 0.971885 
0.250000 0.250000 0.250000 0.250000 
  26
0.550719 0.006111 0.046210 
0.400808 0.987514 0.462022 
0.048964 0.006368 0.491768 
0.971934 0.009355 0.009355 0.009355 
0.250000 0.250000 0.250000 0.250000 
  27
0.549795 0.006104 0.046210 
0.401240 0.987528 0.462022 
0.049285 0.006364 0.491768 
0.009345 0.009345 0.971966 0.009345 
0.250000 0.250000 0.250000 0.250000 
  28
0.553398 0.006100 0.046210 
0.397317 0.987537 0.462022 
0.049285 0.006364 0.491768 
0.971966 0.009345 0.009345 0.009345 
0.250000 0.250000 0.250000 0.250000 
  29
0.546353 0.006100 0.046210 
0.404362 0.987537 0.462022 
0.049635 0.006359 0.491768 
0.009334 0.009334 0.012604 0.968729 
0.250000 0.250000 0.250000 0.250000 
  30
0.550229 0.006095 0.046210 
0.400136 0.987546 0.462022 
0.049635 0.006359 0.491768 
0.009334 0.013737 0.009334 0.967596 
0.250000 0.250000 0.250000 0.250000 
  31
0.550229 0.006095 0.046210 
0.400136 0.987546 0.462022 
0.049635 0.006359 0.491768 
0.009334 0.009334 0.970398 0.010935 
0.250000 0.250000 0.250000 0.250000 
  32
0.550229 0.006095 0.046210 
0.400136 0.987546 0.462022 
0.049635 0.006359 0.491768 
0.009334 0.009334 0.009334 0.971999 
0.250000 0.250000 0.250000 0.250000 
  33
0.550229 0.006095 0.046210 
0.400136 0.987546 0.462022 
0.049635 0.006359 0.491768 
0.962112 0.009334 0.009334 0.019221 
0.250000 0.250000 0.250000 0.250000 
  34
0.550229 0.006095 0.046210 
0.400136 0.987546 0.462022 
0.049635 0.006359 0.491768 
0.009334 0.009334 0.009334 0.971999 
0.250000 0.250000 0.250000 0.250000 
  35
0.550229 0.006095 0.046210 
0.400136 0.987546 0.462022 
0.049635 0.006359 0.491768 
0.012502 0.968830 0.009334 0.009334 
0.250000 0.250000 0.250000 0.250000 
  36
0.550229 0.006095 0.046210 
0.400136 0.987546 0.462022 
0.049635 0.006359 0.491768 
0.009334 0.009334 0.028012 0.953321 
0.250000 0.250000 0.250000 0.250000 
  37
0.550229 0.006095 0.046210 
0.400136 0.987546 0.462022 
0.049635 0.006359 0.491768 
0.010944 0.009334 0.968766 0.010957 
0.250000 0.250000 0.250000 0.250000 
  38
0.550229 0.006095 0.046210 
0.400136 0.987546 0.462022 
0.049635 0.006359 0.491768 
0.009334 0.009334 0.009334 0.971999 
0.250000 0.250000 0.250000 0.250000 
  39
0.550229 0.006095 0.046210 
0.400136 0.987546 0.462022 
0.049635 0.006359 0.491768 
0.176454 0.804879 0.009334 0.009334 
0.250000 0.250000 0.250000 0.250000 
  40
0.542728 0.006095 0.046210 
0.407637 0.987546 0.462022 
0.050010 0.006354 0.491768 
0.037462 0.943894 0.009322 0.009322 
0.250000 0.250000 0.250000 0.250000 
  41
0.539862 0.006090 0.046210 
0.410129 0.987556 0.462022 
0.050361 0.006349 0.491768 
0.009311 0.016712 0.009311 0.964667 
0.250000 0.250000 0.250000 0.250000 
  42
0.543650 0.006086 0.046210 
0.405989 0.987566 0.462022 
0.050361 0.006349 0.491768 
0.009311 0.013703 0.009311 0.967675 
0.250000 0.250000 0.250000 0.250000 
  43
0.535152 0.006086 0.046210 
0.414487 0.987566 0.462022 
0.050792 0.006343 0.491768 
0.009298 0.010918 0.009298 0.970487 
0.250000 0.250000 0.250000 0.250000 
  44
0.539739 0.006080 0.046210 
0.409469 0.987577 0.462022 
0.050792 0.006343 0.491768 
0.009298 0.009298 0.032253 0.949151 
0.250000 0.250000 0.250000 0.250000 
  45
0.539739 0.006080 0.046210 
0.409469 0.987577 0.462022 
0.050792 0.006343 0.491768 
0.009298 0.009298 0.914109 0.067296 
0.250000 0.250000 0.250000 0.250000 
  46
0.539739 0.006080 0.046210 
0.409469 0.987577 0.462022 
0.050792 0.006343 0.491768 
0.014090 0.967315 0.009298 0.009298 
0.250000 0.250000 0.250000 0.250000 
  47
0.539739 0.006080 0.046210 
0.409469 0.987577 0.462022 
0.050792 0.006343 0.491768 
0.009298 0.009298 0.972107 0.009298 
0.250000 0.250000 0.250000 0.250000 
  48
0.539739 0.006080 0.046210 
0.409469 0.987577 0.462022 
0.050792 0.006343 0.491768 
0.009298 0.009298 0.010716 0.970689 
0.250000 0.250000 0.250000 0.250000 
  49
0.447677 0.006080 0.046210 
0.501530 0.987577 0.462022 
0.055943 0.006282 0.491768 
0.009158 0.009158 0.972525 0.009158 
0.250000 0.250000 0.250000 0.250000 
  50
0.493070 0.006021 0.046210 
0.450987 0.987697 0.462022 
0.055943 0.006282 0.491768 
0.972525 0.009158 0.009158 0.009158 
0.250000 0.250000 0.250000 0.250000 
  51
0.493070 0.006021 0.046210 
0.450987 0.987697 0.462022 
0.055943 0.006282 0.491768 
0.970682 0.011002 0.009158 0.009158 
0.250000 0.250000 0.250000 0.250000 
  52
0.485486 0.006021 0.046210 
0.458571 0.987697 0.462022 
0.056370 0.006277 0.491768 
0.677012 0.304692 0.009148 0.009148 
0.250000 0.250000 0.250000 0.250000 
  53
0.489196 0.006017 0.046210 
0.454434 0.987706 0.462022 
0.056370 0.006277 0.491768 
0.972556 0.009148 0.009148 0.009148 
0.250000 0.250000 0.250000 0.250000 
  54
0.489196 0.006017 0.046210 
0.454434 0.987706 0.462022 
0.056370 0.006277 0.491768 
0.964560 0.015308 0.010984 0.009148 
0.250000 0.250000 0.250000 0.250000 
  55
0.489196 0.006017 0.046210 
0.454434 0.987706 0.462022 
0.056370 0.006277 0.491768 
0.064704 0.014048 0.910853 0.010395 
0.250000 0.250000 0.250000 0.250000 
  56
0.489196 0.006017 0.046210 
0.454434 0.987706 0.462022 
0.056370 0.006277 0.491768 
0.009148 0.009148 0.009148 0.972556 
0.250000 0.250000 0.250000 0.250000 
  57
0.489196 0.006017 0.046210 
0.454434 0.987706 0.462022 
0.056370 0.006277 0.491768 
0.009148 0.009148 0.021518 0.960186 
0.250000 0.250000 0.250000 0.250000 
  58
0.489196 0.006017 0.046210 
0.454434 0.987706 0.462022 
0.056370 0.006277 0.491768 
0.009148 0.009148 0.972556 0.009148 
0.250000 0.250000 0.250000 0.250000 
  59
0.489196 0.006017 0.046210 
0.454434 0.987706 0.462022 
0.056370 0.006277 0.491768 
0.009148 0.009148 0.972556 0.009148 
0.250000 0.250000 0.250000 0.250000 
  60
0.489196 0.006017 0.046210 
0.454434 0.987706 0.462022 
0.056370 0.006277 0.491768 
0.009148 0.009148 0.024745 0.956959 
0.250000 0.250000 0.250000 0.250000 
  61
0.489196 0.006017 0.046210 
0.454434 0.987706 0.462022 
0.056370 0.006277 0.491768 
0.010557 0.971147 0.009148 0.009148 
0.250000 0.250000 0.250000 0.250000 
  62
0.489196 0.006017 0.046210 
0.454434 0.987706 0.462022 
0.056370 0.006277 0.491768 
0.037912 0.942475 0.009148 0.010465 
0.250000 0.250000 0.250000 0.250000 
  63
0.480315 0.006017 0.046210 
0.463315 0.987706 0.462022 
0.056875 0.006272 0.491768 
0.924001 0.057727 0.009136 0.009136 
0.250000 0.250000 0.250000 0.250000 
  64
0.484619 0.006012 0.046210 
0.458506 0.987716 0.462022 
0.056875 0.006272 0.491768 
0.960152 0.018058 0.010657 0.011134 
0.250000 0.250000 0.250000 0.250000 
  65
0.484619 0.006012 0.046210 
0.458506 0.987716 0.462022 
0.056875 0.006272 0.491768 
0.972592 0.009136 0.009136 0.009136 
0.250000 0.250000 0.250000 0.250000 
  66
0.484619 0.006012 0.046210 
0.458506 0.987716 0.462022 
0.056875 0.006272 0.491768 
0.009136 0.009136 0.009136 0.972592 
0.250000 0.250000 0.250000 0.250000 
  67
0.484619 0.006012 0.046210 
0.458506 0.987716 0.462022 
0.056875 0.006272 0.491768 
0.009136 0.971211 0.009136 0.010517 
0.250000 0.250000 0.250000 0.250000 
  68
0.484619 0.006012 0.046210 
0.458506 0.987716 0.462022 
0.056875 0.006272 0.491768 
0.972592 0.009136 0.009136 0.009136 
0.250000 0.250000 0.250000 0.250000 
  69
0.484619 0.006012 0.046210 
0.458506 0.987716 0.462022 
0.056875 0.006272 0.491768 
0.012440 0.012353 0.964320 0.010887 
0.250000 0.250000 0.250000 0.250000 
  70
0.484619 0.006012 0.046210 
0.458506 0.987716 0.462022 
0.056875 0.006272 0.491768 
0.776749 0.204979 0.009136 0.009136 
0.250000 0.250000 0.250000 0.250000 
  71
0.484619 0.006012 0.046210 
0.458506 0.987716 0.462022 
0.056875 0.006272 0.491768 
0.968089 0.013639 0.009136 0.009136 
0.250000 0.250000 0.250000 0.250000 
  72
0.484619 0.006012 0.046210 
0.458506 0.987716 0.462022 
0.056875 0.006272 0.491768 
0.009136 0.009136 0.972592 0.009136 
0.250000 0.250000 0.250000 0.250000 
  73
0.484619 0.006012 0.046210 
0.458506 0.987716 0.462022 
0.056875 0.006272 0.491768 
0.972592 0.009136 0.009136 0.009136 
0.250000 0.250000 0.250000 0.250000 
  74
0.484619 0.006012 0.046210 
0.458506 0.987716 0.462022 
0.056875 0.006272 0.491768 
0.011865 0.969863 0.009136 0.009136 
0.250000 0.250000 0.250000 0.250000 
  75
0.484619 0.006012 0.046210 
0.458506 0.987716 0.462022 
0.056875 0.006272 0.491768 
0.009136 0.009136 0.972592 0.009136 
0.250000 0.250000 0.250000 0.250000 
  76
0.484619 0.006012 0.046210 
0.458506 0.987716 0.462022 
0.056875 0.006272 0.491768 
0.969968 0.010470 0.010426 0.009136 
0.250000 0.250000 0.250000 0.250000 
  77
0.484619 0.006012 0.046210 
0.458506 0.987716 0.462022 
0.056875 0.006272 0.491768 
0.009136 0.009136 0.958857 0.022871 
0.250000 0.250000 0.250000 0.250000 
  78
0.484619 0.006012 0.046210 
0.458506 0.987716 0.462022 
0.056875 0.006272 0.491768 
0.013198 0.968530 0.009136 0.009136 
0.250000 0.250000 0.250000 0.250000 
  79
0.484619 0.006012 0.046210 
0.458506 0.987716 0.462022 
0.056875 0.006272 0.491768 
0.009136 0.972592 0.009136 0.009136 
0.250000 0.250000 0.250000 0.250000 
  80
0.484619 0.006012 0.046210 
0.458506 0.987716 0.462022 
0.056875 0.006272 0.491768 
0.009136 0.013639 0.968089 0.009136 
0.250000 0.250000 0.250000 0.250000 
  81
0.484619 0.006012 0.046210 
0.458506 0.987716 0.462022 
0.056875 0.006272 0.491768 
0.970918 0.010810 0.009136 0.009136 
0.250000 0.250000 0.250000 0.250000 
  82
0.484619 0.006012 0.046210 
0.458506 0.987716 0.462022 
0.056875 0.006272 0.491768 
0.972592 0.009136 0.009136 0.009136 
0.250000 0.250000 0.250000 0.250000 
  83
0.484619 0.006012 0.046210 
0.458506 0.987716 0.462022 
0.056875 0.006272 0.491768 
0.009136 0.009136 0.971023 0.010705 
0.250000 0.250000 0.250000 0.250000 
  84
0.484619 0.006012 0.046210 
0.458506 0.987716 0.462022 
0.056875 0.006272 0.491768 
0.026801 0.954927 0.009136 0.009136 
0.250000 0.250000 0.250000 0.250000 
  85
0.484619 0.006012 0.046210 
0.458506 0.987716 0.462022 
0.056875 0.006272 0.491768 
0.009136 0.009136 0.966819 0.014909 
0.250000 0.250000 0.250000 0.250000 
  86
0.484619 0.006012 0.046210 
0.458506 0.987716 0.462022 
0.056875 0.006272 0.491768 
0.009136 0.009136 0.009136 0.972592 
0.250000 0.250000 0.250000 0.250000 
  87
0.484619 0.006012 0.046210 
0.458506 0.987716 0.462022 
0.056875 0.006272 0.491768 
0.011879 0.969849 0.009136 0.009136 
0.250000 0.250000 0.250000 0.250000 
  88
0.484619 0.006012 0.046210 
0.458506 0.987716 0.462022 
0.056875 0.006272 0.491768 
0.009136 0.012440 0.009136 0.969288 
0.250000 0.250000 0.250000 0.250000 
  89
0.484619 0.006012 0.046210 
0.458506 0.987716 0.462022 
0.056875 0.006272 0.491768 
0.009136 0.972592 0.009136 0.009136 
0.250000 0.250000 0.250000 0.250000 
  90
0.484619 0.006012 0.046210 
0.458506 0.987716 0.462022 
0.056875 0.006272 0.491768 
0.009136 0.009136 0.972592 0.009136 
0.250000 0.250000 0.250000 0.250000 
  91
0.484619 0.006012 0.046210 
0.458506 0.987716 0.462022 
0.056875 0.006272 0.491768 
0.009136 0.009136 0.972592 0.009136 
0.250000 0.250000 0.250000 0.250000 
  92
0.484619 0.006012 0.046210 
0.458506 0.987716 0.462022 
0.056875 0.006272 0.491768 
0.009136 0.009136 0.009136 0.972592 
0.250000 0.250000 0.250000 0.250000 
  93
0.484619 0.006012 0.046210 
0.458506 0.987716 0.462022 
0.056875 0.006272 0.491768 
0.009136 0.009136 0.009136 0.972592 
0.250000 0.250000 0.250000 0.250000 
  94
0.484619 0.006012 0.046210 
0.458506 0.987716 0.462022 
0.056875 0.006272 0.491768 
0.009136 0.972592 0.009136 0.009136 
0.250000 0.250000 0.250000 0.250000 
  95
0.484619 0.006012 0.046210 
0.458506 0.987716 0.462022 
0.056875 0.006272 0.491768 
0.009136 0.972592 0.009136 0.009136 
0.250000 0.250000 0.250000 0.250000 
  96
0.484619 0.006012 0.046210 
0.458506 0.987716 0.462022 
0.056875 0.006272 0.491768 
0.015237 0.966491 0.009136 0.009136 
0.250000 0.250000 0.250000 0.250000 
  97
0.484619 0.006012 0.046210 
0.458506 0.987716 0.462022 
0.056875 0.006272 0.491768 
0.009136 0.009136 0.972592 0.009136 
0.250000 0.250000 0.250000 0.250000 
  98
0.484619 0.006012 0.046210 
0.458506 0.987716 0.462022 
0.056875 0.006272 0.491768 
0.972592 0.009136 0.009136 0.009136 
0.250000 0.250000 0.250000 0.250000 
  99
0.484619 0.006012 0.046210 
0.458506 0.987716 0.462022 
0.056875 0.006272 0.491768 
0.009136 0.009136 0.957469 0.024259 
0.250000 0.250000 0.250000 0.250000 
 100
0.484619 0.006012 0.046210 
0.458506 0.987716 0.462022 
0.056875 0.006272 0.491768 
0.009136 0.009136 0.970611 0.011117 
0.250000 0.250000 0.250000 0.250000 
 101
0.484619 0.006012 0.046210 
0.458506 0.987716 0.462022 
0.056875 0.006272 0.491768 
0.972592 0.009136 0.009136 0.009136 
0.250000 0.250000 0.250000 0.250000 
 102
0.484619 0.006012 0.046210 
0.458506 0.987716 0.462022 
0.056875 0.006272 0.491768 
0.009136 0.010612 0.009136 0.971116 
0.250000 0.250000 0.250000 0.250000 
 103
0.484619 0.006012 0.046210 
0.458506 0.987716 0.462022 
0.056875 0.006272 0.491768 
0.009136 0.972592 0.009136 0.009136 
0.250000 0.250000 0.250000 0.250000 
 104
0.484619 0.006012 0.046210 
0.458506 0.987716 0.462022 
0.056875 0.006272 0.491768 
0.009136 0.009136 0.972592 0.009136 
0.250000 0.250000 0.250000 0.250000 
 105
0.484619 0.006012 0.046210 
0.458506 0.987716 0.462022 
0.056875 0.006272 0.491768 
0.972592 0.009136 0.009136 0.009136 
0.250000 0.250000 0.250000 0.250000 
 106
0.484619 0.006012 0.046210 
0.458506 0.987716 0.462022 
0.056875 0.006272 0.491768 
0.009136 0.972592 0.009136 0.009136 
0.250000 0.250000 0.250000 0.250000 
 107
0.484619 0.006012 0.046210 
0.458506 0.987716 0.462022 
0.056875 0.006272 0.491768 
0.009136 0.009136 0.009136 0.972592 
0.250000 0.250000 0.250000 0.250000 
 108
0.484619 0.006012 0.046210 
0.458506 0.987716 0.462022 
0.056875 0.006272 0.491768 
0.013741 0.965053 0.009136 0.012070 
0.250000 0.250000 0.250000 0.250000 
 109
0.484619 0.006012 0.046210 
0.458506 0.987716 0.462022 
0.056875 0.006272 0.491768 
0.009136 0.009136 0.967012 0.014716 
0.250000 0.250000 0.250000 0.250000 
 110
0.484619 0.006012 0.046210 
0.458506 0.987716 0.462022 
0.056875 0.006272 0.491768 
0.012659 0.009136 0.969069 0.009136 
0.250000 0.250000 0.250000 0.250000 
 111
0.484619 0.006012 0.046210 
0.458506 0.987716 0.462022 
0.056875 0.006272 0.491768 
0.970706 0.011022 0.009136 0.009136 
0.250000 0.250000 0.250000 0.250000 
 112
0.484619 0.006012 0.046210 
0.458506 0.987716 0.462022 
0.056875 0.006272 0.491768 
0.972592 0.009136 0.009136 0.009136 
0.250000 0.250000 0.250000 0.250000 
 113
0.484619 0.006012 0.046210 
0.458506 0.987716 0.462022 
0.056875 0.006272 0.491768 
0.972592 0.009136 0.009136 0.009136 
0.250000 0.250000 0.250000 0.250000 
 114
0.484619 0.006012 0.046210 
0.458506 0.987716 0.462022 
0.056875 0.006272 0.491768 
0.009136 0.009136 0.966460 0.015268 
0.250000 0.250000 0.250000 0.250000 
 115
0.484619 0.006012 0.046210 
0.458506 0.987716 0.462022 
0.056875 0.006272 0.491768 
0.009136 0.972592 0.009136 0.009136 
0.250000 0.250000 0.250000 0.250000 
 116
0.484619 0.006012 0.046210 
0.458506 0.987716 0.462022 
0.056875 0.006272 0.491768 
0.009136 0.972592 0.009136 0.009136 
0.250000 0.250000 0.250000 0.250000 
 117
0.484619 0.006012 0.046210 
0.458506 0.987716 0.462022 
0.056875 0.006272 0.491768 
0.946865 0.034863 0.009136 0.009136 
0.250000 0.250000 0.250000 0.250000 
 118
0.484619 0.006012 0.046210 
0.458506 0.987716 0.462022 
0.056875 0.006272 0.491768 
0.972592 0.009136 0.009136 0.009136 
0.250000 0.250000 0.250000 0.250000 
 119
0.484619 0.006012 0.046210 
0.458506 0.987716 0.462022 
0.056875 0.006272 0.491768 
0.009136 0.009136 0.972592 0.009136 
0.250000 0.250000 0.250000 0.250000 
 120
0.484619 0.006012 0.046210 
0.458506 0.987716 0.462022 
0.056875 0.006272 0.491768 
0.034642 0.947086 0.009136 0.009136 
0.250000 0.250000 0.250000 0.250000 
 121
0.484619 0.006012 0.046210 
0.458506 0.987716 0.462022 
0.056875 0.006272 0.491768 
0.971142 0.009136 0.010586 0.009136 
0.250000 0.250000 0.250000 0.250000 
 122
0.484619 0.006012 0.046210 
0.458506 0.987716 0.462022 
0.056875 0.006272 0.491768 
0.009136 0.009136 0.009136 0.972592 
0.250000 0.250000 0.250000 0.250000 
 123
0.484619 0.006012 0.046210 
0.458506 0.987716 0.462022 
0.056875 0.006272 0.491768 
0.968648 0.013080 0.009136 0.009136 
0.250000 0.250000 0.250000 0.250000 
 124
0.484619 0.006012 0.046210 
0.458506 0.987716 0.462022 
0.056875 0.006272 0.491768 
0.009136 0.972592 0.009136 0.009136 
0.250000 0.250000 0.250000 0.250000 
 125
0.484619 0.006012 0.046210 
0.458506 0.987716 0.462022 
0.056875 0.006272 0.491768 
0.009136 0.009136 0.009136 0.972592 
0.250000 0.250000 0.250000 0.250000 
 126
0.484619 0.006012 0.046210 
0.458506 0.987716 0.462022 
0.056875 0.006272 0.491768 
0.009136 0.972592 0.009136 0.009136 
0.250000 0.250000 0.250000 0.250000 
 127
0.484619 0.006012 0.046210 
0.458506 0.987716 0.462022 
0.056875 0.006272 0.491768 
0.972592 0.009136 0.009136 0.009136 
0.250000 0.250000 0.250000 0.250000 
 128
0.484619 0.006012 0.046210 
0.458506 0.987716 0.462022 
0.056875 0.006272 0.491768 
0.972592 0.009136 0.009136 0.009136 
0.250000 0.250000 0.250000 0.250000 
 129
0.484619 0.006012 0.046210 
0.458506 0.987716 0.462022 
0.056875 0.006272 0.491768 
0.972592 0.009136 0.009136 0.009136 
0.250000 0.250000 0.250000 0.250000 
 130
0.484619 0.006012 0.046210 
0.458506 0.987716 0.462022 
0.056875 0.006272 0.491768 
0.972592 0.009136 0.009136 0.009136 
0.250000 0.250000 0.250000 0.250000 
 131
0.484619 0.006012 0.046210 
0.458506 0.987716 0.462022 
0.056875 0.006272 0.491768 
0.009136 0.009136 0.972592 0.009136 
0.250000 0.250000 0.250000 0.250000 
 132
0.484619 0.006012 0.046210 
0.458506 0.987716 0.462022 
0.056875 0.006272 0.491768 
0.971195 0.010532 0.009136 0.009136 
0.250000 0.250000 0.250000 0.250000 
 133
0.484619 0.006012 0.046210 
0.458506 0.987716 0.462022 
0.056875 0.006272 0.491768 
0.972592 0.009136 0.009136 0.009136 
0.250000 0.250000 0.250000 0.250000 
 134
0.484619 0.006012 0.046210 
0.458506 0.987716 0.462022 
0.056875 0.006272 0.491768 
0.009136 0.009136 0.009136 0.972592 
0.250000 0.250000 0.250000 0.250000 
 135
0.484619 0.006012 0.046210 
0.458506 0.987716 0.462022 
0.056875 0.006272 0.491768 
0.010657 0.009136 0.971071 0.009136 
0.250000 0.250000 0.250000 0.250000 
 136
0.484619 0.006012 0.046210 
0.458506 0.987716 0.462022 
0.056875 0.006272 0.491768 
0.972592 0.009136 0.009136 0.009136 
0.250000 0.250000 0.250000 0.250000 
 137
0.484619 0.006012 0.046210 
0.458506 0.987716 0.462022 
0.056875 0.006272 0.491768 
0.009136 0.009136 0.972592 0.009136 
0.250000 0.250000 0.250000 0.250000 
 138
0.484619 0.006012 0.046210 
0.458506 0.987716 0.462022 
0.056875 0.006272 0.491768 
0.009136 0.968293 0.009136 0.013435 
0.250000 0.250000 0.250000 0.250000 
 139
0.484619 0.006012 0.046210 
0.458506 0.987716 0.462022 
0.056875 0.006272 0.491768 
0.958404 0.023324 0.009136 0.009136 
0.250000 0.250000 0.250000 0.250000 
 140
0.484619 0.006012 0.046210 
0.458506 0.987716 0.462022 
0.056875 0.006272 0.491768 
0.967662 0.014065 0.009136 0.009136 
0.250000 0.250000 0.250000 0.250000 
 141
0.484619 0.006012 0.046210 
0.458506 0.987716 0.462022 
0.056875 0.006272 0.491768 
0.009136 0.009136 0.009136 0.972592 
0.250000 0.250000 0.250000 0.250000 
 142
0.484619 0.006012 0.046210 
0.458506 0.987716 0.462022 
0.056875 0.006272 0.491768 
0.009136 0.972592 0.009136 0.009136 
0.250000 0.250000 0.250000 0.250000 
 143
0.484619 0.006012 0.046210 
0.458506 0.987716 0.462022 
0.056875 0.006272 0.491768 
0.972592 0.009136 0.009136 0.009136 
0.250000 0.250000 0.250000 0.250000 
 144
0.484619 0.006012 0.046210 
0.458506 0.987716 0.462022 
0.056875 0.006272 0.491768 
0.009136 0.009136 0.969935 0.011793 
0.250000 0.250000 0.250000 0.250000 
 145
0.484619 0.006012 0.046210 
0.458506 0.987716 0.462022 
0.056875 0.006272 0.491768 
0.009136 0.009136 0.972592 0.009136 
0.250000 0.250000 0.250000 0.250000 
 146
0.484619 0.006012 0.046210 
0.458506 0.987716 0.462022 
0.056875 0.006272 0.491768 
0.962188 0.019540 0.009136 0.009136 
0.250000 0.250000 0.250000 0.250000 
 147
0.484619 0.006012 0.046210 
0.458506 0.987716 0.462022 
0.056875 0.006272 0.491768 
0.970919 0.010809 0.009136 0.009136 
0.250000 0.250000 0.250000 0.250000 
 148
0.484619 0.006012 0.046210 
0.458506 0.987716 0.462022 
0.056875 0.006272 0.491768 
0.972592 0.009136 0.009136 0.009136 
0.250000 0.250000 0.250000 0.250000 
 149
0.484619 0.006012 0.046210 
0.458506 0.987716 0.462022 
0.056875 0.006272 0.491768 
0.009136 0.009136 0.009136 0.972592 
0.250000 0.250000 0.250000 0.250000 
 150
0.484619 0.006012 0.046210 
0.458506 0.987716 0.462022 
0.056875 0.006272 0.491768 
0.009136 0.009136 0.009136 0.972592 
0.250000 0.250000 0.250000 0.250000 
 151
0.484619 0.006012 0.046210 
0.458506 0.987716 0.462022 
0.056875 0.006272 0.491768 
0.009136 0.972592 0.009136 0.009136 
0.250000 0.250000 0.250000 0.250000 
 152
0.484619 0.006012 0.046210 
0.458506 0.987716 0.462022 
0.056875 0.006272 0.491768 
0.972592 0.009136 0.009136 0.009136 
0.250000 0.250000 0.250000 0.250000 
 153
0.484619 0.006012 0.046210 
0.458506 0.987716 0.462022 
0.056875 0.006272 0.491768 
0.969696 0.012032 0.009136 0.009136 
0.250000 0.250000 0.250000 0.250000 
 154
0.484619 0.006012 0.046210 
0.458506 0.987716 0.462022 
0.056875 0.006272 0.491768 
0.009136 0.972592 0.009136 0.009136 
0.250000 0.250000 0.250000 0.250000 
 155
0.484619 0.006012 0.046210 
0.458506 0.987716 0.462022 
0.056875 0.006272 0.491768 
0.009136 0.009136 0.009136 0.972592 
0.250000 0.250000 0.250000 0.250000 
 156
0.484619 0.006012 0.046210 
0.458506 0.987716 0.462022 
0.056875 0.006272 0.491768 
0.009153 0.009153 0.041039 0.940655 
0.250000 0.250000 0.250000 0.250000 
 157
0.484619 0.006012 0.046210 
0.458506 0.987716 0.462022 
0.056875 0.006272 0.491768 
0.972592 0.009136 0.009136 0.009136 
0.250000 0.250000 0.250000 0.250000 
 158
0.484619 0.006012 0.046210 
0.458506 0.987716 0.462022 
0.056875 0.006272 0.491768 
0.009136 0.009136 0.972592 0.009136 
0.250000 0.250000 0.250000 0.250000 
 159
0.484619 0.006012 0.046210 
0.458506 0.987716 0.462022 
0.056875 0.006272 0.491768 
0.009149 0.011165 0.019697 0.959990 
0.250000 0.250000 0.250000 0.250000 
 160
0.484619 0.006012 0.046210 
0.458506 0.987716 0.462022 
0.056875 0.006272 0.491768 
0.972592 0.009136 0.009136 0.009136 
0.250000 0.250000 0.250000 0.250000 
 161
0.484619 0.006012 0.046210 
0.458506 0.987716 0.462022 
0.056875 0.006272 0.491768 
0.972592 0.009136 0.009136 0.009136 
0.250000 0.250000 0.250000 0.250000 
 162
0.484619 0.006012 0.046210 
0.458506 0.987716 0.462022 
0.056875 0.006272 0.491768 
0.009136 0.009136 0.009136 0.972592 
0.250000 0.250000 0.250000 0.250000 
 163
0.484619 0.006012 0.046210 
0.458506 0.987716 0.462022 
0.056875 0.006272 0.491768 
0.009136 0.972592 0.009136 0.009136 
0.250000 0.250000 0.250000 0.250000 
 164
0.484619 0.006012 0.046210 
0.458506 0.987716 0.462022 
0.056875 0.006272 0.491768 
0.009136 0.009136 0.972592 0.009136 
0.250000 0.250000 0.250000 0.250000 
 165
0.484619 0.006012 0.046210 
0.458506 0.987716 0.462022 
0.056875 0.006272 0.491768 
0.009136 0.009136 0.009136 0.972592 
0.250000 0.250000 0.250000 0.250000 
 166
0.484619 0.006012 0.046210 
0.458506 0.987716 0.462022 
0.056875 0.006272 0.491768 
0.972592 0.009136 0.009136 0.009136 
0.250000 0.250000 0.250000 0.250000 
 167
0.484619 0.006012 0.046210 
0.458506 0.987716 0.462022 
0.056875 0.006272 0.491768 
0.009136 0.009136 0.972592 0.009136 
0.250000 0.250000 0.250000 0.250000 
 168
0.484619 0.006012 0.046210 
0.458506 0.987716 0.462022 
0.056875 0.006272 0.491768 
0.009136 0.009136 0.009136 0.972592 
0.250000 0.250000 0.250000 0.250000 
 169
0.475388 0.006012 0.046210 
0.467737 0.987716 0.462022 
0.057405 0.006266 0.491768 
0.009124 0.972629 0.009124 0.009124 
0.250000 0.250000 0.250000 0.250000 
 170
0.479817 0.006007 0.046210 
0.462778 0.987727 0.462022 
0.057405 0.006266 0.491768 
0.972629 0.009124 0.009124 0.009124 
0.250000 0.250000 0.250000 0.250000 
 171
0.479817 0.006007 0.046210 
0.462778 0.987727 0.462022 
0.057405 0.006266 0.491768 
0.146167 0.835585 0.009124 0.009124 
0.250000 0.250000 0.250000 0.250000 
 172
0.479817 0.006007 0.046210 
0.462778 0.987727 0.462022 
0.057405 0.006266 0.491768 
0.011648 0.009124 0.970105 0.009124 
0.250000 0.250000 0.250000 0.250000 
 173
0.479817 0.006007 0.046210 
0.462778 0.987727 0.462022 
0.057405 0.006266 0.491768 
0.009124 0.009124 0.009124 0.972629 
0.250000 0.250000 0.250000 0.250000 
 174
0.479817 0.006007 0.046210 
0.462778 0.987727 0.462022 
0.057405 0.006266 0.491768 
0.010743 0.968162 0.009124 0.011972 
0.250000 0.250000 0.250000 0.250000 
 175
0.479817 0.006007 0.046210 
0.462778 0.987727 0.462022 
0.057405 0.006266 0.491768 
0.009124 0.972629 0.009124 0.009124 
0.250000 0.250000 0.250000 0.250000 
 176
0.479817 0.006007 0.046210 
0.462778 0.987727 0.462022 
0.057405 0.006266 0.491768 
0.009124 0.009124 0.009124 0.972629 
0.250000 0.250000 0.250000 0.250000 
 177
0.479817 0.006007 0.046210 
0.462778 0.987727 0.462022 
0.057405 0.006266 0.491768 
0.009124 0.009124 0.012434 0.969319 
0.250000 0.250000 0.250000 0.250000 
 178
0.479817 0.006007 0.046210 
0.462778 0.987727 0.462022 
0.057405 0.006266 0.491768 
0.009124 0.009124 0.972629 0.009124 
0.250000 0.250000 0.250000 0.250000 
 179
0.479817 0.006007 0.046210 
0.462778 0.987727 0.462022 
0.057405 0.006266 0.491768 
0.972629 0.009124 0.009124 0.009124 
0.250000 0.250000 0.250000 0.250000 
 180
0.479817 0.006007 0.046210 
0.462778 0.987727 0.462022 
0.057405 0.006266 0.491768 
0.013024 0.967430 0.009124 0.010422 
0.250000 0.250000 0.250000 0.250000 
 181
0.479817 0.006007 0.046210 
0.462778 0.987727 0.462022 
0.057405 0.006266 0.491768 
0.970614 0.011139 0.009124 0.009124 
0.250000 0.250000 0.250000 0.250000 
 182
0.479817 0.006007 0.046210 
0.462778 0.987727 0.462022 
0.057405 0.006266 0.491768 
0.020929 0.960824 0.009124 0.009124 
0.250000 0.250000 0.250000 0.250000 
 183
0.479817 0.006007 0.046210 
0.462778 0.987727 0.462022 
0.057405 0.006266 0.491768 
0.009124 0.009124 0.009124 0.972629 
0.250000 0.250000 0.250000 0.250000 
 184
0.479817 0.006007 0.046210 
0.462778 0.987727 0.462022 
0.057405 0.006266 0.491768 
0.009124 0.009124 0.009124 0.972629 
0.250000 0.250000 0.250000 0.250000 
 185
0.479817 0.006007 0.046210 
0.462778 0.987727 0.462022 
0.057405 0.006266 0.491768 
0.009124 0.009124 0.972629 0.009124 
0.250000 0.250000 0.250000 0.250000 
 186
0.479817 0.006007 0.046210 
0.462778 0.987727 0.462022 
0.057405 0.006266 0.491768 
0.009124 0.009124 0.972629 0.009124 
0.250000 0.250000 0.250000 0.250000 
 187
0.479817 0.006007 0.046210 
0.462778 0.987727 0.462022 
0.057405 0.006266 0.491768 
0.009124 0.009124 0.009124 0.972629 
0.250000 0.250000 0.250000 0.250000 
 188
0.479817 0.006007 0.046210 
0.462778 0.987727 0.462022 
0.057405 0.006266 0.491768 
0.009124 0.009124 0.972629 0.009124 
0.250000 0.250000 0.250000 0.250000 
 189
0.479817 0.006007 0.046210 
0.462778 0.987727 0.462022 
0.057405 0.006266 0.491768 
0.970925 0.009124 0.009124 0.010827 
0.250000 0.250000 0.250000 0.250000 
 190
0.479817 0.006007 0.046210 
0.462778 0.987727 0.462022 
0.057405 0.006266 0.491768 
0.972629 0.009124 0.009124 0.009124 
0.250000 0.250000 0.250000 0.250000 
 191
0.479817 0.006007 0.046210 
0.462778 0.987727 0.462022 
0.057405 0.006266 0.491768 
0.014937 0.009124 0.963014 0.012925 
0.250000 0.250000 0.250000 0.250000 
 192
0.479817 0.006007 0.046210 
0.462778 0.987727 0.462022 
0.057405 0.006266 0.491768 
0.965639 0.016114 0.009124 0.009124 
0.250000 0.250000 0.250000 0.250000 
 193
0.479817 0.006007 0.046210 
0.462778 0.987727 0.462022 
0.057405 0.006266 0.491768 
0.009124 0.972629 0.009124 0.009124 
0.250000 0.250000 0.250000 0.250000 
 194
0.479817 0.006007 0.046210 
0.462778 0.987727 0.462022 
0.057405 0.006266 0.491768 
0.010532 0.971220 0.009124 0.009124 
0.250000 0.250000 0.250000 0.250000 
 195
0.479817 0.006007 0.046210 
0.462778 0.987727 0.462022 
0.057405 0.006266 0.491768 
0.009124 0.009124 0.010538 0.971215 
0.250000 0.250000 0.250000 0.250000 
 196
0.479817 0.006007 0.046210 
0.462778 0.987727 0.462022 
0.057405 0.006266 0.491768 
0.009124 0.972629 0.009124 0.009124 
0.250000 0.250000 0.250000 0.250000 
 197
0.479817 0.006007 0.046210 
0.462778 0.987727 0.462022 
0.057405 0.006266 0.491768 
0.971208 0.010544 0.009124 0.009124 
0.250000 0.250000 0.250000 0.250000 
 198
0.479817 0.006007 0.046210 
0.462778 0.987727 0.462022 
0.057405 0.006266 0.491768 
0.972629 0.009124 0.009124 0.009124 
0.250000 0.250000 0.250000 0.250000 
 199
0.479817 0.006007 0.046210 
0.462778 0.987727 0.462022 
0.057405 0.006266 0.491768 
0.972629 0.009124 0.009124 0.009124 
0.250000 0.250000 0.250000 0.250000 
 200
0.479817 0.006007 0.046210 
0.462778 0.987727 0.462022 
0.057405 0.006266 0.491768 
0.009124 0.009124 0.009124 0.972629 
0.250000 0.250000 0.250000 0.250000 
 201
0.479817 0.006007 0.046210 
0.462778 0.987727 0.462022 
0.057405 0.006266 0.491768 
0.972629 0.009124 0.009124 0.009124 
0.250000 0.250000 0.250000 0.250000 
 202
0.479817 0.006007 0.046210 
0.462778 0.987727 0.462022 
0.057405 0.006266 0.491768 
0.009124 0.009124 0.009124 0.972629 
0.250000 0.250000 0.250000 0.250000 
 203
0.479817 0.006007 0.046210 
0.462778 0.987727 0.462022 
0.057405 0.006266 0.491768 
0.009124 0.972629 0.009124 0.009124 
0.250000 0.250000 0.250000 0.250000 
 204
0.479817 0.006007 0.046210 
0.462778 0.987727 0.462022 
0.057405 0.006266 0.491768 
0.009124 0.009124 0.972629 0.009124 
0.250000 0.250000 0.250000 0.250000 
 205
0.479817 0.006007 0.046210 
0.462778 0.987727 0.462022 
0.057405 0.006266 0.491768 
0.972629 0.009124 0.009124 0.009124 
0.250000 0.250000 0.250000 0.250000 
 206
0.479817 0.006007 0.046210 
0.462778 0.987727 0.462022 
0.057405 0.006266 0.491768 
0.971220 0.010532 0.009124 0.009124 
0.250000 0.250000 0.250000 0.250000 
 207
0.479817 0.006007 0.046210 
0.462778 0.987727 0.462022 
0.057405 0.006266 0.491768 
0.010895 0.009124 0.970857 0.009124 
0.250000 0.250000 0.250000 0.250000 
 208
0.479817 0.006007 0.046210 
0.462778 0.987727 0.462022 
0.057405 0.006266 0.491768 
0.972629 0.009124 0.009124 0.009124 
0.250000 0.250000 0.250000 0.250000 
 209
0.479817 0.006007 0.046210 
0.462778 0.987727 0.462022 
0.057405 0.006266 0.491768 
0.009124 0.972629 0.009124 0.009124 
0.250000 0.250000 0.250000 0.250000 
 210
0.479817 0.006007 0.046210 
0.462778 0.987727 0.462022 
0.057405 0.006266 0.491768 
0.009124 0.013621 0.010690 0.966566 
0.250000 0.250000 0.250000 0.250000 
 211
0.479817 0.006007 0.046210 
0.462778 0.987727 0.462022 
0.057405 0.006266 0.491768 
0.009124 0.009124 0.972629 0.009124 
0.250000 0.250000 0.250000 0.250000 
 212
0.479817 0.006007 0.046210 
0.462778 0.987727 0.462022 
0.057405 0.006266 0.491768 
0.014976 0.009124 0.966777 0.009124 
0.250000 0.250000 0.250000 0.250000 
 213
0.479817 0.006007 0.046210 
0.462778 0.987727 0.462022 
0.057405 0.006266 0.491768 
0.009124 0.009124 0.012013 0.969739 
0.250000 0.250000 0.250000 0.250000 
 214
0.479817 0.006007 0.046210 
0.462778 0.987727 0.462022 
0.057405 0.006266 0.491768 
0.009124 0.009124 0.972629 0.009124 
0.250000 0.250000 0.250000 0.250000 
 215
0.479817 0.006007 0.046210 
0.462778 0.987727 0.462022 
0.057405 0.006266 0.491768 
0.972629 0.009124 0.009124 0.009124 
0.250000 0.250000 0.250000 0.250000 
 216
0.479817 0.006007 0.046210 
0.462778 0.987727 0.462022 
0.057405 0.006266 0.491768 
0.009124 0.009124 0.011648 0.970105 
0.250000 0.250000 0.250000 0.250000 
 217
0.479817 0.006007 0.046210 
0.462778 0.987727 0.462022 
0.057405 0.006266 0.491768 
0.012767 0.009124 0.968985 0.009124 
0.250000 0.250000 0.250000 0.250000 
 218
0.479817 0.006007 0.046210 
0.462778 0.987727 0.462022 
0.057405 0.006266 0.491768 
0.971041 0.009124 0.009124 0.010711 
0.250000 0.250000 0.250000 0.250000 
 219
0.479817 0.006007 0.046210 
0.462778 0.987727 0.462022 
0.057405 0.006266 0.491768 
0.011009 0.970743 0.009124 0.009124 
0.250000 0.250000 0.250000 0.250000 
 220
0.479817 0.006007 0.046210 
0.462778 0.987727 0.462022 
0.057405 0.006266 0.491768 
0.971246 0.010506 0.009124 0.009124 
0.250000 0.250000 0.250000 0.250000 
 221
0.479817 0.006007 0.046210 
0.462778 0.987727 0.462022 
0.057405 0.006266 0.491768 
0.009124 0.009124 0.009124 0.972629 
0.250000 0.250000 0.250000 0.250000 
 222
0.479817 0.006007 0.046210 
0.462778 0.987727 0.462022 
0.057405 0.006266 0.491768 
0.009124 0.009124 0.967419 0.014333 
0.250000 0.250000 0.250000 0.250000 
 223
0.479817 0.006007 0.046210 
0.462778 0.987727 0.462022 
0.057405 0.006266 0.491768 
0.012495 0.009124 0.969257 0.009124 
0.250000 0.250000 0.250000 0.250000 
 224
0.479817 0.006007 0.046210 
0.462778 0.987727 0.462022 
0.057405 0.006266 0.491768 
0.009124 0.009124 0.009124 0.972629 
0.250000 0.250000 0.250000 0.250000 
 225
0.479817 0.006007 0.046210 
0.462778 0.987727 0.462022 
0.057405 0.006266 0.491768 
0.009124 0.009124 0.009124 0.972629 
0.250000 0.250000 0.250000 0.250000 
 226
0.479817 0.006007 0.046210 
0.462778 0.987727 0.462022 
0.057405 0.006266 0.491768 
0.009124 0.972629 0.009124 0.009124 
0.250000 0.250000 0.250000 0.250000 
 227
0.479817 0.006007 0.046210 
0.462778 0.987727 0.462022 
0.057405 0.006266 0.491768 
0.972629 0.009124 0.009124 0.009124 
0.250000 0.250000 0.250000 0.250000 
 228
0.479817 0.006007 0.046210 
0.462778 0.987727 0.462022 
0.057405 0.006266 0.491768 
0.009124 0.009124 0.010930 0.970822 
0.250000 0.250000 0.250000 0.250000 
 229
0.479817 0.006007 0.046210 
0.462778 0.987727 0.462022 
0.057405 0.006266 0.491768 
0.009124 0.972629 0.009124 0.009124 
0.250000 0.250000 0.250000 0.250000 
 230
0.479817 0.006007 0.046210 
0.462778 0.987727 0.462022 
0.057405 0.006266 0.491768 
0.009124 0.972629 0.009124 0.009124 
0.250000 0.250000 0.250000 0.250000 
 231
0.479817 0.006007 0.046210 
0.462778 0.987727 0.462022 
0.057405 0.006266 0.491768 
0.967368 0.014384 0.009124 0.009124 
0.250000 0.250000 0.250000 0.250000 
 232
0.479817 0.006007 0.046210 
0.462778 0.987727 0.462022 
0.057405 0.006266 0.491768 
0.015419 0.966334 0.009124 0.009124 
0.250000 0.250000 0.250000 0.250000 
 233
0.479817 0.006007 0.046210 
0.462778 0.987727 0.462022 
0.057405 0.006266 0.491768 
0.969359 0.012393 0.009124 0.009124 
0.250000 0.250000 0.250000 0.250000 
 234
