%  SAM: /scicomp/home-pure/vfn4/Tools/label-dev/LABEL_RES/scripts/modelfromalign_Linux v3.5 (July 15, 2005) compiled 12/08/06_16:15:55
%  (c) 1992-2001 Regents of the University of California, Santa Cruz
%
%          Sequence Alignment and Modeling Software System
%         http://www.cse.ucsc.edu/research/compbio/sam.html
%
% ----------------- Citations (SAM, SAM-T2K, HMMs) --------------------
% R. Hughey, A. Krogh, Hidden Markov models for sequence analysis:
%  Extension and analysis of the basic method, CABIOS 12:95-107, 1996.
% K. Karplus, et al., What is the value added by human intervention in protein
%  structure prediction, Proteins: Stucture, Function, Genetics 45(S5):86--91, 2001.
% A. Krogh et al., Hidden Markov models in computational biology:
%  Applications to protein modeling, JMB 235:1501-1531, Feb 1994.
% ---------------------------------------------------------------------
%  c-2344fehLK_hmm   Host: node233.hpc.biotech.cdc.gov    Thu May  4 20:31:29 2023
%  vfn4              Dir:  /scicomp/home-pure/vfn4/fluA/H5/c-2344/c-2344x/c-2344xL2/e-f-like-repair/c-2344xL2-alt
% ---------------------------------------------------------------------
%  Alignment weights from internal calc.  Total (33.41) Max (0.14) Min (0.02)
%  Weights from alignment method 1 (karplus), b=-1.000000, e=0.500000
MODEL --  Model from alignment file /scicomp/home-pure/vfn4/Tools/label-dev/LABEL_RES/training_data/c-2344xL2/c-2344fehLK.fasta
alphabet DNA
FREQAVE
0.000000 0.000000 0.000000 
0.000000 0.000000 0.000000 
0.000000 0.000000 0.000000 
0.348637 0.227999 0.183762 0.239601 
0.348637 0.227999 0.183762 0.239601 
Begin
0.000000 0.000000 0.000000 
0.000000 0.000000 0.000000 
0.000000 0.005379 0.491768 
0.250000 0.250000 0.250000 0.250000 
0.250000 0.250000 0.250000 0.250000 
   1
0.000000 0.241190 0.046210 
0.000000 0.753432 0.462022 
0.014468 0.007040 0.491768 
0.967011 0.010996 0.010996 0.010996 
0.250000 0.250000 0.250000 0.250000 
   2
0.848639 0.006749 0.046210 
0.136893 0.986211 0.462022 
0.014767 0.006982 0.491768 
0.010845 0.010845 0.010845 0.967464 
0.250000 0.250000 0.250000 0.250000 
   3
0.861952 0.006693 0.046210 
0.123282 0.986325 0.462022 
0.014830 0.006970 0.491768 
0.010815 0.967555 0.010815 0.010815 
0.250000 0.250000 0.250000 0.250000 
   4
0.865619 0.006681 0.046210 
0.119551 0.986349 0.462022 
0.014830 0.006970 0.491768 
0.034853 0.943517 0.010815 0.010815 
0.250000 0.250000 0.250000 0.250000 
   5
0.865619 0.006681 0.046210 
0.119551 0.986349 0.462022 
0.014830 0.006970 0.491768 
0.964150 0.012558 0.010815 0.012477 
0.250000 0.250000 0.250000 0.250000 
   6
0.865619 0.006681 0.046210 
0.119551 0.986349 0.462022 
0.014830 0.006970 0.491768 
0.018839 0.957867 0.010815 0.012479 
0.250000 0.250000 0.250000 0.250000 
   7
0.865619 0.006681 0.046210 
0.119551 0.986349 0.462022 
0.014830 0.006970 0.491768 
0.947589 0.030781 0.010815 0.010815 
0.250000 0.250000 0.250000 0.250000 
   8
0.865619 0.006681 0.046210 
0.119551 0.986349 0.462022 
0.014830 0.006970 0.491768 
0.958111 0.017833 0.010815 0.013241 
0.250000 0.250000 0.250000 0.250000 
   9
0.865619 0.006681 0.046210 
0.119551 0.986349 0.462022 
0.014830 0.006970 0.491768 
0.967555 0.010815 0.010815 0.010815 
0.250000 0.250000 0.250000 0.250000 
  10
0.865619 0.006681 0.046210 
0.119551 0.986349 0.462022 
0.014830 0.006970 0.491768 
0.949562 0.028808 0.010815 0.010815 
0.250000 0.250000 0.250000 0.250000 
  11
0.865619 0.006681 0.046210 
0.119551 0.986349 0.462022 
0.014830 0.006970 0.491768 
0.010815 0.010815 0.026750 0.951620 
0.250000 0.250000 0.250000 0.250000 
  12
0.865619 0.006681 0.046210 
0.119551 0.986349 0.462022 
0.014830 0.006970 0.491768 
0.931364 0.046986 0.010825 0.010825 
0.250000 0.250000 0.250000 0.250000 
  13
0.865619 0.006681 0.046210 
0.119551 0.986349 0.462022 
0.014830 0.006970 0.491768 
0.046422 0.931902 0.010838 0.010838 
0.250000 0.250000 0.250000 0.250000 
  14
0.865619 0.006681 0.046210 
0.119551 0.986349 0.462022 
0.014830 0.006970 0.491768 
0.010815 0.010815 0.010815 0.967555 
0.250000 0.250000 0.250000 0.250000 
  15
0.865619 0.006681 0.046210 
0.119551 0.986349 0.462022 
0.014830 0.006970 0.491768 
0.383942 0.592724 0.010815 0.012518 
0.250000 0.250000 0.250000 0.250000 
  16
0.865619 0.006681 0.046210 
0.119551 0.986349 0.462022 
0.014830 0.006970 0.491768 
0.012439 0.010815 0.951525 0.025221 
0.250000 0.250000 0.250000 0.250000 
  17
0.864058 0.006681 0.046210 
0.121112 0.986349 0.462022 
0.014853 0.006966 0.491768 
0.010804 0.010804 0.013107 0.965285 
0.250000 0.250000 0.250000 0.250000 
  18
0.863361 0.006677 0.046210 
0.121786 0.986357 0.462022 
0.014883 0.006960 0.491768 
0.010789 0.010789 0.010789 0.967632 
0.250000 0.250000 0.250000 0.250000 
  19
0.865133 0.006672 0.046210 
0.119984 0.986368 0.462022 
0.014883 0.006960 0.491768 
0.048480 0.010789 0.912445 0.028285 
0.250000 0.250000 0.250000 0.250000 
  20
0.865133 0.006672 0.046210 
0.119984 0.986368 0.462022 
0.014883 0.006960 0.491768 
0.012529 0.010789 0.014999 0.961683 
0.250000 0.250000 0.250000 0.250000 
  21
0.865133 0.006672 0.046210 
0.119984 0.986368 0.462022 
0.014883 0.006960 0.491768 
0.010789 0.010789 0.012527 0.965894 
0.250000 0.250000 0.250000 0.250000 
  22
0.865133 0.006672 0.046210 
0.119984 0.986368 0.462022 
0.014883 0.006960 0.491768 
0.012019 0.010789 0.934764 0.042427 
0.250000 0.250000 0.250000 0.250000 
  23
0.865133 0.006672 0.046210 
0.119984 0.986368 0.462022 
0.014883 0.006960 0.491768 
0.014259 0.010789 0.012256 0.962695 
0.250000 0.250000 0.250000 0.250000 
  24
0.865133 0.006672 0.046210 
0.119984 0.986368 0.462022 
0.014883 0.006960 0.491768 
0.010789 0.013090 0.014934 0.961187 
0.250000 0.250000 0.250000 0.250000 
  25
0.865133 0.006672 0.046210 
0.119984 0.986368 0.462022 
0.014883 0.006960 0.491768 
0.016203 0.561909 0.010789 0.411099 
0.250000 0.250000 0.250000 0.250000 
  26
0.865133 0.006672 0.046210 
0.119984 0.986368 0.462022 
0.014883 0.006960 0.491768 
0.010789 0.010789 0.960531 0.017890 
0.250000 0.250000 0.250000 0.250000 
  27
0.865133 0.006672 0.046210 
0.119984 0.986368 0.462022 
0.014883 0.006960 0.491768 
0.961801 0.010789 0.016620 0.010789 
0.250000 0.250000 0.250000 0.250000 
  28
0.863659 0.006672 0.046210 
0.121458 0.986368 0.462022 
0.014905 0.006956 0.491768 
0.086176 0.888336 0.010779 0.014709 
0.250000 0.250000 0.250000 0.250000 
  29
0.864934 0.006668 0.046210 
0.120161 0.986376 0.462022 
0.014905 0.006956 0.491768 
0.010779 0.010779 0.030655 0.947786 
0.250000 0.250000 0.250000 0.250000 
  30
0.864934 0.006668 0.046210 
0.120161 0.986376 0.462022 
0.014905 0.006956 0.491768 
0.017791 0.945951 0.010779 0.025479 
0.250000 0.250000 0.250000 0.250000 
  31
0.864934 0.006668 0.046210 
0.120161 0.986376 0.462022 
0.014905 0.006956 0.491768 
0.018679 0.943748 0.010779 0.026794 
0.250000 0.250000 0.250000 0.250000 
  32
0.863006 0.006668 0.046210 
0.122088 0.986376 0.462022 
0.014934 0.006951 0.491768 
0.012383 0.010765 0.019702 0.957150 
0.250000 0.250000 0.250000 0.250000 
  33
0.864673 0.006663 0.046210 
0.120393 0.986387 0.462022 
0.014934 0.006951 0.491768 
0.010765 0.012522 0.019265 0.957448 
0.250000 0.250000 0.250000 0.250000 
  34
0.864673 0.006663 0.046210 
0.120393 0.986387 0.462022 
0.014934 0.006951 0.491768 
0.787428 0.190944 0.010814 0.010814 
0.250000 0.250000 0.250000 0.250000 
  35
0.864673 0.006663 0.046210 
0.120393 0.986387 0.462022 
0.014934 0.006951 0.491768 
0.018965 0.955997 0.010765 0.014273 
0.250000 0.250000 0.250000 0.250000 
  36
0.864673 0.006663 0.046210 
0.120393 0.986387 0.462022 
0.014934 0.006951 0.491768 
0.010765 0.010765 0.950616 0.027853 
0.250000 0.250000 0.250000 0.250000 
  37
0.864673 0.006663 0.046210 
0.120393 0.986387 0.462022 
0.014934 0.006951 0.491768 
0.013388 0.013078 0.956651 0.016883 
0.250000 0.250000 0.250000 0.250000 
  38
0.864673 0.006663 0.046210 
0.120393 0.986387 0.462022 
0.014934 0.006951 0.491768 
0.010765 0.013181 0.020080 0.955974 
0.250000 0.250000 0.250000 0.250000 
  39
0.864673 0.006663 0.046210 
0.120393 0.986387 0.462022 
0.014934 0.006951 0.491768 
0.018132 0.010765 0.012036 0.959066 
0.250000 0.250000 0.250000 0.250000 
  40
0.864673 0.006663 0.046210 
0.120393 0.986387 0.462022 
0.014934 0.006951 0.491768 
0.010765 0.965411 0.010765 0.013058 
0.250000 0.250000 0.250000 0.250000 
  41
0.864673 0.006663 0.046210 
0.120393 0.986387 0.462022 
0.014934 0.006951 0.491768 
0.010765 0.013192 0.015345 0.960697 
0.250000 0.250000 0.250000 0.250000 
  42
0.864673 0.006663 0.046210 
0.120393 0.986387 0.462022 
0.014934 0.006951 0.491768 
0.013181 0.013058 0.027757 0.946005 
0.250000 0.250000 0.250000 0.250000 
  43
0.864673 0.006663 0.046210 
0.120393 0.986387 0.462022 
0.014934 0.006951 0.491768 
0.956566 0.017851 0.013058 0.012524 
0.250000 0.250000 0.250000 0.250000 
  44
0.864673 0.006663 0.046210 
0.120393 0.986387 0.462022 
0.014934 0.006951 0.491768 
0.964282 0.010765 0.010765 0.014187 
0.250000 0.250000 0.250000 0.250000 
  45
0.864673 0.006663 0.046210 
0.120393 0.986387 0.462022 
0.014934 0.006951 0.491768 
0.967674 0.010775 0.010775 0.010775 
0.250000 0.250000 0.250000 0.250000 
  46
0.864673 0.006663 0.046210 
0.120393 0.986387 0.462022 
0.014934 0.006951 0.491768 
0.959785 0.018684 0.010765 0.010765 
0.250000 0.250000 0.250000 0.250000 
  47
0.864673 0.006663 0.046210 
0.120393 0.986387 0.462022 
0.014934 0.006951 0.491768 
0.021385 0.957084 0.010765 0.010765 
0.250000 0.250000 0.250000 0.250000 
  48
0.864673 0.006663 0.046210 
0.120393 0.986387 0.462022 
0.014934 0.006951 0.491768 
0.010780 0.010780 0.015130 0.963311 
0.250000 0.250000 0.250000 0.250000 
  49
0.173926 0.006663 0.046210 
0.811140 0.986387 0.462022 
0.048291 0.005461 0.491768 
0.007426 0.977721 0.007426 0.007426 
0.250000 0.250000 0.250000 0.250000 
  50
0.562407 0.005234 0.046210 
0.389302 0.989305 0.462022 
0.048291 0.005461 0.491768 
0.977721 0.007426 0.007426 0.007426 
0.250000 0.250000 0.250000 0.250000 
  51
0.562407 0.005234 0.046210 
0.389302 0.989305 0.462022 
0.048291 0.005461 0.491768 
0.007426 0.007426 0.019837 0.965310 
0.250000 0.250000 0.250000 0.250000 
  52
0.562407 0.005234 0.046210 
0.389302 0.989305 0.462022 
0.048291 0.005461 0.491768 
0.008682 0.007426 0.976466 0.007426 
0.250000 0.250000 0.250000 0.250000 
  53
0.469579 0.005234 0.046210 
0.482130 0.989305 0.462022 
0.053232 0.005412 0.491768 
0.978005 0.007332 0.007332 0.007332 
0.250000 0.250000 0.250000 0.250000 
  54
0.517630 0.005188 0.046210 
0.429138 0.989400 0.462022 
0.053232 0.005412 0.491768 
0.011818 0.973518 0.007332 0.007332 
0.250000 0.250000 0.250000 0.250000 
  55
0.517630 0.005188 0.046210 
0.429138 0.989400 0.462022 
0.053232 0.005412 0.491768 
0.978005 0.007332 0.007332 0.007332 
0.250000 0.250000 0.250000 0.250000 
  56
0.517630 0.005188 0.046210 
0.429138 0.989400 0.462022 
0.053232 0.005412 0.491768 
0.010715 0.008772 0.007332 0.973181 
0.250000 0.250000 0.250000 0.250000 
  57
0.517630 0.005188 0.046210 
0.429138 0.989400 0.462022 
0.053232 0.005412 0.491768 
0.007332 0.007332 0.018020 0.967316 
0.250000 0.250000 0.250000 0.250000 
  58
0.517630 0.005188 0.046210 
0.429138 0.989400 0.462022 
0.053232 0.005412 0.491768 
0.007332 0.007332 0.007332 0.978005 
0.250000 0.250000 0.250000 0.250000 
  59
0.517630 0.005188 0.046210 
0.429138 0.989400 0.462022 
0.053232 0.005412 0.491768 
0.007332 0.978005 0.007332 0.007332 
0.250000 0.250000 0.250000 0.250000 
  60
0.517630 0.005188 0.046210 
0.429138 0.989400 0.462022 
0.053232 0.005412 0.491768 
0.007332 0.007332 0.976892 0.008445 
0.250000 0.250000 0.250000 0.250000 
  61
0.517630 0.005188 0.046210 
0.429138 0.989400 0.462022 
0.053232 0.005412 0.491768 
0.974193 0.007332 0.011143 0.007332 
0.250000 0.250000 0.250000 0.250000 
  62
0.517630 0.005188 0.046210 
0.429138 0.989400 0.462022 
0.053232 0.005412 0.491768 
0.009690 0.007332 0.007332 0.975647 
0.250000 0.250000 0.250000 0.250000 
  63
0.517630 0.005188 0.046210 
0.429138 0.989400 0.462022 
0.053232 0.005412 0.491768 
0.007332 0.007332 0.011974 0.973362 
0.250000 0.250000 0.250000 0.250000 
  64
0.517630 0.005188 0.046210 
0.429138 0.989400 0.462022 
0.053232 0.005412 0.491768 
0.007332 0.978005 0.007332 0.007332 
0.250000 0.250000 0.250000 0.250000 
  65
0.517630 0.005188 0.046210 
0.429138 0.989400 0.462022 
0.053232 0.005412 0.491768 
0.007332 0.978005 0.007332 0.007332 
0.250000 0.250000 0.250000 0.250000 
  66
0.517630 0.005188 0.046210 
0.429138 0.989400 0.462022 
0.053232 0.005412 0.491768 
0.007332 0.010278 0.019870 0.962520 
0.250000 0.250000 0.250000 0.250000 
  67
0.517630 0.005188 0.046210 
0.429138 0.989400 0.462022 
0.053232 0.005412 0.491768 
0.007332 0.007332 0.007332 0.978005 
0.250000 0.250000 0.250000 0.250000 
  68
0.517630 0.005188 0.046210 
0.429138 0.989400 0.462022 
0.053232 0.005412 0.491768 
0.978005 0.007332 0.007332 0.007332 
0.250000 0.250000 0.250000 0.250000 
  69
0.517630 0.005188 0.046210 
0.429138 0.989400 0.462022 
0.053232 0.005412 0.491768 
0.007332 0.007332 0.972671 0.012666 
0.250000 0.250000 0.250000 0.250000 
  70
0.517630 0.005188 0.046210 
0.429138 0.989400 0.462022 
0.053232 0.005412 0.491768 
0.008340 0.007332 0.976997 0.007332 
0.250000 0.250000 0.250000 0.250000 
  71
0.517630 0.005188 0.046210 
0.429138 0.989400 0.462022 
0.053232 0.005412 0.491768 
0.978005 0.007332 0.007332 0.007332 
0.250000 0.250000 0.250000 0.250000 
  72
0.517630 0.005188 0.046210 
0.429138 0.989400 0.462022 
0.053232 0.005412 0.491768 
0.007332 0.007332 0.007332 0.978005 
0.250000 0.250000 0.250000 0.250000 
  73
0.517630 0.005188 0.046210 
0.429138 0.989400 0.462022 
0.053232 0.005412 0.491768 
0.007332 0.978005 0.007332 0.007332 
0.250000 0.250000 0.250000 0.250000 
  74
0.517630 0.005188 0.046210 
0.429138 0.989400 0.462022 
0.053232 0.005412 0.491768 
0.007332 0.007332 0.978005 0.007332 
0.250000 0.250000 0.250000 0.250000 
  75
0.517630 0.005188 0.046210 
0.429138 0.989400 0.462022 
0.053232 0.005412 0.491768 
0.977067 0.008269 0.007332 0.007332 
0.250000 0.250000 0.250000 0.250000 
  76
0.517630 0.005188 0.046210 
0.429138 0.989400 0.462022 
0.053232 0.005412 0.491768 
0.978005 0.007332 0.007332 0.007332 
0.250000 0.250000 0.250000 0.250000 
  77
0.517630 0.005188 0.046210 
0.429138 0.989400 0.462022 
0.053232 0.005412 0.491768 
0.978005 0.007332 0.007332 0.007332 
0.250000 0.250000 0.250000 0.250000 
  78
0.517630 0.005188 0.046210 
0.429138 0.989400 0.462022 
0.053232 0.005412 0.491768 
0.007332 0.007332 0.978005 0.007332 
0.250000 0.250000 0.250000 0.250000 
  79
0.517630 0.005188 0.046210 
0.429138 0.989400 0.462022 
0.053232 0.005412 0.491768 
0.978005 0.007332 0.007332 0.007332 
0.250000 0.250000 0.250000 0.250000 
  80
0.517630 0.005188 0.046210 
0.429138 0.989400 0.462022 
0.053232 0.005412 0.491768 
0.978005 0.007332 0.007332 0.007332 
0.250000 0.250000 0.250000 0.250000 
  81
0.517630 0.005188 0.046210 
0.429138 0.989400 0.462022 
0.053232 0.005412 0.491768 
0.007332 0.007332 0.971648 0.013689 
0.250000 0.250000 0.250000 0.250000 
  82
0.517630 0.005188 0.046210 
0.429138 0.989400 0.462022 
0.053232 0.005412 0.491768 
0.007332 0.007332 0.007332 0.978005 
0.250000 0.250000 0.250000 0.250000 
  83
0.517630 0.005188 0.046210 
0.429138 0.989400 0.462022 
0.053232 0.005412 0.491768 
0.007332 0.007332 0.974803 0.010534 
0.250000 0.250000 0.250000 0.250000 
  84
0.517630 0.005188 0.046210 
0.429138 0.989400 0.462022 
0.053232 0.005412 0.491768 
0.086355 0.889126 0.007332 0.017187 
0.250000 0.250000 0.250000 0.250000 
  85
0.517630 0.005188 0.046210 
0.429138 0.989400 0.462022 
0.053232 0.005412 0.491768 
0.978005 0.007332 0.007332 0.007332 
0.250000 0.250000 0.250000 0.250000 
  86
0.517630 0.005188 0.046210 
0.429138 0.989400 0.462022 
0.053232 0.005412 0.491768 
0.007332 0.007332 0.978005 0.007332 
0.250000 0.250000 0.250000 0.250000 
  87
0.517630 0.005188 0.046210 
0.429138 0.989400 0.462022 
0.053232 0.005412 0.491768 
0.954378 0.027232 0.009927 0.008463 
0.250000 0.250000 0.250000 0.250000 
  88
0.517630 0.005188 0.046210 
0.429138 0.989400 0.462022 
0.053232 0.005412 0.491768 
0.007332 0.978005 0.007332 0.007332 
0.250000 0.250000 0.250000 0.250000 
  89
0.517630 0.005188 0.046210 
0.429138 0.989400 0.462022 
0.053232 0.005412 0.491768 
0.976564 0.007332 0.007332 0.008772 
0.250000 0.250000 0.250000 0.250000 
  90
0.517630 0.005188 0.046210 
0.429138 0.989400 0.462022 
0.053232 0.005412 0.491768 
0.013413 0.971911 0.007338 0.007338 
0.250000 0.250000 0.250000 0.250000 
  91
0.517630 0.005188 0.046210 
0.429138 0.989400 0.462022 
0.053232 0.005412 0.491768 
0.022986 0.007332 0.962350 0.007332 
0.250000 0.250000 0.250000 0.250000 
  92
0.517630 0.005188 0.046210 
0.429138 0.989400 0.462022 
0.053232 0.005412 0.491768 
0.974885 0.010452 0.007332 0.007332 
0.250000 0.250000 0.250000 0.250000 
  93
0.517630 0.005188 0.046210 
0.429138 0.989400 0.462022 
0.053232 0.005412 0.491768 
0.017187 0.968149 0.007332 0.007332 
0.250000 0.250000 0.250000 0.250000 
  94
0.517630 0.005188 0.046210 
0.429138 0.989400 0.462022 
0.053232 0.005412 0.491768 
0.009114 0.976223 0.007332 0.007332 
0.250000 0.250000 0.250000 0.250000 
  95
0.517630 0.005188 0.046210 
0.429138 0.989400 0.462022 
0.053232 0.005412 0.491768 
0.007332 0.007332 0.007332 0.978005 
0.250000 0.250000 0.250000 0.250000 
  96
0.517630 0.005188 0.046210 
0.429138 0.989400 0.462022 
0.053232 0.005412 0.491768 
0.007332 0.007332 0.012558 0.972778 
0.250000 0.250000 0.250000 0.250000 
  97
0.517630 0.005188 0.046210 
0.429138 0.989400 0.462022 
0.053232 0.005412 0.491768 
0.007332 0.978005 0.007332 0.007332 
0.250000 0.250000 0.250000 0.250000 
  98
0.517630 0.005188 0.046210 
0.429138 0.989400 0.462022 
0.053232 0.005412 0.491768 
0.978005 0.007332 0.007332 0.007332 
0.250000 0.250000 0.250000 0.250000 
  99
0.517630 0.005188 0.046210 
0.429138 0.989400 0.462022 
0.053232 0.005412 0.491768 
0.007332 0.007332 0.974408 0.010928 
0.250000 0.250000 0.250000 0.250000 
 100
0.517630 0.005188 0.046210 
0.429138 0.989400 0.462022 
0.053232 0.005412 0.491768 
0.978005 0.007332 0.007332 0.007332 
0.250000 0.250000 0.250000 0.250000 
 101
0.517630 0.005188 0.046210 
0.429138 0.989400 0.462022 
0.053232 0.005412 0.491768 
0.007332 0.007332 0.978005 0.007332 
0.250000 0.250000 0.250000 0.250000 
 102
0.517630 0.005188 0.046210 
0.429138 0.989400 0.462022 
0.053232 0.005412 0.491768 
0.322516 0.661480 0.007332 0.008673 
0.250000 0.250000 0.250000 0.250000 
 103
0.517630 0.005188 0.046210 
0.429138 0.989400 0.462022 
0.053232 0.005412 0.491768 
0.978005 0.007332 0.007332 0.007332 
0.250000 0.250000 0.250000 0.250000 
 104
0.517630 0.005188 0.046210 
0.429138 0.989400 0.462022 
0.053232 0.005412 0.491768 
0.007332 0.007332 0.007332 0.978005 
0.250000 0.250000 0.250000 0.250000 
 105
0.517630 0.005188 0.046210 
0.429138 0.989400 0.462022 
0.053232 0.005412 0.491768 
0.972641 0.008415 0.007332 0.011612 
0.250000 0.250000 0.250000 0.250000 
 106
0.456586 0.005188 0.046210 
0.490182 0.989400 0.462022 
0.056693 0.005384 0.491768 
0.976023 0.007276 0.009423 0.007276 
0.250000 0.250000 0.250000 0.250000 
 107
0.486270 0.005161 0.046210 
0.457037 0.989455 0.462022 
0.056693 0.005384 0.491768 
0.007276 0.007276 0.007276 0.978171 
0.250000 0.250000 0.250000 0.250000 
 108
0.486270 0.005161 0.046210 
0.457037 0.989455 0.462022 
0.056693 0.005384 0.491768 
0.008388 0.974719 0.007276 0.009616 
0.250000 0.250000 0.250000 0.250000 
 109
0.486270 0.005161 0.046210 
0.457037 0.989455 0.462022 
0.056693 0.005384 0.491768 
0.007276 0.978171 0.007276 0.007276 
0.250000 0.250000 0.250000 0.250000 
 110
0.486270 0.005161 0.046210 
0.457037 0.989455 0.462022 
0.056693 0.005384 0.491768 
0.978171 0.007276 0.007276 0.007276 
0.250000 0.250000 0.250000 0.250000 
 111
0.486270 0.005161 0.046210 
0.457037 0.989455 0.462022 
0.056693 0.005384 0.491768 
0.965742 0.019705 0.007276 0.007276 
0.250000 0.250000 0.250000 0.250000 
 112
0.486270 0.005161 0.046210 
0.457037 0.989455 0.462022 
0.056693 0.005384 0.491768 
0.978171 0.007276 0.007276 0.007276 
0.250000 0.250000 0.250000 0.250000 
 113
0.486270 0.005161 0.046210 
0.457037 0.989455 0.462022 
0.056693 0.005384 0.491768 
0.976712 0.008735 0.007276 0.007276 
0.250000 0.250000 0.250000 0.250000 
 114
0.486270 0.005161 0.046210 
0.457037 0.989455 0.462022 
0.056693 0.005384 0.491768 
0.939365 0.046082 0.007276 0.007276 
0.250000 0.250000 0.250000 0.250000 
 115
0.486270 0.005161 0.046210 
0.457037 0.989455 0.462022 
0.056693 0.005384 0.491768 
0.978171 0.007276 0.007276 0.007276 
0.250000 0.250000 0.250000 0.250000 
 116
0.486270 0.005161 0.046210 
0.457037 0.989455 0.462022 
0.056693 0.005384 0.491768 
0.978171 0.007276 0.007276 0.007276 
0.250000 0.250000 0.250000 0.250000 
 117
0.486270 0.005161 0.046210 
0.457037 0.989455 0.462022 
0.056693 0.005384 0.491768 
0.007290 0.007290 0.972421 0.012998 
0.250000 0.250000 0.250000 0.250000 
 118
0.486270 0.005161 0.046210 
0.457037 0.989455 0.462022 
0.056693 0.005384 0.491768 
0.007276 0.978171 0.007276 0.007276 
0.250000 0.250000 0.250000 0.250000 
 119
0.486270 0.005161 0.046210 
0.457037 0.989455 0.462022 
0.056693 0.005384 0.491768 
0.009836 0.007276 0.007276 0.975611 
0.250000 0.250000 0.250000 0.250000 
 120
0.486270 0.005161 0.046210 
0.457037 0.989455 0.462022 
0.056693 0.005384 0.491768 
0.007276 0.007276 0.973377 0.012070 
0.250000 0.250000 0.250000 0.250000 
 121
0.486270 0.005161 0.046210 
0.457037 0.989455 0.462022 
0.056693 0.005384 0.491768 
0.978171 0.007276 0.007276 0.007276 
0.250000 0.250000 0.250000 0.250000 
 122
0.486270 0.005161 0.046210 
0.457037 0.989455 0.462022 
0.056693 0.005384 0.491768 
0.007276 0.007276 0.978171 0.007276 
0.250000 0.250000 0.250000 0.250000 
 123
0.486270 0.005161 0.046210 
0.457037 0.989455 0.462022 
0.056693 0.005384 0.491768 
0.007276 0.007276 0.008811 0.976636 
0.250000 0.250000 0.250000 0.250000 
 124
0.486270 0.005161 0.046210 
0.457037 0.989455 0.462022 
0.056693 0.005384 0.491768 
0.007276 0.978171 0.007276 0.007276 
0.250000 0.250000 0.250000 0.250000 
 125
0.486270 0.005161 0.046210 
0.457037 0.989455 0.462022 
0.056693 0.005384 0.491768 
0.007276 0.007276 0.007276 0.978171 
0.250000 0.250000 0.250000 0.250000 
 126
0.486270 0.005161 0.046210 
0.457037 0.989455 0.462022 
0.056693 0.005384 0.491768 
0.007276 0.007276 0.025544 0.959903 
0.250000 0.250000 0.250000 0.250000 
 127
0.486270 0.005161 0.046210 
0.457037 0.989455 0.462022 
0.056693 0.005384 0.491768 
0.978171 0.007276 0.007276 0.007276 
0.250000 0.250000 0.250000 0.250000 
 128
0.486270 0.005161 0.046210 
0.457037 0.989455 0.462022 
0.056693 0.005384 0.491768 
0.007276 0.007276 0.978171 0.007276 
0.250000 0.250000 0.250000 0.250000 
 129
0.486270 0.005161 0.046210 
0.457037 0.989455 0.462022 
0.056693 0.005384 0.491768 
0.689415 0.294400 0.007276 0.008908 
0.250000 0.250000 0.250000 0.250000 
 130
0.486270 0.005161 0.046210 
0.457037 0.989455 0.462022 
0.056693 0.005384 0.491768 
0.007276 0.007276 0.978171 0.007276 
0.250000 0.250000 0.250000 0.250000 
 131
0.486270 0.005161 0.046210 
0.457037 0.989455 0.462022 
0.056693 0.005384 0.491768 
0.976758 0.008689 0.007276 0.007276 
0.250000 0.250000 0.250000 0.250000 
 132
0.486270 0.005161 0.046210 
0.457037 0.989455 0.462022 
0.056693 0.005384 0.491768 
0.008103 0.012574 0.009236 0.970086 
0.250000 0.250000 0.250000 0.250000 
 133
0.486270 0.005161 0.046210 
0.457037 0.989455 0.462022 
0.056693 0.005384 0.491768 
0.010005 0.974601 0.007276 0.008118 
0.250000 0.250000 0.250000 0.250000 
 134
0.486270 0.005161 0.046210 
0.457037 0.989455 0.462022 
0.056693 0.005384 0.491768 
0.007276 0.007276 0.978171 0.007276 
0.250000 0.250000 0.250000 0.250000 
 135
0.486270 0.005161 0.046210 
0.457037 0.989455 0.462022 
0.056693 0.005384 0.491768 
0.008218 0.007290 0.953202 0.031290 
0.250000 0.250000 0.250000 0.250000 
 136
0.486270 0.005161 0.046210 
0.457037 0.989455 0.462022 
0.056693 0.005384 0.491768 
0.010458 0.007276 0.974989 0.007276 
0.250000 0.250000 0.250000 0.250000 
 137
0.486270 0.005161 0.046210 
0.457037 0.989455 0.462022 
0.056693 0.005384 0.491768 
0.967239 0.018208 0.007277 0.007277 
0.250000 0.250000 0.250000 0.250000 
 138
0.486270 0.005161 0.046210 
0.457037 0.989455 0.462022 
0.056693 0.005384 0.491768 
0.970762 0.014685 0.007276 0.007276 
0.250000 0.250000 0.250000 0.250000 
 139
0.486270 0.005161 0.046210 
0.457037 0.989455 0.462022 
0.056693 0.005384 0.491768 
0.018230 0.967217 0.007277 0.007277 
0.250000 0.250000 0.250000 0.250000 
 140
0.486270 0.005161 0.046210 
0.457037 0.989455 0.462022 
0.056693 0.005384 0.491768 
0.978171 0.007276 0.007276 0.007276 
0.250000 0.250000 0.250000 0.250000 
 141
0.486270 0.005161 0.046210 
0.457037 0.989455 0.462022 
0.056693 0.005384 0.491768 
0.007276 0.007276 0.974875 0.010572 
0.250000 0.250000 0.250000 0.250000 
 142
0.486270 0.005161 0.046210 
0.457037 0.989455 0.462022 
0.056693 0.005384 0.491768 
0.978171 0.007276 0.007276 0.007276 
0.250000 0.250000 0.250000 0.250000 
 143
0.486270 0.005161 0.046210 
0.457037 0.989455 0.462022 
0.056693 0.005384 0.491768 
0.007276 0.007276 0.007276 0.978171 
0.250000 0.250000 0.250000 0.250000 
 144
0.486270 0.005161 0.046210 
0.457037 0.989455 0.462022 
0.056693 0.005384 0.491768 
0.976543 0.007276 0.007276 0.008904 
0.250000 0.250000 0.250000 0.250000 
 145
0.486270 0.005161 0.046210 
0.457037 0.989455 0.462022 
0.056693 0.005384 0.491768 
0.007276 0.009836 0.974545 0.008342 
0.250000 0.250000 0.250000 0.250000 
 146
0.486270 0.005161 0.046210 
0.457037 0.989455 0.462022 
0.056693 0.005384 0.491768 
0.007276 0.007276 0.007276 0.978171 
0.250000 0.250000 0.250000 0.250000 
 147
0.486270 0.006788 0.046210 
0.457037 0.987828 0.462022 
0.055571 0.005393 0.491768 
0.019788 0.965625 0.007294 0.007294 
0.250000 0.250000 0.250000 0.250000 
 148
0.476647 0.005169 0.046210 
0.467782 0.989438 0.462022 
0.056693 0.005384 0.491768 
0.007276 0.978171 0.007276 0.007276 
0.250000 0.250000 0.250000 0.250000 
 149
0.486270 0.005161 0.046210 
0.457037 0.989455 0.462022 
0.056693 0.005384 0.491768 
0.977183 0.008264 0.007276 0.007276 
0.250000 0.250000 0.250000 0.250000 
 150
0.486270 0.005161 0.046210 
0.457037 0.989455 0.462022 
0.056693 0.005384 0.491768 
0.973134 0.012313 0.007276 0.007276 
0.250000 0.250000 0.250000 0.250000 
 151
0.486270 0.005161 0.046210 
0.457037 0.989455 0.462022 
0.056693 0.005384 0.491768 
0.978171 0.007276 0.007276 0.007276 
0.250000 0.250000 0.250000 0.250000 
 152
0.486270 0.005161 0.046210 
0.457037 0.989455 0.462022 
0.056693 0.005384 0.491768 
0.969781 0.015666 0.007276 0.007276 
0.250000 0.250000 0.250000 0.250000 
 153
0.486270 0.005161 0.046210 
0.457037 0.989455 0.462022 
0.056693 0.005384 0.491768 
0.024258 0.961189 0.007276 0.007276 
0.250000 0.250000 0.250000 0.250000 
 154
0.486270 0.005161 0.046210 
0.457037 0.989455 0.462022 
0.056693 0.005384 0.491768 
0.976764 0.008683 0.007276 0.007276 
0.250000 0.250000 0.250000 0.250000 
 155
0.486270 0.005161 0.046210 
0.457037 0.989455 0.462022 
0.056693 0.005384 0.491768 
0.008645 0.007276 0.976802 0.007276 
0.250000 0.250000 0.250000 0.250000 
 156
0.486270 0.005161 0.046210 
0.457037 0.989455 0.462022 
0.056693 0.005384 0.491768 
0.974802 0.010645 0.007276 0.007276 
0.250000 0.250000 0.250000 0.250000 
 157
0.486270 0.005161 0.046210 
0.457037 0.989455 0.462022 
0.056693 0.005384 0.491768 
0.007276 0.007276 0.978171 0.007276 
0.250000 0.250000 0.250000 0.250000 
 158
0.486270 0.005161 0.046210 
0.457037 0.989455 0.462022 
0.056693 0.005384 0.491768 
0.978171 0.007276 0.007276 0.007276 
0.250000 0.250000 0.250000 0.250000 
 159
0.486270 0.005161 0.046210 
0.457037 0.989455 0.462022 
0.056693 0.005384 0.491768 
0.007276 0.007276 0.976179 0.009268 
0.250000 0.250000 0.250000 0.250000 
 160
0.486270 0.005161 0.046210 
0.457037 0.989455 0.462022 
0.056693 0.005384 0.491768 
0.978171 0.007276 0.007276 0.007276 
0.250000 0.250000 0.250000 0.250000 
 161
0.486270 0.005161 0.046210 
0.457037 0.989455 0.462022 
0.056693 0.005384 0.491768 
0.978171 0.007276 0.007276 0.007276 
0.250000 0.250000 0.250000 0.250000 
 162
0.486270 0.005161 0.046210 
0.457037 0.989455 0.462022 
0.056693 0.005384 0.491768 
0.011494 0.008607 0.958133 0.021767 
0.250000 0.250000 0.250000 0.250000 
 163
0.486270 0.005161 0.046210 
0.457037 0.989455 0.462022 
0.056693 0.005384 0.491768 
0.017909 0.967538 0.007276 0.007276 
0.250000 0.250000 0.250000 0.250000 
 164
0.486270 0.005161 0.046210 
0.457037 0.989455 0.462022 
0.056693 0.005384 0.491768 
0.008614 0.976833 0.007276 0.007276 
0.250000 0.250000 0.250000 0.250000 
 165
0.486270 0.005161 0.046210 
0.457037 0.989455 0.462022 
0.056693 0.005384 0.491768 
0.052008 0.932162 0.007302 0.008528 
0.250000 0.250000 0.250000 0.250000 
 166
0.486270 0.005161 0.046210 
0.457037 0.989455 0.462022 
0.056693 0.005384 0.491768 
0.978171 0.007276 0.007276 0.007276 
0.250000 0.250000 0.250000 0.250000 
 167
0.486270 0.005161 0.046210 
0.457037 0.989455 0.462022 
0.056693 0.005384 0.491768 
0.352876 0.626884 0.007276 0.012964 
0.250000 0.250000 0.250000 0.250000 
 168
0.486270 0.005161 0.046210 
0.457037 0.989455 0.462022 
0.056693 0.005384 0.491768 
0.043748 0.941687 0.007282 0.007282 
0.250000 0.250000 0.250000 0.250000 
 169
0.486270 0.005161 0.046210 
0.457037 0.989455 0.462022 
0.056693 0.005384 0.491768 
0.007276 0.007276 0.978171 0.007276 
0.250000 0.250000 0.250000 0.250000 
 170
0.486270 0.005161 0.046210 
0.457037 0.989455 0.462022 
0.056693 0.005384 0.491768 
0.007276 0.007276 0.007276 0.978171 
0.250000 0.250000 0.250000 0.250000 
 171
0.486270 0.005161 0.046210 
0.457037 0.989455 0.462022 
0.056693 0.005384 0.491768 
0.013891 0.007276 0.968670 0.010163 
0.250000 0.250000 0.250000 0.250000 
 172
0.486270 0.005161 0.046210 
0.457037 0.989455 0.462022 
0.056693 0.005384 0.491768 
0.007276 0.007276 0.007276 0.978171 
0.250000 0.250000 0.250000 0.250000 
 173
0.486270 0.005161 0.046210 
0.457037 0.989455 0.462022 
0.056693 0.005384 0.491768 
0.007276 0.978171 0.007276 0.007276 
0.250000 0.250000 0.250000 0.250000 
 174
0.486270 0.005161 0.046210 
0.457037 0.989455 0.462022 
0.056693 0.005384 0.491768 
0.007282 0.007282 0.971424 0.014012 
0.250000 0.250000 0.250000 0.250000 
 175
0.486270 0.005161 0.046210 
0.457037 0.989455 0.462022 
0.056693 0.005384 0.491768 
0.029768 0.954110 0.008846 0.007276 
0.250000 0.250000 0.250000 0.250000 
 176
0.486270 0.005161 0.046210 
0.457037 0.989455 0.462022 
0.056693 0.005384 0.491768 
0.978171 0.007276 0.007276 0.007276 
0.250000 0.250000 0.250000 0.250000 
 177
0.486270 0.005161 0.046210 
0.457037 0.989455 0.462022 
0.056693 0.005384 0.491768 
0.007276 0.007276 0.007276 0.978171 
0.250000 0.250000 0.250000 0.250000 
 178
0.486270 0.005161 0.046210 
0.457037 0.989455 0.462022 
0.056693 0.005384 0.491768 
0.007276 0.007276 0.967257 0.018190 
0.250000 0.250000 0.250000 0.250000 
 179
0.486270 0.005161 0.046210 
0.457037 0.989455 0.462022 
0.056693 0.005384 0.491768 
0.007276 0.009836 0.007276 0.975611 
0.250000 0.250000 0.250000 0.250000 
 180
0.486270 0.005161 0.046210 
0.457037 0.989455 0.462022 
0.056693 0.005384 0.491768 
0.020313 0.965134 0.007277 0.007277 
0.250000 0.250000 0.250000 0.250000 
 181
0.486270 0.005161 0.046210 
0.457037 0.989455 0.462022 
0.056693 0.005384 0.491768 
0.978171 0.007276 0.007276 0.007276 
0.250000 0.250000 0.250000 0.250000 
 182
0.486270 0.005161 0.046210 
0.457037 0.989455 0.462022 
0.056693 0.005384 0.491768 
0.978171 0.007276 0.007276 0.007276 
0.250000 0.250000 0.250000 0.250000 
 183
0.486270 0.005161 0.046210 
0.457037 0.989455 0.462022 
0.056693 0.005384 0.491768 
0.008692 0.007276 0.009854 0.974178 
0.250000 0.250000 0.250000 0.250000 
 184
0.486270 0.005161 0.046210 
0.457037 0.989455 0.462022 
0.056693 0.005384 0.491768 
0.007276 0.978171 0.007276 0.007276 
0.250000 0.250000 0.250000 0.250000 
 185
0.486270 0.005161 0.046210 
0.457037 0.989455 0.462022 
0.056693 0.005384 0.491768 
0.007276 0.978171 0.007276 0.007276 
0.250000 0.250000 0.250000 0.250000 
 186
0.486270 0.005161 0.046210 
0.457037 0.989455 0.462022 
0.056693 0.005384 0.491768 
0.932062 0.052355 0.007281 0.008301 
0.250000 0.250000 0.250000 0.250000 
 187
0.486270 0.005161 0.046210 
0.457037 0.989455 0.462022 
0.056693 0.005384 0.491768 
0.007276 0.977009 0.007276 0.008438 
0.250000 0.250000 0.250000 0.250000 
 188
0.486270 0.005161 0.046210 
0.457037 0.989455 0.462022 
0.056693 0.005384 0.491768 
0.007276 0.011494 0.007276 0.973953 
0.250000 0.250000 0.250000 0.250000 
 189
0.486270 0.005161 0.046210 
0.457037 0.989455 0.462022 
0.056693 0.005384 0.491768 
0.054443 0.930992 0.007282 0.007282 
0.250000 0.250000 0.250000 0.250000 
 190
0.486270 0.005161 0.046210 
0.457037 0.989455 0.462022 
0.056693 0.005384 0.491768 
0.973953 0.011494 0.007276 0.007276 
0.250000 0.250000 0.250000 0.250000 
 191
0.486270 0.005161 0.046210 
0.457037 0.989455 0.462022 
0.056693 0.005384 0.491768 
0.973511 0.011936 0.007276 0.007276 
0.250000 0.250000 0.250000 0.250000 
 192
0.486270 0.005161 0.046210 
0.457037 0.989455 0.462022 
0.056693 0.005384 0.491768 
0.968504 0.016932 0.007282 0.007282 
0.250000 0.250000 0.250000 0.250000 
 193
0.486270 0.005161 0.046210 
0.457037 0.989455 0.462022 
0.056693 0.005384 0.491768 
0.007276 0.007276 0.978171 0.007276 
0.250000 0.250000 0.250000 0.250000 
 194
0.486270 0.005161 0.046210 
0.457037 0.989455 0.462022 
0.056693 0.005384 0.491768 
0.007276 0.007276 0.978171 0.007276 
0.250000 0.250000 0.250000 0.250000 
 195
0.486270 0.005161 0.046210 
0.457037 0.989455 0.462022 
0.056693 0.005384 0.491768 
0.020465 0.007276 0.011073 0.961186 
0.250000 0.250000 0.250000 0.250000 
 196
0.486270 0.005161 0.046210 
0.457037 0.989455 0.462022 
0.056693 0.005384 0.491768 
0.007276 0.007276 0.973199 0.012248 
0.250000 0.250000 0.250000 0.250000 
 197
0.486270 0.005161 0.046210 
0.457037 0.989455 0.462022 
0.056693 0.005384 0.491768 
0.007276 0.007276 0.007276 0.978171 
0.250000 0.250000 0.250000 0.250000 
 198
0.486270 0.005161 0.046210 
0.457037 0.989455 0.462022 
0.056693 0.005384 0.491768 
0.014219 0.967011 0.007276 0.011494 
0.250000 0.250000 0.250000 0.250000 
 199
0.486270 0.005161 0.046210 
0.457037 0.989455 0.462022 
0.056693 0.005384 0.491768 
0.926618 0.058806 0.007288 0.007288 
0.250000 0.250000 0.250000 0.250000 
 200
0.486270 0.005161 0.046210 
0.457037 0.989455 0.462022 
0.056693 0.005384 0.491768 
0.011494 0.007276 0.007276 0.973953 
0.250000 0.250000 0.250000 0.250000 
 201
0.486270 0.005161 0.046210 
0.457037 0.989455 0.462022 
0.056693 0.005384 0.491768 
0.007276 0.008112 0.009162 0.975450 
0.250000 0.250000 0.250000 0.250000 
 202
0.486270 0.005161 0.046210 
0.457037 0.989455 0.462022 
0.056693 0.005384 0.491768 
0.007276 0.007276 0.016456 0.968991 
0.250000 0.250000 0.250000 0.250000 
 203
0.486270 0.005161 0.046210 
0.457037 0.989455 0.462022 
0.056693 0.005384 0.491768 
0.007276 0.007276 0.007276 0.978171 
0.250000 0.250000 0.250000 0.250000 
 204
0.486270 0.005161 0.046210 
0.457037 0.989455 0.462022 
0.056693 0.005384 0.491768 
0.919445 0.061784 0.007276 0.011494 
0.250000 0.250000 0.250000 0.250000 
 205
0.486270 0.005161 0.046210 
0.457037 0.989455 0.462022 
0.056693 0.005384 0.491768 
0.978171 0.007276 0.007276 0.007276 
0.250000 0.250000 0.250000 0.250000 
 206
0.486270 0.005161 0.046210 
0.457037 0.989455 0.462022 
0.056693 0.005384 0.491768 
0.977220 0.007276 0.008227 0.007276 
0.250000 0.250000 0.250000 0.250000 
 207
0.486270 0.005161 0.046210 
0.457037 0.989455 0.462022 
0.056693 0.005384 0.491768 
0.030576 0.952805 0.007276 0.009343 
0.250000 0.250000 0.250000 0.250000 
 208
0.486270 0.005161 0.046210 
0.457037 0.989455 0.462022 
0.056693 0.005384 0.491768 
0.166955 0.818444 0.007301 0.007301 
0.250000 0.250000 0.250000 0.250000 
 209
0.486270 0.005161 0.046210 
0.457037 0.989455 0.462022 
0.056693 0.005384 0.491768 
0.978171 0.007276 0.007276 0.007276 
0.250000 0.250000 0.250000 0.250000 
 210
0.486270 0.005161 0.046210 
0.457037 0.989455 0.462022 
0.056693 0.005384 0.491768 
0.007276 0.007276 0.010496 0.974951 
0.250000 0.250000 0.250000 0.250000 
 211
0.486270 0.005161 0.046210 
0.457037 0.989455 0.462022 
0.056693 0.005384 0.491768 
0.007276 0.007276 0.007276 0.978171 
0.250000 0.250000 0.250000 0.250000 
 212
0.486270 0.005161 0.046210 
0.457037 0.989455 0.462022 
0.056693 0.005384 0.491768 
0.007276 0.978171 0.007276 0.007276 
0.250000 0.250000 0.250000 0.250000 
 213
0.486270 0.005161 0.046210 
0.457037 0.989455 0.462022 
0.056693 0.005384 0.491768 
0.007276 0.007276 0.009262 0.976185 
0.250000 0.250000 0.250000 0.250000 
 214
0.486270 0.005161 0.046210 
0.457037 0.989455 0.462022 
0.056693 0.005384 0.491768 
0.978171 0.007276 0.007276 0.007276 
0.250000 0.250000 0.250000 0.250000 
 215
0.486270 0.005161 0.046210 
0.457037 0.989455 0.462022 
0.056693 0.005384 0.491768 
0.008368 0.975918 0.007276 0.008438 
0.250000 0.250000 0.250000 0.250000 
 216
0.486270 0.005161 0.046210 
0.457037 0.989455 0.462022 
0.056693 0.005384 0.491768 
0.007276 0.007276 0.012227 0.973220 
0.250000 0.250000 0.250000 0.250000 
 217
0.486270 0.005161 0.046210 
0.457037 0.989455 0.462022 
0.056693 0.005384 0.491768 
0.007276 0.978171 0.007276 0.007276 
0.250000 0.250000 0.250000 0.250000 
 218
0.486270 0.005161 0.046210 
0.457037 0.989455 0.462022 
0.056693 0.005384 0.491768 
0.007276 0.007276 0.007276 0.978171 
0.250000 0.250000 0.250000 0.250000 
 219
0.486270 0.005161 0.046210 
0.457037 0.989455 0.462022 
0.056693 0.005384 0.491768 
0.950798 0.030081 0.007291 0.011830 
0.250000 0.250000 0.250000 0.250000 
 220
0.486270 0.005161 0.046210 
0.457037 0.989455 0.462022 
0.056693 0.005384 0.491768 
0.012585 0.971836 0.007276 0.008302 
0.250000 0.250000 0.250000 0.250000 
 221
0.486270 0.005161 0.046210 
0.457037 0.989455 0.462022 
0.056693 0.005384 0.491768 
0.007276 0.007276 0.978171 0.007276 
0.250000 0.250000 0.250000 0.250000 
 222
0.486270 0.005161 0.046210 
0.457037 0.989455 0.462022 
0.056693 0.005384 0.491768 
0.020739 0.007276 0.008896 0.963089 
0.250000 0.250000 0.250000 0.250000 
 223
0.486270 0.005161 0.046210 
0.457037 0.989455 0.462022 
0.056693 0.005384 0.491768 
0.007276 0.978171 0.007276 0.007276 
0.250000 0.250000 0.250000 0.250000 
 224
0.486270 0.005161 0.046210 
0.457037 0.989455 0.462022 
0.056693 0.005384 0.491768 
0.007276 0.978171 0.007276 0.007276 
0.250000 0.250000 0.250000 0.250000 
 225
0.486270 0.005161 0.046210 
0.457037 0.989455 0.462022 
0.056693 0.005384 0.491768 
0.957561 0.027886 0.007276 0.007276 
0.250000 0.250000 0.250000 0.250000 
 226
0.486270 0.005161 0.046210 
0.457037 0.989455 0.462022 
0.056693 0.005384 0.491768 
0.007276 0.007276 0.007276 0.978171 
0.250000 0.250000 0.250000 0.250000 
 227
0.486270 0.005161 0.046210 
0.457037 0.989455 0.462022 
0.056693 0.005384 0.491768 
0.007276 0.978171 0.007276 0.007276 
0.250000 0.250000 0.250000 0.250000 
 228
0.486270 0.005161 0.046210 
0.457037 0.989455 0.462022 
0.056693 0.005384 0.491768 
0.007276 0.978171 0.007276 0.007276 
0.250000 0.250000 0.250000 0.250000 
 229
0.486270 0.005161 0.046210 
0.457037 0.989455 0.462022 
0.056693 0.005384 0.491768 
0.007276 0.011494 0.971471 0.009759 
0.250000 0.250000 0.250000 0.250000 
 230
0.486270 0.005161 0.046210 
0.457037 0.989455 0.462022 
0.056693 0.005384 0.491768 
0.007276 0.007276 0.007276 0.978171 
0.250000 0.250000 0.250000 0.250000 
 231
0.486270 0.005161 0.046210 
0.457037 0.989455 0.462022 
0.056693 0.005384 0.491768 
0.007276 0.007276 0.046611 0.938836 
0.250000 0.250000 0.250000 0.250000 
 232
0.486270 0.005161 0.046210 
0.457037 0.989455 0.462022 
0.056693 0.005384 0.491768 
0.007276 0.007276 0.978171 0.007276 
0.250000 0.250000 0.250000 0.250000 
 233
0.486270 0.005161 0.046210 
0.457037 0.989455 0.462022 
0.056693 0.005384 0.491768 
0.010405 0.007276 0.007276 0.975042 
0.250000 0.250000 0.250000 0.250000 
 234
0.486270 0.005161 0.046210 
0.457037 0.989455 0.462022 
0.056693 0.005384 0.491768 
0.007276 0.007276 0.008635 0.976812 
0.250000 0.250000 0.250000 0.250000 
 235
0.486270 0.005161 0.046210 
0.457037 0.989455 0.462022 
