%  SAM: /scicomp/groups/OID/NCIRD/ID-OD/ID_nomenclatures/label/LABEL_RES/scripts/modelfromalign_Linux v3.5 (July 15, 2005) compiled 12/08/06_16:15:55
%  (c) 1992-2001 Regents of the University of California, Santa Cruz
%
%          Sequence Alignment and Modeling Software System
%         http://www.cse.ucsc.edu/research/compbio/sam.html
%
% ----------------- Citations (SAM, SAM-T2K, HMMs) --------------------
% R. Hughey, A. Krogh, Hidden Markov models for sequence analysis:
%  Extension and analysis of the basic method, CABIOS 12:95-107, 1996.
% K. Karplus, et al., What is the value added by human intervention in protein
%  structure prediction, Proteins: Stucture, Function, Genetics 45(S5):86--91, 2001.
% A. Krogh et al., Hidden Markov models in computational biology:
%  Applications to protein modeling, JMB 235:1501-1531, Feb 1994.
% ---------------------------------------------------------------------
%  c-5-6_hmm   Host: node16.hpc.biotech.cdc.gov    Tue Nov  8 12:44:12 2016
%  vfn4        Dir:  /scicomp/groups/OID/NCIRD/ID-OD/ID_nomenclatures/H3/versions/H3v2016R2/c-3-4-5-6-7-VIC
% ---------------------------------------------------------------------
%  Alignment weights from internal calc.  Total (35.68) Max (0.15) Min (0.02)
%  Weights from alignment method 1 (karplus), b=-1.000000, e=0.500000
MODEL --  Model from alignment file /scicomp/groups/OID/NCIRD/ID-OD/ID_nomenclatures/label/LABEL_RES/training_data/H3v2016R2/c-3-4-5-6-7-VIC/c-5-6.fasta
alphabet DNA
FREQAVE
0.000000 0.000000 0.000000 
0.000000 0.000000 0.000000 
0.000000 0.000000 0.000000 
0.338685 0.222735 0.198846 0.239734 
0.338685 0.222735 0.198846 0.239734 
Begin
0.000000 0.000000 0.000000 
0.000000 0.000000 0.000000 
0.000000 0.005142 0.491768 
0.250000 0.250000 0.250000 0.250000 
0.250000 0.250000 0.250000 0.250000 
   1
0.000000 0.038788 0.046210 
0.000000 0.956070 0.462022 
0.039719 0.005323 0.491768 
0.978527 0.007158 0.007158 0.007158 
0.250000 0.250000 0.250000 0.250000 
   2
0.640085 0.005102 0.046210 
0.320196 0.989576 0.462022 
0.039719 0.005323 0.491768 
0.007158 0.007158 0.007158 0.978527 
0.250000 0.250000 0.250000 0.250000 
   3
0.640085 0.005102 0.046210 
0.320196 0.989576 0.462022 
0.039719 0.005323 0.491768 
0.007158 0.978527 0.007158 0.007158 
0.250000 0.250000 0.250000 0.250000 
   4
0.640085 0.005102 0.046210 
0.320196 0.989576 0.462022 
0.039719 0.005323 0.491768 
0.974546 0.011138 0.007158 0.007158 
0.250000 0.250000 0.250000 0.250000 
   5
0.640085 0.005102 0.046210 
0.320196 0.989576 0.462022 
0.039719 0.005323 0.491768 
0.974423 0.011262 0.007158 0.007158 
0.250000 0.250000 0.250000 0.250000 
   6
0.640085 0.005102 0.046210 
0.320196 0.989576 0.462022 
0.039719 0.005323 0.491768 
0.010366 0.975319 0.007158 0.007158 
0.250000 0.250000 0.250000 0.250000 
   7
0.640085 0.005102 0.046210 
0.320196 0.989576 0.462022 
0.039719 0.005323 0.491768 
0.977164 0.008521 0.007158 0.007158 
0.250000 0.250000 0.250000 0.250000 
   8
0.640085 0.005102 0.046210 
0.320196 0.989576 0.462022 
0.039719 0.005323 0.491768 
0.008341 0.007158 0.977344 0.007158 
0.250000 0.250000 0.250000 0.250000 
   9
0.640085 0.005102 0.046210 
0.320196 0.989576 0.462022 
0.039719 0.005323 0.491768 
0.034632 0.007158 0.149001 0.809210 
0.250000 0.250000 0.250000 0.250000 
  10
0.622338 0.005102 0.046210 
0.337943 0.989576 0.462022 
0.040436 0.005312 0.491768 
0.976803 0.008923 0.007137 0.007137 
0.250000 0.250000 0.250000 0.250000 
  11
0.599942 0.005092 0.046210 
0.359621 0.989597 0.462022 
0.041844 0.005292 0.491768 
0.010372 0.007099 0.014762 0.967767 
0.250000 0.250000 0.250000 0.250000 
  12
0.597438 0.005073 0.046210 
0.360718 0.989635 0.462022 
0.042846 0.005279 0.491768 
0.007074 0.007074 0.977300 0.008552 
0.250000 0.250000 0.250000 0.250000 
  13
0.611746 0.005060 0.046210 
0.345408 0.989661 0.462022 
0.042846 0.005279 0.491768 
0.978779 0.007074 0.007074 0.007074 
0.250000 0.250000 0.250000 0.250000 
  14
0.570916 0.005060 0.046210 
0.386238 0.989661 0.462022 
0.044670 0.005256 0.491768 
0.007031 0.007031 0.007031 0.978908 
0.250000 0.250000 0.250000 0.250000 
  15
0.595219 0.005038 0.046210 
0.360111 0.989705 0.462022 
0.044670 0.005256 0.491768 
0.007031 0.008344 0.007031 0.977594 
0.250000 0.250000 0.250000 0.250000 
  16
0.580102 0.005038 0.046210 
0.375228 0.989705 0.462022 
0.045356 0.005248 0.491768 
0.007016 0.978953 0.007016 0.007016 
0.250000 0.250000 0.250000 0.250000 
  17
0.584887 0.005031 0.046210 
0.369757 0.989721 0.462022 
0.045543 0.005246 0.491768 
0.007012 0.007012 0.978965 0.007012 
0.250000 0.250000 0.250000 0.250000 
  18
0.587306 0.005029 0.046210 
0.367151 0.989725 0.462022 
0.045543 0.005246 0.491768 
0.008193 0.007012 0.009496 0.975300 
0.250000 0.250000 0.250000 0.250000 
  19
0.587306 0.005029 0.046210 
0.367151 0.989725 0.462022 
0.045543 0.005246 0.491768 
0.008551 0.007800 0.007012 0.976637 
0.250000 0.250000 0.250000 0.250000 
  20
0.587306 0.005029 0.046210 
0.367151 0.989725 0.462022 
0.045543 0.005246 0.491768 
0.007012 0.007012 0.007012 0.978965 
0.250000 0.250000 0.250000 0.250000 
  21
0.587306 0.005029 0.046210 
0.367151 0.989725 0.462022 
0.045543 0.005246 0.491768 
0.010681 0.973656 0.007012 0.008652 
0.250000 0.250000 0.250000 0.250000 
  22
0.587306 0.005029 0.046210 
0.367151 0.989725 0.462022 
0.045543 0.005246 0.491768 
0.978965 0.007012 0.007012 0.007012 
0.250000 0.250000 0.250000 0.250000 
  23
0.587306 0.005029 0.046210 
0.367151 0.989725 0.462022 
0.045543 0.005246 0.491768 
0.008322 0.977655 0.007012 0.007012 
0.250000 0.250000 0.250000 0.250000 
  24
0.559000 0.005434 0.046210 
0.395457 0.989320 0.462022 
0.046671 0.005234 0.491768 
0.006988 0.006988 0.976824 0.009199 
0.250000 0.250000 0.250000 0.250000 
  25
0.577087 0.005017 0.046210 
0.376242 0.989749 0.462022 
0.046671 0.005234 0.491768 
0.006988 0.008132 0.006988 0.977892 
0.250000 0.250000 0.250000 0.250000 
  26
0.568508 0.005017 0.046210 
0.384822 0.989749 0.462022 
0.047075 0.005230 0.491768 
0.979060 0.006980 0.006980 0.006980 
0.250000 0.250000 0.250000 0.250000 
  27
0.562790 0.005013 0.046210 
0.390135 0.989758 0.462022 
0.047581 0.005224 0.491768 
0.006970 0.006970 0.978221 0.007838 
0.250000 0.250000 0.250000 0.250000 
  28
0.568841 0.005008 0.046210 
0.383578 0.989768 0.462022 
0.047581 0.005224 0.491768 
0.976996 0.009063 0.006970 0.006970 
0.250000 0.250000 0.250000 0.250000 
  29
0.563982 0.005008 0.046210 
0.388438 0.989768 0.462022 
0.047813 0.005222 0.491768 
0.006966 0.006966 0.008757 0.977311 
0.250000 0.250000 0.250000 0.250000 
  30
0.566736 0.005006 0.046210 
0.385451 0.989772 0.462022 
0.047813 0.005222 0.491768 
0.006966 0.010362 0.007894 0.974778 
0.250000 0.250000 0.250000 0.250000 
  31
0.566736 0.005006 0.046210 
0.385451 0.989772 0.462022 
0.047813 0.005222 0.491768 
0.006966 0.006966 0.977321 0.008748 
0.250000 0.250000 0.250000 0.250000 
  32
0.566736 0.005006 0.046210 
0.385451 0.989772 0.462022 
0.047813 0.005222 0.491768 
0.006970 0.006970 0.006970 0.979089 
0.250000 0.250000 0.250000 0.250000 
  33
0.566736 0.005006 0.046210 
0.385451 0.989772 0.462022 
0.047813 0.005222 0.491768 
0.973654 0.006966 0.006966 0.012415 
0.250000 0.250000 0.250000 0.250000 
  34
0.566736 0.005006 0.046210 
0.385451 0.989772 0.462022 
0.047813 0.005222 0.491768 
0.006966 0.006966 0.006966 0.979103 
0.250000 0.250000 0.250000 0.250000 
  35
0.566736 0.005006 0.046210 
0.385451 0.989772 0.462022 
0.047813 0.005222 0.491768 
0.008989 0.977080 0.006966 0.006966 
0.250000 0.250000 0.250000 0.250000 
  36
0.566736 0.005006 0.046210 
0.385451 0.989772 0.462022 
0.047813 0.005222 0.491768 
0.006966 0.006966 0.017519 0.968549 
0.250000 0.250000 0.250000 0.250000 
  37
0.566736 0.005006 0.046210 
0.385451 0.989772 0.462022 
0.047813 0.005222 0.491768 
0.007982 0.006966 0.977007 0.008046 
0.250000 0.250000 0.250000 0.250000 
  38
0.566736 0.005006 0.046210 
0.385451 0.989772 0.462022 
0.047813 0.005222 0.491768 
0.006966 0.006966 0.006966 0.979103 
0.250000 0.250000 0.250000 0.250000 
  39
0.566736 0.005006 0.046210 
0.385451 0.989772 0.462022 
0.047813 0.005222 0.491768 
0.100839 0.885229 0.006966 0.006966 
0.250000 0.250000 0.250000 0.250000 
  40
0.561220 0.005006 0.046210 
0.390967 0.989772 0.462022 
0.048078 0.005219 0.491768 
0.024220 0.961859 0.006961 0.006961 
0.250000 0.250000 0.250000 0.250000 
  41
0.559744 0.005003 0.046210 
0.392177 0.989778 0.462022 
0.048300 0.005217 0.491768 
0.006956 0.011039 0.008366 0.973639 
0.250000 0.250000 0.250000 0.250000 
  42
0.562325 0.005001 0.046210 
0.389375 0.989782 0.462022 
0.048300 0.005217 0.491768 
0.006956 0.014783 0.008584 0.969677 
0.250000 0.250000 0.250000 0.250000 
  43
0.555580 0.005001 0.046210 
0.396120 0.989782 0.462022 
0.048628 0.005214 0.491768 
0.006950 0.007969 0.006950 0.978130 
0.250000 0.250000 0.250000 0.250000 
  44
0.559353 0.004998 0.046210 
0.392019 0.989788 0.462022 
0.048628 0.005214 0.491768 
0.006950 0.006950 0.023336 0.962764 
0.250000 0.250000 0.250000 0.250000 
  45
0.559353 0.004998 0.046210 
0.392019 0.989788 0.462022 
0.048628 0.005214 0.491768 
0.006950 0.006950 0.942685 0.043415 
0.250000 0.250000 0.250000 0.250000 
  46
0.559353 0.004998 0.046210 
0.392019 0.989788 0.462022 
0.048628 0.005214 0.491768 
0.015501 0.939694 0.006950 0.037855 
0.250000 0.250000 0.250000 0.250000 
  47
0.559353 0.004998 0.046210 
0.392019 0.989788 0.462022 
0.048628 0.005214 0.491768 
0.006950 0.006950 0.979149 0.006950 
0.250000 0.250000 0.250000 0.250000 
  48
0.559353 0.004998 0.046210 
0.392019 0.989788 0.462022 
0.048628 0.005214 0.491768 
0.006950 0.006950 0.012683 0.973416 
0.250000 0.250000 0.250000 0.250000 
  49
0.436930 0.004998 0.046210 
0.514442 0.989788 0.462022 
0.055412 0.005156 0.491768 
0.007971 0.006842 0.978345 0.006842 
0.250000 0.250000 0.250000 0.250000 
  50
0.497882 0.004943 0.046210 
0.446706 0.989901 0.462022 
0.055412 0.005156 0.491768 
0.979473 0.006842 0.006842 0.006842 
0.250000 0.250000 0.250000 0.250000 
  51
0.497882 0.004943 0.046210 
0.446706 0.989901 0.462022 
0.055412 0.005156 0.491768 
0.978205 0.008110 0.006842 0.006842 
0.250000 0.250000 0.250000 0.250000 
  52
0.492699 0.004943 0.046210 
0.451889 0.989901 0.462022 
0.055700 0.005154 0.491768 
0.812856 0.173468 0.006838 0.006838 
0.250000 0.250000 0.250000 0.250000 
  53
0.495266 0.004941 0.046210 
0.449034 0.989905 0.462022 
0.055700 0.005154 0.491768 
0.979485 0.006838 0.006838 0.006838 
0.250000 0.250000 0.250000 0.250000 
  54
0.495266 0.004941 0.046210 
0.449034 0.989905 0.462022 
0.055700 0.005154 0.491768 
0.973429 0.011910 0.007823 0.006838 
0.250000 0.250000 0.250000 0.250000 
  55
0.489146 0.004941 0.046210 
0.455154 0.989905 0.462022 
0.056043 0.005152 0.491768 
0.040597 0.010036 0.941822 0.007544 
0.250000 0.250000 0.250000 0.250000 
  56
0.492158 0.004938 0.046210 
0.451799 0.989910 0.462022 
0.056043 0.005152 0.491768 
0.006834 0.006834 0.006834 0.979499 
0.250000 0.250000 0.250000 0.250000 
  57
0.492158 0.004938 0.046210 
0.451799 0.989910 0.462022 
0.056043 0.005152 0.491768 
0.006834 0.006834 0.074622 0.911711 
0.250000 0.250000 0.250000 0.250000 
  58
0.492158 0.004938 0.046210 
0.451799 0.989910 0.462022 
0.056043 0.005152 0.491768 
0.006834 0.006834 0.979499 0.006834 
0.250000 0.250000 0.250000 0.250000 
  59
0.492158 0.004938 0.046210 
0.451799 0.989910 0.462022 
0.056043 0.005152 0.491768 
0.006834 0.006834 0.979499 0.006834 
0.250000 0.250000 0.250000 0.250000 
  60
0.492158 0.004938 0.046210 
0.451799 0.989910 0.462022 
0.056043 0.005152 0.491768 
0.006834 0.006834 0.017964 0.968369 
0.250000 0.250000 0.250000 0.250000 
  61
0.492158 0.004938 0.046210 
0.451799 0.989910 0.462022 
0.056043 0.005152 0.491768 
0.008358 0.977975 0.006834 0.006834 
0.250000 0.250000 0.250000 0.250000 
  62
0.492158 0.004938 0.046210 
0.451799 0.989910 0.462022 
0.056043 0.005152 0.491768 
0.025488 0.960074 0.006834 0.007604 
0.250000 0.250000 0.250000 0.250000 
  63
0.480873 0.004938 0.046210 
0.463084 0.989910 0.462022 
0.056683 0.005147 0.491768 
0.951856 0.034479 0.006832 0.006832 
0.250000 0.250000 0.250000 0.250000 
  64
0.486362 0.004934 0.046210 
0.456955 0.989919 0.462022 
0.056683 0.005147 0.491768 
0.972291 0.011888 0.007671 0.008150 
0.250000 0.250000 0.250000 0.250000 
  65
0.486362 0.004934 0.046210 
0.456955 0.989919 0.462022 
0.056683 0.005147 0.491768 
0.979524 0.006825 0.006825 0.006825 
0.250000 0.250000 0.250000 0.250000 
  66
0.486362 0.004934 0.046210 
0.456955 0.989919 0.462022 
0.056683 0.005147 0.491768 
0.006825 0.006825 0.006825 0.979524 
0.250000 0.250000 0.250000 0.250000 
  67
0.486362 0.004934 0.046210 
0.456955 0.989919 0.462022 
0.056683 0.005147 0.491768 
0.006825 0.978039 0.006825 0.008311 
0.250000 0.250000 0.250000 0.250000 
  68
0.486362 0.004934 0.046210 
0.456955 0.989919 0.462022 
0.056683 0.005147 0.491768 
0.979524 0.006825 0.006825 0.006825 
0.250000 0.250000 0.250000 0.250000 
  69
0.486362 0.004934 0.046210 
0.456955 0.989919 0.462022 
0.056683 0.005147 0.491768 
0.010453 0.008903 0.972640 0.008004 
0.250000 0.250000 0.250000 0.250000 
  70
0.486362 0.004934 0.046210 
0.456955 0.989919 0.462022 
0.056683 0.005147 0.491768 
0.868153 0.118197 0.006825 0.006825 
0.250000 0.250000 0.250000 0.250000 
  71
0.486362 0.004934 0.046210 
0.456955 0.989919 0.462022 
0.056683 0.005147 0.491768 
0.974928 0.011421 0.006825 0.006825 
0.250000 0.250000 0.250000 0.250000 
  72
0.486362 0.004934 0.046210 
0.456955 0.989919 0.462022 
0.056683 0.005147 0.491768 
0.006825 0.006825 0.979524 0.006825 
0.250000 0.250000 0.250000 0.250000 
  73
0.486362 0.004934 0.046210 
0.456955 0.989919 0.462022 
0.056683 0.005147 0.491768 
0.979524 0.006825 0.006825 0.006825 
0.250000 0.250000 0.250000 0.250000 
  74
0.486362 0.004934 0.046210 
0.456955 0.989919 0.462022 
0.056683 0.005147 0.491768 
0.009080 0.977270 0.006825 0.006825 
0.250000 0.250000 0.250000 0.250000 
  75
0.486362 0.004934 0.046210 
0.456955 0.989919 0.462022 
0.056683 0.005147 0.491768 
0.006825 0.006825 0.979524 0.006825 
0.250000 0.250000 0.250000 0.250000 
  76
0.486362 0.004934 0.046210 
0.456955 0.989919 0.462022 
0.056683 0.005147 0.491768 
0.977983 0.007612 0.007579 0.006825 
0.250000 0.250000 0.250000 0.250000 
  77
0.486362 0.004934 0.046210 
0.456955 0.989919 0.462022 
0.056683 0.005147 0.491768 
0.006825 0.006825 0.971611 0.014738 
0.250000 0.250000 0.250000 0.250000 
  78
0.486362 0.004934 0.046210 
0.456955 0.989919 0.462022 
0.056683 0.005147 0.491768 
0.010404 0.975945 0.006825 0.006825 
0.250000 0.250000 0.250000 0.250000 
  79
0.486362 0.004934 0.046210 
0.456955 0.989919 0.462022 
0.056683 0.005147 0.491768 
0.006825 0.979524 0.006825 0.006825 
0.250000 0.250000 0.250000 0.250000 
  80
0.486362 0.004934 0.046210 
0.456955 0.989919 0.462022 
0.056683 0.005147 0.491768 
0.006825 0.010583 0.975767 0.006825 
0.250000 0.250000 0.250000 0.250000 
  81
0.486362 0.004934 0.046210 
0.456955 0.989919 0.462022 
0.056683 0.005147 0.491768 
0.978382 0.007968 0.006825 0.006825 
0.250000 0.250000 0.250000 0.250000 
  82
0.486362 0.004934 0.046210 
0.456955 0.989919 0.462022 
0.056683 0.005147 0.491768 
0.979524 0.006825 0.006825 0.006825 
0.250000 0.250000 0.250000 0.250000 
  83
0.486362 0.004934 0.046210 
0.456955 0.989919 0.462022 
0.056683 0.005147 0.491768 
0.006825 0.006825 0.976002 0.010348 
0.250000 0.250000 0.250000 0.250000 
  84
0.486362 0.004934 0.046210 
0.456955 0.989919 0.462022 
0.056683 0.005147 0.491768 
0.019845 0.966505 0.006825 0.006825 
0.250000 0.250000 0.250000 0.250000 
  85
0.486362 0.004934 0.046210 
0.456955 0.989919 0.462022 
0.056683 0.005147 0.491768 
0.006825 0.006825 0.976335 0.010015 
0.250000 0.250000 0.250000 0.250000 
  86
0.486362 0.004934 0.046210 
0.456955 0.989919 0.462022 
0.056683 0.005147 0.491768 
0.006825 0.006825 0.006825 0.979524 
0.250000 0.250000 0.250000 0.250000 
  87
0.486362 0.004934 0.046210 
0.456955 0.989919 0.462022 
0.056683 0.005147 0.491768 
0.008920 0.976363 0.006825 0.007892 
0.250000 0.250000 0.250000 0.250000 
  88
0.486362 0.004934 0.046210 
0.456955 0.989919 0.462022 
0.056683 0.005147 0.491768 
0.006825 0.009238 0.006825 0.977112 
0.250000 0.250000 0.250000 0.250000 
  89
0.486362 0.004934 0.046210 
0.456955 0.989919 0.462022 
0.056683 0.005147 0.491768 
0.006825 0.979524 0.006825 0.006825 
0.250000 0.250000 0.250000 0.250000 
  90
0.486362 0.004934 0.046210 
0.456955 0.989919 0.462022 
0.056683 0.005147 0.491768 
0.006825 0.006825 0.979524 0.006825 
0.250000 0.250000 0.250000 0.250000 
  91
0.486362 0.004934 0.046210 
0.456955 0.989919 0.462022 
0.056683 0.005147 0.491768 
0.006825 0.006825 0.979524 0.006825 
0.250000 0.250000 0.250000 0.250000 
  92
0.486362 0.004934 0.046210 
0.456955 0.989919 0.462022 
0.056683 0.005147 0.491768 
0.006825 0.006825 0.006825 0.979524 
0.250000 0.250000 0.250000 0.250000 
  93
0.486362 0.004934 0.046210 
0.456955 0.989919 0.462022 
0.056683 0.005147 0.491768 
0.006825 0.006825 0.006825 0.979524 
0.250000 0.250000 0.250000 0.250000 
  94
0.486362 0.004934 0.046210 
0.456955 0.989919 0.462022 
0.056683 0.005147 0.491768 
0.006825 0.979524 0.006825 0.006825 
0.250000 0.250000 0.250000 0.250000 
  95
0.486362 0.004934 0.046210 
0.456955 0.989919 0.462022 
0.056683 0.005147 0.491768 
0.006825 0.979524 0.006825 0.006825 
0.250000 0.250000 0.250000 0.250000 
  96
0.486362 0.004934 0.046210 
0.456955 0.989919 0.462022 
0.056683 0.005147 0.491768 
0.011088 0.974475 0.007612 0.006825 
0.250000 0.250000 0.250000 0.250000 
  97
0.480703 0.004934 0.046210 
0.462614 0.989919 0.462022 
0.057005 0.005145 0.491768 
0.006821 0.006821 0.979537 0.006821 
0.250000 0.250000 0.250000 0.250000 
  98
0.483439 0.004932 0.046210 
0.459556 0.989923 0.462022 
0.057005 0.005145 0.491768 
0.979537 0.006821 0.006821 0.006821 
0.250000 0.250000 0.250000 0.250000 
  99
0.483439 0.004932 0.046210 
0.459556 0.989923 0.462022 
0.057005 0.005145 0.491768 
0.006821 0.006821 0.969613 0.016745 
0.250000 0.250000 0.250000 0.250000 
 100
0.483439 0.004932 0.046210 
0.459556 0.989923 0.462022 
0.057005 0.005145 0.491768 
0.006821 0.006821 0.977689 0.008669 
0.250000 0.250000 0.250000 0.250000 
 101
0.483439 0.004932 0.046210 
0.459556 0.989923 0.462022 
0.057005 0.005145 0.491768 
0.979537 0.006821 0.006821 0.006821 
0.250000 0.250000 0.250000 0.250000 
 102
0.483439 0.004932 0.046210 
0.459556 0.989923 0.462022 
0.057005 0.005145 0.491768 
0.006821 0.007725 0.006821 0.978633 
0.250000 0.250000 0.250000 0.250000 
 103
0.483439 0.004932 0.046210 
0.459556 0.989923 0.462022 
0.057005 0.005145 0.491768 
0.006821 0.979537 0.006821 0.006821 
0.250000 0.250000 0.250000 0.250000 
 104
0.483439 0.004932 0.046210 
0.459556 0.989923 0.462022 
0.057005 0.005145 0.491768 
0.006821 0.006821 0.979537 0.006821 
0.250000 0.250000 0.250000 0.250000 
 105
0.483439 0.004932 0.046210 
0.459556 0.989923 0.462022 
0.057005 0.005145 0.491768 
0.978547 0.007811 0.006821 0.006821 
0.250000 0.250000 0.250000 0.250000 
 106
0.483439 0.004932 0.046210 
0.459556 0.989923 0.462022 
0.057005 0.005145 0.491768 
0.006825 0.979526 0.006825 0.006825 
0.250000 0.250000 0.250000 0.250000 
 107
0.483439 0.004932 0.046210 
0.459556 0.989923 0.462022 
0.057005 0.005145 0.491768 
0.006821 0.006821 0.006821 0.979537 
0.250000 0.250000 0.250000 0.250000 
 108
0.483439 0.004932 0.046210 
0.459556 0.989923 0.462022 
0.057005 0.005145 0.491768 
0.010910 0.969886 0.006821 0.012383 
0.250000 0.250000 0.250000 0.250000 
 109
0.483439 0.004932 0.046210 
0.459556 0.989923 0.462022 
0.057005 0.005145 0.491768 
0.006821 0.006821 0.976441 0.009917 
0.250000 0.250000 0.250000 0.250000 
 110
0.483439 0.004932 0.046210 
0.459556 0.989923 0.462022 
0.057005 0.005145 0.491768 
0.009510 0.006821 0.976848 0.006821 
0.250000 0.250000 0.250000 0.250000 
 111
0.483439 0.004932 0.046210 
0.459556 0.989923 0.462022 
0.057005 0.005145 0.491768 
0.978181 0.008177 0.006821 0.006821 
0.250000 0.250000 0.250000 0.250000 
 112
0.483439 0.004932 0.046210 
0.459556 0.989923 0.462022 
0.057005 0.005145 0.491768 
0.979537 0.006821 0.006821 0.006821 
0.250000 0.250000 0.250000 0.250000 
 113
0.483439 0.004932 0.046210 
0.459556 0.989923 0.462022 
0.057005 0.005145 0.491768 
0.979537 0.006821 0.006821 0.006821 
0.250000 0.250000 0.250000 0.250000 
 114
0.483439 0.004932 0.046210 
0.459556 0.989923 0.462022 
0.057005 0.005145 0.491768 
0.006821 0.006821 0.975974 0.010384 
0.250000 0.250000 0.250000 0.250000 
 115
0.483439 0.004932 0.046210 
0.459556 0.989923 0.462022 
0.057005 0.005145 0.491768 
0.006821 0.979537 0.006821 0.006821 
0.250000 0.250000 0.250000 0.250000 
 116
0.483439 0.004932 0.046210 
0.459556 0.989923 0.462022 
0.057005 0.005145 0.491768 
0.006821 0.979537 0.006821 0.006821 
0.250000 0.250000 0.250000 0.250000 
 117
0.483439 0.004932 0.046210 
0.459556 0.989923 0.462022 
0.057005 0.005145 0.491768 
0.962395 0.023963 0.006821 0.006821 
0.250000 0.250000 0.250000 0.250000 
 118
0.483439 0.004932 0.046210 
0.459556 0.989923 0.462022 
0.057005 0.005145 0.491768 
0.979537 0.006821 0.006821 0.006821 
0.250000 0.250000 0.250000 0.250000 
 119
0.483439 0.004932 0.046210 
0.459556 0.989923 0.462022 
0.057005 0.005145 0.491768 
0.006821 0.006821 0.979537 0.006821 
0.250000 0.250000 0.250000 0.250000 
 120
0.483439 0.004932 0.046210 
0.459556 0.989923 0.462022 
0.057005 0.005145 0.491768 
0.029448 0.955900 0.006821 0.007831 
0.250000 0.250000 0.250000 0.250000 
 121
0.483439 0.004932 0.046210 
0.459556 0.989923 0.462022 
0.057005 0.005145 0.491768 
0.977853 0.007699 0.007627 0.006821 
0.250000 0.250000 0.250000 0.250000 
 122
0.483439 0.004932 0.046210 
0.459556 0.989923 0.462022 
0.057005 0.005145 0.491768 
0.006821 0.006821 0.006821 0.979537 
0.250000 0.250000 0.250000 0.250000 
 123
0.483439 0.004932 0.046210 
0.459556 0.989923 0.462022 
0.057005 0.005145 0.491768 
0.975231 0.011127 0.006821 0.006821 
0.250000 0.250000 0.250000 0.250000 
 124
0.483439 0.004932 0.046210 
0.459556 0.989923 0.462022 
0.057005 0.005145 0.491768 
0.006821 0.979537 0.006821 0.006821 
0.250000 0.250000 0.250000 0.250000 
 125
0.483439 0.004932 0.046210 
0.459556 0.989923 0.462022 
0.057005 0.005145 0.491768 
0.006821 0.006821 0.006821 0.979537 
0.250000 0.250000 0.250000 0.250000 
 126
0.483439 0.004932 0.046210 
0.459556 0.989923 0.462022 
0.057005 0.005145 0.491768 
0.009702 0.976656 0.006821 0.006821 
0.250000 0.250000 0.250000 0.250000 
 127
0.483439 0.004932 0.046210 
0.459556 0.989923 0.462022 
0.057005 0.005145 0.491768 
0.979537 0.006821 0.006821 0.006821 
0.250000 0.250000 0.250000 0.250000 
 128
0.483439 0.004932 0.046210 
0.459556 0.989923 0.462022 
0.057005 0.005145 0.491768 
0.979537 0.006821 0.006821 0.006821 
0.250000 0.250000 0.250000 0.250000 
 129
0.483439 0.004932 0.046210 
0.459556 0.989923 0.462022 
0.057005 0.005145 0.491768 
0.978538 0.007820 0.006821 0.006821 
0.250000 0.250000 0.250000 0.250000 
 130
0.483439 0.004932 0.046210 
0.459556 0.989923 0.462022 
0.057005 0.005145 0.491768 
0.979537 0.006821 0.006821 0.006821 
0.250000 0.250000 0.250000 0.250000 
 131
0.483439 0.004932 0.046210 
0.459556 0.989923 0.462022 
0.057005 0.005145 0.491768 
0.006821 0.006821 0.979537 0.006821 
0.250000 0.250000 0.250000 0.250000 
 132
0.483439 0.004932 0.046210 
0.459556 0.989923 0.462022 
0.057005 0.005145 0.491768 
0.975728 0.010630 0.006821 0.006821 
0.250000 0.250000 0.250000 0.250000 
 133
0.483439 0.004932 0.046210 
0.459556 0.989923 0.462022 
0.057005 0.005145 0.491768 
0.979537 0.006821 0.006821 0.006821 
0.250000 0.250000 0.250000 0.250000 
 134
0.483439 0.004932 0.046210 
0.459556 0.989923 0.462022 
0.057005 0.005145 0.491768 
0.006821 0.006821 0.006821 0.979537 
0.250000 0.250000 0.250000 0.250000 
 135
0.483439 0.004932 0.046210 
0.459556 0.989923 0.462022 
0.057005 0.005145 0.491768 
0.008790 0.006821 0.977568 0.006821 
0.250000 0.250000 0.250000 0.250000 
 136
0.483439 0.004932 0.046210 
0.459556 0.989923 0.462022 
0.057005 0.005145 0.491768 
0.976606 0.009752 0.006821 0.006821 
0.250000 0.250000 0.250000 0.250000 
 137
0.483439 0.004932 0.046210 
0.459556 0.989923 0.462022 
0.057005 0.005145 0.491768 
0.006821 0.006821 0.978486 0.007872 
0.250000 0.250000 0.250000 0.250000 
 138
0.483439 0.004932 0.046210 
0.459556 0.989923 0.462022 
0.057005 0.005145 0.491768 
0.027784 0.955354 0.006821 0.010040 
0.250000 0.250000 0.250000 0.250000 
 139
0.483439 0.004932 0.046210 
0.459556 0.989923 0.462022 
0.057005 0.005145 0.491768 
0.970186 0.016172 0.006821 0.006821 
0.250000 0.250000 0.250000 0.250000 
 140
0.483439 0.004932 0.046210 
0.459556 0.989923 0.462022 
0.057005 0.005145 0.491768 
0.965158 0.021200 0.006821 0.006821 
0.250000 0.250000 0.250000 0.250000 
 141
0.483439 0.004932 0.046210 
0.459556 0.989923 0.462022 
0.057005 0.005145 0.491768 
0.006821 0.006821 0.007824 0.978534 
0.250000 0.250000 0.250000 0.250000 
 142
0.483439 0.004932 0.046210 
0.459556 0.989923 0.462022 
0.057005 0.005145 0.491768 
0.006821 0.979537 0.006821 0.006821 
0.250000 0.250000 0.250000 0.250000 
 143
0.483439 0.004932 0.046210 
0.459556 0.989923 0.462022 
0.057005 0.005145 0.491768 
0.979537 0.006821 0.006821 0.006821 
0.250000 0.250000 0.250000 0.250000 
 144
0.483439 0.004932 0.046210 
0.459556 0.989923 0.462022 
0.057005 0.005145 0.491768 
0.006821 0.006821 0.976521 0.009837 
0.250000 0.250000 0.250000 0.250000 
 145
0.483439 0.004932 0.046210 
0.459556 0.989923 0.462022 
0.057005 0.005145 0.491768 
0.009905 0.006821 0.976453 0.006821 
0.250000 0.250000 0.250000 0.250000 
 146
0.483439 0.004932 0.046210 
0.459556 0.989923 0.462022 
0.057005 0.005145 0.491768 
0.973554 0.012804 0.006821 0.006821 
0.250000 0.250000 0.250000 0.250000 
 147
0.483439 0.004932 0.046210 
0.459556 0.989923 0.462022 
0.057005 0.005145 0.491768 
0.957258 0.029100 0.006821 0.006821 
0.250000 0.250000 0.250000 0.250000 
 148
0.483439 0.004932 0.046210 
0.459556 0.989923 0.462022 
0.057005 0.005145 0.491768 
0.979537 0.006821 0.006821 0.006821 
0.250000 0.250000 0.250000 0.250000 
 149
0.483439 0.004932 0.046210 
0.459556 0.989923 0.462022 
0.057005 0.005145 0.491768 
0.006821 0.006821 0.006821 0.979537 
0.250000 0.250000 0.250000 0.250000 
 150
0.483439 0.004932 0.046210 
0.459556 0.989923 0.462022 
0.057005 0.005145 0.491768 
0.006821 0.006821 0.007827 0.978531 
0.250000 0.250000 0.250000 0.250000 
 151
0.483439 0.004932 0.046210 
0.459556 0.989923 0.462022 
0.057005 0.005145 0.491768 
0.006821 0.979537 0.006821 0.006821 
0.250000 0.250000 0.250000 0.250000 
 152
0.483439 0.004932 0.046210 
0.459556 0.989923 0.462022 
0.057005 0.005145 0.491768 
0.979537 0.006821 0.006821 0.006821 
0.250000 0.250000 0.250000 0.250000 
 153
0.483439 0.004932 0.046210 
0.459556 0.989923 0.462022 
0.057005 0.005145 0.491768 
0.977914 0.008444 0.006821 0.006821 
0.250000 0.250000 0.250000 0.250000 
 154
0.483439 0.004932 0.046210 
0.459556 0.989923 0.462022 
0.057005 0.005145 0.491768 
0.006821 0.979537 0.006821 0.006821 
0.250000 0.250000 0.250000 0.250000 
 155
0.483439 0.004932 0.046210 
0.459556 0.989923 0.462022 
0.057005 0.005145 0.491768 
0.006821 0.006821 0.006821 0.979537 
0.250000 0.250000 0.250000 0.250000 
 156
0.483439 0.004932 0.046210 
0.459556 0.989923 0.462022 
0.057005 0.005145 0.491768 
0.006827 0.006827 0.026778 0.959568 
0.250000 0.250000 0.250000 0.250000 
 157
0.483439 0.004932 0.046210 
0.459556 0.989923 0.462022 
0.057005 0.005145 0.491768 
0.979537 0.006821 0.006821 0.006821 
0.250000 0.250000 0.250000 0.250000 
 158
0.483439 0.004932 0.046210 
0.459556 0.989923 0.462022 
0.057005 0.005145 0.491768 
0.006821 0.006821 0.979537 0.006821 
0.250000 0.250000 0.250000 0.250000 
 159
0.483439 0.004932 0.046210 
0.459556 0.989923 0.462022 
0.057005 0.005145 0.491768 
0.006826 0.008206 0.013856 0.971111 
0.250000 0.250000 0.250000 0.250000 
 160
0.483439 0.004932 0.046210 
0.459556 0.989923 0.462022 
0.057005 0.005145 0.491768 
0.979537 0.006821 0.006821 0.006821 
0.250000 0.250000 0.250000 0.250000 
 161
0.483439 0.004932 0.046210 
0.459556 0.989923 0.462022 
0.057005 0.005145 0.491768 
0.979537 0.006821 0.006821 0.006821 
0.250000 0.250000 0.250000 0.250000 
 162
0.483439 0.004932 0.046210 
0.459556 0.989923 0.462022 
0.057005 0.005145 0.491768 
0.006821 0.006821 0.006821 0.979537 
0.250000 0.250000 0.250000 0.250000 
 163
0.483439 0.004932 0.046210 
0.459556 0.989923 0.462022 
0.057005 0.005145 0.491768 
0.006821 0.979537 0.006821 0.006821 
0.250000 0.250000 0.250000 0.250000 
 164
0.483439 0.004932 0.046210 
0.459556 0.989923 0.462022 
0.057005 0.005145 0.491768 
0.006821 0.006821 0.979537 0.006821 
0.250000 0.250000 0.250000 0.250000 
 165
0.483439 0.004932 0.046210 
0.459556 0.989923 0.462022 
0.057005 0.005145 0.491768 
0.006821 0.006821 0.008473 0.977885 
0.250000 0.250000 0.250000 0.250000 
 166
0.483439 0.004932 0.046210 
0.459556 0.989923 0.462022 
0.057005 0.005145 0.491768 
0.979537 0.006821 0.006821 0.006821 
0.250000 0.250000 0.250000 0.250000 
 167
0.483439 0.004932 0.046210 
0.459556 0.989923 0.462022 
0.057005 0.005145 0.491768 
0.006821 0.006821 0.979537 0.006821 
0.250000 0.250000 0.250000 0.250000 
 168
0.483439 0.004932 0.046210 
0.459556 0.989923 0.462022 
0.057005 0.005145 0.491768 
0.006821 0.006821 0.009966 0.976392 
0.250000 0.250000 0.250000 0.250000 
 169
0.476477 0.004932 0.046210 
0.466518 0.989923 0.462022 
0.057405 0.005142 0.491768 
0.006816 0.979552 0.006816 0.006816 
0.250000 0.250000 0.250000 0.250000 
 170
0.479817 0.004929 0.046210 
0.462778 0.989928 0.462022 
0.057405 0.005142 0.491768 
0.979552 0.006816 0.006816 0.006816 
0.250000 0.250000 0.250000 0.250000 
 171
0.479817 0.004929 0.046210 
0.462778 0.989928 0.462022 
0.057405 0.005142 0.491768 
0.085225 0.901143 0.006816 0.006816 
0.250000 0.250000 0.250000 0.250000 
 172
0.479817 0.004929 0.046210 
0.462778 0.989928 0.462022 
0.057405 0.005142 0.491768 
0.008035 0.006816 0.978333 0.006816 
0.250000 0.250000 0.250000 0.250000 
 173
0.479817 0.004929 0.046210 
0.462778 0.989928 0.462022 
0.057405 0.005142 0.491768 
0.006816 0.006816 0.006816 0.979552 
0.250000 0.250000 0.250000 0.250000 
 174
0.479817 0.004929 0.046210 
0.462778 0.989928 0.462022 
0.057405 0.005142 0.491768 
0.009887 0.974903 0.006816 0.008394 
0.250000 0.250000 0.250000 0.250000 
 175
0.479817 0.004929 0.046210 
0.462778 0.989928 0.462022 
0.057405 0.005142 0.491768 
0.007686 0.978682 0.006816 0.006816 
0.250000 0.250000 0.250000 0.250000 
 176
0.479817 0.004929 0.046210 
0.462778 0.989928 0.462022 
0.057405 0.005142 0.491768 
0.006816 0.006816 0.006816 0.979552 
0.250000 0.250000 0.250000 0.250000 
 177
0.479817 0.004929 0.046210 
0.462778 0.989928 0.462022 
0.057405 0.005142 0.491768 
0.006816 0.007712 0.008727 0.976745 
0.250000 0.250000 0.250000 0.250000 
 178
0.479817 0.004929 0.046210 
0.462778 0.989928 0.462022 
0.057405 0.005142 0.491768 
0.006816 0.006816 0.979552 0.006816 
0.250000 0.250000 0.250000 0.250000 
 179
0.479817 0.004929 0.046210 
0.462778 0.989928 0.462022 
0.057405 0.005142 0.491768 
0.979552 0.006816 0.006816 0.006816 
0.250000 0.250000 0.250000 0.250000 
 180
0.479817 0.004929 0.046210 
0.462778 0.989928 0.462022 
0.057405 0.005142 0.491768 
0.013942 0.971669 0.006816 0.007574 
0.250000 0.250000 0.250000 0.250000 
 181
0.479817 0.004929 0.046210 
0.462778 0.989928 0.462022 
0.057405 0.005142 0.491768 
0.970339 0.016015 0.006823 0.006823 
0.250000 0.250000 0.250000 0.250000 
 182
0.479817 0.004929 0.046210 
0.462778 0.989928 0.462022 
0.057405 0.005142 0.491768 
0.029520 0.956834 0.006823 0.006823 
0.250000 0.250000 0.250000 0.250000 
 183
0.479817 0.004929 0.046210 
0.462778 0.989928 0.462022 
0.057405 0.005142 0.491768 
0.006816 0.006816 0.007662 0.978707 
0.250000 0.250000 0.250000 0.250000 
 184
0.479817 0.004929 0.046210 
0.462778 0.989928 0.462022 
0.057405 0.005142 0.491768 
0.006816 0.006816 0.006816 0.979552 
0.250000 0.250000 0.250000 0.250000 
 185
0.479817 0.004929 0.046210 
0.462778 0.989928 0.462022 
0.057405 0.005142 0.491768 
0.007902 0.006816 0.977448 0.007834 
0.250000 0.250000 0.250000 0.250000 
 186
0.479817 0.004929 0.046210 
0.462778 0.989928 0.462022 
0.057405 0.005142 0.491768 
0.006816 0.006816 0.974608 0.011761 
0.250000 0.250000 0.250000 0.250000 
 187
0.479817 0.004929 0.046210 
0.462778 0.989928 0.462022 
0.057405 0.005142 0.491768 
0.006816 0.006816 0.006816 0.979552 
0.250000 0.250000 0.250000 0.250000 
 188
0.479817 0.004929 0.046210 
0.462778 0.989928 0.462022 
0.057405 0.005142 0.491768 
0.006816 0.006816 0.979552 0.006816 
0.250000 0.250000 0.250000 0.250000 
 189
0.479817 0.004929 0.046210 
0.462778 0.989928 0.462022 
0.057405 0.005142 0.491768 
0.977842 0.007596 0.006816 0.007746 
0.250000 0.250000 0.250000 0.250000 
 190
0.479817 0.004929 0.046210 
0.462778 0.989928 0.462022 
0.057405 0.005142 0.491768 
0.978658 0.007711 0.006816 0.006816 
0.250000 0.250000 0.250000 0.250000 
 191
0.479817 0.004929 0.046210 
0.462778 0.989928 0.462022 
0.057405 0.005142 0.491768 
0.010018 0.006816 0.972753 0.010413 
0.250000 0.250000 0.250000 0.250000 
 192
0.479817 0.004929 0.046210 
0.462778 0.989928 0.462022 
0.057405 0.005142 0.491768 
0.973738 0.012630 0.006816 0.006816 
0.250000 0.250000 0.250000 0.250000 
 193
0.479817 0.004929 0.046210 
0.462778 0.989928 0.462022 
0.057405 0.005142 0.491768 
0.007692 0.978676 0.006816 0.006816 
0.250000 0.250000 0.250000 0.250000 
 194
0.479817 0.004929 0.046210 
0.462778 0.989928 0.462022 
0.057405 0.005142 0.491768 
0.008805 0.977563 0.006816 0.006816 
0.250000 0.250000 0.250000 0.250000 
 195
0.479817 0.004929 0.046210 
0.462778 0.989928 0.462022 
0.057405 0.005142 0.491768 
0.006816 0.006816 0.008444 0.977925 
0.250000 0.250000 0.250000 0.250000 
 196
0.479817 0.004929 0.046210 
0.462778 0.989928 0.462022 
0.057405 0.005142 0.491768 
0.006816 0.979552 0.006816 0.006816 
0.250000 0.250000 0.250000 0.250000 
 197
0.479817 0.004929 0.046210 
0.462778 0.989928 0.462022 
0.057405 0.005142 0.491768 
0.977973 0.008395 0.006816 0.006816 
0.250000 0.250000 0.250000 0.250000 
 198
0.479817 0.004929 0.046210 
0.462778 0.989928 0.462022 
0.057405 0.005142 0.491768 
0.976253 0.010116 0.006816 0.006816 
0.250000 0.250000 0.250000 0.250000 
 199
0.479817 0.004929 0.046210 
0.462778 0.989928 0.462022 
0.057405 0.005142 0.491768 
0.979552 0.006816 0.006816 0.006816 
0.250000 0.250000 0.250000 0.250000 
 200
0.479817 0.004929 0.046210 
0.462778 0.989928 0.462022 
0.057405 0.005142 0.491768 
0.006816 0.006816 0.006816 0.979552 
0.250000 0.250000 0.250000 0.250000 
 201
0.479817 0.004929 0.046210 
0.462778 0.989928 0.462022 
0.057405 0.005142 0.491768 
0.977582 0.007931 0.007671 0.006816 
0.250000 0.250000 0.250000 0.250000 
 202
0.479817 0.004929 0.046210 
0.462778 0.989928 0.462022 
0.057405 0.005142 0.491768 
0.006816 0.006816 0.006816 0.979552 
0.250000 0.250000 0.250000 0.250000 
 203
0.479817 0.004929 0.046210 
0.462778 0.989928 0.462022 
0.057405 0.005142 0.491768 
0.006816 0.979552 0.006816 0.006816 
0.250000 0.250000 0.250000 0.250000 
 204
0.479817 0.004929 0.046210 
0.462778 0.989928 0.462022 
0.057405 0.005142 0.491768 
0.006816 0.006816 0.979552 0.006816 
0.250000 0.250000 0.250000 0.250000 
 205
0.479817 0.004929 0.046210 
0.462778 0.989928 0.462022 
0.057405 0.005142 0.491768 
0.979552 0.006816 0.006816 0.006816 
0.250000 0.250000 0.250000 0.250000 
 206
0.479817 0.004929 0.046210 
0.462778 0.989928 0.462022 
0.057405 0.005142 0.491768 
0.978676 0.007692 0.006816 0.006816 
0.250000 0.250000 0.250000 0.250000 
 207
0.479817 0.004929 0.046210 
0.462778 0.989928 0.462022 
0.057405 0.005142 0.491768 
0.008028 0.006816 0.978340 0.006816 
0.250000 0.250000 0.250000 0.250000 
 208
0.479817 0.004929 0.046210 
0.462778 0.989928 0.462022 
0.057405 0.005142 0.491768 
0.979552 0.006816 0.006816 0.006816 
0.250000 0.250000 0.250000 0.250000 
 209
0.479817 0.004929 0.046210 
0.462778 0.989928 0.462022 
0.057405 0.005142 0.491768 
0.007760 0.978608 0.006816 0.006816 
0.250000 0.250000 0.250000 0.250000 
 210
0.479817 0.004929 0.046210 
0.462778 0.989928 0.462022 
0.057405 0.005142 0.491768 
0.006816 0.010569 0.008962 0.973653 
0.250000 0.250000 0.250000 0.250000 
 211
0.479817 0.004929 0.046210 
0.462778 0.989928 0.462022 
0.057405 0.005142 0.491768 
0.006816 0.006816 0.979552 0.006816 
0.250000 0.250000 0.250000 0.250000 
 212
0.479817 0.004929 0.046210 
0.462778 0.989928 0.462022 
0.057405 0.005142 0.491768 
0.010779 0.006816 0.975589 0.006816 
0.250000 0.250000 0.250000 0.250000 
 213
0.479817 0.004929 0.046210 
0.462778 0.989928 0.462022 
0.057405 0.005142 0.491768 
0.006816 0.006816 0.008545 0.977823 
0.250000 0.250000 0.250000 0.250000 
 214
0.479817 0.004929 0.046210 
0.462778 0.989928 0.462022 
0.057405 0.005142 0.491768 
0.006816 0.006816 0.979552 0.006816 
0.250000 0.250000 0.250000 0.250000 
 215
0.479817 0.004929 0.046210 
0.462778 0.989928 0.462022 
0.057405 0.005142 0.491768 
0.979552 0.006816 0.006816 0.006816 
0.250000 0.250000 0.250000 0.250000 
 216
0.479817 0.004929 0.046210 
0.462778 0.989928 0.462022 
0.057405 0.005142 0.491768 
0.006816 0.006816 0.017885 0.968484 
0.250000 0.250000 0.250000 0.250000 
 217
0.479817 0.004929 0.046210 
0.462778 0.989928 0.462022 
0.057405 0.005142 0.491768 
0.009453 0.006816 0.976915 0.006816 
0.250000 0.250000 0.250000 0.250000 
 218
0.479817 0.004929 0.046210 
0.462778 0.989928 0.462022 
0.057405 0.005142 0.491768 
0.978495 0.006816 0.006816 0.007873 
0.250000 0.250000 0.250000 0.250000 
 219
0.479817 0.004929 0.046210 
0.462778 0.989928 0.462022 
0.057405 0.005142 0.491768 
0.009258 0.975258 0.006816 0.008668 
0.250000 0.250000 0.250000 0.250000 
 220
0.479817 0.004929 0.046210 
0.462778 0.989928 0.462022 
0.057405 0.005142 0.491768 
0.977071 0.009298 0.006816 0.006816 
0.250000 0.250000 0.250000 0.250000 
 221
0.479817 0.004929 0.046210 
0.462778 0.989928 0.462022 
0.057405 0.005142 0.491768 
0.006816 0.006816 0.006816 0.979552 
0.250000 0.250000 0.250000 0.250000 
 222
0.479817 0.004929 0.046210 
0.462778 0.989928 0.462022 
0.057405 0.005142 0.491768 
0.007582 0.006816 0.974984 0.010618 
0.250000 0.250000 0.250000 0.250000 
 223
0.479817 0.004929 0.046210 
0.462778 0.989928 0.462022 
0.057405 0.005142 0.491768 
0.009914 0.006816 0.976454 0.006816 
0.250000 0.250000 0.250000 0.250000 
 224
0.479817 0.004929 0.046210 
0.462778 0.989928 0.462022 
0.057405 0.005142 0.491768 
0.006816 0.006816 0.006816 0.979552 
0.250000 0.250000 0.250000 0.250000 
 225
0.479817 0.004929 0.046210 
0.462778 0.989928 0.462022 
0.057405 0.005142 0.491768 
0.006816 0.006816 0.006816 0.979552 
0.250000 0.250000 0.250000 0.250000 
 226
0.479817 0.004929 0.046210 
0.462778 0.989928 0.462022 
0.057405 0.005142 0.491768 
0.006816 0.979552 0.006816 0.006816 
0.250000 0.250000 0.250000 0.250000 
 227
0.479817 0.004929 0.046210 
0.462778 0.989928 0.462022 
0.057405 0.005142 0.491768 
0.979552 0.006816 0.006816 0.006816 
0.250000 0.250000 0.250000 0.250000 
 228
0.479817 0.004929 0.046210 
0.462778 0.989928 0.462022 
0.057405 0.005142 0.491768 
0.006816 0.006816 0.010439 0.975929 
0.250000 0.250000 0.250000 0.250000 
 229
0.479817 0.004929 0.046210 
0.462778 0.989928 0.462022 
0.057405 0.005142 0.491768 
0.006816 0.979552 0.006816 0.006816 
0.250000 0.250000 0.250000 0.250000 
 230
0.479817 0.004929 0.046210 
0.462778 0.989928 0.462022 
0.057405 0.005142 0.491768 
0.006816 0.979552 0.006816 0.006816 
0.250000 0.250000 0.250000 0.250000 
 231
0.479817 0.004929 0.046210 
0.462778 0.989928 0.462022 
0.057405 0.005142 0.491768 
0.974507 0.011861 0.006816 0.006816 
0.250000 0.250000 0.250000 0.250000 
 232
0.479817 0.004929 0.046210 
0.462778 0.989928 0.462022 
0.057405 0.005142 0.491768 
0.011089 0.975279 0.006816 0.006816 
0.250000 0.250000 0.250000 0.250000 
 233
0.479817 0.004929 0.046210 
0.462778 0.989928 0.462022 
0.057405 0.005142 0.491768 
0.976322 0.010046 0.006816 0.006816 
0.250000 0.250000 0.250000 0.250000 
 234
0.479817 0.004929 0.046210 
0.462778 0.989928 0.462022 
0.057405 0.005142 0.491768 
0.976435 0.008768 0.007981 0.006816 
0.250000 0.250000 0.250000 0.250000 
 235
0.479817 0.004929 0.046210 
