%  SAM: /scicomp/home/yfa9/CDC_projects/Mol_genetic_analysis/Nomenclature/H1_Nomenclature/R2/From_R1/1-Variants/3_GenGrp-files/1-Groupwise-fasta/v-1/3-All/v-4/label/LABEL_RES/scripts/modelfromalign_Linux v3.5 (July 15, 2005) compiled 12/08/06_16:15:55
%  (c) 1992-2001 Regents of the University of California, Santa Cruz
%
%          Sequence Alignment and Modeling Software System
%         http://www.cse.ucsc.edu/research/compbio/sam.html
%
% ----------------- Citations (SAM, SAM-T2K, HMMs) --------------------
% R. Hughey, A. Krogh, Hidden Markov models for sequence analysis:
%  Extension and analysis of the basic method, CABIOS 12:95-107, 1996.
% K. Karplus, et al., What is the value added by human intervention in protein
%  structure prediction, Proteins: Stucture, Function, Genetics 45(S5):86--91, 2001.
% A. Krogh et al., Hidden Markov models in computational biology:
%  Applications to protein modeling, JMB 235:1501-1531, Feb 1994.
% ---------------------------------------------------------------------
%  c-1-3-4-Old_hmm   Host: login01.aspen.biotech.cdc.gov    Fri Dec  1 14:53:15 2017
%  yfa9              Dir:  /scicomp/home/yfa9/CDC_projects/Mol_genetic_analysis/Nomenclature/H1_Nomenclature/R2/From_R1/1-Variants/3_GenGrp-files/1-Groupwise-fasta/v-1/3-All/v-4/R2-v1/c-1-8-Old/c-1-to-6-8-Old/c-non-6C/c-non-5/c-1-2-3-4-8-Old/c-1-3-4-8-Old
% ---------------------------------------------------------------------
%  Alignment weights from internal calc.  Total (77.84) Max (0.12) Min (0.01)
%  Weights from alignment method 1 (karplus), b=-1.000000, e=0.500000
MODEL --  Model from alignment file /scicomp/home/yfa9/CDC_projects/Mol_genetic_analysis/Nomenclature/H1_Nomenclature/R2/From_R1/1-Variants/3_GenGrp-files/1-Groupwise-fasta/v-1/3-All/v-4/label/LABEL_RES/training_data/H1pdm09R2-v2017//c-1-8-Old/c-1-to-6-8-Old/c-non-6C/c-non-5/c-1-2-3-4-8-Old/c-1-3-4-8-Old/c-1-3-4-Old.fasta
alphabet DNA
FREQAVE
0.000000 0.000000 0.000000 
0.000000 0.000000 0.000000 
0.000000 0.000000 0.000000 
0.352311 0.222941 0.184987 0.239761 
0.352311 0.222941 0.184987 0.239761 
Begin
0.000000 0.000000 0.000000 
0.000000 0.000000 0.000000 
0.000000 0.002833 0.491768 
0.250000 0.250000 0.250000 0.250000 
0.250000 0.250000 0.250000 0.250000 
   1
0.000000 0.002804 0.046210 
0.000000 0.994363 0.462022 
0.057284 0.002833 0.491768 
0.990486 0.003171 0.003171 0.003171 
0.250000 0.250000 0.250000 0.250000 
   2
0.480913 0.002716 0.046210 
0.461803 0.994451 0.462022 
0.057284 0.002833 0.491768 
0.003171 0.003171 0.003171 0.990486 
0.250000 0.250000 0.250000 0.250000 
   3
0.478807 0.002716 0.046210 
0.463909 0.994451 0.462022 
0.057405 0.002833 0.491768 
0.003171 0.990487 0.003171 0.003171 
0.250000 0.250000 0.250000 0.250000 
   4
0.479817 0.002716 0.046210 
0.462778 0.994451 0.462022 
0.057405 0.002833 0.491768 
0.962011 0.031647 0.003171 0.003171 
0.250000 0.250000 0.250000 0.250000 
   5
0.479817 0.002716 0.046210 
0.462778 0.994451 0.462022 
0.057405 0.002833 0.491768 
0.990061 0.003597 0.003171 0.003171 
0.250000 0.250000 0.250000 0.250000 
   6
0.479817 0.002716 0.046210 
0.462778 0.994451 0.462022 
0.057405 0.002833 0.491768 
0.008198 0.984279 0.003171 0.004351 
0.250000 0.250000 0.250000 0.250000 
   7
0.479817 0.002716 0.046210 
0.462778 0.994451 0.462022 
0.057405 0.002833 0.491768 
0.006790 0.986868 0.003171 0.003171 
0.250000 0.250000 0.250000 0.250000 
   8
0.479817 0.002716 0.046210 
0.462778 0.994451 0.462022 
0.057405 0.002833 0.491768 
0.003746 0.003171 0.989145 0.003938 
0.250000 0.250000 0.250000 0.250000 
   9
0.479817 0.002716 0.046210 
0.462778 0.994451 0.462022 
0.057405 0.002833 0.491768 
0.989530 0.003485 0.003171 0.003814 
0.250000 0.250000 0.250000 0.250000 
  10
0.479817 0.002716 0.046210 
0.462778 0.994451 0.462022 
0.057405 0.002833 0.491768 
0.988773 0.004885 0.003171 0.003171 
0.250000 0.250000 0.250000 0.250000 
  11
0.479817 0.002716 0.046210 
0.462778 0.994451 0.462022 
0.057405 0.002833 0.491768 
0.003428 0.003595 0.005680 0.987297 
0.250000 0.250000 0.250000 0.250000 
  12
0.479817 0.002716 0.046210 
0.462778 0.994451 0.462022 
0.057405 0.002833 0.491768 
0.989499 0.003854 0.003171 0.003476 
0.250000 0.250000 0.250000 0.250000 
  13
0.479817 0.002716 0.046210 
0.462778 0.994451 0.462022 
0.057405 0.002833 0.491768 
0.004073 0.003171 0.986927 0.005829 
0.250000 0.250000 0.250000 0.250000 
  14
0.479817 0.002716 0.046210 
0.462778 0.994451 0.462022 
0.057405 0.002833 0.491768 
0.003171 0.003953 0.004054 0.988822 
0.250000 0.250000 0.250000 0.250000 
  15
0.479817 0.002716 0.046210 
0.462778 0.994451 0.462022 
0.057405 0.002833 0.491768 
0.988771 0.004458 0.003600 0.003171 
0.250000 0.250000 0.250000 0.250000 
  16
0.479817 0.002716 0.046210 
0.462778 0.994451 0.462022 
0.057405 0.002833 0.491768 
0.008648 0.983896 0.003421 0.004036 
0.250000 0.250000 0.250000 0.250000 
  17
0.479817 0.002716 0.046210 
0.462778 0.994451 0.462022 
0.057405 0.002833 0.491768 
0.003172 0.004245 0.008090 0.984492 
0.250000 0.250000 0.250000 0.250000 
  18
0.479817 0.002716 0.046210 
0.462778 0.994451 0.462022 
0.057405 0.002833 0.491768 
0.989725 0.003933 0.003171 0.003171 
0.250000 0.250000 0.250000 0.250000 
  19
0.479817 0.002716 0.046210 
0.462778 0.994451 0.462022 
0.057405 0.002833 0.491768 
0.004531 0.987237 0.003171 0.005061 
0.250000 0.250000 0.250000 0.250000 
  20
0.479817 0.002716 0.046210 
0.462778 0.994451 0.462022 
0.057405 0.002833 0.491768 
0.003171 0.003861 0.004560 0.988408 
0.250000 0.250000 0.250000 0.250000 
  21
0.479817 0.002716 0.046210 
0.462778 0.994451 0.462022 
0.057405 0.002833 0.491768 
0.003500 0.003171 0.004091 0.989238 
0.250000 0.250000 0.250000 0.250000 
  22
0.479817 0.002716 0.046210 
0.462778 0.994451 0.462022 
0.057405 0.002833 0.491768 
0.008734 0.003177 0.982233 0.005856 
0.250000 0.250000 0.250000 0.250000 
  23
0.479817 0.002716 0.046210 
0.462778 0.994451 0.462022 
0.057405 0.002833 0.491768 
0.003171 0.003171 0.003171 0.990486 
0.250000 0.250000 0.250000 0.250000 
  24
0.479817 0.002716 0.046210 
0.462778 0.994451 0.462022 
0.057405 0.002833 0.491768 
0.005534 0.987839 0.003171 0.003456 
0.250000 0.250000 0.250000 0.250000 
  25
0.479817 0.002716 0.046210 
0.462778 0.994451 0.462022 
0.057405 0.002833 0.491768 
0.003653 0.003171 0.987789 0.005387 
0.250000 0.250000 0.250000 0.250000 
  26
0.479817 0.002716 0.046210 
0.462778 0.994451 0.462022 
0.057405 0.002833 0.491768 
0.003171 0.003171 0.003171 0.990487 
0.250000 0.250000 0.250000 0.250000 
  27
0.479817 0.002716 0.046210 
0.462778 0.994451 0.462022 
0.057405 0.002833 0.491768 
0.988625 0.004732 0.003472 0.003172 
0.250000 0.250000 0.250000 0.250000 
  28
0.479817 0.002716 0.046210 
0.462778 0.994451 0.462022 
0.057405 0.002833 0.491768 
0.003171 0.003171 0.004397 0.989261 
0.250000 0.250000 0.250000 0.250000 
  29
0.479817 0.002716 0.046210 
0.462778 0.994451 0.462022 
0.057405 0.002833 0.491768 
0.988814 0.004544 0.003171 0.003471 
0.250000 0.250000 0.250000 0.250000 
  30
0.479817 0.002716 0.046210 
0.462778 0.994451 0.462022 
0.057405 0.002833 0.491768 
0.003171 0.003171 0.015013 0.978645 
0.250000 0.250000 0.250000 0.250000 
  31
0.479817 0.002716 0.046210 
0.462778 0.994451 0.462022 
0.057405 0.002833 0.491768 
0.990068 0.003590 0.003171 0.003171 
0.250000 0.250000 0.250000 0.250000 
  32
0.479817 0.002716 0.046210 
0.462778 0.994451 0.462022 
0.057405 0.002833 0.491768 
0.003852 0.003171 0.987456 0.005522 
0.250000 0.250000 0.250000 0.250000 
  33
0.479817 0.002716 0.046210 
0.462778 0.994451 0.462022 
0.057405 0.002833 0.491768 
0.989264 0.003881 0.003171 0.003685 
0.250000 0.250000 0.250000 0.250000 
  34
0.479817 0.002716 0.046210 
0.462778 0.994451 0.462022 
0.057405 0.002833 0.491768 
0.004930 0.003723 0.004794 0.986553 
0.250000 0.250000 0.250000 0.250000 
  35
0.479817 0.002716 0.046210 
0.462778 0.994451 0.462022 
0.057405 0.002833 0.491768 
0.003897 0.003420 0.003415 0.989269 
0.250000 0.250000 0.250000 0.250000 
  36
0.479817 0.002716 0.046210 
0.462778 0.994451 0.462022 
0.057405 0.002833 0.491768 
0.005445 0.003172 0.004376 0.987007 
0.250000 0.250000 0.250000 0.250000 
  37
0.479817 0.002716 0.046210 
0.462778 0.994451 0.462022 
0.057405 0.002833 0.491768 
0.012581 0.980559 0.003171 0.003688 
0.250000 0.250000 0.250000 0.250000 
  38
0.479817 0.002716 0.046210 
0.462778 0.994451 0.462022 
0.057405 0.002833 0.491768 
0.004033 0.005566 0.985421 0.004980 
0.250000 0.250000 0.250000 0.250000 
  39
0.479817 0.002716 0.046210 
0.462778 0.994451 0.462022 
0.057405 0.002833 0.491768 
0.989288 0.003747 0.003172 0.003793 
0.250000 0.250000 0.250000 0.250000 
  40
0.479817 0.002716 0.046210 
0.462778 0.994451 0.462022 
0.057405 0.002833 0.491768 
0.986367 0.005749 0.003171 0.004712 
0.250000 0.250000 0.250000 0.250000 
  41
0.479817 0.002716 0.046210 
0.462778 0.994451 0.462022 
0.057405 0.002833 0.491768 
0.003171 0.003171 0.984435 0.009223 
0.250000 0.250000 0.250000 0.250000 
  42
0.479817 0.002716 0.046210 
0.462778 0.994451 0.462022 
0.057405 0.002833 0.491768 
0.006738 0.003407 0.979991 0.009863 
0.250000 0.250000 0.250000 0.250000 
  43
0.479817 0.002716 0.046210 
0.462778 0.994451 0.462022 
0.057405 0.002833 0.491768 
0.009044 0.983365 0.003171 0.004419 
0.250000 0.250000 0.250000 0.250000 
  44
0.479817 0.002716 0.046210 
0.462778 0.994451 0.462022 
0.057405 0.002833 0.491768 
0.003171 0.003171 0.988691 0.004967 
0.250000 0.250000 0.250000 0.250000 
  45
0.479817 0.002716 0.046210 
0.462778 0.994451 0.462022 
0.057405 0.002833 0.491768 
0.986921 0.005617 0.003171 0.004292 
0.250000 0.250000 0.250000 0.250000 
  46
0.479817 0.002716 0.046210 
0.462778 0.994451 0.462022 
0.057405 0.002833 0.491768 
0.988491 0.004645 0.003445 0.003419 
0.250000 0.250000 0.250000 0.250000 
  47
0.479817 0.002716 0.046210 
0.462778 0.994451 0.462022 
0.057405 0.002833 0.491768 
0.988017 0.005355 0.003456 0.003172 
0.250000 0.250000 0.250000 0.250000 
  48
0.479817 0.002716 0.046210 
0.462778 0.994451 0.462022 
0.057405 0.002833 0.491768 
0.005014 0.004001 0.005760 0.985225 
0.250000 0.250000 0.250000 0.250000 
  49
0.479817 0.002716 0.046210 
0.462778 0.994451 0.462022 
0.057405 0.002833 0.491768 
0.005235 0.987432 0.003404 0.003929 
0.250000 0.250000 0.250000 0.250000 
  50
0.479817 0.002716 0.046210 
0.462778 0.994451 0.462022 
0.057405 0.002833 0.491768 
0.003171 0.003171 0.990487 0.003171 
0.250000 0.250000 0.250000 0.250000 
  51
0.479817 0.002716 0.046210 
0.462778 0.994451 0.462022 
0.057405 0.002833 0.491768 
0.988078 0.004905 0.003614 0.003403 
0.250000 0.250000 0.250000 0.250000 
  52
0.479817 0.002716 0.046210 
0.462778 0.994451 0.462022 
0.057405 0.002833 0.491768 
0.003477 0.989540 0.003171 0.003812 
0.250000 0.250000 0.250000 0.250000 
  53
0.479817 0.002716 0.046210 
0.462778 0.994451 0.462022 
0.057405 0.002833 0.491768 
0.989817 0.003523 0.003489 0.003171 
0.250000 0.250000 0.250000 0.250000 
  54
0.479817 0.002716 0.046210 
0.462778 0.994451 0.462022 
0.057405 0.002833 0.491768 
0.003171 0.003171 0.990089 0.003569 
0.250000 0.250000 0.250000 0.250000 
  55
0.479817 0.002716 0.046210 
0.462778 0.994451 0.462022 
0.057405 0.002833 0.491768 
0.990487 0.003171 0.003171 0.003171 
0.250000 0.250000 0.250000 0.250000 
  56
0.479817 0.002716 0.046210 
0.462778 0.994451 0.462022 
0.057405 0.002833 0.491768 
0.003171 0.003171 0.989225 0.004433 
0.250000 0.250000 0.250000 0.250000 
  57
0.479817 0.002716 0.046210 
0.462778 0.994451 0.462022 
0.057405 0.002833 0.491768 
0.988181 0.004058 0.003171 0.004590 
0.250000 0.250000 0.250000 0.250000 
  58
0.479817 0.002716 0.046210 
0.462778 0.994451 0.462022 
0.057405 0.002833 0.491768 
0.003737 0.003171 0.006453 0.986639 
0.250000 0.250000 0.250000 0.250000 
  59
0.479817 0.002716 0.046210 
0.462778 0.994451 0.462022 
0.057405 0.002833 0.491768 
0.003171 0.003171 0.003171 0.990487 
0.250000 0.250000 0.250000 0.250000 
  60
0.479817 0.002716 0.046210 
0.462778 0.994451 0.462022 
0.057405 0.002833 0.491768 
0.988734 0.004924 0.003171 0.003171 
0.250000 0.250000 0.250000 0.250000 
  61
0.479817 0.002716 0.046210 
0.462778 0.994451 0.462022 
0.057405 0.002833 0.491768 
0.003694 0.003171 0.003861 0.989274 
0.250000 0.250000 0.250000 0.250000 
  62
0.479817 0.002716 0.046210 
0.462778 0.994451 0.462022 
0.057405 0.002833 0.491768 
0.003171 0.990487 0.003171 0.003171 
0.250000 0.250000 0.250000 0.250000 
  63
0.479817 0.002716 0.046210 
0.462778 0.994451 0.462022 
0.057405 0.002833 0.491768 
0.003171 0.003827 0.008324 0.984678 
0.250000 0.250000 0.250000 0.250000 
  64
0.479817 0.002716 0.046210 
0.462778 0.994451 0.462022 
0.057405 0.002833 0.491768 
0.986174 0.006376 0.004279 0.003171 
0.250000 0.250000 0.250000 0.250000 
  65
0.479817 0.002716 0.046210 
0.462778 0.994451 0.462022 
0.057405 0.002833 0.491768 
0.003171 0.004279 0.003493 0.989057 
0.250000 0.250000 0.250000 0.250000 
  66
0.479817 0.002716 0.046210 
0.462778 0.994451 0.462022 
0.057405 0.002833 0.491768 
0.988728 0.003576 0.003417 0.004279 
0.250000 0.250000 0.250000 0.250000 
  67
0.479817 0.002716 0.046210 
0.462778 0.994451 0.462022 
0.057405 0.002833 0.491768 
0.003172 0.990485 0.003172 0.003172 
0.250000 0.250000 0.250000 0.250000 
  68
0.479817 0.002716 0.046210 
0.462778 0.994451 0.462022 
0.057405 0.002833 0.491768 
0.003171 0.990487 0.003171 0.003171 
0.250000 0.250000 0.250000 0.250000 
  69
0.479817 0.002716 0.046210 
0.462778 0.994451 0.462022 
0.057405 0.002833 0.491768 
0.003171 0.003171 0.004931 0.988727 
0.250000 0.250000 0.250000 0.250000 
  70
0.479817 0.002716 0.046210 
0.462778 0.994451 0.462022 
0.057405 0.002833 0.491768 
0.003174 0.003174 0.004236 0.989416 
0.250000 0.250000 0.250000 0.250000 
  71
0.479817 0.002716 0.046210 
0.462778 0.994451 0.462022 
0.057405 0.002833 0.491768 
0.988691 0.004279 0.003171 0.003858 
0.250000 0.250000 0.250000 0.250000 
  72
0.479817 0.002716 0.046210 
0.462778 0.994451 0.462022 
0.057405 0.002833 0.491768 
0.003171 0.004279 0.005112 0.987438 
0.250000 0.250000 0.250000 0.250000 
  73
0.479817 0.002716 0.046210 
0.462778 0.994451 0.462022 
0.057405 0.002833 0.491768 
0.003171 0.003171 0.990487 0.003171 
0.250000 0.250000 0.250000 0.250000 
  74
0.479817 0.002716 0.046210 
0.462778 0.994451 0.462022 
0.057405 0.002833 0.491768 
0.990107 0.003550 0.003171 0.003171 
0.250000 0.250000 0.250000 0.250000 
  75
0.479817 0.002716 0.046210 
0.462778 0.994451 0.462022 
0.057405 0.002833 0.491768 
0.003461 0.003171 0.003980 0.989388 
0.250000 0.250000 0.250000 0.250000 
  76
0.479817 0.002716 0.046210 
0.462778 0.994451 0.462022 
0.057405 0.002833 0.491768 
0.004018 0.989640 0.003171 0.003171 
0.250000 0.250000 0.250000 0.250000 
  77
0.479817 0.002716 0.046210 
0.462778 0.994451 0.462022 
0.057405 0.002833 0.491768 
0.003172 0.003675 0.989982 0.003172 
0.250000 0.250000 0.250000 0.250000 
  78
0.479817 0.002716 0.046210 
0.462778 0.994451 0.462022 
0.057405 0.002833 0.491768 
0.011993 0.980930 0.003171 0.003906 
0.250000 0.250000 0.250000 0.250000 
  79
0.479817 0.002716 0.046210 
0.462778 0.994451 0.462022 
0.057405 0.002833 0.491768 
0.989915 0.003743 0.003171 0.003171 
0.250000 0.250000 0.250000 0.250000 
  80
0.479817 0.002716 0.046210 
0.462778 0.994451 0.462022 
0.057405 0.002833 0.491768 
0.988181 0.003512 0.005135 0.003171 
0.250000 0.250000 0.250000 0.250000 
  81
0.479817 0.002716 0.046210 
0.462778 0.994451 0.462022 
0.057405 0.002833 0.491768 
0.003172 0.003172 0.989581 0.004076 
0.250000 0.250000 0.250000 0.250000 
  82
0.479817 0.002716 0.046210 
0.462778 0.994451 0.462022 
0.057405 0.002833 0.491768 
0.990063 0.003171 0.003171 0.003594 
0.250000 0.250000 0.250000 0.250000 
  83
0.479817 0.002716 0.046210 
0.462778 0.994451 0.462022 
0.057405 0.002833 0.491768 
0.990487 0.003171 0.003171 0.003171 
0.250000 0.250000 0.250000 0.250000 
  84
0.479817 0.002716 0.046210 
0.462778 0.994451 0.462022 
0.057405 0.002833 0.491768 
0.003171 0.003171 0.006089 0.987569 
0.250000 0.250000 0.250000 0.250000 
  85
0.479817 0.002716 0.046210 
0.462778 0.994451 0.462022 
0.057405 0.002833 0.491768 
0.003171 0.003171 0.003171 0.990487 
0.250000 0.250000 0.250000 0.250000 
  86
0.479817 0.002716 0.046210 
0.462778 0.994451 0.462022 
0.057405 0.002833 0.491768 
0.003172 0.003172 0.990485 0.003172 
0.250000 0.250000 0.250000 0.250000 
  87
0.479817 0.002716 0.046210 
0.462778 0.994451 0.462022 
0.057405 0.002833 0.491768 
0.989194 0.004061 0.003171 0.003574 
0.250000 0.250000 0.250000 0.250000 
  88
0.479817 0.002716 0.046210 
0.462778 0.994451 0.462022 
0.057405 0.002833 0.491768 
0.989319 0.004041 0.003469 0.003171 
0.250000 0.250000 0.250000 0.250000 
  89
0.479817 0.002716 0.046210 
0.462778 0.994451 0.462022 
0.057405 0.002833 0.491768 
0.003171 0.003171 0.989985 0.003673 
0.250000 0.250000 0.250000 0.250000 
  90
0.479817 0.002716 0.046210 
0.462778 0.994451 0.462022 
0.057405 0.002833 0.491768 
0.984654 0.005237 0.003172 0.006937 
0.250000 0.250000 0.250000 0.250000 
  91
0.479817 0.002716 0.046210 
0.462778 0.994451 0.462022 
0.057405 0.002833 0.491768 
0.003705 0.989953 0.003171 0.003171 
0.250000 0.250000 0.250000 0.250000 
  92
0.479817 0.002716 0.046210 
0.462778 0.994451 0.462022 
0.057405 0.002833 0.491768 
0.990487 0.003171 0.003171 0.003171 
0.250000 0.250000 0.250000 0.250000 
  93
0.479817 0.002716 0.046210 
0.462778 0.994451 0.462022 
0.057405 0.002833 0.491768 
0.004185 0.003405 0.988487 0.003922 
0.250000 0.250000 0.250000 0.250000 
  94
0.479817 0.002716 0.046210 
0.462778 0.994451 0.462022 
0.057405 0.002833 0.491768 
0.990487 0.003171 0.003171 0.003171 
0.250000 0.250000 0.250000 0.250000 
  95
0.479817 0.002716 0.046210 
0.462778 0.994451 0.462022 
0.057405 0.002833 0.491768 
0.003171 0.003171 0.990110 0.003548 
0.250000 0.250000 0.250000 0.250000 
  96
0.479817 0.002716 0.046210 
0.462778 0.994451 0.462022 
0.057405 0.002833 0.491768 
0.003889 0.003171 0.004757 0.988183 
0.250000 0.250000 0.250000 0.250000 
  97
0.479817 0.002716 0.046210 
0.462778 0.994451 0.462022 
0.057405 0.002833 0.491768 
0.005068 0.988590 0.003171 0.003171 
0.250000 0.250000 0.250000 0.250000 
  98
0.479817 0.002716 0.046210 
0.462778 0.994451 0.462022 
0.057405 0.002833 0.491768 
0.003500 0.003546 0.003171 0.989783 
0.250000 0.250000 0.250000 0.250000 
  99
0.479817 0.002716 0.046210 
0.462778 0.994451 0.462022 
0.057405 0.002833 0.491768 
0.987019 0.005881 0.003172 0.003929 
0.250000 0.250000 0.250000 0.250000 
 100
0.479817 0.002716 0.046210 
0.462778 0.994451 0.462022 
0.057405 0.002833 0.491768 
0.003523 0.989816 0.003171 0.003490 
0.250000 0.250000 0.250000 0.250000 
 101
0.479817 0.002716 0.046210 
0.462778 0.994451 0.462022 
0.057405 0.002833 0.491768 
0.990486 0.003171 0.003171 0.003171 
0.250000 0.250000 0.250000 0.250000 
 102
0.479817 0.002716 0.046210 
0.462778 0.994451 0.462022 
0.057405 0.002833 0.491768 
0.003172 0.003640 0.988047 0.005141 
0.250000 0.250000 0.250000 0.250000 
 103
0.479817 0.002716 0.046210 
0.462778 0.994451 0.462022 
0.057405 0.002833 0.491768 
0.990487 0.003171 0.003171 0.003171 
0.250000 0.250000 0.250000 0.250000 
 104
0.479817 0.002716 0.046210 
0.462778 0.994451 0.462022 
0.057405 0.002833 0.491768 
0.003171 0.003171 0.990487 0.003171 
0.250000 0.250000 0.250000 0.250000 
 105
0.479817 0.002716 0.046210 
0.462778 0.994451 0.462022 
0.057405 0.002833 0.491768 
0.986433 0.004981 0.004643 0.003944 
0.250000 0.250000 0.250000 0.250000 
 106
0.479817 0.002716 0.046210 
0.462778 0.994451 0.462022 
0.057405 0.002833 0.491768 
0.027233 0.963562 0.003172 0.006033 
0.250000 0.250000 0.250000 0.250000 
 107
0.479817 0.002716 0.046210 
0.462778 0.994451 0.462022 
0.057405 0.002833 0.491768 
0.003171 0.003171 0.003171 0.990487 
0.250000 0.250000 0.250000 0.250000 
 108
0.479817 0.002716 0.046210 
0.462778 0.994451 0.462022 
0.057405 0.002833 0.491768 
0.986304 0.007354 0.003171 0.003171 
0.250000 0.250000 0.250000 0.250000 
 109
0.479817 0.002716 0.046210 
0.462778 0.994451 0.462022 
0.057405 0.002833 0.491768 
0.003509 0.003171 0.986873 0.006447 
0.250000 0.250000 0.250000 0.250000 
 110
0.479817 0.002716 0.046210 
0.462778 0.994451 0.462022 
0.057405 0.002833 0.491768 
0.003171 0.003171 0.003171 0.990487 
0.250000 0.250000 0.250000 0.250000 
 111
0.479817 0.002716 0.046210 
0.462778 0.994451 0.462022 
0.057405 0.002833 0.491768 
0.988685 0.004582 0.003561 0.003171 
0.250000 0.250000 0.250000 0.250000 
 112
0.479817 0.002716 0.046210 
0.462778 0.994451 0.462022 
0.057405 0.002833 0.491768 
0.004892 0.988766 0.003171 0.003171 
0.250000 0.250000 0.250000 0.250000 
 113
0.479817 0.002716 0.046210 
0.462778 0.994451 0.462022 
0.057405 0.002833 0.491768 
0.990065 0.003171 0.003593 0.003171 
0.250000 0.250000 0.250000 0.250000 
 114
0.479817 0.002716 0.046210 
0.462778 0.994451 0.462022 
0.057405 0.002833 0.491768 
0.987886 0.005292 0.003650 0.003171 
0.250000 0.250000 0.250000 0.250000 
 115
0.479817 0.002716 0.046210 
0.462778 0.994451 0.462022 
0.057405 0.002833 0.491768 
0.989972 0.003686 0.003171 0.003171 
0.250000 0.250000 0.250000 0.250000 
 116
0.479817 0.002716 0.046210 
0.462778 0.994451 0.462022 
0.057405 0.002833 0.491768 
0.985040 0.008268 0.003171 0.003520 
0.250000 0.250000 0.250000 0.250000 
 117
0.479817 0.002716 0.046210 
0.462778 0.994451 0.462022 
0.057405 0.002833 0.491768 
0.004578 0.989080 0.003171 0.003171 
0.250000 0.250000 0.250000 0.250000 
 118
0.479817 0.002716 0.046210 
0.462778 0.994451 0.462022 
0.057405 0.002833 0.491768 
0.989965 0.003693 0.003171 0.003171 
0.250000 0.250000 0.250000 0.250000 
 119
0.479817 0.002716 0.046210 
0.462778 0.994451 0.462022 
0.057405 0.002833 0.491768 
0.990487 0.003171 0.003171 0.003171 
0.250000 0.250000 0.250000 0.250000 
 120
0.479817 0.002716 0.046210 
0.462778 0.994451 0.462022 
0.057405 0.002833 0.491768 
0.003922 0.003171 0.005357 0.987550 
0.250000 0.250000 0.250000 0.250000 
 121
0.479817 0.002716 0.046210 
0.462778 0.994451 0.462022 
0.057405 0.002833 0.491768 
0.004038 0.989620 0.003171 0.003171 
0.250000 0.250000 0.250000 0.250000 
 122
0.479817 0.002716 0.046210 
0.462778 0.994451 0.462022 
0.057405 0.002833 0.491768 
0.003171 0.003171 0.003762 0.989896 
0.250000 0.250000 0.250000 0.250000 
 123
0.479817 0.002716 0.046210 
0.462778 0.994451 0.462022 
0.057405 0.002833 0.491768 
0.986535 0.005800 0.004494 0.003171 
0.250000 0.250000 0.250000 0.250000 
 124
0.479817 0.002716 0.046210 
0.462778 0.994451 0.462022 
0.057405 0.002833 0.491768 
0.989459 0.003472 0.003898 0.003171 
0.250000 0.250000 0.250000 0.250000 
 125
0.479817 0.002716 0.046210 
0.462778 0.994451 0.462022 
0.057405 0.002833 0.491768 
0.003464 0.003171 0.989650 0.003715 
0.250000 0.250000 0.250000 0.250000 
 126
0.479817 0.002716 0.046210 
0.462778 0.994451 0.462022 
0.057405 0.002833 0.491768 
0.988856 0.004154 0.003430 0.003560 
0.250000 0.250000 0.250000 0.250000 
 127
0.479817 0.002716 0.046210 
0.462778 0.994451 0.462022 
0.057405 0.002833 0.491768 
0.003622 0.990036 0.003171 0.003171 
0.250000 0.250000 0.250000 0.250000 
 128
0.479817 0.002716 0.046210 
0.462778 0.994451 0.462022 
0.057405 0.002833 0.491768 
0.003171 0.003171 0.003549 0.990108 
0.250000 0.250000 0.250000 0.250000 
 129
0.479817 0.002716 0.046210 
0.462778 0.994451 0.462022 
0.057405 0.002833 0.491768 
0.987339 0.005692 0.003171 0.003798 
0.250000 0.250000 0.250000 0.250000 
 130
0.479817 0.002716 0.046210 
0.462778 0.994451 0.462022 
0.057405 0.002833 0.491768 
0.990487 0.003171 0.003171 0.003171 
0.250000 0.250000 0.250000 0.250000 
 131
0.479817 0.002716 0.046210 
0.462778 0.994451 0.462022 
0.057405 0.002833 0.491768 
0.003171 0.003171 0.990487 0.003171 
0.250000 0.250000 0.250000 0.250000 
 132
0.479817 0.002716 0.046210 
0.462778 0.994451 0.462022 
0.057405 0.002833 0.491768 
0.989799 0.003859 0.003171 0.003171 
0.250000 0.250000 0.250000 0.250000 
 133
0.479817 0.002716 0.046210 
0.462778 0.994451 0.462022 
0.057405 0.002833 0.491768 
0.003171 0.003171 0.990086 0.003572 
0.250000 0.250000 0.250000 0.250000 
 134
0.479817 0.002716 0.046210 
0.462778 0.994451 0.462022 
0.057405 0.002833 0.491768 
0.990010 0.003648 0.003171 0.003171 
0.250000 0.250000 0.250000 0.250000 
 135
0.479817 0.002716 0.046210 
0.462778 0.994451 0.462022 
0.057405 0.002833 0.491768 
0.004435 0.003171 0.984871 0.007523 
0.250000 0.250000 0.250000 0.250000 
 136
0.479817 0.002716 0.046210 
0.462778 0.994451 0.462022 
0.057405 0.002833 0.491768 
0.003171 0.003171 0.003171 0.990487 
0.250000 0.250000 0.250000 0.250000 
 137
0.479817 0.002716 0.046210 
0.462778 0.994451 0.462022 
0.057405 0.002833 0.491768 
0.003171 0.003171 0.990486 0.003171 
0.250000 0.250000 0.250000 0.250000 
 138
0.479817 0.002716 0.046210 
0.462778 0.994451 0.462022 
0.057405 0.002833 0.491768 
0.003534 0.003939 0.005011 0.987515 
0.250000 0.250000 0.250000 0.250000 
 139
0.479817 0.002716 0.046210 
0.462778 0.994451 0.462022 
0.057405 0.002833 0.491768 
0.004368 0.988455 0.003171 0.004006 
0.250000 0.250000 0.250000 0.250000 
 140
0.479817 0.002716 0.046210 
0.462778 0.994451 0.462022 
0.057405 0.002833 0.491768 
0.003171 0.003171 0.008144 0.985514 
0.250000 0.250000 0.250000 0.250000 
 141
0.479817 0.002716 0.046210 
0.462778 0.994451 0.462022 
0.057405 0.002833 0.491768 
0.003898 0.003171 0.005389 0.987542 
0.250000 0.250000 0.250000 0.250000 
 142
0.479817 0.002716 0.046210 
0.462778 0.994451 0.462022 
0.057405 0.002833 0.491768 
0.985561 0.007459 0.003809 0.003172 
0.250000 0.250000 0.250000 0.250000 
 143
0.479817 0.002716 0.046210 
0.462778 0.994451 0.462022 
0.057405 0.002833 0.491768 
0.989882 0.003775 0.003171 0.003171 
0.250000 0.250000 0.250000 0.250000 
 144
0.479817 0.002716 0.046210 
0.462778 0.994451 0.462022 
0.057405 0.002833 0.491768 
0.003172 0.003172 0.984546 0.009110 
0.250000 0.250000 0.250000 0.250000 
 145
0.479817 0.002716 0.046210 
0.462778 0.994451 0.462022 
0.057405 0.002833 0.491768 
0.050409 0.003172 0.943248 0.003172 
0.250000 0.250000 0.250000 0.250000 
 146
0.479817 0.002716 0.046210 
0.462778 0.994451 0.462022 
0.057405 0.002833 0.491768 
0.003171 0.003171 0.003171 0.990487 
0.250000 0.250000 0.250000 0.250000 
 147
0.479817 0.002716 0.046210 
0.462778 0.994451 0.462022 
0.057405 0.002833 0.491768 
0.003171 0.003461 0.004275 0.989093 
0.250000 0.250000 0.250000 0.250000 
 148
0.479817 0.002716 0.046210 
0.462778 0.994451 0.462022 
0.057405 0.002833 0.491768 
0.003476 0.003171 0.986792 0.006561 
0.250000 0.250000 0.250000 0.250000 
 149
0.479817 0.002716 0.046210 
0.462778 0.994451 0.462022 
0.057405 0.002833 0.491768 
0.003171 0.003171 0.003171 0.990487 
0.250000 0.250000 0.250000 0.250000 
 150
0.479817 0.002716 0.046210 
0.462778 0.994451 0.462022 
0.057405 0.002833 0.491768 
0.989621 0.004035 0.003172 0.003172 
0.250000 0.250000 0.250000 0.250000 
 151
0.479817 0.002716 0.046210 
0.462778 0.994451 0.462022 
0.057405 0.002833 0.491768 
0.003899 0.989758 0.003172 0.003172 
0.250000 0.250000 0.250000 0.250000 
 152
0.479817 0.002716 0.046210 
0.462778 0.994451 0.462022 
0.057405 0.002833 0.491768 
0.990103 0.003555 0.003171 0.003171 
0.250000 0.250000 0.250000 0.250000 
 153
0.479817 0.002716 0.046210 
0.462778 0.994451 0.462022 
0.057405 0.002833 0.491768 
0.990086 0.003572 0.003171 0.003171 
0.250000 0.250000 0.250000 0.250000 
 154
0.479817 0.002716 0.046210 
0.462778 0.994451 0.462022 
0.057405 0.002833 0.491768 
0.007304 0.985057 0.003171 0.004468 
0.250000 0.250000 0.250000 0.250000 
 155
0.479817 0.002716 0.046210 
0.462778 0.994451 0.462022 
0.057405 0.002833 0.491768 
0.987004 0.006185 0.003171 0.003639 
0.250000 0.250000 0.250000 0.250000 
 156
0.479817 0.002716 0.046210 
0.462778 0.994451 0.462022 
0.057405 0.002833 0.491768 
0.004165 0.003171 0.988384 0.004280 
0.250000 0.250000 0.250000 0.250000 
 157
0.479817 0.002716 0.046210 
0.462778 0.994451 0.462022 
0.057405 0.002833 0.491768 
0.988372 0.004928 0.003529 0.003171 
0.250000 0.250000 0.250000 0.250000 
 158
0.479817 0.002716 0.046210 
0.462778 0.994451 0.462022 
0.057405 0.002833 0.491768 
0.988631 0.004673 0.003171 0.003525 
0.250000 0.250000 0.250000 0.250000 
 159
0.479817 0.002716 0.046210 
0.462778 0.994451 0.462022 
0.057405 0.002833 0.491768 
0.011111 0.981270 0.003172 0.004447 
0.250000 0.250000 0.250000 0.250000 
 160
0.479817 0.002716 0.046210 
0.462778 0.994451 0.462022 
0.057405 0.002833 0.491768 
0.004603 0.003171 0.988306 0.003919 
0.250000 0.250000 0.250000 0.250000 
 161
0.479817 0.002716 0.046210 
0.462778 0.994451 0.462022 
0.057405 0.002833 0.491768 
0.987536 0.003171 0.006122 0.003171 
0.250000 0.250000 0.250000 0.250000 
 162
0.479817 0.002716 0.046210 
0.462778 0.994451 0.462022 
0.057405 0.002833 0.491768 
0.003452 0.003171 0.005025 0.988353 
0.250000 0.250000 0.250000 0.250000 
 163
0.479817 0.002716 0.046210 
0.462778 0.994451 0.462022 
0.057405 0.002833 0.491768 
0.985948 0.007426 0.003171 0.003455 
0.250000 0.250000 0.250000 0.250000 
 164
0.479817 0.002716 0.046210 
0.462778 0.994451 0.462022 
0.057405 0.002833 0.491768 
0.989014 0.004315 0.003500 0.003171 
0.250000 0.250000 0.250000 0.250000 
 165
0.479817 0.002716 0.046210 
0.462778 0.994451 0.462022 
0.057405 0.002833 0.491768 
0.003480 0.003171 0.985514 0.007835 
0.250000 0.250000 0.250000 0.250000 
 166
0.479817 0.002716 0.046210 
0.462778 0.994451 0.462022 
0.057405 0.002833 0.491768 
0.004901 0.988287 0.003171 0.003642 
0.250000 0.250000 0.250000 0.250000 
 167
0.479817 0.002716 0.046210 
0.462778 0.994451 0.462022 
0.057405 0.002833 0.491768 
0.007813 0.984304 0.003171 0.004712 
0.250000 0.250000 0.250000 0.250000 
 168
0.479817 0.002716 0.046210 
0.462778 0.994451 0.462022 
0.057405 0.002833 0.491768 
0.006378 0.986924 0.003171 0.003528 
0.250000 0.250000 0.250000 0.250000 
 169
0.479817 0.002716 0.046210 
0.462778 0.994451 0.462022 
0.057405 0.002833 0.491768 
0.990099 0.003559 0.003171 0.003171 
0.250000 0.250000 0.250000 0.250000 
 170
0.479817 0.002716 0.046210 
0.462778 0.994451 0.462022 
0.057405 0.002833 0.491768 
0.990079 0.003171 0.003579 0.003171 
0.250000 0.250000 0.250000 0.250000 
 171
0.479817 0.002716 0.046210 
0.462778 0.994451 0.462022 
0.057405 0.002833 0.491768 
0.984984 0.008674 0.003171 0.003171 
0.250000 0.250000 0.250000 0.250000 
 172
0.479817 0.002716 0.046210 
0.462778 0.994451 0.462022 
0.057405 0.002833 0.491768 
0.003171 0.003171 0.970831 0.022827 
0.250000 0.250000 0.250000 0.250000 
 173
0.479817 0.002716 0.046210 
0.462778 0.994451 0.462022 
0.057405 0.002833 0.491768 
0.003171 0.003171 0.003171 0.990487 
0.250000 0.250000 0.250000 0.250000 
 174
0.479817 0.002716 0.046210 
0.462778 0.994451 0.462022 
0.057405 0.002833 0.491768 
0.989608 0.003769 0.003452 0.003171 
0.250000 0.250000 0.250000 0.250000 
 175
0.479817 0.002716 0.046210 
0.462778 0.994451 0.462022 
0.057405 0.002833 0.491768 
0.003171 0.003171 0.003171 0.990487 
0.250000 0.250000 0.250000 0.250000 
 176
0.479817 0.002716 0.046210 
0.462778 0.994451 0.462022 
0.057405 0.002833 0.491768 
0.003171 0.990487 0.003171 0.003171 
0.250000 0.250000 0.250000 0.250000 
 177
0.479817 0.002716 0.046210 
0.462778 0.994451 0.462022 
0.057405 0.002833 0.491768 
0.003172 0.003172 0.989207 0.004450 
0.250000 0.250000 0.250000 0.250000 
 178
0.479817 0.002716 0.046210 
0.462778 0.994451 0.462022 
0.057405 0.002833 0.491768 
0.988915 0.003632 0.004282 0.003171 
0.250000 0.250000 0.250000 0.250000 
 179
0.479817 0.002716 0.046210 
0.462778 0.994451 0.462022 
0.057405 0.002833 0.491768 
0.988047 0.005326 0.003171 0.003456 
0.250000 0.250000 0.250000 0.250000 
 180
0.479817 0.002716 0.046210 
0.462778 0.994451 0.462022 
0.057405 0.002833 0.491768 
0.989460 0.004198 0.003171 0.003171 
0.250000 0.250000 0.250000 0.250000 
 181
0.479817 0.002716 0.046210 
0.462778 0.994451 0.462022 
0.057405 0.002833 0.491768 
0.003741 0.003172 0.987993 0.005095 
0.250000 0.250000 0.250000 0.250000 
 182
0.479817 0.002716 0.046210 
0.462778 0.994451 0.462022 
0.057405 0.002833 0.491768 
0.003172 0.003172 0.003889 0.989768 
0.250000 0.250000 0.250000 0.250000 
 183
0.479817 0.002716 0.046210 
0.462778 0.994451 0.462022 
0.057405 0.002833 0.491768 
0.988702 0.004552 0.003172 0.003574 
0.250000 0.250000 0.250000 0.250000 
 184
0.479817 0.002716 0.046210 
0.462778 0.994451 0.462022 
0.057405 0.002833 0.491768 
0.986481 0.007174 0.003172 0.003172 
0.250000 0.250000 0.250000 0.250000 
 185
0.479817 0.002716 0.046210 
0.462778 0.994451 0.462022 
0.057405 0.002833 0.491768 
0.010122 0.983038 0.003436 0.003403 
0.250000 0.250000 0.250000 0.250000 
 186
0.479817 0.002716 0.046210 
0.462778 0.994451 0.462022 
0.057405 0.002833 0.491768 
0.988644 0.004685 0.003172 0.003499 
0.250000 0.250000 0.250000 0.250000 
 187
0.479817 0.002716 0.046210 
0.462778 0.994451 0.462022 
0.057405 0.002833 0.491768 
0.003171 0.990487 0.003171 0.003171 
0.250000 0.250000 0.250000 0.250000 
 188
0.479817 0.002716 0.046210 
0.462778 0.994451 0.462022 
0.057405 0.002833 0.491768 
0.004476 0.989181 0.003171 0.003171 
0.250000 0.250000 0.250000 0.250000 
 189
0.479817 0.002716 0.046210 
0.462778 0.994451 0.462022 
0.057405 0.002833 0.491768 
0.009001 0.984657 0.003171 0.003171 
0.250000 0.250000 0.250000 0.250000 
 190
0.479817 0.002716 0.046210 
0.462778 0.994451 0.462022 
0.057405 0.002833 0.491768 
0.008769 0.984608 0.003171 0.003452 
0.250000 0.250000 0.250000 0.250000 
 191
0.479817 0.002716 0.046210 
0.462778 0.994451 0.462022 
0.057405 0.002833 0.491768 
0.004935 0.003719 0.004092 0.987254 
0.250000 0.250000 0.250000 0.250000 
 192
0.479817 0.002716 0.046210 
0.462778 0.994451 0.462022 
0.057405 0.002833 0.491768 
0.988500 0.004850 0.003174 0.003476 
0.250000 0.250000 0.250000 0.250000 
 193
0.479817 0.002716 0.046210 
0.462778 0.994451 0.462022 
0.057405 0.002833 0.491768 
0.004875 0.984529 0.003880 0.006717 
0.250000 0.250000 0.250000 0.250000 
 194
0.479817 0.002716 0.046210 
0.462778 0.994451 0.462022 
0.057405 0.002833 0.491768 
0.003172 0.003172 0.988820 0.004837 
0.250000 0.250000 0.250000 0.250000 
 195
0.479817 0.002716 0.046210 
0.462778 0.994451 0.462022 
0.057405 0.002833 0.491768 
0.003171 0.003171 0.989965 0.003693 
0.250000 0.250000 0.250000 0.250000 
 196
0.479817 0.002716 0.046210 
0.462778 0.994451 0.462022 
0.057405 0.002833 0.491768 
0.003171 0.003171 0.990022 0.003636 
0.250000 0.250000 0.250000 0.250000 
 197
0.479817 0.002716 0.046210 
0.462778 0.994451 0.462022 
0.057405 0.002833 0.491768 
0.003554 0.003171 0.990104 0.003171 
0.250000 0.250000 0.250000 0.250000 
 198
0.479817 0.002716 0.046210 
0.462778 0.994451 0.462022 
0.057405 0.002833 0.491768 
0.988927 0.003600 0.003611 0.003862 
0.250000 0.250000 0.250000 0.250000 
 199
0.479817 0.002716 0.046210 
0.462778 0.994451 0.462022 
0.057405 0.002833 0.491768 
0.003171 0.003171 0.004805 0.988853 
0.250000 0.250000 0.250000 0.250000 
 200
0.479817 0.002716 0.046210 
0.462778 0.994451 0.462022 
0.057405 0.002833 0.491768 
0.003171 0.003171 0.003171 0.990487 
0.250000 0.250000 0.250000 0.250000 
 201
0.479817 0.002716 0.046210 
0.462778 0.994451 0.462022 
0.057405 0.002833 0.491768 
0.005213 0.988444 0.003171 0.003171 
0.250000 0.250000 0.250000 0.250000 
 202
0.479817 0.002716 0.046210 
0.462778 0.994451 0.462022 
0.057405 0.002833 0.491768 
0.003171 0.003171 0.990487 0.003171 
0.250000 0.250000 0.250000 0.250000 
 203
0.479817 0.002716 0.046210 
0.462778 0.994451 0.462022 
0.057405 0.002833 0.491768 
0.989341 0.004317 0.003171 0.003171 
0.250000 0.250000 0.250000 0.250000 
 204
0.479817 0.002716 0.046210 
0.462778 0.994451 0.462022 
0.057405 0.002833 0.491768 
0.003530 0.003171 0.004309 0.988990 
0.250000 0.250000 0.250000 0.250000 
 205
0.479817 0.002716 0.046210 
0.462778 0.994451 0.462022 
0.057405 0.002833 0.491768 
0.003171 0.003171 0.003907 0.989751 
0.250000 0.250000 0.250000 0.250000 
 206
0.479817 0.002716 0.046210 
0.462778 0.994451 0.462022 
0.057405 0.002833 0.491768 
0.003171 0.003171 0.003171 0.990487 
0.250000 0.250000 0.250000 0.250000 
 207
0.479817 0.002716 0.046210 
0.462778 0.994451 0.462022 
0.057405 0.002833 0.491768 
0.005090 0.988567 0.003171 0.003171 
0.250000 0.250000 0.250000 0.250000 
 208
0.479817 0.002716 0.046210 
0.462778 0.994451 0.462022 
0.057405 0.002833 0.491768 
0.003737 0.989921 0.003171 0.003171 
0.250000 0.250000 0.250000 0.250000 
 209
0.479817 0.002716 0.046210 
0.462778 0.994451 0.462022 
0.057405 0.002833 0.491768 
0.004073 0.989585 0.003171 0.003171 
0.250000 0.250000 0.250000 0.250000 
 210
0.479817 0.002716 0.046210 
0.462778 0.994451 0.462022 
0.057405 0.002833 0.491768 
0.003882 0.003451 0.009160 0.983507 
0.250000 0.250000 0.250000 0.250000 
 211
0.479817 0.002716 0.046210 
0.462778 0.994451 0.462022 
0.057405 0.002833 0.491768 
0.987604 0.006054 0.003171 0.003171 
0.250000 0.250000 0.250000 0.250000 
 212
0.479817 0.002716 0.046210 
0.462778 0.994451 0.462022 
0.057405 0.002833 0.491768 
0.988671 0.004415 0.003411 0.003504 
0.250000 0.250000 0.250000 0.250000 
 213
0.479817 0.002716 0.046210 
0.462778 0.994451 0.462022 
0.057405 0.002833 0.491768 
0.988104 0.004128 0.004215 0.003553 
0.250000 0.250000 0.250000 0.250000 
 214
0.479817 0.002716 0.046210 
0.462778 0.994451 0.462022 
0.057405 0.002833 0.491768 
0.003171 0.003171 0.003171 0.990487 
0.250000 0.250000 0.250000 0.250000 
 215
0.479817 0.002716 0.046210 
0.462778 0.994451 0.462022 
0.057405 0.002833 0.491768 
0.003171 0.990487 0.003171 0.003171 
0.250000 0.250000 0.250000 0.250000 
 216
0.479817 0.002716 0.046210 
0.462778 0.994451 0.462022 
0.057405 0.002833 0.491768 
0.003172 0.003172 0.007410 0.986247 
0.250000 0.250000 0.250000 0.250000 
 217
0.479817 0.002716 0.046210 
0.462778 0.994451 0.462022 
0.057405 0.002833 0.491768 
0.987863 0.005795 0.003171 0.003171 
0.250000 0.250000 0.250000 0.250000 
 218
0.479817 0.002716 0.046210 
0.462778 0.994451 0.462022 
0.057405 0.002833 0.491768 
0.989126 0.003980 0.003723 0.003171 
0.250000 0.250000 0.250000 0.250000 
 219
0.479817 0.002716 0.046210 
0.462778 0.994451 0.462022 
0.057405 0.002833 0.491768 
0.003497 0.003171 0.988637 0.004696 
0.250000 0.250000 0.250000 0.250000 
 220
0.479817 0.002716 0.046210 
0.462778 0.994451 0.462022 
0.057405 0.002833 0.491768 
0.990090 0.003568 0.003171 0.003171 
0.250000 0.250000 0.250000 0.250000 
 221
0.479817 0.002716 0.046210 
0.462778 0.994451 0.462022 
0.057405 0.002833 0.491768 
0.003171 0.003171 0.004143 0.989515 
0.250000 0.250000 0.250000 0.250000 
 222
0.479817 0.002716 0.046210 
0.462778 0.994451 0.462022 
0.057405 0.002833 0.491768 
0.013869 0.003171 0.012560 0.970400 
0.250000 0.250000 0.250000 0.250000 
 223
0.479817 0.002716 0.046210 
0.462778 0.994451 0.462022 
0.057405 0.002833 0.491768 
0.003171 0.990487 0.003171 0.003171 
0.250000 0.250000 0.250000 0.250000 
 224
0.479817 0.002716 0.046210 
0.462778 0.994451 0.462022 
0.057405 0.002833 0.491768 
0.003171 0.003171 0.990486 0.003171 
0.250000 0.250000 0.250000 0.250000 
 225
0.479817 0.002716 0.046210 
0.462778 0.994451 0.462022 
0.057405 0.002833 0.491768 
0.005372 0.003172 0.003895 0.987562 
0.250000 0.250000 0.250000 0.250000 
 226
0.479817 0.002716 0.046210 
0.462778 0.994451 0.462022 
0.057405 0.002833 0.491768 
0.003655 0.990003 0.003171 0.003171 
0.250000 0.250000 0.250000 0.250000 
 227
0.479817 0.002716 0.046210 
0.462778 0.994451 0.462022 
0.057405 0.002833 0.491768 
0.003171 0.990487 0.003171 0.003171 
0.250000 0.250000 0.250000 0.250000 
 228
0.479817 0.002716 0.046210 
0.462778 0.994451 0.462022 
0.057405 0.002833 0.491768 
0.005339 0.003172 0.986381 0.005107 
0.250000 0.250000 0.250000 0.250000 
 229
0.479817 0.002716 0.046210 
0.462778 0.994451 0.462022 
0.057405 0.002833 0.491768 
0.004126 0.003171 0.003638 0.989065 
0.250000 0.250000 0.250000 0.250000 
 230
0.479817 0.002716 0.046210 
0.462778 0.994451 0.462022 
0.057405 0.002833 0.491768 
0.003171 0.990487 0.003171 0.003171 
0.250000 0.250000 0.250000 0.250000 
 231
0.479817 0.002716 0.046210 
0.462778 0.994451 0.462022 
0.057405 0.002833 0.491768 
0.003171 0.990487 0.003171 0.003171 
0.250000 0.250000 0.250000 0.250000 
 232
0.479817 0.002716 0.046210 
0.462778 0.994451 0.462022 
0.057405 0.002833 0.491768 
