%  SAM: modelfromalign v3.5 (July 15, 2005) compiled 03/03/09_11:47:37
%  (c) 1992-2001 Regents of the University of California, Santa Cruz
%
%          Sequence Alignment and Modeling Software System
%         http://www.cse.ucsc.edu/research/compbio/sam.html
%
% ----------------- Citations (SAM, SAM-T2K, HMMs) --------------------
% R. Hughey, A. Krogh, Hidden Markov models for sequence analysis:
%  Extension and analysis of the basic method, CABIOS 12:95-107, 1996.
% K. Karplus, et al., What is the value added by human intervention in protein
%  structure prediction, Proteins: Stucture, Function, Genetics 45(S5):86--91, 2001.
% A. Krogh et al., Hidden Markov models in computational biology:
%  Applications to protein modeling, JMB 235:1501-1531, Feb 1994.
% ---------------------------------------------------------------------
%  A_NA_N3_hmm   Host: m222714.cdc.gov    Wed May 21 18:13:50 2014
%  vfn4          Dir:  /Volumes/gf_atl_2012/Genotyping/IRMA/segments/NA
% ---------------------------------------------------------------------
%  Alignment weights from internal calc.  Total (24.88) Max (0.21) Min (0.03)
%  Weights from alignment method 1 (karplus), b=-1.000000, e=0.500000
MODEL --  Model from alignment file rev/A_NA_N3.fasta
alphabet DNA
FREQAVE
0.000000 0.000000 0.000000 
0.000000 0.000000 0.000000 
0.000000 0.000000 0.000000 
0.243257 0.198933 0.233084 0.324726 
0.243257 0.198933 0.233084 0.324726 
Begin
0.000000 0.000000 0.000000 
0.000000 0.000000 0.000000 
0.000000 0.006499 0.491768 
0.250000 0.250000 0.250000 0.250000 
0.250000 0.250000 0.250000 0.250000 
   1
0.000000 0.124310 0.046210 
0.000000 0.869190 0.462022 
0.025757 0.007370 0.491768 
0.011878 0.011878 0.019073 0.957171 
0.250000 0.250000 0.250000 0.250000 
   2
0.757690 0.007064 0.046210 
0.216552 0.985566 0.462022 
0.025989 0.007354 0.491768 
0.011834 0.011834 0.031474 0.944858 
0.250000 0.250000 0.250000 0.250000 
   3
0.746471 0.007049 0.046210 
0.227541 0.985597 0.462022 
0.026466 0.007322 0.491768 
0.964759 0.011747 0.011747 0.011747 
0.250000 0.250000 0.250000 0.250000 
   4
0.697773 0.007019 0.046210 
0.275761 0.985659 0.462022 
0.028227 0.007216 0.491768 
0.011460 0.011460 0.965619 0.011460 
0.250000 0.250000 0.250000 0.250000 
   5
0.715307 0.006917 0.046210 
0.256465 0.985867 0.462022 
0.029068 0.007171 0.491768 
0.011340 0.011340 0.013141 0.964179 
0.250000 0.250000 0.250000 0.250000 
   6
0.711125 0.006874 0.046210 
0.259808 0.985955 0.462022 
0.029828 0.007133 0.491768 
0.011239 0.011239 0.011239 0.966282 
0.250000 0.250000 0.250000 0.250000 
   7
0.701087 0.006838 0.046210 
0.269085 0.986029 0.462022 
0.030707 0.007092 0.491768 
0.011131 0.966608 0.011131 0.011131 
0.250000 0.250000 0.250000 0.250000 
   8
0.713328 0.006798 0.046210 
0.255966 0.986110 0.462022 
0.030967 0.007080 0.491768 
0.011100 0.966700 0.011100 0.011100 
0.250000 0.250000 0.250000 0.250000 
   9
0.719386 0.006787 0.046210 
0.249647 0.986133 0.462022 
0.030967 0.007080 0.491768 
0.014074 0.963726 0.011100 0.011100 
0.250000 0.250000 0.250000 0.250000 
  10
0.719386 0.006787 0.046210 
0.249647 0.986133 0.462022 
0.030967 0.007080 0.491768 
0.011100 0.011100 0.964968 0.012832 
0.250000 0.250000 0.250000 0.250000 
  11
0.693447 0.006787 0.046210 
0.275586 0.986133 0.462022 
0.031792 0.007045 0.491768 
0.965373 0.011008 0.012611 0.011008 
0.250000 0.250000 0.250000 0.250000 
  12
0.711913 0.006753 0.046210 
0.256295 0.986202 0.462022 
0.031792 0.007045 0.491768 
0.011008 0.015027 0.012634 0.961331 
0.250000 0.250000 0.250000 0.250000 
  13
0.707676 0.009169 0.046210 
0.260532 0.983786 0.462022 
0.031521 0.007056 0.491768 
0.894864 0.080104 0.013995 0.011037 
0.250000 0.250000 0.250000 0.250000 
  14
0.677350 0.006764 0.046210 
0.291129 0.986180 0.462022 
0.032732 0.007007 0.491768 
0.959593 0.010933 0.018540 0.010933 
0.250000 0.250000 0.250000 0.250000 
  15
0.695120 0.007538 0.046210 
0.272147 0.985455 0.462022 
0.032856 0.007002 0.491768 
0.956806 0.013817 0.010897 0.018479 
0.250000 0.250000 0.250000 0.250000 
  16
0.686603 0.006712 0.046210 
0.280541 0.986286 0.462022 
0.033379 0.006982 0.491768 
0.018393 0.013753 0.957008 0.010846 
0.250000 0.250000 0.250000 0.250000 
  17
0.682596 0.006693 0.046210 
0.284025 0.986325 0.462022 
0.033885 0.006964 0.491768 
0.010799 0.010799 0.964878 0.013524 
0.250000 0.250000 0.250000 0.250000 
  18
0.687371 0.006675 0.046210 
0.278744 0.986361 0.462022 
0.034075 0.006957 0.491768 
0.010782 0.010782 0.964934 0.013502 
0.250000 0.250000 0.250000 0.250000 
  19
0.691226 0.006669 0.046210 
0.274699 0.986374 0.462022 
0.034075 0.006957 0.491768 
0.965544 0.012893 0.010782 0.010782 
0.250000 0.250000 0.250000 0.250000 
  20
0.691226 0.008421 0.046210 
0.274699 0.984622 0.462022 
0.033734 0.006969 0.491768 
0.967561 0.010813 0.010813 0.010813 
0.250000 0.250000 0.250000 0.250000 
  21
0.659382 0.006681 0.046210 
0.306884 0.986350 0.462022 
0.034955 0.006927 0.491768 
0.010705 0.012553 0.010705 0.966037 
0.250000 0.250000 0.250000 0.250000 
  22
0.677993 0.007366 0.046210 
0.287052 0.985707 0.462022 
0.034988 0.006926 0.491768 
0.163830 0.805912 0.012110 0.018148 
0.250000 0.250000 0.250000 0.250000 
  23
0.678179 0.006639 0.046210 
0.286833 0.986435 0.462022 
0.035156 0.006920 0.491768 
0.010688 0.010688 0.010688 0.967936 
0.250000 0.250000 0.250000 0.250000 
  24
0.681431 0.006633 0.046210 
0.283413 0.986446 0.462022 
0.035156 0.006920 0.491768 
0.010688 0.010688 0.015666 0.962958 
0.250000 0.250000 0.250000 0.250000 
  25
0.681431 0.006633 0.046210 
0.283413 0.986446 0.462022 
0.035156 0.006920 0.491768 
0.455622 0.515566 0.018124 0.010688 
0.250000 0.250000 0.250000 0.250000 
  26
0.681431 0.006633 0.046210 
0.283413 0.986446 0.462022 
0.035156 0.006920 0.491768 
0.010688 0.966271 0.010688 0.012353 
0.250000 0.250000 0.250000 0.250000 
  27
0.666325 0.006633 0.046210 
0.298519 0.986446 0.462022 
0.035695 0.006903 0.491768 
0.839804 0.019739 0.129813 0.010644 
0.250000 0.250000 0.250000 0.250000 
  28
0.666966 0.006617 0.046210 
0.297339 0.986480 0.462022 
0.036040 0.006892 0.491768 
0.966283 0.010616 0.012484 0.010616 
0.250000 0.250000 0.250000 0.250000 
  29
0.673417 0.006606 0.046210 
0.290543 0.986502 0.462022 
0.036040 0.006892 0.491768 
0.012487 0.010616 0.966280 0.010616 
0.250000 0.250000 0.250000 0.250000 
  30
0.651264 0.006606 0.046210 
0.312695 0.986502 0.462022 
0.036857 0.006867 0.491768 
0.010554 0.010554 0.968337 0.010554 
0.250000 0.250000 0.250000 0.250000 
  31
0.666018 0.006583 0.046210 
0.297125 0.986550 0.462022 
0.036857 0.006867 0.491768 
0.962899 0.015992 0.010554 0.010554 
0.250000 0.250000 0.250000 0.250000 
  32
0.666018 0.006583 0.046210 
0.297125 0.986550 0.462022 
0.036857 0.006867 0.491768 
0.010554 0.010554 0.010554 0.968337 
0.250000 0.250000 0.250000 0.250000 
  33
0.666018 0.006583 0.046210 
0.297125 0.986550 0.462022 
0.036857 0.006867 0.491768 
0.010554 0.010554 0.968337 0.010554 
0.250000 0.250000 0.250000 0.250000 
  34
0.659531 0.006583 0.046210 
0.303612 0.986550 0.462022 
0.037097 0.006860 0.491768 
0.500497 0.010537 0.310888 0.178079 
0.250000 0.250000 0.250000 0.250000 
  35
0.659007 0.006576 0.046210 
0.303896 0.986564 0.462022 
0.037278 0.006855 0.491768 
0.010524 0.968429 0.010524 0.010524 
0.250000 0.250000 0.250000 0.250000 
  36
0.654434 0.006571 0.046210 
0.308288 0.986574 0.462022 
0.037570 0.006847 0.491768 
0.010503 0.968492 0.010503 0.010503 
0.250000 0.250000 0.250000 0.250000 
  37
0.659560 0.006563 0.046210 
0.302871 0.986590 0.462022 
0.037570 0.006847 0.491768 
0.010503 0.012480 0.966515 0.010503 
0.250000 0.250000 0.250000 0.250000 
  38
0.634600 0.006563 0.046210 
0.327831 0.986590 0.462022 
0.038531 0.006820 0.491768 
0.012096 0.010437 0.962184 0.015283 
0.250000 0.250000 0.250000 0.250000 
  39
0.624873 0.007557 0.046210 
0.336596 0.985623 0.462022 
0.039285 0.006801 0.491768 
0.958472 0.017387 0.013753 0.010388 
0.250000 0.250000 0.250000 0.250000 
  40
0.614306 0.006519 0.046210 
0.346408 0.986680 0.462022 
0.040488 0.006771 0.491768 
0.962285 0.014924 0.012475 0.010315 
0.250000 0.250000 0.250000 0.250000 
  41
0.567120 0.006491 0.046210 
0.392392 0.986738 0.462022 
0.043349 0.006708 0.491768 
0.014182 0.010161 0.016757 0.958900 
0.250000 0.250000 0.250000 0.250000 
  42
0.582510 0.006430 0.046210 
0.374141 0.986861 0.462022 
0.044446 0.006687 0.491768 
0.010108 0.010108 0.017394 0.962390 
0.250000 0.250000 0.250000 0.250000 
  43
0.597251 0.006410 0.046210 
0.358303 0.986904 0.462022 
0.044446 0.006687 0.491768 
0.037973 0.117696 0.049660 0.794672 
0.250000 0.250000 0.250000 0.250000 
  44
0.597251 0.006410 0.046210 
0.358303 0.986904 0.462022 
0.044446 0.006687 0.491768 
0.010108 0.010108 0.965953 0.013831 
0.250000 0.250000 0.250000 0.250000 
  45
0.597251 0.006410 0.046210 
0.358303 0.986904 0.462022 
0.044446 0.006687 0.491768 
0.010108 0.010108 0.969676 0.010108 
0.250000 0.250000 0.250000 0.250000 
  46
0.591624 0.006410 0.046210 
0.363930 0.986904 0.462022 
0.044697 0.006682 0.491768 
0.010096 0.010096 0.969711 0.010096 
0.250000 0.250000 0.250000 0.250000 
  47
0.594972 0.006405 0.046210 
0.360331 0.986913 0.462022 
0.044697 0.006682 0.491768 
0.010096 0.969711 0.010096 0.010096 
0.250000 0.250000 0.250000 0.250000 
  48
0.578986 0.006405 0.046210 
0.376316 0.986913 0.462022 
0.045423 0.006668 0.491768 
0.966559 0.013314 0.010063 0.010063 
0.250000 0.250000 0.250000 0.250000 
  49
0.588392 0.006392 0.046210 
0.366184 0.986939 0.462022 
0.045423 0.006668 0.491768 
0.013314 0.010063 0.012385 0.964238 
0.250000 0.250000 0.250000 0.250000 
  50
0.588392 0.006392 0.046210 
0.366184 0.986939 0.462022 
0.045423 0.006668 0.491768 
0.010063 0.010063 0.966559 0.013314 
0.250000 0.250000 0.250000 0.250000 
  51
0.568290 0.006392 0.046210 
0.386287 0.986939 0.462022 
0.046355 0.006652 0.491768 
0.010023 0.010023 0.969931 0.010023 
0.250000 0.250000 0.250000 0.250000 
  52
0.579948 0.006376 0.046210 
0.373697 0.986972 0.462022 
0.046355 0.006652 0.491768 
0.967618 0.010023 0.012335 0.010023 
0.250000 0.250000 0.250000 0.250000 
  53
0.571182 0.006376 0.046210 
0.382463 0.986972 0.462022 
0.046765 0.006645 0.491768 
0.010006 0.969982 0.010006 0.010006 
0.250000 0.250000 0.250000 0.250000 
  54
0.576234 0.006369 0.046210 
0.377001 0.986986 0.462022 
0.046765 0.006645 0.491768 
0.010006 0.969982 0.010006 0.010006 
0.250000 0.250000 0.250000 0.250000 
  55
0.576234 0.006369 0.046210 
0.377001 0.986986 0.462022 
0.046765 0.006645 0.491768 
0.010006 0.010006 0.047616 0.932371 
0.250000 0.250000 0.250000 0.250000 
  56
0.576234 0.006369 0.046210 
0.377001 0.986986 0.462022 
0.046765 0.006645 0.491768 
0.010006 0.010006 0.010006 0.969982 
0.250000 0.250000 0.250000 0.250000 
  57
0.576234 0.006369 0.046210 
0.377001 0.986986 0.462022 
0.046765 0.006645 0.491768 
0.010006 0.010006 0.969982 0.010006 
0.250000 0.250000 0.250000 0.250000 
  58
0.570140 0.006369 0.046210 
0.383095 0.986986 0.462022 
0.047052 0.006640 0.491768 
0.970017 0.009994 0.009994 0.009994 
0.250000 0.250000 0.250000 0.250000 
  59
0.555556 0.006365 0.046210 
0.397393 0.986996 0.462022 
0.047918 0.006625 0.491768 
0.009960 0.009960 0.009960 0.970121 
0.250000 0.250000 0.250000 0.250000 
  60
0.565785 0.006351 0.046210 
0.386297 0.987024 0.462022 
0.047918 0.006625 0.491768 
0.010006 0.010006 0.010006 0.969982 
0.250000 0.250000 0.250000 0.250000 
  61
0.542728 0.006351 0.046210 
0.409354 0.987024 0.462022 
0.049049 0.006608 0.491768 
0.016005 0.964161 0.009917 0.009917 
0.250000 0.250000 0.250000 0.250000 
  62
0.555537 0.006334 0.046210 
0.395414 0.987059 0.462022 
0.049049 0.006608 0.491768 
0.009917 0.009917 0.009917 0.970250 
0.250000 0.250000 0.250000 0.250000 
  63
0.543491 0.006334 0.046210 
0.407460 0.987059 0.462022 
0.049647 0.006598 0.491768 
0.009895 0.009895 0.945102 0.035108 
0.250000 0.250000 0.250000 0.250000 
  64
0.543571 0.006325 0.046210 
0.406782 0.987077 0.462022 
0.049974 0.006594 0.491768 
0.009883 0.009883 0.011970 0.968263 
0.250000 0.250000 0.250000 0.250000 
  65
0.547153 0.006320 0.046210 
0.402873 0.987086 0.462022 
0.049974 0.006594 0.491768 
0.970350 0.009883 0.009883 0.009883 
0.250000 0.250000 0.250000 0.250000 
  66
0.547153 0.006320 0.046210 
0.402873 0.987086 0.462022 
0.049974 0.006594 0.491768 
0.129520 0.850713 0.009883 0.009883 
0.250000 0.250000 0.250000 0.250000 
  67
0.547153 0.006320 0.046210 
0.402873 0.987086 0.462022 
0.049974 0.006594 0.491768 
0.009883 0.009883 0.118880 0.861353 
0.250000 0.250000 0.250000 0.250000 
  68
0.510269 0.006320 0.046210 
0.439757 0.987086 0.462022 
0.051888 0.006566 0.491768 
0.009819 0.009819 0.970544 0.009819 
0.250000 0.250000 0.250000 0.250000 
  69
0.529810 0.006294 0.046210 
0.418301 0.987139 0.462022 
0.051888 0.006566 0.491768 
0.009819 0.009819 0.970544 0.009819 
0.250000 0.250000 0.250000 0.250000 
  70
0.529810 0.006294 0.046210 
0.418301 0.987139 0.462022 
0.051888 0.006566 0.491768 
0.955076 0.025287 0.009819 0.009819 
0.250000 0.250000 0.250000 0.250000 
  71
0.529810 0.006294 0.046210 
0.418301 0.987139 0.462022 
0.051888 0.006566 0.491768 
0.009819 0.009819 0.970544 0.009819 
0.250000 0.250000 0.250000 0.250000 
  72
0.529810 0.006294 0.046210 
0.418301 0.987139 0.462022 
0.051888 0.006566 0.491768 
0.970544 0.009819 0.009819 0.009819 
0.250000 0.250000 0.250000 0.250000 
  73
0.529810 0.006294 0.046210 
0.418301 0.987139 0.462022 
0.051888 0.006566 0.491768 
0.009819 0.970544 0.009819 0.009819 
0.250000 0.250000 0.250000 0.250000 
  74
0.529810 0.006294 0.046210 
0.418301 0.987139 0.462022 
0.051888 0.006566 0.491768 
0.970544 0.009819 0.009819 0.009819 
0.250000 0.250000 0.250000 0.250000 
  75
0.529810 0.006294 0.046210 
0.418301 0.987139 0.462022 
0.051888 0.006566 0.491768 
0.970544 0.009819 0.009819 0.009819 
0.250000 0.250000 0.250000 0.250000 
  76
0.529810 0.006294 0.046210 
0.418301 0.987139 0.462022 
0.051888 0.006566 0.491768 
0.898578 0.029456 0.044423 0.027544 
0.250000 0.250000 0.250000 0.250000 
  77
0.529810 0.006294 0.046210 
0.418301 0.987139 0.462022 
0.051888 0.006566 0.491768 
0.009819 0.970544 0.009819 0.009819 
0.250000 0.250000 0.250000 0.250000 
  78
0.529810 0.006294 0.046210 
0.418301 0.987139 0.462022 
0.051888 0.006566 0.491768 
0.009819 0.009819 0.009819 0.970544 
0.250000 0.250000 0.250000 0.250000 
  79
0.529810 0.006294 0.046210 
0.418301 0.987139 0.462022 
0.051888 0.006566 0.491768 
0.939274 0.039709 0.009819 0.011198 
0.250000 0.250000 0.250000 0.250000 
  80
0.529810 0.006294 0.046210 
0.418301 0.987139 0.462022 
0.051888 0.006566 0.491768 
0.970544 0.009819 0.009819 0.009819 
0.250000 0.250000 0.250000 0.250000 
  81
0.529810 0.006294 0.046210 
0.418301 0.987139 0.462022 
0.051888 0.006566 0.491768 
0.009819 0.009819 0.969036 0.011326 
0.250000 0.250000 0.250000 0.250000 
  82
0.529810 0.006294 0.046210 
0.418301 0.987139 0.462022 
0.051888 0.006566 0.491768 
0.015181 0.009832 0.013938 0.961049 
0.250000 0.250000 0.250000 0.250000 
  83
0.529810 0.006294 0.046210 
0.418301 0.987139 0.462022 
0.051888 0.006566 0.491768 
0.970544 0.009819 0.009819 0.009819 
0.250000 0.250000 0.250000 0.250000 
  84
0.529810 0.006294 0.046210 
0.418301 0.987139 0.462022 
0.051888 0.006566 0.491768 
0.009819 0.011176 0.011380 0.967626 
0.250000 0.250000 0.250000 0.250000 
  85
0.529810 0.006294 0.046210 
0.418301 0.987139 0.462022 
0.051888 0.006566 0.491768 
0.913015 0.067348 0.009819 0.009819 
0.250000 0.250000 0.250000 0.250000 
  86
0.529810 0.006294 0.046210 
0.418301 0.987139 0.462022 
0.051888 0.006566 0.491768 
0.009819 0.009819 0.970544 0.009819 
0.250000 0.250000 0.250000 0.250000 
  87
0.529810 0.006294 0.046210 
0.418301 0.987139 0.462022 
0.051888 0.006566 0.491768 
0.011554 0.009819 0.009819 0.968809 
0.250000 0.250000 0.250000 0.250000 
  88
0.529810 0.006294 0.046210 
0.418301 0.987139 0.462022 
0.051888 0.006566 0.491768 
0.819682 0.160681 0.009819 0.009819 
0.250000 0.250000 0.250000 0.250000 
  89
0.529810 0.006294 0.046210 
0.418301 0.987139 0.462022 
0.051888 0.006566 0.491768 
0.009854 0.009854 0.011589 0.968703 
0.250000 0.250000 0.250000 0.250000 
  90
0.529810 0.006294 0.046210 
0.418301 0.987139 0.462022 
0.051888 0.006566 0.491768 
0.009819 0.009819 0.009819 0.970544 
0.250000 0.250000 0.250000 0.250000 
  91
0.529810 0.006294 0.046210 
0.418301 0.987139 0.462022 
0.051888 0.006566 0.491768 
0.140527 0.839835 0.009819 0.009819 
0.250000 0.250000 0.250000 0.250000 
  92
0.529810 0.006294 0.046210 
0.418301 0.987139 0.462022 
0.051888 0.006566 0.491768 
0.009819 0.009819 0.970544 0.009819 
0.250000 0.250000 0.250000 0.250000 
  93
0.529810 0.006294 0.046210 
0.418301 0.987139 0.462022 
0.051888 0.006566 0.491768 
0.009819 0.009819 0.012296 0.968066 
0.250000 0.250000 0.250000 0.250000 
  94
0.529810 0.006294 0.046210 
0.418301 0.987139 0.462022 
0.051888 0.006566 0.491768 
0.009819 0.128108 0.032192 0.829881 
0.250000 0.250000 0.250000 0.250000 
  95
0.529810 0.006294 0.046210 
0.418301 0.987139 0.462022 
0.051888 0.006566 0.491768 
0.009819 0.970544 0.009819 0.009819 
0.250000 0.250000 0.250000 0.250000 
  96
0.529810 0.006294 0.046210 
0.418301 0.987139 0.462022 
0.051888 0.006566 0.491768 
0.009819 0.009819 0.012758 0.967604 
0.250000 0.250000 0.250000 0.250000 
  97
0.529810 0.006294 0.046210 
0.418301 0.987139 0.462022 
0.051888 0.006566 0.491768 
0.009819 0.009819 0.970544 0.009819 
0.250000 0.250000 0.250000 0.250000 
  98
0.505956 0.006294 0.046210 
0.442156 0.987139 0.462022 
0.053156 0.006550 0.491768 
0.009779 0.009779 0.970663 0.009779 
0.250000 0.250000 0.250000 0.250000 
  99
0.518320 0.006278 0.046210 
0.428524 0.987172 0.462022 
0.053156 0.006550 0.491768 
0.970663 0.009779 0.009779 0.009779 
0.250000 0.250000 0.250000 0.250000 
 100
0.518320 0.006278 0.046210 
0.428524 0.987172 0.462022 
0.053156 0.006550 0.491768 
0.891659 0.052270 0.012246 0.043824 
0.250000 0.250000 0.250000 0.250000 
 101
0.518320 0.006278 0.046210 
0.428524 0.987172 0.462022 
0.053156 0.006550 0.491768 
0.018012 0.962430 0.009779 0.009779 
0.250000 0.250000 0.250000 0.250000 
 102
0.518320 0.006278 0.046210 
0.428524 0.987172 0.462022 
0.053156 0.006550 0.491768 
0.970663 0.009779 0.009779 0.009779 
0.250000 0.250000 0.250000 0.250000 
 103
0.518320 0.006278 0.046210 
0.428524 0.987172 0.462022 
0.053156 0.006550 0.491768 
0.379968 0.587244 0.009779 0.023010 
0.250000 0.250000 0.250000 0.250000 
 104
0.518320 0.006278 0.046210 
0.428524 0.987172 0.462022 
0.053156 0.006550 0.491768 
0.970663 0.009779 0.009779 0.009779 
0.250000 0.250000 0.250000 0.250000 
 105
0.518320 0.006278 0.046210 
0.428524 0.987172 0.462022 
0.053156 0.006550 0.491768 
0.009779 0.009779 0.970663 0.009779 
0.250000 0.250000 0.250000 0.250000 
 106
0.511200 0.006278 0.046210 
0.435644 0.987172 0.462022 
0.053537 0.006545 0.491768 
0.474077 0.495541 0.012679 0.017703 
0.250000 0.250000 0.250000 0.250000 
 107
0.514866 0.006274 0.046210 
0.431597 0.987182 0.462022 
0.053537 0.006545 0.491768 
0.009767 0.043773 0.009767 0.936693 
0.250000 0.250000 0.250000 0.250000 
 108
0.514866 0.006274 0.046210 
0.431597 0.987182 0.462022 
0.053537 0.006545 0.491768 
0.009767 0.036610 0.918461 0.035162 
0.250000 0.250000 0.250000 0.250000 
 109
0.514866 0.006274 0.046210 
0.431597 0.987182 0.462022 
0.053537 0.006545 0.491768 
0.820104 0.034272 0.135857 0.009767 
0.250000 0.250000 0.250000 0.250000 
 110
0.514866 0.006274 0.046210 
0.431597 0.987182 0.462022 
0.053537 0.006545 0.491768 
0.009767 0.009767 0.009767 0.970698 
0.250000 0.250000 0.250000 0.250000 
 111
0.514866 0.006274 0.046210 
0.431597 0.987182 0.462022 
0.053537 0.006545 0.491768 
0.009767 0.009767 0.968416 0.012049 
0.250000 0.250000 0.250000 0.250000 
 112
0.514866 0.006274 0.046210 
0.431597 0.987182 0.462022 
0.053537 0.006545 0.491768 
0.831663 0.148803 0.009767 0.009767 
0.250000 0.250000 0.250000 0.250000 
 113
0.514866 0.006274 0.046210 
0.431597 0.987182 0.462022 
0.053537 0.006545 0.491768 
0.011865 0.009767 0.009767 0.968601 
0.250000 0.250000 0.250000 0.250000 
 114
0.514866 0.006274 0.046210 
0.431597 0.987182 0.462022 
0.053537 0.006545 0.491768 
0.009767 0.009767 0.012313 0.968153 
0.250000 0.250000 0.250000 0.250000 
 115
0.514866 0.006274 0.046210 
0.431597 0.987182 0.462022 
0.053537 0.006545 0.491768 
0.014009 0.009767 0.840699 0.135525 
0.250000 0.250000 0.250000 0.250000 
 116
0.514866 0.006274 0.046210 
0.431597 0.987182 0.462022 
0.053537 0.006545 0.491768 
0.009767 0.009767 0.044857 0.935608 
0.250000 0.250000 0.250000 0.250000 
 117
0.514866 0.006274 0.046210 
0.431597 0.987182 0.462022 
0.053537 0.006545 0.491768 
0.009767 0.009767 0.013437 0.967028 
0.250000 0.250000 0.250000 0.250000 
 118
0.514866 0.006274 0.046210 
0.431597 0.987182 0.462022 
0.053537 0.006545 0.491768 
0.385979 0.592914 0.009767 0.011340 
0.250000 0.250000 0.250000 0.250000 
 119
0.514866 0.006274 0.046210 
0.431597 0.987182 0.462022 
0.053537 0.006545 0.491768 
0.012327 0.011247 0.009767 0.966659 
0.250000 0.250000 0.250000 0.250000 
 120
0.514866 0.006274 0.046210 
0.431597 0.987182 0.462022 
0.053537 0.006545 0.491768 
0.009767 0.009767 0.009767 0.970698 
0.250000 0.250000 0.250000 0.250000 
 121
0.514866 0.006274 0.046210 
0.431597 0.987182 0.462022 
0.053537 0.006545 0.491768 
0.058597 0.795779 0.009767 0.135857 
0.250000 0.250000 0.250000 0.250000 
 122
0.514866 0.006274 0.046210 
0.431597 0.987182 0.462022 
0.053537 0.006545 0.491768 
0.012140 0.968326 0.009767 0.009767 
0.250000 0.250000 0.250000 0.250000 
 123
0.514866 0.006274 0.046210 
0.431597 0.987182 0.462022 
0.053537 0.006545 0.491768 
0.009767 0.968962 0.009767 0.011504 
0.250000 0.250000 0.250000 0.250000 
 124
0.514866 0.006274 0.046210 
0.431597 0.987182 0.462022 
0.053537 0.006545 0.491768 
0.009767 0.009767 0.918724 0.061741 
0.250000 0.250000 0.250000 0.250000 
 125
0.514866 0.006274 0.046210 
0.431597 0.987182 0.462022 
0.053537 0.006545 0.491768 
0.135857 0.009767 0.776466 0.077910 
0.250000 0.250000 0.250000 0.250000 
 126
0.514866 0.006274 0.046210 
0.431597 0.987182 0.462022 
0.053537 0.006545 0.491768 
0.009767 0.009767 0.135857 0.844608 
0.250000 0.250000 0.250000 0.250000 
 127
0.514866 0.006274 0.046210 
0.431597 0.987182 0.462022 
0.053537 0.006545 0.491768 
0.009767 0.009767 0.780548 0.199918 
0.250000 0.250000 0.250000 0.250000 
 128
0.514866 0.006274 0.046210 
0.431597 0.987182 0.462022 
0.053537 0.006545 0.491768 
0.009767 0.009767 0.970698 0.009767 
0.250000 0.250000 0.250000 0.250000 
 129
0.514866 0.006274 0.046210 
0.431597 0.987182 0.462022 
0.053537 0.006545 0.491768 
0.009767 0.009767 0.970698 0.009767 
0.250000 0.250000 0.250000 0.250000 
 130
0.514866 0.006274 0.046210 
0.431597 0.987182 0.462022 
0.053537 0.006545 0.491768 
0.021896 0.009767 0.394559 0.573778 
0.250000 0.250000 0.250000 0.250000 
 131
0.514866 0.006274 0.046210 
0.431597 0.987182 0.462022 
0.053537 0.006545 0.491768 
0.009767 0.009767 0.970698 0.009767 
0.250000 0.250000 0.250000 0.250000 
 132
0.514866 0.006274 0.046210 
0.431597 0.987182 0.462022 
0.053537 0.006545 0.491768 
0.009767 0.901821 0.009767 0.078645 
0.250000 0.250000 0.250000 0.250000 
 133
0.514866 0.006274 0.046210 
0.431597 0.987182 0.462022 
0.053537 0.006545 0.491768 
0.009767 0.009767 0.011248 0.969218 
0.250000 0.250000 0.250000 0.250000 
 134
0.514866 0.006274 0.046210 
0.431597 0.987182 0.462022 
0.053537 0.006545 0.491768 
0.843096 0.137369 0.009767 0.009767 
0.250000 0.250000 0.250000 0.250000 
 135
0.514866 0.006274 0.046210 
0.431597 0.987182 0.462022 
0.053537 0.006545 0.491768 
0.009767 0.009767 0.009767 0.970698 
0.250000 0.250000 0.250000 0.250000 
 136
0.514866 0.006274 0.046210 
0.431597 0.987182 0.462022 
0.053537 0.006545 0.491768 
0.771448 0.199723 0.009767 0.019061 
0.250000 0.250000 0.250000 0.250000 
 137
0.514866 0.006274 0.046210 
0.431597 0.987182 0.462022 
0.053537 0.006545 0.491768 
0.966178 0.009767 0.009767 0.014288 
0.250000 0.250000 0.250000 0.250000 
 138
0.514866 0.006274 0.046210 
0.431597 0.987182 0.462022 
0.053537 0.006545 0.491768 
0.009767 0.970698 0.009767 0.009767 
0.250000 0.250000 0.250000 0.250000 
 139
0.514866 0.006274 0.046210 
0.431597 0.987182 0.462022 
0.053537 0.006545 0.491768 
0.009767 0.009767 0.546542 0.433923 
0.250000 0.250000 0.250000 0.250000 
 140
0.514866 0.006274 0.046210 
0.431597 0.987182 0.462022 
0.053537 0.006545 0.491768 
0.009767 0.009767 0.009767 0.970698 
0.250000 0.250000 0.250000 0.250000 
 141
0.514866 0.006274 0.046210 
0.431597 0.987182 0.462022 
0.053537 0.006545 0.491768 
0.009767 0.009767 0.970698 0.009767 
0.250000 0.250000 0.250000 0.250000 
 142
0.514866 0.006274 0.046210 
0.431597 0.987182 0.462022 
0.053537 0.006545 0.491768 
0.866671 0.102039 0.011185 0.020106 
0.250000 0.250000 0.250000 0.250000 
 143
0.514866 0.006274 0.046210 
0.431597 0.987182 0.462022 
0.053537 0.006545 0.491768 
0.970698 0.009767 0.009767 0.009767 
0.250000 0.250000 0.250000 0.250000 
 144
0.514866 0.006274 0.046210 
0.431597 0.987182 0.462022 
0.053537 0.006545 0.491768 
0.009767 0.009767 0.594464 0.386001 
0.250000 0.250000 0.250000 0.250000 
 145
0.514866 0.006274 0.046210 
0.431597 0.987182 0.462022 
0.053537 0.006545 0.491768 
0.932573 0.047892 0.009767 0.009767 
0.250000 0.250000 0.250000 0.250000 
 146
0.514866 0.006274 0.046210 
0.431597 0.987182 0.462022 
0.053537 0.006545 0.491768 
0.009767 0.009767 0.009767 0.970698 
0.250000 0.250000 0.250000 0.250000 
 147
0.514866 0.006274 0.046210 
0.431597 0.987182 0.462022 
0.053537 0.006545 0.491768 
0.970698 0.009767 0.009767 0.009767 
0.250000 0.250000 0.250000 0.250000 
 148
0.514866 0.006274 0.046210 
0.431597 0.987182 0.462022 
0.053537 0.006545 0.491768 
0.588432 0.392033 0.009767 0.009767 
0.250000 0.250000 0.250000 0.250000 
 149
0.514866 0.006274 0.046210 
0.431597 0.987182 0.462022 
0.053537 0.006545 0.491768 
0.970698 0.009767 0.009767 0.009767 
0.250000 0.250000 0.250000 0.250000 
 150
0.514866 0.006274 0.046210 
0.431597 0.987182 0.462022 
0.053537 0.006545 0.491768 
0.970698 0.009767 0.009767 0.009767 
0.250000 0.250000 0.250000 0.250000 
 151
0.514866 0.006274 0.046210 
0.431597 0.987182 0.462022 
0.053537 0.006545 0.491768 
0.514151 0.466315 0.009767 0.009767 
0.250000 0.250000 0.250000 0.250000 
 152
0.514866 0.006274 0.046210 
0.431597 0.987182 0.462022 
0.053537 0.006545 0.491768 
0.009767 0.009767 0.970698 0.009767 
0.250000 0.250000 0.250000 0.250000 
 153
0.514866 0.006274 0.046210 
0.431597 0.987182 0.462022 
0.053537 0.006545 0.491768 
0.970698 0.009767 0.009767 0.009767 
0.250000 0.250000 0.250000 0.250000 
 154
0.514866 0.006274 0.046210 
0.431597 0.987182 0.462022 
0.053537 0.006545 0.491768 
0.206453 0.752896 0.027400 0.013252 
0.250000 0.250000 0.250000 0.250000 
 155
0.514866 0.006274 0.046210 
0.431597 0.987182 0.462022 
0.053537 0.006545 0.491768 
0.009767 0.970698 0.009767 0.009767 
0.250000 0.250000 0.250000 0.250000 
 156
0.514866 0.006274 0.046210 
0.431597 0.987182 0.462022 
0.053537 0.006545 0.491768 
0.011865 0.968601 0.009767 0.009767 
0.250000 0.250000 0.250000 0.250000 
 157
0.514866 0.006274 0.046210 
0.431597 0.987182 0.462022 
0.053537 0.006545 0.491768 
0.009767 0.009767 0.925363 0.055103 
0.250000 0.250000 0.250000 0.250000 
 158
0.514866 0.006274 0.046210 
0.431597 0.987182 0.462022 
0.053537 0.006545 0.491768 
0.009767 0.009767 0.009767 0.970698 
0.250000 0.250000 0.250000 0.250000 
 159
0.514866 0.006274 0.046210 
0.431597 0.987182 0.462022 
0.053537 0.006545 0.491768 
0.009767 0.970698 0.009767 0.009767 
0.250000 0.250000 0.250000 0.250000 
 160
0.514866 0.006274 0.046210 
0.431597 0.987182 0.462022 
0.053537 0.006545 0.491768 
0.737559 0.242907 0.009767 0.009767 
0.250000 0.250000 0.250000 0.250000 
 161
0.514866 0.006274 0.046210 
0.431597 0.987182 0.462022 
0.053537 0.006545 0.491768 
0.970698 0.009767 0.009767 0.009767 
0.250000 0.250000 0.250000 0.250000 
 162
0.514866 0.006274 0.046210 
0.431597 0.987182 0.462022 
0.053537 0.006545 0.491768 
0.970698 0.009767 0.009767 0.009767 
0.250000 0.250000 0.250000 0.250000 
 163
0.514866 0.006274 0.046210 
0.431597 0.987182 0.462022 
0.053537 0.006545 0.491768 
0.839263 0.141202 0.009767 0.009767 
0.250000 0.250000 0.250000 0.250000 
 164
0.514866 0.006274 0.046210 
0.431597 0.987182 0.462022 
0.053537 0.006545 0.491768 
0.009767 0.009767 0.970698 0.009767 
0.250000 0.250000 0.250000 0.250000 
 165
0.514866 0.006274 0.046210 
0.431597 0.987182 0.462022 
0.053537 0.006545 0.491768 
0.970698 0.009767 0.009767 0.009767 
0.250000 0.250000 0.250000 0.250000 
 166
0.514866 0.006274 0.046210 
0.431597 0.987182 0.462022 
0.053537 0.006545 0.491768 
0.064292 0.877482 0.009767 0.048458 
0.250000 0.250000 0.250000 0.250000 
 167
0.514866 0.006274 0.046210 
0.431597 0.987182 0.462022 
0.053537 0.006545 0.491768 
0.009767 0.016668 0.548988 0.424577 
0.250000 0.250000 0.250000 0.250000 
 168
0.514866 0.006274 0.046210 
0.431597 0.987182 0.462022 
0.053537 0.006545 0.491768 
0.011578 0.009767 0.967465 0.011190 
0.250000 0.250000 0.250000 0.250000 
 169
0.514866 0.006274 0.046210 
0.431597 0.987182 0.462022 
0.053537 0.006545 0.491768 
0.491276 0.060279 0.426860 0.021585 
0.250000 0.250000 0.250000 0.250000 
 170
0.514866 0.006274 0.046210 
0.431597 0.987182 0.462022 
0.053537 0.006545 0.491768 
0.009767 0.009767 0.034626 0.945839 
0.250000 0.250000 0.250000 0.250000 
 171
0.514866 0.006274 0.046210 
0.431597 0.987182 0.462022 
0.053537 0.006545 0.491768 
0.009767 0.009767 0.028964 0.951502 
0.250000 0.250000 0.250000 0.250000 
 172
0.514866 0.006274 0.046210 
0.431597 0.987182 0.462022 
0.053537 0.006545 0.491768 
0.033868 0.946598 0.009767 0.009767 
0.250000 0.250000 0.250000 0.250000 
 173
0.514866 0.006274 0.046210 
0.431597 0.987182 0.462022 
0.053537 0.006545 0.491768 
0.023441 0.441627 0.052498 0.482434 
0.250000 0.250000 0.250000 0.250000 
 174
0.514866 0.006274 0.046210 
0.431597 0.987182 0.462022 
0.053537 0.006545 0.491768 
0.009767 0.009767 0.165167 0.815298 
0.250000 0.250000 0.250000 0.250000 
 175
0.514866 0.006274 0.046210 
0.431597 0.987182 0.462022 
0.053537 0.006545 0.491768 
0.009767 0.012816 0.361451 0.615966 
0.250000 0.250000 0.250000 0.250000 
 176
0.514866 0.006274 0.046210 
0.431597 0.987182 0.462022 
0.053537 0.006545 0.491768 
0.009767 0.009767 0.033235 0.947231 
0.250000 0.250000 0.250000 0.250000 
 177
0.514866 0.006274 0.046210 
0.431597 0.987182 0.462022 
0.053537 0.006545 0.491768 
0.009767 0.050752 0.514851 0.424629 
0.250000 0.250000 0.250000 0.250000 
 178
0.506679 0.006274 0.046210 
0.439783 0.987182 0.462022 
0.053979 0.006539 0.491768 
0.515083 0.450547 0.023361 0.011009 
0.250000 0.250000 0.250000 0.250000 
 179
0.510862 0.006268 0.046210 
0.435159 0.987192 0.462022 
0.053979 0.006539 0.491768 
0.970681 0.009773 0.009773 0.009773 
0.250000 0.250000 0.250000 0.250000 
 180
0.510862 0.006268 0.046210 
0.435159 0.987192 0.462022 
0.053979 0.006539 0.491768 
0.009754 0.009754 0.783582 0.196910 
0.250000 0.250000 0.250000 0.250000 
 181
0.510862 0.006268 0.046210 
0.435159 0.987192 0.462022 
0.053979 0.006539 0.491768 
0.782963 0.195812 0.009754 0.011471 
0.250000 0.250000 0.250000 0.250000 
 182
0.510862 0.006268 0.046210 
0.435159 0.987192 0.462022 
0.053979 0.006539 0.491768 
0.965857 0.011667 0.012722 0.009754 
0.250000 0.250000 0.250000 0.250000 
 183
0.510862 0.006268 0.046210 
0.435159 0.987192 0.462022 
0.053979 0.006539 0.491768 
0.009754 0.009754 0.143090 0.837402 
0.250000 0.250000 0.250000 0.250000 
 184
0.510862 0.006268 0.046210 
0.435159 0.987192 0.462022 
0.053979 0.006539 0.491768 
0.210388 0.770104 0.009754 0.009754 
0.250000 0.250000 0.250000 0.250000 
 185
0.510862 0.006268 0.046210 
0.435159 0.987192 0.462022 
0.053979 0.006539 0.491768 
0.970738 0.009754 0.009754 0.009754 
0.250000 0.250000 0.250000 0.250000 
 186
0.510862 0.006268 0.046210 
0.435159 0.987192 0.462022 
0.053979 0.006539 0.491768 
0.970738 0.009754 0.009754 0.009754 
0.250000 0.250000 0.250000 0.250000 
 187
0.510862 0.006268 0.046210 
0.435159 0.987192 0.462022 
0.053979 0.006539 0.491768 
0.478496 0.501996 0.009754 0.009754 
0.250000 0.250000 0.250000 0.250000 
 188
0.510862 0.006268 0.046210 
0.435159 0.987192 0.462022 
0.053979 0.006539 0.491768 
0.009754 0.009754 0.970738 0.009754 
0.250000 0.250000 0.250000 0.250000 
 189
0.510862 0.006268 0.046210 
0.435159 0.987192 0.462022 
0.053979 0.006539 0.491768 
0.011228 0.009754 0.009754 0.969264 
0.250000 0.250000 0.250000 0.250000 
 190
0.510862 0.006268 0.046210 
0.435159 0.987192 0.462022 
0.053979 0.006539 0.491768 
0.422382 0.141502 0.389646 0.046471 
0.250000 0.250000 0.250000 0.250000 
 191
0.510862 0.006268 0.046210 
0.435159 0.987192 0.462022 
0.053979 0.006539 0.491768 
0.009754 0.009754 0.970738 0.009754 
0.250000 0.250000 0.250000 0.250000 
 192
0.510862 0.006268 0.046210 
0.435159 0.987192 0.462022 
0.053979 0.006539 0.491768 
0.009754 0.009754 0.970738 0.009754 
0.250000 0.250000 0.250000 0.250000 
 193
0.510862 0.006268 0.046210 
0.435159 0.987192 0.462022 
0.053979 0.006539 0.491768 
0.012722 0.021451 0.045163 0.920664 
0.250000 0.250000 0.250000 0.250000 
 194
0.510862 0.006268 0.046210 
0.435159 0.987192 0.462022 
0.053979 0.006539 0.491768 
0.009754 0.970738 0.009754 0.009754 
0.250000 0.250000 0.250000 0.250000 
 195
0.510862 0.006268 0.046210 
0.435159 0.987192 0.462022 
0.053979 0.006539 0.491768 
0.970738 0.009754 0.009754 0.009754 
0.250000 0.250000 0.250000 0.250000 
 196
0.510862 0.006268 0.046210 
0.435159 0.987192 0.462022 
0.053979 0.006539 0.491768 
0.566168 0.414324 0.009754 0.009754 
0.250000 0.250000 0.250000 0.250000 
 197
0.510862 0.006268 0.046210 
0.435159 0.987192 0.462022 
0.053979 0.006539 0.491768 
0.009754 0.009754 0.009754 0.970738 
0.250000 0.250000 0.250000 0.250000 
 198
0.510862 0.006268 0.046210 
0.435159 0.987192 0.462022 
0.053979 0.006539 0.491768 
0.970738 0.009754 0.009754 0.009754 
0.250000 0.250000 0.250000 0.250000 
 199
0.510862 0.006268 0.046210 
0.435159 0.987192 0.462022 
0.053979 0.006539 0.491768 
0.438429 0.447945 0.079789 0.033837 
0.250000 0.250000 0.250000 0.250000 
 200
0.510862 0.006268 0.046210 
0.435159 0.987192 0.462022 
0.053979 0.006539 0.491768 
0.009754 0.009754 0.970738 0.009754 
0.250000 0.250000 0.250000 0.250000 
 201
0.510862 0.006268 0.046210 
0.435159 0.987192 0.462022 
0.053979 0.006539 0.491768 
0.009754 0.009754 0.970738 0.009754 
0.250000 0.250000 0.250000 0.250000 
 202
0.510862 0.006268 0.046210 
0.435159 0.987192 0.462022 
0.053979 0.006539 0.491768 
0.089730 0.055699 0.142079 0.712493 
0.250000 0.250000 0.250000 0.250000 
 203
0.510862 0.006268 0.046210 
0.435159 0.987192 0.462022 
0.053979 0.006539 0.491768 
0.009754 0.970738 0.009754 0.009754 
0.250000 0.250000 0.250000 0.250000 
 204
0.510862 0.006268 0.046210 
0.435159 0.987192 0.462022 
0.053979 0.006539 0.491768 
0.970738 0.009754 0.009754 0.009754 
0.250000 0.250000 0.250000 0.250000 
 205
0.510862 0.006268 0.046210 
0.435159 0.987192 0.462022 
0.053979 0.006539 0.491768 
0.009754 0.009754 0.970738 0.009754 
0.250000 0.250000 0.250000 0.250000 
 206
0.510862 0.006268 0.046210 
0.435159 0.987192 0.462022 
0.053979 0.006539 0.491768 
0.009754 0.009754 0.970738 0.009754 
0.250000 0.250000 0.250000 0.250000 
 207
0.510862 0.006268 0.046210 
0.435159 0.987192 0.462022 
0.053979 0.006539 0.491768 
0.969083 0.011408 0.009754 0.009754 
0.250000 0.250000 0.250000 0.250000 
 208
0.510862 0.006268 0.046210 
0.435159 0.987192 0.462022 
0.053979 0.006539 0.491768 
0.594649 0.384417 0.009754 0.011180 
0.250000 0.250000 0.250000 0.250000 
 209
0.510862 0.006268 0.046210 
0.435159 0.987192 0.462022 
0.053979 0.006539 0.491768 
0.009754 0.009754 0.009754 0.970738 
0.250000 0.250000 0.250000 0.250000 
 210
0.510862 0.006268 0.046210 
0.435159 0.987192 0.462022 
0.053979 0.006539 0.491768 
0.009754 0.009754 0.970738 0.009754 
0.250000 0.250000 0.250000 0.250000 
 211
0.510862 0.006268 0.046210 
0.435159 0.987192 0.462022 
0.053979 0.006539 0.491768 
0.906276 0.074216 0.009754 0.009754 
0.250000 0.250000 0.250000 0.250000 
 212
0.510862 0.006268 0.046210 
0.435159 0.987192 0.462022 
0.053979 0.006539 0.491768 
0.009754 0.009754 0.022000 0.958492 
0.250000 0.250000 0.250000 0.250000 
 213
0.510862 0.006268 0.046210 
0.435159 0.987192 0.462022 
0.053979 0.006539 0.491768 
0.009754 0.009754 0.016952 0.963540 
0.250000 0.250000 0.250000 0.250000 
 214
0.510862 0.006268 0.046210 
0.435159 0.987192 0.462022 
0.053979 0.006539 0.491768 
0.151720 0.828772 0.009754 0.009754 
0.250000 0.250000 0.250000 0.250000 
 215
0.510862 0.006268 0.046210 
0.435159 0.987192 0.462022 
0.053979 0.006539 0.491768 
0.009754 0.009754 0.009754 0.970738 
0.250000 0.250000 0.250000 0.250000 
 216
0.510862 0.006268 0.046210 
0.435159 0.987192 0.462022 
0.053979 0.006539 0.491768 
0.009754 0.009754 0.009754 0.970738 
0.250000 0.250000 0.250000 0.250000 
 217
0.510862 0.006268 0.046210 
0.435159 0.987192 0.462022 
0.053979 0.006539 0.491768 
0.022223 0.550516 0.032634 0.394627 
0.250000 0.250000 0.250000 0.250000 
 218
0.510862 0.006268 0.046210 
0.435159 0.987192 0.462022 
0.053979 0.006539 0.491768 
0.009754 0.970738 0.009754 0.009754 
0.250000 0.250000 0.250000 0.250000 
 219
0.510862 0.006268 0.046210 
0.435159 0.987192 0.462022 
0.053979 0.006539 0.491768 
0.964696 0.011467 0.014082 0.009754 
0.250000 0.250000 0.250000 0.250000 
 220
0.510862 0.006268 0.046210 
0.435159 0.987192 0.462022 
0.053979 0.006539 0.491768 
0.135674 0.009754 0.809851 0.044720 
0.250000 0.250000 0.250000 0.250000 
 221
0.510862 0.006268 0.046210 
0.435159 0.987192 0.462022 
0.053979 0.006539 0.491768 
0.970738 0.009754 0.009754 0.009754 
0.250000 0.250000 0.250000 0.250000 
 222
0.510862 0.006268 0.046210 
0.435159 0.987192 0.462022 
0.053979 0.006539 0.491768 
0.009754 0.009754 0.965274 0.015218 
0.250000 0.250000 0.250000 0.250000 
 223
0.510862 0.006268 0.046210 
0.435159 0.987192 0.462022 
0.053979 0.006539 0.491768 
0.131145 0.014283 0.346117 0.508455 
0.250000 0.250000 0.250000 0.250000 
 224
0.510862 0.006268 0.046210 
0.435159 0.987192 0.462022 
0.053979 0.006539 0.491768 
0.970738 0.009754 0.009754 0.009754 
0.250000 0.250000 0.250000 0.250000 
 225
0.510862 0.006268 0.046210 
0.435159 0.987192 0.462022 
0.053979 0.006539 0.491768 
0.359095 0.621397 0.009754 0.009754 
0.250000 0.250000 0.250000 0.250000 
 226
0.510862 0.006268 0.046210 
0.435159 0.987192 0.462022 
0.053979 0.006539 0.491768 
0.009754 0.009754 0.014970 0.965522 
0.250000 0.250000 0.250000 0.250000 
 227
0.510862 0.006268 0.046210 
0.435159 0.987192 0.462022 
0.053979 0.006539 0.491768 
0.009754 0.970738 0.009754 0.009754 
0.250000 0.250000 0.250000 0.250000 
 228
0.510862 0.006268 0.046210 
0.435159 0.987192 0.462022 
0.053979 0.006539 0.491768 
0.009754 0.013139 0.012815 0.964292 
0.250000 0.250000 0.250000 0.250000 
 229
0.510862 0.006268 0.046210 
0.435159 0.987192 0.462022 
0.053979 0.006539 0.491768 
0.009754 0.009754 0.089579 0.890913 
0.250000 0.250000 0.250000 0.250000 
 230
0.510862 0.006268 0.046210 
0.435159 0.987192 0.462022 
0.053979 0.006539 0.491768 
0.009754 0.009754 0.009754 0.970738 
0.250000 0.250000 0.250000 0.250000 
 231
0.510862 0.006268 0.046210 
0.435159 0.987192 0.462022 
0.053979 0.006539 0.491768 
0.009754 0.970738 0.009754 0.009754 
0.250000 0.250000 0.250000 0.250000 
 232
0.510862 0.006268 0.046210 
0.435159 0.987192 0.462022 
0.053979 0.006539 0.491768 
0.126393 0.019035 0.013139 0.841433 
0.250000 0.250000 0.250000 0.250000 
 233
0.510862 0.006268 0.046210 
0.435159 0.987192 0.462022 
0.053979 0.006539 0.491768 
0.020945 0.922883 0.009754 0.046418 
0.250000 0.250000 0.250000 0.250000 
 234
0.510862 0.006268 0.046210 
0.435159 0.987192 0.462022 
0.053979 0.006539 0.491768 
0.009754 0.009754 0.009754 0.970738 
0.250000 0.250000 0.250000 0.250000 
 235
0.510862 0.006268 0.046210 
0.435159 0.987192 0.462022 
0.053979 0.006539 0.491768 
0.870669 0.106320 0.009754 0.013256 
0.250000 0.250000 0.250000 0.250000 
 236
0.510862 0.006268 0.046210 
0.435159 0.987192 0.462022 
0.053979 0.006539 0.491768 
