%  SAM: modelfromalign v3.5 (July 15, 2005) compiled 03/03/09_11:47:37
%  (c) 1992-2001 Regents of the University of California, Santa Cruz
%
%          Sequence Alignment and Modeling Software System
%         http://www.cse.ucsc.edu/research/compbio/sam.html
%
% ----------------- Citations (SAM, SAM-T2K, HMMs) --------------------
% R. Hughey, A. Krogh, Hidden Markov models for sequence analysis:
%  Extension and analysis of the basic method, CABIOS 12:95-107, 1996.
% K. Karplus, et al., What is the value added by human intervention in protein
%  structure prediction, Proteins: Stucture, Function, Genetics 45(S5):86--91, 2001.
% A. Krogh et al., Hidden Markov models in computational biology:
%  Applications to protein modeling, JMB 235:1501-1531, Feb 1994.
% ---------------------------------------------------------------------
%  A_NA_N2_hmm   Host: m222714.cdc.gov    Wed May 21 18:13:41 2014
%  vfn4          Dir:  /Volumes/gf_atl_2012/Genotyping/IRMA/segments/NA
% ---------------------------------------------------------------------
%  Alignment weights from internal calc.  Total (76.14) Max (0.39) Min (0.01)
%  Weights from alignment method 1 (karplus), b=-1.000000, e=0.500000
MODEL --  Model from alignment file rev/A_NA_N2.fasta
alphabet DNA
FREQAVE
0.000000 0.000000 0.000000 
0.000000 0.000000 0.000000 
0.000000 0.000000 0.000000 
0.261263 0.189552 0.239282 0.309903 
0.261263 0.189552 0.239282 0.309903 
Begin
0.000000 0.000000 0.000000 
0.000000 0.000000 0.000000 
0.000000 0.002885 0.491768 
0.250000 0.250000 0.250000 0.250000 
0.250000 0.250000 0.250000 0.250000 
   1
0.000000 0.002766 0.046210 
0.000000 0.994349 0.462022 
0.057405 0.002885 0.491768 
0.003241 0.003241 0.008427 0.985091 
0.250000 0.250000 0.250000 0.250000 
   2
0.479817 0.002766 0.046210 
0.462778 0.994349 0.462022 
0.057405 0.002885 0.491768 
0.003241 0.003241 0.010568 0.982950 
0.250000 0.250000 0.250000 0.250000 
   3
0.479817 0.002766 0.046210 
0.462778 0.994349 0.462022 
0.057405 0.002885 0.491768 
0.990277 0.003241 0.003241 0.003241 
0.250000 0.250000 0.250000 0.250000 
   4
0.479817 0.002766 0.046210 
0.462778 0.994349 0.462022 
0.057405 0.002885 0.491768 
0.003758 0.003241 0.006639 0.986362 
0.250000 0.250000 0.250000 0.250000 
   5
0.479817 0.002766 0.046210 
0.462778 0.994349 0.462022 
0.057405 0.002885 0.491768 
0.989100 0.003971 0.003688 0.003241 
0.250000 0.250000 0.250000 0.250000 
   6
0.479817 0.002766 0.046210 
0.462778 0.994349 0.462022 
0.057405 0.002885 0.491768 
0.004958 0.008558 0.021072 0.965412 
0.250000 0.250000 0.250000 0.250000 
   7
0.479817 0.002766 0.046210 
0.462778 0.994349 0.462022 
0.057405 0.002885 0.491768 
0.968690 0.007133 0.013759 0.010418 
0.250000 0.250000 0.250000 0.250000 
   8
0.479817 0.002766 0.046210 
0.462778 0.994349 0.462022 
0.057405 0.002885 0.491768 
0.004000 0.986948 0.003817 0.005234 
0.250000 0.250000 0.250000 0.250000 
   9
0.479817 0.002766 0.046210 
0.462778 0.994349 0.462022 
0.057405 0.002885 0.491768 
0.032506 0.928649 0.035295 0.003550 
0.250000 0.250000 0.250000 0.250000 
  10
0.479817 0.002766 0.046210 
0.462778 0.994349 0.462022 
0.057405 0.002885 0.491768 
0.003732 0.003746 0.989281 0.003241 
0.250000 0.250000 0.250000 0.250000 
  11
0.479817 0.002766 0.046210 
0.462778 0.994349 0.462022 
0.057405 0.002885 0.491768 
0.987415 0.004651 0.004328 0.003605 
0.250000 0.250000 0.250000 0.250000 
  12
0.479817 0.002766 0.046210 
0.462778 0.994349 0.462022 
0.057405 0.002885 0.491768 
0.003732 0.003747 0.004810 0.987711 
0.250000 0.250000 0.250000 0.250000 
  13
0.479817 0.002766 0.046210 
0.462778 0.994349 0.462022 
0.057405 0.002885 0.491768 
0.040786 0.951865 0.003241 0.004108 
0.250000 0.250000 0.250000 0.250000 
  14
0.479817 0.002766 0.046210 
0.462778 0.994349 0.462022 
0.057405 0.002885 0.491768 
0.983829 0.006755 0.003500 0.005916 
0.250000 0.250000 0.250000 0.250000 
  15
0.479817 0.002766 0.046210 
0.462778 0.994349 0.462022 
0.057405 0.002885 0.491768 
0.425362 0.563278 0.003835 0.007525 
0.250000 0.250000 0.250000 0.250000 
  16
0.479817 0.002766 0.046210 
0.462778 0.994349 0.462022 
0.057405 0.002885 0.491768 
0.868738 0.123497 0.003519 0.004246 
0.250000 0.250000 0.250000 0.250000 
  17
0.479817 0.002766 0.046210 
0.462778 0.994349 0.462022 
0.057405 0.002885 0.491768 
0.004424 0.004996 0.010804 0.979776 
0.250000 0.250000 0.250000 0.250000 
  18
0.479817 0.002766 0.046210 
0.462778 0.994349 0.462022 
0.057405 0.002885 0.491768 
0.004167 0.003885 0.020710 0.971238 
0.250000 0.250000 0.250000 0.250000 
  19
0.479817 0.002766 0.046210 
0.462778 0.994349 0.462022 
0.057405 0.002885 0.491768 
0.008913 0.981688 0.003778 0.005621 
0.250000 0.250000 0.250000 0.250000 
  20
0.479817 0.002766 0.046210 
0.462778 0.994349 0.462022 
0.057405 0.002885 0.491768 
0.988595 0.003560 0.004604 0.003241 
0.250000 0.250000 0.250000 0.250000 
  21
0.479817 0.002766 0.046210 
0.462778 0.994349 0.462022 
0.057405 0.002885 0.491768 
0.003241 0.107497 0.003834 0.885428 
0.250000 0.250000 0.250000 0.250000 
  22
0.479817 0.002766 0.046210 
0.462778 0.994349 0.462022 
0.057405 0.002885 0.491768 
0.409305 0.582197 0.003497 0.005001 
0.250000 0.250000 0.250000 0.250000 
  23
0.479817 0.002766 0.046210 
0.462778 0.994349 0.462022 
0.057405 0.002885 0.491768 
0.005786 0.006448 0.003241 0.984525 
0.250000 0.250000 0.250000 0.250000 
  24
0.479817 0.002766 0.046210 
0.462778 0.994349 0.462022 
0.057405 0.002885 0.491768 
0.003242 0.003242 0.582039 0.411476 
0.250000 0.250000 0.250000 0.250000 
  25
0.479817 0.002766 0.046210 
0.462778 0.994349 0.462022 
0.057405 0.002885 0.491768 
0.023002 0.003759 0.922275 0.050963 
0.250000 0.250000 0.250000 0.250000 
  26
0.479817 0.002766 0.046210 
0.462778 0.994349 0.462022 
0.057405 0.002885 0.491768 
0.003241 0.988293 0.005225 0.003241 
0.250000 0.250000 0.250000 0.250000 
  27
0.479817 0.002766 0.046210 
0.462778 0.994349 0.462022 
0.057405 0.002885 0.491768 
0.005786 0.004604 0.985850 0.003760 
0.250000 0.250000 0.250000 0.250000 
  28
0.479817 0.002766 0.046210 
0.462778 0.994349 0.462022 
0.057405 0.002885 0.491768 
0.008592 0.003589 0.883290 0.104529 
0.250000 0.250000 0.250000 0.250000 
  29
0.479817 0.002766 0.046210 
0.462778 0.994349 0.462022 
0.057405 0.002885 0.491768 
0.003745 0.003749 0.988181 0.004324 
0.250000 0.250000 0.250000 0.250000 
  30
0.479817 0.002766 0.046210 
0.462778 0.994349 0.462022 
0.057405 0.002885 0.491768 
0.003241 0.003241 0.990277 0.003241 
0.250000 0.250000 0.250000 0.250000 
  31
0.479817 0.002766 0.046210 
0.462778 0.994349 0.462022 
0.057405 0.002885 0.491768 
0.979479 0.011870 0.005409 0.003241 
0.250000 0.250000 0.250000 0.250000 
  32
0.479817 0.002766 0.046210 
0.462778 0.994349 0.462022 
0.057405 0.002885 0.491768 
0.003241 0.003241 0.003241 0.990277 
0.250000 0.250000 0.250000 0.250000 
  33
0.479817 0.002766 0.046210 
0.462778 0.994349 0.462022 
0.057405 0.002885 0.491768 
0.003241 0.003241 0.990277 0.003241 
0.250000 0.250000 0.250000 0.250000 
  34
0.479817 0.002766 0.046210 
0.462778 0.994349 0.462022 
0.057405 0.002885 0.491768 
0.987588 0.005930 0.003241 0.003241 
0.250000 0.250000 0.250000 0.250000 
  35
0.479817 0.002766 0.046210 
0.462778 0.994349 0.462022 
0.057405 0.002885 0.491768 
0.003621 0.989385 0.003241 0.003754 
0.250000 0.250000 0.250000 0.250000 
  36
0.479817 0.002766 0.046210 
0.462778 0.994349 0.462022 
0.057405 0.002885 0.491768 
0.003678 0.989350 0.003241 0.003731 
0.250000 0.250000 0.250000 0.250000 
  37
0.479817 0.002766 0.046210 
0.462778 0.994349 0.462022 
0.057405 0.002885 0.491768 
0.003700 0.005427 0.987631 0.003241 
0.250000 0.250000 0.250000 0.250000 
  38
0.479817 0.002766 0.046210 
0.462778 0.994349 0.462022 
0.057405 0.002885 0.491768 
0.004328 0.004804 0.987627 0.003241 
0.250000 0.250000 0.250000 0.250000 
  39
0.479817 0.002766 0.046210 
0.462778 0.994349 0.462022 
0.057405 0.002885 0.491768 
0.988627 0.003241 0.004891 0.003241 
0.250000 0.250000 0.250000 0.250000 
  40
0.479817 0.002766 0.046210 
0.462778 0.994349 0.462022 
0.057405 0.002885 0.491768 
0.003499 0.005982 0.007025 0.983495 
0.250000 0.250000 0.250000 0.250000 
  41
0.479817 0.002766 0.046210 
0.462778 0.994349 0.462022 
0.057405 0.002885 0.491768 
0.003241 0.990277 0.003241 0.003241 
0.250000 0.250000 0.250000 0.250000 
  42
0.479817 0.002766 0.046210 
0.462778 0.994349 0.462022 
0.057405 0.002885 0.491768 
0.983365 0.003747 0.003872 0.009016 
0.250000 0.250000 0.250000 0.250000 
  43
0.479817 0.002766 0.046210 
0.462778 0.994349 0.462022 
0.057405 0.002885 0.491768 
0.003803 0.988628 0.004328 0.003241 
0.250000 0.250000 0.250000 0.250000 
  44
0.479817 0.002766 0.046210 
0.462778 0.994349 0.462022 
0.057405 0.002885 0.491768 
0.003241 0.003241 0.990277 0.003241 
0.250000 0.250000 0.250000 0.250000 
  45
0.479817 0.002766 0.046210 
0.462778 0.994349 0.462022 
0.057405 0.002885 0.491768 
0.003241 0.003241 0.990277 0.003241 
0.250000 0.250000 0.250000 0.250000 
  46
0.479817 0.002766 0.046210 
0.462778 0.994349 0.462022 
0.057405 0.002885 0.491768 
0.003241 0.003241 0.003241 0.990277 
0.250000 0.250000 0.250000 0.250000 
  47
0.479817 0.002766 0.046210 
0.462778 0.994349 0.462022 
0.057405 0.002885 0.491768 
0.003241 0.988896 0.003241 0.004622 
0.250000 0.250000 0.250000 0.250000 
  48
0.479817 0.002766 0.046210 
0.462778 0.994349 0.462022 
0.057405 0.002885 0.491768 
0.022117 0.003241 0.005544 0.969098 
0.250000 0.250000 0.250000 0.250000 
  49
0.479817 0.002766 0.046210 
0.462778 0.994349 0.462022 
0.057405 0.002885 0.491768 
0.008657 0.004311 0.033869 0.953162 
0.250000 0.250000 0.250000 0.250000 
  50
0.479817 0.002766 0.046210 
0.462778 0.994349 0.462022 
0.057405 0.002885 0.491768 
0.003241 0.003241 0.990277 0.003241 
0.250000 0.250000 0.250000 0.250000 
  51
0.479817 0.002766 0.046210 
0.462778 0.994349 0.462022 
0.057405 0.002885 0.491768 
0.003241 0.003241 0.989486 0.004032 
0.250000 0.250000 0.250000 0.250000 
  52
0.479817 0.002766 0.046210 
0.462778 0.994349 0.462022 
0.057405 0.002885 0.491768 
0.985942 0.007576 0.003241 0.003241 
0.250000 0.250000 0.250000 0.250000 
  53
0.479817 0.002766 0.046210 
0.462778 0.994349 0.462022 
0.057405 0.002885 0.491768 
0.003696 0.003241 0.003961 0.989103 
0.250000 0.250000 0.250000 0.250000 
  54
0.479817 0.002766 0.046210 
0.462778 0.994349 0.462022 
0.057405 0.002885 0.491768 
0.990277 0.003241 0.003241 0.003241 
0.250000 0.250000 0.250000 0.250000 
  55
0.479817 0.002766 0.046210 
0.462778 0.994349 0.462022 
0.057405 0.002885 0.491768 
0.128714 0.299805 0.006041 0.565441 
0.250000 0.250000 0.250000 0.250000 
  56
0.479817 0.002766 0.046210 
0.462778 0.994349 0.462022 
0.057405 0.002885 0.491768 
0.003241 0.989447 0.004071 0.003241 
0.250000 0.250000 0.250000 0.250000 
  57
0.479817 0.002766 0.046210 
0.462778 0.994349 0.462022 
0.057405 0.002885 0.491768 
0.003556 0.003241 0.003758 0.989445 
0.250000 0.250000 0.250000 0.250000 
  58
0.479817 0.002766 0.046210 
0.462778 0.994349 0.462022 
0.057405 0.002885 0.491768 
0.869579 0.105411 0.019405 0.005605 
0.250000 0.250000 0.250000 0.250000 
  59
0.479817 0.002766 0.046210 
0.462778 0.994349 0.462022 
0.057405 0.002885 0.491768 
0.003241 0.003913 0.989605 0.003241 
0.250000 0.250000 0.250000 0.250000 
  60
0.479817 0.002766 0.046210 
0.462778 0.994349 0.462022 
0.057405 0.002885 0.491768 
0.003241 0.004557 0.987721 0.004482 
0.250000 0.250000 0.250000 0.250000 
  61
0.479817 0.002766 0.046210 
0.462778 0.994349 0.462022 
0.057405 0.002885 0.491768 
0.035667 0.014836 0.015110 0.934387 
0.250000 0.250000 0.250000 0.250000 
  62
0.479817 0.002766 0.046210 
0.462778 0.994349 0.462022 
0.057405 0.002885 0.491768 
0.003241 0.990277 0.003241 0.003241 
0.250000 0.250000 0.250000 0.250000 
  63
0.479817 0.002766 0.046210 
0.462778 0.994349 0.462022 
0.057405 0.002885 0.491768 
0.987674 0.005844 0.003241 0.003241 
0.250000 0.250000 0.250000 0.250000 
  64
0.479817 0.002766 0.046210 
0.462778 0.994349 0.462022 
0.057405 0.002885 0.491768 
0.408113 0.565890 0.015833 0.010165 
0.250000 0.250000 0.250000 0.250000 
  65
0.479817 0.002766 0.046210 
0.462778 0.994349 0.462022 
0.057405 0.002885 0.491768 
0.003241 0.990277 0.003241 0.003241 
0.250000 0.250000 0.250000 0.250000 
  66
0.479817 0.002766 0.046210 
0.462778 0.994349 0.462022 
0.057405 0.002885 0.491768 
0.003634 0.003241 0.004432 0.988692 
0.250000 0.250000 0.250000 0.250000 
  67
0.479817 0.002766 0.046210 
0.462778 0.994349 0.462022 
0.057405 0.002885 0.491768 
0.084163 0.752764 0.037298 0.125776 
0.250000 0.250000 0.250000 0.250000 
  68
0.479817 0.002766 0.046210 
0.462778 0.994349 0.462022 
0.057405 0.002885 0.491768 
0.003241 0.005221 0.987850 0.003687 
0.250000 0.250000 0.250000 0.250000 
  69
0.479817 0.002766 0.046210 
0.462778 0.994349 0.462022 
0.057405 0.002885 0.491768 
0.003241 0.003241 0.989527 0.003991 
0.250000 0.250000 0.250000 0.250000 
  70
0.479817 0.002766 0.046210 
0.462778 0.994349 0.462022 
0.057405 0.002885 0.491768 
0.983802 0.008325 0.004631 0.003241 
0.250000 0.250000 0.250000 0.250000 
  71
0.479817 0.002766 0.046210 
0.462778 0.994349 0.462022 
0.057405 0.002885 0.491768 
0.003241 0.003241 0.990277 0.003241 
0.250000 0.250000 0.250000 0.250000 
  72
0.479817 0.002766 0.046210 
0.462778 0.994349 0.462022 
0.057405 0.002885 0.491768 
0.990277 0.003241 0.003241 0.003241 
0.250000 0.250000 0.250000 0.250000 
  73
0.479817 0.002766 0.046210 
0.462778 0.994349 0.462022 
0.057405 0.002885 0.491768 
0.917728 0.074946 0.004086 0.003241 
0.250000 0.250000 0.250000 0.250000 
  74
0.479817 0.002766 0.046210 
0.462778 0.994349 0.462022 
0.057405 0.002885 0.491768 
0.989445 0.004072 0.003241 0.003241 
0.250000 0.250000 0.250000 0.250000 
  75
0.479817 0.002766 0.046210 
0.462778 0.994349 0.462022 
0.057405 0.002885 0.491768 
0.989286 0.004232 0.003241 0.003241 
0.250000 0.250000 0.250000 0.250000 
  76
0.479817 0.002766 0.046210 
0.462778 0.994349 0.462022 
0.057405 0.002885 0.491768 
0.004241 0.003241 0.680792 0.311726 
0.250000 0.250000 0.250000 0.250000 
  77
0.479817 0.002766 0.046210 
0.462778 0.994349 0.462022 
0.057405 0.002885 0.491768 
0.968211 0.025307 0.003241 0.003241 
0.250000 0.250000 0.250000 0.250000 
  78
0.479817 0.002766 0.046210 
0.462778 0.994349 0.462022 
0.057405 0.002885 0.491768 
0.003241 0.004604 0.987792 0.004363 
0.250000 0.250000 0.250000 0.250000 
  79
0.479817 0.002766 0.046210 
0.462778 0.994349 0.462022 
0.057405 0.002885 0.491768 
0.756984 0.218366 0.005885 0.018765 
0.250000 0.250000 0.250000 0.250000 
  80
0.479817 0.002766 0.046210 
0.462778 0.994349 0.462022 
0.057405 0.002885 0.491768 
0.989685 0.003832 0.003242 0.003242 
0.250000 0.250000 0.250000 0.250000 
  81
0.479817 0.002766 0.046210 
0.462778 0.994349 0.462022 
0.057405 0.002885 0.491768 
0.004329 0.003241 0.856029 0.136401 
0.250000 0.250000 0.250000 0.250000 
  82
0.479817 0.003226 0.046210 
0.462778 0.993889 0.462022 
0.056792 0.002887 0.491768 
0.798648 0.171236 0.004995 0.025121 
0.250000 0.250000 0.250000 0.250000 
  83
0.485370 0.002767 0.046210 
0.457838 0.994346 0.462022 
0.056792 0.002887 0.491768 
0.990272 0.003243 0.003243 0.003243 
0.250000 0.250000 0.250000 0.250000 
  84
0.485370 0.002767 0.046210 
0.457838 0.994346 0.462022 
0.056792 0.002887 0.491768 
0.005134 0.005581 0.005586 0.983698 
0.250000 0.250000 0.250000 0.250000 
  85
0.474696 0.002767 0.046210 
0.468512 0.994346 0.462022 
0.057405 0.002885 0.491768 
0.846085 0.146945 0.003729 0.003241 
0.250000 0.250000 0.250000 0.250000 
  86
0.479817 0.002766 0.046210 
0.462778 0.994349 0.462022 
0.057405 0.002885 0.491768 
0.003241 0.003241 0.989059 0.004459 
0.250000 0.250000 0.250000 0.250000 
  87
0.479817 0.002766 0.046210 
0.462778 0.994349 0.462022 
0.057405 0.002885 0.491768 
0.003241 0.004028 0.003241 0.989490 
0.250000 0.250000 0.250000 0.250000 
  88
0.479817 0.002766 0.046210 
0.462778 0.994349 0.462022 
0.057405 0.002885 0.491768 
0.211232 0.782286 0.003241 0.003241 
0.250000 0.250000 0.250000 0.250000 
  89
0.479817 0.002766 0.046210 
0.462778 0.994349 0.462022 
0.057405 0.002885 0.491768 
0.003241 0.004791 0.005224 0.986745 
0.250000 0.250000 0.250000 0.250000 
  90
0.479817 0.002766 0.046210 
0.462778 0.994349 0.462022 
0.057405 0.002885 0.491768 
0.003241 0.003241 0.003241 0.990277 
0.250000 0.250000 0.250000 0.250000 
  91
0.479817 0.002766 0.046210 
0.462778 0.994349 0.462022 
0.057405 0.002885 0.491768 
0.004632 0.003241 0.016523 0.975604 
0.250000 0.250000 0.250000 0.250000 
  92
0.479817 0.002766 0.046210 
0.462778 0.994349 0.462022 
0.057405 0.002885 0.491768 
0.003241 0.990277 0.003241 0.003241 
0.250000 0.250000 0.250000 0.250000 
  93
0.479817 0.002766 0.046210 
0.462778 0.994349 0.462022 
0.057405 0.002885 0.491768 
0.989379 0.003241 0.004139 0.003241 
0.250000 0.250000 0.250000 0.250000 
  94
0.479817 0.002766 0.046210 
0.462778 0.994349 0.462022 
0.057405 0.002885 0.491768 
0.226728 0.751657 0.003241 0.018373 
0.250000 0.250000 0.250000 0.250000 
  95
0.479817 0.002766 0.046210 
0.462778 0.994349 0.462022 
0.057405 0.002885 0.491768 
0.003840 0.989678 0.003241 0.003241 
0.250000 0.250000 0.250000 0.250000 
  96
0.479817 0.002766 0.046210 
0.462778 0.994349 0.462022 
0.057405 0.002885 0.491768 
0.003241 0.003241 0.003241 0.990276 
0.250000 0.250000 0.250000 0.250000 
  97
0.479817 0.002766 0.046210 
0.462778 0.994349 0.462022 
0.057405 0.002885 0.491768 
0.004192 0.003241 0.989326 0.003241 
0.250000 0.250000 0.250000 0.250000 
  98
0.479817 0.002766 0.046210 
0.462778 0.994349 0.462022 
0.057405 0.002885 0.491768 
0.003241 0.003241 0.990277 0.003241 
0.250000 0.250000 0.250000 0.250000 
  99
0.479817 0.002766 0.046210 
0.462778 0.994349 0.462022 
0.057405 0.002885 0.491768 
0.989668 0.003241 0.003850 0.003241 
0.250000 0.250000 0.250000 0.250000 
 100
0.479817 0.002766 0.046210 
0.462778 0.994349 0.462022 
0.057405 0.002885 0.491768 
0.003588 0.003241 0.988406 0.004765 
0.250000 0.250000 0.250000 0.250000 
 101
0.479817 0.002766 0.046210 
0.462778 0.994349 0.462022 
0.057405 0.002885 0.491768 
0.352514 0.003636 0.640609 0.003241 
0.250000 0.250000 0.250000 0.250000 
 102
0.479817 0.002766 0.046210 
0.462778 0.994349 0.462022 
0.057405 0.002885 0.491768 
0.983707 0.005625 0.007425 0.003243 
0.250000 0.250000 0.250000 0.250000 
 103
0.479817 0.002766 0.046210 
0.462778 0.994349 0.462022 
0.057405 0.002885 0.491768 
0.028662 0.503394 0.138024 0.329920 
0.250000 0.250000 0.250000 0.250000 
 104
0.479817 0.002766 0.046210 
0.462778 0.994349 0.462022 
0.057405 0.002885 0.491768 
0.989762 0.003756 0.003241 0.003241 
0.250000 0.250000 0.250000 0.250000 
 105
0.479817 0.002766 0.046210 
0.462778 0.994349 0.462022 
0.057405 0.002885 0.491768 
0.003241 0.003241 0.988884 0.004634 
0.250000 0.250000 0.250000 0.250000 
 106
0.479817 0.002766 0.046210 
0.462778 0.994349 0.462022 
0.057405 0.002885 0.491768 
0.005311 0.004078 0.094612 0.896000 
0.250000 0.250000 0.250000 0.250000 
 107
0.479817 0.002766 0.046210 
0.462778 0.994349 0.462022 
0.057405 0.002885 0.491768 
0.004742 0.005357 0.470048 0.519853 
0.250000 0.250000 0.250000 0.250000 
 108
0.479817 0.002766 0.046210 
0.462778 0.994349 0.462022 
0.057405 0.002885 0.491768 
0.003241 0.005311 0.482476 0.508972 
0.250000 0.250000 0.250000 0.250000 
 109
0.479817 0.002766 0.046210 
0.462778 0.994349 0.462022 
0.057405 0.002885 0.491768 
0.885575 0.103475 0.007309 0.003640 
0.250000 0.250000 0.250000 0.250000 
 110
0.479817 0.002766 0.046210 
0.462778 0.994349 0.462022 
0.057405 0.002885 0.491768 
0.005179 0.972789 0.003241 0.018791 
0.250000 0.250000 0.250000 0.250000 
 111
0.479817 0.002766 0.046210 
0.462778 0.994349 0.462022 
0.057405 0.002885 0.491768 
0.003241 0.006898 0.055578 0.934283 
0.250000 0.250000 0.250000 0.250000 
 112
0.479817 0.002766 0.046210 
0.462778 0.994349 0.462022 
0.057405 0.002885 0.491768 
0.003241 0.003241 0.319955 0.673563 
0.250000 0.250000 0.250000 0.250000 
 113
0.479817 0.002766 0.046210 
0.462778 0.994349 0.462022 
0.057405 0.002885 0.491768 
0.003241 0.003241 0.003241 0.990277 
0.250000 0.250000 0.250000 0.250000 
 114
0.479817 0.002766 0.046210 
0.462778 0.994349 0.462022 
0.057405 0.002885 0.491768 
0.003246 0.003246 0.987574 0.005934 
0.250000 0.250000 0.250000 0.250000 
 115
0.479817 0.002766 0.046210 
0.462778 0.994349 0.462022 
0.057405 0.002885 0.491768 
0.018503 0.003667 0.837910 0.139920 
0.250000 0.250000 0.250000 0.250000 
 116
0.479817 0.002766 0.046210 
0.462778 0.994349 0.462022 
0.057405 0.002885 0.491768 
0.003241 0.021954 0.005974 0.968831 
0.250000 0.250000 0.250000 0.250000 
 117
0.479817 0.002766 0.046210 
0.462778 0.994349 0.462022 
0.057405 0.002885 0.491768 
0.007819 0.551184 0.380951 0.060046 
0.250000 0.250000 0.250000 0.250000 
 118
0.479817 0.002766 0.046210 
0.462778 0.994349 0.462022 
0.057405 0.002885 0.491768 
0.015410 0.015161 0.111728 0.857701 
0.250000 0.250000 0.250000 0.250000 
 119
0.479817 0.002766 0.046210 
0.462778 0.994349 0.462022 
0.057405 0.002885 0.491768 
0.003241 0.405570 0.040987 0.550201 
0.250000 0.250000 0.250000 0.250000 
 120
0.479817 0.002766 0.046210 
0.462778 0.994349 0.462022 
0.057405 0.002885 0.491768 
0.004449 0.406987 0.023112 0.565453 
0.250000 0.250000 0.250000 0.250000 
 121
0.479817 0.002766 0.046210 
0.462778 0.994349 0.462022 
0.057405 0.002885 0.491768 
0.010037 0.004510 0.507898 0.477554 
0.250000 0.250000 0.250000 0.250000 
 122
0.479817 0.002766 0.046210 
0.462778 0.994349 0.462022 
0.057405 0.002885 0.491768 
0.006172 0.003920 0.984287 0.005622 
0.250000 0.250000 0.250000 0.250000 
 123
0.479817 0.002766 0.046210 
0.462778 0.994349 0.462022 
0.057405 0.002885 0.491768 
0.003241 0.004413 0.006016 0.986329 
0.250000 0.250000 0.250000 0.250000 
 124
0.479817 0.002766 0.046210 
0.462778 0.994349 0.462022 
0.057405 0.002885 0.491768 
0.003688 0.004271 0.139253 0.852789 
0.250000 0.250000 0.250000 0.250000 
 125
0.479817 0.002766 0.046210 
0.462778 0.994349 0.462022 
0.057405 0.002885 0.491768 
0.003241 0.003241 0.990277 0.003241 
0.250000 0.250000 0.250000 0.250000 
 126
0.479817 0.002766 0.046210 
0.462778 0.994349 0.462022 
0.057405 0.002885 0.491768 
0.003241 0.003241 0.989192 0.004326 
0.250000 0.250000 0.250000 0.250000 
 127
0.479817 0.002766 0.046210 
0.462778 0.994349 0.462022 
0.057405 0.002885 0.491768 
0.003241 0.003241 0.565357 0.428160 
0.250000 0.250000 0.250000 0.250000 
 128
0.479817 0.002766 0.046210 
0.462778 0.994349 0.462022 
0.057405 0.002885 0.491768 
0.003242 0.003242 0.990273 0.003242 
0.250000 0.250000 0.250000 0.250000 
 129
0.479817 0.002766 0.046210 
0.462778 0.994349 0.462022 
0.057405 0.002885 0.491768 
0.003241 0.007076 0.004257 0.985426 
0.250000 0.250000 0.250000 0.250000 
 130
0.479817 0.002766 0.046210 
0.462778 0.994349 0.462022 
0.057405 0.002885 0.491768 
0.101570 0.003757 0.003622 0.891051 
0.250000 0.250000 0.250000 0.250000 
 131
0.479817 0.002766 0.046210 
0.462778 0.994349 0.462022 
0.057405 0.002885 0.491768 
0.989063 0.004455 0.003241 0.003241 
0.250000 0.250000 0.250000 0.250000 
 132
0.479817 0.002766 0.046210 
0.462778 0.994349 0.462022 
0.057405 0.002885 0.491768 
0.003241 0.003241 0.004561 0.988956 
0.250000 0.250000 0.250000 0.250000 
 133
0.479817 0.002766 0.046210 
0.462778 0.994349 0.462022 
0.057405 0.002885 0.491768 
0.003970 0.003241 0.831057 0.161732 
0.250000 0.250000 0.250000 0.250000 
 134
0.479817 0.002766 0.046210 
0.462778 0.994349 0.462022 
0.057405 0.002885 0.491768 
0.989672 0.003241 0.003846 0.003241 
0.250000 0.250000 0.250000 0.250000 
 135
0.479817 0.002766 0.046210 
0.462778 0.994349 0.462022 
0.057405 0.002885 0.491768 
0.958033 0.034369 0.003241 0.004357 
0.250000 0.250000 0.250000 0.250000 
 136
0.479817 0.002766 0.046210 
0.462778 0.994349 0.462022 
0.057405 0.002885 0.491768 
0.003241 0.003241 0.927462 0.066056 
0.250000 0.250000 0.250000 0.250000 
 137
0.479817 0.002766 0.046210 
0.462778 0.994349 0.462022 
0.057405 0.002885 0.491768 
0.003241 0.003241 0.004025 0.989494 
0.250000 0.250000 0.250000 0.250000 
 138
0.479817 0.002766 0.046210 
0.462778 0.994349 0.462022 
0.057405 0.002885 0.491768 
0.003241 0.003241 0.990277 0.003241 
0.250000 0.250000 0.250000 0.250000 
 139
0.479817 0.002766 0.046210 
0.462778 0.994349 0.462022 
0.057405 0.002885 0.491768 
0.009048 0.003241 0.954145 0.033566 
0.250000 0.250000 0.250000 0.250000 
 140
0.479817 0.002766 0.046210 
0.462778 0.994349 0.462022 
0.057405 0.002885 0.491768 
0.988888 0.003241 0.004631 0.003241 
0.250000 0.250000 0.250000 0.250000 
 141
0.479817 0.002766 0.046210 
0.462778 0.994349 0.462022 
0.057405 0.002885 0.491768 
0.004068 0.003906 0.988785 0.003241 
0.250000 0.250000 0.250000 0.250000 
 142
0.479817 0.002766 0.046210 
0.462778 0.994349 0.462022 
0.057405 0.002885 0.491768 
0.957454 0.036064 0.003241 0.003241 
0.250000 0.250000 0.250000 0.250000 
 143
0.479817 0.002766 0.046210 
0.462778 0.994349 0.462022 
0.057405 0.002885 0.491768 
0.003670 0.003241 0.003241 0.989849 
0.250000 0.250000 0.250000 0.250000 
 144
0.479817 0.002766 0.046210 
0.462778 0.994349 0.462022 
0.057405 0.002885 0.491768 
0.990277 0.003241 0.003241 0.003241 
0.250000 0.250000 0.250000 0.250000 
 145
0.479817 0.002766 0.046210 
0.462778 0.994349 0.462022 
0.057405 0.002885 0.491768 
0.982750 0.010768 0.003241 0.003241 
0.250000 0.250000 0.250000 0.250000 
 146
0.479817 0.002766 0.046210 
0.462778 0.994349 0.462022 
0.057405 0.002885 0.491768 
0.990277 0.003241 0.003241 0.003241 
0.250000 0.250000 0.250000 0.250000 
 147
0.479817 0.002766 0.046210 
0.462778 0.994349 0.462022 
0.057405 0.002885 0.491768 
0.990277 0.003241 0.003241 0.003241 
0.250000 0.250000 0.250000 0.250000 
 148
0.479817 0.002766 0.046210 
0.462778 0.994349 0.462022 
0.057405 0.002885 0.491768 
0.401874 0.591644 0.003241 0.003241 
0.250000 0.250000 0.250000 0.250000 
 149
0.479817 0.002766 0.046210 
0.462778 0.994349 0.462022 
0.057405 0.002885 0.491768 
0.003241 0.003241 0.990277 0.003241 
0.250000 0.250000 0.250000 0.250000 
 150
0.479817 0.002766 0.046210 
0.462778 0.994349 0.462022 
0.057405 0.002885 0.491768 
0.989831 0.003687 0.003241 0.003241 
0.250000 0.250000 0.250000 0.250000 
 151
0.479817 0.002766 0.046210 
0.462778 0.994349 0.462022 
0.057405 0.002885 0.491768 
0.003241 0.003841 0.946662 0.046255 
0.250000 0.250000 0.250000 0.250000 
 152
0.479817 0.002766 0.046210 
0.462778 0.994349 0.462022 
0.057405 0.002885 0.491768 
0.003241 0.003241 0.989842 0.003676 
0.250000 0.250000 0.250000 0.250000 
 153
0.479817 0.002766 0.046210 
0.462778 0.994349 0.462022 
0.057405 0.002885 0.491768 
0.003241 0.511832 0.003902 0.481025 
0.250000 0.250000 0.250000 0.250000 
 154
0.479817 0.002766 0.046210 
0.462778 0.994349 0.462022 
0.057405 0.002885 0.491768 
0.811263 0.181942 0.003241 0.003555 
0.250000 0.250000 0.250000 0.250000 
 155
0.479817 0.002766 0.046210 
0.462778 0.994349 0.462022 
0.057405 0.002885 0.491768 
0.004554 0.003241 0.003943 0.988262 
0.250000 0.250000 0.250000 0.250000 
 156
0.479817 0.002766 0.046210 
0.462778 0.994349 0.462022 
0.057405 0.002885 0.491768 
0.003241 0.003809 0.003241 0.989709 
0.250000 0.250000 0.250000 0.250000 
 157
0.479817 0.002766 0.046210 
0.462778 0.994349 0.462022 
0.057405 0.002885 0.491768 
0.066580 0.921316 0.003737 0.008367 
0.250000 0.250000 0.250000 0.250000 
 158
0.479817 0.002766 0.046210 
0.462778 0.994349 0.462022 
0.057405 0.002885 0.491768 
0.989332 0.003592 0.003241 0.003835 
0.250000 0.250000 0.250000 0.250000 
 159
0.479817 0.002766 0.046210 
0.462778 0.994349 0.462022 
0.057405 0.002885 0.491768 
0.003241 0.003241 0.031379 0.962139 
0.250000 0.250000 0.250000 0.250000 
 160
0.479817 0.002766 0.046210 
0.462778 0.994349 0.462022 
0.057405 0.002885 0.491768 
0.063075 0.930443 0.003241 0.003241 
0.250000 0.250000 0.250000 0.250000 
 161
0.479817 0.002766 0.046210 
0.462778 0.994349 0.462022 
0.057405 0.002885 0.491768 
0.003241 0.003241 0.990277 0.003241 
0.250000 0.250000 0.250000 0.250000 
 162
0.479817 0.002766 0.046210 
0.462778 0.994349 0.462022 
0.057405 0.002885 0.491768 
0.990277 0.003241 0.003241 0.003241 
0.250000 0.250000 0.250000 0.250000 
 163
0.479817 0.002766 0.046210 
0.462778 0.994349 0.462022 
0.057405 0.002885 0.491768 
0.032635 0.957912 0.004315 0.005138 
0.250000 0.250000 0.250000 0.250000 
 164
0.479817 0.002766 0.046210 
0.462778 0.994349 0.462022 
0.057405 0.002885 0.491768 
0.036980 0.014071 0.864475 0.084475 
0.250000 0.250000 0.250000 0.250000 
 165
0.479817 0.002766 0.046210 
0.462778 0.994349 0.462022 
0.057405 0.002885 0.491768 
0.003241 0.005063 0.018080 0.973616 
0.250000 0.250000 0.250000 0.250000 
 166
0.479817 0.002766 0.046210 
0.462778 0.994349 0.462022 
0.057405 0.002885 0.491768 
0.003241 0.003241 0.057375 0.936144 
0.250000 0.250000 0.250000 0.250000 
 167
0.479817 0.002766 0.046210 
0.462778 0.994349 0.462022 
0.057405 0.002885 0.491768 
0.003750 0.003242 0.008625 0.984383 
0.250000 0.250000 0.250000 0.250000 
 168
0.479817 0.002766 0.046210 
0.462778 0.994349 0.462022 
0.057405 0.002885 0.491768 
0.003241 0.004127 0.006063 0.986569 
0.250000 0.250000 0.250000 0.250000 
 169
0.479817 0.002766 0.046210 
0.462778 0.994349 0.462022 
0.057405 0.002885 0.491768 
0.030137 0.943380 0.008203 0.018280 
0.250000 0.250000 0.250000 0.250000 
 170
0.479817 0.002766 0.046210 
0.462778 0.994349 0.462022 
0.057405 0.002885 0.491768 
0.003241 0.010250 0.889214 0.097296 
0.250000 0.250000 0.250000 0.250000 
 171
0.479817 0.002766 0.046210 
0.462778 0.994349 0.462022 
0.057405 0.002885 0.491768 
0.003241 0.044128 0.855537 0.097094 
0.250000 0.250000 0.250000 0.250000 
 172
0.479817 0.002766 0.046210 
0.462778 0.994349 0.462022 
0.057405 0.002885 0.491768 
0.003942 0.003583 0.080223 0.912253 
0.250000 0.250000 0.250000 0.250000 
 173
0.479817 0.002766 0.046210 
0.462778 0.994349 0.462022 
0.057405 0.002885 0.491768 
0.003241 0.003241 0.003678 0.989840 
0.250000 0.250000 0.250000 0.250000 
 174
0.479817 0.002766 0.046210 
0.462778 0.994349 0.462022 
0.057405 0.002885 0.491768 
0.003241 0.003241 0.990277 0.003241 
0.250000 0.250000 0.250000 0.250000 
 175
0.479817 0.002766 0.046210 
0.462778 0.994349 0.462022 
0.057405 0.002885 0.491768 
0.945656 0.043793 0.005787 0.004764 
0.250000 0.250000 0.250000 0.250000 
 176
0.479817 0.002766 0.046210 
0.462778 0.994349 0.462022 
0.057405 0.002885 0.491768 
0.990277 0.003241 0.003241 0.003241 
0.250000 0.250000 0.250000 0.250000 
 177
0.479817 0.002766 0.046210 
0.462778 0.994349 0.462022 
0.057405 0.002885 0.491768 
0.003241 0.003241 0.986203 0.007315 
0.250000 0.250000 0.250000 0.250000 
 178
0.479817 0.002766 0.046210 
0.462778 0.994349 0.462022 
0.057405 0.002885 0.491768 
0.884638 0.097824 0.003894 0.013645 
0.250000 0.250000 0.250000 0.250000 
 179
0.479817 0.002766 0.046210 
0.462778 0.994349 0.462022 
0.057405 0.002885 0.491768 
0.004149 0.989370 0.003241 0.003241 
0.250000 0.250000 0.250000 0.250000 
 180
0.479817 0.002766 0.046210 
0.462778 0.994349 0.462022 
0.057405 0.002885 0.491768 
0.990277 0.003241 0.003241 0.003241 
0.250000 0.250000 0.250000 0.250000 
 181
0.479817 0.002766 0.046210 
0.462778 0.994349 0.462022 
0.057405 0.002885 0.491768 
0.032101 0.960778 0.003241 0.003881 
0.250000 0.250000 0.250000 0.250000 
 182
0.479817 0.002766 0.046210 
0.462778 0.994349 0.462022 
0.057405 0.002885 0.491768 
0.990277 0.003241 0.003241 0.003241 
0.250000 0.250000 0.250000 0.250000 
 183
0.479817 0.002766 0.046210 
0.462778 0.994349 0.462022 
0.057405 0.002885 0.491768 
0.989530 0.003988 0.003241 0.003241 
0.250000 0.250000 0.250000 0.250000 
 184
0.479817 0.002766 0.046210 
0.462778 0.994349 0.462022 
0.057405 0.002885 0.491768 
0.839845 0.098957 0.006437 0.054761 
0.250000 0.250000 0.250000 0.250000 
 185
0.479817 0.002766 0.046210 
0.462778 0.994349 0.462022 
0.057405 0.002885 0.491768 
0.990277 0.003241 0.003241 0.003241 
0.250000 0.250000 0.250000 0.250000 
 186
0.479817 0.002766 0.046210 
0.462778 0.994349 0.462022 
0.057405 0.002885 0.491768 
0.003241 0.003928 0.038889 0.953942 
0.250000 0.250000 0.250000 0.250000 
 187
0.479817 0.002766 0.046210 
0.462778 0.994349 0.462022 
0.057405 0.002885 0.491768 
0.847866 0.139926 0.005994 0.006215 
0.250000 0.250000 0.250000 0.250000 
 188
0.479817 0.002766 0.046210 
0.462778 0.994349 0.462022 
0.057405 0.002885 0.491768 
0.003241 0.004769 0.988749 0.003241 
0.250000 0.250000 0.250000 0.250000 
 189
0.479817 0.002766 0.046210 
0.462778 0.994349 0.462022 
0.057405 0.002885 0.491768 
0.003241 0.003241 0.990277 0.003241 
0.250000 0.250000 0.250000 0.250000 
 190
0.479817 0.002766 0.046210 
0.462778 0.994349 0.462022 
0.057405 0.002885 0.491768 
0.947681 0.012273 0.030857 0.009190 
0.250000 0.250000 0.250000 0.250000 
 191
0.479817 0.002766 0.046210 
0.462778 0.994349 0.462022 
0.057405 0.002885 0.491768 
0.006709 0.984738 0.003242 0.005311 
0.250000 0.250000 0.250000 0.250000 
 192
0.479817 0.002766 0.046210 
0.462778 0.994349 0.462022 
0.057405 0.002885 0.491768 
0.990277 0.003241 0.003241 0.003241 
0.250000 0.250000 0.250000 0.250000 
 193
0.479817 0.002766 0.046210 
0.462778 0.994349 0.462022 
0.057405 0.002885 0.491768 
0.945045 0.048473 0.003241 0.003241 
0.250000 0.250000 0.250000 0.250000 
 194
0.479817 0.002766 0.046210 
0.462778 0.994349 0.462022 
0.057405 0.002885 0.491768 
0.004610 0.003241 0.004020 0.988129 
0.250000 0.250000 0.250000 0.250000 
 195
0.479817 0.002766 0.046210 
0.462778 0.994349 0.462022 
0.057405 0.002885 0.491768 
0.988908 0.003241 0.003241 0.004610 
0.250000 0.250000 0.250000 0.250000 
 196
0.479817 0.002766 0.046210 
0.462778 0.994349 0.462022 
0.057405 0.002885 0.491768 
0.849746 0.009469 0.132073 0.008712 
0.250000 0.250000 0.250000 0.250000 
 197
0.479817 0.002766 0.046210 
0.462778 0.994349 0.462022 
0.057405 0.002885 0.491768 
0.003241 0.003673 0.989845 0.003241 
0.250000 0.250000 0.250000 0.250000 
 198
0.479817 0.002766 0.046210 
0.462778 0.994349 0.462022 
0.057405 0.002885 0.491768 
0.003241 0.003241 0.990277 0.003241 
0.250000 0.250000 0.250000 0.250000 
 199
0.479817 0.002766 0.046210 
0.462778 0.994349 0.462022 
0.057405 0.002885 0.491768 
0.400958 0.533729 0.006417 0.058896 
0.250000 0.250000 0.250000 0.250000 
 200
0.479817 0.002766 0.046210 
0.462778 0.994349 0.462022 
0.057405 0.002885 0.491768 
0.003241 0.988209 0.003241 0.005310 
0.250000 0.250000 0.250000 0.250000 
 201
0.479817 0.002766 0.046210 
0.462778 0.994349 0.462022 
0.057405 0.002885 0.491768 
0.989227 0.003243 0.003243 0.004288 
0.250000 0.250000 0.250000 0.250000 
 202
0.479817 0.002766 0.046210 
0.462778 0.994349 0.462022 
0.057405 0.002885 0.491768 
0.005766 0.003241 0.960593 0.030400 
0.250000 0.250000 0.250000 0.250000 
 203
0.479817 0.002766 0.046210 
0.462778 0.994349 0.462022 
0.057405 0.002885 0.491768 
0.029890 0.019071 0.947336 0.003703 
0.250000 0.250000 0.250000 0.250000 
 204
0.479817 0.002766 0.046210 
0.462778 0.994349 0.462022 
0.057405 0.002885 0.491768 
0.392947 0.020535 0.003241 0.583277 
0.250000 0.250000 0.250000 0.250000 
 205
0.479817 0.002766 0.046210 
0.462778 0.994349 0.462022 
0.057405 0.002885 0.491768 
0.571857 0.416086 0.003791 0.008265 
0.250000 0.250000 0.250000 0.250000 
 206
0.479817 0.002766 0.046210 
0.462778 0.994349 0.462022 
0.057405 0.002885 0.491768 
0.003241 0.004827 0.015735 0.976197 
0.250000 0.250000 0.250000 0.250000 
 207
0.479817 0.002766 0.046210 
0.462778 0.994349 0.462022 
0.057405 0.002885 0.491768 
0.004165 0.003733 0.060483 0.931619 
0.250000 0.250000 0.250000 0.250000 
 208
0.479817 0.002766 0.046210 
0.462778 0.994349 0.462022 
0.057405 0.002885 0.491768 
0.779328 0.205766 0.006736 0.008170 
0.250000 0.250000 0.250000 0.250000 
 209
0.479817 0.002766 0.046210 
0.462778 0.994349 0.462022 
0.057405 0.002885 0.491768 
0.003507 0.005608 0.530672 0.460213 
0.250000 0.250000 0.250000 0.250000 
 210
0.479817 0.002766 0.046210 
0.462778 0.994349 0.462022 
0.057405 0.002885 0.491768 
0.003241 0.003241 0.705554 0.287965 
0.250000 0.250000 0.250000 0.250000 
 211
0.479817 0.002766 0.046210 
0.462778 0.994349 0.462022 
0.057405 0.002885 0.491768 
0.374142 0.108892 0.006276 0.510690 
0.250000 0.250000 0.250000 0.250000 
 212
0.479817 0.002766 0.046210 
0.462778 0.994349 0.462022 
0.057405 0.002885 0.491768 
0.007217 0.003241 0.683979 0.305563 
0.250000 0.250000 0.250000 0.250000 
 213
0.479817 0.002766 0.046210 
0.462778 0.994349 0.462022 
0.057405 0.002885 0.491768 
0.003243 0.004567 0.012727 0.979463 
0.250000 0.250000 0.250000 0.250000 
 214
0.479817 0.002766 0.046210 
0.462778 0.994349 0.462022 
0.057405 0.002885 0.491768 
0.083862 0.825238 0.003532 0.087367 
0.250000 0.250000 0.250000 0.250000 
 215
0.479817 0.002766 0.046210 
0.462778 0.994349 0.462022 
0.057405 0.002885 0.491768 
0.003666 0.004755 0.008641 0.982937 
0.250000 0.250000 0.250000 0.250000 
 216
0.479817 0.002766 0.046210 
0.462778 0.994349 0.462022 
0.057405 0.002885 0.491768 
0.004167 0.003241 0.988765 0.003827 
0.250000 0.250000 0.250000 0.250000 
 217
0.479817 0.002766 0.046210 
0.462778 0.994349 0.462022 
0.057405 0.002885 0.491768 
0.973933 0.015185 0.006544 0.004339 
0.250000 0.250000 0.250000 0.250000 
 218
0.479817 0.002766 0.046210 
0.462778 0.994349 0.462022 
0.057405 0.002885 0.491768 
0.990277 0.003241 0.003241 0.003241 
0.250000 0.250000 0.250000 0.250000 
 219
0.479817 0.002766 0.046210 
0.462778 0.994349 0.462022 
0.057405 0.002885 0.491768 
0.003241 0.003241 0.988448 0.005070 
0.250000 0.250000 0.250000 0.250000 
 220
0.479817 0.002766 0.046210 
0.462778 0.994349 0.462022 
0.057405 0.002885 0.491768 
0.012238 0.004258 0.007862 0.975642 
0.250000 0.250000 0.250000 0.250000 
 221
0.479817 0.002766 0.046210 
0.462778 0.994349 0.462022 
0.057405 0.002885 0.491768 
0.990275 0.003242 0.003242 0.003242 
0.250000 0.250000 0.250000 0.250000 
 222
0.479817 0.002766 0.046210 
0.462778 0.994349 0.462022 
0.057405 0.002885 0.491768 
0.003241 0.003241 0.004357 0.989162 
0.250000 0.250000 0.250000 0.250000 
 223
0.479817 0.002766 0.046210 
0.462778 0.994349 0.462022 
0.057405 0.002885 0.491768 
0.043582 0.927855 0.009063 0.019500 
0.250000 0.250000 0.250000 0.250000 
 224
0.479817 0.002766 0.046210 
0.462778 0.994349 0.462022 
0.057405 0.002885 0.491768 
0.988139 0.005004 0.003241 0.003616 
0.250000 0.250000 0.250000 0.250000 
 225
0.479817 0.002766 0.046210 
0.462778 0.994349 0.462022 
0.057405 0.002885 0.491768 
0.003241 0.003241 0.973764 0.019754 
0.250000 0.250000 0.250000 0.250000 
 226
0.479817 0.002766 0.046210 
0.462778 0.994349 0.462022 
0.057405 0.002885 0.491768 
0.004146 0.003241 0.029503 0.963110 
0.250000 0.250000 0.250000 0.250000 
 227
0.479817 0.002766 0.046210 
0.462778 0.994349 0.462022 
0.057405 0.002885 0.491768 
0.004167 0.003520 0.006743 0.985569 
0.250000 0.250000 0.250000 0.250000 
 228
0.479817 0.002766 0.046210 
0.462778 0.994349 0.462022 
0.057405 0.002885 0.491768 
0.003241 0.990277 0.003241 0.003241 
0.250000 0.250000 0.250000 0.250000 
 229
0.479817 0.002766 0.046210 
0.462778 0.994349 0.462022 
0.057405 0.002885 0.491768 
0.003242 0.003242 0.695935 0.297582 
0.250000 0.250000 0.250000 0.250000 
 230
0.479817 0.002766 0.046210 
0.462778 0.994349 0.462022 
0.057405 0.002885 0.491768 
0.003241 0.003241 0.986962 0.006556 
0.250000 0.250000 0.250000 0.250000 
 231
0.479817 0.002766 0.046210 
0.462778 0.994349 0.462022 
0.057405 0.002885 0.491768 
0.003241 0.004435 0.003241 0.989083 
0.250000 0.250000 0.250000 0.250000 
 232
0.479817 0.002766 0.046210 
0.462778 0.994349 0.462022 
0.057405 0.002885 0.491768 
0.940587 0.052616 0.003556 0.003241 
0.250000 0.250000 0.250000 0.250000 
 233
0.479817 0.002766 0.046210 
0.462778 0.994349 0.462022 
0.057405 0.002885 0.491768 
0.003629 0.004510 0.028880 0.962981 
0.250000 0.250000 0.250000 0.250000 
 234
0.479817 0.002766 0.046210 
0.462778 0.994349 0.462022 
0.057405 0.002885 0.491768 
0.003990 0.003500 0.006447 0.986064 
0.250000 0.250000 0.250000 0.250000 
 235
0.479817 0.002766 0.046210 
0.462778 0.994349 0.462022 
0.057405 0.002885 0.491768 
0.004729 0.173351 0.044709 0.777211 
0.250000 0.250000 0.250000 0.250000 
 236
0.479817 0.002766 0.046210 
0.462778 0.994349 0.462022 
0.057405 0.002885 0.491768 
