%  SAM: modelfromalign v3.5 (July 15, 2005) compiled 03/03/09_11:47:37
%  (c) 1992-2001 Regents of the University of California, Santa Cruz
%
%          Sequence Alignment and Modeling Software System
%         http://www.cse.ucsc.edu/research/compbio/sam.html
%
% ----------------- Citations (SAM, SAM-T2K, HMMs) --------------------
% R. Hughey, A. Krogh, Hidden Markov models for sequence analysis:
%  Extension and analysis of the basic method, CABIOS 12:95-107, 1996.
% K. Karplus, et al., What is the value added by human intervention in protein
%  structure prediction, Proteins: Stucture, Function, Genetics 45(S5):86--91, 2001.
% A. Krogh et al., Hidden Markov models in computational biology:
%  Applications to protein modeling, JMB 235:1501-1531, Feb 1994.
% ---------------------------------------------------------------------
%  A_NA_N7_hmm   Host: m222714.cdc.gov    Wed May 21 18:13:51 2014
%  vfn4          Dir:  /Volumes/gf_atl_2012/Genotyping/IRMA/segments/NA
% ---------------------------------------------------------------------
%  Alignment weights from internal calc.  Total (23.47) Max (0.19) Min (0.03)
%  Weights from alignment method 1 (karplus), b=-1.000000, e=0.500000
MODEL --  Model from alignment file rev/A_NA_N7.fasta
alphabet DNA
FREQAVE
0.000000 0.000000 0.000000 
0.000000 0.000000 0.000000 
0.000000 0.000000 0.000000 
0.231496 0.194790 0.236817 0.336897 
0.231496 0.194790 0.236817 0.336897 
Begin
0.000000 0.000000 0.000000 
0.000000 0.000000 0.000000 
0.000000 0.006731 0.491768 
0.250000 0.250000 0.250000 0.250000 
0.250000 0.250000 0.250000 0.250000 
   1
0.000000 0.117101 0.046210 
0.000000 0.876168 0.462022 
0.027183 0.007568 0.491768 
0.012437 0.012437 0.012437 0.962688 
0.250000 0.250000 0.250000 0.250000 
   2
0.753678 0.007254 0.046210 
0.219139 0.985177 0.462022 
0.027183 0.007568 0.491768 
0.012437 0.012437 0.012437 0.962688 
0.250000 0.250000 0.250000 0.250000 
   3
0.753678 0.007254 0.046210 
0.219139 0.985177 0.462022 
0.027183 0.007568 0.491768 
0.962688 0.012437 0.012437 0.012437 
0.250000 0.250000 0.250000 0.250000 
   4
0.586540 0.007254 0.046210 
0.386277 0.985177 0.462022 
0.032638 0.007281 0.491768 
0.011634 0.011634 0.965099 0.011634 
0.250000 0.250000 0.250000 0.250000 
   5
0.704246 0.006979 0.046210 
0.263116 0.985741 0.462022 
0.032638 0.007281 0.491768 
0.011634 0.965099 0.011634 0.011634 
0.250000 0.250000 0.250000 0.250000 
   6
0.687094 0.006979 0.046210 
0.280268 0.985741 0.462022 
0.033208 0.007257 0.491768 
0.961823 0.015038 0.011570 0.011570 
0.250000 0.250000 0.250000 0.250000 
   7
0.677852 0.006956 0.046210 
0.288940 0.985787 0.462022 
0.033928 0.007228 0.491768 
0.961927 0.015087 0.011493 0.011493 
0.250000 0.250000 0.250000 0.250000 
   8
0.687590 0.006929 0.046210 
0.278482 0.985843 0.462022 
0.034097 0.007222 0.491768 
0.965573 0.011476 0.011476 0.011476 
0.250000 0.250000 0.250000 0.250000 
   9
0.680894 0.006923 0.046210 
0.285009 0.985855 0.462022 
0.034446 0.007209 0.491768 
0.965679 0.011440 0.011440 0.011440 
0.250000 0.250000 0.250000 0.250000 
  10
0.677126 0.006910 0.046210 
0.288427 0.985881 0.462022 
0.034820 0.007195 0.491768 
0.011404 0.965789 0.011404 0.011404 
0.250000 0.250000 0.250000 0.250000 
  11
0.676127 0.006897 0.046210 
0.289053 0.985908 0.462022 
0.035113 0.007185 0.491768 
0.011376 0.011376 0.011376 0.965873 
0.250000 0.250000 0.250000 0.250000 
  12
0.676700 0.006887 0.046210 
0.288187 0.985928 0.462022 
0.035294 0.007178 0.491768 
0.965924 0.011359 0.011359 0.011359 
0.250000 0.250000 0.250000 0.250000 
  13
0.670921 0.006881 0.046210 
0.293785 0.985941 0.462022 
0.035624 0.007167 0.491768 
0.011328 0.011328 0.029951 0.947392 
0.250000 0.250000 0.250000 0.250000 
  14
0.677192 0.006870 0.046210 
0.287185 0.985963 0.462022 
0.035624 0.007167 0.491768 
0.011328 0.011328 0.011328 0.966015 
0.250000 0.250000 0.250000 0.250000 
  15
0.671910 0.006870 0.046210 
0.292466 0.985963 0.462022 
0.035813 0.007160 0.491768 
0.011311 0.915039 0.011311 0.062339 
0.250000 0.250000 0.250000 0.250000 
  16
0.675478 0.006864 0.046210 
0.288709 0.985976 0.462022 
0.035813 0.007160 0.491768 
0.054438 0.922940 0.011311 0.011311 
0.250000 0.250000 0.250000 0.250000 
  17
0.665235 0.006864 0.046210 
0.298952 0.985976 0.462022 
0.036184 0.007148 0.491768 
0.966166 0.011278 0.011278 0.011278 
0.250000 0.250000 0.250000 0.250000 
  18
0.667039 0.006852 0.046210 
0.296777 0.986000 0.462022 
0.036368 0.007142 0.491768 
0.011262 0.011262 0.020462 0.957014 
0.250000 0.250000 0.250000 0.250000 
  19
0.670445 0.006846 0.046210 
0.293187 0.986012 0.462022 
0.036368 0.007142 0.491768 
0.011262 0.011262 0.198733 0.778743 
0.250000 0.250000 0.250000 0.250000 
  20
0.670445 0.006846 0.046210 
0.293187 0.986012 0.462022 
0.036368 0.007142 0.491768 
0.011262 0.011262 0.013872 0.963604 
0.250000 0.250000 0.250000 0.250000 
  21
0.670445 0.006846 0.046210 
0.293187 0.986012 0.462022 
0.036368 0.007142 0.491768 
0.011262 0.963959 0.011262 0.013517 
0.250000 0.250000 0.250000 0.250000 
  22
0.663954 0.006846 0.046210 
0.299678 0.986012 0.462022 
0.036606 0.007134 0.491768 
0.029187 0.011242 0.019335 0.940236 
0.250000 0.250000 0.250000 0.250000 
  23
0.661682 0.006838 0.046210 
0.301712 0.986027 0.462022 
0.036849 0.007126 0.491768 
0.011221 0.966337 0.011221 0.011221 
0.250000 0.250000 0.250000 0.250000 
  24
0.666085 0.006831 0.046210 
0.297066 0.986043 0.462022 
0.036849 0.007126 0.491768 
0.011221 0.015525 0.962033 0.011221 
0.250000 0.250000 0.250000 0.250000 
  25
0.650352 0.006831 0.046210 
0.312798 0.986043 0.462022 
0.037438 0.007108 0.491768 
0.011173 0.011173 0.966482 0.011173 
0.250000 0.250000 0.250000 0.250000 
  26
0.660748 0.006813 0.046210 
0.301814 0.986079 0.462022 
0.037438 0.007108 0.491768 
0.011173 0.011173 0.966482 0.011173 
0.250000 0.250000 0.250000 0.250000 
  27
0.660748 0.006813 0.046210 
0.301814 0.986079 0.462022 
0.037438 0.007108 0.491768 
0.011173 0.011173 0.966482 0.011173 
0.250000 0.250000 0.250000 0.250000 
  28
0.660748 0.006813 0.046210 
0.301814 0.986079 0.462022 
0.037438 0.007108 0.491768 
0.963835 0.013820 0.011173 0.011173 
0.250000 0.250000 0.250000 0.250000 
  29
0.655294 0.006813 0.046210 
0.307267 0.986079 0.462022 
0.037644 0.007102 0.491768 
0.011156 0.011156 0.011156 0.966531 
0.250000 0.250000 0.250000 0.250000 
  30
0.658887 0.006807 0.046210 
0.303469 0.986091 0.462022 
0.037644 0.007102 0.491768 
0.011156 0.011156 0.963914 0.013774 
0.250000 0.250000 0.250000 0.250000 
  31
0.658887 0.006807 0.046210 
0.303469 0.986091 0.462022 
0.037644 0.007102 0.491768 
0.074655 0.903033 0.011156 0.011156 
0.250000 0.250000 0.250000 0.250000 
  32
0.651286 0.006807 0.046210 
0.311070 0.986091 0.462022 
0.037932 0.007093 0.491768 
0.011134 0.966599 0.011134 0.011134 
0.250000 0.250000 0.250000 0.250000 
  33
0.656275 0.006799 0.046210 
0.305793 0.986108 0.462022 
0.037932 0.007093 0.491768 
0.011134 0.966599 0.011134 0.011134 
0.250000 0.250000 0.250000 0.250000 
  34
0.656275 0.006799 0.046210 
0.305793 0.986108 0.462022 
0.037932 0.007093 0.491768 
0.011134 0.966599 0.011134 0.011134 
0.250000 0.250000 0.250000 0.250000 
  35
0.656275 0.006799 0.046210 
0.305793 0.986108 0.462022 
0.037932 0.007093 0.491768 
0.966599 0.011134 0.011134 0.011134 
0.250000 0.250000 0.250000 0.250000 
  36
0.656275 0.006799 0.046210 
0.305793 0.986108 0.462022 
0.037932 0.007093 0.491768 
0.963627 0.014106 0.011134 0.011134 
0.250000 0.250000 0.250000 0.250000 
  37
0.650472 0.006799 0.046210 
0.311596 0.986108 0.462022 
0.038153 0.007087 0.491768 
0.180234 0.797533 0.011117 0.011117 
0.250000 0.250000 0.250000 0.250000 
  38
0.654269 0.006793 0.046210 
0.307578 0.986121 0.462022 
0.038153 0.007087 0.491768 
0.015380 0.962386 0.011117 0.011117 
0.250000 0.250000 0.250000 0.250000 
  39
0.654269 0.006793 0.046210 
0.307578 0.986121 0.462022 
0.038153 0.007087 0.491768 
0.966650 0.011117 0.011117 0.011117 
0.250000 0.250000 0.250000 0.250000 
  40
0.654269 0.006793 0.046210 
0.307578 0.986121 0.462022 
0.038153 0.007087 0.491768 
0.914664 0.012952 0.011117 0.061267 
0.250000 0.250000 0.250000 0.250000 
  41
0.654269 0.006793 0.046210 
0.307578 0.986121 0.462022 
0.038153 0.007087 0.491768 
0.011117 0.011117 0.966650 0.011117 
0.250000 0.250000 0.250000 0.250000 
  42
0.654269 0.006793 0.046210 
0.307578 0.986121 0.462022 
0.038153 0.007087 0.491768 
0.011117 0.011117 0.966650 0.011117 
0.250000 0.250000 0.250000 0.250000 
  43
0.648915 0.006793 0.046210 
0.312932 0.986121 0.462022 
0.038359 0.007081 0.491768 
0.257863 0.719935 0.011101 0.011101 
0.250000 0.250000 0.250000 0.250000 
  44
0.652408 0.006787 0.046210 
0.309233 0.986132 0.462022 
0.038359 0.007081 0.491768 
0.011101 0.964593 0.011101 0.013205 
0.250000 0.250000 0.250000 0.250000 
  45
0.646822 0.006787 0.046210 
0.314819 0.986132 0.462022 
0.038574 0.007074 0.491768 
0.886867 0.090964 0.011085 0.011085 
0.250000 0.250000 0.250000 0.250000 
  46
0.650455 0.006781 0.046210 
0.310970 0.986144 0.462022 
0.038574 0.007074 0.491768 
0.011085 0.011085 0.966746 0.011085 
0.250000 0.250000 0.250000 0.250000 
  47
0.650455 0.006781 0.046210 
0.310970 0.986144 0.462022 
0.038574 0.007074 0.491768 
0.011085 0.011085 0.966746 0.011085 
0.250000 0.250000 0.250000 0.250000 
  48
0.650455 0.006781 0.046210 
0.310970 0.986144 0.462022 
0.038574 0.007074 0.491768 
0.011085 0.011085 0.966746 0.011085 
0.250000 0.250000 0.250000 0.250000 
  49
0.650455 0.006781 0.046210 
0.310970 0.986144 0.462022 
0.038574 0.007074 0.491768 
0.966746 0.011085 0.011085 0.011085 
0.250000 0.250000 0.250000 0.250000 
  50
0.650455 0.006781 0.046210 
0.310970 0.986144 0.462022 
0.038574 0.007074 0.491768 
0.966746 0.011085 0.011085 0.011085 
0.250000 0.250000 0.250000 0.250000 
  51
0.650455 0.006781 0.046210 
0.310970 0.986144 0.462022 
0.038574 0.007074 0.491768 
0.011085 0.011085 0.953114 0.024717 
0.250000 0.250000 0.250000 0.250000 
  52
0.650455 0.006781 0.046210 
0.310970 0.986144 0.462022 
0.038574 0.007074 0.491768 
0.012720 0.013346 0.013084 0.960850 
0.250000 0.250000 0.250000 0.250000 
  53
0.650455 0.006781 0.046210 
0.310970 0.986144 0.462022 
0.038574 0.007074 0.491768 
0.011085 0.966746 0.011085 0.011085 
0.250000 0.250000 0.250000 0.250000 
  54
0.638559 0.006781 0.046210 
0.322866 0.986144 0.462022 
0.039039 0.007061 0.491768 
0.476795 0.501104 0.011051 0.011051 
0.250000 0.250000 0.250000 0.250000 
  55
0.646247 0.006769 0.046210 
0.314714 0.986170 0.462022 
0.039039 0.007061 0.491768 
0.011051 0.966848 0.011051 0.011051 
0.250000 0.250000 0.250000 0.250000 
  56
0.646247 0.006769 0.046210 
0.314714 0.986170 0.462022 
0.039039 0.007061 0.491768 
0.956989 0.020910 0.011051 0.011051 
0.250000 0.250000 0.250000 0.250000 
  57
0.646247 0.006769 0.046210 
0.314714 0.986170 0.462022 
0.039039 0.007061 0.491768 
0.413317 0.011051 0.231888 0.343744 
0.250000 0.250000 0.250000 0.250000 
  58
0.646247 0.006769 0.046210 
0.314714 0.986170 0.462022 
0.039039 0.007061 0.491768 
0.014128 0.011051 0.050779 0.924042 
0.250000 0.250000 0.250000 0.250000 
  59
0.623879 0.006769 0.046210 
0.337082 0.986170 0.462022 
0.039932 0.007037 0.491768 
0.010988 0.967037 0.010988 0.010988 
0.250000 0.250000 0.250000 0.250000 
  60
0.638153 0.006745 0.046210 
0.321915 0.986217 0.462022 
0.039932 0.007037 0.491768 
0.010988 0.967037 0.010988 0.010988 
0.250000 0.250000 0.250000 0.250000 
  61
0.638153 0.006745 0.046210 
0.321915 0.986217 0.462022 
0.039932 0.007037 0.491768 
0.010988 0.967037 0.010988 0.010988 
0.250000 0.250000 0.250000 0.250000 
  62
0.638153 0.006745 0.046210 
0.321915 0.986217 0.462022 
0.039932 0.007037 0.491768 
0.010988 0.010988 0.967037 0.010988 
0.250000 0.250000 0.250000 0.250000 
  63
0.638153 0.006745 0.046210 
0.321915 0.986217 0.462022 
0.039932 0.007037 0.491768 
0.010988 0.010988 0.010988 0.967037 
0.250000 0.250000 0.250000 0.250000 
  64
0.638153 0.006745 0.046210 
0.321915 0.986217 0.462022 
0.039932 0.007037 0.491768 
0.010988 0.010988 0.108398 0.869626 
0.250000 0.250000 0.250000 0.250000 
  65
0.638153 0.006745 0.046210 
0.321915 0.986217 0.462022 
0.039932 0.007037 0.491768 
0.010988 0.010988 0.967037 0.010988 
0.250000 0.250000 0.250000 0.250000 
  66
0.638153 0.006745 0.046210 
0.321915 0.986217 0.462022 
0.039932 0.007037 0.491768 
0.010988 0.010988 0.967037 0.010988 
0.250000 0.250000 0.250000 0.250000 
  67
0.638153 0.006745 0.046210 
0.321915 0.986217 0.462022 
0.039932 0.007037 0.491768 
0.963860 0.014165 0.010988 0.010988 
0.250000 0.250000 0.250000 0.250000 
  68
0.638153 0.006745 0.046210 
0.321915 0.986217 0.462022 
0.039932 0.007037 0.491768 
0.010988 0.010988 0.967037 0.010988 
0.250000 0.250000 0.250000 0.250000 
  69
0.638153 0.006745 0.046210 
0.321915 0.986217 0.462022 
0.039932 0.007037 0.491768 
0.967037 0.010988 0.010988 0.010988 
0.250000 0.250000 0.250000 0.250000 
  70
0.629747 0.006745 0.046210 
0.330321 0.986217 0.462022 
0.040270 0.007028 0.491768 
0.010965 0.013385 0.030952 0.944698 
0.250000 0.250000 0.250000 0.250000 
  71
0.635086 0.006737 0.046210 
0.324644 0.986235 0.462022 
0.040270 0.007028 0.491768 
0.967105 0.010965 0.010965 0.010965 
0.250000 0.250000 0.250000 0.250000 
  72
0.623074 0.006737 0.046210 
0.336656 0.986235 0.462022 
0.040760 0.007016 0.491768 
0.037339 0.940796 0.010933 0.010933 
0.250000 0.250000 0.250000 0.250000 
  73
0.630649 0.006725 0.046210 
0.328591 0.986259 0.462022 
0.040760 0.007016 0.491768 
0.012969 0.428920 0.010933 0.547178 
0.250000 0.250000 0.250000 0.250000 
  74
0.607051 0.006725 0.046210 
0.352189 0.986259 0.462022 
0.041745 0.006992 0.491768 
0.012644 0.965615 0.010870 0.010870 
0.250000 0.250000 0.250000 0.250000 
  75
0.621722 0.006702 0.046210 
0.336533 0.986306 0.462022 
0.041745 0.006992 0.491768 
0.010870 0.010870 0.965514 0.012745 
0.250000 0.250000 0.250000 0.250000 
  76
0.621722 0.006702 0.046210 
0.336533 0.986306 0.462022 
0.041745 0.006992 0.491768 
0.961229 0.017030 0.010870 0.010870 
0.250000 0.250000 0.250000 0.250000 
  77
0.599376 0.006702 0.046210 
0.358879 0.986306 0.462022 
0.042699 0.006970 0.491768 
0.967559 0.010814 0.010814 0.010814 
0.250000 0.250000 0.250000 0.250000 
  78
0.613076 0.006681 0.046210 
0.344225 0.986350 0.462022 
0.042699 0.006970 0.491768 
0.010814 0.010814 0.507629 0.470744 
0.250000 0.250000 0.250000 0.250000 
  79
0.613076 0.006681 0.046210 
0.344225 0.986350 0.462022 
0.042699 0.006970 0.491768 
0.010814 0.010814 0.019406 0.958967 
0.250000 0.250000 0.250000 0.250000 
  80
0.613076 0.006681 0.046210 
0.344225 0.986350 0.462022 
0.042699 0.006970 0.491768 
0.967559 0.010814 0.010814 0.010814 
0.250000 0.250000 0.250000 0.250000 
  81
0.613076 0.006681 0.046210 
0.344225 0.986350 0.462022 
0.042699 0.006970 0.491768 
0.498270 0.480103 0.010814 0.010814 
0.250000 0.250000 0.250000 0.250000 
  82
0.613076 0.006681 0.046210 
0.344225 0.986350 0.462022 
0.042699 0.006970 0.491768 
0.836372 0.142001 0.010814 0.010814 
0.250000 0.250000 0.250000 0.250000 
  83
0.613076 0.006681 0.046210 
0.344225 0.986350 0.462022 
0.042699 0.006970 0.491768 
0.010814 0.010814 0.967559 0.010814 
0.250000 0.250000 0.250000 0.250000 
  84
0.613076 0.006681 0.046210 
0.344225 0.986350 0.462022 
0.042699 0.006970 0.491768 
0.010814 0.010814 0.010814 0.967559 
0.250000 0.250000 0.250000 0.250000 
  85
0.613076 0.006681 0.046210 
0.344225 0.986350 0.462022 
0.042699 0.006970 0.491768 
0.098671 0.879701 0.010814 0.010814 
0.250000 0.250000 0.250000 0.250000 
  86
0.589989 0.006681 0.046210 
0.367312 0.986350 0.462022 
0.043708 0.006947 0.491768 
0.010757 0.019005 0.010757 0.959482 
0.250000 0.250000 0.250000 0.250000 
  87
0.603932 0.006659 0.046210 
0.352360 0.986393 0.462022 
0.043708 0.006947 0.491768 
0.010757 0.010757 0.010757 0.967729 
0.250000 0.250000 0.250000 0.250000 
  88
0.603932 0.006659 0.046210 
0.352360 0.986393 0.462022 
0.043708 0.006947 0.491768 
0.451472 0.521762 0.010757 0.016009 
0.250000 0.250000 0.250000 0.250000 
  89
0.583813 0.006659 0.046210 
0.372478 0.986393 0.462022 
0.044606 0.006929 0.491768 
0.018390 0.010709 0.960192 0.010709 
0.250000 0.250000 0.250000 0.250000 
  90
0.586911 0.006641 0.046210 
0.368483 0.986430 0.462022 
0.045006 0.006920 0.491768 
0.010688 0.010688 0.020278 0.958346 
0.250000 0.250000 0.250000 0.250000 
  91
0.573583 0.006634 0.046210 
0.381411 0.986446 0.462022 
0.045858 0.006904 0.491768 
0.024261 0.058674 0.499540 0.417525 
0.250000 0.250000 0.250000 0.250000 
  92
0.565252 0.006618 0.046210 
0.388889 0.986479 0.462022 
0.046756 0.006887 0.491768 
0.010603 0.950714 0.010603 0.028080 
0.250000 0.250000 0.250000 0.250000 
  93
0.562389 0.006601 0.046210 
0.390855 0.986512 0.462022 
0.047416 0.006875 0.491768 
0.010573 0.033788 0.124751 0.830887 
0.250000 0.250000 0.250000 0.250000 
  94
0.570332 0.006590 0.046210 
0.382252 0.986535 0.462022 
0.047416 0.006875 0.491768 
0.010573 0.010573 0.962492 0.016361 
0.250000 0.250000 0.250000 0.250000 
  95
0.570332 0.006590 0.046210 
0.382252 0.986535 0.462022 
0.047416 0.006875 0.491768 
0.010573 0.010573 0.968281 0.010573 
0.250000 0.250000 0.250000 0.250000 
  96
0.570332 0.006590 0.046210 
0.382252 0.986535 0.462022 
0.047416 0.006875 0.491768 
0.968281 0.010573 0.010573 0.010573 
0.250000 0.250000 0.250000 0.250000 
  97
0.570332 0.006590 0.046210 
0.382252 0.986535 0.462022 
0.047416 0.006875 0.491768 
0.010573 0.010573 0.920582 0.058272 
0.250000 0.250000 0.250000 0.250000 
  98
0.570332 0.006590 0.046210 
0.382252 0.986535 0.462022 
0.047416 0.006875 0.491768 
0.010573 0.010573 0.920582 0.058272 
0.250000 0.250000 0.250000 0.250000 
  99
0.570332 0.006590 0.046210 
0.382252 0.986535 0.462022 
0.047416 0.006875 0.491768 
0.906802 0.010573 0.072051 0.010573 
0.250000 0.250000 0.250000 0.250000 
 100
0.560418 0.006590 0.046210 
0.392166 0.986535 0.462022 
0.047891 0.006866 0.491768 
0.542809 0.051046 0.035208 0.370937 
0.250000 0.250000 0.250000 0.250000 
 101
0.557825 0.006582 0.046210 
0.394283 0.986552 0.462022 
0.048287 0.006860 0.491768 
0.968395 0.010535 0.010535 0.010535 
0.250000 0.250000 0.250000 0.250000 
 102
0.539052 0.006575 0.046210 
0.412661 0.986565 0.462022 
0.049444 0.006840 0.491768 
0.010487 0.010487 0.968540 0.010487 
0.250000 0.250000 0.250000 0.250000 
 103
0.551961 0.006557 0.046210 
0.398595 0.986603 0.462022 
0.049444 0.006840 0.491768 
0.613887 0.357633 0.013407 0.015073 
0.250000 0.250000 0.250000 0.250000 
 104
0.551961 0.006557 0.046210 
0.398595 0.986603 0.462022 
0.049444 0.006840 0.491768 
0.015073 0.013407 0.010487 0.961034 
0.250000 0.250000 0.250000 0.250000 
 105
0.551961 0.006557 0.046210 
0.398595 0.986603 0.462022 
0.049444 0.006840 0.491768 
0.961142 0.017885 0.010487 0.010487 
0.250000 0.250000 0.250000 0.250000 
 106
0.551961 0.006557 0.046210 
0.398595 0.986603 0.462022 
0.049444 0.006840 0.491768 
0.010487 0.010487 0.425782 0.553245 
0.250000 0.250000 0.250000 0.250000 
 107
0.551961 0.006557 0.046210 
0.398595 0.986603 0.462022 
0.049444 0.006840 0.491768 
0.010487 0.010487 0.010487 0.968540 
0.250000 0.250000 0.250000 0.250000 
 108
0.551961 0.006557 0.046210 
0.398595 0.986603 0.462022 
0.049444 0.006840 0.491768 
0.010487 0.010487 0.010487 0.968540 
0.250000 0.250000 0.250000 0.250000 
 109
0.534885 0.006557 0.046210 
0.415671 0.986603 0.462022 
0.050303 0.006827 0.491768 
0.365659 0.516233 0.024391 0.093717 
0.250000 0.250000 0.250000 0.250000 
 110
0.544178 0.006544 0.046210 
0.405520 0.986630 0.462022 
0.050303 0.006827 0.491768 
0.015033 0.964063 0.010452 0.010452 
0.250000 0.250000 0.250000 0.250000 
 111
0.536182 0.006544 0.046210 
0.413516 0.986630 0.462022 
0.050708 0.006820 0.491768 
0.010437 0.010437 0.966981 0.012146 
0.250000 0.250000 0.250000 0.250000 
 112
0.540504 0.006538 0.046210 
0.408788 0.986642 0.462022 
0.050708 0.006820 0.491768 
0.010437 0.010437 0.423154 0.555973 
0.250000 0.250000 0.250000 0.250000 
 113
0.540504 0.006538 0.046210 
0.408788 0.986642 0.462022 
0.050708 0.006820 0.491768 
0.010437 0.010437 0.010437 0.968690 
0.250000 0.250000 0.250000 0.250000 
 114
0.540504 0.006538 0.046210 
0.408788 0.986642 0.462022 
0.050708 0.006820 0.491768 
0.010437 0.010437 0.968690 0.010437 
0.250000 0.250000 0.250000 0.250000 
 115
0.540504 0.006538 0.046210 
0.408788 0.986642 0.462022 
0.050708 0.006820 0.491768 
0.010437 0.010437 0.032433 0.946694 
0.250000 0.250000 0.250000 0.250000 
 116
0.540504 0.006538 0.046210 
0.408788 0.986642 0.462022 
0.050708 0.006820 0.491768 
0.010437 0.010437 0.010437 0.968690 
0.250000 0.250000 0.250000 0.250000 
 117
0.540504 0.009342 0.046210 
0.408788 0.983838 0.462022 
0.049493 0.006839 0.491768 
0.010485 0.010485 0.968546 0.010485 
0.250000 0.250000 0.250000 0.250000 
 118
0.527547 0.006556 0.046210 
0.422961 0.986604 0.462022 
0.050708 0.006820 0.491768 
0.388804 0.384622 0.048588 0.177986 
0.250000 0.250000 0.250000 0.250000 
 119
0.540504 0.006538 0.046210 
0.408788 0.986642 0.462022 
0.050708 0.006820 0.491768 
0.010437 0.968690 0.010437 0.010437 
0.250000 0.250000 0.250000 0.250000 
 120
0.540504 0.006538 0.046210 
0.408788 0.986642 0.462022 
0.050708 0.006820 0.491768 
0.010437 0.968690 0.010437 0.010437 
0.250000 0.250000 0.250000 0.250000 
 121
0.540504 0.006538 0.046210 
0.408788 0.986642 0.462022 
0.050708 0.006820 0.491768 
0.010437 0.010437 0.561897 0.417229 
0.250000 0.250000 0.250000 0.250000 
 122
0.540504 0.006538 0.046210 
0.408788 0.986642 0.462022 
0.050708 0.006820 0.491768 
0.014828 0.010437 0.959734 0.015001 
0.250000 0.250000 0.250000 0.250000 
 123
0.527605 0.006538 0.046210 
0.421687 0.986642 0.462022 
0.051371 0.006810 0.491768 
0.010412 0.012256 0.020666 0.956667 
0.250000 0.250000 0.250000 0.250000 
 124
0.534499 0.006528 0.046210 
0.414130 0.986662 0.462022 
0.051371 0.006810 0.491768 
0.018251 0.010412 0.041378 0.929959 
0.250000 0.250000 0.250000 0.250000 
 125
0.491943 0.006528 0.046210 
0.456686 0.986662 0.462022 
0.053654 0.006778 0.491768 
0.010331 0.010331 0.969006 0.010331 
0.250000 0.250000 0.250000 0.250000 
 126
0.513809 0.006497 0.046210 
0.432537 0.986725 0.462022 
0.053654 0.006778 0.491768 
0.010331 0.010331 0.969006 0.010331 
0.250000 0.250000 0.250000 0.250000 
 127
0.513809 0.006497 0.046210 
0.432537 0.986725 0.462022 
0.053654 0.006778 0.491768 
0.010331 0.010331 0.026864 0.952473 
0.250000 0.250000 0.250000 0.250000 
 128
0.513809 0.006497 0.046210 
0.432537 0.986725 0.462022 
0.053654 0.006778 0.491768 
0.010331 0.010331 0.969006 0.010331 
0.250000 0.250000 0.250000 0.250000 
 129
0.513809 0.006497 0.046210 
0.432537 0.986725 0.462022 
0.053654 0.006778 0.491768 
0.010331 0.013318 0.010331 0.966019 
0.250000 0.250000 0.250000 0.250000 
 130
0.513809 0.006497 0.046210 
0.432537 0.986725 0.462022 
0.053654 0.006778 0.491768 
0.484621 0.017022 0.010331 0.488025 
0.250000 0.250000 0.250000 0.250000 
 131
0.513809 0.006497 0.046210 
0.432537 0.986725 0.462022 
0.053654 0.006778 0.491768 
0.969006 0.010331 0.010331 0.010331 
0.250000 0.250000 0.250000 0.250000 
 132
0.513809 0.006497 0.046210 
0.432537 0.986725 0.462022 
0.053654 0.006778 0.491768 
0.010331 0.010331 0.010331 0.969006 
0.250000 0.250000 0.250000 0.250000 
 133
0.486174 0.006497 0.046210 
0.460172 0.986725 0.462022 
0.055179 0.006758 0.491768 
0.010282 0.010282 0.097073 0.882363 
0.250000 0.250000 0.250000 0.250000 
 134
0.499992 0.006478 0.046210 
0.444830 0.986764 0.462022 
0.055179 0.006758 0.491768 
0.969154 0.010282 0.010282 0.010282 
0.250000 0.250000 0.250000 0.250000 
 135
0.499992 0.006478 0.046210 
0.444830 0.986764 0.462022 
0.055179 0.006758 0.491768 
0.918026 0.061411 0.010282 0.010282 
0.250000 0.250000 0.250000 0.250000 
 136
0.499992 0.006478 0.046210 
0.444830 0.986764 0.462022 
0.055179 0.006758 0.491768 
0.014779 0.010282 0.444967 0.529973 
0.250000 0.250000 0.250000 0.250000 
 137
0.499992 0.006478 0.046210 
0.444830 0.986764 0.462022 
0.055179 0.006758 0.491768 
0.010282 0.010282 0.014779 0.964657 
0.250000 0.250000 0.250000 0.250000 
 138
0.499992 0.006478 0.046210 
0.444830 0.986764 0.462022 
0.055179 0.006758 0.491768 
0.010282 0.010282 0.964657 0.014779 
0.250000 0.250000 0.250000 0.250000 
 139
0.499992 0.006478 0.046210 
0.444830 0.986764 0.462022 
0.055179 0.006758 0.491768 
0.474173 0.013140 0.105123 0.407563 
0.250000 0.250000 0.250000 0.250000 
 140
0.499992 0.006478 0.046210 
0.444830 0.986764 0.462022 
0.055179 0.006758 0.491768 
0.969154 0.010282 0.010282 0.010282 
0.250000 0.250000 0.250000 0.250000 
 141
0.499992 0.006478 0.046210 
0.444830 0.986764 0.462022 
0.055179 0.006758 0.491768 
0.014779 0.010282 0.954043 0.020897 
0.250000 0.250000 0.250000 0.250000 
 142
0.499992 0.006478 0.046210 
0.444830 0.986764 0.462022 
0.055179 0.006758 0.491768 
0.577442 0.401995 0.010282 0.010282 
0.250000 0.250000 0.250000 0.250000 
 143
0.499992 0.006478 0.046210 
0.444830 0.986764 0.462022 
0.055179 0.006758 0.491768 
0.010282 0.010282 0.010282 0.969154 
0.250000 0.250000 0.250000 0.250000 
 144
0.499992 0.006478 0.046210 
0.444830 0.986764 0.462022 
0.055179 0.006758 0.491768 
0.969154 0.010282 0.010282 0.010282 
0.250000 0.250000 0.250000 0.250000 
 145
0.499992 0.006478 0.046210 
0.444830 0.986764 0.462022 
0.055179 0.006758 0.491768 
0.787766 0.191670 0.010282 0.010282 
0.250000 0.250000 0.250000 0.250000 
 146
0.499992 0.006478 0.046210 
0.444830 0.986764 0.462022 
0.055179 0.006758 0.491768 
0.969154 0.010282 0.010282 0.010282 
0.250000 0.250000 0.250000 0.250000 
 147
0.499992 0.006478 0.046210 
0.444830 0.986764 0.462022 
0.055179 0.006758 0.491768 
0.969154 0.010282 0.010282 0.010282 
0.250000 0.250000 0.250000 0.250000 
 148
0.499992 0.006478 0.046210 
0.444830 0.986764 0.462022 
0.055179 0.006758 0.491768 
0.530027 0.449409 0.010282 0.010282 
0.250000 0.250000 0.250000 0.250000 
 149
0.499992 0.006478 0.046210 
0.444830 0.986764 0.462022 
0.055179 0.006758 0.491768 
0.010282 0.010282 0.969154 0.010282 
0.250000 0.250000 0.250000 0.250000 
 150
0.499992 0.006478 0.046210 
0.444830 0.986764 0.462022 
0.055179 0.006758 0.491768 
0.965948 0.010282 0.013488 0.010282 
0.250000 0.250000 0.250000 0.250000 
 151
0.499992 0.006478 0.046210 
0.444830 0.986764 0.462022 
0.055179 0.006758 0.491768 
0.019177 0.482425 0.065787 0.432610 
0.250000 0.250000 0.250000 0.250000 
 152
0.499992 0.006478 0.046210 
0.444830 0.986764 0.462022 
0.055179 0.006758 0.491768 
0.010282 0.969154 0.010282 0.010282 
0.250000 0.250000 0.250000 0.250000 
 153
0.499992 0.006478 0.046210 
0.444830 0.986764 0.462022 
0.055179 0.006758 0.491768 
0.017974 0.961463 0.010282 0.010282 
0.250000 0.250000 0.250000 0.250000 
 154
0.499992 0.006478 0.046210 
0.444830 0.986764 0.462022 
0.055179 0.006758 0.491768 
0.562810 0.416626 0.010282 0.010282 
0.250000 0.250000 0.250000 0.250000 
 155
0.499992 0.006478 0.046210 
0.444830 0.986764 0.462022 
0.055179 0.006758 0.491768 
0.010282 0.010282 0.010282 0.969154 
0.250000 0.250000 0.250000 0.250000 
 156
0.499992 0.006478 0.046210 
0.444830 0.986764 0.462022 
0.055179 0.006758 0.491768 
0.010282 0.017974 0.010282 0.961463 
0.250000 0.250000 0.250000 0.250000 
 157
0.499992 0.006478 0.046210 
0.444830 0.986764 0.462022 
0.055179 0.006758 0.491768 
0.023660 0.955777 0.010282 0.010282 
0.250000 0.250000 0.250000 0.250000 
 158
0.499992 0.006478 0.046210 
0.444830 0.986764 0.462022 
0.055179 0.006758 0.491768 
0.017974 0.017985 0.010282 0.953759 
0.250000 0.250000 0.250000 0.250000 
 159
0.499992 0.006478 0.046210 
0.444830 0.986764 0.462022 
0.055179 0.006758 0.491768 
0.969154 0.010282 0.010282 0.010282 
0.250000 0.250000 0.250000 0.250000 
 160
0.499992 0.006478 0.046210 
0.444830 0.986764 0.462022 
0.055179 0.006758 0.491768 
0.045539 0.933898 0.010282 0.010282 
0.250000 0.250000 0.250000 0.250000 
 161
0.499992 0.006478 0.046210 
0.444830 0.986764 0.462022 
0.055179 0.006758 0.491768 
0.010282 0.010282 0.969154 0.010282 
0.250000 0.250000 0.250000 0.250000 
 162
0.499992 0.006478 0.046210 
0.444830 0.986764 0.462022 
0.055179 0.006758 0.491768 
0.969154 0.010282 0.010282 0.010282 
0.250000 0.250000 0.250000 0.250000 
 163
0.499992 0.006478 0.046210 
0.444830 0.986764 0.462022 
0.055179 0.006758 0.491768 
0.018805 0.010282 0.659799 0.311114 
0.250000 0.250000 0.250000 0.250000 
 164
0.499992 0.006478 0.046210 
0.444830 0.986764 0.462022 
0.055179 0.006758 0.491768 
0.037825 0.012182 0.013563 0.936429 
0.250000 0.250000 0.250000 0.250000 
 165
0.499992 0.006478 0.046210 
0.444830 0.986764 0.462022 
0.055179 0.006758 0.491768 
0.010282 0.010282 0.964685 0.014751 
0.250000 0.250000 0.250000 0.250000 
 166
0.499992 0.006478 0.046210 
0.444830 0.986764 0.462022 
0.055179 0.006758 0.491768 
0.964495 0.014941 0.010282 0.010282 
0.250000 0.250000 0.250000 0.250000 
 167
0.499992 0.006478 0.046210 
0.444830 0.986764 0.462022 
0.055179 0.006758 0.491768 
0.010282 0.010282 0.880382 0.099055 
0.250000 0.250000 0.250000 0.250000 
 168
0.499992 0.006478 0.046210 
0.444830 0.986764 0.462022 
0.055179 0.006758 0.491768 
0.010282 0.010282 0.010282 0.969154 
0.250000 0.250000 0.250000 0.250000 
 169
0.499992 0.006478 0.046210 
0.444830 0.986764 0.462022 
0.055179 0.006758 0.491768 
0.097804 0.881632 0.010282 0.010282 
0.250000 0.250000 0.250000 0.250000 
 170
0.499992 0.006478 0.046210 
0.444830 0.986764 0.462022 
0.055179 0.006758 0.491768 
0.012282 0.032591 0.495486 0.459641 
0.250000 0.250000 0.250000 0.250000 
 171
0.499992 0.006478 0.046210 
0.444830 0.986764 0.462022 
0.055179 0.006758 0.491768 
0.010282 0.010282 0.116130 0.863307 
0.250000 0.250000 0.250000 0.250000 
 172
0.499992 0.006478 0.046210 
0.444830 0.986764 0.462022 
0.055179 0.006758 0.491768 
0.425379 0.062646 0.033317 0.478659 
0.250000 0.250000 0.250000 0.250000 
 173
0.499992 0.006478 0.046210 
0.444830 0.986764 0.462022 
0.055179 0.006758 0.491768 
0.015252 0.010282 0.010282 0.964184 
0.250000 0.250000 0.250000 0.250000 
 174
0.499992 0.006478 0.046210 
0.444830 0.986764 0.462022 
0.055179 0.006758 0.491768 
0.010282 0.010282 0.938493 0.040943 
0.250000 0.250000 0.250000 0.250000 
 175
0.499992 0.006478 0.046210 
0.444830 0.986764 0.462022 
0.055179 0.006758 0.491768 
0.920513 0.058923 0.010282 0.010282 
0.250000 0.250000 0.250000 0.250000 
 176
0.499992 0.006478 0.046210 
0.444830 0.986764 0.462022 
0.055179 0.006758 0.491768 
0.010282 0.010282 0.010282 0.969154 
0.250000 0.250000 0.250000 0.250000 
 177
0.499992 0.006478 0.046210 
0.444830 0.986764 0.462022 
0.055179 0.006758 0.491768 
0.010282 0.010282 0.530309 0.449127 
0.250000 0.250000 0.250000 0.250000 
 178
0.499992 0.006478 0.046210 
0.444830 0.986764 0.462022 
0.055179 0.006758 0.491768 
0.010282 0.010282 0.969154 0.010282 
0.250000 0.250000 0.250000 0.250000 
 179
0.499992 0.006478 0.046210 
0.444830 0.986764 0.462022 
0.055179 0.006758 0.491768 
0.010282 0.010282 0.969154 0.010282 
0.250000 0.250000 0.250000 0.250000 
 180
0.499992 0.006478 0.046210 
0.444830 0.986764 0.462022 
0.055179 0.006758 0.491768 
0.969154 0.010282 0.010282 0.010282 
0.250000 0.250000 0.250000 0.250000 
 181
0.499992 0.006478 0.046210 
0.444830 0.986764 0.462022 
0.055179 0.006758 0.491768 
0.745619 0.233818 0.010282 0.010282 
0.250000 0.250000 0.250000 0.250000 
 182
0.499992 0.006478 0.046210 
0.444830 0.986764 0.462022 
0.055179 0.006758 0.491768 
0.010282 0.010282 0.014499 0.964938 
0.250000 0.250000 0.250000 0.250000 
 183
0.499992 0.006478 0.046210 
0.444830 0.986764 0.462022 
0.055179 0.006758 0.491768 
0.969154 0.010282 0.010282 0.010282 
0.250000 0.250000 0.250000 0.250000 
 184
0.499992 0.006478 0.046210 
0.444830 0.986764 0.462022 
0.055179 0.006758 0.491768 
0.075732 0.903704 0.010282 0.010282 
0.250000 0.250000 0.250000 0.250000 
 185
0.499992 0.006478 0.046210 
0.444830 0.986764 0.462022 
0.055179 0.006758 0.491768 
0.010282 0.010282 0.017974 0.961463 
0.250000 0.250000 0.250000 0.250000 
 186
0.499992 0.006478 0.046210 
0.444830 0.986764 0.462022 
0.055179 0.006758 0.491768 
0.010282 0.010282 0.969154 0.010282 
0.250000 0.250000 0.250000 0.250000 
 187
0.499992 0.006478 0.046210 
0.444830 0.986764 0.462022 
0.055179 0.006758 0.491768 
0.914888 0.060568 0.010282 0.014262 
0.250000 0.250000 0.250000 0.250000 
 188
0.499992 0.006478 0.046210 
0.444830 0.986764 0.462022 
0.055179 0.006758 0.491768 
0.969154 0.010282 0.010282 0.010282 
0.250000 0.250000 0.250000 0.250000 
 189
0.499992 0.006478 0.046210 
0.444830 0.986764 0.462022 
0.055179 0.006758 0.491768 
0.010282 0.017974 0.010282 0.961463 
0.250000 0.250000 0.250000 0.250000 
 190
0.499992 0.006478 0.046210 
0.444830 0.986764 0.462022 
0.055179 0.006758 0.491768 
0.356702 0.622734 0.010282 0.010282 
0.250000 0.250000 0.250000 0.250000 
 191
0.499992 0.006478 0.046210 
0.444830 0.986764 0.462022 
0.055179 0.006758 0.491768 
0.969154 0.010282 0.010282 0.010282 
0.250000 0.250000 0.250000 0.250000 
 192
0.499992 0.006478 0.046210 
0.444830 0.986764 0.462022 
0.055179 0.006758 0.491768 
0.969154 0.010282 0.010282 0.010282 
0.250000 0.250000 0.250000 0.250000 
 193
0.499992 0.006478 0.046210 
0.444830 0.986764 0.462022 
0.055179 0.006758 0.491768 
0.469368 0.510068 0.010282 0.010282 
0.250000 0.250000 0.250000 0.250000 
 194
0.499992 0.006478 0.046210 
0.444830 0.986764 0.462022 
0.055179 0.006758 0.491768 
0.010282 0.010282 0.969154 0.010282 
0.250000 0.250000 0.250000 0.250000 
 195
0.499992 0.006478 0.046210 
0.444830 0.986764 0.462022 
0.055179 0.006758 0.491768 
0.010282 0.010282 0.010282 0.969154 
0.250000 0.250000 0.250000 0.250000 
 196
0.499992 0.006478 0.046210 
0.444830 0.986764 0.462022 
0.055179 0.006758 0.491768 
0.015252 0.010282 0.137093 0.837373 
0.250000 0.250000 0.250000 0.250000 
 197
0.499992 0.006478 0.046210 
0.444830 0.986764 0.462022 
0.055179 0.006758 0.491768 
0.010282 0.010282 0.969154 0.010282 
0.250000 0.250000 0.250000 0.250000 
 198
0.499992 0.006478 0.046210 
0.444830 0.986764 0.462022 
0.055179 0.006758 0.491768 
0.010282 0.010282 0.969154 0.010282 
0.250000 0.250000 0.250000 0.250000 
 199
0.499992 0.006478 0.046210 
0.444830 0.986764 0.462022 
0.055179 0.006758 0.491768 
0.067517 0.387733 0.010282 0.534469 
0.250000 0.250000 0.250000 0.250000 
 200
0.499992 0.006478 0.046210 
0.444830 0.986764 0.462022 
0.055179 0.006758 0.491768 
0.010282 0.969154 0.010282 0.010282 
0.250000 0.250000 0.250000 0.250000 
 201
0.499992 0.006478 0.046210 
0.444830 0.986764 0.462022 
0.055179 0.006758 0.491768 
0.969154 0.010282 0.010282 0.010282 
0.250000 0.250000 0.250000 0.250000 
 202
0.499992 0.006478 0.046210 
0.444830 0.986764 0.462022 
0.055179 0.006758 0.491768 
0.463944 0.515492 0.010282 0.010282 
0.250000 0.250000 0.250000 0.250000 
 203
0.499992 0.006478 0.046210 
0.444830 0.986764 0.462022 
0.055179 0.006758 0.491768 
0.010282 0.010282 0.010282 0.969154 
0.250000 0.250000 0.250000 0.250000 
 204
0.499992 0.006478 0.046210 
0.444830 0.986764 0.462022 
0.055179 0.006758 0.491768 
0.969154 0.010282 0.010282 0.010282 
0.250000 0.250000 0.250000 0.250000 
 205
0.499992 0.006478 0.046210 
0.444830 0.986764 0.462022 
0.055179 0.006758 0.491768 
0.054932 0.457754 0.012656 0.474658 
0.250000 0.250000 0.250000 0.250000 
 206
0.499992 0.006478 0.046210 
0.444830 0.986764 0.462022 
0.055179 0.006758 0.491768 
0.010282 0.010282 0.969154 0.010282 
0.250000 0.250000 0.250000 0.250000 
 207
0.499992 0.006478 0.046210 
0.444830 0.986764 0.462022 
0.055179 0.006758 0.491768 
0.010282 0.010282 0.969154 0.010282 
0.250000 0.250000 0.250000 0.250000 
 208
0.499992 0.006478 0.046210 
0.444830 0.986764 0.462022 
0.055179 0.006758 0.491768 
0.014262 0.017985 0.025653 0.942099 
0.250000 0.250000 0.250000 0.250000 
 209
0.499992 0.006478 0.046210 
0.444830 0.986764 0.462022 
0.055179 0.006758 0.491768 
0.010282 0.969154 0.010282 0.010282 
0.250000 0.250000 0.250000 0.250000 
 210
0.499992 0.006478 0.046210 
0.444830 0.986764 0.462022 
0.055179 0.006758 0.491768 
0.969154 0.010282 0.010282 0.010282 
0.250000 0.250000 0.250000 0.250000 
 211
0.499992 0.006478 0.046210 
0.444830 0.986764 0.462022 
0.055179 0.006758 0.491768 
0.010282 0.010282 0.969154 0.010282 
0.250000 0.250000 0.250000 0.250000 
 212
0.499992 0.006478 0.046210 
0.444830 0.986764 0.462022 
0.055179 0.006758 0.491768 
0.012708 0.010282 0.966729 0.010282 
0.250000 0.250000 0.250000 0.250000 
 213
0.499992 0.006478 0.046210 
0.444830 0.986764 0.462022 
0.055179 0.006758 0.491768 
0.962004 0.017432 0.010282 0.010282 
0.250000 0.250000 0.250000 0.250000 
 214
0.499992 0.006478 0.046210 
0.444830 0.986764 0.462022 
0.055179 0.006758 0.491768 
0.870544 0.106135 0.010282 0.013039 
0.250000 0.250000 0.250000 0.250000 
 215
0.499992 0.006478 0.046210 
0.444830 0.986764 0.462022 
0.055179 0.006758 0.491768 
0.010282 0.010282 0.011980 0.967456 
0.250000 0.250000 0.250000 0.250000 
 216
0.499992 0.006478 0.046210 
0.444830 0.986764 0.462022 
0.055179 0.006758 0.491768 
0.010282 0.010282 0.012145 0.967292 
0.250000 0.250000 0.250000 0.250000 
 217
0.499992 0.006478 0.046210 
0.444830 0.986764 0.462022 
0.055179 0.006758 0.491768 
0.104013 0.871827 0.010282 0.013878 
0.250000 0.250000 0.250000 0.250000 
 218
0.499992 0.006478 0.046210 
0.444830 0.986764 0.462022 
0.055179 0.006758 0.491768 
0.010282 0.011965 0.125203 0.852551 
0.250000 0.250000 0.250000 0.250000 
 219
0.491978 0.006478 0.046210 
0.452843 0.986764 0.462022 
0.055625 0.006752 0.491768 
0.010268 0.010268 0.069893 0.909571 
0.250000 0.250000 0.250000 0.250000 
 220
0.495952 0.006472 0.046210 
0.448423 0.986775 0.462022 
0.055625 0.006752 0.491768 
0.514835 0.464629 0.010268 0.010268 
0.250000 0.250000 0.250000 0.250000 
 221
0.495952 0.006472 0.046210 
0.448423 0.986775 0.462022 
0.055625 0.006752 0.491768 
0.012544 0.010305 0.010305 0.966847 
0.250000 0.250000 0.250000 0.250000 
 222
0.495952 0.006472 0.046210 
0.448423 0.986775 0.462022 
0.055625 0.006752 0.491768 
0.010268 0.010268 0.010268 0.969196 
0.250000 0.250000 0.250000 0.250000 
 223
0.495952 0.006472 0.046210 
0.448423 0.986775 0.462022 
0.055625 0.006752 0.491768 
0.058000 0.921464 0.010268 0.010268 
0.250000 0.250000 0.250000 0.250000 
 224
0.495952 0.006472 0.046210 
0.448423 0.986775 0.462022 
0.055625 0.006752 0.491768 
0.010268 0.010268 0.058876 0.920588 
0.250000 0.250000 0.250000 0.250000 
 225
0.495952 0.006472 0.046210 
0.448423 0.986775 0.462022 
0.055625 0.006752 0.491768 
0.010268 0.010268 0.932311 0.047153 
0.250000 0.250000 0.250000 0.250000 
 226
0.495952 0.006472 0.046210 
0.448423 0.986775 0.462022 
0.055625 0.006752 0.491768 
0.539964 0.439500 0.010268 0.010268 
0.250000 0.250000 0.250000 0.250000 
 227
0.495952 0.006472 0.046210 
0.448423 0.986775 0.462022 
0.055625 0.006752 0.491768 
0.969196 0.010268 0.010268 0.010268 
0.250000 0.250000 0.250000 0.250000 
 228
0.495952 0.006472 0.046210 
0.448423 0.986775 0.462022 
0.055625 0.006752 0.491768 
0.010268 0.010268 0.965539 0.013925 
0.250000 0.250000 0.250000 0.250000 
 229
0.495952 0.006472 0.046210 
0.448423 0.986775 0.462022 
0.055625 0.006752 0.491768 
0.396004 0.054222 0.010268 0.539506 
0.250000 0.250000 0.250000 0.250000 
 230
0.495952 0.006472 0.046210 
0.448423 0.986775 0.462022 
0.055625 0.006752 0.491768 
0.969196 0.010268 0.010268 0.010268 
0.250000 0.250000 0.250000 0.250000 
 231
0.495952 0.006472 0.046210 
0.448423 0.986775 0.462022 
0.055625 0.006752 0.491768 
0.010268 0.010268 0.023610 0.955854 
0.250000 0.250000 0.250000 0.250000 
 232
0.495952 0.006472 0.046210 
0.448423 0.986775 0.462022 
0.055625 0.006752 0.491768 
0.010268 0.010268 0.070398 0.909066 
0.250000 0.250000 0.250000 0.250000 
 233
0.495952 0.006472 0.046210 
0.448423 0.986775 0.462022 
0.055625 0.006752 0.491768 
0.010268 0.010268 0.012078 0.967386 
0.250000 0.250000 0.250000 0.250000 
 234
0.495952 0.006472 0.046210 
0.448423 0.986775 0.462022 
0.055625 0.006752 0.491768 
0.010268 0.010268 0.967535 0.011929 
0.250000 0.250000 0.250000 0.250000 
 235
0.495952 0.006472 0.046210 
0.448423 0.986775 0.462022 
0.055625 0.006752 0.491768 
0.010268 0.010268 0.359091 0.620373 
0.250000 0.250000 0.250000 0.250000 
 236
0.495952 0.006472 0.046210 
0.448423 0.986775 0.462022 
0.055625 0.006752 0.491768 
