%  SAM: /scicomp/groups/OID/NCIRD/ID-OD/ID_nomenclatures/label/LABEL_RES/scripts/modelfromalign_Linux v3.5 (July 15, 2005) compiled 12/08/06_16:15:55
%  (c) 1992-2001 Regents of the University of California, Santa Cruz
%
%          Sequence Alignment and Modeling Software System
%         http://www.cse.ucsc.edu/research/compbio/sam.html
%
% ----------------- Citations (SAM, SAM-T2K, HMMs) --------------------
% R. Hughey, A. Krogh, Hidden Markov models for sequence analysis:
%  Extension and analysis of the basic method, CABIOS 12:95-107, 1996.
% K. Karplus, et al., What is the value added by human intervention in protein
%  structure prediction, Proteins: Stucture, Function, Genetics 45(S5):86--91, 2001.
% A. Krogh et al., Hidden Markov models in computational biology:
%  Applications to protein modeling, JMB 235:1501-1531, Feb 1994.
% ---------------------------------------------------------------------
%  3C.3_hmm   Host: node16.hpc.biotech.cdc.gov    Mon Nov  7 10:15:51 2016
%  vfn4       Dir:  /scicomp/groups/OID/NCIRD/ID-OD/ID_nomenclatures/H3/versions/H3v2016R2/c-3C/alt1/c-3C.x/c-3C.3
% ---------------------------------------------------------------------
%  Alignment weights from internal calc.  Total (44.19) Max (0.08) Min (0.02)
%  Weights from alignment method 1 (karplus), b=-1.000000, e=0.500000
MODEL --  Model from alignment file /scicomp/groups/OID/NCIRD/ID-OD/ID_nomenclatures/label/LABEL_RES/training_data/H3v2016R2/c-3C/c-3C.x/c-3C.3/3C.3.fasta
alphabet DNA
FREQAVE
0.000000 0.000000 0.000000 
0.000000 0.000000 0.000000 
0.000000 0.000000 0.000000 
0.338651 0.223329 0.195619 0.242400 
0.338651 0.223329 0.195619 0.242400 
Begin
0.000000 0.000000 0.000000 
0.000000 0.000000 0.000000 
0.000000 0.004415 0.491768 
0.250000 0.250000 0.250000 0.250000 
0.250000 0.250000 0.250000 0.250000 
   1
0.000000 0.029225 0.046210 
0.000000 0.966360 0.462022 
0.041514 0.004529 0.491768 
0.982833 0.005722 0.005722 0.005722 
0.250000 0.250000 0.250000 0.250000 
   2
0.623817 0.004341 0.046210 
0.334669 0.991130 0.462022 
0.041514 0.004529 0.491768 
0.005722 0.005722 0.005722 0.982833 
0.250000 0.250000 0.250000 0.250000 
   3
0.623817 0.004341 0.046210 
0.334669 0.991130 0.462022 
0.041514 0.004529 0.491768 
0.005722 0.982833 0.005722 0.005722 
0.250000 0.250000 0.250000 0.250000 
   4
0.613537 0.004341 0.046210 
0.344949 0.991130 0.462022 
0.041945 0.004524 0.491768 
0.982854 0.005715 0.005715 0.005715 
0.250000 0.250000 0.250000 0.250000 
   5
0.616538 0.004337 0.046210 
0.341517 0.991139 0.462022 
0.042087 0.004523 0.491768 
0.982056 0.006519 0.005713 0.005713 
0.250000 0.250000 0.250000 0.250000 
   6
0.618623 0.004336 0.046210 
0.339289 0.991141 0.462022 
0.042087 0.004523 0.491768 
0.007270 0.980702 0.005713 0.006315 
0.250000 0.250000 0.250000 0.250000 
   7
0.618623 0.004336 0.046210 
0.339289 0.991141 0.462022 
0.042087 0.004523 0.491768 
0.980019 0.008556 0.005713 0.005713 
0.250000 0.250000 0.250000 0.250000 
   8
0.618623 0.004336 0.046210 
0.339289 0.991141 0.462022 
0.042087 0.004523 0.491768 
0.006820 0.005713 0.980525 0.006942 
0.250000 0.250000 0.250000 0.250000 
   9
0.618623 0.004336 0.046210 
0.339289 0.991141 0.462022 
0.042087 0.004523 0.491768 
0.006337 0.005713 0.026601 0.961348 
0.250000 0.250000 0.250000 0.250000 
  10
0.610727 0.004336 0.046210 
0.347186 0.991141 0.462022 
0.042422 0.004520 0.491768 
0.981614 0.006971 0.005707 0.005707 
0.250000 0.250000 0.250000 0.250000 
  11
0.593530 0.004332 0.046210 
0.364048 0.991148 0.462022 
0.043379 0.004511 0.491768 
0.005692 0.005692 0.008301 0.980315 
0.250000 0.250000 0.250000 0.250000 
  12
0.606917 0.004324 0.046210 
0.349704 0.991166 0.462022 
0.043379 0.004511 0.491768 
0.005692 0.005692 0.979095 0.009521 
0.250000 0.250000 0.250000 0.250000 
  13
0.579549 0.004324 0.046210 
0.377072 0.991166 0.462022 
0.044600 0.004500 0.491768 
0.982232 0.006421 0.005674 0.005674 
0.250000 0.250000 0.250000 0.250000 
  14
0.535235 0.004313 0.046210 
0.420165 0.991187 0.462022 
0.047478 0.004477 0.491768 
0.005634 0.005634 0.006533 0.982198 
0.250000 0.250000 0.250000 0.250000 
  15
0.507007 0.004291 0.046210 
0.445516 0.991232 0.462022 
0.050657 0.004454 0.491768 
0.005597 0.005597 0.006478 0.982328 
0.250000 0.250000 0.250000 0.250000 
  16
0.537293 0.004270 0.046210 
0.412050 0.991276 0.462022 
0.050844 0.004453 0.491768 
0.005595 0.983216 0.005595 0.005595 
0.250000 0.250000 0.250000 0.250000 
  17
0.539272 0.004268 0.046210 
0.409884 0.991279 0.462022 
0.050844 0.004453 0.491768 
0.005595 0.005595 0.983216 0.005595 
0.250000 0.250000 0.250000 0.250000 
  18
0.539272 0.004268 0.046210 
0.409884 0.991279 0.462022 
0.050844 0.004453 0.491768 
0.005595 0.006306 0.008681 0.979419 
0.250000 0.250000 0.250000 0.250000 
  19
0.539272 0.004268 0.046210 
0.409884 0.991279 0.462022 
0.050844 0.004453 0.491768 
0.005595 0.006191 0.006302 0.981913 
0.250000 0.250000 0.250000 0.250000 
  20
0.539272 0.004268 0.046210 
0.409884 0.991279 0.462022 
0.050844 0.004453 0.491768 
0.005595 0.005595 0.006362 0.982449 
0.250000 0.250000 0.250000 0.250000 
  21
0.539272 0.004268 0.046210 
0.409884 0.991279 0.462022 
0.050844 0.004453 0.491768 
0.008510 0.979733 0.005595 0.006162 
0.250000 0.250000 0.250000 0.250000 
  22
0.539272 0.004268 0.046210 
0.409884 0.991279 0.462022 
0.050844 0.004453 0.491768 
0.976258 0.005595 0.005595 0.012553 
0.250000 0.250000 0.250000 0.250000 
  23
0.539272 0.004268 0.046210 
0.409884 0.991279 0.462022 
0.050844 0.004453 0.491768 
0.005595 0.983216 0.005595 0.005595 
0.250000 0.250000 0.250000 0.250000 
  24
0.539272 0.004268 0.046210 
0.409884 0.991279 0.462022 
0.050844 0.004453 0.491768 
0.005595 0.005595 0.983216 0.005595 
0.250000 0.250000 0.250000 0.250000 
  25
0.539272 0.004268 0.046210 
0.409884 0.991279 0.462022 
0.050844 0.004453 0.491768 
0.006182 0.005595 0.007991 0.980233 
0.250000 0.250000 0.250000 0.250000 
  26
0.535647 0.004268 0.046210 
0.413509 0.991279 0.462022 
0.051029 0.004452 0.491768 
0.972403 0.016411 0.005593 0.005593 
0.250000 0.250000 0.250000 0.250000 
  27
0.532960 0.004267 0.046210 
0.416011 0.991281 0.462022 
0.051267 0.004450 0.491768 
0.005590 0.005590 0.982419 0.006401 
0.250000 0.250000 0.250000 0.250000 
  28
0.535442 0.004266 0.046210 
0.413291 0.991284 0.462022 
0.051267 0.004450 0.491768 
0.981564 0.006650 0.005590 0.006196 
0.250000 0.250000 0.250000 0.250000 
  29
0.531784 0.004266 0.046210 
0.416949 0.991284 0.462022 
0.051455 0.004449 0.491768 
0.005588 0.005588 0.007838 0.980986 
0.250000 0.250000 0.250000 0.250000 
  30
0.533736 0.004265 0.046210 
0.414809 0.991286 0.462022 
0.051455 0.004449 0.491768 
0.005588 0.006171 0.006634 0.981607 
0.250000 0.250000 0.250000 0.250000 
  31
0.533736 0.004265 0.046210 
0.414809 0.991286 0.462022 
0.051455 0.004449 0.491768 
0.006251 0.006273 0.980978 0.006498 
0.250000 0.250000 0.250000 0.250000 
  32
0.533736 0.004265 0.046210 
0.414809 0.991286 0.462022 
0.051455 0.004449 0.491768 
0.005588 0.005588 0.006972 0.981852 
0.250000 0.250000 0.250000 0.250000 
  33
0.533736 0.004265 0.046210 
0.414809 0.991286 0.462022 
0.051455 0.004449 0.491768 
0.982115 0.006709 0.005588 0.005588 
0.250000 0.250000 0.250000 0.250000 
  34
0.533736 0.004265 0.046210 
0.414809 0.991286 0.462022 
0.051455 0.004449 0.491768 
0.007384 0.005588 0.010378 0.976651 
0.250000 0.250000 0.250000 0.250000 
  35
0.530059 0.004265 0.046210 
0.418486 0.991286 0.462022 
0.051645 0.004448 0.491768 
0.007186 0.981642 0.005586 0.005586 
0.250000 0.250000 0.250000 0.250000 
  36
0.532016 0.004264 0.046210 
0.416340 0.991289 0.462022 
0.051645 0.004448 0.491768 
0.005586 0.005586 0.008687 0.980141 
0.250000 0.250000 0.250000 0.250000 
  37
0.532016 0.004264 0.046210 
0.416340 0.991289 0.462022 
0.051645 0.004448 0.491768 
0.007495 0.005586 0.971925 0.014994 
0.250000 0.250000 0.250000 0.250000 
  38
0.532016 0.004264 0.046210 
0.416340 0.991289 0.462022 
0.051645 0.004448 0.491768 
0.006247 0.005586 0.005586 0.982581 
0.250000 0.250000 0.250000 0.250000 
  39
0.532016 0.004264 0.046210 
0.416340 0.991289 0.462022 
0.051645 0.004448 0.491768 
0.010720 0.977352 0.005586 0.006342 
0.250000 0.250000 0.250000 0.250000 
  40
0.532016 0.004264 0.046210 
0.416340 0.991289 0.462022 
0.051645 0.004448 0.491768 
0.006819 0.982009 0.005586 0.005586 
0.250000 0.250000 0.250000 0.250000 
  41
0.532016 0.004264 0.046210 
0.416340 0.991289 0.462022 
0.051645 0.004448 0.491768 
0.005586 0.006980 0.008706 0.978728 
0.250000 0.250000 0.250000 0.250000 
  42
0.532016 0.004264 0.046210 
0.416340 0.991289 0.462022 
0.051645 0.004448 0.491768 
0.005586 0.005586 0.008471 0.980357 
0.250000 0.250000 0.250000 0.250000 
  43
0.532016 0.004264 0.046210 
0.416340 0.991289 0.462022 
0.051645 0.004448 0.491768 
0.008919 0.005586 0.007987 0.977508 
0.250000 0.250000 0.250000 0.250000 
  44
0.532016 0.004264 0.046210 
0.416340 0.991289 0.462022 
0.051645 0.004448 0.491768 
0.005586 0.005586 0.009018 0.979810 
0.250000 0.250000 0.250000 0.250000 
  45
0.532016 0.004264 0.046210 
0.416340 0.991289 0.462022 
0.051645 0.004448 0.491768 
0.006149 0.005586 0.974877 0.013388 
0.250000 0.250000 0.250000 0.250000 
  46
0.532016 0.004264 0.046210 
0.416340 0.991289 0.462022 
0.051645 0.004448 0.491768 
0.011328 0.976922 0.005593 0.006156 
0.250000 0.250000 0.250000 0.250000 
  47
0.532016 0.004264 0.046210 
0.416340 0.991289 0.462022 
0.051645 0.004448 0.491768 
0.005586 0.005586 0.983242 0.005586 
0.250000 0.250000 0.250000 0.250000 
  48
0.532016 0.004264 0.046210 
0.416340 0.991289 0.462022 
0.051645 0.004448 0.491768 
0.005586 0.005586 0.008296 0.980532 
0.250000 0.250000 0.250000 0.250000 
  49
0.435374 0.004264 0.046210 
0.512981 0.991289 0.462022 
0.057170 0.004417 0.491768 
0.006199 0.005534 0.982734 0.005534 
0.250000 0.250000 0.250000 0.250000 
  50
0.481950 0.004234 0.046210 
0.460880 0.991350 0.462022 
0.057170 0.004417 0.491768 
0.983398 0.005534 0.005534 0.005534 
0.250000 0.250000 0.250000 0.250000 
  51
0.481950 0.004234 0.046210 
0.460880 0.991350 0.462022 
0.057170 0.004417 0.491768 
0.983398 0.005534 0.005534 0.005534 
0.250000 0.250000 0.250000 0.250000 
  52
0.481950 0.004234 0.046210 
0.460880 0.991350 0.462022 
0.057170 0.004417 0.491768 
0.982755 0.006177 0.005534 0.005534 
0.250000 0.250000 0.250000 0.250000 
  53
0.481950 0.004234 0.046210 
0.460880 0.991350 0.462022 
0.057170 0.004417 0.491768 
0.982288 0.006645 0.005534 0.005534 
0.250000 0.250000 0.250000 0.250000 
  54
0.481950 0.004234 0.046210 
0.460880 0.991350 0.462022 
0.057170 0.004417 0.491768 
0.918672 0.064068 0.006311 0.010949 
0.250000 0.250000 0.250000 0.250000 
  55
0.481950 0.004234 0.046210 
0.460880 0.991350 0.462022 
0.057170 0.004417 0.491768 
0.023379 0.006654 0.959773 0.010195 
0.250000 0.250000 0.250000 0.250000 
  56
0.477850 0.004234 0.046210 
0.464981 0.991350 0.462022 
0.057405 0.004415 0.491768 
0.005532 0.005532 0.007947 0.980989 
0.250000 0.250000 0.250000 0.250000 
  57
0.479817 0.004232 0.046210 
0.462778 0.991352 0.462022 
0.057405 0.004415 0.491768 
0.005532 0.005532 0.008296 0.980640 
0.250000 0.250000 0.250000 0.250000 
  58
0.479817 0.004232 0.046210 
0.462778 0.991352 0.462022 
0.057405 0.004415 0.491768 
0.006226 0.005532 0.982085 0.006158 
0.250000 0.250000 0.250000 0.250000 
  59
0.479817 0.004232 0.046210 
0.462778 0.991352 0.462022 
0.057405 0.004415 0.491768 
0.005532 0.005532 0.982749 0.006188 
0.250000 0.250000 0.250000 0.250000 
  60
0.479817 0.004232 0.046210 
0.462778 0.991352 0.462022 
0.057405 0.004415 0.491768 
0.007121 0.006064 0.010147 0.976668 
0.250000 0.250000 0.250000 0.250000 
  61
0.479817 0.004232 0.046210 
0.462778 0.991352 0.462022 
0.057405 0.004415 0.491768 
0.006538 0.980730 0.007197 0.005535 
0.250000 0.250000 0.250000 0.250000 
  62
0.479817 0.004232 0.046210 
0.462778 0.991352 0.462022 
0.057405 0.004415 0.491768 
0.077175 0.911757 0.005534 0.005534 
0.250000 0.250000 0.250000 0.250000 
  63
0.479817 0.004232 0.046210 
0.462778 0.991352 0.462022 
0.057405 0.004415 0.491768 
0.979281 0.007994 0.005532 0.007193 
0.250000 0.250000 0.250000 0.250000 
  64
0.479817 0.004232 0.046210 
0.462778 0.991352 0.462022 
0.057405 0.004415 0.491768 
0.978608 0.008667 0.005532 0.007193 
0.250000 0.250000 0.250000 0.250000 
  65
0.479817 0.004232 0.046210 
0.462778 0.991352 0.462022 
0.057405 0.004415 0.491768 
0.980494 0.006781 0.005532 0.007193 
0.250000 0.250000 0.250000 0.250000 
  66
0.479817 0.004232 0.046210 
0.462778 0.991352 0.462022 
0.057405 0.004415 0.491768 
0.007193 0.005532 0.007012 0.980263 
0.250000 0.250000 0.250000 0.250000 
  67
0.479817 0.004232 0.046210 
0.462778 0.991352 0.462022 
0.057405 0.004415 0.491768 
0.006913 0.981408 0.005532 0.006147 
0.250000 0.250000 0.250000 0.250000 
  68
0.479817 0.004232 0.046210 
0.462778 0.991352 0.462022 
0.057405 0.004415 0.491768 
0.982755 0.006181 0.005532 0.005532 
0.250000 0.250000 0.250000 0.250000 
  69
0.479817 0.004232 0.046210 
0.462778 0.991352 0.462022 
0.057405 0.004415 0.491768 
0.008292 0.006256 0.978211 0.007242 
0.250000 0.250000 0.250000 0.250000 
  70
0.479817 0.004232 0.046210 
0.462778 0.991352 0.462022 
0.057405 0.004415 0.491768 
0.982648 0.006288 0.005532 0.005532 
0.250000 0.250000 0.250000 0.250000 
  71
0.479817 0.004232 0.046210 
0.462778 0.991352 0.462022 
0.057405 0.004415 0.491768 
0.983404 0.005532 0.005532 0.005532 
0.250000 0.250000 0.250000 0.250000 
  72
0.479817 0.004232 0.046210 
0.462778 0.991352 0.462022 
0.057405 0.004415 0.491768 
0.005532 0.009206 0.010060 0.975203 
0.250000 0.250000 0.250000 0.250000 
  73
0.479817 0.004232 0.046210 
0.462778 0.991352 0.462022 
0.057405 0.004415 0.491768 
0.982193 0.006744 0.005532 0.005532 
0.250000 0.250000 0.250000 0.250000 
  74
0.479817 0.004232 0.046210 
0.462778 0.991352 0.462022 
0.057405 0.004415 0.491768 
0.008151 0.980058 0.005532 0.006260 
0.250000 0.250000 0.250000 0.250000 
  75
0.479817 0.004232 0.046210 
0.462778 0.991352 0.462022 
0.057405 0.004415 0.491768 
0.005532 0.007136 0.981130 0.006202 
0.250000 0.250000 0.250000 0.250000 
  76
0.479817 0.004232 0.046210 
0.462778 0.991352 0.462022 
0.057405 0.004415 0.491768 
0.983404 0.005532 0.005532 0.005532 
0.250000 0.250000 0.250000 0.250000 
  77
0.479817 0.004232 0.046210 
0.462778 0.991352 0.462022 
0.057405 0.004415 0.491768 
0.007305 0.005532 0.977255 0.009909 
0.250000 0.250000 0.250000 0.250000 
  78
0.479817 0.004232 0.046210 
0.462778 0.991352 0.462022 
0.057405 0.004415 0.491768 
0.012600 0.974014 0.006162 0.007224 
0.250000 0.250000 0.250000 0.250000 
  79
0.479817 0.004232 0.046210 
0.462778 0.991352 0.462022 
0.057405 0.004415 0.491768 
0.005532 0.983404 0.005532 0.005532 
0.250000 0.250000 0.250000 0.250000 
  80
0.479817 0.004232 0.046210 
0.462778 0.991352 0.462022 
0.057405 0.004415 0.491768 
0.005532 0.005532 0.983404 0.005532 
0.250000 0.250000 0.250000 0.250000 
  81
0.479817 0.004232 0.046210 
0.462778 0.991352 0.462022 
0.057405 0.004415 0.491768 
0.976439 0.006118 0.005532 0.011911 
0.250000 0.250000 0.250000 0.250000 
  82
0.479817 0.004232 0.046210 
0.462778 0.991352 0.462022 
0.057405 0.004415 0.491768 
0.983404 0.005532 0.005532 0.005532 
0.250000 0.250000 0.250000 0.250000 
  83
0.479817 0.004232 0.046210 
0.462778 0.991352 0.462022 
0.057405 0.004415 0.491768 
0.006121 0.005532 0.977116 0.011232 
0.250000 0.250000 0.250000 0.250000 
  84
0.479817 0.004232 0.046210 
0.462778 0.991352 0.462022 
0.057405 0.004415 0.491768 
0.011294 0.975641 0.005532 0.007533 
0.250000 0.250000 0.250000 0.250000 
  85
0.479817 0.004232 0.046210 
0.462778 0.991352 0.462022 
0.057405 0.004415 0.491768 
0.005532 0.005532 0.980964 0.007972 
0.250000 0.250000 0.250000 0.250000 
  86
0.479817 0.004232 0.046210 
0.462778 0.991352 0.462022 
0.057405 0.004415 0.491768 
0.005532 0.005532 0.005532 0.983404 
0.250000 0.250000 0.250000 0.250000 
  87
0.479817 0.004232 0.046210 
0.462778 0.991352 0.462022 
0.057405 0.004415 0.491768 
0.006280 0.982656 0.005532 0.005532 
0.250000 0.250000 0.250000 0.250000 
  88
0.479817 0.004232 0.046210 
0.462778 0.991352 0.462022 
0.057405 0.004415 0.491768 
0.005532 0.005532 0.005532 0.983404 
0.250000 0.250000 0.250000 0.250000 
  89
0.479817 0.004232 0.046210 
0.462778 0.991352 0.462022 
0.057405 0.004415 0.491768 
0.005532 0.983404 0.005532 0.005532 
0.250000 0.250000 0.250000 0.250000 
  90
0.479817 0.004232 0.046210 
0.462778 0.991352 0.462022 
0.057405 0.004415 0.491768 
0.005532 0.005532 0.981746 0.007190 
0.250000 0.250000 0.250000 0.250000 
  91
0.479817 0.004232 0.046210 
0.462778 0.991352 0.462022 
0.057405 0.004415 0.491768 
0.006180 0.005536 0.982748 0.005536 
0.250000 0.250000 0.250000 0.250000 
  92
0.479817 0.004232 0.046210 
0.462778 0.991352 0.462022 
0.057405 0.004415 0.491768 
0.005532 0.005532 0.005532 0.983404 
0.250000 0.250000 0.250000 0.250000 
  93
0.479817 0.004232 0.046210 
0.462778 0.991352 0.462022 
0.057405 0.004415 0.491768 
0.005532 0.006110 0.008272 0.980086 
0.250000 0.250000 0.250000 0.250000 
  94
0.479817 0.004232 0.046210 
0.462778 0.991352 0.462022 
0.057405 0.004415 0.491768 
0.005532 0.983404 0.005532 0.005532 
0.250000 0.250000 0.250000 0.250000 
  95
0.479817 0.004232 0.046210 
0.462778 0.991352 0.462022 
0.057405 0.004415 0.491768 
0.005532 0.983404 0.005532 0.005532 
0.250000 0.250000 0.250000 0.250000 
  96
0.479817 0.004232 0.046210 
0.462778 0.991352 0.462022 
0.057405 0.004415 0.491768 
0.014174 0.974762 0.005532 0.005532 
0.250000 0.250000 0.250000 0.250000 
  97
0.479817 0.004232 0.046210 
0.462778 0.991352 0.462022 
0.057405 0.004415 0.491768 
0.005532 0.005532 0.983404 0.005532 
0.250000 0.250000 0.250000 0.250000 
  98
0.479817 0.004232 0.046210 
0.462778 0.991352 0.462022 
0.057405 0.004415 0.491768 
0.983404 0.005532 0.005532 0.005532 
0.250000 0.250000 0.250000 0.250000 
  99
0.479817 0.004232 0.046210 
0.462778 0.991352 0.462022 
0.057405 0.004415 0.491768 
0.005532 0.005532 0.976972 0.011964 
0.250000 0.250000 0.250000 0.250000 
 100
0.479817 0.004232 0.046210 
0.462778 0.991352 0.462022 
0.057405 0.004415 0.491768 
0.005532 0.005532 0.982404 0.006532 
0.250000 0.250000 0.250000 0.250000 
 101
0.479817 0.004232 0.046210 
0.462778 0.991352 0.462022 
0.057405 0.004415 0.491768 
0.983404 0.005532 0.005532 0.005532 
0.250000 0.250000 0.250000 0.250000 
 102
0.479817 0.004232 0.046210 
0.462778 0.991352 0.462022 
0.057405 0.004415 0.491768 
0.005532 0.005532 0.007193 0.981743 
0.250000 0.250000 0.250000 0.250000 
 103
0.479817 0.004232 0.046210 
0.462778 0.991352 0.462022 
0.057405 0.004415 0.491768 
0.005532 0.983404 0.005532 0.005532 
0.250000 0.250000 0.250000 0.250000 
 104
0.479817 0.004232 0.046210 
0.462778 0.991352 0.462022 
0.057405 0.004415 0.491768 
0.005532 0.005532 0.983404 0.005532 
0.250000 0.250000 0.250000 0.250000 
 105
0.479817 0.004232 0.046210 
0.462778 0.991352 0.462022 
0.057405 0.004415 0.491768 
0.982675 0.006261 0.005532 0.005532 
0.250000 0.250000 0.250000 0.250000 
 106
0.479817 0.004232 0.046210 
0.462778 0.991352 0.462022 
0.057405 0.004415 0.491768 
0.005534 0.983398 0.005534 0.005534 
0.250000 0.250000 0.250000 0.250000 
 107
0.479817 0.004232 0.046210 
0.462778 0.991352 0.462022 
0.057405 0.004415 0.491768 
0.005532 0.005532 0.005532 0.983404 
0.250000 0.250000 0.250000 0.250000 
 108
0.479817 0.004232 0.046210 
0.462778 0.991352 0.462022 
0.057405 0.004415 0.491768 
0.976425 0.011299 0.006744 0.005532 
0.250000 0.250000 0.250000 0.250000 
 109
0.479817 0.004232 0.046210 
0.462778 0.991352 0.462022 
0.057405 0.004415 0.491768 
0.005532 0.006192 0.981993 0.006283 
0.250000 0.250000 0.250000 0.250000 
 110
0.479817 0.004232 0.046210 
0.462778 0.991352 0.462022 
0.057405 0.004415 0.491768 
0.006267 0.005532 0.982055 0.006146 
0.250000 0.250000 0.250000 0.250000 
 111
0.479817 0.004232 0.046210 
0.462778 0.991352 0.462022 
0.057405 0.004415 0.491768 
0.981545 0.007391 0.005532 0.005532 
0.250000 0.250000 0.250000 0.250000 
 112
0.479817 0.004232 0.046210 
0.462778 0.991352 0.462022 
0.057405 0.004415 0.491768 
0.983404 0.005532 0.005532 0.005532 
0.250000 0.250000 0.250000 0.250000 
 113
0.479817 0.004232 0.046210 
0.462778 0.991352 0.462022 
0.057405 0.004415 0.491768 
0.983404 0.005532 0.005532 0.005532 
0.250000 0.250000 0.250000 0.250000 
 114
0.479817 0.004232 0.046210 
0.462778 0.991352 0.462022 
0.057405 0.004415 0.491768 
0.005535 0.005535 0.933997 0.054933 
0.250000 0.250000 0.250000 0.250000 
 115
0.479817 0.004232 0.046210 
0.462778 0.991352 0.462022 
0.057405 0.004415 0.491768 
0.005532 0.983404 0.005532 0.005532 
0.250000 0.250000 0.250000 0.250000 
 116
0.479817 0.004232 0.046210 
0.462778 0.991352 0.462022 
0.057405 0.004415 0.491768 
0.005532 0.983404 0.005532 0.005532 
0.250000 0.250000 0.250000 0.250000 
 117
0.479817 0.004232 0.046210 
0.462778 0.991352 0.462022 
0.057405 0.004415 0.491768 
0.980896 0.008040 0.005532 0.005532 
0.250000 0.250000 0.250000 0.250000 
 118
0.479817 0.004232 0.046210 
0.462778 0.991352 0.462022 
0.057405 0.004415 0.491768 
0.982613 0.006324 0.005532 0.005532 
0.250000 0.250000 0.250000 0.250000 
 119
0.479817 0.004232 0.046210 
0.462778 0.991352 0.462022 
0.057405 0.004415 0.491768 
0.005532 0.005532 0.983404 0.005532 
0.250000 0.250000 0.250000 0.250000 
 120
0.479817 0.004232 0.046210 
0.462778 0.991352 0.462022 
0.057405 0.004415 0.491768 
0.023425 0.964531 0.005532 0.006513 
0.250000 0.250000 0.250000 0.250000 
 121
0.479817 0.004232 0.046210 
0.462778 0.991352 0.462022 
0.057405 0.004415 0.491768 
0.966786 0.021199 0.006483 0.005532 
0.250000 0.250000 0.250000 0.250000 
 122
0.479817 0.004232 0.046210 
0.462778 0.991352 0.462022 
0.057405 0.004415 0.491768 
0.005532 0.005532 0.006844 0.982092 
0.250000 0.250000 0.250000 0.250000 
 123
0.479817 0.004232 0.046210 
0.462778 0.991352 0.462022 
0.057405 0.004415 0.491768 
0.982597 0.006339 0.005532 0.005532 
0.250000 0.250000 0.250000 0.250000 
 124
0.479817 0.004232 0.046210 
0.462778 0.991352 0.462022 
0.057405 0.004415 0.491768 
0.005532 0.983404 0.005532 0.005532 
0.250000 0.250000 0.250000 0.250000 
 125
0.479817 0.004232 0.046210 
0.462778 0.991352 0.462022 
0.057405 0.004415 0.491768 
0.005532 0.005532 0.005532 0.983404 
0.250000 0.250000 0.250000 0.250000 
 126
0.479817 0.004232 0.046210 
0.462778 0.991352 0.462022 
0.057405 0.004415 0.491768 
0.007461 0.979901 0.006059 0.006579 
0.250000 0.250000 0.250000 0.250000 
 127
0.479817 0.004232 0.046210 
0.462778 0.991352 0.462022 
0.057405 0.004415 0.491768 
0.982754 0.006182 0.005532 0.005532 
0.250000 0.250000 0.250000 0.250000 
 128
0.479817 0.004232 0.046210 
0.462778 0.991352 0.462022 
0.057405 0.004415 0.491768 
0.976047 0.012884 0.005534 0.005534 
0.250000 0.250000 0.250000 0.250000 
 129
0.479817 0.004232 0.046210 
0.462778 0.991352 0.462022 
0.057405 0.004415 0.491768 
0.981472 0.007465 0.005532 0.005532 
0.250000 0.250000 0.250000 0.250000 
 130
0.479817 0.004232 0.046210 
0.462778 0.991352 0.462022 
0.057405 0.004415 0.491768 
0.983404 0.005532 0.005532 0.005532 
0.250000 0.250000 0.250000 0.250000 
 131
0.479817 0.004232 0.046210 
0.462778 0.991352 0.462022 
0.057405 0.004415 0.491768 
0.005532 0.005532 0.983404 0.005532 
0.250000 0.250000 0.250000 0.250000 
 132
0.479817 0.004232 0.046210 
0.462778 0.991352 0.462022 
0.057405 0.004415 0.491768 
0.980902 0.008035 0.005532 0.005532 
0.250000 0.250000 0.250000 0.250000 
 133
0.479817 0.004232 0.046210 
0.462778 0.991352 0.462022 
0.057405 0.004415 0.491768 
0.982754 0.006182 0.005532 0.005532 
0.250000 0.250000 0.250000 0.250000 
 134
0.479817 0.004232 0.046210 
0.462778 0.991352 0.462022 
0.057405 0.004415 0.491768 
0.005532 0.005532 0.005532 0.983404 
0.250000 0.250000 0.250000 0.250000 
 135
0.479817 0.004232 0.046210 
0.462778 0.991352 0.462022 
0.057405 0.004415 0.491768 
0.006079 0.005532 0.980651 0.007738 
0.250000 0.250000 0.250000 0.250000 
 136
0.479817 0.004232 0.046210 
0.462778 0.991352 0.462022 
0.057405 0.004415 0.491768 
0.979723 0.009213 0.005532 0.005532 
0.250000 0.250000 0.250000 0.250000 
 137
0.479817 0.004232 0.046210 
0.462778 0.991352 0.462022 
0.057405 0.004415 0.491768 
0.005532 0.005532 0.982388 0.006549 
0.250000 0.250000 0.250000 0.250000 
 138
0.479817 0.004232 0.046210 
0.462778 0.991352 0.462022 
0.057405 0.004415 0.491768 
0.011549 0.977387 0.005532 0.005532 
0.250000 0.250000 0.250000 0.250000 
 139
0.479817 0.004232 0.046210 
0.462778 0.991352 0.462022 
0.057405 0.004415 0.491768 
0.982497 0.006439 0.005532 0.005532 
0.250000 0.250000 0.250000 0.250000 
 140
0.479817 0.004232 0.046210 
0.462778 0.991352 0.462022 
0.057405 0.004415 0.491768 
0.919025 0.069912 0.005532 0.005532 
0.250000 0.250000 0.250000 0.250000 
 141
0.479817 0.004232 0.046210 
0.462778 0.991352 0.462022 
0.057405 0.004415 0.491768 
0.005532 0.005532 0.006650 0.982286 
0.250000 0.250000 0.250000 0.250000 
 142
0.479817 0.004232 0.046210 
0.462778 0.991352 0.462022 
0.057405 0.004415 0.491768 
0.005532 0.983404 0.005532 0.005532 
0.250000 0.250000 0.250000 0.250000 
 143
0.479817 0.004232 0.046210 
0.462778 0.991352 0.462022 
0.057405 0.004415 0.491768 
0.982747 0.006190 0.005532 0.005532 
0.250000 0.250000 0.250000 0.250000 
 144
0.479817 0.004232 0.046210 
0.462778 0.991352 0.462022 
0.057405 0.004415 0.491768 
0.006668 0.005532 0.979555 0.008245 
0.250000 0.250000 0.250000 0.250000 
 145
0.479817 0.004232 0.046210 
0.462778 0.991352 0.462022 
0.057405 0.004415 0.491768 
0.008893 0.005532 0.980043 0.005532 
0.250000 0.250000 0.250000 0.250000 
 146
0.479817 0.004232 0.046210 
0.462778 0.991352 0.462022 
0.057405 0.004415 0.491768 
0.055529 0.933404 0.005534 0.005534 
0.250000 0.250000 0.250000 0.250000 
 147
0.479817 0.004232 0.046210 
0.462778 0.991352 0.462022 
0.057405 0.004415 0.491768 
0.978744 0.010192 0.005532 0.005532 
0.250000 0.250000 0.250000 0.250000 
 148
0.479817 0.004232 0.046210 
0.462778 0.991352 0.462022 
0.057405 0.004415 0.491768 
0.983404 0.005532 0.005532 0.005532 
0.250000 0.250000 0.250000 0.250000 
 149
0.479817 0.004232 0.046210 
0.462778 0.991352 0.462022 
0.057405 0.004415 0.491768 
0.005532 0.005532 0.005532 0.983404 
0.250000 0.250000 0.250000 0.250000 
 150
0.479817 0.004232 0.046210 
0.462778 0.991352 0.462022 
0.057405 0.004415 0.491768 
0.006426 0.005532 0.009220 0.978822 
0.250000 0.250000 0.250000 0.250000 
 151
0.479817 0.004232 0.046210 
0.462778 0.991352 0.462022 
0.057405 0.004415 0.491768 
0.005532 0.983404 0.005532 0.005532 
0.250000 0.250000 0.250000 0.250000 
 152
0.479817 0.004232 0.046210 
0.462778 0.991352 0.462022 
0.057405 0.004415 0.491768 
0.983404 0.005532 0.005532 0.005532 
0.250000 0.250000 0.250000 0.250000 
 153
0.479817 0.004232 0.046210 
0.462778 0.991352 0.462022 
0.057405 0.004415 0.491768 
0.982298 0.006639 0.005532 0.005532 
0.250000 0.250000 0.250000 0.250000 
 154
0.479817 0.004232 0.046210 
0.462778 0.991352 0.462022 
0.057405 0.004415 0.491768 
0.005532 0.983404 0.005532 0.005532 
0.250000 0.250000 0.250000 0.250000 
 155
0.479817 0.004232 0.046210 
0.462778 0.991352 0.462022 
0.057405 0.004415 0.491768 
0.005532 0.005532 0.005532 0.983404 
0.250000 0.250000 0.250000 0.250000 
 156
0.479817 0.004232 0.046210 
0.462778 0.991352 0.462022 
0.057405 0.004415 0.491768 
0.005532 0.017268 0.026039 0.951161 
0.250000 0.250000 0.250000 0.250000 
 157
0.479817 0.004232 0.046210 
0.462778 0.991352 0.462022 
0.057405 0.004415 0.491768 
0.983404 0.005532 0.005532 0.005532 
0.250000 0.250000 0.250000 0.250000 
 158
0.479817 0.004232 0.046210 
0.462778 0.991352 0.462022 
0.057405 0.004415 0.491768 
0.005532 0.005532 0.983404 0.005532 
0.250000 0.250000 0.250000 0.250000 
 159
0.479817 0.004232 0.046210 
0.462778 0.991352 0.462022 
0.057405 0.004415 0.491768 
0.006204 0.005537 0.012859 0.975399 
0.250000 0.250000 0.250000 0.250000 
 160
0.479817 0.004232 0.046210 
0.462778 0.991352 0.462022 
0.057405 0.004415 0.491768 
0.983404 0.005532 0.005532 0.005532 
0.250000 0.250000 0.250000 0.250000 
 161
0.479817 0.004232 0.046210 
0.462778 0.991352 0.462022 
0.057405 0.004415 0.491768 
0.981823 0.007113 0.005532 0.005532 
0.250000 0.250000 0.250000 0.250000 
 162
0.479817 0.004232 0.046210 
0.462778 0.991352 0.462022 
0.057405 0.004415 0.491768 
0.005532 0.005532 0.006259 0.982678 
0.250000 0.250000 0.250000 0.250000 
 163
0.479817 0.004232 0.046210 
0.462778 0.991352 0.462022 
0.057405 0.004415 0.491768 
0.005532 0.983404 0.005532 0.005532 
0.250000 0.250000 0.250000 0.250000 
 164
0.479817 0.004232 0.046210 
0.462778 0.991352 0.462022 
0.057405 0.004415 0.491768 
0.005532 0.005532 0.983404 0.005532 
0.250000 0.250000 0.250000 0.250000 
 165
0.479817 0.004232 0.046210 
0.462778 0.991352 0.462022 
0.057405 0.004415 0.491768 
0.005532 0.005532 0.007765 0.981171 
0.250000 0.250000 0.250000 0.250000 
 166
0.479817 0.004232 0.046210 
0.462778 0.991352 0.462022 
0.057405 0.004415 0.491768 
0.983404 0.005532 0.005532 0.005532 
0.250000 0.250000 0.250000 0.250000 
 167
0.479817 0.004232 0.046210 
0.462778 0.991352 0.462022 
0.057405 0.004415 0.491768 
0.005532 0.005532 0.982736 0.006200 
0.250000 0.250000 0.250000 0.250000 
 168
0.479817 0.004232 0.046210 
0.462778 0.991352 0.462022 
0.057405 0.004415 0.491768 
0.009874 0.005532 0.010050 0.974544 
0.250000 0.250000 0.250000 0.250000 
 169
0.479817 0.004232 0.046210 
0.462778 0.991352 0.462022 
0.057405 0.004415 0.491768 
0.005532 0.983404 0.005532 0.005532 
0.250000 0.250000 0.250000 0.250000 
 170
0.479817 0.004232 0.046210 
0.462778 0.991352 0.462022 
0.057405 0.004415 0.491768 
0.983404 0.005532 0.005532 0.005532 
0.250000 0.250000 0.250000 0.250000 
 171
0.479817 0.004232 0.046210 
0.462778 0.991352 0.462022 
0.057405 0.004415 0.491768 
0.018021 0.970910 0.005535 0.005535 
0.250000 0.250000 0.250000 0.250000 
 172
0.479817 0.004232 0.046210 
0.462778 0.991352 0.462022 
0.057405 0.004415 0.491768 
0.005532 0.005532 0.982179 0.006757 
0.250000 0.250000 0.250000 0.250000 
 173
0.479817 0.004232 0.046210 
0.462778 0.991352 0.462022 
0.057405 0.004415 0.491768 
0.005532 0.005532 0.005532 0.983404 
0.250000 0.250000 0.250000 0.250000 
 174
0.479817 0.004232 0.046210 
0.462778 0.991352 0.462022 
0.057405 0.004415 0.491768 
0.010789 0.975530 0.005532 0.008149 
0.250000 0.250000 0.250000 0.250000 
 175
0.479817 0.004232 0.046210 
0.462778 0.991352 0.462022 
0.057405 0.004415 0.491768 
0.006210 0.982727 0.005532 0.005532 
0.250000 0.250000 0.250000 0.250000 
 176
0.479817 0.004232 0.046210 
0.462778 0.991352 0.462022 
0.057405 0.004415 0.491768 
0.005532 0.005532 0.005532 0.983404 
0.250000 0.250000 0.250000 0.250000 
 177
0.479817 0.004232 0.046210 
0.462778 0.991352 0.462022 
0.057405 0.004415 0.491768 
0.005532 0.005532 0.006836 0.982101 
0.250000 0.250000 0.250000 0.250000 
 178
0.479817 0.004232 0.046210 
0.462778 0.991352 0.462022 
0.057405 0.004415 0.491768 
0.005532 0.005532 0.983404 0.005532 
0.250000 0.250000 0.250000 0.250000 
 179
0.479817 0.004232 0.046210 
0.462778 0.991352 0.462022 
0.057405 0.004415 0.491768 
0.982584 0.006352 0.005532 0.005532 
0.250000 0.250000 0.250000 0.250000 
 180
0.479817 0.004232 0.046210 
0.462778 0.991352 0.462022 
0.057405 0.004415 0.491768 
0.009760 0.979177 0.005532 0.005532 
0.250000 0.250000 0.250000 0.250000 
 181
0.479817 0.004232 0.046210 
0.462778 0.991352 0.462022 
0.057405 0.004415 0.491768 
0.982333 0.006604 0.005532 0.005532 
0.250000 0.250000 0.250000 0.250000 
 182
0.479817 0.004232 0.046210 
0.462778 0.991352 0.462022 
0.057405 0.004415 0.491768 
0.982208 0.006728 0.005532 0.005532 
0.250000 0.250000 0.250000 0.250000 
 183
0.479817 0.004232 0.046210 
0.462778 0.991352 0.462022 
0.057405 0.004415 0.491768 
0.006267 0.005532 0.009922 0.978279 
0.250000 0.250000 0.250000 0.250000 
 184
0.479817 0.004232 0.046210 
0.462778 0.991352 0.462022 
0.057405 0.004415 0.491768 
0.005532 0.005532 0.006211 0.982725 
0.250000 0.250000 0.250000 0.250000 
 185
0.479817 0.004232 0.046210 
0.462778 0.991352 0.462022 
0.057405 0.004415 0.491768 
0.006162 0.005532 0.982215 0.006092 
0.250000 0.250000 0.250000 0.250000 
 186
0.479817 0.004232 0.046210 
0.462778 0.991352 0.462022 
0.057405 0.004415 0.491768 
0.006350 0.005532 0.942370 0.045747 
0.250000 0.250000 0.250000 0.250000 
 187
0.479817 0.004232 0.046210 
0.462778 0.991352 0.462022 
0.057405 0.004415 0.491768 
0.008256 0.005532 0.005532 0.980681 
0.250000 0.250000 0.250000 0.250000 
 188
0.479817 0.004232 0.046210 
0.462778 0.991352 0.462022 
0.057405 0.004415 0.491768 
0.005532 0.005532 0.983404 0.005532 
0.250000 0.250000 0.250000 0.250000 
 189
0.479817 0.004232 0.046210 
0.462778 0.991352 0.462022 
0.057405 0.004415 0.491768 
0.983404 0.005532 0.005532 0.005532 
0.250000 0.250000 0.250000 0.250000 
 190
0.479817 0.004232 0.046210 
0.462778 0.991352 0.462022 
0.057405 0.004415 0.491768 
0.983404 0.005532 0.005532 0.005532 
0.250000 0.250000 0.250000 0.250000 
 191
0.479817 0.004232 0.046210 
0.462778 0.991352 0.462022 
0.057405 0.004415 0.491768 
0.006267 0.005532 0.009467 0.978734 
0.250000 0.250000 0.250000 0.250000 
 192
0.479817 0.004232 0.046210 
0.462778 0.991352 0.462022 
0.057405 0.004415 0.491768 
0.976789 0.010538 0.005532 0.007141 
0.250000 0.250000 0.250000 0.250000 
 193
0.479817 0.004232 0.046210 
0.462778 0.991352 0.462022 
0.057405 0.004415 0.491768 
0.007882 0.981054 0.005532 0.005532 
0.250000 0.250000 0.250000 0.250000 
 194
0.479817 0.004232 0.046210 
0.462778 0.991352 0.462022 
0.057405 0.004415 0.491768 
0.007485 0.981451 0.005532 0.005532 
0.250000 0.250000 0.250000 0.250000 
 195
0.479817 0.004232 0.046210 
0.462778 0.991352 0.462022 
0.057405 0.004415 0.491768 
0.006085 0.005532 0.006730 0.981654 
0.250000 0.250000 0.250000 0.250000 
 196
0.479817 0.004232 0.046210 
0.462778 0.991352 0.462022 
0.057405 0.004415 0.491768 
0.009475 0.979462 0.005532 0.005532 
0.250000 0.250000 0.250000 0.250000 
 197
0.479817 0.004232 0.046210 
0.462778 0.991352 0.462022 
0.057405 0.004415 0.491768 
0.983404 0.005532 0.005532 0.005532 
0.250000 0.250000 0.250000 0.250000 
 198
0.479817 0.004232 0.046210 
0.462778 0.991352 0.462022 
0.057405 0.004415 0.491768 
0.981198 0.007079 0.006191 0.005532 
0.250000 0.250000 0.250000 0.250000 
 199
0.479817 0.004232 0.046210 
0.462778 0.991352 0.462022 
0.057405 0.004415 0.491768 
0.983404 0.005532 0.005532 0.005532 
0.250000 0.250000 0.250000 0.250000 
 200
0.479817 0.004232 0.046210 
0.462778 0.991352 0.462022 
0.057405 0.004415 0.491768 
0.005532 0.005532 0.005532 0.983404 
0.250000 0.250000 0.250000 0.250000 
 201
0.479817 0.004232 0.046210 
0.462778 0.991352 0.462022 
0.057405 0.004415 0.491768 
0.968459 0.006143 0.006264 0.019134 
0.250000 0.250000 0.250000 0.250000 
 202
0.479817 0.004232 0.046210 
0.462778 0.991352 0.462022 
0.057405 0.004415 0.491768 
0.005532 0.005532 0.005532 0.983404 
0.250000 0.250000 0.250000 0.250000 
 203
0.479817 0.004232 0.046210 
0.462778 0.991352 0.462022 
0.057405 0.004415 0.491768 
0.005532 0.983404 0.005532 0.005532 
0.250000 0.250000 0.250000 0.250000 
 204
0.479817 0.004232 0.046210 
0.462778 0.991352 0.462022 
0.057405 0.004415 0.491768 
0.005532 0.005532 0.970164 0.018772 
0.250000 0.250000 0.250000 0.250000 
 205
0.479817 0.004232 0.046210 
0.462778 0.991352 0.462022 
0.057405 0.004415 0.491768 
0.038092 0.950844 0.005532 0.005532 
0.250000 0.250000 0.250000 0.250000 
 206
0.479817 0.004232 0.046210 
0.462778 0.991352 0.462022 
0.057405 0.004415 0.491768 
0.980793 0.008143 0.005532 0.005532 
0.250000 0.250000 0.250000 0.250000 
 207
0.479817 0.004232 0.046210 
0.462778 0.991352 0.462022 
0.057405 0.004415 0.491768 
0.006111 0.005532 0.978662 0.009695 
0.250000 0.250000 0.250000 0.250000 
 208
0.479817 0.004232 0.046210 
0.462778 0.991352 0.462022 
0.057405 0.004415 0.491768 
0.982215 0.006108 0.006145 0.005532 
0.250000 0.250000 0.250000 0.250000 
 209
0.479817 0.004232 0.046210 
0.462778 0.991352 0.462022 
0.057405 0.004415 0.491768 
0.007825 0.981112 0.005532 0.005532 
0.250000 0.250000 0.250000 0.250000 
 210
0.479817 0.004232 0.046210 
0.462778 0.991352 0.462022 
0.057405 0.004415 0.491768 
0.007415 0.012492 0.008073 0.972020 
0.250000 0.250000 0.250000 0.250000 
 211
0.479817 0.004232 0.046210 
0.462778 0.991352 0.462022 
0.057405 0.004415 0.491768 
0.005532 0.005532 0.983404 0.005532 
0.250000 0.250000 0.250000 0.250000 
 212
0.479817 0.004232 0.046210 
0.462778 0.991352 0.462022 
0.057405 0.004415 0.491768 
0.005532 0.005532 0.983404 0.005532 
0.250000 0.250000 0.250000 0.250000 
 213
0.479817 0.004232 0.046210 
0.462778 0.991352 0.462022 
0.057405 0.004415 0.491768 
0.006427 0.005532 0.006129 0.981912 
0.250000 0.250000 0.250000 0.250000 
 214
0.479817 0.004232 0.046210 
0.462778 0.991352 0.462022 
0.057405 0.004415 0.491768 
0.005532 0.005532 0.983404 0.005532 
0.250000 0.250000 0.250000 0.250000 
 215
0.479817 0.004232 0.046210 
0.462778 0.991352 0.462022 
0.057405 0.004415 0.491768 
0.983404 0.005532 0.005532 0.005532 
0.250000 0.250000 0.250000 0.250000 
 216
0.479817 0.004232 0.046210 
0.462778 0.991352 0.462022 
0.057405 0.004415 0.491768 
0.005532 0.005532 0.008086 0.980851 
0.250000 0.250000 0.250000 0.250000 
 217
0.479817 0.004232 0.046210 
0.462778 0.991352 0.462022 
0.057405 0.004415 0.491768 
0.007900 0.005532 0.981036 0.005532 
0.250000 0.250000 0.250000 0.250000 
 218
0.479817 0.004232 0.046210 
0.462778 0.991352 0.462022 
0.057405 0.004415 0.491768 
0.983404 0.005532 0.005532 0.005532 
0.250000 0.250000 0.250000 0.250000 
 219
0.479817 0.004232 0.046210 
0.462778 0.991352 0.462022 
0.057405 0.004415 0.491768 
0.010163 0.977572 0.005536 0.006728 
0.250000 0.250000 0.250000 0.250000 
 220
0.479817 0.004232 0.046210 
0.462778 0.991352 0.462022 
0.057405 0.004415 0.491768 
0.980048 0.008888 0.005532 0.005532 
0.250000 0.250000 0.250000 0.250000 
 221
0.479817 0.004232 0.046210 
0.462778 0.991352 0.462022 
0.057405 0.004415 0.491768 
0.005532 0.005532 0.005532 0.983404 
0.250000 0.250000 0.250000 0.250000 
 222
0.479817 0.004232 0.046210 
0.462778 0.991352 0.462022 
0.057405 0.004415 0.491768 
0.005532 0.005532 0.978159 0.010777 
0.250000 0.250000 0.250000 0.250000 
 223
0.479817 0.004232 0.046210 
0.462778 0.991352 0.462022 
0.057405 0.004415 0.491768 
0.008172 0.005532 0.980765 0.005532 
0.250000 0.250000 0.250000 0.250000 
 224
0.479817 0.004232 0.046210 
0.462778 0.991352 0.462022 
0.057405 0.004415 0.491768 
0.005532 0.005532 0.005532 0.983404 
0.250000 0.250000 0.250000 0.250000 
 225
0.479817 0.004232 0.046210 
0.462778 0.991352 0.462022 
0.057405 0.004415 0.491768 
0.008210 0.005532 0.007428 0.978831 
0.250000 0.250000 0.250000 0.250000 
 226
0.479817 0.004232 0.046210 
0.462778 0.991352 0.462022 
0.057405 0.004415 0.491768 
0.005532 0.983404 0.005532 0.005532 
0.250000 0.250000 0.250000 0.250000 
 227
0.479817 0.004232 0.046210 
0.462778 0.991352 0.462022 
0.057405 0.004415 0.491768 
0.983404 0.005532 0.005532 0.005532 
0.250000 0.250000 0.250000 0.250000 
 228
0.479817 0.004232 0.046210 
0.462778 0.991352 0.462022 
0.057405 0.004415 0.491768 
0.005532 0.005532 0.006234 0.982702 
0.250000 0.250000 0.250000 0.250000 
 229
0.479817 0.004232 0.046210 
0.462778 0.991352 0.462022 
0.057405 0.004415 0.491768 
0.005532 0.983404 0.005532 0.005532 
0.250000 0.250000 0.250000 0.250000 
 230
0.479817 0.004232 0.046210 
0.462778 0.991352 0.462022 
0.057405 0.004415 0.491768 
0.006555 0.982381 0.005532 0.005532 
0.250000 0.250000 0.250000 0.250000 
 231
0.479817 0.004232 0.046210 
0.462778 0.991352 0.462022 
0.057405 0.004415 0.491768 
0.976797 0.010797 0.006293 0.006113 
0.250000 0.250000 0.250000 0.250000 
 232
0.479817 0.004232 0.046210 
0.462778 0.991352 0.462022 
0.057405 0.004415 0.491768 
0.084991 0.903945 0.005532 0.005532 
0.250000 0.250000 0.250000 0.250000 
 233
0.479817 0.004232 0.046210 
0.462778 0.991352 0.462022 
0.057405 0.004415 0.491768 
0.982401 0.006535 0.005532 0.005532 
0.250000 0.250000 0.250000 0.250000 
 234
0.479817 0.004232 0.046210 
0.462778 0.991352 0.462022 
0.057405 0.004415 0.491768 
0.980632 0.008304 0.005532 0.005532 
0.250000 0.250000 0.250000 0.250000 
 235
