%  SAM: /scicomp/home/vfn4/nomen/label/LABEL_RES/scripts/modelfromalign_Linux v3.5 (July 15, 2005) compiled 12/08/06_16:15:55
%  (c) 1992-2001 Regents of the University of California, Santa Cruz
%
%          Sequence Alignment and Modeling Software System
%         http://www.cse.ucsc.edu/research/compbio/sam.html
%
% ----------------- Citations (SAM, SAM-T2K, HMMs) --------------------
% R. Hughey, A. Krogh, Hidden Markov models for sequence analysis:
%  Extension and analysis of the basic method, CABIOS 12:95-107, 1996.
% K. Karplus, et al., What is the value added by human intervention in protein
%  structure prediction, Proteins: Stucture, Function, Genetics 45(S5):86--91, 2001.
% A. Krogh et al., Hidden Markov models in computational biology:
%  Applications to protein modeling, JMB 235:1501-1531, Feb 1994.
% ---------------------------------------------------------------------
%  6B.1A_hmm   Host: id-dev-03    Fri Apr 26 09:29:36 2019
%  vfn4        Dir:  /scicomp/groups/OID/NCIRD/ID-OD/ID_nomenclatures/H1/H1pdm09v2019R4/base/c-6B/c-6B1
% ---------------------------------------------------------------------
%  Alignment weights from internal calc.  Total (79.50) Max (0.14) Min (0.01)
%  Weights from alignment method 1 (karplus), b=-1.000000, e=0.500000
MODEL --  Model from alignment file /scicomp/home/vfn4/nomen/label/LABEL_RES/training_data/H1pdm09v2019R1/c-6B/c-6B1/6B.1A.fasta
alphabet DNA
FREQAVE
0.000000 0.000000 0.000000 
0.000000 0.000000 0.000000 
0.000000 0.000000 0.000000 
0.353938 0.220814 0.188349 0.236899 
0.353938 0.220814 0.188349 0.236899 
Begin
0.000000 0.000000 0.000000 
0.000000 0.000000 0.000000 
0.000000 0.002784 0.491768 
0.250000 0.250000 0.250000 0.250000 
0.250000 0.250000 0.250000 0.250000 
   1
0.000000 0.040424 0.046210 
0.000000 0.956792 0.462022 
0.029942 0.002893 0.491768 
0.989828 0.003251 0.003251 0.003670 
0.250000 0.250000 0.250000 0.250000 
   2
0.728681 0.002865 0.046210 
0.241377 0.994242 0.462022 
0.029908 0.002893 0.491768 
0.004031 0.003252 0.003252 0.989466 
0.250000 0.250000 0.250000 0.250000 
   3
0.724639 0.002773 0.046210 
0.245453 0.994333 0.462022 
0.030039 0.002892 0.491768 
0.003250 0.989470 0.003250 0.004029 
0.250000 0.250000 0.250000 0.250000 
   4
0.718341 0.019918 0.046210 
0.251621 0.977190 0.462022 
0.025025 0.002940 0.491768 
0.988282 0.005087 0.003316 0.003316 
0.250000 0.250000 0.250000 0.250000 
   5
0.597490 0.005254 0.046210 
0.377485 0.991805 0.462022 
0.029487 0.002897 0.491768 
0.989772 0.003715 0.003256 0.003256 
0.250000 0.250000 0.250000 0.250000 
   6
0.702747 0.002777 0.046210 
0.267766 0.994327 0.462022 
0.030401 0.002889 0.491768 
0.007079 0.986125 0.003247 0.003549 
0.250000 0.250000 0.250000 0.250000 
   7
0.717015 0.002770 0.046210 
0.252584 0.994341 0.462022 
0.030631 0.002888 0.491768 
0.011031 0.982480 0.003244 0.003244 
0.250000 0.250000 0.250000 0.250000 
   8
0.722436 0.002768 0.046210 
0.246933 0.994344 0.462022 
0.030631 0.002888 0.491768 
0.003245 0.003245 0.901890 0.091621 
0.250000 0.250000 0.250000 0.250000 
   9
0.722436 0.002874 0.046210 
0.246933 0.994238 0.462022 
0.030590 0.002888 0.491768 
0.990266 0.003245 0.003245 0.003245 
0.250000 0.250000 0.250000 0.250000 
  10
0.708028 0.002768 0.046210 
0.261382 0.994344 0.462022 
0.031049 0.002885 0.491768 
0.989261 0.004259 0.003240 0.003240 
0.250000 0.250000 0.250000 0.250000 
  11
0.717219 0.002765 0.046210 
0.251732 0.994350 0.462022 
0.031093 0.002884 0.491768 
0.003566 0.003240 0.007423 0.985771 
0.250000 0.250000 0.250000 0.250000 
  12
0.714562 0.002765 0.046210 
0.254345 0.994351 0.462022 
0.031208 0.002883 0.491768 
0.988894 0.004326 0.003240 0.003540 
0.250000 0.250000 0.250000 0.250000 
  13
0.717202 0.002764 0.046210 
0.251589 0.994353 0.462022 
0.031208 0.002883 0.491768 
0.003941 0.003239 0.986598 0.006222 
0.250000 0.250000 0.250000 0.250000 
  14
0.717202 0.002764 0.046210 
0.251589 0.994353 0.462022 
0.031208 0.002883 0.491768 
0.003238 0.003238 0.003238 0.990285 
0.250000 0.250000 0.250000 0.250000 
  15
0.717202 0.002764 0.046210 
0.251589 0.994353 0.462022 
0.031208 0.002883 0.491768 
0.987542 0.003937 0.003238 0.005282 
0.250000 0.250000 0.250000 0.250000 
  16
0.695976 0.002764 0.046210 
0.272816 0.994353 0.462022 
0.031885 0.002879 0.491768 
0.006754 0.985920 0.003233 0.004094 
0.250000 0.250000 0.250000 0.250000 
  17
0.708008 0.002759 0.046210 
0.260106 0.994362 0.462022 
0.031983 0.002878 0.491768 
0.003231 0.003231 0.005965 0.987572 
0.250000 0.250000 0.250000 0.250000 
  18
0.709096 0.002759 0.046210 
0.258921 0.994363 0.462022 
0.032018 0.002878 0.491768 
0.989128 0.004410 0.003231 0.003231 
0.250000 0.250000 0.250000 0.250000 
  19
0.709867 0.002758 0.046210 
0.258115 0.994364 0.462022 
0.032018 0.002878 0.491768 
0.007876 0.985192 0.003231 0.003700 
0.250000 0.250000 0.250000 0.250000 
  20
0.708710 0.002758 0.046210 
0.259273 0.994364 0.462022 
0.032055 0.002877 0.491768 
0.003626 0.003230 0.004182 0.988961 
0.250000 0.250000 0.250000 0.250000 
  21
0.709531 0.002758 0.046210 
0.258414 0.994364 0.462022 
0.032055 0.002877 0.491768 
0.003230 0.004168 0.005003 0.987598 
0.250000 0.250000 0.250000 0.250000 
  22
0.709531 0.002758 0.046210 
0.258414 0.994364 0.462022 
0.032055 0.002877 0.491768 
0.005049 0.003230 0.985966 0.005754 
0.250000 0.250000 0.250000 0.250000 
  23
0.703838 0.002758 0.046210 
0.264107 0.994364 0.462022 
0.032238 0.002876 0.491768 
0.003229 0.003229 0.003229 0.990314 
0.250000 0.250000 0.250000 0.250000 
  24
0.707868 0.002757 0.046210 
0.259894 0.994367 0.462022 
0.032238 0.002876 0.491768 
0.047510 0.944734 0.003229 0.004527 
0.250000 0.250000 0.250000 0.250000 
  25
0.706004 0.002757 0.046210 
0.261757 0.994367 0.462022 
0.032299 0.002876 0.491768 
0.003661 0.003229 0.988848 0.004263 
0.250000 0.250000 0.250000 0.250000 
  26
0.707322 0.002757 0.046210 
0.260379 0.994368 0.462022 
0.032299 0.002876 0.491768 
0.003228 0.003228 0.003228 0.990315 
0.250000 0.250000 0.250000 0.250000 
  27
0.707322 0.002757 0.046210 
0.260379 0.994368 0.462022 
0.032299 0.002876 0.491768 
0.101390 0.887195 0.007898 0.003516 
0.250000 0.250000 0.250000 0.250000 
  28
0.696678 0.002757 0.046210 
0.271024 0.994368 0.462022 
0.032646 0.002874 0.491768 
0.003226 0.003226 0.003748 0.989801 
0.250000 0.250000 0.250000 0.250000 
  29
0.704173 0.002754 0.046210 
0.263180 0.994372 0.462022 
0.032646 0.002874 0.491768 
0.932604 0.060945 0.003225 0.003225 
0.250000 0.250000 0.250000 0.250000 
  30
0.704173 0.002754 0.046210 
0.263180 0.994372 0.462022 
0.032646 0.002874 0.491768 
0.003225 0.003225 0.013972 0.979577 
0.250000 0.250000 0.250000 0.250000 
  31
0.704173 0.002754 0.046210 
0.263180 0.994372 0.462022 
0.032646 0.002874 0.491768 
0.985962 0.007268 0.003225 0.003545 
0.250000 0.250000 0.250000 0.250000 
  32
0.703078 0.002754 0.046210 
0.264276 0.994372 0.462022 
0.032682 0.002873 0.491768 
0.003225 0.003225 0.988897 0.004653 
0.250000 0.250000 0.250000 0.250000 
  33
0.703849 0.002754 0.046210 
0.263469 0.994373 0.462022 
0.032682 0.002873 0.491768 
0.988995 0.004555 0.003225 0.003225 
0.250000 0.250000 0.250000 0.250000 
  34
0.703849 0.002901 0.046210 
0.263469 0.994225 0.462022 
0.032618 0.002874 0.491768 
0.004147 0.003526 0.005003 0.987324 
0.250000 0.250000 0.250000 0.250000 
  35
0.702463 0.002755 0.046210 
0.264919 0.994372 0.462022 
0.032682 0.002873 0.491768 
0.003225 0.003759 0.003663 0.989353 
0.250000 0.250000 0.250000 0.250000 
  36
0.703849 0.002754 0.046210 
0.263469 0.994373 0.462022 
0.032682 0.002873 0.491768 
0.003717 0.003225 0.034745 0.958312 
0.250000 0.250000 0.250000 0.250000 
  37
0.703849 0.002754 0.046210 
0.263469 0.994373 0.462022 
0.032682 0.002873 0.491768 
0.989070 0.004478 0.003226 0.003226 
0.250000 0.250000 0.250000 0.250000 
  38
0.699734 0.002754 0.046210 
0.267584 0.994373 0.462022 
0.032817 0.002872 0.491768 
0.004923 0.003224 0.988043 0.003810 
0.250000 0.250000 0.250000 0.250000 
  39
0.686776 0.002753 0.046210 
0.280407 0.994374 0.462022 
0.033346 0.002869 0.491768 
0.972571 0.006960 0.012736 0.007733 
0.250000 0.250000 0.250000 0.250000 
  40
0.691622 0.002750 0.046210 
0.275033 0.994381 0.462022 
0.033554 0.002868 0.491768 
0.982084 0.010447 0.004252 0.003217 
0.250000 0.250000 0.250000 0.250000 
  41
0.690884 0.002749 0.046210 
0.275562 0.994383 0.462022 
0.033725 0.002867 0.491768 
0.003777 0.003218 0.987930 0.005075 
0.250000 0.250000 0.250000 0.250000 
  42
0.694399 0.002748 0.046210 
0.271876 0.994385 0.462022 
0.033725 0.002867 0.491768 
0.004595 0.003217 0.986929 0.005259 
0.250000 0.250000 0.250000 0.250000 
  43
0.687307 0.002748 0.046210 
0.278968 0.994385 0.462022 
0.033966 0.002865 0.491768 
0.007077 0.985515 0.003706 0.003702 
0.250000 0.250000 0.250000 0.250000 
  44
0.692216 0.002746 0.046210 
0.273818 0.994388 0.462022 
0.033966 0.002865 0.491768 
0.003214 0.003214 0.989846 0.003726 
0.250000 0.250000 0.250000 0.250000 
  45
0.685661 0.002746 0.046210 
0.280373 0.994388 0.462022 
0.034190 0.002864 0.491768 
0.989131 0.003594 0.003808 0.003466 
0.250000 0.250000 0.250000 0.250000 
  46
0.690185 0.002745 0.046210 
0.275625 0.994391 0.462022 
0.034190 0.002864 0.491768 
0.989824 0.003752 0.003212 0.003212 
0.250000 0.250000 0.250000 0.250000 
  47
0.688787 0.002745 0.046210 
0.277024 0.994391 0.462022 
0.034238 0.002864 0.491768 
0.984127 0.007380 0.005279 0.003213 
0.250000 0.250000 0.250000 0.250000 
  48
0.689751 0.002745 0.046210 
0.276011 0.994392 0.462022 
0.034238 0.002864 0.491768 
0.003673 0.003503 0.004751 0.988072 
0.250000 0.250000 0.250000 0.250000 
  49
0.677829 0.002745 0.046210 
0.287933 0.994392 0.462022 
0.034651 0.002861 0.491768 
0.004066 0.989198 0.003209 0.003527 
0.250000 0.250000 0.250000 0.250000 
  50
0.678938 0.002743 0.046210 
0.286411 0.994396 0.462022 
0.034898 0.002860 0.491768 
0.003207 0.003207 0.990380 0.003207 
0.250000 0.250000 0.250000 0.250000 
  51
0.683772 0.002741 0.046210 
0.281330 0.994399 0.462022 
0.034898 0.002860 0.491768 
0.987786 0.003508 0.003207 0.005498 
0.250000 0.250000 0.250000 0.250000 
  52
0.347609 0.002741 0.046210 
0.617494 0.994399 0.462022 
0.052569 0.002794 0.491768 
0.003120 0.989045 0.004715 0.003120 
0.250000 0.250000 0.250000 0.250000 
  53
0.523636 0.002679 0.046210 
0.423794 0.994527 0.462022 
0.052569 0.002794 0.491768 
0.990255 0.003505 0.003120 0.003120 
0.250000 0.250000 0.250000 0.250000 
  54
0.523636 0.002679 0.046210 
0.423794 0.994527 0.462022 
0.052569 0.002794 0.491768 
0.003120 0.003120 0.989628 0.004132 
0.250000 0.250000 0.250000 0.250000 
  55
0.523636 0.002679 0.046210 
0.423794 0.994527 0.462022 
0.052569 0.002794 0.491768 
0.990641 0.003120 0.003120 0.003120 
0.250000 0.250000 0.250000 0.250000 
  56
0.521277 0.002679 0.046210 
0.426153 0.994527 0.462022 
0.052694 0.002794 0.491768 
0.005599 0.003119 0.986253 0.005029 
0.250000 0.250000 0.250000 0.250000 
  57
0.522510 0.002678 0.046210 
0.424796 0.994528 0.462022 
0.052694 0.002794 0.491768 
0.989675 0.003571 0.003370 0.003384 
0.250000 0.250000 0.250000 0.250000 
  58
0.522510 0.002678 0.046210 
0.424796 0.994528 0.462022 
0.052694 0.002794 0.491768 
0.003119 0.003412 0.005953 0.987516 
0.250000 0.250000 0.250000 0.250000 
  59
0.522510 0.002678 0.046210 
0.424796 0.994528 0.462022 
0.052694 0.002794 0.491768 
0.003119 0.003119 0.003119 0.990642 
0.250000 0.250000 0.250000 0.250000 
  60
0.517126 0.002678 0.046210 
0.430180 0.994528 0.462022 
0.052979 0.002793 0.491768 
0.987814 0.005949 0.003119 0.003119 
0.250000 0.250000 0.250000 0.250000 
  61
0.519925 0.002678 0.046210 
0.427096 0.994529 0.462022 
0.052979 0.002793 0.491768 
0.003118 0.003118 0.003118 0.990645 
0.250000 0.250000 0.250000 0.250000 
  62
0.519925 0.002678 0.046210 
0.427096 0.994529 0.462022 
0.052979 0.002793 0.491768 
0.003118 0.990645 0.003118 0.003118 
0.250000 0.250000 0.250000 0.250000 
  63
0.519925 0.002678 0.046210 
0.427096 0.994529 0.462022 
0.052979 0.002793 0.491768 
0.003119 0.003119 0.006462 0.987301 
0.250000 0.250000 0.250000 0.250000 
  64
0.519925 0.002678 0.046210 
0.427096 0.994529 0.462022 
0.052979 0.002793 0.491768 
0.990259 0.003504 0.003119 0.003119 
0.250000 0.250000 0.250000 0.250000 
  65
0.519925 0.002678 0.046210 
0.427096 0.994529 0.462022 
0.052979 0.002793 0.491768 
0.003118 0.003118 0.003118 0.990645 
0.250000 0.250000 0.250000 0.250000 
  66
0.519925 0.002678 0.046210 
0.427096 0.994529 0.462022 
0.052979 0.002793 0.491768 
0.989506 0.003118 0.003442 0.003934 
0.250000 0.250000 0.250000 0.250000 
  67
0.519925 0.002678 0.046210 
0.427096 0.994529 0.462022 
0.052979 0.002793 0.491768 
0.003124 0.990627 0.003124 0.003124 
0.250000 0.250000 0.250000 0.250000 
  68
0.519925 0.002678 0.046210 
0.427096 0.994529 0.462022 
0.052979 0.002793 0.491768 
0.003118 0.990147 0.003118 0.003616 
0.250000 0.250000 0.250000 0.250000 
  69
0.519925 0.002678 0.046210 
0.427096 0.994529 0.462022 
0.052979 0.002793 0.491768 
0.003410 0.003119 0.004850 0.988621 
0.250000 0.250000 0.250000 0.250000 
  70
0.519925 0.002678 0.046210 
0.427096 0.994529 0.462022 
0.052979 0.002793 0.491768 
0.003121 0.003121 0.003784 0.989974 
0.250000 0.250000 0.250000 0.250000 
  71
0.519925 0.002678 0.046210 
0.427096 0.994529 0.462022 
0.052979 0.002793 0.491768 
0.989979 0.003119 0.003784 0.003119 
0.250000 0.250000 0.250000 0.250000 
  72
0.494783 0.002678 0.046210 
0.452238 0.994529 0.462022 
0.054345 0.002790 0.491768 
0.003115 0.003115 0.003874 0.989897 
0.250000 0.250000 0.250000 0.250000 
  73
0.507544 0.002675 0.046210 
0.438111 0.994535 0.462022 
0.054345 0.002790 0.491768 
0.003114 0.003114 0.990657 0.003114 
0.250000 0.250000 0.250000 0.250000 
  74
0.473265 0.002675 0.046210 
0.472390 0.994535 0.462022 
0.056274 0.002786 0.491768 
0.990246 0.003536 0.003109 0.003109 
0.250000 0.250000 0.250000 0.250000 
  75
0.490064 0.002671 0.046210 
0.453662 0.994543 0.462022 
0.056274 0.002786 0.491768 
0.003109 0.003109 0.004933 0.988850 
0.250000 0.250000 0.250000 0.250000 
  76
0.490064 0.002671 0.046210 
0.453662 0.994543 0.462022 
0.056274 0.002786 0.491768 
0.003111 0.990668 0.003111 0.003111 
0.250000 0.250000 0.250000 0.250000 
  77
0.490064 0.002671 0.046210 
0.453662 0.994543 0.462022 
0.056274 0.002786 0.491768 
0.003110 0.003110 0.990671 0.003110 
0.250000 0.250000 0.250000 0.250000 
  78
0.490064 0.002671 0.046210 
0.453662 0.994543 0.462022 
0.056274 0.002786 0.491768 
0.013505 0.978970 0.003111 0.004414 
0.250000 0.250000 0.250000 0.250000 
  79
0.490064 0.002671 0.046210 
0.453662 0.994543 0.462022 
0.056274 0.002786 0.491768 
0.990674 0.003109 0.003109 0.003109 
0.250000 0.250000 0.250000 0.250000 
  80
0.490064 0.002671 0.046210 
0.453662 0.994543 0.462022 
0.056274 0.002786 0.491768 
0.990673 0.003109 0.003109 0.003109 
0.250000 0.250000 0.250000 0.250000 
  81
0.490064 0.002671 0.046210 
0.453662 0.994543 0.462022 
0.056274 0.002786 0.491768 
0.003109 0.003109 0.989909 0.003874 
0.250000 0.250000 0.250000 0.250000 
  82
0.490064 0.002671 0.046210 
0.453662 0.994543 0.462022 
0.056274 0.002786 0.491768 
0.990670 0.003110 0.003110 0.003110 
0.250000 0.250000 0.250000 0.250000 
  83
0.490064 0.002671 0.046210 
0.453662 0.994543 0.462022 
0.056274 0.002786 0.491768 
0.990671 0.003110 0.003110 0.003110 
0.250000 0.250000 0.250000 0.250000 
  84
0.490064 0.002671 0.046210 
0.453662 0.994543 0.462022 
0.056274 0.002786 0.491768 
0.003110 0.003110 0.007261 0.986520 
0.250000 0.250000 0.250000 0.250000 
  85
0.488018 0.002671 0.046210 
0.455707 0.994543 0.462022 
0.056390 0.002786 0.491768 
0.003109 0.003109 0.003109 0.990673 
0.250000 0.250000 0.250000 0.250000 
  86
0.487127 0.002670 0.046210 
0.456483 0.994544 0.462022 
0.056497 0.002786 0.491768 
0.003108 0.003108 0.990675 0.003108 
0.250000 0.250000 0.250000 0.250000 
  87
0.488050 0.002670 0.046210 
0.455453 0.994544 0.462022 
0.056497 0.002786 0.491768 
0.989765 0.004019 0.003108 0.003108 
0.250000 0.250000 0.250000 0.250000 
  88
0.488050 0.002670 0.046210 
0.455453 0.994544 0.462022 
0.056497 0.002786 0.491768 
0.990676 0.003108 0.003108 0.003108 
0.250000 0.250000 0.250000 0.250000 
  89
0.488050 0.002670 0.046210 
0.455453 0.994544 0.462022 
0.056497 0.002786 0.491768 
0.003109 0.003109 0.990673 0.003109 
0.250000 0.250000 0.250000 0.250000 
  90
0.485785 0.002670 0.046210 
0.457718 0.994544 0.462022 
0.056625 0.002785 0.491768 
0.989536 0.003833 0.003523 0.003108 
0.250000 0.250000 0.250000 0.250000 
  91
0.479524 0.002670 0.046210 
0.463852 0.994545 0.462022 
0.057045 0.002785 0.491768 
0.004234 0.989553 0.003107 0.003107 
0.250000 0.250000 0.250000 0.250000 
  92
0.483081 0.002669 0.046210 
0.459874 0.994546 0.462022 
0.057045 0.002785 0.491768 
0.990680 0.003107 0.003107 0.003107 
0.250000 0.250000 0.250000 0.250000 
  93
0.483081 0.002669 0.046210 
0.459874 0.994546 0.462022 
0.057045 0.002785 0.491768 
0.003347 0.012067 0.980426 0.004160 
0.250000 0.250000 0.250000 0.250000 
  94
0.483081 0.002669 0.046210 
0.459874 0.994546 0.462022 
0.057045 0.002785 0.491768 
0.989668 0.004118 0.003107 0.003107 
0.250000 0.250000 0.250000 0.250000 
  95
0.483081 0.002669 0.046210 
0.459874 0.994546 0.462022 
0.057045 0.002785 0.491768 
0.003830 0.003107 0.988681 0.004382 
0.250000 0.250000 0.250000 0.250000 
  96
0.483081 0.002669 0.046210 
0.459874 0.994546 0.462022 
0.057045 0.002785 0.491768 
0.003683 0.003107 0.003586 0.989625 
0.250000 0.250000 0.250000 0.250000 
  97
0.483081 0.002669 0.046210 
0.459874 0.994546 0.462022 
0.057045 0.002785 0.491768 
0.004019 0.989768 0.003107 0.003107 
0.250000 0.250000 0.250000 0.250000 
  98
0.483081 0.002669 0.046210 
0.459874 0.994546 0.462022 
0.057045 0.002785 0.491768 
0.003107 0.003107 0.003107 0.990680 
0.250000 0.250000 0.250000 0.250000 
  99
0.483081 0.002669 0.046210 
0.459874 0.994546 0.462022 
0.057045 0.002785 0.491768 
0.985448 0.007070 0.003500 0.003981 
0.250000 0.250000 0.250000 0.250000 
 100
0.483081 0.002669 0.046210 
0.459874 0.994546 0.462022 
0.057045 0.002785 0.491768 
0.004749 0.989036 0.003107 0.003107 
0.250000 0.250000 0.250000 0.250000 
 101
0.483081 0.002669 0.046210 
0.459874 0.994546 0.462022 
0.057045 0.002785 0.491768 
0.990680 0.003107 0.003107 0.003107 
0.250000 0.250000 0.250000 0.250000 
 102
0.483081 0.002669 0.046210 
0.459874 0.994546 0.462022 
0.057045 0.002785 0.491768 
0.003107 0.003107 0.940095 0.053690 
0.250000 0.250000 0.250000 0.250000 
 103
0.483081 0.002669 0.046210 
0.459874 0.994546 0.462022 
0.057045 0.002785 0.491768 
0.989696 0.003107 0.003801 0.003396 
0.250000 0.250000 0.250000 0.250000 
 104
0.483081 0.002669 0.046210 
0.459874 0.994546 0.462022 
0.057045 0.002785 0.491768 
0.003107 0.003107 0.990680 0.003107 
0.250000 0.250000 0.250000 0.250000 
 105
0.483081 0.002669 0.046210 
0.459874 0.994546 0.462022 
0.057045 0.002785 0.491768 
0.988806 0.004658 0.003107 0.003429 
0.250000 0.250000 0.250000 0.250000 
 106
0.483081 0.002669 0.046210 
0.459874 0.994546 0.462022 
0.057045 0.002785 0.491768 
0.005922 0.987189 0.003373 0.003515 
0.250000 0.250000 0.250000 0.250000 
 107
0.483081 0.002669 0.046210 
0.459874 0.994546 0.462022 
0.057045 0.002785 0.491768 
0.003107 0.003107 0.003107 0.990680 
0.250000 0.250000 0.250000 0.250000 
 108
0.483081 0.002669 0.046210 
0.459874 0.994546 0.462022 
0.057045 0.002785 0.491768 
0.986881 0.006211 0.003107 0.003801 
0.250000 0.250000 0.250000 0.250000 
 109
0.483081 0.002669 0.046210 
0.459874 0.994546 0.462022 
0.057045 0.002785 0.491768 
0.003107 0.003107 0.984652 0.009134 
0.250000 0.250000 0.250000 0.250000 
 110
0.483081 0.002669 0.046210 
0.459874 0.994546 0.462022 
0.057045 0.002785 0.491768 
0.003107 0.003107 0.003107 0.990680 
0.250000 0.250000 0.250000 0.250000 
 111
0.483081 0.002669 0.046210 
0.459874 0.994546 0.462022 
0.057045 0.002785 0.491768 
0.987532 0.005169 0.003107 0.004192 
0.250000 0.250000 0.250000 0.250000 
 112
0.483081 0.002669 0.046210 
0.459874 0.994546 0.462022 
0.057045 0.002785 0.491768 
0.003107 0.990680 0.003107 0.003107 
0.250000 0.250000 0.250000 0.250000 
 113
0.483081 0.002669 0.046210 
0.459874 0.994546 0.462022 
0.057045 0.002785 0.491768 
0.990680 0.003107 0.003107 0.003107 
0.250000 0.250000 0.250000 0.250000 
 114
0.483081 0.002669 0.046210 
0.459874 0.994546 0.462022 
0.057045 0.002785 0.491768 
0.964657 0.029130 0.003107 0.003107 
0.250000 0.250000 0.250000 0.250000 
 115
0.483081 0.002669 0.046210 
0.459874 0.994546 0.462022 
0.057045 0.002785 0.491768 
0.990679 0.003107 0.003107 0.003107 
0.250000 0.250000 0.250000 0.250000 
 116
0.483081 0.002669 0.046210 
0.459874 0.994546 0.462022 
0.057045 0.002785 0.491768 
0.988515 0.005271 0.003107 0.003107 
0.250000 0.250000 0.250000 0.250000 
 117
0.483081 0.002669 0.046210 
0.459874 0.994546 0.462022 
0.057045 0.002785 0.491768 
0.008646 0.985140 0.003107 0.003107 
0.250000 0.250000 0.250000 0.250000 
 118
0.483081 0.002669 0.046210 
0.459874 0.994546 0.462022 
0.057045 0.002785 0.491768 
0.990274 0.003513 0.003107 0.003107 
0.250000 0.250000 0.250000 0.250000 
 119
0.483081 0.002669 0.046210 
0.459874 0.994546 0.462022 
0.057045 0.002785 0.491768 
0.989998 0.003789 0.003107 0.003107 
0.250000 0.250000 0.250000 0.250000 
 120
0.483081 0.002669 0.046210 
0.459874 0.994546 0.462022 
0.057045 0.002785 0.491768 
0.003703 0.003107 0.006974 0.986217 
0.250000 0.250000 0.250000 0.250000 
 121
0.483081 0.002669 0.046210 
0.459874 0.994546 0.462022 
0.057045 0.002785 0.491768 
0.003658 0.990126 0.003108 0.003108 
0.250000 0.250000 0.250000 0.250000 
 122
0.483081 0.002669 0.046210 
0.459874 0.994546 0.462022 
0.057045 0.002785 0.491768 
0.003107 0.003703 0.003107 0.990083 
0.250000 0.250000 0.250000 0.250000 
 123
0.483081 0.002669 0.046210 
0.459874 0.994546 0.462022 
0.057045 0.002785 0.491768 
0.987968 0.005072 0.003354 0.003607 
0.250000 0.250000 0.250000 0.250000 
 124
0.483081 0.002669 0.046210 
0.459874 0.994546 0.462022 
0.057045 0.002785 0.491768 
0.990680 0.003107 0.003107 0.003107 
0.250000 0.250000 0.250000 0.250000 
 125
0.483081 0.002669 0.046210 
0.459874 0.994546 0.462022 
0.057045 0.002785 0.491768 
0.003790 0.003107 0.989549 0.003554 
0.250000 0.250000 0.250000 0.250000 
 126
0.480847 0.002669 0.046210 
0.462108 0.994546 0.462022 
0.057173 0.002784 0.491768 
0.977220 0.016177 0.003106 0.003498 
0.250000 0.250000 0.250000 0.250000 
 127
0.481924 0.002669 0.046210 
0.460904 0.994547 0.462022 
0.057173 0.002784 0.491768 
0.003967 0.988989 0.003107 0.003937 
0.250000 0.250000 0.250000 0.250000 
 128
0.481924 0.002669 0.046210 
0.460904 0.994547 0.462022 
0.057173 0.002784 0.491768 
0.003106 0.003106 0.003853 0.989935 
0.250000 0.250000 0.250000 0.250000 
 129
0.481924 0.002669 0.046210 
0.460904 0.994547 0.462022 
0.057173 0.002784 0.491768 
0.981177 0.012290 0.003427 0.003106 
0.250000 0.250000 0.250000 0.250000 
 130
0.481924 0.002669 0.046210 
0.460904 0.994547 0.462022 
0.057173 0.002784 0.491768 
0.990679 0.003107 0.003107 0.003107 
0.250000 0.250000 0.250000 0.250000 
 131
0.481924 0.002669 0.046210 
0.460904 0.994547 0.462022 
0.057173 0.002784 0.491768 
0.003509 0.003106 0.990278 0.003106 
0.250000 0.250000 0.250000 0.250000 
 132
0.481924 0.002669 0.046210 
0.460904 0.994547 0.462022 
0.057173 0.002784 0.491768 
0.989881 0.003409 0.003350 0.003360 
0.250000 0.250000 0.250000 0.250000 
 133
0.481924 0.002669 0.046210 
0.460904 0.994547 0.462022 
0.057173 0.002784 0.491768 
0.003106 0.003106 0.990681 0.003106 
0.250000 0.250000 0.250000 0.250000 
 134
0.481924 0.002669 0.046210 
0.460904 0.994547 0.462022 
0.057173 0.002784 0.491768 
0.990681 0.003106 0.003106 0.003106 
0.250000 0.250000 0.250000 0.250000 
 135
0.479901 0.002669 0.046210 
0.462927 0.994547 0.462022 
0.057289 0.002784 0.491768 
0.003108 0.003108 0.987883 0.005901 
0.250000 0.250000 0.250000 0.250000 
 136
0.480873 0.002669 0.046210 
0.461838 0.994547 0.462022 
0.057289 0.002784 0.491768 
0.003106 0.003106 0.003106 0.990682 
0.250000 0.250000 0.250000 0.250000 
 137
0.480873 0.002669 0.046210 
0.461838 0.994547 0.462022 
0.057289 0.002784 0.491768 
0.003511 0.003106 0.990277 0.003106 
0.250000 0.250000 0.250000 0.250000 
 138
0.480873 0.002669 0.046210 
0.461838 0.994547 0.462022 
0.057289 0.002784 0.491768 
0.004432 0.003869 0.004079 0.987620 
0.250000 0.250000 0.250000 0.250000 
 139
0.480873 0.002669 0.046210 
0.461838 0.994547 0.462022 
0.057289 0.002784 0.491768 
0.003946 0.989842 0.003106 0.003106 
0.250000 0.250000 0.250000 0.250000 
 140
0.480873 0.002669 0.046210 
0.461838 0.994547 0.462022 
0.057289 0.002784 0.491768 
0.003107 0.003107 0.004192 0.989595 
0.250000 0.250000 0.250000 0.250000 
 141
0.480873 0.002669 0.046210 
0.461838 0.994547 0.462022 
0.057289 0.002784 0.491768 
0.003106 0.003938 0.081906 0.911050 
0.250000 0.250000 0.250000 0.250000 
 142
0.480873 0.002669 0.046210 
0.461838 0.994547 0.462022 
0.057289 0.002784 0.491768 
0.989538 0.004250 0.003106 0.003106 
0.250000 0.250000 0.250000 0.250000 
 143
0.480873 0.002669 0.046210 
0.461838 0.994547 0.462022 
0.057289 0.002784 0.491768 
0.990682 0.003106 0.003106 0.003106 
0.250000 0.250000 0.250000 0.250000 
 144
0.480873 0.002669 0.046210 
0.461838 0.994547 0.462022 
0.057289 0.002784 0.491768 
0.003107 0.003107 0.010234 0.983552 
0.250000 0.250000 0.250000 0.250000 
 145
0.480873 0.002669 0.046210 
0.461838 0.994547 0.462022 
0.057289 0.002784 0.491768 
0.003687 0.003106 0.989398 0.003809 
0.250000 0.250000 0.250000 0.250000 
 146
0.480873 0.002669 0.046210 
0.461838 0.994547 0.462022 
0.057289 0.002784 0.491768 
0.003106 0.003106 0.003106 0.990682 
0.250000 0.250000 0.250000 0.250000 
 147
0.480873 0.002669 0.046210 
0.461838 0.994547 0.462022 
0.057289 0.002784 0.491768 
0.003829 0.003106 0.004563 0.988502 
0.250000 0.250000 0.250000 0.250000 
 148
0.480873 0.002669 0.046210 
0.461838 0.994547 0.462022 
0.057289 0.002784 0.491768 
0.003516 0.003108 0.987860 0.005515 
0.250000 0.250000 0.250000 0.250000 
 149
0.480873 0.002669 0.046210 
0.461838 0.994547 0.462022 
0.057289 0.002784 0.491768 
0.003106 0.003106 0.003106 0.990682 
0.250000 0.250000 0.250000 0.250000 
 150
0.480873 0.002669 0.046210 
0.461838 0.994547 0.462022 
0.057289 0.002784 0.491768 
0.006750 0.986059 0.003106 0.004084 
0.250000 0.250000 0.250000 0.250000 
 151
0.480873 0.002669 0.046210 
0.461838 0.994547 0.462022 
0.057289 0.002784 0.491768 
0.003497 0.990291 0.003106 0.003106 
0.250000 0.250000 0.250000 0.250000 
 152
0.480873 0.002669 0.046210 
0.461838 0.994547 0.462022 
0.057289 0.002784 0.491768 
0.990682 0.003106 0.003106 0.003106 
0.250000 0.250000 0.250000 0.250000 
 153
0.480873 0.002669 0.046210 
0.461838 0.994547 0.462022 
0.057289 0.002784 0.491768 
0.964460 0.029328 0.003106 0.003106 
0.250000 0.250000 0.250000 0.250000 
 154
0.480873 0.002669 0.046210 
0.461838 0.994547 0.462022 
0.057289 0.002784 0.491768 
0.006816 0.986119 0.003106 0.003959 
0.250000 0.250000 0.250000 0.250000 
 155
0.480873 0.002669 0.046210 
0.461838 0.994547 0.462022 
0.057289 0.002784 0.491768 
0.986812 0.006975 0.003106 0.003106 
0.250000 0.250000 0.250000 0.250000 
 156
0.480873 0.002669 0.046210 
0.461838 0.994547 0.462022 
0.057289 0.002784 0.491768 
0.003626 0.003106 0.986085 0.007183 
0.250000 0.250000 0.250000 0.250000 
 157
0.480873 0.002669 0.046210 
0.461838 0.994547 0.462022 
0.057289 0.002784 0.491768 
0.989719 0.004069 0.003106 0.003106 
0.250000 0.250000 0.250000 0.250000 
 158
0.480873 0.002669 0.046210 
0.461838 0.994547 0.462022 
0.057289 0.002784 0.491768 
0.989364 0.003675 0.003445 0.003516 
0.250000 0.250000 0.250000 0.250000 
 159
0.480873 0.002669 0.046210 
0.461838 0.994547 0.462022 
0.057289 0.002784 0.491768 
0.026810 0.965645 0.003107 0.004437 
0.250000 0.250000 0.250000 0.250000 
 160
0.480873 0.002669 0.046210 
0.461838 0.994547 0.462022 
0.057289 0.002784 0.491768 
0.003535 0.003106 0.990254 0.003106 
0.250000 0.250000 0.250000 0.250000 
 161
0.480873 0.002669 0.046210 
0.461838 0.994547 0.462022 
0.057289 0.002784 0.491768 
0.990682 0.003106 0.003106 0.003106 
0.250000 0.250000 0.250000 0.250000 
 162
0.480873 0.002669 0.046210 
0.461838 0.994547 0.462022 
0.057289 0.002784 0.491768 
0.003106 0.003106 0.010235 0.983553 
0.250000 0.250000 0.250000 0.250000 
 163
0.480873 0.002669 0.046210 
0.461838 0.994547 0.462022 
0.057289 0.002784 0.491768 
0.984414 0.008931 0.003106 0.003549 
0.250000 0.250000 0.250000 0.250000 
 164
0.480873 0.002669 0.046210 
0.461838 0.994547 0.462022 
0.057289 0.002784 0.491768 
0.989076 0.004240 0.003578 0.003106 
0.250000 0.250000 0.250000 0.250000 
 165
0.480873 0.002669 0.046210 
0.461838 0.994547 0.462022 
0.057289 0.002784 0.491768 
0.003106 0.003106 0.977558 0.016229 
0.250000 0.250000 0.250000 0.250000 
 166
0.480873 0.002669 0.046210 
0.461838 0.994547 0.462022 
0.057289 0.002784 0.491768 
0.004825 0.988962 0.003106 0.003106 
0.250000 0.250000 0.250000 0.250000 
 167
0.480873 0.002669 0.046210 
0.461838 0.994547 0.462022 
0.057289 0.002784 0.491768 
0.004830 0.988958 0.003106 0.003106 
0.250000 0.250000 0.250000 0.250000 
 168
0.480873 0.002669 0.046210 
0.461838 0.994547 0.462022 
0.057289 0.002784 0.491768 
0.983040 0.010407 0.003106 0.003447 
0.250000 0.250000 0.250000 0.250000 
 169
0.480873 0.002669 0.046210 
0.461838 0.994547 0.462022 
0.057289 0.002784 0.491768 
0.990682 0.003106 0.003106 0.003106 
0.250000 0.250000 0.250000 0.250000 
 170
0.480873 0.002669 0.046210 
0.461838 0.994547 0.462022 
0.057289 0.002784 0.491768 
0.988936 0.004852 0.003106 0.003106 
0.250000 0.250000 0.250000 0.250000 
 171
0.480873 0.002669 0.046210 
0.461838 0.994547 0.462022 
0.057289 0.002784 0.491768 
0.989562 0.004226 0.003106 0.003106 
0.250000 0.250000 0.250000 0.250000 
 172
0.480873 0.002669 0.046210 
0.461838 0.994547 0.462022 
0.057289 0.002784 0.491768 
0.003526 0.003106 0.988321 0.005047 
0.250000 0.250000 0.250000 0.250000 
 173
0.480873 0.002669 0.046210 
0.461838 0.994547 0.462022 
0.057289 0.002784 0.491768 
0.003106 0.003106 0.003106 0.990682 
0.250000 0.250000 0.250000 0.250000 
 174
0.480873 0.002669 0.046210 
0.461838 0.994547 0.462022 
0.057289 0.002784 0.491768 
0.984770 0.008175 0.003563 0.003492 
0.250000 0.250000 0.250000 0.250000 
 175
0.480873 0.002669 0.046210 
0.461838 0.994547 0.462022 
0.057289 0.002784 0.491768 
0.003106 0.003106 0.003106 0.990682 
0.250000 0.250000 0.250000 0.250000 
 176
0.480873 0.002669 0.046210 
0.461838 0.994547 0.462022 
0.057289 0.002784 0.491768 
0.003106 0.990682 0.003106 0.003106 
0.250000 0.250000 0.250000 0.250000 
 177
0.480873 0.002669 0.046210 
0.461838 0.994547 0.462022 
0.057289 0.002784 0.491768 
0.003106 0.003106 0.988568 0.005220 
0.250000 0.250000 0.250000 0.250000 
 178
0.480873 0.002669 0.046210 
0.461838 0.994547 0.462022 
0.057289 0.002784 0.491768 
0.990156 0.003106 0.003632 0.003106 
0.250000 0.250000 0.250000 0.250000 
 179
0.480873 0.002669 0.046210 
0.461838 0.994547 0.462022 
0.057289 0.002784 0.491768 
0.987822 0.005364 0.003464 0.003350 
0.250000 0.250000 0.250000 0.250000 
 180
0.480873 0.002669 0.046210 
0.461838 0.994547 0.462022 
0.057289 0.002784 0.491768 
0.989265 0.003795 0.003834 0.003106 
0.250000 0.250000 0.250000 0.250000 
 181
0.480873 0.002669 0.046210 
0.461838 0.994547 0.462022 
0.057289 0.002784 0.491768 
0.003947 0.003108 0.984399 0.008546 
0.250000 0.250000 0.250000 0.250000 
 182
0.480873 0.002669 0.046210 
0.461838 0.994547 0.462022 
0.057289 0.002784 0.491768 
0.003106 0.003106 0.003106 0.990682 
0.250000 0.250000 0.250000 0.250000 
 183
0.480873 0.002669 0.046210 
0.461838 0.994547 0.462022 
0.057289 0.002784 0.491768 
0.987795 0.005993 0.003106 0.003106 
0.250000 0.250000 0.250000 0.250000 
 184
0.480873 0.002669 0.046210 
0.461838 0.994547 0.462022 
0.057289 0.002784 0.491768 
0.915632 0.077828 0.003434 0.003106 
0.250000 0.250000 0.250000 0.250000 
 185
0.480873 0.002669 0.046210 
0.461838 0.994547 0.462022 
0.057289 0.002784 0.491768 
0.013971 0.979292 0.003106 0.003630 
0.250000 0.250000 0.250000 0.250000 
 186
0.480873 0.002669 0.046210 
0.461838 0.994547 0.462022 
0.057289 0.002784 0.491768 
0.984221 0.009567 0.003106 0.003106 
0.250000 0.250000 0.250000 0.250000 
 187
0.480873 0.002669 0.046210 
0.461838 0.994547 0.462022 
0.057289 0.002784 0.491768 
0.003106 0.990682 0.003106 0.003106 
0.250000 0.250000 0.250000 0.250000 
 188
0.480873 0.002669 0.046210 
0.461838 0.994547 0.462022 
0.057289 0.002784 0.491768 
0.003106 0.990682 0.003106 0.003106 
0.250000 0.250000 0.250000 0.250000 
 189
0.478843 0.002669 0.046210 
0.463868 0.994547 0.462022 
0.057405 0.002784 0.491768 
0.048494 0.944488 0.003113 0.003905 
0.250000 0.250000 0.250000 0.250000 
 190
0.479817 0.002668 0.046210 
0.462778 0.994548 0.462022 
0.057405 0.002784 0.491768 
0.008093 0.981335 0.003686 0.006885 
0.250000 0.250000 0.250000 0.250000 
 191
0.479817 0.002668 0.046210 
0.462778 0.994548 0.462022 
0.057405 0.002784 0.491768 
0.003106 0.003973 0.005534 0.987388 
0.250000 0.250000 0.250000 0.250000 
 192
0.479817 0.002668 0.046210 
0.462778 0.994548 0.462022 
0.057405 0.002784 0.491768 
0.983868 0.008971 0.003374 0.003787 
0.250000 0.250000 0.250000 0.250000 
 193
0.479817 0.002668 0.046210 
0.462778 0.994548 0.462022 
0.057405 0.002784 0.491768 
0.006221 0.981608 0.005528 0.006643 
0.250000 0.250000 0.250000 0.250000 
 194
0.479817 0.002668 0.046210 
0.462778 0.994548 0.462022 
0.057405 0.002784 0.491768 
0.003106 0.003106 0.982918 0.010870 
0.250000 0.250000 0.250000 0.250000 
 195
0.479817 0.002668 0.046210 
0.462778 0.994548 0.462022 
0.057405 0.002784 0.491768 
0.003753 0.003106 0.988236 0.004905 
0.250000 0.250000 0.250000 0.250000 
 196
0.479817 0.002668 0.046210 
0.462778 0.994548 0.462022 
0.057405 0.002784 0.491768 
0.003106 0.003106 0.990300 0.003489 
0.250000 0.250000 0.250000 0.250000 
 197
0.479817 0.002668 0.046210 
0.462778 0.994548 0.462022 
0.057405 0.002784 0.491768 
0.003106 0.003106 0.990683 0.003106 
0.250000 0.250000 0.250000 0.250000 
 198
0.479817 0.002668 0.046210 
0.462778 0.994548 0.462022 
0.057405 0.002784 0.491768 
0.961844 0.030338 0.004266 0.003551 
0.250000 0.250000 0.250000 0.250000 
 199
0.479817 0.002668 0.046210 
0.462778 0.994548 0.462022 
0.057405 0.002784 0.491768 
0.003402 0.003106 0.003967 0.989525 
0.250000 0.250000 0.250000 0.250000 
 200
0.479817 0.002668 0.046210 
0.462778 0.994548 0.462022 
0.057405 0.002784 0.491768 
0.003106 0.003106 0.003106 0.990683 
0.250000 0.250000 0.250000 0.250000 
 201
0.479817 0.002668 0.046210 
0.462778 0.994548 0.462022 
0.057405 0.002784 0.491768 
0.006550 0.987236 0.003107 0.003107 
0.250000 0.250000 0.250000 0.250000 
 202
0.479817 0.002668 0.046210 
0.462778 0.994548 0.462022 
0.057405 0.002784 0.491768 
0.009478 0.003106 0.983847 0.003569 
0.250000 0.250000 0.250000 0.250000 
 203
0.479817 0.002668 0.046210 
0.462778 0.994548 0.462022 
0.057405 0.002784 0.491768 
0.990683 0.003106 0.003106 0.003106 
0.250000 0.250000 0.250000 0.250000 
 204
0.479817 0.002668 0.046210 
0.462778 0.994548 0.462022 
0.057405 0.002784 0.491768 
0.003638 0.003836 0.003423 0.989103 
0.250000 0.250000 0.250000 0.250000 
 205
0.479817 0.002668 0.046210 
0.462778 0.994548 0.462022 
0.057405 0.002784 0.491768 
0.003106 0.003106 0.003711 0.990077 
0.250000 0.250000 0.250000 0.250000 
 206
0.479817 0.002668 0.046210 
0.462778 0.994548 0.462022 
0.057405 0.002784 0.491768 
0.003106 0.003106 0.003106 0.990683 
0.250000 0.250000 0.250000 0.250000 
 207
0.479817 0.002668 0.046210 
0.462778 0.994548 0.462022 
0.057405 0.002784 0.491768 
0.016196 0.977593 0.003106 0.003106 
0.250000 0.250000 0.250000 0.250000 
 208
0.479817 0.002668 0.046210 
0.462778 0.994548 0.462022 
0.057405 0.002784 0.491768 
0.003107 0.990679 0.003107 0.003107 
0.250000 0.250000 0.250000 0.250000 
 209
0.479817 0.002668 0.046210 
0.462778 0.994548 0.462022 
0.057405 0.002784 0.491768 
0.003700 0.990087 0.003106 0.003106 
0.250000 0.250000 0.250000 0.250000 
 210
0.479817 0.002668 0.046210 
0.462778 0.994548 0.462022 
0.057405 0.002784 0.491768 
0.003530 0.003361 0.013755 0.979355 
0.250000 0.250000 0.250000 0.250000 
 211
0.479817 0.002668 0.046210 
0.462778 0.994548 0.462022 
0.057405 0.002784 0.491768 
0.990258 0.003531 0.003106 0.003106 
0.250000 0.250000 0.250000 0.250000 
 212
0.479817 0.002668 0.046210 
0.462778 0.994548 0.462022 
0.057405 0.002784 0.491768 
0.989316 0.004150 0.003428 0.003106 
0.250000 0.250000 0.250000 0.250000 
 213
0.479817 0.002668 0.046210 
0.462778 0.994548 0.462022 
0.057405 0.002784 0.491768 
0.987253 0.003912 0.005458 0.003377 
0.250000 0.250000 0.250000 0.250000 
 214
0.479817 0.002668 0.046210 
0.462778 0.994548 0.462022 
0.057405 0.002784 0.491768 
0.003106 0.003106 0.003106 0.990683 
0.250000 0.250000 0.250000 0.250000 
 215
0.479817 0.002668 0.046210 
0.462778 0.994548 0.462022 
0.057405 0.002784 0.491768 
0.003106 0.990683 0.003106 0.003106 
0.250000 0.250000 0.250000 0.250000 
 216
0.479817 0.002668 0.046210 
0.462778 0.994548 0.462022 
0.057405 0.002784 0.491768 
0.003106 0.003106 0.055858 0.937930 
0.250000 0.250000 0.250000 0.250000 
 217
0.479817 0.002668 0.046210 
0.462778 0.994548 0.462022 
0.057405 0.002784 0.491768 
0.988460 0.005328 0.003106 0.003106 
0.250000 0.250000 0.250000 0.250000 
 218
0.479817 0.002668 0.046210 
0.462778 0.994548 0.462022 
0.057405 0.002784 0.491768 
0.989750 0.003747 0.003397 0.003106 
0.250000 0.250000 0.250000 0.250000 
 219
0.479817 0.002668 0.046210 
0.462778 0.994548 0.462022 
0.057405 0.002784 0.491768 
0.003406 0.003106 0.989298 0.004190 
0.250000 0.250000 0.250000 0.250000 
 220
0.479817 0.002668 0.046210 
0.462778 0.994548 0.462022 
0.057405 0.002784 0.491768 
0.990082 0.003707 0.003106 0.003106 
0.250000 0.250000 0.250000 0.250000 
 221
0.479817 0.002668 0.046210 
0.462778 0.994548 0.462022 
0.057405 0.002784 0.491768 
0.003106 0.003106 0.004026 0.989762 
0.250000 0.250000 0.250000 0.250000 
 222
0.479817 0.002668 0.046210 
0.462778 0.994548 0.462022 
0.057405 0.002784 0.491768 
0.003419 0.003106 0.006803 0.986673 
0.250000 0.250000 0.250000 0.250000 
 223
0.479817 0.002668 0.046210 
0.462778 0.994548 0.462022 
0.057405 0.002784 0.491768 
0.003106 0.990683 0.003106 0.003106 
0.250000 0.250000 0.250000 0.250000 
 224
0.479817 0.002668 0.046210 
0.462778 0.994548 0.462022 
0.057405 0.002784 0.491768 
0.003406 0.003106 0.990085 0.003403 
0.250000 0.250000 0.250000 0.250000 
 225
0.479817 0.002668 0.046210 
0.462778 0.994548 0.462022 
0.057405 0.002784 0.491768 
0.003495 0.003106 0.004540 0.988859 
0.250000 0.250000 0.250000 0.250000 
 226
0.479817 0.002668 0.046210 
0.462778 0.994548 0.462022 
0.057405 0.002784 0.491768 
0.003106 0.990683 0.003106 0.003106 
0.250000 0.250000 0.250000 0.250000 
 227
0.479817 0.002668 0.046210 
0.462778 0.994548 0.462022 
0.057405 0.002784 0.491768 
0.003106 0.990683 0.003106 0.003106 
0.250000 0.250000 0.250000 0.250000 
 228
0.479817 0.002668 0.046210 
0.462778 0.994548 0.462022 
0.057405 0.002784 0.491768 
0.008166 0.003108 0.983255 0.005471 
0.250000 0.250000 0.250000 0.250000 
 229
0.479817 0.002668 0.046210 
0.462778 0.994548 0.462022 
0.057405 0.002784 0.491768 
0.003106 0.003106 0.003106 0.990683 
0.250000 0.250000 0.250000 0.250000 
 230
0.479817 0.002668 0.046210 
0.462778 0.994548 0.462022 
0.057405 0.002784 0.491768 
0.003106 0.990682 0.003106 0.003106 
0.250000 0.250000 0.250000 0.250000 
 231
0.479817 0.002668 0.046210 
0.462778 0.994548 0.462022 
0.057405 0.002784 0.491768 
0.003106 0.990683 0.003106 0.003106 
0.250000 0.250000 0.250000 0.250000 
 232
0.479817 0.002668 0.046210 
0.462778 0.994548 0.462022 
0.057405 0.002784 0.491768 
0.989099 0.004689 0.003106 0.003106 
0.250000 0.250000 0.250000 0.250000 
 233
0.479817 0.002668 0.046210 
0.462778 0.994548 0.462022 
0.057405 0.002784 0.491768 
0.003106 0.003106 0.003106 0.990683 
0.250000 0.250000 0.250000 0.250000 
 234
0.479817 0.002668 0.046210 
0.462778 0.994548 0.462022 
0.057405 0.002784 0.491768 
0.003741 0.003106 0.986745 0.006409 
0.250000 0.250000 0.250000 0.250000 
 235
0.479817 0.002668 0.046210 
0.462778 0.994548 0.462022 
0.057405 0.002784 0.491768 
