%  SAM: /scicomp/home/vfn4/nomen/label/LABEL_RES/scripts/modelfromalign_Linux v3.5 (July 15, 2005) compiled 12/08/06_16:15:55
%  (c) 1992-2001 Regents of the University of California, Santa Cruz
%
%          Sequence Alignment and Modeling Software System
%         http://www.cse.ucsc.edu/research/compbio/sam.html
%
% ----------------- Citations (SAM, SAM-T2K, HMMs) --------------------
% R. Hughey, A. Krogh, Hidden Markov models for sequence analysis:
%  Extension and analysis of the basic method, CABIOS 12:95-107, 1996.
% K. Karplus, et al., What is the value added by human intervention in protein
%  structure prediction, Proteins: Stucture, Function, Genetics 45(S5):86--91, 2001.
% A. Krogh et al., Hidden Markov models in computational biology:
%  Applications to protein modeling, JMB 235:1501-1531, Feb 1994.
% ---------------------------------------------------------------------
%  6B.1_hmm   Host: id-dev-03    Fri Apr 26 09:29:38 2019
%  vfn4       Dir:  /scicomp/groups/OID/NCIRD/ID-OD/ID_nomenclatures/H1/H1pdm09v2019R4/base/c-6B/c-6B1
% ---------------------------------------------------------------------
%  Alignment weights from internal calc.  Total (67.19) Max (0.12) Min (0.01)
%  Weights from alignment method 1 (karplus), b=-1.000000, e=0.500000
MODEL --  Model from alignment file /scicomp/home/vfn4/nomen/label/LABEL_RES/training_data/H1pdm09v2019R1/c-6B/c-6B1/6B.1.fasta
alphabet DNA
FREQAVE
0.000000 0.000000 0.000000 
0.000000 0.000000 0.000000 
0.000000 0.000000 0.000000 
0.353880 0.220390 0.188942 0.236789 
0.353880 0.220390 0.188942 0.236789 
Begin
0.000000 0.000000 0.000000 
0.000000 0.000000 0.000000 
0.000000 0.003195 0.491768 
0.250000 0.250000 0.250000 0.250000 
0.250000 0.250000 0.250000 0.250000 
   1
0.000000 0.075291 0.046210 
0.000000 0.921514 0.462022 
0.022701 0.003444 0.491768 
0.987300 0.004020 0.004020 0.004659 
0.250000 0.250000 0.250000 0.250000 
   2
0.416570 0.003301 0.046210 
0.560728 0.993255 0.462022 
0.036481 0.003284 0.491768 
0.004565 0.004349 0.003791 0.987295 
0.250000 0.250000 0.250000 0.250000 
   3
0.661078 0.003148 0.046210 
0.302441 0.993567 0.462022 
0.036788 0.003282 0.491768 
0.004345 0.987305 0.003788 0.004561 
0.250000 0.250000 0.250000 0.250000 
   4
0.662716 0.015002 0.046210 
0.300496 0.981715 0.462022 
0.031917 0.003321 0.491768 
0.984688 0.006804 0.004664 0.003843 
0.250000 0.250000 0.250000 0.250000 
   5
0.574961 0.017960 0.046210 
0.393122 0.978719 0.462022 
0.030942 0.003330 0.491768 
0.988431 0.003856 0.003856 0.003856 
0.250000 0.250000 0.250000 0.250000 
   6
0.552909 0.003192 0.046210 
0.416149 0.993478 0.462022 
0.037132 0.003280 0.491768 
0.006278 0.985724 0.003785 0.004213 
0.250000 0.250000 0.250000 0.250000 
   7
0.656482 0.003144 0.046210 
0.306386 0.993576 0.462022 
0.037395 0.003278 0.491768 
0.005753 0.986681 0.003783 0.003783 
0.250000 0.250000 0.250000 0.250000 
   8
0.657778 0.003142 0.046210 
0.304826 0.993579 0.462022 
0.037521 0.003277 0.491768 
0.003782 0.003782 0.988136 0.004300 
0.250000 0.250000 0.250000 0.250000 
   9
0.647152 0.003142 0.046210 
0.315326 0.993581 0.462022 
0.038010 0.003274 0.491768 
0.988668 0.003777 0.003777 0.003777 
0.250000 0.250000 0.250000 0.250000 
  10
0.650982 0.003139 0.046210 
0.311009 0.993587 0.462022 
0.038185 0.003273 0.491768 
0.987780 0.004667 0.003776 0.003776 
0.250000 0.250000 0.250000 0.250000 
  11
0.647814 0.003138 0.046210 
0.314001 0.993589 0.462022 
0.038422 0.003272 0.491768 
0.003774 0.003774 0.005357 0.987094 
0.250000 0.250000 0.250000 0.250000 
  12
0.622603 0.003136 0.046210 
0.338975 0.993592 0.462022 
0.039579 0.003265 0.491768 
0.987853 0.004619 0.003764 0.003764 
0.250000 0.250000 0.250000 0.250000 
  13
0.634934 0.003130 0.046210 
0.325487 0.993606 0.462022 
0.039835 0.003263 0.491768 
0.004429 0.004259 0.985839 0.005474 
0.250000 0.250000 0.250000 0.250000 
  14
0.639035 0.003128 0.046210 
0.321130 0.993609 0.462022 
0.039835 0.003263 0.491768 
0.003762 0.003762 0.003762 0.988715 
0.250000 0.250000 0.250000 0.250000 
  15
0.637285 0.003128 0.046210 
0.322880 0.993609 0.462022 
0.039904 0.003263 0.491768 
0.988193 0.004285 0.003761 0.003761 
0.250000 0.250000 0.250000 0.250000 
  16
0.636090 0.003128 0.046210 
0.324005 0.993609 0.462022 
0.039997 0.003262 0.491768 
0.006014 0.986111 0.003761 0.004114 
0.250000 0.250000 0.250000 0.250000 
  17
0.635526 0.003127 0.046210 
0.324477 0.993610 0.462022 
0.040079 0.003262 0.491768 
0.003760 0.003760 0.005954 0.986527 
0.250000 0.250000 0.250000 0.250000 
  18
0.635014 0.003127 0.046210 
0.324908 0.993611 0.462022 
0.040151 0.003262 0.491768 
0.987728 0.004251 0.003760 0.004261 
0.250000 0.250000 0.250000 0.250000 
  19
0.612676 0.003126 0.046210 
0.347172 0.993612 0.462022 
0.041117 0.003256 0.491768 
0.005876 0.984794 0.003752 0.005578 
0.250000 0.250000 0.250000 0.250000 
  20
0.627414 0.003121 0.046210 
0.331469 0.993622 0.462022 
0.041117 0.003256 0.491768 
0.003752 0.003752 0.004196 0.988301 
0.250000 0.250000 0.250000 0.250000 
  21
0.627414 0.003121 0.046210 
0.331469 0.993622 0.462022 
0.041117 0.003256 0.491768 
0.005578 0.003752 0.008133 0.982536 
0.250000 0.250000 0.250000 0.250000 
  22
0.627414 0.003121 0.046210 
0.331469 0.993622 0.462022 
0.041117 0.003256 0.491768 
0.004310 0.003752 0.986467 0.005472 
0.250000 0.250000 0.250000 0.250000 
  23
0.622421 0.003121 0.046210 
0.336462 0.993622 0.462022 
0.041323 0.003255 0.491768 
0.003750 0.003750 0.003750 0.988749 
0.250000 0.250000 0.250000 0.250000 
  24
0.625544 0.003120 0.046210 
0.333132 0.993625 0.462022 
0.041323 0.003255 0.491768 
0.005272 0.987227 0.003750 0.003750 
0.250000 0.250000 0.250000 0.250000 
  25
0.625544 0.003120 0.046210 
0.333132 0.993625 0.462022 
0.041323 0.003255 0.491768 
0.010192 0.003750 0.981375 0.004683 
0.250000 0.250000 0.250000 0.250000 
  26
0.620107 0.003120 0.046210 
0.338569 0.993625 0.462022 
0.041549 0.003254 0.491768 
0.003749 0.003749 0.003749 0.988754 
0.250000 0.250000 0.250000 0.250000 
  27
0.621669 0.003119 0.046210 
0.336782 0.993627 0.462022 
0.041625 0.003254 0.491768 
0.986929 0.005575 0.003748 0.003748 
0.250000 0.250000 0.250000 0.250000 
  28
0.620356 0.003119 0.046210 
0.338018 0.993628 0.462022 
0.041728 0.003253 0.491768 
0.003748 0.003748 0.004480 0.988024 
0.250000 0.250000 0.250000 0.250000 
  29
0.619850 0.003118 0.046210 
0.338422 0.993629 0.462022 
0.041813 0.003253 0.491768 
0.986301 0.005865 0.003747 0.004088 
0.250000 0.250000 0.250000 0.250000 
  30
0.621111 0.003118 0.046210 
0.337076 0.993630 0.462022 
0.041813 0.003253 0.491768 
0.003747 0.003747 0.007568 0.984939 
0.250000 0.250000 0.250000 0.250000 
  31
0.621111 0.003118 0.046210 
0.337076 0.993630 0.462022 
0.041813 0.003253 0.491768 
0.988760 0.003747 0.003747 0.003747 
0.250000 0.250000 0.250000 0.250000 
  32
0.617157 0.003118 0.046210 
0.341031 0.993630 0.462022 
0.041979 0.003252 0.491768 
0.003745 0.003745 0.987133 0.005376 
0.250000 0.250000 0.250000 0.250000 
  33
0.619607 0.003117 0.046210 
0.338414 0.993631 0.462022 
0.041979 0.003252 0.491768 
0.988312 0.003745 0.003745 0.004197 
0.250000 0.250000 0.250000 0.250000 
  34
0.619607 0.003117 0.046210 
0.338414 0.993631 0.462022 
0.041979 0.003252 0.491768 
0.004299 0.003745 0.007237 0.984719 
0.250000 0.250000 0.250000 0.250000 
  35
0.619607 0.003117 0.046210 
0.338414 0.993631 0.462022 
0.041979 0.003252 0.491768 
0.003745 0.003745 0.003745 0.988764 
0.250000 0.250000 0.250000 0.250000 
  36
0.619607 0.003117 0.046210 
0.338414 0.993631 0.462022 
0.041979 0.003252 0.491768 
0.004832 0.003745 0.011245 0.980178 
0.250000 0.250000 0.250000 0.250000 
  37
0.619607 0.003117 0.046210 
0.338414 0.993631 0.462022 
0.041979 0.003252 0.491768 
0.987759 0.004749 0.003746 0.003746 
0.250000 0.250000 0.250000 0.250000 
  38
0.614623 0.003117 0.046210 
0.343398 0.993631 0.462022 
0.042189 0.003251 0.491768 
0.004703 0.003744 0.987449 0.004104 
0.250000 0.250000 0.250000 0.250000 
  39
0.617702 0.003116 0.046210 
0.340109 0.993633 0.462022 
0.042189 0.003251 0.491768 
0.988305 0.004207 0.003744 0.003744 
0.250000 0.250000 0.250000 0.250000 
  40
0.617702 0.003116 0.046210 
0.340109 0.993633 0.462022 
0.042189 0.003251 0.491768 
0.984318 0.008194 0.003744 0.003744 
0.250000 0.250000 0.250000 0.250000 
  41
0.617702 0.003116 0.046210 
0.340109 0.993633 0.462022 
0.042189 0.003251 0.491768 
0.004189 0.003744 0.987778 0.004289 
0.250000 0.250000 0.250000 0.250000 
  42
0.612790 0.003116 0.046210 
0.345021 0.993633 0.462022 
0.042397 0.003250 0.491768 
0.004761 0.003743 0.971277 0.020219 
0.250000 0.250000 0.250000 0.250000 
  43
0.614025 0.003115 0.046210 
0.343578 0.993635 0.462022 
0.042473 0.003249 0.491768 
0.005141 0.987373 0.003743 0.003743 
0.250000 0.250000 0.250000 0.250000 
  44
0.615126 0.003115 0.046210 
0.342401 0.993636 0.462022 
0.042473 0.003249 0.491768 
0.003742 0.003742 0.987474 0.005042 
0.250000 0.250000 0.250000 0.250000 
  45
0.593983 0.003115 0.046210 
0.363543 0.993636 0.462022 
0.043390 0.003245 0.491768 
0.987850 0.004223 0.004191 0.003736 
0.250000 0.250000 0.250000 0.250000 
  46
0.602239 0.003110 0.046210 
0.354371 0.993645 0.462022 
0.043590 0.003244 0.491768 
0.987636 0.004511 0.003735 0.004118 
0.250000 0.250000 0.250000 0.250000 
  47
0.605006 0.003109 0.046210 
0.351404 0.993647 0.462022 
0.043590 0.003244 0.491768 
0.987360 0.004606 0.004300 0.003734 
0.250000 0.250000 0.250000 0.250000 
  48
0.605006 0.003109 0.046210 
0.351404 0.993647 0.462022 
0.043590 0.003244 0.491768 
0.003734 0.003734 0.003734 0.988797 
0.250000 0.250000 0.250000 0.250000 
  49
0.595987 0.003109 0.046210 
0.360423 0.993647 0.462022 
0.043987 0.003242 0.491768 
0.003732 0.984933 0.003732 0.007604 
0.250000 0.250000 0.250000 0.250000 
  50
0.601411 0.003108 0.046210 
0.354602 0.993650 0.462022 
0.043987 0.003242 0.491768 
0.003732 0.003732 0.988805 0.003732 
0.250000 0.250000 0.250000 0.250000 
  51
0.599558 0.003108 0.046210 
0.356455 0.993650 0.462022 
0.044068 0.003242 0.491768 
0.988282 0.003731 0.004255 0.003731 
0.250000 0.250000 0.250000 0.250000 
  52
0.460243 0.003107 0.046210 
0.495689 0.993651 0.462022 
0.051268 0.003214 0.491768 
0.003692 0.988925 0.003692 0.003692 
0.250000 0.250000 0.250000 0.250000 
  53
0.532474 0.003080 0.046210 
0.416259 0.993706 0.462022 
0.051420 0.003213 0.491768 
0.988928 0.003691 0.003691 0.003691 
0.250000 0.250000 0.250000 0.250000 
  54
0.527268 0.003080 0.046210 
0.421313 0.993707 0.462022 
0.051771 0.003212 0.491768 
0.003689 0.003689 0.988461 0.004161 
0.250000 0.250000 0.250000 0.250000 
  55
0.530870 0.003079 0.046210 
0.417359 0.993709 0.462022 
0.051771 0.003212 0.491768 
0.988492 0.003689 0.003689 0.004130 
0.250000 0.250000 0.250000 0.250000 
  56
0.521330 0.003079 0.046210 
0.426899 0.993709 0.462022 
0.052270 0.003210 0.491768 
0.003975 0.003974 0.987782 0.004269 
0.250000 0.250000 0.250000 0.250000 
  57
0.508295 0.003077 0.046210 
0.439436 0.993713 0.462022 
0.053231 0.003207 0.491768 
0.985586 0.006313 0.004419 0.003683 
0.250000 0.250000 0.250000 0.250000 
  58
0.509769 0.003074 0.046210 
0.437000 0.993718 0.462022 
0.053653 0.003206 0.491768 
0.004014 0.003681 0.005088 0.987217 
0.250000 0.250000 0.250000 0.250000 
  59
0.503953 0.003073 0.046210 
0.442394 0.993721 0.462022 
0.054188 0.003204 0.491768 
0.003679 0.003679 0.003679 0.988964 
0.250000 0.250000 0.250000 0.250000 
  60
0.505305 0.003072 0.046210 
0.440507 0.993724 0.462022 
0.054387 0.003204 0.491768 
0.987829 0.004813 0.003679 0.003679 
0.250000 0.250000 0.250000 0.250000 
  61
0.507165 0.003071 0.046210 
0.438448 0.993725 0.462022 
0.054387 0.003204 0.491768 
0.003679 0.003679 0.003679 0.988964 
0.250000 0.250000 0.250000 0.250000 
  62
0.487607 0.003071 0.046210 
0.458006 0.993725 0.462022 
0.055472 0.003201 0.491768 
0.003673 0.988980 0.003673 0.003673 
0.250000 0.250000 0.250000 0.250000 
  63
0.497334 0.003068 0.046210 
0.447194 0.993731 0.462022 
0.055472 0.003201 0.491768 
0.003673 0.003673 0.013810 0.978844 
0.250000 0.250000 0.250000 0.250000 
  64
0.494789 0.003068 0.046210 
0.449739 0.993731 0.462022 
0.055614 0.003200 0.491768 
0.988981 0.003673 0.003673 0.003673 
0.250000 0.250000 0.250000 0.250000 
  65
0.496051 0.003068 0.046210 
0.448335 0.993732 0.462022 
0.055614 0.003200 0.491768 
0.003673 0.003673 0.003673 0.988980 
0.250000 0.250000 0.250000 0.250000 
  66
0.496051 0.003068 0.046210 
0.448335 0.993732 0.462022 
0.055614 0.003200 0.491768 
0.988979 0.003674 0.003674 0.003674 
0.250000 0.250000 0.250000 0.250000 
  67
0.496051 0.003068 0.046210 
0.448335 0.993732 0.462022 
0.055614 0.003200 0.491768 
0.003679 0.988962 0.003679 0.003679 
0.250000 0.250000 0.250000 0.250000 
  68
0.496051 0.003068 0.046210 
0.448335 0.993732 0.462022 
0.055614 0.003200 0.491768 
0.004617 0.988037 0.003673 0.003673 
0.250000 0.250000 0.250000 0.250000 
  69
0.496051 0.003192 0.046210 
0.448335 0.993608 0.462022 
0.055473 0.003201 0.491768 
0.004779 0.004216 0.005044 0.985961 
0.250000 0.250000 0.250000 0.250000 
  70
0.494794 0.003068 0.046210 
0.449734 0.993731 0.462022 
0.055614 0.003200 0.491768 
0.003678 0.003678 0.004146 0.988499 
0.250000 0.250000 0.250000 0.250000 
  71
0.496051 0.003068 0.046210 
0.448335 0.993732 0.462022 
0.055614 0.003200 0.491768 
0.988979 0.003674 0.003674 0.003674 
0.250000 0.250000 0.250000 0.250000 
  72
0.479073 0.003068 0.046210 
0.465314 0.993732 0.462022 
0.056574 0.003198 0.491768 
0.003670 0.003670 0.006561 0.986100 
0.250000 0.250000 0.250000 0.250000 
  73
0.487347 0.003065 0.046210 
0.456079 0.993737 0.462022 
0.056574 0.003198 0.491768 
0.003669 0.003669 0.988993 0.003669 
0.250000 0.250000 0.250000 0.250000 
  74
0.484153 0.003065 0.046210 
0.459273 0.993737 0.462022 
0.056755 0.003197 0.491768 
0.988993 0.003669 0.003669 0.003669 
0.250000 0.250000 0.250000 0.250000 
  75
0.485705 0.003065 0.046210 
0.457540 0.993738 0.462022 
0.056755 0.003197 0.491768 
0.003668 0.003668 0.004481 0.988182 
0.250000 0.250000 0.250000 0.250000 
  76
0.477375 0.003065 0.046210 
0.465869 0.993738 0.462022 
0.057232 0.003196 0.491768 
0.004545 0.988115 0.003670 0.003670 
0.250000 0.250000 0.250000 0.250000 
  77
0.481385 0.003063 0.046210 
0.461383 0.993741 0.462022 
0.057232 0.003196 0.491768 
0.003668 0.003668 0.988997 0.003668 
0.250000 0.250000 0.250000 0.250000 
  78
0.481385 0.003063 0.046210 
0.461383 0.993741 0.462022 
0.057232 0.003196 0.491768 
0.029415 0.962308 0.003669 0.004608 
0.250000 0.250000 0.250000 0.250000 
  79
0.481385 0.003063 0.046210 
0.461383 0.993741 0.462022 
0.057232 0.003196 0.491768 
0.989000 0.003667 0.003667 0.003667 
0.250000 0.250000 0.250000 0.250000 
  80
0.481385 0.003063 0.046210 
0.461383 0.993741 0.462022 
0.057232 0.003196 0.491768 
0.989000 0.003667 0.003667 0.003667 
0.250000 0.250000 0.250000 0.250000 
  81
0.481385 0.003063 0.046210 
0.461383 0.993741 0.462022 
0.057232 0.003196 0.491768 
0.003667 0.003667 0.986966 0.005700 
0.250000 0.250000 0.250000 0.250000 
  82
0.481385 0.003063 0.046210 
0.461383 0.993741 0.462022 
0.057232 0.003196 0.491768 
0.988529 0.004138 0.003667 0.003667 
0.250000 0.250000 0.250000 0.250000 
  83
0.481385 0.003063 0.046210 
0.461383 0.993741 0.462022 
0.057232 0.003196 0.491768 
0.988998 0.003667 0.003667 0.003667 
0.250000 0.250000 0.250000 0.250000 
  84
0.481385 0.003063 0.046210 
0.461383 0.993741 0.462022 
0.057232 0.003196 0.491768 
0.003667 0.003667 0.006773 0.985893 
0.250000 0.250000 0.250000 0.250000 
  85
0.481385 0.003063 0.046210 
0.461383 0.993741 0.462022 
0.057232 0.003196 0.491768 
0.003667 0.003667 0.003667 0.989000 
0.250000 0.250000 0.250000 0.250000 
  86
0.481385 0.003063 0.046210 
0.461383 0.993741 0.462022 
0.057232 0.003196 0.491768 
0.003667 0.003667 0.988998 0.003667 
0.250000 0.250000 0.250000 0.250000 
  87
0.481385 0.003063 0.046210 
0.461383 0.993741 0.462022 
0.057232 0.003196 0.491768 
0.988000 0.004305 0.004027 0.003668 
0.250000 0.250000 0.250000 0.250000 
  88
0.481385 0.003063 0.046210 
0.461383 0.993741 0.462022 
0.057232 0.003196 0.491768 
0.989000 0.003667 0.003667 0.003667 
0.250000 0.250000 0.250000 0.250000 
  89
0.481385 0.003063 0.046210 
0.461383 0.993741 0.462022 
0.057232 0.003196 0.491768 
0.003667 0.003667 0.988998 0.003667 
0.250000 0.250000 0.250000 0.250000 
  90
0.481385 0.003063 0.046210 
0.461383 0.993741 0.462022 
0.057232 0.003196 0.491768 
0.986636 0.004275 0.003968 0.005121 
0.250000 0.250000 0.250000 0.250000 
  91
0.481385 0.003063 0.046210 
0.461383 0.993741 0.462022 
0.057232 0.003196 0.491768 
0.004501 0.987624 0.003667 0.004209 
0.250000 0.250000 0.250000 0.250000 
  92
0.481385 0.003063 0.046210 
0.461383 0.993741 0.462022 
0.057232 0.003196 0.491768 
0.989000 0.003667 0.003667 0.003667 
0.250000 0.250000 0.250000 0.250000 
  93
0.481385 0.003063 0.046210 
0.461383 0.993741 0.462022 
0.057232 0.003196 0.491768 
0.004161 0.003667 0.987342 0.004830 
0.250000 0.250000 0.250000 0.250000 
  94
0.481385 0.003063 0.046210 
0.461383 0.993741 0.462022 
0.057232 0.003196 0.491768 
0.988542 0.004124 0.003667 0.003667 
0.250000 0.250000 0.250000 0.250000 
  95
0.481385 0.003063 0.046210 
0.461383 0.993741 0.462022 
0.057232 0.003196 0.491768 
0.003667 0.003667 0.988266 0.004401 
0.250000 0.250000 0.250000 0.250000 
  96
0.481385 0.003063 0.046210 
0.461383 0.993741 0.462022 
0.057232 0.003196 0.491768 
0.004031 0.003667 0.005184 0.987119 
0.250000 0.250000 0.250000 0.250000 
  97
0.481385 0.003063 0.046210 
0.461383 0.993741 0.462022 
0.057232 0.003196 0.491768 
0.004822 0.987845 0.003667 0.003667 
0.250000 0.250000 0.250000 0.250000 
  98
0.481385 0.003063 0.046210 
0.461383 0.993741 0.462022 
0.057232 0.003196 0.491768 
0.003667 0.003667 0.003667 0.989000 
0.250000 0.250000 0.250000 0.250000 
  99
0.481385 0.003063 0.046210 
0.461383 0.993741 0.462022 
0.057232 0.003196 0.491768 
0.985489 0.005700 0.004537 0.004274 
0.250000 0.250000 0.250000 0.250000 
 100
0.481385 0.003063 0.046210 
0.461383 0.993741 0.462022 
0.057232 0.003196 0.491768 
0.004234 0.988431 0.003668 0.003668 
0.250000 0.250000 0.250000 0.250000 
 101
0.481385 0.003063 0.046210 
0.461383 0.993741 0.462022 
0.057232 0.003196 0.491768 
0.989000 0.003667 0.003667 0.003667 
0.250000 0.250000 0.250000 0.250000 
 102
0.481385 0.003063 0.046210 
0.461383 0.993741 0.462022 
0.057232 0.003196 0.491768 
0.003999 0.003667 0.987809 0.004526 
0.250000 0.250000 0.250000 0.250000 
 103
0.481385 0.003063 0.046210 
0.461383 0.993741 0.462022 
0.057232 0.003196 0.491768 
0.988998 0.003667 0.003667 0.003667 
0.250000 0.250000 0.250000 0.250000 
 104
0.481385 0.003063 0.046210 
0.461383 0.993741 0.462022 
0.057232 0.003196 0.491768 
0.003667 0.003667 0.989000 0.003667 
0.250000 0.250000 0.250000 0.250000 
 105
0.481385 0.003063 0.046210 
0.461383 0.993741 0.462022 
0.057232 0.003196 0.491768 
0.984993 0.004942 0.004719 0.005345 
0.250000 0.250000 0.250000 0.250000 
 106
0.481385 0.003063 0.046210 
0.461383 0.993741 0.462022 
0.057232 0.003196 0.491768 
0.007899 0.983833 0.004307 0.003961 
0.250000 0.250000 0.250000 0.250000 
 107
0.481385 0.003063 0.046210 
0.461383 0.993741 0.462022 
0.057232 0.003196 0.491768 
0.003667 0.003667 0.003667 0.989000 
0.250000 0.250000 0.250000 0.250000 
 108
0.481385 0.003063 0.046210 
0.461383 0.993741 0.462022 
0.057232 0.003196 0.491768 
0.987509 0.004772 0.004053 0.003667 
0.250000 0.250000 0.250000 0.250000 
 109
0.481385 0.003063 0.046210 
0.461383 0.993741 0.462022 
0.057232 0.003196 0.491768 
0.003667 0.003667 0.986490 0.006176 
0.250000 0.250000 0.250000 0.250000 
 110
0.481385 0.003063 0.046210 
0.461383 0.993741 0.462022 
0.057232 0.003196 0.491768 
0.003667 0.003667 0.003667 0.989000 
0.250000 0.250000 0.250000 0.250000 
 111
0.481385 0.003063 0.046210 
0.461383 0.993741 0.462022 
0.057232 0.003196 0.491768 
0.988021 0.004008 0.003968 0.004003 
0.250000 0.250000 0.250000 0.250000 
 112
0.481385 0.003063 0.046210 
0.461383 0.993741 0.462022 
0.057232 0.003196 0.491768 
0.003667 0.988998 0.003667 0.003667 
0.250000 0.250000 0.250000 0.250000 
 113
0.481385 0.003063 0.046210 
0.461383 0.993741 0.462022 
0.057232 0.003196 0.491768 
0.989000 0.003667 0.003667 0.003667 
0.250000 0.250000 0.250000 0.250000 
 114
0.481385 0.003063 0.046210 
0.461383 0.993741 0.462022 
0.057232 0.003196 0.491768 
0.986781 0.005886 0.003667 0.003667 
0.250000 0.250000 0.250000 0.250000 
 115
0.481385 0.003063 0.046210 
0.461383 0.993741 0.462022 
0.057232 0.003196 0.491768 
0.988995 0.003668 0.003668 0.003668 
0.250000 0.250000 0.250000 0.250000 
 116
0.481385 0.003063 0.046210 
0.461383 0.993741 0.462022 
0.057232 0.003196 0.491768 
0.987318 0.005348 0.003667 0.003667 
0.250000 0.250000 0.250000 0.250000 
 117
0.481385 0.003063 0.046210 
0.461383 0.993741 0.462022 
0.057232 0.003196 0.491768 
0.005252 0.987412 0.003668 0.003668 
0.250000 0.250000 0.250000 0.250000 
 118
0.481385 0.003063 0.046210 
0.461383 0.993741 0.462022 
0.057232 0.003196 0.491768 
0.988441 0.004225 0.003667 0.003667 
0.250000 0.250000 0.250000 0.250000 
 119
0.481385 0.003063 0.046210 
0.461383 0.993741 0.462022 
0.057232 0.003196 0.491768 
0.989000 0.003667 0.003667 0.003667 
0.250000 0.250000 0.250000 0.250000 
 120
0.481385 0.003063 0.046210 
0.461383 0.993741 0.462022 
0.057232 0.003196 0.491768 
0.003667 0.003667 0.004453 0.988214 
0.250000 0.250000 0.250000 0.250000 
 121
0.481385 0.003063 0.046210 
0.461383 0.993741 0.462022 
0.057232 0.003196 0.491768 
0.005019 0.987640 0.003670 0.003670 
0.250000 0.250000 0.250000 0.250000 
 122
0.481385 0.003063 0.046210 
0.461383 0.993741 0.462022 
0.057232 0.003196 0.491768 
0.003667 0.003667 0.003667 0.989000 
0.250000 0.250000 0.250000 0.250000 
 123
0.481385 0.003063 0.046210 
0.461383 0.993741 0.462022 
0.057232 0.003196 0.491768 
0.981680 0.010539 0.003667 0.004114 
0.250000 0.250000 0.250000 0.250000 
 124
0.481385 0.003063 0.046210 
0.461383 0.993741 0.462022 
0.057232 0.003196 0.491768 
0.988996 0.003668 0.003668 0.003668 
0.250000 0.250000 0.250000 0.250000 
 125
0.481385 0.003063 0.046210 
0.461383 0.993741 0.462022 
0.057232 0.003196 0.491768 
0.003668 0.003668 0.988996 0.003668 
0.250000 0.250000 0.250000 0.250000 
 126
0.481385 0.003063 0.046210 
0.461383 0.993741 0.462022 
0.057232 0.003196 0.491768 
0.986696 0.005589 0.004048 0.003668 
0.250000 0.250000 0.250000 0.250000 
 127
0.481385 0.003063 0.046210 
0.461383 0.993741 0.462022 
0.057232 0.003196 0.491768 
0.004799 0.987868 0.003667 0.003667 
0.250000 0.250000 0.250000 0.250000 
 128
0.481385 0.003063 0.046210 
0.461383 0.993741 0.462022 
0.057232 0.003196 0.491768 
0.003667 0.004411 0.003667 0.988254 
0.250000 0.250000 0.250000 0.250000 
 129
0.481385 0.003063 0.046210 
0.461383 0.993741 0.462022 
0.057232 0.003196 0.491768 
0.973408 0.017813 0.003667 0.005112 
0.250000 0.250000 0.250000 0.250000 
 130
0.481385 0.003063 0.046210 
0.461383 0.993741 0.462022 
0.057232 0.003196 0.491768 
0.989000 0.003667 0.003667 0.003667 
0.250000 0.250000 0.250000 0.250000 
 131
0.481385 0.003063 0.046210 
0.461383 0.993741 0.462022 
0.057232 0.003196 0.491768 
0.003667 0.003667 0.989000 0.003667 
0.250000 0.250000 0.250000 0.250000 
 132
0.481385 0.003063 0.046210 
0.461383 0.993741 0.462022 
0.057232 0.003196 0.491768 
0.987612 0.004370 0.004351 0.003667 
0.250000 0.250000 0.250000 0.250000 
 133
0.481385 0.003063 0.046210 
0.461383 0.993741 0.462022 
0.057232 0.003196 0.491768 
0.004169 0.003667 0.988498 0.003667 
0.250000 0.250000 0.250000 0.250000 
 134
0.481385 0.003063 0.046210 
0.461383 0.993741 0.462022 
0.057232 0.003196 0.491768 
0.988531 0.004136 0.003667 0.003667 
0.250000 0.250000 0.250000 0.250000 
 135
0.481385 0.003063 0.046210 
0.461383 0.993741 0.462022 
0.057232 0.003196 0.491768 
0.003667 0.003667 0.985419 0.007248 
0.250000 0.250000 0.250000 0.250000 
 136
0.481385 0.003063 0.046210 
0.461383 0.993741 0.462022 
0.057232 0.003196 0.491768 
0.004209 0.003667 0.003667 0.988457 
0.250000 0.250000 0.250000 0.250000 
 137
0.481385 0.003063 0.046210 
0.461383 0.993741 0.462022 
0.057232 0.003196 0.491768 
0.003667 0.003667 0.989000 0.003667 
0.250000 0.250000 0.250000 0.250000 
 138
0.481385 0.003063 0.046210 
0.461383 0.993741 0.462022 
0.057232 0.003196 0.491768 
0.004124 0.003973 0.004982 0.986921 
0.250000 0.250000 0.250000 0.250000 
 139
0.481385 0.003063 0.046210 
0.461383 0.993741 0.462022 
0.057232 0.003196 0.491768 
0.006464 0.985819 0.003668 0.004049 
0.250000 0.250000 0.250000 0.250000 
 140
0.481385 0.003063 0.046210 
0.461383 0.993741 0.462022 
0.057232 0.003196 0.491768 
0.003667 0.003667 0.004694 0.987973 
0.250000 0.250000 0.250000 0.250000 
 141
0.481385 0.003063 0.046210 
0.461383 0.993741 0.462022 
0.057232 0.003196 0.491768 
0.003668 0.004109 0.017776 0.974447 
0.250000 0.250000 0.250000 0.250000 
 142
0.481385 0.003063 0.046210 
0.461383 0.993741 0.462022 
0.057232 0.003196 0.491768 
0.987821 0.004846 0.003667 0.003667 
0.250000 0.250000 0.250000 0.250000 
 143
0.481385 0.003063 0.046210 
0.461383 0.993741 0.462022 
0.057232 0.003196 0.491768 
0.989000 0.003667 0.003667 0.003667 
0.250000 0.250000 0.250000 0.250000 
 144
0.481385 0.003063 0.046210 
0.461383 0.993741 0.462022 
0.057232 0.003196 0.491768 
0.003669 0.003669 0.117393 0.875269 
0.250000 0.250000 0.250000 0.250000 
 145
0.481385 0.003063 0.046210 
0.461383 0.993741 0.462022 
0.057232 0.003196 0.491768 
0.003667 0.003667 0.989000 0.003667 
0.250000 0.250000 0.250000 0.250000 
 146
0.481385 0.003063 0.046210 
0.461383 0.993741 0.462022 
0.057232 0.003196 0.491768 
0.003667 0.003667 0.004395 0.988272 
0.250000 0.250000 0.250000 0.250000 
 147
0.481385 0.003063 0.046210 
0.461383 0.993741 0.462022 
0.057232 0.003196 0.491768 
0.003667 0.003667 0.009107 0.983559 
0.250000 0.250000 0.250000 0.250000 
 148
0.481385 0.003063 0.046210 
0.461383 0.993741 0.462022 
0.057232 0.003196 0.491768 
0.004289 0.003668 0.986797 0.005246 
0.250000 0.250000 0.250000 0.250000 
 149
0.481385 0.003063 0.046210 
0.461383 0.993741 0.462022 
0.057232 0.003196 0.491768 
0.003667 0.003667 0.003667 0.989000 
0.250000 0.250000 0.250000 0.250000 
 150
0.481385 0.003063 0.046210 
0.461383 0.993741 0.462022 
0.057232 0.003196 0.491768 
0.015657 0.975874 0.003669 0.004800 
0.250000 0.250000 0.250000 0.250000 
 151
0.478371 0.003063 0.046210 
0.464397 0.993741 0.462022 
0.057405 0.003195 0.491768 
0.003666 0.989002 0.003666 0.003666 
0.250000 0.250000 0.250000 0.250000 
 152
0.479817 0.003063 0.046210 
0.462778 0.993742 0.462022 
0.057405 0.003195 0.491768 
0.989002 0.003666 0.003666 0.003666 
0.250000 0.250000 0.250000 0.250000 
 153
0.479817 0.003063 0.046210 
0.462778 0.993742 0.462022 
0.057405 0.003195 0.491768 
0.985334 0.006931 0.004068 0.003668 
0.250000 0.250000 0.250000 0.250000 
 154
0.479817 0.003063 0.046210 
0.462778 0.993742 0.462022 
0.057405 0.003195 0.491768 
0.008251 0.984416 0.003667 0.003667 
0.250000 0.250000 0.250000 0.250000 
 155
0.479817 0.003063 0.046210 
0.462778 0.993742 0.462022 
0.057405 0.003195 0.491768 
0.982424 0.009908 0.003667 0.004001 
0.250000 0.250000 0.250000 0.250000 
 156
0.479817 0.003063 0.046210 
0.462778 0.993742 0.462022 
0.057405 0.003195 0.491768 
0.005367 0.003666 0.985422 0.005545 
0.250000 0.250000 0.250000 0.250000 
 157
0.479817 0.003063 0.046210 
0.462778 0.993742 0.462022 
0.057405 0.003195 0.491768 
0.987723 0.004574 0.004036 0.003666 
0.250000 0.250000 0.250000 0.250000 
 158
0.479817 0.003063 0.046210 
0.462778 0.993742 0.462022 
0.057405 0.003195 0.491768 
0.988316 0.004352 0.003666 0.003666 
0.250000 0.250000 0.250000 0.250000 
 159
0.479817 0.003063 0.046210 
0.462778 0.993742 0.462022 
0.057405 0.003195 0.491768 
0.013768 0.976016 0.003667 0.006549 
0.250000 0.250000 0.250000 0.250000 
 160
0.479817 0.003063 0.046210 
0.462778 0.993742 0.462022 
0.057405 0.003195 0.491768 
0.004306 0.003666 0.988362 0.003666 
0.250000 0.250000 0.250000 0.250000 
 161
0.479817 0.003063 0.046210 
0.462778 0.993742 0.462022 
0.057405 0.003195 0.491768 
0.989002 0.003666 0.003666 0.003666 
0.250000 0.250000 0.250000 0.250000 
 162
0.479817 0.003063 0.046210 
0.462778 0.993742 0.462022 
0.057405 0.003195 0.491768 
0.003666 0.003666 0.005594 0.987074 
0.250000 0.250000 0.250000 0.250000 
 163
0.479817 0.003063 0.046210 
0.462778 0.993742 0.462022 
0.057405 0.003195 0.491768 
0.985601 0.007066 0.003667 0.003667 
0.250000 0.250000 0.250000 0.250000 
 164
0.479817 0.003063 0.046210 
0.462778 0.993742 0.462022 
0.057405 0.003195 0.491768 
0.989000 0.003667 0.003667 0.003667 
0.250000 0.250000 0.250000 0.250000 
 165
0.479817 0.003063 0.046210 
0.462778 0.993742 0.462022 
0.057405 0.003195 0.491768 
0.003667 0.003667 0.980337 0.012329 
0.250000 0.250000 0.250000 0.250000 
 166
0.479817 0.003063 0.046210 
0.462778 0.993742 0.462022 
0.057405 0.003195 0.491768 
0.004783 0.987885 0.003666 0.003666 
0.250000 0.250000 0.250000 0.250000 
 167
0.479817 0.003063 0.046210 
0.462778 0.993742 0.462022 
0.057405 0.003195 0.491768 
0.006262 0.986404 0.003667 0.003667 
0.250000 0.250000 0.250000 0.250000 
 168
0.479817 0.003063 0.046210 
0.462778 0.993742 0.462022 
0.057405 0.003195 0.491768 
0.984374 0.008293 0.003667 0.003667 
0.250000 0.250000 0.250000 0.250000 
 169
0.479817 0.003063 0.046210 
0.462778 0.993742 0.462022 
0.057405 0.003195 0.491768 
0.989002 0.003666 0.003666 0.003666 
0.250000 0.250000 0.250000 0.250000 
 170
0.479817 0.003063 0.046210 
0.462778 0.993742 0.462022 
0.057405 0.003195 0.491768 
0.986536 0.006131 0.003667 0.003667 
0.250000 0.250000 0.250000 0.250000 
 171
0.479817 0.003063 0.046210 
0.462778 0.993742 0.462022 
0.057405 0.003195 0.491768 
0.987261 0.004896 0.004177 0.003666 
0.250000 0.250000 0.250000 0.250000 
 172
0.479817 0.003063 0.046210 
0.462778 0.993742 0.462022 
0.057405 0.003195 0.491768 
0.003667 0.003667 0.986462 0.006204 
0.250000 0.250000 0.250000 0.250000 
 173
0.479817 0.003063 0.046210 
0.462778 0.993742 0.462022 
0.057405 0.003195 0.491768 
0.003666 0.003666 0.003666 0.989002 
0.250000 0.250000 0.250000 0.250000 
 174
0.479817 0.003063 0.046210 
0.462778 0.993742 0.462022 
0.057405 0.003195 0.491768 
0.987235 0.004637 0.004001 0.004127 
0.250000 0.250000 0.250000 0.250000 
 175
0.479817 0.003063 0.046210 
0.462778 0.993742 0.462022 
0.057405 0.003195 0.491768 
0.003666 0.003666 0.003666 0.989002 
0.250000 0.250000 0.250000 0.250000 
 176
0.479817 0.003063 0.046210 
0.462778 0.993742 0.462022 
0.057405 0.003195 0.491768 
0.003666 0.989002 0.003666 0.003666 
0.250000 0.250000 0.250000 0.250000 
 177
0.479817 0.003063 0.046210 
0.462778 0.993742 0.462022 
0.057405 0.003195 0.491768 
0.003666 0.003666 0.986732 0.005936 
0.250000 0.250000 0.250000 0.250000 
 178
0.479817 0.003063 0.046210 
0.462778 0.993742 0.462022 
0.057405 0.003195 0.491768 
0.988296 0.004006 0.004032 0.003666 
0.250000 0.250000 0.250000 0.250000 
 179
0.479817 0.003063 0.046210 
0.462778 0.993742 0.462022 
0.057405 0.003195 0.491768 
0.987877 0.004791 0.003666 0.003666 
0.250000 0.250000 0.250000 0.250000 
 180
0.479817 0.003063 0.046210 
0.462778 0.993742 0.462022 
0.057405 0.003195 0.491768 
0.973655 0.018373 0.004303 0.003668 
0.250000 0.250000 0.250000 0.250000 
 181
0.479817 0.003063 0.046210 
0.462778 0.993742 0.462022 
0.057405 0.003195 0.491768 
0.004837 0.003667 0.985095 0.006400 
0.250000 0.250000 0.250000 0.250000 
 182
0.479817 0.003063 0.046210 
0.462778 0.993742 0.462022 
0.057405 0.003195 0.491768 
0.003666 0.003666 0.003666 0.989002 
0.250000 0.250000 0.250000 0.250000 
 183
0.479817 0.003063 0.046210 
0.462778 0.993742 0.462022 
0.057405 0.003195 0.491768 
0.988213 0.004047 0.003666 0.004075 
0.250000 0.250000 0.250000 0.250000 
 184
0.479817 0.003063 0.046210 
0.462778 0.993742 0.462022 
0.057405 0.003195 0.491768 
0.985280 0.006837 0.004217 0.003666 
0.250000 0.250000 0.250000 0.250000 
 185
0.479817 0.003063 0.046210 
0.462778 0.993742 0.462022 
0.057405 0.003195 0.491768 
0.008806 0.983332 0.003668 0.004194 
0.250000 0.250000 0.250000 0.250000 
 186
0.479817 0.003063 0.046210 
0.462778 0.993742 0.462022 
0.057405 0.003195 0.491768 
0.987542 0.004726 0.003666 0.004065 
0.250000 0.250000 0.250000 0.250000 
 187
0.479817 0.003063 0.046210 
0.462778 0.993742 0.462022 
0.057405 0.003195 0.491768 
0.003666 0.989002 0.003666 0.003666 
0.250000 0.250000 0.250000 0.250000 
 188
0.479817 0.003063 0.046210 
0.462778 0.993742 0.462022 
0.057405 0.003195 0.491768 
0.004246 0.988422 0.003666 0.003666 
0.250000 0.250000 0.250000 0.250000 
 189
0.479817 0.003063 0.046210 
0.462778 0.993742 0.462022 
0.057405 0.003195 0.491768 
0.012440 0.980222 0.003669 0.003669 
0.250000 0.250000 0.250000 0.250000 
 190
0.479817 0.003063 0.046210 
0.462778 0.993742 0.462022 
0.057405 0.003195 0.491768 
0.009420 0.982902 0.003666 0.004012 
0.250000 0.250000 0.250000 0.250000 
 191
0.479817 0.003063 0.046210 
0.462778 0.993742 0.462022 
0.057405 0.003195 0.491768 
0.003962 0.003965 0.009073 0.983000 
0.250000 0.250000 0.250000 0.250000 
 192
0.479817 0.003063 0.046210 
0.462778 0.993742 0.462022 
0.057405 0.003195 0.491768 
0.984923 0.007745 0.003666 0.003666 
0.250000 0.250000 0.250000 0.250000 
 193
0.479817 0.003063 0.046210 
0.462778 0.993742 0.462022 
0.057405 0.003195 0.491768 
0.008202 0.980767 0.005406 0.005624 
0.250000 0.250000 0.250000 0.250000 
 194
0.479817 0.003063 0.046210 
0.462778 0.993742 0.462022 
0.057405 0.003195 0.491768 
0.003666 0.003666 0.988182 0.004486 
0.250000 0.250000 0.250000 0.250000 
 195
0.479817 0.003063 0.046210 
0.462778 0.993742 0.462022 
0.057405 0.003195 0.491768 
0.004212 0.003666 0.987114 0.005008 
0.250000 0.250000 0.250000 0.250000 
 196
0.479817 0.003063 0.046210 
0.462778 0.993742 0.462022 
0.057405 0.003195 0.491768 
0.003666 0.003666 0.989002 0.003666 
0.250000 0.250000 0.250000 0.250000 
 197
0.479817 0.003063 0.046210 
0.462778 0.993742 0.462022 
0.057405 0.003195 0.491768 
0.003666 0.003666 0.989002 0.003666 
0.250000 0.250000 0.250000 0.250000 
 198
0.479817 0.003063 0.046210 
0.462778 0.993742 0.462022 
0.057405 0.003195 0.491768 
0.988132 0.004179 0.004023 0.003666 
0.250000 0.250000 0.250000 0.250000 
 199
0.479817 0.003063 0.046210 
0.462778 0.993742 0.462022 
0.057405 0.003195 0.491768 
0.004042 0.003668 0.007265 0.985025 
0.250000 0.250000 0.250000 0.250000 
 200
0.479817 0.003063 0.046210 
0.462778 0.993742 0.462022 
0.057405 0.003195 0.491768 
0.003666 0.003666 0.003666 0.989002 
0.250000 0.250000 0.250000 0.250000 
 201
0.479817 0.003063 0.046210 
0.462778 0.993742 0.462022 
0.057405 0.003195 0.491768 
0.011640 0.981024 0.003668 0.003668 
0.250000 0.250000 0.250000 0.250000 
 202
0.479817 0.003063 0.046210 
0.462778 0.993742 0.462022 
0.057405 0.003195 0.491768 
0.004717 0.003666 0.987951 0.003666 
0.250000 0.250000 0.250000 0.250000 
 203
0.479817 0.003063 0.046210 
0.462778 0.993742 0.462022 
0.057405 0.003195 0.491768 
0.989002 0.003666 0.003666 0.003666 
0.250000 0.250000 0.250000 0.250000 
 204
0.479817 0.003063 0.046210 
0.462778 0.993742 0.462022 
0.057405 0.003195 0.491768 
0.003961 0.004124 0.006477 0.985438 
0.250000 0.250000 0.250000 0.250000 
 205
0.479817 0.003063 0.046210 
0.462778 0.993742 0.462022 
0.057405 0.003195 0.491768 
0.003666 0.003666 0.009288 0.983380 
0.250000 0.250000 0.250000 0.250000 
 206
0.479817 0.003063 0.046210 
0.462778 0.993742 0.462022 
0.057405 0.003195 0.491768 
0.003667 0.003667 0.003667 0.989000 
0.250000 0.250000 0.250000 0.250000 
 207
0.479817 0.003063 0.046210 
0.462778 0.993742 0.462022 
0.057405 0.003195 0.491768 
0.015576 0.977090 0.003667 0.003667 
0.250000 0.250000 0.250000 0.250000 
 208
0.479817 0.003063 0.046210 
0.462778 0.993742 0.462022 
0.057405 0.003195 0.491768 
0.004335 0.988333 0.003666 0.003666 
0.250000 0.250000 0.250000 0.250000 
 209
0.479817 0.003063 0.046210 
0.462778 0.993742 0.462022 
0.057405 0.003195 0.491768 
0.003666 0.989002 0.003666 0.003666 
0.250000 0.250000 0.250000 0.250000 
 210
0.479817 0.003063 0.046210 
0.462778 0.993742 0.462022 
0.057405 0.003195 0.491768 
0.003668 0.003668 0.006836 0.985828 
0.250000 0.250000 0.250000 0.250000 
 211
0.479817 0.003063 0.046210 
0.462778 0.993742 0.462022 
0.057405 0.003195 0.491768 
0.989002 0.003666 0.003666 0.003666 
0.250000 0.250000 0.250000 0.250000 
 212
0.479817 0.003063 0.046210 
0.462778 0.993742 0.462022 
0.057405 0.003195 0.491768 
0.988281 0.004387 0.003666 0.003666 
0.250000 0.250000 0.250000 0.250000 
 213
0.479817 0.003063 0.046210 
0.462778 0.993742 0.462022 
0.057405 0.003195 0.491768 
0.987919 0.004404 0.003666 0.004011 
0.250000 0.250000 0.250000 0.250000 
 214
0.479817 0.003063 0.046210 
0.462778 0.993742 0.462022 
0.057405 0.003195 0.491768 
0.003666 0.003666 0.003666 0.989002 
0.250000 0.250000 0.250000 0.250000 
 215
0.479817 0.003063 0.046210 
0.462778 0.993742 0.462022 
0.057405 0.003195 0.491768 
0.003666 0.989002 0.003666 0.003666 
0.250000 0.250000 0.250000 0.250000 
 216
0.479817 0.003063 0.046210 
0.462778 0.993742 0.462022 
0.057405 0.003195 0.491768 
0.003666 0.003666 0.008020 0.984648 
0.250000 0.250000 0.250000 0.250000 
 217
0.479817 0.003063 0.046210 
0.462778 0.993742 0.462022 
0.057405 0.003195 0.491768 
0.987954 0.004714 0.003666 0.003666 
0.250000 0.250000 0.250000 0.250000 
 218
0.479817 0.003063 0.046210 
0.462778 0.993742 0.462022 
0.057405 0.003195 0.491768 
0.988101 0.004201 0.004033 0.003666 
0.250000 0.250000 0.250000 0.250000 
 219
0.479817 0.003063 0.046210 
0.462778 0.993742 0.462022 
0.057405 0.003195 0.491768 
0.003666 0.003666 0.987812 0.004856 
0.250000 0.250000 0.250000 0.250000 
 220
0.479817 0.003063 0.046210 
0.462778 0.993742 0.462022 
0.057405 0.003195 0.491768 
0.989002 0.003666 0.003666 0.003666 
0.250000 0.250000 0.250000 0.250000 
 221
0.479817 0.003063 0.046210 
0.462778 0.993742 0.462022 
0.057405 0.003195 0.491768 
0.003666 0.003666 0.003666 0.989002 
0.250000 0.250000 0.250000 0.250000 
 222
0.479817 0.003063 0.046210 
0.462778 0.993742 0.462022 
0.057405 0.003195 0.491768 
0.004039 0.003666 0.006001 0.986293 
0.250000 0.250000 0.250000 0.250000 
 223
0.479817 0.003063 0.046210 
0.462778 0.993742 0.462022 
0.057405 0.003195 0.491768 
0.003666 0.989002 0.003666 0.003666 
0.250000 0.250000 0.250000 0.250000 
 224
0.479817 0.003063 0.046210 
0.462778 0.993742 0.462022 
0.057405 0.003195 0.491768 
0.003666 0.003666 0.989002 0.003666 
0.250000 0.250000 0.250000 0.250000 
 225
0.479817 0.003063 0.046210 
0.462778 0.993742 0.462022 
0.057405 0.003195 0.491768 
0.004009 0.004389 0.004599 0.987002 
0.250000 0.250000 0.250000 0.250000 
 226
0.479817 0.003063 0.046210 
0.462778 0.993742 0.462022 
0.057405 0.003195 0.491768 
0.003666 0.989002 0.003666 0.003666 
0.250000 0.250000 0.250000 0.250000 
 227
0.479817 0.003063 0.046210 
0.462778 0.993742 0.462022 
0.057405 0.003195 0.491768 
0.003666 0.989002 0.003666 0.003666 
0.250000 0.250000 0.250000 0.250000 
 228
0.479817 0.003063 0.046210 
0.462778 0.993742 0.462022 
0.057405 0.003195 0.491768 
0.007086 0.004270 0.983086 0.005558 
0.250000 0.250000 0.250000 0.250000 
 229
0.479817 0.003063 0.046210 
0.462778 0.993742 0.462022 
0.057405 0.003195 0.491768 
0.003666 0.003666 0.003666 0.989002 
0.250000 0.250000 0.250000 0.250000 
 230
0.479817 0.003063 0.046210 
0.462778 0.993742 0.462022 
0.057405 0.003195 0.491768 
0.003666 0.988569 0.003666 0.004099 
0.250000 0.250000 0.250000 0.250000 
 231
0.479817 0.003063 0.046210 
0.462778 0.993742 0.462022 
0.057405 0.003195 0.491768 
0.003666 0.989002 0.003666 0.003666 
0.250000 0.250000 0.250000 0.250000 
 232
0.479817 0.003063 0.046210 
0.462778 0.993742 0.462022 
0.057405 0.003195 0.491768 
0.987740 0.004001 0.004591 0.003668 
0.250000 0.250000 0.250000 0.250000 
 233
0.479817 0.003063 0.046210 
0.462778 0.993742 0.462022 
0.057405 0.003195 0.491768 
0.003666 0.003666 0.003666 0.989002 
0.250000 0.250000 0.250000 0.250000 
 234
0.479817 0.003063 0.046210 
0.462778 0.993742 0.462022 
0.057405 0.003195 0.491768 
0.004931 0.003668 0.984736 0.006665 
0.250000 0.250000 0.250000 0.250000 
 235
0.479817 0.003063 0.046210 
0.462778 0.993742 0.462022 
0.057405 0.003195 0.491768 
