%  SAM: /scicomp/home/vfn4/Tools/LABEL_RES/scripts/modelfromalign v3.5 (July 15, 2005) compiled 12/08/06_16:15:55
%  (c) 1992-2001 Regents of the University of California, Santa Cruz
%
%          Sequence Alignment and Modeling Software System
%         http://www.cse.ucsc.edu/research/compbio/sam.html
%
% ----------------- Citations (SAM, SAM-T2K, HMMs) --------------------
% R. Hughey, A. Krogh, Hidden Markov models for sequence analysis:
%  Extension and analysis of the basic method, CABIOS 12:95-107, 1996.
% K. Karplus, et al., What is the value added by human intervention in protein
%  structure prediction, Proteins: Stucture, Function, Genetics 45(S5):86--91, 2001.
% A. Krogh et al., Hidden Markov models in computational biology:
%  Applications to protein modeling, JMB 235:1501-1531, Feb 1994.
% ---------------------------------------------------------------------
%  c-3_hmm   Host: login.aspen.biotech.cdc.gov    Mon Jan  5 11:41:05 2015
%  vfn4      Dir:  /scicomp/home/vfn4/fluA/HA_H3/H3prerelease1/c-3-4-5-6-7-VIC/c-3-4-7-VIC
% ---------------------------------------------------------------------
%  Alignment weights from internal calc.  Total (30.79) Max (0.09) Min (0.02)
%  Weights from alignment method 1 (karplus), b=-1.000000, e=0.500000
MODEL --  Model from alignment file /scicomp/home/vfn4/Tools/LABEL_RES/training_data/H3prerelease1/c-3-4-5-6-7-VIC/c-3-4-7-VIC/c-3.fasta
alphabet DNA
FREQAVE
0.000000 0.000000 0.000000 
0.000000 0.000000 0.000000 
0.000000 0.000000 0.000000 
0.339129 0.221718 0.197932 0.241221 
0.339129 0.221718 0.197932 0.241221 
Begin
0.000000 0.000000 0.000000 
0.000000 0.000000 0.000000 
0.000000 0.005679 0.491768 
0.250000 0.250000 0.250000 0.250000 
0.250000 0.250000 0.250000 0.250000 
   1
0.000000 0.047026 0.046210 
0.000000 0.947295 0.462022 
0.038394 0.005926 0.491768 
0.974868 0.008377 0.008377 0.008377 
0.250000 0.250000 0.250000 0.250000 
   2
0.652090 0.005680 0.046210 
0.309516 0.988394 0.462022 
0.038394 0.005926 0.491768 
0.008377 0.008377 0.008377 0.974868 
0.250000 0.250000 0.250000 0.250000 
   3
0.652090 0.005680 0.046210 
0.309516 0.988394 0.462022 
0.038394 0.005926 0.491768 
0.008377 0.974868 0.008377 0.008377 
0.250000 0.250000 0.250000 0.250000 
   4
0.652090 0.005680 0.046210 
0.309516 0.988394 0.462022 
0.038394 0.005926 0.491768 
0.974868 0.008377 0.008377 0.008377 
0.250000 0.250000 0.250000 0.250000 
   5
0.646261 0.005680 0.046210 
0.315345 0.988394 0.462022 
0.038619 0.005921 0.491768 
0.974897 0.008368 0.008368 0.008368 
0.250000 0.250000 0.250000 0.250000 
   6
0.639720 0.005676 0.046210 
0.321661 0.988403 0.462022 
0.039022 0.005913 0.491768 
0.008351 0.974947 0.008351 0.008351 
0.250000 0.250000 0.250000 0.250000 
   7
0.646398 0.005668 0.046210 
0.314580 0.988419 0.462022 
0.039022 0.005913 0.491768 
0.971903 0.011395 0.008351 0.008351 
0.250000 0.250000 0.250000 0.250000 
   8
0.646398 0.005668 0.046210 
0.314580 0.988419 0.462022 
0.039022 0.005913 0.491768 
0.008351 0.008351 0.973423 0.009875 
0.250000 0.250000 0.250000 0.250000 
   9
0.639650 0.005668 0.046210 
0.321328 0.988419 0.462022 
0.039287 0.005908 0.491768 
0.009335 0.009618 0.009852 0.971195 
0.250000 0.250000 0.250000 0.250000 
  10
0.636636 0.005663 0.046210 
0.324077 0.988429 0.462022 
0.039578 0.005902 0.491768 
0.972746 0.010597 0.008328 0.008328 
0.250000 0.250000 0.250000 0.250000 
  11
0.641356 0.005658 0.046210 
0.319066 0.988440 0.462022 
0.039578 0.005902 0.491768 
0.008328 0.008328 0.009530 0.973813 
0.250000 0.250000 0.250000 0.250000 
  12
0.641356 0.005658 0.046210 
0.319066 0.988440 0.462022 
0.039578 0.005902 0.491768 
0.008328 0.008328 0.973515 0.009829 
0.250000 0.250000 0.250000 0.250000 
  13
0.641356 0.005658 0.046210 
0.319066 0.988440 0.462022 
0.039578 0.005902 0.491768 
0.973581 0.009762 0.008328 0.008328 
0.250000 0.250000 0.250000 0.250000 
  14
0.635210 0.005658 0.046210 
0.325212 0.988440 0.462022 
0.039823 0.005898 0.491768 
0.008319 0.008319 0.009451 0.973911 
0.250000 0.250000 0.250000 0.250000 
  15
0.639138 0.005653 0.046210 
0.321039 0.988449 0.462022 
0.039823 0.005898 0.491768 
0.018522 0.008319 0.010527 0.962633 
0.250000 0.250000 0.250000 0.250000 
  16
0.627429 0.005653 0.046210 
0.332748 0.988449 0.462022 
0.040295 0.005889 0.491768 
0.008300 0.975099 0.008300 0.008300 
0.250000 0.250000 0.250000 0.250000 
  17
0.634863 0.005645 0.046210 
0.324842 0.988466 0.462022 
0.040295 0.005889 0.491768 
0.008300 0.008300 0.975099 0.008300 
0.250000 0.250000 0.250000 0.250000 
  18
0.634863 0.005645 0.046210 
0.324842 0.988466 0.462022 
0.040295 0.005889 0.491768 
0.008300 0.008300 0.008300 0.975099 
0.250000 0.250000 0.250000 0.250000 
  19
0.634863 0.005645 0.046210 
0.324842 0.988466 0.462022 
0.040295 0.005889 0.491768 
0.008300 0.008300 0.009780 0.973620 
0.250000 0.250000 0.250000 0.250000 
  20
0.617836 0.005645 0.046210 
0.341869 0.988466 0.462022 
0.040993 0.005877 0.491768 
0.008274 0.008274 0.008274 0.975178 
0.250000 0.250000 0.250000 0.250000 
  21
0.604507 0.005633 0.046210 
0.354500 0.988490 0.462022 
0.042002 0.005860 0.491768 
0.009430 0.974094 0.008238 0.008238 
0.250000 0.250000 0.250000 0.250000 
  22
0.607141 0.005617 0.046210 
0.350857 0.988524 0.462022 
0.042523 0.005851 0.491768 
0.975340 0.008220 0.008220 0.008220 
0.250000 0.250000 0.250000 0.250000 
  23
0.614671 0.005609 0.046210 
0.342806 0.988540 0.462022 
0.042523 0.005851 0.491768 
0.008220 0.975340 0.008220 0.008220 
0.250000 0.250000 0.250000 0.250000 
  24
0.614671 0.005609 0.046210 
0.342806 0.988540 0.462022 
0.042523 0.005851 0.491768 
0.008220 0.008220 0.975340 0.008220 
0.250000 0.250000 0.250000 0.250000 
  25
0.614671 0.005609 0.046210 
0.342806 0.988540 0.462022 
0.042523 0.005851 0.491768 
0.008220 0.008220 0.012604 0.970956 
0.250000 0.250000 0.250000 0.250000 
  26
0.602004 0.005609 0.046210 
0.355472 0.988540 0.462022 
0.043069 0.005843 0.491768 
0.975394 0.008202 0.008202 0.008202 
0.250000 0.250000 0.250000 0.250000 
  27
0.544464 0.005600 0.046210 
0.412467 0.988557 0.462022 
0.046076 0.005799 0.491768 
0.008111 0.008111 0.974548 0.009231 
0.250000 0.250000 0.250000 0.250000 
  28
0.582479 0.005559 0.046210 
0.371445 0.988642 0.462022 
0.046076 0.005799 0.491768 
0.972921 0.009661 0.009307 0.008111 
0.250000 0.250000 0.250000 0.250000 
  29
0.582479 0.005559 0.046210 
0.371445 0.988642 0.462022 
0.046076 0.005799 0.491768 
0.008111 0.008111 0.010725 0.973054 
0.250000 0.250000 0.250000 0.250000 
  30
0.562165 0.005559 0.046210 
0.391759 0.988642 0.462022 
0.047031 0.005786 0.491768 
0.008085 0.008085 0.010488 0.973343 
0.250000 0.250000 0.250000 0.250000 
  31
0.573821 0.005547 0.046210 
0.379147 0.988667 0.462022 
0.047031 0.005786 0.491768 
0.011945 0.008085 0.964335 0.015634 
0.250000 0.250000 0.250000 0.250000 
  32
0.573821 0.005547 0.046210 
0.379147 0.988667 0.462022 
0.047031 0.005786 0.491768 
0.008085 0.008085 0.008085 0.975746 
0.250000 0.250000 0.250000 0.250000 
  33
0.573821 0.005547 0.046210 
0.379147 0.988667 0.462022 
0.047031 0.005786 0.491768 
0.975746 0.008085 0.008085 0.008085 
0.250000 0.250000 0.250000 0.250000 
  34
0.573821 0.005547 0.046210 
0.379147 0.988667 0.462022 
0.047031 0.005786 0.491768 
0.008085 0.008085 0.008085 0.975746 
0.250000 0.250000 0.250000 0.250000 
  35
0.564464 0.005547 0.046210 
0.388504 0.988667 0.462022 
0.047475 0.005781 0.491768 
0.009796 0.974057 0.008073 0.008073 
0.250000 0.250000 0.250000 0.250000 
  36
0.569796 0.005541 0.046210 
0.382729 0.988678 0.462022 
0.047475 0.005781 0.491768 
0.008073 0.008073 0.009280 0.974573 
0.250000 0.250000 0.250000 0.250000 
  37
0.569796 0.005541 0.046210 
0.382729 0.988678 0.462022 
0.047475 0.005781 0.491768 
0.011855 0.008073 0.969267 0.010805 
0.250000 0.250000 0.250000 0.250000 
  38
0.569796 0.005541 0.046210 
0.382729 0.988678 0.462022 
0.047475 0.005781 0.491768 
0.008073 0.008073 0.008073 0.975781 
0.250000 0.250000 0.250000 0.250000 
  39
0.569796 0.005541 0.046210 
0.382729 0.988678 0.462022 
0.047475 0.005781 0.491768 
0.048430 0.934349 0.008073 0.009148 
0.250000 0.250000 0.250000 0.250000 
  40
0.569796 0.005541 0.046210 
0.382729 0.988678 0.462022 
0.047475 0.005781 0.491768 
0.009973 0.973867 0.008080 0.008080 
0.250000 0.250000 0.250000 0.250000 
  41
0.569796 0.005541 0.046210 
0.382729 0.988678 0.462022 
0.047475 0.005781 0.491768 
0.008073 0.009086 0.027651 0.955190 
0.250000 0.250000 0.250000 0.250000 
  42
0.569796 0.005541 0.046210 
0.382729 0.988678 0.462022 
0.047475 0.005781 0.491768 
0.008073 0.008073 0.011353 0.972501 
0.250000 0.250000 0.250000 0.250000 
  43
0.569796 0.005541 0.046210 
0.382729 0.988678 0.462022 
0.047475 0.005781 0.491768 
0.009178 0.008073 0.008073 0.974676 
0.250000 0.250000 0.250000 0.250000 
  44
0.569796 0.005541 0.046210 
0.382729 0.988678 0.462022 
0.047475 0.005781 0.491768 
0.008073 0.008073 0.008073 0.975781 
0.250000 0.250000 0.250000 0.250000 
  45
0.569796 0.005541 0.046210 
0.382729 0.988678 0.462022 
0.047475 0.005781 0.491768 
0.010064 0.008073 0.969442 0.012421 
0.250000 0.250000 0.250000 0.250000 
  46
0.564434 0.005541 0.046210 
0.388090 0.988678 0.462022 
0.047731 0.005778 0.491768 
0.009367 0.974500 0.008066 0.008066 
0.250000 0.250000 0.250000 0.250000 
  47
0.567477 0.005538 0.046210 
0.384792 0.988684 0.462022 
0.047731 0.005778 0.491768 
0.008066 0.008066 0.975801 0.008066 
0.250000 0.250000 0.250000 0.250000 
  48
0.567477 0.005538 0.046210 
0.384792 0.988684 0.462022 
0.047731 0.005778 0.491768 
0.008066 0.008066 0.036109 0.947758 
0.250000 0.250000 0.250000 0.250000 
  49
0.420154 0.005538 0.046210 
0.532114 0.988684 0.462022 
0.055978 0.005691 0.491768 
0.007889 0.007889 0.976333 0.007889 
0.250000 0.250000 0.250000 0.250000 
  50
0.492747 0.005455 0.046210 
0.451275 0.988853 0.462022 
0.055978 0.005691 0.491768 
0.976333 0.007889 0.007889 0.007889 
0.250000 0.250000 0.250000 0.250000 
  51
0.492747 0.005455 0.046210 
0.451275 0.988853 0.462022 
0.055978 0.005691 0.491768 
0.976333 0.007889 0.007889 0.007889 
0.250000 0.250000 0.250000 0.250000 
  52
0.492747 0.005455 0.046210 
0.451275 0.988853 0.462022 
0.055978 0.005691 0.491768 
0.971984 0.009731 0.010396 0.007889 
0.250000 0.250000 0.250000 0.250000 
  53
0.492747 0.005455 0.046210 
0.451275 0.988853 0.462022 
0.055978 0.005691 0.491768 
0.976333 0.007889 0.007889 0.007889 
0.250000 0.250000 0.250000 0.250000 
  54
0.492747 0.005455 0.046210 
0.451275 0.988853 0.462022 
0.055978 0.005691 0.491768 
0.970167 0.014054 0.007889 0.007889 
0.250000 0.250000 0.250000 0.250000 
  55
0.492747 0.005455 0.046210 
0.451275 0.988853 0.462022 
0.055978 0.005691 0.491768 
0.064066 0.007889 0.905528 0.022517 
0.250000 0.250000 0.250000 0.250000 
  56
0.492747 0.005455 0.046210 
0.451275 0.988853 0.462022 
0.055978 0.005691 0.491768 
0.007889 0.007889 0.009409 0.974813 
0.250000 0.250000 0.250000 0.250000 
  57
0.492747 0.005455 0.046210 
0.451275 0.988853 0.462022 
0.055978 0.005691 0.491768 
0.007889 0.007889 0.012199 0.972023 
0.250000 0.250000 0.250000 0.250000 
  58
0.492747 0.005455 0.046210 
0.451275 0.988853 0.462022 
0.055978 0.005691 0.491768 
0.009397 0.007889 0.974825 0.007889 
0.250000 0.250000 0.250000 0.250000 
  59
0.492747 0.005455 0.046210 
0.451275 0.988853 0.462022 
0.055978 0.005691 0.491768 
0.007889 0.007889 0.976333 0.007889 
0.250000 0.250000 0.250000 0.250000 
  60
0.492747 0.005455 0.046210 
0.451275 0.988853 0.462022 
0.055978 0.005691 0.491768 
0.009314 0.007889 0.007889 0.974908 
0.250000 0.250000 0.250000 0.250000 
  61
0.492747 0.005455 0.046210 
0.451275 0.988853 0.462022 
0.055978 0.005691 0.491768 
0.009855 0.974367 0.007889 0.007889 
0.250000 0.250000 0.250000 0.250000 
  62
0.492747 0.005455 0.046210 
0.451275 0.988853 0.462022 
0.055978 0.005691 0.491768 
0.077693 0.905069 0.007889 0.009349 
0.250000 0.250000 0.250000 0.250000 
  63
0.476425 0.005455 0.046210 
0.467596 0.988853 0.462022 
0.056907 0.005683 0.491768 
0.964220 0.020034 0.007873 0.007873 
0.250000 0.250000 0.250000 0.250000 
  64
0.484331 0.005448 0.046210 
0.458762 0.988869 0.462022 
0.056907 0.005683 0.491768 
0.976382 0.007873 0.007873 0.007873 
0.250000 0.250000 0.250000 0.250000 
  65
0.484331 0.005448 0.046210 
0.458762 0.988869 0.462022 
0.056907 0.005683 0.491768 
0.976382 0.007873 0.007873 0.007873 
0.250000 0.250000 0.250000 0.250000 
  66
0.484331 0.005448 0.046210 
0.458762 0.988869 0.462022 
0.056907 0.005683 0.491768 
0.007873 0.007873 0.008968 0.975286 
0.250000 0.250000 0.250000 0.250000 
  67
0.484331 0.005448 0.046210 
0.458762 0.988869 0.462022 
0.056907 0.005683 0.491768 
0.007873 0.976382 0.007873 0.007873 
0.250000 0.250000 0.250000 0.250000 
  68
0.484331 0.005448 0.046210 
0.458762 0.988869 0.462022 
0.056907 0.005683 0.491768 
0.976382 0.007873 0.007873 0.007873 
0.250000 0.250000 0.250000 0.250000 
  69
0.484331 0.005448 0.046210 
0.458762 0.988869 0.462022 
0.056907 0.005683 0.491768 
0.012129 0.007873 0.972126 0.007873 
0.250000 0.250000 0.250000 0.250000 
  70
0.484331 0.005448 0.046210 
0.458762 0.988869 0.462022 
0.056907 0.005683 0.491768 
0.974566 0.007873 0.007873 0.009689 
0.250000 0.250000 0.250000 0.250000 
  71
0.484331 0.005448 0.046210 
0.458762 0.988869 0.462022 
0.056907 0.005683 0.491768 
0.976382 0.007873 0.007873 0.007873 
0.250000 0.250000 0.250000 0.250000 
  72
0.484331 0.005448 0.046210 
0.458762 0.988869 0.462022 
0.056907 0.005683 0.491768 
0.007879 0.007879 0.974776 0.009466 
0.250000 0.250000 0.250000 0.250000 
  73
0.484331 0.005448 0.046210 
0.458762 0.988869 0.462022 
0.056907 0.005683 0.491768 
0.976382 0.007873 0.007873 0.007873 
0.250000 0.250000 0.250000 0.250000 
  74
0.484331 0.005448 0.046210 
0.458762 0.988869 0.462022 
0.056907 0.005683 0.491768 
0.007873 0.975273 0.007873 0.008982 
0.250000 0.250000 0.250000 0.250000 
  75
0.484331 0.005448 0.046210 
0.458762 0.988869 0.462022 
0.056907 0.005683 0.491768 
0.007873 0.007873 0.976382 0.007873 
0.250000 0.250000 0.250000 0.250000 
  76
0.484331 0.005448 0.046210 
0.458762 0.988869 0.462022 
0.056907 0.005683 0.491768 
0.976354 0.007882 0.007882 0.007882 
0.250000 0.250000 0.250000 0.250000 
  77
0.484331 0.005448 0.046210 
0.458762 0.988869 0.462022 
0.056907 0.005683 0.491768 
0.009581 0.007873 0.973049 0.009496 
0.250000 0.250000 0.250000 0.250000 
  78
0.484331 0.005448 0.046210 
0.458762 0.988869 0.462022 
0.056907 0.005683 0.491768 
0.010053 0.968192 0.007873 0.013882 
0.250000 0.250000 0.250000 0.250000 
  79
0.484331 0.005448 0.046210 
0.458762 0.988869 0.462022 
0.056907 0.005683 0.491768 
0.007873 0.976382 0.007873 0.007873 
0.250000 0.250000 0.250000 0.250000 
  80
0.484331 0.005448 0.046210 
0.458762 0.988869 0.462022 
0.056907 0.005683 0.491768 
0.007873 0.007873 0.976382 0.007873 
0.250000 0.250000 0.250000 0.250000 
  81
0.484331 0.005448 0.046210 
0.458762 0.988869 0.462022 
0.056907 0.005683 0.491768 
0.973190 0.007873 0.010024 0.008913 
0.250000 0.250000 0.250000 0.250000 
  82
0.484331 0.005448 0.046210 
0.458762 0.988869 0.462022 
0.056907 0.005683 0.491768 
0.967312 0.016943 0.007873 0.007873 
0.250000 0.250000 0.250000 0.250000 
  83
0.484331 0.005448 0.046210 
0.458762 0.988869 0.462022 
0.056907 0.005683 0.491768 
0.007873 0.007873 0.976382 0.007873 
0.250000 0.250000 0.250000 0.250000 
  84
0.484331 0.005448 0.046210 
0.458762 0.988869 0.462022 
0.056907 0.005683 0.491768 
0.009101 0.975154 0.007873 0.007873 
0.250000 0.250000 0.250000 0.250000 
  85
0.484331 0.005448 0.046210 
0.458762 0.988869 0.462022 
0.056907 0.005683 0.491768 
0.007873 0.007873 0.972191 0.012064 
0.250000 0.250000 0.250000 0.250000 
  86
0.475654 0.005448 0.046210 
0.467439 0.988869 0.462022 
0.057405 0.005679 0.491768 
0.007864 0.007864 0.007864 0.976407 
0.250000 0.250000 0.250000 0.250000 
  87
0.479817 0.005444 0.046210 
0.462778 0.988877 0.462022 
0.057405 0.005679 0.491768 
0.012365 0.971907 0.007864 0.007864 
0.250000 0.250000 0.250000 0.250000 
  88
0.479817 0.005444 0.046210 
0.462778 0.988877 0.462022 
0.057405 0.005679 0.491768 
0.007864 0.007864 0.007864 0.976407 
0.250000 0.250000 0.250000 0.250000 
  89
0.479817 0.005444 0.046210 
0.462778 0.988877 0.462022 
0.057405 0.005679 0.491768 
0.007864 0.976407 0.007864 0.007864 
0.250000 0.250000 0.250000 0.250000 
  90
0.479817 0.005444 0.046210 
0.462778 0.988877 0.462022 
0.057405 0.005679 0.491768 
0.007864 0.007864 0.969693 0.014579 
0.250000 0.250000 0.250000 0.250000 
  91
0.479817 0.005444 0.046210 
0.462778 0.988877 0.462022 
0.057405 0.005679 0.491768 
0.007864 0.007864 0.976407 0.007864 
0.250000 0.250000 0.250000 0.250000 
  92
0.479817 0.005444 0.046210 
0.462778 0.988877 0.462022 
0.057405 0.005679 0.491768 
0.007864 0.007864 0.007864 0.976407 
0.250000 0.250000 0.250000 0.250000 
  93
0.479817 0.005444 0.046210 
0.462778 0.988877 0.462022 
0.057405 0.005679 0.491768 
0.007864 0.007864 0.007864 0.976407 
0.250000 0.250000 0.250000 0.250000 
  94
0.479817 0.005444 0.046210 
0.462778 0.988877 0.462022 
0.057405 0.005679 0.491768 
0.007864 0.976407 0.007864 0.007864 
0.250000 0.250000 0.250000 0.250000 
  95
0.479817 0.005444 0.046210 
0.462778 0.988877 0.462022 
0.057405 0.005679 0.491768 
0.007864 0.970567 0.007864 0.013705 
0.250000 0.250000 0.250000 0.250000 
  96
0.479817 0.005444 0.046210 
0.462778 0.988877 0.462022 
0.057405 0.005679 0.491768 
0.015320 0.967834 0.007864 0.008982 
0.250000 0.250000 0.250000 0.250000 
  97
0.479817 0.005444 0.046210 
0.462778 0.988877 0.462022 
0.057405 0.005679 0.491768 
0.007864 0.007864 0.976407 0.007864 
0.250000 0.250000 0.250000 0.250000 
  98
0.479817 0.005444 0.046210 
0.462778 0.988877 0.462022 
0.057405 0.005679 0.491768 
0.970620 0.013651 0.007864 0.007864 
0.250000 0.250000 0.250000 0.250000 
  99
0.479817 0.005444 0.046210 
0.462778 0.988877 0.462022 
0.057405 0.005679 0.491768 
0.007864 0.007864 0.972451 0.011820 
0.250000 0.250000 0.250000 0.250000 
 100
0.479817 0.005444 0.046210 
0.462778 0.988877 0.462022 
0.057405 0.005679 0.491768 
0.007864 0.007864 0.976407 0.007864 
0.250000 0.250000 0.250000 0.250000 
 101
0.479817 0.005444 0.046210 
0.462778 0.988877 0.462022 
0.057405 0.005679 0.491768 
0.976407 0.007864 0.007864 0.007864 
0.250000 0.250000 0.250000 0.250000 
 102
0.479817 0.005444 0.046210 
0.462778 0.988877 0.462022 
0.057405 0.005679 0.491768 
0.007864 0.007864 0.007864 0.976407 
0.250000 0.250000 0.250000 0.250000 
 103
0.479817 0.005444 0.046210 
0.462778 0.988877 0.462022 
0.057405 0.005679 0.491768 
0.007864 0.976407 0.007864 0.007864 
0.250000 0.250000 0.250000 0.250000 
 104
0.479817 0.005444 0.046210 
0.462778 0.988877 0.462022 
0.057405 0.005679 0.491768 
0.007864 0.007864 0.976407 0.007864 
0.250000 0.250000 0.250000 0.250000 
 105
0.479817 0.005444 0.046210 
0.462778 0.988877 0.462022 
0.057405 0.005679 0.491768 
0.975254 0.007864 0.007864 0.009018 
0.250000 0.250000 0.250000 0.250000 
 106
0.479817 0.005444 0.046210 
0.462778 0.988877 0.462022 
0.057405 0.005679 0.491768 
0.007864 0.976407 0.007864 0.007864 
0.250000 0.250000 0.250000 0.250000 
 107
0.479817 0.005444 0.046210 
0.462778 0.988877 0.462022 
0.057405 0.005679 0.491768 
0.007864 0.009981 0.007864 0.974291 
0.250000 0.250000 0.250000 0.250000 
 108
0.479817 0.005444 0.046210 
0.462778 0.988877 0.462022 
0.057405 0.005679 0.491768 
0.975077 0.009195 0.007864 0.007864 
0.250000 0.250000 0.250000 0.250000 
 109
0.479817 0.005444 0.046210 
0.462778 0.988877 0.462022 
0.057405 0.005679 0.491768 
0.007864 0.007864 0.975148 0.009124 
0.250000 0.250000 0.250000 0.250000 
 110
0.479817 0.005444 0.046210 
0.462778 0.988877 0.462022 
0.057405 0.005679 0.491768 
0.007864 0.007864 0.976407 0.007864 
0.250000 0.250000 0.250000 0.250000 
 111
0.479817 0.005444 0.046210 
0.462778 0.988877 0.462022 
0.057405 0.005679 0.491768 
0.973101 0.011171 0.007864 0.007864 
0.250000 0.250000 0.250000 0.250000 
 112
0.479817 0.005444 0.046210 
0.462778 0.988877 0.462022 
0.057405 0.005679 0.491768 
0.976407 0.007864 0.007864 0.007864 
0.250000 0.250000 0.250000 0.250000 
 113
0.479817 0.005444 0.046210 
0.462778 0.988877 0.462022 
0.057405 0.005679 0.491768 
0.976407 0.007864 0.007864 0.007864 
0.250000 0.250000 0.250000 0.250000 
 114
0.479817 0.005444 0.046210 
0.462778 0.988877 0.462022 
0.057405 0.005679 0.491768 
0.007864 0.007864 0.965870 0.018402 
0.250000 0.250000 0.250000 0.250000 
 115
0.479817 0.005444 0.046210 
0.462778 0.988877 0.462022 
0.057405 0.005679 0.491768 
0.007864 0.976407 0.007864 0.007864 
0.250000 0.250000 0.250000 0.250000 
 116
0.479817 0.005444 0.046210 
0.462778 0.988877 0.462022 
0.057405 0.005679 0.491768 
0.007864 0.976407 0.007864 0.007864 
0.250000 0.250000 0.250000 0.250000 
 117
0.479817 0.005444 0.046210 
0.462778 0.988877 0.462022 
0.057405 0.005679 0.491768 
0.969944 0.014327 0.007864 0.007864 
0.250000 0.250000 0.250000 0.250000 
 118
0.479817 0.005444 0.046210 
0.462778 0.988877 0.462022 
0.057405 0.005679 0.491768 
0.976407 0.007864 0.007864 0.007864 
0.250000 0.250000 0.250000 0.250000 
 119
0.479817 0.005444 0.046210 
0.462778 0.988877 0.462022 
0.057405 0.005679 0.491768 
0.007864 0.007864 0.976407 0.007864 
0.250000 0.250000 0.250000 0.250000 
 120
0.479817 0.005444 0.046210 
0.462778 0.988877 0.462022 
0.057405 0.005679 0.491768 
0.017114 0.964571 0.007864 0.010452 
0.250000 0.250000 0.250000 0.250000 
 121
0.479817 0.005444 0.046210 
0.462778 0.988877 0.462022 
0.057405 0.005679 0.491768 
0.976407 0.007864 0.007864 0.007864 
0.250000 0.250000 0.250000 0.250000 
 122
0.479817 0.005444 0.046210 
0.462778 0.988877 0.462022 
0.057405 0.005679 0.491768 
0.007864 0.007864 0.007864 0.976407 
0.250000 0.250000 0.250000 0.250000 
 123
0.479817 0.005444 0.046210 
0.462778 0.988877 0.462022 
0.057405 0.005679 0.491768 
0.973823 0.010449 0.007864 0.007864 
0.250000 0.250000 0.250000 0.250000 
 124
0.479817 0.005444 0.046210 
0.462778 0.988877 0.462022 
0.057405 0.005679 0.491768 
0.007864 0.976407 0.007864 0.007864 
0.250000 0.250000 0.250000 0.250000 
 125
0.479817 0.005444 0.046210 
0.462778 0.988877 0.462022 
0.057405 0.005679 0.491768 
0.007864 0.007864 0.007864 0.976407 
0.250000 0.250000 0.250000 0.250000 
 126
0.479817 0.005444 0.046210 
0.462778 0.988877 0.462022 
0.057405 0.005679 0.491768 
0.019072 0.965200 0.007864 0.007864 
0.250000 0.250000 0.250000 0.250000 
 127
0.479817 0.005444 0.046210 
0.462778 0.988877 0.462022 
0.057405 0.005679 0.491768 
0.976407 0.007864 0.007864 0.007864 
0.250000 0.250000 0.250000 0.250000 
 128
0.479817 0.005444 0.046210 
0.462778 0.988877 0.462022 
0.057405 0.005679 0.491768 
0.976407 0.007864 0.007864 0.007864 
0.250000 0.250000 0.250000 0.250000 
 129
0.479817 0.005444 0.046210 
0.462778 0.988877 0.462022 
0.057405 0.005679 0.491768 
0.975272 0.009000 0.007864 0.007864 
0.250000 0.250000 0.250000 0.250000 
 130
0.479817 0.005444 0.046210 
0.462778 0.988877 0.462022 
0.057405 0.005679 0.491768 
0.976407 0.007864 0.007864 0.007864 
0.250000 0.250000 0.250000 0.250000 
 131
0.479817 0.005444 0.046210 
0.462778 0.988877 0.462022 
0.057405 0.005679 0.491768 
0.007864 0.007864 0.976407 0.007864 
0.250000 0.250000 0.250000 0.250000 
 132
0.479817 0.005444 0.046210 
0.462778 0.988877 0.462022 
0.057405 0.005679 0.491768 
0.976407 0.007864 0.007864 0.007864 
0.250000 0.250000 0.250000 0.250000 
 133
0.479817 0.005444 0.046210 
0.462778 0.988877 0.462022 
0.057405 0.005679 0.491768 
0.976407 0.007864 0.007864 0.007864 
0.250000 0.250000 0.250000 0.250000 
 134
0.479817 0.005444 0.046210 
0.462778 0.988877 0.462022 
0.057405 0.005679 0.491768 
0.007864 0.007864 0.007864 0.976407 
0.250000 0.250000 0.250000 0.250000 
 135
0.479817 0.005444 0.046210 
0.462778 0.988877 0.462022 
0.057405 0.005679 0.491768 
0.007864 0.007864 0.955441 0.028830 
0.250000 0.250000 0.250000 0.250000 
 136
0.479817 0.005444 0.046210 
0.462778 0.988877 0.462022 
0.057405 0.005679 0.491768 
0.965177 0.019094 0.007864 0.007864 
0.250000 0.250000 0.250000 0.250000 
 137
0.479817 0.005444 0.046210 
0.462778 0.988877 0.462022 
0.057405 0.005679 0.491768 
0.007864 0.007864 0.974770 0.009501 
0.250000 0.250000 0.250000 0.250000 
 138
0.479817 0.005444 0.046210 
0.462778 0.988877 0.462022 
0.057405 0.005679 0.491768 
0.015222 0.936987 0.007864 0.039926 
0.250000 0.250000 0.250000 0.250000 
 139
0.479817 0.005444 0.046210 
0.462778 0.988877 0.462022 
0.057405 0.005679 0.491768 
0.965030 0.017860 0.009246 0.007864 
0.250000 0.250000 0.250000 0.250000 
 140
0.479817 0.005444 0.046210 
0.462778 0.988877 0.462022 
0.057405 0.005679 0.491768 
0.969931 0.014340 0.007864 0.007864 
0.250000 0.250000 0.250000 0.250000 
 141
0.479817 0.005444 0.046210 
0.462778 0.988877 0.462022 
0.057405 0.005679 0.491768 
0.007864 0.007864 0.007864 0.976407 
0.250000 0.250000 0.250000 0.250000 
 142
0.479817 0.005444 0.046210 
0.462778 0.988877 0.462022 
0.057405 0.005679 0.491768 
0.007864 0.976407 0.007864 0.007864 
0.250000 0.250000 0.250000 0.250000 
 143
0.479817 0.005444 0.046210 
0.462778 0.988877 0.462022 
0.057405 0.005679 0.491768 
0.975102 0.009170 0.007864 0.007864 
0.250000 0.250000 0.250000 0.250000 
 144
0.479817 0.005444 0.046210 
0.462778 0.988877 0.462022 
0.057405 0.005679 0.491768 
0.018325 0.007864 0.965947 0.007864 
0.250000 0.250000 0.250000 0.250000 
 145
0.479817 0.005444 0.046210 
0.462778 0.988877 0.462022 
0.057405 0.005679 0.491768 
0.007864 0.007864 0.976407 0.007864 
0.250000 0.250000 0.250000 0.250000 
 146
0.479817 0.005444 0.046210 
0.462778 0.988877 0.462022 
0.057405 0.005679 0.491768 
0.975271 0.009001 0.007864 0.007864 
0.250000 0.250000 0.250000 0.250000 
 147
0.479817 0.005444 0.046210 
0.462778 0.988877 0.462022 
0.057405 0.005679 0.491768 
0.974962 0.009310 0.007864 0.007864 
0.250000 0.250000 0.250000 0.250000 
 148
0.479817 0.005444 0.046210 
0.462778 0.988877 0.462022 
0.057405 0.005679 0.491768 
0.976407 0.007864 0.007864 0.007864 
0.250000 0.250000 0.250000 0.250000 
 149
0.479817 0.005444 0.046210 
0.462778 0.988877 0.462022 
0.057405 0.005679 0.491768 
0.007864 0.007864 0.007864 0.976407 
0.250000 0.250000 0.250000 0.250000 
 150
0.479817 0.005444 0.046210 
0.462778 0.988877 0.462022 
0.057405 0.005679 0.491768 
0.007864 0.007864 0.007864 0.976407 
0.250000 0.250000 0.250000 0.250000 
 151
0.479817 0.005444 0.046210 
0.462778 0.988877 0.462022 
0.057405 0.005679 0.491768 
0.007864 0.976407 0.007864 0.007864 
0.250000 0.250000 0.250000 0.250000 
 152
0.479817 0.005444 0.046210 
0.462778 0.988877 0.462022 
0.057405 0.005679 0.491768 
0.976407 0.007864 0.007864 0.007864 
0.250000 0.250000 0.250000 0.250000 
 153
0.479817 0.005444 0.046210 
0.462778 0.988877 0.462022 
0.057405 0.005679 0.491768 
0.973919 0.010327 0.007877 0.007877 
0.250000 0.250000 0.250000 0.250000 
 154
0.479817 0.005444 0.046210 
0.462778 0.988877 0.462022 
0.057405 0.005679 0.491768 
0.007864 0.976407 0.007864 0.007864 
0.250000 0.250000 0.250000 0.250000 
 155
0.479817 0.005444 0.046210 
0.462778 0.988877 0.462022 
0.057405 0.005679 0.491768 
0.007864 0.007864 0.007864 0.976407 
0.250000 0.250000 0.250000 0.250000 
 156
0.479817 0.005444 0.046210 
0.462778 0.988877 0.462022 
0.057405 0.005679 0.491768 
0.007864 0.007864 0.011584 0.972687 
0.250000 0.250000 0.250000 0.250000 
 157
0.479817 0.005444 0.046210 
0.462778 0.988877 0.462022 
0.057405 0.005679 0.491768 
0.976407 0.007864 0.007864 0.007864 
0.250000 0.250000 0.250000 0.250000 
 158
0.479817 0.005444 0.046210 
0.462778 0.988877 0.462022 
0.057405 0.005679 0.491768 
0.007864 0.007864 0.976407 0.007864 
0.250000 0.250000 0.250000 0.250000 
 159
0.479817 0.005444 0.046210 
0.462778 0.988877 0.462022 
0.057405 0.005679 0.491768 
0.007864 0.007864 0.010901 0.973371 
0.250000 0.250000 0.250000 0.250000 
 160
0.479817 0.005444 0.046210 
0.462778 0.988877 0.462022 
0.057405 0.005679 0.491768 
0.976407 0.007864 0.007864 0.007864 
0.250000 0.250000 0.250000 0.250000 
 161
0.479817 0.005444 0.046210 
0.462778 0.988877 0.462022 
0.057405 0.005679 0.491768 
0.976407 0.007864 0.007864 0.007864 
0.250000 0.250000 0.250000 0.250000 
 162
0.479817 0.005444 0.046210 
0.462778 0.988877 0.462022 
0.057405 0.005679 0.491768 
0.007864 0.007864 0.009238 0.975034 
0.250000 0.250000 0.250000 0.250000 
 163
0.479817 0.005444 0.046210 
0.462778 0.988877 0.462022 
0.057405 0.005679 0.491768 
0.007864 0.976407 0.007864 0.007864 
0.250000 0.250000 0.250000 0.250000 
 164
0.479817 0.005444 0.046210 
0.462778 0.988877 0.462022 
0.057405 0.005679 0.491768 
0.007864 0.007864 0.976407 0.007864 
0.250000 0.250000 0.250000 0.250000 
 165
0.479817 0.005444 0.046210 
0.462778 0.988877 0.462022 
0.057405 0.005679 0.491768 
0.007864 0.010157 0.016092 0.965887 
0.250000 0.250000 0.250000 0.250000 
 166
0.479817 0.005444 0.046210 
0.462778 0.988877 0.462022 
0.057405 0.005679 0.491768 
0.976407 0.007864 0.007864 0.007864 
0.250000 0.250000 0.250000 0.250000 
 167
0.479817 0.005444 0.046210 
0.462778 0.988877 0.462022 
0.057405 0.005679 0.491768 
0.007864 0.007864 0.976407 0.007864 
0.250000 0.250000 0.250000 0.250000 
 168
0.479817 0.005444 0.046210 
0.462778 0.988877 0.462022 
0.057405 0.005679 0.491768 
0.008981 0.007864 0.008888 0.974267 
0.250000 0.250000 0.250000 0.250000 
 169
0.479817 0.005444 0.046210 
0.462778 0.988877 0.462022 
0.057405 0.005679 0.491768 
0.007864 0.976407 0.007864 0.007864 
0.250000 0.250000 0.250000 0.250000 
 170
0.479817 0.005444 0.046210 
0.462778 0.988877 0.462022 
0.057405 0.005679 0.491768 
0.976407 0.007864 0.007864 0.007864 
0.250000 0.250000 0.250000 0.250000 
 171
0.479817 0.005444 0.046210 
0.462778 0.988877 0.462022 
0.057405 0.005679 0.491768 
0.031334 0.952937 0.007864 0.007864 
0.250000 0.250000 0.250000 0.250000 
 172
0.479817 0.005444 0.046210 
0.462778 0.988877 0.462022 
0.057405 0.005679 0.491768 
0.007864 0.007864 0.972046 0.012226 
0.250000 0.250000 0.250000 0.250000 
 173
0.479817 0.005444 0.046210 
0.462778 0.988877 0.462022 
0.057405 0.005679 0.491768 
0.007864 0.007864 0.007864 0.976407 
0.250000 0.250000 0.250000 0.250000 
 174
0.479817 0.005444 0.046210 
0.462778 0.988877 0.462022 
0.057405 0.005679 0.491768 
0.009957 0.974314 0.007864 0.007864 
0.250000 0.250000 0.250000 0.250000 
 175
0.479817 0.005444 0.046210 
0.462778 0.988877 0.462022 
0.057405 0.005679 0.491768 
0.009743 0.974528 0.007864 0.007864 
0.250000 0.250000 0.250000 0.250000 
 176
0.479817 0.005444 0.046210 
0.462778 0.988877 0.462022 
0.057405 0.005679 0.491768 
0.007864 0.007864 0.007864 0.976407 
0.250000 0.250000 0.250000 0.250000 
 177
0.479817 0.005444 0.046210 
0.462778 0.988877 0.462022 
0.057405 0.005679 0.491768 
0.008984 0.007864 0.007864 0.975288 
0.250000 0.250000 0.250000 0.250000 
 178
0.479817 0.005444 0.046210 
0.462778 0.988877 0.462022 
0.057405 0.005679 0.491768 
0.007864 0.007864 0.976407 0.007864 
0.250000 0.250000 0.250000 0.250000 
 179
0.479817 0.005444 0.046210 
0.462778 0.988877 0.462022 
0.057405 0.005679 0.491768 
0.976407 0.007864 0.007864 0.007864 
0.250000 0.250000 0.250000 0.250000 
 180
0.479817 0.005444 0.046210 
0.462778 0.988877 0.462022 
0.057405 0.005679 0.491768 
0.016255 0.968016 0.007864 0.007864 
0.250000 0.250000 0.250000 0.250000 
 181
0.479817 0.005444 0.046210 
0.462778 0.988877 0.462022 
0.057405 0.005679 0.491768 
0.971801 0.012458 0.007871 0.007871 
0.250000 0.250000 0.250000 0.250000 
 182
0.479817 0.005444 0.046210 
0.462778 0.988877 0.462022 
0.057405 0.005679 0.491768 
0.031189 0.947460 0.007872 0.013478 
0.250000 0.250000 0.250000 0.250000 
 183
0.479817 0.005444 0.046210 
0.462778 0.988877 0.462022 
0.057405 0.005679 0.491768 
0.007871 0.007871 0.017504 0.966754 
0.250000 0.250000 0.250000 0.250000 
 184
0.479817 0.005444 0.046210 
0.462778 0.988877 0.462022 
0.057405 0.005679 0.491768 
0.007864 0.007864 0.007864 0.976407 
0.250000 0.250000 0.250000 0.250000 
 185
0.479817 0.005444 0.046210 
0.462778 0.988877 0.462022 
0.057405 0.005679 0.491768 
0.007864 0.007864 0.975293 0.008979 
0.250000 0.250000 0.250000 0.250000 
 186
0.479817 0.005444 0.046210 
0.462778 0.988877 0.462022 
0.057405 0.005679 0.491768 
0.007864 0.007864 0.972419 0.011852 
0.250000 0.250000 0.250000 0.250000 
 187
0.479817 0.005444 0.046210 
0.462778 0.988877 0.462022 
0.057405 0.005679 0.491768 
0.007864 0.007864 0.007864 0.976407 
0.250000 0.250000 0.250000 0.250000 
 188
0.479817 0.005444 0.046210 
0.462778 0.988877 0.462022 
0.057405 0.005679 0.491768 
0.007864 0.007864 0.976407 0.007864 
0.250000 0.250000 0.250000 0.250000 
 189
0.479817 0.005444 0.046210 
0.462778 0.988877 0.462022 
0.057405 0.005679 0.491768 
0.974750 0.007864 0.009522 0.007864 
0.250000 0.250000 0.250000 0.250000 
 190
0.479817 0.005444 0.046210 
0.462778 0.988877 0.462022 
0.057405 0.005679 0.491768 
0.975033 0.009239 0.007864 0.007864 
0.250000 0.250000 0.250000 0.250000 
 191
0.479817 0.005444 0.046210 
0.462778 0.988877 0.462022 
0.057405 0.005679 0.491768 
0.008892 0.007864 0.974403 0.008841 
0.250000 0.250000 0.250000 0.250000 
 192
0.479817 0.005444 0.046210 
0.462778 0.988877 0.462022 
0.057405 0.005679 0.491768 
0.974793 0.007864 0.007864 0.009478 
0.250000 0.250000 0.250000 0.250000 
 193
0.479817 0.005444 0.046210 
0.462778 0.988877 0.462022 
0.057405 0.005679 0.491768 
0.007864 0.976407 0.007864 0.007864 
0.250000 0.250000 0.250000 0.250000 
 194
0.479817 0.005444 0.046210 
0.462778 0.988877 0.462022 
0.057405 0.005679 0.491768 
0.007871 0.976388 0.007871 0.007871 
0.250000 0.250000 0.250000 0.250000 
 195
0.479817 0.005444 0.046210 
0.462778 0.988877 0.462022 
0.057405 0.005679 0.491768 
0.007864 0.007864 0.027995 0.956276 
0.250000 0.250000 0.250000 0.250000 
 196
0.479817 0.005444 0.046210 
0.462778 0.988877 0.462022 
0.057405 0.005679 0.491768 
0.007864 0.976407 0.007864 0.007864 
0.250000 0.250000 0.250000 0.250000 
 197
0.479817 0.005444 0.046210 
0.462778 0.988877 0.462022 
0.057405 0.005679 0.491768 
0.976407 0.007864 0.007864 0.007864 
0.250000 0.250000 0.250000 0.250000 
 198
0.479817 0.005444 0.046210 
0.462778 0.988877 0.462022 
0.057405 0.005679 0.491768 
0.976407 0.007864 0.007864 0.007864 
0.250000 0.250000 0.250000 0.250000 
 199
0.479817 0.005444 0.046210 
0.462778 0.988877 0.462022 
0.057405 0.005679 0.491768 
0.975091 0.007864 0.009181 0.007864 
0.250000 0.250000 0.250000 0.250000 
 200
0.479817 0.005444 0.046210 
0.462778 0.988877 0.462022 
0.057405 0.005679 0.491768 
0.007864 0.007864 0.007864 0.976407 
0.250000 0.250000 0.250000 0.250000 
 201
0.479817 0.005444 0.046210 
0.462778 0.988877 0.462022 
0.057405 0.005679 0.491768 
0.974199 0.007864 0.008872 0.009065 
0.250000 0.250000 0.250000 0.250000 
 202
0.479817 0.005444 0.046210 
0.462778 0.988877 0.462022 
0.057405 0.005679 0.491768 
0.007864 0.007864 0.007864 0.976407 
0.250000 0.250000 0.250000 0.250000 
 203
0.479817 0.005444 0.046210 
0.462778 0.988877 0.462022 
0.057405 0.005679 0.491768 
0.007864 0.976407 0.007864 0.007864 
0.250000 0.250000 0.250000 0.250000 
 204
0.479817 0.005444 0.046210 
0.462778 0.988877 0.462022 
0.057405 0.005679 0.491768 
0.007864 0.007864 0.973105 0.011166 
0.250000 0.250000 0.250000 0.250000 
 205
0.479817 0.005444 0.046210 
0.462778 0.988877 0.462022 
0.057405 0.005679 0.491768 
0.066605 0.916269 0.009254 0.007872 
0.250000 0.250000 0.250000 0.250000 
 206
0.479817 0.005444 0.046210 
0.462778 0.988877 0.462022 
0.057405 0.005679 0.491768 
0.971207 0.013046 0.007874 0.007874 
0.250000 0.250000 0.250000 0.250000 
 207
0.479817 0.005444 0.046210 
0.462778 0.988877 0.462022 
0.057405 0.005679 0.491768 
0.007864 0.007864 0.974564 0.009707 
0.250000 0.250000 0.250000 0.250000 
 208
0.479817 0.005444 0.046210 
0.462778 0.988877 0.462022 
0.057405 0.005679 0.491768 
0.962030 0.007864 0.022242 0.007864 
0.250000 0.250000 0.250000 0.250000 
 209
0.479817 0.005444 0.046210 
0.462778 0.988877 0.462022 
0.057405 0.005679 0.491768 
0.011481 0.972791 0.007864 0.007864 
0.250000 0.250000 0.250000 0.250000 
 210
0.479817 0.005444 0.046210 
0.462778 0.988877 0.462022 
0.057405 0.005679 0.491768 
0.007864 0.007864 0.012577 0.971695 
0.250000 0.250000 0.250000 0.250000 
 211
0.479817 0.005444 0.046210 
0.462778 0.988877 0.462022 
0.057405 0.005679 0.491768 
0.007864 0.007864 0.976407 0.007864 
0.250000 0.250000 0.250000 0.250000 
 212
0.479817 0.005444 0.046210 
0.462778 0.988877 0.462022 
0.057405 0.005679 0.491768 
0.007864 0.007864 0.976407 0.007864 
0.250000 0.250000 0.250000 0.250000 
 213
0.479817 0.005444 0.046210 
0.462778 0.988877 0.462022 
0.057405 0.005679 0.491768 
0.008841 0.007864 0.009039 0.974256 
0.250000 0.250000 0.250000 0.250000 
 214
0.479817 0.005444 0.046210 
0.462778 0.988877 0.462022 
0.057405 0.005679 0.491768 
0.009187 0.007864 0.975085 0.007864 
0.250000 0.250000 0.250000 0.250000 
 215
0.479817 0.005444 0.046210 
0.462778 0.988877 0.462022 
0.057405 0.005679 0.491768 
0.976407 0.007864 0.007864 0.007864 
0.250000 0.250000 0.250000 0.250000 
 216
0.479817 0.005444 0.046210 
0.462778 0.988877 0.462022 
0.057405 0.005679 0.491768 
0.007864 0.007864 0.007864 0.976407 
0.250000 0.250000 0.250000 0.250000 
 217
0.479817 0.005444 0.046210 
0.462778 0.988877 0.462022 
0.057405 0.005679 0.491768 
0.010635 0.007864 0.973637 0.007864 
0.250000 0.250000 0.250000 0.250000 
 218
0.479817 0.005444 0.046210 
0.462778 0.988877 0.462022 
0.057405 0.005679 0.491768 
0.963727 0.009333 0.007864 0.019076 
0.250000 0.250000 0.250000 0.250000 
 219
0.479817 0.005444 0.046210 
0.462778 0.988877 0.462022 
0.057405 0.005679 0.491768 
0.013270 0.966518 0.007864 0.012348 
0.250000 0.250000 0.250000 0.250000 
 220
0.479817 0.005444 0.046210 
0.462778 0.988877 0.462022 
0.057405 0.005679 0.491768 
0.973037 0.011234 0.007864 0.007864 
0.250000 0.250000 0.250000 0.250000 
 221
0.479817 0.005444 0.046210 
0.462778 0.988877 0.462022 
0.057405 0.005679 0.491768 
0.007864 0.007864 0.007864 0.976407 
0.250000 0.250000 0.250000 0.250000 
 222
0.479817 0.005444 0.046210 
0.462778 0.988877 0.462022 
0.057405 0.005679 0.491768 
0.009138 0.007864 0.973490 0.009507 
0.250000 0.250000 0.250000 0.250000 
 223
0.479817 0.005444 0.046210 
0.462778 0.988877 0.462022 
0.057405 0.005679 0.491768 
0.010436 0.007864 0.973835 0.007864 
0.250000 0.250000 0.250000 0.250000 
 224
0.479817 0.005444 0.046210 
0.462778 0.988877 0.462022 
0.057405 0.005679 0.491768 
0.007864 0.007864 0.007864 0.976407 
0.250000 0.250000 0.250000 0.250000 
 225
0.479817 0.005444 0.046210 
0.462778 0.988877 0.462022 
0.057405 0.005679 0.491768 
0.007864 0.007864 0.009043 0.975229 
0.250000 0.250000 0.250000 0.250000 
 226
0.479817 0.005444 0.046210 
0.462778 0.988877 0.462022 
0.057405 0.005679 0.491768 
0.007864 0.976407 0.007864 0.007864 
0.250000 0.250000 0.250000 0.250000 
 227
0.479817 0.005444 0.046210 
0.462778 0.988877 0.462022 
0.057405 0.005679 0.491768 
0.976407 0.007864 0.007864 0.007864 
0.250000 0.250000 0.250000 0.250000 
 228
0.479817 0.005444 0.046210 
0.462778 0.988877 0.462022 
0.057405 0.005679 0.491768 
0.007864 0.007864 0.009125 0.975146 
0.250000 0.250000 0.250000 0.250000 
 229
0.479817 0.005444 0.046210 
0.462778 0.988877 0.462022 
0.057405 0.005679 0.491768 
0.007864 0.976407 0.007864 0.007864 
0.250000 0.250000 0.250000 0.250000 
 230
0.479817 0.005444 0.046210 
0.462778 0.988877 0.462022 
0.057405 0.005679 0.491768 
0.007864 0.976407 0.007864 0.007864 
0.250000 0.250000 0.250000 0.250000 
 231
0.479817 0.005444 0.046210 
0.462778 0.988877 0.462022 
0.057405 0.005679 0.491768 
0.968716 0.015556 0.007864 0.007864 
0.250000 0.250000 0.250000 0.250000 
 232
0.479817 0.005444 0.046210 
0.462778 0.988877 0.462022 
0.057405 0.005679 0.491768 
0.021483 0.962789 0.007864 0.007864 
0.250000 0.250000 0.250000 0.250000 
 233
0.479817 0.005444 0.046210 
0.462778 0.988877 0.462022 
0.057405 0.005679 0.491768 
0.919272 0.007864 0.007864 0.065000 
0.250000 0.250000 0.250000 0.250000 
 234
0.479817 0.005444 0.046210 
0.462778 0.988877 0.462022 
0.057405 0.005679 0.491768 
0.973431 0.010841 0.007864 0.007864 
0.250000 0.250000 0.250000 0.250000 
 235
0.479817 0.005444 0.046210 
0.462778 0.988877 0.462022 
0.057405 0.005679 0.491768 
