%  SAM: /scicomp/home/vfn4/Tools/LABEL_RES/scripts/modelfromalign v3.5 (July 15, 2005) compiled 12/08/06_16:15:55
%  (c) 1992-2001 Regents of the University of California, Santa Cruz
%
%          Sequence Alignment and Modeling Software System
%         http://www.cse.ucsc.edu/research/compbio/sam.html
%
% ----------------- Citations (SAM, SAM-T2K, HMMs) --------------------
% R. Hughey, A. Krogh, Hidden Markov models for sequence analysis:
%  Extension and analysis of the basic method, CABIOS 12:95-107, 1996.
% K. Karplus, et al., What is the value added by human intervention in protein
%  structure prediction, Proteins: Stucture, Function, Genetics 45(S5):86--91, 2001.
% A. Krogh et al., Hidden Markov models in computational biology:
%  Applications to protein modeling, JMB 235:1501-1531, Feb 1994.
% ---------------------------------------------------------------------
%  c-4-7-VIC_hmm   Host: login.aspen.biotech.cdc.gov    Mon Jan  5 11:41:05 2015
%  vfn4            Dir:  /scicomp/home/vfn4/fluA/HA_H3/H3prerelease1/c-3-4-5-6-7-VIC/c-3-4-7-VIC
% ---------------------------------------------------------------------
%  Alignment weights from internal calc.  Total (22.98) Max (0.25) Min (0.03)
%  Weights from alignment method 1 (karplus), b=-1.000000, e=0.500000
MODEL --  Model from alignment file /scicomp/home/vfn4/Tools/LABEL_RES/training_data/H3prerelease1/c-3-4-5-6-7-VIC/c-3-4-7-VIC/c-4-7-VIC.fasta
alphabet DNA
FREQAVE
0.000000 0.000000 0.000000 
0.000000 0.000000 0.000000 
0.000000 0.000000 0.000000 
0.339460 0.221713 0.197794 0.241033 
0.339460 0.221713 0.197794 0.241033 
Begin
0.000000 0.000000 0.000000 
0.000000 0.000000 0.000000 
0.000000 0.006816 0.491768 
0.250000 0.250000 0.250000 0.250000 
0.250000 0.250000 0.250000 0.250000 
   1
0.000000 0.025637 0.046210 
0.000000 0.967546 0.462022 
0.048258 0.006949 0.491768 
0.967718 0.010761 0.010761 0.010761 
0.250000 0.250000 0.250000 0.250000 
   2
0.562706 0.006661 0.046210 
0.389036 0.986390 0.462022 
0.048258 0.006949 0.491768 
0.010761 0.010761 0.010761 0.967718 
0.250000 0.250000 0.250000 0.250000 
   3
0.562706 0.006661 0.046210 
0.389036 0.986390 0.462022 
0.048258 0.006949 0.491768 
0.010761 0.967718 0.010761 0.010761 
0.250000 0.250000 0.250000 0.250000 
   4
0.562706 0.006661 0.046210 
0.389036 0.986390 0.462022 
0.048258 0.006949 0.491768 
0.967718 0.010761 0.010761 0.010761 
0.250000 0.250000 0.250000 0.250000 
   5
0.562706 0.006661 0.046210 
0.389036 0.986390 0.462022 
0.048258 0.006949 0.491768 
0.967718 0.010761 0.010761 0.010761 
0.250000 0.250000 0.250000 0.250000 
   6
0.562706 0.006661 0.046210 
0.389036 0.986390 0.462022 
0.048258 0.006949 0.491768 
0.012817 0.965662 0.010761 0.010761 
0.250000 0.250000 0.250000 0.250000 
   7
0.555235 0.006661 0.046210 
0.396507 0.986390 0.462022 
0.048621 0.006942 0.491768 
0.965951 0.012560 0.010744 0.010744 
0.250000 0.250000 0.250000 0.250000 
   8
0.559414 0.006655 0.046210 
0.391965 0.986403 0.462022 
0.048621 0.006942 0.491768 
0.010744 0.010744 0.967767 0.010744 
0.250000 0.250000 0.250000 0.250000 
   9
0.559414 0.006655 0.046210 
0.391965 0.986403 0.462022 
0.048621 0.006942 0.491768 
0.010744 0.010744 0.137363 0.841148 
0.250000 0.250000 0.250000 0.250000 
  10
0.559414 0.006655 0.046210 
0.391965 0.986403 0.462022 
0.048621 0.006942 0.491768 
0.952516 0.025995 0.010744 0.010744 
0.250000 0.250000 0.250000 0.250000 
  11
0.548968 0.006655 0.046210 
0.402411 0.986403 0.462022 
0.049134 0.006934 0.491768 
0.010722 0.010722 0.026831 0.951725 
0.250000 0.250000 0.250000 0.250000 
  12
0.536921 0.006646 0.046210 
0.413944 0.986420 0.462022 
0.050027 0.006919 0.491768 
0.013419 0.010685 0.965212 0.010685 
0.250000 0.250000 0.250000 0.250000 
  13
0.546675 0.006632 0.046210 
0.403298 0.986449 0.462022 
0.050027 0.006919 0.491768 
0.965212 0.010685 0.013419 0.010685 
0.250000 0.250000 0.250000 0.250000 
  14
0.520336 0.006632 0.046210 
0.429637 0.986449 0.462022 
0.051380 0.006898 0.491768 
0.013352 0.010631 0.010631 0.965387 
0.250000 0.250000 0.250000 0.250000 
  15
0.534412 0.006612 0.046210 
0.414208 0.986491 0.462022 
0.051380 0.006898 0.491768 
0.010631 0.010631 0.010631 0.968108 
0.250000 0.250000 0.250000 0.250000 
  16
0.534412 0.006612 0.046210 
0.414208 0.986491 0.462022 
0.051380 0.006898 0.491768 
0.010631 0.968108 0.010631 0.010631 
0.250000 0.250000 0.250000 0.250000 
  17
0.534412 0.006612 0.046210 
0.414208 0.986491 0.462022 
0.051380 0.006898 0.491768 
0.010631 0.010631 0.968108 0.010631 
0.250000 0.250000 0.250000 0.250000 
  18
0.534412 0.006612 0.046210 
0.414208 0.986491 0.462022 
0.051380 0.006898 0.491768 
0.010631 0.010631 0.010631 0.968108 
0.250000 0.250000 0.250000 0.250000 
  19
0.534412 0.006612 0.046210 
0.414208 0.986491 0.462022 
0.051380 0.006898 0.491768 
0.010631 0.010631 0.010631 0.968108 
0.250000 0.250000 0.250000 0.250000 
  20
0.534412 0.006612 0.046210 
0.414208 0.986491 0.462022 
0.051380 0.006898 0.491768 
0.010631 0.012440 0.010631 0.966299 
0.250000 0.250000 0.250000 0.250000 
  21
0.534412 0.006612 0.046210 
0.414208 0.986491 0.462022 
0.051380 0.006898 0.491768 
0.013082 0.965656 0.010631 0.010631 
0.250000 0.250000 0.250000 0.250000 
  22
0.534412 0.006612 0.046210 
0.414208 0.986491 0.462022 
0.051380 0.006898 0.491768 
0.963040 0.015699 0.010631 0.010631 
0.250000 0.250000 0.250000 0.250000 
  23
0.524558 0.006612 0.046210 
0.424062 0.986491 0.462022 
0.051892 0.006890 0.491768 
0.012866 0.965912 0.010611 0.010611 
0.250000 0.250000 0.250000 0.250000 
  24
0.529778 0.006604 0.046210 
0.418330 0.986506 0.462022 
0.051892 0.006890 0.491768 
0.010611 0.010611 0.968167 0.010611 
0.250000 0.250000 0.250000 0.250000 
  25
0.529778 0.006604 0.046210 
0.418330 0.986506 0.462022 
0.051892 0.006890 0.491768 
0.010611 0.010611 0.028212 0.950566 
0.250000 0.250000 0.250000 0.250000 
  26
0.529778 0.006604 0.046210 
0.418330 0.986506 0.462022 
0.051892 0.006890 0.491768 
0.961986 0.016792 0.010611 0.010611 
0.250000 0.250000 0.250000 0.250000 
  27
0.529778 0.006604 0.046210 
0.418330 0.986506 0.462022 
0.051892 0.006890 0.491768 
0.010611 0.010611 0.968167 0.010611 
0.250000 0.250000 0.250000 0.250000 
  28
0.529778 0.006604 0.046210 
0.418330 0.986506 0.462022 
0.051892 0.006890 0.491768 
0.964716 0.014062 0.010611 0.010611 
0.250000 0.250000 0.250000 0.250000 
  29
0.529778 0.006604 0.046210 
0.418330 0.986506 0.462022 
0.051892 0.006890 0.491768 
0.010611 0.010611 0.012491 0.966287 
0.250000 0.250000 0.250000 0.250000 
  30
0.529778 0.006604 0.046210 
0.418330 0.986506 0.462022 
0.051892 0.006890 0.491768 
0.010611 0.010611 0.013926 0.964852 
0.250000 0.250000 0.250000 0.250000 
  31
0.529778 0.006604 0.046210 
0.418330 0.986506 0.462022 
0.051892 0.006890 0.491768 
0.012728 0.010611 0.966049 0.010611 
0.250000 0.250000 0.250000 0.250000 
  32
0.529778 0.006604 0.046210 
0.418330 0.986506 0.462022 
0.051892 0.006890 0.491768 
0.010611 0.010611 0.010611 0.968167 
0.250000 0.250000 0.250000 0.250000 
  33
0.529778 0.006604 0.046210 
0.418330 0.986506 0.462022 
0.051892 0.006890 0.491768 
0.965487 0.013291 0.010611 0.010611 
0.250000 0.250000 0.250000 0.250000 
  34
0.529778 0.006604 0.046210 
0.418330 0.986506 0.462022 
0.051892 0.006890 0.491768 
0.010611 0.010611 0.010611 0.968167 
0.250000 0.250000 0.250000 0.250000 
  35
0.529778 0.006604 0.046210 
0.418330 0.986506 0.462022 
0.051892 0.006890 0.491768 
0.012762 0.966016 0.010611 0.010611 
0.250000 0.250000 0.250000 0.250000 
  36
0.529778 0.006604 0.046210 
0.418330 0.986506 0.462022 
0.051892 0.006890 0.491768 
0.010611 0.010611 0.015867 0.962911 
0.250000 0.250000 0.250000 0.250000 
  37
0.529778 0.006604 0.046210 
0.418330 0.986506 0.462022 
0.051892 0.006890 0.491768 
0.010611 0.010611 0.962691 0.016087 
0.250000 0.250000 0.250000 0.250000 
  38
0.529778 0.006604 0.046210 
0.418330 0.986506 0.462022 
0.051892 0.006890 0.491768 
0.010611 0.031949 0.010611 0.946829 
0.250000 0.250000 0.250000 0.250000 
  39
0.529778 0.006604 0.046210 
0.418330 0.986506 0.462022 
0.051892 0.006890 0.491768 
0.010611 0.968167 0.010611 0.010611 
0.250000 0.250000 0.250000 0.250000 
  40
0.529778 0.006604 0.046210 
0.418330 0.986506 0.462022 
0.051892 0.006890 0.491768 
0.012978 0.965800 0.010611 0.010611 
0.250000 0.250000 0.250000 0.250000 
  41
0.529778 0.006604 0.046210 
0.418330 0.986506 0.462022 
0.051892 0.006890 0.491768 
0.010611 0.010611 0.014524 0.964254 
0.250000 0.250000 0.250000 0.250000 
  42
0.529778 0.006604 0.046210 
0.418330 0.986506 0.462022 
0.051892 0.006890 0.491768 
0.010611 0.010611 0.010611 0.968167 
0.250000 0.250000 0.250000 0.250000 
  43
0.529778 0.006604 0.046210 
0.418330 0.986506 0.462022 
0.051892 0.006890 0.491768 
0.010611 0.010611 0.012868 0.965910 
0.250000 0.250000 0.250000 0.250000 
  44
0.529778 0.006604 0.046210 
0.418330 0.986506 0.462022 
0.051892 0.006890 0.491768 
0.012729 0.010611 0.012364 0.964297 
0.250000 0.250000 0.250000 0.250000 
  45
0.529778 0.006604 0.046210 
0.418330 0.986506 0.462022 
0.051892 0.006890 0.491768 
0.010611 0.010611 0.966218 0.012560 
0.250000 0.250000 0.250000 0.250000 
  46
0.529778 0.006604 0.046210 
0.418330 0.986506 0.462022 
0.051892 0.006890 0.491768 
0.030876 0.947902 0.010611 0.010611 
0.250000 0.250000 0.250000 0.250000 
  47
0.529778 0.006604 0.046210 
0.418330 0.986506 0.462022 
0.051892 0.006890 0.491768 
0.010611 0.010611 0.968167 0.010611 
0.250000 0.250000 0.250000 0.250000 
  48
0.529778 0.006604 0.046210 
0.418330 0.986506 0.462022 
0.051892 0.006890 0.491768 
0.010611 0.010611 0.041167 0.937611 
0.250000 0.250000 0.250000 0.250000 
  49
0.452720 0.006604 0.046210 
0.495388 0.986506 0.462022 
0.056224 0.006831 0.491768 
0.012622 0.010462 0.966453 0.010462 
0.250000 0.250000 0.250000 0.250000 
  50
0.490518 0.006547 0.046210 
0.453257 0.986622 0.462022 
0.056224 0.006831 0.491768 
0.968614 0.010462 0.010462 0.010462 
0.250000 0.250000 0.250000 0.250000 
  51
0.490518 0.006547 0.046210 
0.453257 0.986622 0.462022 
0.056224 0.006831 0.491768 
0.963783 0.015292 0.010462 0.010462 
0.250000 0.250000 0.250000 0.250000 
  52
0.490518 0.006547 0.046210 
0.453257 0.986622 0.462022 
0.056224 0.006831 0.491768 
0.965256 0.013820 0.010462 0.010462 
0.250000 0.250000 0.250000 0.250000 
  53
0.490518 0.006547 0.046210 
0.453257 0.986622 0.462022 
0.056224 0.006831 0.491768 
0.968614 0.010462 0.010462 0.010462 
0.250000 0.250000 0.250000 0.250000 
  54
0.490518 0.006547 0.046210 
0.453257 0.986622 0.462022 
0.056224 0.006831 0.491768 
0.958932 0.014718 0.015888 0.010462 
0.250000 0.250000 0.250000 0.250000 
  55
0.490518 0.006547 0.046210 
0.453257 0.986622 0.462022 
0.056224 0.006831 0.491768 
0.025203 0.010462 0.938318 0.026017 
0.250000 0.250000 0.250000 0.250000 
  56
0.490518 0.006547 0.046210 
0.453257 0.986622 0.462022 
0.056224 0.006831 0.491768 
0.010462 0.010462 0.010462 0.968614 
0.250000 0.250000 0.250000 0.250000 
  57
0.490518 0.006547 0.046210 
0.453257 0.986622 0.462022 
0.056224 0.006831 0.491768 
0.010462 0.010462 0.017632 0.961443 
0.250000 0.250000 0.250000 0.250000 
  58
0.490518 0.006547 0.046210 
0.453257 0.986622 0.462022 
0.056224 0.006831 0.491768 
0.010462 0.010462 0.968614 0.010462 
0.250000 0.250000 0.250000 0.250000 
  59
0.490518 0.006547 0.046210 
0.453257 0.986622 0.462022 
0.056224 0.006831 0.491768 
0.010462 0.010462 0.968614 0.010462 
0.250000 0.250000 0.250000 0.250000 
  60
0.490518 0.006547 0.046210 
0.453257 0.986622 0.462022 
0.056224 0.006831 0.491768 
0.012359 0.010462 0.010462 0.966716 
0.250000 0.250000 0.250000 0.250000 
  61
0.490518 0.006547 0.046210 
0.453257 0.986622 0.462022 
0.056224 0.006831 0.491768 
0.014766 0.964310 0.010462 0.010462 
0.250000 0.250000 0.250000 0.250000 
  62
0.490518 0.006547 0.046210 
0.453257 0.986622 0.462022 
0.056224 0.006831 0.491768 
0.017079 0.961997 0.010462 0.010462 
0.250000 0.250000 0.250000 0.250000 
  63
0.490518 0.006547 0.046210 
0.453257 0.986622 0.462022 
0.056224 0.006831 0.491768 
0.968614 0.010462 0.010462 0.010462 
0.250000 0.250000 0.250000 0.250000 
  64
0.490518 0.006547 0.046210 
0.453257 0.986622 0.462022 
0.056224 0.006831 0.491768 
0.959731 0.019345 0.010462 0.010462 
0.250000 0.250000 0.250000 0.250000 
  65
0.490518 0.006547 0.046210 
0.453257 0.986622 0.462022 
0.056224 0.006831 0.491768 
0.968614 0.010462 0.010462 0.010462 
0.250000 0.250000 0.250000 0.250000 
  66
0.481639 0.006547 0.046210 
0.462137 0.986622 0.462022 
0.056728 0.006824 0.491768 
0.010447 0.010447 0.010447 0.968660 
0.250000 0.250000 0.250000 0.250000 
  67
0.485954 0.006541 0.046210 
0.457318 0.986634 0.462022 
0.056728 0.006824 0.491768 
0.010447 0.966551 0.010447 0.012556 
0.250000 0.250000 0.250000 0.250000 
  68
0.485954 0.006541 0.046210 
0.457318 0.986634 0.462022 
0.056728 0.006824 0.491768 
0.968660 0.010447 0.010447 0.010447 
0.250000 0.250000 0.250000 0.250000 
  69
0.485954 0.006541 0.046210 
0.457318 0.986634 0.462022 
0.056728 0.006824 0.491768 
0.012190 0.010447 0.965140 0.012223 
0.250000 0.250000 0.250000 0.250000 
  70
0.485954 0.006541 0.046210 
0.457318 0.986634 0.462022 
0.056728 0.006824 0.491768 
0.962324 0.016783 0.010447 0.010447 
0.250000 0.250000 0.250000 0.250000 
  71
0.485954 0.006541 0.046210 
0.457318 0.986634 0.462022 
0.056728 0.006824 0.491768 
0.968660 0.010447 0.010447 0.010447 
0.250000 0.250000 0.250000 0.250000 
  72
0.485954 0.006541 0.046210 
0.457318 0.986634 0.462022 
0.056728 0.006824 0.491768 
0.010447 0.010447 0.968660 0.010447 
0.250000 0.250000 0.250000 0.250000 
  73
0.485954 0.006541 0.046210 
0.457318 0.986634 0.462022 
0.056728 0.006824 0.491768 
0.968660 0.010447 0.010447 0.010447 
0.250000 0.250000 0.250000 0.250000 
  74
0.485954 0.006541 0.046210 
0.457318 0.986634 0.462022 
0.056728 0.006824 0.491768 
0.023259 0.955848 0.010447 0.010447 
0.250000 0.250000 0.250000 0.250000 
  75
0.485954 0.006541 0.046210 
0.457318 0.986634 0.462022 
0.056728 0.006824 0.491768 
0.010447 0.010447 0.968660 0.010447 
0.250000 0.250000 0.250000 0.250000 
  76
0.485954 0.006541 0.046210 
0.457318 0.986634 0.462022 
0.056728 0.006824 0.491768 
0.958707 0.020400 0.010447 0.010447 
0.250000 0.250000 0.250000 0.250000 
  77
0.485954 0.006541 0.046210 
0.457318 0.986634 0.462022 
0.056728 0.006824 0.491768 
0.010447 0.010447 0.962608 0.016499 
0.250000 0.250000 0.250000 0.250000 
  78
0.485954 0.006541 0.046210 
0.457318 0.986634 0.462022 
0.056728 0.006824 0.491768 
0.017833 0.961273 0.010447 0.010447 
0.250000 0.250000 0.250000 0.250000 
  79
0.485954 0.006541 0.046210 
0.457318 0.986634 0.462022 
0.056728 0.006824 0.491768 
0.010447 0.968660 0.010447 0.010447 
0.250000 0.250000 0.250000 0.250000 
  80
0.485954 0.006541 0.046210 
0.457318 0.986634 0.462022 
0.056728 0.006824 0.491768 
0.010447 0.010447 0.968660 0.010447 
0.250000 0.250000 0.250000 0.250000 
  81
0.485954 0.006541 0.046210 
0.457318 0.986634 0.462022 
0.056728 0.006824 0.491768 
0.968660 0.010447 0.010447 0.010447 
0.250000 0.250000 0.250000 0.250000 
  82
0.485954 0.006541 0.046210 
0.457318 0.986634 0.462022 
0.056728 0.006824 0.491768 
0.968660 0.010447 0.010447 0.010447 
0.250000 0.250000 0.250000 0.250000 
  83
0.485954 0.006541 0.046210 
0.457318 0.986634 0.462022 
0.056728 0.006824 0.491768 
0.010447 0.010447 0.968660 0.010447 
0.250000 0.250000 0.250000 0.250000 
  84
0.485954 0.006541 0.046210 
0.457318 0.986634 0.462022 
0.056728 0.006824 0.491768 
0.013959 0.965148 0.010447 0.010447 
0.250000 0.250000 0.250000 0.250000 
  85
0.485954 0.006541 0.046210 
0.457318 0.986634 0.462022 
0.056728 0.006824 0.491768 
0.010447 0.010447 0.968660 0.010447 
0.250000 0.250000 0.250000 0.250000 
  86
0.485954 0.006541 0.046210 
0.457318 0.986634 0.462022 
0.056728 0.006824 0.491768 
0.010447 0.010447 0.010447 0.968660 
0.250000 0.250000 0.250000 0.250000 
  87
0.485954 0.006541 0.046210 
0.457318 0.986634 0.462022 
0.056728 0.006824 0.491768 
0.015937 0.953458 0.010447 0.020158 
0.250000 0.250000 0.250000 0.250000 
  88
0.485954 0.006541 0.046210 
0.457318 0.986634 0.462022 
0.056728 0.006824 0.491768 
0.010447 0.010447 0.010447 0.968660 
0.250000 0.250000 0.250000 0.250000 
  89
0.485954 0.006541 0.046210 
0.457318 0.986634 0.462022 
0.056728 0.006824 0.491768 
0.010447 0.968660 0.010447 0.010447 
0.250000 0.250000 0.250000 0.250000 
  90
0.485954 0.006541 0.046210 
0.457318 0.986634 0.462022 
0.056728 0.006824 0.491768 
0.010447 0.010447 0.966622 0.012485 
0.250000 0.250000 0.250000 0.250000 
  91
0.485954 0.006541 0.046210 
0.457318 0.986634 0.462022 
0.056728 0.006824 0.491768 
0.010447 0.010447 0.968660 0.010447 
0.250000 0.250000 0.250000 0.250000 
  92
0.485954 0.006541 0.046210 
0.457318 0.986634 0.462022 
0.056728 0.006824 0.491768 
0.010447 0.010447 0.010447 0.968660 
0.250000 0.250000 0.250000 0.250000 
  93
0.485954 0.006541 0.046210 
0.457318 0.986634 0.462022 
0.056728 0.006824 0.491768 
0.010447 0.021890 0.010447 0.957217 
0.250000 0.250000 0.250000 0.250000 
  94
0.485954 0.006541 0.046210 
0.457318 0.986634 0.462022 
0.056728 0.006824 0.491768 
0.010447 0.968660 0.010447 0.010447 
0.250000 0.250000 0.250000 0.250000 
  95
0.485954 0.006541 0.046210 
0.457318 0.986634 0.462022 
0.056728 0.006824 0.491768 
0.010447 0.968660 0.010447 0.010447 
0.250000 0.250000 0.250000 0.250000 
  96
0.485954 0.006541 0.046210 
0.457318 0.986634 0.462022 
0.056728 0.006824 0.491768 
0.010447 0.966273 0.012834 0.010447 
0.250000 0.250000 0.250000 0.250000 
  97
0.485954 0.006541 0.046210 
0.457318 0.986634 0.462022 
0.056728 0.006824 0.491768 
0.010447 0.010447 0.968660 0.010447 
0.250000 0.250000 0.250000 0.250000 
  98
0.485954 0.006541 0.046210 
0.457318 0.986634 0.462022 
0.056728 0.006824 0.491768 
0.968660 0.010447 0.010447 0.010447 
0.250000 0.250000 0.250000 0.250000 
  99
0.485954 0.006541 0.046210 
0.457318 0.986634 0.462022 
0.056728 0.006824 0.491768 
0.010447 0.010447 0.966890 0.012217 
0.250000 0.250000 0.250000 0.250000 
 100
0.485954 0.006541 0.046210 
0.457318 0.986634 0.462022 
0.056728 0.006824 0.491768 
0.010447 0.010447 0.966729 0.012378 
0.250000 0.250000 0.250000 0.250000 
 101
0.485954 0.006541 0.046210 
0.457318 0.986634 0.462022 
0.056728 0.006824 0.491768 
0.968660 0.010447 0.010447 0.010447 
0.250000 0.250000 0.250000 0.250000 
 102
0.485954 0.006541 0.046210 
0.457318 0.986634 0.462022 
0.056728 0.006824 0.491768 
0.010447 0.010447 0.010447 0.968660 
0.250000 0.250000 0.250000 0.250000 
 103
0.485954 0.006541 0.046210 
0.457318 0.986634 0.462022 
0.056728 0.006824 0.491768 
0.010447 0.968660 0.010447 0.010447 
0.250000 0.250000 0.250000 0.250000 
 104
0.485954 0.006541 0.046210 
0.457318 0.986634 0.462022 
0.056728 0.006824 0.491768 
0.010447 0.010447 0.968660 0.010447 
0.250000 0.250000 0.250000 0.250000 
 105
0.485954 0.006541 0.046210 
0.457318 0.986634 0.462022 
0.056728 0.006824 0.491768 
0.968660 0.010447 0.010447 0.010447 
0.250000 0.250000 0.250000 0.250000 
 106
0.485954 0.006541 0.046210 
0.457318 0.986634 0.462022 
0.056728 0.006824 0.491768 
0.010447 0.968660 0.010447 0.010447 
0.250000 0.250000 0.250000 0.250000 
 107
0.485954 0.006541 0.046210 
0.457318 0.986634 0.462022 
0.056728 0.006824 0.491768 
0.010447 0.010447 0.010447 0.968660 
0.250000 0.250000 0.250000 0.250000 
 108
0.485954 0.006541 0.046210 
0.457318 0.986634 0.462022 
0.056728 0.006824 0.491768 
0.964715 0.012360 0.012479 0.010447 
0.250000 0.250000 0.250000 0.250000 
 109
0.485954 0.006541 0.046210 
0.457318 0.986634 0.462022 
0.056728 0.006824 0.491768 
0.010447 0.010447 0.959317 0.019790 
0.250000 0.250000 0.250000 0.250000 
 110
0.485954 0.006541 0.046210 
0.457318 0.986634 0.462022 
0.056728 0.006824 0.491768 
0.010447 0.010447 0.968660 0.010447 
0.250000 0.250000 0.250000 0.250000 
 111
0.485954 0.006541 0.046210 
0.457318 0.986634 0.462022 
0.056728 0.006824 0.491768 
0.965066 0.014041 0.010447 0.010447 
0.250000 0.250000 0.250000 0.250000 
 112
0.485954 0.006541 0.046210 
0.457318 0.986634 0.462022 
0.056728 0.006824 0.491768 
0.968660 0.010447 0.010447 0.010447 
0.250000 0.250000 0.250000 0.250000 
 113
0.485954 0.006541 0.046210 
0.457318 0.986634 0.462022 
0.056728 0.006824 0.491768 
0.968660 0.010447 0.010447 0.010447 
0.250000 0.250000 0.250000 0.250000 
 114
0.485954 0.006541 0.046210 
0.457318 0.986634 0.462022 
0.056728 0.006824 0.491768 
0.010447 0.010447 0.958653 0.020454 
0.250000 0.250000 0.250000 0.250000 
 115
0.485954 0.006541 0.046210 
0.457318 0.986634 0.462022 
0.056728 0.006824 0.491768 
0.010447 0.968660 0.010447 0.010447 
0.250000 0.250000 0.250000 0.250000 
 116
0.485954 0.006541 0.046210 
0.457318 0.986634 0.462022 
0.056728 0.006824 0.491768 
0.010447 0.968660 0.010447 0.010447 
0.250000 0.250000 0.250000 0.250000 
 117
0.485954 0.006541 0.046210 
0.457318 0.986634 0.462022 
0.056728 0.006824 0.491768 
0.965285 0.013822 0.010447 0.010447 
0.250000 0.250000 0.250000 0.250000 
 118
0.485954 0.006541 0.046210 
0.457318 0.986634 0.462022 
0.056728 0.006824 0.491768 
0.968660 0.010447 0.010447 0.010447 
0.250000 0.250000 0.250000 0.250000 
 119
0.485954 0.006541 0.046210 
0.457318 0.986634 0.462022 
0.056728 0.006824 0.491768 
0.010447 0.010447 0.968660 0.010447 
0.250000 0.250000 0.250000 0.250000 
 120
0.485954 0.006541 0.046210 
0.457318 0.986634 0.462022 
0.056728 0.006824 0.491768 
0.032288 0.946819 0.010447 0.010447 
0.250000 0.250000 0.250000 0.250000 
 121
0.485954 0.006541 0.046210 
0.457318 0.986634 0.462022 
0.056728 0.006824 0.491768 
0.966800 0.012307 0.010447 0.010447 
0.250000 0.250000 0.250000 0.250000 
 122
0.485954 0.006541 0.046210 
0.457318 0.986634 0.462022 
0.056728 0.006824 0.491768 
0.010447 0.010447 0.010447 0.968660 
0.250000 0.250000 0.250000 0.250000 
 123
0.485954 0.006541 0.046210 
0.457318 0.986634 0.462022 
0.056728 0.006824 0.491768 
0.963392 0.013636 0.010447 0.012525 
0.250000 0.250000 0.250000 0.250000 
 124
0.474157 0.006541 0.046210 
0.469115 0.986634 0.462022 
0.057405 0.006816 0.491768 
0.010426 0.968722 0.010426 0.010426 
0.250000 0.250000 0.250000 0.250000 
 125
0.479817 0.006534 0.046210 
0.462778 0.986650 0.462022 
0.057405 0.006816 0.491768 
0.010426 0.010426 0.010426 0.968722 
0.250000 0.250000 0.250000 0.250000 
 126
0.479817 0.006534 0.046210 
0.462778 0.986650 0.462022 
0.057405 0.006816 0.491768 
0.016511 0.960906 0.010426 0.012157 
0.250000 0.250000 0.250000 0.250000 
 127
0.479817 0.006534 0.046210 
0.462778 0.986650 0.462022 
0.057405 0.006816 0.491768 
0.968722 0.010426 0.010426 0.010426 
0.250000 0.250000 0.250000 0.250000 
 128
0.479817 0.006534 0.046210 
0.462778 0.986650 0.462022 
0.057405 0.006816 0.491768 
0.968722 0.010426 0.010426 0.010426 
0.250000 0.250000 0.250000 0.250000 
 129
0.479817 0.006534 0.046210 
0.462778 0.986650 0.462022 
0.057405 0.006816 0.491768 
0.963407 0.015741 0.010426 0.010426 
0.250000 0.250000 0.250000 0.250000 
 130
0.479817 0.006534 0.046210 
0.462778 0.986650 0.462022 
0.057405 0.006816 0.491768 
0.968722 0.010426 0.010426 0.010426 
0.250000 0.250000 0.250000 0.250000 
 131
0.479817 0.006534 0.046210 
0.462778 0.986650 0.462022 
0.057405 0.006816 0.491768 
0.010426 0.010426 0.968722 0.010426 
0.250000 0.250000 0.250000 0.250000 
 132
0.479817 0.006534 0.046210 
0.462778 0.986650 0.462022 
0.057405 0.006816 0.491768 
0.968722 0.010426 0.010426 0.010426 
0.250000 0.250000 0.250000 0.250000 
 133
0.479817 0.006534 0.046210 
0.462778 0.986650 0.462022 
0.057405 0.006816 0.491768 
0.968722 0.010426 0.010426 0.010426 
0.250000 0.250000 0.250000 0.250000 
 134
0.479817 0.006534 0.046210 
0.462778 0.986650 0.462022 
0.057405 0.006816 0.491768 
0.010426 0.010426 0.010426 0.968722 
0.250000 0.250000 0.250000 0.250000 
 135
0.479817 0.006534 0.046210 
0.462778 0.986650 0.462022 
0.057405 0.006816 0.491768 
0.012268 0.010426 0.966879 0.010426 
0.250000 0.250000 0.250000 0.250000 
 136
0.479817 0.006534 0.046210 
0.462778 0.986650 0.462022 
0.057405 0.006816 0.491768 
0.966649 0.012499 0.010426 0.010426 
0.250000 0.250000 0.250000 0.250000 
 137
0.479817 0.006534 0.046210 
0.462778 0.986650 0.462022 
0.057405 0.006816 0.491768 
0.010426 0.010426 0.968722 0.010426 
0.250000 0.250000 0.250000 0.250000 
 138
0.479817 0.006534 0.046210 
0.462778 0.986650 0.462022 
0.057405 0.006816 0.491768 
0.030577 0.946925 0.010426 0.012072 
0.250000 0.250000 0.250000 0.250000 
 139
0.479817 0.006534 0.046210 
0.462778 0.986650 0.462022 
0.057405 0.006816 0.491768 
0.956501 0.022647 0.010426 0.010426 
0.250000 0.250000 0.250000 0.250000 
 140
0.479817 0.006534 0.046210 
0.462778 0.986650 0.462022 
0.057405 0.006816 0.491768 
0.968722 0.010426 0.010426 0.010426 
0.250000 0.250000 0.250000 0.250000 
 141
0.479817 0.006534 0.046210 
0.462778 0.986650 0.462022 
0.057405 0.006816 0.491768 
0.010426 0.010426 0.010426 0.968722 
0.250000 0.250000 0.250000 0.250000 
 142
0.479817 0.006534 0.046210 
0.462778 0.986650 0.462022 
0.057405 0.006816 0.491768 
0.010426 0.968722 0.010426 0.010426 
0.250000 0.250000 0.250000 0.250000 
 143
0.479817 0.006534 0.046210 
0.462778 0.986650 0.462022 
0.057405 0.006816 0.491768 
0.968722 0.010426 0.010426 0.010426 
0.250000 0.250000 0.250000 0.250000 
 144
0.479817 0.006534 0.046210 
0.462778 0.986650 0.462022 
0.057405 0.006816 0.491768 
0.010426 0.010426 0.968722 0.010426 
0.250000 0.250000 0.250000 0.250000 
 145
0.479817 0.006534 0.046210 
0.462778 0.986650 0.462022 
0.057405 0.006816 0.491768 
0.010426 0.010426 0.968722 0.010426 
0.250000 0.250000 0.250000 0.250000 
 146
0.479817 0.006534 0.046210 
0.462778 0.986650 0.462022 
0.057405 0.006816 0.491768 
0.968722 0.010426 0.010426 0.010426 
0.250000 0.250000 0.250000 0.250000 
 147
0.479817 0.006534 0.046210 
0.462778 0.986650 0.462022 
0.057405 0.006816 0.491768 
0.957908 0.021240 0.010426 0.010426 
0.250000 0.250000 0.250000 0.250000 
 148
0.479817 0.006534 0.046210 
0.462778 0.986650 0.462022 
0.057405 0.006816 0.491768 
0.961508 0.017639 0.010426 0.010426 
0.250000 0.250000 0.250000 0.250000 
 149
0.479817 0.006534 0.046210 
0.462778 0.986650 0.462022 
0.057405 0.006816 0.491768 
0.010426 0.010426 0.010426 0.968722 
0.250000 0.250000 0.250000 0.250000 
 150
0.479817 0.006534 0.046210 
0.462778 0.986650 0.462022 
0.057405 0.006816 0.491768 
0.014411 0.010426 0.010426 0.964737 
0.250000 0.250000 0.250000 0.250000 
 151
0.479817 0.006534 0.046210 
0.462778 0.986650 0.462022 
0.057405 0.006816 0.491768 
0.010426 0.968722 0.010426 0.010426 
0.250000 0.250000 0.250000 0.250000 
 152
0.479817 0.006534 0.046210 
0.462778 0.986650 0.462022 
0.057405 0.006816 0.491768 
0.968722 0.010426 0.010426 0.010426 
0.250000 0.250000 0.250000 0.250000 
 153
0.479817 0.006534 0.046210 
0.462778 0.986650 0.462022 
0.057405 0.006816 0.491768 
0.965008 0.014140 0.010426 0.010426 
0.250000 0.250000 0.250000 0.250000 
 154
0.479817 0.006534 0.046210 
0.462778 0.986650 0.462022 
0.057405 0.006816 0.491768 
0.010426 0.968722 0.010426 0.010426 
0.250000 0.250000 0.250000 0.250000 
 155
0.479817 0.006534 0.046210 
0.462778 0.986650 0.462022 
0.057405 0.006816 0.491768 
0.010426 0.010426 0.010426 0.968722 
0.250000 0.250000 0.250000 0.250000 
 156
0.479817 0.006534 0.046210 
0.462778 0.986650 0.462022 
0.057405 0.006816 0.491768 
0.010426 0.010426 0.012186 0.966962 
0.250000 0.250000 0.250000 0.250000 
 157
0.479817 0.006534 0.046210 
0.462778 0.986650 0.462022 
0.057405 0.006816 0.491768 
0.968722 0.010426 0.010426 0.010426 
0.250000 0.250000 0.250000 0.250000 
 158
0.479817 0.006534 0.046210 
0.462778 0.986650 0.462022 
0.057405 0.006816 0.491768 
0.010426 0.010426 0.968722 0.010426 
0.250000 0.250000 0.250000 0.250000 
 159
0.479817 0.006534 0.046210 
0.462778 0.986650 0.462022 
0.057405 0.006816 0.491768 
0.010426 0.010426 0.017742 0.961406 
0.250000 0.250000 0.250000 0.250000 
 160
0.479817 0.006534 0.046210 
0.462778 0.986650 0.462022 
0.057405 0.006816 0.491768 
0.968722 0.010426 0.010426 0.010426 
0.250000 0.250000 0.250000 0.250000 
 161
0.479817 0.006534 0.046210 
0.462778 0.986650 0.462022 
0.057405 0.006816 0.491768 
0.966982 0.010426 0.012166 0.010426 
0.250000 0.250000 0.250000 0.250000 
 162
0.479817 0.006534 0.046210 
0.462778 0.986650 0.462022 
0.057405 0.006816 0.491768 
0.010426 0.010426 0.017528 0.961620 
0.250000 0.250000 0.250000 0.250000 
 163
0.479817 0.006534 0.046210 
0.462778 0.986650 0.462022 
0.057405 0.006816 0.491768 
0.010426 0.968722 0.010426 0.010426 
0.250000 0.250000 0.250000 0.250000 
 164
0.479817 0.006534 0.046210 
0.462778 0.986650 0.462022 
0.057405 0.006816 0.491768 
0.010426 0.010426 0.968722 0.010426 
0.250000 0.250000 0.250000 0.250000 
 165
0.479817 0.006534 0.046210 
0.462778 0.986650 0.462022 
0.057405 0.006816 0.491768 
0.010426 0.010426 0.013060 0.966088 
0.250000 0.250000 0.250000 0.250000 
 166
0.479817 0.006534 0.046210 
0.462778 0.986650 0.462022 
0.057405 0.006816 0.491768 
0.968722 0.010426 0.010426 0.010426 
0.250000 0.250000 0.250000 0.250000 
 167
0.479817 0.006534 0.046210 
0.462778 0.986650 0.462022 
0.057405 0.006816 0.491768 
0.010426 0.010426 0.968722 0.010426 
0.250000 0.250000 0.250000 0.250000 
 168
0.479817 0.006534 0.046210 
0.462778 0.986650 0.462022 
0.057405 0.006816 0.491768 
0.010426 0.012400 0.013858 0.963316 
0.250000 0.250000 0.250000 0.250000 
 169
0.479817 0.006534 0.046210 
0.462778 0.986650 0.462022 
0.057405 0.006816 0.491768 
0.010426 0.968722 0.010426 0.010426 
0.250000 0.250000 0.250000 0.250000 
 170
0.479817 0.006534 0.046210 
0.462778 0.986650 0.462022 
0.057405 0.006816 0.491768 
0.968722 0.010426 0.010426 0.010426 
0.250000 0.250000 0.250000 0.250000 
 171
0.479817 0.006534 0.046210 
0.462778 0.986650 0.462022 
0.057405 0.006816 0.491768 
0.013801 0.965347 0.010426 0.010426 
0.250000 0.250000 0.250000 0.250000 
 172
0.479817 0.006534 0.046210 
0.462778 0.986650 0.462022 
0.057405 0.006816 0.491768 
0.010426 0.010426 0.966947 0.012201 
0.250000 0.250000 0.250000 0.250000 
 173
0.479817 0.006534 0.046210 
0.462778 0.986650 0.462022 
0.057405 0.006816 0.491768 
0.010426 0.010426 0.010426 0.968722 
0.250000 0.250000 0.250000 0.250000 
 174
0.479817 0.006534 0.046210 
0.462778 0.986650 0.462022 
0.057405 0.006816 0.491768 
0.014302 0.964846 0.010426 0.010426 
0.250000 0.250000 0.250000 0.250000 
 175
0.479817 0.006534 0.046210 
0.462778 0.986650 0.462022 
0.057405 0.006816 0.491768 
0.013323 0.965825 0.010426 0.010426 
0.250000 0.250000 0.250000 0.250000 
 176
0.479817 0.006534 0.046210 
0.462778 0.986650 0.462022 
0.057405 0.006816 0.491768 
0.010426 0.010426 0.010426 0.968722 
0.250000 0.250000 0.250000 0.250000 
 177
0.479817 0.006534 0.046210 
0.462778 0.986650 0.462022 
0.057405 0.006816 0.491768 
0.010426 0.010426 0.032401 0.946747 
0.250000 0.250000 0.250000 0.250000 
 178
0.479817 0.006534 0.046210 
0.462778 0.986650 0.462022 
0.057405 0.006816 0.491768 
0.012633 0.010426 0.966515 0.010426 
0.250000 0.250000 0.250000 0.250000 
 179
0.479817 0.006534 0.046210 
0.462778 0.986650 0.462022 
0.057405 0.006816 0.491768 
0.966037 0.013111 0.010426 0.010426 
0.250000 0.250000 0.250000 0.250000 
 180
0.479817 0.006534 0.046210 
0.462778 0.986650 0.462022 
0.057405 0.006816 0.491768 
0.012497 0.966651 0.010426 0.010426 
0.250000 0.250000 0.250000 0.250000 
 181
0.479817 0.006534 0.046210 
0.462778 0.986650 0.462022 
0.057405 0.006816 0.491768 
0.968722 0.010426 0.010426 0.010426 
0.250000 0.250000 0.250000 0.250000 
 182
0.479817 0.006534 0.046210 
0.462778 0.986650 0.462022 
0.057405 0.006816 0.491768 
0.334308 0.644839 0.010426 0.010426 
0.250000 0.250000 0.250000 0.250000 
 183
0.479817 0.006534 0.046210 
0.462778 0.986650 0.462022 
0.057405 0.006816 0.491768 
0.010426 0.010426 0.013717 0.965431 
0.250000 0.250000 0.250000 0.250000 
 184
0.479817 0.006534 0.046210 
0.462778 0.986650 0.462022 
0.057405 0.006816 0.491768 
0.010426 0.010426 0.010426 0.968722 
0.250000 0.250000 0.250000 0.250000 
 185
0.479817 0.006534 0.046210 
0.462778 0.986650 0.462022 
0.057405 0.006816 0.491768 
0.010426 0.010426 0.966506 0.012642 
0.250000 0.250000 0.250000 0.250000 
 186
0.479817 0.006534 0.046210 
0.462778 0.986650 0.462022 
0.057405 0.006816 0.491768 
0.012633 0.010426 0.966514 0.010426 
0.250000 0.250000 0.250000 0.250000 
 187
0.479817 0.006534 0.046210 
0.462778 0.986650 0.462022 
0.057405 0.006816 0.491768 
0.010426 0.010426 0.012629 0.966519 
0.250000 0.250000 0.250000 0.250000 
 188
0.479817 0.006534 0.046210 
0.462778 0.986650 0.462022 
0.057405 0.006816 0.491768 
0.010426 0.010426 0.968722 0.010426 
0.250000 0.250000 0.250000 0.250000 
 189
0.479817 0.006534 0.046210 
0.462778 0.986650 0.462022 
0.057405 0.006816 0.491768 
0.966831 0.010426 0.010426 0.012317 
0.250000 0.250000 0.250000 0.250000 
 190
0.479817 0.006534 0.046210 
0.462778 0.986650 0.462022 
0.057405 0.006816 0.491768 
0.716097 0.263051 0.010426 0.010426 
0.250000 0.250000 0.250000 0.250000 
 191
0.479817 0.006534 0.046210 
0.462778 0.986650 0.462022 
0.057405 0.006816 0.491768 
0.010426 0.010426 0.968722 0.010426 
0.250000 0.250000 0.250000 0.250000 
 192
0.479817 0.006534 0.046210 
0.462778 0.986650 0.462022 
0.057405 0.006816 0.491768 
0.964898 0.012139 0.010426 0.012537 
0.250000 0.250000 0.250000 0.250000 
 193
0.479817 0.006534 0.046210 
0.462778 0.986650 0.462022 
0.057405 0.006816 0.491768 
0.012597 0.966550 0.010426 0.010426 
0.250000 0.250000 0.250000 0.250000 
 194
0.479817 0.006534 0.046210 
0.462778 0.986650 0.462022 
0.057405 0.006816 0.491768 
0.010426 0.968722 0.010426 0.010426 
0.250000 0.250000 0.250000 0.250000 
 195
0.479817 0.006534 0.046210 
0.462778 0.986650 0.462022 
0.057405 0.006816 0.491768 
0.010426 0.010426 0.012177 0.966971 
0.250000 0.250000 0.250000 0.250000 
 196
0.479817 0.006534 0.046210 
0.462778 0.986650 0.462022 
0.057405 0.006816 0.491768 
0.012426 0.966721 0.010426 0.010426 
0.250000 0.250000 0.250000 0.250000 
 197
0.479817 0.006534 0.046210 
0.462778 0.986650 0.462022 
0.057405 0.006816 0.491768 
0.964893 0.014254 0.010426 0.010426 
0.250000 0.250000 0.250000 0.250000 
 198
0.479817 0.006534 0.046210 
0.462778 0.986650 0.462022 
0.057405 0.006816 0.491768 
0.968722 0.010426 0.010426 0.010426 
0.250000 0.250000 0.250000 0.250000 
 199
0.479817 0.006534 0.046210 
0.462778 0.986650 0.462022 
0.057405 0.006816 0.491768 
0.968722 0.010426 0.010426 0.010426 
0.250000 0.250000 0.250000 0.250000 
 200
0.479817 0.006534 0.046210 
0.462778 0.986650 0.462022 
0.057405 0.006816 0.491768 
0.010426 0.010426 0.010426 0.968722 
0.250000 0.250000 0.250000 0.250000 
 201
0.479817 0.006534 0.046210 
0.462778 0.986650 0.462022 
0.057405 0.006816 0.491768 
0.966746 0.010426 0.012402 0.010426 
0.250000 0.250000 0.250000 0.250000 
 202
0.479817 0.006534 0.046210 
0.462778 0.986650 0.462022 
0.057405 0.006816 0.491768 
0.010426 0.010426 0.010426 0.968722 
0.250000 0.250000 0.250000 0.250000 
 203
0.479817 0.006534 0.046210 
0.462778 0.986650 0.462022 
0.057405 0.006816 0.491768 
0.010426 0.968722 0.010426 0.010426 
0.250000 0.250000 0.250000 0.250000 
 204
0.479817 0.006534 0.046210 
0.462778 0.986650 0.462022 
0.057405 0.006816 0.491768 
0.010426 0.010426 0.955931 0.023217 
0.250000 0.250000 0.250000 0.250000 
 205
0.479817 0.006534 0.046210 
0.462778 0.986650 0.462022 
0.057405 0.006816 0.491768 
0.028639 0.950509 0.010426 0.010426 
0.250000 0.250000 0.250000 0.250000 
 206
0.479817 0.006534 0.046210 
0.462778 0.986650 0.462022 
0.057405 0.006816 0.491768 
0.960905 0.018243 0.010426 0.010426 
0.250000 0.250000 0.250000 0.250000 
 207
0.479817 0.006534 0.046210 
0.462778 0.986650 0.462022 
0.057405 0.006816 0.491768 
0.023477 0.010426 0.953697 0.012400 
0.250000 0.250000 0.250000 0.250000 
 208
0.479817 0.006534 0.046210 
0.462778 0.986650 0.462022 
0.057405 0.006816 0.491768 
0.966417 0.012731 0.010426 0.010426 
0.250000 0.250000 0.250000 0.250000 
 209
0.479817 0.006534 0.046210 
0.462778 0.986650 0.462022 
0.057405 0.006816 0.491768 
0.012682 0.966466 0.010426 0.010426 
0.250000 0.250000 0.250000 0.250000 
 210
0.479817 0.006534 0.046210 
0.462778 0.986650 0.462022 
0.057405 0.006816 0.491768 
0.010426 0.010426 0.021788 0.957360 
0.250000 0.250000 0.250000 0.250000 
 211
0.479817 0.006534 0.046210 
0.462778 0.986650 0.462022 
0.057405 0.006816 0.491768 
0.010426 0.010426 0.968722 0.010426 
0.250000 0.250000 0.250000 0.250000 
 212
0.479817 0.006534 0.046210 
0.462778 0.986650 0.462022 
0.057405 0.006816 0.491768 
0.010426 0.010426 0.968722 0.010426 
0.250000 0.250000 0.250000 0.250000 
 213
0.479817 0.006534 0.046210 
0.462778 0.986650 0.462022 
0.057405 0.006816 0.491768 
0.010426 0.010426 0.016588 0.962560 
0.250000 0.250000 0.250000 0.250000 
 214
0.479817 0.006534 0.046210 
0.462778 0.986650 0.462022 
0.057405 0.006816 0.491768 
0.010426 0.010426 0.968722 0.010426 
0.250000 0.250000 0.250000 0.250000 
 215
0.479817 0.006534 0.046210 
0.462778 0.986650 0.462022 
0.057405 0.006816 0.491768 
0.966281 0.010426 0.010426 0.012867 
0.250000 0.250000 0.250000 0.250000 
 216
0.479817 0.006534 0.046210 
0.462778 0.986650 0.462022 
0.057405 0.006816 0.491768 
0.010426 0.010426 0.038638 0.940510 
0.250000 0.250000 0.250000 0.250000 
 217
0.479817 0.006534 0.046210 
0.462778 0.986650 0.462022 
0.057405 0.006816 0.491768 
0.010426 0.010426 0.968722 0.010426 
0.250000 0.250000 0.250000 0.250000 
 218
0.479817 0.006534 0.046210 
0.462778 0.986650 0.462022 
0.057405 0.006816 0.491768 
0.968722 0.010426 0.010426 0.010426 
0.250000 0.250000 0.250000 0.250000 
 219
0.479817 0.006534 0.046210 
0.462778 0.986650 0.462022 
0.057405 0.006816 0.491768 
0.044615 0.810493 0.010426 0.134467 
0.250000 0.250000 0.250000 0.250000 
 220
0.479817 0.006534 0.046210 
0.462778 0.986650 0.462022 
0.057405 0.006816 0.491768 
0.965405 0.013743 0.010426 0.010426 
0.250000 0.250000 0.250000 0.250000 
 221
0.479817 0.006534 0.046210 
0.462778 0.986650 0.462022 
0.057405 0.006816 0.491768 
0.010426 0.010426 0.010426 0.968722 
0.250000 0.250000 0.250000 0.250000 
 222
0.479817 0.006534 0.046210 
0.462778 0.986650 0.462022 
0.057405 0.006816 0.491768 
0.016017 0.010426 0.963131 0.010426 
0.250000 0.250000 0.250000 0.250000 
 223
0.479817 0.006534 0.046210 
0.462778 0.986650 0.462022 
0.057405 0.006816 0.491768 
0.053964 0.010426 0.925184 0.010426 
0.250000 0.250000 0.250000 0.250000 
 224
0.479817 0.006534 0.046210 
0.462778 0.986650 0.462022 
0.057405 0.006816 0.491768 
0.010426 0.010426 0.010426 0.968722 
0.250000 0.250000 0.250000 0.250000 
 225
0.479817 0.006534 0.046210 
0.462778 0.986650 0.462022 
0.057405 0.006816 0.491768 
0.010426 0.012321 0.014439 0.962814 
0.250000 0.250000 0.250000 0.250000 
 226
0.479817 0.006534 0.046210 
0.462778 0.986650 0.462022 
0.057405 0.006816 0.491768 
0.010426 0.968722 0.010426 0.010426 
0.250000 0.250000 0.250000 0.250000 
 227
0.479817 0.006534 0.046210 
0.462778 0.986650 0.462022 
0.057405 0.006816 0.491768 
0.968722 0.010426 0.010426 0.010426 
0.250000 0.250000 0.250000 0.250000 
 228
0.479817 0.006534 0.046210 
0.462778 0.986650 0.462022 
0.057405 0.006816 0.491768 
0.010426 0.010426 0.012212 0.966936 
0.250000 0.250000 0.250000 0.250000 
 229
0.479817 0.006534 0.046210 
0.462778 0.986650 0.462022 
0.057405 0.006816 0.491768 
0.010426 0.968722 0.010426 0.010426 
0.250000 0.250000 0.250000 0.250000 
 230
0.479817 0.006534 0.046210 
0.462778 0.986650 0.462022 
0.057405 0.006816 0.491768 
0.010426 0.968722 0.010426 0.010426 
0.250000 0.250000 0.250000 0.250000 
 231
0.479817 0.006534 0.046210 
0.462778 0.986650 0.462022 
0.057405 0.006816 0.491768 
0.966581 0.012567 0.010426 0.010426 
0.250000 0.250000 0.250000 0.250000 
 232
0.479817 0.006534 0.046210 
0.462778 0.986650 0.462022 
0.057405 0.006816 0.491768 
0.010426 0.968722 0.010426 0.010426 
0.250000 0.250000 0.250000 0.250000 
 233
0.479817 0.006534 0.046210 
0.462778 0.986650 0.462022 
0.057405 0.006816 0.491768 
0.960846 0.018302 0.010426 0.010426 
0.250000 0.250000 0.250000 0.250000 
 234
0.479817 0.006534 0.046210 
0.462778 0.986650 0.462022 
0.057405 0.006816 0.491768 
0.968722 0.010426 0.010426 0.010426 
0.250000 0.250000 0.250000 0.250000 
 235
0.479817 0.006534 0.046210 
0.462778 0.986650 0.462022 
0.057405 0.006816 0.491768 
