%  SAM: /scicomp/home/yfa9/CDC_projects/Mol_genetic_analysis/Nomenclature/B_HA_Nomenclature/All_v4/label/LABEL_RES/scripts/modelfromalign_Linux v3.5 (July 15, 2005) compiled 12/08/06_16:15:55
%  (c) 1992-2001 Regents of the University of California, Santa Cruz
%
%          Sequence Alignment and Modeling Software System
%         http://www.cse.ucsc.edu/research/compbio/sam.html
%
% ----------------- Citations (SAM, SAM-T2K, HMMs) --------------------
% R. Hughey, A. Krogh, Hidden Markov models for sequence analysis:
%  Extension and analysis of the basic method, CABIOS 12:95-107, 1996.
% K. Karplus, et al., What is the value added by human intervention in protein
%  structure prediction, Proteins: Stucture, Function, Genetics 45(S5):86--91, 2001.
% A. Krogh et al., Hidden Markov models in computational biology:
%  Applications to protein modeling, JMB 235:1501-1531, Feb 1994.
% ---------------------------------------------------------------------
%  c-vic1A-vic1B-vicOld_hmm   Host: node4.hpc.biotech.cdc.gov    Fri Jul 22 14:45:38 2016
%  yfa9                       Dir:  /scicomp/home/yfa9/CDC_projects/Mol_genetic_analysis/Nomenclature/B_HA_Nomenclature/All_v4/Influ_B_HA
% ---------------------------------------------------------------------
%  Alignment weights from internal calc.  Total (63.56) Max (0.20) Min (0.01)
%  Weights from alignment method 1 (karplus), b=-1.000000, e=0.500000
MODEL --  Model from alignment file /scicomp/home/yfa9/CDC_projects/Mol_genetic_analysis/Nomenclature/B_HA_Nomenclature/All_v4/label/LABEL_RES/training_data/InfluB_v1/c-vic1A-vic1B-vicOld.fasta
alphabet DNA
FREQAVE
0.000000 0.000000 0.000000 
0.000000 0.000000 0.000000 
0.000000 0.000000 0.000000 
0.337307 0.216730 0.217572 0.228391 
0.337307 0.216730 0.217572 0.228391 
Begin
0.000000 0.000000 0.000000 
0.000000 0.000000 0.000000 
0.000000 0.003341 0.491768 
0.250000 0.250000 0.250000 0.250000 
0.250000 0.250000 0.250000 0.250000 
   1
0.000000 0.003203 0.046210 
0.000000 0.993456 0.462022 
0.057405 0.003341 0.491768 
0.988383 0.003872 0.003872 0.003872 
0.250000 0.250000 0.250000 0.250000 
   2
0.479817 0.003203 0.046210 
0.462778 0.993456 0.462022 
0.057405 0.003341 0.491768 
0.003872 0.003872 0.003872 0.988383 
0.250000 0.250000 0.250000 0.250000 
   3
0.479817 0.003203 0.046210 
0.462778 0.993456 0.462022 
0.057405 0.003341 0.491768 
0.003872 0.988383 0.003872 0.003872 
0.250000 0.250000 0.250000 0.250000 
   4
0.479817 0.003203 0.046210 
0.462778 0.993456 0.462022 
0.057405 0.003341 0.491768 
0.983229 0.008584 0.004315 0.003872 
0.250000 0.250000 0.250000 0.250000 
   5
0.479817 0.003203 0.046210 
0.462778 0.993456 0.462022 
0.057405 0.003341 0.491768 
0.987925 0.003872 0.004330 0.003872 
0.250000 0.250000 0.250000 0.250000 
   6
0.479817 0.003203 0.046210 
0.462778 0.993456 0.462022 
0.057405 0.003341 0.491768 
0.007568 0.984688 0.003872 0.003872 
0.250000 0.250000 0.250000 0.250000 
   7
0.479817 0.003203 0.046210 
0.462778 0.993456 0.462022 
0.057405 0.003341 0.491768 
0.006391 0.985865 0.003872 0.003872 
0.250000 0.250000 0.250000 0.250000 
   8
0.479817 0.003203 0.046210 
0.462778 0.993456 0.462022 
0.057405 0.003341 0.491768 
0.003872 0.003872 0.987914 0.004341 
0.250000 0.250000 0.250000 0.250000 
   9
0.479817 0.003617 0.046210 
0.462778 0.993041 0.462022 
0.056927 0.003343 0.491768 
0.986471 0.005254 0.003874 0.004401 
0.250000 0.250000 0.250000 0.250000 
  10
0.475823 0.003204 0.046210 
0.467250 0.993453 0.462022 
0.057405 0.003341 0.491768 
0.987024 0.004176 0.004626 0.004173 
0.250000 0.250000 0.250000 0.250000 
  11
0.479817 0.003203 0.046210 
0.462778 0.993456 0.462022 
0.057405 0.003341 0.491768 
0.003873 0.003873 0.004339 0.987915 
0.250000 0.250000 0.250000 0.250000 
  12
0.479817 0.003203 0.046210 
0.462778 0.993456 0.462022 
0.057405 0.003341 0.491768 
0.987589 0.004224 0.003872 0.004315 
0.250000 0.250000 0.250000 0.250000 
  13
0.479817 0.003203 0.046210 
0.462778 0.993456 0.462022 
0.057405 0.003341 0.491768 
0.987617 0.004638 0.003873 0.003873 
0.250000 0.250000 0.250000 0.250000 
  14
0.479817 0.003203 0.046210 
0.462778 0.993456 0.462022 
0.057405 0.003341 0.491768 
0.003872 0.003872 0.003872 0.988383 
0.250000 0.250000 0.250000 0.250000 
  15
0.479817 0.003203 0.046210 
0.462778 0.993456 0.462022 
0.057405 0.003341 0.491768 
0.004376 0.003872 0.004502 0.987250 
0.250000 0.250000 0.250000 0.250000 
  16
0.479817 0.003203 0.046210 
0.462778 0.993456 0.462022 
0.057405 0.003341 0.491768 
0.005280 0.986590 0.003872 0.004257 
0.250000 0.250000 0.250000 0.250000 
  17
0.479817 0.003203 0.046210 
0.462778 0.993456 0.462022 
0.057405 0.003341 0.491768 
0.003872 0.003872 0.005982 0.986273 
0.250000 0.250000 0.250000 0.250000 
  18
0.479817 0.003203 0.046210 
0.462778 0.993456 0.462022 
0.057405 0.003341 0.491768 
0.988380 0.003873 0.003873 0.003873 
0.250000 0.250000 0.250000 0.250000 
  19
0.479817 0.003203 0.046210 
0.462778 0.993456 0.462022 
0.057405 0.003341 0.491768 
0.003872 0.003872 0.988383 0.003872 
0.250000 0.250000 0.250000 0.250000 
  20
0.479817 0.003203 0.046210 
0.462778 0.993456 0.462022 
0.057405 0.003341 0.491768 
0.003872 0.003872 0.003872 0.988383 
0.250000 0.250000 0.250000 0.250000 
  21
0.479817 0.003203 0.046210 
0.462778 0.993456 0.462022 
0.057405 0.003341 0.491768 
0.988383 0.003872 0.003872 0.003872 
0.250000 0.250000 0.250000 0.250000 
  22
0.479817 0.003203 0.046210 
0.462778 0.993456 0.462022 
0.057405 0.003341 0.491768 
0.003872 0.003872 0.988383 0.003872 
0.250000 0.250000 0.250000 0.250000 
  23
0.479817 0.003203 0.046210 
0.462778 0.993456 0.462022 
0.057405 0.003341 0.491768 
0.003872 0.003872 0.003872 0.988383 
0.250000 0.250000 0.250000 0.250000 
  24
0.479817 0.003203 0.046210 
0.462778 0.993456 0.462022 
0.057405 0.003341 0.491768 
0.006144 0.003873 0.985325 0.004658 
0.250000 0.250000 0.250000 0.250000 
  25
0.479817 0.003203 0.046210 
0.462778 0.993456 0.462022 
0.057405 0.003341 0.491768 
0.987771 0.003872 0.003872 0.004485 
0.250000 0.250000 0.250000 0.250000 
  26
0.479817 0.003203 0.046210 
0.462778 0.993456 0.462022 
0.057405 0.003341 0.491768 
0.003872 0.003872 0.004340 0.987915 
0.250000 0.250000 0.250000 0.250000 
  27
0.479817 0.003203 0.046210 
0.462778 0.993456 0.462022 
0.057405 0.003341 0.491768 
0.003872 0.987840 0.003872 0.004415 
0.250000 0.250000 0.250000 0.250000 
  28
0.479817 0.003203 0.046210 
0.462778 0.993456 0.462022 
0.057405 0.003341 0.491768 
0.003873 0.988381 0.003873 0.003873 
0.250000 0.250000 0.250000 0.250000 
  29
0.479817 0.003203 0.046210 
0.462778 0.993456 0.462022 
0.057405 0.003341 0.491768 
0.003873 0.003873 0.004919 0.987335 
0.250000 0.250000 0.250000 0.250000 
  30
0.479817 0.003203 0.046210 
0.462778 0.993456 0.462022 
0.057405 0.003341 0.491768 
0.988383 0.003872 0.003872 0.003872 
0.250000 0.250000 0.250000 0.250000 
  31
0.479817 0.003203 0.046210 
0.462778 0.993456 0.462022 
0.057405 0.003341 0.491768 
0.005118 0.987137 0.003872 0.003872 
0.250000 0.250000 0.250000 0.250000 
  32
0.479817 0.003203 0.046210 
0.462778 0.993456 0.462022 
0.057405 0.003341 0.491768 
0.003873 0.003873 0.006841 0.985412 
0.250000 0.250000 0.250000 0.250000 
  33
0.479817 0.003203 0.046210 
0.462778 0.993456 0.462022 
0.057405 0.003341 0.491768 
0.987849 0.004406 0.003872 0.003872 
0.250000 0.250000 0.250000 0.250000 
  34
0.479817 0.003203 0.046210 
0.462778 0.993456 0.462022 
0.057405 0.003341 0.491768 
0.987722 0.004533 0.003872 0.003872 
0.250000 0.250000 0.250000 0.250000 
  35
0.479817 0.003203 0.046210 
0.462778 0.993456 0.462022 
0.057405 0.003341 0.491768 
0.003872 0.003872 0.988383 0.003872 
0.250000 0.250000 0.250000 0.250000 
  36
0.479817 0.003203 0.046210 
0.462778 0.993456 0.462022 
0.057405 0.003341 0.491768 
0.986169 0.004587 0.005372 0.003872 
0.250000 0.250000 0.250000 0.250000 
  37
0.479817 0.003203 0.046210 
0.462778 0.993456 0.462022 
0.057405 0.003341 0.491768 
0.005372 0.003872 0.003872 0.986883 
0.250000 0.250000 0.250000 0.250000 
  38
0.479817 0.003203 0.046210 
0.462778 0.993456 0.462022 
0.057405 0.003341 0.491768 
0.003872 0.003872 0.986883 0.005372 
0.250000 0.250000 0.250000 0.250000 
  39
0.479817 0.003203 0.046210 
0.462778 0.993456 0.462022 
0.057405 0.003341 0.491768 
0.005905 0.003872 0.983925 0.006297 
0.250000 0.250000 0.250000 0.250000 
  40
0.479817 0.003203 0.046210 
0.462778 0.993456 0.462022 
0.057405 0.003341 0.491768 
0.987347 0.004515 0.004267 0.003872 
0.250000 0.250000 0.250000 0.250000 
  41
0.479817 0.003203 0.046210 
0.462778 0.993456 0.462022 
0.057405 0.003341 0.491768 
0.984233 0.005513 0.006383 0.003872 
0.250000 0.250000 0.250000 0.250000 
  42
0.479817 0.003203 0.046210 
0.462778 0.993456 0.462022 
0.057405 0.003341 0.491768 
0.004896 0.003873 0.008267 0.982964 
0.250000 0.250000 0.250000 0.250000 
  43
0.479817 0.003203 0.046210 
0.462778 0.993456 0.462022 
0.057405 0.003341 0.491768 
0.003872 0.987838 0.004418 0.003872 
0.250000 0.250000 0.250000 0.250000 
  44
0.479817 0.003203 0.046210 
0.462778 0.993456 0.462022 
0.057405 0.003341 0.491768 
0.003872 0.003872 0.988383 0.003872 
0.250000 0.250000 0.250000 0.250000 
  45
0.479817 0.003203 0.046210 
0.462778 0.993456 0.462022 
0.057405 0.003341 0.491768 
0.987907 0.004347 0.003873 0.003873 
0.250000 0.250000 0.250000 0.250000 
  46
0.479817 0.003203 0.046210 
0.462778 0.993456 0.462022 
0.057405 0.003341 0.491768 
0.003872 0.988383 0.003872 0.003872 
0.250000 0.250000 0.250000 0.250000 
  47
0.479817 0.003203 0.046210 
0.462778 0.993456 0.462022 
0.057405 0.003341 0.491768 
0.987862 0.003872 0.003872 0.004393 
0.250000 0.250000 0.250000 0.250000 
  48
0.479817 0.003203 0.046210 
0.462778 0.993456 0.462022 
0.057405 0.003341 0.491768 
0.003873 0.003873 0.026532 0.965722 
0.250000 0.250000 0.250000 0.250000 
  49
0.479817 0.003203 0.046210 
0.462778 0.993456 0.462022 
0.057405 0.003341 0.491768 
0.012071 0.004448 0.979608 0.003873 
0.250000 0.250000 0.250000 0.250000 
  50
0.479817 0.003203 0.046210 
0.462778 0.993456 0.462022 
0.057405 0.003341 0.491768 
0.003872 0.988383 0.003872 0.003872 
0.250000 0.250000 0.250000 0.250000 
  51
0.479817 0.003203 0.046210 
0.462778 0.993456 0.462022 
0.057405 0.003341 0.491768 
0.969119 0.023136 0.003872 0.003872 
0.250000 0.250000 0.250000 0.250000 
  52
0.479817 0.003203 0.046210 
0.462778 0.993456 0.462022 
0.057405 0.003341 0.491768 
0.984424 0.007830 0.003873 0.003873 
0.250000 0.250000 0.250000 0.250000 
  53
0.479817 0.003203 0.046210 
0.462778 0.993456 0.462022 
0.057405 0.003341 0.491768 
0.003872 0.003872 0.003872 0.988383 
0.250000 0.250000 0.250000 0.250000 
  54
0.479817 0.003203 0.046210 
0.462778 0.993456 0.462022 
0.057405 0.003341 0.491768 
0.004257 0.003873 0.972945 0.018925 
0.250000 0.250000 0.250000 0.250000 
  55
0.479817 0.003203 0.046210 
0.462778 0.993456 0.462022 
0.057405 0.003341 0.491768 
0.003872 0.003872 0.003872 0.988383 
0.250000 0.250000 0.250000 0.250000 
  56
0.479817 0.003203 0.046210 
0.462778 0.993456 0.462022 
0.057405 0.003341 0.491768 
0.003872 0.988383 0.003872 0.003872 
0.250000 0.250000 0.250000 0.250000 
  57
0.479817 0.003203 0.046210 
0.462778 0.993456 0.462022 
0.057405 0.003341 0.491768 
0.003872 0.003872 0.988383 0.003872 
0.250000 0.250000 0.250000 0.250000 
  58
0.479817 0.003203 0.046210 
0.462778 0.993456 0.462022 
0.057405 0.003341 0.491768 
0.988383 0.003872 0.003872 0.003872 
0.250000 0.250000 0.250000 0.250000 
  59
0.479817 0.003203 0.046210 
0.462778 0.993456 0.462022 
0.057405 0.003341 0.491768 
0.003872 0.003872 0.988383 0.003872 
0.250000 0.250000 0.250000 0.250000 
  60
0.479817 0.003203 0.046210 
0.462778 0.993456 0.462022 
0.057405 0.003341 0.491768 
0.004252 0.003872 0.005356 0.986520 
0.250000 0.250000 0.250000 0.250000 
  61
0.479817 0.003203 0.046210 
0.462778 0.993456 0.462022 
0.057405 0.003341 0.491768 
0.004381 0.987874 0.003872 0.003872 
0.250000 0.250000 0.250000 0.250000 
  62
0.479817 0.003203 0.046210 
0.462778 0.993456 0.462022 
0.057405 0.003341 0.491768 
0.003872 0.988383 0.003872 0.003872 
0.250000 0.250000 0.250000 0.250000 
  63
0.479817 0.003203 0.046210 
0.462778 0.993456 0.462022 
0.057405 0.003341 0.491768 
0.019283 0.970747 0.004277 0.005693 
0.250000 0.250000 0.250000 0.250000 
  64
0.479817 0.003203 0.046210 
0.462778 0.993456 0.462022 
0.057405 0.003341 0.491768 
0.985711 0.006543 0.003873 0.003873 
0.250000 0.250000 0.250000 0.250000 
  65
0.479817 0.003203 0.046210 
0.462778 0.993456 0.462022 
0.057405 0.003341 0.491768 
0.003872 0.003872 0.004359 0.987896 
0.250000 0.250000 0.250000 0.250000 
  66
0.479817 0.003203 0.046210 
0.462778 0.993456 0.462022 
0.057405 0.003341 0.491768 
0.987523 0.003872 0.004732 0.003872 
0.250000 0.250000 0.250000 0.250000 
  67
0.479817 0.003203 0.046210 
0.462778 0.993456 0.462022 
0.057405 0.003341 0.491768 
0.987156 0.005099 0.003872 0.003872 
0.250000 0.250000 0.250000 0.250000 
  68
0.479817 0.003203 0.046210 
0.462778 0.993456 0.462022 
0.057405 0.003341 0.491768 
0.003872 0.003872 0.988383 0.003872 
0.250000 0.250000 0.250000 0.250000 
  69
0.479817 0.003203 0.046210 
0.462778 0.993456 0.462022 
0.057405 0.003341 0.491768 
0.982748 0.009507 0.003872 0.003872 
0.250000 0.250000 0.250000 0.250000 
  70
0.479817 0.003203 0.046210 
0.462778 0.993456 0.462022 
0.057405 0.003341 0.491768 
0.003872 0.003872 0.003872 0.988383 
0.250000 0.250000 0.250000 0.250000 
  71
0.479817 0.003203 0.046210 
0.462778 0.993456 0.462022 
0.057405 0.003341 0.491768 
0.003872 0.003872 0.987908 0.004348 
0.250000 0.250000 0.250000 0.250000 
  72
0.479817 0.003203 0.046210 
0.462778 0.993456 0.462022 
0.057405 0.003341 0.491768 
0.030398 0.957166 0.003873 0.008563 
0.250000 0.250000 0.250000 0.250000 
  73
0.479817 0.003203 0.046210 
0.462778 0.993456 0.462022 
0.057405 0.003341 0.491768 
0.004355 0.003872 0.003872 0.987901 
0.250000 0.250000 0.250000 0.250000 
  74
0.479817 0.003203 0.046210 
0.462778 0.993456 0.462022 
0.057405 0.003341 0.491768 
0.003872 0.003872 0.986883 0.005372 
0.250000 0.250000 0.250000 0.250000 
  75
0.479817 0.003203 0.046210 
0.462778 0.993456 0.462022 
0.057405 0.003341 0.491768 
0.986406 0.005850 0.003872 0.003872 
0.250000 0.250000 0.250000 0.250000 
  76
0.479817 0.003203 0.046210 
0.462778 0.993456 0.462022 
0.057405 0.003341 0.491768 
0.985792 0.005995 0.004341 0.003872 
0.250000 0.250000 0.250000 0.250000 
  77
0.479817 0.003203 0.046210 
0.462778 0.993456 0.462022 
0.057405 0.003341 0.491768 
0.985596 0.006659 0.003872 0.003872 
0.250000 0.250000 0.250000 0.250000 
  78
0.479817 0.003203 0.046210 
0.462778 0.993456 0.462022 
0.057405 0.003341 0.491768 
0.003872 0.003872 0.985481 0.006774 
0.250000 0.250000 0.250000 0.250000 
  79
0.479817 0.003203 0.046210 
0.462778 0.993456 0.462022 
0.057405 0.003341 0.491768 
0.003872 0.004345 0.003872 0.987911 
0.250000 0.250000 0.250000 0.250000 
  80
0.479817 0.003203 0.046210 
0.462778 0.993456 0.462022 
0.057405 0.003341 0.491768 
0.003872 0.003872 0.988383 0.003872 
0.250000 0.250000 0.250000 0.250000 
  81
0.479817 0.003203 0.046210 
0.462778 0.993456 0.462022 
0.057405 0.003341 0.491768 
0.985818 0.005242 0.005067 0.003872 
0.250000 0.250000 0.250000 0.250000 
  82
0.479817 0.003203 0.046210 
0.462778 0.993456 0.462022 
0.057405 0.003341 0.491768 
0.003872 0.003872 0.988383 0.003872 
0.250000 0.250000 0.250000 0.250000 
  83
0.479817 0.003203 0.046210 
0.462778 0.993456 0.462022 
0.057405 0.003341 0.491768 
0.003873 0.003873 0.988381 0.003873 
0.250000 0.250000 0.250000 0.250000 
  84
0.479817 0.003203 0.046210 
0.462778 0.993456 0.462022 
0.057405 0.003341 0.491768 
0.899382 0.007827 0.080201 0.012590 
0.250000 0.250000 0.250000 0.250000 
  85
0.479817 0.003203 0.046210 
0.462778 0.993456 0.462022 
0.057405 0.003341 0.491768 
0.004325 0.003872 0.987930 0.003872 
0.250000 0.250000 0.250000 0.250000 
  86
0.479817 0.003203 0.046210 
0.462778 0.993456 0.462022 
0.057405 0.003341 0.491768 
0.988383 0.003872 0.003872 0.003872 
0.250000 0.250000 0.250000 0.250000 
  87
0.479817 0.003203 0.046210 
0.462778 0.993456 0.462022 
0.057405 0.003341 0.491768 
0.003872 0.003872 0.004354 0.987901 
0.250000 0.250000 0.250000 0.250000 
  88
0.479817 0.003203 0.046210 
0.462778 0.993456 0.462022 
0.057405 0.003341 0.491768 
0.064106 0.928149 0.003872 0.003872 
0.250000 0.250000 0.250000 0.250000 
  89
0.479817 0.003203 0.046210 
0.462778 0.993456 0.462022 
0.057405 0.003341 0.491768 
0.003874 0.003874 0.005987 0.986265 
0.250000 0.250000 0.250000 0.250000 
  90
0.479817 0.003203 0.046210 
0.462778 0.993456 0.462022 
0.057405 0.003341 0.491768 
0.018508 0.103151 0.755722 0.122619 
0.250000 0.250000 0.250000 0.250000 
  91
0.479817 0.003203 0.046210 
0.462778 0.993456 0.462022 
0.057405 0.003341 0.491768 
0.005017 0.987237 0.003873 0.003873 
0.250000 0.250000 0.250000 0.250000 
  92
0.479817 0.003203 0.046210 
0.462778 0.993456 0.462022 
0.057405 0.003341 0.491768 
0.003872 0.003872 0.003872 0.988383 
0.250000 0.250000 0.250000 0.250000 
  93
0.479817 0.003203 0.046210 
0.462778 0.993456 0.462022 
0.057405 0.003341 0.491768 
0.004699 0.003872 0.980465 0.010964 
0.250000 0.250000 0.250000 0.250000 
  94
0.479817 0.003203 0.046210 
0.462778 0.993456 0.462022 
0.057405 0.003341 0.491768 
0.988383 0.003872 0.003872 0.003872 
0.250000 0.250000 0.250000 0.250000 
  95
0.479817 0.003203 0.046210 
0.462778 0.993456 0.462022 
0.057405 0.003341 0.491768 
0.988383 0.003872 0.003872 0.003872 
0.250000 0.250000 0.250000 0.250000 
  96
0.479817 0.003203 0.046210 
0.462778 0.993456 0.462022 
0.057405 0.003341 0.491768 
0.987774 0.003872 0.004482 0.003872 
0.250000 0.250000 0.250000 0.250000 
  97
0.479817 0.003203 0.046210 
0.462778 0.993456 0.462022 
0.057405 0.003341 0.491768 
0.988383 0.003872 0.003872 0.003872 
0.250000 0.250000 0.250000 0.250000 
  98
0.479817 0.003203 0.046210 
0.462778 0.993456 0.462022 
0.057405 0.003341 0.491768 
0.003872 0.003872 0.988383 0.003872 
0.250000 0.250000 0.250000 0.250000 
  99
0.479817 0.003203 0.046210 
0.462778 0.993456 0.462022 
0.057405 0.003341 0.491768 
0.007581 0.003872 0.005717 0.982829 
0.250000 0.250000 0.250000 0.250000 
 100
0.479817 0.003203 0.046210 
0.462778 0.993456 0.462022 
0.057405 0.003341 0.491768 
0.003872 0.988383 0.003872 0.003872 
0.250000 0.250000 0.250000 0.250000 
 101
0.479817 0.003203 0.046210 
0.462778 0.993456 0.462022 
0.057405 0.003341 0.491768 
0.003872 0.003872 0.988383 0.003872 
0.250000 0.250000 0.250000 0.250000 
 102
0.479817 0.003203 0.046210 
0.462778 0.993456 0.462022 
0.057405 0.003341 0.491768 
0.003873 0.003873 0.021523 0.970731 
0.250000 0.250000 0.250000 0.250000 
 103
0.479817 0.003203 0.046210 
0.462778 0.993456 0.462022 
0.057405 0.003341 0.491768 
0.988383 0.003872 0.003872 0.003872 
0.250000 0.250000 0.250000 0.250000 
 104
0.479817 0.003203 0.046210 
0.462778 0.993456 0.462022 
0.057405 0.003341 0.491768 
0.003872 0.003872 0.988383 0.003872 
0.250000 0.250000 0.250000 0.250000 
 105
0.479817 0.003203 0.046210 
0.462778 0.993456 0.462022 
0.057405 0.003341 0.491768 
0.003872 0.003872 0.010889 0.981366 
0.250000 0.250000 0.250000 0.250000 
 106
0.479817 0.003203 0.046210 
0.462778 0.993456 0.462022 
0.057405 0.003341 0.491768 
0.004329 0.003872 0.987926 0.003872 
0.250000 0.250000 0.250000 0.250000 
 107
0.479817 0.003203 0.046210 
0.462778 0.993456 0.462022 
0.057405 0.003341 0.491768 
0.988383 0.003872 0.003872 0.003872 
0.250000 0.250000 0.250000 0.250000 
 108
0.479817 0.003203 0.046210 
0.462778 0.993456 0.462022 
0.057405 0.003341 0.491768 
0.983267 0.008502 0.003872 0.004359 
0.250000 0.250000 0.250000 0.250000 
 109
0.479817 0.003203 0.046210 
0.462778 0.993456 0.462022 
0.057405 0.003341 0.491768 
0.003872 0.988383 0.003872 0.003872 
0.250000 0.250000 0.250000 0.250000 
 110
0.479817 0.003203 0.046210 
0.462778 0.993456 0.462022 
0.057405 0.003341 0.491768 
0.003872 0.988383 0.003872 0.003872 
0.250000 0.250000 0.250000 0.250000 
 111
0.479817 0.003203 0.046210 
0.462778 0.993456 0.462022 
0.057405 0.003341 0.491768 
0.012127 0.979152 0.003872 0.004849 
0.250000 0.250000 0.250000 0.250000 
 112
0.479817 0.003203 0.046210 
0.462778 0.993456 0.462022 
0.057405 0.003341 0.491768 
0.003872 0.988383 0.003872 0.003872 
0.250000 0.250000 0.250000 0.250000 
 113
0.479817 0.003203 0.046210 
0.462778 0.993456 0.462022 
0.057405 0.003341 0.491768 
0.988383 0.003872 0.003872 0.003872 
0.250000 0.250000 0.250000 0.250000 
 114
0.479817 0.003203 0.046210 
0.462778 0.993456 0.462022 
0.057405 0.003341 0.491768 
0.064823 0.927431 0.003873 0.003873 
0.250000 0.250000 0.250000 0.250000 
 115
0.479817 0.003203 0.046210 
0.462778 0.993456 0.462022 
0.057405 0.003341 0.491768 
0.004632 0.987624 0.003872 0.003872 
0.250000 0.250000 0.250000 0.250000 
 116
0.479817 0.003203 0.046210 
0.462778 0.993456 0.462022 
0.057405 0.003341 0.491768 
0.003872 0.003872 0.003872 0.988383 
0.250000 0.250000 0.250000 0.250000 
 117
0.479817 0.003203 0.046210 
0.462778 0.993456 0.462022 
0.057405 0.003341 0.491768 
0.012906 0.003873 0.969757 0.013464 
0.250000 0.250000 0.250000 0.250000 
 118
0.479817 0.003203 0.046210 
0.462778 0.993456 0.462022 
0.057405 0.003341 0.491768 
0.988383 0.003872 0.003872 0.003872 
0.250000 0.250000 0.250000 0.250000 
 119
0.479817 0.003203 0.046210 
0.462778 0.993456 0.462022 
0.057405 0.003341 0.491768 
0.988383 0.003872 0.003872 0.003872 
0.250000 0.250000 0.250000 0.250000 
 120
0.479817 0.003203 0.046210 
0.462778 0.993456 0.462022 
0.057405 0.003341 0.491768 
0.004209 0.004312 0.006994 0.984485 
0.250000 0.250000 0.250000 0.250000 
 121
0.479817 0.003203 0.046210 
0.462778 0.993456 0.462022 
0.057405 0.003341 0.491768 
0.003872 0.988383 0.003872 0.003872 
0.250000 0.250000 0.250000 0.250000 
 122
0.479817 0.003203 0.046210 
0.462778 0.993456 0.462022 
0.057405 0.003341 0.491768 
0.003872 0.003872 0.003872 0.988383 
0.250000 0.250000 0.250000 0.250000 
 123
0.479817 0.003203 0.046210 
0.462778 0.993456 0.462022 
0.057405 0.003341 0.491768 
0.016722 0.973349 0.004183 0.005746 
0.250000 0.250000 0.250000 0.250000 
 124
0.479817 0.003203 0.046210 
0.462778 0.993456 0.462022 
0.057405 0.003341 0.491768 
0.988383 0.003872 0.003872 0.003872 
0.250000 0.250000 0.250000 0.250000 
 125
0.479817 0.003203 0.046210 
0.462778 0.993456 0.462022 
0.057405 0.003341 0.491768 
0.003872 0.003872 0.988383 0.003872 
0.250000 0.250000 0.250000 0.250000 
 126
0.479817 0.003203 0.046210 
0.462778 0.993456 0.462022 
0.057405 0.003341 0.491768 
0.004663 0.004316 0.457289 0.533732 
0.250000 0.250000 0.250000 0.250000 
 127
0.479817 0.003203 0.046210 
0.462778 0.993456 0.462022 
0.057405 0.003341 0.491768 
0.004330 0.987926 0.003872 0.003872 
0.250000 0.250000 0.250000 0.250000 
 128
0.479817 0.003203 0.046210 
0.462778 0.993456 0.462022 
0.057405 0.003341 0.491768 
0.003872 0.988383 0.003872 0.003872 
0.250000 0.250000 0.250000 0.250000 
 129
0.479817 0.003203 0.046210 
0.462778 0.993456 0.462022 
0.057405 0.003341 0.491768 
0.004502 0.006512 0.011273 0.977714 
0.250000 0.250000 0.250000 0.250000 
 130
0.479817 0.003203 0.046210 
0.462778 0.993456 0.462022 
0.057405 0.003341 0.491768 
0.006173 0.986082 0.003872 0.003872 
0.250000 0.250000 0.250000 0.250000 
 131
0.479817 0.003203 0.046210 
0.462778 0.993456 0.462022 
0.057405 0.003341 0.491768 
0.003873 0.003873 0.005014 0.987240 
0.250000 0.250000 0.250000 0.250000 
 132
0.479817 0.003203 0.046210 
0.462778 0.993456 0.462022 
0.057405 0.003341 0.491768 
0.881751 0.110505 0.003872 0.003872 
0.250000 0.250000 0.250000 0.250000 
 133
0.479817 0.003203 0.046210 
0.462778 0.993456 0.462022 
0.057405 0.003341 0.491768 
0.988383 0.003872 0.003872 0.003872 
0.250000 0.250000 0.250000 0.250000 
 134
0.479817 0.003203 0.046210 
0.462778 0.993456 0.462022 
0.057405 0.003341 0.491768 
0.003872 0.003872 0.003872 0.988383 
0.250000 0.250000 0.250000 0.250000 
 135
0.479817 0.003203 0.046210 
0.462778 0.993456 0.462022 
0.057405 0.003341 0.491768 
0.988383 0.003872 0.003872 0.003872 
0.250000 0.250000 0.250000 0.250000 
 136
0.479817 0.003203 0.046210 
0.462778 0.993456 0.462022 
0.057405 0.003341 0.491768 
0.004937 0.003872 0.985549 0.005642 
0.250000 0.250000 0.250000 0.250000 
 137
0.479817 0.003203 0.046210 
0.462778 0.993456 0.462022 
0.057405 0.003341 0.491768 
0.004325 0.003872 0.987930 0.003872 
0.250000 0.250000 0.250000 0.250000 
 138
0.479817 0.003203 0.046210 
0.462778 0.993456 0.462022 
0.057405 0.003341 0.491768 
0.987730 0.004525 0.003872 0.003872 
0.250000 0.250000 0.250000 0.250000 
 139
0.479817 0.003203 0.046210 
0.462778 0.993456 0.462022 
0.057405 0.003341 0.491768 
0.003872 0.003872 0.980421 0.011835 
0.250000 0.250000 0.250000 0.250000 
 140
0.479817 0.003203 0.046210 
0.462778 0.993456 0.462022 
0.057405 0.003341 0.491768 
0.003872 0.003872 0.003872 0.988383 
0.250000 0.250000 0.250000 0.250000 
 141
0.479817 0.003203 0.046210 
0.462778 0.993456 0.462022 
0.057405 0.003341 0.491768 
0.016814 0.975063 0.003873 0.004249 
0.250000 0.250000 0.250000 0.250000 
 142
0.479817 0.003203 0.046210 
0.462778 0.993456 0.462022 
0.057405 0.003341 0.491768 
0.988383 0.003872 0.003872 0.003872 
0.250000 0.250000 0.250000 0.250000 
 143
0.479817 0.003203 0.046210 
0.462778 0.993456 0.462022 
0.057405 0.003341 0.491768 
0.003872 0.003872 0.988383 0.003872 
0.250000 0.250000 0.250000 0.250000 
 144
0.479817 0.003203 0.046210 
0.462778 0.993456 0.462022 
0.057405 0.003341 0.491768 
0.984771 0.006697 0.003872 0.004659 
0.250000 0.250000 0.250000 0.250000 
 145
0.479817 0.003203 0.046210 
0.462778 0.993456 0.462022 
0.057405 0.003341 0.491768 
0.987732 0.004523 0.003872 0.003872 
0.250000 0.250000 0.250000 0.250000 
 146
0.479817 0.003203 0.046210 
0.462778 0.993456 0.462022 
0.057405 0.003341 0.491768 
0.003874 0.003874 0.986985 0.005267 
0.250000 0.250000 0.250000 0.250000 
 147
0.479817 0.003203 0.046210 
0.462778 0.993456 0.462022 
0.057405 0.003341 0.491768 
0.987171 0.004677 0.004280 0.003872 
0.250000 0.250000 0.250000 0.250000 
 148
0.479817 0.003203 0.046210 
0.462778 0.993456 0.462022 
0.057405 0.003341 0.491768 
0.985197 0.006678 0.003872 0.004252 
0.250000 0.250000 0.250000 0.250000 
 149
0.479817 0.003203 0.046210 
0.462778 0.993456 0.462022 
0.057405 0.003341 0.491768 
0.003872 0.003872 0.988383 0.003872 
0.250000 0.250000 0.250000 0.250000 
 150
0.479817 0.003203 0.046210 
0.462778 0.993456 0.462022 
0.057405 0.003341 0.491768 
0.986197 0.004834 0.005097 0.003872 
0.250000 0.250000 0.250000 0.250000 
 151
0.479817 0.003203 0.046210 
0.462778 0.993456 0.462022 
0.057405 0.003341 0.491768 
0.003872 0.003872 0.988383 0.003872 
0.250000 0.250000 0.250000 0.250000 
 152
0.479817 0.003203 0.046210 
0.462778 0.993456 0.462022 
0.057405 0.003341 0.491768 
0.003872 0.003872 0.986334 0.005921 
0.250000 0.250000 0.250000 0.250000 
 153
0.479817 0.003203 0.046210 
0.462778 0.993456 0.462022 
0.057405 0.003341 0.491768 
0.009275 0.004777 0.957118 0.028829 
0.250000 0.250000 0.250000 0.250000 
 154
0.479817 0.003203 0.046210 
0.462778 0.993456 0.462022 
0.057405 0.003341 0.491768 
0.987026 0.005230 0.003872 0.003872 
0.250000 0.250000 0.250000 0.250000 
 155
0.479817 0.003203 0.046210 
0.462778 0.993456 0.462022 
0.057405 0.003341 0.491768 
0.003875 0.003875 0.968879 0.023370 
0.250000 0.250000 0.250000 0.250000 
 156
0.479817 0.003203 0.046210 
0.462778 0.993456 0.462022 
0.057405 0.003341 0.491768 
0.004352 0.004776 0.984597 0.006275 
0.250000 0.250000 0.250000 0.250000 
 157
0.479817 0.003203 0.046210 
0.462778 0.993456 0.462022 
0.057405 0.003341 0.491768 
0.986126 0.005629 0.004373 0.003872 
0.250000 0.250000 0.250000 0.250000 
 158
0.479817 0.003203 0.046210 
0.462778 0.993456 0.462022 
0.057405 0.003341 0.491768 
0.981966 0.010289 0.003872 0.003872 
0.250000 0.250000 0.250000 0.250000 
 159
0.479817 0.003203 0.046210 
0.462778 0.993456 0.462022 
0.057405 0.003341 0.491768 
0.987553 0.004702 0.003872 0.003872 
0.250000 0.250000 0.250000 0.250000 
 160
0.479817 0.003203 0.046210 
0.462778 0.993456 0.462022 
0.057405 0.003341 0.491768 
0.003872 0.003872 0.003872 0.988383 
0.250000 0.250000 0.250000 0.250000 
 161
0.479817 0.003203 0.046210 
0.462778 0.993456 0.462022 
0.057405 0.003341 0.491768 
0.003873 0.003873 0.988381 0.003873 
0.250000 0.250000 0.250000 0.250000 
 162
0.479817 0.003203 0.046210 
0.462778 0.993456 0.462022 
0.057405 0.003341 0.491768 
0.004312 0.003872 0.006257 0.985559 
0.250000 0.250000 0.250000 0.250000 
 163
0.479817 0.003203 0.046210 
0.462778 0.993456 0.462022 
0.057405 0.003341 0.491768 
0.003873 0.003873 0.987281 0.004973 
0.250000 0.250000 0.250000 0.250000 
 164
0.479817 0.003203 0.046210 
0.462778 0.993456 0.462022 
0.057405 0.003341 0.491768 
0.988383 0.003872 0.003872 0.003872 
0.250000 0.250000 0.250000 0.250000 
 165
0.479817 0.003203 0.046210 
0.462778 0.993456 0.462022 
0.057405 0.003341 0.491768 
0.003873 0.003873 0.022424 0.969830 
0.250000 0.250000 0.250000 0.250000 
 166
0.479817 0.003203 0.046210 
0.462778 0.993456 0.462022 
0.057405 0.003341 0.491768 
0.003872 0.003872 0.003872 0.988383 
0.250000 0.250000 0.250000 0.250000 
 167
0.479817 0.003203 0.046210 
0.462778 0.993456 0.462022 
0.057405 0.003341 0.491768 
0.003872 0.003872 0.003872 0.988383 
0.250000 0.250000 0.250000 0.250000 
 168
0.479817 0.003203 0.046210 
0.462778 0.993456 0.462022 
0.057405 0.003341 0.491768 
0.003872 0.003872 0.005466 0.986789 
0.250000 0.250000 0.250000 0.250000 
 169
0.479817 0.003203 0.046210 
0.462778 0.993456 0.462022 
0.057405 0.003341 0.491768 
0.003872 0.985249 0.003872 0.007007 
0.250000 0.250000 0.250000 0.250000 
 170
0.479817 0.003203 0.046210 
0.462778 0.993456 0.462022 
0.057405 0.003341 0.491768 
0.003872 0.003872 0.988383 0.003872 
0.250000 0.250000 0.250000 0.250000 
 171
0.479817 0.003203 0.046210 
0.462778 0.993456 0.462022 
0.057405 0.003341 0.491768 
0.987159 0.005097 0.003872 0.003872 
0.250000 0.250000 0.250000 0.250000 
 172
0.479817 0.003203 0.046210 
0.462778 0.993456 0.462022 
0.057405 0.003341 0.491768 
0.988383 0.003872 0.003872 0.003872 
0.250000 0.250000 0.250000 0.250000 
 173
0.479817 0.003203 0.046210 
0.462778 0.993456 0.462022 
0.057405 0.003341 0.491768 
0.986800 0.005456 0.003872 0.003872 
0.250000 0.250000 0.250000 0.250000 
 174
0.479817 0.003203 0.046210 
0.462778 0.993456 0.462022 
0.057405 0.003341 0.491768 
0.004229 0.003872 0.006302 0.985596 
0.250000 0.250000 0.250000 0.250000 
 175
0.479817 0.003203 0.046210 
0.462778 0.993456 0.462022 
0.057405 0.003341 0.491768 
0.003872 0.003872 0.988383 0.003872 
0.250000 0.250000 0.250000 0.250000 
 176
0.479817 0.003203 0.046210 
0.462778 0.993456 0.462022 
0.057405 0.003341 0.491768 
0.003872 0.003872 0.003872 0.988383 
0.250000 0.250000 0.250000 0.250000 
 177
0.479817 0.003203 0.046210 
0.462778 0.993456 0.462022 
0.057405 0.003341 0.491768 
0.007385 0.003872 0.980916 0.007827 
0.250000 0.250000 0.250000 0.250000 
 178
0.479817 0.003203 0.046210 
0.462778 0.993456 0.462022 
0.057405 0.003341 0.491768 
0.987852 0.004403 0.003872 0.003872 
0.250000 0.250000 0.250000 0.250000 
 179
0.479817 0.003203 0.046210 
0.462778 0.993456 0.462022 
0.057405 0.003341 0.491768 
0.987855 0.004401 0.003872 0.003872 
0.250000 0.250000 0.250000 0.250000 
 180
0.479817 0.003203 0.046210 
0.462778 0.993456 0.462022 
0.057405 0.003341 0.491768 
0.985552 0.006703 0.003872 0.003872 
0.250000 0.250000 0.250000 0.250000 
 181
0.479817 0.003203 0.046210 
0.462778 0.993456 0.462022 
0.057405 0.003341 0.491768 
0.003872 0.988383 0.003872 0.003872 
0.250000 0.250000 0.250000 0.250000 
 182
0.479817 0.003203 0.046210 
0.462778 0.993456 0.462022 
0.057405 0.003341 0.491768 
0.003872 0.988383 0.003872 0.003872 
0.250000 0.250000 0.250000 0.250000 
 183
0.479817 0.003203 0.046210 
0.462778 0.993456 0.462022 
0.057405 0.003341 0.491768 
0.986077 0.005707 0.003872 0.004343 
0.250000 0.250000 0.250000 0.250000 
 184
0.479817 0.003203 0.046210 
0.462778 0.993456 0.462022 
0.057405 0.003341 0.491768 
0.986564 0.005692 0.003872 0.003872 
0.250000 0.250000 0.250000 0.250000 
 185
0.479817 0.003203 0.046210 
0.462778 0.993456 0.462022 
0.057405 0.003341 0.491768 
0.004515 0.003873 0.987739 0.003873 
0.250000 0.250000 0.250000 0.250000 
 186
0.479817 0.003203 0.046210 
0.462778 0.993456 0.462022 
0.057405 0.003341 0.491768 
0.986709 0.004990 0.004430 0.003872 
0.250000 0.250000 0.250000 0.250000 
 187
0.479817 0.003203 0.046210 
0.462778 0.993456 0.462022 
0.057405 0.003341 0.491768 
0.067013 0.904569 0.024544 0.003874 
0.250000 0.250000 0.250000 0.250000 
 188
0.479817 0.003203 0.046210 
0.462778 0.993456 0.462022 
0.057405 0.003341 0.491768 
0.987882 0.004373 0.003872 0.003872 
0.250000 0.250000 0.250000 0.250000 
 189
0.479817 0.003203 0.046210 
0.462778 0.993456 0.462022 
0.057405 0.003341 0.491768 
0.962394 0.029861 0.003872 0.003872 
0.250000 0.250000 0.250000 0.250000 
 190
0.479817 0.003203 0.046210 
0.462778 0.993456 0.462022 
0.057405 0.003341 0.491768 
0.988383 0.003872 0.003872 0.003872 
0.250000 0.250000 0.250000 0.250000 
 191
0.479817 0.003203 0.046210 
0.462778 0.993456 0.462022 
0.057405 0.003341 0.491768 
0.003872 0.003872 0.988383 0.003872 
0.250000 0.250000 0.250000 0.250000 
 192
0.479817 0.003203 0.046210 
0.462778 0.993456 0.462022 
0.057405 0.003341 0.491768 
0.003872 0.003872 0.986411 0.005845 
0.250000 0.250000 0.250000 0.250000 
 193
0.479817 0.003203 0.046210 
0.462778 0.993456 0.462022 
0.057405 0.003341 0.491768 
0.988383 0.003872 0.003872 0.003872 
0.250000 0.250000 0.250000 0.250000 
 194
0.479817 0.003203 0.046210 
0.462778 0.993456 0.462022 
0.057405 0.003341 0.491768 
0.003873 0.988380 0.003873 0.003873 
0.250000 0.250000 0.250000 0.250000 
 195
0.479817 0.003203 0.046210 
0.462778 0.993456 0.462022 
0.057405 0.003341 0.491768 
0.392410 0.599844 0.003873 0.003873 
0.250000 0.250000 0.250000 0.250000 
 196
0.479817 0.003203 0.046210 
0.462778 0.993456 0.462022 
0.057405 0.003341 0.491768 
0.003872 0.988383 0.003872 0.003872 
0.250000 0.250000 0.250000 0.250000 
 197
0.479817 0.003203 0.046210 
0.462778 0.993456 0.462022 
0.057405 0.003341 0.491768 
0.003872 0.988383 0.003872 0.003872 
0.250000 0.250000 0.250000 0.250000 
 198
0.479817 0.003203 0.046210 
0.462778 0.993456 0.462022 
0.057405 0.003341 0.491768 
0.044421 0.947834 0.003872 0.003872 
0.250000 0.250000 0.250000 0.250000 
 199
0.479817 0.003203 0.046210 
0.462778 0.993456 0.462022 
0.057405 0.003341 0.491768 
0.984377 0.007878 0.003872 0.003872 
0.250000 0.250000 0.250000 0.250000 
 200
0.479817 0.003203 0.046210 
0.462778 0.993456 0.462022 
0.057405 0.003341 0.491768 
0.987305 0.004950 0.003872 0.003872 
0.250000 0.250000 0.250000 0.250000 
 201
0.479817 0.003203 0.046210 
0.462778 0.993456 0.462022 
0.057405 0.003341 0.491768 
0.983356 0.006689 0.006083 0.003872 
0.250000 0.250000 0.250000 0.250000 
 202
0.479817 0.003203 0.046210 
0.462778 0.993456 0.462022 
0.057405 0.003341 0.491768 
0.003872 0.003872 0.987192 0.005064 
0.250000 0.250000 0.250000 0.250000 
 203
0.479817 0.003203 0.046210 
0.462778 0.993456 0.462022 
0.057405 0.003341 0.491768 
0.003872 0.003872 0.003872 0.988383 
0.250000 0.250000 0.250000 0.250000 
 204
0.479817 0.003203 0.046210 
0.462778 0.993456 0.462022 
0.057405 0.003341 0.491768 
0.984378 0.006440 0.004612 0.004570 
0.250000 0.250000 0.250000 0.250000 
 205
0.479817 0.003203 0.046210 
0.462778 0.993456 0.462022 
0.057405 0.003341 0.491768 
0.003872 0.003872 0.003872 0.988383 
0.250000 0.250000 0.250000 0.250000 
 206
0.479817 0.003203 0.046210 
0.462778 0.993456 0.462022 
0.057405 0.003341 0.491768 
0.003872 0.988383 0.003872 0.003872 
0.250000 0.250000 0.250000 0.250000 
 207
0.479817 0.003203 0.046210 
0.462778 0.993456 0.462022 
0.057405 0.003341 0.491768 
0.003873 0.003873 0.980103 0.012150 
0.250000 0.250000 0.250000 0.250000 
 208
0.479817 0.003203 0.046210 
0.462778 0.993456 0.462022 
0.057405 0.003341 0.491768 
0.003873 0.003873 0.988381 0.003873 
0.250000 0.250000 0.250000 0.250000 
 209
0.479817 0.003203 0.046210 
0.462778 0.993456 0.462022 
0.057405 0.003341 0.491768 
0.003872 0.003872 0.988383 0.003872 
0.250000 0.250000 0.250000 0.250000 
 210
0.479817 0.003203 0.046210 
0.462778 0.993456 0.462022 
0.057405 0.003341 0.491768 
0.984165 0.007551 0.003872 0.004411 
0.250000 0.250000 0.250000 0.250000 
 211
0.479817 0.003203 0.046210 
0.462778 0.993456 0.462022 
0.057405 0.003341 0.491768 
0.983472 0.006118 0.006539 0.003872 
0.250000 0.250000 0.250000 0.250000 
 212
0.479817 0.003203 0.046210 
0.462778 0.993456 0.462022 
0.057405 0.003341 0.491768 
0.983498 0.008406 0.004223 0.003873 
0.250000 0.250000 0.250000 0.250000 
 213
0.479817 0.003203 0.046210 
0.462778 0.993456 0.462022 
0.057405 0.003341 0.491768 
0.946752 0.015603 0.033772 0.003872 
0.250000 0.250000 0.250000 0.250000 
 214
0.479817 0.003203 0.046210 
0.462778 0.993456 0.462022 
0.057405 0.003341 0.491768 
0.003872 0.003872 0.003872 0.988383 
0.250000 0.250000 0.250000 0.250000 
 215
0.479817 0.003203 0.046210 
0.462778 0.993456 0.462022 
0.057405 0.003341 0.491768 
0.003872 0.988383 0.003872 0.003872 
0.250000 0.250000 0.250000 0.250000 
 216
0.479817 0.003203 0.046210 
0.462778 0.993456 0.462022 
0.057405 0.003341 0.491768 
0.003873 0.003873 0.943350 0.048904 
0.250000 0.250000 0.250000 0.250000 
 217
0.479817 0.003203 0.046210 
0.462778 0.993456 0.462022 
0.057405 0.003341 0.491768 
0.005174 0.003874 0.973888 0.017064 
0.250000 0.250000 0.250000 0.250000 
 218
0.479817 0.003203 0.046210 
0.462778 0.993456 0.462022 
0.057405 0.003341 0.491768 
0.004545 0.003872 0.153929 0.837653 
0.250000 0.250000 0.250000 0.250000 
 219
0.479817 0.003203 0.046210 
0.462778 0.993456 0.462022 
0.057405 0.003341 0.491768 
0.018066 0.003872 0.955189 0.022872 
0.250000 0.250000 0.250000 0.250000 
 220
0.479817 0.003203 0.046210 
0.462778 0.993456 0.462022 
0.057405 0.003341 0.491768 
0.985782 0.005451 0.004894 0.003872 
0.250000 0.250000 0.250000 0.250000 
 221
0.479817 0.003203 0.046210 
0.462778 0.993456 0.462022 
0.057405 0.003341 0.491768 
0.988383 0.003872 0.003872 0.003872 
0.250000 0.250000 0.250000 0.250000 
 222
0.479817 0.003203 0.046210 
0.462778 0.993456 0.462022 
0.057405 0.003341 0.491768 
0.003872 0.003872 0.977737 0.014518 
0.250000 0.250000 0.250000 0.250000 
 223
0.479817 0.003203 0.046210 
0.462778 0.993456 0.462022 
0.057405 0.003341 0.491768 
0.003872 0.003872 0.003872 0.988383 
0.250000 0.250000 0.250000 0.250000 
 224
0.479817 0.003203 0.046210 
0.462778 0.993456 0.462022 
0.057405 0.003341 0.491768 
0.003872 0.988383 0.003872 0.003872 
0.250000 0.250000 0.250000 0.250000 
 225
0.479817 0.003203 0.046210 
0.462778 0.993456 0.462022 
0.057405 0.003341 0.491768 
0.003872 0.003872 0.980907 0.011348 
0.250000 0.250000 0.250000 0.250000 
 226
0.479817 0.003203 0.046210 
0.462778 0.993456 0.462022 
0.057405 0.003341 0.491768 
0.988383 0.003872 0.003872 0.003872 
0.250000 0.250000 0.250000 0.250000 
 227
0.479817 0.003203 0.046210 
0.462778 0.993456 0.462022 
0.057405 0.003341 0.491768 
0.003872 0.003872 0.988383 0.003872 
0.250000 0.250000 0.250000 0.250000 
 228
0.479817 0.003203 0.046210 
0.462778 0.993456 0.462022 
0.057405 0.003341 0.491768 
0.986819 0.004360 0.004418 0.004403 
0.250000 0.250000 0.250000 0.250000 
 229
0.479817 0.003203 0.046210 
0.462778 0.993456 0.462022 
0.057405 0.003341 0.491768 
0.003873 0.987933 0.003873 0.004321 
0.250000 0.250000 0.250000 0.250000 
 230
0.479817 0.003203 0.046210 
0.462778 0.993456 0.462022 
0.057405 0.003341 0.491768 
0.988383 0.003872 0.003872 0.003872 
0.250000 0.250000 0.250000 0.250000 
 231
0.479817 0.003203 0.046210 
0.462778 0.993456 0.462022 
0.057405 0.003341 0.491768 
0.003872 0.003872 0.008898 0.983357 
0.250000 0.250000 0.250000 0.250000 
 232
0.479817 0.003203 0.046210 
0.462778 0.993456 0.462022 
0.057405 0.003341 0.491768 
0.003872 0.003872 0.978361 0.013894 
0.250000 0.250000 0.250000 0.250000 
 233
0.479817 0.003203 0.046210 
0.462778 0.993456 0.462022 
0.057405 0.003341 0.491768 
0.003872 0.003872 0.003872 0.988383 
0.250000 0.250000 0.250000 0.250000 
 234
0.479817 0.003203 0.046210 
0.462778 0.993456 0.462022 
