%  SAM: /scicomp/home/yfa9/CDC_projects/Mol_genetic_analysis/Nomenclature/B_HA_Nomenclature/All_v4/label/LABEL_RES/scripts/modelfromalign_Linux v3.5 (July 15, 2005) compiled 12/08/06_16:15:55
%  (c) 1992-2001 Regents of the University of California, Santa Cruz
%
%          Sequence Alignment and Modeling Software System
%         http://www.cse.ucsc.edu/research/compbio/sam.html
%
% ----------------- Citations (SAM, SAM-T2K, HMMs) --------------------
% R. Hughey, A. Krogh, Hidden Markov models for sequence analysis:
%  Extension and analysis of the basic method, CABIOS 12:95-107, 1996.
% K. Karplus, et al., What is the value added by human intervention in protein
%  structure prediction, Proteins: Stucture, Function, Genetics 45(S5):86--91, 2001.
% A. Krogh et al., Hidden Markov models in computational biology:
%  Applications to protein modeling, JMB 235:1501-1531, Feb 1994.
% ---------------------------------------------------------------------
%  c-yam3-yam2-yamOld_hmm   Host: node4.hpc.biotech.cdc.gov    Fri Jul 22 14:45:43 2016
%  yfa9                     Dir:  /scicomp/home/yfa9/CDC_projects/Mol_genetic_analysis/Nomenclature/B_HA_Nomenclature/All_v4/Influ_B_HA
% ---------------------------------------------------------------------
%  Alignment weights from internal calc.  Total (71.71) Max (0.18) Min (0.01)
%  Weights from alignment method 1 (karplus), b=-1.000000, e=0.500000
MODEL --  Model from alignment file /scicomp/home/yfa9/CDC_projects/Mol_genetic_analysis/Nomenclature/B_HA_Nomenclature/All_v4/label/LABEL_RES/training_data/InfluB_v1/c-yam3-yam2-yamOld.fasta
alphabet DNA
FREQAVE
0.000000 0.000000 0.000000 
0.000000 0.000000 0.000000 
0.000000 0.000000 0.000000 
0.335318 0.216418 0.211033 0.237231 
0.335318 0.216418 0.211033 0.237231 
Begin
0.000000 0.000000 0.000000 
0.000000 0.000000 0.000000 
0.000000 0.003031 0.491768 
0.250000 0.250000 0.250000 0.250000 
0.250000 0.250000 0.250000 0.250000 
   1
0.000000 0.003990 0.046210 
0.000000 0.992979 0.462022 
0.056048 0.003034 0.491768 
0.989671 0.003443 0.003443 0.003443 
0.250000 0.250000 0.250000 0.250000 
   2
0.492112 0.002909 0.046210 
0.451839 0.994057 0.462022 
0.056048 0.003034 0.491768 
0.003443 0.003443 0.003443 0.989671 
0.250000 0.250000 0.250000 0.250000 
   3
0.492112 0.002909 0.046210 
0.451839 0.994057 0.462022 
0.056048 0.003034 0.491768 
0.003443 0.989671 0.003443 0.003443 
0.250000 0.250000 0.250000 0.250000 
   4
0.478378 0.002909 0.046210 
0.465573 0.994057 0.462022 
0.056829 0.003032 0.491768 
0.988562 0.004557 0.003441 0.003441 
0.250000 0.250000 0.250000 0.250000 
   5
0.485040 0.002907 0.046210 
0.458131 0.994061 0.462022 
0.056829 0.003032 0.491768 
0.989679 0.003440 0.003440 0.003440 
0.250000 0.250000 0.250000 0.250000 
   6
0.485040 0.002907 0.046210 
0.458131 0.994061 0.462022 
0.056829 0.003032 0.491768 
0.009663 0.983122 0.003440 0.003774 
0.250000 0.250000 0.250000 0.250000 
   7
0.485040 0.002907 0.046210 
0.458131 0.994061 0.462022 
0.056829 0.003032 0.491768 
0.006769 0.986350 0.003440 0.003440 
0.250000 0.250000 0.250000 0.250000 
   8
0.485040 0.002907 0.046210 
0.458131 0.994061 0.462022 
0.056829 0.003032 0.491768 
0.004118 0.004092 0.987252 0.004538 
0.250000 0.250000 0.250000 0.250000 
   9
0.485040 0.002907 0.046210 
0.458131 0.994061 0.462022 
0.056829 0.003032 0.491768 
0.984232 0.005818 0.006509 0.003441 
0.250000 0.250000 0.250000 0.250000 
  10
0.485040 0.002907 0.046210 
0.458131 0.994061 0.462022 
0.056829 0.003032 0.491768 
0.986523 0.006097 0.003440 0.003939 
0.250000 0.250000 0.250000 0.250000 
  11
0.485040 0.002907 0.046210 
0.458131 0.994061 0.462022 
0.056829 0.003032 0.491768 
0.003440 0.003440 0.005261 0.987858 
0.250000 0.250000 0.250000 0.250000 
  12
0.485040 0.002907 0.046210 
0.458131 0.994061 0.462022 
0.056829 0.003032 0.491768 
0.988560 0.004559 0.003440 0.003440 
0.250000 0.250000 0.250000 0.250000 
  13
0.485040 0.002907 0.046210 
0.458131 0.994061 0.462022 
0.056829 0.003032 0.491768 
0.988091 0.004296 0.003440 0.004172 
0.250000 0.250000 0.250000 0.250000 
  14
0.485040 0.002907 0.046210 
0.458131 0.994061 0.462022 
0.056829 0.003032 0.491768 
0.003440 0.004172 0.004132 0.988256 
0.250000 0.250000 0.250000 0.250000 
  15
0.485040 0.002907 0.046210 
0.458131 0.994061 0.462022 
0.056829 0.003032 0.491768 
0.004064 0.003440 0.003440 0.989055 
0.250000 0.250000 0.250000 0.250000 
  16
0.485040 0.002907 0.046210 
0.458131 0.994061 0.462022 
0.056829 0.003032 0.491768 
0.010855 0.982264 0.003441 0.003441 
0.250000 0.250000 0.250000 0.250000 
  17
0.485040 0.002907 0.046210 
0.458131 0.994061 0.462022 
0.056829 0.003032 0.491768 
0.003440 0.004000 0.005778 0.986781 
0.250000 0.250000 0.250000 0.250000 
  18
0.485040 0.002907 0.046210 
0.458131 0.994061 0.462022 
0.056829 0.003032 0.491768 
0.988560 0.004559 0.003440 0.003440 
0.250000 0.250000 0.250000 0.250000 
  19
0.485040 0.002907 0.046210 
0.458131 0.994061 0.462022 
0.056829 0.003032 0.491768 
0.003440 0.003440 0.988985 0.004135 
0.250000 0.250000 0.250000 0.250000 
  20
0.485040 0.002907 0.046210 
0.458131 0.994061 0.462022 
0.056829 0.003032 0.491768 
0.003440 0.003440 0.003440 0.989679 
0.250000 0.250000 0.250000 0.250000 
  21
0.485040 0.002907 0.046210 
0.458131 0.994061 0.462022 
0.056829 0.003032 0.491768 
0.989679 0.003440 0.003440 0.003440 
0.250000 0.250000 0.250000 0.250000 
  22
0.485040 0.002907 0.046210 
0.458131 0.994061 0.462022 
0.056829 0.003032 0.491768 
0.003440 0.003440 0.988985 0.004135 
0.250000 0.250000 0.250000 0.250000 
  23
0.485040 0.002907 0.046210 
0.458131 0.994061 0.462022 
0.056829 0.003032 0.491768 
0.003440 0.003440 0.003440 0.989679 
0.250000 0.250000 0.250000 0.250000 
  24
0.485040 0.002907 0.046210 
0.458131 0.994061 0.462022 
0.056829 0.003032 0.491768 
0.051251 0.004767 0.939342 0.004641 
0.250000 0.250000 0.250000 0.250000 
  25
0.485040 0.002907 0.046210 
0.458131 0.994061 0.462022 
0.056829 0.003032 0.491768 
0.988035 0.004559 0.003966 0.003440 
0.250000 0.250000 0.250000 0.250000 
  26
0.485040 0.002907 0.046210 
0.458131 0.994061 0.462022 
0.056829 0.003032 0.491768 
0.003440 0.003440 0.004223 0.988897 
0.250000 0.250000 0.250000 0.250000 
  27
0.485040 0.002907 0.046210 
0.458131 0.994061 0.462022 
0.056829 0.003032 0.491768 
0.004178 0.988941 0.003440 0.003440 
0.250000 0.250000 0.250000 0.250000 
  28
0.485040 0.002907 0.046210 
0.458131 0.994061 0.462022 
0.056829 0.003032 0.491768 
0.003758 0.988629 0.003440 0.004172 
0.250000 0.250000 0.250000 0.250000 
  29
0.485040 0.002907 0.046210 
0.458131 0.994061 0.462022 
0.056829 0.003032 0.491768 
0.003862 0.003710 0.004755 0.987673 
0.250000 0.250000 0.250000 0.250000 
  30
0.485040 0.002907 0.046210 
0.458131 0.994061 0.462022 
0.056829 0.003032 0.491768 
0.989679 0.003440 0.003440 0.003440 
0.250000 0.250000 0.250000 0.250000 
  31
0.485040 0.002907 0.046210 
0.458131 0.994061 0.462022 
0.056829 0.003032 0.491768 
0.003847 0.989273 0.003440 0.003440 
0.250000 0.250000 0.250000 0.250000 
  32
0.485040 0.002907 0.046210 
0.458131 0.994061 0.462022 
0.056829 0.003032 0.491768 
0.003440 0.003440 0.008891 0.984229 
0.250000 0.250000 0.250000 0.250000 
  33
0.485040 0.002907 0.046210 
0.458131 0.994061 0.462022 
0.056829 0.003032 0.491768 
0.987941 0.004056 0.003440 0.004563 
0.250000 0.250000 0.250000 0.250000 
  34
0.485040 0.002907 0.046210 
0.458131 0.994061 0.462022 
0.056829 0.003032 0.491768 
0.988220 0.004339 0.004000 0.003440 
0.250000 0.250000 0.250000 0.250000 
  35
0.485040 0.002907 0.046210 
0.458131 0.994061 0.462022 
0.056829 0.003032 0.491768 
0.003440 0.003440 0.964943 0.028177 
0.250000 0.250000 0.250000 0.250000 
  36
0.485040 0.002907 0.046210 
0.458131 0.994061 0.462022 
0.056829 0.003032 0.491768 
0.955117 0.038003 0.003440 0.003440 
0.250000 0.250000 0.250000 0.250000 
  37
0.485040 0.002907 0.046210 
0.458131 0.994061 0.462022 
0.056829 0.003032 0.491768 
0.003889 0.003440 0.003440 0.989230 
0.250000 0.250000 0.250000 0.250000 
  38
0.485040 0.002907 0.046210 
0.458131 0.994061 0.462022 
0.056829 0.003032 0.491768 
0.003440 0.003440 0.989679 0.003440 
0.250000 0.250000 0.250000 0.250000 
  39
0.485040 0.002907 0.046210 
0.458131 0.994061 0.462022 
0.056829 0.003032 0.491768 
0.003994 0.003440 0.987123 0.005442 
0.250000 0.250000 0.250000 0.250000 
  40
0.485040 0.002907 0.046210 
0.458131 0.994061 0.462022 
0.056829 0.003032 0.491768 
0.983974 0.009145 0.003440 0.003440 
0.250000 0.250000 0.250000 0.250000 
  41
0.485040 0.002907 0.046210 
0.458131 0.994061 0.462022 
0.056829 0.003032 0.491768 
0.988275 0.004844 0.003440 0.003440 
0.250000 0.250000 0.250000 0.250000 
  42
0.485040 0.002907 0.046210 
0.458131 0.994061 0.462022 
0.056829 0.003032 0.491768 
0.004726 0.003712 0.018445 0.973117 
0.250000 0.250000 0.250000 0.250000 
  43
0.485040 0.002907 0.046210 
0.458131 0.994061 0.462022 
0.056829 0.003032 0.491768 
0.003440 0.989679 0.003440 0.003440 
0.250000 0.250000 0.250000 0.250000 
  44
0.485040 0.002907 0.046210 
0.458131 0.994061 0.462022 
0.056829 0.003032 0.491768 
0.003440 0.003440 0.989679 0.003440 
0.250000 0.250000 0.250000 0.250000 
  45
0.485040 0.002907 0.046210 
0.458131 0.994061 0.462022 
0.056829 0.003032 0.491768 
0.988639 0.004481 0.003440 0.003440 
0.250000 0.250000 0.250000 0.250000 
  46
0.485040 0.002907 0.046210 
0.458131 0.994061 0.462022 
0.056829 0.003032 0.491768 
0.003440 0.989679 0.003440 0.003440 
0.250000 0.250000 0.250000 0.250000 
  47
0.485040 0.002907 0.046210 
0.458131 0.994061 0.462022 
0.056829 0.003032 0.491768 
0.989679 0.003440 0.003440 0.003440 
0.250000 0.250000 0.250000 0.250000 
  48
0.485040 0.002907 0.046210 
0.458131 0.994061 0.462022 
0.056829 0.003032 0.491768 
0.003440 0.003440 0.008179 0.984941 
0.250000 0.250000 0.250000 0.250000 
  49
0.485040 0.002907 0.046210 
0.458131 0.994061 0.462022 
0.056829 0.003032 0.491768 
0.031833 0.003440 0.961286 0.003440 
0.250000 0.250000 0.250000 0.250000 
  50
0.485040 0.002907 0.046210 
0.458131 0.994061 0.462022 
0.056829 0.003032 0.491768 
0.003440 0.989679 0.003440 0.003440 
0.250000 0.250000 0.250000 0.250000 
  51
0.485040 0.002907 0.046210 
0.458131 0.994061 0.462022 
0.056829 0.003032 0.491768 
0.987535 0.005267 0.003441 0.003757 
0.250000 0.250000 0.250000 0.250000 
  52
0.485040 0.002907 0.046210 
0.458131 0.994061 0.462022 
0.056829 0.003032 0.491768 
0.987868 0.005251 0.003440 0.003440 
0.250000 0.250000 0.250000 0.250000 
  53
0.485040 0.002907 0.046210 
0.458131 0.994061 0.462022 
0.056829 0.003032 0.491768 
0.003440 0.003440 0.003440 0.989679 
0.250000 0.250000 0.250000 0.250000 
  54
0.485040 0.002907 0.046210 
0.458131 0.994061 0.462022 
0.056829 0.003032 0.491768 
0.004758 0.003758 0.987031 0.004453 
0.250000 0.250000 0.250000 0.250000 
  55
0.485040 0.002907 0.046210 
0.458131 0.994061 0.462022 
0.056829 0.003032 0.491768 
0.003440 0.003440 0.003440 0.989679 
0.250000 0.250000 0.250000 0.250000 
  56
0.485040 0.002907 0.046210 
0.458131 0.994061 0.462022 
0.056829 0.003032 0.491768 
0.003441 0.989678 0.003441 0.003441 
0.250000 0.250000 0.250000 0.250000 
  57
0.485040 0.002907 0.046210 
0.458131 0.994061 0.462022 
0.056829 0.003032 0.491768 
0.003440 0.003440 0.986742 0.006377 
0.250000 0.250000 0.250000 0.250000 
  58
0.485040 0.002907 0.046210 
0.458131 0.994061 0.462022 
0.056829 0.003032 0.491768 
0.989679 0.003440 0.003440 0.003440 
0.250000 0.250000 0.250000 0.250000 
  59
0.485040 0.002907 0.046210 
0.458131 0.994061 0.462022 
0.056829 0.003032 0.491768 
0.003440 0.003440 0.989679 0.003440 
0.250000 0.250000 0.250000 0.250000 
  60
0.485040 0.002907 0.046210 
0.458131 0.994061 0.462022 
0.056829 0.003032 0.491768 
0.004023 0.005731 0.004073 0.986172 
0.250000 0.250000 0.250000 0.250000 
  61
0.485040 0.002907 0.046210 
0.458131 0.994061 0.462022 
0.056829 0.003032 0.491768 
0.003440 0.989679 0.003440 0.003440 
0.250000 0.250000 0.250000 0.250000 
  62
0.485040 0.002907 0.046210 
0.458131 0.994061 0.462022 
0.056829 0.003032 0.491768 
0.004812 0.988307 0.003440 0.003440 
0.250000 0.250000 0.250000 0.250000 
  63
0.485040 0.002907 0.046210 
0.458131 0.994061 0.462022 
0.056829 0.003032 0.491768 
0.046207 0.917521 0.003757 0.032516 
0.250000 0.250000 0.250000 0.250000 
  64
0.485040 0.002907 0.046210 
0.458131 0.994061 0.462022 
0.056829 0.003032 0.491768 
0.988936 0.004183 0.003440 0.003440 
0.250000 0.250000 0.250000 0.250000 
  65
0.485040 0.002907 0.046210 
0.458131 0.994061 0.462022 
0.056829 0.003032 0.491768 
0.003440 0.003440 0.003440 0.989679 
0.250000 0.250000 0.250000 0.250000 
  66
0.475000 0.002907 0.046210 
0.468171 0.994061 0.462022 
0.057405 0.003031 0.491768 
0.989685 0.003438 0.003438 0.003438 
0.250000 0.250000 0.250000 0.250000 
  67
0.479817 0.002905 0.046210 
0.462778 0.994064 0.462022 
0.057405 0.003031 0.491768 
0.989685 0.003438 0.003438 0.003438 
0.250000 0.250000 0.250000 0.250000 
  68
0.479817 0.002905 0.046210 
0.462778 0.994064 0.462022 
0.057405 0.003031 0.491768 
0.003438 0.003438 0.989685 0.003438 
0.250000 0.250000 0.250000 0.250000 
  69
0.479817 0.002905 0.046210 
0.462778 0.994064 0.462022 
0.057405 0.003031 0.491768 
0.987438 0.004393 0.003438 0.004731 
0.250000 0.250000 0.250000 0.250000 
  70
0.479817 0.002905 0.046210 
0.462778 0.994064 0.462022 
0.057405 0.003031 0.491768 
0.004433 0.003438 0.003438 0.988690 
0.250000 0.250000 0.250000 0.250000 
  71
0.479817 0.002905 0.046210 
0.462778 0.994064 0.462022 
0.057405 0.003031 0.491768 
0.003439 0.003439 0.989242 0.003880 
0.250000 0.250000 0.250000 0.250000 
  72
0.479817 0.002905 0.046210 
0.462778 0.994064 0.462022 
0.057405 0.003031 0.491768 
0.004737 0.043646 0.013110 0.938507 
0.250000 0.250000 0.250000 0.250000 
  73
0.479817 0.002905 0.046210 
0.462778 0.994064 0.462022 
0.057405 0.003031 0.491768 
0.003438 0.003438 0.003438 0.989685 
0.250000 0.250000 0.250000 0.250000 
  74
0.479817 0.002905 0.046210 
0.462778 0.994064 0.462022 
0.057405 0.003031 0.491768 
0.003438 0.003438 0.989269 0.003854 
0.250000 0.250000 0.250000 0.250000 
  75
0.479817 0.002905 0.046210 
0.462778 0.994064 0.462022 
0.057405 0.003031 0.491768 
0.987094 0.006029 0.003438 0.003438 
0.250000 0.250000 0.250000 0.250000 
  76
0.479817 0.002905 0.046210 
0.462778 0.994064 0.462022 
0.057405 0.003031 0.491768 
0.988601 0.004522 0.003438 0.003438 
0.250000 0.250000 0.250000 0.250000 
  77
0.479817 0.002905 0.046210 
0.462778 0.994064 0.462022 
0.057405 0.003031 0.491768 
0.983187 0.005181 0.003438 0.008194 
0.250000 0.250000 0.250000 0.250000 
  78
0.479817 0.002905 0.046210 
0.462778 0.994064 0.462022 
0.057405 0.003031 0.491768 
0.004857 0.003440 0.985997 0.005706 
0.250000 0.250000 0.250000 0.250000 
  79
0.479817 0.002905 0.046210 
0.462778 0.994064 0.462022 
0.057405 0.003031 0.491768 
0.003438 0.003848 0.003438 0.989275 
0.250000 0.250000 0.250000 0.250000 
  80
0.479817 0.002905 0.046210 
0.462778 0.994064 0.462022 
0.057405 0.003031 0.491768 
0.003438 0.003438 0.989685 0.003438 
0.250000 0.250000 0.250000 0.250000 
  81
0.479817 0.002905 0.046210 
0.462778 0.994064 0.462022 
0.057405 0.003031 0.491768 
0.989113 0.004010 0.003438 0.003438 
0.250000 0.250000 0.250000 0.250000 
  82
0.479817 0.002905 0.046210 
0.462778 0.994064 0.462022 
0.057405 0.003031 0.491768 
0.003811 0.003438 0.988840 0.003911 
0.250000 0.250000 0.250000 0.250000 
  83
0.479817 0.002905 0.046210 
0.462778 0.994064 0.462022 
0.057405 0.003031 0.491768 
0.003438 0.003438 0.989685 0.003438 
0.250000 0.250000 0.250000 0.250000 
  84
0.479817 0.002905 0.046210 
0.462778 0.994064 0.462022 
0.057405 0.003031 0.491768 
0.003940 0.003439 0.014686 0.977935 
0.250000 0.250000 0.250000 0.250000 
  85
0.479817 0.002905 0.046210 
0.462778 0.994064 0.462022 
0.057405 0.003031 0.491768 
0.003438 0.003438 0.988336 0.004787 
0.250000 0.250000 0.250000 0.250000 
  86
0.479817 0.002905 0.046210 
0.462778 0.994064 0.462022 
0.057405 0.003031 0.491768 
0.983558 0.003438 0.003438 0.009565 
0.250000 0.250000 0.250000 0.250000 
  87
0.479817 0.002905 0.046210 
0.462778 0.994064 0.462022 
0.057405 0.003031 0.491768 
0.003438 0.003438 0.013539 0.979584 
0.250000 0.250000 0.250000 0.250000 
  88
0.479817 0.002905 0.046210 
0.462778 0.994064 0.462022 
0.057405 0.003031 0.491768 
0.004228 0.988563 0.003438 0.003771 
0.250000 0.250000 0.250000 0.250000 
  89
0.479817 0.002905 0.046210 
0.462778 0.994064 0.462022 
0.057405 0.003031 0.491768 
0.003438 0.003438 0.003438 0.989685 
0.250000 0.250000 0.250000 0.250000 
  90
0.479817 0.002905 0.046210 
0.462778 0.994064 0.462022 
0.057405 0.003031 0.491768 
0.034516 0.956567 0.003438 0.005478 
0.250000 0.250000 0.250000 0.250000 
  91
0.479817 0.002905 0.046210 
0.462778 0.994064 0.462022 
0.057405 0.003031 0.491768 
0.004197 0.988926 0.003438 0.003438 
0.250000 0.250000 0.250000 0.250000 
  92
0.479817 0.002905 0.046210 
0.462778 0.994064 0.462022 
0.057405 0.003031 0.491768 
0.008194 0.003438 0.003438 0.984930 
0.250000 0.250000 0.250000 0.250000 
  93
0.479817 0.002905 0.046210 
0.462778 0.994064 0.462022 
0.057405 0.003031 0.491768 
0.009331 0.003438 0.981277 0.005954 
0.250000 0.250000 0.250000 0.250000 
  94
0.479817 0.002905 0.046210 
0.462778 0.994064 0.462022 
0.057405 0.003031 0.491768 
0.989681 0.003440 0.003440 0.003440 
0.250000 0.250000 0.250000 0.250000 
  95
0.479817 0.002905 0.046210 
0.462778 0.994064 0.462022 
0.057405 0.003031 0.491768 
0.989207 0.003916 0.003438 0.003438 
0.250000 0.250000 0.250000 0.250000 
  96
0.479817 0.002905 0.046210 
0.462778 0.994064 0.462022 
0.057405 0.003031 0.491768 
0.988319 0.004804 0.003438 0.003438 
0.250000 0.250000 0.250000 0.250000 
  97
0.479817 0.002905 0.046210 
0.462778 0.994064 0.462022 
0.057405 0.003031 0.491768 
0.989685 0.003438 0.003438 0.003438 
0.250000 0.250000 0.250000 0.250000 
  98
0.479817 0.002905 0.046210 
0.462778 0.994064 0.462022 
0.057405 0.003031 0.491768 
0.003438 0.003438 0.989685 0.003438 
0.250000 0.250000 0.250000 0.250000 
  99
0.479817 0.002905 0.046210 
0.462778 0.994064 0.462022 
0.057405 0.003031 0.491768 
0.987290 0.003931 0.003438 0.005341 
0.250000 0.250000 0.250000 0.250000 
 100
0.479817 0.002905 0.046210 
0.462778 0.994064 0.462022 
0.057405 0.003031 0.491768 
0.003438 0.989685 0.003438 0.003438 
0.250000 0.250000 0.250000 0.250000 
 101
0.479817 0.002905 0.046210 
0.462778 0.994064 0.462022 
0.057405 0.003031 0.491768 
0.003438 0.003438 0.988825 0.004298 
0.250000 0.250000 0.250000 0.250000 
 102
0.479817 0.002905 0.046210 
0.462778 0.994064 0.462022 
0.057405 0.003031 0.491768 
0.003439 0.003439 0.049699 0.943423 
0.250000 0.250000 0.250000 0.250000 
 103
0.479817 0.002905 0.046210 
0.462778 0.994064 0.462022 
0.057405 0.003031 0.491768 
0.989685 0.003438 0.003438 0.003438 
0.250000 0.250000 0.250000 0.250000 
 104
0.479817 0.002905 0.046210 
0.462778 0.994064 0.462022 
0.057405 0.003031 0.491768 
0.003438 0.003438 0.989685 0.003438 
0.250000 0.250000 0.250000 0.250000 
 105
0.479817 0.002905 0.046210 
0.462778 0.994064 0.462022 
0.057405 0.003031 0.491768 
0.004073 0.004613 0.009918 0.981396 
0.250000 0.250000 0.250000 0.250000 
 106
0.479817 0.002905 0.046210 
0.462778 0.994064 0.462022 
0.057405 0.003031 0.491768 
0.003892 0.003439 0.989230 0.003439 
0.250000 0.250000 0.250000 0.250000 
 107
0.479817 0.002905 0.046210 
0.462778 0.994064 0.462022 
0.057405 0.003031 0.491768 
0.983657 0.003438 0.003438 0.009466 
0.250000 0.250000 0.250000 0.250000 
 108
0.479817 0.002905 0.046210 
0.462778 0.994064 0.462022 
0.057405 0.003031 0.491768 
0.988289 0.004496 0.003776 0.003438 
0.250000 0.250000 0.250000 0.250000 
 109
0.479817 0.002905 0.046210 
0.462778 0.994064 0.462022 
0.057405 0.003031 0.491768 
0.003438 0.988526 0.003438 0.004597 
0.250000 0.250000 0.250000 0.250000 
 110
0.479817 0.002905 0.046210 
0.462778 0.994064 0.462022 
0.057405 0.003031 0.491768 
0.003438 0.989685 0.003438 0.003438 
0.250000 0.250000 0.250000 0.250000 
 111
0.479817 0.002905 0.046210 
0.462778 0.994064 0.462022 
0.057405 0.003031 0.491768 
0.011319 0.979080 0.003438 0.006162 
0.250000 0.250000 0.250000 0.250000 
 112
0.479817 0.002905 0.046210 
0.462778 0.994064 0.462022 
0.057405 0.003031 0.491768 
0.003438 0.989685 0.003438 0.003438 
0.250000 0.250000 0.250000 0.250000 
 113
0.479817 0.002905 0.046210 
0.462778 0.994064 0.462022 
0.057405 0.003031 0.491768 
0.989685 0.003438 0.003438 0.003438 
0.250000 0.250000 0.250000 0.250000 
 114
0.479817 0.002905 0.046210 
0.462778 0.994064 0.462022 
0.057405 0.003031 0.491768 
0.026667 0.966456 0.003438 0.003438 
0.250000 0.250000 0.250000 0.250000 
 115
0.479817 0.002905 0.046210 
0.462778 0.994064 0.462022 
0.057405 0.003031 0.491768 
0.004504 0.988618 0.003439 0.003439 
0.250000 0.250000 0.250000 0.250000 
 116
0.479817 0.002905 0.046210 
0.462778 0.994064 0.462022 
0.057405 0.003031 0.491768 
0.003438 0.003438 0.003438 0.989685 
0.250000 0.250000 0.250000 0.250000 
 117
0.479817 0.002905 0.046210 
0.462778 0.994064 0.462022 
0.057405 0.003031 0.491768 
0.004249 0.003439 0.986348 0.005964 
0.250000 0.250000 0.250000 0.250000 
 118
0.479817 0.002905 0.046210 
0.462778 0.994064 0.462022 
0.057405 0.003031 0.491768 
0.988526 0.003438 0.004597 0.003438 
0.250000 0.250000 0.250000 0.250000 
 119
0.479817 0.002905 0.046210 
0.462778 0.994064 0.462022 
0.057405 0.003031 0.491768 
0.989203 0.003438 0.003438 0.003920 
0.250000 0.250000 0.250000 0.250000 
 120
0.479817 0.002905 0.046210 
0.462778 0.994064 0.462022 
0.057405 0.003031 0.491768 
0.004597 0.003438 0.007000 0.984964 
0.250000 0.250000 0.250000 0.250000 
 121
0.479817 0.002905 0.046210 
0.462778 0.994064 0.462022 
0.057405 0.003031 0.491768 
0.003438 0.989685 0.003438 0.003438 
0.250000 0.250000 0.250000 0.250000 
 122
0.479817 0.002905 0.046210 
0.462778 0.994064 0.462022 
0.057405 0.003031 0.491768 
0.006945 0.003438 0.003438 0.986178 
0.250000 0.250000 0.250000 0.250000 
 123
0.479817 0.002905 0.046210 
0.462778 0.994064 0.462022 
0.057405 0.003031 0.491768 
0.011108 0.981688 0.003439 0.003766 
0.250000 0.250000 0.250000 0.250000 
 124
0.479817 0.002905 0.046210 
0.462778 0.994064 0.462022 
0.057405 0.003031 0.491768 
0.988690 0.003438 0.004433 0.003438 
0.250000 0.250000 0.250000 0.250000 
 125
0.479817 0.002905 0.046210 
0.462778 0.994064 0.462022 
0.057405 0.003031 0.491768 
0.003438 0.003438 0.989685 0.003438 
0.250000 0.250000 0.250000 0.250000 
 126
0.479817 0.002905 0.046210 
0.462778 0.994064 0.462022 
0.057405 0.003031 0.491768 
0.004645 0.005000 0.009303 0.981053 
0.250000 0.250000 0.250000 0.250000 
 127
0.479817 0.002905 0.046210 
0.462778 0.994064 0.462022 
0.057405 0.003031 0.491768 
0.003439 0.989683 0.003439 0.003439 
0.250000 0.250000 0.250000 0.250000 
 128
0.479817 0.002905 0.046210 
0.462778 0.994064 0.462022 
0.057405 0.003031 0.491768 
0.003438 0.989685 0.003438 0.003438 
0.250000 0.250000 0.250000 0.250000 
 129
0.479817 0.002905 0.046210 
0.462778 0.994064 0.462022 
0.057405 0.003031 0.491768 
0.005497 0.003719 0.572181 0.418604 
0.250000 0.250000 0.250000 0.250000 
 130
0.479817 0.002905 0.046210 
0.462778 0.994064 0.462022 
0.057405 0.003031 0.491768 
0.003438 0.989685 0.003438 0.003438 
0.250000 0.250000 0.250000 0.250000 
 131
0.479817 0.002905 0.046210 
0.462778 0.994064 0.462022 
0.057405 0.003031 0.491768 
0.003438 0.003438 0.051302 0.941822 
0.250000 0.250000 0.250000 0.250000 
 132
0.479817 0.002905 0.046210 
0.462778 0.994064 0.462022 
0.057405 0.003031 0.491768 
0.013684 0.977237 0.003439 0.005640 
0.250000 0.250000 0.250000 0.250000 
 133
0.479817 0.002905 0.046210 
0.462778 0.994064 0.462022 
0.057405 0.003031 0.491768 
0.989685 0.003438 0.003438 0.003438 
0.250000 0.250000 0.250000 0.250000 
 134
0.479817 0.002905 0.046210 
0.462778 0.994064 0.462022 
0.057405 0.003031 0.491768 
0.003438 0.003438 0.003438 0.989685 
0.250000 0.250000 0.250000 0.250000 
 135
0.479817 0.002905 0.046210 
0.462778 0.994064 0.462022 
0.057405 0.003031 0.491768 
0.989183 0.003438 0.003940 0.003438 
0.250000 0.250000 0.250000 0.250000 
 136
0.479817 0.002905 0.046210 
0.462778 0.994064 0.462022 
0.057405 0.003031 0.491768 
0.003439 0.003439 0.987356 0.005765 
0.250000 0.250000 0.250000 0.250000 
 137
0.479817 0.002905 0.046210 
0.462778 0.994064 0.462022 
0.057405 0.003031 0.491768 
0.003920 0.003439 0.989201 0.003439 
0.250000 0.250000 0.250000 0.250000 
 138
0.479817 0.002905 0.046210 
0.462778 0.994064 0.462022 
0.057405 0.003031 0.491768 
0.986861 0.005246 0.004454 0.003438 
0.250000 0.250000 0.250000 0.250000 
 139
0.479817 0.002905 0.046210 
0.462778 0.994064 0.462022 
0.057405 0.003031 0.491768 
0.003438 0.003438 0.958124 0.034999 
0.250000 0.250000 0.250000 0.250000 
 140
0.479817 0.002905 0.046210 
0.462778 0.994064 0.462022 
0.057405 0.003031 0.491768 
0.003438 0.003438 0.003438 0.989685 
0.250000 0.250000 0.250000 0.250000 
 141
0.479817 0.002905 0.046210 
0.462778 0.994064 0.462022 
0.057405 0.003031 0.491768 
0.263207 0.722518 0.003440 0.010835 
0.250000 0.250000 0.250000 0.250000 
 142
0.479817 0.002905 0.046210 
0.462778 0.994064 0.462022 
0.057405 0.003031 0.491768 
0.989685 0.003438 0.003438 0.003438 
0.250000 0.250000 0.250000 0.250000 
 143
0.479817 0.002905 0.046210 
0.462778 0.994064 0.462022 
0.057405 0.003031 0.491768 
0.003438 0.003438 0.989685 0.003438 
0.250000 0.250000 0.250000 0.250000 
 144
0.479817 0.002905 0.046210 
0.462778 0.994064 0.462022 
0.057405 0.003031 0.491768 
0.987429 0.005379 0.003438 0.003753 
0.250000 0.250000 0.250000 0.250000 
 145
0.479817 0.002905 0.046210 
0.462778 0.994064 0.462022 
0.057405 0.003031 0.491768 
0.988330 0.004792 0.003439 0.003439 
0.250000 0.250000 0.250000 0.250000 
 146
0.479817 0.002905 0.046210 
0.462778 0.994064 0.462022 
0.057405 0.003031 0.491768 
0.003439 0.003439 0.988334 0.004788 
0.250000 0.250000 0.250000 0.250000 
 147
0.479817 0.002905 0.046210 
0.462778 0.994064 0.462022 
0.057405 0.003031 0.491768 
0.988205 0.004392 0.003438 0.003964 
0.250000 0.250000 0.250000 0.250000 
 148
0.479817 0.002905 0.046210 
0.462778 0.994064 0.462022 
0.057405 0.003031 0.491768 
0.988370 0.004753 0.003438 0.003438 
0.250000 0.250000 0.250000 0.250000 
 149
0.479817 0.002905 0.046210 
0.462778 0.994064 0.462022 
0.057405 0.003031 0.491768 
0.003438 0.003438 0.989269 0.003854 
0.250000 0.250000 0.250000 0.250000 
 150
0.479817 0.002905 0.046210 
0.462778 0.994064 0.462022 
0.057405 0.003031 0.491768 
0.984706 0.006949 0.004014 0.004331 
0.250000 0.250000 0.250000 0.250000 
 151
0.479817 0.002905 0.046210 
0.462778 0.994064 0.462022 
0.057405 0.003031 0.491768 
0.003438 0.003438 0.989685 0.003438 
0.250000 0.250000 0.250000 0.250000 
 152
0.479817 0.002905 0.046210 
0.462778 0.994064 0.462022 
0.057405 0.003031 0.491768 
0.003438 0.003438 0.988955 0.004168 
0.250000 0.250000 0.250000 0.250000 
 153
0.479817 0.002905 0.046210 
0.462778 0.994064 0.462022 
0.057405 0.003031 0.491768 
0.980723 0.009925 0.004825 0.004527 
0.250000 0.250000 0.250000 0.250000 
 154
0.479817 0.002905 0.046210 
0.462778 0.994064 0.462022 
0.057405 0.003031 0.491768 
0.970431 0.022351 0.003438 0.003779 
0.250000 0.250000 0.250000 0.250000 
 155
0.479817 0.002905 0.046210 
0.462778 0.994064 0.462022 
0.057405 0.003031 0.491768 
0.004302 0.003438 0.985961 0.006298 
0.250000 0.250000 0.250000 0.250000 
 156
0.479817 0.002905 0.046210 
0.462778 0.994064 0.462022 
0.057405 0.003031 0.491768 
0.986063 0.005870 0.004307 0.003761 
0.250000 0.250000 0.250000 0.250000 
 157
0.479817 0.002905 0.046210 
0.462778 0.994064 0.462022 
0.057405 0.003031 0.491768 
0.989685 0.003438 0.003438 0.003438 
0.250000 0.250000 0.250000 0.250000 
 158
0.479817 0.002905 0.046210 
0.462778 0.994064 0.462022 
0.057405 0.003031 0.491768 
0.987854 0.005269 0.003438 0.003438 
0.250000 0.250000 0.250000 0.250000 
 159
0.479817 0.002905 0.046210 
0.462778 0.994064 0.462022 
0.057405 0.003031 0.491768 
0.985780 0.007343 0.003438 0.003438 
0.250000 0.250000 0.250000 0.250000 
 160
0.479817 0.002905 0.046210 
0.462778 0.994064 0.462022 
0.057405 0.003031 0.491768 
0.003850 0.003438 0.003438 0.989273 
0.250000 0.250000 0.250000 0.250000 
 161
0.479817 0.002905 0.046210 
0.462778 0.994064 0.462022 
0.057405 0.003031 0.491768 
0.003438 0.003438 0.989685 0.003438 
0.250000 0.250000 0.250000 0.250000 
 162
0.479817 0.002905 0.046210 
0.462778 0.994064 0.462022 
0.057405 0.003031 0.491768 
0.003838 0.003705 0.008777 0.983680 
0.250000 0.250000 0.250000 0.250000 
 163
0.479817 0.002905 0.046210 
0.462778 0.994064 0.462022 
0.057405 0.003031 0.491768 
0.003438 0.003438 0.063951 0.929173 
0.250000 0.250000 0.250000 0.250000 
 164
0.479817 0.002905 0.046210 
0.462778 0.994064 0.462022 
0.057405 0.003031 0.491768 
0.989685 0.003438 0.003438 0.003438 
0.250000 0.250000 0.250000 0.250000 
 165
0.479817 0.002905 0.046210 
0.462778 0.994064 0.462022 
0.057405 0.003031 0.491768 
0.003439 0.003439 0.010781 0.982341 
0.250000 0.250000 0.250000 0.250000 
 166
0.479817 0.002905 0.046210 
0.462778 0.994064 0.462022 
0.057405 0.003031 0.491768 
0.003438 0.003438 0.003438 0.989685 
0.250000 0.250000 0.250000 0.250000 
 167
0.479817 0.002905 0.046210 
0.462778 0.994064 0.462022 
0.057405 0.003031 0.491768 
0.003438 0.003438 0.003438 0.989685 
0.250000 0.250000 0.250000 0.250000 
 168
0.479817 0.002905 0.046210 
0.462778 0.994064 0.462022 
0.057405 0.003031 0.491768 
0.003438 0.003438 0.004109 0.989015 
0.250000 0.250000 0.250000 0.250000 
 169
0.479817 0.002905 0.046210 
0.462778 0.994064 0.462022 
0.057405 0.003031 0.491768 
0.003438 0.988994 0.003438 0.004129 
0.250000 0.250000 0.250000 0.250000 
 170
0.479817 0.002905 0.046210 
0.462778 0.994064 0.462022 
0.057405 0.003031 0.491768 
0.003438 0.003438 0.989685 0.003438 
0.250000 0.250000 0.250000 0.250000 
 171
0.479817 0.002905 0.046210 
0.462778 0.994064 0.462022 
0.057405 0.003031 0.491768 
0.988065 0.004047 0.003438 0.004450 
0.250000 0.250000 0.250000 0.250000 
 172
0.479817 0.002905 0.046210 
0.462778 0.994064 0.462022 
0.057405 0.003031 0.491768 
0.989058 0.003438 0.004065 0.003438 
0.250000 0.250000 0.250000 0.250000 
 173
0.479817 0.002905 0.046210 
0.462778 0.994064 0.462022 
0.057405 0.003031 0.491768 
0.988908 0.004215 0.003438 0.003438 
0.250000 0.250000 0.250000 0.250000 
 174
0.479817 0.002905 0.046210 
0.462778 0.994064 0.462022 
0.057405 0.003031 0.491768 
0.003438 0.003438 0.045298 0.947825 
0.250000 0.250000 0.250000 0.250000 
 175
0.479817 0.002905 0.046210 
0.462778 0.994064 0.462022 
0.057405 0.003031 0.491768 
0.003438 0.008194 0.984930 0.003438 
0.250000 0.250000 0.250000 0.250000 
 176
0.479817 0.002905 0.046210 
0.462778 0.994064 0.462022 
0.057405 0.003031 0.491768 
0.003438 0.003438 0.003438 0.989685 
0.250000 0.250000 0.250000 0.250000 
 177
0.479817 0.002905 0.046210 
0.462778 0.994064 0.462022 
0.057405 0.003031 0.491768 
0.005659 0.003439 0.984964 0.005938 
0.250000 0.250000 0.250000 0.250000 
 178
0.479817 0.002905 0.046210 
0.462778 0.994064 0.462022 
0.057405 0.003031 0.491768 
0.989685 0.003438 0.003438 0.003438 
0.250000 0.250000 0.250000 0.250000 
 179
0.479817 0.002905 0.046210 
0.462778 0.994064 0.462022 
0.057405 0.003031 0.491768 
0.989234 0.003889 0.003438 0.003438 
0.250000 0.250000 0.250000 0.250000 
 180
0.479817 0.002905 0.046210 
0.462778 0.994064 0.462022 
0.057405 0.003031 0.491768 
0.987527 0.005596 0.003438 0.003438 
0.250000 0.250000 0.250000 0.250000 
 181
0.479817 0.002905 0.046210 
0.462778 0.994064 0.462022 
0.057405 0.003031 0.491768 
0.003438 0.989685 0.003438 0.003438 
0.250000 0.250000 0.250000 0.250000 
 182
0.479817 0.002905 0.046210 
0.462778 0.994064 0.462022 
0.057405 0.003031 0.491768 
0.003438 0.989685 0.003438 0.003438 
0.250000 0.250000 0.250000 0.250000 
 183
0.479817 0.002905 0.046210 
0.462778 0.994064 0.462022 
0.057405 0.003031 0.491768 
0.982308 0.010815 0.003439 0.003439 
0.250000 0.250000 0.250000 0.250000 
 184
0.479817 0.002905 0.046210 
0.462778 0.994064 0.462022 
0.057405 0.003031 0.491768 
0.988942 0.004180 0.003439 0.003439 
0.250000 0.250000 0.250000 0.250000 
 185
0.479817 0.002905 0.046210 
0.462778 0.994064 0.462022 
0.057405 0.003031 0.491768 
0.003438 0.003438 0.987946 0.005177 
0.250000 0.250000 0.250000 0.250000 
 186
0.479817 0.002905 0.046210 
0.462778 0.994064 0.462022 
0.057405 0.003031 0.491768 
0.988015 0.004760 0.003787 0.003438 
0.250000 0.250000 0.250000 0.250000 
 187
0.479817 0.002905 0.046210 
0.462778 0.994064 0.462022 
0.057405 0.003031 0.491768 
0.989258 0.003865 0.003438 0.003438 
0.250000 0.250000 0.250000 0.250000 
 188
0.479817 0.002905 0.046210 
0.462778 0.994064 0.462022 
0.057405 0.003031 0.491768 
0.301355 0.691767 0.003439 0.003439 
0.250000 0.250000 0.250000 0.250000 
 189
0.479817 0.002905 0.046210 
0.462778 0.994064 0.462022 
0.057405 0.003031 0.491768 
0.016547 0.976575 0.003439 0.003439 
0.250000 0.250000 0.250000 0.250000 
 190
0.479817 0.002905 0.046210 
0.462778 0.994064 0.462022 
0.057405 0.003031 0.491768 
0.989685 0.003438 0.003438 0.003438 
0.250000 0.250000 0.250000 0.250000 
 191
0.479817 0.002905 0.046210 
0.462778 0.994064 0.462022 
0.057405 0.003031 0.491768 
0.003438 0.003438 0.989685 0.003438 
0.250000 0.250000 0.250000 0.250000 
 192
0.479817 0.002905 0.046210 
0.462778 0.994064 0.462022 
0.057405 0.003031 0.491768 
0.003833 0.003438 0.983697 0.009032 
0.250000 0.250000 0.250000 0.250000 
 193
0.479817 0.002905 0.046210 
0.462778 0.994064 0.462022 
0.057405 0.003031 0.491768 
0.989685 0.003438 0.003438 0.003438 
0.250000 0.250000 0.250000 0.250000 
 194
0.479817 0.002905 0.046210 
0.462778 0.994064 0.462022 
0.057405 0.003031 0.491768 
0.003438 0.989685 0.003438 0.003438 
0.250000 0.250000 0.250000 0.250000 
 195
0.479817 0.002905 0.046210 
0.462778 0.994064 0.462022 
0.057405 0.003031 0.491768 
0.986950 0.006173 0.003438 0.003438 
0.250000 0.250000 0.250000 0.250000 
 196
0.479817 0.002905 0.046210 
0.462778 0.994064 0.462022 
0.057405 0.003031 0.491768 
0.003438 0.989685 0.003438 0.003438 
0.250000 0.250000 0.250000 0.250000 
 197
0.479817 0.002905 0.046210 
0.462778 0.994064 0.462022 
0.057405 0.003031 0.491768 
0.003438 0.989685 0.003438 0.003438 
0.250000 0.250000 0.250000 0.250000 
 198
0.479817 0.002905 0.046210 
0.462778 0.994064 0.462022 
0.057405 0.003031 0.491768 
0.013580 0.979543 0.003438 0.003438 
0.250000 0.250000 0.250000 0.250000 
 199
0.479817 0.002905 0.046210 
0.462778 0.994064 0.462022 
0.057405 0.003031 0.491768 
0.989685 0.003438 0.003438 0.003438 
0.250000 0.250000 0.250000 0.250000 
 200
0.479817 0.002905 0.046210 
0.462778 0.994064 0.462022 
0.057405 0.003031 0.491768 
0.989195 0.003928 0.003438 0.003438 
0.250000 0.250000 0.250000 0.250000 
 201
0.479817 0.002905 0.046210 
0.462778 0.994064 0.462022 
0.057405 0.003031 0.491768 
0.985198 0.007175 0.004188 0.003438 
0.250000 0.250000 0.250000 0.250000 
 202
0.479817 0.002905 0.046210 
0.462778 0.994064 0.462022 
0.057405 0.003031 0.491768 
0.003438 0.003438 0.987392 0.005731 
0.250000 0.250000 0.250000 0.250000 
 203
0.479817 0.002905 0.046210 
0.462778 0.994064 0.462022 
0.057405 0.003031 0.491768 
0.003438 0.003438 0.003438 0.989685 
0.250000 0.250000 0.250000 0.250000 
 204
0.479817 0.002905 0.046210 
0.462778 0.994064 0.462022 
0.057405 0.003031 0.491768 
0.985480 0.007642 0.003439 0.003439 
0.250000 0.250000 0.250000 0.250000 
 205
0.479817 0.002905 0.046210 
0.462778 0.994064 0.462022 
0.057405 0.003031 0.491768 
0.003438 0.003438 0.003438 0.989685 
0.250000 0.250000 0.250000 0.250000 
 206
0.479817 0.002905 0.046210 
0.462778 0.994064 0.462022 
0.057405 0.003031 0.491768 
0.003438 0.989685 0.003438 0.003438 
0.250000 0.250000 0.250000 0.250000 
 207
0.479817 0.002905 0.046210 
0.462778 0.994064 0.462022 
0.057405 0.003031 0.491768 
0.003438 0.003438 0.972048 0.021076 
0.250000 0.250000 0.250000 0.250000 
 208
0.479817 0.002905 0.046210 
0.462778 0.994064 0.462022 
0.057405 0.003031 0.491768 
0.003438 0.003438 0.989090 0.004033 
0.250000 0.250000 0.250000 0.250000 
 209
0.479817 0.002905 0.046210 
0.462778 0.994064 0.462022 
0.057405 0.003031 0.491768 
0.003438 0.003438 0.989685 0.003438 
0.250000 0.250000 0.250000 0.250000 
 210
0.479817 0.002905 0.046210 
0.462778 0.994064 0.462022 
0.057405 0.003031 0.491768 
0.379912 0.611536 0.003439 0.005113 
0.250000 0.250000 0.250000 0.250000 
 211
0.479817 0.002905 0.046210 
0.462778 0.994064 0.462022 
0.057405 0.003031 0.491768 
0.060362 0.932420 0.003439 0.003779 
0.250000 0.250000 0.250000 0.250000 
 212
0.479817 0.002905 0.046210 
0.462778 0.994064 0.462022 
0.057405 0.003031 0.491768 
0.948724 0.004391 0.043446 0.003438 
0.250000 0.250000 0.250000 0.250000 
 213
0.479817 0.002905 0.046210 
0.462778 0.994064 0.462022 
0.057405 0.003031 0.491768 
0.005771 0.003439 0.977049 0.013740 
0.250000 0.250000 0.250000 0.250000 
 214
0.479817 0.002905 0.046210 
0.462778 0.994064 0.462022 
0.057405 0.003031 0.491768 
0.003438 0.003438 0.003438 0.989685 
0.250000 0.250000 0.250000 0.250000 
 215
0.479817 0.002905 0.046210 
0.462778 0.994064 0.462022 
0.057405 0.003031 0.491768 
0.003438 0.989685 0.003438 0.003438 
0.250000 0.250000 0.250000 0.250000 
 216
0.479817 0.002905 0.046210 
0.462778 0.994064 0.462022 
0.057405 0.003031 0.491768 
0.003439 0.003439 0.019335 0.973787 
0.250000 0.250000 0.250000 0.250000 
 217
0.479817 0.002905 0.046210 
0.462778 0.994064 0.462022 
0.057405 0.003031 0.491768 
0.004229 0.003439 0.980307 0.012025 
0.250000 0.250000 0.250000 0.250000 
 218
0.479817 0.002905 0.046210 
0.462778 0.994064 0.462022 
0.057405 0.003031 0.491768 
0.003845 0.003438 0.003438 0.989279 
0.250000 0.250000 0.250000 0.250000 
 219
0.479817 0.002905 0.046210 
0.462778 0.994064 0.462022 
0.057405 0.003031 0.491768 
0.004358 0.003438 0.986437 0.005767 
0.250000 0.250000 0.250000 0.250000 
 220
0.479817 0.002905 0.046210 
0.462778 0.994064 0.462022 
0.057405 0.003031 0.491768 
0.989685 0.003438 0.003438 0.003438 
0.250000 0.250000 0.250000 0.250000 
 221
0.479817 0.002905 0.046210 
0.462778 0.994064 0.462022 
0.057405 0.003031 0.491768 
0.989685 0.003438 0.003438 0.003438 
0.250000 0.250000 0.250000 0.250000 
 222
0.479817 0.002905 0.046210 
0.462778 0.994064 0.462022 
0.057405 0.003031 0.491768 
0.003438 0.003438 0.977431 0.015692 
0.250000 0.250000 0.250000 0.250000 
 223
0.479817 0.002905 0.046210 
0.462778 0.994064 0.462022 
0.057405 0.003031 0.491768 
0.003438 0.003438 0.003438 0.989685 
0.250000 0.250000 0.250000 0.250000 
 224
0.479817 0.002905 0.046210 
0.462778 0.994064 0.462022 
0.057405 0.003031 0.491768 
0.003438 0.989685 0.003438 0.003438 
0.250000 0.250000 0.250000 0.250000 
 225
0.479817 0.002905 0.046210 
0.462778 0.994064 0.462022 
0.057405 0.003031 0.491768 
0.003439 0.003439 0.095121 0.898001 
0.250000 0.250000 0.250000 0.250000 
 226
0.479817 0.002905 0.046210 
0.462778 0.994064 0.462022 
0.057405 0.003031 0.491768 
0.989685 0.003438 0.003438 0.003438 
0.250000 0.250000 0.250000 0.250000 
 227
0.479817 0.002905 0.046210 
0.462778 0.994064 0.462022 
0.057405 0.003031 0.491768 
0.003438 0.003438 0.989685 0.003438 
0.250000 0.250000 0.250000 0.250000 
 228
0.479817 0.002905 0.046210 
0.462778 0.994064 0.462022 
0.057405 0.003031 0.491768 
0.982863 0.004052 0.009646 0.003439 
0.250000 0.250000 0.250000 0.250000 
 229
0.479817 0.002905 0.046210 
0.462778 0.994064 0.462022 
0.057405 0.003031 0.491768 
0.003438 0.989685 0.003438 0.003438 
0.250000 0.250000 0.250000 0.250000 
 230
0.479817 0.002905 0.046210 
0.462778 0.994064 0.462022 
0.057405 0.003031 0.491768 
0.989685 0.003438 0.003438 0.003438 
0.250000 0.250000 0.250000 0.250000 
 231
0.479817 0.002905 0.046210 
0.462778 0.994064 0.462022 
0.057405 0.003031 0.491768 
0.003438 0.003438 0.005718 0.987405 
0.250000 0.250000 0.250000 0.250000 
 232
0.479817 0.002905 0.046210 
0.462778 0.994064 0.462022 
0.057405 0.003031 0.491768 
0.003438 0.003438 0.983782 0.009341 
0.250000 0.250000 0.250000 0.250000 
 233
0.479817 0.002905 0.046210 
0.462778 0.994064 0.462022 
0.057405 0.003031 0.491768 
0.003439 0.003439 0.003439 0.989683 
0.250000 0.250000 0.250000 0.250000 
 234
0.479817 0.002905 0.046210 
0.462778 0.994064 0.462022 
