%  SAM: /scicomp/home/vfn4/Tools/LABEL_RES/scripts/modelfromalign v3.5 (July 15, 2005) compiled 12/08/06_16:15:55
%  (c) 1992-2001 Regents of the University of California, Santa Cruz
%
%          Sequence Alignment and Modeling Software System
%         http://www.cse.ucsc.edu/research/compbio/sam.html
%
% ----------------- Citations (SAM, SAM-T2K, HMMs) --------------------
% R. Hughey, A. Krogh, Hidden Markov models for sequence analysis:
%  Extension and analysis of the basic method, CABIOS 12:95-107, 1996.
% K. Karplus, et al., What is the value added by human intervention in protein
%  structure prediction, Proteins: Stucture, Function, Genetics 45(S5):86--91, 2001.
% A. Krogh et al., Hidden Markov models in computational biology:
%  Applications to protein modeling, JMB 235:1501-1531, Feb 1994.
% ---------------------------------------------------------------------
%  3B_hmm   Host: login.aspen.biotech.cdc.gov    Mon Jan  5 11:32:44 2015
%  vfn4     Dir:  /scicomp/home/vfn4/fluA/HA_H3/H3prerelease1/c-3-4-5-6-7-VIC/c-3-4-7-VIC/c-3
% ---------------------------------------------------------------------
%  Alignment weights from internal calc.  Total (26.31) Max (0.10) Min (0.03)
%  Weights from alignment method 1 (karplus), b=-1.000000, e=0.500000
MODEL --  Model from alignment file /scicomp/home/vfn4/Tools/LABEL_RES/training_data/H3prerelease1/c-3-4-5-6-7-VIC/c-3-4-7-VIC/c-3/3B.fasta
alphabet DNA
FREQAVE
0.000000 0.000000 0.000000 
0.000000 0.000000 0.000000 
0.000000 0.000000 0.000000 
0.338469 0.221968 0.198069 0.241494 
0.338469 0.221968 0.198069 0.241494 
Begin
0.000000 0.000000 0.000000 
0.000000 0.000000 0.000000 
0.000000 0.006280 0.491768 
0.250000 0.250000 0.250000 0.250000 
0.250000 0.250000 0.250000 0.250000 
   1
0.000000 0.044803 0.046210 
0.000000 0.948917 0.462022 
0.040494 0.006534 0.491768 
0.970776 0.009741 0.009741 0.009741 
0.250000 0.250000 0.250000 0.250000 
   2
0.633058 0.006263 0.046210 
0.326447 0.987203 0.462022 
0.040494 0.006534 0.491768 
0.009741 0.009741 0.009741 0.970776 
0.250000 0.250000 0.250000 0.250000 
   3
0.633058 0.006263 0.046210 
0.326447 0.987203 0.462022 
0.040494 0.006534 0.491768 
0.009741 0.970776 0.009741 0.009741 
0.250000 0.250000 0.250000 0.250000 
   4
0.633058 0.006263 0.046210 
0.326447 0.987203 0.462022 
0.040494 0.006534 0.491768 
0.970776 0.009741 0.009741 0.009741 
0.250000 0.250000 0.250000 0.250000 
   5
0.626159 0.006263 0.046210 
0.333347 0.987203 0.462022 
0.040775 0.006528 0.491768 
0.970819 0.009727 0.009727 0.009727 
0.250000 0.250000 0.250000 0.250000 
   6
0.617552 0.006257 0.046210 
0.341672 0.987215 0.462022 
0.041311 0.006516 0.491768 
0.009700 0.970901 0.009700 0.009700 
0.250000 0.250000 0.250000 0.250000 
   7
0.625659 0.006246 0.046210 
0.333030 0.987238 0.462022 
0.041311 0.006516 0.491768 
0.967013 0.013587 0.009700 0.009700 
0.250000 0.250000 0.250000 0.250000 
   8
0.625659 0.006246 0.046210 
0.333030 0.987238 0.462022 
0.041311 0.006516 0.491768 
0.009700 0.009700 0.970901 0.009700 
0.250000 0.250000 0.250000 0.250000 
   9
0.617752 0.006246 0.046210 
0.340938 0.987238 0.462022 
0.041640 0.006509 0.491768 
0.011034 0.011449 0.011571 0.965946 
0.250000 0.250000 0.250000 0.250000 
  10
0.614261 0.006240 0.046210 
0.344099 0.987251 0.462022 
0.041993 0.006502 0.491768 
0.968023 0.012644 0.009666 0.009666 
0.250000 0.250000 0.250000 0.250000 
  11
0.619473 0.006233 0.046210 
0.338533 0.987265 0.462022 
0.041993 0.006502 0.491768 
0.009666 0.009666 0.009666 0.971001 
0.250000 0.250000 0.250000 0.250000 
  12
0.619473 0.006233 0.046210 
0.338533 0.987265 0.462022 
0.041993 0.006502 0.491768 
0.009666 0.009666 0.969132 0.011536 
0.250000 0.250000 0.250000 0.250000 
  13
0.619473 0.006233 0.046210 
0.338533 0.987265 0.462022 
0.041993 0.006502 0.491768 
0.969075 0.011592 0.009666 0.009666 
0.250000 0.250000 0.250000 0.250000 
  14
0.619473 0.006233 0.046210 
0.338533 0.987265 0.462022 
0.041993 0.006502 0.491768 
0.009666 0.009666 0.011146 0.969521 
0.250000 0.250000 0.250000 0.250000 
  15
0.619473 0.006233 0.046210 
0.338533 0.987265 0.462022 
0.041993 0.006502 0.491768 
0.023628 0.009666 0.011056 0.955649 
0.250000 0.250000 0.250000 0.250000 
  16
0.611967 0.006233 0.046210 
0.346040 0.987265 0.462022 
0.042311 0.006496 0.491768 
0.009651 0.971046 0.009651 0.009651 
0.250000 0.250000 0.250000 0.250000 
  17
0.616595 0.006226 0.046210 
0.341094 0.987278 0.462022 
0.042311 0.006496 0.491768 
0.009651 0.009651 0.971046 0.009651 
0.250000 0.250000 0.250000 0.250000 
  18
0.616595 0.006226 0.046210 
0.341094 0.987278 0.462022 
0.042311 0.006496 0.491768 
0.009651 0.009651 0.009651 0.971046 
0.250000 0.250000 0.250000 0.250000 
  19
0.616595 0.006226 0.046210 
0.341094 0.987278 0.462022 
0.042311 0.006496 0.491768 
0.009651 0.009651 0.011500 0.969197 
0.250000 0.250000 0.250000 0.250000 
  20
0.597341 0.006226 0.046210 
0.360348 0.987278 0.462022 
0.043142 0.006479 0.491768 
0.009613 0.009613 0.009613 0.971160 
0.250000 0.250000 0.250000 0.250000 
  21
0.586989 0.006211 0.046210 
0.369870 0.987310 0.462022 
0.044116 0.006461 0.491768 
0.011105 0.969753 0.009571 0.009571 
0.250000 0.250000 0.250000 0.250000 
  22
0.600242 0.006193 0.046210 
0.355643 0.987345 0.462022 
0.044116 0.006461 0.491768 
0.971288 0.009571 0.009571 0.009571 
0.250000 0.250000 0.250000 0.250000 
  23
0.600242 0.006193 0.046210 
0.355643 0.987345 0.462022 
0.044116 0.006461 0.491768 
0.009571 0.971288 0.009571 0.009571 
0.250000 0.250000 0.250000 0.250000 
  24
0.600242 0.006193 0.046210 
0.355643 0.987345 0.462022 
0.044116 0.006461 0.491768 
0.009571 0.009571 0.971288 0.009571 
0.250000 0.250000 0.250000 0.250000 
  25
0.600242 0.006193 0.046210 
0.355643 0.987345 0.462022 
0.044116 0.006461 0.491768 
0.009571 0.009571 0.015373 0.965485 
0.250000 0.250000 0.250000 0.250000 
  26
0.584728 0.006193 0.046210 
0.371156 0.987345 0.462022 
0.044811 0.006449 0.491768 
0.971375 0.009542 0.009542 0.009542 
0.250000 0.250000 0.250000 0.250000 
  27
0.533051 0.006182 0.046210 
0.422139 0.987370 0.462022 
0.047716 0.006401 0.491768 
0.009431 0.009431 0.970248 0.010890 
0.250000 0.250000 0.250000 0.250000 
  28
0.567614 0.006136 0.046210 
0.384670 0.987463 0.462022 
0.047716 0.006401 0.491768 
0.969703 0.011435 0.009431 0.009431 
0.250000 0.250000 0.250000 0.250000 
  29
0.567614 0.006136 0.046210 
0.384670 0.987463 0.462022 
0.047716 0.006401 0.491768 
0.009431 0.009431 0.009431 0.971706 
0.250000 0.250000 0.250000 0.250000 
  30
0.560502 0.006136 0.046210 
0.391782 0.987463 0.462022 
0.048058 0.006396 0.491768 
0.009419 0.009419 0.012626 0.968535 
0.250000 0.250000 0.250000 0.250000 
  31
0.564517 0.006131 0.046210 
0.387425 0.987473 0.462022 
0.048058 0.006396 0.491768 
0.011122 0.009419 0.968548 0.010911 
0.250000 0.250000 0.250000 0.250000 
  32
0.564517 0.006131 0.046210 
0.387425 0.987473 0.462022 
0.048058 0.006396 0.491768 
0.009419 0.009419 0.009419 0.971742 
0.250000 0.250000 0.250000 0.250000 
  33
0.564517 0.006131 0.046210 
0.387425 0.987473 0.462022 
0.048058 0.006396 0.491768 
0.971742 0.009419 0.009419 0.009419 
0.250000 0.250000 0.250000 0.250000 
  34
0.564517 0.006131 0.046210 
0.387425 0.987473 0.462022 
0.048058 0.006396 0.491768 
0.009419 0.009419 0.009419 0.971742 
0.250000 0.250000 0.250000 0.250000 
  35
0.564517 0.006131 0.046210 
0.387425 0.987473 0.462022 
0.048058 0.006396 0.491768 
0.011522 0.969639 0.009419 0.009419 
0.250000 0.250000 0.250000 0.250000 
  36
0.564517 0.006131 0.046210 
0.387425 0.987473 0.462022 
0.048058 0.006396 0.491768 
0.009419 0.009419 0.011029 0.970133 
0.250000 0.250000 0.250000 0.250000 
  37
0.564517 0.006131 0.046210 
0.387425 0.987473 0.462022 
0.048058 0.006396 0.491768 
0.009419 0.009419 0.969037 0.012124 
0.250000 0.250000 0.250000 0.250000 
  38
0.564517 0.006131 0.046210 
0.387425 0.987473 0.462022 
0.048058 0.006396 0.491768 
0.009419 0.009419 0.009419 0.971742 
0.250000 0.250000 0.250000 0.250000 
  39
0.564517 0.006131 0.046210 
0.387425 0.987473 0.462022 
0.048058 0.006396 0.491768 
0.011676 0.968044 0.009419 0.010861 
0.250000 0.250000 0.250000 0.250000 
  40
0.564517 0.006131 0.046210 
0.387425 0.987473 0.462022 
0.048058 0.006396 0.491768 
0.011763 0.969376 0.009430 0.009430 
0.250000 0.250000 0.250000 0.250000 
  41
0.564517 0.006131 0.046210 
0.387425 0.987473 0.462022 
0.048058 0.006396 0.491768 
0.009419 0.009419 0.031087 0.950075 
0.250000 0.250000 0.250000 0.250000 
  42
0.564517 0.006131 0.046210 
0.387425 0.987473 0.462022 
0.048058 0.006396 0.491768 
0.009419 0.009419 0.012454 0.968707 
0.250000 0.250000 0.250000 0.250000 
  43
0.564517 0.006131 0.046210 
0.387425 0.987473 0.462022 
0.048058 0.006396 0.491768 
0.009419 0.009419 0.009419 0.971742 
0.250000 0.250000 0.250000 0.250000 
  44
0.564517 0.006131 0.046210 
0.387425 0.987473 0.462022 
0.048058 0.006396 0.491768 
0.009419 0.009419 0.009419 0.971742 
0.250000 0.250000 0.250000 0.250000 
  45
0.564517 0.006131 0.046210 
0.387425 0.987473 0.462022 
0.048058 0.006396 0.491768 
0.010874 0.009419 0.968496 0.011210 
0.250000 0.250000 0.250000 0.250000 
  46
0.557921 0.006131 0.046210 
0.394021 0.987473 0.462022 
0.048377 0.006391 0.491768 
0.009408 0.971775 0.009408 0.009408 
0.250000 0.250000 0.250000 0.250000 
  47
0.561625 0.006126 0.046210 
0.389997 0.987482 0.462022 
0.048377 0.006391 0.491768 
0.009408 0.009408 0.971775 0.009408 
0.250000 0.250000 0.250000 0.250000 
  48
0.561625 0.006126 0.046210 
0.389997 0.987482 0.462022 
0.048377 0.006391 0.491768 
0.009408 0.009408 0.026824 0.954359 
0.250000 0.250000 0.250000 0.250000 
  49
0.421203 0.006126 0.046210 
0.530420 0.987482 0.462022 
0.056280 0.006292 0.491768 
0.009182 0.009182 0.972454 0.009182 
0.250000 0.250000 0.250000 0.250000 
  50
0.490012 0.006031 0.046210 
0.453708 0.987676 0.462022 
0.056280 0.006292 0.491768 
0.972454 0.009182 0.009182 0.009182 
0.250000 0.250000 0.250000 0.250000 
  51
0.490012 0.006031 0.046210 
0.453708 0.987676 0.462022 
0.056280 0.006292 0.491768 
0.972454 0.009182 0.009182 0.009182 
0.250000 0.250000 0.250000 0.250000 
  52
0.490012 0.006031 0.046210 
0.453708 0.987676 0.462022 
0.056280 0.006292 0.491768 
0.967814 0.010528 0.012476 0.009182 
0.250000 0.250000 0.250000 0.250000 
  53
0.490012 0.006031 0.046210 
0.453708 0.987676 0.462022 
0.056280 0.006292 0.491768 
0.972454 0.009182 0.009182 0.009182 
0.250000 0.250000 0.250000 0.250000 
  54
0.490012 0.006031 0.046210 
0.453708 0.987676 0.462022 
0.056280 0.006292 0.491768 
0.964106 0.017530 0.009182 0.009182 
0.250000 0.250000 0.250000 0.250000 
  55
0.490012 0.006031 0.046210 
0.453708 0.987676 0.462022 
0.056280 0.006292 0.491768 
0.037486 0.009182 0.936646 0.016686 
0.250000 0.250000 0.250000 0.250000 
  56
0.490012 0.006031 0.046210 
0.453708 0.987676 0.462022 
0.056280 0.006292 0.491768 
0.009182 0.009182 0.011080 0.970556 
0.250000 0.250000 0.250000 0.250000 
  57
0.490012 0.006031 0.046210 
0.453708 0.987676 0.462022 
0.056280 0.006292 0.491768 
0.009182 0.009182 0.014822 0.966814 
0.250000 0.250000 0.250000 0.250000 
  58
0.490012 0.006031 0.046210 
0.453708 0.987676 0.462022 
0.056280 0.006292 0.491768 
0.011132 0.009182 0.970504 0.009182 
0.250000 0.250000 0.250000 0.250000 
  59
0.490012 0.006031 0.046210 
0.453708 0.987676 0.462022 
0.056280 0.006292 0.491768 
0.009182 0.009182 0.972454 0.009182 
0.250000 0.250000 0.250000 0.250000 
  60
0.490012 0.006031 0.046210 
0.453708 0.987676 0.462022 
0.056280 0.006292 0.491768 
0.010967 0.009182 0.009182 0.970669 
0.250000 0.250000 0.250000 0.250000 
  61
0.490012 0.006031 0.046210 
0.453708 0.987676 0.462022 
0.056280 0.006292 0.491768 
0.010648 0.970988 0.009182 0.009182 
0.250000 0.250000 0.250000 0.250000 
  62
0.490012 0.006031 0.046210 
0.453708 0.987676 0.462022 
0.056280 0.006292 0.491768 
0.087807 0.892035 0.009182 0.010976 
0.250000 0.250000 0.250000 0.250000 
  63
0.480043 0.006031 0.046210 
0.463677 0.987676 0.462022 
0.056847 0.006286 0.491768 
0.955935 0.025728 0.009168 0.009168 
0.250000 0.250000 0.250000 0.250000 
  64
0.484876 0.006026 0.046210 
0.458277 0.987688 0.462022 
0.056847 0.006286 0.491768 
0.972495 0.009168 0.009168 0.009168 
0.250000 0.250000 0.250000 0.250000 
  65
0.484876 0.006026 0.046210 
0.458277 0.987688 0.462022 
0.056847 0.006286 0.491768 
0.972495 0.009168 0.009168 0.009168 
0.250000 0.250000 0.250000 0.250000 
  66
0.484876 0.006026 0.046210 
0.458277 0.987688 0.462022 
0.056847 0.006286 0.491768 
0.009168 0.009168 0.010618 0.971045 
0.250000 0.250000 0.250000 0.250000 
  67
0.484876 0.006026 0.046210 
0.458277 0.987688 0.462022 
0.056847 0.006286 0.491768 
0.009168 0.972495 0.009168 0.009168 
0.250000 0.250000 0.250000 0.250000 
  68
0.484876 0.006026 0.046210 
0.458277 0.987688 0.462022 
0.056847 0.006286 0.491768 
0.972495 0.009168 0.009168 0.009168 
0.250000 0.250000 0.250000 0.250000 
  69
0.484876 0.006026 0.046210 
0.458277 0.987688 0.462022 
0.056847 0.006286 0.491768 
0.013734 0.009168 0.967929 0.009168 
0.250000 0.250000 0.250000 0.250000 
  70
0.484876 0.006026 0.046210 
0.458277 0.987688 0.462022 
0.056847 0.006286 0.491768 
0.970250 0.009168 0.009168 0.011413 
0.250000 0.250000 0.250000 0.250000 
  71
0.484876 0.006026 0.046210 
0.458277 0.987688 0.462022 
0.056847 0.006286 0.491768 
0.972495 0.009168 0.009168 0.009168 
0.250000 0.250000 0.250000 0.250000 
  72
0.484876 0.006026 0.046210 
0.458277 0.987688 0.462022 
0.056847 0.006286 0.491768 
0.009179 0.009179 0.972463 0.009179 
0.250000 0.250000 0.250000 0.250000 
  73
0.484876 0.006026 0.046210 
0.458277 0.987688 0.462022 
0.056847 0.006286 0.491768 
0.972495 0.009168 0.009168 0.009168 
0.250000 0.250000 0.250000 0.250000 
  74
0.484876 0.006026 0.046210 
0.458277 0.987688 0.462022 
0.056847 0.006286 0.491768 
0.009168 0.972495 0.009168 0.009168 
0.250000 0.250000 0.250000 0.250000 
  75
0.484876 0.006026 0.046210 
0.458277 0.987688 0.462022 
0.056847 0.006286 0.491768 
0.009168 0.009168 0.972495 0.009168 
0.250000 0.250000 0.250000 0.250000 
  76
0.484876 0.006026 0.046210 
0.458277 0.987688 0.462022 
0.056847 0.006286 0.491768 
0.972448 0.009184 0.009184 0.009184 
0.250000 0.250000 0.250000 0.250000 
  77
0.484876 0.006026 0.046210 
0.458277 0.987688 0.462022 
0.056847 0.006286 0.491768 
0.011442 0.009168 0.967929 0.011460 
0.250000 0.250000 0.250000 0.250000 
  78
0.484876 0.006026 0.046210 
0.458277 0.987688 0.462022 
0.056847 0.006286 0.491768 
0.010571 0.966416 0.009168 0.013844 
0.250000 0.250000 0.250000 0.250000 
  79
0.484876 0.006026 0.046210 
0.458277 0.987688 0.462022 
0.056847 0.006286 0.491768 
0.009168 0.972495 0.009168 0.009168 
0.250000 0.250000 0.250000 0.250000 
  80
0.484876 0.006026 0.046210 
0.458277 0.987688 0.462022 
0.056847 0.006286 0.491768 
0.009168 0.009168 0.972495 0.009168 
0.250000 0.250000 0.250000 0.250000 
  81
0.484876 0.006026 0.046210 
0.458277 0.987688 0.462022 
0.056847 0.006286 0.491768 
0.968241 0.009168 0.012019 0.010571 
0.250000 0.250000 0.250000 0.250000 
  82
0.484876 0.006026 0.046210 
0.458277 0.987688 0.462022 
0.056847 0.006286 0.491768 
0.963435 0.018228 0.009168 0.009168 
0.250000 0.250000 0.250000 0.250000 
  83
0.484876 0.006026 0.046210 
0.458277 0.987688 0.462022 
0.056847 0.006286 0.491768 
0.009168 0.009168 0.972495 0.009168 
0.250000 0.250000 0.250000 0.250000 
  84
0.484876 0.006026 0.046210 
0.458277 0.987688 0.462022 
0.056847 0.006286 0.491768 
0.009168 0.972495 0.009168 0.009168 
0.250000 0.250000 0.250000 0.250000 
  85
0.484876 0.006026 0.046210 
0.458277 0.987688 0.462022 
0.056847 0.006286 0.491768 
0.009168 0.009168 0.966953 0.014710 
0.250000 0.250000 0.250000 0.250000 
  86
0.475151 0.006026 0.046210 
0.468002 0.987688 0.462022 
0.057405 0.006280 0.491768 
0.009156 0.009156 0.009156 0.972533 
0.250000 0.250000 0.250000 0.250000 
  87
0.479817 0.006020 0.046210 
0.462778 0.987699 0.462022 
0.057405 0.006280 0.491768 
0.010557 0.971132 0.009156 0.009156 
0.250000 0.250000 0.250000 0.250000 
  88
0.479817 0.006020 0.046210 
0.462778 0.987699 0.462022 
0.057405 0.006280 0.491768 
0.009156 0.009156 0.009156 0.972533 
0.250000 0.250000 0.250000 0.250000 
  89
0.479817 0.006020 0.046210 
0.462778 0.987699 0.462022 
0.057405 0.006280 0.491768 
0.009156 0.972533 0.009156 0.009156 
0.250000 0.250000 0.250000 0.250000 
  90
0.479817 0.006020 0.046210 
0.462778 0.987699 0.462022 
0.057405 0.006280 0.491768 
0.009156 0.009156 0.963546 0.018143 
0.250000 0.250000 0.250000 0.250000 
  91
0.479817 0.006020 0.046210 
0.462778 0.987699 0.462022 
0.057405 0.006280 0.491768 
0.009156 0.009156 0.972533 0.009156 
0.250000 0.250000 0.250000 0.250000 
  92
0.479817 0.006020 0.046210 
0.462778 0.987699 0.462022 
0.057405 0.006280 0.491768 
0.009156 0.009156 0.009156 0.972533 
0.250000 0.250000 0.250000 0.250000 
  93
0.479817 0.006020 0.046210 
0.462778 0.987699 0.462022 
0.057405 0.006280 0.491768 
0.009156 0.009156 0.009156 0.972533 
0.250000 0.250000 0.250000 0.250000 
  94
0.479817 0.006020 0.046210 
0.462778 0.987699 0.462022 
0.057405 0.006280 0.491768 
0.009156 0.972533 0.009156 0.009156 
0.250000 0.250000 0.250000 0.250000 
  95
0.479817 0.006020 0.046210 
0.462778 0.987699 0.462022 
0.057405 0.006280 0.491768 
0.009156 0.965837 0.009156 0.015852 
0.250000 0.250000 0.250000 0.250000 
  96
0.479817 0.006020 0.046210 
0.462778 0.987699 0.462022 
0.057405 0.006280 0.491768 
0.016891 0.963350 0.009156 0.010604 
0.250000 0.250000 0.250000 0.250000 
  97
0.479817 0.006020 0.046210 
0.462778 0.987699 0.462022 
0.057405 0.006280 0.491768 
0.009156 0.009156 0.972533 0.009156 
0.250000 0.250000 0.250000 0.250000 
  98
0.479817 0.006020 0.046210 
0.462778 0.987699 0.462022 
0.057405 0.006280 0.491768 
0.967783 0.013905 0.009156 0.009156 
0.250000 0.250000 0.250000 0.250000 
  99
0.479817 0.006020 0.046210 
0.462778 0.987699 0.462022 
0.057405 0.006280 0.491768 
0.009156 0.009156 0.968313 0.013376 
0.250000 0.250000 0.250000 0.250000 
 100
0.479817 0.006020 0.046210 
0.462778 0.987699 0.462022 
0.057405 0.006280 0.491768 
0.009156 0.009156 0.972533 0.009156 
0.250000 0.250000 0.250000 0.250000 
 101
0.479817 0.006020 0.046210 
0.462778 0.987699 0.462022 
0.057405 0.006280 0.491768 
0.972533 0.009156 0.009156 0.009156 
0.250000 0.250000 0.250000 0.250000 
 102
0.479817 0.006020 0.046210 
0.462778 0.987699 0.462022 
0.057405 0.006280 0.491768 
0.009156 0.009156 0.009156 0.972533 
0.250000 0.250000 0.250000 0.250000 
 103
0.479817 0.006020 0.046210 
0.462778 0.987699 0.462022 
0.057405 0.006280 0.491768 
0.009156 0.972533 0.009156 0.009156 
0.250000 0.250000 0.250000 0.250000 
 104
0.479817 0.006020 0.046210 
0.462778 0.987699 0.462022 
0.057405 0.006280 0.491768 
0.009156 0.009156 0.972533 0.009156 
0.250000 0.250000 0.250000 0.250000 
 105
0.479817 0.006020 0.046210 
0.462778 0.987699 0.462022 
0.057405 0.006280 0.491768 
0.972533 0.009156 0.009156 0.009156 
0.250000 0.250000 0.250000 0.250000 
 106
0.479817 0.006020 0.046210 
0.462778 0.987699 0.462022 
0.057405 0.006280 0.491768 
0.009156 0.972533 0.009156 0.009156 
0.250000 0.250000 0.250000 0.250000 
 107
0.479817 0.006020 0.046210 
0.462778 0.987699 0.462022 
0.057405 0.006280 0.491768 
0.009156 0.012058 0.009156 0.969631 
0.250000 0.250000 0.250000 0.250000 
 108
0.479817 0.006020 0.046210 
0.462778 0.987699 0.462022 
0.057405 0.006280 0.491768 
0.970863 0.010826 0.009156 0.009156 
0.250000 0.250000 0.250000 0.250000 
 109
0.479817 0.006020 0.046210 
0.462778 0.987699 0.462022 
0.057405 0.006280 0.491768 
0.009156 0.009156 0.970861 0.010827 
0.250000 0.250000 0.250000 0.250000 
 110
0.479817 0.006020 0.046210 
0.462778 0.987699 0.462022 
0.057405 0.006280 0.491768 
0.009156 0.009156 0.972533 0.009156 
0.250000 0.250000 0.250000 0.250000 
 111
0.479817 0.006020 0.046210 
0.462778 0.987699 0.462022 
0.057405 0.006280 0.491768 
0.968220 0.013469 0.009156 0.009156 
0.250000 0.250000 0.250000 0.250000 
 112
0.479817 0.006020 0.046210 
0.462778 0.987699 0.462022 
0.057405 0.006280 0.491768 
0.972533 0.009156 0.009156 0.009156 
0.250000 0.250000 0.250000 0.250000 
 113
0.479817 0.006020 0.046210 
0.462778 0.987699 0.462022 
0.057405 0.006280 0.491768 
0.972533 0.009156 0.009156 0.009156 
0.250000 0.250000 0.250000 0.250000 
 114
0.479817 0.006020 0.046210 
0.462778 0.987699 0.462022 
0.057405 0.006280 0.491768 
0.009156 0.009156 0.962707 0.018982 
0.250000 0.250000 0.250000 0.250000 
 115
0.479817 0.006020 0.046210 
0.462778 0.987699 0.462022 
0.057405 0.006280 0.491768 
0.009156 0.972533 0.009156 0.009156 
0.250000 0.250000 0.250000 0.250000 
 116
0.479817 0.006020 0.046210 
0.462778 0.987699 0.462022 
0.057405 0.006280 0.491768 
0.009156 0.972533 0.009156 0.009156 
0.250000 0.250000 0.250000 0.250000 
 117
0.479817 0.006020 0.046210 
0.462778 0.987699 0.462022 
0.057405 0.006280 0.491768 
0.967864 0.013825 0.009156 0.009156 
0.250000 0.250000 0.250000 0.250000 
 118
0.479817 0.006020 0.046210 
0.462778 0.987699 0.462022 
0.057405 0.006280 0.491768 
0.972533 0.009156 0.009156 0.009156 
0.250000 0.250000 0.250000 0.250000 
 119
0.479817 0.006020 0.046210 
0.462778 0.987699 0.462022 
0.057405 0.006280 0.491768 
0.009156 0.009156 0.972533 0.009156 
0.250000 0.250000 0.250000 0.250000 
 120
0.479817 0.006020 0.046210 
0.462778 0.987699 0.462022 
0.057405 0.006280 0.491768 
0.016141 0.965548 0.009156 0.009156 
0.250000 0.250000 0.250000 0.250000 
 121
0.479817 0.006020 0.046210 
0.462778 0.987699 0.462022 
0.057405 0.006280 0.491768 
0.972533 0.009156 0.009156 0.009156 
0.250000 0.250000 0.250000 0.250000 
 122
0.479817 0.006020 0.046210 
0.462778 0.987699 0.462022 
0.057405 0.006280 0.491768 
0.009156 0.009156 0.009156 0.972533 
0.250000 0.250000 0.250000 0.250000 
 123
0.479817 0.006020 0.046210 
0.462778 0.987699 0.462022 
0.057405 0.006280 0.491768 
0.970245 0.011444 0.009156 0.009156 
0.250000 0.250000 0.250000 0.250000 
 124
0.479817 0.006020 0.046210 
0.462778 0.987699 0.462022 
0.057405 0.006280 0.491768 
0.009156 0.972533 0.009156 0.009156 
0.250000 0.250000 0.250000 0.250000 
 125
0.479817 0.006020 0.046210 
0.462778 0.987699 0.462022 
0.057405 0.006280 0.491768 
0.009156 0.009156 0.009156 0.972533 
0.250000 0.250000 0.250000 0.250000 
 126
0.479817 0.006020 0.046210 
0.462778 0.987699 0.462022 
0.057405 0.006280 0.491768 
0.009156 0.972533 0.009156 0.009156 
0.250000 0.250000 0.250000 0.250000 
 127
0.479817 0.006020 0.046210 
0.462778 0.987699 0.462022 
0.057405 0.006280 0.491768 
0.972533 0.009156 0.009156 0.009156 
0.250000 0.250000 0.250000 0.250000 
 128
0.479817 0.006020 0.046210 
0.462778 0.987699 0.462022 
0.057405 0.006280 0.491768 
0.972533 0.009156 0.009156 0.009156 
0.250000 0.250000 0.250000 0.250000 
 129
0.479817 0.006020 0.046210 
0.462778 0.987699 0.462022 
0.057405 0.006280 0.491768 
0.971048 0.010641 0.009156 0.009156 
0.250000 0.250000 0.250000 0.250000 
 130
0.479817 0.006020 0.046210 
0.462778 0.987699 0.462022 
0.057405 0.006280 0.491768 
0.972533 0.009156 0.009156 0.009156 
0.250000 0.250000 0.250000 0.250000 
 131
0.479817 0.006020 0.046210 
0.462778 0.987699 0.462022 
0.057405 0.006280 0.491768 
0.009156 0.009156 0.972533 0.009156 
0.250000 0.250000 0.250000 0.250000 
 132
0.479817 0.006020 0.046210 
0.462778 0.987699 0.462022 
0.057405 0.006280 0.491768 
0.972533 0.009156 0.009156 0.009156 
0.250000 0.250000 0.250000 0.250000 
 133
0.479817 0.006020 0.046210 
0.462778 0.987699 0.462022 
0.057405 0.006280 0.491768 
0.972533 0.009156 0.009156 0.009156 
0.250000 0.250000 0.250000 0.250000 
 134
0.479817 0.006020 0.046210 
0.462778 0.987699 0.462022 
0.057405 0.006280 0.491768 
0.009156 0.009156 0.009156 0.972533 
0.250000 0.250000 0.250000 0.250000 
 135
0.479817 0.006020 0.046210 
0.462778 0.987699 0.462022 
0.057405 0.006280 0.491768 
0.009156 0.009156 0.972533 0.009156 
0.250000 0.250000 0.250000 0.250000 
 136
0.479817 0.006020 0.046210 
0.462778 0.987699 0.462022 
0.057405 0.006280 0.491768 
0.957380 0.024309 0.009156 0.009156 
0.250000 0.250000 0.250000 0.250000 
 137
0.479817 0.006020 0.046210 
0.462778 0.987699 0.462022 
0.057405 0.006280 0.491768 
0.009156 0.009156 0.970466 0.011223 
0.250000 0.250000 0.250000 0.250000 
 138
0.479817 0.006020 0.046210 
0.462778 0.987699 0.462022 
0.057405 0.006280 0.491768 
0.012153 0.927568 0.009156 0.051123 
0.250000 0.250000 0.250000 0.250000 
 139
0.479817 0.006020 0.046210 
0.462778 0.987699 0.462022 
0.057405 0.006280 0.491768 
0.963277 0.018412 0.009156 0.009156 
0.250000 0.250000 0.250000 0.250000 
 140
0.479817 0.006020 0.046210 
0.462778 0.987699 0.462022 
0.057405 0.006280 0.491768 
0.967786 0.013902 0.009156 0.009156 
0.250000 0.250000 0.250000 0.250000 
 141
0.479817 0.006020 0.046210 
0.462778 0.987699 0.462022 
0.057405 0.006280 0.491768 
0.009156 0.009156 0.009156 0.972533 
0.250000 0.250000 0.250000 0.250000 
 142
0.479817 0.006020 0.046210 
0.462778 0.987699 0.462022 
0.057405 0.006280 0.491768 
0.009156 0.972533 0.009156 0.009156 
0.250000 0.250000 0.250000 0.250000 
 143
0.479817 0.006020 0.046210 
0.462778 0.987699 0.462022 
0.057405 0.006280 0.491768 
0.972533 0.009156 0.009156 0.009156 
0.250000 0.250000 0.250000 0.250000 
 144
0.479817 0.006020 0.046210 
0.462778 0.987699 0.462022 
0.057405 0.006280 0.491768 
0.009156 0.009156 0.972533 0.009156 
0.250000 0.250000 0.250000 0.250000 
 145
0.479817 0.006020 0.046210 
0.462778 0.987699 0.462022 
0.057405 0.006280 0.491768 
0.009156 0.009156 0.972533 0.009156 
0.250000 0.250000 0.250000 0.250000 
 146
0.479817 0.006020 0.046210 
0.462778 0.987699 0.462022 
0.057405 0.006280 0.491768 
0.971049 0.010640 0.009156 0.009156 
0.250000 0.250000 0.250000 0.250000 
 147
0.479817 0.006020 0.046210 
0.462778 0.987699 0.462022 
0.057405 0.006280 0.491768 
0.970729 0.010960 0.009156 0.009156 
0.250000 0.250000 0.250000 0.250000 
 148
0.479817 0.006020 0.046210 
0.462778 0.987699 0.462022 
0.057405 0.006280 0.491768 
0.972533 0.009156 0.009156 0.009156 
0.250000 0.250000 0.250000 0.250000 
 149
0.479817 0.006020 0.046210 
0.462778 0.987699 0.462022 
0.057405 0.006280 0.491768 
0.009156 0.009156 0.009156 0.972533 
0.250000 0.250000 0.250000 0.250000 
 150
0.479817 0.006020 0.046210 
0.462778 0.987699 0.462022 
0.057405 0.006280 0.491768 
0.009156 0.009156 0.009156 0.972533 
0.250000 0.250000 0.250000 0.250000 
 151
0.479817 0.006020 0.046210 
0.462778 0.987699 0.462022 
0.057405 0.006280 0.491768 
0.009156 0.972533 0.009156 0.009156 
0.250000 0.250000 0.250000 0.250000 
 152
0.479817 0.006020 0.046210 
0.462778 0.987699 0.462022 
0.057405 0.006280 0.491768 
0.972533 0.009156 0.009156 0.009156 
0.250000 0.250000 0.250000 0.250000 
 153
0.479817 0.006020 0.046210 
0.462778 0.987699 0.462022 
0.057405 0.006280 0.491768 
0.970709 0.010980 0.009156 0.009156 
0.250000 0.250000 0.250000 0.250000 
 154
0.479817 0.006020 0.046210 
0.462778 0.987699 0.462022 
0.057405 0.006280 0.491768 
0.009156 0.972533 0.009156 0.009156 
0.250000 0.250000 0.250000 0.250000 
 155
0.479817 0.006020 0.046210 
0.462778 0.987699 0.462022 
0.057405 0.006280 0.491768 
0.009156 0.009156 0.009156 0.972533 
0.250000 0.250000 0.250000 0.250000 
 156
0.479817 0.006020 0.046210 
0.462778 0.987699 0.462022 
0.057405 0.006280 0.491768 
0.009156 0.009156 0.014480 0.967209 
0.250000 0.250000 0.250000 0.250000 
 157
0.479817 0.006020 0.046210 
0.462778 0.987699 0.462022 
0.057405 0.006280 0.491768 
0.972533 0.009156 0.009156 0.009156 
0.250000 0.250000 0.250000 0.250000 
 158
0.479817 0.006020 0.046210 
0.462778 0.987699 0.462022 
0.057405 0.006280 0.491768 
0.009156 0.009156 0.972533 0.009156 
0.250000 0.250000 0.250000 0.250000 
 159
0.479817 0.006020 0.046210 
0.462778 0.987699 0.462022 
0.057405 0.006280 0.491768 
0.009156 0.009156 0.010951 0.970738 
0.250000 0.250000 0.250000 0.250000 
 160
0.479817 0.006020 0.046210 
0.462778 0.987699 0.462022 
0.057405 0.006280 0.491768 
0.972533 0.009156 0.009156 0.009156 
0.250000 0.250000 0.250000 0.250000 
 161
0.479817 0.006020 0.046210 
0.462778 0.987699 0.462022 
0.057405 0.006280 0.491768 
0.972533 0.009156 0.009156 0.009156 
0.250000 0.250000 0.250000 0.250000 
 162
0.479817 0.006020 0.046210 
0.462778 0.987699 0.462022 
0.057405 0.006280 0.491768 
0.009156 0.009156 0.010860 0.970829 
0.250000 0.250000 0.250000 0.250000 
 163
0.479817 0.006020 0.046210 
0.462778 0.987699 0.462022 
0.057405 0.006280 0.491768 
0.009156 0.972533 0.009156 0.009156 
0.250000 0.250000 0.250000 0.250000 
 164
0.479817 0.006020 0.046210 
0.462778 0.987699 0.462022 
0.057405 0.006280 0.491768 
0.009156 0.009156 0.972533 0.009156 
0.250000 0.250000 0.250000 0.250000 
 165
0.479817 0.006020 0.046210 
0.462778 0.987699 0.462022 
0.057405 0.006280 0.491768 
0.009156 0.009156 0.019068 0.962621 
0.250000 0.250000 0.250000 0.250000 
 166
0.479817 0.006020 0.046210 
0.462778 0.987699 0.462022 
0.057405 0.006280 0.491768 
0.972533 0.009156 0.009156 0.009156 
0.250000 0.250000 0.250000 0.250000 
 167
0.479817 0.006020 0.046210 
0.462778 0.987699 0.462022 
0.057405 0.006280 0.491768 
0.009156 0.009156 0.972533 0.009156 
0.250000 0.250000 0.250000 0.250000 
 168
0.479817 0.006020 0.046210 
0.462778 0.987699 0.462022 
0.057405 0.006280 0.491768 
0.009156 0.009156 0.010615 0.971074 
0.250000 0.250000 0.250000 0.250000 
 169
0.479817 0.006020 0.046210 
0.462778 0.987699 0.462022 
0.057405 0.006280 0.491768 
0.009156 0.972533 0.009156 0.009156 
0.250000 0.250000 0.250000 0.250000 
 170
0.479817 0.006020 0.046210 
0.462778 0.987699 0.462022 
0.057405 0.006280 0.491768 
0.972533 0.009156 0.009156 0.009156 
0.250000 0.250000 0.250000 0.250000 
 171
0.479817 0.006020 0.046210 
0.462778 0.987699 0.462022 
0.057405 0.006280 0.491768 
0.041016 0.940673 0.009156 0.009156 
0.250000 0.250000 0.250000 0.250000 
 172
0.479817 0.006020 0.046210 
0.462778 0.987699 0.462022 
0.057405 0.006280 0.491768 
0.009156 0.009156 0.969500 0.012189 
0.250000 0.250000 0.250000 0.250000 
 173
0.479817 0.006020 0.046210 
0.462778 0.987699 0.462022 
0.057405 0.006280 0.491768 
0.009156 0.009156 0.009156 0.972533 
0.250000 0.250000 0.250000 0.250000 
 174
0.479817 0.006020 0.046210 
0.462778 0.987699 0.462022 
0.057405 0.006280 0.491768 
0.009156 0.972533 0.009156 0.009156 
0.250000 0.250000 0.250000 0.250000 
 175
0.479817 0.006020 0.046210 
0.462778 0.987699 0.462022 
0.057405 0.006280 0.491768 
0.011394 0.970295 0.009156 0.009156 
0.250000 0.250000 0.250000 0.250000 
 176
0.479817 0.006020 0.046210 
0.462778 0.987699 0.462022 
0.057405 0.006280 0.491768 
0.009156 0.009156 0.009156 0.972533 
0.250000 0.250000 0.250000 0.250000 
 177
0.479817 0.006020 0.046210 
0.462778 0.987699 0.462022 
0.057405 0.006280 0.491768 
0.010610 0.009156 0.009156 0.971079 
0.250000 0.250000 0.250000 0.250000 
 178
0.479817 0.006020 0.046210 
0.462778 0.987699 0.462022 
0.057405 0.006280 0.491768 
0.009156 0.009156 0.972533 0.009156 
0.250000 0.250000 0.250000 0.250000 
 179
0.479817 0.006020 0.046210 
0.462778 0.987699 0.462022 
0.057405 0.006280 0.491768 
0.972533 0.009156 0.009156 0.009156 
0.250000 0.250000 0.250000 0.250000 
 180
0.479817 0.006020 0.046210 
0.462778 0.987699 0.462022 
0.057405 0.006280 0.491768 
0.018692 0.962997 0.009156 0.009156 
0.250000 0.250000 0.250000 0.250000 
 181
0.479817 0.006020 0.046210 
0.462778 0.987699 0.462022 
0.057405 0.006280 0.491768 
0.966551 0.015116 0.009166 0.009166 
0.250000 0.250000 0.250000 0.250000 
 182
0.479817 0.006020 0.046210 
0.462778 0.987699 0.462022 
0.057405 0.006280 0.491768 
0.013772 0.960497 0.009168 0.016563 
0.250000 0.250000 0.250000 0.250000 
 183
0.479817 0.006020 0.046210 
0.462778 0.987699 0.462022 
0.057405 0.006280 0.491768 
0.009167 0.009167 0.017049 0.964617 
0.250000 0.250000 0.250000 0.250000 
 184
0.479817 0.006020 0.046210 
0.462778 0.987699 0.462022 
0.057405 0.006280 0.491768 
0.009156 0.009156 0.009156 0.972533 
0.250000 0.250000 0.250000 0.250000 
 185
0.479817 0.006020 0.046210 
0.462778 0.987699 0.462022 
0.057405 0.006280 0.491768 
0.009156 0.009156 0.971060 0.010628 
0.250000 0.250000 0.250000 0.250000 
 186
0.479817 0.006020 0.046210 
0.462778 0.987699 0.462022 
0.057405 0.006280 0.491768 
0.009156 0.009156 0.972533 0.009156 
0.250000 0.250000 0.250000 0.250000 
 187
0.479817 0.006020 0.046210 
0.462778 0.987699 0.462022 
0.057405 0.006280 0.491768 
0.009156 0.009156 0.009156 0.972533 
0.250000 0.250000 0.250000 0.250000 
 188
0.479817 0.006020 0.046210 
0.462778 0.987699 0.462022 
0.057405 0.006280 0.491768 
0.009156 0.009156 0.972533 0.009156 
0.250000 0.250000 0.250000 0.250000 
 189
0.479817 0.006020 0.046210 
0.462778 0.987699 0.462022 
0.057405 0.006280 0.491768 
0.970454 0.009156 0.011235 0.009156 
0.250000 0.250000 0.250000 0.250000 
 190
0.479817 0.006020 0.046210 
0.462778 0.987699 0.462022 
0.057405 0.006280 0.491768 
0.970757 0.010932 0.009156 0.009156 
0.250000 0.250000 0.250000 0.250000 
 191
0.479817 0.006020 0.046210 
0.462778 0.987699 0.462022 
0.057405 0.006280 0.491768 
0.010544 0.009156 0.969838 0.010463 
0.250000 0.250000 0.250000 0.250000 
 192
0.479817 0.006020 0.046210 
0.462778 0.987699 0.462022 
0.057405 0.006280 0.491768 
0.972533 0.009156 0.009156 0.009156 
0.250000 0.250000 0.250000 0.250000 
 193
0.479817 0.006020 0.046210 
0.462778 0.987699 0.462022 
0.057405 0.006280 0.491768 
0.009156 0.972533 0.009156 0.009156 
0.250000 0.250000 0.250000 0.250000 
 194
0.479817 0.006020 0.046210 
0.462778 0.987699 0.462022 
0.057405 0.006280 0.491768 
0.009167 0.972500 0.009167 0.009167 
0.250000 0.250000 0.250000 0.250000 
 195
0.479817 0.006020 0.046210 
0.462778 0.987699 0.462022 
0.057405 0.006280 0.491768 
0.009156 0.009156 0.009156 0.972533 
0.250000 0.250000 0.250000 0.250000 
 196
0.479817 0.006020 0.046210 
0.462778 0.987699 0.462022 
0.057405 0.006280 0.491768 
0.009156 0.972533 0.009156 0.009156 
0.250000 0.250000 0.250000 0.250000 
 197
0.479817 0.006020 0.046210 
0.462778 0.987699 0.462022 
0.057405 0.006280 0.491768 
0.972533 0.009156 0.009156 0.009156 
0.250000 0.250000 0.250000 0.250000 
 198
0.479817 0.006020 0.046210 
0.462778 0.987699 0.462022 
0.057405 0.006280 0.491768 
0.972533 0.009156 0.009156 0.009156 
0.250000 0.250000 0.250000 0.250000 
 199
0.479817 0.006020 0.046210 
0.462778 0.987699 0.462022 
0.057405 0.006280 0.491768 
0.970888 0.009156 0.010801 0.009156 
0.250000 0.250000 0.250000 0.250000 
 200
0.479817 0.006020 0.046210 
0.462778 0.987699 0.462022 
0.057405 0.006280 0.491768 
0.009156 0.009156 0.009156 0.972533 
0.250000 0.250000 0.250000 0.250000 
 201
0.479817 0.006020 0.046210 
0.462778 0.987699 0.462022 
0.057405 0.006280 0.491768 
0.969583 0.009156 0.010557 0.010705 
0.250000 0.250000 0.250000 0.250000 
 202
0.479817 0.006020 0.046210 
0.462778 0.987699 0.462022 
0.057405 0.006280 0.491768 
0.009156 0.009156 0.009156 0.972533 
0.250000 0.250000 0.250000 0.250000 
 203
0.479817 0.006020 0.046210 
0.462778 0.987699 0.462022 
0.057405 0.006280 0.491768 
0.009156 0.972533 0.009156 0.009156 
0.250000 0.250000 0.250000 0.250000 
 204
0.479817 0.006020 0.046210 
0.462778 0.987699 0.462022 
0.057405 0.006280 0.491768 
0.009156 0.009156 0.969485 0.012204 
0.250000 0.250000 0.250000 0.250000 
 205
0.479817 0.006020 0.046210 
0.462778 0.987699 0.462022 
0.057405 0.006280 0.491768 
0.035008 0.946681 0.009156 0.009156 
0.250000 0.250000 0.250000 0.250000 
 206
0.479817 0.006020 0.046210 
0.462778 0.987699 0.462022 
0.057405 0.006280 0.491768 
0.970880 0.010781 0.009169 0.009169 
0.250000 0.250000 0.250000 0.250000 
 207
0.479817 0.006020 0.046210 
0.462778 0.987699 0.462022 
0.057405 0.006280 0.491768 
0.009156 0.009156 0.970269 0.011420 
0.250000 0.250000 0.250000 0.250000 
 208
0.479817 0.006020 0.046210 
0.462778 0.987699 0.462022 
0.057405 0.006280 0.491768 
0.953274 0.009156 0.028415 0.009156 
0.250000 0.250000 0.250000 0.250000 
 209
0.479817 0.006020 0.046210 
0.462778 0.987699 0.462022 
0.057405 0.006280 0.491768 
0.012101 0.969588 0.009156 0.009156 
0.250000 0.250000 0.250000 0.250000 
 210
0.479817 0.006020 0.046210 
0.462778 0.987699 0.462022 
0.057405 0.006280 0.491768 
0.009156 0.009156 0.014630 0.967059 
0.250000 0.250000 0.250000 0.250000 
 211
0.479817 0.006020 0.046210 
0.462778 0.987699 0.462022 
0.057405 0.006280 0.491768 
0.009156 0.009156 0.972533 0.009156 
0.250000 0.250000 0.250000 0.250000 
 212
0.479817 0.006020 0.046210 
0.462778 0.987699 0.462022 
0.057405 0.006280 0.491768 
0.009156 0.009156 0.972533 0.009156 
0.250000 0.250000 0.250000 0.250000 
 213
0.479817 0.006020 0.046210 
0.462778 0.987699 0.462022 
0.057405 0.006280 0.491768 
0.010463 0.009156 0.010674 0.969708 
0.250000 0.250000 0.250000 0.250000 
 214
0.479817 0.006020 0.046210 
0.462778 0.987699 0.462022 
0.057405 0.006280 0.491768 
0.010807 0.009156 0.970882 0.009156 
0.250000 0.250000 0.250000 0.250000 
 215
0.479817 0.006020 0.046210 
0.462778 0.987699 0.462022 
0.057405 0.006280 0.491768 
0.972533 0.009156 0.009156 0.009156 
0.250000 0.250000 0.250000 0.250000 
 216
0.479817 0.006020 0.046210 
0.462778 0.987699 0.462022 
0.057405 0.006280 0.491768 
0.009156 0.009156 0.009156 0.972533 
0.250000 0.250000 0.250000 0.250000 
 217
0.479817 0.006020 0.046210 
0.462778 0.987699 0.462022 
0.057405 0.006280 0.491768 
0.012583 0.009156 0.969105 0.009156 
0.250000 0.250000 0.250000 0.250000 
 218
0.479817 0.006020 0.046210 
0.462778 0.987699 0.462022 
0.057405 0.006280 0.491768 
0.972533 0.009156 0.009156 0.009156 
0.250000 0.250000 0.250000 0.250000 
 219
0.479817 0.006020 0.046210 
0.462778 0.987699 0.462022 
0.057405 0.006280 0.491768 
0.016914 0.958540 0.009156 0.015391 
0.250000 0.250000 0.250000 0.250000 
 220
0.479817 0.006020 0.046210 
0.462778 0.987699 0.462022 
0.057405 0.006280 0.491768 
0.969733 0.011956 0.009156 0.009156 
0.250000 0.250000 0.250000 0.250000 
 221
0.479817 0.006020 0.046210 
0.462778 0.987699 0.462022 
0.057405 0.006280 0.491768 
0.009156 0.009156 0.009156 0.972533 
0.250000 0.250000 0.250000 0.250000 
 222
0.479817 0.006020 0.046210 
0.462778 0.987699 0.462022 
0.057405 0.006280 0.491768 
0.010760 0.009156 0.968947 0.011137 
0.250000 0.250000 0.250000 0.250000 
 223
0.479817 0.006020 0.046210 
0.462778 0.987699 0.462022 
0.057405 0.006280 0.491768 
0.012677 0.009156 0.969012 0.009156 
0.250000 0.250000 0.250000 0.250000 
 224
0.479817 0.006020 0.046210 
0.462778 0.987699 0.462022 
0.057405 0.006280 0.491768 
0.009156 0.009156 0.009156 0.972533 
0.250000 0.250000 0.250000 0.250000 
 225
0.479817 0.006020 0.046210 
0.462778 0.987699 0.462022 
0.057405 0.006280 0.491768 
0.009156 0.009156 0.010696 0.970993 
0.250000 0.250000 0.250000 0.250000 
 226
0.479817 0.006020 0.046210 
0.462778 0.987699 0.462022 
0.057405 0.006280 0.491768 
0.009156 0.972533 0.009156 0.009156 
0.250000 0.250000 0.250000 0.250000 
 227
0.479817 0.006020 0.046210 
0.462778 0.987699 0.462022 
0.057405 0.006280 0.491768 
0.972533 0.009156 0.009156 0.009156 
0.250000 0.250000 0.250000 0.250000 
 228
0.479817 0.006020 0.046210 
0.462778 0.987699 0.462022 
0.057405 0.006280 0.491768 
0.009156 0.009156 0.010762 0.970927 
0.250000 0.250000 0.250000 0.250000 
 229
0.479817 0.006020 0.046210 
0.462778 0.987699 0.462022 
0.057405 0.006280 0.491768 
0.009156 0.972533 0.009156 0.009156 
0.250000 0.250000 0.250000 0.250000 
 230
0.479817 0.006020 0.046210 
0.462778 0.987699 0.462022 
0.057405 0.006280 0.491768 
0.009156 0.972533 0.009156 0.009156 
0.250000 0.250000 0.250000 0.250000 
 231
0.479817 0.006020 0.046210 
0.462778 0.987699 0.462022 
0.057405 0.006280 0.491768 
0.967199 0.014490 0.009156 0.009156 
0.250000 0.250000 0.250000 0.250000 
 232
0.479817 0.006020 0.046210 
0.462778 0.987699 0.462022 
0.057405 0.006280 0.491768 
0.027594 0.954095 0.009156 0.009156 
0.250000 0.250000 0.250000 0.250000 
 233
0.479817 0.006020 0.046210 
0.462778 0.987699 0.462022 
0.057405 0.006280 0.491768 
0.893971 0.009156 0.009156 0.087718 
0.250000 0.250000 0.250000 0.250000 
 234
0.479817 0.006020 0.046210 
0.462778 0.987699 0.462022 
0.057405 0.006280 0.491768 
0.968522 0.013167 0.009156 0.009156 
0.250000 0.250000 0.250000 0.250000 
 235
0.479817 0.006020 0.046210 
0.462778 0.987699 0.462022 
0.057405 0.006280 0.491768 
