%  SAM: /scicomp/home/vfn4/nomen/label/LABEL_RES/scripts/modelfromalign_Linux v3.5 (July 15, 2005) compiled 12/08/06_16:15:55
%  (c) 1992-2001 Regents of the University of California, Santa Cruz
%
%          Sequence Alignment and Modeling Software System
%         http://www.cse.ucsc.edu/research/compbio/sam.html
%
% ----------------- Citations (SAM, SAM-T2K, HMMs) --------------------
% R. Hughey, A. Krogh, Hidden Markov models for sequence analysis:
%  Extension and analysis of the basic method, CABIOS 12:95-107, 1996.
% K. Karplus, et al., What is the value added by human intervention in protein
%  structure prediction, Proteins: Stucture, Function, Genetics 45(S5):86--91, 2001.
% A. Krogh et al., Hidden Markov models in computational biology:
%  Applications to protein modeling, JMB 235:1501-1531, Feb 1994.
% ---------------------------------------------------------------------
%  c-1-to-6-8-Old_hmm   Host: login01.aspen.biotech.cdc.gov    Wed Feb  7 17:36:06 2018
%  vfn4                 Dir:  /scicomp/groups/OID/NCIRD/ID-OD/ID_nomenclatures/H1/H1pdm09v2018R3/base/c-otherwise
% ---------------------------------------------------------------------
%  Alignment weights from internal calc.  Total (33.21) Max (0.12) Min (0.02)
%  Weights from alignment method 1 (karplus), b=-1.000000, e=0.500000
MODEL --  Model from alignment file /scicomp/home/vfn4/nomen/label/LABEL_RES/training_data/H1pdm09v2018R3/c-otherwise/c-1-to-6-8-Old.fasta
alphabet DNA
FREQAVE
0.000000 0.000000 0.000000 
0.000000 0.000000 0.000000 
0.000000 0.000000 0.000000 
0.353118 0.221743 0.185844 0.239295 
0.353118 0.221743 0.185844 0.239295 
Begin
0.000000 0.000000 0.000000 
0.000000 0.000000 0.000000 
0.000000 0.005400 0.491768 
0.250000 0.250000 0.250000 0.250000 
0.250000 0.250000 0.250000 0.250000 
   1
0.000000 0.005176 0.046210 
0.000000 0.989424 0.462022 
0.057405 0.005400 0.491768 
0.978078 0.007307 0.007307 0.007307 
0.250000 0.250000 0.250000 0.250000 
   2
0.479817 0.005176 0.046210 
0.462778 0.989424 0.462022 
0.057405 0.005400 0.491768 
0.007307 0.007307 0.007307 0.978078 
0.250000 0.250000 0.250000 0.250000 
   3
0.479817 0.005176 0.046210 
0.462778 0.989424 0.462022 
0.057405 0.005400 0.491768 
0.007307 0.978078 0.007307 0.007307 
0.250000 0.250000 0.250000 0.250000 
   4
0.479817 0.005176 0.046210 
0.462778 0.989424 0.462022 
0.057405 0.005400 0.491768 
0.975218 0.010167 0.007307 0.007307 
0.250000 0.250000 0.250000 0.250000 
   5
0.479817 0.005176 0.046210 
0.462778 0.989424 0.462022 
0.057405 0.005400 0.491768 
0.976471 0.007307 0.008914 0.007307 
0.250000 0.250000 0.250000 0.250000 
   6
0.479817 0.005176 0.046210 
0.462778 0.989424 0.462022 
0.057405 0.005400 0.491768 
0.008715 0.975775 0.007307 0.008203 
0.250000 0.250000 0.250000 0.250000 
   7
0.479817 0.005176 0.046210 
0.462778 0.989424 0.462022 
0.057405 0.005400 0.491768 
0.014539 0.970846 0.007307 0.007307 
0.250000 0.250000 0.250000 0.250000 
   8
0.479817 0.005176 0.046210 
0.462778 0.989424 0.462022 
0.057405 0.005400 0.491768 
0.007307 0.007307 0.972355 0.013030 
0.250000 0.250000 0.250000 0.250000 
   9
0.479817 0.005176 0.046210 
0.462778 0.989424 0.462022 
0.057405 0.005400 0.491768 
0.976800 0.008585 0.007307 0.007307 
0.250000 0.250000 0.250000 0.250000 
  10
0.479817 0.005176 0.046210 
0.462778 0.989424 0.462022 
0.057405 0.005400 0.491768 
0.975821 0.009564 0.007307 0.007307 
0.250000 0.250000 0.250000 0.250000 
  11
0.479817 0.005176 0.046210 
0.462778 0.989424 0.462022 
0.057405 0.005400 0.491768 
0.007307 0.007307 0.009411 0.975974 
0.250000 0.250000 0.250000 0.250000 
  12
0.479817 0.005176 0.046210 
0.462778 0.989424 0.462022 
0.057405 0.005400 0.491768 
0.978078 0.007307 0.007307 0.007307 
0.250000 0.250000 0.250000 0.250000 
  13
0.479817 0.005176 0.046210 
0.462778 0.989424 0.462022 
0.057405 0.005400 0.491768 
0.007307 0.007307 0.976792 0.008593 
0.250000 0.250000 0.250000 0.250000 
  14
0.479817 0.005176 0.046210 
0.462778 0.989424 0.462022 
0.057405 0.005400 0.491768 
0.007307 0.007307 0.009428 0.975957 
0.250000 0.250000 0.250000 0.250000 
  15
0.479817 0.005176 0.046210 
0.462778 0.989424 0.462022 
0.057405 0.005400 0.491768 
0.973595 0.011790 0.007307 0.007307 
0.250000 0.250000 0.250000 0.250000 
  16
0.479817 0.005176 0.046210 
0.462778 0.989424 0.462022 
0.057405 0.005400 0.491768 
0.008442 0.974634 0.008258 0.008666 
0.250000 0.250000 0.250000 0.250000 
  17
0.479817 0.005176 0.046210 
0.462778 0.989424 0.462022 
0.057405 0.005400 0.491768 
0.007307 0.007307 0.041252 0.944133 
0.250000 0.250000 0.250000 0.250000 
  18
0.479817 0.005176 0.046210 
0.462778 0.989424 0.462022 
0.057405 0.005400 0.491768 
0.978078 0.007307 0.007307 0.007307 
0.250000 0.250000 0.250000 0.250000 
  19
0.479817 0.005176 0.046210 
0.462778 0.989424 0.462022 
0.057405 0.005400 0.491768 
0.008745 0.975252 0.007307 0.008695 
0.250000 0.250000 0.250000 0.250000 
  20
0.479817 0.005176 0.046210 
0.462778 0.989424 0.462022 
0.057405 0.005400 0.491768 
0.007307 0.007307 0.008593 0.976792 
0.250000 0.250000 0.250000 0.250000 
  21
0.479817 0.005176 0.046210 
0.462778 0.989424 0.462022 
0.057405 0.005400 0.491768 
0.007307 0.009343 0.012866 0.970483 
0.250000 0.250000 0.250000 0.250000 
  22
0.479817 0.005176 0.046210 
0.462778 0.989424 0.462022 
0.057405 0.005400 0.491768 
0.014243 0.007315 0.966228 0.012213 
0.250000 0.250000 0.250000 0.250000 
  23
0.479817 0.005176 0.046210 
0.462778 0.989424 0.462022 
0.057405 0.005400 0.491768 
0.007307 0.007307 0.007307 0.978078 
0.250000 0.250000 0.250000 0.250000 
  24
0.479817 0.005176 0.046210 
0.462778 0.989424 0.462022 
0.057405 0.005400 0.491768 
0.013721 0.967208 0.007307 0.011763 
0.250000 0.250000 0.250000 0.250000 
  25
0.479817 0.005176 0.046210 
0.462778 0.989424 0.462022 
0.057405 0.005400 0.491768 
0.007307 0.008397 0.975720 0.008576 
0.250000 0.250000 0.250000 0.250000 
  26
0.479817 0.005176 0.046210 
0.462778 0.989424 0.462022 
0.057405 0.005400 0.491768 
0.007307 0.007307 0.007307 0.978078 
0.250000 0.250000 0.250000 0.250000 
  27
0.479817 0.005176 0.046210 
0.462778 0.989424 0.462022 
0.057405 0.005400 0.491768 
0.974238 0.011147 0.007307 0.007307 
0.250000 0.250000 0.250000 0.250000 
  28
0.479817 0.005176 0.046210 
0.462778 0.989424 0.462022 
0.057405 0.005400 0.491768 
0.007307 0.007307 0.010040 0.975345 
0.250000 0.250000 0.250000 0.250000 
  29
0.479817 0.005176 0.046210 
0.462778 0.989424 0.462022 
0.057405 0.005400 0.491768 
0.971406 0.007307 0.007307 0.013979 
0.250000 0.250000 0.250000 0.250000 
  30
0.479817 0.005176 0.046210 
0.462778 0.989424 0.462022 
0.057405 0.005400 0.491768 
0.007307 0.007307 0.021398 0.963987 
0.250000 0.250000 0.250000 0.250000 
  31
0.479817 0.005176 0.046210 
0.462778 0.989424 0.462022 
0.057405 0.005400 0.491768 
0.978078 0.007307 0.007307 0.007307 
0.250000 0.250000 0.250000 0.250000 
  32
0.479817 0.005176 0.046210 
0.462778 0.989424 0.462022 
0.057405 0.005400 0.491768 
0.007307 0.007307 0.974095 0.011290 
0.250000 0.250000 0.250000 0.250000 
  33
0.479817 0.005176 0.046210 
0.462778 0.989424 0.462022 
0.057405 0.005400 0.491768 
0.978078 0.007307 0.007307 0.007307 
0.250000 0.250000 0.250000 0.250000 
  34
0.479817 0.005176 0.046210 
0.462778 0.989424 0.462022 
0.057405 0.005400 0.491768 
0.009433 0.008512 0.008311 0.973743 
0.250000 0.250000 0.250000 0.250000 
  35
0.479817 0.005176 0.046210 
0.462778 0.989424 0.462022 
0.057405 0.005400 0.491768 
0.007307 0.008281 0.008217 0.976194 
0.250000 0.250000 0.250000 0.250000 
  36
0.479817 0.005176 0.046210 
0.462778 0.989424 0.462022 
0.057405 0.005400 0.491768 
0.010647 0.007307 0.009343 0.972702 
0.250000 0.250000 0.250000 0.250000 
  37
0.479817 0.005176 0.046210 
0.462778 0.989424 0.462022 
0.057405 0.005400 0.491768 
0.015166 0.970219 0.007307 0.007307 
0.250000 0.250000 0.250000 0.250000 
  38
0.479817 0.005176 0.046210 
0.462778 0.989424 0.462022 
0.057405 0.005400 0.491768 
0.007312 0.011869 0.971997 0.008821 
0.250000 0.250000 0.250000 0.250000 
  39
0.479817 0.005176 0.046210 
0.462778 0.989424 0.462022 
0.057405 0.005400 0.491768 
0.978078 0.007307 0.007307 0.007307 
0.250000 0.250000 0.250000 0.250000 
  40
0.479817 0.005176 0.046210 
0.462778 0.989424 0.462022 
0.057405 0.005400 0.491768 
0.955436 0.029949 0.007307 0.007307 
0.250000 0.250000 0.250000 0.250000 
  41
0.479817 0.005176 0.046210 
0.462778 0.989424 0.462022 
0.057405 0.005400 0.491768 
0.007307 0.007307 0.963030 0.022355 
0.250000 0.250000 0.250000 0.250000 
  42
0.479817 0.005176 0.046210 
0.462778 0.989424 0.462022 
0.057405 0.005400 0.491768 
0.009694 0.007307 0.955866 0.027132 
0.250000 0.250000 0.250000 0.250000 
  43
0.479817 0.005176 0.046210 
0.462778 0.989424 0.462022 
0.057405 0.005400 0.491768 
0.034408 0.950977 0.007307 0.007307 
0.250000 0.250000 0.250000 0.250000 
  44
0.479817 0.005176 0.046210 
0.462778 0.989424 0.462022 
0.057405 0.005400 0.491768 
0.007307 0.007307 0.976264 0.009121 
0.250000 0.250000 0.250000 0.250000 
  45
0.479817 0.005176 0.046210 
0.462778 0.989424 0.462022 
0.057405 0.005400 0.491768 
0.975591 0.007307 0.009794 0.007307 
0.250000 0.250000 0.250000 0.250000 
  46
0.479817 0.005176 0.046210 
0.462778 0.989424 0.462022 
0.057405 0.005400 0.491768 
0.975053 0.009344 0.007307 0.008296 
0.250000 0.250000 0.250000 0.250000 
  47
0.479817 0.005176 0.046210 
0.462778 0.989424 0.462022 
0.057405 0.005400 0.491768 
0.972482 0.012903 0.007307 0.007307 
0.250000 0.250000 0.250000 0.250000 
  48
0.479817 0.005176 0.046210 
0.462778 0.989424 0.462022 
0.057405 0.005400 0.491768 
0.015021 0.007307 0.010224 0.967448 
0.250000 0.250000 0.250000 0.250000 
  49
0.479817 0.005176 0.046210 
0.462778 0.989424 0.462022 
0.057405 0.005400 0.491768 
0.009155 0.976221 0.007312 0.007312 
0.250000 0.250000 0.250000 0.250000 
  50
0.479817 0.005176 0.046210 
0.462778 0.989424 0.462022 
0.057405 0.005400 0.491768 
0.007307 0.007307 0.978078 0.007307 
0.250000 0.250000 0.250000 0.250000 
  51
0.479817 0.005176 0.046210 
0.462778 0.989424 0.462022 
0.057405 0.005400 0.491768 
0.970951 0.012212 0.009530 0.007307 
0.250000 0.250000 0.250000 0.250000 
  52
0.479817 0.005176 0.046210 
0.462778 0.989424 0.462022 
0.057405 0.005400 0.491768 
0.007307 0.978078 0.007307 0.007307 
0.250000 0.250000 0.250000 0.250000 
  53
0.479817 0.005176 0.046210 
0.462778 0.989424 0.462022 
0.057405 0.005400 0.491768 
0.978078 0.007307 0.007307 0.007307 
0.250000 0.250000 0.250000 0.250000 
  54
0.479817 0.005176 0.046210 
0.462778 0.989424 0.462022 
0.057405 0.005400 0.491768 
0.007307 0.007307 0.977179 0.008206 
0.250000 0.250000 0.250000 0.250000 
  55
0.479817 0.005176 0.046210 
0.462778 0.989424 0.462022 
0.057405 0.005400 0.491768 
0.978078 0.007307 0.007307 0.007307 
0.250000 0.250000 0.250000 0.250000 
  56
0.479817 0.005176 0.046210 
0.462778 0.989424 0.462022 
0.057405 0.005400 0.491768 
0.007307 0.007307 0.978078 0.007307 
0.250000 0.250000 0.250000 0.250000 
  57
0.479817 0.005176 0.046210 
0.462778 0.989424 0.462022 
0.057405 0.005400 0.491768 
0.978078 0.007307 0.007307 0.007307 
0.250000 0.250000 0.250000 0.250000 
  58
0.479817 0.005176 0.046210 
0.462778 0.989424 0.462022 
0.057405 0.005400 0.491768 
0.007307 0.007307 0.012713 0.972672 
0.250000 0.250000 0.250000 0.250000 
  59
0.479817 0.005176 0.046210 
0.462778 0.989424 0.462022 
0.057405 0.005400 0.491768 
0.007307 0.007307 0.007307 0.978078 
0.250000 0.250000 0.250000 0.250000 
  60
0.479817 0.005176 0.046210 
0.462778 0.989424 0.462022 
0.057405 0.005400 0.491768 
0.929833 0.055552 0.007307 0.007307 
0.250000 0.250000 0.250000 0.250000 
  61
0.479817 0.005176 0.046210 
0.462778 0.989424 0.462022 
0.057405 0.005400 0.491768 
0.008944 0.007307 0.007307 0.976441 
0.250000 0.250000 0.250000 0.250000 
  62
0.479817 0.005176 0.046210 
0.462778 0.989424 0.462022 
0.057405 0.005400 0.491768 
0.007307 0.978078 0.007307 0.007307 
0.250000 0.250000 0.250000 0.250000 
  63
0.479817 0.005176 0.046210 
0.462778 0.989424 0.462022 
0.057405 0.005400 0.491768 
0.007307 0.007307 0.019511 0.965874 
0.250000 0.250000 0.250000 0.250000 
  64
0.479817 0.005176 0.046210 
0.462778 0.989424 0.462022 
0.057405 0.005400 0.491768 
0.976691 0.008694 0.007307 0.007307 
0.250000 0.250000 0.250000 0.250000 
  65
0.479817 0.005176 0.046210 
0.462778 0.989424 0.462022 
0.057405 0.005400 0.491768 
0.007307 0.007307 0.008558 0.976827 
0.250000 0.250000 0.250000 0.250000 
  66
0.479817 0.005176 0.046210 
0.462778 0.989424 0.462022 
0.057405 0.005400 0.491768 
0.976088 0.007307 0.009297 0.007307 
0.250000 0.250000 0.250000 0.250000 
  67
0.479817 0.005176 0.046210 
0.462778 0.989424 0.462022 
0.057405 0.005400 0.491768 
0.007307 0.978078 0.007307 0.007307 
0.250000 0.250000 0.250000 0.250000 
  68
0.479817 0.005176 0.046210 
0.462778 0.989424 0.462022 
0.057405 0.005400 0.491768 
0.007307 0.978078 0.007307 0.007307 
0.250000 0.250000 0.250000 0.250000 
  69
0.479817 0.005176 0.046210 
0.462778 0.989424 0.462022 
0.057405 0.005400 0.491768 
0.007307 0.007307 0.008489 0.976896 
0.250000 0.250000 0.250000 0.250000 
  70
0.479817 0.005176 0.046210 
0.462778 0.989424 0.462022 
0.057405 0.005400 0.491768 
0.007307 0.007307 0.009729 0.975656 
0.250000 0.250000 0.250000 0.250000 
  71
0.479817 0.005176 0.046210 
0.462778 0.989424 0.462022 
0.057405 0.005400 0.491768 
0.976560 0.007307 0.007307 0.008825 
0.250000 0.250000 0.250000 0.250000 
  72
0.479817 0.005176 0.046210 
0.462778 0.989424 0.462022 
0.057405 0.005400 0.491768 
0.007307 0.007307 0.019199 0.966186 
0.250000 0.250000 0.250000 0.250000 
  73
0.479817 0.005176 0.046210 
0.462778 0.989424 0.462022 
0.057405 0.005400 0.491768 
0.007307 0.007307 0.978078 0.007307 
0.250000 0.250000 0.250000 0.250000 
  74
0.479817 0.005176 0.046210 
0.462778 0.989424 0.462022 
0.057405 0.005400 0.491768 
0.978078 0.007307 0.007307 0.007307 
0.250000 0.250000 0.250000 0.250000 
  75
0.479817 0.005176 0.046210 
0.462778 0.989424 0.462022 
0.057405 0.005400 0.491768 
0.007307 0.007307 0.008308 0.977077 
0.250000 0.250000 0.250000 0.250000 
  76
0.479817 0.005176 0.046210 
0.462778 0.989424 0.462022 
0.057405 0.005400 0.491768 
0.009226 0.976159 0.007307 0.007307 
0.250000 0.250000 0.250000 0.250000 
  77
0.479817 0.005176 0.046210 
0.462778 0.989424 0.462022 
0.057405 0.005400 0.491768 
0.007307 0.008111 0.976464 0.008117 
0.250000 0.250000 0.250000 0.250000 
  78
0.479817 0.005176 0.046210 
0.462778 0.989424 0.462022 
0.057405 0.005400 0.491768 
0.016582 0.968803 0.007307 0.007307 
0.250000 0.250000 0.250000 0.250000 
  79
0.479817 0.005176 0.046210 
0.462778 0.989424 0.462022 
0.057405 0.005400 0.491768 
0.977114 0.008271 0.007307 0.007307 
0.250000 0.250000 0.250000 0.250000 
  80
0.479817 0.005176 0.046210 
0.462778 0.989424 0.462022 
0.057405 0.005400 0.491768 
0.976532 0.007307 0.008853 0.007307 
0.250000 0.250000 0.250000 0.250000 
  81
0.479817 0.005176 0.046210 
0.462778 0.989424 0.462022 
0.057405 0.005400 0.491768 
0.007307 0.007307 0.975933 0.009452 
0.250000 0.250000 0.250000 0.250000 
  82
0.479817 0.005176 0.046210 
0.462778 0.989424 0.462022 
0.057405 0.005400 0.491768 
0.978078 0.007307 0.007307 0.007307 
0.250000 0.250000 0.250000 0.250000 
  83
0.479817 0.005176 0.046210 
0.462778 0.989424 0.462022 
0.057405 0.005400 0.491768 
0.975414 0.009971 0.007307 0.007307 
0.250000 0.250000 0.250000 0.250000 
  84
0.479817 0.005176 0.046210 
0.462778 0.989424 0.462022 
0.057405 0.005400 0.491768 
0.007307 0.007307 0.009160 0.976225 
0.250000 0.250000 0.250000 0.250000 
  85
0.479817 0.005176 0.046210 
0.462778 0.989424 0.462022 
0.057405 0.005400 0.491768 
0.007307 0.007307 0.007307 0.978078 
0.250000 0.250000 0.250000 0.250000 
  86
0.479817 0.005176 0.046210 
0.462778 0.989424 0.462022 
0.057405 0.005400 0.491768 
0.007307 0.007307 0.978078 0.007307 
0.250000 0.250000 0.250000 0.250000 
  87
0.479817 0.005176 0.046210 
0.462778 0.989424 0.462022 
0.057405 0.005400 0.491768 
0.976533 0.008852 0.007307 0.007307 
0.250000 0.250000 0.250000 0.250000 
  88
0.479817 0.005176 0.046210 
0.462778 0.989424 0.462022 
0.057405 0.005400 0.491768 
0.978078 0.007307 0.007307 0.007307 
0.250000 0.250000 0.250000 0.250000 
  89
0.479817 0.005176 0.046210 
0.462778 0.989424 0.462022 
0.057405 0.005400 0.491768 
0.007307 0.007307 0.976812 0.008573 
0.250000 0.250000 0.250000 0.250000 
  90
0.479817 0.005176 0.046210 
0.462778 0.989424 0.462022 
0.057405 0.005400 0.491768 
0.963038 0.007307 0.007307 0.022347 
0.250000 0.250000 0.250000 0.250000 
  91
0.479817 0.005176 0.046210 
0.462778 0.989424 0.462022 
0.057405 0.005400 0.491768 
0.009304 0.976081 0.007307 0.007307 
0.250000 0.250000 0.250000 0.250000 
  92
0.479817 0.005176 0.046210 
0.462778 0.989424 0.462022 
0.057405 0.005400 0.491768 
0.977083 0.008302 0.007307 0.007307 
0.250000 0.250000 0.250000 0.250000 
  93
0.479817 0.005176 0.046210 
0.462778 0.989424 0.462022 
0.057405 0.005400 0.491768 
0.007307 0.007307 0.978078 0.007307 
0.250000 0.250000 0.250000 0.250000 
  94
0.479817 0.005176 0.046210 
0.462778 0.989424 0.462022 
0.057405 0.005400 0.491768 
0.978078 0.007307 0.007307 0.007307 
0.250000 0.250000 0.250000 0.250000 
  95
0.479817 0.005176 0.046210 
0.462778 0.989424 0.462022 
0.057405 0.005400 0.491768 
0.007307 0.007307 0.978078 0.007307 
0.250000 0.250000 0.250000 0.250000 
  96
0.479817 0.005176 0.046210 
0.462778 0.989424 0.462022 
0.057405 0.005400 0.491768 
0.008602 0.007307 0.008142 0.975948 
0.250000 0.250000 0.250000 0.250000 
  97
0.479817 0.005176 0.046210 
0.462778 0.989424 0.462022 
0.057405 0.005400 0.491768 
0.008323 0.977062 0.007307 0.007307 
0.250000 0.250000 0.250000 0.250000 
  98
0.479817 0.005176 0.046210 
0.462778 0.989424 0.462022 
0.057405 0.005400 0.491768 
0.007307 0.009149 0.007307 0.976236 
0.250000 0.250000 0.250000 0.250000 
  99
0.479817 0.005176 0.046210 
0.462778 0.989424 0.462022 
0.057405 0.005400 0.491768 
0.968012 0.016333 0.007313 0.008342 
0.250000 0.250000 0.250000 0.250000 
 100
0.479817 0.005176 0.046210 
0.462778 0.989424 0.462022 
0.057405 0.005400 0.491768 
0.008544 0.976841 0.007307 0.007307 
0.250000 0.250000 0.250000 0.250000 
 101
0.479817 0.005176 0.046210 
0.462778 0.989424 0.462022 
0.057405 0.005400 0.491768 
0.978078 0.007307 0.007307 0.007307 
0.250000 0.250000 0.250000 0.250000 
 102
0.479817 0.005176 0.046210 
0.462778 0.989424 0.462022 
0.057405 0.005400 0.491768 
0.007307 0.007307 0.978078 0.007307 
0.250000 0.250000 0.250000 0.250000 
 103
0.479817 0.005176 0.046210 
0.462778 0.989424 0.462022 
0.057405 0.005400 0.491768 
0.978078 0.007307 0.007307 0.007307 
0.250000 0.250000 0.250000 0.250000 
 104
0.479817 0.005176 0.046210 
0.462778 0.989424 0.462022 
0.057405 0.005400 0.491768 
0.007307 0.007307 0.978078 0.007307 
0.250000 0.250000 0.250000 0.250000 
 105
0.479817 0.005176 0.046210 
0.462778 0.989424 0.462022 
0.057405 0.005400 0.491768 
0.972744 0.010411 0.008243 0.008602 
0.250000 0.250000 0.250000 0.250000 
 106
0.479817 0.005176 0.046210 
0.462778 0.989424 0.462022 
0.057405 0.005400 0.491768 
0.013771 0.971614 0.007307 0.007307 
0.250000 0.250000 0.250000 0.250000 
 107
0.479817 0.005176 0.046210 
0.462778 0.989424 0.462022 
0.057405 0.005400 0.491768 
0.007307 0.007307 0.007307 0.978078 
0.250000 0.250000 0.250000 0.250000 
 108
0.479817 0.005176 0.046210 
0.462778 0.989424 0.462022 
0.057405 0.005400 0.491768 
0.971002 0.011729 0.007307 0.009961 
0.250000 0.250000 0.250000 0.250000 
 109
0.479817 0.005176 0.046210 
0.462778 0.989424 0.462022 
0.057405 0.005400 0.491768 
0.008596 0.007307 0.971844 0.012252 
0.250000 0.250000 0.250000 0.250000 
 110
0.479817 0.005176 0.046210 
0.462778 0.989424 0.462022 
0.057405 0.005400 0.491768 
0.007307 0.007307 0.007307 0.978078 
0.250000 0.250000 0.250000 0.250000 
 111
0.479817 0.005176 0.046210 
0.462778 0.989424 0.462022 
0.057405 0.005400 0.491768 
0.975710 0.009675 0.007307 0.007307 
0.250000 0.250000 0.250000 0.250000 
 112
0.479817 0.005176 0.046210 
0.462778 0.989424 0.462022 
0.057405 0.005400 0.491768 
0.007307 0.978078 0.007307 0.007307 
0.250000 0.250000 0.250000 0.250000 
 113
0.479817 0.005176 0.046210 
0.462778 0.989424 0.462022 
0.057405 0.005400 0.491768 
0.978078 0.007307 0.007307 0.007307 
0.250000 0.250000 0.250000 0.250000 
 114
0.479817 0.005176 0.046210 
0.462778 0.989424 0.462022 
0.057405 0.005400 0.491768 
0.950028 0.035357 0.007307 0.007307 
0.250000 0.250000 0.250000 0.250000 
 115
0.479817 0.005176 0.046210 
0.462778 0.989424 0.462022 
0.057405 0.005400 0.491768 
0.977046 0.008339 0.007307 0.007307 
0.250000 0.250000 0.250000 0.250000 
 116
0.479817 0.005176 0.046210 
0.462778 0.989424 0.462022 
0.057405 0.005400 0.491768 
0.975893 0.009492 0.007307 0.007307 
0.250000 0.250000 0.250000 0.250000 
 117
0.479817 0.005176 0.046210 
0.462778 0.989424 0.462022 
0.057405 0.005400 0.491768 
0.009285 0.976100 0.007307 0.007307 
0.250000 0.250000 0.250000 0.250000 
 118
0.479817 0.005176 0.046210 
0.462778 0.989424 0.462022 
0.057405 0.005400 0.491768 
0.976293 0.009092 0.007307 0.007307 
0.250000 0.250000 0.250000 0.250000 
 119
0.479817 0.005176 0.046210 
0.462778 0.989424 0.462022 
0.057405 0.005400 0.491768 
0.978078 0.007307 0.007307 0.007307 
0.250000 0.250000 0.250000 0.250000 
 120
0.479817 0.005176 0.046210 
0.462778 0.989424 0.462022 
0.057405 0.005400 0.491768 
0.007307 0.007307 0.010981 0.974404 
0.250000 0.250000 0.250000 0.250000 
 121
0.479817 0.005176 0.046210 
0.462778 0.989424 0.462022 
0.057405 0.005400 0.491768 
0.007307 0.978078 0.007307 0.007307 
0.250000 0.250000 0.250000 0.250000 
 122
0.479817 0.005176 0.046210 
0.462778 0.989424 0.462022 
0.057405 0.005400 0.491768 
0.007307 0.007307 0.007307 0.978078 
0.250000 0.250000 0.250000 0.250000 
 123
0.479817 0.005176 0.046210 
0.462778 0.989424 0.462022 
0.057405 0.005400 0.491768 
0.974755 0.010629 0.007307 0.007307 
0.250000 0.250000 0.250000 0.250000 
 124
0.479817 0.005176 0.046210 
0.462778 0.989424 0.462022 
0.057405 0.005400 0.491768 
0.978078 0.007307 0.007307 0.007307 
0.250000 0.250000 0.250000 0.250000 
 125
0.479817 0.005176 0.046210 
0.462778 0.989424 0.462022 
0.057405 0.005400 0.491768 
0.007307 0.007307 0.978078 0.007307 
0.250000 0.250000 0.250000 0.250000 
 126
0.479817 0.005176 0.046210 
0.462778 0.989424 0.462022 
0.057405 0.005400 0.491768 
0.978078 0.007307 0.007307 0.007307 
0.250000 0.250000 0.250000 0.250000 
 127
0.479817 0.005176 0.046210 
0.462778 0.989424 0.462022 
0.057405 0.005400 0.491768 
0.007307 0.978078 0.007307 0.007307 
0.250000 0.250000 0.250000 0.250000 
 128
0.479817 0.005176 0.046210 
0.462778 0.989424 0.462022 
0.057405 0.005400 0.491768 
0.007307 0.007307 0.007307 0.978078 
0.250000 0.250000 0.250000 0.250000 
 129
0.479817 0.005176 0.046210 
0.462778 0.989424 0.462022 
0.057405 0.005400 0.491768 
0.978078 0.007307 0.007307 0.007307 
0.250000 0.250000 0.250000 0.250000 
 130
0.479817 0.005176 0.046210 
0.462778 0.989424 0.462022 
0.057405 0.005400 0.491768 
0.978078 0.007307 0.007307 0.007307 
0.250000 0.250000 0.250000 0.250000 
 131
0.479817 0.005176 0.046210 
0.462778 0.989424 0.462022 
0.057405 0.005400 0.491768 
0.007307 0.007307 0.978078 0.007307 
0.250000 0.250000 0.250000 0.250000 
 132
0.479817 0.005176 0.046210 
0.462778 0.989424 0.462022 
0.057405 0.005400 0.491768 
0.961173 0.009092 0.007307 0.022427 
0.250000 0.250000 0.250000 0.250000 
 133
0.479817 0.005176 0.046210 
0.462778 0.989424 0.462022 
0.057405 0.005400 0.491768 
0.007307 0.007307 0.978078 0.007307 
0.250000 0.250000 0.250000 0.250000 
 134
0.479817 0.005176 0.046210 
0.462778 0.989424 0.462022 
0.057405 0.005400 0.491768 
0.978078 0.007307 0.007307 0.007307 
0.250000 0.250000 0.250000 0.250000 
 135
0.479817 0.005176 0.046210 
0.462778 0.989424 0.462022 
0.057405 0.005400 0.491768 
0.007307 0.007307 0.974653 0.010732 
0.250000 0.250000 0.250000 0.250000 
 136
0.479817 0.005176 0.046210 
0.462778 0.989424 0.462022 
0.057405 0.005400 0.491768 
0.007307 0.008206 0.007307 0.977179 
0.250000 0.250000 0.250000 0.250000 
 137
0.479817 0.005176 0.046210 
0.462778 0.989424 0.462022 
0.057405 0.005400 0.491768 
0.007307 0.007307 0.978078 0.007307 
0.250000 0.250000 0.250000 0.250000 
 138
0.479817 0.005176 0.046210 
0.462778 0.989424 0.462022 
0.057405 0.005400 0.491768 
0.008087 0.008278 0.014842 0.968792 
0.250000 0.250000 0.250000 0.250000 
 139
0.479817 0.005176 0.046210 
0.462778 0.989424 0.462022 
0.057405 0.005400 0.491768 
0.009353 0.976020 0.007314 0.007314 
0.250000 0.250000 0.250000 0.250000 
 140
0.479817 0.005176 0.046210 
0.462778 0.989424 0.462022 
0.057405 0.005400 0.491768 
0.007307 0.007307 0.007307 0.978078 
0.250000 0.250000 0.250000 0.250000 
 141
0.479817 0.005176 0.046210 
0.462778 0.989424 0.462022 
0.057405 0.005400 0.491768 
0.007307 0.007307 0.014545 0.970840 
0.250000 0.250000 0.250000 0.250000 
 142
0.479817 0.005176 0.046210 
0.462778 0.989424 0.462022 
0.057405 0.005400 0.491768 
0.977137 0.008236 0.007313 0.007313 
0.250000 0.250000 0.250000 0.250000 
 143
0.479817 0.005176 0.046210 
0.462778 0.989424 0.462022 
0.057405 0.005400 0.491768 
0.978078 0.007307 0.007307 0.007307 
0.250000 0.250000 0.250000 0.250000 
 144
0.479817 0.005176 0.046210 
0.462778 0.989424 0.462022 
0.057405 0.005400 0.491768 
0.007307 0.007307 0.940949 0.044436 
0.250000 0.250000 0.250000 0.250000 
 145
0.479817 0.005176 0.046210 
0.462778 0.989424 0.462022 
0.057405 0.005400 0.491768 
0.025265 0.007307 0.960120 0.007307 
0.250000 0.250000 0.250000 0.250000 
 146
0.479817 0.005176 0.046210 
0.462778 0.989424 0.462022 
0.057405 0.005400 0.491768 
0.007307 0.007307 0.007307 0.978078 
0.250000 0.250000 0.250000 0.250000 
 147
0.479817 0.005176 0.046210 
0.462778 0.989424 0.462022 
0.057405 0.005400 0.491768 
0.007307 0.007307 0.009934 0.975451 
0.250000 0.250000 0.250000 0.250000 
 148
0.479817 0.005176 0.046210 
0.462778 0.989424 0.462022 
0.057405 0.005400 0.491768 
0.007307 0.007307 0.971883 0.013502 
0.250000 0.250000 0.250000 0.250000 
 149
0.479817 0.005176 0.046210 
0.462778 0.989424 0.462022 
0.057405 0.005400 0.491768 
0.007307 0.007307 0.007307 0.978078 
0.250000 0.250000 0.250000 0.250000 
 150
0.479817 0.005176 0.046210 
0.462778 0.989424 0.462022 
0.057405 0.005400 0.491768 
0.975784 0.007307 0.009601 0.007307 
0.250000 0.250000 0.250000 0.250000 
 151
0.479817 0.005176 0.046210 
0.462778 0.989424 0.462022 
0.057405 0.005400 0.491768 
0.007307 0.978078 0.007307 0.007307 
0.250000 0.250000 0.250000 0.250000 
 152
0.479817 0.005176 0.046210 
0.462778 0.989424 0.462022 
0.057405 0.005400 0.491768 
0.978078 0.007307 0.007307 0.007307 
0.250000 0.250000 0.250000 0.250000 
 153
0.479817 0.005176 0.046210 
0.462778 0.989424 0.462022 
0.057405 0.005400 0.491768 
0.977008 0.008377 0.007307 0.007307 
0.250000 0.250000 0.250000 0.250000 
 154
0.479817 0.005176 0.046210 
0.462778 0.989424 0.462022 
0.057405 0.005400 0.491768 
0.017638 0.967737 0.007313 0.007313 
0.250000 0.250000 0.250000 0.250000 
 155
0.479817 0.005176 0.046210 
0.462778 0.989424 0.462022 
0.057405 0.005400 0.491768 
0.976352 0.008163 0.007307 0.008177 
0.250000 0.250000 0.250000 0.250000 
 156
0.479817 0.005176 0.046210 
0.462778 0.989424 0.462022 
0.057405 0.005400 0.491768 
0.008695 0.007307 0.976690 0.007307 
0.250000 0.250000 0.250000 0.250000 
 157
0.479817 0.005176 0.046210 
0.462778 0.989424 0.462022 
0.057405 0.005400 0.491768 
0.976866 0.008519 0.007307 0.007307 
0.250000 0.250000 0.250000 0.250000 
 158
0.479817 0.005176 0.046210 
0.462778 0.989424 0.462022 
0.057405 0.005400 0.491768 
0.978078 0.007307 0.007307 0.007307 
0.250000 0.250000 0.250000 0.250000 
 159
0.479817 0.005176 0.046210 
0.462778 0.989424 0.462022 
0.057405 0.005400 0.491768 
0.023664 0.960006 0.007307 0.009022 
0.250000 0.250000 0.250000 0.250000 
 160
0.479817 0.005176 0.046210 
0.462778 0.989424 0.462022 
0.057405 0.005400 0.491768 
0.009282 0.007307 0.974867 0.008543 
0.250000 0.250000 0.250000 0.250000 
 161
0.479817 0.005176 0.046210 
0.462778 0.989424 0.462022 
0.057405 0.005400 0.491768 
0.974877 0.007307 0.010508 0.007307 
0.250000 0.250000 0.250000 0.250000 
 162
0.479817 0.005176 0.046210 
0.462778 0.989424 0.462022 
0.057405 0.005400 0.491768 
0.007307 0.007307 0.013823 0.971562 
0.250000 0.250000 0.250000 0.250000 
 163
0.479817 0.005176 0.046210 
0.462778 0.989424 0.462022 
0.057405 0.005400 0.491768 
0.943168 0.042195 0.007318 0.007318 
0.250000 0.250000 0.250000 0.250000 
 164
0.479817 0.005176 0.046210 
0.462778 0.989424 0.462022 
0.057405 0.005400 0.491768 
0.977155 0.008230 0.007307 0.007307 
0.250000 0.250000 0.250000 0.250000 
 165
0.479817 0.005176 0.046210 
0.462778 0.989424 0.462022 
0.057405 0.005400 0.491768 
0.007307 0.007307 0.913997 0.071388 
0.250000 0.250000 0.250000 0.250000 
 166
0.479817 0.005176 0.046210 
0.462778 0.989424 0.462022 
0.057405 0.005400 0.491768 
0.012874 0.972511 0.007307 0.007307 
0.250000 0.250000 0.250000 0.250000 
 167
0.479817 0.005176 0.046210 
0.462778 0.989424 0.462022 
0.057405 0.005400 0.491768 
0.014786 0.970599 0.007307 0.007307 
0.250000 0.250000 0.250000 0.250000 
 168
0.479817 0.005176 0.046210 
0.462778 0.989424 0.462022 
0.057405 0.005400 0.491768 
0.019308 0.966077 0.007307 0.007307 
0.250000 0.250000 0.250000 0.250000 
 169
0.479817 0.005176 0.046210 
0.462778 0.989424 0.462022 
0.057405 0.005400 0.491768 
0.978078 0.007307 0.007307 0.007307 
0.250000 0.250000 0.250000 0.250000 
 170
0.479817 0.005176 0.046210 
0.462778 0.989424 0.462022 
0.057405 0.005400 0.491768 
0.975500 0.009885 0.007307 0.007307 
0.250000 0.250000 0.250000 0.250000 
 171
0.479817 0.005176 0.046210 
0.462778 0.989424 0.462022 
0.057405 0.005400 0.491768 
0.974356 0.011029 0.007307 0.007307 
0.250000 0.250000 0.250000 0.250000 
 172
0.479817 0.005176 0.046210 
0.462778 0.989424 0.462022 
0.057405 0.005400 0.491768 
0.007319 0.007319 0.973060 0.012303 
0.250000 0.250000 0.250000 0.250000 
 173
0.479817 0.005176 0.046210 
0.462778 0.989424 0.462022 
0.057405 0.005400 0.491768 
0.007307 0.007307 0.007307 0.978078 
0.250000 0.250000 0.250000 0.250000 
 174
0.479817 0.005176 0.046210 
0.462778 0.989424 0.462022 
0.057405 0.005400 0.491768 
0.978078 0.007307 0.007307 0.007307 
0.250000 0.250000 0.250000 0.250000 
 175
0.479817 0.005176 0.046210 
0.462778 0.989424 0.462022 
0.057405 0.005400 0.491768 
0.007307 0.007307 0.007307 0.978078 
0.250000 0.250000 0.250000 0.250000 
 176
0.479817 0.005176 0.046210 
0.462778 0.989424 0.462022 
0.057405 0.005400 0.491768 
0.007307 0.978078 0.007307 0.007307 
0.250000 0.250000 0.250000 0.250000 
 177
0.479817 0.005176 0.046210 
0.462778 0.989424 0.462022 
0.057405 0.005400 0.491768 
0.007307 0.007307 0.976740 0.008645 
0.250000 0.250000 0.250000 0.250000 
 178
0.479817 0.005176 0.046210 
0.462778 0.989424 0.462022 
0.057405 0.005400 0.491768 
0.978078 0.007307 0.007307 0.007307 
0.250000 0.250000 0.250000 0.250000 
 179
0.479817 0.005176 0.046210 
0.462778 0.989424 0.462022 
0.057405 0.005400 0.491768 
0.974373 0.011012 0.007307 0.007307 
0.250000 0.250000 0.250000 0.250000 
 180
0.479817 0.005176 0.046210 
0.462778 0.989424 0.462022 
0.057405 0.005400 0.491768 
0.962553 0.022823 0.007312 0.007312 
0.250000 0.250000 0.250000 0.250000 
 181
0.479817 0.005176 0.046210 
0.462778 0.989424 0.462022 
0.057405 0.005400 0.491768 
0.007307 0.007307 0.974188 0.011197 
0.250000 0.250000 0.250000 0.250000 
 182
0.479817 0.005176 0.046210 
0.462778 0.989424 0.462022 
0.057405 0.005400 0.491768 
0.007307 0.007307 0.007307 0.978078 
0.250000 0.250000 0.250000 0.250000 
 183
0.479817 0.005176 0.046210 
0.462778 0.989424 0.462022 
0.057405 0.005400 0.491768 
0.970320 0.015065 0.007307 0.007307 
0.250000 0.250000 0.250000 0.250000 
 184
0.479817 0.005176 0.046210 
0.462778 0.989424 0.462022 
0.057405 0.005400 0.491768 
0.976262 0.009113 0.007313 0.007313 
0.250000 0.250000 0.250000 0.250000 
 185
0.479817 0.005176 0.046210 
0.462778 0.989424 0.462022 
0.057405 0.005400 0.491768 
0.027247 0.958138 0.007307 0.007307 
0.250000 0.250000 0.250000 0.250000 
 186
0.479817 0.005176 0.046210 
0.462778 0.989424 0.462022 
0.057405 0.005400 0.491768 
0.978052 0.007316 0.007316 0.007316 
0.250000 0.250000 0.250000 0.250000 
 187
0.479817 0.005176 0.046210 
0.462778 0.989424 0.462022 
0.057405 0.005400 0.491768 
0.007316 0.978052 0.007316 0.007316 
0.250000 0.250000 0.250000 0.250000 
 188
0.479817 0.005176 0.046210 
0.462778 0.989424 0.462022 
0.057405 0.005400 0.491768 
0.007307 0.978078 0.007307 0.007307 
0.250000 0.250000 0.250000 0.250000 
 189
0.479817 0.005176 0.046210 
0.462778 0.989424 0.462022 
0.057405 0.005400 0.491768 
0.013866 0.969655 0.007307 0.009172 
0.250000 0.250000 0.250000 0.250000 
 190
0.479817 0.005176 0.046210 
0.462778 0.989424 0.462022 
0.057405 0.005400 0.491768 
0.028712 0.956673 0.007307 0.007307 
0.250000 0.250000 0.250000 0.250000 
 191
0.479817 0.005176 0.046210 
0.462778 0.989424 0.462022 
0.057405 0.005400 0.491768 
0.007307 0.007307 0.008212 0.977173 
0.250000 0.250000 0.250000 0.250000 
 192
0.479817 0.005176 0.046210 
0.462778 0.989424 0.462022 
0.057405 0.005400 0.491768 
0.978078 0.007307 0.007307 0.007307 
0.250000 0.250000 0.250000 0.250000 
 193
0.479817 0.005176 0.046210 
0.462778 0.989424 0.462022 
0.057405 0.005400 0.491768 
0.014041 0.970122 0.008530 0.007307 
0.250000 0.250000 0.250000 0.250000 
 194
0.479817 0.005176 0.046210 
0.462778 0.989424 0.462022 
0.057405 0.005400 0.491768 
0.008674 0.007307 0.975295 0.008724 
0.250000 0.250000 0.250000 0.250000 
 195
0.479817 0.005176 0.046210 
0.462778 0.989424 0.462022 
0.057405 0.005400 0.491768 
0.007307 0.007307 0.975942 0.009443 
0.250000 0.250000 0.250000 0.250000 
 196
0.479817 0.005176 0.046210 
0.462778 0.989424 0.462022 
0.057405 0.005400 0.491768 
0.007307 0.007307 0.978078 0.007307 
0.250000 0.250000 0.250000 0.250000 
 197
0.479817 0.005176 0.046210 
0.462778 0.989424 0.462022 
0.057405 0.005400 0.491768 
0.007307 0.007307 0.977179 0.008206 
0.250000 0.250000 0.250000 0.250000 
 198
0.479817 0.005176 0.046210 
0.462778 0.989424 0.462022 
0.057405 0.005400 0.491768 
0.972472 0.011636 0.007307 0.008585 
0.250000 0.250000 0.250000 0.250000 
 199
0.479817 0.005176 0.046210 
0.462778 0.989424 0.462022 
0.057405 0.005400 0.491768 
0.007312 0.007312 0.010680 0.974696 
0.250000 0.250000 0.250000 0.250000 
 200
0.479817 0.005176 0.046210 
0.462778 0.989424 0.462022 
0.057405 0.005400 0.491768 
0.007307 0.007307 0.007307 0.978078 
0.250000 0.250000 0.250000 0.250000 
 201
0.479817 0.005176 0.046210 
0.462778 0.989424 0.462022 
0.057405 0.005400 0.491768 
0.013950 0.971435 0.007307 0.007307 
0.250000 0.250000 0.250000 0.250000 
 202
0.479817 0.005176 0.046210 
0.462778 0.989424 0.462022 
0.057405 0.005400 0.491768 
0.007307 0.007307 0.978078 0.007307 
0.250000 0.250000 0.250000 0.250000 
 203
0.479817 0.005176 0.046210 
0.462778 0.989424 0.462022 
0.057405 0.005400 0.491768 
0.978078 0.007307 0.007307 0.007307 
0.250000 0.250000 0.250000 0.250000 
 204
0.479817 0.005176 0.046210 
0.462778 0.989424 0.462022 
0.057405 0.005400 0.491768 
0.007307 0.007307 0.008940 0.976445 
0.250000 0.250000 0.250000 0.250000 
 205
0.479817 0.005176 0.046210 
0.462778 0.989424 0.462022 
0.057405 0.005400 0.491768 
0.007307 0.007307 0.009734 0.975651 
0.250000 0.250000 0.250000 0.250000 
 206
0.479817 0.005176 0.046210 
0.462778 0.989424 0.462022 
0.057405 0.005400 0.491768 
0.007307 0.007307 0.007307 0.978078 
0.250000 0.250000 0.250000 0.250000 
 207
0.479817 0.005176 0.046210 
0.462778 0.989424 0.462022 
0.057405 0.005400 0.491768 
0.035641 0.949744 0.007307 0.007307 
0.250000 0.250000 0.250000 0.250000 
 208
0.479817 0.005176 0.046210 
0.462778 0.989424 0.462022 
0.057405 0.005400 0.491768 
0.007307 0.978078 0.007307 0.007307 
0.250000 0.250000 0.250000 0.250000 
 209
0.479817 0.005176 0.046210 
0.462778 0.989424 0.462022 
0.057405 0.005400 0.491768 
0.008333 0.977052 0.007307 0.007307 
0.250000 0.250000 0.250000 0.250000 
 210
0.479817 0.005176 0.046210 
0.462778 0.989424 0.462022 
0.057405 0.005400 0.491768 
0.007307 0.007307 0.024000 0.961385 
0.250000 0.250000 0.250000 0.250000 
 211
0.479817 0.005176 0.046210 
0.462778 0.989424 0.462022 
0.057405 0.005400 0.491768 
0.975732 0.009653 0.007307 0.007307 
0.250000 0.250000 0.250000 0.250000 
 212
0.479817 0.005176 0.046210 
0.462778 0.989424 0.462022 
0.057405 0.005400 0.491768 
0.978058 0.007314 0.007314 0.007314 
0.250000 0.250000 0.250000 0.250000 
 213
0.479817 0.005176 0.046210 
0.462778 0.989424 0.462022 
0.057405 0.005400 0.491768 
0.976243 0.007307 0.009142 0.007307 
0.250000 0.250000 0.250000 0.250000 
 214
0.479817 0.005176 0.046210 
0.462778 0.989424 0.462022 
0.057405 0.005400 0.491768 
0.007307 0.007307 0.007307 0.978078 
0.250000 0.250000 0.250000 0.250000 
 215
0.479817 0.005176 0.046210 
0.462778 0.989424 0.462022 
0.057405 0.005400 0.491768 
0.007307 0.978078 0.007307 0.007307 
0.250000 0.250000 0.250000 0.250000 
 216
0.479817 0.005176 0.046210 
0.462778 0.989424 0.462022 
0.057405 0.005400 0.491768 
0.007307 0.007307 0.012725 0.972660 
0.250000 0.250000 0.250000 0.250000 
 217
0.479817 0.005176 0.046210 
0.462778 0.989424 0.462022 
0.057405 0.005400 0.491768 
0.975587 0.009798 0.007307 0.007307 
0.250000 0.250000 0.250000 0.250000 
 218
0.479817 0.005176 0.046210 
0.462778 0.989424 0.462022 
0.057405 0.005400 0.491768 
0.949922 0.033644 0.009127 0.007307 
0.250000 0.250000 0.250000 0.250000 
 219
0.479817 0.005176 0.046210 
0.462778 0.989424 0.462022 
0.057405 0.005400 0.491768 
0.007307 0.007307 0.976929 0.008456 
0.250000 0.250000 0.250000 0.250000 
 220
0.479817 0.005176 0.046210 
0.462778 0.989424 0.462022 
0.057405 0.005400 0.491768 
0.978078 0.007307 0.007307 0.007307 
0.250000 0.250000 0.250000 0.250000 
 221
0.479817 0.005176 0.046210 
0.462778 0.989424 0.462022 
0.057405 0.005400 0.491768 
0.007307 0.007307 0.007307 0.978078 
0.250000 0.250000 0.250000 0.250000 
 222
0.479817 0.005176 0.046210 
0.462778 0.989424 0.462022 
0.057405 0.005400 0.491768 
0.012023 0.007307 0.010493 0.970176 
0.250000 0.250000 0.250000 0.250000 
 223
0.479817 0.005176 0.046210 
0.462778 0.989424 0.462022 
0.057405 0.005400 0.491768 
0.007307 0.978078 0.007307 0.007307 
0.250000 0.250000 0.250000 0.250000 
 224
0.479817 0.005176 0.046210 
0.462778 0.989424 0.462022 
0.057405 0.005400 0.491768 
0.007307 0.007307 0.978078 0.007307 
0.250000 0.250000 0.250000 0.250000 
 225
0.479817 0.005176 0.046210 
0.462778 0.989424 0.462022 
0.057405 0.005400 0.491768 
0.008944 0.027553 0.008314 0.955190 
0.250000 0.250000 0.250000 0.250000 
 226
0.479817 0.005176 0.046210 
0.462778 0.989424 0.462022 
0.057405 0.005400 0.491768 
0.007307 0.978078 0.007307 0.007307 
0.250000 0.250000 0.250000 0.250000 
 227
0.479817 0.005176 0.046210 
0.462778 0.989424 0.462022 
0.057405 0.005400 0.491768 
0.007307 0.978078 0.007307 0.007307 
0.250000 0.250000 0.250000 0.250000 
 228
0.479817 0.005176 0.046210 
0.462778 0.989424 0.462022 
0.057405 0.005400 0.491768 
0.010937 0.007307 0.973480 0.008275 
0.250000 0.250000 0.250000 0.250000 
 229
0.479817 0.005176 0.046210 
0.462778 0.989424 0.462022 
0.057405 0.005400 0.491768 
0.007307 0.007307 0.007307 0.978078 
0.250000 0.250000 0.250000 0.250000 
 230
0.479817 0.005176 0.046210 
0.462778 0.989424 0.462022 
0.057405 0.005400 0.491768 
0.007307 0.978078 0.007307 0.007307 
0.250000 0.250000 0.250000 0.250000 
 231
0.479817 0.005176 0.046210 
0.462778 0.989424 0.462022 
0.057405 0.005400 0.491768 
0.007307 0.978078 0.007307 0.007307 
0.250000 0.250000 0.250000 0.250000 
 232
0.479817 0.005176 0.046210 
0.462778 0.989424 0.462022 
0.057405 0.005400 0.491768 
0.976839 0.008546 0.007307 0.007307 
0.250000 0.250000 0.250000 0.250000 
 233
0.479817 0.005176 0.046210 
0.462778 0.989424 0.462022 
0.057405 0.005400 0.491768 
0.007307 0.007307 0.007307 0.978078 
0.250000 0.250000 0.250000 0.250000 
 234
0.479817 0.005176 0.046210 
0.462778 0.989424 0.462022 
0.057405 0.005400 0.491768 
0.008382 0.007307 0.973946 0.010364 
0.250000 0.250000 0.250000 0.250000 
 235
0.479817 0.005176 0.046210 
