%  SAM: /scicomp/home/yfa9/CDC_projects/Mol_genetic_analysis/Nomenclature/H1_Nomenclature/All_plus_Ref_v5/v_2/label/LABEL_RES/scripts/modelfromalign_Linux v3.5 (July 15, 2005) compiled 12/08/06_16:15:55
%  (c) 1992-2001 Regents of the University of California, Santa Cruz
%
%          Sequence Alignment and Modeling Software System
%         http://www.cse.ucsc.edu/research/compbio/sam.html
%
% ----------------- Citations (SAM, SAM-T2K, HMMs) --------------------
% R. Hughey, A. Krogh, Hidden Markov models for sequence analysis:
%  Extension and analysis of the basic method, CABIOS 12:95-107, 1996.
% K. Karplus, et al., What is the value added by human intervention in protein
%  structure prediction, Proteins: Stucture, Function, Genetics 45(S5):86--91, 2001.
% A. Krogh et al., Hidden Markov models in computational biology:
%  Applications to protein modeling, JMB 235:1501-1531, Feb 1994.
% ---------------------------------------------------------------------
%  c-6C-6B-6B1-6B2_hmm   Host: node8.aspen.biotech.cdc.gov    Tue Jun 28 08:10:48 2016
%  yfa9                  Dir:  /scicomp/home/yfa9/CDC_projects/Mol_genetic_analysis/Nomenclature/H1_Nomenclature/All_plus_Ref_v5/v_2/Step4/From_Clustering_v2/H1Pdm009_v1
% ---------------------------------------------------------------------
%  Alignment weights from internal calc.  Total (76.67) Max (0.14) Min (0.01)
%  Weights from alignment method 1 (karplus), b=-1.000000, e=0.500000
MODEL --  Model from alignment file /scicomp/home/yfa9/CDC_projects/Mol_genetic_analysis/Nomenclature/H1_Nomenclature/All_plus_Ref_v5/v_2/label/LABEL_RES/training_data/H1v2016_1/c-6C-6B-6B1-6B2.fasta
alphabet DNA
FREQAVE
0.000000 0.000000 0.000000 
0.000000 0.000000 0.000000 
0.000000 0.000000 0.000000 
0.353180 0.221097 0.188020 0.237703 
0.353180 0.221097 0.188020 0.237703 
Begin
0.000000 0.000000 0.000000 
0.000000 0.000000 0.000000 
0.000000 0.002869 0.491768 
0.250000 0.250000 0.250000 0.250000 
0.250000 0.250000 0.250000 0.250000 
   1
0.000000 0.004102 0.046210 
0.000000 0.993029 0.462022 
0.055632 0.002873 0.491768 
0.990328 0.003224 0.003224 0.003224 
0.250000 0.250000 0.250000 0.250000 
   2
0.495889 0.002754 0.046210 
0.448479 0.994374 0.462022 
0.055632 0.002873 0.491768 
0.003224 0.003224 0.003224 0.990328 
0.250000 0.250000 0.250000 0.250000 
   3
0.495889 0.002754 0.046210 
0.448479 0.994374 0.462022 
0.055632 0.002873 0.491768 
0.003224 0.990328 0.003224 0.003224 
0.250000 0.250000 0.250000 0.250000 
   4
0.495889 0.002754 0.046210 
0.448479 0.994374 0.462022 
0.055632 0.002873 0.491768 
0.986791 0.006281 0.003704 0.003224 
0.250000 0.250000 0.250000 0.250000 
   5
0.491516 0.002754 0.046210 
0.452852 0.994374 0.462022 
0.055876 0.002872 0.491768 
0.989651 0.003516 0.003223 0.003609 
0.250000 0.250000 0.250000 0.250000 
   6
0.480581 0.002753 0.046210 
0.463544 0.994375 0.462022 
0.056617 0.002870 0.491768 
0.004745 0.988472 0.003222 0.003562 
0.250000 0.250000 0.250000 0.250000 
   7
0.480058 0.002752 0.046210 
0.463325 0.994378 0.462022 
0.057011 0.002870 0.491768 
0.005200 0.988360 0.003220 0.003220 
0.250000 0.250000 0.250000 0.250000 
   8
0.479205 0.002751 0.046210 
0.463785 0.994380 0.462022 
0.057250 0.002869 0.491768 
0.003754 0.004597 0.986521 0.005128 
0.250000 0.250000 0.250000 0.250000 
   9
0.481220 0.002750 0.046210 
0.461530 0.994381 0.462022 
0.057250 0.002869 0.491768 
0.988964 0.003219 0.004597 0.003219 
0.250000 0.250000 0.250000 0.250000 
  10
0.481220 0.002750 0.046210 
0.461530 0.994381 0.462022 
0.057250 0.002869 0.491768 
0.988465 0.004139 0.003220 0.004176 
0.250000 0.250000 0.250000 0.250000 
  11
0.481220 0.002750 0.046210 
0.461530 0.994381 0.462022 
0.057250 0.002869 0.491768 
0.003220 0.003570 0.015939 0.977272 
0.250000 0.250000 0.250000 0.250000 
  12
0.481220 0.002750 0.046210 
0.461530 0.994381 0.462022 
0.057250 0.002869 0.491768 
0.989099 0.003537 0.004143 0.003220 
0.250000 0.250000 0.250000 0.250000 
  13
0.481220 0.002750 0.046210 
0.461530 0.994381 0.462022 
0.057250 0.002869 0.491768 
0.003680 0.003746 0.988117 0.004457 
0.250000 0.250000 0.250000 0.250000 
  14
0.481220 0.002750 0.046210 
0.461530 0.994381 0.462022 
0.057250 0.002869 0.491768 
0.003219 0.003219 0.003219 0.990342 
0.250000 0.250000 0.250000 0.250000 
  15
0.481220 0.002750 0.046210 
0.461530 0.994381 0.462022 
0.057250 0.002869 0.491768 
0.989410 0.004151 0.003219 0.003219 
0.250000 0.250000 0.250000 0.250000 
  16
0.481220 0.002750 0.046210 
0.461530 0.994381 0.462022 
0.057250 0.002869 0.491768 
0.006853 0.986402 0.003219 0.003526 
0.250000 0.250000 0.250000 0.250000 
  17
0.481220 0.002750 0.046210 
0.461530 0.994381 0.462022 
0.057250 0.002869 0.491768 
0.003220 0.003220 0.016766 0.976795 
0.250000 0.250000 0.250000 0.250000 
  18
0.481220 0.002750 0.046210 
0.461530 0.994381 0.462022 
0.057250 0.002869 0.491768 
0.989690 0.003872 0.003219 0.003219 
0.250000 0.250000 0.250000 0.250000 
  19
0.481220 0.002750 0.046210 
0.461530 0.994381 0.462022 
0.057250 0.002869 0.491768 
0.007047 0.984511 0.003219 0.005223 
0.250000 0.250000 0.250000 0.250000 
  20
0.481220 0.002750 0.046210 
0.461530 0.994381 0.462022 
0.057250 0.002869 0.491768 
0.003219 0.004183 0.003219 0.989379 
0.250000 0.250000 0.250000 0.250000 
  21
0.481220 0.002750 0.046210 
0.461530 0.994381 0.462022 
0.057250 0.002869 0.491768 
0.004867 0.003220 0.006373 0.985540 
0.250000 0.250000 0.250000 0.250000 
  22
0.481220 0.002750 0.046210 
0.461530 0.994381 0.462022 
0.057250 0.002869 0.491768 
0.004798 0.003224 0.987686 0.004292 
0.250000 0.250000 0.250000 0.250000 
  23
0.481220 0.002750 0.046210 
0.461530 0.994381 0.462022 
0.057250 0.002869 0.491768 
0.003219 0.003219 0.003219 0.990342 
0.250000 0.250000 0.250000 0.250000 
  24
0.481220 0.002750 0.046210 
0.461530 0.994381 0.462022 
0.057250 0.002869 0.491768 
0.007383 0.986179 0.003219 0.003219 
0.250000 0.250000 0.250000 0.250000 
  25
0.481220 0.002750 0.046210 
0.461530 0.994381 0.462022 
0.057250 0.002869 0.491768 
0.003515 0.003219 0.988556 0.004710 
0.250000 0.250000 0.250000 0.250000 
  26
0.481220 0.002750 0.046210 
0.461530 0.994381 0.462022 
0.057250 0.002869 0.491768 
0.003219 0.003219 0.003868 0.989693 
0.250000 0.250000 0.250000 0.250000 
  27
0.481220 0.002750 0.046210 
0.461530 0.994381 0.462022 
0.057250 0.002869 0.491768 
0.988641 0.004239 0.003900 0.003219 
0.250000 0.250000 0.250000 0.250000 
  28
0.481220 0.002750 0.046210 
0.461530 0.994381 0.462022 
0.057250 0.002869 0.491768 
0.003633 0.003219 0.010173 0.982975 
0.250000 0.250000 0.250000 0.250000 
  29
0.481220 0.002750 0.046210 
0.461530 0.994381 0.462022 
0.057250 0.002869 0.491768 
0.987733 0.005530 0.003219 0.003518 
0.250000 0.250000 0.250000 0.250000 
  30
0.481220 0.002750 0.046210 
0.461530 0.994381 0.462022 
0.057250 0.002869 0.491768 
0.003220 0.003220 0.446833 0.546727 
0.250000 0.250000 0.250000 0.250000 
  31
0.481220 0.002750 0.046210 
0.461530 0.994381 0.462022 
0.057250 0.002869 0.491768 
0.989493 0.003219 0.004068 0.003219 
0.250000 0.250000 0.250000 0.250000 
  32
0.481220 0.002750 0.046210 
0.461530 0.994381 0.462022 
0.057250 0.002869 0.491768 
0.003219 0.003219 0.988013 0.005548 
0.250000 0.250000 0.250000 0.250000 
  33
0.481220 0.002750 0.046210 
0.461530 0.994381 0.462022 
0.057250 0.002869 0.491768 
0.989497 0.003621 0.003663 0.003219 
0.250000 0.250000 0.250000 0.250000 
  34
0.481220 0.002750 0.046210 
0.461530 0.994381 0.462022 
0.057250 0.002869 0.491768 
0.004344 0.003758 0.023852 0.968046 
0.250000 0.250000 0.250000 0.250000 
  35
0.481220 0.002750 0.046210 
0.461530 0.994381 0.462022 
0.057250 0.002869 0.491768 
0.005224 0.004628 0.004078 0.986070 
0.250000 0.250000 0.250000 0.250000 
  36
0.481220 0.002750 0.046210 
0.461530 0.994381 0.462022 
0.057250 0.002869 0.491768 
0.004028 0.003219 0.007978 0.984774 
0.250000 0.250000 0.250000 0.250000 
  37
0.481220 0.002750 0.046210 
0.461530 0.994381 0.462022 
0.057250 0.002869 0.491768 
0.309467 0.683801 0.003219 0.003513 
0.250000 0.250000 0.250000 0.250000 
  38
0.481220 0.002750 0.046210 
0.461530 0.994381 0.462022 
0.057250 0.002869 0.491768 
0.003701 0.003535 0.988605 0.004160 
0.250000 0.250000 0.250000 0.250000 
  39
0.481220 0.002750 0.046210 
0.461530 0.994381 0.462022 
0.057250 0.002869 0.491768 
0.987002 0.003679 0.005743 0.003576 
0.250000 0.250000 0.250000 0.250000 
  40
0.481220 0.002750 0.046210 
0.461530 0.994381 0.462022 
0.057250 0.002869 0.491768 
0.986976 0.006226 0.003579 0.003219 
0.250000 0.250000 0.250000 0.250000 
  41
0.481220 0.002750 0.046210 
0.461530 0.994381 0.462022 
0.057250 0.002869 0.491768 
0.003894 0.003220 0.987671 0.005214 
0.250000 0.250000 0.250000 0.250000 
  42
0.481220 0.002750 0.046210 
0.461530 0.994381 0.462022 
0.057250 0.002869 0.491768 
0.005556 0.003220 0.975481 0.015743 
0.250000 0.250000 0.250000 0.250000 
  43
0.481220 0.002750 0.046210 
0.461530 0.994381 0.462022 
0.057250 0.002869 0.491768 
0.019768 0.973792 0.003220 0.003220 
0.250000 0.250000 0.250000 0.250000 
  44
0.481220 0.002750 0.046210 
0.461530 0.994381 0.462022 
0.057250 0.002869 0.491768 
0.003220 0.003220 0.989620 0.003941 
0.250000 0.250000 0.250000 0.250000 
  45
0.481220 0.002750 0.046210 
0.461530 0.994381 0.462022 
0.057250 0.002869 0.491768 
0.988557 0.004305 0.003546 0.003592 
0.250000 0.250000 0.250000 0.250000 
  46
0.481220 0.002750 0.046210 
0.461530 0.994381 0.462022 
0.057250 0.002869 0.491768 
0.988230 0.005331 0.003220 0.003220 
0.250000 0.250000 0.250000 0.250000 
  47
0.481220 0.002750 0.046210 
0.461530 0.994381 0.462022 
0.057250 0.002869 0.491768 
0.981270 0.007211 0.008299 0.003220 
0.250000 0.250000 0.250000 0.250000 
  48
0.481220 0.002750 0.046210 
0.461530 0.994381 0.462022 
0.057250 0.002869 0.491768 
0.004787 0.003220 0.004295 0.987699 
0.250000 0.250000 0.250000 0.250000 
  49
0.481220 0.002750 0.046210 
0.461530 0.994381 0.462022 
0.057250 0.002869 0.491768 
0.004904 0.988029 0.003220 0.003847 
0.250000 0.250000 0.250000 0.250000 
  50
0.481220 0.002750 0.046210 
0.461530 0.994381 0.462022 
0.057250 0.002869 0.491768 
0.003219 0.003219 0.990342 0.003219 
0.250000 0.250000 0.250000 0.250000 
  51
0.481220 0.002750 0.046210 
0.461530 0.994381 0.462022 
0.057250 0.002869 0.491768 
0.986305 0.004582 0.003220 0.005893 
0.250000 0.250000 0.250000 0.250000 
  52
0.478523 0.002750 0.046210 
0.464226 0.994381 0.462022 
0.057405 0.002869 0.491768 
0.003220 0.990341 0.003220 0.003220 
0.250000 0.250000 0.250000 0.250000 
  53
0.479817 0.002750 0.046210 
0.462778 0.994381 0.462022 
0.057405 0.002869 0.491768 
0.990343 0.003219 0.003219 0.003219 
0.250000 0.250000 0.250000 0.250000 
  54
0.479817 0.002750 0.046210 
0.462778 0.994381 0.462022 
0.057405 0.002869 0.491768 
0.003219 0.003219 0.988437 0.005124 
0.250000 0.250000 0.250000 0.250000 
  55
0.479817 0.002750 0.046210 
0.462778 0.994381 0.462022 
0.057405 0.002869 0.491768 
0.989490 0.003219 0.004073 0.003219 
0.250000 0.250000 0.250000 0.250000 
  56
0.479817 0.002750 0.046210 
0.462778 0.994381 0.462022 
0.057405 0.002869 0.491768 
0.003932 0.003219 0.988990 0.003859 
0.250000 0.250000 0.250000 0.250000 
  57
0.479817 0.002750 0.046210 
0.462778 0.994381 0.462022 
0.057405 0.002869 0.491768 
0.953059 0.005010 0.003883 0.038047 
0.250000 0.250000 0.250000 0.250000 
  58
0.479817 0.002750 0.046210 
0.462778 0.994381 0.462022 
0.057405 0.002869 0.491768 
0.003821 0.003219 0.005167 0.987793 
0.250000 0.250000 0.250000 0.250000 
  59
0.479817 0.002750 0.046210 
0.462778 0.994381 0.462022 
0.057405 0.002869 0.491768 
0.003219 0.003219 0.003219 0.990344 
0.250000 0.250000 0.250000 0.250000 
  60
0.479817 0.002750 0.046210 
0.462778 0.994381 0.462022 
0.057405 0.002869 0.491768 
0.988727 0.004835 0.003219 0.003219 
0.250000 0.250000 0.250000 0.250000 
  61
0.479817 0.002750 0.046210 
0.462778 0.994381 0.462022 
0.057405 0.002869 0.491768 
0.003620 0.003219 0.003219 0.989942 
0.250000 0.250000 0.250000 0.250000 
  62
0.479817 0.002750 0.046210 
0.462778 0.994381 0.462022 
0.057405 0.002869 0.491768 
0.003219 0.990344 0.003219 0.003219 
0.250000 0.250000 0.250000 0.250000 
  63
0.479817 0.002750 0.046210 
0.462778 0.994381 0.462022 
0.057405 0.002869 0.491768 
0.003219 0.003219 0.007576 0.985985 
0.250000 0.250000 0.250000 0.250000 
  64
0.479817 0.002750 0.046210 
0.462778 0.994381 0.462022 
0.057405 0.002869 0.491768 
0.989026 0.004536 0.003219 0.003219 
0.250000 0.250000 0.250000 0.250000 
  65
0.479817 0.002750 0.046210 
0.462778 0.994381 0.462022 
0.057405 0.002869 0.491768 
0.003219 0.003219 0.003612 0.989950 
0.250000 0.250000 0.250000 0.250000 
  66
0.479817 0.002750 0.046210 
0.462778 0.994381 0.462022 
0.057405 0.002869 0.491768 
0.989925 0.003221 0.003633 0.003221 
0.250000 0.250000 0.250000 0.250000 
  67
0.479817 0.002750 0.046210 
0.462778 0.994381 0.462022 
0.057405 0.002869 0.491768 
0.003967 0.989589 0.003222 0.003222 
0.250000 0.250000 0.250000 0.250000 
  68
0.479817 0.002750 0.046210 
0.462778 0.994381 0.462022 
0.057405 0.002869 0.491768 
0.003219 0.990344 0.003219 0.003219 
0.250000 0.250000 0.250000 0.250000 
  69
0.479817 0.002750 0.046210 
0.462778 0.994381 0.462022 
0.057405 0.002869 0.491768 
0.003219 0.004716 0.003850 0.988215 
0.250000 0.250000 0.250000 0.250000 
  70
0.479817 0.002750 0.046210 
0.462778 0.994381 0.462022 
0.057405 0.002869 0.491768 
0.003223 0.003223 0.003618 0.989937 
0.250000 0.250000 0.250000 0.250000 
  71
0.479817 0.002750 0.046210 
0.462778 0.994381 0.462022 
0.057405 0.002869 0.491768 
0.990344 0.003219 0.003219 0.003219 
0.250000 0.250000 0.250000 0.250000 
  72
0.479817 0.002750 0.046210 
0.462778 0.994381 0.462022 
0.057405 0.002869 0.491768 
0.003219 0.003219 0.005064 0.988497 
0.250000 0.250000 0.250000 0.250000 
  73
0.479817 0.002750 0.046210 
0.462778 0.994381 0.462022 
0.057405 0.002869 0.491768 
0.003219 0.003219 0.990344 0.003219 
0.250000 0.250000 0.250000 0.250000 
  74
0.479817 0.002750 0.046210 
0.462778 0.994381 0.462022 
0.057405 0.002869 0.491768 
0.990344 0.003219 0.003219 0.003219 
0.250000 0.250000 0.250000 0.250000 
  75
0.479817 0.002750 0.046210 
0.462778 0.994381 0.462022 
0.057405 0.002869 0.491768 
0.003219 0.003219 0.004732 0.988831 
0.250000 0.250000 0.250000 0.250000 
  76
0.479817 0.002750 0.046210 
0.462778 0.994381 0.462022 
0.057405 0.002869 0.491768 
0.003716 0.989840 0.003222 0.003222 
0.250000 0.250000 0.250000 0.250000 
  77
0.479817 0.002750 0.046210 
0.462778 0.994381 0.462022 
0.057405 0.002869 0.491768 
0.003221 0.003221 0.990336 0.003221 
0.250000 0.250000 0.250000 0.250000 
  78
0.479817 0.002750 0.046210 
0.462778 0.994381 0.462022 
0.057405 0.002869 0.491768 
0.020280 0.972234 0.003219 0.004267 
0.250000 0.250000 0.250000 0.250000 
  79
0.479817 0.002750 0.046210 
0.462778 0.994381 0.462022 
0.057405 0.002869 0.491768 
0.990344 0.003219 0.003219 0.003219 
0.250000 0.250000 0.250000 0.250000 
  80
0.479817 0.002750 0.046210 
0.462778 0.994381 0.462022 
0.057405 0.002869 0.491768 
0.990341 0.003220 0.003220 0.003220 
0.250000 0.250000 0.250000 0.250000 
  81
0.479817 0.002750 0.046210 
0.462778 0.994381 0.462022 
0.057405 0.002869 0.491768 
0.003219 0.003219 0.989072 0.004491 
0.250000 0.250000 0.250000 0.250000 
  82
0.479817 0.002750 0.046210 
0.462778 0.994381 0.462022 
0.057405 0.002869 0.491768 
0.989780 0.003781 0.003220 0.003220 
0.250000 0.250000 0.250000 0.250000 
  83
0.479817 0.002750 0.046210 
0.462778 0.994381 0.462022 
0.057405 0.002869 0.491768 
0.990344 0.003219 0.003219 0.003219 
0.250000 0.250000 0.250000 0.250000 
  84
0.479817 0.002750 0.046210 
0.462778 0.994381 0.462022 
0.057405 0.002869 0.491768 
0.003219 0.003219 0.005439 0.988123 
0.250000 0.250000 0.250000 0.250000 
  85
0.479817 0.002750 0.046210 
0.462778 0.994381 0.462022 
0.057405 0.002869 0.491768 
0.003816 0.003219 0.003219 0.989746 
0.250000 0.250000 0.250000 0.250000 
  86
0.479817 0.002750 0.046210 
0.462778 0.994381 0.462022 
0.057405 0.002869 0.491768 
0.003219 0.003219 0.990342 0.003219 
0.250000 0.250000 0.250000 0.250000 
  87
0.479817 0.002750 0.046210 
0.462778 0.994381 0.462022 
0.057405 0.002869 0.491768 
0.989633 0.003928 0.003219 0.003219 
0.250000 0.250000 0.250000 0.250000 
  88
0.479817 0.002750 0.046210 
0.462778 0.994381 0.462022 
0.057405 0.002869 0.491768 
0.989895 0.003667 0.003219 0.003219 
0.250000 0.250000 0.250000 0.250000 
  89
0.479817 0.002750 0.046210 
0.462778 0.994381 0.462022 
0.057405 0.002869 0.491768 
0.003219 0.003219 0.990342 0.003219 
0.250000 0.250000 0.250000 0.250000 
  90
0.479817 0.002750 0.046210 
0.462778 0.994381 0.462022 
0.057405 0.002869 0.491768 
0.973052 0.017672 0.004974 0.004302 
0.250000 0.250000 0.250000 0.250000 
  91
0.479817 0.002750 0.046210 
0.462778 0.994381 0.462022 
0.057405 0.002869 0.491768 
0.003611 0.989951 0.003219 0.003219 
0.250000 0.250000 0.250000 0.250000 
  92
0.479817 0.002750 0.046210 
0.462778 0.994381 0.462022 
0.057405 0.002869 0.491768 
0.990342 0.003219 0.003219 0.003219 
0.250000 0.250000 0.250000 0.250000 
  93
0.479817 0.002750 0.046210 
0.462778 0.994381 0.462022 
0.057405 0.002869 0.491768 
0.003519 0.003219 0.944866 0.048397 
0.250000 0.250000 0.250000 0.250000 
  94
0.479817 0.002750 0.046210 
0.462778 0.994381 0.462022 
0.057405 0.002869 0.491768 
0.986926 0.003536 0.003219 0.006319 
0.250000 0.250000 0.250000 0.250000 
  95
0.479817 0.002750 0.046210 
0.462778 0.994381 0.462022 
0.057405 0.002869 0.491768 
0.003600 0.003221 0.988209 0.004971 
0.250000 0.250000 0.250000 0.250000 
  96
0.479817 0.002750 0.046210 
0.462778 0.994381 0.462022 
0.057405 0.002869 0.491768 
0.003917 0.003219 0.007121 0.985743 
0.250000 0.250000 0.250000 0.250000 
  97
0.479817 0.002750 0.046210 
0.462778 0.994381 0.462022 
0.057405 0.002869 0.491768 
0.004191 0.989371 0.003219 0.003219 
0.250000 0.250000 0.250000 0.250000 
  98
0.479817 0.002750 0.046210 
0.462778 0.994381 0.462022 
0.057405 0.002869 0.491768 
0.003219 0.003219 0.003219 0.990343 
0.250000 0.250000 0.250000 0.250000 
  99
0.479817 0.002750 0.046210 
0.462778 0.994381 0.462022 
0.057405 0.002869 0.491768 
0.983407 0.006435 0.003825 0.006333 
0.250000 0.250000 0.250000 0.250000 
 100
0.479817 0.002750 0.046210 
0.462778 0.994381 0.462022 
0.057405 0.002869 0.491768 
0.003751 0.988813 0.003220 0.004217 
0.250000 0.250000 0.250000 0.250000 
 101
0.479817 0.002750 0.046210 
0.462778 0.994381 0.462022 
0.057405 0.002869 0.491768 
0.989924 0.003219 0.003638 0.003219 
0.250000 0.250000 0.250000 0.250000 
 102
0.479817 0.002750 0.046210 
0.462778 0.994381 0.462022 
0.057405 0.002869 0.491768 
0.003220 0.003220 0.986890 0.006669 
0.250000 0.250000 0.250000 0.250000 
 103
0.479817 0.002750 0.046210 
0.462778 0.994381 0.462022 
0.057405 0.002869 0.491768 
0.990342 0.003219 0.003219 0.003219 
0.250000 0.250000 0.250000 0.250000 
 104
0.479817 0.002750 0.046210 
0.462778 0.994381 0.462022 
0.057405 0.002869 0.491768 
0.003219 0.003219 0.990343 0.003219 
0.250000 0.250000 0.250000 0.250000 
 105
0.479817 0.002750 0.046210 
0.462778 0.994381 0.462022 
0.057405 0.002869 0.491768 
0.989291 0.003794 0.003696 0.003219 
0.250000 0.250000 0.250000 0.250000 
 106
0.479817 0.002750 0.046210 
0.462778 0.994381 0.462022 
0.057405 0.002869 0.491768 
0.007050 0.985101 0.003221 0.004629 
0.250000 0.250000 0.250000 0.250000 
 107
0.479817 0.002750 0.046210 
0.462778 0.994381 0.462022 
0.057405 0.002869 0.491768 
0.003219 0.003219 0.003219 0.990344 
0.250000 0.250000 0.250000 0.250000 
 108
0.479817 0.002750 0.046210 
0.462778 0.994381 0.462022 
0.057405 0.002869 0.491768 
0.962676 0.030886 0.003219 0.003219 
0.250000 0.250000 0.250000 0.250000 
 109
0.479817 0.002750 0.046210 
0.462778 0.994381 0.462022 
0.057405 0.002869 0.491768 
0.003219 0.004216 0.986838 0.005727 
0.250000 0.250000 0.250000 0.250000 
 110
0.479817 0.002750 0.046210 
0.462778 0.994381 0.462022 
0.057405 0.002869 0.491768 
0.003219 0.003219 0.003219 0.990344 
0.250000 0.250000 0.250000 0.250000 
 111
0.479817 0.002750 0.046210 
0.462778 0.994381 0.462022 
0.057405 0.002869 0.491768 
0.987802 0.005100 0.003219 0.003880 
0.250000 0.250000 0.250000 0.250000 
 112
0.479817 0.002750 0.046210 
0.462778 0.994381 0.462022 
0.057405 0.002869 0.491768 
0.003914 0.989647 0.003220 0.003220 
0.250000 0.250000 0.250000 0.250000 
 113
0.479817 0.002750 0.046210 
0.462778 0.994381 0.462022 
0.057405 0.002869 0.491768 
0.990344 0.003219 0.003219 0.003219 
0.250000 0.250000 0.250000 0.250000 
 114
0.479817 0.002750 0.046210 
0.462778 0.994381 0.462022 
0.057405 0.002869 0.491768 
0.989068 0.004493 0.003219 0.003219 
0.250000 0.250000 0.250000 0.250000 
 115
0.479817 0.002750 0.046210 
0.462778 0.994381 0.462022 
0.057405 0.002869 0.491768 
0.989910 0.003650 0.003220 0.003220 
0.250000 0.250000 0.250000 0.250000 
 116
0.479817 0.002750 0.046210 
0.462778 0.994381 0.462022 
0.057405 0.002869 0.491768 
0.988885 0.004677 0.003219 0.003219 
0.250000 0.250000 0.250000 0.250000 
 117
0.479817 0.002750 0.046210 
0.462778 0.994381 0.462022 
0.057405 0.002869 0.491768 
0.006538 0.987024 0.003219 0.003219 
0.250000 0.250000 0.250000 0.250000 
 118
0.479817 0.002750 0.046210 
0.462778 0.994381 0.462022 
0.057405 0.002869 0.491768 
0.989700 0.003862 0.003219 0.003219 
0.250000 0.250000 0.250000 0.250000 
 119
0.479817 0.002750 0.046210 
0.462778 0.994381 0.462022 
0.057405 0.002869 0.491768 
0.990344 0.003219 0.003219 0.003219 
0.250000 0.250000 0.250000 0.250000 
 120
0.479817 0.002750 0.046210 
0.462778 0.994381 0.462022 
0.057405 0.002869 0.491768 
0.003219 0.003219 0.003907 0.989655 
0.250000 0.250000 0.250000 0.250000 
 121
0.479817 0.002750 0.046210 
0.462778 0.994381 0.462022 
0.057405 0.002869 0.491768 
0.004620 0.988940 0.003220 0.003220 
0.250000 0.250000 0.250000 0.250000 
 122
0.479817 0.002750 0.046210 
0.462778 0.994381 0.462022 
0.057405 0.002869 0.491768 
0.003219 0.003219 0.003219 0.990344 
0.250000 0.250000 0.250000 0.250000 
 123
0.479817 0.002750 0.046210 
0.462778 0.994381 0.462022 
0.057405 0.002869 0.491768 
0.985876 0.006091 0.004295 0.003737 
0.250000 0.250000 0.250000 0.250000 
 124
0.479817 0.002750 0.046210 
0.462778 0.994381 0.462022 
0.057405 0.002869 0.491768 
0.990343 0.003219 0.003219 0.003219 
0.250000 0.250000 0.250000 0.250000 
 125
0.479817 0.002750 0.046210 
0.462778 0.994381 0.462022 
0.057405 0.002869 0.491768 
0.003220 0.003220 0.989905 0.003656 
0.250000 0.250000 0.250000 0.250000 
 126
0.479817 0.002750 0.046210 
0.462778 0.994381 0.462022 
0.057405 0.002869 0.491768 
0.989130 0.004432 0.003219 0.003219 
0.250000 0.250000 0.250000 0.250000 
 127
0.479817 0.002750 0.046210 
0.462778 0.994381 0.462022 
0.057405 0.002869 0.491768 
0.003797 0.989418 0.003219 0.003567 
0.250000 0.250000 0.250000 0.250000 
 128
0.479817 0.002750 0.046210 
0.462778 0.994381 0.462022 
0.057405 0.002869 0.491768 
0.003219 0.003219 0.003219 0.990344 
0.250000 0.250000 0.250000 0.250000 
 129
0.479817 0.002750 0.046210 
0.462778 0.994381 0.462022 
0.057405 0.002869 0.491768 
0.987326 0.006237 0.003219 0.003219 
0.250000 0.250000 0.250000 0.250000 
 130
0.479817 0.002750 0.046210 
0.462778 0.994381 0.462022 
0.057405 0.002869 0.491768 
0.990342 0.003219 0.003219 0.003219 
0.250000 0.250000 0.250000 0.250000 
 131
0.479817 0.002750 0.046210 
0.462778 0.994381 0.462022 
0.057405 0.002869 0.491768 
0.003219 0.003219 0.990344 0.003219 
0.250000 0.250000 0.250000 0.250000 
 132
0.479817 0.002750 0.046210 
0.462778 0.994381 0.462022 
0.057405 0.002869 0.491768 
0.987522 0.004123 0.005135 0.003219 
0.250000 0.250000 0.250000 0.250000 
 133
0.479817 0.002750 0.046210 
0.462778 0.994381 0.462022 
0.057405 0.002869 0.491768 
0.003219 0.003219 0.990344 0.003219 
0.250000 0.250000 0.250000 0.250000 
 134
0.479817 0.002750 0.046210 
0.462778 0.994381 0.462022 
0.057405 0.002869 0.491768 
0.990344 0.003219 0.003219 0.003219 
0.250000 0.250000 0.250000 0.250000 
 135
0.479817 0.002750 0.046210 
0.462778 0.994381 0.462022 
0.057405 0.002869 0.491768 
0.003219 0.003219 0.986226 0.007336 
0.250000 0.250000 0.250000 0.250000 
 136
0.479817 0.002750 0.046210 
0.462778 0.994381 0.462022 
0.057405 0.002869 0.491768 
0.003219 0.003219 0.003219 0.990344 
0.250000 0.250000 0.250000 0.250000 
 137
0.479817 0.002750 0.046210 
0.462778 0.994381 0.462022 
0.057405 0.002869 0.491768 
0.003219 0.003219 0.990344 0.003219 
0.250000 0.250000 0.250000 0.250000 
 138
0.479817 0.002750 0.046210 
0.462778 0.994381 0.462022 
0.057405 0.002869 0.491768 
0.003589 0.003474 0.005332 0.987605 
0.250000 0.250000 0.250000 0.250000 
 139
0.479817 0.002750 0.046210 
0.462778 0.994381 0.462022 
0.057405 0.002869 0.491768 
0.005241 0.988321 0.003219 0.003219 
0.250000 0.250000 0.250000 0.250000 
 140
0.479817 0.002750 0.046210 
0.462778 0.994381 0.462022 
0.057405 0.002869 0.491768 
0.003219 0.003219 0.006972 0.986591 
0.250000 0.250000 0.250000 0.250000 
 141
0.479817 0.002750 0.046210 
0.462778 0.994381 0.462022 
0.057405 0.002869 0.491768 
0.003219 0.003533 0.007882 0.985366 
0.250000 0.250000 0.250000 0.250000 
 142
0.479817 0.002750 0.046210 
0.462778 0.994381 0.462022 
0.057405 0.002869 0.491768 
0.989340 0.003747 0.003695 0.003219 
0.250000 0.250000 0.250000 0.250000 
 143
0.479817 0.002750 0.046210 
0.462778 0.994381 0.462022 
0.057405 0.002869 0.491768 
0.990344 0.003219 0.003219 0.003219 
0.250000 0.250000 0.250000 0.250000 
 144
0.479817 0.002750 0.046210 
0.462778 0.994381 0.462022 
0.057405 0.002869 0.491768 
0.003220 0.003220 0.798409 0.195151 
0.250000 0.250000 0.250000 0.250000 
 145
0.479817 0.002750 0.046210 
0.462778 0.994381 0.462022 
0.057405 0.002869 0.491768 
0.003219 0.003219 0.989206 0.004357 
0.250000 0.250000 0.250000 0.250000 
 146
0.479817 0.002750 0.046210 
0.462778 0.994381 0.462022 
0.057405 0.002869 0.491768 
0.003219 0.003219 0.003219 0.990344 
0.250000 0.250000 0.250000 0.250000 
 147
0.479817 0.002750 0.046210 
0.462778 0.994381 0.462022 
0.057405 0.002869 0.491768 
0.003929 0.003219 0.008526 0.984326 
0.250000 0.250000 0.250000 0.250000 
 148
0.479817 0.002750 0.046210 
0.462778 0.994381 0.462022 
0.057405 0.002869 0.491768 
0.003222 0.003222 0.987936 0.005621 
0.250000 0.250000 0.250000 0.250000 
 149
0.479817 0.002750 0.046210 
0.462778 0.994381 0.462022 
0.057405 0.002869 0.491768 
0.003219 0.003219 0.003219 0.990344 
0.250000 0.250000 0.250000 0.250000 
 150
0.479817 0.002750 0.046210 
0.462778 0.994381 0.462022 
0.057405 0.002869 0.491768 
0.720437 0.272614 0.003484 0.003465 
0.250000 0.250000 0.250000 0.250000 
 151
0.479817 0.002750 0.046210 
0.462778 0.994381 0.462022 
0.057405 0.002869 0.491768 
0.003219 0.990344 0.003219 0.003219 
0.250000 0.250000 0.250000 0.250000 
 152
0.479817 0.002750 0.046210 
0.462778 0.994381 0.462022 
0.057405 0.002869 0.491768 
0.990344 0.003219 0.003219 0.003219 
0.250000 0.250000 0.250000 0.250000 
 153
0.479817 0.002750 0.046210 
0.462778 0.994381 0.462022 
0.057405 0.002869 0.491768 
0.987865 0.005302 0.003614 0.003219 
0.250000 0.250000 0.250000 0.250000 
 154
0.479817 0.002750 0.046210 
0.462778 0.994381 0.462022 
0.057405 0.002869 0.491768 
0.006377 0.986157 0.003219 0.004247 
0.250000 0.250000 0.250000 0.250000 
 155
0.479817 0.002750 0.046210 
0.462778 0.994381 0.462022 
0.057405 0.002869 0.491768 
0.982034 0.011199 0.003548 0.003219 
0.250000 0.250000 0.250000 0.250000 
 156
0.479817 0.002750 0.046210 
0.462778 0.994381 0.462022 
0.057405 0.002869 0.491768 
0.004522 0.003219 0.987704 0.004555 
0.250000 0.250000 0.250000 0.250000 
 157
0.479817 0.002750 0.046210 
0.462778 0.994381 0.462022 
0.057405 0.002869 0.491768 
0.987813 0.005160 0.003809 0.003219 
0.250000 0.250000 0.250000 0.250000 
 158
0.479817 0.002750 0.046210 
0.462778 0.994381 0.462022 
0.057405 0.002869 0.491768 
0.982983 0.003833 0.003219 0.009966 
0.250000 0.250000 0.250000 0.250000 
 159
0.479817 0.002750 0.046210 
0.462778 0.994381 0.462022 
0.057405 0.002869 0.491768 
0.071972 0.919855 0.003220 0.004952 
0.250000 0.250000 0.250000 0.250000 
 160
0.479817 0.002750 0.046210 
0.462778 0.994381 0.462022 
0.057405 0.002869 0.491768 
0.003669 0.003219 0.989893 0.003219 
0.250000 0.250000 0.250000 0.250000 
 161
0.479817 0.002750 0.046210 
0.462778 0.994381 0.462022 
0.057405 0.002869 0.491768 
0.990344 0.003219 0.003219 0.003219 
0.250000 0.250000 0.250000 0.250000 
 162
0.479817 0.002750 0.046210 
0.462778 0.994381 0.462022 
0.057405 0.002869 0.491768 
0.003764 0.003219 0.034512 0.958504 
0.250000 0.250000 0.250000 0.250000 
 163
0.479817 0.002750 0.046210 
0.462778 0.994381 0.462022 
0.057405 0.002869 0.491768 
0.985982 0.007580 0.003219 0.003219 
0.250000 0.250000 0.250000 0.250000 
 164
0.479817 0.002750 0.046210 
0.462778 0.994381 0.462022 
0.057405 0.002869 0.491768 
0.989902 0.003660 0.003219 0.003219 
0.250000 0.250000 0.250000 0.250000 
 165
0.479817 0.002750 0.046210 
0.462778 0.994381 0.462022 
0.057405 0.002869 0.491768 
0.003806 0.003219 0.981861 0.011114 
0.250000 0.250000 0.250000 0.250000 
 166
0.479817 0.002750 0.046210 
0.462778 0.994381 0.462022 
0.057405 0.002869 0.491768 
0.004447 0.989115 0.003219 0.003219 
0.250000 0.250000 0.250000 0.250000 
 167
0.479817 0.002750 0.046210 
0.462778 0.994381 0.462022 
0.057405 0.002869 0.491768 
0.005713 0.987849 0.003219 0.003219 
0.250000 0.250000 0.250000 0.250000 
 168
0.479817 0.002750 0.046210 
0.462778 0.994381 0.462022 
0.057405 0.002869 0.491768 
0.274490 0.680614 0.003219 0.041677 
0.250000 0.250000 0.250000 0.250000 
 169
0.479817 0.002750 0.046210 
0.462778 0.994381 0.462022 
0.057405 0.002869 0.491768 
0.989910 0.003219 0.003652 0.003219 
0.250000 0.250000 0.250000 0.250000 
 170
0.479817 0.002750 0.046210 
0.462778 0.994381 0.462022 
0.057405 0.002869 0.491768 
0.989744 0.003817 0.003219 0.003219 
0.250000 0.250000 0.250000 0.250000 
 171
0.479817 0.002750 0.046210 
0.462778 0.994381 0.462022 
0.057405 0.002869 0.491768 
0.987645 0.005612 0.003523 0.003219 
0.250000 0.250000 0.250000 0.250000 
 172
0.479817 0.002750 0.046210 
0.462778 0.994381 0.462022 
0.057405 0.002869 0.491768 
0.003219 0.003219 0.985153 0.008409 
0.250000 0.250000 0.250000 0.250000 
 173
0.479817 0.002750 0.046210 
0.462778 0.994381 0.462022 
0.057405 0.002869 0.491768 
0.003219 0.003219 0.003219 0.990344 
0.250000 0.250000 0.250000 0.250000 
 174
0.479817 0.002750 0.046210 
0.462778 0.994381 0.462022 
0.057405 0.002869 0.491768 
0.986333 0.006870 0.003577 0.003219 
0.250000 0.250000 0.250000 0.250000 
 175
0.479817 0.002750 0.046210 
0.462778 0.994381 0.462022 
0.057405 0.002869 0.491768 
0.003219 0.003219 0.003219 0.990344 
0.250000 0.250000 0.250000 0.250000 
 176
0.479817 0.002750 0.046210 
0.462778 0.994381 0.462022 
0.057405 0.002869 0.491768 
0.003219 0.990344 0.003219 0.003219 
0.250000 0.250000 0.250000 0.250000 
 177
0.479817 0.002750 0.046210 
0.462778 0.994381 0.462022 
0.057405 0.002869 0.491768 
0.003219 0.003219 0.988134 0.005428 
0.250000 0.250000 0.250000 0.250000 
 178
0.479817 0.002750 0.046210 
0.462778 0.994381 0.462022 
0.057405 0.002869 0.491768 
0.989705 0.003513 0.003563 0.003219 
0.250000 0.250000 0.250000 0.250000 
 179
0.479817 0.002750 0.046210 
0.462778 0.994381 0.462022 
0.057405 0.002869 0.491768 
0.987607 0.005955 0.003219 0.003219 
0.250000 0.250000 0.250000 0.250000 
 180
0.479817 0.002750 0.046210 
0.462778 0.994381 0.462022 
0.057405 0.002869 0.491768 
0.988656 0.004506 0.003619 0.003219 
0.250000 0.250000 0.250000 0.250000 
 181
0.479817 0.002750 0.046210 
0.462778 0.994381 0.462022 
0.057405 0.002869 0.491768 
0.003846 0.003220 0.986729 0.006206 
0.250000 0.250000 0.250000 0.250000 
 182
0.479817 0.002750 0.046210 
0.462778 0.994381 0.462022 
0.057405 0.002869 0.491768 
0.003219 0.003219 0.003219 0.990344 
0.250000 0.250000 0.250000 0.250000 
 183
0.479817 0.002750 0.046210 
0.462778 0.994381 0.462022 
0.057405 0.002869 0.491768 
0.988007 0.005028 0.003219 0.003746 
0.250000 0.250000 0.250000 0.250000 
 184
0.479817 0.002750 0.046210 
0.462778 0.994381 0.462022 
0.057405 0.002869 0.491768 
0.987027 0.006536 0.003219 0.003219 
0.250000 0.250000 0.250000 0.250000 
 185
0.479817 0.002750 0.046210 
0.462778 0.994381 0.462022 
0.057405 0.002869 0.491768 
0.011500 0.981574 0.003220 0.003706 
0.250000 0.250000 0.250000 0.250000 
 186
0.479817 0.002750 0.046210 
0.462778 0.994381 0.462022 
0.057405 0.002869 0.491768 
0.989501 0.004061 0.003219 0.003219 
0.250000 0.250000 0.250000 0.250000 
 187
0.479817 0.002750 0.046210 
0.462778 0.994381 0.462022 
0.057405 0.002869 0.491768 
0.003219 0.990344 0.003219 0.003219 
0.250000 0.250000 0.250000 0.250000 
 188
0.479817 0.002750 0.046210 
0.462778 0.994381 0.462022 
0.057405 0.002869 0.491768 
0.004437 0.989125 0.003219 0.003219 
0.250000 0.250000 0.250000 0.250000 
 189
0.479817 0.002750 0.046210 
0.462778 0.994381 0.462022 
0.057405 0.002869 0.491768 
0.008813 0.984338 0.003220 0.003629 
0.250000 0.250000 0.250000 0.250000 
 190
0.479817 0.002750 0.046210 
0.462778 0.994381 0.462022 
0.057405 0.002869 0.491768 
0.010029 0.983224 0.003219 0.003527 
0.250000 0.250000 0.250000 0.250000 
 191
0.479817 0.002750 0.046210 
0.462778 0.994381 0.462022 
0.057405 0.002869 0.491768 
0.003475 0.003482 0.004157 0.988886 
0.250000 0.250000 0.250000 0.250000 
 192
0.479817 0.002750 0.046210 
0.462778 0.994381 0.462022 
0.057405 0.002869 0.491768 
0.982122 0.008050 0.003629 0.006199 
0.250000 0.250000 0.250000 0.250000 
 193
0.479817 0.002750 0.046210 
0.462778 0.994381 0.462022 
0.057405 0.002869 0.491768 
0.005374 0.964266 0.021698 0.008662 
0.250000 0.250000 0.250000 0.250000 
 194
0.479817 0.002750 0.046210 
0.462778 0.994381 0.462022 
0.057405 0.002869 0.491768 
0.003219 0.003219 0.987953 0.005609 
0.250000 0.250000 0.250000 0.250000 
 195
0.479817 0.002750 0.046210 
0.462778 0.994381 0.462022 
0.057405 0.002869 0.491768 
0.003563 0.003219 0.987829 0.005390 
0.250000 0.250000 0.250000 0.250000 
 196
0.479817 0.002750 0.046210 
0.462778 0.994381 0.462022 
0.057405 0.002869 0.491768 
0.003219 0.003219 0.990344 0.003219 
0.250000 0.250000 0.250000 0.250000 
 197
0.479817 0.002750 0.046210 
0.462778 0.994381 0.462022 
0.057405 0.002869 0.491768 
0.003219 0.003219 0.990344 0.003219 
0.250000 0.250000 0.250000 0.250000 
 198
0.479817 0.002750 0.046210 
0.462778 0.994381 0.462022 
0.057405 0.002869 0.491768 
0.988508 0.005054 0.003219 0.003219 
0.250000 0.250000 0.250000 0.250000 
 199
0.479817 0.002750 0.046210 
0.462778 0.994381 0.462022 
0.057405 0.002869 0.491768 
0.003219 0.003219 0.005584 0.987978 
0.250000 0.250000 0.250000 0.250000 
 200
0.479817 0.002750 0.046210 
0.462778 0.994381 0.462022 
0.057405 0.002869 0.491768 
0.003219 0.003219 0.003219 0.990344 
0.250000 0.250000 0.250000 0.250000 
 201
0.479817 0.002750 0.046210 
0.462778 0.994381 0.462022 
0.057405 0.002869 0.491768 
0.005519 0.988043 0.003219 0.003219 
0.250000 0.250000 0.250000 0.250000 
 202
0.479817 0.002750 0.046210 
0.462778 0.994381 0.462022 
0.057405 0.002869 0.491768 
0.005231 0.003219 0.988331 0.003219 
0.250000 0.250000 0.250000 0.250000 
 203
0.479817 0.002750 0.046210 
0.462778 0.994381 0.462022 
0.057405 0.002869 0.491768 
0.989626 0.003219 0.003937 0.003219 
0.250000 0.250000 0.250000 0.250000 
 204
0.479817 0.002750 0.046210 
0.462778 0.994381 0.462022 
0.057405 0.002869 0.491768 
0.003625 0.003480 0.004425 0.988470 
0.250000 0.250000 0.250000 0.250000 
 205
0.479817 0.002750 0.046210 
0.462778 0.994381 0.462022 
0.057405 0.002869 0.491768 
0.003219 0.003219 0.004661 0.988901 
0.250000 0.250000 0.250000 0.250000 
 206
0.479817 0.002750 0.046210 
0.462778 0.994381 0.462022 
0.057405 0.002869 0.491768 
0.003219 0.003219 0.003219 0.990344 
0.250000 0.250000 0.250000 0.250000 
 207
0.479817 0.002750 0.046210 
0.462778 0.994381 0.462022 
0.057405 0.002869 0.491768 
0.010120 0.983443 0.003219 0.003219 
0.250000 0.250000 0.250000 0.250000 
 208
0.479817 0.002750 0.046210 
0.462778 0.994381 0.462022 
0.057405 0.002869 0.491768 
0.003628 0.989934 0.003219 0.003219 
0.250000 0.250000 0.250000 0.250000 
 209
0.479817 0.002750 0.046210 
0.462778 0.994381 0.462022 
0.057405 0.002869 0.491768 
0.003619 0.989943 0.003219 0.003219 
0.250000 0.250000 0.250000 0.250000 
 210
0.479817 0.002750 0.046210 
0.462778 0.994381 0.462022 
0.057405 0.002869 0.491768 
0.003481 0.004601 0.005369 0.986549 
0.250000 0.250000 0.250000 0.250000 
 211
0.479817 0.002750 0.046210 
0.462778 0.994381 0.462022 
0.057405 0.002869 0.491768 
0.989034 0.004529 0.003219 0.003219 
0.250000 0.250000 0.250000 0.250000 
 212
0.479817 0.002750 0.046210 
0.462778 0.994381 0.462022 
0.057405 0.002869 0.491768 
0.989043 0.004172 0.003219 0.003566 
0.250000 0.250000 0.250000 0.250000 
 213
0.479817 0.002750 0.046210 
0.462778 0.994381 0.462022 
0.057405 0.002869 0.491768 
0.988105 0.004551 0.004125 0.003219 
0.250000 0.250000 0.250000 0.250000 
 214
0.479817 0.002750 0.046210 
0.462778 0.994381 0.462022 
0.057405 0.002869 0.491768 
0.003219 0.003219 0.003219 0.990344 
0.250000 0.250000 0.250000 0.250000 
 215
0.479817 0.002750 0.046210 
0.462778 0.994381 0.462022 
0.057405 0.002869 0.491768 
0.003219 0.990344 0.003219 0.003219 
0.250000 0.250000 0.250000 0.250000 
 216
0.479817 0.002750 0.046210 
0.462778 0.994381 0.462022 
0.057405 0.002869 0.491768 
0.003220 0.003220 0.022187 0.971374 
0.250000 0.250000 0.250000 0.250000 
 217
0.479817 0.002750 0.046210 
0.462778 0.994381 0.462022 
0.057405 0.002869 0.491768 
0.989635 0.003927 0.003219 0.003219 
0.250000 0.250000 0.250000 0.250000 
 218
0.479817 0.002750 0.046210 
0.462778 0.994381 0.462022 
0.057405 0.002869 0.491768 
0.988375 0.004693 0.003714 0.003219 
0.250000 0.250000 0.250000 0.250000 
 219
0.479817 0.002750 0.046210 
0.462778 0.994381 0.462022 
0.057405 0.002869 0.491768 
0.003219 0.003219 0.989263 0.004300 
0.250000 0.250000 0.250000 0.250000 
 220
0.479817 0.002750 0.046210 
0.462778 0.994381 0.462022 
0.057405 0.002869 0.491768 
0.990344 0.003219 0.003219 0.003219 
0.250000 0.250000 0.250000 0.250000 
 221
0.479817 0.002750 0.046210 
0.462778 0.994381 0.462022 
0.057405 0.002869 0.491768 
0.003219 0.003219 0.003640 0.989922 
0.250000 0.250000 0.250000 0.250000 
 222
0.479817 0.002750 0.046210 
0.462778 0.994381 0.462022 
0.057405 0.002869 0.491768 
0.003219 0.003219 0.004356 0.989206 
0.250000 0.250000 0.250000 0.250000 
 223
0.479817 0.002750 0.046210 
0.462778 0.994381 0.462022 
0.057405 0.002869 0.491768 
0.003219 0.990344 0.003219 0.003219 
0.250000 0.250000 0.250000 0.250000 
 224
0.479817 0.002750 0.046210 
0.462778 0.994381 0.462022 
0.057405 0.002869 0.491768 
0.003219 0.003219 0.990344 0.003219 
0.250000 0.250000 0.250000 0.250000 
 225
0.479817 0.002750 0.046210 
0.462778 0.994381 0.462022 
0.057405 0.002869 0.491768 
0.003656 0.004007 0.004812 0.987525 
0.250000 0.250000 0.250000 0.250000 
 226
0.479817 0.002750 0.046210 
0.462778 0.994381 0.462022 
0.057405 0.002869 0.491768 
0.003219 0.990344 0.003219 0.003219 
0.250000 0.250000 0.250000 0.250000 
 227
0.479817 0.002750 0.046210 
0.462778 0.994381 0.462022 
0.057405 0.002869 0.491768 
0.003619 0.989944 0.003219 0.003219 
0.250000 0.250000 0.250000 0.250000 
 228
0.479817 0.002750 0.046210 
0.462778 0.994381 0.462022 
0.057405 0.002869 0.491768 
0.005743 0.003733 0.986163 0.004361 
0.250000 0.250000 0.250000 0.250000 
 229
0.479817 0.002750 0.046210 
0.462778 0.994381 0.462022 
0.057405 0.002869 0.491768 
0.003219 0.003219 0.003219 0.990344 
0.250000 0.250000 0.250000 0.250000 
 230
0.479817 0.002750 0.046210 
0.462778 0.994381 0.462022 
0.057405 0.002869 0.491768 
0.003219 0.989745 0.003219 0.003817 
0.250000 0.250000 0.250000 0.250000 
 231
0.479817 0.002750 0.046210 
0.462778 0.994381 0.462022 
0.057405 0.002869 0.491768 
0.003219 0.990344 0.003219 0.003219 
0.250000 0.250000 0.250000 0.250000 
 232
0.479817 0.002750 0.046210 
0.462778 0.994381 0.462022 
0.057405 0.002869 0.491768 
0.989555 0.004007 0.003219 0.003219 
0.250000 0.250000 0.250000 0.250000 
 233
0.479817 0.002750 0.046210 
0.462778 0.994381 0.462022 
0.057405 0.002869 0.491768 
0.003219 0.003219 0.003695 0.989867 
0.250000 0.250000 0.250000 0.250000 
 234
