%  SAM: /scicomp/home/yfa9/CDC_projects/Mol_genetic_analysis/Nomenclature/H1_Nomenclature/All_plus_Ref_v5/v_2/label/LABEL_RES/scripts/modelfromalign_Linux v3.5 (July 15, 2005) compiled 12/08/06_16:15:55
%  (c) 1992-2001 Regents of the University of California, Santa Cruz
%
%          Sequence Alignment and Modeling Software System
%         http://www.cse.ucsc.edu/research/compbio/sam.html
%
% ----------------- Citations (SAM, SAM-T2K, HMMs) --------------------
% R. Hughey, A. Krogh, Hidden Markov models for sequence analysis:
%  Extension and analysis of the basic method, CABIOS 12:95-107, 1996.
% K. Karplus, et al., What is the value added by human intervention in protein
%  structure prediction, Proteins: Stucture, Function, Genetics 45(S5):86--91, 2001.
% A. Krogh et al., Hidden Markov models in computational biology:
%  Applications to protein modeling, JMB 235:1501-1531, Feb 1994.
% ---------------------------------------------------------------------
%  c-8-7-6-5-Old_hmm   Host: node8.aspen.biotech.cdc.gov    Tue Jun 28 08:10:51 2016
%  yfa9                Dir:  /scicomp/home/yfa9/CDC_projects/Mol_genetic_analysis/Nomenclature/H1_Nomenclature/All_plus_Ref_v5/v_2/Step4/From_Clustering_v2/H1Pdm009_v1
% ---------------------------------------------------------------------
%  Alignment weights from internal calc.  Total (94.66) Max (0.25) Min (0.00)
%  Weights from alignment method 1 (karplus), b=-1.000000, e=0.500000
MODEL --  Model from alignment file /scicomp/home/yfa9/CDC_projects/Mol_genetic_analysis/Nomenclature/H1_Nomenclature/All_plus_Ref_v5/v_2/label/LABEL_RES/training_data/H1v2016_1/c-8-7-6-5-Old.fasta
alphabet DNA
FREQAVE
0.000000 0.000000 0.000000 
0.000000 0.000000 0.000000 
0.000000 0.000000 0.000000 
0.352676 0.222421 0.185002 0.239901 
0.352676 0.222421 0.185002 0.239901 
Begin
0.000000 0.000000 0.000000 
0.000000 0.000000 0.000000 
0.000000 0.002402 0.491768 
0.250000 0.250000 0.250000 0.250000 
0.250000 0.250000 0.250000 0.250000 
   1
0.000000 0.002356 0.046210 
0.000000 0.995242 0.462022 
0.057320 0.002403 0.491768 
0.992159 0.002614 0.002614 0.002614 
0.250000 0.250000 0.250000 0.250000 
   2
0.480590 0.002303 0.046210 
0.462090 0.995294 0.462022 
0.057320 0.002403 0.491768 
0.002614 0.002614 0.002614 0.992159 
0.250000 0.250000 0.250000 0.250000 
   3
0.479105 0.002303 0.046210 
0.463575 0.995294 0.462022 
0.057405 0.002402 0.491768 
0.002613 0.992160 0.002613 0.002613 
0.250000 0.250000 0.250000 0.250000 
   4
0.479817 0.002303 0.046210 
0.462778 0.995295 0.462022 
0.057405 0.002402 0.491768 
0.970910 0.023861 0.002614 0.002614 
0.250000 0.250000 0.250000 0.250000 
   5
0.479817 0.002303 0.046210 
0.462778 0.995295 0.462022 
0.057405 0.002402 0.491768 
0.990840 0.003525 0.003021 0.002613 
0.250000 0.250000 0.250000 0.250000 
   6
0.479817 0.002303 0.046210 
0.462778 0.995295 0.462022 
0.057405 0.002402 0.491768 
0.009626 0.984393 0.002614 0.003368 
0.250000 0.250000 0.250000 0.250000 
   7
0.479817 0.002303 0.046210 
0.462778 0.995295 0.462022 
0.057405 0.002402 0.491768 
0.007618 0.986441 0.003328 0.002613 
0.250000 0.250000 0.250000 0.250000 
   8
0.479817 0.002303 0.046210 
0.462778 0.995295 0.462022 
0.057405 0.002402 0.491768 
0.003790 0.005437 0.986449 0.004324 
0.250000 0.250000 0.250000 0.250000 
   9
0.479817 0.002303 0.046210 
0.462778 0.995295 0.462022 
0.057405 0.002402 0.491768 
0.987853 0.003387 0.005604 0.003156 
0.250000 0.250000 0.250000 0.250000 
  10
0.479817 0.002303 0.046210 
0.462778 0.995295 0.462022 
0.057405 0.002402 0.491768 
0.990031 0.004741 0.002614 0.002614 
0.250000 0.250000 0.250000 0.250000 
  11
0.479817 0.002303 0.046210 
0.462778 0.995295 0.462022 
0.057405 0.002402 0.491768 
0.003170 0.002925 0.007616 0.986289 
0.250000 0.250000 0.250000 0.250000 
  12
0.479817 0.002303 0.046210 
0.462778 0.995295 0.462022 
0.057405 0.002402 0.491768 
0.991117 0.003391 0.002613 0.002879 
0.250000 0.250000 0.250000 0.250000 
  13
0.479817 0.002303 0.046210 
0.462778 0.995295 0.462022 
0.057405 0.002402 0.491768 
0.003905 0.002614 0.988649 0.004832 
0.250000 0.250000 0.250000 0.250000 
  14
0.479817 0.002303 0.046210 
0.462778 0.995295 0.462022 
0.057405 0.002402 0.491768 
0.002613 0.003174 0.003561 0.990652 
0.250000 0.250000 0.250000 0.250000 
  15
0.479817 0.002303 0.046210 
0.462778 0.995295 0.462022 
0.057405 0.002402 0.491768 
0.990704 0.003675 0.003007 0.002613 
0.250000 0.250000 0.250000 0.250000 
  16
0.479817 0.002303 0.046210 
0.462778 0.995295 0.462022 
0.057405 0.002402 0.491768 
0.008428 0.981537 0.002821 0.007214 
0.250000 0.250000 0.250000 0.250000 
  17
0.479817 0.002303 0.046210 
0.462778 0.995295 0.462022 
0.057405 0.002402 0.491768 
0.002614 0.003194 0.014922 0.979270 
0.250000 0.250000 0.250000 0.250000 
  18
0.479817 0.002303 0.046210 
0.462778 0.995295 0.462022 
0.057405 0.002402 0.491768 
0.988270 0.006077 0.002613 0.003039 
0.250000 0.250000 0.250000 0.250000 
  19
0.479817 0.002303 0.046210 
0.462778 0.995295 0.462022 
0.057405 0.002402 0.491768 
0.006865 0.986434 0.002613 0.004087 
0.250000 0.250000 0.250000 0.250000 
  20
0.479817 0.002303 0.046210 
0.462778 0.995295 0.462022 
0.057405 0.002402 0.491768 
0.002613 0.003199 0.003640 0.990548 
0.250000 0.250000 0.250000 0.250000 
  21
0.479817 0.002303 0.046210 
0.462778 0.995295 0.462022 
0.057405 0.002402 0.491768 
0.002829 0.003389 0.006407 0.987375 
0.250000 0.250000 0.250000 0.250000 
  22
0.479817 0.002303 0.046210 
0.462778 0.995295 0.462022 
0.057405 0.002402 0.491768 
0.052948 0.002989 0.932213 0.011851 
0.250000 0.250000 0.250000 0.250000 
  23
0.479817 0.002303 0.046210 
0.462778 0.995295 0.462022 
0.057405 0.002402 0.491768 
0.002614 0.002614 0.003001 0.991771 
0.250000 0.250000 0.250000 0.250000 
  24
0.479817 0.002303 0.046210 
0.462778 0.995295 0.462022 
0.057405 0.002402 0.491768 
0.004562 0.989150 0.002613 0.003675 
0.250000 0.250000 0.250000 0.250000 
  25
0.479817 0.002303 0.046210 
0.462778 0.995295 0.462022 
0.057405 0.002402 0.491768 
0.003676 0.002821 0.989571 0.003932 
0.250000 0.250000 0.250000 0.250000 
  26
0.479817 0.002303 0.046210 
0.462778 0.995295 0.462022 
0.057405 0.002402 0.491768 
0.002613 0.002613 0.002613 0.992160 
0.250000 0.250000 0.250000 0.250000 
  27
0.479817 0.002303 0.046210 
0.462778 0.995295 0.462022 
0.057405 0.002402 0.491768 
0.980728 0.013712 0.002946 0.002614 
0.250000 0.250000 0.250000 0.250000 
  28
0.479817 0.002303 0.046210 
0.462778 0.995295 0.462022 
0.057405 0.002402 0.491768 
0.002613 0.002613 0.005644 0.989129 
0.250000 0.250000 0.250000 0.250000 
  29
0.479817 0.002303 0.046210 
0.462778 0.995295 0.462022 
0.057405 0.002402 0.491768 
0.985765 0.007216 0.002613 0.004406 
0.250000 0.250000 0.250000 0.250000 
  30
0.479817 0.002303 0.046210 
0.462778 0.995295 0.462022 
0.057405 0.002402 0.491768 
0.002613 0.002613 0.016864 0.977909 
0.250000 0.250000 0.250000 0.250000 
  31
0.479817 0.002303 0.046210 
0.462778 0.995295 0.462022 
0.057405 0.002402 0.491768 
0.991116 0.003657 0.002613 0.002613 
0.250000 0.250000 0.250000 0.250000 
  32
0.479817 0.002303 0.046210 
0.462778 0.995295 0.462022 
0.057405 0.002402 0.491768 
0.003531 0.002613 0.989609 0.004246 
0.250000 0.250000 0.250000 0.250000 
  33
0.479817 0.002303 0.046210 
0.462778 0.995295 0.462022 
0.057405 0.002402 0.491768 
0.990701 0.003615 0.002613 0.003070 
0.250000 0.250000 0.250000 0.250000 
  34
0.479817 0.002303 0.046210 
0.462778 0.995295 0.462022 
0.057405 0.002402 0.491768 
0.004521 0.003164 0.005595 0.986720 
0.250000 0.250000 0.250000 0.250000 
  35
0.479817 0.002303 0.046210 
0.462778 0.995295 0.462022 
0.057405 0.002402 0.491768 
0.003957 0.002895 0.002912 0.990236 
0.250000 0.250000 0.250000 0.250000 
  36
0.479817 0.002303 0.046210 
0.462778 0.995295 0.462022 
0.057405 0.002402 0.491768 
0.004041 0.002614 0.006403 0.986943 
0.250000 0.250000 0.250000 0.250000 
  37
0.479817 0.002303 0.046210 
0.462778 0.995295 0.462022 
0.057405 0.002402 0.491768 
0.014936 0.979455 0.002613 0.002996 
0.250000 0.250000 0.250000 0.250000 
  38
0.479817 0.002303 0.046210 
0.462778 0.995295 0.462022 
0.057405 0.002402 0.491768 
0.003159 0.004084 0.988833 0.003925 
0.250000 0.250000 0.250000 0.250000 
  39
0.479817 0.002303 0.046210 
0.462778 0.995295 0.462022 
0.057405 0.002402 0.491768 
0.984055 0.010019 0.002843 0.003082 
0.250000 0.250000 0.250000 0.250000 
  40
0.479817 0.002303 0.046210 
0.462778 0.995295 0.462022 
0.057405 0.002402 0.491768 
0.982180 0.011176 0.003025 0.003619 
0.250000 0.250000 0.250000 0.250000 
  41
0.479817 0.002303 0.046210 
0.462778 0.995295 0.462022 
0.057405 0.002402 0.491768 
0.003501 0.002614 0.981212 0.012673 
0.250000 0.250000 0.250000 0.250000 
  42
0.479817 0.002303 0.046210 
0.462778 0.995295 0.462022 
0.057405 0.002402 0.491768 
0.005284 0.002879 0.980239 0.011598 
0.250000 0.250000 0.250000 0.250000 
  43
0.479817 0.002303 0.046210 
0.462778 0.995295 0.462022 
0.057405 0.002402 0.491768 
0.016703 0.977317 0.002614 0.003367 
0.250000 0.250000 0.250000 0.250000 
  44
0.479817 0.002303 0.046210 
0.462778 0.995295 0.462022 
0.057405 0.002402 0.491768 
0.002613 0.002613 0.989121 0.005653 
0.250000 0.250000 0.250000 0.250000 
  45
0.479817 0.002303 0.046210 
0.462778 0.995295 0.462022 
0.057405 0.002402 0.491768 
0.987303 0.005948 0.003041 0.003708 
0.250000 0.250000 0.250000 0.250000 
  46
0.479817 0.002303 0.046210 
0.462778 0.995295 0.462022 
0.057405 0.002402 0.491768 
0.987300 0.006933 0.002835 0.002932 
0.250000 0.250000 0.250000 0.250000 
  47
0.479817 0.002303 0.046210 
0.462778 0.995295 0.462022 
0.057405 0.002402 0.491768 
0.985370 0.009101 0.002915 0.002614 
0.250000 0.250000 0.250000 0.250000 
  48
0.479817 0.002303 0.046210 
0.462778 0.995295 0.462022 
0.057405 0.002402 0.491768 
0.006370 0.007374 0.005596 0.980660 
0.250000 0.250000 0.250000 0.250000 
  49
0.479817 0.002303 0.046210 
0.462778 0.995295 0.462022 
0.057405 0.002402 0.491768 
0.004539 0.988584 0.002811 0.004066 
0.250000 0.250000 0.250000 0.250000 
  50
0.479817 0.002303 0.046210 
0.462778 0.995295 0.462022 
0.057405 0.002402 0.491768 
0.002613 0.002613 0.991659 0.003114 
0.250000 0.250000 0.250000 0.250000 
  51
0.479817 0.002303 0.046210 
0.462778 0.995295 0.462022 
0.057405 0.002402 0.491768 
0.987979 0.003621 0.004998 0.003402 
0.250000 0.250000 0.250000 0.250000 
  52
0.479817 0.002303 0.046210 
0.462778 0.995295 0.462022 
0.057405 0.002402 0.491768 
0.002879 0.991531 0.002614 0.002977 
0.250000 0.250000 0.250000 0.250000 
  53
0.479817 0.002303 0.046210 
0.462778 0.995295 0.462022 
0.057405 0.002402 0.491768 
0.991529 0.002977 0.002881 0.002613 
0.250000 0.250000 0.250000 0.250000 
  54
0.479817 0.002303 0.046210 
0.462778 0.995295 0.462022 
0.057405 0.002402 0.491768 
0.002613 0.002946 0.991089 0.003351 
0.250000 0.250000 0.250000 0.250000 
  55
0.479817 0.002303 0.046210 
0.462778 0.995295 0.462022 
0.057405 0.002402 0.491768 
0.992160 0.002613 0.002613 0.002613 
0.250000 0.250000 0.250000 0.250000 
  56
0.479817 0.002303 0.046210 
0.462778 0.995295 0.462022 
0.057405 0.002402 0.491768 
0.003355 0.002614 0.990075 0.003956 
0.250000 0.250000 0.250000 0.250000 
  57
0.479817 0.002303 0.046210 
0.462778 0.995295 0.462022 
0.057405 0.002402 0.491768 
0.989533 0.003410 0.003111 0.003946 
0.250000 0.250000 0.250000 0.250000 
  58
0.479817 0.002303 0.046210 
0.462778 0.995295 0.462022 
0.057405 0.002402 0.491768 
0.003542 0.002613 0.007314 0.986531 
0.250000 0.250000 0.250000 0.250000 
  59
0.479817 0.002303 0.046210 
0.462778 0.995295 0.462022 
0.057405 0.002402 0.491768 
0.002613 0.002613 0.002613 0.992160 
0.250000 0.250000 0.250000 0.250000 
  60
0.479817 0.002303 0.046210 
0.462778 0.995295 0.462022 
0.057405 0.002402 0.491768 
0.980070 0.014703 0.002614 0.002614 
0.250000 0.250000 0.250000 0.250000 
  61
0.479817 0.002303 0.046210 
0.462778 0.995295 0.462022 
0.057405 0.002402 0.491768 
0.003032 0.002613 0.003200 0.991154 
0.250000 0.250000 0.250000 0.250000 
  62
0.479817 0.002303 0.046210 
0.462778 0.995295 0.462022 
0.057405 0.002402 0.491768 
0.002613 0.992160 0.002613 0.002613 
0.250000 0.250000 0.250000 0.250000 
  63
0.479817 0.002303 0.046210 
0.462778 0.995295 0.462022 
0.057405 0.002402 0.491768 
0.002613 0.003111 0.006393 0.987882 
0.250000 0.250000 0.250000 0.250000 
  64
0.479817 0.002303 0.046210 
0.462778 0.995295 0.462022 
0.057405 0.002402 0.491768 
0.988887 0.005001 0.003499 0.002613 
0.250000 0.250000 0.250000 0.250000 
  65
0.479817 0.002303 0.046210 
0.462778 0.995295 0.462022 
0.057405 0.002402 0.491768 
0.003064 0.003965 0.002937 0.990034 
0.250000 0.250000 0.250000 0.250000 
  66
0.479817 0.002303 0.046210 
0.462778 0.995295 0.462022 
0.057405 0.002402 0.491768 
0.990439 0.003019 0.003044 0.003499 
0.250000 0.250000 0.250000 0.250000 
  67
0.479817 0.002303 0.046210 
0.462778 0.995295 0.462022 
0.057405 0.002402 0.491768 
0.002614 0.992158 0.002614 0.002614 
0.250000 0.250000 0.250000 0.250000 
  68
0.479817 0.002303 0.046210 
0.462778 0.995295 0.462022 
0.057405 0.002402 0.491768 
0.002613 0.992160 0.002613 0.002613 
0.250000 0.250000 0.250000 0.250000 
  69
0.479817 0.002303 0.046210 
0.462778 0.995295 0.462022 
0.057405 0.002402 0.491768 
0.002852 0.003827 0.003976 0.989345 
0.250000 0.250000 0.250000 0.250000 
  70
0.479817 0.002303 0.046210 
0.462778 0.995295 0.462022 
0.057405 0.002402 0.491768 
0.002615 0.002615 0.003820 0.990950 
0.250000 0.250000 0.250000 0.250000 
  71
0.479817 0.002303 0.046210 
0.462778 0.995295 0.462022 
0.057405 0.002402 0.491768 
0.990630 0.003499 0.002614 0.003257 
0.250000 0.250000 0.250000 0.250000 
  72
0.479817 0.002303 0.046210 
0.462778 0.995295 0.462022 
0.057405 0.002402 0.491768 
0.002613 0.003499 0.053217 0.940671 
0.250000 0.250000 0.250000 0.250000 
  73
0.479817 0.002303 0.046210 
0.462778 0.995295 0.462022 
0.057405 0.002402 0.491768 
0.002613 0.002613 0.991392 0.003381 
0.250000 0.250000 0.250000 0.250000 
  74
0.479817 0.002303 0.046210 
0.462778 0.995295 0.462022 
0.057405 0.002402 0.491768 
0.991088 0.002916 0.003382 0.002614 
0.250000 0.250000 0.250000 0.250000 
  75
0.479817 0.002303 0.046210 
0.462778 0.995295 0.462022 
0.057405 0.002402 0.491768 
0.002867 0.002613 0.003789 0.990731 
0.250000 0.250000 0.250000 0.250000 
  76
0.479817 0.002303 0.046210 
0.462778 0.995295 0.462022 
0.057405 0.002402 0.491768 
0.004073 0.990698 0.002615 0.002615 
0.250000 0.250000 0.250000 0.250000 
  77
0.479817 0.002303 0.046210 
0.462778 0.995295 0.462022 
0.057405 0.002402 0.491768 
0.002615 0.004365 0.989542 0.003478 
0.250000 0.250000 0.250000 0.250000 
  78
0.479817 0.002303 0.046210 
0.462778 0.995295 0.462022 
0.057405 0.002402 0.491768 
0.013181 0.978992 0.002613 0.005214 
0.250000 0.250000 0.250000 0.250000 
  79
0.479817 0.002303 0.046210 
0.462778 0.995295 0.462022 
0.057405 0.002402 0.491768 
0.991522 0.003251 0.002613 0.002613 
0.250000 0.250000 0.250000 0.250000 
  80
0.479817 0.002303 0.046210 
0.462778 0.995295 0.462022 
0.057405 0.002402 0.491768 
0.990389 0.003087 0.003910 0.002614 
0.250000 0.250000 0.250000 0.250000 
  81
0.479817 0.002303 0.046210 
0.462778 0.995295 0.462022 
0.057405 0.002402 0.491768 
0.002614 0.002614 0.991174 0.003599 
0.250000 0.250000 0.250000 0.250000 
  82
0.479817 0.002303 0.046210 
0.462778 0.995295 0.462022 
0.057405 0.002402 0.491768 
0.990167 0.004332 0.002614 0.002888 
0.250000 0.250000 0.250000 0.250000 
  83
0.479817 0.002303 0.046210 
0.462778 0.995295 0.462022 
0.057405 0.002402 0.491768 
0.990841 0.003932 0.002614 0.002614 
0.250000 0.250000 0.250000 0.250000 
  84
0.479817 0.002303 0.046210 
0.462778 0.995295 0.462022 
0.057405 0.002402 0.491768 
0.002613 0.002613 0.007372 0.987401 
0.250000 0.250000 0.250000 0.250000 
  85
0.479817 0.002303 0.046210 
0.462778 0.995295 0.462022 
0.057405 0.002402 0.491768 
0.002613 0.002613 0.003270 0.991503 
0.250000 0.250000 0.250000 0.250000 
  86
0.479817 0.002303 0.046210 
0.462778 0.995295 0.462022 
0.057405 0.002402 0.491768 
0.002614 0.002614 0.991750 0.003022 
0.250000 0.250000 0.250000 0.250000 
  87
0.479817 0.002303 0.046210 
0.462778 0.995295 0.462022 
0.057405 0.002402 0.491768 
0.990733 0.003466 0.002613 0.003187 
0.250000 0.250000 0.250000 0.250000 
  88
0.479817 0.002303 0.046210 
0.462778 0.995295 0.462022 
0.057405 0.002402 0.491768 
0.991050 0.003274 0.002816 0.002860 
0.250000 0.250000 0.250000 0.250000 
  89
0.479817 0.002303 0.046210 
0.462778 0.995295 0.462022 
0.057405 0.002402 0.491768 
0.002613 0.002613 0.991742 0.003031 
0.250000 0.250000 0.250000 0.250000 
  90
0.479817 0.002303 0.046210 
0.462778 0.995295 0.462022 
0.057405 0.002402 0.491768 
0.986473 0.006002 0.002614 0.004911 
0.250000 0.250000 0.250000 0.250000 
  91
0.479817 0.002303 0.046210 
0.462778 0.995295 0.462022 
0.057405 0.002402 0.491768 
0.004448 0.987757 0.004399 0.003396 
0.250000 0.250000 0.250000 0.250000 
  92
0.479817 0.002303 0.046210 
0.462778 0.995295 0.462022 
0.057405 0.002402 0.491768 
0.991206 0.003567 0.002613 0.002613 
0.250000 0.250000 0.250000 0.250000 
  93
0.479817 0.002303 0.046210 
0.462778 0.995295 0.462022 
0.057405 0.002402 0.491768 
0.003270 0.002904 0.990249 0.003577 
0.250000 0.250000 0.250000 0.250000 
  94
0.479817 0.002303 0.046210 
0.462778 0.995295 0.462022 
0.057405 0.002402 0.491768 
0.992160 0.002613 0.002613 0.002613 
0.250000 0.250000 0.250000 0.250000 
  95
0.479817 0.002303 0.046210 
0.462778 0.995295 0.462022 
0.057405 0.002402 0.491768 
0.002967 0.002613 0.991241 0.003178 
0.250000 0.250000 0.250000 0.250000 
  96
0.479817 0.002303 0.046210 
0.462778 0.995295 0.462022 
0.057405 0.002402 0.491768 
0.003200 0.002613 0.003633 0.990553 
0.250000 0.250000 0.250000 0.250000 
  97
0.479817 0.002303 0.046210 
0.462778 0.995295 0.462022 
0.057405 0.002402 0.491768 
0.003764 0.991010 0.002613 0.002613 
0.250000 0.250000 0.250000 0.250000 
  98
0.479817 0.002303 0.046210 
0.462778 0.995295 0.462022 
0.057405 0.002402 0.491768 
0.002833 0.004367 0.003111 0.989690 
0.250000 0.250000 0.250000 0.250000 
  99
0.479817 0.002303 0.046210 
0.462778 0.995295 0.462022 
0.057405 0.002402 0.491768 
0.986225 0.007030 0.002614 0.004131 
0.250000 0.250000 0.250000 0.250000 
 100
0.479817 0.002303 0.046210 
0.462778 0.995295 0.462022 
0.057405 0.002402 0.491768 
0.002935 0.988125 0.003919 0.005021 
0.250000 0.250000 0.250000 0.250000 
 101
0.479817 0.002303 0.046210 
0.462778 0.995295 0.462022 
0.057405 0.002402 0.491768 
0.991799 0.002613 0.002613 0.002974 
0.250000 0.250000 0.250000 0.250000 
 102
0.479817 0.002303 0.046210 
0.462778 0.995295 0.462022 
0.057405 0.002402 0.491768 
0.002614 0.002978 0.990220 0.004189 
0.250000 0.250000 0.250000 0.250000 
 103
0.479817 0.002303 0.046210 
0.462778 0.995295 0.462022 
0.057405 0.002402 0.491768 
0.991669 0.003105 0.002613 0.002613 
0.250000 0.250000 0.250000 0.250000 
 104
0.479817 0.002303 0.046210 
0.462778 0.995295 0.462022 
0.057405 0.002402 0.491768 
0.002613 0.002613 0.992160 0.002613 
0.250000 0.250000 0.250000 0.250000 
 105
0.479817 0.002303 0.046210 
0.462778 0.995295 0.462022 
0.057405 0.002402 0.491768 
0.986560 0.004687 0.005532 0.003220 
0.250000 0.250000 0.250000 0.250000 
 106
0.479817 0.002303 0.046210 
0.462778 0.995295 0.462022 
0.057405 0.002402 0.491768 
0.021301 0.970171 0.002614 0.005914 
0.250000 0.250000 0.250000 0.250000 
 107
0.479817 0.002303 0.046210 
0.462778 0.995295 0.462022 
0.057405 0.002402 0.491768 
0.003051 0.002613 0.002613 0.991722 
0.250000 0.250000 0.250000 0.250000 
 108
0.479817 0.002303 0.046210 
0.462778 0.995295 0.462022 
0.057405 0.002402 0.491768 
0.983854 0.009795 0.002828 0.003522 
0.250000 0.250000 0.250000 0.250000 
 109
0.479817 0.002303 0.046210 
0.462778 0.995295 0.462022 
0.057405 0.002402 0.491768 
0.003007 0.002614 0.987520 0.006860 
0.250000 0.250000 0.250000 0.250000 
 110
0.479817 0.002303 0.046210 
0.462778 0.995295 0.462022 
0.057405 0.002402 0.491768 
0.002613 0.005263 0.002613 0.989510 
0.250000 0.250000 0.250000 0.250000 
 111
0.479817 0.002303 0.046210 
0.462778 0.995295 0.462022 
0.057405 0.002402 0.491768 
0.988774 0.005335 0.002877 0.003014 
0.250000 0.250000 0.250000 0.250000 
 112
0.479817 0.002303 0.046210 
0.462778 0.995295 0.462022 
0.057405 0.002402 0.491768 
0.003786 0.990987 0.002614 0.002614 
0.250000 0.250000 0.250000 0.250000 
 113
0.479817 0.002303 0.046210 
0.462778 0.995295 0.462022 
0.057405 0.002402 0.491768 
0.990221 0.004281 0.002885 0.002614 
0.250000 0.250000 0.250000 0.250000 
 114
0.479817 0.002303 0.046210 
0.462778 0.995295 0.462022 
0.057405 0.002402 0.491768 
0.985149 0.009312 0.002926 0.002614 
0.250000 0.250000 0.250000 0.250000 
 115
0.479817 0.002303 0.046210 
0.462778 0.995295 0.462022 
0.057405 0.002402 0.491768 
0.989184 0.005589 0.002614 0.002614 
0.250000 0.250000 0.250000 0.250000 
 116
0.479817 0.002303 0.046210 
0.462778 0.995295 0.462022 
0.057405 0.002402 0.491768 
0.986065 0.006218 0.002613 0.005103 
0.250000 0.250000 0.250000 0.250000 
 117
0.479817 0.002303 0.046210 
0.462778 0.995295 0.462022 
0.057405 0.002402 0.491768 
0.005255 0.989518 0.002613 0.002613 
0.250000 0.250000 0.250000 0.250000 
 118
0.479817 0.002303 0.046210 
0.462778 0.995295 0.462022 
0.057405 0.002402 0.491768 
0.991615 0.003158 0.002613 0.002613 
0.250000 0.250000 0.250000 0.250000 
 119
0.479817 0.002303 0.046210 
0.462778 0.995295 0.462022 
0.057405 0.002402 0.491768 
0.990656 0.002613 0.004118 0.002613 
0.250000 0.250000 0.250000 0.250000 
 120
0.479817 0.002303 0.046210 
0.462778 0.995295 0.462022 
0.057405 0.002402 0.491768 
0.003231 0.002613 0.005610 0.988546 
0.250000 0.250000 0.250000 0.250000 
 121
0.479817 0.002303 0.046210 
0.462778 0.995295 0.462022 
0.057405 0.002402 0.491768 
0.004905 0.989592 0.002614 0.002889 
0.250000 0.250000 0.250000 0.250000 
 122
0.479817 0.002303 0.046210 
0.462778 0.995295 0.462022 
0.057405 0.002402 0.491768 
0.002613 0.002613 0.003130 0.991643 
0.250000 0.250000 0.250000 0.250000 
 123
0.479817 0.002303 0.046210 
0.462778 0.995295 0.462022 
0.057405 0.002402 0.491768 
0.986577 0.007438 0.003372 0.002613 
0.250000 0.250000 0.250000 0.250000 
 124
0.479817 0.002303 0.046210 
0.462778 0.995295 0.462022 
0.057405 0.002402 0.491768 
0.989717 0.002975 0.004489 0.002819 
0.250000 0.250000 0.250000 0.250000 
 125
0.479817 0.002303 0.046210 
0.462778 0.995295 0.462022 
0.057405 0.002402 0.491768 
0.004972 0.002613 0.987930 0.004485 
0.250000 0.250000 0.250000 0.250000 
 126
0.479817 0.002303 0.046210 
0.462778 0.995295 0.462022 
0.057405 0.002402 0.491768 
0.985960 0.004702 0.006202 0.003135 
0.250000 0.250000 0.250000 0.250000 
 127
0.479817 0.002303 0.046210 
0.462778 0.995295 0.462022 
0.057405 0.002402 0.491768 
0.003141 0.991632 0.002613 0.002613 
0.250000 0.250000 0.250000 0.250000 
 128
0.479817 0.002303 0.046210 
0.462778 0.995295 0.462022 
0.057405 0.002402 0.491768 
0.002614 0.004118 0.002931 0.990337 
0.250000 0.250000 0.250000 0.250000 
 129
0.479817 0.002303 0.046210 
0.462778 0.995295 0.462022 
0.057405 0.002402 0.491768 
0.987296 0.005427 0.004263 0.003014 
0.250000 0.250000 0.250000 0.250000 
 130
0.479817 0.002303 0.046210 
0.462778 0.995295 0.462022 
0.057405 0.002402 0.491768 
0.992160 0.002613 0.002613 0.002613 
0.250000 0.250000 0.250000 0.250000 
 131
0.479817 0.002303 0.046210 
0.462778 0.995295 0.462022 
0.057405 0.002402 0.491768 
0.002613 0.002613 0.992160 0.002613 
0.250000 0.250000 0.250000 0.250000 
 132
0.479817 0.002303 0.046210 
0.462778 0.995295 0.462022 
0.057405 0.002402 0.491768 
0.974898 0.004397 0.002613 0.018092 
0.250000 0.250000 0.250000 0.250000 
 133
0.479817 0.002303 0.046210 
0.462778 0.995295 0.462022 
0.057405 0.002402 0.491768 
0.002873 0.002613 0.991640 0.002874 
0.250000 0.250000 0.250000 0.250000 
 134
0.479817 0.002303 0.046210 
0.462778 0.995295 0.462022 
0.057405 0.002402 0.491768 
0.989079 0.005694 0.002613 0.002613 
0.250000 0.250000 0.250000 0.250000 
 135
0.479817 0.002303 0.046210 
0.462778 0.995295 0.462022 
0.057405 0.002402 0.491768 
0.003330 0.002613 0.983252 0.010804 
0.250000 0.250000 0.250000 0.250000 
 136
0.479817 0.002303 0.046210 
0.462778 0.995295 0.462022 
0.057405 0.002402 0.491768 
0.002614 0.002958 0.002614 0.991815 
0.250000 0.250000 0.250000 0.250000 
 137
0.479817 0.002303 0.046210 
0.462778 0.995295 0.462022 
0.057405 0.002402 0.491768 
0.002614 0.002614 0.992159 0.002614 
0.250000 0.250000 0.250000 0.250000 
 138
0.479817 0.002303 0.046210 
0.462778 0.995295 0.462022 
0.057405 0.002402 0.491768 
0.003689 0.003126 0.006807 0.986378 
0.250000 0.250000 0.250000 0.250000 
 139
0.479817 0.002303 0.046210 
0.462778 0.995295 0.462022 
0.057405 0.002402 0.491768 
0.004433 0.989739 0.002614 0.003214 
0.250000 0.250000 0.250000 0.250000 
 140
0.479817 0.002303 0.046210 
0.462778 0.995295 0.462022 
0.057405 0.002402 0.491768 
0.002614 0.002614 0.007794 0.986979 
0.250000 0.250000 0.250000 0.250000 
 141
0.479817 0.002303 0.046210 
0.462778 0.995295 0.462022 
0.057405 0.002402 0.491768 
0.003044 0.003226 0.013047 0.980684 
0.250000 0.250000 0.250000 0.250000 
 142
0.479817 0.002303 0.046210 
0.462778 0.995295 0.462022 
0.057405 0.002402 0.491768 
0.975881 0.017140 0.002861 0.004119 
0.250000 0.250000 0.250000 0.250000 
 143
0.479817 0.002303 0.046210 
0.462778 0.995295 0.462022 
0.057405 0.002402 0.491768 
0.991355 0.003417 0.002614 0.002614 
0.250000 0.250000 0.250000 0.250000 
 144
0.479817 0.002303 0.046210 
0.462778 0.995295 0.462022 
0.057405 0.002402 0.491768 
0.002614 0.002614 0.859472 0.135300 
0.250000 0.250000 0.250000 0.250000 
 145
0.479817 0.002303 0.046210 
0.462778 0.995295 0.462022 
0.057405 0.002402 0.491768 
0.033579 0.002614 0.961193 0.002614 
0.250000 0.250000 0.250000 0.250000 
 146
0.479817 0.002303 0.046210 
0.462778 0.995295 0.462022 
0.057405 0.002402 0.491768 
0.002614 0.002614 0.002614 0.992158 
0.250000 0.250000 0.250000 0.250000 
 147
0.479817 0.002303 0.046210 
0.462778 0.995295 0.462022 
0.057405 0.002402 0.491768 
0.002614 0.002865 0.007349 0.987172 
0.250000 0.250000 0.250000 0.250000 
 148
0.479817 0.002303 0.046210 
0.462778 0.995295 0.462022 
0.057405 0.002402 0.491768 
0.004559 0.002614 0.985596 0.007231 
0.250000 0.250000 0.250000 0.250000 
 149
0.479817 0.002303 0.046210 
0.462778 0.995295 0.462022 
0.057405 0.002402 0.491768 
0.002614 0.002614 0.002614 0.992159 
0.250000 0.250000 0.250000 0.250000 
 150
0.479817 0.002303 0.046210 
0.462778 0.995295 0.462022 
0.057405 0.002402 0.491768 
0.990376 0.003736 0.003066 0.002822 
0.250000 0.250000 0.250000 0.250000 
 151
0.479817 0.002303 0.046210 
0.462778 0.995295 0.462022 
0.057405 0.002402 0.491768 
0.005636 0.988353 0.003397 0.002614 
0.250000 0.250000 0.250000 0.250000 
 152
0.479817 0.002303 0.046210 
0.462778 0.995295 0.462022 
0.057405 0.002402 0.491768 
0.991655 0.003118 0.002614 0.002614 
0.250000 0.250000 0.250000 0.250000 
 153
0.479817 0.002303 0.046210 
0.462778 0.995295 0.462022 
0.057405 0.002402 0.491768 
0.990334 0.004439 0.002613 0.002613 
0.250000 0.250000 0.250000 0.250000 
 154
0.479817 0.002303 0.046210 
0.462778 0.995295 0.462022 
0.057405 0.002402 0.491768 
0.005936 0.986046 0.002614 0.005405 
0.250000 0.250000 0.250000 0.250000 
 155
0.479817 0.002303 0.046210 
0.462778 0.995295 0.462022 
0.057405 0.002402 0.491768 
0.989228 0.005139 0.002613 0.003019 
0.250000 0.250000 0.250000 0.250000 
 156
0.479817 0.002303 0.046210 
0.462778 0.995295 0.462022 
0.057405 0.002402 0.491768 
0.004425 0.002613 0.989436 0.003526 
0.250000 0.250000 0.250000 0.250000 
 157
0.479817 0.002303 0.046210 
0.462778 0.995295 0.462022 
0.057405 0.002402 0.491768 
0.990477 0.004026 0.002883 0.002613 
0.250000 0.250000 0.250000 0.250000 
 158
0.479817 0.002303 0.046210 
0.462778 0.995295 0.462022 
0.057405 0.002402 0.491768 
0.990454 0.004021 0.002613 0.002911 
0.250000 0.250000 0.250000 0.250000 
 159
0.479817 0.002303 0.046210 
0.462778 0.995295 0.462022 
0.057405 0.002402 0.491768 
0.029166 0.963948 0.002614 0.004272 
0.250000 0.250000 0.250000 0.250000 
 160
0.479817 0.002303 0.046210 
0.462778 0.995295 0.462022 
0.057405 0.002402 0.491768 
0.003965 0.002613 0.990289 0.003133 
0.250000 0.250000 0.250000 0.250000 
 161
0.479817 0.002303 0.046210 
0.462778 0.995295 0.462022 
0.057405 0.002402 0.491768 
0.987893 0.005263 0.004230 0.002613 
0.250000 0.250000 0.250000 0.250000 
 162
0.479817 0.002303 0.046210 
0.462778 0.995295 0.462022 
0.057405 0.002402 0.491768 
0.002916 0.002613 0.007325 0.987145 
0.250000 0.250000 0.250000 0.250000 
 163
0.479817 0.002303 0.046210 
0.462778 0.995295 0.462022 
0.057405 0.002402 0.491768 
0.978244 0.016280 0.002614 0.002862 
0.250000 0.250000 0.250000 0.250000 
 164
0.479817 0.002303 0.046210 
0.462778 0.995295 0.462022 
0.057405 0.002402 0.491768 
0.986284 0.008117 0.002985 0.002613 
0.250000 0.250000 0.250000 0.250000 
 165
0.479817 0.002303 0.046210 
0.462778 0.995295 0.462022 
0.057405 0.002402 0.491768 
0.002878 0.002613 0.971927 0.022581 
0.250000 0.250000 0.250000 0.250000 
 166
0.479817 0.002303 0.046210 
0.462778 0.995295 0.462022 
0.057405 0.002402 0.491768 
0.004249 0.990116 0.002613 0.003022 
0.250000 0.250000 0.250000 0.250000 
 167
0.479817 0.002303 0.046210 
0.462778 0.995295 0.462022 
0.057405 0.002402 0.491768 
0.006747 0.986844 0.002613 0.003796 
0.250000 0.250000 0.250000 0.250000 
 168
0.479817 0.002303 0.046210 
0.462778 0.995295 0.462022 
0.057405 0.002402 0.491768 
0.014974 0.979436 0.002613 0.002977 
0.250000 0.250000 0.250000 0.250000 
 169
0.479817 0.002303 0.046210 
0.462778 0.995295 0.462022 
0.057405 0.002402 0.491768 
0.991810 0.002963 0.002613 0.002613 
0.250000 0.250000 0.250000 0.250000 
 170
0.479817 0.002303 0.046210 
0.462778 0.995295 0.462022 
0.057405 0.002402 0.491768 
0.990875 0.003640 0.002871 0.002613 
0.250000 0.250000 0.250000 0.250000 
 171
0.479817 0.002303 0.046210 
0.462778 0.995295 0.462022 
0.057405 0.002402 0.491768 
0.984522 0.010251 0.002613 0.002613 
0.250000 0.250000 0.250000 0.250000 
 172
0.479817 0.002303 0.046210 
0.462778 0.995295 0.462022 
0.057405 0.002402 0.491768 
0.003082 0.002614 0.975335 0.018970 
0.250000 0.250000 0.250000 0.250000 
 173
0.479817 0.002303 0.046210 
0.462778 0.995295 0.462022 
0.057405 0.002402 0.491768 
0.002613 0.002613 0.002613 0.992160 
0.250000 0.250000 0.250000 0.250000 
 174
0.479817 0.002303 0.046210 
0.462778 0.995295 0.462022 
0.057405 0.002402 0.491768 
0.989132 0.003592 0.004663 0.002613 
0.250000 0.250000 0.250000 0.250000 
 175
0.479817 0.002303 0.046210 
0.462778 0.995295 0.462022 
0.057405 0.002402 0.491768 
0.002613 0.002613 0.002613 0.992160 
0.250000 0.250000 0.250000 0.250000 
 176
0.479817 0.002303 0.046210 
0.462778 0.995295 0.462022 
0.057405 0.002402 0.491768 
0.002613 0.992160 0.002613 0.002613 
0.250000 0.250000 0.250000 0.250000 
 177
0.479817 0.002303 0.046210 
0.462778 0.995295 0.462022 
0.057405 0.002402 0.491768 
0.002614 0.002614 0.989261 0.005512 
0.250000 0.250000 0.250000 0.250000 
 178
0.479817 0.002303 0.046210 
0.462778 0.995295 0.462022 
0.057405 0.002402 0.491768 
0.989437 0.002956 0.004993 0.002614 
0.250000 0.250000 0.250000 0.250000 
 179
0.479817 0.002303 0.046210 
0.462778 0.995295 0.462022 
0.057405 0.002402 0.491768 
0.989743 0.004781 0.002613 0.002863 
0.250000 0.250000 0.250000 0.250000 
 180
0.479817 0.002303 0.046210 
0.462778 0.995295 0.462022 
0.057405 0.002402 0.491768 
0.987198 0.004925 0.005263 0.002613 
0.250000 0.250000 0.250000 0.250000 
 181
0.479817 0.002303 0.046210 
0.462778 0.995295 0.462022 
0.057405 0.002402 0.491768 
0.004318 0.002614 0.986978 0.006091 
0.250000 0.250000 0.250000 0.250000 
 182
0.479817 0.002303 0.046210 
0.462778 0.995295 0.462022 
0.057405 0.002402 0.491768 
0.002614 0.002614 0.003146 0.991626 
0.250000 0.250000 0.250000 0.250000 
 183
0.479817 0.002303 0.046210 
0.462778 0.995295 0.462022 
0.057405 0.002402 0.491768 
0.958392 0.035306 0.003421 0.002881 
0.250000 0.250000 0.250000 0.250000 
 184
0.479817 0.002303 0.046210 
0.462778 0.995295 0.462022 
0.057405 0.002402 0.491768 
0.984398 0.009025 0.003962 0.002614 
0.250000 0.250000 0.250000 0.250000 
 185
0.479817 0.002303 0.046210 
0.462778 0.995295 0.462022 
0.057405 0.002402 0.491768 
0.014878 0.979245 0.002827 0.003051 
0.250000 0.250000 0.250000 0.250000 
 186
0.479817 0.002303 0.046210 
0.462778 0.995295 0.462022 
0.057405 0.002402 0.491768 
0.990145 0.004193 0.002615 0.003046 
0.250000 0.250000 0.250000 0.250000 
 187
0.479817 0.002303 0.046210 
0.462778 0.995295 0.462022 
0.057405 0.002402 0.491768 
0.002615 0.992155 0.002615 0.002615 
0.250000 0.250000 0.250000 0.250000 
 188
0.479817 0.002303 0.046210 
0.462778 0.995295 0.462022 
0.057405 0.002402 0.491768 
0.003875 0.990896 0.002614 0.002614 
0.250000 0.250000 0.250000 0.250000 
 189
0.479817 0.002303 0.046210 
0.462778 0.995295 0.462022 
0.057405 0.002402 0.491768 
0.013628 0.980656 0.002614 0.003102 
0.250000 0.250000 0.250000 0.250000 
 190
0.479817 0.002303 0.046210 
0.462778 0.995295 0.462022 
0.057405 0.002402 0.491768 
0.015121 0.979405 0.002614 0.002860 
0.250000 0.250000 0.250000 0.250000 
 191
0.479817 0.002303 0.046210 
0.462778 0.995295 0.462022 
0.057405 0.002402 0.491768 
0.003649 0.005157 0.006556 0.984638 
0.250000 0.250000 0.250000 0.250000 
 192
0.479817 0.002303 0.046210 
0.462778 0.995295 0.462022 
0.057405 0.002402 0.491768 
0.988755 0.004980 0.002616 0.003650 
0.250000 0.250000 0.250000 0.250000 
 193
0.479817 0.002303 0.046210 
0.462778 0.995295 0.462022 
0.057405 0.002402 0.491768 
0.007991 0.982985 0.003278 0.005745 
0.250000 0.250000 0.250000 0.250000 
 194
0.479817 0.002303 0.046210 
0.462778 0.995295 0.462022 
0.057405 0.002402 0.491768 
0.002892 0.002614 0.990548 0.003947 
0.250000 0.250000 0.250000 0.250000 
 195
0.479817 0.002303 0.046210 
0.462778 0.995295 0.462022 
0.057405 0.002402 0.491768 
0.002613 0.002613 0.990417 0.004356 
0.250000 0.250000 0.250000 0.250000 
 196
0.479817 0.002303 0.046210 
0.462778 0.995295 0.462022 
0.057405 0.002402 0.491768 
0.002614 0.002614 0.991712 0.003061 
0.250000 0.250000 0.250000 0.250000 
 197
0.479817 0.002303 0.046210 
0.462778 0.995295 0.462022 
0.057405 0.002402 0.491768 
0.002863 0.002613 0.991663 0.002860 
0.250000 0.250000 0.250000 0.250000 
 198
0.479817 0.002303 0.046210 
0.462778 0.995295 0.462022 
0.057405 0.002402 0.491768 
0.990549 0.003293 0.002919 0.003240 
0.250000 0.250000 0.250000 0.250000 
 199
0.479817 0.002303 0.046210 
0.462778 0.995295 0.462022 
0.057405 0.002402 0.491768 
0.002613 0.002864 0.005148 0.989374 
0.250000 0.250000 0.250000 0.250000 
 200
0.479817 0.002303 0.046210 
0.462778 0.995295 0.462022 
0.057405 0.002402 0.491768 
0.002613 0.002613 0.002613 0.992160 
0.250000 0.250000 0.250000 0.250000 
 201
0.479817 0.002303 0.046210 
0.462778 0.995295 0.462022 
0.057405 0.002402 0.491768 
0.014105 0.980668 0.002613 0.002613 
0.250000 0.250000 0.250000 0.250000 
 202
0.479817 0.002303 0.046210 
0.462778 0.995295 0.462022 
0.057405 0.002402 0.491768 
0.002613 0.002613 0.991574 0.003199 
0.250000 0.250000 0.250000 0.250000 
 203
0.479817 0.002303 0.046210 
0.462778 0.995295 0.462022 
0.057405 0.002402 0.491768 
0.988757 0.003511 0.002613 0.005118 
0.250000 0.250000 0.250000 0.250000 
 204
0.479817 0.002303 0.046210 
0.462778 0.995295 0.462022 
0.057405 0.002402 0.491768 
0.002850 0.002872 0.003479 0.990800 
0.250000 0.250000 0.250000 0.250000 
 205
0.479817 0.002303 0.046210 
0.462778 0.995295 0.462022 
0.057405 0.002402 0.491768 
0.002613 0.002613 0.010039 0.984735 
0.250000 0.250000 0.250000 0.250000 
 206
0.479817 0.002303 0.046210 
0.462778 0.995295 0.462022 
0.057405 0.002402 0.491768 
0.002613 0.002613 0.002613 0.992160 
0.250000 0.250000 0.250000 0.250000 
 207
0.479817 0.002303 0.046210 
0.462778 0.995295 0.462022 
0.057405 0.002402 0.491768 
0.010772 0.984001 0.002613 0.002613 
0.250000 0.250000 0.250000 0.250000 
 208
0.479817 0.002303 0.046210 
0.462778 0.995295 0.462022 
0.057405 0.002402 0.491768 
0.003076 0.991698 0.002613 0.002613 
0.250000 0.250000 0.250000 0.250000 
 209
0.479817 0.002303 0.046210 
0.462778 0.995295 0.462022 
0.057405 0.002402 0.491768 
0.003339 0.991434 0.002613 0.002613 
0.250000 0.250000 0.250000 0.250000 
 210
0.479817 0.002303 0.046210 
0.462778 0.995295 0.462022 
0.057405 0.002402 0.491768 
0.007901 0.002845 0.011093 0.978162 
0.250000 0.250000 0.250000 0.250000 
 211
0.479817 0.002303 0.046210 
0.462778 0.995295 0.462022 
0.057405 0.002402 0.491768 
0.986890 0.005378 0.002613 0.005118 
0.250000 0.250000 0.250000 0.250000 
 212
0.479817 0.002303 0.046210 
0.462778 0.995295 0.462022 
0.057405 0.002402 0.491768 
0.987123 0.007194 0.002816 0.002867 
0.250000 0.250000 0.250000 0.250000 
 213
0.479817 0.002303 0.046210 
0.462778 0.995295 0.462022 
0.057405 0.002402 0.491768 
0.985027 0.003395 0.005935 0.005643 
0.250000 0.250000 0.250000 0.250000 
 214
0.479817 0.002303 0.046210 
0.462778 0.995295 0.462022 
0.057405 0.002402 0.491768 
0.002613 0.002613 0.002613 0.992160 
0.250000 0.250000 0.250000 0.250000 
 215
0.479817 0.002303 0.046210 
0.462778 0.995295 0.462022 
0.057405 0.002402 0.491768 
0.002613 0.992160 0.002613 0.002613 
0.250000 0.250000 0.250000 0.250000 
 216
0.479817 0.002303 0.046210 
0.462778 0.995295 0.462022 
0.057405 0.002402 0.491768 
0.002614 0.002614 0.007476 0.987296 
0.250000 0.250000 0.250000 0.250000 
 217
0.479817 0.002303 0.046210 
0.462778 0.995295 0.462022 
0.057405 0.002402 0.491768 
0.985056 0.004563 0.005263 0.005118 
0.250000 0.250000 0.250000 0.250000 
 218
0.479817 0.002303 0.046210 
0.462778 0.995295 0.462022 
0.057405 0.002402 0.491768 
0.988085 0.006308 0.002994 0.002613 
0.250000 0.250000 0.250000 0.250000 
 219
0.479817 0.002303 0.046210 
0.462778 0.995295 0.462022 
0.057405 0.002402 0.491768 
0.002873 0.002613 0.988628 0.005886 
0.250000 0.250000 0.250000 0.250000 
 220
0.479817 0.002303 0.046210 
0.462778 0.995295 0.462022 
0.057405 0.002402 0.491768 
0.987212 0.002817 0.004853 0.005118 
0.250000 0.250000 0.250000 0.250000 
 221
0.479817 0.002303 0.046210 
0.462778 0.995295 0.462022 
0.057405 0.002402 0.491768 
0.002613 0.002613 0.003563 0.991211 
0.250000 0.250000 0.250000 0.250000 
 222
0.479817 0.002303 0.046210 
0.462778 0.995295 0.462022 
0.057405 0.002402 0.491768 
0.010833 0.003227 0.007888 0.978052 
0.250000 0.250000 0.250000 0.250000 
 223
0.479817 0.002303 0.046210 
0.462778 0.995295 0.462022 
0.057405 0.002402 0.491768 
0.002613 0.992160 0.002613 0.002613 
0.250000 0.250000 0.250000 0.250000 
 224
0.479817 0.002303 0.046210 
0.462778 0.995295 0.462022 
0.057405 0.002402 0.491768 
0.002614 0.002614 0.992159 0.002614 
0.250000 0.250000 0.250000 0.250000 
 225
0.479817 0.002303 0.046210 
0.462778 0.995295 0.462022 
0.057405 0.002402 0.491768 
0.006064 0.026147 0.003719 0.964070 
0.250000 0.250000 0.250000 0.250000 
 226
0.479817 0.002303 0.046210 
0.462778 0.995295 0.462022 
0.057405 0.002402 0.491768 
0.003019 0.991754 0.002613 0.002613 
0.250000 0.250000 0.250000 0.250000 
 227
0.479817 0.002303 0.046210 
0.462778 0.995295 0.462022 
0.057405 0.002402 0.491768 
0.002613 0.992160 0.002613 0.002613 
0.250000 0.250000 0.250000 0.250000 
 228
0.479817 0.002303 0.046210 
0.462778 0.995295 0.462022 
0.057405 0.002402 0.491768 
0.005213 0.003058 0.986711 0.005018 
0.250000 0.250000 0.250000 0.250000 
 229
0.479817 0.002303 0.046210 
0.462778 0.995295 0.462022 
0.057405 0.002402 0.491768 
0.003311 0.002613 0.002937 0.991139 
0.250000 0.250000 0.250000 0.250000 
 230
0.479817 0.002303 0.046210 
0.462778 0.995295 0.462022 
0.057405 0.002402 0.491768 
0.002613 0.992160 0.002613 0.002613 
0.250000 0.250000 0.250000 0.250000 
 231
0.479817 0.002303 0.046210 
0.462778 0.995295 0.462022 
0.057405 0.002402 0.491768 
0.002613 0.992160 0.002613 0.002613 
0.250000 0.250000 0.250000 0.250000 
 232
0.479817 0.002303 0.046210 
0.462778 0.995295 0.462022 
0.057405 0.002402 0.491768 
0.988180 0.003742 0.005263 0.002814 
0.250000 0.250000 0.250000 0.250000 
 233
0.479817 0.002303 0.046210 
0.462778 0.995295 0.462022 
0.057405 0.002402 0.491768 
0.002613 0.002613 0.005138 0.989635 
0.250000 0.250000 0.250000 0.250000 
 234
0.479817 0.002303 0.046210 
