%  SAM: /scicomp/home/vfn4/Tools/LABEL_RES/scripts/modelfromalign v3.5 (July 15, 2005) compiled 12/08/06_16:15:55
%  (c) 1992-2001 Regents of the University of California, Santa Cruz
%
%          Sequence Alignment and Modeling Software System
%         http://www.cse.ucsc.edu/research/compbio/sam.html
%
% ----------------- Citations (SAM, SAM-T2K, HMMs) --------------------
% R. Hughey, A. Krogh, Hidden Markov models for sequence analysis:
%  Extension and analysis of the basic method, CABIOS 12:95-107, 1996.
% K. Karplus, et al., What is the value added by human intervention in protein
%  structure prediction, Proteins: Stucture, Function, Genetics 45(S5):86--91, 2001.
% A. Krogh et al., Hidden Markov models in computational biology:
%  Applications to protein modeling, JMB 235:1501-1531, Feb 1994.
% ---------------------------------------------------------------------
%  A_MP_hmm   Host: login.aspen.biotech.cdc.gov    Mon Aug 25 12:50:19 2014
%  vfn4       Dir:  /scicomp/home/vfn4/IRMA/train3/OG
% ---------------------------------------------------------------------
%  Alignment weights from internal calc.  Total (93.53) Max (0.25) Min (0.01)
%  Weights from alignment method 1 (karplus), b=-1.000000, e=0.500000
MODEL --  Model from alignment file /scicomp/home/vfn4/Tools/LABEL_RES/training_data/irmaOG/A_MP.fasta
alphabet DNA
FREQAVE
0.000000 0.000000 0.000000 
0.000000 0.000000 0.000000 
0.000000 0.000000 0.000000 
0.284457 0.265249 0.213779 0.236515 
0.284457 0.265249 0.213779 0.236515 
Begin
0.000000 0.000000 0.000000 
0.000000 0.000000 0.000000 
0.000000 0.002427 0.491768 
0.250000 0.250000 0.250000 0.250000 
0.250000 0.250000 0.250000 0.250000 
   1
0.000000 0.002766 0.046210 
0.000000 0.994807 0.462022 
0.056711 0.002428 0.491768 
0.992062 0.002646 0.002646 0.002646 
0.250000 0.250000 0.250000 0.250000 
   2
0.486108 0.002328 0.046210 
0.457181 0.995244 0.462022 
0.056711 0.002428 0.491768 
0.002646 0.002646 0.002646 0.992062 
0.250000 0.250000 0.250000 0.250000 
   3
0.486108 0.002328 0.046210 
0.457181 0.995244 0.462022 
0.056711 0.002428 0.491768 
0.002646 0.992062 0.002646 0.002646 
0.250000 0.250000 0.250000 0.250000 
   4
0.486108 0.002328 0.046210 
0.457181 0.995244 0.462022 
0.056711 0.002428 0.491768 
0.991495 0.003213 0.002646 0.002646 
0.250000 0.250000 0.250000 0.250000 
   5
0.486108 0.002328 0.046210 
0.457181 0.995244 0.462022 
0.056711 0.002428 0.491768 
0.002973 0.988337 0.003053 0.005637 
0.250000 0.250000 0.250000 0.250000 
   6
0.486108 0.002328 0.046210 
0.457181 0.995244 0.462022 
0.056711 0.002428 0.491768 
0.002646 0.002646 0.233331 0.761376 
0.250000 0.250000 0.250000 0.250000 
   7
0.486108 0.002328 0.046210 
0.457181 0.995244 0.462022 
0.056711 0.002428 0.491768 
0.002646 0.002646 0.989243 0.005464 
0.250000 0.250000 0.250000 0.250000 
   8
0.486108 0.002328 0.046210 
0.457181 0.995244 0.462022 
0.056711 0.002428 0.491768 
0.004604 0.003159 0.003283 0.988954 
0.250000 0.250000 0.250000 0.250000 
   9
0.486108 0.002328 0.046210 
0.457181 0.995244 0.462022 
0.056711 0.002428 0.491768 
0.002646 0.004524 0.003498 0.989332 
0.250000 0.250000 0.250000 0.250000 
  10
0.486108 0.002328 0.046210 
0.457181 0.995244 0.462022 
0.056711 0.002428 0.491768 
0.002646 0.002646 0.986147 0.008560 
0.250000 0.250000 0.250000 0.250000 
  11
0.486108 0.002328 0.046210 
0.457181 0.995244 0.462022 
0.056711 0.002428 0.491768 
0.002646 0.003482 0.003824 0.990048 
0.250000 0.250000 0.250000 0.250000 
  12
0.486108 0.002328 0.046210 
0.457181 0.995244 0.462022 
0.056711 0.002428 0.491768 
0.939964 0.049862 0.003313 0.006860 
0.250000 0.250000 0.250000 0.250000 
  13
0.486108 0.002328 0.046210 
0.457181 0.995244 0.462022 
0.056711 0.002428 0.491768 
0.987718 0.002646 0.004447 0.005189 
0.250000 0.250000 0.250000 0.250000 
  14
0.486108 0.002328 0.046210 
0.457181 0.995244 0.462022 
0.056711 0.002428 0.491768 
0.004829 0.002646 0.989879 0.002646 
0.250000 0.250000 0.250000 0.250000 
  15
0.480416 0.002328 0.046210 
0.462873 0.995244 0.462022 
0.057036 0.002428 0.491768 
0.018734 0.008063 0.964544 0.008659 
0.250000 0.250000 0.250000 0.250000 
  16
0.483166 0.002327 0.046210 
0.459798 0.995245 0.462022 
0.057036 0.002428 0.491768 
0.003475 0.991234 0.002645 0.002645 
0.250000 0.250000 0.250000 0.250000 
  17
0.483166 0.002327 0.046210 
0.459798 0.995245 0.462022 
0.057036 0.002428 0.491768 
0.990703 0.004007 0.002645 0.002645 
0.250000 0.250000 0.250000 0.250000 
  18
0.483166 0.002327 0.046210 
0.459798 0.995245 0.462022 
0.057036 0.002428 0.491768 
0.005329 0.989380 0.002645 0.002645 
0.250000 0.250000 0.250000 0.250000 
  19
0.483166 0.002327 0.046210 
0.459798 0.995245 0.462022 
0.057036 0.002428 0.491768 
0.003212 0.991497 0.002645 0.002645 
0.250000 0.250000 0.250000 0.250000 
  20
0.483166 0.002327 0.046210 
0.459798 0.995245 0.462022 
0.057036 0.002428 0.491768 
0.002645 0.002645 0.002645 0.992064 
0.250000 0.250000 0.250000 0.250000 
  21
0.483166 0.002327 0.046210 
0.459798 0.995245 0.462022 
0.057036 0.002428 0.491768 
0.005021 0.002958 0.981898 0.010123 
0.250000 0.250000 0.250000 0.250000 
  22
0.483166 0.002327 0.046210 
0.459798 0.995245 0.462022 
0.057036 0.002428 0.491768 
0.003474 0.991235 0.002645 0.002645 
0.250000 0.250000 0.250000 0.250000 
  23
0.483166 0.002327 0.046210 
0.459798 0.995245 0.462022 
0.057036 0.002428 0.491768 
0.986903 0.006302 0.004149 0.002646 
0.250000 0.250000 0.250000 0.250000 
  24
0.483166 0.002327 0.046210 
0.459798 0.995245 0.462022 
0.057036 0.002428 0.491768 
0.984582 0.008098 0.003978 0.003342 
0.250000 0.250000 0.250000 0.250000 
  25
0.483166 0.002327 0.046210 
0.459798 0.995245 0.462022 
0.057036 0.002428 0.491768 
0.987846 0.005426 0.004083 0.002645 
0.250000 0.250000 0.250000 0.250000 
  26
0.483166 0.002327 0.046210 
0.459798 0.995245 0.462022 
0.057036 0.002428 0.491768 
0.003062 0.002973 0.990899 0.003065 
0.250000 0.250000 0.250000 0.250000 
  27
0.483166 0.002387 0.046210 
0.459798 0.995185 0.462022 
0.056941 0.002428 0.491768 
0.002646 0.991378 0.002646 0.003331 
0.250000 0.250000 0.250000 0.250000 
  28
0.484021 0.003362 0.046210 
0.459038 0.994210 0.462022 
0.055358 0.002431 0.491768 
0.002649 0.002649 0.002649 0.992054 
0.250000 0.250000 0.250000 0.250000 
  29
0.498365 0.002330 0.046210 
0.446276 0.995240 0.462022 
0.055358 0.002431 0.491768 
0.987324 0.002982 0.005130 0.004564 
0.250000 0.250000 0.250000 0.250000 
  30
0.498365 0.002330 0.046210 
0.446276 0.995240 0.462022 
0.055358 0.002431 0.491768 
0.003742 0.002649 0.727962 0.265647 
0.250000 0.250000 0.250000 0.250000 
  31
0.498365 0.002330 0.046210 
0.446276 0.995240 0.462022 
0.055358 0.002431 0.491768 
0.003116 0.988984 0.002649 0.005251 
0.250000 0.250000 0.250000 0.250000 
  32
0.498365 0.002330 0.046210 
0.446276 0.995240 0.462022 
0.055358 0.002431 0.491768 
0.003051 0.002649 0.005522 0.988778 
0.250000 0.250000 0.250000 0.250000 
  33
0.498365 0.002330 0.046210 
0.446276 0.995240 0.462022 
0.055358 0.002431 0.491768 
0.003377 0.002649 0.003503 0.990472 
0.250000 0.250000 0.250000 0.250000 
  34
0.498365 0.002330 0.046210 
0.446276 0.995240 0.462022 
0.055358 0.002431 0.491768 
0.004912 0.003099 0.983399 0.008590 
0.250000 0.250000 0.250000 0.250000 
  35
0.498365 0.002330 0.046210 
0.446276 0.995240 0.462022 
0.055358 0.002431 0.491768 
0.004911 0.002649 0.003721 0.988719 
0.250000 0.250000 0.250000 0.250000 
  36
0.498365 0.002330 0.046210 
0.446276 0.995240 0.462022 
0.055358 0.002431 0.491768 
0.004425 0.002649 0.814737 0.178189 
0.250000 0.250000 0.250000 0.250000 
  37
0.498365 0.002330 0.046210 
0.446276 0.995240 0.462022 
0.055358 0.002431 0.491768 
0.002649 0.002649 0.003282 0.991421 
0.250000 0.250000 0.250000 0.250000 
  38
0.498365 0.002330 0.046210 
0.446276 0.995240 0.462022 
0.055358 0.002431 0.491768 
0.002649 0.002649 0.990862 0.003840 
0.250000 0.250000 0.250000 0.250000 
  39
0.498365 0.002330 0.046210 
0.446276 0.995240 0.462022 
0.055358 0.002431 0.491768 
0.005317 0.002992 0.006927 0.984764 
0.250000 0.250000 0.250000 0.250000 
  40
0.498365 0.002330 0.046210 
0.446276 0.995240 0.462022 
0.055358 0.002431 0.491768 
0.983438 0.007863 0.002649 0.006050 
0.250000 0.250000 0.250000 0.250000 
  41
0.498365 0.002330 0.046210 
0.446276 0.995240 0.462022 
0.055358 0.002431 0.491768 
0.004911 0.005433 0.003443 0.986213 
0.250000 0.250000 0.250000 0.250000 
  42
0.498365 0.002330 0.046210 
0.446276 0.995240 0.462022 
0.055358 0.002431 0.491768 
0.009794 0.002649 0.964728 0.022830 
0.250000 0.250000 0.250000 0.250000 
  43
0.498365 0.002330 0.046210 
0.446276 0.995240 0.462022 
0.055358 0.002431 0.491768 
0.436630 0.554581 0.004912 0.003878 
0.250000 0.250000 0.250000 0.250000 
  44
0.498365 0.002330 0.046210 
0.446276 0.995240 0.462022 
0.055358 0.002431 0.491768 
0.002649 0.002649 0.004497 0.990205 
0.250000 0.250000 0.250000 0.250000 
  45
0.498365 0.002330 0.046210 
0.446276 0.995240 0.462022 
0.055358 0.002431 0.491768 
0.033315 0.006688 0.712873 0.247123 
0.250000 0.250000 0.250000 0.250000 
  46
0.498365 0.002330 0.046210 
0.446276 0.995240 0.462022 
0.055358 0.002431 0.491768 
0.005433 0.002649 0.986537 0.005382 
0.250000 0.250000 0.250000 0.250000 
  47
0.498365 0.002330 0.046210 
0.446276 0.995240 0.462022 
0.055358 0.002431 0.491768 
0.002649 0.007018 0.986530 0.003803 
0.250000 0.250000 0.250000 0.250000 
  48
0.498365 0.002330 0.046210 
0.446276 0.995240 0.462022 
0.055358 0.002431 0.491768 
0.293952 0.694972 0.003884 0.007192 
0.250000 0.250000 0.250000 0.250000 
  49
0.498365 0.002330 0.046210 
0.446276 0.995240 0.462022 
0.055358 0.002431 0.491768 
0.003279 0.002649 0.005029 0.989043 
0.250000 0.250000 0.250000 0.250000 
  50
0.498365 0.002330 0.046210 
0.446276 0.995240 0.462022 
0.055358 0.002431 0.491768 
0.002649 0.002649 0.989474 0.005229 
0.250000 0.250000 0.250000 0.250000 
  51
0.498365 0.002330 0.046210 
0.446276 0.995240 0.462022 
0.055358 0.002431 0.491768 
0.966608 0.019708 0.008088 0.005596 
0.250000 0.250000 0.250000 0.250000 
  52
0.498365 0.002330 0.046210 
0.446276 0.995240 0.462022 
0.055358 0.002431 0.491768 
0.003448 0.989747 0.003833 0.002972 
0.250000 0.250000 0.250000 0.250000 
  53
0.498365 0.002330 0.046210 
0.446276 0.995240 0.462022 
0.055358 0.002431 0.491768 
0.002649 0.991481 0.003222 0.002649 
0.250000 0.250000 0.250000 0.250000 
  54
0.498365 0.002330 0.046210 
0.446276 0.995240 0.462022 
0.055358 0.002431 0.491768 
0.002649 0.003720 0.990417 0.003214 
0.250000 0.250000 0.250000 0.250000 
  55
0.498365 0.002330 0.046210 
0.446276 0.995240 0.462022 
0.055358 0.002431 0.491768 
0.002649 0.002649 0.991310 0.003392 
0.250000 0.250000 0.250000 0.250000 
  56
0.498365 0.002330 0.046210 
0.446276 0.995240 0.462022 
0.055358 0.002431 0.491768 
0.002649 0.004287 0.990416 0.002649 
0.250000 0.250000 0.250000 0.250000 
  57
0.498365 0.002330 0.046210 
0.446276 0.995240 0.462022 
0.055358 0.002431 0.491768 
0.005882 0.002649 0.988820 0.002649 
0.250000 0.250000 0.250000 0.250000 
  58
0.498365 0.002330 0.046210 
0.446276 0.995240 0.462022 
0.055358 0.002431 0.491768 
0.003433 0.002961 0.990129 0.003477 
0.250000 0.250000 0.250000 0.250000 
  59
0.498365 0.002330 0.046210 
0.446276 0.995240 0.462022 
0.055358 0.002431 0.491768 
0.002649 0.002649 0.003559 0.991144 
0.250000 0.250000 0.250000 0.250000 
  60
0.498365 0.002330 0.046210 
0.446276 0.995240 0.462022 
0.055358 0.002431 0.491768 
0.002649 0.002649 0.992054 0.002649 
0.250000 0.250000 0.250000 0.250000 
  61
0.498365 0.002330 0.046210 
0.446276 0.995240 0.462022 
0.055358 0.002431 0.491768 
0.990975 0.002649 0.003728 0.002649 
0.250000 0.250000 0.250000 0.250000 
  62
0.498365 0.002330 0.046210 
0.446276 0.995240 0.462022 
0.055358 0.002431 0.491768 
0.990236 0.003289 0.002649 0.003826 
0.250000 0.250000 0.250000 0.250000 
  63
0.498365 0.002330 0.046210 
0.446276 0.995240 0.462022 
0.055358 0.002431 0.491768 
0.990603 0.002969 0.003115 0.003313 
0.250000 0.250000 0.250000 0.250000 
  64
0.498365 0.002330 0.046210 
0.446276 0.995240 0.462022 
0.055358 0.002431 0.491768 
0.005045 0.989658 0.002649 0.002649 
0.250000 0.250000 0.250000 0.250000 
  65
0.498365 0.002330 0.046210 
0.446276 0.995240 0.462022 
0.055358 0.002431 0.491768 
0.002649 0.007395 0.987308 0.002649 
0.250000 0.250000 0.250000 0.250000 
  66
0.498365 0.002330 0.046210 
0.446276 0.995240 0.462022 
0.055358 0.002431 0.491768 
0.003228 0.002649 0.985158 0.008965 
0.250000 0.250000 0.250000 0.250000 
  67
0.498365 0.002330 0.046210 
0.446276 0.995240 0.462022 
0.055358 0.002431 0.491768 
0.003833 0.989502 0.004016 0.002649 
0.250000 0.250000 0.250000 0.250000 
  68
0.498365 0.002330 0.046210 
0.446276 0.995240 0.462022 
0.055358 0.002431 0.491768 
0.991491 0.003212 0.002649 0.002649 
0.250000 0.250000 0.250000 0.250000 
  69
0.498365 0.002330 0.046210 
0.446276 0.995240 0.462022 
0.055358 0.002431 0.491768 
0.072181 0.920245 0.003491 0.004082 
0.250000 0.250000 0.250000 0.250000 
  70
0.498365 0.002330 0.046210 
0.446276 0.995240 0.462022 
0.055358 0.002431 0.491768 
0.990834 0.003869 0.002649 0.002649 
0.250000 0.250000 0.250000 0.250000 
  71
0.498365 0.002330 0.046210 
0.446276 0.995240 0.462022 
0.055358 0.002431 0.491768 
0.002649 0.003230 0.002649 0.991473 
0.250000 0.250000 0.250000 0.250000 
  72
0.498365 0.002330 0.046210 
0.446276 0.995240 0.462022 
0.055358 0.002431 0.491768 
0.096146 0.002649 0.894815 0.006390 
0.250000 0.250000 0.250000 0.250000 
  73
0.498365 0.002330 0.046210 
0.446276 0.995240 0.462022 
0.055358 0.002431 0.491768 
0.005503 0.989200 0.002649 0.002649 
0.250000 0.250000 0.250000 0.250000 
  74
0.498365 0.002330 0.046210 
0.446276 0.995240 0.462022 
0.055358 0.002431 0.491768 
0.002649 0.002649 0.992054 0.002649 
0.250000 0.250000 0.250000 0.250000 
  75
0.498365 0.002330 0.046210 
0.446276 0.995240 0.462022 
0.055358 0.002431 0.491768 
0.143948 0.848506 0.002992 0.004554 
0.250000 0.250000 0.250000 0.250000 
  76
0.498365 0.002330 0.046210 
0.446276 0.995240 0.462022 
0.055358 0.002431 0.491768 
0.002649 0.002649 0.992054 0.002649 
0.250000 0.250000 0.250000 0.250000 
  77
0.498365 0.002330 0.046210 
0.446276 0.995240 0.462022 
0.055358 0.002431 0.491768 
0.990725 0.003401 0.002649 0.003226 
0.250000 0.250000 0.250000 0.250000 
  78
0.498365 0.002330 0.046210 
0.446276 0.995240 0.462022 
0.055358 0.002431 0.491768 
0.013418 0.976054 0.005396 0.005132 
0.250000 0.250000 0.250000 0.250000 
  79
0.498365 0.002330 0.046210 
0.446276 0.995240 0.462022 
0.055358 0.002431 0.491768 
0.990013 0.004293 0.003045 0.002649 
0.250000 0.250000 0.250000 0.250000 
  80
0.498365 0.002330 0.046210 
0.446276 0.995240 0.462022 
0.055358 0.002431 0.491768 
0.091022 0.903681 0.002649 0.002649 
0.250000 0.250000 0.250000 0.250000 
  81
0.498365 0.002330 0.046210 
0.446276 0.995240 0.462022 
0.055358 0.002431 0.491768 
0.987160 0.007542 0.002649 0.002649 
0.250000 0.250000 0.250000 0.250000 
  82
0.498365 0.002330 0.046210 
0.446276 0.995240 0.462022 
0.055358 0.002431 0.491768 
0.006231 0.002649 0.987479 0.003641 
0.250000 0.250000 0.250000 0.250000 
  83
0.498365 0.002330 0.046210 
0.446276 0.995240 0.462022 
0.055358 0.002431 0.491768 
0.004833 0.002649 0.003255 0.989264 
0.250000 0.250000 0.250000 0.250000 
  84
0.498365 0.002330 0.046210 
0.446276 0.995240 0.462022 
0.055358 0.002431 0.491768 
0.007061 0.172523 0.041804 0.778612 
0.250000 0.250000 0.250000 0.250000 
  85
0.498365 0.002330 0.046210 
0.446276 0.995240 0.462022 
0.055358 0.002431 0.491768 
0.002649 0.991492 0.003211 0.002649 
0.250000 0.250000 0.250000 0.250000 
  86
0.498365 0.002330 0.046210 
0.446276 0.995240 0.462022 
0.055358 0.002431 0.491768 
0.991349 0.003354 0.002649 0.002649 
0.250000 0.250000 0.250000 0.250000 
  87
0.498365 0.002330 0.046210 
0.446276 0.995240 0.462022 
0.055358 0.002431 0.491768 
0.881922 0.112780 0.002649 0.002649 
0.250000 0.250000 0.250000 0.250000 
  88
0.498365 0.002330 0.046210 
0.446276 0.995240 0.462022 
0.055358 0.002431 0.491768 
0.152006 0.841344 0.002649 0.004002 
0.250000 0.250000 0.250000 0.250000 
  89
0.498365 0.002330 0.046210 
0.446276 0.995240 0.462022 
0.055358 0.002431 0.491768 
0.823387 0.171314 0.002649 0.002649 
0.250000 0.250000 0.250000 0.250000 
  90
0.498365 0.002330 0.046210 
0.446276 0.995240 0.462022 
0.055358 0.002431 0.491768 
0.004040 0.002649 0.037126 0.956186 
0.250000 0.250000 0.250000 0.250000 
  91
0.498365 0.002330 0.046210 
0.446276 0.995240 0.462022 
0.055358 0.002431 0.491768 
0.003767 0.989165 0.002649 0.004419 
0.250000 0.250000 0.250000 0.250000 
  92
0.498365 0.002330 0.046210 
0.446276 0.995240 0.462022 
0.055358 0.002431 0.491768 
0.002649 0.003535 0.002649 0.991168 
0.250000 0.250000 0.250000 0.250000 
  93
0.498365 0.002330 0.046210 
0.446276 0.995240 0.462022 
0.055358 0.002431 0.491768 
0.091308 0.084015 0.660098 0.164578 
0.250000 0.250000 0.250000 0.250000 
  94
0.498365 0.002330 0.046210 
0.446276 0.995240 0.462022 
0.055358 0.002431 0.491768 
0.002649 0.002649 0.003833 0.990870 
0.250000 0.250000 0.250000 0.250000 
  95
0.498365 0.002330 0.046210 
0.446276 0.995240 0.462022 
0.055358 0.002431 0.491768 
0.002649 0.002649 0.003320 0.991383 
0.250000 0.250000 0.250000 0.250000 
  96
0.498365 0.002330 0.046210 
0.446276 0.995240 0.462022 
0.055358 0.002431 0.491768 
0.003599 0.003532 0.012064 0.980805 
0.250000 0.250000 0.250000 0.250000 
  97
0.498365 0.002330 0.046210 
0.446276 0.995240 0.462022 
0.055358 0.002431 0.491768 
0.003452 0.985583 0.002649 0.008316 
0.250000 0.250000 0.250000 0.250000 
  98
0.498365 0.002330 0.046210 
0.446276 0.995240 0.462022 
0.055358 0.002431 0.491768 
0.002649 0.002649 0.989312 0.005391 
0.250000 0.250000 0.250000 0.250000 
  99
0.498365 0.002330 0.046210 
0.446276 0.995240 0.462022 
0.055358 0.002431 0.491768 
0.724352 0.008414 0.005878 0.261356 
0.250000 0.250000 0.250000 0.250000 
 100
0.496829 0.002330 0.046210 
0.447812 0.995240 0.462022 
0.055443 0.002430 0.491768 
0.002649 0.992054 0.002649 0.002649 
0.250000 0.250000 0.250000 0.250000 
 101
0.497594 0.002330 0.046210 
0.446963 0.995240 0.462022 
0.055443 0.002430 0.491768 
0.002649 0.992054 0.002649 0.002649 
0.250000 0.250000 0.250000 0.250000 
 102
0.497594 0.002330 0.046210 
0.446963 0.995240 0.462022 
0.055443 0.002430 0.491768 
0.361783 0.632012 0.003244 0.002961 
0.250000 0.250000 0.250000 0.250000 
 103
0.497594 0.002330 0.046210 
0.446963 0.995240 0.462022 
0.055443 0.002430 0.491768 
0.992054 0.002649 0.002649 0.002649 
0.250000 0.250000 0.250000 0.250000 
 104
0.496126 0.002330 0.046210 
0.448431 0.995240 0.462022 
0.055525 0.002430 0.491768 
0.985427 0.009276 0.002648 0.002648 
0.250000 0.250000 0.250000 0.250000 
 105
0.496855 0.002330 0.046210 
0.447620 0.995240 0.462022 
0.055525 0.002430 0.491768 
0.295993 0.696228 0.002649 0.005130 
0.250000 0.250000 0.250000 0.250000 
 106
0.496855 0.002330 0.046210 
0.447620 0.995240 0.462022 
0.055525 0.002430 0.491768 
0.985409 0.006369 0.005574 0.002648 
0.250000 0.250000 0.250000 0.250000 
 107
0.496855 0.002330 0.046210 
0.447620 0.995240 0.462022 
0.055525 0.002430 0.491768 
0.988777 0.003982 0.004592 0.002648 
0.250000 0.250000 0.250000 0.250000 
 108
0.496855 0.002330 0.046210 
0.447620 0.995240 0.462022 
0.055525 0.002430 0.491768 
0.003114 0.003561 0.914971 0.078354 
0.250000 0.250000 0.250000 0.250000 
 109
0.496855 0.002330 0.046210 
0.447620 0.995240 0.462022 
0.055525 0.002430 0.491768 
0.972890 0.017074 0.003367 0.006669 
0.250000 0.250000 0.250000 0.250000 
 110
0.496855 0.002330 0.046210 
0.447620 0.995240 0.462022 
0.055525 0.002430 0.491768 
0.002648 0.002648 0.990198 0.004505 
0.250000 0.250000 0.250000 0.250000 
 111
0.496855 0.002330 0.046210 
0.447620 0.995240 0.462022 
0.055525 0.002430 0.491768 
0.520516 0.003418 0.439439 0.036626 
0.250000 0.250000 0.250000 0.250000 
 112
0.496855 0.002330 0.046210 
0.447620 0.995240 0.462022 
0.055525 0.002430 0.491768 
0.003224 0.991479 0.002648 0.002648 
0.250000 0.250000 0.250000 0.250000 
 113
0.496855 0.002330 0.046210 
0.447620 0.995240 0.462022 
0.055525 0.002430 0.491768 
0.991143 0.002648 0.003560 0.002648 
0.250000 0.250000 0.250000 0.250000 
 114
0.496855 0.002330 0.046210 
0.447620 0.995240 0.462022 
0.055525 0.002430 0.491768 
0.002648 0.002648 0.043642 0.951061 
0.250000 0.250000 0.250000 0.250000 
 115
0.496855 0.002330 0.046210 
0.447620 0.995240 0.462022 
0.055525 0.002430 0.491768 
0.002974 0.003800 0.988927 0.004299 
0.250000 0.250000 0.250000 0.250000 
 116
0.496855 0.002330 0.046210 
0.447620 0.995240 0.462022 
0.055525 0.002430 0.491768 
0.002648 0.002648 0.003720 0.990983 
0.250000 0.250000 0.250000 0.250000 
 117
0.496855 0.002330 0.046210 
0.447620 0.995240 0.462022 
0.055525 0.002430 0.491768 
0.010689 0.003777 0.198990 0.786544 
0.250000 0.250000 0.250000 0.250000 
 118
0.496855 0.002330 0.046210 
0.447620 0.995240 0.462022 
0.055525 0.002430 0.491768 
0.002648 0.991235 0.003469 0.002648 
0.250000 0.250000 0.250000 0.250000 
 119
0.496855 0.002330 0.046210 
0.447620 0.995240 0.462022 
0.055525 0.002430 0.491768 
0.990846 0.003857 0.002648 0.002648 
0.250000 0.250000 0.250000 0.250000 
 120
0.496855 0.002330 0.046210 
0.447620 0.995240 0.462022 
0.055525 0.002430 0.491768 
0.028150 0.963623 0.002965 0.005263 
0.250000 0.250000 0.250000 0.250000 
 121
0.496855 0.002330 0.046210 
0.447620 0.995240 0.462022 
0.055525 0.002430 0.491768 
0.002653 0.990481 0.003118 0.003748 
0.250000 0.250000 0.250000 0.250000 
 122
0.496855 0.002330 0.046210 
0.447620 0.995240 0.462022 
0.055525 0.002430 0.491768 
0.002649 0.005577 0.986689 0.005085 
0.250000 0.250000 0.250000 0.250000 
 123
0.496855 0.002330 0.046210 
0.447620 0.995240 0.462022 
0.055525 0.002430 0.491768 
0.194064 0.033019 0.012296 0.760622 
0.250000 0.250000 0.250000 0.250000 
 124
0.496855 0.002330 0.046210 
0.447620 0.995240 0.462022 
0.055525 0.002430 0.491768 
0.005924 0.002649 0.987133 0.004294 
0.250000 0.250000 0.250000 0.250000 
 125
0.496855 0.002330 0.046210 
0.447620 0.995240 0.462022 
0.055525 0.002430 0.491768 
0.002648 0.002648 0.003796 0.990907 
0.250000 0.250000 0.250000 0.250000 
 126
0.496855 0.002330 0.046210 
0.447620 0.995240 0.462022 
0.055525 0.002430 0.491768 
0.007495 0.004765 0.971262 0.016478 
0.250000 0.250000 0.250000 0.250000 
 127
0.496855 0.002330 0.046210 
0.447620 0.995240 0.462022 
0.055525 0.002430 0.491768 
0.990355 0.002648 0.004348 0.002648 
0.250000 0.250000 0.250000 0.250000 
 128
0.496855 0.002330 0.046210 
0.447620 0.995240 0.462022 
0.055525 0.002430 0.491768 
0.002648 0.002648 0.003669 0.991034 
0.250000 0.250000 0.250000 0.250000 
 129
0.496855 0.002330 0.046210 
0.447620 0.995240 0.462022 
0.055525 0.002430 0.491768 
0.002648 0.990355 0.002648 0.004348 
0.250000 0.250000 0.250000 0.250000 
 130
0.496855 0.002330 0.046210 
0.447620 0.995240 0.462022 
0.055525 0.002430 0.491768 
0.002648 0.992055 0.002648 0.002648 
0.250000 0.250000 0.250000 0.250000 
 131
0.496855 0.002330 0.046210 
0.447620 0.995240 0.462022 
0.055525 0.002430 0.491768 
0.990685 0.004018 0.002648 0.002648 
0.250000 0.250000 0.250000 0.250000 
 132
0.496855 0.002330 0.046210 
0.447620 0.995240 0.462022 
0.055525 0.002430 0.491768 
0.786060 0.206041 0.005251 0.002648 
0.250000 0.250000 0.250000 0.250000 
 133
0.496855 0.002330 0.046210 
0.447620 0.995240 0.462022 
0.055525 0.002430 0.491768 
0.003169 0.003082 0.002648 0.991101 
0.250000 0.250000 0.250000 0.250000 
 134
0.496855 0.002330 0.046210 
0.447620 0.995240 0.462022 
0.055525 0.002430 0.491768 
0.002648 0.992055 0.002648 0.002648 
0.250000 0.250000 0.250000 0.250000 
 135
0.496855 0.002330 0.046210 
0.447620 0.995240 0.462022 
0.055525 0.002430 0.491768 
0.002648 0.992055 0.002648 0.002648 
0.250000 0.250000 0.250000 0.250000 
 136
0.496855 0.002330 0.046210 
0.447620 0.995240 0.462022 
0.055525 0.002430 0.491768 
0.022346 0.003199 0.953251 0.021204 
0.250000 0.250000 0.250000 0.250000 
 137
0.496855 0.002330 0.046210 
0.447620 0.995240 0.462022 
0.055525 0.002430 0.491768 
0.002648 0.002648 0.002648 0.992055 
0.250000 0.250000 0.250000 0.250000 
 138
0.496855 0.002330 0.046210 
0.447620 0.995240 0.462022 
0.055525 0.002430 0.491768 
0.983324 0.010618 0.003098 0.002959 
0.250000 0.250000 0.250000 0.250000 
 139
0.496855 0.002330 0.046210 
0.447620 0.995240 0.462022 
0.055525 0.002430 0.491768 
0.990907 0.003796 0.002648 0.002648 
0.250000 0.250000 0.250000 0.250000 
 140
0.496855 0.002330 0.046210 
0.447620 0.995240 0.462022 
0.055525 0.002430 0.491768 
0.990804 0.003434 0.003114 0.002648 
0.250000 0.250000 0.250000 0.250000 
 141
0.496855 0.002330 0.046210 
0.447620 0.995240 0.462022 
0.055525 0.002430 0.491768 
0.003960 0.990744 0.002648 0.002648 
0.250000 0.250000 0.250000 0.250000 
 142
0.496855 0.002330 0.046210 
0.447620 0.995240 0.462022 
0.055525 0.002430 0.491768 
0.991157 0.003546 0.002648 0.002648 
0.250000 0.250000 0.250000 0.250000 
 143
0.496855 0.002330 0.046210 
0.447620 0.995240 0.462022 
0.055525 0.002430 0.491768 
0.003720 0.002648 0.990983 0.002648 
0.250000 0.250000 0.250000 0.250000 
 144
0.496855 0.002330 0.046210 
0.447620 0.995240 0.462022 
0.055525 0.002430 0.491768 
0.991026 0.003109 0.003217 0.002648 
0.250000 0.250000 0.250000 0.250000 
 145
0.496855 0.002330 0.046210 
0.447620 0.995240 0.462022 
0.055525 0.002430 0.491768 
0.991370 0.003334 0.002648 0.002648 
0.250000 0.250000 0.250000 0.250000 
 146
0.496855 0.002330 0.046210 
0.447620 0.995240 0.462022 
0.055525 0.002430 0.491768 
0.003503 0.990443 0.003406 0.002648 
0.250000 0.250000 0.250000 0.250000 
 147
0.496855 0.002330 0.046210 
0.447620 0.995240 0.462022 
0.055525 0.002430 0.491768 
0.983105 0.011598 0.002648 0.002648 
0.250000 0.250000 0.250000 0.250000 
 148
0.496855 0.002330 0.046210 
0.447620 0.995240 0.462022 
0.055525 0.002430 0.491768 
0.002648 0.005251 0.988898 0.003203 
0.250000 0.250000 0.250000 0.250000 
 149
0.496855 0.002330 0.046210 
0.447620 0.995240 0.462022 
0.055525 0.002430 0.491768 
0.002648 0.002648 0.990134 0.004569 
0.250000 0.250000 0.250000 0.250000 
 150
0.496855 0.002330 0.046210 
0.447620 0.995240 0.462022 
0.055525 0.002430 0.491768 
0.965284 0.028110 0.003405 0.003201 
0.250000 0.250000 0.250000 0.250000 
 151
0.496855 0.002330 0.046210 
0.447620 0.995240 0.462022 
0.055525 0.002430 0.491768 
0.990054 0.002648 0.003818 0.003480 
0.250000 0.250000 0.250000 0.250000 
 152
0.496855 0.002330 0.046210 
0.447620 0.995240 0.462022 
0.055525 0.002430 0.491768 
0.007517 0.002648 0.003742 0.986093 
0.250000 0.250000 0.250000 0.250000 
 153
0.496855 0.002330 0.046210 
0.447620 0.995240 0.462022 
0.055525 0.002430 0.491768 
0.008063 0.005251 0.867028 0.119658 
0.250000 0.250000 0.250000 0.250000 
 154
0.496855 0.002330 0.046210 
0.447620 0.995240 0.462022 
0.055525 0.002430 0.491768 
0.006453 0.003032 0.815241 0.175275 
0.250000 0.250000 0.250000 0.250000 
 155
0.496855 0.002330 0.046210 
0.447620 0.995240 0.462022 
0.055525 0.002430 0.491768 
0.002648 0.005874 0.003070 0.988407 
0.250000 0.250000 0.250000 0.250000 
 156
0.496855 0.002330 0.046210 
0.447620 0.995240 0.462022 
0.055525 0.002430 0.491768 
0.008903 0.985800 0.002649 0.002649 
0.250000 0.250000 0.250000 0.250000 
 157
0.496855 0.002330 0.046210 
0.447620 0.995240 0.462022 
0.055525 0.002430 0.491768 
0.003060 0.002648 0.007171 0.987120 
0.250000 0.250000 0.250000 0.250000 
 158
0.496855 0.002330 0.046210 
0.447620 0.995240 0.462022 
0.055525 0.002430 0.491768 
0.004569 0.002648 0.990134 0.002648 
0.250000 0.250000 0.250000 0.250000 
 159
0.496855 0.002330 0.046210 
0.447620 0.995240 0.462022 
0.055525 0.002430 0.491768 
0.990991 0.003713 0.002648 0.002648 
0.250000 0.250000 0.250000 0.250000 
 160
0.496855 0.002330 0.046210 
0.447620 0.995240 0.462022 
0.055525 0.002430 0.491768 
0.002648 0.002648 0.979170 0.015533 
0.250000 0.250000 0.250000 0.250000 
 161
0.496855 0.002330 0.046210 
0.447620 0.995240 0.462022 
0.055525 0.002430 0.491768 
0.003548 0.004664 0.988796 0.002992 
0.250000 0.250000 0.250000 0.250000 
 162
0.496855 0.002330 0.046210 
0.447620 0.995240 0.462022 
0.055525 0.002430 0.491768 
0.005078 0.002648 0.003545 0.988728 
0.250000 0.250000 0.250000 0.250000 
 163
0.496855 0.002330 0.046210 
0.447620 0.995240 0.462022 
0.055525 0.002430 0.491768 
0.002649 0.002649 0.977434 0.017268 
0.250000 0.250000 0.250000 0.250000 
 164
0.496855 0.002330 0.046210 
0.447620 0.995240 0.462022 
0.055525 0.002430 0.491768 
0.002649 0.002649 0.006274 0.988429 
0.250000 0.250000 0.250000 0.250000 
 165
0.496855 0.002330 0.046210 
0.447620 0.995240 0.462022 
0.055525 0.002430 0.491768 
0.013368 0.980657 0.002648 0.003327 
0.250000 0.250000 0.250000 0.250000 
 166
0.496855 0.002330 0.046210 
0.447620 0.995240 0.462022 
0.055525 0.002430 0.491768 
0.989481 0.003107 0.002649 0.004764 
0.250000 0.250000 0.250000 0.250000 
 167
0.496855 0.002330 0.046210 
0.447620 0.995240 0.462022 
0.055525 0.002430 0.491768 
0.003285 0.002649 0.990536 0.003530 
0.250000 0.250000 0.250000 0.250000 
 168
0.496855 0.002330 0.046210 
0.447620 0.995240 0.462022 
0.055525 0.002430 0.491768 
0.005865 0.003104 0.026669 0.964362 
0.250000 0.250000 0.250000 0.250000 
 169
0.496855 0.002330 0.046210 
0.447620 0.995240 0.462022 
0.055525 0.002430 0.491768 
0.991116 0.002648 0.003587 0.002648 
0.250000 0.250000 0.250000 0.250000 
 170
0.496855 0.002330 0.046210 
0.447620 0.995240 0.462022 
0.055525 0.002430 0.491768 
0.988455 0.003646 0.002648 0.005251 
0.250000 0.250000 0.250000 0.250000 
 171
0.496855 0.002330 0.046210 
0.447620 0.995240 0.462022 
0.055525 0.002430 0.491768 
0.132793 0.858488 0.005251 0.003469 
0.250000 0.250000 0.250000 0.250000 
 172
0.496855 0.002330 0.046210 
0.447620 0.995240 0.462022 
0.055525 0.002430 0.491768 
0.002648 0.991422 0.002648 0.003282 
0.250000 0.250000 0.250000 0.250000 
 173
0.496855 0.002330 0.046210 
0.447620 0.995240 0.462022 
0.055525 0.002430 0.491768 
0.002648 0.991492 0.003211 0.002648 
0.250000 0.250000 0.250000 0.250000 
 174
0.496855 0.002330 0.046210 
0.447620 0.995240 0.462022 
0.055525 0.002430 0.491768 
0.177269 0.813910 0.003525 0.005296 
0.250000 0.250000 0.250000 0.250000 
 175
0.496855 0.002330 0.046210 
0.447620 0.995240 0.462022 
0.055525 0.002430 0.491768 
0.979347 0.015356 0.002649 0.002649 
0.250000 0.250000 0.250000 0.250000 
 176
0.496855 0.002330 0.046210 
0.447620 0.995240 0.462022 
0.055525 0.002430 0.491768 
0.002648 0.002648 0.002648 0.992055 
0.250000 0.250000 0.250000 0.250000 
 177
0.496855 0.002330 0.046210 
0.447620 0.995240 0.462022 
0.055525 0.002430 0.491768 
0.006798 0.057676 0.020959 0.914567 
0.250000 0.250000 0.250000 0.250000 
 178
0.496855 0.002330 0.046210 
0.447620 0.995240 0.462022 
0.055525 0.002430 0.491768 
0.002649 0.002649 0.018163 0.976539 
0.250000 0.250000 0.250000 0.250000 
 179
0.496855 0.002330 0.046210 
0.447620 0.995240 0.462022 
0.055525 0.002430 0.491768 
0.002648 0.003053 0.003195 0.991104 
0.250000 0.250000 0.250000 0.250000 
 180
0.496855 0.002330 0.046210 
0.447620 0.995240 0.462022 
0.055525 0.002430 0.491768 
0.666694 0.328009 0.002649 0.002649 
0.250000 0.250000 0.250000 0.250000 
 181
0.496855 0.002330 0.046210 
0.447620 0.995240 0.462022 
0.055525 0.002430 0.491768 
0.002648 0.992055 0.002648 0.002648 
0.250000 0.250000 0.250000 0.250000 
 182
0.496855 0.002330 0.046210 
0.447620 0.995240 0.462022 
0.055525 0.002430 0.491768 
0.002648 0.992055 0.002648 0.002648 
0.250000 0.250000 0.250000 0.250000 
 183
0.496855 0.002330 0.046210 
0.447620 0.995240 0.462022 
0.055525 0.002430 0.491768 
0.625535 0.358249 0.003530 0.012686 
0.250000 0.250000 0.250000 0.250000 
 184
0.496855 0.002330 0.046210 
0.447620 0.995240 0.462022 
0.055525 0.002430 0.491768 
0.002648 0.003500 0.005691 0.988161 
0.250000 0.250000 0.250000 0.250000 
 185
0.496855 0.002330 0.046210 
0.447620 0.995240 0.462022 
0.055525 0.002430 0.491768 
0.002648 0.003273 0.002648 0.991431 
0.250000 0.250000 0.250000 0.250000 
 186
0.496855 0.002330 0.046210 
0.447620 0.995240 0.462022 
0.055525 0.002430 0.491768 
0.003480 0.003422 0.026858 0.966240 
0.250000 0.250000 0.250000 0.250000 
 187
0.496855 0.002330 0.046210 
0.447620 0.995240 0.462022 
0.055525 0.002430 0.491768 
0.007047 0.987125 0.002649 0.003180 
0.250000 0.250000 0.250000 0.250000 
 188
0.496855 0.002330 0.046210 
0.447620 0.995240 0.462022 
0.055525 0.002430 0.491768 
0.002648 0.002648 0.002648 0.992055 
0.250000 0.250000 0.250000 0.250000 
 189
0.496855 0.002330 0.046210 
0.447620 0.995240 0.462022 
0.055525 0.002430 0.491768 
0.158431 0.830606 0.004442 0.006521 
0.250000 0.250000 0.250000 0.250000 
 190
0.496855 0.002330 0.046210 
0.447620 0.995240 0.462022 
0.055525 0.002430 0.491768 
0.002648 0.002648 0.002648 0.992055 
0.250000 0.250000 0.250000 0.250000 
 191
0.496855 0.002330 0.046210 
0.447620 0.995240 0.462022 
0.055525 0.002430 0.491768 
0.003974 0.002648 0.002648 0.990729 
0.250000 0.250000 0.250000 0.250000 
 192
0.496855 0.002330 0.046210 
0.447620 0.995240 0.462022 
0.055525 0.002430 0.491768 
0.002648 0.002648 0.933985 0.060718 
0.250000 0.250000 0.250000 0.250000 
 193
0.496855 0.002330 0.046210 
0.447620 0.995240 0.462022 
0.055525 0.002430 0.491768 
0.992055 0.002648 0.002648 0.002648 
0.250000 0.250000 0.250000 0.250000 
 194
0.496855 0.002330 0.046210 
0.447620 0.995240 0.462022 
0.055525 0.002430 0.491768 
0.002648 0.002648 0.992055 0.002648 
0.250000 0.250000 0.250000 0.250000 
 195
0.496855 0.002330 0.046210 
0.447620 0.995240 0.462022 
0.055525 0.002430 0.491768 
0.007779 0.986924 0.002648 0.002648 
0.250000 0.250000 0.250000 0.250000 
 196
0.496855 0.002330 0.046210 
0.447620 0.995240 0.462022 
0.055525 0.002430 0.491768 
0.002648 0.002648 0.992055 0.002648 
0.250000 0.250000 0.250000 0.250000 
 197
0.496855 0.002330 0.046210 
0.447620 0.995240 0.462022 
0.055525 0.002430 0.491768 
0.002648 0.002648 0.002648 0.992055 
0.250000 0.250000 0.250000 0.250000 
 198
0.496855 0.002330 0.046210 
0.447620 0.995240 0.462022 
0.055525 0.002430 0.491768 
0.002648 0.003855 0.990848 0.002648 
0.250000 0.250000 0.250000 0.250000 
 199
0.496855 0.002330 0.046210 
0.447620 0.995240 0.462022 
0.055525 0.002430 0.491768 
0.990600 0.003702 0.003050 0.002648 
0.250000 0.250000 0.250000 0.250000 
 200
0.496855 0.002330 0.046210 
0.447620 0.995240 0.462022 
0.055525 0.002430 0.491768 
0.002648 0.002648 0.989574 0.005130 
0.250000 0.250000 0.250000 0.250000 
 201
0.496855 0.002330 0.046210 
0.447620 0.995240 0.462022 
0.055525 0.002430 0.491768 
0.003291 0.002648 0.990668 0.003393 
0.250000 0.250000 0.250000 0.250000 
 202
0.496855 0.002330 0.046210 
0.447620 0.995240 0.462022 
0.055525 0.002430 0.491768 
0.002648 0.990757 0.002648 0.003946 
0.250000 0.250000 0.250000 0.250000 
 203
0.496855 0.002330 0.046210 
0.447620 0.995240 0.462022 
0.055525 0.002430 0.491768 
0.002648 0.003946 0.002648 0.990757 
0.250000 0.250000 0.250000 0.250000 
 204
0.496855 0.002330 0.046210 
0.447620 0.995240 0.462022 
0.055525 0.002430 0.491768 
0.003050 0.989032 0.002648 0.005269 
0.250000 0.250000 0.250000 0.250000 
 205
0.496855 0.002330 0.046210 
0.447620 0.995240 0.462022 
0.055525 0.002430 0.491768 
0.002648 0.003061 0.991248 0.003043 
0.250000 0.250000 0.250000 0.250000 
 206
0.496855 0.002330 0.046210 
0.447620 0.995240 0.462022 
0.055525 0.002430 0.491768 
0.003082 0.002648 0.991226 0.003043 
0.250000 0.250000 0.250000 0.250000 
 207
0.496855 0.002330 0.046210 
0.447620 0.995240 0.462022 
0.055525 0.002430 0.491768 
0.020134 0.002648 0.972920 0.004298 
0.250000 0.250000 0.250000 0.250000 
 208
0.496855 0.002330 0.046210 
0.447620 0.995240 0.462022 
0.055525 0.002430 0.491768 
0.991172 0.003531 0.002648 0.002648 
0.250000 0.250000 0.250000 0.250000 
 209
0.496855 0.002330 0.046210 
0.447620 0.995240 0.462022 
0.055525 0.002430 0.491768 
0.004108 0.988737 0.004507 0.002648 
0.250000 0.250000 0.250000 0.250000 
 210
0.496855 0.002330 0.046210 
0.447620 0.995240 0.462022 
0.055525 0.002430 0.491768 
0.002648 0.002648 0.006056 0.988647 
0.250000 0.250000 0.250000 0.250000 
 211
0.496855 0.002330 0.046210 
0.447620 0.995240 0.462022 
0.055525 0.002430 0.491768 
0.003065 0.991177 0.003110 0.002648 
0.250000 0.250000 0.250000 0.250000 
 212
0.496855 0.002330 0.046210 
0.447620 0.995240 0.462022 
0.055525 0.002430 0.491768 
0.991490 0.003213 0.002648 0.002648 
0.250000 0.250000 0.250000 0.250000 
 213
0.496855 0.002330 0.046210 
0.447620 0.995240 0.462022 
0.055525 0.002430 0.491768 
0.014040 0.980664 0.002648 0.002648 
0.250000 0.250000 0.250000 0.250000 
 214
0.496855 0.002330 0.046210 
0.447620 0.995240 0.462022 
0.055525 0.002430 0.491768 
0.002648 0.002648 0.992055 0.002648 
0.250000 0.250000 0.250000 0.250000 
 215
0.496855 0.002330 0.046210 
0.447620 0.995240 0.462022 
0.055525 0.002430 0.491768 
0.004415 0.990289 0.002648 0.002648 
0.250000 0.250000 0.250000 0.250000 
 216
0.496855 0.002330 0.046210 
0.447620 0.995240 0.462022 
0.055525 0.002430 0.491768 
0.958379 0.035821 0.002648 0.003151 
0.250000 0.250000 0.250000 0.250000 
 217
0.496855 0.002330 0.046210 
0.447620 0.995240 0.462022 
0.055525 0.002430 0.491768 
0.003273 0.991430 0.002648 0.002648 
0.250000 0.250000 0.250000 0.250000 
 218
0.496855 0.002330 0.046210 
0.447620 0.995240 0.462022 
0.055525 0.002430 0.491768 
0.002648 0.992055 0.002648 0.002648 
0.250000 0.250000 0.250000 0.250000 
 219
0.496855 0.002330 0.046210 
0.447620 0.995240 0.462022 
0.055525 0.002430 0.491768 
0.990700 0.003167 0.003172 0.002961 
0.250000 0.250000 0.250000 0.250000 
 220
0.496855 0.002330 0.046210 
0.447620 0.995240 0.462022 
0.055525 0.002430 0.491768 
0.002648 0.003051 0.991048 0.003253 
0.250000 0.250000 0.250000 0.250000 
 221
0.496855 0.002330 0.046210 
0.447620 0.995240 0.462022 
0.055525 0.002430 0.491768 
0.002964 0.004835 0.002958 0.989244 
0.250000 0.250000 0.250000 0.250000 
 222
0.493599 0.002330 0.046210 
0.450876 0.995240 0.462022 
0.055706 0.002430 0.491768 
0.004927 0.986319 0.002648 0.006105 
0.250000 0.250000 0.250000 0.250000 
 223
0.495211 0.002329 0.046210 
0.449082 0.995241 0.462022 
0.055706 0.002430 0.491768 
0.002648 0.002648 0.992056 0.002648 
0.250000 0.250000 0.250000 0.250000 
 224
0.495211 0.002329 0.046210 
0.449082 0.995241 0.462022 
0.055706 0.002430 0.491768 
0.991452 0.002648 0.002648 0.003252 
0.250000 0.250000 0.250000 0.250000 
 225
0.495211 0.002329 0.046210 
0.449082 0.995241 0.462022 
0.055706 0.002430 0.491768 
0.016095 0.977605 0.002648 0.003652 
0.250000 0.250000 0.250000 0.250000 
 226
0.495211 0.002329 0.046210 
0.449082 0.995241 0.462022 
0.055706 0.002430 0.491768 
0.002648 0.004858 0.988172 0.004322 
0.250000 0.250000 0.250000 0.250000 
 227
0.495211 0.002329 0.046210 
0.449082 0.995241 0.462022 
0.055706 0.002430 0.491768 
0.002648 0.992056 0.002648 0.002648 
0.250000 0.250000 0.250000 0.250000 
 228
0.495211 0.002329 0.046210 
0.449082 0.995241 0.462022 
0.055706 0.002430 0.491768 
0.002648 0.003232 0.003193 0.990927 
0.250000 0.250000 0.250000 0.250000 
 229
0.495211 0.002329 0.046210 
0.449082 0.995241 0.462022 
0.055706 0.002430 0.491768 
0.992056 0.002648 0.002648 0.002648 
0.250000 0.250000 0.250000 0.250000 
 230
0.495211 0.002329 0.046210 
0.449082 0.995241 0.462022 
0.055706 0.002430 0.491768 
0.006158 0.984100 0.004951 0.004791 
0.250000 0.250000 0.250000 0.250000 
 231
0.495211 0.002329 0.046210 
0.449082 0.995241 0.462022 
0.055706 0.002430 0.491768 
0.989592 0.005112 0.002648 0.002648 
0.250000 0.250000 0.250000 0.250000 
 232
0.495211 0.002329 0.046210 
0.449082 0.995241 0.462022 
0.055706 0.002430 0.491768 
0.003548 0.002648 0.991156 0.002648 
0.250000 0.250000 0.250000 0.250000 
 233
0.495211 0.002329 0.046210 
0.449082 0.995241 0.462022 
0.055706 0.002430 0.491768 
0.003660 0.990040 0.002648 0.003652 
0.250000 0.250000 0.250000 0.250000 
 234
0.495211 0.002329 0.046210 
0.449082 0.995241 0.462022 
0.055706 0.002430 0.491768 
0.065396 0.048475 0.838281 0.047849 
0.250000 0.250000 0.250000 0.250000 
 235
0.495211 0.002329 0.046210 
0.449082 0.995241 0.462022 
0.055706 0.002430 0.491768 
0.002648 0.002648 0.003799 0.990906 
0.250000 0.250000 0.250000 0.250000 
 236
