%  SAM: /scicomp/home/vfn4/Tools/LABEL_RES/scripts/modelfromalign v3.5 (July 15, 2005) compiled 12/08/06_16:15:55
%  (c) 1992-2001 Regents of the University of California, Santa Cruz
%
%          Sequence Alignment and Modeling Software System
%         http://www.cse.ucsc.edu/research/compbio/sam.html
%
% ----------------- Citations (SAM, SAM-T2K, HMMs) --------------------
% R. Hughey, A. Krogh, Hidden Markov models for sequence analysis:
%  Extension and analysis of the basic method, CABIOS 12:95-107, 1996.
% K. Karplus, et al., What is the value added by human intervention in protein
%  structure prediction, Proteins: Stucture, Function, Genetics 45(S5):86--91, 2001.
% A. Krogh et al., Hidden Markov models in computational biology:
%  Applications to protein modeling, JMB 235:1501-1531, Feb 1994.
% ---------------------------------------------------------------------
%  A_NP_hmm   Host: login.aspen.biotech.cdc.gov    Mon Aug 25 12:50:20 2014
%  vfn4       Dir:  /scicomp/home/vfn4/IRMA/train3/OG
% ---------------------------------------------------------------------
%  Alignment weights from internal calc.  Total (91.70) Max (0.30) Min (0.01)
%  Weights from alignment method 1 (karplus), b=-1.000000, e=0.500000
MODEL --  Model from alignment file /scicomp/home/vfn4/Tools/LABEL_RES/training_data/irmaOG/A_NP.fasta
alphabet DNA
FREQAVE
0.000000 0.000000 0.000000 
0.000000 0.000000 0.000000 
0.000000 0.000000 0.000000 
0.321501 0.269801 0.197273 0.211426 
0.321501 0.269801 0.197273 0.211426 
Begin
0.000000 0.000000 0.000000 
0.000000 0.000000 0.000000 
0.000000 0.002469 0.491768 
0.250000 0.250000 0.250000 0.250000 
0.250000 0.250000 0.250000 0.250000 
   1
0.000000 0.002366 0.046210 
0.000000 0.995165 0.462022 
0.057405 0.002469 0.491768 
0.991909 0.002697 0.002697 0.002697 
0.250000 0.250000 0.250000 0.250000 
   2
0.479817 0.002366 0.046210 
0.462778 0.995165 0.462022 
0.057405 0.002469 0.491768 
0.002697 0.002697 0.002697 0.991909 
0.250000 0.250000 0.250000 0.250000 
   3
0.479817 0.002366 0.046210 
0.462778 0.995165 0.462022 
0.057405 0.002469 0.491768 
0.002697 0.991909 0.002697 0.002697 
0.250000 0.250000 0.250000 0.250000 
   4
0.479817 0.002366 0.046210 
0.462778 0.995165 0.462022 
0.057405 0.002469 0.491768 
0.003211 0.991395 0.002697 0.002697 
0.250000 0.250000 0.250000 0.250000 
   5
0.479817 0.002366 0.046210 
0.462778 0.995165 0.462022 
0.057405 0.002469 0.491768 
0.002697 0.002697 0.989806 0.004800 
0.250000 0.250000 0.250000 0.250000 
   6
0.479817 0.002366 0.046210 
0.462778 0.995165 0.462022 
0.057405 0.002469 0.491768 
0.005819 0.987501 0.003295 0.003385 
0.250000 0.250000 0.250000 0.250000 
   7
0.479817 0.002366 0.046210 
0.462778 0.995165 0.462022 
0.057405 0.002469 0.491768 
0.007157 0.003027 0.019191 0.970625 
0.250000 0.250000 0.250000 0.250000 
   8
0.479817 0.002366 0.046210 
0.462778 0.995165 0.462022 
0.057405 0.002469 0.491768 
0.002940 0.002963 0.974133 0.019964 
0.250000 0.250000 0.250000 0.250000 
   9
0.479817 0.002366 0.046210 
0.462778 0.995165 0.462022 
0.057405 0.002469 0.491768 
0.004016 0.003319 0.252453 0.740212 
0.250000 0.250000 0.250000 0.250000 
  10
0.479817 0.002366 0.046210 
0.462778 0.995165 0.462022 
0.057405 0.002469 0.491768 
0.004094 0.002697 0.990512 0.002697 
0.250000 0.250000 0.250000 0.250000 
  11
0.479817 0.002366 0.046210 
0.462778 0.995165 0.462022 
0.057405 0.002469 0.491768 
0.990918 0.003067 0.003318 0.002697 
0.250000 0.250000 0.250000 0.250000 
  12
0.479817 0.002366 0.046210 
0.462778 0.995165 0.462022 
0.057405 0.002469 0.491768 
0.983426 0.009243 0.003785 0.003546 
0.250000 0.250000 0.250000 0.250000 
  13
0.479817 0.002366 0.046210 
0.462778 0.995165 0.462022 
0.057405 0.002469 0.491768 
0.002697 0.991084 0.002697 0.003522 
0.250000 0.250000 0.250000 0.250000 
  14
0.479817 0.002366 0.046210 
0.462778 0.995165 0.462022 
0.057405 0.002469 0.491768 
0.002697 0.991909 0.002697 0.002697 
0.250000 0.250000 0.250000 0.250000 
  15
0.479817 0.002366 0.046210 
0.462778 0.995165 0.462022 
0.057405 0.002469 0.491768 
0.002697 0.002697 0.987311 0.007295 
0.250000 0.250000 0.250000 0.250000 
  16
0.479817 0.002366 0.046210 
0.462778 0.995165 0.462022 
0.057405 0.002469 0.491768 
0.990680 0.003926 0.002697 0.002697 
0.250000 0.250000 0.250000 0.250000 
  17
0.479817 0.002366 0.046210 
0.462778 0.995165 0.462022 
0.057405 0.002469 0.491768 
0.003810 0.002697 0.990796 0.002697 
0.250000 0.250000 0.250000 0.250000 
  18
0.479817 0.002366 0.046210 
0.462778 0.995165 0.462022 
0.057405 0.002469 0.491768 
0.003292 0.002697 0.991027 0.002984 
0.250000 0.250000 0.250000 0.250000 
  19
0.479817 0.002366 0.046210 
0.462778 0.995165 0.462022 
0.057405 0.002469 0.491768 
0.991084 0.003522 0.002697 0.002697 
0.250000 0.250000 0.250000 0.250000 
  20
0.479817 0.002366 0.046210 
0.462778 0.995165 0.462022 
0.057405 0.002469 0.491768 
0.991322 0.002984 0.002997 0.002697 
0.250000 0.250000 0.250000 0.250000 
  21
0.479817 0.002366 0.046210 
0.462778 0.995165 0.462022 
0.057405 0.002469 0.491768 
0.991340 0.003266 0.002697 0.002697 
0.250000 0.250000 0.250000 0.250000 
  22
0.479817 0.002366 0.046210 
0.462778 0.995165 0.462022 
0.057405 0.002469 0.491768 
0.003062 0.002697 0.990922 0.003319 
0.250000 0.250000 0.250000 0.250000 
  23
0.479817 0.002366 0.046210 
0.462778 0.995165 0.462022 
0.057405 0.002469 0.491768 
0.002697 0.990104 0.004502 0.002697 
0.250000 0.250000 0.250000 0.250000 
  24
0.479817 0.002366 0.046210 
0.462778 0.995165 0.462022 
0.057405 0.002469 0.491768 
0.756729 0.237877 0.002697 0.002697 
0.250000 0.250000 0.250000 0.250000 
  25
0.479817 0.002366 0.046210 
0.462778 0.995165 0.462022 
0.057405 0.002469 0.491768 
0.003348 0.002697 0.005700 0.988254 
0.250000 0.250000 0.250000 0.250000 
  26
0.479817 0.002366 0.046210 
0.462778 0.995165 0.462022 
0.057405 0.002469 0.491768 
0.003172 0.002697 0.990717 0.003414 
0.250000 0.250000 0.250000 0.250000 
  27
0.479817 0.002366 0.046210 
0.462778 0.995165 0.462022 
0.057405 0.002469 0.491768 
0.203965 0.015884 0.071920 0.708231 
0.250000 0.250000 0.250000 0.250000 
  28
0.479817 0.002366 0.046210 
0.462778 0.995165 0.462022 
0.057405 0.002469 0.491768 
0.003160 0.002697 0.010792 0.983351 
0.250000 0.250000 0.250000 0.250000 
  29
0.479817 0.002366 0.046210 
0.462778 0.995165 0.462022 
0.057405 0.002469 0.491768 
0.991511 0.002697 0.002697 0.003095 
0.250000 0.250000 0.250000 0.250000 
  30
0.479817 0.002366 0.046210 
0.462778 0.995165 0.462022 
0.057405 0.002469 0.491768 
0.002697 0.002697 0.079009 0.915597 
0.250000 0.250000 0.250000 0.250000 
  31
0.479817 0.002366 0.046210 
0.462778 0.995165 0.462022 
0.057405 0.002469 0.491768 
0.002697 0.991909 0.002697 0.002697 
0.250000 0.250000 0.250000 0.250000 
  32
0.479817 0.002366 0.046210 
0.462778 0.995165 0.462022 
0.057405 0.002469 0.491768 
0.991495 0.003111 0.002697 0.002697 
0.250000 0.250000 0.250000 0.250000 
  33
0.479817 0.002366 0.046210 
0.462778 0.995165 0.462022 
0.057405 0.002469 0.491768 
0.784619 0.209987 0.002697 0.002697 
0.250000 0.250000 0.250000 0.250000 
  34
0.479817 0.002366 0.046210 
0.462778 0.995165 0.462022 
0.057405 0.002469 0.491768 
0.003399 0.003326 0.990577 0.002697 
0.250000 0.250000 0.250000 0.250000 
  35
0.479817 0.002366 0.046210 
0.462778 0.995165 0.462022 
0.057405 0.002469 0.491768 
0.990511 0.002930 0.003160 0.003399 
0.250000 0.250000 0.250000 0.250000 
  36
0.479817 0.002366 0.046210 
0.462778 0.995165 0.462022 
0.057405 0.002469 0.491768 
0.289509 0.704800 0.002994 0.002697 
0.250000 0.250000 0.250000 0.250000 
  37
0.479817 0.002366 0.046210 
0.462778 0.995165 0.462022 
0.057405 0.002469 0.491768 
0.991909 0.002697 0.002697 0.002697 
0.250000 0.250000 0.250000 0.250000 
  38
0.479817 0.002366 0.046210 
0.462778 0.995165 0.462022 
0.057405 0.002469 0.491768 
0.002697 0.002697 0.002697 0.991909 
0.250000 0.250000 0.250000 0.250000 
  39
0.479817 0.002366 0.046210 
0.462778 0.995165 0.462022 
0.057405 0.002469 0.491768 
0.002697 0.991909 0.002697 0.002697 
0.250000 0.250000 0.250000 0.250000 
  40
0.479817 0.002366 0.046210 
0.462778 0.995165 0.462022 
0.057405 0.002469 0.491768 
0.002697 0.991909 0.002697 0.002697 
0.250000 0.250000 0.250000 0.250000 
  41
0.479817 0.002366 0.046210 
0.462778 0.995165 0.462022 
0.057405 0.002469 0.491768 
0.991909 0.002697 0.002697 0.002697 
0.250000 0.250000 0.250000 0.250000 
  42
0.479817 0.002366 0.046210 
0.462778 0.995165 0.462022 
0.057405 0.002469 0.491768 
0.692847 0.301233 0.002697 0.003223 
0.250000 0.250000 0.250000 0.250000 
  43
0.479817 0.002366 0.046210 
0.462778 0.995165 0.462022 
0.057405 0.002469 0.491768 
0.990919 0.002697 0.003687 0.002697 
0.250000 0.250000 0.250000 0.250000 
  44
0.479817 0.002366 0.046210 
0.462778 0.995165 0.462022 
0.057405 0.002469 0.491768 
0.002697 0.002697 0.989317 0.005288 
0.250000 0.250000 0.250000 0.250000 
  45
0.479817 0.002366 0.046210 
0.462778 0.995165 0.462022 
0.057405 0.002469 0.491768 
0.004329 0.003564 0.020720 0.971387 
0.250000 0.250000 0.250000 0.250000 
  46
0.479817 0.002366 0.046210 
0.462778 0.995165 0.462022 
0.057405 0.002469 0.491768 
0.021098 0.973172 0.002697 0.003033 
0.250000 0.250000 0.250000 0.250000 
  47
0.479817 0.002366 0.046210 
0.462778 0.995165 0.462022 
0.057405 0.002469 0.491768 
0.248972 0.745061 0.002698 0.003269 
0.250000 0.250000 0.250000 0.250000 
  48
0.479817 0.002366 0.046210 
0.462778 0.995165 0.462022 
0.057405 0.002469 0.491768 
0.014461 0.005203 0.003748 0.976589 
0.250000 0.250000 0.250000 0.250000 
  49
0.479817 0.005164 0.046210 
0.462778 0.992367 0.462022 
0.053318 0.002476 0.491768 
0.002706 0.991883 0.002706 0.002706 
0.250000 0.250000 0.250000 0.250000 
  50
0.516851 0.002373 0.046210 
0.429830 0.995151 0.462022 
0.053318 0.002476 0.491768 
0.003286 0.991302 0.002706 0.002706 
0.250000 0.250000 0.250000 0.250000 
  51
0.516851 0.002373 0.046210 
0.429830 0.995151 0.462022 
0.053318 0.002476 0.491768 
0.324212 0.645703 0.007256 0.022829 
0.250000 0.250000 0.250000 0.250000 
  52
0.445657 0.002373 0.046210 
0.501025 0.995151 0.462022 
0.057405 0.002469 0.491768 
0.003457 0.991149 0.002697 0.002697 
0.250000 0.250000 0.250000 0.250000 
  53
0.479817 0.002366 0.046210 
0.462778 0.995165 0.462022 
0.057405 0.002469 0.491768 
0.991909 0.002697 0.002697 0.002697 
0.250000 0.250000 0.250000 0.250000 
  54
0.479817 0.002366 0.046210 
0.462778 0.995165 0.462022 
0.057405 0.002469 0.491768 
0.667656 0.205080 0.003484 0.123781 
0.250000 0.250000 0.250000 0.250000 
  55
0.479817 0.002366 0.046210 
0.462778 0.995165 0.462022 
0.057405 0.002469 0.491768 
0.003102 0.002697 0.991504 0.002697 
0.250000 0.250000 0.250000 0.250000 
  56
0.479817 0.002366 0.046210 
0.462778 0.995165 0.462022 
0.057405 0.002469 0.491768 
0.004899 0.989420 0.002697 0.002984 
0.250000 0.250000 0.250000 0.250000 
  57
0.479817 0.002366 0.046210 
0.462778 0.995165 0.462022 
0.057405 0.002469 0.491768 
0.002994 0.002697 0.990024 0.004285 
0.250000 0.250000 0.250000 0.250000 
  58
0.479817 0.002366 0.046210 
0.462778 0.995165 0.462022 
0.057405 0.002469 0.491768 
0.002697 0.002697 0.991909 0.002697 
0.250000 0.250000 0.250000 0.250000 
  59
0.479817 0.002366 0.046210 
0.462778 0.995165 0.462022 
0.057405 0.002469 0.491768 
0.990131 0.002697 0.004475 0.002697 
0.250000 0.250000 0.250000 0.250000 
  60
0.479817 0.002366 0.046210 
0.462778 0.995165 0.462022 
0.057405 0.002469 0.491768 
0.027945 0.966661 0.002697 0.002697 
0.250000 0.250000 0.250000 0.250000 
  61
0.479817 0.002366 0.046210 
0.462778 0.995165 0.462022 
0.057405 0.002469 0.491768 
0.784366 0.210240 0.002697 0.002697 
0.250000 0.250000 0.250000 0.250000 
  62
0.479817 0.002366 0.046210 
0.462778 0.995165 0.462022 
0.057405 0.002469 0.491768 
0.990104 0.003333 0.003866 0.002697 
0.250000 0.250000 0.250000 0.250000 
  63
0.479817 0.002366 0.046210 
0.462778 0.995165 0.462022 
0.057405 0.002469 0.491768 
0.003010 0.002697 0.014380 0.979913 
0.250000 0.250000 0.250000 0.250000 
  64
0.479817 0.002366 0.046210 
0.462778 0.995165 0.462022 
0.057405 0.002469 0.491768 
0.012164 0.980636 0.002697 0.004503 
0.250000 0.250000 0.250000 0.250000 
  65
0.479817 0.002366 0.046210 
0.462778 0.995165 0.462022 
0.057405 0.002469 0.491768 
0.002697 0.002697 0.989500 0.005105 
0.250000 0.250000 0.250000 0.250000 
  66
0.479817 0.002366 0.046210 
0.462778 0.995165 0.462022 
0.057405 0.002469 0.491768 
0.261142 0.003441 0.472543 0.262875 
0.250000 0.250000 0.250000 0.250000 
  67
0.479817 0.002366 0.046210 
0.462778 0.995165 0.462022 
0.057405 0.002469 0.491768 
0.990892 0.002697 0.003714 0.002697 
0.250000 0.250000 0.250000 0.250000 
  68
0.479817 0.002366 0.046210 
0.462778 0.995165 0.462022 
0.057405 0.002469 0.491768 
0.009001 0.008737 0.977740 0.004522 
0.250000 0.250000 0.250000 0.250000 
  69
0.479817 0.002366 0.046210 
0.462778 0.995165 0.462022 
0.057405 0.002469 0.491768 
0.212466 0.010110 0.012225 0.765200 
0.250000 0.250000 0.250000 0.250000 
  70
0.479817 0.002366 0.046210 
0.462778 0.995165 0.462022 
0.057405 0.002469 0.491768 
0.002697 0.991909 0.002697 0.002697 
0.250000 0.250000 0.250000 0.250000 
  71
0.479817 0.002366 0.046210 
0.462778 0.995165 0.462022 
0.057405 0.002469 0.491768 
0.991453 0.002697 0.002697 0.003153 
0.250000 0.250000 0.250000 0.250000 
  72
0.479817 0.002366 0.046210 
0.462778 0.995165 0.462022 
0.057405 0.002469 0.491768 
0.546451 0.444623 0.005991 0.002934 
0.250000 0.250000 0.250000 0.250000 
  73
0.479817 0.002366 0.046210 
0.462778 0.995165 0.462022 
0.057405 0.002469 0.491768 
0.990613 0.003993 0.002697 0.002697 
0.250000 0.250000 0.250000 0.250000 
  74
0.479817 0.002366 0.046210 
0.462778 0.995165 0.462022 
0.057405 0.002469 0.491768 
0.002697 0.003420 0.004523 0.989359 
0.250000 0.250000 0.250000 0.250000 
  75
0.479817 0.002366 0.046210 
0.462778 0.995165 0.462022 
0.057405 0.002469 0.491768 
0.006492 0.002697 0.834473 0.156338 
0.250000 0.250000 0.250000 0.250000 
  76
0.479817 0.002366 0.046210 
0.462778 0.995165 0.462022 
0.057405 0.002469 0.491768 
0.982403 0.002697 0.012203 0.002697 
0.250000 0.250000 0.250000 0.250000 
  77
0.479817 0.002366 0.046210 
0.462778 0.995165 0.462022 
0.057405 0.002469 0.491768 
0.003181 0.989599 0.004523 0.002698 
0.250000 0.250000 0.250000 0.250000 
  78
0.479817 0.002366 0.046210 
0.462778 0.995165 0.462022 
0.057405 0.002469 0.491768 
0.695139 0.299467 0.002697 0.002697 
0.250000 0.250000 0.250000 0.250000 
  79
0.479817 0.002366 0.046210 
0.462778 0.995165 0.462022 
0.057405 0.002469 0.491768 
0.010409 0.960019 0.002697 0.026874 
0.250000 0.250000 0.250000 0.250000 
  80
0.479817 0.002366 0.046210 
0.462778 0.995165 0.462022 
0.057405 0.002469 0.491768 
0.002697 0.003118 0.991120 0.003065 
0.250000 0.250000 0.250000 0.250000 
  81
0.479817 0.002366 0.046210 
0.462778 0.995165 0.462022 
0.057405 0.002469 0.491768 
0.974647 0.013795 0.003658 0.007901 
0.250000 0.250000 0.250000 0.250000 
  82
0.479817 0.002366 0.046210 
0.462778 0.995165 0.462022 
0.057405 0.002469 0.491768 
0.003041 0.002697 0.003111 0.991151 
0.250000 0.250000 0.250000 0.250000 
  83
0.479817 0.002366 0.046210 
0.462778 0.995165 0.462022 
0.057405 0.002469 0.491768 
0.002697 0.002697 0.991909 0.002697 
0.250000 0.250000 0.250000 0.250000 
  84
0.479817 0.002366 0.046210 
0.462778 0.995165 0.462022 
0.057405 0.002469 0.491768 
0.006535 0.005042 0.247263 0.741161 
0.250000 0.250000 0.250000 0.250000 
  85
0.479817 0.002366 0.046210 
0.462778 0.995165 0.462022 
0.057405 0.002469 0.491768 
0.004264 0.990342 0.002697 0.002697 
0.250000 0.250000 0.250000 0.250000 
  86
0.479817 0.002366 0.046210 
0.462778 0.995165 0.462022 
0.057405 0.002469 0.491768 
0.002697 0.002697 0.003999 0.990607 
0.250000 0.250000 0.250000 0.250000 
  87
0.479817 0.002366 0.046210 
0.462778 0.995165 0.462022 
0.057405 0.002469 0.491768 
0.008649 0.004406 0.483032 0.503913 
0.250000 0.250000 0.250000 0.250000 
  88
0.479817 0.002366 0.046210 
0.462778 0.995165 0.462022 
0.057405 0.002469 0.491768 
0.004839 0.989767 0.002697 0.002697 
0.250000 0.250000 0.250000 0.250000 
  89
0.479817 0.002366 0.046210 
0.462778 0.995165 0.462022 
0.057405 0.002469 0.491768 
0.003108 0.991498 0.002697 0.002697 
0.250000 0.250000 0.250000 0.250000 
  90
0.479817 0.002366 0.046210 
0.462778 0.995165 0.462022 
0.057405 0.002469 0.491768 
0.567953 0.422965 0.003287 0.005795 
0.250000 0.250000 0.250000 0.250000 
  91
0.479817 0.002366 0.046210 
0.462778 0.995165 0.462022 
0.057405 0.002469 0.491768 
0.986037 0.003741 0.007525 0.002697 
0.250000 0.250000 0.250000 0.250000 
  92
0.479817 0.002366 0.046210 
0.462778 0.995165 0.462022 
0.057405 0.002469 0.491768 
0.179922 0.814684 0.002697 0.002697 
0.250000 0.250000 0.250000 0.250000 
  93
0.479817 0.002366 0.046210 
0.462778 0.995165 0.462022 
0.057405 0.002469 0.491768 
0.749252 0.245354 0.002697 0.002697 
0.250000 0.250000 0.250000 0.250000 
  94
0.479817 0.002366 0.046210 
0.462778 0.995165 0.462022 
0.057405 0.002469 0.491768 
0.991908 0.002697 0.002697 0.002697 
0.250000 0.250000 0.250000 0.250000 
  95
0.479817 0.002366 0.046210 
0.462778 0.995165 0.462022 
0.057405 0.002469 0.491768 
0.002697 0.002697 0.002697 0.991909 
0.250000 0.250000 0.250000 0.250000 
  96
0.479817 0.002366 0.046210 
0.462778 0.995165 0.462022 
0.057405 0.002469 0.491768 
0.002697 0.991909 0.002697 0.002697 
0.250000 0.250000 0.250000 0.250000 
  97
0.479817 0.002366 0.046210 
0.462778 0.995165 0.462022 
0.057405 0.002469 0.491768 
0.464464 0.530142 0.002697 0.002697 
0.250000 0.250000 0.250000 0.250000 
  98
0.479817 0.002366 0.046210 
0.462778 0.995165 0.462022 
0.057405 0.002469 0.491768 
0.002697 0.002697 0.003100 0.991506 
0.250000 0.250000 0.250000 0.250000 
  99
0.479817 0.002366 0.046210 
0.462778 0.995165 0.462022 
0.057405 0.002469 0.491768 
0.007314 0.025872 0.044064 0.922749 
0.250000 0.250000 0.250000 0.250000 
 100
0.479817 0.002366 0.046210 
0.462778 0.995165 0.462022 
0.057405 0.002469 0.491768 
0.130095 0.864214 0.002697 0.002994 
0.250000 0.250000 0.250000 0.250000 
 101
0.479817 0.002366 0.046210 
0.462778 0.995165 0.462022 
0.057405 0.002469 0.491768 
0.172221 0.820438 0.004213 0.003127 
0.250000 0.250000 0.250000 0.250000 
 102
0.479817 0.002366 0.046210 
0.462778 0.995165 0.462022 
0.057405 0.002469 0.491768 
0.066163 0.008112 0.020551 0.905173 
0.250000 0.250000 0.250000 0.250000 
 103
0.479817 0.002366 0.046210 
0.462778 0.995165 0.462022 
0.057405 0.002469 0.491768 
0.003237 0.991369 0.002697 0.002697 
0.250000 0.250000 0.250000 0.250000 
 104
0.479817 0.002366 0.046210 
0.462778 0.995165 0.462022 
0.057405 0.002469 0.491768 
0.002697 0.991489 0.003117 0.002697 
0.250000 0.250000 0.250000 0.250000 
 105
0.479817 0.002366 0.046210 
0.462778 0.995165 0.462022 
0.057405 0.002469 0.491768 
0.849526 0.019585 0.126210 0.004679 
0.250000 0.250000 0.250000 0.250000 
 106
0.479817 0.002366 0.046210 
0.462778 0.995165 0.462022 
0.057405 0.002469 0.491768 
0.989186 0.003513 0.002935 0.004366 
0.250000 0.250000 0.250000 0.250000 
 107
0.479817 0.002366 0.046210 
0.462778 0.995165 0.462022 
0.057405 0.002469 0.491768 
0.002996 0.002697 0.004363 0.989944 
0.250000 0.250000 0.250000 0.250000 
 108
0.479817 0.002366 0.046210 
0.462778 0.995165 0.462022 
0.057405 0.002469 0.491768 
0.008670 0.002991 0.413846 0.574492 
0.250000 0.250000 0.250000 0.250000 
 109
0.479817 0.002366 0.046210 
0.462778 0.995165 0.462022 
0.057405 0.002469 0.491768 
0.002697 0.990337 0.004269 0.002697 
0.250000 0.250000 0.250000 0.250000 
 110
0.479817 0.002366 0.046210 
0.462778 0.995165 0.462022 
0.057405 0.002469 0.491768 
0.002697 0.991909 0.002697 0.002697 
0.250000 0.250000 0.250000 0.250000 
 111
0.479817 0.002366 0.046210 
0.462778 0.995165 0.462022 
0.057405 0.002469 0.491768 
0.229446 0.745025 0.017195 0.008334 
0.250000 0.250000 0.250000 0.250000 
 112
0.479817 0.002366 0.046210 
0.462778 0.995165 0.462022 
0.057405 0.002469 0.491768 
0.820609 0.002697 0.173997 0.002697 
0.250000 0.250000 0.250000 0.250000 
 113
0.479817 0.002366 0.046210 
0.462778 0.995165 0.462022 
0.057405 0.002469 0.491768 
0.034273 0.960333 0.002697 0.002697 
0.250000 0.250000 0.250000 0.250000 
 114
0.479817 0.002366 0.046210 
0.462778 0.995165 0.462022 
0.057405 0.002469 0.491768 
0.717992 0.276613 0.002697 0.002697 
0.250000 0.250000 0.250000 0.250000 
 115
0.479817 0.002366 0.046210 
0.462778 0.995165 0.462022 
0.057405 0.002469 0.491768 
0.002697 0.002697 0.003858 0.990748 
0.250000 0.250000 0.250000 0.250000 
 116
0.479817 0.002366 0.046210 
0.462778 0.995165 0.462022 
0.057405 0.002469 0.491768 
0.003606 0.002697 0.002697 0.991000 
0.250000 0.250000 0.250000 0.250000 
 117
0.479817 0.002366 0.046210 
0.462778 0.995165 0.462022 
0.057405 0.002469 0.491768 
0.002697 0.002697 0.847902 0.146704 
0.250000 0.250000 0.250000 0.250000 
 118
0.479817 0.002366 0.046210 
0.462778 0.995165 0.462022 
0.057405 0.002469 0.491768 
0.002697 0.002697 0.002697 0.991909 
0.250000 0.250000 0.250000 0.250000 
 119
0.479817 0.002366 0.046210 
0.462778 0.995165 0.462022 
0.057405 0.002469 0.491768 
0.991909 0.002697 0.002697 0.002697 
0.250000 0.250000 0.250000 0.250000 
 120
0.479817 0.002366 0.046210 
0.462778 0.995165 0.462022 
0.057405 0.002469 0.491768 
0.002697 0.002697 0.931151 0.063455 
0.250000 0.250000 0.250000 0.250000 
 121
0.479817 0.002366 0.046210 
0.462778 0.995165 0.462022 
0.057405 0.002469 0.491768 
0.940983 0.053623 0.002697 0.002697 
0.250000 0.250000 0.250000 0.250000 
 122
0.479817 0.002366 0.046210 
0.462778 0.995165 0.462022 
0.057405 0.002469 0.491768 
0.003266 0.002697 0.005168 0.988869 
0.250000 0.250000 0.250000 0.250000 
 123
0.479817 0.002366 0.046210 
0.462778 0.995165 0.462022 
0.057405 0.002469 0.491768 
0.514994 0.012431 0.445883 0.026692 
0.250000 0.250000 0.250000 0.250000 
 124
0.479817 0.002366 0.046210 
0.462778 0.995165 0.462022 
0.057405 0.002469 0.491768 
0.002697 0.002697 0.991909 0.002697 
0.250000 0.250000 0.250000 0.250000 
 125
0.479817 0.002366 0.046210 
0.462778 0.995165 0.462022 
0.057405 0.002469 0.491768 
0.991320 0.003286 0.002697 0.002697 
0.250000 0.250000 0.250000 0.250000 
 126
0.479817 0.002366 0.046210 
0.462778 0.995165 0.462022 
0.057405 0.002469 0.491768 
0.475777 0.518829 0.002697 0.002697 
0.250000 0.250000 0.250000 0.250000 
 127
0.479817 0.002366 0.046210 
0.462778 0.995165 0.462022 
0.057405 0.002469 0.491768 
0.991357 0.003249 0.002697 0.002697 
0.250000 0.250000 0.250000 0.250000 
 128
0.479817 0.002366 0.046210 
0.462778 0.995165 0.462022 
0.057405 0.002469 0.491768 
0.002697 0.002697 0.004519 0.990087 
0.250000 0.250000 0.250000 0.250000 
 129
0.479817 0.002366 0.046210 
0.462778 0.995165 0.462022 
0.057405 0.002469 0.491768 
0.003154 0.991452 0.002697 0.002697 
0.250000 0.250000 0.250000 0.250000 
 130
0.479817 0.002366 0.046210 
0.462778 0.995165 0.462022 
0.057405 0.002469 0.491768 
0.002697 0.002697 0.003498 0.991108 
0.250000 0.250000 0.250000 0.250000 
 131
0.479817 0.002366 0.046210 
0.462778 0.995165 0.462022 
0.057405 0.002469 0.491768 
0.002697 0.991909 0.002697 0.002697 
0.250000 0.250000 0.250000 0.250000 
 132
0.479817 0.002366 0.046210 
0.462778 0.995165 0.462022 
0.057405 0.002469 0.491768 
0.002697 0.002697 0.914162 0.080443 
0.250000 0.250000 0.250000 0.250000 
 133
0.479817 0.002366 0.046210 
0.462778 0.995165 0.462022 
0.057405 0.002469 0.491768 
0.991909 0.002697 0.002697 0.002697 
0.250000 0.250000 0.250000 0.250000 
 134
0.479817 0.002366 0.046210 
0.462778 0.995165 0.462022 
0.057405 0.002469 0.491768 
0.002697 0.002697 0.991909 0.002697 
0.250000 0.250000 0.250000 0.250000 
 135
0.479817 0.002366 0.046210 
0.462778 0.995165 0.462022 
0.057405 0.002469 0.491768 
0.126568 0.004585 0.098855 0.769992 
0.250000 0.250000 0.250000 0.250000 
 136
0.479817 0.002366 0.046210 
0.462778 0.995165 0.462022 
0.057405 0.002469 0.491768 
0.003405 0.991201 0.002697 0.002697 
0.250000 0.250000 0.250000 0.250000 
 137
0.479817 0.002366 0.046210 
0.462778 0.995165 0.462022 
0.057405 0.002469 0.491768 
0.988657 0.002697 0.002697 0.005949 
0.250000 0.250000 0.250000 0.250000 
 138
0.479817 0.002366 0.046210 
0.462778 0.995165 0.462022 
0.057405 0.002469 0.491768 
0.856367 0.137941 0.002995 0.002697 
0.250000 0.250000 0.250000 0.250000 
 139
0.479817 0.002366 0.046210 
0.462778 0.995165 0.462022 
0.057405 0.002469 0.491768 
0.003786 0.002697 0.989678 0.003839 
0.250000 0.250000 0.250000 0.250000 
 140
0.479817 0.002366 0.046210 
0.462778 0.995165 0.462022 
0.057405 0.002469 0.491768 
0.004363 0.002697 0.002697 0.990243 
0.250000 0.250000 0.250000 0.250000 
 141
0.479817 0.002366 0.046210 
0.462778 0.995165 0.462022 
0.057405 0.002469 0.491768 
0.009732 0.003012 0.729668 0.257587 
0.250000 0.250000 0.250000 0.250000 
 142
0.479817 0.002366 0.046210 
0.462778 0.995165 0.462022 
0.057405 0.002469 0.491768 
0.960139 0.003810 0.033355 0.002697 
0.250000 0.250000 0.250000 0.250000 
 143
0.479817 0.002366 0.046210 
0.462778 0.995165 0.462022 
0.057405 0.002469 0.491768 
0.986300 0.005054 0.002697 0.005949 
0.250000 0.250000 0.250000 0.250000 
 144
0.479817 0.002366 0.046210 
0.462778 0.995165 0.462022 
0.057405 0.002469 0.491768 
0.894715 0.099890 0.002697 0.002697 
0.250000 0.250000 0.250000 0.250000 
 145
0.479817 0.002366 0.046210 
0.462778 0.995165 0.462022 
0.057405 0.002469 0.491768 
0.003231 0.002697 0.990712 0.003360 
0.250000 0.250000 0.250000 0.250000 
 146
0.479817 0.002366 0.046210 
0.462778 0.995165 0.462022 
0.057405 0.002469 0.491768 
0.003320 0.002697 0.002697 0.991286 
0.250000 0.250000 0.250000 0.250000 
 147
0.479817 0.002366 0.046210 
0.462778 0.995165 0.462022 
0.057405 0.002469 0.491768 
0.022291 0.007027 0.959352 0.011330 
0.250000 0.250000 0.250000 0.250000 
 148
0.479817 0.002366 0.046210 
0.462778 0.995165 0.462022 
0.057405 0.002469 0.491768 
0.987098 0.007508 0.002697 0.002697 
0.250000 0.250000 0.250000 0.250000 
 149
0.479817 0.002366 0.046210 
0.462778 0.995165 0.462022 
0.057405 0.002469 0.491768 
0.108443 0.884315 0.003583 0.003659 
0.250000 0.250000 0.250000 0.250000 
 150
0.479817 0.002366 0.046210 
0.462778 0.995165 0.462022 
0.057405 0.002469 0.491768 
0.003023 0.002697 0.203932 0.790348 
0.250000 0.250000 0.250000 0.250000 
 151
0.479817 0.002366 0.046210 
0.462778 0.995165 0.462022 
0.057405 0.002469 0.491768 
0.003203 0.990599 0.002697 0.003501 
0.250000 0.250000 0.250000 0.250000 
 152
0.479817 0.002366 0.046210 
0.462778 0.995165 0.462022 
0.057405 0.002469 0.491768 
0.991909 0.002697 0.002697 0.002697 
0.250000 0.250000 0.250000 0.250000 
 153
0.479817 0.002366 0.046210 
0.462778 0.995165 0.462022 
0.057405 0.002469 0.491768 
0.004770 0.002933 0.596554 0.395743 
0.250000 0.250000 0.250000 0.250000 
 154
0.479817 0.002366 0.046210 
0.462778 0.995165 0.462022 
0.057405 0.002469 0.491768 
0.025092 0.002697 0.133913 0.838299 
0.250000 0.250000 0.250000 0.250000 
 155
0.479817 0.002366 0.046210 
0.462778 0.995165 0.462022 
0.057405 0.002469 0.491768 
0.991390 0.003216 0.002697 0.002697 
0.250000 0.250000 0.250000 0.250000 
 156
0.479817 0.002366 0.046210 
0.462778 0.995165 0.462022 
0.057405 0.002469 0.491768 
0.013364 0.010494 0.092230 0.883912 
0.250000 0.250000 0.250000 0.250000 
 157
0.479817 0.002366 0.046210 
0.462778 0.995165 0.462022 
0.057405 0.002469 0.491768 
0.002697 0.989697 0.004909 0.002697 
0.250000 0.250000 0.250000 0.250000 
 158
0.479817 0.002366 0.046210 
0.462778 0.995165 0.462022 
0.057405 0.002469 0.491768 
0.991144 0.003462 0.002697 0.002697 
0.250000 0.250000 0.250000 0.250000 
 159
0.479817 0.002366 0.046210 
0.462778 0.995165 0.462022 
0.057405 0.002469 0.491768 
0.676352 0.192259 0.003217 0.128172 
0.250000 0.250000 0.250000 0.250000 
 160
0.479817 0.002366 0.046210 
0.462778 0.995165 0.462022 
0.057405 0.002469 0.491768 
0.003470 0.988735 0.002697 0.005098 
0.250000 0.250000 0.250000 0.250000 
 161
0.479817 0.002366 0.046210 
0.462778 0.995165 0.462022 
0.057405 0.002469 0.491768 
0.002697 0.991076 0.003207 0.003020 
0.250000 0.250000 0.250000 0.250000 
 162
0.479817 0.002366 0.046210 
0.462778 0.995165 0.462022 
0.057405 0.002469 0.491768 
0.409195 0.567294 0.018809 0.004702 
0.250000 0.250000 0.250000 0.250000 
 163
0.479817 0.002366 0.046210 
0.462778 0.995165 0.462022 
0.057405 0.002469 0.491768 
0.537248 0.002697 0.457357 0.002697 
0.250000 0.250000 0.250000 0.250000 
 164
0.479817 0.002366 0.046210 
0.462778 0.995165 0.462022 
0.057405 0.002469 0.491768 
0.002697 0.991909 0.002697 0.002697 
0.250000 0.250000 0.250000 0.250000 
 165
0.479817 0.002366 0.046210 
0.462778 0.995165 0.462022 
0.057405 0.002469 0.491768 
0.444438 0.545806 0.002697 0.007058 
0.250000 0.250000 0.250000 0.250000 
 166
0.479817 0.002366 0.046210 
0.462778 0.995165 0.462022 
0.057405 0.002469 0.491768 
0.003025 0.002697 0.801810 0.192468 
0.250000 0.250000 0.250000 0.250000 
 167
0.479817 0.002366 0.046210 
0.462778 0.995165 0.462022 
0.057405 0.002469 0.491768 
0.002697 0.002697 0.002697 0.991909 
0.250000 0.250000 0.250000 0.250000 
 168
0.479817 0.002366 0.046210 
0.462778 0.995165 0.462022 
0.057405 0.002469 0.491768 
0.247600 0.707028 0.005070 0.040303 
0.250000 0.250000 0.250000 0.250000 
 169
0.479817 0.002366 0.046210 
0.462778 0.995165 0.462022 
0.057405 0.002469 0.491768 
0.983619 0.010580 0.003104 0.002697 
0.250000 0.250000 0.250000 0.250000 
 170
0.479817 0.002366 0.046210 
0.462778 0.995165 0.462022 
0.057405 0.002469 0.491768 
0.003207 0.002697 0.003686 0.990410 
0.250000 0.250000 0.250000 0.250000 
 171
0.479817 0.002366 0.046210 
0.462778 0.995165 0.462022 
0.057405 0.002469 0.491768 
0.008890 0.002697 0.840644 0.147769 
0.250000 0.250000 0.250000 0.250000 
 172
0.479817 0.002366 0.046210 
0.462778 0.995165 0.462022 
0.057405 0.002469 0.491768 
0.002697 0.003560 0.991046 0.002697 
0.250000 0.250000 0.250000 0.250000 
 173
0.479817 0.002366 0.046210 
0.462778 0.995165 0.462022 
0.057405 0.002469 0.491768 
0.991909 0.002697 0.002697 0.002697 
0.250000 0.250000 0.250000 0.250000 
 174
0.479817 0.002366 0.046210 
0.462778 0.995165 0.462022 
0.057405 0.002469 0.491768 
0.360483 0.631911 0.002697 0.004909 
0.250000 0.250000 0.250000 0.250000 
 175
0.479817 0.002366 0.046210 
0.462778 0.995165 0.462022 
0.057405 0.002469 0.491768 
0.991909 0.002697 0.002697 0.002697 
0.250000 0.250000 0.250000 0.250000 
 176
0.479817 0.002366 0.046210 
0.462778 0.995165 0.462022 
0.057405 0.002469 0.491768 
0.991122 0.002697 0.002697 0.003484 
0.250000 0.250000 0.250000 0.250000 
 177
0.479817 0.002366 0.046210 
0.462778 0.995165 0.462022 
0.057405 0.002469 0.491768 
0.002697 0.002697 0.765989 0.228617 
0.250000 0.250000 0.250000 0.250000 
 178
0.479817 0.002366 0.046210 
0.462778 0.995165 0.462022 
0.057405 0.002469 0.491768 
0.990886 0.003720 0.002697 0.002697 
0.250000 0.250000 0.250000 0.250000 
 179
0.479817 0.002366 0.046210 
0.462778 0.995165 0.462022 
0.057405 0.002469 0.491768 
0.002697 0.991909 0.002697 0.002697 
0.250000 0.250000 0.250000 0.250000 
 180
0.479817 0.002366 0.046210 
0.462778 0.995165 0.462022 
0.057405 0.002469 0.491768 
0.002697 0.002697 0.925982 0.068624 
0.250000 0.250000 0.250000 0.250000 
 181
0.479817 0.002366 0.046210 
0.462778 0.995165 0.462022 
0.057405 0.002469 0.491768 
0.760694 0.004109 0.006368 0.228830 
0.250000 0.250000 0.250000 0.250000 
 182
0.479817 0.002366 0.046210 
0.462778 0.995165 0.462022 
0.057405 0.002469 0.491768 
0.002697 0.003187 0.002697 0.991419 
0.250000 0.250000 0.250000 0.250000 
 183
0.479817 0.002366 0.046210 
0.462778 0.995165 0.462022 
0.057405 0.002469 0.491768 
0.790811 0.148265 0.053310 0.007613 
0.250000 0.250000 0.250000 0.250000 
 184
0.479817 0.002366 0.046210 
0.462778 0.995165 0.462022 
0.057405 0.002469 0.491768 
0.989547 0.002953 0.004566 0.002934 
0.250000 0.250000 0.250000 0.250000 
 185
0.479817 0.002366 0.046210 
0.462778 0.995165 0.462022 
0.057405 0.002469 0.491768 
0.002697 0.002697 0.991909 0.002697 
0.250000 0.250000 0.250000 0.250000 
 186
0.479817 0.002366 0.046210 
0.462778 0.995165 0.462022 
0.057405 0.002469 0.491768 
0.918284 0.010564 0.066047 0.005105 
0.250000 0.250000 0.250000 0.250000 
 187
0.479817 0.002366 0.046210 
0.462778 0.995165 0.462022 
0.057405 0.002469 0.491768 
0.982101 0.008103 0.005891 0.003905 
0.250000 0.250000 0.250000 0.250000 
 188
0.479817 0.002366 0.046210 
0.462778 0.995165 0.462022 
0.057405 0.002469 0.491768 
0.002697 0.002697 0.003281 0.991325 
0.250000 0.250000 0.250000 0.250000 
 189
0.479817 0.002366 0.046210 
0.462778 0.995165 0.462022 
0.057405 0.002469 0.491768 
0.981087 0.007467 0.006509 0.004937 
0.250000 0.250000 0.250000 0.250000 
 190
0.479817 0.002366 0.046210 
0.462778 0.995165 0.462022 
0.057405 0.002469 0.491768 
0.005357 0.988066 0.003879 0.002697 
0.250000 0.250000 0.250000 0.250000 
 191
0.479817 0.002366 0.046210 
0.462778 0.995165 0.462022 
0.057405 0.002469 0.491768 
0.991159 0.003447 0.002697 0.002697 
0.250000 0.250000 0.250000 0.250000 
 192
0.479817 0.002366 0.046210 
0.462778 0.995165 0.462022 
0.057405 0.002469 0.491768 
0.055887 0.938719 0.002697 0.002697 
0.250000 0.250000 0.250000 0.250000 
 193
0.479817 0.002366 0.046210 
0.462778 0.995165 0.462022 
0.057405 0.002469 0.491768 
0.991909 0.002697 0.002697 0.002697 
0.250000 0.250000 0.250000 0.250000 
 194
0.479817 0.002366 0.046210 
0.462778 0.995165 0.462022 
0.057405 0.002469 0.491768 
0.129447 0.865159 0.002697 0.002697 
0.250000 0.250000 0.250000 0.250000 
 195
0.479817 0.002366 0.046210 
0.462778 0.995165 0.462022 
0.057405 0.002469 0.491768 
0.798976 0.195327 0.002697 0.003000 
0.250000 0.250000 0.250000 0.250000 
 196
0.479817 0.002366 0.046210 
0.462778 0.995165 0.462022 
0.057405 0.002469 0.491768 
0.990087 0.004519 0.002697 0.002697 
0.250000 0.250000 0.250000 0.250000 
 197
0.479817 0.002366 0.046210 
0.462778 0.995165 0.462022 
0.057405 0.002469 0.491768 
0.002697 0.002697 0.002697 0.991909 
0.250000 0.250000 0.250000 0.250000 
 198
0.479817 0.002366 0.046210 
0.462778 0.995165 0.462022 
0.057405 0.002469 0.491768 
0.003115 0.991491 0.002697 0.002697 
0.250000 0.250000 0.250000 0.250000 
 199
0.479817 0.002366 0.046210 
0.462778 0.995165 0.462022 
0.057405 0.002469 0.491768 
0.006014 0.987794 0.003226 0.002966 
0.250000 0.250000 0.250000 0.250000 
 200
0.479817 0.002366 0.046210 
0.462778 0.995165 0.462022 
0.057405 0.002469 0.491768 
0.002697 0.002697 0.005808 0.988798 
0.250000 0.250000 0.250000 0.250000 
 201
0.479817 0.002366 0.046210 
0.462778 0.995165 0.462022 
0.057405 0.002469 0.491768 
0.173150 0.413671 0.085529 0.327650 
0.250000 0.250000 0.250000 0.250000 
 202
0.479817 0.002366 0.046210 
0.462778 0.995165 0.462022 
0.057405 0.002469 0.491768 
0.003068 0.002697 0.989244 0.004991 
0.250000 0.250000 0.250000 0.250000 
 203
0.479817 0.002366 0.046210 
0.462778 0.995165 0.462022 
0.057405 0.002469 0.491768 
0.002697 0.002697 0.003154 0.991452 
0.250000 0.250000 0.250000 0.250000 
 204
0.479817 0.002366 0.046210 
0.462778 0.995165 0.462022 
0.057405 0.002469 0.491768 
0.011039 0.008151 0.790948 0.189862 
0.250000 0.250000 0.250000 0.250000 
 205
0.479817 0.002366 0.046210 
0.462778 0.995165 0.462022 
0.057405 0.002469 0.491768 
0.002697 0.002697 0.003098 0.991508 
0.250000 0.250000 0.250000 0.250000 
 206
0.479817 0.002366 0.046210 
0.462778 0.995165 0.462022 
0.057405 0.002469 0.491768 
0.002697 0.002697 0.991493 0.003113 
0.250000 0.250000 0.250000 0.250000 
 207
0.479817 0.002366 0.046210 
0.462778 0.995165 0.462022 
0.057405 0.002469 0.491768 
0.100660 0.113115 0.015183 0.771042 
0.250000 0.250000 0.250000 0.250000 
 208
0.479817 0.002366 0.046210 
0.462778 0.995165 0.462022 
0.057405 0.002469 0.491768 
0.002697 0.990101 0.002697 0.004505 
0.250000 0.250000 0.250000 0.250000 
 209
0.479817 0.002366 0.046210 
0.462778 0.995165 0.462022 
0.057405 0.002469 0.491768 
0.002697 0.002697 0.991909 0.002697 
0.250000 0.250000 0.250000 0.250000 
 210
0.479817 0.002366 0.046210 
0.462778 0.995165 0.462022 
0.057405 0.002469 0.491768 
0.512897 0.024492 0.029336 0.433275 
0.250000 0.250000 0.250000 0.250000 
 211
0.479817 0.002366 0.046210 
0.462778 0.995165 0.462022 
0.057405 0.002469 0.491768 
0.002697 0.002697 0.002697 0.991909 
0.250000 0.250000 0.250000 0.250000 
 212
0.479817 0.002366 0.046210 
0.462778 0.995165 0.462022 
0.057405 0.002469 0.491768 
0.002697 0.002697 0.004519 0.990087 
0.250000 0.250000 0.250000 0.250000 
 213
0.479817 0.002366 0.046210 
0.462778 0.995165 0.462022 
0.057405 0.002469 0.491768 
0.002697 0.002697 0.040268 0.954337 
0.250000 0.250000 0.250000 0.250000 
 214
0.479817 0.002366 0.046210 
0.462778 0.995165 0.462022 
0.057405 0.002469 0.491768 
0.002697 0.991909 0.002697 0.002697 
0.250000 0.250000 0.250000 0.250000 
 215
0.479817 0.002366 0.046210 
0.462778 0.995165 0.462022 
0.057405 0.002469 0.491768 
0.991275 0.003331 0.002697 0.002697 
0.250000 0.250000 0.250000 0.250000 
 216
0.479817 0.002366 0.046210 
0.462778 0.995165 0.462022 
0.057405 0.002469 0.491768 
0.002697 0.003111 0.106427 0.887764 
0.250000 0.250000 0.250000 0.250000 
 217
0.479817 0.002366 0.046210 
0.462778 0.995165 0.462022 
0.057405 0.002469 0.491768 
0.002697 0.991909 0.002697 0.002697 
0.250000 0.250000 0.250000 0.250000 
 218
0.479817 0.002366 0.046210 
0.462778 0.995165 0.462022 
0.057405 0.002469 0.491768 
0.991446 0.003160 0.002697 0.002697 
0.250000 0.250000 0.250000 0.250000 
 219
0.479817 0.002366 0.046210 
0.462778 0.995165 0.462022 
0.057405 0.002469 0.491768 
0.403083 0.591001 0.002697 0.003219 
0.250000 0.250000 0.250000 0.250000 
 220
0.479817 0.002366 0.046210 
0.462778 0.995165 0.462022 
0.057405 0.002469 0.491768 
0.965085 0.003704 0.028514 0.002697 
0.250000 0.250000 0.250000 0.250000 
 221
0.479817 0.002366 0.046210 
0.462778 0.995165 0.462022 
0.057405 0.002469 0.491768 
0.003344 0.991262 0.002697 0.002697 
0.250000 0.250000 0.250000 0.250000 
 222
0.479817 0.002366 0.046210 
0.462778 0.995165 0.462022 
0.057405 0.002469 0.491768 
0.560319 0.434287 0.002697 0.002697 
0.250000 0.250000 0.250000 0.250000 
 223
0.479817 0.002366 0.046210 
0.462778 0.995165 0.462022 
0.057405 0.002469 0.491768 
0.987711 0.002697 0.006895 0.002697 
0.250000 0.250000 0.250000 0.250000 
 224
0.479817 0.002366 0.046210 
0.462778 0.995165 0.462022 
0.057405 0.002469 0.491768 
0.002697 0.991357 0.003249 0.002697 
0.250000 0.250000 0.250000 0.250000 
 225
0.479817 0.002366 0.046210 
0.462778 0.995165 0.462022 
0.057405 0.002469 0.491768 
0.483243 0.511363 0.002697 0.002697 
0.250000 0.250000 0.250000 0.250000 
 226
0.479817 0.002366 0.046210 
0.462778 0.995165 0.462022 
0.057405 0.002469 0.491768 
0.991909 0.002697 0.002697 0.002697 
0.250000 0.250000 0.250000 0.250000 
 227
0.479817 0.002366 0.046210 
0.462778 0.995165 0.462022 
0.057405 0.002469 0.491768 
0.991412 0.002697 0.003194 0.002697 
0.250000 0.250000 0.250000 0.250000 
 228
0.479817 0.002366 0.046210 
0.462778 0.995165 0.462022 
0.057405 0.002469 0.491768 
0.002697 0.002697 0.530518 0.464088 
0.250000 0.250000 0.250000 0.250000 
 229
0.479817 0.002366 0.046210 
0.462778 0.995165 0.462022 
0.057405 0.002469 0.491768 
0.991175 0.002697 0.003431 0.002697 
0.250000 0.250000 0.250000 0.250000 
 230
0.479817 0.002366 0.046210 
0.462778 0.995165 0.462022 
0.057405 0.002469 0.491768 
0.717578 0.277028 0.002697 0.002697 
0.250000 0.250000 0.250000 0.250000 
 231
0.479817 0.002366 0.046210 
0.462778 0.995165 0.462022 
0.057405 0.002469 0.491768 
0.884914 0.109379 0.002697 0.003010 
0.250000 0.250000 0.250000 0.250000 
 232
0.479817 0.002366 0.046210 
0.462778 0.995165 0.462022 
0.057405 0.002469 0.491768 
0.002697 0.002697 0.003094 0.991512 
0.250000 0.250000 0.250000 0.250000 
 233
0.479817 0.002366 0.046210 
0.462778 0.995165 0.462022 
0.057405 0.002469 0.491768 
0.991909 0.002697 0.002697 0.002697 
0.250000 0.250000 0.250000 0.250000 
 234
0.479817 0.002366 0.046210 
0.462778 0.995165 0.462022 
0.057405 0.002469 0.491768 
0.002698 0.002698 0.620441 0.374163 
0.250000 0.250000 0.250000 0.250000 
 235
0.479817 0.002366 0.046210 
0.462778 0.995165 0.462022 
0.057405 0.002469 0.491768 
0.004333 0.002697 0.955708 0.037262 
0.250000 0.250000 0.250000 0.250000 
 236
