%  SAM: /scicomp/home/vfn4/Tools/LABEL_RES/scripts/modelfromalign v3.5 (July 15, 2005) compiled 12/08/06_16:15:55
%  (c) 1992-2001 Regents of the University of California, Santa Cruz
%
%          Sequence Alignment and Modeling Software System
%         http://www.cse.ucsc.edu/research/compbio/sam.html
%
% ----------------- Citations (SAM, SAM-T2K, HMMs) --------------------
% R. Hughey, A. Krogh, Hidden Markov models for sequence analysis:
%  Extension and analysis of the basic method, CABIOS 12:95-107, 1996.
% K. Karplus, et al., What is the value added by human intervention in protein
%  structure prediction, Proteins: Stucture, Function, Genetics 45(S5):86--91, 2001.
% A. Krogh et al., Hidden Markov models in computational biology:
%  Applications to protein modeling, JMB 235:1501-1531, Feb 1994.
% ---------------------------------------------------------------------
%  A_PB1_hmm   Host: login.aspen.biotech.cdc.gov    Mon Aug 25 12:50:25 2014
%  vfn4        Dir:  /scicomp/home/vfn4/IRMA/train3/OG
% ---------------------------------------------------------------------
%  Alignment weights from internal calc.  Total (43.50) Max (0.35) Min (0.02)
%  Weights from alignment method 1 (karplus), b=-1.000000, e=0.500000
MODEL --  Model from alignment file /scicomp/home/vfn4/Tools/LABEL_RES/training_data/irmaOG/A_PB1.fasta
alphabet DNA
FREQAVE
0.000000 0.000000 0.000000 
0.000000 0.000000 0.000000 
0.000000 0.000000 0.000000 
0.351207 0.229978 0.196539 0.222277 
0.351207 0.229978 0.196539 0.222277 
Begin
0.000000 0.000000 0.000000 
0.000000 0.000000 0.000000 
0.000000 0.004467 0.491768 
0.250000 0.250000 0.250000 0.250000 
0.250000 0.250000 0.250000 0.250000 
   1
0.000000 0.062932 0.046210 
0.000000 0.932601 0.462022 
0.030406 0.004745 0.491768 
0.981710 0.006097 0.006097 0.006097 
0.250000 0.250000 0.250000 0.250000 
   2
0.716796 0.004549 0.046210 
0.252798 0.990706 0.462022 
0.030642 0.004741 0.491768 
0.007355 0.006088 0.008589 0.977967 
0.250000 0.250000 0.250000 0.250000 
   3
0.713888 0.004544 0.046210 
0.255471 0.990715 0.462022 
0.030903 0.004735 0.491768 
0.006079 0.979977 0.006079 0.007865 
0.250000 0.250000 0.250000 0.250000 
   4
0.717405 0.004539 0.046210 
0.251692 0.990726 0.462022 
0.030982 0.004734 0.491768 
0.007301 0.980541 0.006079 0.006079 
0.250000 0.250000 0.250000 0.250000 
   5
0.711393 0.004538 0.046210 
0.257624 0.990729 0.462022 
0.031228 0.004729 0.491768 
0.974865 0.012030 0.007036 0.006068 
0.250000 0.250000 0.250000 0.250000 
   6
0.714873 0.004533 0.046210 
0.253900 0.990738 0.462022 
0.031295 0.004728 0.491768 
0.007465 0.006066 0.027854 0.958616 
0.250000 0.250000 0.250000 0.250000 
   7
0.713580 0.004532 0.046210 
0.255125 0.990741 0.462022 
0.031384 0.004726 0.491768 
0.008383 0.975603 0.006063 0.009952 
0.250000 0.250000 0.250000 0.250000 
   8
0.711529 0.005330 0.046210 
0.257087 0.989944 0.462022 
0.031316 0.004727 0.491768 
0.006065 0.009268 0.006065 0.978602 
0.250000 0.250000 0.250000 0.250000 
   9
0.667375 0.004531 0.046210 
0.301309 0.990741 0.462022 
0.032924 0.004698 0.491768 
0.007401 0.006014 0.978488 0.008098 
0.250000 0.250000 0.250000 0.250000 
  10
0.683389 0.004881 0.046210 
0.283686 0.990421 0.462022 
0.033430 0.004689 0.491768 
0.977012 0.005999 0.009907 0.007083 
0.250000 0.250000 0.250000 0.250000 
  11
0.668188 0.004495 0.046210 
0.298382 0.990816 0.462022 
0.034425 0.004673 0.491768 
0.982088 0.005971 0.005971 0.005971 
0.250000 0.250000 0.250000 0.250000 
  12
0.651764 0.004479 0.046210 
0.313811 0.990847 0.462022 
0.035721 0.004654 0.491768 
0.006482 0.005937 0.080875 0.906707 
0.250000 0.250000 0.250000 0.250000 
  13
0.629506 0.004461 0.046210 
0.334773 0.990885 0.462022 
0.037475 0.004630 0.491768 
0.005895 0.006953 0.981256 0.005895 
0.250000 0.250000 0.250000 0.250000 
  14
0.635570 0.004438 0.046210 
0.326955 0.990932 0.462022 
0.038430 0.004618 0.491768 
0.006441 0.005875 0.981173 0.006512 
0.250000 0.250000 0.250000 0.250000 
  15
0.648554 0.004426 0.046210 
0.313016 0.990956 0.462022 
0.038554 0.004616 0.491768 
0.009631 0.978625 0.005872 0.005872 
0.250000 0.250000 0.250000 0.250000 
  16
0.636974 0.004425 0.046210 
0.324473 0.990959 0.462022 
0.039088 0.004610 0.491768 
0.980967 0.007306 0.005863 0.005863 
0.250000 0.250000 0.250000 0.250000 
  17
0.645801 0.004419 0.046210 
0.315111 0.990972 0.462022 
0.039088 0.004610 0.491768 
0.005861 0.008269 0.979498 0.006372 
0.250000 0.250000 0.250000 0.250000 
  18
0.631069 0.004419 0.046210 
0.329843 0.990972 0.462022 
0.039672 0.004603 0.491768 
0.053545 0.005854 0.042597 0.898004 
0.250000 0.250000 0.250000 0.250000 
  19
0.640505 0.004412 0.046210 
0.319823 0.990985 0.462022 
0.039672 0.004603 0.491768 
0.005849 0.008252 0.376807 0.609091 
0.250000 0.250000 0.250000 0.250000 
  20
0.640505 0.004412 0.046210 
0.319823 0.990985 0.462022 
0.039672 0.004603 0.491768 
0.005849 0.005849 0.006900 0.981401 
0.250000 0.250000 0.250000 0.250000 
  21
0.637110 0.004412 0.046210 
0.323217 0.990985 0.462022 
0.039807 0.004601 0.491768 
0.955720 0.032586 0.005847 0.005847 
0.250000 0.250000 0.250000 0.250000 
  22
0.632780 0.004411 0.046210 
0.327413 0.990988 0.462022 
0.040068 0.004599 0.491768 
0.007773 0.006747 0.979083 0.006397 
0.250000 0.250000 0.250000 0.250000 
  23
0.628928 0.004408 0.046210 
0.331004 0.990994 0.462022 
0.040391 0.004595 0.491768 
0.006439 0.005836 0.005836 0.981890 
0.250000 0.250000 0.250000 0.250000 
  24
0.633995 0.004404 0.046210 
0.325614 0.991001 0.462022 
0.040391 0.004595 0.491768 
0.006759 0.071264 0.053910 0.868067 
0.250000 0.250000 0.250000 0.250000 
  25
0.633995 0.004404 0.046210 
0.325614 0.991001 0.462022 
0.040391 0.004595 0.491768 
0.005836 0.005836 0.006473 0.981856 
0.250000 0.250000 0.250000 0.250000 
  26
0.633995 0.004404 0.046210 
0.325614 0.991001 0.462022 
0.040391 0.004595 0.491768 
0.006474 0.005836 0.005836 0.981854 
0.250000 0.250000 0.250000 0.250000 
  27
0.633995 0.004404 0.046210 
0.325614 0.991001 0.462022 
0.040391 0.004595 0.491768 
0.013460 0.005836 0.954604 0.026100 
0.250000 0.250000 0.250000 0.250000 
  28
0.633995 0.004404 0.046210 
0.325614 0.991001 0.462022 
0.040391 0.004595 0.491768 
0.008974 0.008233 0.310148 0.672645 
0.250000 0.250000 0.250000 0.250000 
  29
0.631192 0.004404 0.046210 
0.328417 0.991001 0.462022 
0.040504 0.004594 0.491768 
0.005833 0.005833 0.006703 0.981630 
0.250000 0.250000 0.250000 0.250000 
  30
0.632966 0.004403 0.046210 
0.326529 0.991003 0.462022 
0.040504 0.004594 0.491768 
0.440366 0.545770 0.007504 0.006360 
0.250000 0.250000 0.250000 0.250000 
  31
0.623727 0.004403 0.046210 
0.335769 0.991003 0.462022 
0.040882 0.004590 0.491768 
0.977569 0.008384 0.008220 0.005826 
0.250000 0.250000 0.250000 0.250000 
  32
0.622361 0.004399 0.046210 
0.336757 0.991011 0.462022 
0.041178 0.004586 0.491768 
0.968787 0.008814 0.005821 0.016577 
0.250000 0.250000 0.250000 0.250000 
  33
0.626864 0.004396 0.046210 
0.331959 0.991017 0.462022 
0.041178 0.004586 0.491768 
0.822941 0.163025 0.005821 0.008212 
0.250000 0.250000 0.250000 0.250000 
  34
0.617697 0.004396 0.046210 
0.341125 0.991017 0.462022 
0.041559 0.004582 0.491768 
0.161967 0.826405 0.005814 0.005814 
0.250000 0.250000 0.250000 0.250000 
  35
0.623412 0.004393 0.046210 
0.335030 0.991025 0.462022 
0.041559 0.004582 0.491768 
0.006318 0.008203 0.006709 0.978770 
0.250000 0.250000 0.250000 0.250000 
  36
0.619181 0.004393 0.046210 
0.339260 0.991025 0.462022 
0.041735 0.004581 0.491768 
0.110881 0.296095 0.013796 0.579228 
0.250000 0.250000 0.250000 0.250000 
  37
0.621812 0.004391 0.046210 
0.336453 0.991028 0.462022 
0.041735 0.004581 0.491768 
0.005811 0.005811 0.982566 0.005811 
0.250000 0.250000 0.250000 0.250000 
  38
0.621812 0.004391 0.046210 
0.336453 0.991028 0.462022 
0.041735 0.004581 0.491768 
0.005811 0.005811 0.982566 0.005811 
0.250000 0.250000 0.250000 0.250000 
  39
0.621812 0.004391 0.046210 
0.336453 0.991028 0.462022 
0.041735 0.004581 0.491768 
0.952780 0.023355 0.016112 0.007753 
0.250000 0.250000 0.250000 0.250000 
  40
0.492687 0.004391 0.046210 
0.465578 0.991028 0.462022 
0.047923 0.004526 0.491768 
0.006613 0.978842 0.008827 0.005718 
0.250000 0.250000 0.250000 0.250000 
  41
0.565738 0.004339 0.046210 
0.386339 0.991135 0.462022 
0.047923 0.004526 0.491768 
0.005718 0.005718 0.822127 0.166436 
0.250000 0.250000 0.250000 0.250000 
  42
0.565738 0.004339 0.046210 
0.386339 0.991135 0.462022 
0.047923 0.004526 0.491768 
0.134209 0.853150 0.005718 0.006923 
0.250000 0.250000 0.250000 0.250000 
  43
0.554547 0.004339 0.046210 
0.397530 0.991135 0.462022 
0.048466 0.004522 0.491768 
0.005711 0.005711 0.982866 0.005711 
0.250000 0.250000 0.250000 0.250000 
  44
0.550774 0.004335 0.046210 
0.400761 0.991143 0.462022 
0.048958 0.004519 0.491768 
0.982884 0.005705 0.005705 0.005705 
0.250000 0.250000 0.250000 0.250000 
  45
0.556365 0.004331 0.046210 
0.394678 0.991150 0.462022 
0.048958 0.004519 0.491768 
0.942031 0.044054 0.005705 0.008210 
0.250000 0.250000 0.250000 0.250000 
  46
0.556365 0.004331 0.046210 
0.394678 0.991150 0.462022 
0.048958 0.004519 0.491768 
0.982884 0.005705 0.005705 0.005705 
0.250000 0.250000 0.250000 0.250000 
  47
0.556365 0.004331 0.046210 
0.394678 0.991150 0.462022 
0.048958 0.004519 0.491768 
0.979432 0.009157 0.005705 0.005705 
0.250000 0.250000 0.250000 0.250000 
  48
0.556365 0.004331 0.046210 
0.394678 0.991150 0.462022 
0.048958 0.004519 0.491768 
0.005705 0.005705 0.014294 0.974295 
0.250000 0.250000 0.250000 0.250000 
  49
0.547449 0.004331 0.046210 
0.403594 0.991150 0.462022 
0.049398 0.004515 0.491768 
0.005700 0.982900 0.005700 0.005700 
0.250000 0.250000 0.250000 0.250000 
  50
0.552374 0.004328 0.046210 
0.398228 0.991156 0.462022 
0.049398 0.004515 0.491768 
0.005703 0.005703 0.982009 0.006586 
0.250000 0.250000 0.250000 0.250000 
  51
0.552374 0.004328 0.046210 
0.398228 0.991156 0.462022 
0.049398 0.004515 0.491768 
0.010067 0.005700 0.592479 0.391754 
0.250000 0.250000 0.250000 0.250000 
  52
0.534998 0.004328 0.046210 
0.415604 0.991156 0.462022 
0.050272 0.004509 0.491768 
0.974379 0.014241 0.005690 0.005690 
0.250000 0.250000 0.250000 0.250000 
  53
0.544458 0.004322 0.046210 
0.405270 0.991168 0.462022 
0.050272 0.004509 0.491768 
0.005690 0.005690 0.005690 0.982931 
0.250000 0.250000 0.250000 0.250000 
  54
0.538749 0.004322 0.046210 
0.410979 0.991168 0.462022 
0.050560 0.004507 0.491768 
0.981548 0.005686 0.007079 0.005686 
0.250000 0.250000 0.250000 0.250000 
  55
0.541842 0.004321 0.046210 
0.407597 0.991172 0.462022 
0.050560 0.004507 0.491768 
0.982131 0.005686 0.005686 0.006496 
0.250000 0.250000 0.250000 0.250000 
  56
0.536097 0.004321 0.046210 
0.413343 0.991172 0.462022 
0.050852 0.004505 0.491768 
0.006283 0.982351 0.005683 0.005683 
0.250000 0.250000 0.250000 0.250000 
  57
0.539195 0.004319 0.046210 
0.409953 0.991176 0.462022 
0.050852 0.004505 0.491768 
0.005683 0.005683 0.712006 0.276628 
0.250000 0.250000 0.250000 0.250000 
  58
0.539195 0.004319 0.046210 
0.409953 0.991176 0.462022 
0.050852 0.004505 0.491768 
0.980892 0.006250 0.005683 0.007175 
0.250000 0.250000 0.250000 0.250000 
  59
0.539195 0.004319 0.046210 
0.409953 0.991176 0.462022 
0.050852 0.004505 0.491768 
0.005683 0.005683 0.975066 0.013568 
0.250000 0.250000 0.250000 0.250000 
  60
0.539195 0.004319 0.046210 
0.409953 0.991176 0.462022 
0.050852 0.004505 0.491768 
0.184488 0.006474 0.682124 0.126914 
0.250000 0.250000 0.250000 0.250000 
  61
0.539195 0.004319 0.046210 
0.409953 0.991176 0.462022 
0.050852 0.004505 0.491768 
0.982951 0.005683 0.005683 0.005683 
0.250000 0.250000 0.250000 0.250000 
  62
0.539195 0.004319 0.046210 
0.409953 0.991176 0.462022 
0.050852 0.004505 0.491768 
0.005683 0.008018 0.980616 0.005683 
0.250000 0.250000 0.250000 0.250000 
  63
0.539195 0.004319 0.046210 
0.409953 0.991176 0.462022 
0.050852 0.004505 0.491768 
0.853301 0.062827 0.008049 0.075823 
0.250000 0.250000 0.250000 0.250000 
  64
0.539195 0.004319 0.046210 
0.409953 0.991176 0.462022 
0.050852 0.004505 0.491768 
0.005683 0.005683 0.006401 0.982233 
0.250000 0.250000 0.250000 0.250000 
  65
0.539195 0.004319 0.046210 
0.409953 0.991176 0.462022 
0.050852 0.004505 0.491768 
0.005683 0.005683 0.005683 0.982951 
0.250000 0.250000 0.250000 0.250000 
  66
0.539195 0.004319 0.046210 
0.409953 0.991176 0.462022 
0.050852 0.004505 0.491768 
0.006359 0.006149 0.877241 0.110252 
0.250000 0.250000 0.250000 0.250000 
  67
0.539195 0.004319 0.046210 
0.409953 0.991176 0.462022 
0.050852 0.004505 0.491768 
0.005683 0.005683 0.982951 0.005683 
0.250000 0.250000 0.250000 0.250000 
  68
0.539195 0.004319 0.046210 
0.409953 0.991176 0.462022 
0.050852 0.004505 0.491768 
0.005683 0.005683 0.982000 0.006634 
0.250000 0.250000 0.250000 0.250000 
  69
0.539195 0.004319 0.046210 
0.409953 0.991176 0.462022 
0.050852 0.004505 0.491768 
0.154124 0.044008 0.031564 0.770305 
0.250000 0.250000 0.250000 0.250000 
  70
0.539195 0.004319 0.046210 
0.409953 0.991176 0.462022 
0.050852 0.004505 0.491768 
0.005683 0.005683 0.005683 0.982951 
0.250000 0.250000 0.250000 0.250000 
  71
0.539195 0.004319 0.046210 
0.409953 0.991176 0.462022 
0.050852 0.004505 0.491768 
0.982951 0.005683 0.005683 0.005683 
0.250000 0.250000 0.250000 0.250000 
  72
0.539195 0.004319 0.046210 
0.409953 0.991176 0.462022 
0.050852 0.004505 0.491768 
0.005683 0.005683 0.132080 0.856554 
0.250000 0.250000 0.250000 0.250000 
  73
0.539195 0.004319 0.046210 
0.409953 0.991176 0.462022 
0.050852 0.004505 0.491768 
0.982377 0.006257 0.005683 0.005683 
0.250000 0.250000 0.250000 0.250000 
  74
0.539195 0.004319 0.046210 
0.409953 0.991176 0.462022 
0.050852 0.004505 0.491768 
0.005683 0.005683 0.982951 0.005683 
0.250000 0.250000 0.250000 0.250000 
  75
0.539195 0.004319 0.046210 
0.409953 0.991176 0.462022 
0.050852 0.004505 0.491768 
0.009785 0.010919 0.022860 0.956436 
0.250000 0.250000 0.250000 0.250000 
  76
0.539195 0.004319 0.046210 
0.409953 0.991176 0.462022 
0.050852 0.004505 0.491768 
0.005683 0.982951 0.005683 0.005683 
0.250000 0.250000 0.250000 0.250000 
  77
0.539195 0.004319 0.046210 
0.409953 0.991176 0.462022 
0.050852 0.004505 0.491768 
0.005683 0.982951 0.005683 0.005683 
0.250000 0.250000 0.250000 0.250000 
  78
0.539195 0.004319 0.046210 
0.409953 0.991176 0.462022 
0.050852 0.004505 0.491768 
0.922532 0.010772 0.006333 0.060363 
0.250000 0.250000 0.250000 0.250000 
  79
0.539195 0.004319 0.046210 
0.409953 0.991176 0.462022 
0.050852 0.004505 0.491768 
0.006401 0.979738 0.005683 0.008178 
0.250000 0.250000 0.250000 0.250000 
  80
0.539195 0.004319 0.046210 
0.409953 0.991176 0.462022 
0.050852 0.004505 0.491768 
0.982951 0.005683 0.005683 0.005683 
0.250000 0.250000 0.250000 0.250000 
  81
0.539195 0.004319 0.046210 
0.409953 0.991176 0.462022 
0.050852 0.004505 0.491768 
0.005683 0.005683 0.307272 0.681362 
0.250000 0.250000 0.250000 0.250000 
  82
0.539195 0.004319 0.046210 
0.409953 0.991176 0.462022 
0.050852 0.004505 0.491768 
0.005683 0.005683 0.982951 0.005683 
0.250000 0.250000 0.250000 0.250000 
  83
0.539195 0.004319 0.046210 
0.409953 0.991176 0.462022 
0.050852 0.004505 0.491768 
0.005683 0.005683 0.982951 0.005683 
0.250000 0.250000 0.250000 0.250000 
  84
0.539195 0.004319 0.046210 
0.409953 0.991176 0.462022 
0.050852 0.004505 0.491768 
0.006364 0.005683 0.072564 0.915389 
0.250000 0.250000 0.250000 0.250000 
  85
0.535596 0.004319 0.046210 
0.413551 0.991176 0.462022 
0.051036 0.004504 0.491768 
0.005681 0.005681 0.982957 0.005681 
0.250000 0.250000 0.250000 0.250000 
  86
0.537531 0.004318 0.046210 
0.411433 0.991178 0.462022 
0.051036 0.004504 0.491768 
0.005681 0.005681 0.982957 0.005681 
0.250000 0.250000 0.250000 0.250000 
  87
0.537531 0.004318 0.046210 
0.411433 0.991178 0.462022 
0.051036 0.004504 0.491768 
0.845101 0.011417 0.036609 0.106873 
0.250000 0.250000 0.250000 0.250000 
  88
0.528065 0.004318 0.046210 
0.420899 0.991178 0.462022 
0.051524 0.004501 0.491768 
0.005676 0.005676 0.006887 0.981761 
0.250000 0.250000 0.250000 0.250000 
  89
0.533111 0.004314 0.046210 
0.415365 0.991184 0.462022 
0.051524 0.004501 0.491768 
0.982973 0.005676 0.005676 0.005676 
0.250000 0.250000 0.250000 0.250000 
  90
0.533111 0.004314 0.046210 
0.415365 0.991184 0.462022 
0.051524 0.004501 0.491768 
0.005676 0.005676 0.943094 0.045555 
0.250000 0.250000 0.250000 0.250000 
  91
0.533111 0.004314 0.046210 
0.415365 0.991184 0.462022 
0.051524 0.004501 0.491768 
0.980481 0.005676 0.008167 0.005676 
0.250000 0.250000 0.250000 0.250000 
  92
0.533111 0.004314 0.046210 
0.415365 0.991184 0.462022 
0.051524 0.004501 0.491768 
0.005676 0.974978 0.013671 0.005676 
0.250000 0.250000 0.250000 0.250000 
  93
0.533111 0.004314 0.046210 
0.415365 0.991184 0.462022 
0.051524 0.004501 0.491768 
0.005676 0.005676 0.939444 0.049205 
0.250000 0.250000 0.250000 0.250000 
  94
0.533111 0.004314 0.046210 
0.415365 0.991184 0.462022 
0.051524 0.004501 0.491768 
0.005676 0.005676 0.982973 0.005676 
0.250000 0.250000 0.250000 0.250000 
  95
0.522800 0.004314 0.046210 
0.425676 0.991184 0.462022 
0.052061 0.004498 0.491768 
0.972514 0.008159 0.013657 0.005670 
0.250000 0.250000 0.250000 0.250000 
  96
0.528247 0.004311 0.046210 
0.419692 0.991191 0.462022 
0.052061 0.004498 0.491768 
0.005670 0.005670 0.009405 0.979255 
0.250000 0.250000 0.250000 0.250000 
  97
0.528247 0.004311 0.046210 
0.419692 0.991191 0.462022 
0.052061 0.004498 0.491768 
0.005670 0.982991 0.005670 0.005670 
0.250000 0.250000 0.250000 0.250000 
  98
0.528247 0.004311 0.046210 
0.419692 0.991191 0.462022 
0.052061 0.004498 0.491768 
0.005670 0.975003 0.005670 0.013657 
0.250000 0.250000 0.250000 0.250000 
  99
0.528247 0.004311 0.046210 
0.419692 0.991191 0.462022 
0.052061 0.004498 0.491768 
0.826169 0.162492 0.005670 0.005670 
0.250000 0.250000 0.250000 0.250000 
 100
0.528247 0.004311 0.046210 
0.419692 0.991191 0.462022 
0.052061 0.004498 0.491768 
0.974444 0.013657 0.006229 0.005670 
0.250000 0.250000 0.250000 0.250000 
 101
0.528247 0.004311 0.046210 
0.419692 0.991191 0.462022 
0.052061 0.004498 0.491768 
0.005670 0.005670 0.982991 0.005670 
0.250000 0.250000 0.250000 0.250000 
 102
0.528247 0.004311 0.046210 
0.419692 0.991191 0.462022 
0.052061 0.004498 0.491768 
0.856337 0.117725 0.013900 0.012039 
0.250000 0.250000 0.250000 0.250000 
 103
0.528247 0.004311 0.046210 
0.419692 0.991191 0.462022 
0.052061 0.004498 0.491768 
0.005670 0.975003 0.013657 0.005670 
0.250000 0.250000 0.250000 0.250000 
 104
0.528247 0.004311 0.046210 
0.419692 0.991191 0.462022 
0.052061 0.004498 0.491768 
0.005670 0.982991 0.005670 0.005670 
0.250000 0.250000 0.250000 0.250000 
 105
0.528247 0.004311 0.046210 
0.419692 0.991191 0.462022 
0.052061 0.004498 0.491768 
0.798482 0.190178 0.005670 0.005670 
0.250000 0.250000 0.250000 0.250000 
 106
0.528247 0.004311 0.046210 
0.419692 0.991191 0.462022 
0.052061 0.004498 0.491768 
0.982991 0.005670 0.005670 0.005670 
0.250000 0.250000 0.250000 0.250000 
 107
0.528247 0.004311 0.046210 
0.419692 0.991191 0.462022 
0.052061 0.004498 0.491768 
0.005670 0.005670 0.982991 0.005670 
0.250000 0.250000 0.250000 0.250000 
 108
0.528247 0.004311 0.046210 
0.419692 0.991191 0.462022 
0.052061 0.004498 0.491768 
0.958127 0.018854 0.007208 0.015812 
0.250000 0.250000 0.250000 0.250000 
 109
0.528247 0.004311 0.046210 
0.419692 0.991191 0.462022 
0.052061 0.004498 0.491768 
0.005670 0.982991 0.005670 0.005670 
0.250000 0.250000 0.250000 0.250000 
 110
0.528247 0.004311 0.046210 
0.419692 0.991191 0.462022 
0.052061 0.004498 0.491768 
0.005670 0.982991 0.005670 0.005670 
0.250000 0.250000 0.250000 0.250000 
 111
0.528247 0.004311 0.046210 
0.419692 0.991191 0.462022 
0.052061 0.004498 0.491768 
0.745051 0.231022 0.009766 0.014161 
0.250000 0.250000 0.250000 0.250000 
 112
0.528247 0.004311 0.046210 
0.419692 0.991191 0.462022 
0.052061 0.004498 0.491768 
0.005670 0.005670 0.007925 0.980735 
0.250000 0.250000 0.250000 0.250000 
 113
0.528247 0.004311 0.046210 
0.419692 0.991191 0.462022 
0.052061 0.004498 0.491768 
0.981941 0.006719 0.005670 0.005670 
0.250000 0.250000 0.250000 0.250000 
 114
0.528247 0.004311 0.046210 
0.419692 0.991191 0.462022 
0.052061 0.004498 0.491768 
0.005670 0.005670 0.959332 0.029329 
0.250000 0.250000 0.250000 0.250000 
 115
0.528247 0.004311 0.046210 
0.419692 0.991191 0.462022 
0.052061 0.004498 0.491768 
0.981640 0.007021 0.005670 0.005670 
0.250000 0.250000 0.250000 0.250000 
 116
0.528247 0.004311 0.046210 
0.419692 0.991191 0.462022 
0.052061 0.004498 0.491768 
0.005670 0.005670 0.982991 0.005670 
0.250000 0.250000 0.250000 0.250000 
 117
0.528247 0.004311 0.046210 
0.419692 0.991191 0.462022 
0.052061 0.004498 0.491768 
0.023114 0.006331 0.914873 0.055682 
0.250000 0.250000 0.250000 0.250000 
 118
0.528247 0.004311 0.046210 
0.419692 0.991191 0.462022 
0.052061 0.004498 0.491768 
0.980888 0.005670 0.007773 0.005670 
0.250000 0.250000 0.250000 0.250000 
 119
0.528247 0.004311 0.046210 
0.419692 0.991191 0.462022 
0.052061 0.004498 0.491768 
0.005670 0.005670 0.005670 0.982991 
0.250000 0.250000 0.250000 0.250000 
 120
0.528247 0.004311 0.046210 
0.419692 0.991191 0.462022 
0.052061 0.004498 0.491768 
0.010032 0.977604 0.005670 0.006694 
0.250000 0.250000 0.250000 0.250000 
 121
0.524001 0.004311 0.046210 
0.423938 0.991191 0.462022 
0.052283 0.004496 0.491768 
0.005667 0.982998 0.005667 0.005667 
0.250000 0.250000 0.250000 0.250000 
 122
0.526235 0.004310 0.046210 
0.421482 0.991194 0.462022 
0.052283 0.004496 0.491768 
0.982998 0.005667 0.005667 0.005667 
0.250000 0.250000 0.250000 0.250000 
 123
0.526235 0.004310 0.046210 
0.421482 0.991194 0.462022 
0.052283 0.004496 0.491768 
0.005667 0.005667 0.848109 0.140556 
0.250000 0.250000 0.250000 0.250000 
 124
0.526235 0.004310 0.046210 
0.421482 0.991194 0.462022 
0.052283 0.004496 0.491768 
0.982998 0.005667 0.005667 0.005667 
0.250000 0.250000 0.250000 0.250000 
 125
0.526235 0.004310 0.046210 
0.421482 0.991194 0.462022 
0.052283 0.004496 0.491768 
0.005667 0.005667 0.982998 0.005667 
0.250000 0.250000 0.250000 0.250000 
 126
0.526235 0.004310 0.046210 
0.421482 0.991194 0.462022 
0.052283 0.004496 0.491768 
0.822155 0.103555 0.010691 0.063599 
0.250000 0.250000 0.250000 0.250000 
 127
0.526235 0.004310 0.046210 
0.421482 0.991194 0.462022 
0.052283 0.004496 0.491768 
0.005667 0.982998 0.005667 0.005667 
0.250000 0.250000 0.250000 0.250000 
 128
0.526235 0.004310 0.046210 
0.421482 0.991194 0.462022 
0.052283 0.004496 0.491768 
0.005667 0.005667 0.006572 0.982093 
0.250000 0.250000 0.250000 0.250000 
 129
0.526235 0.004310 0.046210 
0.421482 0.991194 0.462022 
0.052283 0.004496 0.491768 
0.152006 0.030665 0.724932 0.092397 
0.250000 0.250000 0.250000 0.250000 
 130
0.526235 0.004310 0.046210 
0.421482 0.991194 0.462022 
0.052283 0.004496 0.491768 
0.981885 0.006780 0.005667 0.005667 
0.250000 0.250000 0.250000 0.250000 
 131
0.526235 0.004310 0.046210 
0.421482 0.991194 0.462022 
0.052283 0.004496 0.491768 
0.980181 0.007275 0.006207 0.006337 
0.250000 0.250000 0.250000 0.250000 
 132
0.526235 0.004310 0.046210 
0.421482 0.991194 0.462022 
0.052283 0.004496 0.491768 
0.005667 0.005667 0.912991 0.075674 
0.250000 0.250000 0.250000 0.250000 
 133
0.526235 0.004310 0.046210 
0.421482 0.991194 0.462022 
0.052283 0.004496 0.491768 
0.982211 0.005667 0.006455 0.005667 
0.250000 0.250000 0.250000 0.250000 
 134
0.526235 0.004310 0.046210 
0.421482 0.991194 0.462022 
0.052283 0.004496 0.491768 
0.005667 0.982998 0.005667 0.005667 
0.250000 0.250000 0.250000 0.250000 
 135
0.526235 0.004310 0.046210 
0.421482 0.991194 0.462022 
0.052283 0.004496 0.491768 
0.833691 0.154974 0.005667 0.005667 
0.250000 0.250000 0.250000 0.250000 
 136
0.526235 0.004310 0.046210 
0.421482 0.991194 0.462022 
0.052283 0.004496 0.491768 
0.982998 0.005667 0.005667 0.005667 
0.250000 0.250000 0.250000 0.250000 
 137
0.526235 0.004310 0.046210 
0.421482 0.991194 0.462022 
0.052283 0.004496 0.491768 
0.005667 0.005667 0.982998 0.005667 
0.250000 0.250000 0.250000 0.250000 
 138
0.526235 0.004310 0.046210 
0.421482 0.991194 0.462022 
0.052283 0.004496 0.491768 
0.966072 0.021317 0.006944 0.005667 
0.250000 0.250000 0.250000 0.250000 
 139
0.526235 0.004310 0.046210 
0.421482 0.991194 0.462022 
0.052283 0.004496 0.491768 
0.005667 0.005667 0.982998 0.005667 
0.250000 0.250000 0.250000 0.250000 
 140
0.526235 0.004310 0.046210 
0.421482 0.991194 0.462022 
0.052283 0.004496 0.491768 
0.982998 0.005667 0.005667 0.005667 
0.250000 0.250000 0.250000 0.250000 
 141
0.526235 0.004310 0.046210 
0.421482 0.991194 0.462022 
0.052283 0.004496 0.491768 
0.005667 0.005667 0.467398 0.521267 
0.250000 0.250000 0.250000 0.250000 
 142
0.526235 0.004310 0.046210 
0.421482 0.991194 0.462022 
0.052283 0.004496 0.491768 
0.009086 0.005667 0.979579 0.005667 
0.250000 0.250000 0.250000 0.250000 
 143
0.526235 0.004310 0.046210 
0.421482 0.991194 0.462022 
0.052283 0.004496 0.491768 
0.982264 0.005667 0.006401 0.005667 
0.250000 0.250000 0.250000 0.250000 
 144
0.526235 0.004310 0.046210 
0.421482 0.991194 0.462022 
0.052283 0.004496 0.491768 
0.878896 0.108576 0.006157 0.006370 
0.250000 0.250000 0.250000 0.250000 
 145
0.526235 0.004310 0.046210 
0.421482 0.991194 0.462022 
0.052283 0.004496 0.491768 
0.005667 0.005667 0.005667 0.982998 
0.250000 0.250000 0.250000 0.250000 
 146
0.526235 0.004310 0.046210 
0.421482 0.991194 0.462022 
0.052283 0.004496 0.491768 
0.982370 0.006295 0.005667 0.005667 
0.250000 0.250000 0.250000 0.250000 
 147
0.526235 0.004310 0.046210 
0.421482 0.991194 0.462022 
0.052283 0.004496 0.491768 
0.005667 0.005667 0.393697 0.594968 
0.250000 0.250000 0.250000 0.250000 
 148
0.526235 0.004310 0.046210 
0.421482 0.991194 0.462022 
0.052283 0.004496 0.491768 
0.005667 0.006532 0.005667 0.982133 
0.250000 0.250000 0.250000 0.250000 
 149
0.526235 0.004310 0.046210 
0.421482 0.991194 0.462022 
0.052283 0.004496 0.491768 
0.005667 0.005667 0.982998 0.005667 
0.250000 0.250000 0.250000 0.250000 
 150
0.526235 0.004310 0.046210 
0.421482 0.991194 0.462022 
0.052283 0.004496 0.491768 
0.955331 0.023345 0.012719 0.008605 
0.250000 0.250000 0.250000 0.250000 
 151
0.526235 0.004310 0.046210 
0.421482 0.991194 0.462022 
0.052283 0.004496 0.491768 
0.006453 0.982212 0.005667 0.005667 
0.250000 0.250000 0.250000 0.250000 
 152
0.526235 0.004310 0.046210 
0.421482 0.991194 0.462022 
0.052283 0.004496 0.491768 
0.982998 0.005667 0.005667 0.005667 
0.250000 0.250000 0.250000 0.250000 
 153
0.526235 0.004310 0.046210 
0.421482 0.991194 0.462022 
0.052283 0.004496 0.491768 
0.834643 0.153058 0.005667 0.006632 
0.250000 0.250000 0.250000 0.250000 
 154
0.526235 0.004310 0.046210 
0.421482 0.991194 0.462022 
0.052283 0.004496 0.491768 
0.981742 0.006335 0.006256 0.005667 
0.250000 0.250000 0.250000 0.250000 
 155
0.526235 0.004310 0.046210 
0.421482 0.991194 0.462022 
0.052283 0.004496 0.491768 
0.830810 0.157856 0.005667 0.005667 
0.250000 0.250000 0.250000 0.250000 
 156
0.526235 0.004310 0.046210 
0.421482 0.991194 0.462022 
0.052283 0.004496 0.491768 
0.262949 0.716319 0.006194 0.014537 
0.250000 0.250000 0.250000 0.250000 
 157
0.526235 0.004310 0.046210 
0.421482 0.991194 0.462022 
0.052283 0.004496 0.491768 
0.006695 0.981970 0.005667 0.005667 
0.250000 0.250000 0.250000 0.250000 
 158
0.526235 0.004310 0.046210 
0.421482 0.991194 0.462022 
0.052283 0.004496 0.491768 
0.005667 0.982998 0.005667 0.005667 
0.250000 0.250000 0.250000 0.250000 
 159
0.526235 0.004310 0.046210 
0.421482 0.991194 0.462022 
0.052283 0.004496 0.491768 
0.371803 0.615285 0.005667 0.007244 
0.250000 0.250000 0.250000 0.250000 
 160
0.526235 0.004310 0.046210 
0.421482 0.991194 0.462022 
0.052283 0.004496 0.491768 
0.969328 0.019337 0.005667 0.005667 
0.250000 0.250000 0.250000 0.250000 
 161
0.526235 0.004310 0.046210 
0.421482 0.991194 0.462022 
0.052283 0.004496 0.491768 
0.852816 0.132951 0.006901 0.007333 
0.250000 0.250000 0.250000 0.250000 
 162
0.526235 0.004310 0.046210 
0.421482 0.991194 0.462022 
0.052283 0.004496 0.491768 
0.429180 0.558148 0.006265 0.006408 
0.250000 0.250000 0.250000 0.250000 
 163
0.526235 0.004310 0.046210 
0.421482 0.991194 0.462022 
0.052283 0.004496 0.491768 
0.005667 0.005667 0.005667 0.982998 
0.250000 0.250000 0.250000 0.250000 
 164
0.522069 0.004310 0.046210 
0.425648 0.991194 0.462022 
0.052501 0.004495 0.491768 
0.005665 0.983005 0.005665 0.005665 
0.250000 0.250000 0.250000 0.250000 
 165
0.524253 0.004309 0.046210 
0.423245 0.991197 0.462022 
0.052501 0.004495 0.491768 
0.005665 0.983005 0.005665 0.005665 
0.250000 0.250000 0.250000 0.250000 
 166
0.524253 0.004309 0.046210 
0.423245 0.991197 0.462022 
0.052501 0.004495 0.491768 
0.973366 0.015304 0.005665 0.005665 
0.250000 0.250000 0.250000 0.250000 
 167
0.524253 0.004309 0.046210 
0.423245 0.991197 0.462022 
0.052501 0.004495 0.491768 
0.010515 0.005665 0.977648 0.006171 
0.250000 0.250000 0.250000 0.250000 
 168
0.524253 0.004778 0.046210 
0.423245 0.990727 0.462022 
0.052164 0.004497 0.491768 
0.709045 0.270328 0.010836 0.009790 
0.250000 0.250000 0.250000 0.250000 
 169
0.520889 0.004311 0.046210 
0.426947 0.991193 0.462022 
0.052501 0.004495 0.491768 
0.975588 0.012386 0.006360 0.005665 
0.250000 0.250000 0.250000 0.250000 
 170
0.524253 0.004309 0.046210 
0.423245 0.991197 0.462022 
0.052501 0.004495 0.491768 
0.079612 0.006588 0.877052 0.036748 
0.250000 0.250000 0.250000 0.250000 
 171
0.524253 0.004309 0.046210 
0.423245 0.991197 0.462022 
0.052501 0.004495 0.491768 
0.934984 0.045129 0.013174 0.006712 
0.250000 0.250000 0.250000 0.250000 
 172
0.524253 0.004309 0.046210 
0.423245 0.991197 0.462022 
0.052501 0.004495 0.491768 
0.983005 0.005665 0.005665 0.005665 
0.250000 0.250000 0.250000 0.250000 
 173
0.524253 0.004309 0.046210 
0.423245 0.991197 0.462022 
0.052501 0.004495 0.491768 
0.980557 0.008113 0.005665 0.005665 
0.250000 0.250000 0.250000 0.250000 
 174
0.524253 0.004309 0.046210 
0.423245 0.991197 0.462022 
0.052501 0.004495 0.491768 
0.005665 0.005665 0.796686 0.191984 
0.250000 0.250000 0.250000 0.250000 
 175
0.524253 0.004309 0.046210 
0.423245 0.991197 0.462022 
0.052501 0.004495 0.491768 
0.911851 0.005665 0.006244 0.076240 
0.250000 0.250000 0.250000 0.250000 
 176
0.524253 0.004309 0.046210 
0.423245 0.991197 0.462022 
0.052501 0.004495 0.491768 
0.007021 0.005665 0.981649 0.005665 
0.250000 0.250000 0.250000 0.250000 
 177
0.524253 0.004309 0.046210 
0.423245 0.991197 0.462022 
0.052501 0.004495 0.491768 
0.768330 0.062610 0.105158 0.063902 
0.250000 0.250000 0.250000 0.250000 
 178
0.524253 0.004309 0.046210 
0.423245 0.991197 0.462022 
0.052501 0.004495 0.491768 
0.005665 0.983005 0.005665 0.005665 
0.250000 0.250000 0.250000 0.250000 
 179
0.524253 0.004309 0.046210 
0.423245 0.991197 0.462022 
0.052501 0.004495 0.491768 
0.983005 0.005665 0.005665 0.005665 
0.250000 0.250000 0.250000 0.250000 
 180
0.524253 0.004309 0.046210 
0.423245 0.991197 0.462022 
0.052501 0.004495 0.491768 
0.380909 0.607216 0.005665 0.006210 
0.250000 0.250000 0.250000 0.250000 
 181
0.524253 0.004309 0.046210 
0.423245 0.991197 0.462022 
0.052501 0.004495 0.491768 
0.983005 0.005665 0.005665 0.005665 
0.250000 0.250000 0.250000 0.250000 
 182
0.524253 0.004309 0.046210 
0.423245 0.991197 0.462022 
0.052501 0.004495 0.491768 
0.005665 0.005665 0.969560 0.019110 
0.250000 0.250000 0.250000 0.250000 
 183
0.524253 0.004309 0.046210 
0.423245 0.991197 0.462022 
0.052501 0.004495 0.491768 
0.015059 0.023743 0.062577 0.898621 
0.250000 0.250000 0.250000 0.250000 
 184
0.524253 0.004309 0.046210 
0.423245 0.991197 0.462022 
0.052501 0.004495 0.491768 
0.013881 0.974789 0.005665 0.005665 
0.250000 0.250000 0.250000 0.250000 
 185
0.524253 0.004309 0.046210 
0.423245 0.991197 0.462022 
0.052501 0.004495 0.491768 
0.015643 0.973027 0.005665 0.005665 
0.250000 0.250000 0.250000 0.250000 
 186
0.524253 0.004309 0.046210 
0.423245 0.991197 0.462022 
0.052501 0.004495 0.491768 
0.601043 0.240183 0.006618 0.152157 
0.250000 0.250000 0.250000 0.250000 
 187
0.524253 0.004309 0.046210 
0.423245 0.991197 0.462022 
0.052501 0.004495 0.491768 
0.005665 0.981143 0.005665 0.007527 
0.250000 0.250000 0.250000 0.250000 
 188
0.524253 0.004309 0.046210 
0.423245 0.991197 0.462022 
0.052501 0.004495 0.491768 
0.007471 0.005665 0.981199 0.005665 
0.250000 0.250000 0.250000 0.250000 
 189
0.524253 0.004309 0.046210 
0.423245 0.991197 0.462022 
0.052501 0.004495 0.491768 
0.882353 0.103855 0.005665 0.008126 
0.250000 0.250000 0.250000 0.250000 
 190
0.524253 0.004309 0.046210 
0.423245 0.991197 0.462022 
0.052501 0.004495 0.491768 
0.005665 0.005665 0.973834 0.014836 
0.250000 0.250000 0.250000 0.250000 
 191
0.524253 0.004309 0.046210 
0.423245 0.991197 0.462022 
0.052501 0.004495 0.491768 
0.006170 0.005665 0.966879 0.021287 
0.250000 0.250000 0.250000 0.250000 
 192
0.524253 0.004309 0.046210 
0.423245 0.991197 0.462022 
0.052501 0.004495 0.491768 
0.084136 0.069330 0.780193 0.066341 
0.250000 0.250000 0.250000 0.250000 
 193
0.524253 0.004309 0.046210 
0.423245 0.991197 0.462022 
0.052501 0.004495 0.491768 
0.005665 0.005665 0.983005 0.005665 
0.250000 0.250000 0.250000 0.250000 
 194
0.524253 0.004309 0.046210 
0.423245 0.991197 0.462022 
0.052501 0.004495 0.491768 
0.983005 0.005665 0.005665 0.005665 
0.250000 0.250000 0.250000 0.250000 
 195
0.524253 0.004309 0.046210 
0.423245 0.991197 0.462022 
0.052501 0.004495 0.491768 
0.757687 0.227840 0.008808 0.005665 
0.250000 0.250000 0.250000 0.250000 
 196
0.524253 0.004309 0.046210 
0.423245 0.991197 0.462022 
0.052501 0.004495 0.491768 
0.005665 0.005665 0.979608 0.009061 
0.250000 0.250000 0.250000 0.250000 
 197
0.524253 0.004309 0.046210 
0.423245 0.991197 0.462022 
0.052501 0.004495 0.491768 
0.005665 0.005665 0.005665 0.983005 
0.250000 0.250000 0.250000 0.250000 
 198
0.524253 0.004309 0.046210 
0.423245 0.991197 0.462022 
0.052501 0.004495 0.491768 
0.036199 0.016937 0.658680 0.288184 
0.250000 0.250000 0.250000 0.250000 
 199
0.524253 0.004309 0.046210 
0.423245 0.991197 0.462022 
0.052501 0.004495 0.491768 
0.983005 0.005665 0.005665 0.005665 
0.250000 0.250000 0.250000 0.250000 
 200
0.524253 0.004309 0.046210 
0.423245 0.991197 0.462022 
0.052501 0.004495 0.491768 
0.983005 0.005665 0.005665 0.005665 
0.250000 0.250000 0.250000 0.250000 
 201
0.524253 0.004309 0.046210 
0.423245 0.991197 0.462022 
0.052501 0.004495 0.491768 
0.005665 0.005665 0.811529 0.177141 
0.250000 0.250000 0.250000 0.250000 
 202
0.524253 0.004309 0.046210 
0.423245 0.991197 0.462022 
0.052501 0.004495 0.491768 
0.005665 0.005665 0.983005 0.005665 
0.250000 0.250000 0.250000 0.250000 
 203
0.524253 0.004309 0.046210 
0.423245 0.991197 0.462022 
0.052501 0.004495 0.491768 
0.005665 0.005665 0.983005 0.005665 
0.250000 0.250000 0.250000 0.250000 
 204
0.524253 0.004309 0.046210 
0.423245 0.991197 0.462022 
0.052501 0.004495 0.491768 
0.540313 0.424158 0.006906 0.028624 
0.250000 0.250000 0.250000 0.250000 
 205
0.519639 0.004309 0.046210 
0.427859 0.991197 0.462022 
0.052745 0.004493 0.491768 
0.980308 0.008367 0.005663 0.005663 
0.250000 0.250000 0.250000 0.250000 
 206
0.522048 0.004307 0.046210 
0.425207 0.991200 0.462022 
0.052745 0.004493 0.491768 
0.005666 0.005666 0.005666 0.983003 
0.250000 0.250000 0.250000 0.250000 
 207
0.522048 0.004307 0.046210 
0.425207 0.991200 0.462022 
0.052745 0.004493 0.491768 
0.007929 0.005663 0.046104 0.940304 
0.250000 0.250000 0.250000 0.250000 
 208
0.522048 0.004307 0.046210 
0.425207 0.991200 0.462022 
0.052745 0.004493 0.491768 
0.005663 0.983012 0.005663 0.005663 
0.250000 0.250000 0.250000 0.250000 
 209
0.522048 0.004307 0.046210 
0.425207 0.991200 0.462022 
0.052745 0.004493 0.491768 
0.983012 0.005663 0.005663 0.005663 
0.250000 0.250000 0.250000 0.250000 
 210
0.522048 0.004307 0.046210 
0.425207 0.991200 0.462022 
0.052745 0.004493 0.491768 
0.005663 0.005663 0.068021 0.920654 
0.250000 0.250000 0.250000 0.250000 
 211
0.522048 0.004307 0.046210 
0.425207 0.991200 0.462022 
0.052745 0.004493 0.491768 
0.005663 0.983012 0.005663 0.005663 
0.250000 0.250000 0.250000 0.250000 
 212
0.522048 0.004307 0.046210 
0.425207 0.991200 0.462022 
0.052745 0.004493 0.491768 
0.005663 0.983012 0.005663 0.005663 
0.250000 0.250000 0.250000 0.250000 
 213
0.522048 0.004307 0.046210 
0.425207 0.991200 0.462022 
0.052745 0.004493 0.491768 
0.835236 0.117876 0.011873 0.035015 
0.250000 0.250000 0.250000 0.250000 
 214
0.522048 0.004307 0.046210 
0.425207 0.991200 0.462022 
0.052745 0.004493 0.491768 
0.005663 0.005663 0.983012 0.005663 
0.250000 0.250000 0.250000 0.250000 
 215
0.514592 0.004307 0.046210 
0.432663 0.991200 0.462022 
0.053141 0.004491 0.491768 
0.005658 0.005658 0.982426 0.006257 
0.250000 0.250000 0.250000 0.250000 
 216
0.518458 0.004305 0.046210 
0.428401 0.991204 0.462022 
0.053141 0.004491 0.491768 
0.898261 0.069788 0.026293 0.005658 
0.250000 0.250000 0.250000 0.250000 
 217
0.518458 0.004305 0.046210 
0.428401 0.991204 0.462022 
0.053141 0.004491 0.491768 
0.005658 0.005658 0.792963 0.195720 
0.250000 0.250000 0.250000 0.250000 
 218
0.518458 0.004305 0.046210 
0.428401 0.991204 0.462022 
0.053141 0.004491 0.491768 
0.005658 0.005658 0.005658 0.983025 
0.250000 0.250000 0.250000 0.250000 
 219
0.518458 0.004305 0.046210 
0.428401 0.991204 0.462022 
0.053141 0.004491 0.491768 
0.719887 0.254904 0.007139 0.018071 
0.250000 0.250000 0.250000 0.250000 
 220
0.518458 0.004305 0.046210 
0.428401 0.991204 0.462022 
0.053141 0.004491 0.491768 
0.005658 0.005658 0.983025 0.005658 
0.250000 0.250000 0.250000 0.250000 
 221
0.518458 0.004305 0.046210 
0.428401 0.991204 0.462022 
0.053141 0.004491 0.491768 
0.005658 0.005658 0.983025 0.005658 
0.250000 0.250000 0.250000 0.250000 
 222
0.518458 0.004305 0.046210 
0.428401 0.991204 0.462022 
0.053141 0.004491 0.491768 
0.079093 0.032296 0.075842 0.812770 
0.250000 0.250000 0.250000 0.250000 
 223
0.518458 0.004305 0.046210 
0.428401 0.991204 0.462022 
0.053141 0.004491 0.491768 
0.026670 0.962013 0.005658 0.005658 
0.250000 0.250000 0.250000 0.250000 
 224
0.518458 0.004305 0.046210 
0.428401 0.991204 0.462022 
0.053141 0.004491 0.491768 
0.976241 0.006835 0.007018 0.009905 
0.250000 0.250000 0.250000 0.250000 
 225
0.518458 0.004305 0.046210 
0.428401 0.991204 0.462022 
0.053141 0.004491 0.491768 
0.198635 0.775472 0.006669 0.019224 
0.250000 0.250000 0.250000 0.250000 
 226
0.518458 0.004305 0.046210 
0.428401 0.991204 0.462022 
0.053141 0.004491 0.491768 
0.017935 0.970743 0.005661 0.005661 
0.250000 0.250000 0.250000 0.250000 
 227
0.518458 0.004305 0.046210 
0.428401 0.991204 0.462022 
0.053141 0.004491 0.491768 
0.980414 0.008269 0.005658 0.005658 
0.250000 0.250000 0.250000 0.250000 
 228
0.518458 0.004305 0.046210 
0.428401 0.991204 0.462022 
0.053141 0.004491 0.491768 
0.006329 0.005658 0.396269 0.591743 
0.250000 0.250000 0.250000 0.250000 
 229
0.518458 0.004305 0.046210 
0.428401 0.991204 0.462022 
0.053141 0.004491 0.491768 
0.980443 0.006556 0.007343 0.005658 
0.250000 0.250000 0.250000 0.250000 
 230
0.518458 0.004305 0.046210 
0.428401 0.991204 0.462022 
0.053141 0.004491 0.491768 
0.983025 0.005658 0.005658 0.005658 
0.250000 0.250000 0.250000 0.250000 
 231
0.518458 0.004305 0.046210 
0.428401 0.991204 0.462022 
0.053141 0.004491 0.491768 
0.005658 0.005658 0.121801 0.866882 
0.250000 0.250000 0.250000 0.250000 
 232
0.518458 0.004305 0.046210 
0.428401 0.991204 0.462022 
0.053141 0.004491 0.491768 
0.006264 0.982419 0.005658 0.005658 
0.250000 0.250000 0.250000 0.250000 
 233
0.518458 0.004305 0.046210 
0.428401 0.991204 0.462022 
0.053141 0.004491 0.491768 
0.983013 0.005662 0.005662 0.005662 
0.250000 0.250000 0.250000 0.250000 
 234
0.518458 0.004305 0.046210 
0.428401 0.991204 0.462022 
0.053141 0.004491 0.491768 
0.417342 0.568195 0.007148 0.007316 
0.250000 0.250000 0.250000 0.250000 
 235
0.518458 0.004305 0.046210 
0.428401 0.991204 0.462022 
0.053141 0.004491 0.491768 
0.005658 0.005658 0.983025 0.005658 
0.250000 0.250000 0.250000 0.250000 
 236
