%  SAM: /scicomp/home/vfn4/Tools/LABEL_RES/scripts/modelfromalign v3.5 (July 15, 2005) compiled 12/08/06_16:15:55
%  (c) 1992-2001 Regents of the University of California, Santa Cruz
%
%          Sequence Alignment and Modeling Software System
%         http://www.cse.ucsc.edu/research/compbio/sam.html
%
% ----------------- Citations (SAM, SAM-T2K, HMMs) --------------------
% R. Hughey, A. Krogh, Hidden Markov models for sequence analysis:
%  Extension and analysis of the basic method, CABIOS 12:95-107, 1996.
% K. Karplus, et al., What is the value added by human intervention in protein
%  structure prediction, Proteins: Stucture, Function, Genetics 45(S5):86--91, 2001.
% A. Krogh et al., Hidden Markov models in computational biology:
%  Applications to protein modeling, JMB 235:1501-1531, Feb 1994.
% ---------------------------------------------------------------------
%  B_PA_hmm   Host: login.aspen.biotech.cdc.gov    Mon Aug 25 12:50:33 2014
%  vfn4       Dir:  /scicomp/home/vfn4/IRMA/train3/OG
% ---------------------------------------------------------------------
%  Alignment weights from internal calc.  Total (24.70) Max (0.13) Min (0.03)
%  Weights from alignment method 1 (karplus), b=-1.000000, e=0.500000
MODEL --  Model from alignment file /scicomp/home/vfn4/Tools/LABEL_RES/training_data/irmaOG/B_PA.fasta
alphabet DNA
FREQAVE
0.000000 0.000000 0.000000 
0.000000 0.000000 0.000000 
0.000000 0.000000 0.000000 
0.373316 0.231762 0.154376 0.240546 
0.373316 0.231762 0.154376 0.240546 
Begin
0.000000 0.000000 0.000000 
0.000000 0.000000 0.000000 
0.000000 0.006528 0.491768 
0.250000 0.250000 0.250000 0.250000 
0.250000 0.250000 0.250000 0.250000 
   1
0.000000 0.025517 0.046210 
0.000000 0.967955 0.462022 
0.047857 0.006657 0.491768 
0.969896 0.010035 0.010035 0.010035 
0.250000 0.250000 0.250000 0.250000 
   2
0.566337 0.006381 0.046210 
0.385806 0.986963 0.462022 
0.047857 0.006657 0.491768 
0.010035 0.010035 0.010035 0.969896 
0.250000 0.250000 0.250000 0.250000 
   3
0.566337 0.006381 0.046210 
0.385806 0.986963 0.462022 
0.047857 0.006657 0.491768 
0.010035 0.969896 0.010035 0.010035 
0.250000 0.250000 0.250000 0.250000 
   4
0.549821 0.006381 0.046210 
0.402321 0.986963 0.462022 
0.048661 0.006644 0.491768 
0.010003 0.969990 0.010003 0.010003 
0.250000 0.250000 0.250000 0.250000 
   5
0.559055 0.006368 0.046210 
0.392284 0.986988 0.462022 
0.048661 0.006644 0.491768 
0.969990 0.010003 0.010003 0.010003 
0.250000 0.250000 0.250000 0.250000 
   6
0.559055 0.006368 0.046210 
0.392284 0.986988 0.462022 
0.048661 0.006644 0.491768 
0.010003 0.010003 0.010003 0.969990 
0.250000 0.250000 0.250000 0.250000 
   7
0.499710 0.006368 0.046210 
0.451629 0.986988 0.462022 
0.051731 0.006598 0.491768 
0.970317 0.009894 0.009894 0.009894 
0.250000 0.250000 0.250000 0.250000 
   8
0.531236 0.006325 0.046210 
0.417033 0.987077 0.462022 
0.051731 0.006598 0.491768 
0.011574 0.009894 0.968637 0.009894 
0.250000 0.250000 0.250000 0.250000 
   9
0.531236 0.006325 0.046210 
0.417033 0.987077 0.462022 
0.051731 0.006598 0.491768 
0.009894 0.009894 0.142066 0.838145 
0.250000 0.250000 0.250000 0.250000 
  10
0.511119 0.006325 0.046210 
0.437150 0.987077 0.462022 
0.052793 0.006584 0.491768 
0.009860 0.009860 0.009860 0.970420 
0.250000 0.250000 0.250000 0.250000 
  11
0.521612 0.006311 0.046210 
0.425595 0.987105 0.462022 
0.052793 0.006584 0.491768 
0.009860 0.009860 0.011805 0.968474 
0.250000 0.250000 0.250000 0.250000 
  12
0.521612 0.006311 0.046210 
0.425595 0.987105 0.462022 
0.052793 0.006584 0.491768 
0.011805 0.009860 0.012795 0.965539 
0.250000 0.250000 0.250000 0.250000 
  13
0.521612 0.006311 0.046210 
0.425595 0.987105 0.462022 
0.052793 0.006584 0.491768 
0.970420 0.009860 0.009860 0.009860 
0.250000 0.250000 0.250000 0.250000 
  14
0.521612 0.006311 0.046210 
0.425595 0.987105 0.462022 
0.052793 0.006584 0.491768 
0.009860 0.009860 0.009860 0.970420 
0.250000 0.250000 0.250000 0.250000 
  15
0.521612 0.006311 0.046210 
0.425595 0.987105 0.462022 
0.052793 0.006584 0.491768 
0.009860 0.009860 0.031182 0.949097 
0.250000 0.250000 0.250000 0.250000 
  16
0.511778 0.006311 0.046210 
0.435429 0.987105 0.462022 
0.053317 0.006577 0.491768 
0.955880 0.024433 0.009844 0.009844 
0.250000 0.250000 0.250000 0.250000 
  17
0.516861 0.006304 0.046210 
0.429822 0.987119 0.462022 
0.053317 0.006577 0.491768 
0.009844 0.009844 0.970469 0.009844 
0.250000 0.250000 0.250000 0.250000 
  18
0.516861 0.006304 0.046210 
0.429822 0.987119 0.462022 
0.053317 0.006577 0.491768 
0.968692 0.011620 0.009844 0.009844 
0.250000 0.250000 0.250000 0.250000 
  19
0.497563 0.006304 0.046210 
0.449120 0.987119 0.462022 
0.054366 0.006564 0.491768 
0.970563 0.009812 0.009812 0.009812 
0.250000 0.250000 0.250000 0.250000 
  20
0.507354 0.006292 0.046210 
0.438280 0.987145 0.462022 
0.054366 0.006564 0.491768 
0.029177 0.951198 0.009812 0.009812 
0.250000 0.250000 0.250000 0.250000 
  21
0.507354 0.006292 0.046210 
0.438280 0.987145 0.462022 
0.054366 0.006564 0.491768 
0.951198 0.029177 0.009812 0.009812 
0.250000 0.250000 0.250000 0.250000 
  22
0.475734 0.006292 0.046210 
0.469900 0.987145 0.462022 
0.056141 0.006543 0.491768 
0.970714 0.009762 0.009762 0.009762 
0.250000 0.250000 0.250000 0.250000 
  23
0.491268 0.006271 0.046210 
0.452591 0.987186 0.462022 
0.056141 0.006543 0.491768 
0.970714 0.009762 0.009762 0.009762 
0.250000 0.250000 0.250000 0.250000 
  24
0.491268 0.006271 0.046210 
0.452591 0.987186 0.462022 
0.056141 0.006543 0.491768 
0.009762 0.009762 0.938648 0.041829 
0.250000 0.250000 0.250000 0.250000 
  25
0.491268 0.006271 0.046210 
0.452591 0.987186 0.462022 
0.056141 0.006543 0.491768 
0.009762 0.009762 0.009762 0.970714 
0.250000 0.250000 0.250000 0.250000 
  26
0.491268 0.006271 0.046210 
0.452591 0.987186 0.462022 
0.056141 0.006543 0.491768 
0.009762 0.009762 0.009762 0.970714 
0.250000 0.250000 0.250000 0.250000 
  27
0.491268 0.006271 0.046210 
0.452591 0.987186 0.462022 
0.056141 0.006543 0.491768 
0.009762 0.009762 0.944830 0.035646 
0.250000 0.250000 0.250000 0.250000 
  28
0.491268 0.006271 0.046210 
0.452591 0.987186 0.462022 
0.056141 0.006543 0.491768 
0.009762 0.009762 0.970714 0.009762 
0.250000 0.250000 0.250000 0.250000 
  29
0.491268 0.006271 0.046210 
0.452591 0.987186 0.462022 
0.056141 0.006543 0.491768 
0.970714 0.009762 0.009762 0.009762 
0.250000 0.250000 0.250000 0.250000 
  30
0.491268 0.006271 0.046210 
0.452591 0.987186 0.462022 
0.056141 0.006543 0.491768 
0.101108 0.879369 0.009762 0.009762 
0.250000 0.250000 0.250000 0.250000 
  31
0.481043 0.006271 0.046210 
0.462816 0.987186 0.462022 
0.056721 0.006536 0.491768 
0.970761 0.009746 0.009746 0.009746 
0.250000 0.250000 0.250000 0.250000 
  32
0.486012 0.006265 0.046210 
0.457266 0.987199 0.462022 
0.056721 0.006536 0.491768 
0.009746 0.009746 0.970761 0.009746 
0.250000 0.250000 0.250000 0.250000 
  33
0.486012 0.006265 0.046210 
0.457266 0.987199 0.462022 
0.056721 0.006536 0.491768 
0.009746 0.009746 0.014479 0.966029 
0.250000 0.250000 0.250000 0.250000 
  34
0.486012 0.006265 0.046210 
0.457266 0.987199 0.462022 
0.056721 0.006536 0.491768 
0.970761 0.009746 0.009746 0.009746 
0.250000 0.250000 0.250000 0.250000 
  35
0.486012 0.006265 0.046210 
0.457266 0.987199 0.462022 
0.056721 0.006536 0.491768 
0.009746 0.009746 0.970761 0.009746 
0.250000 0.250000 0.250000 0.250000 
  36
0.486012 0.006265 0.046210 
0.457266 0.987199 0.462022 
0.056721 0.006536 0.491768 
0.970761 0.009746 0.009746 0.009746 
0.250000 0.250000 0.250000 0.250000 
  37
0.486012 0.006265 0.046210 
0.457266 0.987199 0.462022 
0.056721 0.006536 0.491768 
0.970761 0.009746 0.009746 0.009746 
0.250000 0.250000 0.250000 0.250000 
  38
0.486012 0.006265 0.046210 
0.457266 0.987199 0.462022 
0.056721 0.006536 0.491768 
0.009746 0.009746 0.009746 0.970761 
0.250000 0.250000 0.250000 0.250000 
  39
0.486012 0.006265 0.046210 
0.457266 0.987199 0.462022 
0.056721 0.006536 0.491768 
0.970761 0.009746 0.009746 0.009746 
0.250000 0.250000 0.250000 0.250000 
  40
0.486012 0.006265 0.046210 
0.457266 0.987199 0.462022 
0.056721 0.006536 0.491768 
0.970761 0.009746 0.009746 0.009746 
0.250000 0.250000 0.250000 0.250000 
  41
0.486012 0.006265 0.046210 
0.457266 0.987199 0.462022 
0.056721 0.006536 0.491768 
0.009746 0.009746 0.009746 0.970761 
0.250000 0.250000 0.250000 0.250000 
  42
0.486012 0.006265 0.046210 
0.457266 0.987199 0.462022 
0.056721 0.006536 0.491768 
0.970761 0.009746 0.009746 0.009746 
0.250000 0.250000 0.250000 0.250000 
  43
0.486012 0.006265 0.046210 
0.457266 0.987199 0.462022 
0.056721 0.006536 0.491768 
0.009746 0.009746 0.970761 0.009746 
0.250000 0.250000 0.250000 0.250000 
  44
0.486012 0.006265 0.046210 
0.457266 0.987199 0.462022 
0.056721 0.006536 0.491768 
0.970761 0.009746 0.009746 0.009746 
0.250000 0.250000 0.250000 0.250000 
  45
0.486012 0.006265 0.046210 
0.457266 0.987199 0.462022 
0.056721 0.006536 0.491768 
0.969091 0.011417 0.009746 0.009746 
0.250000 0.250000 0.250000 0.250000 
  46
0.486012 0.006265 0.046210 
0.457266 0.987199 0.462022 
0.056721 0.006536 0.491768 
0.970761 0.009746 0.009746 0.009746 
0.250000 0.250000 0.250000 0.250000 
  47
0.486012 0.006265 0.046210 
0.457266 0.987199 0.462022 
0.056721 0.006536 0.491768 
0.970761 0.009746 0.009746 0.009746 
0.250000 0.250000 0.250000 0.250000 
  48
0.486012 0.006265 0.046210 
0.457266 0.987199 0.462022 
0.056721 0.006536 0.491768 
0.013059 0.967448 0.009746 0.009746 
0.250000 0.250000 0.250000 0.250000 
  49
0.486012 0.006265 0.046210 
0.457266 0.987199 0.462022 
0.056721 0.006536 0.491768 
0.009746 0.970761 0.009746 0.009746 
0.250000 0.250000 0.250000 0.250000 
  50
0.486012 0.006265 0.046210 
0.457266 0.987199 0.462022 
0.056721 0.006536 0.491768 
0.009746 0.009746 0.970761 0.009746 
0.250000 0.250000 0.250000 0.250000 
  51
0.486012 0.006265 0.046210 
0.457266 0.987199 0.462022 
0.056721 0.006536 0.491768 
0.009746 0.009746 0.967145 0.013363 
0.250000 0.250000 0.250000 0.250000 
  52
0.486012 0.006265 0.046210 
0.457266 0.987199 0.462022 
0.056721 0.006536 0.491768 
0.970761 0.009746 0.009746 0.009746 
0.250000 0.250000 0.250000 0.250000 
  53
0.474103 0.006265 0.046210 
0.469176 0.987199 0.462022 
0.057405 0.006528 0.491768 
0.889145 0.091398 0.009728 0.009728 
0.250000 0.250000 0.250000 0.250000 
  54
0.479817 0.006258 0.046210 
0.462778 0.987214 0.462022 
0.057405 0.006528 0.491768 
0.969143 0.011400 0.009728 0.009728 
0.250000 0.250000 0.250000 0.250000 
  55
0.479817 0.006258 0.046210 
0.462778 0.987214 0.462022 
0.057405 0.006528 0.491768 
0.970815 0.009728 0.009728 0.009728 
0.250000 0.250000 0.250000 0.250000 
  56
0.479817 0.006258 0.046210 
0.462778 0.987214 0.462022 
0.057405 0.006528 0.491768 
0.967442 0.013101 0.009728 0.009728 
0.250000 0.250000 0.250000 0.250000 
  57
0.479817 0.006258 0.046210 
0.462778 0.987214 0.462022 
0.057405 0.006528 0.491768 
0.009728 0.009728 0.970815 0.009728 
0.250000 0.250000 0.250000 0.250000 
  58
0.479817 0.006258 0.046210 
0.462778 0.987214 0.462022 
0.057405 0.006528 0.491768 
0.970815 0.009728 0.009728 0.009728 
0.250000 0.250000 0.250000 0.250000 
  59
0.479817 0.006258 0.046210 
0.462778 0.987214 0.462022 
0.057405 0.006528 0.491768 
0.009728 0.009728 0.970815 0.009728 
0.250000 0.250000 0.250000 0.250000 
  60
0.479817 0.006258 0.046210 
0.462778 0.987214 0.462022 
0.057405 0.006528 0.491768 
0.963570 0.009728 0.009728 0.016973 
0.250000 0.250000 0.250000 0.250000 
  61
0.479817 0.006258 0.046210 
0.462778 0.987214 0.462022 
0.057405 0.006528 0.491768 
0.970815 0.009728 0.009728 0.009728 
0.250000 0.250000 0.250000 0.250000 
  62
0.479817 0.006258 0.046210 
0.462778 0.987214 0.462022 
0.057405 0.006528 0.491768 
0.009728 0.009728 0.009728 0.970815 
0.250000 0.250000 0.250000 0.250000 
  63
0.479817 0.006258 0.046210 
0.462778 0.987214 0.462022 
0.057405 0.006528 0.491768 
0.009728 0.970815 0.009728 0.009728 
0.250000 0.250000 0.250000 0.250000 
  64
0.479817 0.006258 0.046210 
0.462778 0.987214 0.462022 
0.057405 0.006528 0.491768 
0.009728 0.970815 0.009728 0.009728 
0.250000 0.250000 0.250000 0.250000 
  65
0.479817 0.006258 0.046210 
0.462778 0.987214 0.462022 
0.057405 0.006528 0.491768 
0.009728 0.009728 0.970815 0.009728 
0.250000 0.250000 0.250000 0.250000 
  66
0.479817 0.006258 0.046210 
0.462778 0.987214 0.462022 
0.057405 0.006528 0.491768 
0.959886 0.009728 0.020658 0.009728 
0.250000 0.250000 0.250000 0.250000 
  67
0.479817 0.006258 0.046210 
0.462778 0.987214 0.462022 
0.057405 0.006528 0.491768 
0.009728 0.970815 0.009728 0.009728 
0.250000 0.250000 0.250000 0.250000 
  68
0.479817 0.006258 0.046210 
0.462778 0.987214 0.462022 
0.057405 0.006528 0.491768 
0.970815 0.009728 0.009728 0.009728 
0.250000 0.250000 0.250000 0.250000 
  69
0.479817 0.006258 0.046210 
0.462778 0.987214 0.462022 
0.057405 0.006528 0.491768 
0.969140 0.011403 0.009728 0.009728 
0.250000 0.250000 0.250000 0.250000 
  70
0.479817 0.006258 0.046210 
0.462778 0.987214 0.462022 
0.057405 0.006528 0.491768 
0.009728 0.009728 0.009728 0.970815 
0.250000 0.250000 0.250000 0.250000 
  71
0.479817 0.006258 0.046210 
0.462778 0.987214 0.462022 
0.057405 0.006528 0.491768 
0.009728 0.009728 0.009728 0.970815 
0.250000 0.250000 0.250000 0.250000 
  72
0.479817 0.006258 0.046210 
0.462778 0.987214 0.462022 
0.057405 0.006528 0.491768 
0.009728 0.009728 0.013119 0.967425 
0.250000 0.250000 0.250000 0.250000 
  73
0.479817 0.006258 0.046210 
0.462778 0.987214 0.462022 
0.057405 0.006528 0.491768 
0.970815 0.009728 0.009728 0.009728 
0.250000 0.250000 0.250000 0.250000 
  74
0.479817 0.006258 0.046210 
0.462778 0.987214 0.462022 
0.057405 0.006528 0.491768 
0.009728 0.968452 0.009728 0.012092 
0.250000 0.250000 0.250000 0.250000 
  75
0.479817 0.006258 0.046210 
0.462778 0.987214 0.462022 
0.057405 0.006528 0.491768 
0.009728 0.012092 0.011384 0.966796 
0.250000 0.250000 0.250000 0.250000 
  76
0.479817 0.006258 0.046210 
0.462778 0.987214 0.462022 
0.057405 0.006528 0.491768 
0.009728 0.970815 0.009728 0.009728 
0.250000 0.250000 0.250000 0.250000 
  77
0.479817 0.006258 0.046210 
0.462778 0.987214 0.462022 
0.057405 0.006528 0.491768 
0.970815 0.009728 0.009728 0.009728 
0.250000 0.250000 0.250000 0.250000 
  78
0.479817 0.006258 0.046210 
0.462778 0.987214 0.462022 
0.057405 0.006528 0.491768 
0.968262 0.012281 0.009728 0.009728 
0.250000 0.250000 0.250000 0.250000 
  79
0.479817 0.006258 0.046210 
0.462778 0.987214 0.462022 
0.057405 0.006528 0.491768 
0.011492 0.969051 0.009728 0.009728 
0.250000 0.250000 0.250000 0.250000 
  80
0.479817 0.006258 0.046210 
0.462778 0.987214 0.462022 
0.057405 0.006528 0.491768 
0.970815 0.009728 0.009728 0.009728 
0.250000 0.250000 0.250000 0.250000 
  81
0.479817 0.006258 0.046210 
0.462778 0.987214 0.462022 
0.057405 0.006528 0.491768 
0.009728 0.009728 0.012248 0.968295 
0.250000 0.250000 0.250000 0.250000 
  82
0.479817 0.006258 0.046210 
0.462778 0.987214 0.462022 
0.057405 0.006528 0.491768 
0.009728 0.009728 0.970815 0.009728 
0.250000 0.250000 0.250000 0.250000 
  83
0.479817 0.006258 0.046210 
0.462778 0.987214 0.462022 
0.057405 0.006528 0.491768 
0.009728 0.009728 0.970815 0.009728 
0.250000 0.250000 0.250000 0.250000 
  84
0.479817 0.006258 0.046210 
0.462778 0.987214 0.462022 
0.057405 0.006528 0.491768 
0.009728 0.009728 0.013101 0.967442 
0.250000 0.250000 0.250000 0.250000 
  85
0.479817 0.006258 0.046210 
0.462778 0.987214 0.462022 
0.057405 0.006528 0.491768 
0.009728 0.970815 0.009728 0.009728 
0.250000 0.250000 0.250000 0.250000 
  86
0.479817 0.006258 0.046210 
0.462778 0.987214 0.462022 
0.057405 0.006528 0.491768 
0.970815 0.009728 0.009728 0.009728 
0.250000 0.250000 0.250000 0.250000 
  87
0.479817 0.006258 0.046210 
0.462778 0.987214 0.462022 
0.057405 0.006528 0.491768 
0.965774 0.014769 0.009728 0.009728 
0.250000 0.250000 0.250000 0.250000 
  88
0.479817 0.006258 0.046210 
0.462778 0.987214 0.462022 
0.057405 0.006528 0.491768 
0.009728 0.009728 0.063426 0.917117 
0.250000 0.250000 0.250000 0.250000 
  89
0.479817 0.006258 0.046210 
0.462778 0.987214 0.462022 
0.057405 0.006528 0.491768 
0.009728 0.009728 0.012805 0.967738 
0.250000 0.250000 0.250000 0.250000 
  90
0.479817 0.006258 0.046210 
0.462778 0.987214 0.462022 
0.057405 0.006528 0.491768 
0.742672 0.237871 0.009728 0.009728 
0.250000 0.250000 0.250000 0.250000 
  91
0.479817 0.006258 0.046210 
0.462778 0.987214 0.462022 
0.057405 0.006528 0.491768 
0.009728 0.009728 0.970815 0.009728 
0.250000 0.250000 0.250000 0.250000 
  92
0.479817 0.006258 0.046210 
0.462778 0.987214 0.462022 
0.057405 0.006528 0.491768 
0.970815 0.009728 0.009728 0.009728 
0.250000 0.250000 0.250000 0.250000 
  93
0.479817 0.006258 0.046210 
0.462778 0.987214 0.462022 
0.057405 0.006528 0.491768 
0.945159 0.035385 0.009728 0.009728 
0.250000 0.250000 0.250000 0.250000 
  94
0.479817 0.006258 0.046210 
0.462778 0.987214 0.462022 
0.057405 0.006528 0.491768 
0.009728 0.009728 0.970815 0.009728 
0.250000 0.250000 0.250000 0.250000 
  95
0.479817 0.006258 0.046210 
0.462778 0.987214 0.462022 
0.057405 0.006528 0.491768 
0.009728 0.009728 0.970815 0.009728 
0.250000 0.250000 0.250000 0.250000 
  96
0.479817 0.006258 0.046210 
0.462778 0.987214 0.462022 
0.057405 0.006528 0.491768 
0.955826 0.022768 0.011678 0.009728 
0.250000 0.250000 0.250000 0.250000 
  97
0.479817 0.006258 0.046210 
0.462778 0.987214 0.462022 
0.057405 0.006528 0.491768 
0.011748 0.968796 0.009728 0.009728 
0.250000 0.250000 0.250000 0.250000 
  98
0.479817 0.006258 0.046210 
0.462778 0.987214 0.462022 
0.057405 0.006528 0.491768 
0.009728 0.009728 0.968539 0.012005 
0.250000 0.250000 0.250000 0.250000 
  99
0.479817 0.006258 0.046210 
0.462778 0.987214 0.462022 
0.057405 0.006528 0.491768 
0.970815 0.009728 0.009728 0.009728 
0.250000 0.250000 0.250000 0.250000 
 100
0.479817 0.006258 0.046210 
0.462778 0.987214 0.462022 
0.057405 0.006528 0.491768 
0.951616 0.028928 0.009728 0.009728 
0.250000 0.250000 0.250000 0.250000 
 101
0.479817 0.006258 0.046210 
0.462778 0.987214 0.462022 
0.057405 0.006528 0.491768 
0.009728 0.009728 0.009728 0.970815 
0.250000 0.250000 0.250000 0.250000 
 102
0.479817 0.006258 0.046210 
0.462778 0.987214 0.462022 
0.057405 0.006528 0.491768 
0.037099 0.943444 0.009728 0.009728 
0.250000 0.250000 0.250000 0.250000 
 103
0.479817 0.006258 0.046210 
0.462778 0.987214 0.462022 
0.057405 0.006528 0.491768 
0.009728 0.009728 0.961970 0.018573 
0.250000 0.250000 0.250000 0.250000 
 104
0.479817 0.006258 0.046210 
0.462778 0.987214 0.462022 
0.057405 0.006528 0.491768 
0.009728 0.009728 0.009728 0.970815 
0.250000 0.250000 0.250000 0.250000 
 105
0.479817 0.006258 0.046210 
0.462778 0.987214 0.462022 
0.057405 0.006528 0.491768 
0.969039 0.011504 0.009728 0.009728 
0.250000 0.250000 0.250000 0.250000 
 106
0.479817 0.006258 0.046210 
0.462778 0.987214 0.462022 
0.057405 0.006528 0.491768 
0.009728 0.009728 0.009728 0.970815 
0.250000 0.250000 0.250000 0.250000 
 107
0.479817 0.006258 0.046210 
0.462778 0.987214 0.462022 
0.057405 0.006528 0.491768 
0.009728 0.009728 0.009728 0.970815 
0.250000 0.250000 0.250000 0.250000 
 108
0.479817 0.006258 0.046210 
0.462778 0.987214 0.462022 
0.057405 0.006528 0.491768 
0.009728 0.009728 0.970815 0.009728 
0.250000 0.250000 0.250000 0.250000 
 109
0.479817 0.006258 0.046210 
0.462778 0.987214 0.462022 
0.057405 0.006528 0.491768 
0.970815 0.009728 0.009728 0.009728 
0.250000 0.250000 0.250000 0.250000 
 110
0.479817 0.006258 0.046210 
0.462778 0.987214 0.462022 
0.057405 0.006528 0.491768 
0.970815 0.009728 0.009728 0.009728 
0.250000 0.250000 0.250000 0.250000 
 111
0.479817 0.006258 0.046210 
0.462778 0.987214 0.462022 
0.057405 0.006528 0.491768 
0.009728 0.009728 0.533327 0.447217 
0.250000 0.250000 0.250000 0.250000 
 112
0.479817 0.006258 0.046210 
0.462778 0.987214 0.462022 
0.057405 0.006528 0.491768 
0.970815 0.009728 0.009728 0.009728 
0.250000 0.250000 0.250000 0.250000 
 113
0.479817 0.006258 0.046210 
0.462778 0.987214 0.462022 
0.057405 0.006528 0.491768 
0.009728 0.009728 0.009728 0.970815 
0.250000 0.250000 0.250000 0.250000 
 114
0.479817 0.006258 0.046210 
0.462778 0.987214 0.462022 
0.057405 0.006528 0.491768 
0.012777 0.009728 0.964093 0.013402 
0.250000 0.250000 0.250000 0.250000 
 115
0.479817 0.006258 0.046210 
0.462778 0.987214 0.462022 
0.057405 0.006528 0.491768 
0.009728 0.009728 0.009728 0.970815 
0.250000 0.250000 0.250000 0.250000 
 116
0.479817 0.006258 0.046210 
0.462778 0.987214 0.462022 
0.057405 0.006528 0.491768 
0.009728 0.970815 0.009728 0.009728 
0.250000 0.250000 0.250000 0.250000 
 117
0.479817 0.006258 0.046210 
0.462778 0.987214 0.462022 
0.057405 0.006528 0.491768 
0.009728 0.009728 0.840587 0.139956 
0.250000 0.250000 0.250000 0.250000 
 118
0.479817 0.006258 0.046210 
0.462778 0.987214 0.462022 
0.057405 0.006528 0.491768 
0.011582 0.968961 0.009728 0.009728 
0.250000 0.250000 0.250000 0.250000 
 119
0.479817 0.006258 0.046210 
0.462778 0.987214 0.462022 
0.057405 0.006528 0.491768 
0.009728 0.009728 0.009728 0.970815 
0.250000 0.250000 0.250000 0.250000 
 120
0.479817 0.006258 0.046210 
0.462778 0.987214 0.462022 
0.057405 0.006528 0.491768 
0.009728 0.009728 0.967300 0.013244 
0.250000 0.250000 0.250000 0.250000 
 121
0.479817 0.006258 0.046210 
0.462778 0.987214 0.462022 
0.057405 0.006528 0.491768 
0.009728 0.009728 0.970815 0.009728 
0.250000 0.250000 0.250000 0.250000 
 122
0.479817 0.006258 0.046210 
0.462778 0.987214 0.462022 
0.057405 0.006528 0.491768 
0.970815 0.009728 0.009728 0.009728 
0.250000 0.250000 0.250000 0.250000 
 123
0.479817 0.006258 0.046210 
0.462778 0.987214 0.462022 
0.057405 0.006528 0.491768 
0.009728 0.009728 0.011352 0.969191 
0.250000 0.250000 0.250000 0.250000 
 124
0.479817 0.006258 0.046210 
0.462778 0.987214 0.462022 
0.057405 0.006528 0.491768 
0.009728 0.009728 0.970815 0.009728 
0.250000 0.250000 0.250000 0.250000 
 125
0.479817 0.006258 0.046210 
0.462778 0.987214 0.462022 
0.057405 0.006528 0.491768 
0.009728 0.009728 0.009728 0.970815 
0.250000 0.250000 0.250000 0.250000 
 126
0.479817 0.006258 0.046210 
0.462778 0.987214 0.462022 
0.057405 0.006528 0.491768 
0.910630 0.069913 0.009728 0.009728 
0.250000 0.250000 0.250000 0.250000 
 127
0.479817 0.006258 0.046210 
0.462778 0.987214 0.462022 
0.057405 0.006528 0.491768 
0.009728 0.970815 0.009728 0.009728 
0.250000 0.250000 0.250000 0.250000 
 128
0.479817 0.006258 0.046210 
0.462778 0.987214 0.462022 
0.057405 0.006528 0.491768 
0.970815 0.009728 0.009728 0.009728 
0.250000 0.250000 0.250000 0.250000 
 129
0.479817 0.006258 0.046210 
0.462778 0.987214 0.462022 
0.057405 0.006528 0.491768 
0.030492 0.950051 0.009728 0.009728 
0.250000 0.250000 0.250000 0.250000 
 130
0.479817 0.006258 0.046210 
0.462778 0.987214 0.462022 
0.057405 0.006528 0.491768 
0.011485 0.969058 0.009728 0.009728 
0.250000 0.250000 0.250000 0.250000 
 131
0.479817 0.006258 0.046210 
0.462778 0.987214 0.462022 
0.057405 0.006528 0.491768 
0.009728 0.009728 0.009728 0.970815 
0.250000 0.250000 0.250000 0.250000 
 132
0.479817 0.006258 0.046210 
0.462778 0.987214 0.462022 
0.057405 0.006528 0.491768 
0.009728 0.009728 0.075163 0.905380 
0.250000 0.250000 0.250000 0.250000 
 133
0.479817 0.006258 0.046210 
0.462778 0.987214 0.462022 
0.057405 0.006528 0.491768 
0.009728 0.009728 0.009728 0.970815 
0.250000 0.250000 0.250000 0.250000 
 134
0.479817 0.006258 0.046210 
0.462778 0.987214 0.462022 
0.057405 0.006528 0.491768 
0.009728 0.970815 0.009728 0.009728 
0.250000 0.250000 0.250000 0.250000 
 135
0.479817 0.006258 0.046210 
0.462778 0.987214 0.462022 
0.057405 0.006528 0.491768 
0.009728 0.009728 0.970815 0.009728 
0.250000 0.250000 0.250000 0.250000 
 136
0.479817 0.006258 0.046210 
0.462778 0.987214 0.462022 
0.057405 0.006528 0.491768 
0.009728 0.009728 0.009728 0.970815 
0.250000 0.250000 0.250000 0.250000 
 137
0.479817 0.006258 0.046210 
0.462778 0.987214 0.462022 
0.057405 0.006528 0.491768 
0.970815 0.009728 0.009728 0.009728 
0.250000 0.250000 0.250000 0.250000 
 138
0.479817 0.006258 0.046210 
0.462778 0.987214 0.462022 
0.057405 0.006528 0.491768 
0.009728 0.009728 0.012983 0.967560 
0.250000 0.250000 0.250000 0.250000 
 139
0.479817 0.006258 0.046210 
0.462778 0.987214 0.462022 
0.057405 0.006528 0.491768 
0.016657 0.963886 0.009728 0.009728 
0.250000 0.250000 0.250000 0.250000 
 140
0.479817 0.006258 0.046210 
0.462778 0.987214 0.462022 
0.057405 0.006528 0.491768 
0.009728 0.009728 0.009728 0.970815 
0.250000 0.250000 0.250000 0.250000 
 141
0.479817 0.006258 0.046210 
0.462778 0.987214 0.462022 
0.057405 0.006528 0.491768 
0.959761 0.020782 0.009728 0.009728 
0.250000 0.250000 0.250000 0.250000 
 142
0.479817 0.006258 0.046210 
0.462778 0.987214 0.462022 
0.057405 0.006528 0.491768 
0.970815 0.009728 0.009728 0.009728 
0.250000 0.250000 0.250000 0.250000 
 143
0.479817 0.006258 0.046210 
0.462778 0.987214 0.462022 
0.057405 0.006528 0.491768 
0.009728 0.009728 0.009728 0.970815 
0.250000 0.250000 0.250000 0.250000 
 144
0.479817 0.006258 0.046210 
0.462778 0.987214 0.462022 
0.057405 0.006528 0.491768 
0.970815 0.009728 0.009728 0.009728 
0.250000 0.250000 0.250000 0.250000 
 145
0.479817 0.006258 0.046210 
0.462778 0.987214 0.462022 
0.057405 0.006528 0.491768 
0.970815 0.009728 0.009728 0.009728 
0.250000 0.250000 0.250000 0.250000 
 146
0.479817 0.006258 0.046210 
0.462778 0.987214 0.462022 
0.057405 0.006528 0.491768 
0.009728 0.970815 0.009728 0.009728 
0.250000 0.250000 0.250000 0.250000 
 147
0.479817 0.006258 0.046210 
0.462778 0.987214 0.462022 
0.057405 0.006528 0.491768 
0.009728 0.009728 0.011553 0.968990 
0.250000 0.250000 0.250000 0.250000 
 148
0.479817 0.006258 0.046210 
0.462778 0.987214 0.462022 
0.057405 0.006528 0.491768 
0.009728 0.970815 0.009728 0.009728 
0.250000 0.250000 0.250000 0.250000 
 149
0.479817 0.006258 0.046210 
0.462778 0.987214 0.462022 
0.057405 0.006528 0.491768 
0.970815 0.009728 0.009728 0.009728 
0.250000 0.250000 0.250000 0.250000 
 150
0.479817 0.006258 0.046210 
0.462778 0.987214 0.462022 
0.057405 0.006528 0.491768 
0.009728 0.009728 0.909774 0.070769 
0.250000 0.250000 0.250000 0.250000 
 151
0.479817 0.006258 0.046210 
0.462778 0.987214 0.462022 
0.057405 0.006528 0.491768 
0.970815 0.009728 0.009728 0.009728 
0.250000 0.250000 0.250000 0.250000 
 152
0.479817 0.006258 0.046210 
0.462778 0.987214 0.462022 
0.057405 0.006528 0.491768 
0.009728 0.009728 0.009728 0.970815 
0.250000 0.250000 0.250000 0.250000 
 153
0.479817 0.006258 0.046210 
0.462778 0.987214 0.462022 
0.057405 0.006528 0.491768 
0.009728 0.970815 0.009728 0.009728 
0.250000 0.250000 0.250000 0.250000 
 154
0.479817 0.006258 0.046210 
0.462778 0.987214 0.462022 
0.057405 0.006528 0.491768 
0.970815 0.009728 0.009728 0.009728 
0.250000 0.250000 0.250000 0.250000 
 155
0.479817 0.006258 0.046210 
0.462778 0.987214 0.462022 
0.057405 0.006528 0.491768 
0.970815 0.009728 0.009728 0.009728 
0.250000 0.250000 0.250000 0.250000 
 156
0.479817 0.006258 0.046210 
0.462778 0.987214 0.462022 
0.057405 0.006528 0.491768 
0.009728 0.009728 0.039990 0.940553 
0.250000 0.250000 0.250000 0.250000 
 157
0.479817 0.006258 0.046210 
0.462778 0.987214 0.462022 
0.057405 0.006528 0.491768 
0.009728 0.009728 0.009728 0.970815 
0.250000 0.250000 0.250000 0.250000 
 158
0.479817 0.006258 0.046210 
0.462778 0.987214 0.462022 
0.057405 0.006528 0.491768 
0.009728 0.009728 0.009728 0.970815 
0.250000 0.250000 0.250000 0.250000 
 159
0.479817 0.006258 0.046210 
0.462778 0.987214 0.462022 
0.057405 0.006528 0.491768 
0.009728 0.009728 0.028305 0.952239 
0.250000 0.250000 0.250000 0.250000 
 160
0.479817 0.006258 0.046210 
0.462778 0.987214 0.462022 
0.057405 0.006528 0.491768 
0.011266 0.009728 0.969278 0.009728 
0.250000 0.250000 0.250000 0.250000 
 161
0.479817 0.006258 0.046210 
0.462778 0.987214 0.462022 
0.057405 0.006528 0.491768 
0.009728 0.009728 0.009728 0.970815 
0.250000 0.250000 0.250000 0.250000 
 162
0.479817 0.006258 0.046210 
0.462778 0.987214 0.462022 
0.057405 0.006528 0.491768 
0.009728 0.009728 0.015991 0.964552 
0.250000 0.250000 0.250000 0.250000 
 163
0.479817 0.006258 0.046210 
0.462778 0.987214 0.462022 
0.057405 0.006528 0.491768 
0.009728 0.970815 0.009728 0.009728 
0.250000 0.250000 0.250000 0.250000 
 164
0.479817 0.006258 0.046210 
0.462778 0.987214 0.462022 
0.057405 0.006528 0.491768 
0.970815 0.009728 0.009728 0.009728 
0.250000 0.250000 0.250000 0.250000 
 165
0.479817 0.006258 0.046210 
0.462778 0.987214 0.462022 
0.057405 0.006528 0.491768 
0.009728 0.009728 0.698671 0.281872 
0.250000 0.250000 0.250000 0.250000 
 166
0.479817 0.006258 0.046210 
0.462778 0.987214 0.462022 
0.057405 0.006528 0.491768 
0.009728 0.970815 0.009728 0.009728 
0.250000 0.250000 0.250000 0.250000 
 167
0.479817 0.006258 0.046210 
0.462778 0.987214 0.462022 
0.057405 0.006528 0.491768 
0.970815 0.009728 0.009728 0.009728 
0.250000 0.250000 0.250000 0.250000 
 168
0.479817 0.006258 0.046210 
0.462778 0.987214 0.462022 
0.057405 0.006528 0.491768 
0.951616 0.028928 0.009728 0.009728 
0.250000 0.250000 0.250000 0.250000 
 169
0.479817 0.006258 0.046210 
0.462778 0.987214 0.462022 
0.057405 0.006528 0.491768 
0.009728 0.970815 0.009728 0.009728 
0.250000 0.250000 0.250000 0.250000 
 170
0.479817 0.006258 0.046210 
0.462778 0.987214 0.462022 
0.057405 0.006528 0.491768 
0.970815 0.009728 0.009728 0.009728 
0.250000 0.250000 0.250000 0.250000 
 171
0.479817 0.006258 0.046210 
0.462778 0.987214 0.462022 
0.057405 0.006528 0.491768 
0.969226 0.011318 0.009728 0.009728 
0.250000 0.250000 0.250000 0.250000 
 172
0.479817 0.006258 0.046210 
0.462778 0.987214 0.462022 
0.057405 0.006528 0.491768 
0.009728 0.970815 0.009728 0.009728 
0.250000 0.250000 0.250000 0.250000 
 173
0.479817 0.006258 0.046210 
0.462778 0.987214 0.462022 
0.057405 0.006528 0.491768 
0.009728 0.970815 0.009728 0.009728 
0.250000 0.250000 0.250000 0.250000 
 174
0.479817 0.006258 0.046210 
0.462778 0.987214 0.462022 
0.057405 0.006528 0.491768 
0.946073 0.034470 0.009728 0.009728 
0.250000 0.250000 0.250000 0.250000 
 175
0.479817 0.006258 0.046210 
0.462778 0.987214 0.462022 
0.057405 0.006528 0.491768 
0.965712 0.014832 0.009728 0.009728 
0.250000 0.250000 0.250000 0.250000 
 176
0.479817 0.006258 0.046210 
0.462778 0.987214 0.462022 
0.057405 0.006528 0.491768 
0.947911 0.032632 0.009728 0.009728 
0.250000 0.250000 0.250000 0.250000 
 177
0.479817 0.006258 0.046210 
0.462778 0.987214 0.462022 
0.057405 0.006528 0.491768 
0.956359 0.024185 0.009728 0.009728 
0.250000 0.250000 0.250000 0.250000 
 178
0.479817 0.006258 0.046210 
0.462778 0.987214 0.462022 
0.057405 0.006528 0.491768 
0.092867 0.884250 0.009728 0.013155 
0.250000 0.250000 0.250000 0.250000 
 179
0.479817 0.006258 0.046210 
0.462778 0.987214 0.462022 
0.057405 0.006528 0.491768 
0.009728 0.009728 0.970815 0.009728 
0.250000 0.250000 0.250000 0.250000 
 180
0.479817 0.006258 0.046210 
0.462778 0.987214 0.462022 
0.057405 0.006528 0.491768 
0.970815 0.009728 0.009728 0.009728 
0.250000 0.250000 0.250000 0.250000 
 181
0.479817 0.006258 0.046210 
0.462778 0.987214 0.462022 
0.057405 0.006528 0.491768 
0.009728 0.009728 0.009728 0.970815 
0.250000 0.250000 0.250000 0.250000 
 182
0.479817 0.006258 0.046210 
0.462778 0.987214 0.462022 
0.057405 0.006528 0.491768 
0.970815 0.009728 0.009728 0.009728 
0.250000 0.250000 0.250000 0.250000 
 183
0.479817 0.006258 0.046210 
0.462778 0.987214 0.462022 
0.057405 0.006528 0.491768 
0.009728 0.009728 0.012609 0.967934 
0.250000 0.250000 0.250000 0.250000 
 184
0.479817 0.006258 0.046210 
0.462778 0.987214 0.462022 
0.057405 0.006528 0.491768 
0.970815 0.009728 0.009728 0.009728 
0.250000 0.250000 0.250000 0.250000 
 185
0.479817 0.006258 0.046210 
0.462778 0.987214 0.462022 
0.057405 0.006528 0.491768 
0.009728 0.009728 0.867127 0.113417 
0.250000 0.250000 0.250000 0.250000 
 186
0.479817 0.006258 0.046210 
0.462778 0.987214 0.462022 
0.057405 0.006528 0.491768 
0.967644 0.012899 0.009728 0.009728 
0.250000 0.250000 0.250000 0.250000 
 187
0.479817 0.006258 0.046210 
0.462778 0.987214 0.462022 
0.057405 0.006528 0.491768 
0.009728 0.970815 0.009728 0.009728 
0.250000 0.250000 0.250000 0.250000 
 188
0.479817 0.006258 0.046210 
0.462778 0.987214 0.462022 
0.057405 0.006528 0.491768 
0.009728 0.009728 0.969266 0.011277 
0.250000 0.250000 0.250000 0.250000 
 189
0.479817 0.006258 0.046210 
0.462778 0.987214 0.462022 
0.057405 0.006528 0.491768 
0.963380 0.017163 0.009728 0.009728 
0.250000 0.250000 0.250000 0.250000 
 190
0.479817 0.006258 0.046210 
0.462778 0.987214 0.462022 
0.057405 0.006528 0.491768 
0.009742 0.009742 0.011470 0.969047 
0.250000 0.250000 0.250000 0.250000 
 191
0.479817 0.006258 0.046210 
0.462778 0.987214 0.462022 
0.057405 0.006528 0.491768 
0.009728 0.009728 0.009728 0.970815 
0.250000 0.250000 0.250000 0.250000 
 192
0.479817 0.006258 0.046210 
0.462778 0.987214 0.462022 
0.057405 0.006528 0.491768 
0.968634 0.011909 0.009728 0.009728 
0.250000 0.250000 0.250000 0.250000 
 193
0.479817 0.006258 0.046210 
0.462778 0.987214 0.462022 
0.057405 0.006528 0.491768 
0.009728 0.970815 0.009728 0.009728 
0.250000 0.250000 0.250000 0.250000 
 194
0.479817 0.006258 0.046210 
0.462778 0.987214 0.462022 
0.057405 0.006528 0.491768 
0.970815 0.009728 0.009728 0.009728 
0.250000 0.250000 0.250000 0.250000 
 195
0.479817 0.006258 0.046210 
0.462778 0.987214 0.462022 
0.057405 0.006528 0.491768 
0.969321 0.011223 0.009728 0.009728 
0.250000 0.250000 0.250000 0.250000 
 196
0.479817 0.006258 0.046210 
0.462778 0.987214 0.462022 
0.057405 0.006528 0.491768 
0.009728 0.970815 0.009728 0.009728 
0.250000 0.250000 0.250000 0.250000 
 197
0.479817 0.006258 0.046210 
0.462778 0.987214 0.462022 
0.057405 0.006528 0.491768 
0.009728 0.970815 0.009728 0.009728 
0.250000 0.250000 0.250000 0.250000 
 198
0.479817 0.006258 0.046210 
0.462778 0.987214 0.462022 
0.057405 0.006528 0.491768 
0.963285 0.017258 0.009728 0.009728 
0.250000 0.250000 0.250000 0.250000 
 199
0.479817 0.006258 0.046210 
0.462778 0.987214 0.462022 
0.057405 0.006528 0.491768 
0.009728 0.009728 0.970815 0.009728 
0.250000 0.250000 0.250000 0.250000 
 200
0.479817 0.006258 0.046210 
0.462778 0.987214 0.462022 
0.057405 0.006528 0.491768 
0.970815 0.009728 0.009728 0.009728 
0.250000 0.250000 0.250000 0.250000 
 201
0.479817 0.006258 0.046210 
0.462778 0.987214 0.462022 
0.057405 0.006528 0.491768 
0.970815 0.009728 0.009728 0.009728 
0.250000 0.250000 0.250000 0.250000 
 202
0.479817 0.006258 0.046210 
0.462778 0.987214 0.462022 
0.057405 0.006528 0.491768 
0.009728 0.970815 0.009728 0.009728 
0.250000 0.250000 0.250000 0.250000 
 203
0.479817 0.006258 0.046210 
0.462778 0.987214 0.462022 
0.057405 0.006528 0.491768 
0.009728 0.970815 0.009728 0.009728 
0.250000 0.250000 0.250000 0.250000 
 204
0.479817 0.006258 0.046210 
0.462778 0.987214 0.462022 
0.057405 0.006528 0.491768 
0.109930 0.870613 0.009728 0.009728 
0.250000 0.250000 0.250000 0.250000 
 205
0.479817 0.006258 0.046210 
0.462778 0.987214 0.462022 
0.057405 0.006528 0.491768 
0.970815 0.009728 0.009728 0.009728 
0.250000 0.250000 0.250000 0.250000 
 206
0.479817 0.006258 0.046210 
0.462778 0.987214 0.462022 
0.057405 0.006528 0.491768 
0.970815 0.009728 0.009728 0.009728 
0.250000 0.250000 0.250000 0.250000 
 207
0.479817 0.006258 0.046210 
0.462778 0.987214 0.462022 
0.057405 0.006528 0.491768 
0.969299 0.011245 0.009728 0.009728 
0.250000 0.250000 0.250000 0.250000 
 208
0.479817 0.006258 0.046210 
0.462778 0.987214 0.462022 
0.057405 0.006528 0.491768 
0.009728 0.970815 0.009728 0.009728 
0.250000 0.250000 0.250000 0.250000 
 209
0.479817 0.006258 0.046210 
0.462778 0.987214 0.462022 
0.057405 0.006528 0.491768 
0.970815 0.009728 0.009728 0.009728 
0.250000 0.250000 0.250000 0.250000 
 210
0.479817 0.006258 0.046210 
0.462778 0.987214 0.462022 
0.057405 0.006528 0.491768 
0.950123 0.030420 0.009728 0.009728 
0.250000 0.250000 0.250000 0.250000 
 211
0.479817 0.006258 0.046210 
0.462778 0.987214 0.462022 
0.057405 0.006528 0.491768 
0.009728 0.009728 0.970815 0.009728 
0.250000 0.250000 0.250000 0.250000 
 212
0.479817 0.006258 0.046210 
0.462778 0.987214 0.462022 
0.057405 0.006528 0.491768 
0.970815 0.009728 0.009728 0.009728 
0.250000 0.250000 0.250000 0.250000 
 213
0.479817 0.006258 0.046210 
0.462778 0.987214 0.462022 
0.057405 0.006528 0.491768 
0.967737 0.012806 0.009728 0.009728 
0.250000 0.250000 0.250000 0.250000 
 214
0.479817 0.006258 0.046210 
0.462778 0.987214 0.462022 
0.057405 0.006528 0.491768 
0.970815 0.009728 0.009728 0.009728 
0.250000 0.250000 0.250000 0.250000 
 215
0.479817 0.006258 0.046210 
0.462778 0.987214 0.462022 
0.057405 0.006528 0.491768 
0.970815 0.009728 0.009728 0.009728 
0.250000 0.250000 0.250000 0.250000 
 216
0.479817 0.006258 0.046210 
0.462778 0.987214 0.462022 
0.057405 0.006528 0.491768 
0.009728 0.009728 0.421624 0.558920 
0.250000 0.250000 0.250000 0.250000 
 217
0.479817 0.006258 0.046210 
0.462778 0.987214 0.462022 
0.057405 0.006528 0.491768 
0.009728 0.009728 0.031152 0.949391 
0.250000 0.250000 0.250000 0.250000 
 218
0.479817 0.006258 0.046210 
0.462778 0.987214 0.462022 
0.057405 0.006528 0.491768 
0.009728 0.009728 0.009728 0.970815 
0.250000 0.250000 0.250000 0.250000 
 219
0.479817 0.006258 0.046210 
0.462778 0.987214 0.462022 
0.057405 0.006528 0.491768 
0.011472 0.969071 0.009728 0.009728 
0.250000 0.250000 0.250000 0.250000 
 220
0.479817 0.006258 0.046210 
0.462778 0.987214 0.462022 
0.057405 0.006528 0.491768 
0.970815 0.009728 0.009728 0.009728 
0.250000 0.250000 0.250000 0.250000 
 221
0.479817 0.006258 0.046210 
0.462778 0.987214 0.462022 
0.057405 0.006528 0.491768 
0.009728 0.970815 0.009728 0.009728 
0.250000 0.250000 0.250000 0.250000 
 222
0.479817 0.006258 0.046210 
0.462778 0.987214 0.462022 
0.057405 0.006528 0.491768 
0.958777 0.021767 0.009728 0.009728 
0.250000 0.250000 0.250000 0.250000 
 223
0.479817 0.006258 0.046210 
0.462778 0.987214 0.462022 
0.057405 0.006528 0.491768 
0.009728 0.009728 0.970815 0.009728 
0.250000 0.250000 0.250000 0.250000 
 224
0.479817 0.006258 0.046210 
0.462778 0.987214 0.462022 
0.057405 0.006528 0.491768 
0.009728 0.009728 0.970815 0.009728 
0.250000 0.250000 0.250000 0.250000 
 225
0.479817 0.006258 0.046210 
0.462778 0.987214 0.462022 
0.057405 0.006528 0.491768 
0.970815 0.009728 0.009728 0.009728 
0.250000 0.250000 0.250000 0.250000 
 226
0.479817 0.006258 0.046210 
0.462778 0.987214 0.462022 
0.057405 0.006528 0.491768 
0.009728 0.009728 0.970815 0.009728 
0.250000 0.250000 0.250000 0.250000 
 227
0.479817 0.006258 0.046210 
0.462778 0.987214 0.462022 
0.057405 0.006528 0.491768 
0.970815 0.009728 0.009728 0.009728 
0.250000 0.250000 0.250000 0.250000 
 228
0.479817 0.006258 0.046210 
0.462778 0.987214 0.462022 
0.057405 0.006528 0.491768 
0.950165 0.030378 0.009728 0.009728 
0.250000 0.250000 0.250000 0.250000 
 229
0.479817 0.006258 0.046210 
0.462778 0.987214 0.462022 
0.057405 0.006528 0.491768 
0.009728 0.009728 0.009728 0.970815 
0.250000 0.250000 0.250000 0.250000 
 230
0.479817 0.006258 0.046210 
0.462778 0.987214 0.462022 
0.057405 0.006528 0.491768 
0.970815 0.009728 0.009728 0.009728 
0.250000 0.250000 0.250000 0.250000 
 231
0.479817 0.006258 0.046210 
0.462778 0.987214 0.462022 
0.057405 0.006528 0.491768 
0.009728 0.009728 0.012945 0.967598 
0.250000 0.250000 0.250000 0.250000 
 232
0.479817 0.006258 0.046210 
0.462778 0.987214 0.462022 
0.057405 0.006528 0.491768 
0.009728 0.970815 0.009728 0.009728 
0.250000 0.250000 0.250000 0.250000 
 233
0.479817 0.006258 0.046210 
0.462778 0.987214 0.462022 
0.057405 0.006528 0.491768 
0.970815 0.009728 0.009728 0.009728 
0.250000 0.250000 0.250000 0.250000 
 234
0.479817 0.006258 0.046210 
0.462778 0.987214 0.462022 
0.057405 0.006528 0.491768 
0.964919 0.015624 0.009728 0.009728 
0.250000 0.250000 0.250000 0.250000 
 235
0.479817 0.006258 0.046210 
0.462778 0.987214 0.462022 
0.057405 0.006528 0.491768 
0.009728 0.970815 0.009728 0.009728 
0.250000 0.250000 0.250000 0.250000 
 236
