%  SAM: /scicomp/home/vfn4/Tools/LABEL_RES/scripts/modelfromalign v3.5 (July 15, 2005) compiled 12/08/06_16:15:55
%  (c) 1992-2001 Regents of the University of California, Santa Cruz
%
%          Sequence Alignment and Modeling Software System
%         http://www.cse.ucsc.edu/research/compbio/sam.html
%
% ----------------- Citations (SAM, SAM-T2K, HMMs) --------------------
% R. Hughey, A. Krogh, Hidden Markov models for sequence analysis:
%  Extension and analysis of the basic method, CABIOS 12:95-107, 1996.
% K. Karplus, et al., What is the value added by human intervention in protein
%  structure prediction, Proteins: Stucture, Function, Genetics 45(S5):86--91, 2001.
% A. Krogh et al., Hidden Markov models in computational biology:
%  Applications to protein modeling, JMB 235:1501-1531, Feb 1994.
% ---------------------------------------------------------------------
%  B_PB1_hmm   Host: login.aspen.biotech.cdc.gov    Mon Aug 25 12:50:33 2014
%  vfn4        Dir:  /scicomp/home/vfn4/IRMA/train3/OG
% ---------------------------------------------------------------------
%  Alignment weights from internal calc.  Total (24.23) Max (0.12) Min (0.03)
%  Weights from alignment method 1 (karplus), b=-1.000000, e=0.500000
MODEL --  Model from alignment file /scicomp/home/vfn4/Tools/LABEL_RES/training_data/irmaOG/B_PB1.fasta
alphabet DNA
FREQAVE
0.000000 0.000000 0.000000 
0.000000 0.000000 0.000000 
0.000000 0.000000 0.000000 
0.365236 0.220020 0.172886 0.241858 
0.365236 0.220020 0.172886 0.241858 
Begin
0.000000 0.000000 0.000000 
0.000000 0.000000 0.000000 
0.000000 0.006605 0.491768 
0.250000 0.250000 0.250000 0.250000 
0.250000 0.250000 0.250000 0.250000 
   1
0.000000 0.051661 0.046210 
0.000000 0.941735 0.462022 
0.039207 0.006918 0.491768 
0.967952 0.010683 0.010683 0.010683 
0.250000 0.250000 0.250000 0.250000 
   2
0.634091 0.006631 0.046210 
0.326702 0.986450 0.462022 
0.039628 0.006907 0.491768 
0.013264 0.010655 0.010655 0.965426 
0.250000 0.250000 0.250000 0.250000 
   3
0.640907 0.006621 0.046210 
0.319465 0.986472 0.462022 
0.039628 0.006907 0.491768 
0.010655 0.965426 0.010655 0.013264 
0.250000 0.250000 0.250000 0.250000 
   4
0.623892 0.006621 0.046210 
0.336480 0.986472 0.462022 
0.040314 0.006890 0.491768 
0.965569 0.013210 0.010611 0.010611 
0.250000 0.250000 0.250000 0.250000 
   5
0.628101 0.006604 0.046210 
0.331585 0.986506 0.462022 
0.040581 0.006883 0.491768 
0.968217 0.010594 0.010594 0.010594 
0.250000 0.250000 0.250000 0.250000 
   6
0.632268 0.006598 0.046210 
0.327151 0.986519 0.462022 
0.040581 0.006883 0.491768 
0.010594 0.010594 0.016940 0.961871 
0.250000 0.250000 0.250000 0.250000 
   7
0.597214 0.006598 0.046210 
0.362205 0.986519 0.462022 
0.042056 0.006849 0.491768 
0.968478 0.010507 0.010507 0.010507 
0.250000 0.250000 0.250000 0.250000 
   8
0.611445 0.006565 0.046210 
0.346499 0.986587 0.462022 
0.042372 0.006842 0.491768 
0.010490 0.010490 0.010490 0.968531 
0.250000 0.250000 0.250000 0.250000 
   9
0.616043 0.006558 0.046210 
0.341585 0.986600 0.462022 
0.042372 0.006842 0.491768 
0.968531 0.010490 0.010490 0.010490 
0.250000 0.250000 0.250000 0.250000 
  10
0.608926 0.006558 0.046210 
0.348702 0.986600 0.462022 
0.042676 0.006835 0.491768 
0.968581 0.010473 0.010473 0.010473 
0.250000 0.250000 0.250000 0.250000 
  11
0.613291 0.006552 0.046210 
0.344033 0.986613 0.462022 
0.042676 0.006835 0.491768 
0.968581 0.010473 0.010473 0.010473 
0.250000 0.250000 0.250000 0.250000 
  12
0.605938 0.006552 0.046210 
0.351386 0.986613 0.462022 
0.042992 0.006828 0.491768 
0.010456 0.010456 0.010456 0.968632 
0.250000 0.250000 0.250000 0.250000 
  13
0.594204 0.007651 0.046210 
0.362805 0.985521 0.462022 
0.043339 0.006821 0.491768 
0.010438 0.010438 0.968687 0.010438 
0.250000 0.250000 0.250000 0.250000 
  14
0.599010 0.006538 0.046210 
0.357651 0.986641 0.462022 
0.043701 0.006813 0.491768 
0.010419 0.010419 0.968743 0.010419 
0.250000 0.250000 0.250000 0.250000 
  15
0.604002 0.006531 0.046210 
0.352297 0.986656 0.462022 
0.043701 0.006813 0.491768 
0.019874 0.026000 0.010419 0.943707 
0.250000 0.250000 0.250000 0.250000 
  16
0.596622 0.006531 0.046210 
0.359677 0.986656 0.462022 
0.044026 0.006807 0.491768 
0.010402 0.010402 0.010402 0.968793 
0.250000 0.250000 0.250000 0.250000 
  17
0.601058 0.006524 0.046210 
0.354916 0.986669 0.462022 
0.044026 0.006807 0.491768 
0.968793 0.010402 0.010402 0.010402 
0.250000 0.250000 0.250000 0.250000 
  18
0.601058 0.006524 0.046210 
0.354916 0.986669 0.462022 
0.044026 0.006807 0.491768 
0.010402 0.010402 0.038961 0.940235 
0.250000 0.250000 0.250000 0.250000 
  19
0.569037 0.006524 0.046210 
0.386937 0.986669 0.462022 
0.045482 0.006778 0.491768 
0.010332 0.010332 0.010332 0.969005 
0.250000 0.250000 0.250000 0.250000 
  20
0.587861 0.006497 0.046210 
0.366657 0.986725 0.462022 
0.045482 0.006778 0.491768 
0.010332 0.010332 0.010332 0.969005 
0.250000 0.250000 0.250000 0.250000 
  21
0.587861 0.006497 0.046210 
0.366657 0.986725 0.462022 
0.045482 0.006778 0.491768 
0.010332 0.010332 0.118440 0.860897 
0.250000 0.250000 0.250000 0.250000 
  22
0.539268 0.006497 0.046210 
0.415250 0.986725 0.462022 
0.047805 0.006737 0.491768 
0.010230 0.010230 0.969310 0.010230 
0.250000 0.250000 0.250000 0.250000 
  23
0.566811 0.006457 0.046210 
0.385384 0.986806 0.462022 
0.047805 0.006737 0.491768 
0.010230 0.010230 0.010230 0.969310 
0.250000 0.250000 0.250000 0.250000 
  24
0.566811 0.006457 0.046210 
0.385384 0.986806 0.462022 
0.047805 0.006737 0.491768 
0.088070 0.013400 0.870519 0.028012 
0.250000 0.250000 0.250000 0.250000 
  25
0.548958 0.006457 0.046210 
0.403237 0.986806 0.462022 
0.048674 0.006722 0.491768 
0.010195 0.010195 0.010195 0.969416 
0.250000 0.250000 0.250000 0.250000 
  26
0.558937 0.006444 0.046210 
0.392389 0.986834 0.462022 
0.048674 0.006722 0.491768 
0.010195 0.010195 0.010195 0.969416 
0.250000 0.250000 0.250000 0.250000 
  27
0.558937 0.006444 0.046210 
0.392389 0.986834 0.462022 
0.048674 0.006722 0.491768 
0.010195 0.010195 0.967016 0.012594 
0.250000 0.250000 0.250000 0.250000 
  28
0.536969 0.006444 0.046210 
0.414357 0.986834 0.462022 
0.049767 0.006705 0.491768 
0.969543 0.010152 0.010152 0.010152 
0.250000 0.250000 0.250000 0.250000 
  29
0.549030 0.006427 0.046210 
0.401203 0.986868 0.462022 
0.049767 0.006705 0.491768 
0.010152 0.010152 0.010152 0.969543 
0.250000 0.250000 0.250000 0.250000 
  30
0.549030 0.006427 0.046210 
0.401203 0.986868 0.462022 
0.049767 0.006705 0.491768 
0.965616 0.012250 0.010152 0.011982 
0.250000 0.250000 0.250000 0.250000 
  31
0.519838 0.006427 0.046210 
0.430395 0.986868 0.462022 
0.051264 0.006683 0.491768 
0.011692 0.968112 0.010098 0.010098 
0.250000 0.250000 0.250000 0.250000 
  32
0.525924 0.006406 0.046210 
0.422812 0.986911 0.462022 
0.051758 0.006676 0.491768 
0.969757 0.010081 0.010081 0.010081 
0.250000 0.250000 0.250000 0.250000 
  33
0.530993 0.006399 0.046210 
0.417250 0.986925 0.462022 
0.051758 0.006676 0.491768 
0.010081 0.010081 0.013593 0.966245 
0.250000 0.250000 0.250000 0.250000 
  34
0.530993 0.006399 0.046210 
0.417250 0.986925 0.462022 
0.051758 0.006676 0.491768 
0.010081 0.969757 0.010081 0.010081 
0.250000 0.250000 0.250000 0.250000 
  35
0.512928 0.006399 0.046210 
0.435314 0.986925 0.462022 
0.052710 0.006662 0.491768 
0.010049 0.010049 0.010049 0.969853 
0.250000 0.250000 0.250000 0.250000 
  36
0.522364 0.006386 0.046210 
0.424926 0.986951 0.462022 
0.052710 0.006662 0.491768 
0.452778 0.527124 0.010049 0.010049 
0.250000 0.250000 0.250000 0.250000 
  37
0.513742 0.006386 0.046210 
0.433548 0.986951 0.462022 
0.053168 0.006656 0.491768 
0.010034 0.010034 0.969897 0.010034 
0.250000 0.250000 0.250000 0.250000 
  38
0.518210 0.006380 0.046210 
0.428621 0.986963 0.462022 
0.053168 0.006656 0.491768 
0.010034 0.010034 0.969897 0.010034 
0.250000 0.250000 0.250000 0.250000 
  39
0.518210 0.006380 0.046210 
0.428621 0.986963 0.462022 
0.053168 0.006656 0.491768 
0.015531 0.010034 0.942723 0.031711 
0.250000 0.250000 0.250000 0.250000 
  40
0.518210 0.006380 0.046210 
0.428621 0.986963 0.462022 
0.053168 0.006656 0.491768 
0.776028 0.203904 0.010034 0.010034 
0.250000 0.250000 0.250000 0.250000 
  41
0.518210 0.006380 0.046210 
0.428621 0.986963 0.462022 
0.053168 0.006656 0.491768 
0.010034 0.010034 0.010034 0.969897 
0.250000 0.250000 0.250000 0.250000 
  42
0.518210 0.006380 0.046210 
0.428621 0.986963 0.462022 
0.053168 0.006656 0.491768 
0.966632 0.010034 0.013300 0.010034 
0.250000 0.250000 0.250000 0.250000 
  43
0.518210 0.008352 0.046210 
0.428621 0.984991 0.462022 
0.052200 0.006669 0.491768 
0.010066 0.010066 0.969802 0.010066 
0.250000 0.250000 0.250000 0.250000 
  44
0.446835 0.006393 0.046210 
0.500966 0.986937 0.462022 
0.056748 0.006612 0.491768 
0.970217 0.009928 0.009928 0.009928 
0.250000 0.250000 0.250000 0.250000 
  45
0.485771 0.006338 0.046210 
0.457481 0.987050 0.462022 
0.056748 0.006612 0.491768 
0.011656 0.968489 0.009928 0.009928 
0.250000 0.250000 0.250000 0.250000 
  46
0.485771 0.006338 0.046210 
0.457481 0.987050 0.462022 
0.056748 0.006612 0.491768 
0.009928 0.970217 0.009928 0.009928 
0.250000 0.250000 0.250000 0.250000 
  47
0.485771 0.006338 0.046210 
0.457481 0.987050 0.462022 
0.056748 0.006612 0.491768 
0.009928 0.009928 0.970217 0.009928 
0.250000 0.250000 0.250000 0.250000 
  48
0.485771 0.006338 0.046210 
0.457481 0.987050 0.462022 
0.056748 0.006612 0.491768 
0.970217 0.009928 0.009928 0.009928 
0.250000 0.250000 0.250000 0.250000 
  49
0.485771 0.006338 0.046210 
0.457481 0.987050 0.462022 
0.056748 0.006612 0.491768 
0.009928 0.967089 0.009928 0.013056 
0.250000 0.250000 0.250000 0.250000 
  50
0.485771 0.006338 0.046210 
0.457481 0.987050 0.462022 
0.056748 0.006612 0.491768 
0.009928 0.009928 0.970217 0.009928 
0.250000 0.250000 0.250000 0.250000 
  51
0.485771 0.006338 0.046210 
0.457481 0.987050 0.462022 
0.056748 0.006612 0.491768 
0.970217 0.009928 0.009928 0.009928 
0.250000 0.250000 0.250000 0.250000 
  52
0.485771 0.006338 0.046210 
0.457481 0.987050 0.462022 
0.056748 0.006612 0.491768 
0.970217 0.009928 0.009928 0.009928 
0.250000 0.250000 0.250000 0.250000 
  53
0.485771 0.006338 0.046210 
0.457481 0.987050 0.462022 
0.056748 0.006612 0.491768 
0.009928 0.009928 0.009928 0.970217 
0.250000 0.250000 0.250000 0.250000 
  54
0.485771 0.006338 0.046210 
0.457481 0.987050 0.462022 
0.056748 0.006612 0.491768 
0.009928 0.009928 0.015918 0.964227 
0.250000 0.250000 0.250000 0.250000 
  55
0.485771 0.006338 0.046210 
0.457481 0.987050 0.462022 
0.056748 0.006612 0.491768 
0.009928 0.009928 0.009928 0.970217 
0.250000 0.250000 0.250000 0.250000 
  56
0.485771 0.006338 0.046210 
0.457481 0.987050 0.462022 
0.056748 0.006612 0.491768 
0.009928 0.009928 0.970217 0.009928 
0.250000 0.250000 0.250000 0.250000 
  57
0.485771 0.007879 0.046210 
0.457481 0.985509 0.462022 
0.055877 0.006622 0.491768 
0.970144 0.009952 0.009952 0.009952 
0.250000 0.250000 0.250000 0.250000 
  58
0.478316 0.006348 0.046210 
0.465806 0.987030 0.462022 
0.056748 0.006612 0.491768 
0.970217 0.009928 0.009928 0.009928 
0.250000 0.250000 0.250000 0.250000 
  59
0.485771 0.006338 0.046210 
0.457481 0.987050 0.462022 
0.056748 0.006612 0.491768 
0.009928 0.009928 0.970217 0.009928 
0.250000 0.250000 0.250000 0.250000 
  60
0.485771 0.006338 0.046210 
0.457481 0.987050 0.462022 
0.056748 0.006612 0.491768 
0.968595 0.009928 0.009928 0.011550 
0.250000 0.250000 0.250000 0.250000 
  61
0.485771 0.006338 0.046210 
0.457481 0.987050 0.462022 
0.056748 0.006612 0.491768 
0.970217 0.009928 0.009928 0.009928 
0.250000 0.250000 0.250000 0.250000 
  62
0.485771 0.006338 0.046210 
0.457481 0.987050 0.462022 
0.056748 0.006612 0.491768 
0.009928 0.009928 0.970217 0.009928 
0.250000 0.250000 0.250000 0.250000 
  63
0.485771 0.006338 0.046210 
0.457481 0.987050 0.462022 
0.056748 0.006612 0.491768 
0.967755 0.012390 0.009928 0.009928 
0.250000 0.250000 0.250000 0.250000 
  64
0.485771 0.006338 0.046210 
0.457481 0.987050 0.462022 
0.056748 0.006612 0.491768 
0.009928 0.009928 0.009928 0.970217 
0.250000 0.250000 0.250000 0.250000 
  65
0.485771 0.006338 0.046210 
0.457481 0.987050 0.462022 
0.056748 0.006612 0.491768 
0.009928 0.009928 0.009928 0.970217 
0.250000 0.250000 0.250000 0.250000 
  66
0.485771 0.006338 0.046210 
0.457481 0.987050 0.462022 
0.056748 0.006612 0.491768 
0.009928 0.009928 0.970217 0.009928 
0.250000 0.250000 0.250000 0.250000 
  67
0.485771 0.006338 0.046210 
0.457481 0.987050 0.462022 
0.056748 0.006612 0.491768 
0.009928 0.009928 0.970217 0.009928 
0.250000 0.250000 0.250000 0.250000 
  68
0.485771 0.006338 0.046210 
0.457481 0.987050 0.462022 
0.056748 0.006612 0.491768 
0.009928 0.009928 0.970217 0.009928 
0.250000 0.250000 0.250000 0.250000 
  69
0.485771 0.006338 0.046210 
0.457481 0.987050 0.462022 
0.056748 0.006612 0.491768 
0.966876 0.011536 0.009928 0.011661 
0.250000 0.250000 0.250000 0.250000 
  70
0.485771 0.006338 0.046210 
0.457481 0.987050 0.462022 
0.056748 0.006612 0.491768 
0.009928 0.009928 0.009928 0.970217 
0.250000 0.250000 0.250000 0.250000 
  71
0.485771 0.006338 0.046210 
0.457481 0.987050 0.462022 
0.056748 0.006612 0.491768 
0.970217 0.009928 0.009928 0.009928 
0.250000 0.250000 0.250000 0.250000 
  72
0.485771 0.006338 0.046210 
0.457481 0.987050 0.462022 
0.056748 0.006612 0.491768 
0.009928 0.009928 0.967914 0.012231 
0.250000 0.250000 0.250000 0.250000 
  73
0.485771 0.006338 0.046210 
0.457481 0.987050 0.462022 
0.056748 0.006612 0.491768 
0.970217 0.009928 0.009928 0.009928 
0.250000 0.250000 0.250000 0.250000 
  74
0.485771 0.006338 0.046210 
0.457481 0.987050 0.462022 
0.056748 0.006612 0.491768 
0.009928 0.009928 0.970217 0.009928 
0.250000 0.250000 0.250000 0.250000 
  75
0.485771 0.006338 0.046210 
0.457481 0.987050 0.462022 
0.056748 0.006612 0.491768 
0.013316 0.009928 0.430951 0.545806 
0.250000 0.250000 0.250000 0.250000 
  76
0.485771 0.006338 0.046210 
0.457481 0.987050 0.462022 
0.056748 0.006612 0.491768 
0.009928 0.970217 0.009928 0.009928 
0.250000 0.250000 0.250000 0.250000 
  77
0.485771 0.006338 0.046210 
0.457481 0.987050 0.462022 
0.056748 0.006612 0.491768 
0.009928 0.970217 0.009928 0.009928 
0.250000 0.250000 0.250000 0.250000 
  78
0.485771 0.006338 0.046210 
0.457481 0.987050 0.462022 
0.056748 0.006612 0.491768 
0.009928 0.009928 0.012359 0.967786 
0.250000 0.250000 0.250000 0.250000 
  79
0.485771 0.006338 0.046210 
0.457481 0.987050 0.462022 
0.056748 0.006612 0.491768 
0.009928 0.970217 0.009928 0.009928 
0.250000 0.250000 0.250000 0.250000 
  80
0.485771 0.006338 0.046210 
0.457481 0.987050 0.462022 
0.056748 0.006612 0.491768 
0.009928 0.009928 0.009928 0.970217 
0.250000 0.250000 0.250000 0.250000 
  81
0.485771 0.006338 0.046210 
0.457481 0.987050 0.462022 
0.056748 0.006612 0.491768 
0.009928 0.009928 0.016484 0.963661 
0.250000 0.250000 0.250000 0.250000 
  82
0.485771 0.006338 0.046210 
0.457481 0.987050 0.462022 
0.056748 0.006612 0.491768 
0.009928 0.009928 0.970217 0.009928 
0.250000 0.250000 0.250000 0.250000 
  83
0.485771 0.006338 0.046210 
0.457481 0.987050 0.462022 
0.056748 0.006612 0.491768 
0.009928 0.009928 0.970217 0.009928 
0.250000 0.250000 0.250000 0.250000 
  84
0.485771 0.006338 0.046210 
0.457481 0.987050 0.462022 
0.056748 0.006612 0.491768 
0.009928 0.009928 0.948042 0.032103 
0.250000 0.250000 0.250000 0.250000 
  85
0.485771 0.006338 0.046210 
0.457481 0.987050 0.462022 
0.056748 0.006612 0.491768 
0.009928 0.009928 0.970217 0.009928 
0.250000 0.250000 0.250000 0.250000 
  86
0.485771 0.006338 0.046210 
0.457481 0.987050 0.462022 
0.056748 0.006612 0.491768 
0.009928 0.009928 0.970217 0.009928 
0.250000 0.250000 0.250000 0.250000 
  87
0.485771 0.006338 0.046210 
0.457481 0.987050 0.462022 
0.056748 0.006612 0.491768 
0.009928 0.009928 0.044274 0.935871 
0.250000 0.250000 0.250000 0.250000 
  88
0.485771 0.006338 0.046210 
0.457481 0.987050 0.462022 
0.056748 0.006612 0.491768 
0.009928 0.009928 0.009928 0.970217 
0.250000 0.250000 0.250000 0.250000 
  89
0.485771 0.006338 0.046210 
0.457481 0.987050 0.462022 
0.056748 0.006612 0.491768 
0.970217 0.009928 0.009928 0.009928 
0.250000 0.250000 0.250000 0.250000 
  90
0.485771 0.006338 0.046210 
0.457481 0.987050 0.462022 
0.056748 0.006612 0.491768 
0.009928 0.009928 0.124786 0.855359 
0.250000 0.250000 0.250000 0.250000 
  91
0.485771 0.006338 0.046210 
0.457481 0.987050 0.462022 
0.056748 0.006612 0.491768 
0.009928 0.009928 0.009928 0.970217 
0.250000 0.250000 0.250000 0.250000 
  92
0.485771 0.006338 0.046210 
0.457481 0.987050 0.462022 
0.056748 0.006612 0.491768 
0.009928 0.009928 0.970217 0.009928 
0.250000 0.250000 0.250000 0.250000 
  93
0.485771 0.006338 0.046210 
0.457481 0.987050 0.462022 
0.056748 0.006612 0.491768 
0.009928 0.009928 0.848093 0.132052 
0.250000 0.250000 0.250000 0.250000 
  94
0.485771 0.006338 0.046210 
0.457481 0.987050 0.462022 
0.056748 0.006612 0.491768 
0.009928 0.009928 0.970217 0.009928 
0.250000 0.250000 0.250000 0.250000 
  95
0.485771 0.006338 0.046210 
0.457481 0.987050 0.462022 
0.056748 0.006612 0.491768 
0.970217 0.009928 0.009928 0.009928 
0.250000 0.250000 0.250000 0.250000 
  96
0.485771 0.006338 0.046210 
0.457481 0.987050 0.462022 
0.056748 0.006612 0.491768 
0.009928 0.009928 0.013357 0.966788 
0.250000 0.250000 0.250000 0.250000 
  97
0.485771 0.006338 0.046210 
0.457481 0.987050 0.462022 
0.056748 0.006612 0.491768 
0.009928 0.970217 0.009928 0.009928 
0.250000 0.250000 0.250000 0.250000 
  98
0.485771 0.006338 0.046210 
0.457481 0.987050 0.462022 
0.056748 0.006612 0.491768 
0.009928 0.970217 0.009928 0.009928 
0.250000 0.250000 0.250000 0.250000 
  99
0.485771 0.006338 0.046210 
0.457481 0.987050 0.462022 
0.056748 0.006612 0.491768 
0.970217 0.009928 0.009928 0.009928 
0.250000 0.250000 0.250000 0.250000 
 100
0.485771 0.006338 0.046210 
0.457481 0.987050 0.462022 
0.056748 0.006612 0.491768 
0.970217 0.009928 0.009928 0.009928 
0.250000 0.250000 0.250000 0.250000 
 101
0.485771 0.006338 0.046210 
0.457481 0.987050 0.462022 
0.056748 0.006612 0.491768 
0.009928 0.009928 0.970217 0.009928 
0.250000 0.250000 0.250000 0.250000 
 102
0.485771 0.006338 0.046210 
0.457481 0.987050 0.462022 
0.056748 0.006612 0.491768 
0.310432 0.669713 0.009928 0.009928 
0.250000 0.250000 0.250000 0.250000 
 103
0.485771 0.006338 0.046210 
0.457481 0.987050 0.462022 
0.056748 0.006612 0.491768 
0.009928 0.970217 0.009928 0.009928 
0.250000 0.250000 0.250000 0.250000 
 104
0.485771 0.006338 0.046210 
0.457481 0.987050 0.462022 
0.056748 0.006612 0.491768 
0.009928 0.970217 0.009928 0.009928 
0.250000 0.250000 0.250000 0.250000 
 105
0.485771 0.006338 0.046210 
0.457481 0.987050 0.462022 
0.056748 0.006612 0.491768 
0.960844 0.019301 0.009928 0.009928 
0.250000 0.250000 0.250000 0.250000 
 106
0.485771 0.006338 0.046210 
0.457481 0.987050 0.462022 
0.056748 0.006612 0.491768 
0.970217 0.009928 0.009928 0.009928 
0.250000 0.250000 0.250000 0.250000 
 107
0.485771 0.006338 0.046210 
0.457481 0.987050 0.462022 
0.056748 0.006612 0.491768 
0.009928 0.009928 0.970217 0.009928 
0.250000 0.250000 0.250000 0.250000 
 108
0.485771 0.006338 0.046210 
0.457481 0.987050 0.462022 
0.056748 0.006612 0.491768 
0.966687 0.009928 0.009928 0.013458 
0.250000 0.250000 0.250000 0.250000 
 109
0.485771 0.006338 0.046210 
0.457481 0.987050 0.462022 
0.056748 0.006612 0.491768 
0.009928 0.970217 0.009928 0.009928 
0.250000 0.250000 0.250000 0.250000 
 110
0.485771 0.006338 0.046210 
0.457481 0.987050 0.462022 
0.056748 0.006612 0.491768 
0.009928 0.970217 0.009928 0.009928 
0.250000 0.250000 0.250000 0.250000 
 111
0.485771 0.006338 0.046210 
0.457481 0.987050 0.462022 
0.056748 0.006612 0.491768 
0.009928 0.009928 0.968424 0.011721 
0.250000 0.250000 0.250000 0.250000 
 112
0.485771 0.006338 0.046210 
0.457481 0.987050 0.462022 
0.056748 0.006612 0.491768 
0.009928 0.009928 0.303205 0.676940 
0.250000 0.250000 0.250000 0.250000 
 113
0.485771 0.006338 0.046210 
0.457481 0.987050 0.462022 
0.056748 0.006612 0.491768 
0.970217 0.009928 0.009928 0.009928 
0.250000 0.250000 0.250000 0.250000 
 114
0.485771 0.006338 0.046210 
0.457481 0.987050 0.462022 
0.056748 0.006612 0.491768 
0.009928 0.009928 0.970217 0.009928 
0.250000 0.250000 0.250000 0.250000 
 115
0.485771 0.006338 0.046210 
0.457481 0.987050 0.462022 
0.056748 0.006612 0.491768 
0.970217 0.009928 0.009928 0.009928 
0.250000 0.250000 0.250000 0.250000 
 116
0.485771 0.006338 0.046210 
0.457481 0.987050 0.462022 
0.056748 0.006612 0.491768 
0.009928 0.009928 0.970217 0.009928 
0.250000 0.250000 0.250000 0.250000 
 117
0.485771 0.006338 0.046210 
0.457481 0.987050 0.462022 
0.056748 0.006612 0.491768 
0.970217 0.009928 0.009928 0.009928 
0.250000 0.250000 0.250000 0.250000 
 118
0.485771 0.006338 0.046210 
0.457481 0.987050 0.462022 
0.056748 0.006612 0.491768 
0.968395 0.011750 0.009928 0.009928 
0.250000 0.250000 0.250000 0.250000 
 119
0.485771 0.006338 0.046210 
0.457481 0.987050 0.462022 
0.056748 0.006612 0.491768 
0.009928 0.009928 0.009928 0.970217 
0.250000 0.250000 0.250000 0.250000 
 120
0.485771 0.006338 0.046210 
0.457481 0.987050 0.462022 
0.056748 0.006612 0.491768 
0.970217 0.009928 0.009928 0.009928 
0.250000 0.250000 0.250000 0.250000 
 121
0.485771 0.006338 0.046210 
0.457481 0.987050 0.462022 
0.056748 0.006612 0.491768 
0.011876 0.965140 0.013056 0.009928 
0.250000 0.250000 0.250000 0.250000 
 122
0.485771 0.006338 0.046210 
0.457481 0.987050 0.462022 
0.056748 0.006612 0.491768 
0.970217 0.009928 0.009928 0.009928 
0.250000 0.250000 0.250000 0.250000 
 123
0.485771 0.006338 0.046210 
0.457481 0.987050 0.462022 
0.056748 0.006612 0.491768 
0.009928 0.009928 0.970217 0.009928 
0.250000 0.250000 0.250000 0.250000 
 124
0.485771 0.006338 0.046210 
0.457481 0.987050 0.462022 
0.056748 0.006612 0.491768 
0.967755 0.012390 0.009928 0.009928 
0.250000 0.250000 0.250000 0.250000 
 125
0.485771 0.006338 0.046210 
0.457481 0.987050 0.462022 
0.056748 0.006612 0.491768 
0.009928 0.009928 0.970217 0.009928 
0.250000 0.250000 0.250000 0.250000 
 126
0.485771 0.006338 0.046210 
0.457481 0.987050 0.462022 
0.056748 0.006612 0.491768 
0.011445 0.009928 0.958412 0.020216 
0.250000 0.250000 0.250000 0.250000 
 127
0.485771 0.006338 0.046210 
0.457481 0.987050 0.462022 
0.056748 0.006612 0.491768 
0.009928 0.970217 0.009928 0.009928 
0.250000 0.250000 0.250000 0.250000 
 128
0.485771 0.006338 0.046210 
0.457481 0.987050 0.462022 
0.056748 0.006612 0.491768 
0.009928 0.009928 0.009928 0.970217 
0.250000 0.250000 0.250000 0.250000 
 129
0.485771 0.006338 0.046210 
0.457481 0.987050 0.462022 
0.056748 0.006612 0.491768 
0.011711 0.968434 0.009928 0.009928 
0.250000 0.250000 0.250000 0.250000 
 130
0.485771 0.006338 0.046210 
0.457481 0.987050 0.462022 
0.056748 0.006612 0.491768 
0.963589 0.016556 0.009928 0.009928 
0.250000 0.250000 0.250000 0.250000 
 131
0.485771 0.006338 0.046210 
0.457481 0.987050 0.462022 
0.056748 0.006612 0.491768 
0.009928 0.009928 0.009928 0.970217 
0.250000 0.250000 0.250000 0.250000 
 132
0.485771 0.006338 0.046210 
0.457481 0.987050 0.462022 
0.056748 0.006612 0.491768 
0.009928 0.009928 0.945806 0.034339 
0.250000 0.250000 0.250000 0.250000 
 133
0.485771 0.006338 0.046210 
0.457481 0.987050 0.462022 
0.056748 0.006612 0.491768 
0.970217 0.009928 0.009928 0.009928 
0.250000 0.250000 0.250000 0.250000 
 134
0.485771 0.006338 0.046210 
0.457481 0.987050 0.462022 
0.056748 0.006612 0.491768 
0.009928 0.970217 0.009928 0.009928 
0.250000 0.250000 0.250000 0.250000 
 135
0.485771 0.006338 0.046210 
0.457481 0.987050 0.462022 
0.056748 0.006612 0.491768 
0.968144 0.012001 0.009928 0.009928 
0.250000 0.250000 0.250000 0.250000 
 136
0.485771 0.006338 0.046210 
0.457481 0.987050 0.462022 
0.056748 0.006612 0.491768 
0.970217 0.009928 0.009928 0.009928 
0.250000 0.250000 0.250000 0.250000 
 137
0.485771 0.006338 0.046210 
0.457481 0.987050 0.462022 
0.056748 0.006612 0.491768 
0.009928 0.009928 0.970217 0.009928 
0.250000 0.250000 0.250000 0.250000 
 138
0.485771 0.006338 0.046210 
0.457481 0.987050 0.462022 
0.056748 0.006612 0.491768 
0.707540 0.267198 0.009928 0.015334 
0.250000 0.250000 0.250000 0.250000 
 139
0.485771 0.006338 0.046210 
0.457481 0.987050 0.462022 
0.056748 0.006612 0.491768 
0.009928 0.009928 0.970217 0.009928 
0.250000 0.250000 0.250000 0.250000 
 140
0.485771 0.006338 0.046210 
0.457481 0.987050 0.462022 
0.056748 0.006612 0.491768 
0.970217 0.009928 0.009928 0.009928 
0.250000 0.250000 0.250000 0.250000 
 141
0.485771 0.006338 0.046210 
0.457481 0.987050 0.462022 
0.056748 0.006612 0.491768 
0.009928 0.009928 0.027184 0.952961 
0.250000 0.250000 0.250000 0.250000 
 142
0.485771 0.006338 0.046210 
0.457481 0.987050 0.462022 
0.056748 0.006612 0.491768 
0.009928 0.970217 0.009928 0.009928 
0.250000 0.250000 0.250000 0.250000 
 143
0.485771 0.006338 0.046210 
0.457481 0.987050 0.462022 
0.056748 0.006612 0.491768 
0.970217 0.009928 0.009928 0.009928 
0.250000 0.250000 0.250000 0.250000 
 144
0.485771 0.006338 0.046210 
0.457481 0.987050 0.462022 
0.056748 0.006612 0.491768 
0.018113 0.958703 0.009928 0.013257 
0.250000 0.250000 0.250000 0.250000 
 145
0.485771 0.006338 0.046210 
0.457481 0.987050 0.462022 
0.056748 0.006612 0.491768 
0.009928 0.009928 0.009928 0.970217 
0.250000 0.250000 0.250000 0.250000 
 146
0.485771 0.006338 0.046210 
0.457481 0.987050 0.462022 
0.056748 0.006612 0.491768 
0.970217 0.009928 0.009928 0.009928 
0.250000 0.250000 0.250000 0.250000 
 147
0.485771 0.006338 0.046210 
0.457481 0.987050 0.462022 
0.056748 0.006612 0.491768 
0.009928 0.009928 0.968541 0.011604 
0.250000 0.250000 0.250000 0.250000 
 148
0.485771 0.006338 0.046210 
0.457481 0.987050 0.462022 
0.056748 0.006612 0.491768 
0.009928 0.009928 0.009928 0.970217 
0.250000 0.250000 0.250000 0.250000 
 149
0.485771 0.006338 0.046210 
0.457481 0.987050 0.462022 
0.056748 0.006612 0.491768 
0.009928 0.009928 0.970217 0.009928 
0.250000 0.250000 0.250000 0.250000 
 150
0.485771 0.006338 0.046210 
0.457481 0.987050 0.462022 
0.056748 0.006612 0.491768 
0.663978 0.312162 0.009928 0.013932 
0.250000 0.250000 0.250000 0.250000 
 151
0.485771 0.006338 0.046210 
0.457481 0.987050 0.462022 
0.056748 0.006612 0.491768 
0.967755 0.009928 0.009928 0.012390 
0.250000 0.250000 0.250000 0.250000 
 152
0.485771 0.006338 0.046210 
0.457481 0.987050 0.462022 
0.056748 0.006612 0.491768 
0.964993 0.015121 0.009943 0.009943 
0.250000 0.250000 0.250000 0.250000 
 153
0.485771 0.006338 0.046210 
0.457481 0.987050 0.462022 
0.056748 0.006612 0.491768 
0.009928 0.009928 0.862290 0.117855 
0.250000 0.250000 0.250000 0.250000 
 154
0.485771 0.006338 0.046210 
0.457481 0.987050 0.462022 
0.056748 0.006612 0.491768 
0.970217 0.009928 0.009928 0.009928 
0.250000 0.250000 0.250000 0.250000 
 155
0.485771 0.006338 0.046210 
0.457481 0.987050 0.462022 
0.056748 0.006612 0.491768 
0.966605 0.013540 0.009928 0.009928 
0.250000 0.250000 0.250000 0.250000 
 156
0.485771 0.006338 0.046210 
0.457481 0.987050 0.462022 
0.056748 0.006612 0.491768 
0.252855 0.727290 0.009928 0.009928 
0.250000 0.250000 0.250000 0.250000 
 157
0.485771 0.006338 0.046210 
0.457481 0.987050 0.462022 
0.056748 0.006612 0.491768 
0.009928 0.970217 0.009928 0.009928 
0.250000 0.250000 0.250000 0.250000 
 158
0.485771 0.006338 0.046210 
0.457481 0.987050 0.462022 
0.056748 0.006612 0.491768 
0.009928 0.970217 0.009928 0.009928 
0.250000 0.250000 0.250000 0.250000 
 159
0.485771 0.006338 0.046210 
0.457481 0.987050 0.462022 
0.056748 0.006612 0.491768 
0.491784 0.488361 0.009928 0.009928 
0.250000 0.250000 0.250000 0.250000 
 160
0.485771 0.006338 0.046210 
0.457481 0.987050 0.462022 
0.056748 0.006612 0.491768 
0.970217 0.009928 0.009928 0.009928 
0.250000 0.250000 0.250000 0.250000 
 161
0.485771 0.006338 0.046210 
0.457481 0.987050 0.462022 
0.056748 0.006612 0.491768 
0.951571 0.028538 0.009945 0.009945 
0.250000 0.250000 0.250000 0.250000 
 162
0.485771 0.006338 0.046210 
0.457481 0.987050 0.462022 
0.056748 0.006612 0.491768 
0.968328 0.011817 0.009928 0.009928 
0.250000 0.250000 0.250000 0.250000 
 163
0.485771 0.006338 0.046210 
0.457481 0.987050 0.462022 
0.056748 0.006612 0.491768 
0.011466 0.011811 0.966796 0.009928 
0.250000 0.250000 0.250000 0.250000 
 164
0.485771 0.006338 0.046210 
0.457481 0.987050 0.462022 
0.056748 0.006612 0.491768 
0.970217 0.009928 0.009928 0.009928 
0.250000 0.250000 0.250000 0.250000 
 165
0.485771 0.006338 0.046210 
0.457481 0.987050 0.462022 
0.056748 0.006612 0.491768 
0.158791 0.819611 0.009928 0.011670 
0.250000 0.250000 0.250000 0.250000 
 166
0.485771 0.006338 0.046210 
0.457481 0.987050 0.462022 
0.056748 0.006612 0.491768 
0.009928 0.009928 0.009928 0.970217 
0.250000 0.250000 0.250000 0.250000 
 167
0.485771 0.006338 0.046210 
0.457481 0.987050 0.462022 
0.056748 0.006612 0.491768 
0.970217 0.009928 0.009928 0.009928 
0.250000 0.250000 0.250000 0.250000 
 168
0.485771 0.006338 0.046210 
0.457481 0.987050 0.462022 
0.056748 0.006612 0.491768 
0.009944 0.009944 0.571915 0.408197 
0.250000 0.250000 0.250000 0.250000 
 169
0.485771 0.006338 0.046210 
0.457481 0.987050 0.462022 
0.056748 0.006612 0.491768 
0.540343 0.406714 0.043016 0.009928 
0.250000 0.250000 0.250000 0.250000 
 170
0.485771 0.006338 0.046210 
0.457481 0.987050 0.462022 
0.056748 0.006612 0.491768 
0.009928 0.009928 0.009928 0.970217 
0.250000 0.250000 0.250000 0.250000 
 171
0.485771 0.006338 0.046210 
0.457481 0.987050 0.462022 
0.056748 0.006612 0.491768 
0.009928 0.009928 0.100548 0.879596 
0.250000 0.250000 0.250000 0.250000 
 172
0.485771 0.006338 0.046210 
0.457481 0.987050 0.462022 
0.056748 0.006612 0.491768 
0.009928 0.009928 0.009928 0.970217 
0.250000 0.250000 0.250000 0.250000 
 173
0.485771 0.006338 0.046210 
0.457481 0.987050 0.462022 
0.056748 0.006612 0.491768 
0.009928 0.009928 0.970217 0.009928 
0.250000 0.250000 0.250000 0.250000 
 174
0.485771 0.006338 0.046210 
0.457481 0.987050 0.462022 
0.056748 0.006612 0.491768 
0.009928 0.009928 0.012270 0.967875 
0.250000 0.250000 0.250000 0.250000 
 175
0.485771 0.006338 0.046210 
0.457481 0.987050 0.462022 
0.056748 0.006612 0.491768 
0.009928 0.970217 0.009928 0.009928 
0.250000 0.250000 0.250000 0.250000 
 176
0.485771 0.006338 0.046210 
0.457481 0.987050 0.462022 
0.056748 0.006612 0.491768 
0.968577 0.011568 0.009928 0.009928 
0.250000 0.250000 0.250000 0.250000 
 177
0.485771 0.006338 0.046210 
0.457481 0.987050 0.462022 
0.056748 0.006612 0.491768 
0.009928 0.009928 0.410238 0.569907 
0.250000 0.250000 0.250000 0.250000 
 178
0.485771 0.006338 0.046210 
0.457481 0.987050 0.462022 
0.056748 0.006612 0.491768 
0.427653 0.552492 0.009928 0.009928 
0.250000 0.250000 0.250000 0.250000 
 179
0.485771 0.006338 0.046210 
0.457481 0.987050 0.462022 
0.056748 0.006612 0.491768 
0.009928 0.009928 0.009928 0.970217 
0.250000 0.250000 0.250000 0.250000 
 180
0.485771 0.006338 0.046210 
0.457481 0.987050 0.462022 
0.056748 0.006612 0.491768 
0.009928 0.009928 0.405379 0.574766 
0.250000 0.250000 0.250000 0.250000 
 181
0.485771 0.006338 0.046210 
0.457481 0.987050 0.462022 
0.056748 0.006612 0.491768 
0.970217 0.009928 0.009928 0.009928 
0.250000 0.250000 0.250000 0.250000 
 182
0.485771 0.006338 0.046210 
0.457481 0.987050 0.462022 
0.056748 0.006612 0.491768 
0.009928 0.009928 0.970217 0.009928 
0.250000 0.250000 0.250000 0.250000 
 183
0.485771 0.006338 0.046210 
0.457481 0.987050 0.462022 
0.056748 0.006612 0.491768 
0.968457 0.009928 0.011688 0.009928 
0.250000 0.250000 0.250000 0.250000 
 184
0.485771 0.006338 0.046210 
0.457481 0.987050 0.462022 
0.056748 0.006612 0.491768 
0.009928 0.970217 0.009928 0.009928 
0.250000 0.250000 0.250000 0.250000 
 185
0.485771 0.006338 0.046210 
0.457481 0.987050 0.462022 
0.056748 0.006612 0.491768 
0.009928 0.970217 0.009928 0.009928 
0.250000 0.250000 0.250000 0.250000 
 186
0.485771 0.006338 0.046210 
0.457481 0.987050 0.462022 
0.056748 0.006612 0.491768 
0.964994 0.015151 0.009928 0.009928 
0.250000 0.250000 0.250000 0.250000 
 187
0.485771 0.006338 0.046210 
0.457481 0.987050 0.462022 
0.056748 0.006612 0.491768 
0.009928 0.009928 0.009928 0.970217 
0.250000 0.250000 0.250000 0.250000 
 188
0.485771 0.006338 0.046210 
0.457481 0.987050 0.462022 
0.056748 0.006612 0.491768 
0.009928 0.970217 0.009928 0.009928 
0.250000 0.250000 0.250000 0.250000 
 189
0.485771 0.006338 0.046210 
0.457481 0.987050 0.462022 
0.056748 0.006612 0.491768 
0.009928 0.009928 0.525126 0.455019 
0.250000 0.250000 0.250000 0.250000 
 190
0.485771 0.006338 0.046210 
0.457481 0.987050 0.462022 
0.056748 0.006612 0.491768 
0.948742 0.031403 0.009928 0.009928 
0.250000 0.250000 0.250000 0.250000 
 191
0.485771 0.006338 0.046210 
0.457481 0.987050 0.462022 
0.056748 0.006612 0.491768 
0.009928 0.009928 0.952961 0.027184 
0.250000 0.250000 0.250000 0.250000 
 192
0.485771 0.006338 0.046210 
0.457481 0.987050 0.462022 
0.056748 0.006612 0.491768 
0.967875 0.012270 0.009928 0.009928 
0.250000 0.250000 0.250000 0.250000 
 193
0.485771 0.006338 0.046210 
0.457481 0.987050 0.462022 
0.056748 0.006612 0.491768 
0.970217 0.009928 0.009928 0.009928 
0.250000 0.250000 0.250000 0.250000 
 194
0.485771 0.006338 0.046210 
0.457481 0.987050 0.462022 
0.056748 0.006612 0.491768 
0.009928 0.009928 0.009928 0.970217 
0.250000 0.250000 0.250000 0.250000 
 195
0.485771 0.006338 0.046210 
0.457481 0.987050 0.462022 
0.056748 0.006612 0.491768 
0.009928 0.970217 0.009928 0.009928 
0.250000 0.250000 0.250000 0.250000 
 196
0.474326 0.006338 0.046210 
0.468926 0.987050 0.462022 
0.057405 0.006605 0.491768 
0.142250 0.837931 0.009910 0.009910 
0.250000 0.250000 0.250000 0.250000 
 197
0.479817 0.006331 0.046210 
0.462778 0.987065 0.462022 
0.057405 0.006605 0.491768 
0.009910 0.009910 0.009910 0.970271 
0.250000 0.250000 0.250000 0.250000 
 198
0.479817 0.006331 0.046210 
0.462778 0.987065 0.462022 
0.057405 0.006605 0.491768 
0.970271 0.009910 0.009910 0.009910 
0.250000 0.250000 0.250000 0.250000 
 199
0.479817 0.006331 0.046210 
0.462778 0.987065 0.462022 
0.057405 0.006605 0.491768 
0.009910 0.967148 0.009910 0.013033 
0.250000 0.250000 0.250000 0.250000 
 200
0.479817 0.006331 0.046210 
0.462778 0.987065 0.462022 
0.057405 0.006605 0.491768 
0.970271 0.009910 0.009910 0.009910 
0.250000 0.250000 0.250000 0.250000 
 201
0.479817 0.006331 0.046210 
0.462778 0.987065 0.462022 
0.057405 0.006605 0.491768 
0.009910 0.009910 0.069914 0.910267 
0.250000 0.250000 0.250000 0.250000 
 202
0.479817 0.006331 0.046210 
0.462778 0.987065 0.462022 
0.057405 0.006605 0.491768 
0.009910 0.009910 0.970271 0.009910 
0.250000 0.250000 0.250000 0.250000 
 203
0.479817 0.006331 0.046210 
0.462778 0.987065 0.462022 
0.057405 0.006605 0.491768 
0.009910 0.009910 0.970271 0.009910 
0.250000 0.250000 0.250000 0.250000 
 204
0.479817 0.006331 0.046210 
0.462778 0.987065 0.462022 
0.057405 0.006605 0.491768 
0.968620 0.011561 0.009910 0.009910 
0.250000 0.250000 0.250000 0.250000 
 205
0.479817 0.006331 0.046210 
0.462778 0.987065 0.462022 
0.057405 0.006605 0.491768 
0.970271 0.009910 0.009910 0.009910 
0.250000 0.250000 0.250000 0.250000 
 206
0.479817 0.006331 0.046210 
0.462778 0.987065 0.462022 
0.057405 0.006605 0.491768 
0.009910 0.009910 0.923563 0.056618 
0.250000 0.250000 0.250000 0.250000 
 207
0.479817 0.006331 0.046210 
0.462778 0.987065 0.462022 
0.057405 0.006605 0.491768 
0.954539 0.009910 0.011789 0.023762 
0.250000 0.250000 0.250000 0.250000 
 208
0.479817 0.006331 0.046210 
0.462778 0.987065 0.462022 
0.057405 0.006605 0.491768 
0.970271 0.009910 0.009910 0.009910 
0.250000 0.250000 0.250000 0.250000 
 209
0.479817 0.006331 0.046210 
0.462778 0.987065 0.462022 
0.057405 0.006605 0.491768 
0.970271 0.009910 0.009910 0.009910 
0.250000 0.250000 0.250000 0.250000 
 210
0.479817 0.006331 0.046210 
0.462778 0.987065 0.462022 
0.057405 0.006605 0.491768 
0.009910 0.009910 0.029754 0.950427 
0.250000 0.250000 0.250000 0.250000 
 211
0.479817 0.006331 0.046210 
0.462778 0.987065 0.462022 
0.057405 0.006605 0.491768 
0.009910 0.970271 0.009910 0.009910 
0.250000 0.250000 0.250000 0.250000 
 212
0.479817 0.006331 0.046210 
0.462778 0.987065 0.462022 
0.057405 0.006605 0.491768 
0.009910 0.970271 0.009910 0.009910 
0.250000 0.250000 0.250000 0.250000 
 213
0.479817 0.006331 0.046210 
0.462778 0.987065 0.462022 
0.057405 0.006605 0.491768 
0.614212 0.245180 0.130698 0.009910 
0.250000 0.250000 0.250000 0.250000 
 214
0.479817 0.006331 0.046210 
0.462778 0.987065 0.462022 
0.057405 0.006605 0.491768 
0.009910 0.009910 0.970271 0.009910 
0.250000 0.250000 0.250000 0.250000 
 215
0.479817 0.006331 0.046210 
0.462778 0.987065 0.462022 
0.057405 0.006605 0.491768 
0.009910 0.009910 0.970271 0.009910 
0.250000 0.250000 0.250000 0.250000 
 216
0.479817 0.006331 0.046210 
0.462778 0.987065 0.462022 
0.057405 0.006605 0.491768 
0.968454 0.011727 0.009910 0.009910 
0.250000 0.250000 0.250000 0.250000 
 217
0.479817 0.006331 0.046210 
0.462778 0.987065 0.462022 
0.057405 0.006605 0.491768 
0.009910 0.009910 0.009910 0.970271 
0.250000 0.250000 0.250000 0.250000 
 218
0.479817 0.006331 0.046210 
0.462778 0.987065 0.462022 
0.057405 0.006605 0.491768 
0.009910 0.009910 0.009910 0.970271 
0.250000 0.250000 0.250000 0.250000 
 219
0.479817 0.006331 0.046210 
0.462778 0.987065 0.462022 
0.057405 0.006605 0.491768 
0.963377 0.016804 0.009910 0.009910 
0.250000 0.250000 0.250000 0.250000 
 220
0.479817 0.006331 0.046210 
0.462778 0.987065 0.462022 
0.057405 0.006605 0.491768 
0.009910 0.009910 0.970271 0.009910 
0.250000 0.250000 0.250000 0.250000 
 221
0.479817 0.006331 0.046210 
0.462778 0.987065 0.462022 
0.057405 0.006605 0.491768 
0.009910 0.009910 0.970271 0.009910 
0.250000 0.250000 0.250000 0.250000 
 222
0.479817 0.006331 0.046210 
0.462778 0.987065 0.462022 
0.057405 0.006605 0.491768 
0.014851 0.009910 0.827352 0.147888 
0.250000 0.250000 0.250000 0.250000 
 223
0.479817 0.006331 0.046210 
0.462778 0.987065 0.462022 
0.057405 0.006605 0.491768 
0.009910 0.970271 0.009910 0.009910 
0.250000 0.250000 0.250000 0.250000 
 224
0.479817 0.006331 0.046210 
0.462778 0.987065 0.462022 
0.057405 0.006605 0.491768 
0.970271 0.009910 0.009910 0.009910 
0.250000 0.250000 0.250000 0.250000 
 225
0.479817 0.006331 0.046210 
0.462778 0.987065 0.462022 
0.057405 0.006605 0.491768 
0.961316 0.018864 0.009910 0.009910 
0.250000 0.250000 0.250000 0.250000 
 226
0.479817 0.006331 0.046210 
0.462778 0.987065 0.462022 
0.057405 0.006605 0.491768 
0.009910 0.970271 0.009910 0.009910 
0.250000 0.250000 0.250000 0.250000 
 227
0.479817 0.006331 0.046210 
0.462778 0.987065 0.462022 
0.057405 0.006605 0.491768 
0.970271 0.009910 0.009910 0.009910 
0.250000 0.250000 0.250000 0.250000 
 228
0.479817 0.006331 0.046210 
0.462778 0.987065 0.462022 
0.057405 0.006605 0.491768 
0.009910 0.009910 0.461616 0.518565 
0.250000 0.250000 0.250000 0.250000 
 229
0.479817 0.006331 0.046210 
0.462778 0.987065 0.462022 
0.057405 0.006605 0.491768 
0.970271 0.009910 0.009910 0.009910 
0.250000 0.250000 0.250000 0.250000 
 230
0.479817 0.006331 0.046210 
0.462778 0.987065 0.462022 
0.057405 0.006605 0.491768 
0.970271 0.009910 0.009910 0.009910 
0.250000 0.250000 0.250000 0.250000 
 231
0.479817 0.006331 0.046210 
0.462778 0.987065 0.462022 
0.057405 0.006605 0.491768 
0.009910 0.009910 0.009910 0.970271 
0.250000 0.250000 0.250000 0.250000 
 232
0.479817 0.006331 0.046210 
0.462778 0.987065 0.462022 
0.057405 0.006605 0.491768 
0.009910 0.970271 0.009910 0.009910 
0.250000 0.250000 0.250000 0.250000 
 233
0.479817 0.006331 0.046210 
0.462778 0.987065 0.462022 
0.057405 0.006605 0.491768 
0.970271 0.009910 0.009910 0.009910 
0.250000 0.250000 0.250000 0.250000 
 234
0.479817 0.006331 0.046210 
0.462778 0.987065 0.462022 
0.057405 0.006605 0.491768 
0.027135 0.949923 0.009910 0.013033 
0.250000 0.250000 0.250000 0.250000 
 235
0.479817 0.006331 0.046210 
0.462778 0.987065 0.462022 
0.057405 0.006605 0.491768 
0.009910 0.009910 0.970271 0.009910 
0.250000 0.250000 0.250000 0.250000 
 236
