%  SAM: /scicomp/home/vfn4/Tools/LABEL_RES/scripts/modelfromalign v3.5 (July 15, 2005) compiled 12/08/06_16:15:55
%  (c) 1992-2001 Regents of the University of California, Santa Cruz
%
%          Sequence Alignment and Modeling Software System
%         http://www.cse.ucsc.edu/research/compbio/sam.html
%
% ----------------- Citations (SAM, SAM-T2K, HMMs) --------------------
% R. Hughey, A. Krogh, Hidden Markov models for sequence analysis:
%  Extension and analysis of the basic method, CABIOS 12:95-107, 1996.
% K. Karplus, et al., What is the value added by human intervention in protein
%  structure prediction, Proteins: Stucture, Function, Genetics 45(S5):86--91, 2001.
% A. Krogh et al., Hidden Markov models in computational biology:
%  Applications to protein modeling, JMB 235:1501-1531, Feb 1994.
% ---------------------------------------------------------------------
%  A_HA_H6_hmm   Host: node5.aspen.biotech.cdc.gov    Thu Jun  5 17:05:03 2014
%  vfn4          Dir:  /scicomp/home/vfn4/IRMA/train2
% ---------------------------------------------------------------------
%  Alignment weights from internal calc.  Total (36.44) Max (0.16) Min (0.02)
%  Weights from alignment method 1 (karplus), b=-1.000000, e=0.500000
MODEL --  Model from alignment file /scicomp/home/vfn4/Tools/LABEL_RES/training_data/IRMA/A_HA_H6.fasta
alphabet DNA
FREQAVE
0.000000 0.000000 0.000000 
0.000000 0.000000 0.000000 
0.000000 0.000000 0.000000 
0.337313 0.239394 0.176528 0.246764 
0.337313 0.239394 0.176528 0.246764 
Begin
0.000000 0.000000 0.000000 
0.000000 0.000000 0.000000 
0.000000 0.005068 0.491768 
0.250000 0.250000 0.250000 0.250000 
0.250000 0.250000 0.250000 0.250000 
   1
0.000000 0.088524 0.046210 
0.000000 0.906408 0.462022 
0.027122 0.005530 0.491768 
0.977307 0.007564 0.007564 0.007564 
0.250000 0.250000 0.250000 0.250000 
   2
0.754234 0.005301 0.046210 
0.218645 0.989169 0.462022 
0.027122 0.005530 0.491768 
0.007564 0.007564 0.007564 0.977307 
0.250000 0.250000 0.250000 0.250000 
   3
0.754234 0.005301 0.046210 
0.218645 0.989169 0.462022 
0.027122 0.005530 0.491768 
0.007564 0.977307 0.007564 0.007564 
0.250000 0.250000 0.250000 0.250000 
   4
0.730116 0.005301 0.046210 
0.242762 0.989169 0.462022 
0.027792 0.005507 0.491768 
0.977444 0.007519 0.007519 0.007519 
0.250000 0.250000 0.250000 0.250000 
   5
0.748160 0.005279 0.046210 
0.224048 0.989214 0.462022 
0.027792 0.005507 0.491768 
0.007519 0.007519 0.007519 0.977444 
0.250000 0.250000 0.250000 0.250000 
   6
0.748160 0.005279 0.046210 
0.224048 0.989214 0.462022 
0.027792 0.005507 0.491768 
0.007519 0.007519 0.007519 0.977444 
0.250000 0.250000 0.250000 0.250000 
   7
0.745473 0.005279 0.046210 
0.226735 0.989214 0.462022 
0.027867 0.005505 0.491768 
0.007514 0.977459 0.007514 0.007514 
0.250000 0.250000 0.250000 0.250000 
   8
0.747481 0.005277 0.046210 
0.224652 0.989218 0.462022 
0.027867 0.005505 0.491768 
0.008456 0.007514 0.976517 0.007514 
0.250000 0.250000 0.250000 0.250000 
   9
0.738668 0.005277 0.046210 
0.233465 0.989218 0.462022 
0.028115 0.005497 0.491768 
0.975809 0.007497 0.009196 0.007497 
0.250000 0.250000 0.250000 0.250000 
  10
0.710248 0.005269 0.046210 
0.261638 0.989234 0.462022 
0.029134 0.005465 0.491768 
0.769436 0.008288 0.031071 0.191205 
0.250000 0.250000 0.250000 0.250000 
  11
0.735999 0.005238 0.046210 
0.234867 0.989297 0.462022 
0.029134 0.005465 0.491768 
0.007435 0.007435 0.007435 0.977695 
0.250000 0.250000 0.250000 0.250000 
  12
0.729546 0.005238 0.046210 
0.241320 0.989297 0.462022 
0.029323 0.005459 0.491768 
0.014403 0.007424 0.962242 0.015931 
0.250000 0.250000 0.250000 0.250000 
  13
0.731048 0.005233 0.046210 
0.239629 0.989308 0.462022 
0.029418 0.005457 0.491768 
0.964746 0.014702 0.011462 0.009089 
0.250000 0.250000 0.250000 0.250000 
  14
0.703057 0.005230 0.046210 
0.267524 0.989313 0.462022 
0.030340 0.005431 0.491768 
0.010854 0.007367 0.008262 0.973516 
0.250000 0.250000 0.250000 0.250000 
  15
0.718237 0.005206 0.046210 
0.251424 0.989364 0.462022 
0.030549 0.005425 0.491768 
0.143973 0.008060 0.108192 0.739774 
0.250000 0.250000 0.250000 0.250000 
  16
0.712901 0.005200 0.046210 
0.256550 0.989375 0.462022 
0.030866 0.005417 0.491768 
0.333296 0.651142 0.007340 0.008222 
0.250000 0.250000 0.250000 0.250000 
  17
0.702012 0.005192 0.046210 
0.267123 0.989391 0.462022 
0.031441 0.005402 0.491768 
0.007311 0.011379 0.015570 0.965739 
0.250000 0.250000 0.250000 0.250000 
  18
0.635735 0.005178 0.046210 
0.332824 0.989420 0.462022 
0.034151 0.005340 0.491768 
0.936441 0.033392 0.007191 0.022975 
0.250000 0.250000 0.250000 0.250000 
  19
0.657316 0.005119 0.046210 
0.308533 0.989541 0.462022 
0.035325 0.005317 0.491768 
0.840221 0.016419 0.122875 0.020485 
0.250000 0.250000 0.250000 0.250000 
  20
0.668246 0.005096 0.046210 
0.296429 0.989587 0.462022 
0.035741 0.005309 0.491768 
0.007131 0.007131 0.007131 0.978607 
0.250000 0.250000 0.250000 0.250000 
  21
0.672502 0.005089 0.046210 
0.291757 0.989603 0.462022 
0.035871 0.005306 0.491768 
0.844108 0.069149 0.021907 0.064835 
0.250000 0.250000 0.250000 0.250000 
  22
0.623112 0.005086 0.046210 
0.341017 0.989607 0.462022 
0.037832 0.005272 0.491768 
0.116216 0.869662 0.007061 0.007061 
0.250000 0.250000 0.250000 0.250000 
  23
0.635250 0.005053 0.046210 
0.326918 0.989675 0.462022 
0.038681 0.005258 0.491768 
0.007035 0.007035 0.936189 0.049742 
0.250000 0.250000 0.250000 0.250000 
  24
0.637451 0.005530 0.046210 
0.323868 0.989211 0.462022 
0.038984 0.005254 0.491768 
0.232821 0.753128 0.007026 0.007026 
0.250000 0.250000 0.250000 0.250000 
  25
0.631371 0.005036 0.046210 
0.329645 0.989711 0.462022 
0.039593 0.005244 0.491768 
0.956402 0.029582 0.007008 0.007008 
0.250000 0.250000 0.250000 0.250000 
  26
0.641225 0.005027 0.046210 
0.319182 0.989729 0.462022 
0.039593 0.005244 0.491768 
0.007008 0.007008 0.036413 0.949571 
0.250000 0.250000 0.250000 0.250000 
  27
0.627132 0.005027 0.046210 
0.333275 0.989729 0.462022 
0.040159 0.005236 0.491768 
0.920556 0.064097 0.006992 0.008355 
0.250000 0.250000 0.250000 0.250000 
  28
0.598457 0.005019 0.046210 
0.361385 0.989745 0.462022 
0.041730 0.005214 0.491768 
0.008382 0.124500 0.488180 0.378939 
0.250000 0.250000 0.250000 0.250000 
  29
0.606900 0.004998 0.046210 
0.351370 0.989787 0.462022 
0.042363 0.005206 0.491768 
0.006936 0.006936 0.006936 0.979193 
0.250000 0.250000 0.250000 0.250000 
  30
0.612204 0.004990 0.046210 
0.345432 0.989804 0.462022 
0.042530 0.005204 0.491768 
0.008168 0.977968 0.006932 0.006932 
0.250000 0.250000 0.250000 0.250000 
  31
0.605443 0.004988 0.046210 
0.352027 0.989808 0.462022 
0.042923 0.005199 0.491768 
0.009951 0.974973 0.008153 0.006922 
0.250000 0.250000 0.250000 0.250000 
  32
0.539017 0.004984 0.046210 
0.418060 0.989817 0.462022 
0.046255 0.005161 0.491768 
0.006850 0.006850 0.614807 0.371492 
0.250000 0.250000 0.250000 0.250000 
  33
0.569968 0.004947 0.046210 
0.383777 0.989892 0.462022 
0.046764 0.005155 0.491768 
0.830565 0.023484 0.139111 0.006841 
0.250000 0.250000 0.250000 0.250000 
  34
0.568905 0.004942 0.046210 
0.384331 0.989903 0.462022 
0.047110 0.005152 0.491768 
0.227044 0.593177 0.006834 0.172945 
0.250000 0.250000 0.250000 0.250000 
  35
0.562231 0.004938 0.046210 
0.390659 0.989910 0.462022 
0.047628 0.005147 0.491768 
0.008624 0.006824 0.974939 0.009613 
0.250000 0.250000 0.250000 0.250000 
  36
0.564006 0.004933 0.046210 
0.388366 0.989920 0.462022 
0.047839 0.005145 0.491768 
0.675640 0.123894 0.006820 0.193646 
0.250000 0.250000 0.250000 0.250000 
  37
0.560557 0.004931 0.046210 
0.391604 0.989924 0.462022 
0.048125 0.005142 0.491768 
0.443438 0.537034 0.011380 0.008148 
0.250000 0.250000 0.250000 0.250000 
  38
0.563910 0.004929 0.046210 
0.387965 0.989929 0.462022 
0.048125 0.005142 0.491768 
0.007971 0.006815 0.978399 0.006815 
0.250000 0.250000 0.250000 0.250000 
  39
0.554698 0.004929 0.046210 
0.397177 0.989929 0.462022 
0.048572 0.005138 0.491768 
0.008626 0.006807 0.976843 0.007724 
0.250000 0.250000 0.250000 0.250000 
  40
0.538539 0.004925 0.046210 
0.412889 0.989938 0.462022 
0.049630 0.005128 0.491768 
0.134310 0.852113 0.006789 0.006789 
0.250000 0.250000 0.250000 0.250000 
  41
0.550269 0.004915 0.046210 
0.400101 0.989957 0.462022 
0.049630 0.005128 0.491768 
0.006789 0.978762 0.006789 0.007660 
0.250000 0.250000 0.250000 0.250000 
  42
0.550269 0.004915 0.046210 
0.400101 0.989957 0.462022 
0.049630 0.005128 0.491768 
0.771566 0.033139 0.134310 0.060986 
0.250000 0.250000 0.250000 0.250000 
  43
0.530209 0.004915 0.046210 
0.420160 0.989957 0.462022 
0.050646 0.005119 0.491768 
0.976210 0.010246 0.006772 0.006772 
0.250000 0.250000 0.250000 0.250000 
  44
0.541063 0.004907 0.046210 
0.408291 0.989975 0.462022 
0.050646 0.005119 0.491768 
0.808131 0.178325 0.006772 0.006772 
0.250000 0.250000 0.250000 0.250000 
  45
0.526323 0.004907 0.046210 
0.423031 0.989975 0.462022 
0.051404 0.005112 0.491768 
0.397473 0.589007 0.006760 0.006760 
0.250000 0.250000 0.250000 0.250000 
  46
0.529978 0.004900 0.046210 
0.418618 0.989987 0.462022 
0.051622 0.005110 0.491768 
0.007902 0.006757 0.015447 0.969895 
0.250000 0.250000 0.250000 0.250000 
  47
0.521981 0.004899 0.046210 
0.426397 0.989991 0.462022 
0.052156 0.005106 0.491768 
0.006748 0.007662 0.978841 0.006748 
0.250000 0.250000 0.250000 0.250000 
  48
0.527383 0.004894 0.046210 
0.420461 0.989999 0.462022 
0.052156 0.005106 0.491768 
0.894566 0.086452 0.006748 0.012234 
0.250000 0.250000 0.250000 0.250000 
  49
0.518001 0.004894 0.046210 
0.429843 0.989999 0.462022 
0.052650 0.005102 0.491768 
0.009808 0.973307 0.010144 0.006741 
0.250000 0.250000 0.250000 0.250000 
  50
0.516568 0.004891 0.046210 
0.430782 0.990007 0.462022 
0.052986 0.005099 0.491768 
0.978199 0.008329 0.006736 0.006736 
0.250000 0.250000 0.250000 0.250000 
  51
0.507957 0.004888 0.046210 
0.439057 0.990012 0.462022 
0.053624 0.005095 0.491768 
0.006727 0.006727 0.951379 0.035167 
0.250000 0.250000 0.250000 0.250000 
  52
0.508521 0.004883 0.046210 
0.437855 0.990022 0.462022 
0.053924 0.005092 0.491768 
0.977785 0.008769 0.006723 0.006723 
0.250000 0.250000 0.250000 0.250000 
  53
0.511362 0.004881 0.046210 
0.434714 0.990027 0.462022 
0.053924 0.005092 0.491768 
0.877273 0.109281 0.006723 0.006723 
0.250000 0.250000 0.250000 0.250000 
  54
0.511362 0.004881 0.046210 
0.434714 0.990027 0.462022 
0.053924 0.005092 0.491768 
0.059992 0.926563 0.006723 0.006723 
0.250000 0.250000 0.250000 0.250000 
  55
0.511362 0.004881 0.046210 
0.434714 0.990027 0.462022 
0.053924 0.005092 0.491768 
0.979832 0.006723 0.006723 0.006723 
0.250000 0.250000 0.250000 0.250000 
  56
0.511362 0.004881 0.046210 
0.434714 0.990027 0.462022 
0.053924 0.005092 0.491768 
0.006723 0.006723 0.006723 0.979832 
0.250000 0.250000 0.250000 0.250000 
  57
0.511362 0.004881 0.046210 
0.434714 0.990027 0.462022 
0.053924 0.005092 0.491768 
0.281911 0.006723 0.652812 0.058555 
0.250000 0.250000 0.250000 0.250000 
  58
0.511362 0.004881 0.046210 
0.434714 0.990027 0.462022 
0.053924 0.005092 0.491768 
0.006723 0.006723 0.006723 0.979832 
0.250000 0.250000 0.250000 0.250000 
  59
0.511362 0.004881 0.046210 
0.434714 0.990027 0.462022 
0.053924 0.005092 0.491768 
0.006723 0.979832 0.006723 0.006723 
0.250000 0.250000 0.250000 0.250000 
  60
0.511362 0.004881 0.046210 
0.434714 0.990027 0.462022 
0.053924 0.005092 0.491768 
0.006723 0.006723 0.959751 0.026803 
0.250000 0.250000 0.250000 0.250000 
  61
0.511362 0.004881 0.046210 
0.434714 0.990027 0.462022 
0.053924 0.005092 0.491768 
0.971633 0.014922 0.006723 0.006723 
0.250000 0.250000 0.250000 0.250000 
  62
0.511362 0.004881 0.046210 
0.434714 0.990027 0.462022 
0.053924 0.005092 0.491768 
0.006723 0.006723 0.006723 0.979832 
0.250000 0.250000 0.250000 0.250000 
  63
0.511362 0.004881 0.046210 
0.434714 0.990027 0.462022 
0.053924 0.005092 0.491768 
0.009192 0.006723 0.145953 0.838133 
0.250000 0.250000 0.250000 0.250000 
  64
0.511362 0.004881 0.046210 
0.434714 0.990027 0.462022 
0.053924 0.005092 0.491768 
0.006723 0.979832 0.006723 0.006723 
0.250000 0.250000 0.250000 0.250000 
  65
0.504529 0.004881 0.046210 
0.441547 0.990027 0.462022 
0.054295 0.005089 0.491768 
0.006717 0.976791 0.006717 0.009774 
0.250000 0.250000 0.250000 0.250000 
  66
0.508000 0.004879 0.046210 
0.437705 0.990032 0.462022 
0.054295 0.005089 0.491768 
0.483670 0.395423 0.006717 0.114190 
0.250000 0.250000 0.250000 0.250000 
  67
0.508000 0.004879 0.046210 
0.437705 0.990032 0.462022 
0.054295 0.005089 0.491768 
0.006717 0.006717 0.006717 0.979848 
0.250000 0.250000 0.250000 0.250000 
  68
0.508000 0.004879 0.046210 
0.437705 0.990032 0.462022 
0.054295 0.005089 0.491768 
0.978885 0.006717 0.006717 0.007680 
0.250000 0.250000 0.250000 0.250000 
  69
0.508000 0.004879 0.046210 
0.437705 0.990032 0.462022 
0.054295 0.005089 0.491768 
0.006717 0.006717 0.212857 0.773708 
0.250000 0.250000 0.250000 0.250000 
  70
0.508000 0.004879 0.046210 
0.437705 0.990032 0.462022 
0.054295 0.005089 0.491768 
0.006717 0.006717 0.979009 0.007556 
0.250000 0.250000 0.250000 0.250000 
  71
0.508000 0.004879 0.046210 
0.437705 0.990032 0.462022 
0.054295 0.005089 0.491768 
0.979848 0.006717 0.006717 0.006717 
0.250000 0.250000 0.250000 0.250000 
  72
0.508000 0.004879 0.046210 
0.437705 0.990032 0.462022 
0.054295 0.005089 0.491768 
0.006717 0.006717 0.047841 0.938724 
0.250000 0.250000 0.250000 0.250000 
  73
0.502197 0.004879 0.046210 
0.443508 0.990032 0.462022 
0.054612 0.005087 0.491768 
0.006713 0.979861 0.006713 0.006713 
0.250000 0.250000 0.250000 0.250000 
  74
0.505128 0.004876 0.046210 
0.440260 0.990037 0.462022 
0.054612 0.005087 0.491768 
0.006713 0.009768 0.976075 0.007445 
0.250000 0.250000 0.250000 0.250000 
  75
0.505128 0.004876 0.046210 
0.440260 0.990037 0.462022 
0.054612 0.005087 0.491768 
0.176555 0.006713 0.714504 0.102228 
0.250000 0.250000 0.250000 0.250000 
  76
0.505128 0.004876 0.046210 
0.440260 0.990037 0.462022 
0.054612 0.005087 0.491768 
0.979861 0.006713 0.006713 0.006713 
0.250000 0.250000 0.250000 0.250000 
  77
0.505128 0.004876 0.046210 
0.440260 0.990037 0.462022 
0.054612 0.005087 0.491768 
0.979861 0.006713 0.006713 0.006713 
0.250000 0.250000 0.250000 0.250000 
  78
0.505128 0.004876 0.046210 
0.440260 0.990037 0.462022 
0.054612 0.005087 0.491768 
0.006713 0.006713 0.909165 0.077409 
0.250000 0.250000 0.250000 0.250000 
  79
0.505128 0.004876 0.046210 
0.440260 0.990037 0.462022 
0.054612 0.005087 0.491768 
0.976806 0.006713 0.006713 0.009768 
0.250000 0.250000 0.250000 0.250000 
  80
0.505128 0.004876 0.046210 
0.440260 0.990037 0.462022 
0.054612 0.005087 0.491768 
0.976806 0.006713 0.009768 0.006713 
0.250000 0.250000 0.250000 0.250000 
  81
0.505128 0.004876 0.046210 
0.440260 0.990037 0.462022 
0.054612 0.005087 0.491768 
0.008997 0.006713 0.261847 0.722442 
0.250000 0.250000 0.250000 0.250000 
  82
0.500325 0.004876 0.046210 
0.445064 0.990037 0.462022 
0.054876 0.005085 0.491768 
0.006710 0.006710 0.008014 0.978567 
0.250000 0.250000 0.250000 0.250000 
  83
0.502740 0.004874 0.046210 
0.442385 0.990040 0.462022 
0.054876 0.005085 0.491768 
0.006710 0.006710 0.979871 0.006710 
0.250000 0.250000 0.250000 0.250000 
  84
0.502740 0.004874 0.046210 
0.442385 0.990040 0.462022 
0.054876 0.005085 0.491768 
0.842818 0.143763 0.006710 0.006710 
0.250000 0.250000 0.250000 0.250000 
  85
0.502740 0.004874 0.046210 
0.442385 0.990040 0.462022 
0.054876 0.005085 0.491768 
0.973231 0.008993 0.006710 0.011067 
0.250000 0.250000 0.250000 0.250000 
  86
0.502740 0.004874 0.046210 
0.442385 0.990040 0.462022 
0.054876 0.005085 0.491768 
0.006710 0.006710 0.979871 0.006710 
0.250000 0.250000 0.250000 0.250000 
  87
0.502740 0.004874 0.046210 
0.442385 0.990040 0.462022 
0.054876 0.005085 0.491768 
0.971748 0.010220 0.009956 0.008076 
0.250000 0.250000 0.250000 0.250000 
  88
0.502740 0.004874 0.046210 
0.442385 0.990040 0.462022 
0.054876 0.005085 0.491768 
0.978360 0.006710 0.006710 0.008221 
0.250000 0.250000 0.250000 0.250000 
  89
0.502740 0.004874 0.046210 
0.442385 0.990040 0.462022 
0.054876 0.005085 0.491768 
0.006710 0.006710 0.979871 0.006710 
0.250000 0.250000 0.250000 0.250000 
  90
0.502740 0.004874 0.046210 
0.442385 0.990040 0.462022 
0.054876 0.005085 0.491768 
0.920030 0.066551 0.006710 0.006710 
0.250000 0.250000 0.250000 0.250000 
  91
0.502740 0.004874 0.046210 
0.442385 0.990040 0.462022 
0.054876 0.005085 0.491768 
0.231118 0.007928 0.754244 0.006710 
0.250000 0.250000 0.250000 0.250000 
  92
0.502740 0.004874 0.046210 
0.442385 0.990040 0.462022 
0.054876 0.005085 0.491768 
0.979047 0.007534 0.006710 0.006710 
0.250000 0.250000 0.250000 0.250000 
  93
0.502740 0.004874 0.046210 
0.442385 0.990040 0.462022 
0.054876 0.005085 0.491768 
0.660193 0.326388 0.006710 0.006710 
0.250000 0.250000 0.250000 0.250000 
  94
0.502740 0.004874 0.046210 
0.442385 0.990040 0.462022 
0.054876 0.005085 0.491768 
0.009631 0.976950 0.006710 0.006710 
0.250000 0.250000 0.250000 0.250000 
  95
0.502740 0.004874 0.046210 
0.442385 0.990040 0.462022 
0.054876 0.005085 0.491768 
0.006710 0.006710 0.006710 0.979871 
0.250000 0.250000 0.250000 0.250000 
  96
0.502740 0.004874 0.046210 
0.442385 0.990040 0.462022 
0.054876 0.005085 0.491768 
0.347945 0.637642 0.007704 0.006710 
0.250000 0.250000 0.250000 0.250000 
  97
0.502740 0.004874 0.046210 
0.442385 0.990040 0.462022 
0.054876 0.005085 0.491768 
0.011448 0.975133 0.006710 0.006710 
0.250000 0.250000 0.250000 0.250000 
  98
0.502740 0.004874 0.046210 
0.442385 0.990040 0.462022 
0.054876 0.005085 0.491768 
0.979871 0.006710 0.006710 0.006710 
0.250000 0.250000 0.250000 0.250000 
  99
0.502740 0.004874 0.046210 
0.442385 0.990040 0.462022 
0.054876 0.005085 0.491768 
0.006710 0.006710 0.250897 0.735684 
0.250000 0.250000 0.250000 0.250000 
 100
0.502740 0.004874 0.046210 
0.442385 0.990040 0.462022 
0.054876 0.005085 0.491768 
0.979871 0.006710 0.006710 0.006710 
0.250000 0.250000 0.250000 0.250000 
 101
0.502740 0.004874 0.046210 
0.442385 0.990040 0.462022 
0.054876 0.005085 0.491768 
0.006710 0.006710 0.979871 0.006710 
0.250000 0.250000 0.250000 0.250000 
 102
0.502740 0.004874 0.046210 
0.442385 0.990040 0.462022 
0.054876 0.005085 0.491768 
0.244236 0.534784 0.009475 0.211506 
0.250000 0.250000 0.250000 0.250000 
 103
0.502740 0.004874 0.046210 
0.442385 0.990040 0.462022 
0.054876 0.005085 0.491768 
0.953072 0.006710 0.033509 0.006710 
0.250000 0.250000 0.250000 0.250000 
 104
0.502740 0.004874 0.046210 
0.442385 0.990040 0.462022 
0.054876 0.005085 0.491768 
0.006710 0.006710 0.007566 0.979015 
0.250000 0.250000 0.250000 0.250000 
 105
0.502740 0.004874 0.046210 
0.442385 0.990040 0.462022 
0.054876 0.005085 0.491768 
0.949517 0.007506 0.006710 0.036268 
0.250000 0.250000 0.250000 0.250000 
 106
0.502740 0.004874 0.046210 
0.442385 0.990040 0.462022 
0.054876 0.005085 0.491768 
0.007526 0.006710 0.858796 0.126968 
0.250000 0.250000 0.250000 0.250000 
 107
0.502740 0.004874 0.046210 
0.442385 0.990040 0.462022 
0.054876 0.005085 0.491768 
0.006710 0.006710 0.007816 0.978765 
0.250000 0.250000 0.250000 0.250000 
 108
0.502740 0.004874 0.046210 
0.442385 0.990040 0.462022 
0.054876 0.005085 0.491768 
0.140550 0.044557 0.186821 0.628072 
0.250000 0.250000 0.250000 0.250000 
 109
0.502740 0.004874 0.046210 
0.442385 0.990040 0.462022 
0.054876 0.005085 0.491768 
0.006710 0.979871 0.006710 0.006710 
0.250000 0.250000 0.250000 0.250000 
 110
0.502740 0.004874 0.046210 
0.442385 0.990040 0.462022 
0.054876 0.005085 0.491768 
0.979030 0.007551 0.006710 0.006710 
0.250000 0.250000 0.250000 0.250000 
 111
0.502740 0.004874 0.046210 
0.442385 0.990040 0.462022 
0.054876 0.005085 0.491768 
0.297686 0.688895 0.006710 0.006710 
0.250000 0.250000 0.250000 0.250000 
 112
0.502740 0.004874 0.046210 
0.442385 0.990040 0.462022 
0.054876 0.005085 0.491768 
0.979871 0.006710 0.006710 0.006710 
0.250000 0.250000 0.250000 0.250000 
 113
0.502740 0.004874 0.046210 
0.442385 0.990040 0.462022 
0.054876 0.005085 0.491768 
0.956392 0.030189 0.006710 0.006710 
0.250000 0.250000 0.250000 0.250000 
 114
0.502740 0.004874 0.046210 
0.442385 0.990040 0.462022 
0.054876 0.005085 0.491768 
0.058247 0.928334 0.006710 0.006710 
0.250000 0.250000 0.250000 0.250000 
 115
0.502740 0.004874 0.046210 
0.442385 0.990040 0.462022 
0.054876 0.005085 0.491768 
0.979871 0.006710 0.006710 0.006710 
0.250000 0.250000 0.250000 0.250000 
 116
0.502740 0.004874 0.046210 
0.442385 0.990040 0.462022 
0.054876 0.005085 0.491768 
0.979871 0.006710 0.006710 0.006710 
0.250000 0.250000 0.250000 0.250000 
 117
0.502740 0.004874 0.046210 
0.442385 0.990040 0.462022 
0.054876 0.005085 0.491768 
0.006710 0.006710 0.187024 0.799557 
0.250000 0.250000 0.250000 0.250000 
 118
0.502740 0.004874 0.046210 
0.442385 0.990040 0.462022 
0.054876 0.005085 0.491768 
0.017227 0.969354 0.006710 0.006710 
0.250000 0.250000 0.250000 0.250000 
 119
0.502740 0.004874 0.046210 
0.442385 0.990040 0.462022 
0.054876 0.005085 0.491768 
0.006710 0.006710 0.006710 0.979871 
0.250000 0.250000 0.250000 0.250000 
 120
0.502740 0.004874 0.046210 
0.442385 0.990040 0.462022 
0.054876 0.005085 0.491768 
0.522111 0.185526 0.248118 0.044244 
0.250000 0.250000 0.250000 0.250000 
 121
0.502740 0.004874 0.046210 
0.442385 0.990040 0.462022 
0.054876 0.005085 0.491768 
0.979871 0.006710 0.006710 0.006710 
0.250000 0.250000 0.250000 0.250000 
 122
0.502740 0.004874 0.046210 
0.442385 0.990040 0.462022 
0.054876 0.005085 0.491768 
0.006710 0.009239 0.976391 0.007660 
0.250000 0.250000 0.250000 0.250000 
 123
0.488528 0.004874 0.046210 
0.456596 0.990040 0.462022 
0.055667 0.005079 0.491768 
0.131417 0.011542 0.728290 0.128750 
0.250000 0.250000 0.250000 0.250000 
 124
0.495571 0.004869 0.046210 
0.448762 0.990052 0.462022 
0.055667 0.005079 0.491768 
0.006699 0.979903 0.006699 0.006699 
0.250000 0.250000 0.250000 0.250000 
 125
0.495571 0.004869 0.046210 
0.448762 0.990052 0.462022 
0.055667 0.005079 0.491768 
0.006699 0.006699 0.006699 0.979903 
0.250000 0.250000 0.250000 0.250000 
 126
0.495571 0.004869 0.046210 
0.448762 0.990052 0.462022 
0.055667 0.005079 0.491768 
0.026218 0.126889 0.825516 0.021377 
0.250000 0.250000 0.250000 0.250000 
 127
0.495571 0.004869 0.046210 
0.448762 0.990052 0.462022 
0.055667 0.005079 0.491768 
0.979903 0.006699 0.006699 0.006699 
0.250000 0.250000 0.250000 0.250000 
 128
0.495571 0.004869 0.046210 
0.448762 0.990052 0.462022 
0.055667 0.005079 0.491768 
0.006699 0.006699 0.979903 0.006699 
0.250000 0.250000 0.250000 0.250000 
 129
0.495571 0.004869 0.046210 
0.448762 0.990052 0.462022 
0.055667 0.005079 0.491768 
0.879738 0.103824 0.008046 0.008392 
0.250000 0.250000 0.250000 0.250000 
 130
0.495571 0.004869 0.046210 
0.448762 0.990052 0.462022 
0.055667 0.005079 0.491768 
0.006699 0.006699 0.979903 0.006699 
0.250000 0.250000 0.250000 0.250000 
 131
0.495571 0.004869 0.046210 
0.448762 0.990052 0.462022 
0.055667 0.005079 0.491768 
0.979903 0.006699 0.006699 0.006699 
0.250000 0.250000 0.250000 0.250000 
 132
0.495571 0.004869 0.046210 
0.448762 0.990052 0.462022 
0.055667 0.005079 0.491768 
0.006699 0.006699 0.956661 0.029941 
0.250000 0.250000 0.250000 0.250000 
 133
0.495571 0.004869 0.046210 
0.448762 0.990052 0.462022 
0.055667 0.005079 0.491768 
0.006699 0.007600 0.006699 0.979002 
0.250000 0.250000 0.250000 0.250000 
 134
0.495571 0.004869 0.046210 
0.448762 0.990052 0.462022 
0.055667 0.005079 0.491768 
0.006699 0.006699 0.979903 0.006699 
0.250000 0.250000 0.250000 0.250000 
 135
0.495571 0.004869 0.046210 
0.448762 0.990052 0.462022 
0.055667 0.005079 0.491768 
0.924270 0.013363 0.009030 0.053337 
0.250000 0.250000 0.250000 0.250000 
 136
0.495571 0.004869 0.046210 
0.448762 0.990052 0.462022 
0.055667 0.005079 0.491768 
0.056477 0.930125 0.006699 0.006699 
0.250000 0.250000 0.250000 0.250000 
 137
0.495571 0.004869 0.046210 
0.448762 0.990052 0.462022 
0.055667 0.005079 0.491768 
0.006699 0.006699 0.006699 0.979903 
0.250000 0.250000 0.250000 0.250000 
 138
0.495571 0.004869 0.046210 
0.448762 0.990052 0.462022 
0.055667 0.005079 0.491768 
0.014073 0.105021 0.078535 0.802372 
0.250000 0.250000 0.250000 0.250000 
 139
0.495571 0.004869 0.046210 
0.448762 0.990052 0.462022 
0.055667 0.005079 0.491768 
0.006699 0.979903 0.006699 0.006699 
0.250000 0.250000 0.250000 0.250000 
 140
0.495571 0.004869 0.046210 
0.448762 0.990052 0.462022 
0.055667 0.005079 0.491768 
0.979903 0.006699 0.006699 0.006699 
0.250000 0.250000 0.250000 0.250000 
 141
0.495571 0.004869 0.046210 
0.448762 0.990052 0.462022 
0.055667 0.005079 0.491768 
0.705145 0.281457 0.006699 0.006699 
0.250000 0.250000 0.250000 0.250000 
 142
0.495571 0.004869 0.046210 
0.448762 0.990052 0.462022 
0.055667 0.005079 0.491768 
0.006699 0.006699 0.382560 0.604042 
0.250000 0.250000 0.250000 0.250000 
 143
0.495571 0.004869 0.046210 
0.448762 0.990052 0.462022 
0.055667 0.005079 0.491768 
0.006699 0.006699 0.006699 0.979903 
0.250000 0.250000 0.250000 0.250000 
 144
0.495571 0.004869 0.046210 
0.448762 0.990052 0.462022 
0.055667 0.005079 0.491768 
0.045808 0.815129 0.126708 0.012355 
0.250000 0.250000 0.250000 0.250000 
 145
0.495571 0.004869 0.046210 
0.448762 0.990052 0.462022 
0.055667 0.005079 0.491768 
0.007433 0.007495 0.977663 0.007409 
0.250000 0.250000 0.250000 0.250000 
 146
0.495571 0.004869 0.046210 
0.448762 0.990052 0.462022 
0.055667 0.005079 0.491768 
0.006699 0.006699 0.006699 0.979903 
0.250000 0.250000 0.250000 0.250000 
 147
0.495571 0.004869 0.046210 
0.448762 0.990052 0.462022 
0.055667 0.005079 0.491768 
0.334931 0.651671 0.006699 0.006699 
0.250000 0.250000 0.250000 0.250000 
 148
0.495571 0.004869 0.046210 
0.448762 0.990052 0.462022 
0.055667 0.005079 0.491768 
0.006699 0.979903 0.006699 0.006699 
0.250000 0.250000 0.250000 0.250000 
 149
0.495571 0.004869 0.046210 
0.448762 0.990052 0.462022 
0.055667 0.005079 0.491768 
0.979903 0.006699 0.006699 0.006699 
0.250000 0.250000 0.250000 0.250000 
 150
0.495571 0.004869 0.046210 
0.448762 0.990052 0.462022 
0.055667 0.005079 0.491768 
0.258364 0.728238 0.006699 0.006699 
0.250000 0.250000 0.250000 0.250000 
 151
0.495571 0.004869 0.046210 
0.448762 0.990052 0.462022 
0.055667 0.005079 0.491768 
0.976848 0.009754 0.006699 0.006699 
0.250000 0.250000 0.250000 0.250000 
 152
0.495571 0.004869 0.046210 
0.448762 0.990052 0.462022 
0.055667 0.005079 0.491768 
0.879279 0.098582 0.015439 0.006699 
0.250000 0.250000 0.250000 0.250000 
 153
0.495571 0.004869 0.046210 
0.448762 0.990052 0.462022 
0.055667 0.005079 0.491768 
0.010707 0.006699 0.570930 0.411664 
0.250000 0.250000 0.250000 0.250000 
 154
0.495571 0.004869 0.046210 
0.448762 0.990052 0.462022 
0.055667 0.005079 0.491768 
0.046629 0.006699 0.939973 0.006699 
0.250000 0.250000 0.250000 0.250000 
 155
0.495571 0.004869 0.046210 
0.448762 0.990052 0.462022 
0.055667 0.005079 0.491768 
0.962074 0.023311 0.007915 0.006699 
0.250000 0.250000 0.250000 0.250000 
 156
0.495571 0.004869 0.046210 
0.448762 0.990052 0.462022 
0.055667 0.005079 0.491768 
0.263366 0.719030 0.006699 0.010905 
0.250000 0.250000 0.250000 0.250000 
 157
0.495571 0.004869 0.046210 
0.448762 0.990052 0.462022 
0.055667 0.005079 0.491768 
0.979903 0.006699 0.006699 0.006699 
0.250000 0.250000 0.250000 0.250000 
 158
0.495571 0.004869 0.046210 
0.448762 0.990052 0.462022 
0.055667 0.005079 0.491768 
0.975732 0.010870 0.006699 0.006699 
0.250000 0.250000 0.250000 0.250000 
 159
0.495571 0.004869 0.046210 
0.448762 0.990052 0.462022 
0.055667 0.005079 0.491768 
0.277731 0.708871 0.006699 0.006699 
0.250000 0.250000 0.250000 0.250000 
 160
0.495571 0.004869 0.046210 
0.448762 0.990052 0.462022 
0.055667 0.005079 0.491768 
0.006699 0.979903 0.006699 0.006699 
0.250000 0.250000 0.250000 0.250000 
 161
0.495571 0.004869 0.046210 
0.448762 0.990052 0.462022 
0.055667 0.005079 0.491768 
0.979903 0.006699 0.006699 0.006699 
0.250000 0.250000 0.250000 0.250000 
 162
0.495571 0.004869 0.046210 
0.448762 0.990052 0.462022 
0.055667 0.005079 0.491768 
0.836605 0.149997 0.006699 0.006699 
0.250000 0.250000 0.250000 0.250000 
 163
0.495571 0.004869 0.046210 
0.448762 0.990052 0.462022 
0.055667 0.005079 0.491768 
0.190506 0.796096 0.006699 0.006699 
0.250000 0.250000 0.250000 0.250000 
 164
0.495571 0.004869 0.046210 
0.448762 0.990052 0.462022 
0.055667 0.005079 0.491768 
0.945692 0.040910 0.006699 0.006699 
0.250000 0.250000 0.250000 0.250000 
 165
0.495571 0.004869 0.046210 
0.448762 0.990052 0.462022 
0.055667 0.005079 0.491768 
0.775151 0.107016 0.010194 0.107639 
0.250000 0.250000 0.250000 0.250000 
 166
0.495571 0.004869 0.046210 
0.448762 0.990052 0.462022 
0.055667 0.005079 0.491768 
0.977310 0.006699 0.009292 0.006699 
0.250000 0.250000 0.250000 0.250000 
 167
0.495571 0.004869 0.046210 
0.448762 0.990052 0.462022 
0.055667 0.005079 0.491768 
0.009950 0.975567 0.006699 0.007784 
0.250000 0.250000 0.250000 0.250000 
 168
0.495571 0.004869 0.046210 
0.448762 0.990052 0.462022 
0.055667 0.005079 0.491768 
0.875400 0.111202 0.006699 0.006699 
0.250000 0.250000 0.250000 0.250000 
 169
0.495571 0.004869 0.046210 
0.448762 0.990052 0.462022 
0.055667 0.005079 0.491768 
0.006699 0.006699 0.008443 0.978159 
0.250000 0.250000 0.250000 0.250000 
 170
0.495571 0.004869 0.046210 
0.448762 0.990052 0.462022 
0.055667 0.005079 0.491768 
0.006699 0.006699 0.006699 0.979903 
0.250000 0.250000 0.250000 0.250000 
 171
0.495571 0.004869 0.046210 
0.448762 0.990052 0.462022 
0.055667 0.005079 0.491768 
0.010526 0.009822 0.964768 0.014884 
0.250000 0.250000 0.250000 0.250000 
 172
0.495571 0.004869 0.046210 
0.448762 0.990052 0.462022 
0.055667 0.005079 0.491768 
0.006699 0.006699 0.006699 0.979903 
0.250000 0.250000 0.250000 0.250000 
 173
0.495571 0.004869 0.046210 
0.448762 0.990052 0.462022 
0.055667 0.005079 0.491768 
0.006699 0.979903 0.006699 0.006699 
0.250000 0.250000 0.250000 0.250000 
 174
0.495571 0.004869 0.046210 
0.448762 0.990052 0.462022 
0.055667 0.005079 0.491768 
0.006699 0.006699 0.936908 0.049694 
0.250000 0.250000 0.250000 0.250000 
 175
0.495571 0.004869 0.046210 
0.448762 0.990052 0.462022 
0.055667 0.005079 0.491768 
0.950983 0.006699 0.035619 0.006699 
0.250000 0.250000 0.250000 0.250000 
 176
0.495571 0.004869 0.046210 
0.448762 0.990052 0.462022 
0.055667 0.005079 0.491768 
0.788315 0.198287 0.006699 0.006699 
0.250000 0.250000 0.250000 0.250000 
 177
0.495571 0.004869 0.046210 
0.448762 0.990052 0.462022 
0.055667 0.005079 0.491768 
0.494757 0.481158 0.006699 0.017386 
0.250000 0.250000 0.250000 0.250000 
 178
0.495571 0.004869 0.046210 
0.448762 0.990052 0.462022 
0.055667 0.005079 0.491768 
0.772862 0.213740 0.006699 0.006699 
0.250000 0.250000 0.250000 0.250000 
 179
0.495571 0.004869 0.046210 
0.448762 0.990052 0.462022 
0.055667 0.005079 0.491768 
0.006699 0.006699 0.006699 0.979903 
0.250000 0.250000 0.250000 0.250000 
 180
0.495571 0.004869 0.046210 
0.448762 0.990052 0.462022 
0.055667 0.005079 0.491768 
0.108655 0.023696 0.749647 0.118002 
0.250000 0.250000 0.250000 0.250000 
 181
0.495571 0.004869 0.046210 
0.448762 0.990052 0.462022 
0.055667 0.005079 0.491768 
0.058833 0.006699 0.035828 0.898640 
0.250000 0.250000 0.250000 0.250000 
 182
0.495571 0.004869 0.046210 
0.448762 0.990052 0.462022 
0.055667 0.005079 0.491768 
0.006699 0.006699 0.235162 0.751440 
0.250000 0.250000 0.250000 0.250000 
 183
0.495571 0.004869 0.046210 
0.448762 0.990052 0.462022 
0.055667 0.005079 0.491768 
0.354299 0.631240 0.006699 0.007762 
0.250000 0.250000 0.250000 0.250000 
 184
0.495571 0.004869 0.046210 
0.448762 0.990052 0.462022 
0.055667 0.005079 0.491768 
0.973285 0.013317 0.006699 0.006699 
0.250000 0.250000 0.250000 0.250000 
 185
0.495571 0.004869 0.046210 
0.448762 0.990052 0.462022 
0.055667 0.005079 0.491768 
0.958352 0.028250 0.006699 0.006699 
0.250000 0.250000 0.250000 0.250000 
 186
0.495571 0.004869 0.046210 
0.448762 0.990052 0.462022 
0.055667 0.005079 0.491768 
0.015285 0.006699 0.822294 0.155723 
0.250000 0.250000 0.250000 0.250000 
 187
0.495571 0.004869 0.046210 
0.448762 0.990052 0.462022 
0.055667 0.005079 0.491768 
0.979903 0.006699 0.006699 0.006699 
0.250000 0.250000 0.250000 0.250000 
 188
0.495571 0.004869 0.046210 
0.448762 0.990052 0.462022 
0.055667 0.005079 0.491768 
0.918365 0.065667 0.008564 0.007404 
0.250000 0.250000 0.250000 0.250000 
 189
0.495571 0.004869 0.046210 
0.448762 0.990052 0.462022 
0.055667 0.005079 0.491768 
0.203542 0.783060 0.006699 0.006699 
0.250000 0.250000 0.250000 0.250000 
 190
0.486232 0.004869 0.046210 
0.458101 0.990052 0.462022 
0.056191 0.005076 0.491768 
0.012538 0.961527 0.006692 0.019243 
0.250000 0.250000 0.250000 0.250000 
 191
0.490816 0.004865 0.046210 
0.452993 0.990059 0.462022 
0.056191 0.005076 0.491768 
0.006692 0.011272 0.975344 0.006692 
0.250000 0.250000 0.250000 0.250000 
 192
0.490816 0.004865 0.046210 
0.452993 0.990059 0.462022 
0.056191 0.005076 0.491768 
0.028603 0.098565 0.857213 0.015619 
0.250000 0.250000 0.250000 0.250000 
 193
0.490816 0.004865 0.046210 
0.452993 0.990059 0.462022 
0.056191 0.005076 0.491768 
0.006692 0.006692 0.979923 0.006692 
0.250000 0.250000 0.250000 0.250000 
 194
0.490816 0.004865 0.046210 
0.452993 0.990059 0.462022 
0.056191 0.005076 0.491768 
0.006692 0.006692 0.979923 0.006692 
0.250000 0.250000 0.250000 0.250000 
 195
0.490816 0.004865 0.046210 
0.452993 0.990059 0.462022 
0.056191 0.005076 0.491768 
0.152314 0.021764 0.057425 0.768497 
0.250000 0.250000 0.250000 0.250000 
 196
0.490816 0.004865 0.046210 
0.452993 0.990059 0.462022 
0.056191 0.005076 0.491768 
0.006692 0.006692 0.958830 0.027786 
0.250000 0.250000 0.250000 0.250000 
 197
0.490816 0.004865 0.046210 
0.452993 0.990059 0.462022 
0.056191 0.005076 0.491768 
0.006692 0.006692 0.006692 0.979923 
0.250000 0.250000 0.250000 0.250000 
 198
0.490816 0.004865 0.046210 
0.452993 0.990059 0.462022 
0.056191 0.005076 0.491768 
0.024598 0.128129 0.792647 0.054626 
0.250000 0.250000 0.250000 0.250000 
 199
0.490816 0.004865 0.046210 
0.452993 0.990059 0.462022 
0.056191 0.005076 0.491768 
0.011060 0.975556 0.006692 0.006692 
0.250000 0.250000 0.250000 0.250000 
 200
0.490816 0.004865 0.046210 
0.452993 0.990059 0.462022 
0.056191 0.005076 0.491768 
0.978756 0.007860 0.006692 0.006692 
0.250000 0.250000 0.250000 0.250000 
 201
0.490816 0.004865 0.046210 
0.452993 0.990059 0.462022 
0.056191 0.005076 0.491768 
0.006692 0.006692 0.565832 0.420783 
0.250000 0.250000 0.250000 0.250000 
 202
0.490816 0.004865 0.046210 
0.452993 0.990059 0.462022 
0.056191 0.005076 0.491768 
0.006708 0.006708 0.780652 0.205933 
0.250000 0.250000 0.250000 0.250000 
 203
0.490816 0.004865 0.046210 
0.452993 0.990059 0.462022 
0.056191 0.005076 0.491768 
0.006692 0.006692 0.006692 0.979923 
0.250000 0.250000 0.250000 0.250000 
 204
0.490816 0.004865 0.046210 
0.452993 0.990059 0.462022 
0.056191 0.005076 0.491768 
0.909645 0.076970 0.006692 0.006692 
0.250000 0.250000 0.250000 0.250000 
 205
0.490816 0.004865 0.046210 
0.452993 0.990059 0.462022 
0.056191 0.005076 0.491768 
0.968754 0.017128 0.007426 0.006692 
0.250000 0.250000 0.250000 0.250000 
 206
0.490816 0.004865 0.046210 
0.452993 0.990059 0.462022 
0.056191 0.005076 0.491768 
0.185168 0.701386 0.006692 0.106753 
0.250000 0.250000 0.250000 0.250000 
 207
0.490816 0.004865 0.046210 
0.452993 0.990059 0.462022 
0.056191 0.005076 0.491768 
0.222994 0.762371 0.006692 0.007942 
0.250000 0.250000 0.250000 0.250000 
 208
0.490816 0.004865 0.046210 
0.452993 0.990059 0.462022 
0.056191 0.005076 0.491768 
0.015587 0.971029 0.006692 0.006692 
0.250000 0.250000 0.250000 0.250000 
 209
0.490816 0.004865 0.046210 
0.452993 0.990059 0.462022 
0.056191 0.005076 0.491768 
0.488451 0.493257 0.009104 0.009188 
0.250000 0.250000 0.250000 0.250000 
 210
0.490816 0.004865 0.046210 
0.452993 0.990059 0.462022 
0.056191 0.005076 0.491768 
0.521503 0.120362 0.193833 0.164303 
0.250000 0.250000 0.250000 0.250000 
 211
0.490816 0.004865 0.046210 
0.452993 0.990059 0.462022 
0.056191 0.005076 0.491768 
0.006692 0.006692 0.006692 0.979923 
0.250000 0.250000 0.250000 0.250000 
 212
0.490816 0.004865 0.046210 
0.452993 0.990059 0.462022 
0.056191 0.005076 0.491768 
0.006692 0.979923 0.006692 0.006692 
0.250000 0.250000 0.250000 0.250000 
 213
0.490816 0.004865 0.046210 
0.452993 0.990059 0.462022 
0.056191 0.005076 0.491768 
0.006692 0.006692 0.487033 0.499583 
0.250000 0.250000 0.250000 0.250000 
 214
0.490816 0.004865 0.046210 
0.452993 0.990059 0.462022 
0.056191 0.005076 0.491768 
0.974065 0.009505 0.009737 0.006692 
0.250000 0.250000 0.250000 0.250000 
 215
0.490816 0.004865 0.046210 
0.452993 0.990059 0.462022 
0.056191 0.005076 0.491768 
0.006692 0.025743 0.960873 0.006692 
0.250000 0.250000 0.250000 0.250000 
 216
0.490816 0.004865 0.046210 
0.452993 0.990059 0.462022 
0.056191 0.005076 0.491768 
0.032999 0.006692 0.937171 0.023138 
0.250000 0.250000 0.250000 0.250000 
 217
0.490816 0.004865 0.046210 
0.452993 0.990059 0.462022 
0.056191 0.005076 0.491768 
0.766611 0.007619 0.207579 0.018191 
0.250000 0.250000 0.250000 0.250000 
 218
0.490816 0.004865 0.046210 
0.452993 0.990059 0.462022 
0.056191 0.005076 0.491768 
0.006692 0.006692 0.109565 0.877051 
0.250000 0.250000 0.250000 0.250000 
 219
0.490816 0.004865 0.046210 
0.452993 0.990059 0.462022 
0.056191 0.005076 0.491768 
0.801241 0.055014 0.006692 0.137053 
0.250000 0.250000 0.250000 0.250000 
 220
0.490816 0.004865 0.046210 
0.452993 0.990059 0.462022 
0.056191 0.005076 0.491768 
0.011053 0.975562 0.006692 0.006692 
0.250000 0.250000 0.250000 0.250000 
 221
0.490816 0.004865 0.046210 
0.452993 0.990059 0.462022 
0.056191 0.005076 0.491768 
0.979923 0.006692 0.006692 0.006692 
0.250000 0.250000 0.250000 0.250000 
 222
0.490816 0.004865 0.046210 
0.452993 0.990059 0.462022 
0.056191 0.005076 0.491768 
0.260764 0.649970 0.006692 0.082574 
0.250000 0.250000 0.250000 0.250000 
 223
0.490816 0.004865 0.046210 
0.452993 0.990059 0.462022 
0.056191 0.005076 0.491768 
0.006692 0.979923 0.006692 0.006692 
0.250000 0.250000 0.250000 0.250000 
 224
0.490816 0.004865 0.046210 
0.452993 0.990059 0.462022 
0.056191 0.005076 0.491768 
0.006692 0.979923 0.006692 0.006692 
0.250000 0.250000 0.250000 0.250000 
 225
0.490816 0.004865 0.046210 
0.452993 0.990059 0.462022 
0.056191 0.005076 0.491768 
0.024437 0.011291 0.050904 0.913369 
0.250000 0.250000 0.250000 0.250000 
 226
0.490816 0.004865 0.046210 
0.452993 0.990059 0.462022 
0.056191 0.005076 0.491768 
0.006692 0.006692 0.006692 0.979923 
0.250000 0.250000 0.250000 0.250000 
 227
0.490816 0.004865 0.046210 
0.452993 0.990059 0.462022 
0.056191 0.005076 0.491768 
0.006692 0.979923 0.006692 0.006692 
0.250000 0.250000 0.250000 0.250000 
 228
0.490816 0.004865 0.046210 
0.452993 0.990059 0.462022 
0.056191 0.005076 0.491768 
0.006692 0.979923 0.006692 0.006692 
0.250000 0.250000 0.250000 0.250000 
 229
0.490816 0.004865 0.046210 
0.452993 0.990059 0.462022 
0.056191 0.005076 0.491768 
0.975108 0.010359 0.007840 0.006692 
0.250000 0.250000 0.250000 0.250000 
 230
0.490816 0.004865 0.046210 
0.452993 0.990059 0.462022 
0.056191 0.005076 0.491768 
0.006692 0.006692 0.006692 0.979923 
0.250000 0.250000 0.250000 0.250000 
 231
0.490816 0.004865 0.046210 
0.452993 0.990059 0.462022 
0.056191 0.005076 0.491768 
0.168456 0.008870 0.781595 0.041078 
0.250000 0.250000 0.250000 0.250000 
 232
0.490816 0.004865 0.046210 
0.452993 0.990059 0.462022 
0.056191 0.005076 0.491768 
0.006692 0.006692 0.275937 0.710678 
0.250000 0.250000 0.250000 0.250000 
 233
0.490816 0.004865 0.046210 
0.452993 0.990059 0.462022 
0.056191 0.005076 0.491768 
0.006692 0.006692 0.008499 0.978117 
0.250000 0.250000 0.250000 0.250000 
 234
0.490816 0.004865 0.046210 
0.452993 0.990059 0.462022 
0.056191 0.005076 0.491768 
0.088882 0.769481 0.006692 0.134944 
0.250000 0.250000 0.250000 0.250000 
 235
0.490816 0.004865 0.046210 
0.452993 0.990059 0.462022 
0.056191 0.005076 0.491768 
0.006692 0.979923 0.006692 0.006692 
0.250000 0.250000 0.250000 0.250000 
 236
