%  SAM: /scicomp/home/vfn4/Tools/LABEL_RES/scripts/modelfromalign v3.5 (July 15, 2005) compiled 12/08/06_16:15:55
%  (c) 1992-2001 Regents of the University of California, Santa Cruz
%
%          Sequence Alignment and Modeling Software System
%         http://www.cse.ucsc.edu/research/compbio/sam.html
%
% ----------------- Citations (SAM, SAM-T2K, HMMs) --------------------
% R. Hughey, A. Krogh, Hidden Markov models for sequence analysis:
%  Extension and analysis of the basic method, CABIOS 12:95-107, 1996.
% K. Karplus, et al., What is the value added by human intervention in protein
%  structure prediction, Proteins: Stucture, Function, Genetics 45(S5):86--91, 2001.
% A. Krogh et al., Hidden Markov models in computational biology:
%  Applications to protein modeling, JMB 235:1501-1531, Feb 1994.
% ---------------------------------------------------------------------
%  A_HA_H3_hmm   Host: node5.aspen.biotech.cdc.gov    Thu Jun  5 17:04:58 2014
%  vfn4          Dir:  /scicomp/home/vfn4/IRMA/train2
% ---------------------------------------------------------------------
%  Alignment weights from internal calc.  Total (59.99) Max (0.21) Min (0.01)
%  Weights from alignment method 1 (karplus), b=-1.000000, e=0.500000
MODEL --  Model from alignment file /scicomp/home/vfn4/Tools/LABEL_RES/training_data/IRMA/A_HA_H3.fasta
alphabet DNA
FREQAVE
0.000000 0.000000 0.000000 
0.000000 0.000000 0.000000 
0.000000 0.000000 0.000000 
0.336480 0.225969 0.199087 0.238464 
0.336480 0.225969 0.199087 0.238464 
Begin
0.000000 0.000000 0.000000 
0.000000 0.000000 0.000000 
0.000000 0.003498 0.491768 
0.250000 0.250000 0.250000 0.250000 
0.250000 0.250000 0.250000 0.250000 
   1
0.000000 0.003353 0.046210 
0.000000 0.993149 0.462022 
0.057405 0.003498 0.491768 
0.987703 0.004099 0.004099 0.004099 
0.250000 0.250000 0.250000 0.250000 
   2
0.479817 0.003353 0.046210 
0.462778 0.993149 0.462022 
0.057405 0.003498 0.491768 
0.004099 0.004099 0.004099 0.987703 
0.250000 0.250000 0.250000 0.250000 
   3
0.479817 0.003353 0.046210 
0.462778 0.993149 0.462022 
0.057405 0.003498 0.491768 
0.004099 0.987703 0.004099 0.004099 
0.250000 0.250000 0.250000 0.250000 
   4
0.479817 0.003353 0.046210 
0.462778 0.993149 0.462022 
0.057405 0.003498 0.491768 
0.986700 0.005103 0.004099 0.004099 
0.250000 0.250000 0.250000 0.250000 
   5
0.479817 0.003353 0.046210 
0.462778 0.993149 0.462022 
0.057405 0.003498 0.491768 
0.958767 0.025506 0.011629 0.004099 
0.250000 0.250000 0.250000 0.250000 
   6
0.479817 0.003353 0.046210 
0.462778 0.993149 0.462022 
0.057405 0.003498 0.491768 
0.016607 0.973875 0.004434 0.005084 
0.250000 0.250000 0.250000 0.250000 
   7
0.479817 0.003353 0.046210 
0.462778 0.993149 0.462022 
0.057405 0.003498 0.491768 
0.976081 0.014289 0.004099 0.005531 
0.250000 0.250000 0.250000 0.250000 
   8
0.479817 0.003353 0.046210 
0.462778 0.993149 0.462022 
0.057405 0.003498 0.491768 
0.004864 0.004099 0.983770 0.007267 
0.250000 0.250000 0.250000 0.250000 
   9
0.479817 0.003353 0.046210 
0.462778 0.993149 0.462022 
0.057405 0.003498 0.491768 
0.094771 0.004099 0.220653 0.680478 
0.250000 0.250000 0.250000 0.250000 
  10
0.479817 0.003353 0.046210 
0.462778 0.993149 0.462022 
0.057405 0.003498 0.491768 
0.905245 0.083084 0.006319 0.005353 
0.250000 0.250000 0.250000 0.250000 
  11
0.479817 0.003353 0.046210 
0.462778 0.993149 0.462022 
0.057405 0.003498 0.491768 
0.004099 0.004099 0.089134 0.902668 
0.250000 0.250000 0.250000 0.250000 
  12
0.479817 0.003353 0.046210 
0.462778 0.993149 0.462022 
0.057405 0.003498 0.491768 
0.006154 0.004099 0.864009 0.125738 
0.250000 0.250000 0.250000 0.250000 
  13
0.479817 0.003353 0.046210 
0.462778 0.993149 0.462022 
0.057405 0.003498 0.491768 
0.983282 0.004969 0.007353 0.004396 
0.250000 0.250000 0.250000 0.250000 
  14
0.479817 0.003353 0.046210 
0.462778 0.993149 0.462022 
0.057405 0.003498 0.491768 
0.004552 0.004099 0.015649 0.975699 
0.250000 0.250000 0.250000 0.250000 
  15
0.479817 0.003353 0.046210 
0.462778 0.993149 0.462022 
0.057405 0.003498 0.491768 
0.005135 0.004099 0.027899 0.962868 
0.250000 0.250000 0.250000 0.250000 
  16
0.479817 0.003353 0.046210 
0.462778 0.993149 0.462022 
0.057405 0.003498 0.491768 
0.093995 0.896297 0.004099 0.005609 
0.250000 0.250000 0.250000 0.250000 
  17
0.479817 0.003353 0.046210 
0.462778 0.993149 0.462022 
0.057405 0.003498 0.491768 
0.004099 0.004099 0.790179 0.201624 
0.250000 0.250000 0.250000 0.250000 
  18
0.479817 0.003353 0.046210 
0.462778 0.993149 0.462022 
0.057405 0.003498 0.491768 
0.019244 0.004099 0.044955 0.931701 
0.250000 0.250000 0.250000 0.250000 
  19
0.479817 0.003353 0.046210 
0.462778 0.993149 0.462022 
0.057405 0.003498 0.491768 
0.004561 0.006241 0.144370 0.844829 
0.250000 0.250000 0.250000 0.250000 
  20
0.479817 0.003353 0.046210 
0.462778 0.993149 0.462022 
0.057405 0.003498 0.491768 
0.004099 0.005370 0.004099 0.986432 
0.250000 0.250000 0.250000 0.250000 
  21
0.479817 0.003353 0.046210 
0.462778 0.993149 0.462022 
0.057405 0.003498 0.491768 
0.188924 0.743382 0.008034 0.059661 
0.250000 0.250000 0.250000 0.250000 
  22
0.479817 0.003353 0.046210 
0.462778 0.993149 0.462022 
0.057405 0.003498 0.491768 
0.978999 0.008801 0.004099 0.008101 
0.250000 0.250000 0.250000 0.250000 
  23
0.479817 0.003353 0.046210 
0.462778 0.993149 0.462022 
0.057405 0.003498 0.491768 
0.006518 0.901864 0.004604 0.087014 
0.250000 0.250000 0.250000 0.250000 
  24
0.479817 0.003353 0.046210 
0.462778 0.993149 0.462022 
0.057405 0.003498 0.491768 
0.085589 0.004100 0.847719 0.062592 
0.250000 0.250000 0.250000 0.250000 
  25
0.479817 0.003353 0.046210 
0.462778 0.993149 0.462022 
0.057405 0.003498 0.491768 
0.006465 0.004099 0.096951 0.892485 
0.250000 0.250000 0.250000 0.250000 
  26
0.479817 0.003353 0.046210 
0.462778 0.993149 0.462022 
0.057405 0.003498 0.491768 
0.819080 0.090631 0.004723 0.085567 
0.250000 0.250000 0.250000 0.250000 
  27
0.479817 0.003353 0.046210 
0.462778 0.993149 0.462022 
0.057405 0.003498 0.491768 
0.085567 0.004099 0.781117 0.129218 
0.250000 0.250000 0.250000 0.250000 
  28
0.479817 0.003353 0.046210 
0.462778 0.993149 0.462022 
0.057405 0.003498 0.491768 
0.752613 0.023012 0.154561 0.069813 
0.250000 0.250000 0.250000 0.250000 
  29
0.479817 0.003353 0.046210 
0.462778 0.993149 0.462022 
0.057405 0.003498 0.491768 
0.004411 0.005925 0.008390 0.981274 
0.250000 0.250000 0.250000 0.250000 
  30
0.479817 0.003353 0.046210 
0.462778 0.993149 0.462022 
0.057405 0.003498 0.491768 
0.007394 0.085615 0.041378 0.865613 
0.250000 0.250000 0.250000 0.250000 
  31
0.479817 0.003353 0.046210 
0.462778 0.993149 0.462022 
0.057405 0.003498 0.491768 
0.091472 0.004100 0.442719 0.461709 
0.250000 0.250000 0.250000 0.250000 
  32
0.479817 0.003353 0.046210 
0.462778 0.993149 0.462022 
0.057405 0.003498 0.491768 
0.005500 0.004100 0.092907 0.897493 
0.250000 0.250000 0.250000 0.250000 
  33
0.479817 0.003353 0.046210 
0.462778 0.993149 0.462022 
0.057405 0.003498 0.491768 
0.619009 0.005681 0.356296 0.019014 
0.250000 0.250000 0.250000 0.250000 
  34
0.479817 0.003353 0.046210 
0.462778 0.993149 0.462022 
0.057405 0.003498 0.491768 
0.005626 0.004724 0.090975 0.898674 
0.250000 0.250000 0.250000 0.250000 
  35
0.479817 0.003353 0.046210 
0.462778 0.993149 0.462022 
0.057405 0.003498 0.491768 
0.101192 0.890610 0.004099 0.004099 
0.250000 0.250000 0.250000 0.250000 
  36
0.479817 0.003353 0.046210 
0.462778 0.993149 0.462022 
0.057405 0.003498 0.491768 
0.004099 0.006144 0.060363 0.929394 
0.250000 0.250000 0.250000 0.250000 
  37
0.479817 0.003353 0.046210 
0.462778 0.993149 0.462022 
0.057405 0.003498 0.491768 
0.007124 0.006835 0.890504 0.095538 
0.250000 0.250000 0.250000 0.250000 
  38
0.479817 0.003353 0.046210 
0.462778 0.993149 0.462022 
0.057405 0.003498 0.491768 
0.016496 0.085893 0.008493 0.889119 
0.250000 0.250000 0.250000 0.250000 
  39
0.479817 0.003353 0.046210 
0.462778 0.993149 0.462022 
0.057405 0.003498 0.491768 
0.011750 0.976476 0.004099 0.007675 
0.250000 0.250000 0.250000 0.250000 
  40
0.479817 0.003353 0.046210 
0.462778 0.993149 0.462022 
0.057405 0.003498 0.491768 
0.065550 0.923901 0.004099 0.006450 
0.250000 0.250000 0.250000 0.250000 
  41
0.479817 0.003353 0.046210 
0.462778 0.993149 0.462022 
0.057405 0.003498 0.491768 
0.004099 0.005457 0.270830 0.719614 
0.250000 0.250000 0.250000 0.250000 
  42
0.479817 0.003353 0.046210 
0.462778 0.993149 0.462022 
0.057405 0.003498 0.491768 
0.006781 0.007087 0.089948 0.896183 
0.250000 0.250000 0.250000 0.250000 
  43
0.479817 0.003353 0.046210 
0.462778 0.993149 0.462022 
0.057405 0.003498 0.491768 
0.006044 0.008409 0.118173 0.867373 
0.250000 0.250000 0.250000 0.250000 
  44
0.479817 0.003353 0.046210 
0.462778 0.993149 0.462022 
0.057405 0.003498 0.491768 
0.086104 0.004099 0.030667 0.879130 
0.250000 0.250000 0.250000 0.250000 
  45
0.479817 0.003353 0.046210 
0.462778 0.993149 0.462022 
0.057405 0.003498 0.491768 
0.005880 0.007550 0.909180 0.077390 
0.250000 0.250000 0.250000 0.250000 
  46
0.479817 0.003353 0.046210 
0.462778 0.993149 0.462022 
0.057405 0.003498 0.491768 
0.209268 0.775579 0.004736 0.010417 
0.250000 0.250000 0.250000 0.250000 
  47
0.479817 0.003353 0.046210 
0.462778 0.993149 0.462022 
0.057405 0.003498 0.491768 
0.006476 0.343685 0.645740 0.004099 
0.250000 0.250000 0.250000 0.250000 
  48
0.479817 0.003353 0.046210 
0.462778 0.993149 0.462022 
0.057405 0.003498 0.491768 
0.005605 0.007431 0.223188 0.763775 
0.250000 0.250000 0.250000 0.250000 
  49
0.479817 0.003353 0.046210 
0.462778 0.993149 0.462022 
0.057405 0.003498 0.491768 
0.005711 0.004099 0.986091 0.004099 
0.250000 0.250000 0.250000 0.250000 
  50
0.479817 0.003353 0.046210 
0.462778 0.993149 0.462022 
0.057405 0.003498 0.491768 
0.984086 0.006020 0.004099 0.005796 
0.250000 0.250000 0.250000 0.250000 
  51
0.479817 0.003353 0.046210 
0.462778 0.993149 0.462022 
0.057405 0.003498 0.491768 
0.898351 0.092814 0.004736 0.004099 
0.250000 0.250000 0.250000 0.250000 
  52
0.479817 0.003353 0.046210 
0.462778 0.993149 0.462022 
0.057405 0.003498 0.491768 
0.793719 0.194129 0.006783 0.005369 
0.250000 0.250000 0.250000 0.250000 
  53
0.479817 0.003353 0.046210 
0.462778 0.993149 0.462022 
0.057405 0.003498 0.491768 
0.978917 0.007566 0.004099 0.009418 
0.250000 0.250000 0.250000 0.250000 
  54
0.479817 0.068704 0.046210 
0.462778 0.927798 0.462022 
0.025362 0.003743 0.491768 
0.685467 0.010813 0.155777 0.147943 
0.250000 0.250000 0.250000 0.250000 
  55
0.770183 0.003587 0.046210 
0.204455 0.992670 0.462022 
0.025362 0.003743 0.491768 
0.016232 0.004820 0.864534 0.114414 
0.250000 0.250000 0.250000 0.250000 
  56
0.770183 0.003587 0.046210 
0.204455 0.992670 0.462022 
0.025362 0.003743 0.491768 
0.091432 0.004462 0.050245 0.853861 
0.250000 0.250000 0.250000 0.250000 
  57
0.211983 0.003587 0.046210 
0.762655 0.992670 0.462022 
0.057405 0.003498 0.491768 
0.005417 0.005602 0.171979 0.817003 
0.250000 0.250000 0.250000 0.250000 
  58
0.479817 0.003353 0.046210 
0.462778 0.993149 0.462022 
0.057405 0.003498 0.491768 
0.013704 0.004099 0.849733 0.132464 
0.250000 0.250000 0.250000 0.250000 
  59
0.479817 0.003353 0.046210 
0.462778 0.993149 0.462022 
0.057405 0.003498 0.491768 
0.005026 0.004099 0.981435 0.009439 
0.250000 0.250000 0.250000 0.250000 
  60
0.479817 0.003353 0.046210 
0.462778 0.993149 0.462022 
0.057405 0.003498 0.491768 
0.343360 0.012874 0.342496 0.301270 
0.250000 0.250000 0.250000 0.250000 
  61
0.479817 0.003353 0.046210 
0.462778 0.993149 0.462022 
0.057405 0.003498 0.491768 
0.102971 0.886369 0.004100 0.006561 
0.250000 0.250000 0.250000 0.250000 
  62
0.479817 0.003353 0.046210 
0.462778 0.993149 0.462022 
0.057405 0.003498 0.491768 
0.123417 0.764164 0.041761 0.070658 
0.250000 0.250000 0.250000 0.250000 
  63
0.479817 0.003353 0.046210 
0.462778 0.993149 0.462022 
0.057405 0.003498 0.491768 
0.751428 0.151700 0.084500 0.012372 
0.250000 0.250000 0.250000 0.250000 
  64
0.479817 0.003353 0.046210 
0.462778 0.993149 0.462022 
0.057405 0.003498 0.491768 
0.976296 0.015506 0.004099 0.004099 
0.250000 0.250000 0.250000 0.250000 
  65
0.479817 0.003353 0.046210 
0.462778 0.993149 0.462022 
0.057405 0.003498 0.491768 
0.791789 0.188941 0.004551 0.014719 
0.250000 0.250000 0.250000 0.250000 
  66
0.479817 0.003353 0.046210 
0.462778 0.993149 0.462022 
0.057405 0.003498 0.491768 
0.010403 0.025472 0.145751 0.818374 
0.250000 0.250000 0.250000 0.250000 
  67
0.479817 0.003353 0.046210 
0.462778 0.993149 0.462022 
0.057405 0.003498 0.491768 
0.146994 0.844262 0.004099 0.004646 
0.250000 0.250000 0.250000 0.250000 
  68
0.479817 0.003353 0.046210 
0.462778 0.993149 0.462022 
0.057405 0.003498 0.491768 
0.902009 0.089793 0.004099 0.004099 
0.250000 0.250000 0.250000 0.250000 
  69
0.479817 0.003353 0.046210 
0.462778 0.993149 0.462022 
0.057405 0.003498 0.491768 
0.036072 0.004099 0.948516 0.011314 
0.250000 0.250000 0.250000 0.250000 
  70
0.479817 0.003353 0.046210 
0.462778 0.993149 0.462022 
0.057405 0.003498 0.491768 
0.974608 0.017194 0.004099 0.004099 
0.250000 0.250000 0.250000 0.250000 
  71
0.479817 0.003353 0.046210 
0.462778 0.993149 0.462022 
0.057405 0.003498 0.491768 
0.973376 0.010936 0.011589 0.004099 
0.250000 0.250000 0.250000 0.250000 
  72
0.479817 0.003353 0.046210 
0.462778 0.993149 0.462022 
0.057405 0.003498 0.491768 
0.015111 0.004100 0.926464 0.054326 
0.250000 0.250000 0.250000 0.250000 
  73
0.479817 0.003353 0.046210 
0.462778 0.993149 0.462022 
0.057405 0.003498 0.491768 
0.982821 0.008609 0.004472 0.004099 
0.250000 0.250000 0.250000 0.250000 
  74
0.479817 0.003353 0.046210 
0.462778 0.993149 0.462022 
0.057405 0.003498 0.491768 
0.195563 0.792790 0.007547 0.004099 
0.250000 0.250000 0.250000 0.250000 
  75
0.479817 0.003353 0.046210 
0.462778 0.993149 0.462022 
0.057405 0.003498 0.491768 
0.006496 0.004099 0.892092 0.097313 
0.250000 0.250000 0.250000 0.250000 
  76
0.479817 0.003353 0.046210 
0.462778 0.993149 0.462022 
0.057405 0.003498 0.491768 
0.970311 0.020080 0.004873 0.004736 
0.250000 0.250000 0.250000 0.250000 
  77
0.479817 0.003353 0.046210 
0.462778 0.993149 0.462022 
0.057405 0.003498 0.491768 
0.011797 0.004559 0.924762 0.058883 
0.250000 0.250000 0.250000 0.250000 
  78
0.479817 0.003353 0.046210 
0.462778 0.993149 0.462022 
0.057405 0.003498 0.491768 
0.256170 0.594078 0.011759 0.137993 
0.250000 0.250000 0.250000 0.250000 
  79
0.479817 0.003353 0.046210 
0.462778 0.993149 0.462022 
0.057405 0.003498 0.491768 
0.004099 0.986552 0.005250 0.004099 
0.250000 0.250000 0.250000 0.250000 
  80
0.479817 0.003353 0.046210 
0.462778 0.993149 0.462022 
0.057405 0.003498 0.491768 
0.004099 0.004099 0.987703 0.004099 
0.250000 0.250000 0.250000 0.250000 
  81
0.479817 0.003353 0.046210 
0.462778 0.993149 0.462022 
0.057405 0.003498 0.491768 
0.892065 0.012796 0.084993 0.010146 
0.250000 0.250000 0.250000 0.250000 
  82
0.479817 0.003353 0.046210 
0.462778 0.993149 0.462022 
0.057405 0.003498 0.491768 
0.986803 0.004999 0.004099 0.004099 
0.250000 0.250000 0.250000 0.250000 
  83
0.479817 0.003353 0.046210 
0.462778 0.993149 0.462022 
0.057405 0.003498 0.491768 
0.005703 0.004099 0.977847 0.012351 
0.250000 0.250000 0.250000 0.250000 
  84
0.479817 0.003353 0.046210 
0.462778 0.993149 0.462022 
0.057405 0.003498 0.491768 
0.316523 0.658865 0.011591 0.013021 
0.250000 0.250000 0.250000 0.250000 
  85
0.479817 0.003353 0.046210 
0.462778 0.993149 0.462022 
0.057405 0.003498 0.491768 
0.004099 0.004099 0.930236 0.061566 
0.250000 0.250000 0.250000 0.250000 
  86
0.479817 0.003353 0.046210 
0.462778 0.993149 0.462022 
0.057405 0.003498 0.491768 
0.004099 0.004099 0.006476 0.985326 
0.250000 0.250000 0.250000 0.250000 
  87
0.479817 0.003353 0.046210 
0.462778 0.993149 0.462022 
0.057405 0.003498 0.491768 
0.090683 0.886275 0.006385 0.016657 
0.250000 0.250000 0.250000 0.250000 
  88
0.479817 0.003353 0.046210 
0.462778 0.993149 0.462022 
0.057405 0.003498 0.491768 
0.004099 0.004099 0.004099 0.987703 
0.250000 0.250000 0.250000 0.250000 
  89
0.479817 0.003353 0.046210 
0.462778 0.993149 0.462022 
0.057405 0.003498 0.491768 
0.004099 0.987703 0.004099 0.004099 
0.250000 0.250000 0.250000 0.250000 
  90
0.479817 0.003353 0.046210 
0.462778 0.993149 0.462022 
0.057405 0.003498 0.491768 
0.004100 0.004100 0.888060 0.103740 
0.250000 0.250000 0.250000 0.250000 
  91
0.479817 0.003353 0.046210 
0.462778 0.993149 0.462022 
0.057405 0.003498 0.491768 
0.004906 0.004409 0.870967 0.119718 
0.250000 0.250000 0.250000 0.250000 
  92
0.479817 0.003353 0.046210 
0.462778 0.993149 0.462022 
0.057405 0.003498 0.491768 
0.004099 0.004099 0.004099 0.987703 
0.250000 0.250000 0.250000 0.250000 
  93
0.479817 0.003353 0.046210 
0.462778 0.993149 0.462022 
0.057405 0.003498 0.491768 
0.088871 0.487287 0.004557 0.419285 
0.250000 0.250000 0.250000 0.250000 
  94
0.479817 0.003353 0.046210 
0.462778 0.993149 0.462022 
0.057405 0.003498 0.491768 
0.004099 0.987703 0.004099 0.004099 
0.250000 0.250000 0.250000 0.250000 
  95
0.479817 0.003353 0.046210 
0.462778 0.993149 0.462022 
0.057405 0.003498 0.491768 
0.004099 0.987207 0.004595 0.004099 
0.250000 0.250000 0.250000 0.250000 
  96
0.479817 0.003353 0.046210 
0.462778 0.993149 0.462022 
0.057405 0.003498 0.491768 
0.385192 0.604982 0.004402 0.005424 
0.250000 0.250000 0.250000 0.250000 
  97
0.479817 0.003353 0.046210 
0.462778 0.993149 0.462022 
0.057405 0.003498 0.491768 
0.004099 0.004099 0.987703 0.004099 
0.250000 0.250000 0.250000 0.250000 
  98
0.479817 0.003353 0.046210 
0.462778 0.993149 0.462022 
0.057405 0.003498 0.491768 
0.987703 0.004099 0.004099 0.004099 
0.250000 0.250000 0.250000 0.250000 
  99
0.479817 0.003353 0.046210 
0.462778 0.993149 0.462022 
0.057405 0.003498 0.491768 
0.004099 0.004099 0.744523 0.247279 
0.250000 0.250000 0.250000 0.250000 
 100
0.479817 0.003353 0.046210 
0.462778 0.993149 0.462022 
0.057405 0.003498 0.491768 
0.004099 0.004099 0.987251 0.004552 
0.250000 0.250000 0.250000 0.250000 
 101
0.479817 0.003353 0.046210 
0.462778 0.993149 0.462022 
0.057405 0.003498 0.491768 
0.987703 0.004099 0.004099 0.004099 
0.250000 0.250000 0.250000 0.250000 
 102
0.479817 0.003353 0.046210 
0.462778 0.993149 0.462022 
0.057405 0.003498 0.491768 
0.004099 0.004458 0.014633 0.976810 
0.250000 0.250000 0.250000 0.250000 
 103
0.479817 0.003353 0.046210 
0.462778 0.993149 0.462022 
0.057405 0.003498 0.491768 
0.004659 0.986622 0.004099 0.004620 
0.250000 0.250000 0.250000 0.250000 
 104
0.479817 0.003353 0.046210 
0.462778 0.993149 0.462022 
0.057405 0.003498 0.491768 
0.004099 0.004099 0.987703 0.004099 
0.250000 0.250000 0.250000 0.250000 
 105
0.479817 0.003353 0.046210 
0.462778 0.993149 0.462022 
0.057405 0.003498 0.491768 
0.894325 0.095762 0.004100 0.005813 
0.250000 0.250000 0.250000 0.250000 
 106
0.479817 0.003353 0.046210 
0.462778 0.993149 0.462022 
0.057405 0.003498 0.491768 
0.005087 0.986714 0.004100 0.004100 
0.250000 0.250000 0.250000 0.250000 
 107
0.479817 0.003353 0.046210 
0.462778 0.993149 0.462022 
0.057405 0.003498 0.491768 
0.004099 0.004099 0.004099 0.987703 
0.250000 0.250000 0.250000 0.250000 
 108
0.479817 0.003353 0.046210 
0.462778 0.993149 0.462022 
0.057405 0.003498 0.491768 
0.598024 0.382880 0.012305 0.006791 
0.250000 0.250000 0.250000 0.250000 
 109
0.479817 0.003353 0.046210 
0.462778 0.993149 0.462022 
0.057405 0.003498 0.491768 
0.005716 0.085567 0.897295 0.011422 
0.250000 0.250000 0.250000 0.250000 
 110
0.479817 0.003353 0.046210 
0.462778 0.993149 0.462022 
0.057405 0.003498 0.491768 
0.014321 0.004099 0.976776 0.004804 
0.250000 0.250000 0.250000 0.250000 
 111
0.479817 0.003353 0.046210 
0.462778 0.993149 0.462022 
0.057405 0.003498 0.491768 
0.833185 0.146588 0.007001 0.013225 
0.250000 0.250000 0.250000 0.250000 
 112
0.479817 0.003353 0.046210 
0.462778 0.993149 0.462022 
0.057405 0.003498 0.491768 
0.987703 0.004099 0.004099 0.004099 
0.250000 0.250000 0.250000 0.250000 
 113
0.479817 0.003353 0.046210 
0.462778 0.993149 0.462022 
0.057405 0.003498 0.491768 
0.986305 0.005149 0.004447 0.004099 
0.250000 0.250000 0.250000 0.250000 
 114
0.479817 0.003353 0.046210 
0.462778 0.993149 0.462022 
0.057405 0.003498 0.491768 
0.004101 0.004101 0.762230 0.229568 
0.250000 0.250000 0.250000 0.250000 
 115
0.479817 0.003353 0.046210 
0.462778 0.993149 0.462022 
0.057405 0.003498 0.491768 
0.004099 0.987703 0.004099 0.004099 
0.250000 0.250000 0.250000 0.250000 
 116
0.479817 0.003353 0.046210 
0.462778 0.993149 0.462022 
0.057405 0.003498 0.491768 
0.004099 0.987703 0.004099 0.004099 
0.250000 0.250000 0.250000 0.250000 
 117
0.479817 0.003353 0.046210 
0.462778 0.993149 0.462022 
0.057405 0.003498 0.491768 
0.845651 0.145612 0.004099 0.004638 
0.250000 0.250000 0.250000 0.250000 
 118
0.479817 0.003353 0.046210 
0.462778 0.993149 0.462022 
0.057405 0.003498 0.491768 
0.987703 0.004099 0.004099 0.004099 
0.250000 0.250000 0.250000 0.250000 
 119
0.479817 0.003353 0.046210 
0.462778 0.993149 0.462022 
0.057405 0.003498 0.491768 
0.004099 0.004099 0.987703 0.004099 
0.250000 0.250000 0.250000 0.250000 
 120
0.479817 0.003353 0.046210 
0.462778 0.993149 0.462022 
0.057405 0.003498 0.491768 
0.349155 0.637910 0.008080 0.004856 
0.250000 0.250000 0.250000 0.250000 
 121
0.479817 0.003353 0.046210 
0.462778 0.993149 0.462022 
0.057405 0.003498 0.491768 
0.622964 0.013462 0.245912 0.117663 
0.250000 0.250000 0.250000 0.250000 
 122
0.479817 0.003353 0.046210 
0.462778 0.993149 0.462022 
0.057405 0.003498 0.491768 
0.004099 0.004099 0.005224 0.986578 
0.250000 0.250000 0.250000 0.250000 
 123
0.479817 0.003353 0.046210 
0.462778 0.993149 0.462022 
0.057405 0.003498 0.491768 
0.902167 0.085318 0.004424 0.008091 
0.250000 0.250000 0.250000 0.250000 
 124
0.479817 0.003353 0.046210 
0.462778 0.993149 0.462022 
0.057405 0.003498 0.491768 
0.004099 0.987703 0.004099 0.004099 
0.250000 0.250000 0.250000 0.250000 
 125
0.479817 0.003353 0.046210 
0.462778 0.993149 0.462022 
0.057405 0.003498 0.491768 
0.004099 0.004099 0.004099 0.987703 
0.250000 0.250000 0.250000 0.250000 
 126
0.479817 0.003353 0.046210 
0.462778 0.993149 0.462022 
0.057405 0.003498 0.491768 
0.091933 0.898074 0.004878 0.005115 
0.250000 0.250000 0.250000 0.250000 
 127
0.479817 0.003353 0.046210 
0.462778 0.993149 0.462022 
0.057405 0.003498 0.491768 
0.983010 0.005460 0.007431 0.004099 
0.250000 0.250000 0.250000 0.250000 
 128
0.479817 0.003353 0.046210 
0.462778 0.993149 0.462022 
0.057405 0.003498 0.491768 
0.981722 0.010080 0.004099 0.004099 
0.250000 0.250000 0.250000 0.250000 
 129
0.479817 0.003353 0.046210 
0.462778 0.993149 0.462022 
0.057405 0.003498 0.491768 
0.839370 0.151141 0.005390 0.004099 
0.250000 0.250000 0.250000 0.250000 
 130
0.479817 0.003353 0.046210 
0.462778 0.993149 0.462022 
0.057405 0.003498 0.491768 
0.986976 0.004826 0.004099 0.004099 
0.250000 0.250000 0.250000 0.250000 
 131
0.479817 0.003353 0.046210 
0.462778 0.993149 0.462022 
0.057405 0.003498 0.491768 
0.004099 0.004099 0.986578 0.005225 
0.250000 0.250000 0.250000 0.250000 
 132
0.479817 0.003353 0.046210 
0.462778 0.993149 0.462022 
0.057405 0.003498 0.491768 
0.960238 0.007585 0.019106 0.013072 
0.250000 0.250000 0.250000 0.250000 
 133
0.479817 0.003353 0.046210 
0.462778 0.993149 0.462022 
0.057405 0.003498 0.491768 
0.978956 0.004099 0.007527 0.009418 
0.250000 0.250000 0.250000 0.250000 
 134
0.479817 0.003353 0.046210 
0.462778 0.993149 0.462022 
0.057405 0.003498 0.491768 
0.004823 0.004099 0.004099 0.986979 
0.250000 0.250000 0.250000 0.250000 
 135
0.479817 0.003353 0.046210 
0.462778 0.993149 0.462022 
0.057405 0.003498 0.491768 
0.142338 0.008535 0.750435 0.098692 
0.250000 0.250000 0.250000 0.250000 
 136
0.479817 0.003353 0.046210 
0.462778 0.993149 0.462022 
0.057405 0.003498 0.491768 
0.985731 0.006071 0.004099 0.004099 
0.250000 0.250000 0.250000 0.250000 
 137
0.479817 0.003353 0.046210 
0.462778 0.993149 0.462022 
0.057405 0.003498 0.491768 
0.004099 0.036144 0.954651 0.005106 
0.250000 0.250000 0.250000 0.250000 
 138
0.479817 0.003353 0.046210 
0.462778 0.993149 0.462022 
0.057405 0.003498 0.491768 
0.146377 0.753293 0.007333 0.092998 
0.250000 0.250000 0.250000 0.250000 
 139
0.479817 0.003353 0.046210 
0.462778 0.993149 0.462022 
0.057405 0.003498 0.491768 
0.602832 0.388970 0.004099 0.004099 
0.250000 0.250000 0.250000 0.250000 
 140
0.479817 0.003353 0.046210 
0.462778 0.993149 0.462022 
0.057405 0.003498 0.491768 
0.976655 0.015147 0.004099 0.004099 
0.250000 0.250000 0.250000 0.250000 
 141
0.479817 0.003353 0.046210 
0.462778 0.993149 0.462022 
0.057405 0.003498 0.491768 
0.004796 0.004560 0.037725 0.952919 
0.250000 0.250000 0.250000 0.250000 
 142
0.479817 0.003353 0.046210 
0.462778 0.993149 0.462022 
0.057405 0.003498 0.491768 
0.007273 0.984529 0.004099 0.004099 
0.250000 0.250000 0.250000 0.250000 
 143
0.479817 0.003353 0.046210 
0.462778 0.993149 0.462022 
0.057405 0.003498 0.491768 
0.985498 0.005639 0.004765 0.004099 
0.250000 0.250000 0.250000 0.250000 
 144
0.479817 0.003353 0.046210 
0.462778 0.993149 0.462022 
0.057405 0.003498 0.491768 
0.008313 0.005044 0.706309 0.280334 
0.250000 0.250000 0.250000 0.250000 
 145
0.479817 0.003480 0.046210 
0.462778 0.993022 0.462022 
0.057264 0.003498 0.491768 
0.006526 0.004100 0.984912 0.004462 
0.250000 0.250000 0.250000 0.250000 
 146
0.481093 0.003353 0.046210 
0.461642 0.993148 0.462022 
0.057264 0.003498 0.491768 
0.982791 0.009010 0.004100 0.004100 
0.250000 0.250000 0.250000 0.250000 
 147
0.481093 0.003353 0.046210 
0.461642 0.993148 0.462022 
0.057264 0.003498 0.491768 
0.833571 0.136778 0.025551 0.004100 
0.250000 0.250000 0.250000 0.250000 
 148
0.478640 0.003353 0.046210 
0.464096 0.993148 0.462022 
0.057405 0.003498 0.491768 
0.974696 0.015979 0.005226 0.004099 
0.250000 0.250000 0.250000 0.250000 
 149
0.479817 0.003353 0.046210 
0.462778 0.993149 0.462022 
0.057405 0.003498 0.491768 
0.004687 0.004099 0.006638 0.984576 
0.250000 0.250000 0.250000 0.250000 
 150
0.479817 0.003353 0.046210 
0.462778 0.993149 0.462022 
0.057405 0.003498 0.491768 
0.027525 0.004099 0.019779 0.948598 
0.250000 0.250000 0.250000 0.250000 
 151
0.479817 0.003353 0.046210 
0.462778 0.993149 0.462022 
0.057405 0.003498 0.491768 
0.004099 0.987703 0.004099 0.004099 
0.250000 0.250000 0.250000 0.250000 
 152
0.479817 0.003353 0.046210 
0.462778 0.993149 0.462022 
0.057405 0.003498 0.491768 
0.987703 0.004099 0.004099 0.004099 
0.250000 0.250000 0.250000 0.250000 
 153
0.479817 0.003353 0.046210 
0.462778 0.993149 0.462022 
0.057405 0.003498 0.491768 
0.788584 0.203218 0.004099 0.004099 
0.250000 0.250000 0.250000 0.250000 
 154
0.479817 0.003353 0.046210 
0.462778 0.993149 0.462022 
0.057405 0.003498 0.491768 
0.004099 0.987703 0.004099 0.004099 
0.250000 0.250000 0.250000 0.250000 
 155
0.479817 0.003353 0.046210 
0.462778 0.993149 0.462022 
0.057405 0.003498 0.491768 
0.004099 0.004099 0.004099 0.987703 
0.250000 0.250000 0.250000 0.250000 
 156
0.479817 0.003353 0.046210 
0.462778 0.993149 0.462022 
0.057405 0.003498 0.491768 
0.089878 0.485903 0.008200 0.416020 
0.250000 0.250000 0.250000 0.250000 
 157
0.479817 0.003353 0.046210 
0.462778 0.993149 0.462022 
0.057405 0.003498 0.491768 
0.987703 0.004099 0.004099 0.004099 
0.250000 0.250000 0.250000 0.250000 
 158
0.479817 0.003353 0.046210 
0.462778 0.993149 0.462022 
0.057405 0.003498 0.491768 
0.004099 0.004099 0.987703 0.004099 
0.250000 0.250000 0.250000 0.250000 
 159
0.479817 0.003353 0.046210 
0.462778 0.993149 0.462022 
0.057405 0.003498 0.491768 
0.090046 0.004399 0.118241 0.787314 
0.250000 0.250000 0.250000 0.250000 
 160
0.479817 0.003353 0.046210 
0.462778 0.993149 0.462022 
0.057405 0.003498 0.491768 
0.986478 0.004853 0.004099 0.004569 
0.250000 0.250000 0.250000 0.250000 
 161
0.479817 0.003353 0.046210 
0.462778 0.993149 0.462022 
0.057405 0.003498 0.491768 
0.986192 0.005263 0.004445 0.004100 
0.250000 0.250000 0.250000 0.250000 
 162
0.479817 0.003353 0.046210 
0.462778 0.993149 0.462022 
0.057405 0.003498 0.491768 
0.004099 0.004099 0.029175 0.962628 
0.250000 0.250000 0.250000 0.250000 
 163
0.479817 0.003353 0.046210 
0.462778 0.993149 0.462022 
0.057405 0.003498 0.491768 
0.004099 0.987703 0.004099 0.004099 
0.250000 0.250000 0.250000 0.250000 
 164
0.479817 0.003353 0.046210 
0.462778 0.993149 0.462022 
0.057405 0.003498 0.491768 
0.004099 0.004099 0.987703 0.004099 
0.250000 0.250000 0.250000 0.250000 
 165
0.479817 0.003353 0.046210 
0.462778 0.993149 0.462022 
0.057405 0.003498 0.491768 
0.012920 0.038455 0.122468 0.826158 
0.250000 0.250000 0.250000 0.250000 
 166
0.479817 0.003353 0.046210 
0.462778 0.993149 0.462022 
0.057405 0.003498 0.491768 
0.987703 0.004099 0.004099 0.004099 
0.250000 0.250000 0.250000 0.250000 
 167
0.479817 0.003353 0.046210 
0.462778 0.993149 0.462022 
0.057405 0.003498 0.491768 
0.004640 0.004099 0.987162 0.004099 
0.250000 0.250000 0.250000 0.250000 
 168
0.479817 0.003353 0.046210 
0.462778 0.993149 0.462022 
0.057405 0.003498 0.491768 
0.040207 0.004609 0.079952 0.875233 
0.250000 0.250000 0.250000 0.250000 
 169
0.479817 0.003353 0.046210 
0.462778 0.993149 0.462022 
0.057405 0.003498 0.491768 
0.004099 0.987703 0.004099 0.004099 
0.250000 0.250000 0.250000 0.250000 
 170
0.479817 0.003353 0.046210 
0.462778 0.993149 0.462022 
0.057405 0.003498 0.491768 
0.983566 0.004731 0.004099 0.007603 
0.250000 0.250000 0.250000 0.250000 
 171
0.479817 0.003353 0.046210 
0.462778 0.993149 0.462022 
0.057405 0.003498 0.491768 
0.225274 0.766528 0.004099 0.004099 
0.250000 0.250000 0.250000 0.250000 
 172
0.479817 0.003353 0.046210 
0.462778 0.993149 0.462022 
0.057405 0.003498 0.491768 
0.006154 0.004099 0.844595 0.145152 
0.250000 0.250000 0.250000 0.250000 
 173
0.479817 0.003353 0.046210 
0.462778 0.993149 0.462022 
0.057405 0.003498 0.491768 
0.004099 0.004099 0.004099 0.987703 
0.250000 0.250000 0.250000 0.250000 
 174
0.479817 0.003353 0.046210 
0.462778 0.993149 0.462022 
0.057405 0.003498 0.491768 
0.209782 0.781480 0.004099 0.004638 
0.250000 0.250000 0.250000 0.250000 
 175
0.479817 0.003353 0.046210 
0.462778 0.993149 0.462022 
0.057405 0.003498 0.491768 
0.005903 0.985900 0.004099 0.004099 
0.250000 0.250000 0.250000 0.250000 
 176
0.479817 0.003353 0.046210 
0.462778 0.993149 0.462022 
0.057405 0.003498 0.491768 
0.004099 0.004099 0.004099 0.987703 
0.250000 0.250000 0.250000 0.250000 
 177
0.479817 0.003353 0.046210 
0.462778 0.993149 0.462022 
0.057405 0.003498 0.491768 
0.014416 0.005512 0.150408 0.829664 
0.250000 0.250000 0.250000 0.250000 
 178
0.479817 0.003353 0.046210 
0.462778 0.993149 0.462022 
0.057405 0.003498 0.491768 
0.004557 0.004099 0.987245 0.004099 
0.250000 0.250000 0.250000 0.250000 
 179
0.479817 0.003353 0.046210 
0.462778 0.993149 0.462022 
0.057405 0.003498 0.491768 
0.987070 0.004732 0.004099 0.004099 
0.250000 0.250000 0.250000 0.250000 
 180
0.479817 0.003353 0.046210 
0.462778 0.993149 0.462022 
0.057405 0.003498 0.491768 
0.122960 0.867873 0.004106 0.005061 
0.250000 0.250000 0.250000 0.250000 
 181
0.479817 0.003353 0.046210 
0.462778 0.993149 0.462022 
0.057405 0.003498 0.491768 
0.975143 0.016659 0.004099 0.004099 
0.250000 0.250000 0.250000 0.250000 
 182
0.479817 0.003353 0.046210 
0.462778 0.993149 0.462022 
0.057405 0.003498 0.491768 
0.075373 0.904827 0.005185 0.014615 
0.250000 0.250000 0.250000 0.250000 
 183
0.479817 0.003353 0.046210 
0.462778 0.993149 0.462022 
0.057405 0.003498 0.491768 
0.004099 0.004099 0.299954 0.691848 
0.250000 0.250000 0.250000 0.250000 
 184
0.479817 0.003353 0.046210 
0.462778 0.993149 0.462022 
0.057405 0.003498 0.491768 
0.087268 0.010428 0.005668 0.896636 
0.250000 0.250000 0.250000 0.250000 
 185
0.479817 0.003353 0.046210 
0.462778 0.993149 0.462022 
0.057405 0.003498 0.491768 
0.004099 0.005032 0.890737 0.100132 
0.250000 0.250000 0.250000 0.250000 
 186
0.479817 0.003353 0.046210 
0.462778 0.993149 0.462022 
0.057405 0.003498 0.491768 
0.006486 0.005667 0.835785 0.152062 
0.250000 0.250000 0.250000 0.250000 
 187
0.479817 0.003353 0.046210 
0.462778 0.993149 0.462022 
0.057405 0.003498 0.491768 
0.010236 0.004437 0.011817 0.973510 
0.250000 0.250000 0.250000 0.250000 
 188
0.479817 0.003353 0.046210 
0.462778 0.993149 0.462022 
0.057405 0.003498 0.491768 
0.004099 0.004099 0.985098 0.006704 
0.250000 0.250000 0.250000 0.250000 
 189
0.479817 0.003353 0.046210 
0.462778 0.993149 0.462022 
0.057405 0.003498 0.491768 
0.941303 0.038825 0.014814 0.005058 
0.250000 0.250000 0.250000 0.250000 
 190
0.479817 0.003353 0.046210 
0.462778 0.993149 0.462022 
0.057405 0.003498 0.491768 
0.965664 0.024506 0.004099 0.005730 
0.250000 0.250000 0.250000 0.250000 
 191
0.479817 0.003353 0.046210 
0.462778 0.993149 0.462022 
0.057405 0.003498 0.491768 
0.004819 0.004451 0.881916 0.108813 
0.250000 0.250000 0.250000 0.250000 
 192
0.479817 0.003353 0.046210 
0.462778 0.993149 0.462022 
0.057405 0.003498 0.491768 
0.885398 0.101311 0.004099 0.009193 
0.250000 0.250000 0.250000 0.250000 
 193
0.479817 0.003353 0.046210 
0.462778 0.993149 0.462022 
0.057405 0.003498 0.491768 
0.012849 0.978953 0.004099 0.004099 
0.250000 0.250000 0.250000 0.250000 
 194
0.479817 0.003353 0.046210 
0.462778 0.993149 0.462022 
0.057405 0.003498 0.491768 
0.009775 0.982027 0.004099 0.004099 
0.250000 0.250000 0.250000 0.250000 
 195
0.479817 0.003353 0.046210 
0.462778 0.993149 0.462022 
0.057405 0.003498 0.491768 
0.035816 0.293030 0.007829 0.663324 
0.250000 0.250000 0.250000 0.250000 
 196
0.479817 0.003353 0.046210 
0.462778 0.993149 0.462022 
0.057405 0.003498 0.491768 
0.557921 0.433057 0.004923 0.004099 
0.250000 0.250000 0.250000 0.250000 
 197
0.479817 0.003353 0.046210 
0.462778 0.993149 0.462022 
0.057405 0.003498 0.491768 
0.663845 0.318777 0.011589 0.005790 
0.250000 0.250000 0.250000 0.250000 
 198
0.479817 0.003353 0.046210 
0.462778 0.993149 0.462022 
0.057405 0.003498 0.491768 
0.949984 0.041208 0.004708 0.004100 
0.250000 0.250000 0.250000 0.250000 
 199
0.479817 0.003353 0.046210 
0.462778 0.993149 0.462022 
0.057405 0.003498 0.491768 
0.986255 0.004099 0.005547 0.004099 
0.250000 0.250000 0.250000 0.250000 
 200
0.479817 0.003353 0.046210 
0.462778 0.993149 0.462022 
0.057405 0.003498 0.491768 
0.004099 0.004099 0.004099 0.987703 
0.250000 0.250000 0.250000 0.250000 
 201
0.479817 0.003353 0.046210 
0.462778 0.993149 0.462022 
0.057405 0.003498 0.491768 
0.974085 0.004718 0.005688 0.015509 
0.250000 0.250000 0.250000 0.250000 
 202
0.479817 0.003353 0.046210 
0.462778 0.993149 0.462022 
0.057405 0.003498 0.491768 
0.004099 0.004099 0.004099 0.987703 
0.250000 0.250000 0.250000 0.250000 
 203
0.479817 0.003353 0.046210 
0.462778 0.993149 0.462022 
0.057405 0.003498 0.491768 
0.004099 0.987703 0.004099 0.004099 
0.250000 0.250000 0.250000 0.250000 
 204
0.479817 0.003353 0.046210 
0.462778 0.993149 0.462022 
0.057405 0.003498 0.491768 
0.004100 0.004100 0.960228 0.031571 
0.250000 0.250000 0.250000 0.250000 
 205
0.479817 0.003353 0.046210 
0.462778 0.993149 0.462022 
0.057405 0.003498 0.491768 
0.478299 0.513157 0.004099 0.004445 
0.250000 0.250000 0.250000 0.250000 
 206
0.479817 0.003353 0.046210 
0.462778 0.993149 0.462022 
0.057405 0.003498 0.491768 
0.981461 0.010341 0.004099 0.004099 
0.250000 0.250000 0.250000 0.250000 
 207
0.479817 0.003353 0.046210 
0.462778 0.993149 0.462022 
0.057405 0.003498 0.491768 
0.005464 0.005844 0.970065 0.018628 
0.250000 0.250000 0.250000 0.250000 
 208
0.479817 0.003353 0.046210 
0.462778 0.993149 0.462022 
0.057405 0.003498 0.491768 
0.986140 0.005274 0.004486 0.004099 
0.250000 0.250000 0.250000 0.250000 
 209
0.479817 0.003353 0.046210 
0.462778 0.993149 0.462022 
0.057405 0.003498 0.491768 
0.351581 0.638677 0.004677 0.005065 
0.250000 0.250000 0.250000 0.250000 
 210
0.479817 0.003353 0.046210 
0.462778 0.993149 0.462022 
0.057405 0.003498 0.491768 
0.009658 0.004446 0.167943 0.817953 
0.250000 0.250000 0.250000 0.250000 
 211
0.479817 0.003353 0.046210 
0.462778 0.993149 0.462022 
0.057405 0.003498 0.491768 
0.004455 0.004099 0.930308 0.061138 
0.250000 0.250000 0.250000 0.250000 
 212
0.479817 0.003353 0.046210 
0.462778 0.993149 0.462022 
0.057405 0.003498 0.491768 
0.004099 0.004099 0.987703 0.004099 
0.250000 0.250000 0.250000 0.250000 
 213
0.479817 0.003353 0.046210 
0.462778 0.993149 0.462022 
0.057405 0.003498 0.491768 
0.152394 0.004099 0.083427 0.760080 
0.250000 0.250000 0.250000 0.250000 
 214
0.479817 0.003353 0.046210 
0.462778 0.993149 0.462022 
0.057405 0.003498 0.491768 
0.004099 0.004099 0.902982 0.088820 
0.250000 0.250000 0.250000 0.250000 
 215
0.479817 0.003353 0.046210 
0.462778 0.993149 0.462022 
0.057405 0.003498 0.491768 
0.986852 0.004951 0.004099 0.004099 
0.250000 0.250000 0.250000 0.250000 
 216
0.479817 0.003353 0.046210 
0.462778 0.993149 0.462022 
0.057405 0.003498 0.491768 
0.004099 0.004099 0.330100 0.661702 
0.250000 0.250000 0.250000 0.250000 
 217
0.479817 0.003353 0.046210 
0.462778 0.993149 0.462022 
0.057405 0.003498 0.491768 
0.302814 0.004099 0.687149 0.005938 
0.250000 0.250000 0.250000 0.250000 
 218
0.479817 0.003353 0.046210 
0.462778 0.993149 0.462022 
0.057405 0.003498 0.491768 
0.611781 0.376686 0.004099 0.007435 
0.250000 0.250000 0.250000 0.250000 
 219
0.479817 0.003353 0.046210 
0.462778 0.993149 0.462022 
0.057405 0.003498 0.491768 
0.458387 0.520150 0.005836 0.015627 
0.250000 0.250000 0.250000 0.250000 
 220
0.479817 0.003353 0.046210 
0.462778 0.993149 0.462022 
0.057405 0.003498 0.491768 
0.916975 0.074827 0.004099 0.004099 
0.250000 0.250000 0.250000 0.250000 
 221
0.479817 0.003353 0.046210 
0.462778 0.993149 0.462022 
0.057405 0.003498 0.491768 
0.004099 0.005836 0.004099 0.985966 
0.250000 0.250000 0.250000 0.250000 
 222
0.479817 0.003353 0.046210 
0.462778 0.993149 0.462022 
0.057405 0.003498 0.491768 
0.005140 0.004099 0.807034 0.183727 
0.250000 0.250000 0.250000 0.250000 
 223
0.479817 0.003353 0.046210 
0.462778 0.993149 0.462022 
0.057405 0.003498 0.491768 
0.009056 0.004099 0.982746 0.004099 
0.250000 0.250000 0.250000 0.250000 
 224
0.479817 0.003353 0.046210 
0.462778 0.993149 0.462022 
0.057405 0.003498 0.491768 
0.004099 0.004099 0.004099 0.987703 
0.250000 0.250000 0.250000 0.250000 
 225
0.479817 0.003353 0.046210 
0.462778 0.993149 0.462022 
0.057405 0.003498 0.491768 
0.085811 0.004099 0.055735 0.854356 
0.250000 0.250000 0.250000 0.250000 
 226
0.479817 0.003353 0.046210 
0.462778 0.993149 0.462022 
0.057405 0.003498 0.491768 
0.004099 0.987703 0.004099 0.004099 
0.250000 0.250000 0.250000 0.250000 
 227
0.479817 0.003353 0.046210 
0.462778 0.993149 0.462022 
0.057405 0.003498 0.491768 
0.987703 0.004099 0.004099 0.004099 
0.250000 0.250000 0.250000 0.250000 
 228
0.479817 0.003353 0.046210 
0.462778 0.993149 0.462022 
0.057405 0.003498 0.491768 
0.004099 0.004099 0.014588 0.977215 
0.250000 0.250000 0.250000 0.250000 
 229
0.479817 0.003353 0.046210 
0.462778 0.993149 0.462022 
0.057405 0.003498 0.491768 
0.004099 0.987703 0.004099 0.004099 
0.250000 0.250000 0.250000 0.250000 
 230
0.479817 0.003353 0.046210 
0.462778 0.993149 0.462022 
0.057405 0.003498 0.491768 
0.004099 0.987703 0.004099 0.004099 
0.250000 0.250000 0.250000 0.250000 
 231
0.479817 0.003353 0.046210 
0.462778 0.993149 0.462022 
0.057405 0.003498 0.491768 
0.844799 0.145856 0.005247 0.004099 
0.250000 0.250000 0.250000 0.250000 
 232
0.479817 0.003353 0.046210 
0.462778 0.993149 0.462022 
0.057405 0.003498 0.491768 
0.477573 0.510504 0.007824 0.004099 
0.250000 0.250000 0.250000 0.250000 
 233
0.479817 0.003353 0.046210 
0.462778 0.993149 0.462022 
0.057405 0.003498 0.491768 
0.636218 0.303282 0.029140 0.031359 
0.250000 0.250000 0.250000 0.250000 
 234
0.479817 0.003353 0.046210 
0.462778 0.993149 0.462022 
0.057405 0.003498 0.491768 
0.841608 0.149839 0.004454 0.004099 
0.250000 0.250000 0.250000 0.250000 
 235
0.479817 0.003353 0.046210 
0.462778 0.993149 0.462022 
0.057405 0.003498 0.491768 
0.759917 0.231883 0.004100 0.004100 
0.250000 0.250000 0.250000 0.250000 
 236
