%  SAM: /scicomp/home/vfn4/Tools/LABEL_RES/scripts/modelfromalign v3.5 (July 15, 2005) compiled 12/08/06_16:15:55
%  (c) 1992-2001 Regents of the University of California, Santa Cruz
%
%          Sequence Alignment and Modeling Software System
%         http://www.cse.ucsc.edu/research/compbio/sam.html
%
% ----------------- Citations (SAM, SAM-T2K, HMMs) --------------------
% R. Hughey, A. Krogh, Hidden Markov models for sequence analysis:
%  Extension and analysis of the basic method, CABIOS 12:95-107, 1996.
% K. Karplus, et al., What is the value added by human intervention in protein
%  structure prediction, Proteins: Stucture, Function, Genetics 45(S5):86--91, 2001.
% A. Krogh et al., Hidden Markov models in computational biology:
%  Applications to protein modeling, JMB 235:1501-1531, Feb 1994.
% ---------------------------------------------------------------------
%  A_HA_H2_hmm   Host: node5.aspen.biotech.cdc.gov    Thu Jun  5 17:04:58 2014
%  vfn4          Dir:  /scicomp/home/vfn4/IRMA/train2
% ---------------------------------------------------------------------
%  Alignment weights from internal calc.  Total (17.97) Max (0.10) Min (0.04)
%  Weights from alignment method 1 (karplus), b=-1.000000, e=0.500000
MODEL --  Model from alignment file /scicomp/home/vfn4/Tools/LABEL_RES/training_data/IRMA/A_HA_H2.fasta
alphabet DNA
FREQAVE
0.000000 0.000000 0.000000 
0.000000 0.000000 0.000000 
0.000000 0.000000 0.000000 
0.341040 0.237883 0.177333 0.243744 
0.341040 0.237883 0.177333 0.243744 
Begin
0.000000 0.000000 0.000000 
0.000000 0.000000 0.000000 
0.000000 0.007819 0.491768 
0.250000 0.250000 0.250000 0.250000 
0.250000 0.250000 0.250000 0.250000 
   1
0.000000 0.007495 0.046210 
0.000000 0.984686 0.462022 
0.057405 0.007819 0.491768 
0.960468 0.013177 0.013177 0.013177 
0.250000 0.250000 0.250000 0.250000 
   2
0.479817 0.007495 0.046210 
0.462778 0.984686 0.462022 
0.057405 0.007819 0.491768 
0.013177 0.013177 0.013177 0.960468 
0.250000 0.250000 0.250000 0.250000 
   3
0.479817 0.007495 0.046210 
0.462778 0.984686 0.462022 
0.057405 0.007819 0.491768 
0.013177 0.960468 0.013177 0.013177 
0.250000 0.250000 0.250000 0.250000 
   4
0.479817 0.007495 0.046210 
0.462778 0.984686 0.462022 
0.057405 0.007819 0.491768 
0.423358 0.550287 0.013177 0.013177 
0.250000 0.250000 0.250000 0.250000 
   5
0.479817 0.007495 0.046210 
0.462778 0.984686 0.462022 
0.057405 0.007819 0.491768 
0.013177 0.013177 0.934215 0.039431 
0.250000 0.250000 0.250000 0.250000 
   6
0.479817 0.007495 0.046210 
0.462778 0.984686 0.462022 
0.057405 0.007819 0.491768 
0.016458 0.013177 0.760530 0.209835 
0.250000 0.250000 0.250000 0.250000 
   7
0.479817 0.007495 0.046210 
0.462778 0.984686 0.462022 
0.057405 0.007819 0.491768 
0.951913 0.013177 0.021733 0.013177 
0.250000 0.250000 0.250000 0.250000 
   8
0.479817 0.007495 0.046210 
0.462778 0.984686 0.462022 
0.057405 0.007819 0.491768 
0.013177 0.013177 0.013177 0.960468 
0.250000 0.250000 0.250000 0.250000 
   9
0.479817 0.007495 0.046210 
0.462778 0.984686 0.462022 
0.057405 0.007819 0.491768 
0.013177 0.013177 0.960468 0.013177 
0.250000 0.250000 0.250000 0.250000 
  10
0.479817 0.007495 0.046210 
0.462778 0.984686 0.462022 
0.057405 0.007819 0.491768 
0.960468 0.013177 0.013177 0.013177 
0.250000 0.250000 0.250000 0.250000 
  11
0.479817 0.007495 0.046210 
0.462778 0.984686 0.462022 
0.057405 0.007819 0.491768 
0.013177 0.013177 0.405657 0.567989 
0.250000 0.250000 0.250000 0.250000 
  12
0.479817 0.007495 0.046210 
0.462778 0.984686 0.462022 
0.057405 0.007819 0.491768 
0.013177 0.013177 0.101602 0.872044 
0.250000 0.250000 0.250000 0.250000 
  13
0.479817 0.007495 0.046210 
0.462778 0.984686 0.462022 
0.057405 0.007819 0.491768 
0.013177 0.013177 0.013177 0.960468 
0.250000 0.250000 0.250000 0.250000 
  14
0.479817 0.007495 0.046210 
0.462778 0.984686 0.462022 
0.057405 0.007819 0.491768 
0.541007 0.016691 0.013177 0.429125 
0.250000 0.250000 0.250000 0.250000 
  15
0.479817 0.007495 0.046210 
0.462778 0.984686 0.462022 
0.057405 0.007819 0.491768 
0.026163 0.013177 0.041869 0.918790 
0.250000 0.250000 0.250000 0.250000 
  16
0.479817 0.007495 0.046210 
0.462778 0.984686 0.462022 
0.057405 0.007819 0.491768 
0.030687 0.013177 0.922032 0.034103 
0.250000 0.250000 0.250000 0.250000 
  17
0.479817 0.007495 0.046210 
0.462778 0.984686 0.462022 
0.057405 0.007819 0.491768 
0.013177 0.013177 0.013177 0.960468 
0.250000 0.250000 0.250000 0.250000 
  18
0.479817 0.007495 0.046210 
0.462778 0.984686 0.462022 
0.057405 0.007819 0.491768 
0.318198 0.025433 0.643193 0.013177 
0.250000 0.250000 0.250000 0.250000 
  19
0.479817 0.007495 0.046210 
0.462778 0.984686 0.462022 
0.057405 0.007819 0.491768 
0.943008 0.013177 0.016527 0.027288 
0.250000 0.250000 0.250000 0.250000 
  20
0.479817 0.007495 0.046210 
0.462778 0.984686 0.462022 
0.057405 0.007819 0.491768 
0.013177 0.013177 0.013177 0.960468 
0.250000 0.250000 0.250000 0.250000 
  21
0.479817 0.007495 0.046210 
0.462778 0.984686 0.462022 
0.057405 0.007819 0.491768 
0.105302 0.013177 0.424279 0.457242 
0.250000 0.250000 0.250000 0.250000 
  22
0.479817 0.007495 0.046210 
0.462778 0.984686 0.462022 
0.057405 0.007819 0.491768 
0.013177 0.013177 0.960468 0.013177 
0.250000 0.250000 0.250000 0.250000 
  23
0.479817 0.007495 0.046210 
0.462778 0.984686 0.462022 
0.057405 0.007819 0.491768 
0.013177 0.013177 0.013177 0.960468 
0.250000 0.250000 0.250000 0.250000 
  24
0.479817 0.007495 0.046210 
0.462778 0.984686 0.462022 
0.057405 0.007819 0.491768 
0.033127 0.013177 0.619002 0.334694 
0.250000 0.250000 0.250000 0.250000 
  25
0.479817 0.007495 0.046210 
0.462778 0.984686 0.462022 
0.057405 0.007819 0.491768 
0.025319 0.013177 0.910142 0.051362 
0.250000 0.250000 0.250000 0.250000 
  26
0.479817 0.007495 0.046210 
0.462778 0.984686 0.462022 
0.057405 0.007819 0.491768 
0.013177 0.013177 0.013177 0.960468 
0.250000 0.250000 0.250000 0.250000 
  27
0.479817 0.007495 0.046210 
0.462778 0.984686 0.462022 
0.057405 0.007819 0.491768 
0.109428 0.861348 0.016046 0.013177 
0.250000 0.250000 0.250000 0.250000 
  28
0.479817 0.007495 0.046210 
0.462778 0.984686 0.462022 
0.057405 0.007819 0.491768 
0.013177 0.013177 0.041004 0.932642 
0.250000 0.250000 0.250000 0.250000 
  29
0.479817 0.007495 0.046210 
0.462778 0.984686 0.462022 
0.057405 0.007819 0.491768 
0.013177 0.013177 0.013177 0.960468 
0.250000 0.250000 0.250000 0.250000 
  30
0.479817 0.007495 0.046210 
0.462778 0.984686 0.462022 
0.057405 0.007819 0.491768 
0.013177 0.013177 0.777484 0.196162 
0.250000 0.250000 0.250000 0.250000 
  31
0.479817 0.007495 0.046210 
0.462778 0.984686 0.462022 
0.057405 0.007819 0.491768 
0.901426 0.072219 0.013177 0.013177 
0.250000 0.250000 0.250000 0.250000 
  32
0.479817 0.007495 0.046210 
0.462778 0.984686 0.462022 
0.057405 0.007819 0.491768 
0.013177 0.013177 0.960468 0.013177 
0.250000 0.250000 0.250000 0.250000 
  33
0.479817 0.007495 0.046210 
0.462778 0.984686 0.462022 
0.057405 0.007819 0.491768 
0.926207 0.033747 0.026870 0.013177 
0.250000 0.250000 0.250000 0.250000 
  34
0.479817 0.007495 0.046210 
0.462778 0.984686 0.462022 
0.057405 0.007819 0.491768 
0.117086 0.848403 0.013177 0.021334 
0.250000 0.250000 0.250000 0.250000 
  35
0.479817 0.007495 0.046210 
0.462778 0.984686 0.462022 
0.057405 0.007819 0.491768 
0.013177 0.013177 0.543546 0.430100 
0.250000 0.250000 0.250000 0.250000 
  36
0.479817 0.007495 0.046210 
0.462778 0.984686 0.462022 
0.057405 0.007819 0.491768 
0.957489 0.016157 0.013177 0.013177 
0.250000 0.250000 0.250000 0.250000 
  37
0.479817 0.007495 0.046210 
0.462778 0.984686 0.462022 
0.057405 0.007819 0.491768 
0.013177 0.960468 0.013177 0.013177 
0.250000 0.250000 0.250000 0.250000 
  38
0.479817 0.007495 0.046210 
0.462778 0.984686 0.462022 
0.057405 0.007819 0.491768 
0.013177 0.013177 0.029381 0.944265 
0.250000 0.250000 0.250000 0.250000 
  39
0.479817 0.007495 0.046210 
0.462778 0.984686 0.462022 
0.057405 0.007819 0.491768 
0.036768 0.936878 0.013177 0.013177 
0.250000 0.250000 0.250000 0.250000 
  40
0.479817 0.007495 0.046210 
0.462778 0.984686 0.462022 
0.057405 0.007819 0.491768 
0.940385 0.033261 0.013177 0.013177 
0.250000 0.250000 0.250000 0.250000 
  41
0.479817 0.007495 0.046210 
0.462778 0.984686 0.462022 
0.057405 0.007819 0.491768 
0.483879 0.489767 0.013177 0.013177 
0.250000 0.250000 0.250000 0.250000 
  42
0.479817 0.007495 0.046210 
0.462778 0.984686 0.462022 
0.057405 0.007819 0.491768 
0.868343 0.105302 0.013177 0.013177 
0.250000 0.250000 0.250000 0.250000 
  43
0.479817 0.007495 0.046210 
0.462778 0.984686 0.462022 
0.057405 0.007819 0.491768 
0.013177 0.960468 0.013177 0.013177 
0.250000 0.250000 0.250000 0.250000 
  44
0.479817 0.007495 0.046210 
0.462778 0.984686 0.462022 
0.057405 0.007819 0.491768 
0.013177 0.960468 0.013177 0.013177 
0.250000 0.250000 0.250000 0.250000 
  45
0.479817 0.007495 0.046210 
0.462778 0.984686 0.462022 
0.057405 0.007819 0.491768 
0.270429 0.699901 0.013177 0.016492 
0.250000 0.250000 0.250000 0.250000 
  46
0.479817 0.007495 0.046210 
0.462778 0.984686 0.462022 
0.057405 0.007819 0.491768 
0.013177 0.960468 0.013177 0.013177 
0.250000 0.250000 0.250000 0.250000 
  47
0.479817 0.007495 0.046210 
0.462778 0.984686 0.462022 
0.057405 0.007819 0.491768 
0.960468 0.013177 0.013177 0.013177 
0.250000 0.250000 0.250000 0.250000 
  48
0.479817 0.007495 0.046210 
0.462778 0.984686 0.462022 
0.057405 0.007819 0.491768 
0.013177 0.013177 0.946776 0.026870 
0.250000 0.250000 0.250000 0.250000 
  49
0.479817 0.007495 0.046210 
0.462778 0.984686 0.462022 
0.057405 0.007819 0.491768 
0.016767 0.013177 0.956879 0.013177 
0.250000 0.250000 0.250000 0.250000 
  50
0.479817 0.007495 0.046210 
0.462778 0.984686 0.462022 
0.057405 0.007819 0.491768 
0.941636 0.032010 0.013177 0.013177 
0.250000 0.250000 0.250000 0.250000 
  51
0.479817 0.007495 0.046210 
0.462778 0.984686 0.462022 
0.057405 0.007819 0.491768 
0.486117 0.487528 0.013177 0.013177 
0.250000 0.250000 0.250000 0.250000 
  52
0.479817 0.007495 0.046210 
0.462778 0.984686 0.462022 
0.057405 0.007819 0.491768 
0.960468 0.013177 0.013177 0.013177 
0.250000 0.250000 0.250000 0.250000 
  53
0.479817 0.007495 0.046210 
0.462778 0.984686 0.462022 
0.057405 0.007819 0.491768 
0.013177 0.013177 0.013177 0.960468 
0.250000 0.250000 0.250000 0.250000 
  54
0.479817 0.007495 0.046210 
0.462778 0.984686 0.462022 
0.057405 0.007819 0.491768 
0.957526 0.013177 0.013177 0.016120 
0.250000 0.250000 0.250000 0.250000 
  55
0.479817 0.007495 0.046210 
0.462778 0.984686 0.462022 
0.057405 0.007819 0.491768 
0.013177 0.013177 0.013177 0.960468 
0.250000 0.250000 0.250000 0.250000 
  56
0.479817 0.007495 0.046210 
0.462778 0.984686 0.462022 
0.057405 0.007819 0.491768 
0.013177 0.960468 0.013177 0.013177 
0.250000 0.250000 0.250000 0.250000 
  57
0.479817 0.007495 0.046210 
0.462778 0.984686 0.462022 
0.057405 0.007819 0.491768 
0.013177 0.013177 0.582144 0.391502 
0.250000 0.250000 0.250000 0.250000 
  58
0.479817 0.007495 0.046210 
0.462778 0.984686 0.462022 
0.057405 0.007819 0.491768 
0.907550 0.066096 0.013177 0.013177 
0.250000 0.250000 0.250000 0.250000 
  59
0.479817 0.007495 0.046210 
0.462778 0.984686 0.462022 
0.057405 0.007819 0.491768 
0.013177 0.013177 0.013177 0.960468 
0.250000 0.250000 0.250000 0.250000 
  60
0.479817 0.007495 0.046210 
0.462778 0.984686 0.462022 
0.057405 0.007819 0.491768 
0.013177 0.013177 0.415432 0.558214 
0.250000 0.250000 0.250000 0.250000 
  61
0.479817 0.007495 0.046210 
0.462778 0.984686 0.462022 
0.057405 0.007819 0.491768 
0.013177 0.960468 0.013177 0.013177 
0.250000 0.250000 0.250000 0.250000 
  62
0.479817 0.007495 0.046210 
0.462778 0.984686 0.462022 
0.057405 0.007819 0.491768 
0.013177 0.960468 0.013177 0.013177 
0.250000 0.250000 0.250000 0.250000 
  63
0.479817 0.007495 0.046210 
0.462778 0.984686 0.462022 
0.057405 0.007819 0.491768 
0.674104 0.256572 0.013177 0.056148 
0.250000 0.250000 0.250000 0.250000 
  64
0.479817 0.007495 0.046210 
0.462778 0.984686 0.462022 
0.057405 0.007819 0.491768 
0.013177 0.013177 0.013177 0.960468 
0.250000 0.250000 0.250000 0.250000 
  65
0.479817 0.007495 0.046210 
0.462778 0.984686 0.462022 
0.057405 0.007819 0.491768 
0.960468 0.013177 0.013177 0.013177 
0.250000 0.250000 0.250000 0.250000 
  66
0.479817 0.007495 0.046210 
0.462778 0.984686 0.462022 
0.057405 0.007819 0.491768 
0.013177 0.013177 0.877616 0.096030 
0.250000 0.250000 0.250000 0.250000 
  67
0.479817 0.007495 0.046210 
0.462778 0.984686 0.462022 
0.057405 0.007819 0.491768 
0.013177 0.013177 0.960468 0.013177 
0.250000 0.250000 0.250000 0.250000 
  68
0.479817 0.007495 0.046210 
0.462778 0.984686 0.462022 
0.057405 0.007819 0.491768 
0.960468 0.013177 0.013177 0.013177 
0.250000 0.250000 0.250000 0.250000 
  69
0.479817 0.007495 0.046210 
0.462778 0.984686 0.462022 
0.057405 0.007819 0.491768 
0.013177 0.013177 0.172879 0.800767 
0.250000 0.250000 0.250000 0.250000 
  70
0.479817 0.007495 0.046210 
0.462778 0.984686 0.462022 
0.057405 0.007819 0.491768 
0.013177 0.641339 0.013177 0.332307 
0.250000 0.250000 0.250000 0.250000 
  71
0.479817 0.007495 0.046210 
0.462778 0.984686 0.462022 
0.057405 0.007819 0.491768 
0.013177 0.013177 0.960468 0.013177 
0.250000 0.250000 0.250000 0.250000 
  72
0.479817 0.007495 0.046210 
0.462778 0.984686 0.462022 
0.057405 0.007819 0.491768 
0.031432 0.013177 0.912830 0.042561 
0.250000 0.250000 0.250000 0.250000 
  73
0.479817 0.007495 0.046210 
0.462778 0.984686 0.462022 
0.057405 0.007819 0.491768 
0.960468 0.013177 0.013177 0.013177 
0.250000 0.250000 0.250000 0.250000 
  74
0.479817 0.007495 0.046210 
0.462778 0.984686 0.462022 
0.057405 0.007819 0.491768 
0.960468 0.013177 0.013177 0.013177 
0.250000 0.250000 0.250000 0.250000 
  75
0.479817 0.007495 0.046210 
0.462778 0.984686 0.462022 
0.057405 0.007819 0.491768 
0.013177 0.013177 0.734734 0.238911 
0.250000 0.250000 0.250000 0.250000 
  76
0.479817 0.007495 0.046210 
0.462778 0.984686 0.462022 
0.057405 0.007819 0.491768 
0.960468 0.013177 0.013177 0.013177 
0.250000 0.250000 0.250000 0.250000 
  77
0.479817 0.007495 0.046210 
0.462778 0.984686 0.462022 
0.057405 0.007819 0.491768 
0.960468 0.013177 0.013177 0.013177 
0.250000 0.250000 0.250000 0.250000 
  78
0.479817 0.007495 0.046210 
0.462778 0.984686 0.462022 
0.057405 0.007819 0.491768 
0.013177 0.013177 0.044482 0.929163 
0.250000 0.250000 0.250000 0.250000 
  79
0.479817 0.007495 0.046210 
0.462778 0.984686 0.462022 
0.057405 0.007819 0.491768 
0.013177 0.013177 0.013177 0.960468 
0.250000 0.250000 0.250000 0.250000 
  80
0.479817 0.007495 0.046210 
0.462778 0.984686 0.462022 
0.057405 0.007819 0.491768 
0.013177 0.013177 0.960468 0.013177 
0.250000 0.250000 0.250000 0.250000 
  81
0.479817 0.007495 0.046210 
0.462778 0.984686 0.462022 
0.057405 0.007819 0.491768 
0.022811 0.013177 0.917791 0.046220 
0.250000 0.250000 0.250000 0.250000 
  82
0.479817 0.007495 0.046210 
0.462778 0.984686 0.462022 
0.057405 0.007819 0.491768 
0.960468 0.013177 0.013177 0.013177 
0.250000 0.250000 0.250000 0.250000 
  83
0.479817 0.007495 0.046210 
0.462778 0.984686 0.462022 
0.057405 0.007819 0.491768 
0.013177 0.013177 0.960468 0.013177 
0.250000 0.250000 0.250000 0.250000 
  84
0.479817 0.007495 0.046210 
0.462778 0.984686 0.462022 
0.057405 0.007819 0.491768 
0.919436 0.013177 0.045871 0.021516 
0.250000 0.250000 0.250000 0.250000 
  85
0.479817 0.007495 0.046210 
0.462778 0.984686 0.462022 
0.057405 0.007819 0.491768 
0.046198 0.927448 0.013177 0.013177 
0.250000 0.250000 0.250000 0.250000 
  86
0.479817 0.007495 0.046210 
0.462778 0.984686 0.462022 
0.057405 0.007819 0.491768 
0.960468 0.013177 0.013177 0.013177 
0.250000 0.250000 0.250000 0.250000 
  87
0.479817 0.007495 0.046210 
0.462778 0.984686 0.462022 
0.057405 0.007819 0.491768 
0.739451 0.234195 0.013177 0.013177 
0.250000 0.250000 0.250000 0.250000 
  88
0.479817 0.007495 0.046210 
0.462778 0.984686 0.462022 
0.057405 0.007819 0.491768 
0.960468 0.013177 0.013177 0.013177 
0.250000 0.250000 0.250000 0.250000 
  89
0.479817 0.007495 0.046210 
0.462778 0.984686 0.462022 
0.057405 0.007819 0.491768 
0.919780 0.024828 0.042214 0.013177 
0.250000 0.250000 0.250000 0.250000 
  90
0.479817 0.007495 0.046210 
0.462778 0.984686 0.462022 
0.057405 0.007819 0.491768 
0.430219 0.543427 0.013177 0.013177 
0.250000 0.250000 0.250000 0.250000 
  91
0.479817 0.007495 0.046210 
0.462778 0.984686 0.462022 
0.057405 0.007819 0.491768 
0.026860 0.946785 0.013177 0.013177 
0.250000 0.250000 0.250000 0.250000 
  92
0.479817 0.007495 0.046210 
0.462778 0.984686 0.462022 
0.057405 0.007819 0.491768 
0.013177 0.013177 0.016435 0.957210 
0.250000 0.250000 0.250000 0.250000 
  93
0.479817 0.007495 0.046210 
0.462778 0.984686 0.462022 
0.057405 0.007819 0.491768 
0.013177 0.013177 0.625629 0.348017 
0.250000 0.250000 0.250000 0.250000 
  94
0.479817 0.007495 0.046210 
0.462778 0.984686 0.462022 
0.057405 0.007819 0.491768 
0.013177 0.960468 0.013177 0.013177 
0.250000 0.250000 0.250000 0.250000 
  95
0.479817 0.007495 0.046210 
0.462778 0.984686 0.462022 
0.057405 0.007819 0.491768 
0.960468 0.013177 0.013177 0.013177 
0.250000 0.250000 0.250000 0.250000 
  96
0.479817 0.007495 0.046210 
0.462778 0.984686 0.462022 
0.057405 0.007819 0.491768 
0.013177 0.013177 0.941813 0.031832 
0.250000 0.250000 0.250000 0.250000 
  97
0.479817 0.007495 0.046210 
0.462778 0.984686 0.462022 
0.057405 0.007819 0.491768 
0.960468 0.013177 0.013177 0.013177 
0.250000 0.250000 0.250000 0.250000 
  98
0.479817 0.007495 0.046210 
0.462778 0.984686 0.462022 
0.057405 0.007819 0.491768 
0.013177 0.013177 0.960468 0.013177 
0.250000 0.250000 0.250000 0.250000 
  99
0.479817 0.007495 0.046210 
0.462778 0.984686 0.462022 
0.057405 0.007819 0.491768 
0.908463 0.015849 0.013177 0.062511 
0.250000 0.250000 0.250000 0.250000 
 100
0.479817 0.007495 0.046210 
0.462778 0.984686 0.462022 
0.057405 0.007819 0.491768 
0.960468 0.013177 0.013177 0.013177 
0.250000 0.250000 0.250000 0.250000 
 101
0.479817 0.007495 0.046210 
0.462778 0.984686 0.462022 
0.057405 0.007819 0.491768 
0.013177 0.013177 0.013177 0.960468 
0.250000 0.250000 0.250000 0.250000 
 102
0.479817 0.007495 0.046210 
0.462778 0.984686 0.462022 
0.057405 0.007819 0.491768 
0.042595 0.013177 0.472072 0.472157 
0.250000 0.250000 0.250000 0.250000 
 103
0.479817 0.007495 0.046210 
0.462778 0.984686 0.462022 
0.057405 0.007819 0.491768 
0.013177 0.013177 0.554610 0.419036 
0.250000 0.250000 0.250000 0.250000 
 104
0.479817 0.007495 0.046210 
0.462778 0.984686 0.462022 
0.057405 0.007819 0.491768 
0.013177 0.013177 0.013177 0.960468 
0.250000 0.250000 0.250000 0.250000 
 105
0.479817 0.007495 0.046210 
0.462778 0.984686 0.462022 
0.057405 0.007819 0.491768 
0.552089 0.421556 0.013177 0.013177 
0.250000 0.250000 0.250000 0.250000 
 106
0.479817 0.007495 0.046210 
0.462778 0.984686 0.462022 
0.057405 0.007819 0.491768 
0.016001 0.957644 0.013177 0.013177 
0.250000 0.250000 0.250000 0.250000 
 107
0.479817 0.007495 0.046210 
0.462778 0.984686 0.462022 
0.057405 0.007819 0.491768 
0.960468 0.013177 0.013177 0.013177 
0.250000 0.250000 0.250000 0.250000 
 108
0.479817 0.007495 0.046210 
0.462778 0.984686 0.462022 
0.057405 0.007819 0.491768 
0.184998 0.788647 0.013177 0.013177 
0.250000 0.250000 0.250000 0.250000 
 109
0.479817 0.007495 0.046210 
0.462778 0.984686 0.462022 
0.057405 0.007819 0.491768 
0.311154 0.013177 0.662491 0.013177 
0.250000 0.250000 0.250000 0.250000 
 110
0.479817 0.007495 0.046210 
0.462778 0.984686 0.462022 
0.057405 0.007819 0.491768 
0.040108 0.933538 0.013177 0.013177 
0.250000 0.250000 0.250000 0.250000 
 111
0.479817 0.007495 0.046210 
0.462778 0.984686 0.462022 
0.057405 0.007819 0.491768 
0.559067 0.414579 0.013177 0.013177 
0.250000 0.250000 0.250000 0.250000 
 112
0.479817 0.007495 0.046210 
0.462778 0.984686 0.462022 
0.057405 0.007819 0.491768 
0.960468 0.013177 0.013177 0.013177 
0.250000 0.250000 0.250000 0.250000 
 113
0.479817 0.007495 0.046210 
0.462778 0.984686 0.462022 
0.057405 0.007819 0.491768 
0.960468 0.013177 0.013177 0.013177 
0.250000 0.250000 0.250000 0.250000 
 114
0.479817 0.007495 0.046210 
0.462778 0.984686 0.462022 
0.057405 0.007819 0.491768 
0.013177 0.013177 0.566142 0.407504 
0.250000 0.250000 0.250000 0.250000 
 115
0.479817 0.007495 0.046210 
0.462778 0.984686 0.462022 
0.057405 0.007819 0.491768 
0.022876 0.950769 0.013177 0.013177 
0.250000 0.250000 0.250000 0.250000 
 116
0.479817 0.007495 0.046210 
0.462778 0.984686 0.462022 
0.057405 0.007819 0.491768 
0.013177 0.013177 0.013177 0.960468 
0.250000 0.250000 0.250000 0.250000 
 117
0.479817 0.007495 0.046210 
0.462778 0.984686 0.462022 
0.057405 0.007819 0.491768 
0.013177 0.013177 0.950231 0.023414 
0.250000 0.250000 0.250000 0.250000 
 118
0.479817 0.007495 0.046210 
0.462778 0.984686 0.462022 
0.057405 0.007819 0.491768 
0.960468 0.013177 0.013177 0.013177 
0.250000 0.250000 0.250000 0.250000 
 119
0.479817 0.007495 0.046210 
0.462778 0.984686 0.462022 
0.057405 0.007819 0.491768 
0.013177 0.013177 0.960468 0.013177 
0.250000 0.250000 0.250000 0.250000 
 120
0.479817 0.007495 0.046210 
0.462778 0.984686 0.462022 
0.057405 0.007819 0.491768 
0.029090 0.013177 0.370266 0.587466 
0.250000 0.250000 0.250000 0.250000 
 121
0.479817 0.007495 0.046210 
0.462778 0.984686 0.462022 
0.057405 0.007819 0.491768 
0.013177 0.960468 0.013177 0.013177 
0.250000 0.250000 0.250000 0.250000 
 122
0.479817 0.007495 0.046210 
0.462778 0.984686 0.462022 
0.057405 0.007819 0.491768 
0.013177 0.013177 0.013177 0.960468 
0.250000 0.250000 0.250000 0.250000 
 123
0.479817 0.007495 0.046210 
0.462778 0.984686 0.462022 
0.057405 0.007819 0.491768 
0.015813 0.957832 0.013177 0.013177 
0.250000 0.250000 0.250000 0.250000 
 124
0.479817 0.007495 0.046210 
0.462778 0.984686 0.462022 
0.057405 0.007819 0.491768 
0.960468 0.013177 0.013177 0.013177 
0.250000 0.250000 0.250000 0.250000 
 125
0.479817 0.007495 0.046210 
0.462778 0.984686 0.462022 
0.057405 0.007819 0.491768 
0.013177 0.013177 0.960468 0.013177 
0.250000 0.250000 0.250000 0.250000 
 126
0.479817 0.007495 0.046210 
0.462778 0.984686 0.462022 
0.057405 0.007819 0.491768 
0.013177 0.013177 0.136548 0.837098 
0.250000 0.250000 0.250000 0.250000 
 127
0.479817 0.007495 0.046210 
0.462778 0.984686 0.462022 
0.057405 0.007819 0.491768 
0.013177 0.013177 0.960468 0.013177 
0.250000 0.250000 0.250000 0.250000 
 128
0.479817 0.007495 0.046210 
0.462778 0.984686 0.462022 
0.057405 0.007819 0.491768 
0.960468 0.013177 0.013177 0.013177 
0.250000 0.250000 0.250000 0.250000 
 129
0.479817 0.007495 0.046210 
0.462778 0.984686 0.462022 
0.057405 0.007819 0.491768 
0.013177 0.013177 0.330839 0.642806 
0.250000 0.250000 0.250000 0.250000 
 130
0.479817 0.007495 0.046210 
0.462778 0.984686 0.462022 
0.057405 0.007819 0.491768 
0.013177 0.960468 0.013177 0.013177 
0.250000 0.250000 0.250000 0.250000 
 131
0.479817 0.007495 0.046210 
0.462778 0.984686 0.462022 
0.057405 0.007819 0.491768 
0.013177 0.013177 0.960468 0.013177 
0.250000 0.250000 0.250000 0.250000 
 132
0.479817 0.007495 0.046210 
0.462778 0.984686 0.462022 
0.057405 0.007819 0.491768 
0.013177 0.013177 0.681101 0.292545 
0.250000 0.250000 0.250000 0.250000 
 133
0.479817 0.007495 0.046210 
0.462778 0.984686 0.462022 
0.057405 0.007819 0.491768 
0.651613 0.016441 0.318768 0.013177 
0.250000 0.250000 0.250000 0.250000 
 134
0.479817 0.007495 0.046210 
0.462778 0.984686 0.462022 
0.057405 0.007819 0.491768 
0.960468 0.013177 0.013177 0.013177 
0.250000 0.250000 0.250000 0.250000 
 135
0.479817 0.007495 0.046210 
0.462778 0.984686 0.462022 
0.057405 0.007819 0.491768 
0.034968 0.938677 0.013177 0.013177 
0.250000 0.250000 0.250000 0.250000 
 136
0.479817 0.007495 0.046210 
0.462778 0.984686 0.462022 
0.057405 0.007819 0.491768 
0.069731 0.903915 0.013177 0.013177 
0.250000 0.250000 0.250000 0.250000 
 137
0.479817 0.007495 0.046210 
0.462778 0.984686 0.462022 
0.057405 0.007819 0.491768 
0.960468 0.013177 0.013177 0.013177 
0.250000 0.250000 0.250000 0.250000 
 138
0.479817 0.007495 0.046210 
0.462778 0.984686 0.462022 
0.057405 0.007819 0.491768 
0.013177 0.013177 0.954536 0.019110 
0.250000 0.250000 0.250000 0.250000 
 139
0.479817 0.007495 0.046210 
0.462778 0.984686 0.462022 
0.057405 0.007819 0.491768 
0.960468 0.013177 0.013177 0.013177 
0.250000 0.250000 0.250000 0.250000 
 140
0.479817 0.007495 0.046210 
0.462778 0.984686 0.462022 
0.057405 0.007819 0.491768 
0.013177 0.013177 0.013177 0.960468 
0.250000 0.250000 0.250000 0.250000 
 141
0.479817 0.007495 0.046210 
0.462778 0.984686 0.462022 
0.057405 0.007819 0.491768 
0.013177 0.013177 0.178012 0.795633 
0.250000 0.250000 0.250000 0.250000 
 142
0.479817 0.007495 0.046210 
0.462778 0.984686 0.462022 
0.057405 0.007819 0.491768 
0.013177 0.013177 0.960468 0.013177 
0.250000 0.250000 0.250000 0.250000 
 143
0.479817 0.007495 0.046210 
0.462778 0.984686 0.462022 
0.057405 0.007819 0.491768 
0.013177 0.013177 0.013177 0.960468 
0.250000 0.250000 0.250000 0.250000 
 144
0.479817 0.007495 0.046210 
0.462778 0.984686 0.462022 
0.057405 0.007819 0.491768 
0.013177 0.016001 0.027496 0.943326 
0.250000 0.250000 0.250000 0.250000 
 145
0.479817 0.007495 0.046210 
0.462778 0.984686 0.462022 
0.057405 0.007819 0.491768 
0.013177 0.960468 0.013177 0.013177 
0.250000 0.250000 0.250000 0.250000 
 146
0.479817 0.007495 0.046210 
0.462778 0.984686 0.462022 
0.057405 0.007819 0.491768 
0.960468 0.013177 0.013177 0.013177 
0.250000 0.250000 0.250000 0.250000 
 147
0.479817 0.007495 0.046210 
0.462778 0.984686 0.462022 
0.057405 0.007819 0.491768 
0.169812 0.803834 0.013177 0.013177 
0.250000 0.250000 0.250000 0.250000 
 148
0.479817 0.007495 0.046210 
0.462778 0.984686 0.462022 
0.057405 0.007819 0.491768 
0.960468 0.013177 0.013177 0.013177 
0.250000 0.250000 0.250000 0.250000 
 149
0.479817 0.007495 0.046210 
0.462778 0.984686 0.462022 
0.057405 0.007819 0.491768 
0.946864 0.026782 0.013177 0.013177 
0.250000 0.250000 0.250000 0.250000 
 150
0.479817 0.007495 0.046210 
0.462778 0.984686 0.462022 
0.057405 0.007819 0.491768 
0.376053 0.597592 0.013177 0.013177 
0.250000 0.250000 0.250000 0.250000 
 151
0.479817 0.007495 0.046210 
0.462778 0.984686 0.462022 
0.057405 0.007819 0.491768 
0.922375 0.051271 0.013177 0.013177 
0.250000 0.250000 0.250000 0.250000 
 152
0.479817 0.007495 0.046210 
0.462778 0.984686 0.462022 
0.057405 0.007819 0.491768 
0.013177 0.013177 0.921858 0.051788 
0.250000 0.250000 0.250000 0.250000 
 153
0.479817 0.007495 0.046210 
0.462778 0.984686 0.462022 
0.057405 0.007819 0.491768 
0.016096 0.426206 0.225392 0.332306 
0.250000 0.250000 0.250000 0.250000 
 154
0.479817 0.007495 0.046210 
0.462778 0.984686 0.462022 
0.057405 0.007819 0.491768 
0.013177 0.013177 0.960468 0.013177 
0.250000 0.250000 0.250000 0.250000 
 155
0.479817 0.007495 0.046210 
0.462778 0.984686 0.462022 
0.057405 0.007819 0.491768 
0.960468 0.013177 0.013177 0.013177 
0.250000 0.250000 0.250000 0.250000 
 156
0.479817 0.007495 0.046210 
0.462778 0.984686 0.462022 
0.057405 0.007819 0.491768 
0.013177 0.013177 0.465300 0.508345 
0.250000 0.250000 0.250000 0.250000 
 157
0.479817 0.007495 0.046210 
0.462778 0.984686 0.462022 
0.057405 0.007819 0.491768 
0.960468 0.013177 0.013177 0.013177 
0.250000 0.250000 0.250000 0.250000 
 158
0.479817 0.007495 0.046210 
0.462778 0.984686 0.462022 
0.057405 0.007819 0.491768 
0.960468 0.013177 0.013177 0.013177 
0.250000 0.250000 0.250000 0.250000 
 159
0.479817 0.007495 0.046210 
0.462778 0.984686 0.462022 
0.057405 0.007819 0.491768 
0.013177 0.013177 0.255480 0.718165 
0.250000 0.250000 0.250000 0.250000 
 160
0.479817 0.007495 0.046210 
0.462778 0.984686 0.462022 
0.057405 0.007819 0.491768 
0.013177 0.960468 0.013177 0.013177 
0.250000 0.250000 0.250000 0.250000 
 161
0.479817 0.007495 0.046210 
0.462778 0.984686 0.462022 
0.057405 0.007819 0.491768 
0.013177 0.960468 0.013177 0.013177 
0.250000 0.250000 0.250000 0.250000 
 162
0.479817 0.007495 0.046210 
0.462778 0.984686 0.462022 
0.057405 0.007819 0.491768 
0.754169 0.219476 0.013177 0.013177 
0.250000 0.250000 0.250000 0.250000 
 163
0.479817 0.007495 0.046210 
0.462778 0.984686 0.462022 
0.057405 0.007819 0.491768 
0.960468 0.013177 0.013177 0.013177 
0.250000 0.250000 0.250000 0.250000 
 164
0.479817 0.007495 0.046210 
0.462778 0.984686 0.462022 
0.057405 0.007819 0.491768 
0.953819 0.019826 0.013177 0.013177 
0.250000 0.250000 0.250000 0.250000 
 165
0.479817 0.007495 0.046210 
0.462778 0.984686 0.462022 
0.057405 0.007819 0.491768 
0.242656 0.730989 0.013177 0.013177 
0.250000 0.250000 0.250000 0.250000 
 166
0.479817 0.007495 0.046210 
0.462778 0.984686 0.462022 
0.057405 0.007819 0.491768 
0.013177 0.013177 0.123374 0.850272 
0.250000 0.250000 0.250000 0.250000 
 167
0.479817 0.007495 0.046210 
0.462778 0.984686 0.462022 
0.057405 0.007819 0.491768 
0.013177 0.013177 0.013177 0.960468 
0.250000 0.250000 0.250000 0.250000 
 168
0.479817 0.007495 0.046210 
0.462778 0.984686 0.462022 
0.057405 0.007819 0.491768 
0.593609 0.380037 0.013177 0.013177 
0.250000 0.250000 0.250000 0.250000 
 169
0.479817 0.007495 0.046210 
0.462778 0.984686 0.462022 
0.057405 0.007819 0.491768 
0.013177 0.013177 0.013177 0.960468 
0.250000 0.250000 0.250000 0.250000 
 170
0.479817 0.007495 0.046210 
0.462778 0.984686 0.462022 
0.057405 0.007819 0.491768 
0.013177 0.960468 0.013177 0.013177 
0.250000 0.250000 0.250000 0.250000 
 171
0.479817 0.007495 0.046210 
0.462778 0.984686 0.462022 
0.057405 0.007819 0.491768 
0.013177 0.013177 0.949069 0.024577 
0.250000 0.250000 0.250000 0.250000 
 172
0.479817 0.007495 0.046210 
0.462778 0.984686 0.462022 
0.057405 0.007819 0.491768 
0.960468 0.013177 0.013177 0.013177 
0.250000 0.250000 0.250000 0.250000 
 173
0.479817 0.007495 0.046210 
0.462778 0.984686 0.462022 
0.057405 0.007819 0.491768 
0.587154 0.386491 0.013177 0.013177 
0.250000 0.250000 0.250000 0.250000 
 174
0.479817 0.007495 0.046210 
0.462778 0.984686 0.462022 
0.057405 0.007819 0.491768 
0.960468 0.013177 0.013177 0.013177 
0.250000 0.250000 0.250000 0.250000 
 175
0.479817 0.007495 0.046210 
0.462778 0.984686 0.462022 
0.057405 0.007819 0.491768 
0.013177 0.013177 0.496531 0.477115 
0.250000 0.250000 0.250000 0.250000 
 176
0.479817 0.007495 0.046210 
0.462778 0.984686 0.462022 
0.057405 0.007819 0.491768 
0.013177 0.013177 0.013177 0.960468 
0.250000 0.250000 0.250000 0.250000 
 177
0.479817 0.007495 0.046210 
0.462778 0.984686 0.462022 
0.057405 0.007819 0.491768 
0.576761 0.396885 0.013177 0.013177 
0.250000 0.250000 0.250000 0.250000 
 178
0.479817 0.007495 0.046210 
0.462778 0.984686 0.462022 
0.057405 0.007819 0.491768 
0.960468 0.013177 0.013177 0.013177 
0.250000 0.250000 0.250000 0.250000 
 179
0.479817 0.007495 0.046210 
0.462778 0.984686 0.462022 
0.057405 0.007819 0.491768 
0.564793 0.408852 0.013177 0.013177 
0.250000 0.250000 0.250000 0.250000 
 180
0.479817 0.007495 0.046210 
0.462778 0.984686 0.462022 
0.057405 0.007819 0.491768 
0.034218 0.013177 0.631416 0.321188 
0.250000 0.250000 0.250000 0.250000 
 181
0.479817 0.007495 0.046210 
0.462778 0.984686 0.462022 
0.057405 0.007819 0.491768 
0.013177 0.960468 0.013177 0.013177 
0.250000 0.250000 0.250000 0.250000 
 182
0.479817 0.007495 0.046210 
0.462778 0.984686 0.462022 
0.057405 0.007819 0.491768 
0.013177 0.960468 0.013177 0.013177 
0.250000 0.250000 0.250000 0.250000 
 183
0.479817 0.007495 0.046210 
0.462778 0.984686 0.462022 
0.057405 0.007819 0.491768 
0.574124 0.396281 0.013177 0.016418 
0.250000 0.250000 0.250000 0.250000 
 184
0.479817 0.007495 0.046210 
0.462778 0.984686 0.462022 
0.057405 0.007819 0.491768 
0.941559 0.032086 0.013177 0.013177 
0.250000 0.250000 0.250000 0.250000 
 185
0.479817 0.007495 0.046210 
0.462778 0.984686 0.462022 
0.057405 0.007819 0.491768 
0.013177 0.013177 0.016275 0.957371 
0.250000 0.250000 0.250000 0.250000 
 186
0.479817 0.007495 0.046210 
0.462778 0.984686 0.462022 
0.057405 0.007819 0.491768 
0.013177 0.013177 0.909559 0.064087 
0.250000 0.250000 0.250000 0.250000 
 187
0.479817 0.007495 0.046210 
0.462778 0.984686 0.462022 
0.057405 0.007819 0.491768 
0.013177 0.013177 0.957472 0.016174 
0.250000 0.250000 0.250000 0.250000 
 188
0.479817 0.007495 0.046210 
0.462778 0.984686 0.462022 
0.057405 0.007819 0.491768 
0.013177 0.013177 0.960468 0.013177 
0.250000 0.250000 0.250000 0.250000 
 189
0.479817 0.007495 0.046210 
0.462778 0.984686 0.462022 
0.057405 0.007819 0.491768 
0.013177 0.013177 0.015991 0.957655 
0.250000 0.250000 0.250000 0.250000 
 190
0.479817 0.007495 0.046210 
0.462778 0.984686 0.462022 
0.057405 0.007819 0.491768 
0.013177 0.013177 0.960468 0.013177 
0.250000 0.250000 0.250000 0.250000 
 191
0.479817 0.007495 0.046210 
0.462778 0.984686 0.462022 
0.057405 0.007819 0.491768 
0.013177 0.013177 0.960468 0.013177 
0.250000 0.250000 0.250000 0.250000 
 192
0.479817 0.007495 0.046210 
0.462778 0.984686 0.462022 
0.057405 0.007819 0.491768 
0.890494 0.083151 0.013177 0.013177 
0.250000 0.250000 0.250000 0.250000 
 193
0.479817 0.007495 0.046210 
0.462778 0.984686 0.462022 
0.057405 0.007819 0.491768 
0.013177 0.013177 0.547509 0.426137 
0.250000 0.250000 0.250000 0.250000 
 194
0.479817 0.007495 0.046210 
0.462778 0.984686 0.462022 
0.057405 0.007819 0.491768 
0.013177 0.013177 0.013177 0.960468 
0.250000 0.250000 0.250000 0.250000 
 195
0.479817 0.007495 0.046210 
0.462778 0.984686 0.462022 
0.057405 0.007819 0.491768 
0.019258 0.419956 0.019950 0.540837 
0.250000 0.250000 0.250000 0.250000 
 196
0.479817 0.007495 0.046210 
0.462778 0.984686 0.462022 
0.057405 0.007819 0.491768 
0.013177 0.960468 0.013177 0.013177 
0.250000 0.250000 0.250000 0.250000 
 197
0.479817 0.007495 0.046210 
0.462778 0.984686 0.462022 
0.057405 0.007819 0.491768 
0.931085 0.013177 0.013177 0.042561 
0.250000 0.250000 0.250000 0.250000 
 198
0.479817 0.007495 0.046210 
0.462778 0.984686 0.462022 
0.057405 0.007819 0.491768 
0.948409 0.025236 0.013177 0.013177 
0.250000 0.250000 0.250000 0.250000 
 199
0.479817 0.007495 0.046210 
0.462778 0.984686 0.462022 
0.057405 0.007819 0.491768 
0.013177 0.013177 0.455995 0.517650 
0.250000 0.250000 0.250000 0.250000 
 200
0.479817 0.007495 0.046210 
0.462778 0.984686 0.462022 
0.057405 0.007819 0.491768 
0.013177 0.013177 0.013177 0.960468 
0.250000 0.250000 0.250000 0.250000 
 201
0.479817 0.007495 0.046210 
0.462778 0.984686 0.462022 
0.057405 0.007819 0.491768 
0.375012 0.592650 0.013177 0.019161 
0.250000 0.250000 0.250000 0.250000 
 202
0.479817 0.007495 0.046210 
0.462778 0.984686 0.462022 
0.057405 0.007819 0.491768 
0.074287 0.899358 0.013177 0.013177 
0.250000 0.250000 0.250000 0.250000 
 203
0.479817 0.007495 0.046210 
0.462778 0.984686 0.462022 
0.057405 0.007819 0.491768 
0.013177 0.960468 0.013177 0.013177 
0.250000 0.250000 0.250000 0.250000 
 204
0.479817 0.007495 0.046210 
0.462778 0.984686 0.462022 
0.057405 0.007819 0.491768 
0.220068 0.737525 0.013177 0.029230 
0.250000 0.250000 0.250000 0.250000 
 205
0.479817 0.007495 0.046210 
0.462778 0.984686 0.462022 
0.057405 0.007819 0.491768 
0.015909 0.957736 0.013177 0.013177 
0.250000 0.250000 0.250000 0.250000 
 206
0.479817 0.007495 0.046210 
0.462778 0.984686 0.462022 
0.057405 0.007819 0.491768 
0.957096 0.016549 0.013177 0.013177 
0.250000 0.250000 0.250000 0.250000 
 207
0.479817 0.007495 0.046210 
0.462778 0.984686 0.462022 
0.057405 0.007819 0.491768 
0.016434 0.013177 0.237031 0.733357 
0.250000 0.250000 0.250000 0.250000 
 208
0.479817 0.007495 0.046210 
0.462778 0.984686 0.462022 
0.057405 0.007819 0.491768 
0.013177 0.013177 0.013177 0.960468 
0.250000 0.250000 0.250000 0.250000 
 209
0.479817 0.007495 0.046210 
0.462778 0.984686 0.462022 
0.057405 0.007819 0.491768 
0.013177 0.960468 0.013177 0.013177 
0.250000 0.250000 0.250000 0.250000 
 210
0.479817 0.007495 0.046210 
0.462778 0.984686 0.462022 
0.057405 0.007819 0.491768 
0.013177 0.013177 0.706796 0.266849 
0.250000 0.250000 0.250000 0.250000 
 211
0.479817 0.007495 0.046210 
0.462778 0.984686 0.462022 
0.057405 0.007819 0.491768 
0.960468 0.013177 0.013177 0.013177 
0.250000 0.250000 0.250000 0.250000 
 212
0.479817 0.007495 0.046210 
0.462778 0.984686 0.462022 
0.057405 0.007819 0.491768 
0.016020 0.957626 0.013177 0.013177 
0.250000 0.250000 0.250000 0.250000 
 213
0.479817 0.007495 0.046210 
0.462778 0.984686 0.462022 
0.057405 0.007819 0.491768 
0.013177 0.013177 0.956955 0.016691 
0.250000 0.250000 0.250000 0.250000 
 214
0.479817 0.007495 0.046210 
0.462778 0.984686 0.462022 
0.057405 0.007819 0.491768 
0.953643 0.020002 0.013177 0.013177 
0.250000 0.250000 0.250000 0.250000 
 215
0.479817 0.007495 0.046210 
0.462778 0.984686 0.462022 
0.057405 0.007819 0.491768 
0.013177 0.013177 0.013177 0.960468 
0.250000 0.250000 0.250000 0.250000 
 216
0.479817 0.007495 0.046210 
0.462778 0.984686 0.462022 
0.057405 0.007819 0.491768 
0.016975 0.013177 0.192270 0.777578 
0.250000 0.250000 0.250000 0.250000 
 217
0.479817 0.007495 0.046210 
0.462778 0.984686 0.462022 
0.057405 0.007819 0.491768 
0.016438 0.957207 0.013177 0.013177 
0.250000 0.250000 0.250000 0.250000 
 218
0.479817 0.007495 0.046210 
0.462778 0.984686 0.462022 
0.057405 0.007819 0.491768 
0.013177 0.013177 0.960468 0.013177 
0.250000 0.250000 0.250000 0.250000 
 219
0.479817 0.007495 0.046210 
0.462778 0.984686 0.462022 
0.057405 0.007819 0.491768 
0.366091 0.098931 0.464397 0.070581 
0.250000 0.250000 0.250000 0.250000 
 220
0.479817 0.007495 0.046210 
0.462778 0.984686 0.462022 
0.057405 0.007819 0.491768 
0.013177 0.960468 0.013177 0.013177 
0.250000 0.250000 0.250000 0.250000 
 221
0.479817 0.007495 0.046210 
0.462778 0.984686 0.462022 
0.057405 0.007819 0.491768 
0.013177 0.960468 0.013177 0.013177 
0.250000 0.250000 0.250000 0.250000 
 222
0.479817 0.007495 0.046210 
0.462778 0.984686 0.462022 
0.057405 0.007819 0.491768 
0.523091 0.120361 0.013177 0.343371 
0.250000 0.250000 0.250000 0.250000 
 223
0.479817 0.007495 0.046210 
0.462778 0.984686 0.462022 
0.057405 0.007819 0.491768 
0.013177 0.013177 0.013177 0.960468 
0.250000 0.250000 0.250000 0.250000 
 224
0.479817 0.007495 0.046210 
0.462778 0.984686 0.462022 
0.057405 0.007819 0.491768 
0.013177 0.960468 0.013177 0.013177 
0.250000 0.250000 0.250000 0.250000 
 225
0.479817 0.007495 0.046210 
0.462778 0.984686 0.462022 
0.057405 0.007819 0.491768 
0.013177 0.960468 0.013177 0.013177 
0.250000 0.250000 0.250000 0.250000 
 226
0.479817 0.007495 0.046210 
0.462778 0.984686 0.462022 
0.057405 0.007819 0.491768 
0.013177 0.013177 0.960468 0.013177 
0.250000 0.250000 0.250000 0.250000 
 227
0.479817 0.007495 0.046210 
0.462778 0.984686 0.462022 
0.057405 0.007819 0.491768 
0.013177 0.013177 0.013177 0.960468 
0.250000 0.250000 0.250000 0.250000 
 228
0.479817 0.007495 0.046210 
0.462778 0.984686 0.462022 
0.057405 0.007819 0.491768 
0.018873 0.013177 0.911802 0.056148 
0.250000 0.250000 0.250000 0.250000 
 229
0.479817 0.007495 0.046210 
0.462778 0.984686 0.462022 
0.057405 0.007819 0.491768 
0.013177 0.013177 0.960468 0.013177 
0.250000 0.250000 0.250000 0.250000 
 230
0.479817 0.007495 0.046210 
0.462778 0.984686 0.462022 
0.057405 0.007819 0.491768 
0.013177 0.013177 0.013177 0.960468 
0.250000 0.250000 0.250000 0.250000 
 231
0.479817 0.007495 0.046210 
0.462778 0.984686 0.462022 
0.057405 0.007819 0.491768 
0.013177 0.022235 0.013177 0.951410 
0.250000 0.250000 0.250000 0.250000 
 232
0.479817 0.007495 0.046210 
0.462778 0.984686 0.462022 
0.057405 0.007819 0.491768 
0.013177 0.960468 0.013177 0.013177 
0.250000 0.250000 0.250000 0.250000 
 233
0.479817 0.007495 0.046210 
0.462778 0.984686 0.462022 
0.057405 0.007819 0.491768 
0.013177 0.960468 0.013177 0.013177 
0.250000 0.250000 0.250000 0.250000 
 234
0.479817 0.007495 0.046210 
0.462778 0.984686 0.462022 
0.057405 0.007819 0.491768 
0.874826 0.098819 0.013177 0.013177 
0.250000 0.250000 0.250000 0.250000 
 235
0.479817 0.007495 0.046210 
0.462778 0.984686 0.462022 
0.057405 0.007819 0.491768 
0.960468 0.013177 0.013177 0.013177 
0.250000 0.250000 0.250000 0.250000 
 236
