%  SAM: /scicomp/home/vfn4/Tools/LABEL_RES/scripts/modelfromalign v3.5 (July 15, 2005) compiled 12/08/06_16:15:55
%  (c) 1992-2001 Regents of the University of California, Santa Cruz
%
%          Sequence Alignment and Modeling Software System
%         http://www.cse.ucsc.edu/research/compbio/sam.html
%
% ----------------- Citations (SAM, SAM-T2K, HMMs) --------------------
% R. Hughey, A. Krogh, Hidden Markov models for sequence analysis:
%  Extension and analysis of the basic method, CABIOS 12:95-107, 1996.
% K. Karplus, et al., What is the value added by human intervention in protein
%  structure prediction, Proteins: Stucture, Function, Genetics 45(S5):86--91, 2001.
% A. Krogh et al., Hidden Markov models in computational biology:
%  Applications to protein modeling, JMB 235:1501-1531, Feb 1994.
% ---------------------------------------------------------------------
%  A_HA_H1_hmm   Host: node5.aspen.biotech.cdc.gov    Thu Jun  5 17:04:55 2014
%  vfn4          Dir:  /scicomp/home/vfn4/IRMA/train2
% ---------------------------------------------------------------------
%  Alignment weights from internal calc.  Total (90.86) Max (0.53) Min (0.01)
%  Weights from alignment method 1 (karplus), b=-1.000000, e=0.500000
MODEL --  Model from alignment file /scicomp/home/vfn4/Tools/LABEL_RES/training_data/IRMA/A_HA_H1.fasta
alphabet DNA
FREQAVE
0.000000 0.000000 0.000000 
0.000000 0.000000 0.000000 
0.000000 0.000000 0.000000 
0.346932 0.223672 0.186636 0.242760 
0.346932 0.223672 0.186636 0.242760 
Begin
0.000000 0.000000 0.000000 
0.000000 0.000000 0.000000 
0.000000 0.002488 0.491768 
0.250000 0.250000 0.250000 0.250000 
0.250000 0.250000 0.250000 0.250000 
   1
0.000000 0.002474 0.046210 
0.000000 0.995038 0.462022 
0.057266 0.002488 0.491768 
0.991835 0.002722 0.002722 0.002722 
0.250000 0.250000 0.250000 0.250000 
   2
0.481081 0.002385 0.046210 
0.461653 0.995127 0.462022 
0.057266 0.002488 0.491768 
0.002722 0.002722 0.002722 0.991835 
0.250000 0.250000 0.250000 0.250000 
   3
0.481081 0.002385 0.046210 
0.461653 0.995127 0.462022 
0.057266 0.002488 0.491768 
0.002722 0.991835 0.002722 0.002722 
0.250000 0.250000 0.250000 0.250000 
   4
0.481081 0.002385 0.046210 
0.461653 0.995127 0.462022 
0.057266 0.002488 0.491768 
0.846336 0.148220 0.002722 0.002722 
0.250000 0.250000 0.250000 0.250000 
   5
0.481081 0.002385 0.046210 
0.461653 0.995127 0.462022 
0.057266 0.002488 0.491768 
0.983301 0.008983 0.003772 0.003944 
0.250000 0.250000 0.250000 0.250000 
   6
0.481081 0.002385 0.046210 
0.461653 0.995127 0.462022 
0.057266 0.002488 0.491768 
0.413650 0.578893 0.003367 0.004090 
0.250000 0.250000 0.250000 0.250000 
   7
0.478651 0.002385 0.046210 
0.464083 0.995127 0.462022 
0.057405 0.002488 0.491768 
0.011946 0.981937 0.002721 0.003396 
0.250000 0.250000 0.250000 0.250000 
   8
0.479817 0.002385 0.046210 
0.462778 0.995127 0.462022 
0.057405 0.002488 0.491768 
0.004854 0.003281 0.762940 0.228925 
0.250000 0.250000 0.250000 0.250000 
   9
0.479817 0.002385 0.046210 
0.462778 0.995127 0.462022 
0.057405 0.002488 0.491768 
0.963780 0.010360 0.007234 0.018627 
0.250000 0.250000 0.250000 0.250000 
  10
0.479817 0.002385 0.046210 
0.462778 0.995127 0.462022 
0.057405 0.002488 0.491768 
0.983964 0.010593 0.002721 0.002721 
0.250000 0.250000 0.250000 0.250000 
  11
0.479817 0.002385 0.046210 
0.462778 0.995127 0.462022 
0.057405 0.002488 0.491768 
0.408602 0.015590 0.005317 0.570491 
0.250000 0.250000 0.250000 0.250000 
  12
0.479817 0.002385 0.046210 
0.462778 0.995127 0.462022 
0.057405 0.002488 0.491768 
0.986950 0.004152 0.005973 0.002924 
0.250000 0.250000 0.250000 0.250000 
  13
0.479817 0.002385 0.046210 
0.462778 0.995127 0.462022 
0.057405 0.002488 0.491768 
0.015964 0.003370 0.966850 0.013816 
0.250000 0.250000 0.250000 0.250000 
  14
0.479817 0.002385 0.046210 
0.462778 0.995127 0.462022 
0.057405 0.002488 0.491768 
0.003373 0.003318 0.006024 0.987286 
0.250000 0.250000 0.250000 0.250000 
  15
0.479817 0.002385 0.046210 
0.462778 0.995127 0.462022 
0.057405 0.002488 0.491768 
0.891914 0.101030 0.003751 0.003305 
0.250000 0.250000 0.250000 0.250000 
  16
0.479817 0.002385 0.046210 
0.462778 0.995127 0.462022 
0.057405 0.002488 0.491768 
0.014742 0.520685 0.306488 0.158085 
0.250000 0.250000 0.250000 0.250000 
  17
0.479817 0.002385 0.046210 
0.462778 0.995127 0.462022 
0.057405 0.002488 0.491768 
0.002722 0.003150 0.005357 0.988772 
0.250000 0.250000 0.250000 0.250000 
  18
0.479817 0.002385 0.046210 
0.462778 0.995127 0.462022 
0.057405 0.002488 0.491768 
0.596593 0.258492 0.029762 0.115153 
0.250000 0.250000 0.250000 0.250000 
  19
0.479817 0.002385 0.046210 
0.462778 0.995127 0.462022 
0.057405 0.002488 0.491768 
0.065063 0.925350 0.002722 0.006866 
0.250000 0.250000 0.250000 0.250000 
  20
0.479817 0.002385 0.046210 
0.462778 0.995127 0.462022 
0.057405 0.002488 0.491768 
0.002721 0.002721 0.007054 0.987503 
0.250000 0.250000 0.250000 0.250000 
  21
0.479817 0.002385 0.046210 
0.462778 0.995127 0.462022 
0.057405 0.002488 0.491768 
0.119223 0.014619 0.344163 0.521995 
0.250000 0.250000 0.250000 0.250000 
  22
0.479817 0.002385 0.046210 
0.462778 0.995127 0.462022 
0.057405 0.002488 0.491768 
0.011699 0.003224 0.804137 0.180940 
0.250000 0.250000 0.250000 0.250000 
  23
0.479817 0.002385 0.046210 
0.462778 0.995127 0.462022 
0.057405 0.002488 0.491768 
0.002722 0.002996 0.003221 0.991061 
0.250000 0.250000 0.250000 0.250000 
  24
0.479817 0.002385 0.046210 
0.462778 0.995127 0.462022 
0.057405 0.002488 0.491768 
0.154052 0.839528 0.003126 0.003294 
0.250000 0.250000 0.250000 0.250000 
  25
0.479817 0.002385 0.046210 
0.462778 0.995127 0.462022 
0.057405 0.002488 0.491768 
0.003500 0.003113 0.559223 0.434164 
0.250000 0.250000 0.250000 0.250000 
  26
0.479817 0.002385 0.046210 
0.462778 0.995127 0.462022 
0.057405 0.002488 0.491768 
0.004018 0.003383 0.003478 0.989121 
0.250000 0.250000 0.250000 0.250000 
  27
0.479817 0.002385 0.046210 
0.462778 0.995127 0.462022 
0.057405 0.002488 0.491768 
0.832534 0.030996 0.127765 0.008705 
0.250000 0.250000 0.250000 0.250000 
  28
0.479817 0.002385 0.046210 
0.462778 0.995127 0.462022 
0.057405 0.002488 0.491768 
0.002721 0.002721 0.005039 0.989518 
0.250000 0.250000 0.250000 0.250000 
  29
0.479817 0.002385 0.046210 
0.462778 0.995127 0.462022 
0.057405 0.002488 0.491768 
0.543777 0.450530 0.002721 0.002972 
0.250000 0.250000 0.250000 0.250000 
  30
0.479817 0.002385 0.046210 
0.462778 0.995127 0.462022 
0.057405 0.002488 0.491768 
0.002721 0.002721 0.183299 0.811258 
0.250000 0.250000 0.250000 0.250000 
  31
0.479817 0.002385 0.046210 
0.462778 0.995127 0.462022 
0.057405 0.002488 0.491768 
0.870889 0.122502 0.002721 0.003888 
0.250000 0.250000 0.250000 0.250000 
  32
0.479817 0.002385 0.046210 
0.462778 0.995127 0.462022 
0.057405 0.002488 0.491768 
0.005079 0.002721 0.963633 0.028567 
0.250000 0.250000 0.250000 0.250000 
  33
0.479817 0.002385 0.046210 
0.462778 0.995127 0.462022 
0.057405 0.002488 0.491768 
0.963873 0.029016 0.002721 0.004390 
0.250000 0.250000 0.250000 0.250000 
  34
0.479817 0.002385 0.046210 
0.462778 0.995127 0.462022 
0.057405 0.002488 0.491768 
0.004485 0.005287 0.053344 0.936884 
0.250000 0.250000 0.250000 0.250000 
  35
0.479817 0.002385 0.046210 
0.462778 0.995127 0.462022 
0.057405 0.002488 0.491768 
0.002951 0.003330 0.002924 0.990795 
0.250000 0.250000 0.250000 0.250000 
  36
0.479817 0.002385 0.046210 
0.462778 0.995127 0.462022 
0.057405 0.002488 0.491768 
0.003674 0.002722 0.135891 0.857714 
0.250000 0.250000 0.250000 0.250000 
  37
0.479817 0.002385 0.046210 
0.462778 0.995127 0.462022 
0.057405 0.002488 0.491768 
0.437218 0.524743 0.002721 0.035318 
0.250000 0.250000 0.250000 0.250000 
  38
0.479817 0.002385 0.046210 
0.462778 0.995127 0.462022 
0.057405 0.002488 0.491768 
0.004545 0.003136 0.985768 0.006551 
0.250000 0.250000 0.250000 0.250000 
  39
0.479817 0.002385 0.046210 
0.462778 0.995127 0.462022 
0.057405 0.002488 0.491768 
0.857807 0.008429 0.006433 0.127331 
0.250000 0.250000 0.250000 0.250000 
  40
0.479817 0.002385 0.046210 
0.462778 0.995127 0.462022 
0.057405 0.002488 0.491768 
0.533788 0.454348 0.006437 0.005427 
0.250000 0.250000 0.250000 0.250000 
  41
0.479817 0.002385 0.046210 
0.462778 0.995127 0.462022 
0.057405 0.002488 0.491768 
0.004771 0.012232 0.923664 0.059333 
0.250000 0.250000 0.250000 0.250000 
  42
0.479817 0.002385 0.046210 
0.462778 0.995127 0.462022 
0.057405 0.002488 0.491768 
0.124244 0.024061 0.534710 0.316986 
0.250000 0.250000 0.250000 0.250000 
  43
0.479817 0.002385 0.046210 
0.462778 0.995127 0.462022 
0.057405 0.002488 0.491768 
0.325031 0.542769 0.110083 0.022117 
0.250000 0.250000 0.250000 0.250000 
  44
0.479817 0.002385 0.046210 
0.462778 0.995127 0.462022 
0.057405 0.002488 0.491768 
0.002721 0.015965 0.848008 0.133306 
0.250000 0.250000 0.250000 0.250000 
  45
0.479817 0.002385 0.046210 
0.462778 0.995127 0.462022 
0.057405 0.002488 0.491768 
0.882234 0.110871 0.002721 0.004174 
0.250000 0.250000 0.250000 0.250000 
  46
0.479817 0.002385 0.046210 
0.462778 0.995127 0.462022 
0.057405 0.002488 0.491768 
0.683015 0.067528 0.003441 0.246016 
0.250000 0.250000 0.250000 0.250000 
  47
0.479817 0.002385 0.046210 
0.462778 0.995127 0.462022 
0.057405 0.002488 0.491768 
0.987014 0.006712 0.003315 0.002959 
0.250000 0.250000 0.250000 0.250000 
  48
0.479817 0.002385 0.046210 
0.462778 0.995127 0.462022 
0.057405 0.002488 0.491768 
0.126823 0.007668 0.017971 0.847537 
0.250000 0.250000 0.250000 0.250000 
  49
0.479817 0.002385 0.046210 
0.462778 0.995127 0.462022 
0.057405 0.002488 0.491768 
0.004791 0.988194 0.003193 0.003822 
0.250000 0.250000 0.250000 0.250000 
  50
0.479817 0.002385 0.046210 
0.462778 0.995127 0.462022 
0.057405 0.002488 0.491768 
0.002721 0.002721 0.989855 0.004702 
0.250000 0.250000 0.250000 0.250000 
  51
0.479817 0.002385 0.046210 
0.462778 0.995127 0.462022 
0.057405 0.002488 0.491768 
0.817769 0.032560 0.030385 0.119286 
0.250000 0.250000 0.250000 0.250000 
  52
0.479817 0.002385 0.046210 
0.462778 0.995127 0.462022 
0.057405 0.002488 0.491768 
0.003612 0.990681 0.002721 0.002986 
0.250000 0.250000 0.250000 0.250000 
  53
0.479817 0.002385 0.046210 
0.462778 0.995127 0.462022 
0.057405 0.002488 0.491768 
0.991301 0.002997 0.002981 0.002722 
0.250000 0.250000 0.250000 0.250000 
  54
0.479817 0.002385 0.046210 
0.462778 0.995127 0.462022 
0.057405 0.002488 0.491768 
0.002721 0.002721 0.986598 0.007959 
0.250000 0.250000 0.250000 0.250000 
  55
0.479817 0.002385 0.046210 
0.462778 0.995127 0.462022 
0.057405 0.002488 0.491768 
0.991295 0.002721 0.003262 0.002721 
0.250000 0.250000 0.250000 0.250000 
  56
0.479817 0.002385 0.046210 
0.462778 0.995127 0.462022 
0.057405 0.002488 0.491768 
0.003091 0.002722 0.990154 0.004034 
0.250000 0.250000 0.250000 0.250000 
  57
0.479817 0.002385 0.046210 
0.462778 0.995127 0.462022 
0.057405 0.002488 0.491768 
0.868409 0.003675 0.111135 0.016781 
0.250000 0.250000 0.250000 0.250000 
  58
0.479817 0.002385 0.046210 
0.462778 0.995127 0.462022 
0.057405 0.002488 0.491768 
0.414038 0.002722 0.049029 0.534211 
0.250000 0.250000 0.250000 0.250000 
  59
0.479817 0.002385 0.046210 
0.462778 0.995127 0.462022 
0.057405 0.002488 0.491768 
0.002721 0.002721 0.002721 0.991836 
0.250000 0.250000 0.250000 0.250000 
  60
0.479817 0.002385 0.046210 
0.462778 0.995127 0.462022 
0.057405 0.002488 0.491768 
0.860455 0.008384 0.073652 0.057510 
0.250000 0.250000 0.250000 0.250000 
  61
0.479817 0.002385 0.046210 
0.462778 0.995127 0.462022 
0.057405 0.002488 0.491768 
0.003029 0.002721 0.003288 0.990962 
0.250000 0.250000 0.250000 0.250000 
  62
0.479817 0.002385 0.046210 
0.462778 0.995127 0.462022 
0.057405 0.002488 0.491768 
0.002721 0.991836 0.002721 0.002721 
0.250000 0.250000 0.250000 0.250000 
  63
0.479817 0.002385 0.046210 
0.462778 0.995127 0.462022 
0.057405 0.002488 0.491768 
0.002721 0.002971 0.009720 0.984587 
0.250000 0.250000 0.250000 0.250000 
  64
0.479817 0.002385 0.046210 
0.462778 0.995127 0.462022 
0.057405 0.002488 0.491768 
0.876013 0.117674 0.003591 0.002721 
0.250000 0.250000 0.250000 0.250000 
  65
0.479817 0.002385 0.046210 
0.462778 0.995127 0.462022 
0.057405 0.002488 0.491768 
0.002721 0.003591 0.003055 0.990633 
0.250000 0.250000 0.250000 0.250000 
  66
0.479817 0.002385 0.046210 
0.462778 0.995127 0.462022 
0.057405 0.002488 0.491768 
0.928175 0.041840 0.025363 0.004622 
0.250000 0.250000 0.250000 0.250000 
  67
0.479817 0.002385 0.046210 
0.462778 0.995127 0.462022 
0.057405 0.002488 0.491768 
0.003023 0.990679 0.002721 0.003576 
0.250000 0.250000 0.250000 0.250000 
  68
0.479817 0.002385 0.046210 
0.462778 0.995127 0.462022 
0.057405 0.002488 0.491768 
0.004423 0.990134 0.002721 0.002721 
0.250000 0.250000 0.250000 0.250000 
  69
0.479817 0.002385 0.046210 
0.462778 0.995127 0.462022 
0.057405 0.002488 0.491768 
0.028359 0.007878 0.405681 0.558082 
0.250000 0.250000 0.250000 0.250000 
  70
0.479817 0.002385 0.046210 
0.462778 0.995127 0.462022 
0.057405 0.002488 0.491768 
0.002723 0.002723 0.003291 0.991263 
0.250000 0.250000 0.250000 0.250000 
  71
0.479817 0.002385 0.046210 
0.462778 0.995127 0.462022 
0.057405 0.002488 0.491768 
0.990556 0.003592 0.002722 0.003130 
0.250000 0.250000 0.250000 0.250000 
  72
0.479817 0.002385 0.046210 
0.462778 0.995127 0.462022 
0.057405 0.002488 0.491768 
0.002721 0.003591 0.438045 0.555643 
0.250000 0.250000 0.250000 0.250000 
  73
0.479817 0.002385 0.046210 
0.462778 0.995127 0.462022 
0.057405 0.002488 0.491768 
0.002721 0.002721 0.991012 0.003545 
0.250000 0.250000 0.250000 0.250000 
  74
0.479817 0.002385 0.046210 
0.462778 0.995127 0.462022 
0.057405 0.002488 0.491768 
0.990762 0.002972 0.003545 0.002721 
0.250000 0.250000 0.250000 0.250000 
  75
0.479817 0.002385 0.046210 
0.462778 0.995127 0.462022 
0.057405 0.002488 0.491768 
0.002924 0.003968 0.007082 0.986026 
0.250000 0.250000 0.250000 0.250000 
  76
0.479817 0.002385 0.046210 
0.462778 0.995127 0.462022 
0.057405 0.002488 0.491768 
0.003667 0.990388 0.002722 0.003224 
0.250000 0.250000 0.250000 0.250000 
  77
0.479817 0.002385 0.046210 
0.462778 0.995127 0.462022 
0.057405 0.002488 0.491768 
0.002721 0.004847 0.989460 0.002972 
0.250000 0.250000 0.250000 0.250000 
  78
0.479817 0.002385 0.046210 
0.462778 0.995127 0.462022 
0.057405 0.002488 0.491768 
0.172486 0.519841 0.126522 0.181151 
0.250000 0.250000 0.250000 0.250000 
  79
0.479817 0.002385 0.046210 
0.462778 0.995127 0.462022 
0.057405 0.002488 0.491768 
0.989725 0.003131 0.004423 0.002721 
0.250000 0.250000 0.250000 0.250000 
  80
0.479817 0.002385 0.046210 
0.462778 0.995127 0.462022 
0.057405 0.002488 0.491768 
0.990874 0.002996 0.003408 0.002721 
0.250000 0.250000 0.250000 0.250000 
  81
0.479817 0.002385 0.046210 
0.462778 0.995127 0.462022 
0.057405 0.002488 0.491768 
0.003222 0.002721 0.903296 0.090761 
0.250000 0.250000 0.250000 0.250000 
  82
0.479817 0.002385 0.046210 
0.462778 0.995127 0.462022 
0.057405 0.002488 0.491768 
0.984736 0.004686 0.002721 0.007857 
0.250000 0.250000 0.250000 0.250000 
  83
0.479817 0.002385 0.046210 
0.462778 0.995127 0.462022 
0.057405 0.002488 0.491768 
0.991836 0.002721 0.002721 0.002721 
0.250000 0.250000 0.250000 0.250000 
  84
0.479817 0.002385 0.046210 
0.462778 0.995127 0.462022 
0.057405 0.002488 0.491768 
0.002721 0.002721 0.327859 0.666698 
0.250000 0.250000 0.250000 0.250000 
  85
0.479817 0.002385 0.046210 
0.462778 0.995127 0.462022 
0.057405 0.002488 0.491768 
0.002721 0.003099 0.002721 0.991458 
0.250000 0.250000 0.250000 0.250000 
  86
0.479817 0.002385 0.046210 
0.462778 0.995127 0.462022 
0.057405 0.002488 0.491768 
0.002722 0.002722 0.991834 0.002722 
0.250000 0.250000 0.250000 0.250000 
  87
0.479817 0.002385 0.046210 
0.462778 0.995127 0.462022 
0.057405 0.002488 0.491768 
0.717225 0.150319 0.067180 0.065276 
0.250000 0.250000 0.250000 0.250000 
  88
0.479817 0.002385 0.046210 
0.462778 0.995127 0.462022 
0.057405 0.002488 0.491768 
0.991311 0.002992 0.002975 0.002721 
0.250000 0.250000 0.250000 0.250000 
  89
0.479817 0.002385 0.046210 
0.462778 0.995127 0.462022 
0.057405 0.002488 0.491768 
0.002721 0.003185 0.991372 0.002721 
0.250000 0.250000 0.250000 0.250000 
  90
0.479817 0.002385 0.046210 
0.462778 0.995127 0.462022 
0.057405 0.002488 0.491768 
0.583185 0.006649 0.285469 0.124697 
0.250000 0.250000 0.250000 0.250000 
  91
0.479817 0.002385 0.046210 
0.462778 0.995127 0.462022 
0.057405 0.002488 0.491768 
0.004000 0.982391 0.009005 0.004604 
0.250000 0.250000 0.250000 0.250000 
  92
0.479817 0.002385 0.046210 
0.462778 0.995127 0.462022 
0.057405 0.002488 0.491768 
0.991425 0.003132 0.002721 0.002721 
0.250000 0.250000 0.250000 0.250000 
  93
0.479817 0.002385 0.046210 
0.462778 0.995127 0.462022 
0.057405 0.002488 0.491768 
0.006467 0.002721 0.981437 0.009375 
0.250000 0.250000 0.250000 0.250000 
  94
0.479817 0.002385 0.046210 
0.462778 0.995127 0.462022 
0.057405 0.002488 0.491768 
0.991390 0.003167 0.002721 0.002721 
0.250000 0.250000 0.250000 0.250000 
  95
0.479817 0.002385 0.046210 
0.462778 0.995127 0.462022 
0.057405 0.002488 0.491768 
0.002721 0.002721 0.991489 0.003068 
0.250000 0.250000 0.250000 0.250000 
  96
0.479817 0.002385 0.046210 
0.462778 0.995127 0.462022 
0.057405 0.002488 0.491768 
0.014164 0.002721 0.015290 0.967824 
0.250000 0.250000 0.250000 0.250000 
  97
0.479817 0.002385 0.046210 
0.462778 0.995127 0.462022 
0.057405 0.002488 0.491768 
0.006145 0.988412 0.002721 0.002721 
0.250000 0.250000 0.250000 0.250000 
  98
0.479817 0.002385 0.046210 
0.462778 0.995127 0.462022 
0.057405 0.002488 0.491768 
0.009689 0.004686 0.002721 0.982904 
0.250000 0.250000 0.250000 0.250000 
  99
0.479817 0.002385 0.046210 
0.462778 0.995127 0.462022 
0.057405 0.002488 0.491768 
0.481630 0.005738 0.078271 0.434360 
0.250000 0.250000 0.250000 0.250000 
 100
0.479817 0.002385 0.046210 
0.462778 0.995127 0.462022 
0.057405 0.002488 0.491768 
0.003096 0.990157 0.002722 0.004025 
0.250000 0.250000 0.250000 0.250000 
 101
0.479817 0.002385 0.046210 
0.462778 0.995127 0.462022 
0.057405 0.002488 0.491768 
0.991482 0.002722 0.002722 0.003075 
0.250000 0.250000 0.250000 0.250000 
 102
0.479817 0.002385 0.046210 
0.462778 0.995127 0.462022 
0.057405 0.002488 0.491768 
0.003005 0.002721 0.935849 0.058425 
0.250000 0.250000 0.250000 0.250000 
 103
0.479817 0.002385 0.046210 
0.462778 0.995127 0.462022 
0.057405 0.002488 0.491768 
0.991836 0.002721 0.002721 0.002721 
0.250000 0.250000 0.250000 0.250000 
 104
0.479817 0.002385 0.046210 
0.462778 0.995127 0.462022 
0.057405 0.002488 0.491768 
0.007865 0.002721 0.986692 0.002721 
0.250000 0.250000 0.250000 0.250000 
 105
0.479817 0.002385 0.046210 
0.462778 0.995127 0.462022 
0.057405 0.002488 0.491768 
0.971409 0.012327 0.007211 0.009053 
0.250000 0.250000 0.250000 0.250000 
 106
0.479817 0.002385 0.046210 
0.462778 0.995127 0.462022 
0.057405 0.002488 0.491768 
0.086751 0.896845 0.008563 0.007841 
0.250000 0.250000 0.250000 0.250000 
 107
0.479817 0.002385 0.046210 
0.462778 0.995127 0.462022 
0.057405 0.002488 0.491768 
0.002722 0.002722 0.003111 0.991444 
0.250000 0.250000 0.250000 0.250000 
 108
0.479817 0.002385 0.046210 
0.462778 0.995127 0.462022 
0.057405 0.002488 0.491768 
0.942601 0.036500 0.017649 0.003251 
0.250000 0.250000 0.250000 0.250000 
 109
0.479817 0.002385 0.046210 
0.462778 0.995127 0.462022 
0.057405 0.002488 0.491768 
0.004370 0.002722 0.973602 0.019306 
0.250000 0.250000 0.250000 0.250000 
 110
0.479817 0.002385 0.046210 
0.462778 0.995127 0.462022 
0.057405 0.002488 0.491768 
0.002721 0.005245 0.002721 0.989312 
0.250000 0.250000 0.250000 0.250000 
 111
0.479817 0.002385 0.046210 
0.462778 0.995127 0.462022 
0.057405 0.002488 0.491768 
0.589259 0.109477 0.051814 0.249451 
0.250000 0.250000 0.250000 0.250000 
 112
0.479817 0.002385 0.046210 
0.462778 0.995127 0.462022 
0.057405 0.002488 0.491768 
0.003334 0.986079 0.007865 0.002721 
0.250000 0.250000 0.250000 0.250000 
 113
0.479817 0.002385 0.046210 
0.462778 0.995127 0.462022 
0.057405 0.002488 0.491768 
0.984726 0.004686 0.007866 0.002722 
0.250000 0.250000 0.250000 0.250000 
 114
0.479817 0.002385 0.046210 
0.462778 0.995127 0.462022 
0.057405 0.002488 0.491768 
0.787175 0.206917 0.003186 0.002722 
0.250000 0.250000 0.250000 0.250000 
 115
0.479817 0.002385 0.046210 
0.462778 0.995127 0.462022 
0.057405 0.002488 0.491768 
0.991489 0.003068 0.002721 0.002721 
0.250000 0.250000 0.250000 0.250000 
 116
0.479817 0.002385 0.046210 
0.462778 0.995127 0.462022 
0.057405 0.002488 0.491768 
0.984278 0.008683 0.002721 0.004317 
0.250000 0.250000 0.250000 0.250000 
 117
0.479817 0.002385 0.046210 
0.462778 0.995127 0.462022 
0.057405 0.002488 0.491768 
0.056715 0.937842 0.002721 0.002721 
0.250000 0.250000 0.250000 0.250000 
 118
0.479817 0.002385 0.046210 
0.462778 0.995127 0.462022 
0.057405 0.002488 0.491768 
0.991401 0.003156 0.002721 0.002721 
0.250000 0.250000 0.250000 0.250000 
 119
0.479817 0.002385 0.046210 
0.462778 0.995127 0.462022 
0.057405 0.002488 0.491768 
0.989871 0.002721 0.004686 0.002721 
0.250000 0.250000 0.250000 0.250000 
 120
0.479817 0.002385 0.046210 
0.462778 0.995127 0.462022 
0.057405 0.002488 0.491768 
0.002721 0.002721 0.055377 0.939180 
0.250000 0.250000 0.250000 0.250000 
 121
0.479817 0.002385 0.046210 
0.462778 0.995127 0.462022 
0.057405 0.002488 0.491768 
0.007739 0.986402 0.002721 0.003137 
0.250000 0.250000 0.250000 0.250000 
 122
0.479817 0.002385 0.046210 
0.462778 0.995127 0.462022 
0.057405 0.002488 0.491768 
0.002721 0.004155 0.003007 0.990116 
0.250000 0.250000 0.250000 0.250000 
 123
0.479817 0.002385 0.046210 
0.462778 0.995127 0.462022 
0.057405 0.002488 0.491768 
0.608265 0.372332 0.008797 0.010606 
0.250000 0.250000 0.250000 0.250000 
 124
0.479817 0.002385 0.046210 
0.462778 0.995127 0.462022 
0.057405 0.002488 0.491768 
0.987445 0.004468 0.005155 0.002933 
0.250000 0.250000 0.250000 0.250000 
 125
0.479817 0.002385 0.046210 
0.462778 0.995127 0.462022 
0.057405 0.002488 0.491768 
0.008082 0.002721 0.984355 0.004841 
0.250000 0.250000 0.250000 0.250000 
 126
0.479817 0.002385 0.046210 
0.462778 0.995127 0.462022 
0.057405 0.002488 0.491768 
0.856899 0.005881 0.023320 0.113900 
0.250000 0.250000 0.250000 0.250000 
 127
0.479817 0.002385 0.046210 
0.462778 0.995127 0.462022 
0.057405 0.002488 0.491768 
0.002721 0.991836 0.002721 0.002721 
0.250000 0.250000 0.250000 0.250000 
 128
0.479817 0.002385 0.046210 
0.462778 0.995127 0.462022 
0.057405 0.002488 0.491768 
0.002722 0.004686 0.002971 0.989621 
0.250000 0.250000 0.250000 0.250000 
 129
0.479817 0.002385 0.046210 
0.462778 0.995127 0.462022 
0.057405 0.002488 0.491768 
0.598955 0.333704 0.008033 0.059308 
0.250000 0.250000 0.250000 0.250000 
 130
0.479817 0.002385 0.046210 
0.462778 0.995127 0.462022 
0.057405 0.002488 0.491768 
0.991836 0.002721 0.002721 0.002721 
0.250000 0.250000 0.250000 0.250000 
 131
0.479817 0.002385 0.046210 
0.462778 0.995127 0.462022 
0.057405 0.002488 0.491768 
0.002721 0.002721 0.991836 0.002721 
0.250000 0.250000 0.250000 0.250000 
 132
0.479817 0.002385 0.046210 
0.462778 0.995127 0.462022 
0.057405 0.002488 0.491768 
0.864384 0.003513 0.057632 0.074471 
0.250000 0.250000 0.250000 0.250000 
 133
0.479817 0.002385 0.046210 
0.462778 0.995127 0.462022 
0.057405 0.002488 0.491768 
0.002721 0.002721 0.991482 0.003075 
0.250000 0.250000 0.250000 0.250000 
 134
0.479817 0.002385 0.046210 
0.462778 0.995127 0.462022 
0.057405 0.002488 0.491768 
0.990150 0.002973 0.004155 0.002721 
0.250000 0.250000 0.250000 0.250000 
 135
0.479817 0.002385 0.046210 
0.462778 0.995127 0.462022 
0.057405 0.002488 0.491768 
0.003029 0.002721 0.912515 0.081735 
0.250000 0.250000 0.250000 0.250000 
 136
0.479817 0.002385 0.046210 
0.462778 0.995127 0.462022 
0.057405 0.002488 0.491768 
0.007865 0.003185 0.002721 0.986228 
0.250000 0.250000 0.250000 0.250000 
 137
0.479817 0.002385 0.046210 
0.462778 0.995127 0.462022 
0.057405 0.002488 0.491768 
0.002721 0.007865 0.986415 0.002998 
0.250000 0.250000 0.250000 0.250000 
 138
0.479817 0.002385 0.046210 
0.462778 0.995127 0.462022 
0.057405 0.002488 0.491768 
0.127271 0.009082 0.006530 0.857117 
0.250000 0.250000 0.250000 0.250000 
 139
0.479817 0.002385 0.046210 
0.462778 0.995127 0.462022 
0.057405 0.002488 0.491768 
0.007321 0.986765 0.002722 0.003192 
0.250000 0.250000 0.250000 0.250000 
 140
0.479817 0.002385 0.046210 
0.462778 0.995127 0.462022 
0.057405 0.002488 0.491768 
0.007866 0.004155 0.004049 0.983930 
0.250000 0.250000 0.250000 0.250000 
 141
0.479817 0.002385 0.046210 
0.462778 0.995127 0.462022 
0.057405 0.002488 0.491768 
0.015520 0.046306 0.290548 0.647626 
0.250000 0.250000 0.250000 0.250000 
 142
0.479817 0.002385 0.046210 
0.462778 0.995127 0.462022 
0.057405 0.002488 0.491768 
0.983297 0.009072 0.002945 0.004686 
0.250000 0.250000 0.250000 0.250000 
 143
0.479817 0.002385 0.046210 
0.462778 0.995127 0.462022 
0.057405 0.002488 0.491768 
0.990586 0.003971 0.002722 0.002722 
0.250000 0.250000 0.250000 0.250000 
 144
0.479817 0.002385 0.046210 
0.462778 0.995127 0.462022 
0.057405 0.002488 0.491768 
0.002721 0.002721 0.833496 0.161061 
0.250000 0.250000 0.250000 0.250000 
 145
0.479817 0.002385 0.046210 
0.462778 0.995127 0.462022 
0.057405 0.002488 0.491768 
0.020796 0.002722 0.848634 0.127848 
0.250000 0.250000 0.250000 0.250000 
 146
0.479817 0.002385 0.046210 
0.462778 0.995127 0.462022 
0.057405 0.002488 0.491768 
0.002721 0.002721 0.002721 0.991836 
0.250000 0.250000 0.250000 0.250000 
 147
0.479817 0.002385 0.046210 
0.462778 0.995127 0.462022 
0.057405 0.002488 0.491768 
0.209509 0.208095 0.015091 0.567305 
0.250000 0.250000 0.250000 0.250000 
 148
0.479817 0.002385 0.046210 
0.462778 0.995127 0.462022 
0.057405 0.002488 0.491768 
0.004686 0.004357 0.981615 0.009341 
0.250000 0.250000 0.250000 0.250000 
 149
0.479817 0.002385 0.046210 
0.462778 0.995127 0.462022 
0.057405 0.002488 0.491768 
0.002721 0.002721 0.002721 0.991836 
0.250000 0.250000 0.250000 0.250000 
 150
0.479817 0.002385 0.046210 
0.462778 0.995127 0.462022 
0.057405 0.002488 0.491768 
0.577710 0.033341 0.082631 0.306318 
0.250000 0.250000 0.250000 0.250000 
 151
0.479817 0.002385 0.046210 
0.462778 0.995127 0.462022 
0.057405 0.002488 0.491768 
0.003190 0.986221 0.002722 0.007866 
0.250000 0.250000 0.250000 0.250000 
 152
0.479817 0.002385 0.046210 
0.462778 0.995127 0.462022 
0.057405 0.002488 0.491768 
0.986362 0.003052 0.002721 0.007865 
0.250000 0.250000 0.250000 0.250000 
 153
0.479817 0.002385 0.046210 
0.462778 0.995127 0.462022 
0.057405 0.002488 0.491768 
0.700466 0.294091 0.002721 0.002721 
0.250000 0.250000 0.250000 0.250000 
 154
0.479817 0.002385 0.046210 
0.462778 0.995127 0.462022 
0.057405 0.002488 0.491768 
0.220381 0.772631 0.002723 0.004265 
0.250000 0.250000 0.250000 0.250000 
 155
0.479817 0.002385 0.046210 
0.462778 0.995127 0.462022 
0.057405 0.002488 0.491768 
0.981914 0.007656 0.007446 0.002984 
0.250000 0.250000 0.250000 0.250000 
 156
0.479817 0.002385 0.046210 
0.462778 0.995127 0.462022 
0.057405 0.002488 0.491768 
0.003575 0.002721 0.987832 0.005872 
0.250000 0.250000 0.250000 0.250000 
 157
0.479817 0.002385 0.046210 
0.462778 0.995127 0.462022 
0.057405 0.002488 0.491768 
0.979518 0.005117 0.012643 0.002721 
0.250000 0.250000 0.250000 0.250000 
 158
0.479817 0.002385 0.046210 
0.462778 0.995127 0.462022 
0.057405 0.002488 0.491768 
0.546355 0.440417 0.008825 0.004403 
0.250000 0.250000 0.250000 0.250000 
 159
0.479817 0.002385 0.046210 
0.462778 0.995127 0.462022 
0.057405 0.002488 0.491768 
0.085123 0.492071 0.171566 0.251240 
0.250000 0.250000 0.250000 0.250000 
 160
0.479817 0.002385 0.046210 
0.462778 0.995127 0.462022 
0.057405 0.002488 0.491768 
0.003409 0.002721 0.990894 0.002975 
0.250000 0.250000 0.250000 0.250000 
 161
0.479817 0.002385 0.046210 
0.462778 0.995127 0.462022 
0.057405 0.002488 0.491768 
0.990402 0.002721 0.004155 0.002721 
0.250000 0.250000 0.250000 0.250000 
 162
0.479817 0.002385 0.046210 
0.462778 0.995127 0.462022 
0.057405 0.002488 0.491768 
0.008018 0.002721 0.316574 0.672687 
0.250000 0.250000 0.250000 0.250000 
 163
0.479817 0.002385 0.046210 
0.462778 0.995127 0.462022 
0.057405 0.002488 0.491768 
0.984705 0.009600 0.002722 0.002973 
0.250000 0.250000 0.250000 0.250000 
 164
0.479817 0.002385 0.046210 
0.462778 0.995127 0.462022 
0.057405 0.002488 0.491768 
0.991309 0.003248 0.002721 0.002721 
0.250000 0.250000 0.250000 0.250000 
 165
0.479817 0.002385 0.046210 
0.462778 0.995127 0.462022 
0.057405 0.002488 0.491768 
0.002992 0.002722 0.574886 0.419401 
0.250000 0.250000 0.250000 0.250000 
 166
0.479817 0.002385 0.046210 
0.462778 0.995127 0.462022 
0.057405 0.002488 0.491768 
0.003715 0.990470 0.002721 0.003093 
0.250000 0.250000 0.250000 0.250000 
 167
0.479817 0.002385 0.046210 
0.462778 0.995127 0.462022 
0.057405 0.002488 0.491768 
0.006381 0.988177 0.002721 0.002721 
0.250000 0.250000 0.250000 0.250000 
 168
0.479817 0.002385 0.046210 
0.462778 0.995127 0.462022 
0.057405 0.002488 0.491768 
0.371110 0.622477 0.002721 0.003691 
0.250000 0.250000 0.250000 0.250000 
 169
0.479817 0.002385 0.046210 
0.462778 0.995127 0.462022 
0.057405 0.002488 0.491768 
0.990615 0.002978 0.003685 0.002721 
0.250000 0.250000 0.250000 0.250000 
 170
0.479817 0.002385 0.046210 
0.462778 0.995127 0.462022 
0.057405 0.002488 0.491768 
0.987492 0.006814 0.002973 0.002721 
0.250000 0.250000 0.250000 0.250000 
 171
0.479817 0.002385 0.046210 
0.462778 0.995127 0.462022 
0.057405 0.002488 0.491768 
0.944037 0.050520 0.002721 0.002721 
0.250000 0.250000 0.250000 0.250000 
 172
0.479817 0.002385 0.046210 
0.462778 0.995127 0.462022 
0.057405 0.002488 0.491768 
0.002722 0.002722 0.959409 0.035148 
0.250000 0.250000 0.250000 0.250000 
 173
0.479817 0.002385 0.046210 
0.462778 0.995127 0.462022 
0.057405 0.002488 0.491768 
0.002721 0.002721 0.002721 0.991836 
0.250000 0.250000 0.250000 0.250000 
 174
0.479817 0.002385 0.046210 
0.462778 0.995127 0.462022 
0.057405 0.002488 0.491768 
0.829345 0.038363 0.125657 0.006635 
0.250000 0.250000 0.250000 0.250000 
 175
0.479817 0.002385 0.046210 
0.462778 0.995127 0.462022 
0.057405 0.002488 0.491768 
0.007865 0.002721 0.002721 0.986692 
0.250000 0.250000 0.250000 0.250000 
 176
0.479817 0.002385 0.046210 
0.462778 0.995127 0.462022 
0.057405 0.002488 0.491768 
0.002721 0.991836 0.002721 0.002721 
0.250000 0.250000 0.250000 0.250000 
 177
0.479817 0.002385 0.046210 
0.462778 0.995127 0.462022 
0.057405 0.002488 0.491768 
0.002721 0.002721 0.639023 0.355534 
0.250000 0.250000 0.250000 0.250000 
 178
0.479817 0.002385 0.046210 
0.462778 0.995127 0.462022 
0.057405 0.002488 0.491768 
0.743789 0.003350 0.244907 0.007953 
0.250000 0.250000 0.250000 0.250000 
 179
0.479817 0.002385 0.046210 
0.462778 0.995127 0.462022 
0.057405 0.002488 0.491768 
0.614939 0.142647 0.003881 0.238533 
0.250000 0.250000 0.250000 0.250000 
 180
0.479817 0.002385 0.046210 
0.462778 0.995127 0.462022 
0.057405 0.002488 0.491768 
0.855889 0.010295 0.120598 0.013218 
0.250000 0.250000 0.250000 0.250000 
 181
0.479817 0.002385 0.046210 
0.462778 0.995127 0.462022 
0.057405 0.002488 0.491768 
0.003319 0.003807 0.815461 0.177413 
0.250000 0.250000 0.250000 0.250000 
 182
0.479817 0.002385 0.046210 
0.462778 0.995127 0.462022 
0.057405 0.002488 0.491768 
0.002722 0.002722 0.003237 0.991320 
0.250000 0.250000 0.250000 0.250000 
 183
0.479817 0.002385 0.046210 
0.462778 0.995127 0.462022 
0.057405 0.002488 0.491768 
0.830122 0.157522 0.007866 0.004490 
0.250000 0.250000 0.250000 0.250000 
 184
0.479817 0.002385 0.046210 
0.462778 0.995127 0.462022 
0.057405 0.002488 0.491768 
0.950926 0.043631 0.002721 0.002721 
0.250000 0.250000 0.250000 0.250000 
 185
0.479817 0.002385 0.046210 
0.462778 0.995127 0.462022 
0.057405 0.002488 0.491768 
0.424872 0.568998 0.002722 0.003408 
0.250000 0.250000 0.250000 0.250000 
 186
0.479817 0.002385 0.046210 
0.462778 0.995127 0.462022 
0.057405 0.002488 0.491768 
0.803039 0.064795 0.036693 0.095473 
0.250000 0.250000 0.250000 0.250000 
 187
0.479817 0.002385 0.046210 
0.462778 0.995127 0.462022 
0.057405 0.002488 0.491768 
0.003106 0.991451 0.002721 0.002721 
0.250000 0.250000 0.250000 0.250000 
 188
0.479817 0.002385 0.046210 
0.462778 0.995127 0.462022 
0.057405 0.002488 0.491768 
0.004433 0.990124 0.002722 0.002722 
0.250000 0.250000 0.250000 0.250000 
 189
0.479817 0.002385 0.046210 
0.462778 0.995127 0.462022 
0.057405 0.002488 0.491768 
0.391080 0.601032 0.003506 0.004382 
0.250000 0.250000 0.250000 0.250000 
 190
0.479817 0.002385 0.046210 
0.462778 0.995127 0.462022 
0.057405 0.002488 0.491768 
0.459648 0.529122 0.008508 0.002721 
0.250000 0.250000 0.250000 0.250000 
 191
0.479817 0.002385 0.046210 
0.462778 0.995127 0.462022 
0.057405 0.002488 0.491768 
0.069407 0.009333 0.010109 0.911152 
0.250000 0.250000 0.250000 0.250000 
 192
0.479817 0.002385 0.046210 
0.462778 0.995127 0.462022 
0.057405 0.002488 0.491768 
0.921436 0.072245 0.003198 0.003121 
0.250000 0.250000 0.250000 0.250000 
 193
0.479817 0.002385 0.046210 
0.462778 0.995127 0.462022 
0.057405 0.002488 0.491768 
0.043782 0.942376 0.004187 0.009654 
0.250000 0.250000 0.250000 0.250000 
 194
0.479817 0.002385 0.046210 
0.462778 0.995127 0.462022 
0.057405 0.002488 0.491768 
0.004274 0.004677 0.953367 0.037683 
0.250000 0.250000 0.250000 0.250000 
 195
0.479817 0.002385 0.046210 
0.462778 0.995127 0.462022 
0.057405 0.002488 0.491768 
0.003289 0.003747 0.917278 0.075687 
0.250000 0.250000 0.250000 0.250000 
 196
0.479817 0.002385 0.046210 
0.462778 0.995127 0.462022 
0.057405 0.002488 0.491768 
0.002721 0.002721 0.991433 0.003124 
0.250000 0.250000 0.250000 0.250000 
 197
0.479817 0.002385 0.046210 
0.462778 0.995127 0.462022 
0.057405 0.002488 0.491768 
0.002923 0.003386 0.990767 0.002924 
0.250000 0.250000 0.250000 0.250000 
 198
0.479817 0.002385 0.046210 
0.462778 0.995127 0.462022 
0.057405 0.002488 0.491768 
0.863594 0.009730 0.093663 0.033012 
0.250000 0.250000 0.250000 0.250000 
 199
0.479817 0.002385 0.046210 
0.462778 0.995127 0.462022 
0.057405 0.002488 0.491768 
0.003139 0.002722 0.285728 0.708412 
0.250000 0.250000 0.250000 0.250000 
 200
0.479817 0.002385 0.046210 
0.462778 0.995127 0.462022 
0.057405 0.002488 0.491768 
0.007865 0.002721 0.002721 0.986692 
0.250000 0.250000 0.250000 0.250000 
 201
0.479817 0.002385 0.046210 
0.462778 0.995127 0.462022 
0.057405 0.002488 0.491768 
0.419862 0.574694 0.002722 0.002722 
0.250000 0.250000 0.250000 0.250000 
 202
0.479817 0.002385 0.046210 
0.462778 0.995127 0.462022 
0.057405 0.002488 0.491768 
0.003011 0.002721 0.990351 0.003916 
0.250000 0.250000 0.250000 0.250000 
 203
0.479817 0.002385 0.046210 
0.462778 0.995127 0.462022 
0.057405 0.002488 0.491768 
0.990277 0.003658 0.002721 0.003343 
0.250000 0.250000 0.250000 0.250000 
 204
0.479817 0.002385 0.046210 
0.462778 0.995127 0.462022 
0.057405 0.002488 0.491768 
0.416538 0.008443 0.034127 0.540892 
0.250000 0.250000 0.250000 0.250000 
 205
0.479817 0.002385 0.046210 
0.462778 0.995127 0.462022 
0.057405 0.002488 0.491768 
0.004095 0.007865 0.127744 0.860296 
0.250000 0.250000 0.250000 0.250000 
 206
0.479817 0.002385 0.046210 
0.462778 0.995127 0.462022 
0.057405 0.002488 0.491768 
0.002721 0.002721 0.003581 0.990976 
0.250000 0.250000 0.250000 0.250000 
 207
0.479817 0.002385 0.046210 
0.462778 0.995127 0.462022 
0.057405 0.002488 0.491768 
0.050892 0.938520 0.007866 0.002722 
0.250000 0.250000 0.250000 0.250000 
 208
0.479817 0.002385 0.046210 
0.462778 0.995127 0.462022 
0.057405 0.002488 0.491768 
0.003915 0.990642 0.002721 0.002721 
0.250000 0.250000 0.250000 0.250000 
 209
0.479817 0.002385 0.046210 
0.462778 0.995127 0.462022 
0.057405 0.002488 0.491768 
0.003179 0.986234 0.007865 0.002721 
0.250000 0.250000 0.250000 0.250000 
 210
0.479817 0.002385 0.046210 
0.462778 0.995127 0.462022 
0.057405 0.002488 0.491768 
0.027195 0.152232 0.020673 0.799900 
0.250000 0.250000 0.250000 0.250000 
 211
0.479817 0.002385 0.046210 
0.462778 0.995127 0.462022 
0.057405 0.002488 0.491768 
0.986602 0.007955 0.002721 0.002721 
0.250000 0.250000 0.250000 0.250000 
 212
0.479817 0.002385 0.046210 
0.462778 0.995127 0.462022 
0.057405 0.002488 0.491768 
0.978666 0.015584 0.002722 0.003029 
0.250000 0.250000 0.250000 0.250000 
 213
0.479817 0.002385 0.046210 
0.462778 0.995127 0.462022 
0.057405 0.002488 0.491768 
0.644151 0.045750 0.155608 0.154490 
0.250000 0.250000 0.250000 0.250000 
 214
0.479817 0.002385 0.046210 
0.462778 0.995127 0.462022 
0.057405 0.002488 0.491768 
0.002721 0.002721 0.003341 0.991217 
0.250000 0.250000 0.250000 0.250000 
 215
0.479817 0.002385 0.046210 
0.462778 0.995127 0.462022 
0.057405 0.002488 0.491768 
0.002721 0.991836 0.002721 0.002721 
0.250000 0.250000 0.250000 0.250000 
 216
0.479817 0.002385 0.046210 
0.462778 0.995127 0.462022 
0.057405 0.002488 0.491768 
0.002722 0.002722 0.382653 0.611903 
0.250000 0.250000 0.250000 0.250000 
 217
0.479817 0.002385 0.046210 
0.462778 0.995127 0.462022 
0.057405 0.002488 0.491768 
0.990615 0.003942 0.002721 0.002721 
0.250000 0.250000 0.250000 0.250000 
 218
0.479817 0.002385 0.046210 
0.462778 0.995127 0.462022 
0.057405 0.002488 0.491768 
0.718844 0.269041 0.004249 0.007865 
0.250000 0.250000 0.250000 0.250000 
 219
0.479817 0.002385 0.046210 
0.462778 0.995127 0.462022 
0.057405 0.002488 0.491768 
0.002974 0.002721 0.937038 0.057266 
0.250000 0.250000 0.250000 0.250000 
 220
0.479817 0.002385 0.046210 
0.462778 0.995127 0.462022 
0.057405 0.002488 0.491768 
0.626774 0.366414 0.004090 0.002723 
0.250000 0.250000 0.250000 0.250000 
 221
0.479817 0.002385 0.046210 
0.462778 0.995127 0.462022 
0.057405 0.002488 0.491768 
0.002721 0.002721 0.003330 0.991227 
0.250000 0.250000 0.250000 0.250000 
 222
0.479817 0.002385 0.046210 
0.462778 0.995127 0.462022 
0.057405 0.002488 0.491768 
0.097310 0.031396 0.032266 0.839028 
0.250000 0.250000 0.250000 0.250000 
 223
0.479817 0.002385 0.046210 
0.462778 0.995127 0.462022 
0.057405 0.002488 0.491768 
0.004272 0.989738 0.002722 0.003268 
0.250000 0.250000 0.250000 0.250000 
 224
0.479817 0.002385 0.046210 
0.462778 0.995127 0.462022 
0.057405 0.002488 0.491768 
0.002721 0.002721 0.986692 0.007865 
0.250000 0.250000 0.250000 0.250000 
 225
0.479817 0.002385 0.046210 
0.462778 0.995127 0.462022 
0.057405 0.002488 0.491768 
0.080550 0.059225 0.311036 0.549190 
0.250000 0.250000 0.250000 0.250000 
 226
0.479817 0.002385 0.046210 
0.462778 0.995127 0.462022 
0.057405 0.002488 0.491768 
0.003126 0.991431 0.002721 0.002721 
0.250000 0.250000 0.250000 0.250000 
 227
0.479817 0.002385 0.046210 
0.462778 0.995127 0.462022 
0.057405 0.002488 0.491768 
0.002721 0.991836 0.002721 0.002721 
0.250000 0.250000 0.250000 0.250000 
 228
0.479817 0.002385 0.046210 
0.462778 0.995127 0.462022 
0.057405 0.002488 0.491768 
0.344262 0.167834 0.480873 0.007031 
0.250000 0.250000 0.250000 0.250000 
 229
0.479817 0.002385 0.046210 
0.462778 0.995127 0.462022 
0.057405 0.002488 0.491768 
0.004018 0.002721 0.003584 0.989676 
0.250000 0.250000 0.250000 0.250000 
 230
0.479817 0.002385 0.046210 
0.462778 0.995127 0.462022 
0.057405 0.002488 0.491768 
0.002722 0.991833 0.002722 0.002722 
0.250000 0.250000 0.250000 0.250000 
 231
0.479817 0.002385 0.046210 
0.462778 0.995127 0.462022 
0.057405 0.002488 0.491768 
0.002722 0.991833 0.002722 0.002722 
0.250000 0.250000 0.250000 0.250000 
 232
0.479817 0.002385 0.046210 
0.462778 0.995127 0.462022 
0.057405 0.002488 0.491768 
0.808118 0.008388 0.180772 0.002722 
0.250000 0.250000 0.250000 0.250000 
 233
0.479817 0.002385 0.046210 
0.462778 0.995127 0.462022 
0.057405 0.002488 0.491768 
0.002721 0.002721 0.002721 0.991836 
0.250000 0.250000 0.250000 0.250000 
 234
0.479817 0.002385 0.046210 
0.462778 0.995127 0.462022 
0.057405 0.002488 0.491768 
0.026569 0.002721 0.921071 0.049639 
0.250000 0.250000 0.250000 0.250000 
 235
0.479817 0.002385 0.046210 
0.462778 0.995127 0.462022 
0.057405 0.002488 0.491768 
0.002721 0.002721 0.648321 0.346236 
0.250000 0.250000 0.250000 0.250000 
 236
