%  SAM: /scicomp/home/vfn4/Tools/LABEL_RES/scripts/modelfromalign v3.5 (July 15, 2005) compiled 12/08/06_16:15:55
%  (c) 1992-2001 Regents of the University of California, Santa Cruz
%
%          Sequence Alignment and Modeling Software System
%         http://www.cse.ucsc.edu/research/compbio/sam.html
%
% ----------------- Citations (SAM, SAM-T2K, HMMs) --------------------
% R. Hughey, A. Krogh, Hidden Markov models for sequence analysis:
%  Extension and analysis of the basic method, CABIOS 12:95-107, 1996.
% K. Karplus, et al., What is the value added by human intervention in protein
%  structure prediction, Proteins: Stucture, Function, Genetics 45(S5):86--91, 2001.
% A. Krogh et al., Hidden Markov models in computational biology:
%  Applications to protein modeling, JMB 235:1501-1531, Feb 1994.
% ---------------------------------------------------------------------
%  A_HA_H5_hmm   Host: node5.aspen.biotech.cdc.gov    Thu Jun  5 17:05:00 2014
%  vfn4          Dir:  /scicomp/home/vfn4/IRMA/train2
% ---------------------------------------------------------------------
%  Alignment weights from internal calc.  Total (60.92) Max (0.26) Min (0.01)
%  Weights from alignment method 1 (karplus), b=-1.000000, e=0.500000
MODEL --  Model from alignment file /scicomp/home/vfn4/Tools/LABEL_RES/training_data/IRMA/A_HA_H5.fasta
alphabet DNA
FREQAVE
0.000000 0.000000 0.000000 
0.000000 0.000000 0.000000 
0.000000 0.000000 0.000000 
0.351226 0.227422 0.184436 0.236916 
0.351226 0.227422 0.184436 0.236916 
Begin
0.000000 0.000000 0.000000 
0.000000 0.000000 0.000000 
0.000000 0.003456 0.491768 
0.250000 0.250000 0.250000 0.250000 
0.250000 0.250000 0.250000 0.250000 
   1
0.000000 0.160397 0.046210 
0.000000 0.836147 0.462022 
0.014091 0.004100 0.491768 
0.984948 0.005017 0.005017 0.005017 
0.250000 0.250000 0.250000 0.250000 
   2
0.871558 0.003930 0.046210 
0.114351 0.991970 0.462022 
0.014101 0.004099 0.491768 
0.005016 0.005016 0.005016 0.984952 
0.250000 0.250000 0.250000 0.250000 
   3
0.868606 0.003929 0.046210 
0.117293 0.991972 0.462022 
0.014152 0.004096 0.491768 
0.005010 0.984970 0.005010 0.005010 
0.250000 0.250000 0.250000 0.250000 
   4
0.864752 0.004080 0.046210 
0.121096 0.991824 0.462022 
0.014243 0.004089 0.491768 
0.013243 0.974826 0.006931 0.005000 
0.250000 0.250000 0.250000 0.250000 
   5
0.868602 0.003920 0.046210 
0.117155 0.991991 0.462022 
0.014277 0.004087 0.491768 
0.982280 0.006027 0.005370 0.006323 
0.250000 0.250000 0.250000 0.250000 
   6
0.866592 0.003917 0.046210 
0.119131 0.991996 0.462022 
0.014334 0.004083 0.491768 
0.023748 0.963163 0.004990 0.008100 
0.250000 0.250000 0.250000 0.250000 
   7
0.860676 0.003914 0.046210 
0.124990 0.992004 0.462022 
0.014471 0.004073 0.491768 
0.973388 0.016214 0.005423 0.004975 
0.250000 0.250000 0.250000 0.250000 
   8
0.863823 0.003905 0.046210 
0.121706 0.992022 0.462022 
0.014544 0.004069 0.491768 
0.970760 0.016352 0.005929 0.006959 
0.250000 0.250000 0.250000 0.250000 
   9
0.862336 0.003900 0.046210 
0.123120 0.992031 0.462022 
0.014630 0.004063 0.491768 
0.980548 0.008894 0.004958 0.005599 
0.250000 0.250000 0.250000 0.250000 
  10
0.829533 0.003895 0.046210 
0.155836 0.992043 0.462022 
0.015206 0.004027 0.491768 
0.979914 0.007731 0.007453 0.004902 
0.250000 0.250000 0.250000 0.250000 
  11
0.858573 0.003860 0.046210 
0.126220 0.992113 0.462022 
0.015262 0.004024 0.491768 
0.004896 0.004896 0.016303 0.973905 
0.250000 0.250000 0.250000 0.250000 
  12
0.851216 0.003857 0.046210 
0.133522 0.992119 0.462022 
0.015424 0.004014 0.491768 
0.983178 0.007059 0.004882 0.004882 
0.250000 0.250000 0.250000 0.250000 
  13
0.838762 0.003977 0.046210 
0.145815 0.992009 0.462022 
0.015753 0.003996 0.491768 
0.029839 0.960035 0.005274 0.004853 
0.250000 0.250000 0.250000 0.250000 
  14
0.838162 0.003830 0.046210 
0.146085 0.992174 0.462022 
0.016059 0.003979 0.491768 
0.006511 0.006792 0.027107 0.959590 
0.250000 0.250000 0.250000 0.250000 
  15
0.843300 0.003815 0.046210 
0.140641 0.992206 0.462022 
0.016241 0.003970 0.491768 
0.023818 0.959329 0.004813 0.012040 
0.250000 0.250000 0.250000 0.250000 
  16
0.835790 0.003806 0.046210 
0.147969 0.992224 0.462022 
0.016522 0.003956 0.491768 
0.011723 0.004790 0.968289 0.015198 
0.250000 0.250000 0.250000 0.250000 
  17
0.836943 0.003792 0.046210 
0.146534 0.992252 0.462022 
0.016746 0.003945 0.491768 
0.004780 0.004780 0.011925 0.978514 
0.250000 0.250000 0.250000 0.250000 
  18
0.844840 0.003782 0.046210 
0.138414 0.992273 0.462022 
0.016803 0.003943 0.491768 
0.007236 0.005678 0.013275 0.973812 
0.250000 0.250000 0.250000 0.250000 
  19
0.835601 0.003779 0.046210 
0.147596 0.992278 0.462022 
0.017010 0.003933 0.491768 
0.006856 0.004755 0.976935 0.011454 
0.250000 0.250000 0.250000 0.250000 
  20
0.838889 0.003770 0.046210 
0.144101 0.992297 0.462022 
0.017129 0.003928 0.491768 
0.004746 0.004746 0.005482 0.985025 
0.250000 0.250000 0.250000 0.250000 
  21
0.839729 0.003765 0.046210 
0.143142 0.992307 0.462022 
0.017216 0.003924 0.491768 
0.005210 0.004740 0.044819 0.945231 
0.250000 0.250000 0.250000 0.250000 
  22
0.827734 0.003761 0.046210 
0.155050 0.992315 0.462022 
0.017501 0.003912 0.491768 
0.005489 0.004721 0.702102 0.287688 
0.250000 0.250000 0.250000 0.250000 
  23
0.831220 0.003750 0.046210 
0.151279 0.992339 0.462022 
0.017681 0.003904 0.491768 
0.004710 0.006614 0.004710 0.983967 
0.250000 0.250000 0.250000 0.250000 
  24
0.835086 0.003742 0.046210 
0.147233 0.992353 0.462022 
0.017764 0.003901 0.491768 
0.005533 0.007544 0.009191 0.977731 
0.250000 0.250000 0.250000 0.250000 
  25
0.816132 0.003739 0.046210 
0.166104 0.992360 0.462022 
0.018181 0.003884 0.491768 
0.039597 0.938292 0.004679 0.017432 
0.250000 0.250000 0.250000 0.250000 
  26
0.833407 0.003723 0.046210 
0.148412 0.992393 0.462022 
0.018214 0.003883 0.491768 
0.005093 0.007256 0.976502 0.011150 
0.250000 0.250000 0.250000 0.250000 
  27
0.833649 0.006034 0.046210 
0.148137 0.990083 0.462022 
0.018008 0.003891 0.491768 
0.913228 0.075379 0.005683 0.005710 
0.250000 0.250000 0.250000 0.250000 
  28
0.785297 0.003730 0.046210 
0.196695 0.992379 0.462022 
0.018986 0.003854 0.491768 
0.963112 0.024782 0.005070 0.007035 
0.250000 0.250000 0.250000 0.250000 
  29
0.822558 0.003695 0.046210 
0.158456 0.992451 0.462022 
0.019089 0.003851 0.491768 
0.004628 0.004628 0.126818 0.863927 
0.250000 0.250000 0.250000 0.250000 
  30
0.820867 0.003691 0.046210 
0.160044 0.992458 0.462022 
0.019207 0.003847 0.491768 
0.958688 0.027422 0.004621 0.009268 
0.250000 0.250000 0.250000 0.250000 
  31
0.816104 0.003687 0.046210 
0.164689 0.992466 0.462022 
0.019398 0.003840 0.491768 
0.234405 0.744716 0.009061 0.011817 
0.250000 0.250000 0.250000 0.250000 
  32
0.824221 0.003681 0.046210 
0.156381 0.992478 0.462022 
0.019398 0.003840 0.491768 
0.005452 0.005138 0.020749 0.968660 
0.250000 0.250000 0.250000 0.250000 
  33
0.823422 0.003681 0.046210 
0.157180 0.992478 0.462022 
0.019414 0.003840 0.491768 
0.004611 0.004611 0.970238 0.020541 
0.250000 0.250000 0.250000 0.250000 
  34
0.780010 0.003681 0.046210 
0.200576 0.992479 0.462022 
0.020309 0.003812 0.491768 
0.956164 0.033174 0.005666 0.004996 
0.250000 0.250000 0.250000 0.250000 
  35
0.812715 0.003654 0.046210 
0.166976 0.992535 0.462022 
0.020375 0.003810 0.491768 
0.068703 0.921371 0.005361 0.004564 
0.250000 0.250000 0.250000 0.250000 
  36
0.802415 0.003652 0.046210 
0.177210 0.992538 0.462022 
0.020642 0.003802 0.491768 
0.005365 0.005403 0.314682 0.674550 
0.250000 0.250000 0.250000 0.250000 
  37
0.767661 0.003644 0.046210 
0.211696 0.992554 0.462022 
0.021622 0.003775 0.491768 
0.051922 0.008453 0.931610 0.008015 
0.250000 0.250000 0.250000 0.250000 
  38
0.783816 0.003619 0.046210 
0.194563 0.992606 0.462022 
0.022069 0.003764 0.491768 
0.005016 0.004495 0.007449 0.983040 
0.250000 0.250000 0.250000 0.250000 
  39
0.797970 0.003608 0.046210 
0.179962 0.992628 0.462022 
0.022114 0.003763 0.491768 
0.005370 0.007050 0.009007 0.978573 
0.250000 0.250000 0.250000 0.250000 
  40
0.793014 0.003607 0.046210 
0.184872 0.992630 0.462022 
0.022261 0.003759 0.491768 
0.004990 0.985647 0.004488 0.004876 
0.250000 0.250000 0.250000 0.250000 
  41
0.795943 0.003603 0.046210 
0.181796 0.992637 0.462022 
0.022313 0.003758 0.491768 
0.004486 0.005360 0.008004 0.982150 
0.250000 0.250000 0.250000 0.250000 
  42
0.795629 0.003602 0.046210 
0.182058 0.992640 0.462022 
0.022362 0.003757 0.491768 
0.010791 0.005075 0.036201 0.947932 
0.250000 0.250000 0.250000 0.250000 
  43
0.772675 0.003601 0.046210 
0.204963 0.992642 0.462022 
0.022928 0.003744 0.491768 
0.978908 0.011565 0.005063 0.004464 
0.250000 0.250000 0.250000 0.250000 
  44
0.789576 0.003588 0.046210 
0.187496 0.992668 0.462022 
0.022989 0.003742 0.491768 
0.963910 0.027166 0.004462 0.004462 
0.250000 0.250000 0.250000 0.250000 
  45
0.790752 0.003587 0.046210 
0.186259 0.992671 0.462022 
0.023010 0.003742 0.491768 
0.972239 0.017680 0.005619 0.004461 
0.250000 0.250000 0.250000 0.250000 
  46
0.782905 0.003587 0.046210 
0.194085 0.992672 0.462022 
0.023210 0.003737 0.491768 
0.960442 0.026983 0.004458 0.008116 
0.250000 0.250000 0.250000 0.250000 
  47
0.787706 0.003582 0.046210 
0.189084 0.992680 0.462022 
0.023256 0.003736 0.491768 
0.004930 0.986164 0.004453 0.004453 
0.250000 0.250000 0.250000 0.250000 
  48
0.785009 0.003581 0.046210 
0.191736 0.992682 0.462022 
0.023355 0.003734 0.491768 
0.004908 0.006262 0.146497 0.842332 
0.250000 0.250000 0.250000 0.250000 
  49
0.523355 0.003579 0.046210 
0.453290 0.992687 0.462022 
0.031776 0.003604 0.491768 
0.004256 0.983741 0.007748 0.004256 
0.250000 0.250000 0.250000 0.250000 
  50
0.710405 0.003455 0.046210 
0.257819 0.992940 0.462022 
0.031829 0.003604 0.491768 
0.986407 0.004630 0.004255 0.004707 
0.250000 0.250000 0.250000 0.250000 
  51
0.710196 0.003455 0.046210 
0.257975 0.992942 0.462022 
0.031873 0.003603 0.491768 
0.004254 0.004254 0.031907 0.959585 
0.250000 0.250000 0.250000 0.250000 
  52
0.704214 0.003454 0.046210 
0.263913 0.992943 0.462022 
0.032096 0.003601 0.491768 
0.004250 0.004250 0.987249 0.004250 
0.250000 0.250000 0.250000 0.250000 
  53
0.706827 0.003452 0.046210 
0.261076 0.992947 0.462022 
0.032171 0.003600 0.491768 
0.985825 0.005677 0.004249 0.004249 
0.250000 0.250000 0.250000 0.250000 
  54
0.686493 0.004005 0.046210 
0.281336 0.992395 0.462022 
0.032699 0.003595 0.491768 
0.023836 0.848523 0.004906 0.122735 
0.250000 0.250000 0.250000 0.250000 
  55
0.657177 0.003446 0.046210 
0.310123 0.992960 0.462022 
0.034295 0.003579 0.491768 
0.986138 0.004783 0.004860 0.004218 
0.250000 0.250000 0.250000 0.250000 
  56
0.689236 0.003431 0.046210 
0.276469 0.992990 0.462022 
0.034295 0.003579 0.491768 
0.004218 0.004218 0.004218 0.987346 
0.250000 0.250000 0.250000 0.250000 
  57
0.689236 0.003431 0.046210 
0.276469 0.992990 0.462022 
0.034295 0.003579 0.491768 
0.005163 0.004218 0.014267 0.976352 
0.250000 0.250000 0.250000 0.250000 
  58
0.689236 0.003431 0.046210 
0.276469 0.992990 0.462022 
0.034295 0.003579 0.491768 
0.004218 0.008848 0.004218 0.982716 
0.250000 0.250000 0.250000 0.250000 
  59
0.689236 0.003431 0.046210 
0.276469 0.992990 0.462022 
0.034295 0.003579 0.491768 
0.005311 0.986253 0.004218 0.004218 
0.250000 0.250000 0.250000 0.250000 
  60
0.687696 0.003431 0.046210 
0.278010 0.992990 0.462022 
0.034347 0.003579 0.491768 
0.004217 0.004217 0.986521 0.005044 
0.250000 0.250000 0.250000 0.250000 
  61
0.685731 0.003430 0.046210 
0.279922 0.992991 0.462022 
0.034452 0.003578 0.491768 
0.966916 0.023515 0.005352 0.004216 
0.250000 0.250000 0.250000 0.250000 
  62
0.687812 0.003429 0.046210 
0.277736 0.992993 0.462022 
0.034452 0.003578 0.491768 
0.004216 0.004216 0.005066 0.986502 
0.250000 0.250000 0.250000 0.250000 
  63
0.687812 0.003670 0.046210 
0.277736 0.992753 0.462022 
0.034358 0.003579 0.491768 
0.004217 0.004217 0.013105 0.978461 
0.250000 0.250000 0.250000 0.250000 
  64
0.679347 0.003430 0.046210 
0.286295 0.992991 0.462022 
0.034681 0.003576 0.491768 
0.004213 0.985757 0.004213 0.005817 
0.250000 0.250000 0.250000 0.250000 
  65
0.671106 0.003427 0.046210 
0.294213 0.992997 0.462022 
0.035196 0.003571 0.491768 
0.004634 0.985098 0.004206 0.006062 
0.250000 0.250000 0.250000 0.250000 
  66
0.681068 0.003622 0.046210 
0.283736 0.992807 0.462022 
0.035115 0.003572 0.491768 
0.004731 0.005208 0.014440 0.975621 
0.250000 0.250000 0.250000 0.250000 
  67
0.679498 0.003424 0.046210 
0.285387 0.993005 0.462022 
0.035196 0.003571 0.491768 
0.004206 0.004206 0.004206 0.987381 
0.250000 0.250000 0.250000 0.250000 
  68
0.677714 0.003423 0.046210 
0.287090 0.993006 0.462022 
0.035314 0.003570 0.491768 
0.985212 0.004552 0.005745 0.004491 
0.250000 0.250000 0.250000 0.250000 
  69
0.677369 0.003554 0.046210 
0.287317 0.992876 0.462022 
0.035353 0.003570 0.491768 
0.004206 0.004206 0.886243 0.105346 
0.250000 0.250000 0.250000 0.250000 
  70
0.664541 0.003422 0.046210 
0.300106 0.993009 0.462022 
0.035895 0.003565 0.491768 
0.004197 0.004197 0.986513 0.005092 
0.250000 0.250000 0.250000 0.250000 
  71
0.672476 0.003417 0.046210 
0.291629 0.993018 0.462022 
0.035976 0.003564 0.491768 
0.987411 0.004196 0.004196 0.004196 
0.250000 0.250000 0.250000 0.250000 
  72
0.673997 0.003417 0.046210 
0.290027 0.993019 0.462022 
0.035976 0.003564 0.491768 
0.004196 0.004196 0.008216 0.983391 
0.250000 0.250000 0.250000 0.250000 
  73
0.670770 0.003417 0.046210 
0.293253 0.993019 0.462022 
0.036093 0.003563 0.491768 
0.004699 0.986911 0.004195 0.004195 
0.250000 0.250000 0.250000 0.250000 
  74
0.672942 0.003416 0.046210 
0.290966 0.993021 0.462022 
0.036093 0.003563 0.491768 
0.004195 0.005273 0.986338 0.004195 
0.250000 0.250000 0.250000 0.250000 
  75
0.667235 0.003416 0.046210 
0.296673 0.993021 0.462022 
0.036300 0.003562 0.491768 
0.985365 0.006250 0.004192 0.004192 
0.250000 0.250000 0.250000 0.250000 
  76
0.669257 0.003414 0.046210 
0.294443 0.993024 0.462022 
0.036366 0.003561 0.491768 
0.985904 0.004956 0.004192 0.004948 
0.250000 0.250000 0.250000 0.250000 
  77
0.663582 0.003414 0.046210 
0.300053 0.993025 0.462022 
0.036618 0.003559 0.491768 
0.986304 0.004555 0.004952 0.004189 
0.250000 0.250000 0.250000 0.250000 
  78
0.668184 0.003412 0.046210 
0.295199 0.993029 0.462022 
0.036618 0.003559 0.491768 
0.004189 0.004189 0.896802 0.094821 
0.250000 0.250000 0.250000 0.250000 
  79
0.666207 0.003412 0.046210 
0.297175 0.993029 0.462022 
0.036690 0.003559 0.491768 
0.981863 0.005264 0.005885 0.006989 
0.250000 0.250000 0.250000 0.250000 
  80
0.664621 0.003411 0.046210 
0.298689 0.993030 0.462022 
0.036797 0.003558 0.491768 
0.985426 0.004187 0.004187 0.006200 
0.250000 0.250000 0.250000 0.250000 
  81
0.665224 0.003410 0.046210 
0.297978 0.993032 0.462022 
0.036846 0.003557 0.491768 
0.004186 0.004186 0.892509 0.099120 
0.250000 0.250000 0.250000 0.250000 
  82
0.661978 0.003410 0.046210 
0.301176 0.993033 0.462022 
0.036999 0.003556 0.491768 
0.004184 0.005360 0.004184 0.986272 
0.250000 0.250000 0.250000 0.250000 
  83
0.664726 0.003409 0.046210 
0.298274 0.993035 0.462022 
0.036999 0.003556 0.491768 
0.004184 0.005074 0.986203 0.004538 
0.250000 0.250000 0.250000 0.250000 
  84
0.664726 0.003409 0.046210 
0.298274 0.993035 0.462022 
0.036999 0.003556 0.491768 
0.183927 0.807334 0.004184 0.004555 
0.250000 0.250000 0.250000 0.250000 
  85
0.664726 0.003409 0.046210 
0.298274 0.993035 0.462022 
0.036999 0.003556 0.491768 
0.986522 0.004184 0.004184 0.005110 
0.250000 0.250000 0.250000 0.250000 
  86
0.664726 0.003409 0.046210 
0.298274 0.993035 0.462022 
0.036999 0.003556 0.491768 
0.004184 0.004184 0.987448 0.004184 
0.250000 0.250000 0.250000 0.250000 
  87
0.642684 0.003409 0.046210 
0.320316 0.993035 0.462022 
0.037833 0.003550 0.491768 
0.976319 0.012747 0.004175 0.006760 
0.250000 0.250000 0.250000 0.250000 
  88
0.657170 0.003403 0.046210 
0.304997 0.993048 0.462022 
0.037833 0.003550 0.491768 
0.029566 0.961240 0.005020 0.004175 
0.250000 0.250000 0.250000 0.250000 
  89
0.657170 0.003403 0.046210 
0.304997 0.993048 0.462022 
0.037833 0.003550 0.491768 
0.975446 0.004995 0.004175 0.015384 
0.250000 0.250000 0.250000 0.250000 
  90
0.655002 0.003880 0.046210 
0.307164 0.992570 0.462022 
0.037689 0.003551 0.491768 
0.025524 0.965730 0.004176 0.004570 
0.250000 0.250000 0.250000 0.250000 
  91
0.652503 0.003404 0.046210 
0.309808 0.993046 0.462022 
0.037915 0.003549 0.491768 
0.008245 0.004174 0.983407 0.004174 
0.250000 0.250000 0.250000 0.250000 
  92
0.656425 0.003402 0.046210 
0.305660 0.993049 0.462022 
0.037915 0.003549 0.491768 
0.979609 0.011061 0.004174 0.005157 
0.250000 0.250000 0.250000 0.250000 
  93
0.656425 0.003402 0.046210 
0.305660 0.993049 0.462022 
0.037915 0.003549 0.491768 
0.017750 0.971938 0.004174 0.006138 
0.250000 0.250000 0.250000 0.250000 
  94
0.656425 0.003402 0.046210 
0.305660 0.993049 0.462022 
0.037915 0.003549 0.491768 
0.005470 0.983936 0.004174 0.006419 
0.250000 0.250000 0.250000 0.250000 
  95
0.656425 0.003402 0.046210 
0.305660 0.993049 0.462022 
0.037915 0.003549 0.491768 
0.004174 0.005645 0.005415 0.984767 
0.250000 0.250000 0.250000 0.250000 
  96
0.656425 0.003402 0.046210 
0.305660 0.993049 0.462022 
0.037915 0.003549 0.491768 
0.004501 0.011485 0.012998 0.971016 
0.250000 0.250000 0.250000 0.250000 
  97
0.652569 0.003402 0.046210 
0.309516 0.993049 0.462022 
0.038062 0.003548 0.491768 
0.004172 0.985239 0.006417 0.004172 
0.250000 0.250000 0.250000 0.250000 
  98
0.655095 0.003401 0.046210 
0.306843 0.993051 0.462022 
0.038062 0.003548 0.491768 
0.987483 0.004172 0.004172 0.004172 
0.250000 0.250000 0.250000 0.250000 
  99
0.653059 0.003401 0.046210 
0.308879 0.993051 0.462022 
0.038140 0.003547 0.491768 
0.004171 0.004171 0.980399 0.011258 
0.250000 0.250000 0.250000 0.250000 
 100
0.654391 0.003400 0.046210 
0.307469 0.993052 0.462022 
0.038140 0.003547 0.491768 
0.986134 0.004666 0.005029 0.004171 
0.250000 0.250000 0.250000 0.250000 
 101
0.654391 0.003400 0.046210 
0.307469 0.993052 0.462022 
0.038140 0.003547 0.491768 
0.006416 0.004171 0.985242 0.004171 
0.250000 0.250000 0.250000 0.250000 
 102
0.654391 0.003400 0.046210 
0.307469 0.993052 0.462022 
0.038140 0.003547 0.491768 
0.939303 0.051752 0.004173 0.004772 
0.250000 0.250000 0.250000 0.250000 
 103
0.652749 0.003400 0.046210 
0.309111 0.993052 0.462022 
0.038203 0.003547 0.491768 
0.985242 0.004171 0.004171 0.006415 
0.250000 0.250000 0.250000 0.250000 
 104
0.653823 0.003400 0.046210 
0.307974 0.993053 0.462022 
0.038203 0.003547 0.491768 
0.006414 0.004171 0.004171 0.985244 
0.250000 0.250000 0.250000 0.250000 
 105
0.652437 0.003400 0.046210 
0.309360 0.993053 0.462022 
0.038256 0.003547 0.491768 
0.936883 0.004170 0.054777 0.004170 
0.250000 0.250000 0.250000 0.250000 
 106
0.653343 0.003400 0.046210 
0.308402 0.993054 0.462022 
0.038256 0.003547 0.491768 
0.984714 0.006946 0.004170 0.004170 
0.250000 0.250000 0.250000 0.250000 
 107
0.653343 0.003400 0.046210 
0.308402 0.993054 0.462022 
0.038256 0.003547 0.491768 
0.004170 0.005861 0.005519 0.984450 
0.250000 0.250000 0.250000 0.250000 
 108
0.643433 0.003400 0.046210 
0.318312 0.993054 0.462022 
0.038639 0.003544 0.491768 
0.005059 0.986608 0.004166 0.004166 
0.250000 0.250000 0.250000 0.250000 
 109
0.649873 0.003397 0.046210 
0.311489 0.993059 0.462022 
0.038639 0.003544 0.491768 
0.004166 0.987033 0.004635 0.004166 
0.250000 0.250000 0.250000 0.250000 
 110
0.649873 0.003397 0.046210 
0.311489 0.993059 0.462022 
0.038639 0.003544 0.491768 
0.986968 0.004166 0.004166 0.004700 
0.250000 0.250000 0.250000 0.250000 
 111
0.649873 0.003397 0.046210 
0.311489 0.993059 0.462022 
0.038639 0.003544 0.491768 
0.981826 0.007601 0.006407 0.004166 
0.250000 0.250000 0.250000 0.250000 
 112
0.643611 0.003397 0.046210 
0.317750 0.993059 0.462022 
0.038882 0.003542 0.491768 
0.986535 0.005138 0.004164 0.004164 
0.250000 0.250000 0.250000 0.250000 
 113
0.647667 0.003395 0.046210 
0.313451 0.993062 0.462022 
0.038882 0.003542 0.491768 
0.982030 0.009643 0.004164 0.004164 
0.250000 0.250000 0.250000 0.250000 
 114
0.643354 0.003395 0.046210 
0.317764 0.993062 0.462022 
0.039050 0.003541 0.491768 
0.013752 0.976947 0.004163 0.005137 
0.250000 0.250000 0.250000 0.250000 
 115
0.646141 0.003394 0.046210 
0.314809 0.993065 0.462022 
0.039050 0.003541 0.491768 
0.985024 0.006653 0.004162 0.004162 
0.250000 0.250000 0.250000 0.250000 
 116
0.624412 0.003394 0.046210 
0.336537 0.993065 0.462022 
0.039918 0.003535 0.491768 
0.987541 0.004153 0.004153 0.004153 
0.250000 0.250000 0.250000 0.250000 
 117
0.620062 0.003389 0.046210 
0.340020 0.993076 0.462022 
0.040659 0.003530 0.491768 
0.004887 0.004146 0.953838 0.037128 
0.250000 0.250000 0.250000 0.250000 
 118
0.624409 0.003384 0.046210 
0.334933 0.993086 0.462022 
0.040952 0.003528 0.491768 
0.008141 0.983572 0.004143 0.004143 
0.250000 0.250000 0.250000 0.250000 
 119
0.628912 0.003382 0.046210 
0.330137 0.993090 0.462022 
0.040952 0.003528 0.491768 
0.004807 0.004143 0.004143 0.986906 
0.250000 0.250000 0.250000 0.250000 
 120
0.628912 0.003382 0.046210 
0.330137 0.993090 0.462022 
0.040952 0.003528 0.491768 
0.013630 0.004558 0.330952 0.650859 
0.250000 0.250000 0.250000 0.250000 
 121
0.613927 0.003382 0.046210 
0.345121 0.993090 0.462022 
0.041575 0.003524 0.491768 
0.985951 0.005436 0.004475 0.004138 
0.250000 0.250000 0.250000 0.250000 
 122
0.616390 0.003378 0.046210 
0.342035 0.993097 0.462022 
0.041863 0.003523 0.491768 
0.004469 0.004135 0.985851 0.005544 
0.250000 0.250000 0.250000 0.250000 
 123
0.620658 0.003377 0.046210 
0.337479 0.993101 0.462022 
0.041863 0.003523 0.491768 
0.004547 0.005537 0.005405 0.984511 
0.250000 0.250000 0.250000 0.250000 
 124
0.612830 0.003377 0.046210 
0.345308 0.993101 0.462022 
0.042193 0.003521 0.491768 
0.004132 0.987603 0.004132 0.004132 
0.250000 0.250000 0.250000 0.250000 
 125
0.617665 0.003375 0.046210 
0.340142 0.993104 0.462022 
0.042193 0.003521 0.491768 
0.004132 0.004132 0.004953 0.986782 
0.250000 0.250000 0.250000 0.250000 
 126
0.612535 0.003375 0.046210 
0.345272 0.993104 0.462022 
0.042410 0.003519 0.491768 
0.010801 0.005443 0.028315 0.955441 
0.250000 0.250000 0.250000 0.250000 
 127
0.600560 0.003374 0.046210 
0.357029 0.993107 0.462022 
0.043062 0.003516 0.491768 
0.987136 0.004615 0.004125 0.004125 
0.250000 0.250000 0.250000 0.250000 
 128
0.609788 0.003370 0.046210 
0.347150 0.993114 0.462022 
0.043062 0.003516 0.491768 
0.004125 0.004125 0.986888 0.004862 
0.250000 0.250000 0.250000 0.250000 
 129
0.609788 0.003370 0.046210 
0.347150 0.993114 0.462022 
0.043062 0.003516 0.491768 
0.979713 0.008495 0.006118 0.005674 
0.250000 0.250000 0.250000 0.250000 
 130
0.609788 0.003370 0.046210 
0.347150 0.993114 0.462022 
0.043062 0.003516 0.491768 
0.004935 0.004589 0.985978 0.004497 
0.250000 0.250000 0.250000 0.250000 
 131
0.603938 0.003370 0.046210 
0.353000 0.993114 0.462022 
0.043316 0.003514 0.491768 
0.986413 0.004605 0.004123 0.004859 
0.250000 0.250000 0.250000 0.250000 
 132
0.607492 0.003369 0.046210 
0.349193 0.993117 0.462022 
0.043316 0.003514 0.491768 
0.004433 0.004427 0.308378 0.682762 
0.250000 0.250000 0.250000 0.250000 
 133
0.607492 0.003369 0.046210 
0.349193 0.993117 0.462022 
0.043316 0.003514 0.491768 
0.004545 0.986168 0.004123 0.005164 
0.250000 0.250000 0.250000 0.250000 
 134
0.607492 0.003369 0.046210 
0.349193 0.993117 0.462022 
0.043316 0.003514 0.491768 
0.004123 0.005422 0.985205 0.005249 
0.250000 0.250000 0.250000 0.250000 
 135
0.607492 0.003369 0.046210 
0.349193 0.993117 0.462022 
0.043316 0.003514 0.491768 
0.004837 0.004423 0.843940 0.146799 
0.250000 0.250000 0.250000 0.250000 
 136
0.607492 0.003369 0.046210 
0.349193 0.993117 0.462022 
0.043316 0.003514 0.491768 
0.009816 0.004123 0.981939 0.004123 
0.250000 0.250000 0.250000 0.250000 
 137
0.605522 0.003369 0.046210 
0.351163 0.993117 0.462022 
0.043401 0.003514 0.491768 
0.986051 0.005089 0.004122 0.004738 
0.250000 0.250000 0.250000 0.250000 
 138
0.606717 0.003368 0.046210 
0.349882 0.993118 0.462022 
0.043401 0.003514 0.491768 
0.981532 0.009812 0.004122 0.004534 
0.250000 0.250000 0.250000 0.250000 
 139
0.599505 0.003368 0.046210 
0.357094 0.993118 0.462022 
0.043716 0.003512 0.491768 
0.008756 0.983005 0.004120 0.004120 
0.250000 0.250000 0.250000 0.250000 
 140
0.603860 0.003367 0.046210 
0.352424 0.993121 0.462022 
0.043716 0.003512 0.491768 
0.986946 0.004120 0.004815 0.004120 
0.250000 0.250000 0.250000 0.250000 
 141
0.603860 0.003367 0.046210 
0.352424 0.993121 0.462022 
0.043716 0.003512 0.491768 
0.005126 0.004120 0.897212 0.093542 
0.250000 0.250000 0.250000 0.250000 
 142
0.598198 0.003367 0.046210 
0.358086 0.993121 0.462022 
0.043965 0.003511 0.491768 
0.985587 0.004767 0.004659 0.004987 
0.250000 0.250000 0.250000 0.250000 
 143
0.601604 0.003365 0.046210 
0.354431 0.993124 0.462022 
0.043965 0.003511 0.491768 
0.004118 0.004118 0.004118 0.987647 
0.250000 0.250000 0.250000 0.250000 
 144
0.601604 0.003365 0.046210 
0.354431 0.993124 0.462022 
0.043965 0.003511 0.491768 
0.985055 0.004118 0.006020 0.004807 
0.250000 0.250000 0.250000 0.250000 
 145
0.601604 0.003365 0.046210 
0.354431 0.993124 0.462022 
0.043965 0.003511 0.491768 
0.004118 0.005594 0.970626 0.019662 
0.250000 0.250000 0.250000 0.250000 
 146
0.601604 0.003365 0.046210 
0.354431 0.993124 0.462022 
0.043965 0.003511 0.491768 
0.005120 0.004118 0.004118 0.986644 
0.250000 0.250000 0.250000 0.250000 
 147
0.599990 0.003365 0.046210 
0.356045 0.993124 0.462022 
0.044036 0.003510 0.491768 
0.028265 0.963501 0.004117 0.004117 
0.250000 0.250000 0.250000 0.250000 
 148
0.508570 0.003365 0.046210 
0.447394 0.993125 0.462022 
0.048519 0.003489 0.491768 
0.004085 0.987745 0.004085 0.004085 
0.250000 0.250000 0.250000 0.250000 
 149
0.560340 0.003344 0.046210 
0.391141 0.993167 0.462022 
0.048519 0.003489 0.491768 
0.986996 0.004834 0.004085 0.004085 
0.250000 0.250000 0.250000 0.250000 
 150
0.560340 0.003344 0.046210 
0.391141 0.993167 0.462022 
0.048519 0.003489 0.491768 
0.935402 0.055783 0.004730 0.004085 
0.250000 0.250000 0.250000 0.250000 
 151
0.550138 0.003344 0.046210 
0.401343 0.993167 0.462022 
0.049019 0.003486 0.491768 
0.987754 0.004082 0.004082 0.004082 
0.250000 0.250000 0.250000 0.250000 
 152
0.555808 0.003342 0.046210 
0.395173 0.993172 0.462022 
0.049019 0.003486 0.491768 
0.958618 0.032606 0.004083 0.004693 
0.250000 0.250000 0.250000 0.250000 
 153
0.537136 0.003342 0.046210 
0.413845 0.993172 0.462022 
0.049952 0.003482 0.491768 
0.013474 0.978374 0.004076 0.004076 
0.250000 0.250000 0.250000 0.250000 
 154
0.547356 0.003338 0.046210 
0.402692 0.993179 0.462022 
0.049952 0.003482 0.491768 
0.977330 0.014518 0.004076 0.004076 
0.250000 0.250000 0.250000 0.250000 
 155
0.547356 0.003338 0.046210 
0.402692 0.993179 0.462022 
0.049952 0.003482 0.491768 
0.008668 0.004076 0.983180 0.004076 
0.250000 0.250000 0.250000 0.250000 
 156
0.547356 0.003338 0.046210 
0.402692 0.993179 0.462022 
0.049952 0.003482 0.491768 
0.977584 0.011851 0.004768 0.005797 
0.250000 0.250000 0.250000 0.250000 
 157
0.547356 0.003338 0.046210 
0.402692 0.993179 0.462022 
0.049952 0.003482 0.491768 
0.004076 0.004076 0.987771 0.004076 
0.250000 0.250000 0.250000 0.250000 
 158
0.547356 0.003338 0.046210 
0.402692 0.993179 0.462022 
0.049952 0.003482 0.491768 
0.987128 0.004719 0.004076 0.004076 
0.250000 0.250000 0.250000 0.250000 
 159
0.547356 0.003338 0.046210 
0.402692 0.993179 0.462022 
0.049952 0.003482 0.491768 
0.004076 0.004076 0.929616 0.062231 
0.250000 0.250000 0.250000 0.250000 
 160
0.547356 0.003338 0.046210 
0.402692 0.993179 0.462022 
0.049952 0.003482 0.491768 
0.987225 0.004622 0.004076 0.004076 
0.250000 0.250000 0.250000 0.250000 
 161
0.547356 0.003338 0.046210 
0.402692 0.993179 0.462022 
0.049952 0.003482 0.491768 
0.987314 0.004534 0.004076 0.004076 
0.250000 0.250000 0.250000 0.250000 
 162
0.543615 0.003338 0.046210 
0.406433 0.993179 0.462022 
0.050139 0.003482 0.491768 
0.004513 0.004076 0.944500 0.046912 
0.250000 0.250000 0.250000 0.250000 
 163
0.543393 0.003337 0.046210 
0.406468 0.993181 0.462022 
0.050253 0.003481 0.491768 
0.004074 0.987777 0.004074 0.004074 
0.250000 0.250000 0.250000 0.250000 
 164
0.544626 0.003337 0.046210 
0.405121 0.993182 0.462022 
0.050253 0.003481 0.491768 
0.004493 0.987358 0.004074 0.004074 
0.250000 0.250000 0.250000 0.250000 
 165
0.544626 0.003337 0.046210 
0.405121 0.993182 0.462022 
0.050253 0.003481 0.491768 
0.033589 0.957041 0.004074 0.005295 
0.250000 0.250000 0.250000 0.250000 
 166
0.544626 0.003337 0.046210 
0.405121 0.993182 0.462022 
0.050253 0.003481 0.491768 
0.987777 0.004074 0.004074 0.004074 
0.250000 0.250000 0.250000 0.250000 
 167
0.542767 0.003337 0.046210 
0.406980 0.993182 0.462022 
0.050347 0.003481 0.491768 
0.979396 0.011736 0.004794 0.004074 
0.250000 0.250000 0.250000 0.250000 
 168
0.541250 0.003337 0.046210 
0.408403 0.993183 0.462022 
0.050474 0.003480 0.491768 
0.226572 0.765281 0.004074 0.004074 
0.250000 0.250000 0.250000 0.250000 
 169
0.532987 0.003336 0.046210 
0.416539 0.993184 0.462022 
0.050965 0.003478 0.491768 
0.004641 0.004070 0.986827 0.004462 
0.250000 0.250000 0.250000 0.250000 
 170
0.538172 0.003334 0.046210 
0.410863 0.993187 0.462022 
0.050965 0.003478 0.491768 
0.004070 0.004070 0.004070 0.987789 
0.250000 0.250000 0.250000 0.250000 
 171
0.538172 0.003334 0.046210 
0.410863 0.993187 0.462022 
0.050965 0.003478 0.491768 
0.009912 0.006082 0.971632 0.012373 
0.250000 0.250000 0.250000 0.250000 
 172
0.528848 0.003334 0.046210 
0.420187 0.993187 0.462022 
0.051445 0.003476 0.491768 
0.004523 0.004068 0.004068 0.987342 
0.250000 0.250000 0.250000 0.250000 
 173
0.533825 0.003332 0.046210 
0.414730 0.993191 0.462022 
0.051445 0.003476 0.491768 
0.004068 0.987797 0.004068 0.004068 
0.250000 0.250000 0.250000 0.250000 
 174
0.533825 0.003332 0.046210 
0.414730 0.993191 0.462022 
0.051445 0.003476 0.491768 
0.004068 0.004524 0.893824 0.097585 
0.250000 0.250000 0.250000 0.250000 
 175
0.533825 0.003332 0.046210 
0.414730 0.993191 0.462022 
0.051445 0.003476 0.491768 
0.112791 0.879074 0.004068 0.004068 
0.250000 0.250000 0.250000 0.250000 
 176
0.533825 0.003332 0.046210 
0.414730 0.993191 0.462022 
0.051445 0.003476 0.491768 
0.978344 0.009635 0.007954 0.004068 
0.250000 0.250000 0.250000 0.250000 
 177
0.533825 0.003332 0.046210 
0.414730 0.993191 0.462022 
0.051445 0.003476 0.491768 
0.004068 0.006289 0.095112 0.894532 
0.250000 0.250000 0.250000 0.250000 
 178
0.533825 0.003332 0.046210 
0.414730 0.993191 0.462022 
0.051445 0.003476 0.491768 
0.004707 0.004068 0.971329 0.019897 
0.250000 0.250000 0.250000 0.250000 
 179
0.533825 0.003332 0.046210 
0.414730 0.993191 0.462022 
0.051445 0.003476 0.491768 
0.004068 0.004068 0.004891 0.986974 
0.250000 0.250000 0.250000 0.250000 
 180
0.533825 0.003332 0.046210 
0.414730 0.993191 0.462022 
0.051445 0.003476 0.491768 
0.968929 0.018972 0.006092 0.006006 
0.250000 0.250000 0.250000 0.250000 
 181
0.533825 0.003332 0.046210 
0.414730 0.993191 0.462022 
0.051445 0.003476 0.491768 
0.152545 0.836886 0.005182 0.005387 
0.250000 0.250000 0.250000 0.250000 
 182
0.533825 0.003332 0.046210 
0.414730 0.993191 0.462022 
0.051445 0.003476 0.491768 
0.985549 0.006316 0.004068 0.004068 
0.250000 0.250000 0.250000 0.250000 
 183
0.533825 0.003332 0.046210 
0.414730 0.993191 0.462022 
0.051445 0.003476 0.491768 
0.005373 0.005888 0.057959 0.930780 
0.250000 0.250000 0.250000 0.250000 
 184
0.509361 0.003332 0.046210 
0.439194 0.993191 0.462022 
0.052735 0.003472 0.491768 
0.004602 0.987278 0.004060 0.004060 
0.250000 0.250000 0.250000 0.250000 
 185
0.522135 0.003328 0.046210 
0.425130 0.993201 0.462022 
0.052735 0.003472 0.491768 
0.005983 0.985896 0.004060 0.004060 
0.250000 0.250000 0.250000 0.250000 
 186
0.522135 0.003328 0.046210 
0.425130 0.993201 0.462022 
0.052735 0.003472 0.491768 
0.968102 0.021721 0.005140 0.005038 
0.250000 0.250000 0.250000 0.250000 
 187
0.522135 0.003328 0.046210 
0.425130 0.993201 0.462022 
0.052735 0.003472 0.491768 
0.015742 0.975753 0.004060 0.004444 
0.250000 0.250000 0.250000 0.250000 
 188
0.522135 0.003328 0.046210 
0.425130 0.993201 0.462022 
0.052735 0.003472 0.491768 
0.004060 0.005100 0.004060 0.986779 
0.250000 0.250000 0.250000 0.250000 
 189
0.520003 0.003328 0.046210 
0.427262 0.993201 0.462022 
0.052848 0.003471 0.491768 
0.017596 0.928698 0.004452 0.049254 
0.250000 0.250000 0.250000 0.250000 
 190
0.521114 0.003327 0.046210 
0.426038 0.993201 0.462022 
0.052848 0.003471 0.491768 
0.987214 0.004667 0.004060 0.004060 
0.250000 0.250000 0.250000 0.250000 
 191
0.512955 0.004603 0.046210 
0.434197 0.991926 0.462022 
0.052081 0.003474 0.491768 
0.946168 0.045704 0.004064 0.004064 
0.250000 0.250000 0.250000 0.250000 
 192
0.505513 0.003330 0.046210 
0.442406 0.993196 0.462022 
0.053283 0.003470 0.491768 
0.029046 0.962839 0.004058 0.004058 
0.250000 0.250000 0.250000 0.250000 
 193
0.510972 0.003326 0.046210 
0.435745 0.993205 0.462022 
0.053615 0.003468 0.491768 
0.004056 0.004056 0.987107 0.004781 
0.250000 0.250000 0.250000 0.250000 
 194
0.514161 0.003325 0.046210 
0.432224 0.993207 0.462022 
0.053615 0.003468 0.491768 
0.004553 0.004056 0.987335 0.004056 
0.250000 0.250000 0.250000 0.250000 
 195
0.514161 0.003325 0.046210 
0.432224 0.993207 0.462022 
0.053615 0.003468 0.491768 
0.004056 0.004056 0.022980 0.968909 
0.250000 0.250000 0.250000 0.250000 
 196
0.514161 0.003325 0.046210 
0.432224 0.993207 0.462022 
0.053615 0.003468 0.491768 
0.004056 0.004056 0.975086 0.016803 
0.250000 0.250000 0.250000 0.250000 
 197
0.514161 0.003325 0.046210 
0.432224 0.993207 0.462022 
0.053615 0.003468 0.491768 
0.004056 0.004056 0.004545 0.987343 
0.250000 0.250000 0.250000 0.250000 
 198
0.514161 0.003325 0.046210 
0.432224 0.993207 0.462022 
0.053615 0.003468 0.491768 
0.688760 0.282598 0.023846 0.004796 
0.250000 0.250000 0.250000 0.250000 
 199
0.514161 0.005054 0.046210 
0.432224 0.991478 0.462022 
0.051978 0.003474 0.491768 
0.986076 0.005795 0.004065 0.004065 
0.250000 0.250000 0.250000 0.250000 
 200
0.528993 0.003444 0.046210 
0.419028 0.993081 0.462022 
0.051874 0.003475 0.491768 
0.004065 0.004065 0.004065 0.987805 
0.250000 0.250000 0.250000 0.250000 
 201
0.497465 0.003331 0.046210 
0.450661 0.993194 0.462022 
0.053615 0.003468 0.491768 
0.004392 0.004056 0.011073 0.980480 
0.250000 0.250000 0.250000 0.250000 
 202
0.514161 0.003325 0.046210 
0.432224 0.993207 0.462022 
0.053615 0.003468 0.491768 
0.004056 0.004056 0.022166 0.969723 
0.250000 0.250000 0.250000 0.250000 
 203
0.514161 0.003325 0.046210 
0.432224 0.993207 0.462022 
0.053615 0.003468 0.491768 
0.004056 0.004056 0.004056 0.987833 
0.250000 0.250000 0.250000 0.250000 
 204
0.514161 0.003325 0.046210 
0.432224 0.993207 0.462022 
0.053615 0.003468 0.491768 
0.687623 0.302114 0.004056 0.006207 
0.250000 0.250000 0.250000 0.250000 
 205
0.514161 0.003325 0.046210 
0.432224 0.993207 0.462022 
0.053615 0.003468 0.491768 
0.982790 0.006263 0.006891 0.004056 
0.250000 0.250000 0.250000 0.250000 
 206
0.514161 0.003325 0.046210 
0.432224 0.993207 0.462022 
0.053615 0.003468 0.491768 
0.173112 0.818777 0.004056 0.004056 
0.250000 0.250000 0.250000 0.250000 
 207
0.514161 0.003325 0.046210 
0.432224 0.993207 0.462022 
0.053615 0.003468 0.491768 
0.961904 0.029985 0.004056 0.004056 
0.250000 0.250000 0.250000 0.250000 
 208
0.514161 0.003325 0.046210 
0.432224 0.993207 0.462022 
0.053615 0.003468 0.491768 
0.006124 0.985761 0.004057 0.004057 
0.250000 0.250000 0.250000 0.250000 
 209
0.514161 0.003325 0.046210 
0.432224 0.993207 0.462022 
0.053615 0.003468 0.491768 
0.986856 0.005032 0.004056 0.004056 
0.250000 0.250000 0.250000 0.250000 
 210
0.514161 0.003325 0.046210 
0.432224 0.993207 0.462022 
0.053615 0.003468 0.491768 
0.004056 0.004056 0.025882 0.966006 
0.250000 0.250000 0.250000 0.250000 
 211
0.514161 0.003325 0.046210 
0.432224 0.993207 0.462022 
0.053615 0.003468 0.491768 
0.004056 0.004056 0.004553 0.987336 
0.250000 0.250000 0.250000 0.250000 
 212
0.514161 0.003325 0.046210 
0.432224 0.993207 0.462022 
0.053615 0.003468 0.491768 
0.004056 0.987833 0.004056 0.004056 
0.250000 0.250000 0.250000 0.250000 
 213
0.514161 0.003325 0.046210 
0.432224 0.993207 0.462022 
0.053615 0.003468 0.491768 
0.004056 0.004056 0.017833 0.974056 
0.250000 0.250000 0.250000 0.250000 
 214
0.514161 0.003325 0.046210 
0.432224 0.993207 0.462022 
0.053615 0.003468 0.491768 
0.987833 0.004056 0.004056 0.004056 
0.250000 0.250000 0.250000 0.250000 
 215
0.514161 0.003325 0.046210 
0.432224 0.993207 0.462022 
0.053615 0.003468 0.491768 
0.004056 0.987833 0.004056 0.004056 
0.250000 0.250000 0.250000 0.250000 
 216
0.514161 0.003325 0.046210 
0.432224 0.993207 0.462022 
0.053615 0.003468 0.491768 
0.005773 0.005095 0.013514 0.975618 
0.250000 0.250000 0.250000 0.250000 
 217
0.514161 0.003325 0.046210 
0.432224 0.993207 0.462022 
0.053615 0.003468 0.491768 
0.004476 0.987412 0.004056 0.004056 
0.250000 0.250000 0.250000 0.250000 
 218
0.514161 0.003325 0.046210 
0.432224 0.993207 0.462022 
0.053615 0.003468 0.491768 
0.004613 0.004552 0.004056 0.986779 
0.250000 0.250000 0.250000 0.250000 
 219
0.514161 0.003325 0.046210 
0.432224 0.993207 0.462022 
0.053615 0.003468 0.491768 
0.972145 0.015384 0.004613 0.007859 
0.250000 0.250000 0.250000 0.250000 
 220
0.514161 0.003325 0.046210 
0.432224 0.993207 0.462022 
0.053615 0.003468 0.491768 
0.004056 0.987833 0.004056 0.004056 
0.250000 0.250000 0.250000 0.250000 
 221
0.514161 0.003325 0.046210 
0.432224 0.993207 0.462022 
0.053615 0.003468 0.491768 
0.005239 0.004056 0.985912 0.004793 
0.250000 0.250000 0.250000 0.250000 
 222
0.514161 0.003325 0.046210 
0.432224 0.993207 0.462022 
0.053615 0.003468 0.491768 
0.079980 0.045966 0.035057 0.838997 
0.250000 0.250000 0.250000 0.250000 
 223
0.514161 0.003325 0.046210 
0.432224 0.993207 0.462022 
0.053615 0.003468 0.491768 
0.004974 0.986915 0.004056 0.004056 
0.250000 0.250000 0.250000 0.250000 
 224
0.514161 0.003325 0.046210 
0.432224 0.993207 0.462022 
0.053615 0.003468 0.491768 
0.004056 0.987833 0.004056 0.004056 
0.250000 0.250000 0.250000 0.250000 
 225
0.514161 0.003664 0.046210 
0.432224 0.992867 0.462022 
0.053286 0.003470 0.491768 
0.970698 0.019936 0.004887 0.004479 
0.250000 0.250000 0.250000 0.250000 
 226
0.517147 0.003326 0.046210 
0.429567 0.993205 0.462022 
0.053286 0.003470 0.491768 
0.004058 0.004058 0.004976 0.986909 
0.250000 0.250000 0.250000 0.250000 
 227
0.517147 0.003326 0.046210 
0.429567 0.993205 0.462022 
0.053286 0.003470 0.491768 
0.004058 0.987827 0.004058 0.004058 
0.250000 0.250000 0.250000 0.250000 
 228
0.517147 0.003326 0.046210 
0.429567 0.993205 0.462022 
0.053286 0.003470 0.491768 
0.004058 0.987827 0.004058 0.004058 
0.250000 0.250000 0.250000 0.250000 
 229
0.517147 0.003326 0.046210 
0.429567 0.993205 0.462022 
0.053286 0.003470 0.491768 
0.004058 0.004058 0.987827 0.004058 
0.250000 0.250000 0.250000 0.250000 
 230
0.517147 0.003326 0.046210 
0.429567 0.993205 0.462022 
0.053286 0.003470 0.491768 
0.004058 0.004058 0.004958 0.986926 
0.250000 0.250000 0.250000 0.250000 
 231
0.517147 0.003326 0.046210 
0.429567 0.993205 0.462022 
0.053286 0.003470 0.491768 
0.010260 0.004058 0.930363 0.055320 
0.250000 0.250000 0.250000 0.250000 
 232
0.517147 0.003326 0.046210 
0.429567 0.993205 0.462022 
0.053286 0.003470 0.491768 
0.005115 0.004058 0.986770 0.004058 
0.250000 0.250000 0.250000 0.250000 
 233
0.517147 0.003326 0.046210 
0.429567 0.993205 0.462022 
0.053286 0.003470 0.491768 
0.004058 0.004058 0.004482 0.987403 
0.250000 0.250000 0.250000 0.250000 
 234
0.517147 0.003326 0.046210 
0.429567 0.993205 0.462022 
0.053286 0.003470 0.491768 
0.006300 0.005245 0.963974 0.024480 
0.250000 0.250000 0.250000 0.250000 
 235
0.517147 0.003326 0.046210 
0.429567 0.993205 0.462022 
0.053286 0.003470 0.491768 
0.004058 0.987827 0.004058 0.004058 
0.250000 0.250000 0.250000 0.250000 
 236
