%  SAM: /scicomp/home/vfn4/Tools/LABEL_RES/scripts/modelfromalign v3.5 (July 15, 2005) compiled 12/08/06_16:15:55
%  (c) 1992-2001 Regents of the University of California, Santa Cruz
%
%          Sequence Alignment and Modeling Software System
%         http://www.cse.ucsc.edu/research/compbio/sam.html
%
% ----------------- Citations (SAM, SAM-T2K, HMMs) --------------------
% R. Hughey, A. Krogh, Hidden Markov models for sequence analysis:
%  Extension and analysis of the basic method, CABIOS 12:95-107, 1996.
% K. Karplus, et al., What is the value added by human intervention in protein
%  structure prediction, Proteins: Stucture, Function, Genetics 45(S5):86--91, 2001.
% A. Krogh et al., Hidden Markov models in computational biology:
%  Applications to protein modeling, JMB 235:1501-1531, Feb 1994.
% ---------------------------------------------------------------------
%  A_HA_H13_hmm   Host: node5.aspen.biotech.cdc.gov    Thu Jun  5 17:04:54 2014
%  vfn4           Dir:  /scicomp/home/vfn4/IRMA/train2
% ---------------------------------------------------------------------
%  Alignment weights from internal calc.  Total (9.06) Max (0.21) Min (0.10)
%  Weights from alignment method 1 (karplus), b=-1.000000, e=0.500000
MODEL --  Model from alignment file /scicomp/home/vfn4/Tools/LABEL_RES/training_data/IRMA/A_HA_H13.fasta
alphabet DNA
FREQAVE
0.000000 0.000000 0.000000 
0.000000 0.000000 0.000000 
0.000000 0.000000 0.000000 
0.334192 0.242493 0.178501 0.244814 
0.334192 0.242493 0.178501 0.244814 
Begin
0.000000 0.000000 0.000000 
0.000000 0.000000 0.000000 
0.000000 0.010597 0.491768 
0.250000 0.250000 0.250000 0.250000 
0.250000 0.250000 0.250000 0.250000 
   1
0.000000 0.085788 0.046210 
0.000000 0.903615 0.462022 
0.038718 0.011464 0.491768 
0.908057 0.030648 0.030648 0.030648 
0.250000 0.250000 0.250000 0.250000 
   2
0.649154 0.019982 0.046210 
0.312129 0.968553 0.462022 
0.037380 0.011568 0.491768 
0.031452 0.031452 0.031452 0.905644 
0.250000 0.250000 0.250000 0.250000 
   3
0.661273 0.011089 0.046210 
0.301346 0.977343 0.462022 
0.037380 0.011568 0.491768 
0.031452 0.905644 0.031452 0.031452 
0.250000 0.250000 0.250000 0.250000 
   4
0.661273 0.011089 0.046210 
0.301346 0.977343 0.462022 
0.037380 0.011568 0.491768 
0.073563 0.863533 0.031452 0.031452 
0.250000 0.250000 0.250000 0.250000 
   5
0.661273 0.011089 0.046210 
0.301346 0.977343 0.462022 
0.037380 0.011568 0.491768 
0.570683 0.031452 0.346262 0.051603 
0.250000 0.250000 0.250000 0.250000 
   6
0.661273 0.011089 0.046210 
0.301346 0.977343 0.462022 
0.037380 0.011568 0.491768 
0.031452 0.056841 0.350465 0.561242 
0.250000 0.250000 0.250000 0.250000 
   7
0.620883 0.011089 0.046210 
0.341736 0.977343 0.462022 
0.038954 0.011447 0.491768 
0.514789 0.074560 0.380135 0.030515 
0.250000 0.250000 0.250000 0.250000 
   8
0.647016 0.010973 0.046210 
0.314030 0.977581 0.462022 
0.038954 0.011447 0.491768 
0.030515 0.030515 0.129061 0.809908 
0.250000 0.250000 0.250000 0.250000 
   9
0.647016 0.010973 0.046210 
0.314030 0.977581 0.462022 
0.038954 0.011447 0.491768 
0.366574 0.030515 0.572395 0.030515 
0.250000 0.250000 0.250000 0.250000 
  10
0.570681 0.010973 0.046210 
0.390365 0.977581 0.462022 
0.042173 0.011233 0.491768 
0.563944 0.028952 0.378152 0.028952 
0.250000 0.250000 0.250000 0.250000 
  11
0.597232 0.010767 0.046210 
0.360595 0.978000 0.462022 
0.043061 0.011181 0.491768 
0.549006 0.191285 0.231122 0.028587 
0.250000 0.250000 0.250000 0.250000 
  12
0.609801 0.010718 0.046210 
0.347138 0.978102 0.462022 
0.043061 0.011181 0.491768 
0.546589 0.028587 0.028587 0.396238 
0.250000 0.250000 0.250000 0.250000 
  13
0.609801 0.010718 0.046210 
0.347138 0.978102 0.462022 
0.043061 0.011181 0.491768 
0.064552 0.803540 0.042409 0.089499 
0.250000 0.250000 0.250000 0.250000 
  14
0.609801 0.010718 0.046210 
0.347138 0.978102 0.462022 
0.043061 0.011181 0.491768 
0.028587 0.028587 0.418055 0.524771 
0.250000 0.250000 0.250000 0.250000 
  15
0.609801 0.010718 0.046210 
0.347138 0.978102 0.462022 
0.043061 0.011181 0.491768 
0.546256 0.052776 0.372381 0.028587 
0.250000 0.250000 0.250000 0.250000 
  16
0.609801 0.010718 0.046210 
0.347138 0.978102 0.462022 
0.043061 0.011181 0.491768 
0.597637 0.303928 0.028587 0.069848 
0.250000 0.250000 0.250000 0.250000 
  17
0.609801 0.010718 0.046210 
0.347138 0.978102 0.462022 
0.043061 0.011181 0.491768 
0.028587 0.028587 0.028587 0.914240 
0.250000 0.250000 0.250000 0.250000 
  18
0.609801 0.010718 0.046210 
0.347138 0.978102 0.462022 
0.043061 0.011181 0.491768 
0.040696 0.028587 0.607572 0.323146 
0.250000 0.250000 0.250000 0.250000 
  19
0.609801 0.010718 0.046210 
0.347138 0.978102 0.462022 
0.043061 0.011181 0.491768 
0.371979 0.570848 0.028587 0.028587 
0.250000 0.250000 0.250000 0.250000 
  20
0.609801 0.010718 0.046210 
0.347138 0.978102 0.462022 
0.043061 0.011181 0.491768 
0.028587 0.028587 0.747988 0.194838 
0.250000 0.250000 0.250000 0.250000 
  21
0.609801 0.010718 0.046210 
0.347138 0.978102 0.462022 
0.043061 0.011181 0.491768 
0.837376 0.105451 0.028587 0.028587 
0.250000 0.250000 0.250000 0.250000 
  22
0.609801 0.010718 0.046210 
0.347138 0.978102 0.462022 
0.043061 0.011181 0.491768 
0.534919 0.052443 0.081788 0.330850 
0.250000 0.250000 0.250000 0.250000 
  23
0.609801 0.010718 0.046210 
0.347138 0.978102 0.462022 
0.043061 0.011181 0.491768 
0.028587 0.028587 0.079397 0.863429 
0.250000 0.250000 0.250000 0.250000 
  24
0.486239 0.010718 0.046210 
0.470701 0.978102 0.462022 
0.049131 0.010885 0.491768 
0.026615 0.073384 0.778914 0.121087 
0.250000 0.250000 0.250000 0.250000 
  25
0.554790 0.010433 0.046210 
0.396078 0.978682 0.462022 
0.049131 0.010885 0.491768 
0.038818 0.048826 0.330925 0.581431 
0.250000 0.250000 0.250000 0.250000 
  26
0.554790 0.010433 0.046210 
0.396078 0.978682 0.462022 
0.049131 0.010885 0.491768 
0.026615 0.026615 0.225174 0.721595 
0.250000 0.250000 0.250000 0.250000 
  27
0.554790 0.010433 0.046210 
0.396078 0.978682 0.462022 
0.049131 0.010885 0.491768 
0.319445 0.500575 0.153365 0.026615 
0.250000 0.250000 0.250000 0.250000 
  28
0.554790 0.010433 0.046210 
0.396078 0.978682 0.462022 
0.049131 0.010885 0.491768 
0.649761 0.074796 0.026615 0.248828 
0.250000 0.250000 0.250000 0.250000 
  29
0.554790 0.010433 0.046210 
0.396078 0.978682 0.462022 
0.049131 0.010885 0.491768 
0.026615 0.026615 0.346699 0.600070 
0.250000 0.250000 0.250000 0.250000 
  30
0.554790 0.010433 0.046210 
0.396078 0.978682 0.462022 
0.049131 0.010885 0.491768 
0.742805 0.157196 0.026615 0.073384 
0.250000 0.250000 0.250000 0.250000 
  31
0.554790 0.010433 0.046210 
0.396078 0.978682 0.462022 
0.049131 0.010885 0.491768 
0.170417 0.026615 0.492172 0.310796 
0.250000 0.250000 0.250000 0.250000 
  32
0.554790 0.010433 0.046210 
0.396078 0.978682 0.462022 
0.049131 0.010885 0.491768 
0.026615 0.026615 0.026615 0.920154 
0.250000 0.250000 0.250000 0.250000 
  33
0.554790 0.010433 0.046210 
0.396078 0.978682 0.462022 
0.049131 0.010885 0.491768 
0.401608 0.026615 0.154726 0.417051 
0.250000 0.250000 0.250000 0.250000 
  34
0.554790 0.010433 0.046210 
0.396078 0.978682 0.462022 
0.049131 0.010885 0.491768 
0.897425 0.049345 0.026615 0.026615 
0.250000 0.250000 0.250000 0.250000 
  35
0.554790 0.010433 0.046210 
0.396078 0.978682 0.462022 
0.049131 0.010885 0.491768 
0.026615 0.026615 0.368878 0.577892 
0.250000 0.250000 0.250000 0.250000 
  36
0.554790 0.010433 0.046210 
0.396078 0.978682 0.462022 
0.049131 0.010885 0.491768 
0.344961 0.050565 0.494823 0.109651 
0.250000 0.250000 0.250000 0.250000 
  37
0.554790 0.010433 0.046210 
0.396078 0.978682 0.462022 
0.049131 0.010885 0.491768 
0.907952 0.038818 0.026615 0.026615 
0.250000 0.250000 0.250000 0.250000 
  38
0.554790 0.010433 0.046210 
0.396078 0.978682 0.462022 
0.049131 0.010885 0.491768 
0.026615 0.903103 0.026615 0.043667 
0.250000 0.250000 0.250000 0.250000 
  39
0.554790 0.010433 0.046210 
0.396078 0.978682 0.462022 
0.049131 0.010885 0.491768 
0.026615 0.026615 0.687131 0.259638 
0.250000 0.250000 0.250000 0.250000 
  40
0.554790 0.010433 0.046210 
0.396078 0.978682 0.462022 
0.049131 0.010885 0.491768 
0.564372 0.382398 0.026615 0.026615 
0.250000 0.250000 0.250000 0.250000 
  41
0.554790 0.010433 0.046210 
0.396078 0.978682 0.462022 
0.049131 0.010885 0.491768 
0.026615 0.048826 0.434704 0.489854 
0.250000 0.250000 0.250000 0.250000 
  42
0.554790 0.010433 0.046210 
0.396078 0.978682 0.462022 
0.049131 0.010885 0.491768 
0.429233 0.390787 0.026615 0.153365 
0.250000 0.250000 0.250000 0.250000 
  43
0.554790 0.010433 0.046210 
0.396078 0.978682 0.462022 
0.049131 0.010885 0.491768 
0.026615 0.051396 0.026615 0.895374 
0.250000 0.250000 0.250000 0.250000 
  44
0.554790 0.010433 0.046210 
0.396078 0.978682 0.462022 
0.049131 0.010885 0.491768 
0.106989 0.839780 0.026615 0.026615 
0.250000 0.250000 0.250000 0.250000 
  45
0.554790 0.010433 0.046210 
0.396078 0.978682 0.462022 
0.049131 0.010885 0.491768 
0.026615 0.026615 0.438663 0.508106 
0.250000 0.250000 0.250000 0.250000 
  46
0.554790 0.010433 0.046210 
0.396078 0.978682 0.462022 
0.049131 0.010885 0.491768 
0.073384 0.873386 0.026615 0.026615 
0.250000 0.250000 0.250000 0.250000 
  47
0.554790 0.010433 0.046210 
0.396078 0.978682 0.462022 
0.049131 0.010885 0.491768 
0.026615 0.026615 0.026615 0.920154 
0.250000 0.250000 0.250000 0.250000 
  48
0.554790 0.010433 0.046210 
0.396078 0.978682 0.462022 
0.049131 0.010885 0.491768 
0.689383 0.257387 0.026615 0.026615 
0.250000 0.250000 0.250000 0.250000 
  49
0.554790 0.010433 0.046210 
0.396078 0.978682 0.462022 
0.049131 0.010885 0.491768 
0.118781 0.026615 0.827989 0.026615 
0.250000 0.250000 0.250000 0.250000 
  50
0.554790 0.010433 0.046210 
0.396078 0.978682 0.462022 
0.049131 0.010885 0.491768 
0.804651 0.142119 0.026615 0.026615 
0.250000 0.250000 0.250000 0.250000 
  51
0.554790 0.010433 0.046210 
0.396078 0.978682 0.462022 
0.049131 0.010885 0.491768 
0.109561 0.812114 0.026615 0.051710 
0.250000 0.250000 0.250000 0.250000 
  52
0.554790 0.010433 0.046210 
0.396078 0.978682 0.462022 
0.049131 0.010885 0.491768 
0.026615 0.920154 0.026615 0.026615 
0.250000 0.250000 0.250000 0.250000 
  53
0.554790 0.010433 0.046210 
0.396078 0.978682 0.462022 
0.049131 0.010885 0.491768 
0.026615 0.026615 0.920154 0.026615 
0.250000 0.250000 0.250000 0.250000 
  54
0.554790 0.010433 0.046210 
0.396078 0.978682 0.462022 
0.049131 0.010885 0.491768 
0.382367 0.026615 0.209075 0.381943 
0.250000 0.250000 0.250000 0.250000 
  55
0.554790 0.010433 0.046210 
0.396078 0.978682 0.462022 
0.049131 0.010885 0.491768 
0.026615 0.920154 0.026615 0.026615 
0.250000 0.250000 0.250000 0.250000 
  56
0.554790 0.010433 0.046210 
0.396078 0.978682 0.462022 
0.049131 0.010885 0.491768 
0.920154 0.026615 0.026615 0.026615 
0.250000 0.250000 0.250000 0.250000 
  57
0.532295 0.010433 0.046210 
0.418573 0.978682 0.462022 
0.050262 0.010839 0.491768 
0.026326 0.026326 0.607572 0.339777 
0.250000 0.250000 0.250000 0.250000 
  58
0.520460 0.010389 0.046210 
0.429278 0.978772 0.462022 
0.051503 0.010791 0.491768 
0.921913 0.026029 0.026029 0.026029 
0.250000 0.250000 0.250000 0.250000 
  59
0.484263 0.010344 0.046210 
0.464235 0.978865 0.462022 
0.054159 0.010698 0.491768 
0.079614 0.869467 0.025459 0.025459 
0.250000 0.250000 0.250000 0.250000 
  60
0.479424 0.010254 0.046210 
0.466417 0.979048 0.462022 
0.055823 0.010645 0.491768 
0.746455 0.203263 0.025141 0.025141 
0.250000 0.250000 0.250000 0.250000 
  61
0.494156 0.010203 0.046210 
0.450021 0.979152 0.462022 
0.055823 0.010645 0.491768 
0.924577 0.025141 0.025141 0.025141 
0.250000 0.250000 0.250000 0.250000 
  62
0.494156 0.010203 0.046210 
0.450021 0.979152 0.462022 
0.055823 0.010645 0.491768 
0.025141 0.025141 0.025141 0.924577 
0.250000 0.250000 0.250000 0.250000 
  63
0.494156 0.010203 0.046210 
0.450021 0.979152 0.462022 
0.055823 0.010645 0.491768 
0.500706 0.025141 0.412724 0.061429 
0.250000 0.250000 0.250000 0.250000 
  64
0.494156 0.010203 0.046210 
0.450021 0.979152 0.462022 
0.055823 0.010645 0.491768 
0.025141 0.025141 0.025141 0.924577 
0.250000 0.250000 0.250000 0.250000 
  65
0.494156 0.010203 0.046210 
0.450021 0.979152 0.462022 
0.055823 0.010645 0.491768 
0.025141 0.924577 0.025141 0.025141 
0.250000 0.250000 0.250000 0.250000 
  66
0.494156 0.010203 0.046210 
0.450021 0.979152 0.462022 
0.055823 0.010645 0.491768 
0.025141 0.025141 0.321783 0.627935 
0.250000 0.250000 0.250000 0.250000 
  67
0.494156 0.010203 0.046210 
0.450021 0.979152 0.462022 
0.055823 0.010645 0.491768 
0.048757 0.900960 0.025141 0.025141 
0.250000 0.250000 0.250000 0.250000 
  68
0.494156 0.010203 0.046210 
0.450021 0.979152 0.462022 
0.055823 0.010645 0.491768 
0.025141 0.025141 0.025141 0.924577 
0.250000 0.250000 0.250000 0.250000 
  69
0.494156 0.010203 0.046210 
0.450021 0.979152 0.462022 
0.055823 0.010645 0.491768 
0.384124 0.253343 0.082594 0.279938 
0.250000 0.250000 0.250000 0.250000 
  70
0.494156 0.010203 0.046210 
0.450021 0.979152 0.462022 
0.055823 0.010645 0.491768 
0.025141 0.924577 0.025141 0.025141 
0.250000 0.250000 0.250000 0.250000 
  71
0.494156 0.010203 0.046210 
0.450021 0.979152 0.462022 
0.055823 0.010645 0.491768 
0.025141 0.924577 0.025141 0.025141 
0.250000 0.250000 0.250000 0.250000 
  72
0.494156 0.010203 0.046210 
0.450021 0.979152 0.462022 
0.055823 0.010645 0.491768 
0.280971 0.379702 0.025141 0.314186 
0.250000 0.250000 0.250000 0.250000 
  73
0.466591 0.010203 0.046210 
0.477586 0.979152 0.462022 
0.057405 0.010597 0.491768 
0.024862 0.024862 0.024862 0.925413 
0.250000 0.250000 0.250000 0.250000 
  74
0.479817 0.010158 0.046210 
0.462778 0.979245 0.462022 
0.057405 0.010597 0.491768 
0.925413 0.024862 0.024862 0.024862 
0.250000 0.250000 0.250000 0.250000 
  75
0.479817 0.010158 0.046210 
0.462778 0.979245 0.462022 
0.057405 0.010597 0.491768 
0.024862 0.024862 0.519557 0.430718 
0.250000 0.250000 0.250000 0.250000 
  76
0.479817 0.010158 0.046210 
0.462778 0.979245 0.462022 
0.057405 0.010597 0.491768 
0.024862 0.024862 0.354893 0.595382 
0.250000 0.250000 0.250000 0.250000 
  77
0.479817 0.010158 0.046210 
0.462778 0.979245 0.462022 
0.057405 0.010597 0.491768 
0.024862 0.024862 0.024862 0.925413 
0.250000 0.250000 0.250000 0.250000 
  78
0.479817 0.010158 0.046210 
0.462778 0.979245 0.462022 
0.057405 0.010597 0.491768 
0.474959 0.475316 0.024862 0.024862 
0.250000 0.250000 0.250000 0.250000 
  79
0.479817 0.010158 0.046210 
0.462778 0.979245 0.462022 
0.057405 0.010597 0.491768 
0.925413 0.024862 0.024862 0.024862 
0.250000 0.250000 0.250000 0.250000 
  80
0.479817 0.010158 0.046210 
0.462778 0.979245 0.462022 
0.057405 0.010597 0.491768 
0.024862 0.925413 0.024862 0.024862 
0.250000 0.250000 0.250000 0.250000 
  81
0.479817 0.010158 0.046210 
0.462778 0.979245 0.462022 
0.057405 0.010597 0.491768 
0.024862 0.024862 0.925413 0.024862 
0.250000 0.250000 0.250000 0.250000 
  82
0.479817 0.010158 0.046210 
0.462778 0.979245 0.462022 
0.057405 0.010597 0.491768 
0.925413 0.024862 0.024862 0.024862 
0.250000 0.250000 0.250000 0.250000 
  83
0.479817 0.010158 0.046210 
0.462778 0.979245 0.462022 
0.057405 0.010597 0.491768 
0.024862 0.024862 0.925413 0.024862 
0.250000 0.250000 0.250000 0.250000 
  84
0.479817 0.010158 0.046210 
0.462778 0.979245 0.462022 
0.057405 0.010597 0.491768 
0.211289 0.035394 0.716434 0.036884 
0.250000 0.250000 0.250000 0.250000 
  85
0.479817 0.010158 0.046210 
0.462778 0.979245 0.462022 
0.057405 0.010597 0.491768 
0.925413 0.024862 0.024862 0.024862 
0.250000 0.250000 0.250000 0.250000 
  86
0.479817 0.010158 0.046210 
0.462778 0.979245 0.462022 
0.057405 0.010597 0.491768 
0.925413 0.024862 0.024862 0.024862 
0.250000 0.250000 0.250000 0.250000 
  87
0.479817 0.010158 0.046210 
0.462778 0.979245 0.462022 
0.057405 0.010597 0.491768 
0.024862 0.024862 0.486555 0.463720 
0.250000 0.250000 0.250000 0.250000 
  88
0.479817 0.010158 0.046210 
0.462778 0.979245 0.462022 
0.057405 0.010597 0.491768 
0.024862 0.024862 0.024862 0.925413 
0.250000 0.250000 0.250000 0.250000 
  89
0.479817 0.010158 0.046210 
0.462778 0.979245 0.462022 
0.057405 0.010597 0.491768 
0.024862 0.024862 0.925413 0.024862 
0.250000 0.250000 0.250000 0.250000 
  90
0.479817 0.010158 0.046210 
0.462778 0.979245 0.462022 
0.057405 0.010597 0.491768 
0.925413 0.024862 0.024862 0.024862 
0.250000 0.250000 0.250000 0.250000 
  91
0.479817 0.010158 0.046210 
0.462778 0.979245 0.462022 
0.057405 0.010597 0.491768 
0.233190 0.024862 0.024862 0.717086 
0.250000 0.250000 0.250000 0.250000 
  92
0.479817 0.010158 0.046210 
0.462778 0.979245 0.462022 
0.057405 0.010597 0.491768 
0.024862 0.024862 0.925413 0.024862 
0.250000 0.250000 0.250000 0.250000 
  93
0.479817 0.010158 0.046210 
0.462778 0.979245 0.462022 
0.057405 0.010597 0.491768 
0.837979 0.036471 0.024862 0.100687 
0.250000 0.250000 0.250000 0.250000 
  94
0.479817 0.010158 0.046210 
0.462778 0.979245 0.462022 
0.057405 0.010597 0.491768 
0.024862 0.925413 0.024862 0.024862 
0.250000 0.250000 0.250000 0.250000 
  95
0.479817 0.010158 0.046210 
0.462778 0.979245 0.462022 
0.057405 0.010597 0.491768 
0.925413 0.024862 0.024862 0.024862 
0.250000 0.250000 0.250000 0.250000 
  96
0.479817 0.010158 0.046210 
0.462778 0.979245 0.462022 
0.057405 0.010597 0.491768 
0.904665 0.024862 0.045611 0.024862 
0.250000 0.250000 0.250000 0.250000 
  97
0.479817 0.010158 0.046210 
0.462778 0.979245 0.462022 
0.057405 0.010597 0.491768 
0.925413 0.024862 0.024862 0.024862 
0.250000 0.250000 0.250000 0.250000 
  98
0.479817 0.010158 0.046210 
0.462778 0.979245 0.462022 
0.057405 0.010597 0.491768 
0.541945 0.408331 0.024862 0.024862 
0.250000 0.250000 0.250000 0.250000 
  99
0.479817 0.010158 0.046210 
0.462778 0.979245 0.462022 
0.057405 0.010597 0.491768 
0.217491 0.732784 0.024862 0.024862 
0.250000 0.250000 0.250000 0.250000 
 100
0.479817 0.010158 0.046210 
0.462778 0.979245 0.462022 
0.057405 0.010597 0.491768 
0.024862 0.925413 0.024862 0.024862 
0.250000 0.250000 0.250000 0.250000 
 101
0.479817 0.010158 0.046210 
0.462778 0.979245 0.462022 
0.057405 0.010597 0.491768 
0.024862 0.024862 0.024862 0.925413 
0.250000 0.250000 0.250000 0.250000 
 102
0.479817 0.010158 0.046210 
0.462778 0.979245 0.462022 
0.057405 0.010597 0.491768 
0.035142 0.024862 0.273389 0.666607 
0.250000 0.250000 0.250000 0.250000 
 103
0.479817 0.010158 0.046210 
0.462778 0.979245 0.462022 
0.057405 0.010597 0.491768 
0.035247 0.915029 0.024862 0.024862 
0.250000 0.250000 0.250000 0.250000 
 104
0.479817 0.010158 0.046210 
0.462778 0.979245 0.462022 
0.057405 0.010597 0.491768 
0.925413 0.024862 0.024862 0.024862 
0.250000 0.250000 0.250000 0.250000 
 105
0.479817 0.010158 0.046210 
0.462778 0.979245 0.462022 
0.057405 0.010597 0.491768 
0.024862 0.024862 0.645497 0.304778 
0.250000 0.250000 0.250000 0.250000 
 106
0.479817 0.010158 0.046210 
0.462778 0.979245 0.462022 
0.057405 0.010597 0.491768 
0.925413 0.024862 0.024862 0.024862 
0.250000 0.250000 0.250000 0.250000 
 107
0.479817 0.010158 0.046210 
0.462778 0.979245 0.462022 
0.057405 0.010597 0.491768 
0.024862 0.024862 0.925413 0.024862 
0.250000 0.250000 0.250000 0.250000 
 108
0.479817 0.010158 0.046210 
0.462778 0.979245 0.462022 
0.057405 0.010597 0.491768 
0.655030 0.285252 0.034856 0.024862 
0.250000 0.250000 0.250000 0.250000 
 109
0.479817 0.010158 0.046210 
0.462778 0.979245 0.462022 
0.057405 0.010597 0.491768 
0.024862 0.024862 0.902736 0.047540 
0.250000 0.250000 0.250000 0.250000 
 110
0.479817 0.010158 0.046210 
0.462778 0.979245 0.462022 
0.057405 0.010597 0.491768 
0.024862 0.024862 0.024862 0.925413 
0.250000 0.250000 0.250000 0.250000 
 111
0.479817 0.010158 0.046210 
0.462778 0.979245 0.462022 
0.057405 0.010597 0.491768 
0.070070 0.550175 0.290085 0.089670 
0.250000 0.250000 0.250000 0.250000 
 112
0.479817 0.010158 0.046210 
0.462778 0.979245 0.462022 
0.057405 0.010597 0.491768 
0.024862 0.024862 0.487960 0.462315 
0.250000 0.250000 0.250000 0.250000 
 113
0.479817 0.010158 0.046210 
0.462778 0.979245 0.462022 
0.057405 0.010597 0.491768 
0.024862 0.024862 0.024862 0.925413 
0.250000 0.250000 0.250000 0.250000 
 114
0.479817 0.010158 0.046210 
0.462778 0.979245 0.462022 
0.057405 0.010597 0.491768 
0.310797 0.321465 0.024862 0.342876 
0.250000 0.250000 0.250000 0.250000 
 115
0.479817 0.010158 0.046210 
0.462778 0.979245 0.462022 
0.057405 0.010597 0.491768 
0.024862 0.925413 0.024862 0.024862 
0.250000 0.250000 0.250000 0.250000 
 116
0.479817 0.010158 0.046210 
0.462778 0.979245 0.462022 
0.057405 0.010597 0.491768 
0.925413 0.024862 0.024862 0.024862 
0.250000 0.250000 0.250000 0.250000 
 117
0.479817 0.010158 0.046210 
0.462778 0.979245 0.462022 
0.057405 0.010597 0.491768 
0.356240 0.594036 0.024862 0.024862 
0.250000 0.250000 0.250000 0.250000 
 118
0.479817 0.010158 0.046210 
0.462778 0.979245 0.462022 
0.057405 0.010597 0.491768 
0.925413 0.024862 0.024862 0.024862 
0.250000 0.250000 0.250000 0.250000 
 119
0.479817 0.010158 0.046210 
0.462778 0.979245 0.462022 
0.057405 0.010597 0.491768 
0.912843 0.037432 0.024862 0.024862 
0.250000 0.250000 0.250000 0.250000 
 120
0.479817 0.010158 0.046210 
0.462778 0.979245 0.462022 
0.057405 0.010597 0.491768 
0.024862 0.024862 0.385944 0.564331 
0.250000 0.250000 0.250000 0.250000 
 121
0.479817 0.010158 0.046210 
0.462778 0.979245 0.462022 
0.057405 0.010597 0.491768 
0.244900 0.705375 0.024862 0.024862 
0.250000 0.250000 0.250000 0.250000 
 122
0.479817 0.010158 0.046210 
0.462778 0.979245 0.462022 
0.057405 0.010597 0.491768 
0.584473 0.365802 0.024862 0.024862 
0.250000 0.250000 0.250000 0.250000 
 123
0.479817 0.010158 0.046210 
0.462778 0.979245 0.462022 
0.057405 0.010597 0.491768 
0.024862 0.354893 0.024862 0.595382 
0.250000 0.250000 0.250000 0.250000 
 124
0.479817 0.010158 0.046210 
0.462778 0.979245 0.462022 
0.057405 0.010597 0.491768 
0.024862 0.925413 0.024862 0.024862 
0.250000 0.250000 0.250000 0.250000 
 125
0.479817 0.010158 0.046210 
0.462778 0.979245 0.462022 
0.057405 0.010597 0.491768 
0.024862 0.024862 0.024862 0.925413 
0.250000 0.250000 0.250000 0.250000 
 126
0.479817 0.010158 0.046210 
0.462778 0.979245 0.462022 
0.057405 0.010597 0.491768 
0.155623 0.024862 0.260437 0.559078 
0.250000 0.250000 0.250000 0.250000 
 127
0.479817 0.010158 0.046210 
0.462778 0.979245 0.462022 
0.057405 0.010597 0.491768 
0.024862 0.024862 0.925413 0.024862 
0.250000 0.250000 0.250000 0.250000 
 128
0.479817 0.010158 0.046210 
0.462778 0.979245 0.462022 
0.057405 0.010597 0.491768 
0.024862 0.024862 0.925413 0.024862 
0.250000 0.250000 0.250000 0.250000 
 129
0.479817 0.010158 0.046210 
0.462778 0.979245 0.462022 
0.057405 0.010597 0.491768 
0.563995 0.386280 0.024862 0.024862 
0.250000 0.250000 0.250000 0.250000 
 130
0.479817 0.010158 0.046210 
0.462778 0.979245 0.462022 
0.057405 0.010597 0.491768 
0.024862 0.925413 0.024862 0.024862 
0.250000 0.250000 0.250000 0.250000 
 131
0.479817 0.010158 0.046210 
0.462778 0.979245 0.462022 
0.057405 0.010597 0.491768 
0.024862 0.024862 0.024862 0.925413 
0.250000 0.250000 0.250000 0.250000 
 132
0.479817 0.010158 0.046210 
0.462778 0.979245 0.462022 
0.057405 0.010597 0.491768 
0.089223 0.024862 0.386546 0.499369 
0.250000 0.250000 0.250000 0.250000 
 133
0.479817 0.010158 0.046210 
0.462778 0.979245 0.462022 
0.057405 0.010597 0.491768 
0.925413 0.024862 0.024862 0.024862 
0.250000 0.250000 0.250000 0.250000 
 134
0.479817 0.010158 0.046210 
0.462778 0.979245 0.462022 
0.057405 0.010597 0.491768 
0.024862 0.024862 0.925413 0.024862 
0.250000 0.250000 0.250000 0.250000 
 135
0.479817 0.010158 0.046210 
0.462778 0.979245 0.462022 
0.057405 0.010597 0.491768 
0.595382 0.024862 0.354893 0.024862 
0.250000 0.250000 0.250000 0.250000 
 136
0.479817 0.010158 0.046210 
0.462778 0.979245 0.462022 
0.057405 0.010597 0.491768 
0.925413 0.024862 0.024862 0.024862 
0.250000 0.250000 0.250000 0.250000 
 137
0.479817 0.010158 0.046210 
0.462778 0.979245 0.462022 
0.057405 0.010597 0.491768 
0.024862 0.925413 0.024862 0.024862 
0.250000 0.250000 0.250000 0.250000 
 138
0.479817 0.010158 0.046210 
0.462778 0.979245 0.462022 
0.057405 0.010597 0.491768 
0.024862 0.024862 0.750454 0.199821 
0.250000 0.250000 0.250000 0.250000 
 139
0.479817 0.010158 0.046210 
0.462778 0.979245 0.462022 
0.057405 0.010597 0.491768 
0.045611 0.024862 0.024862 0.904665 
0.250000 0.250000 0.250000 0.250000 
 140
0.479817 0.010158 0.046210 
0.462778 0.979245 0.462022 
0.057405 0.010597 0.491768 
0.024862 0.024862 0.925413 0.024862 
0.250000 0.250000 0.250000 0.250000 
 141
0.479817 0.010158 0.046210 
0.462778 0.979245 0.462022 
0.057405 0.010597 0.491768 
0.024862 0.024862 0.354893 0.595382 
0.250000 0.250000 0.250000 0.250000 
 142
0.479817 0.010158 0.046210 
0.462778 0.979245 0.462022 
0.057405 0.010597 0.491768 
0.357669 0.592606 0.024862 0.024862 
0.250000 0.250000 0.250000 0.250000 
 143
0.479817 0.010158 0.046210 
0.462778 0.979245 0.462022 
0.057405 0.010597 0.491768 
0.024862 0.024862 0.024862 0.925413 
0.250000 0.250000 0.250000 0.250000 
 144
0.479817 0.010158 0.046210 
0.462778 0.979245 0.462022 
0.057405 0.010597 0.491768 
0.100687 0.024862 0.233516 0.640934 
0.250000 0.250000 0.250000 0.250000 
 145
0.479817 0.010158 0.046210 
0.462778 0.979245 0.462022 
0.057405 0.010597 0.491768 
0.024862 0.925413 0.024862 0.024862 
0.250000 0.250000 0.250000 0.250000 
 146
0.479817 0.010158 0.046210 
0.462778 0.979245 0.462022 
0.057405 0.010597 0.491768 
0.925413 0.024862 0.024862 0.024862 
0.250000 0.250000 0.250000 0.250000 
 147
0.479817 0.010158 0.046210 
0.462778 0.979245 0.462022 
0.057405 0.010597 0.491768 
0.024862 0.024862 0.238865 0.711410 
0.250000 0.250000 0.250000 0.250000 
 148
0.479817 0.010158 0.046210 
0.462778 0.979245 0.462022 
0.057405 0.010597 0.491768 
0.024862 0.024862 0.878441 0.071834 
0.250000 0.250000 0.250000 0.250000 
 149
0.479817 0.010158 0.046210 
0.462778 0.979245 0.462022 
0.057405 0.010597 0.491768 
0.024862 0.024862 0.024862 0.925413 
0.250000 0.250000 0.250000 0.250000 
 150
0.479817 0.010158 0.046210 
0.462778 0.979245 0.462022 
0.057405 0.010597 0.491768 
0.233190 0.717086 0.024862 0.024862 
0.250000 0.250000 0.250000 0.250000 
 151
0.479817 0.010158 0.046210 
0.462778 0.979245 0.462022 
0.057405 0.010597 0.491768 
0.354893 0.595382 0.024862 0.024862 
0.250000 0.250000 0.250000 0.250000 
 152
0.479817 0.010158 0.046210 
0.462778 0.979245 0.462022 
0.057405 0.010597 0.491768 
0.024862 0.024862 0.024862 0.925413 
0.250000 0.250000 0.250000 0.250000 
 153
0.479817 0.010158 0.046210 
0.462778 0.979245 0.462022 
0.057405 0.010597 0.491768 
0.024862 0.024862 0.036880 0.913396 
0.250000 0.250000 0.250000 0.250000 
 154
0.479817 0.010158 0.046210 
0.462778 0.979245 0.462022 
0.057405 0.010597 0.491768 
0.024862 0.925413 0.024862 0.024862 
0.250000 0.250000 0.250000 0.250000 
 155
0.479817 0.010158 0.046210 
0.462778 0.979245 0.462022 
0.057405 0.010597 0.491768 
0.925413 0.024862 0.024862 0.024862 
0.250000 0.250000 0.250000 0.250000 
 156
0.479817 0.010158 0.046210 
0.462778 0.979245 0.462022 
0.057405 0.010597 0.491768 
0.367093 0.583182 0.024862 0.024862 
0.250000 0.250000 0.250000 0.250000 
 157
0.479817 0.010158 0.046210 
0.462778 0.979245 0.462022 
0.057405 0.010597 0.491768 
0.925413 0.024862 0.024862 0.024862 
0.250000 0.250000 0.250000 0.250000 
 158
0.479817 0.010158 0.046210 
0.462778 0.979245 0.462022 
0.057405 0.010597 0.491768 
0.024862 0.024862 0.925413 0.024862 
0.250000 0.250000 0.250000 0.250000 
 159
0.479817 0.010158 0.046210 
0.462778 0.979245 0.462022 
0.057405 0.010597 0.491768 
0.358303 0.229779 0.112313 0.299604 
0.250000 0.250000 0.250000 0.250000 
 160
0.479817 0.010158 0.046210 
0.462778 0.979245 0.462022 
0.057405 0.010597 0.491768 
0.925413 0.024862 0.024862 0.024862 
0.250000 0.250000 0.250000 0.250000 
 161
0.479817 0.010158 0.046210 
0.462778 0.979245 0.462022 
0.057405 0.010597 0.491768 
0.805344 0.123996 0.045797 0.024862 
0.250000 0.250000 0.250000 0.250000 
 162
0.479817 0.010158 0.046210 
0.462778 0.979245 0.462022 
0.057405 0.010597 0.491768 
0.024862 0.024862 0.914576 0.035699 
0.250000 0.250000 0.250000 0.250000 
 163
0.479817 0.010158 0.046210 
0.462778 0.979245 0.462022 
0.057405 0.010597 0.491768 
0.024862 0.024862 0.925413 0.024862 
0.250000 0.250000 0.250000 0.250000 
 164
0.479817 0.010158 0.046210 
0.462778 0.979245 0.462022 
0.057405 0.010597 0.491768 
0.925413 0.024862 0.024862 0.024862 
0.250000 0.250000 0.250000 0.250000 
 165
0.479817 0.010158 0.046210 
0.462778 0.979245 0.462022 
0.057405 0.010597 0.491768 
0.024862 0.024862 0.894144 0.056131 
0.250000 0.250000 0.250000 0.250000 
 166
0.479817 0.010158 0.046210 
0.462778 0.979245 0.462022 
0.057405 0.010597 0.491768 
0.925413 0.024862 0.024862 0.024862 
0.250000 0.250000 0.250000 0.250000 
 167
0.479817 0.010158 0.046210 
0.462778 0.979245 0.462022 
0.057405 0.010597 0.491768 
0.024862 0.024862 0.925413 0.024862 
0.250000 0.250000 0.250000 0.250000 
 168
0.479817 0.010158 0.046210 
0.462778 0.979245 0.462022 
0.057405 0.010597 0.491768 
0.797874 0.087889 0.089375 0.024862 
0.250000 0.250000 0.250000 0.250000 
 169
0.479817 0.010158 0.046210 
0.462778 0.979245 0.462022 
0.057405 0.010597 0.491768 
0.024862 0.925413 0.024862 0.024862 
0.250000 0.250000 0.250000 0.250000 
 170
0.479817 0.010158 0.046210 
0.462778 0.979245 0.462022 
0.057405 0.010597 0.491768 
0.024862 0.925413 0.024862 0.024862 
0.250000 0.250000 0.250000 0.250000 
 171
0.479817 0.010158 0.046210 
0.462778 0.979245 0.462022 
0.057405 0.010597 0.491768 
0.816381 0.133895 0.024862 0.024862 
0.250000 0.250000 0.250000 0.250000 
 172
0.479817 0.010158 0.046210 
0.462778 0.979245 0.462022 
0.057405 0.010597 0.491768 
0.925413 0.024862 0.024862 0.024862 
0.250000 0.250000 0.250000 0.250000 
 173
0.479817 0.010158 0.046210 
0.462778 0.979245 0.462022 
0.057405 0.010597 0.491768 
0.024862 0.024862 0.925413 0.024862 
0.250000 0.250000 0.250000 0.250000 
 174
0.479817 0.010158 0.046210 
0.462778 0.979245 0.462022 
0.057405 0.010597 0.491768 
0.904665 0.045611 0.024862 0.024862 
0.250000 0.250000 0.250000 0.250000 
 175
0.479817 0.010158 0.046210 
0.462778 0.979245 0.462022 
0.057405 0.010597 0.491768 
0.024862 0.024862 0.024862 0.925413 
0.250000 0.250000 0.250000 0.250000 
 176
0.479817 0.010158 0.046210 
0.462778 0.979245 0.462022 
0.057405 0.010597 0.491768 
0.925413 0.024862 0.024862 0.024862 
0.250000 0.250000 0.250000 0.250000 
 177
0.479817 0.010158 0.046210 
0.462778 0.979245 0.462022 
0.057405 0.010597 0.491768 
0.024862 0.024862 0.475316 0.474959 
0.250000 0.250000 0.250000 0.250000 
 178
0.479817 0.010158 0.046210 
0.462778 0.979245 0.462022 
0.057405 0.010597 0.491768 
0.024862 0.024862 0.024862 0.925413 
0.250000 0.250000 0.250000 0.250000 
 179
0.479817 0.010158 0.046210 
0.462778 0.979245 0.462022 
0.057405 0.010597 0.491768 
0.024862 0.925413 0.024862 0.024862 
0.250000 0.250000 0.250000 0.250000 
 180
0.479817 0.010158 0.046210 
0.462778 0.979245 0.462022 
0.057405 0.010597 0.491768 
0.024862 0.024862 0.089123 0.861152 
0.250000 0.250000 0.250000 0.250000 
 181
0.479817 0.010158 0.046210 
0.462778 0.979245 0.462022 
0.057405 0.010597 0.491768 
0.024862 0.037699 0.024862 0.912576 
0.250000 0.250000 0.250000 0.250000 
 182
0.479817 0.010158 0.046210 
0.462778 0.979245 0.462022 
0.057405 0.010597 0.491768 
0.024862 0.024862 0.925413 0.024862 
0.250000 0.250000 0.250000 0.250000 
 183
0.479817 0.010158 0.046210 
0.462778 0.979245 0.462022 
0.057405 0.010597 0.491768 
0.024862 0.024862 0.024862 0.925413 
0.250000 0.250000 0.250000 0.250000 
 184
0.479817 0.010158 0.046210 
0.462778 0.979245 0.462022 
0.057405 0.010597 0.491768 
0.024862 0.024862 0.414789 0.535486 
0.250000 0.250000 0.250000 0.250000 
 185
0.479817 0.010158 0.046210 
0.462778 0.979245 0.462022 
0.057405 0.010597 0.491768 
0.024862 0.024862 0.024862 0.925413 
0.250000 0.250000 0.250000 0.250000 
 186
0.479817 0.010158 0.046210 
0.462778 0.979245 0.462022 
0.057405 0.010597 0.491768 
0.336059 0.614217 0.024862 0.024862 
0.250000 0.250000 0.250000 0.250000 
 187
0.479817 0.010158 0.046210 
0.462778 0.979245 0.462022 
0.057405 0.010597 0.491768 
0.583107 0.367168 0.024862 0.024862 
0.250000 0.250000 0.250000 0.250000 
 188
0.479817 0.010158 0.046210 
0.462778 0.979245 0.462022 
0.057405 0.010597 0.491768 
0.738179 0.212096 0.024862 0.024862 
0.250000 0.250000 0.250000 0.250000 
 189
0.479817 0.010158 0.046210 
0.462778 0.979245 0.462022 
0.057405 0.010597 0.491768 
0.024862 0.024862 0.123836 0.826440 
0.250000 0.250000 0.250000 0.250000 
 190
0.479817 0.010158 0.046210 
0.462778 0.979245 0.462022 
0.057405 0.010597 0.491768 
0.024862 0.925413 0.024862 0.024862 
0.250000 0.250000 0.250000 0.250000 
 191
0.479817 0.010158 0.046210 
0.462778 0.979245 0.462022 
0.057405 0.010597 0.491768 
0.024862 0.925413 0.024862 0.024862 
0.250000 0.250000 0.250000 0.250000 
 192
0.479817 0.010158 0.046210 
0.462778 0.979245 0.462022 
0.057405 0.010597 0.491768 
0.604567 0.345709 0.024862 0.024862 
0.250000 0.250000 0.250000 0.250000 
 193
0.479817 0.010158 0.046210 
0.462778 0.979245 0.462022 
0.057405 0.010597 0.491768 
0.422306 0.527970 0.024862 0.024862 
0.250000 0.250000 0.250000 0.250000 
 194
0.479817 0.010158 0.046210 
0.462778 0.979245 0.462022 
0.057405 0.010597 0.491768 
0.024862 0.024862 0.024862 0.925413 
0.250000 0.250000 0.250000 0.250000 
 195
0.479817 0.010158 0.046210 
0.462778 0.979245 0.462022 
0.057405 0.010597 0.491768 
0.024862 0.024862 0.780600 0.169675 
0.250000 0.250000 0.250000 0.250000 
 196
0.479817 0.010158 0.046210 
0.462778 0.979245 0.462022 
0.057405 0.010597 0.491768 
0.925413 0.024862 0.024862 0.024862 
0.250000 0.250000 0.250000 0.250000 
 197
0.479817 0.010158 0.046210 
0.462778 0.979245 0.462022 
0.057405 0.010597 0.491768 
0.024862 0.925413 0.024862 0.024862 
0.250000 0.250000 0.250000 0.250000 
 198
0.479817 0.010158 0.046210 
0.462778 0.979245 0.462022 
0.057405 0.010597 0.491768 
0.024862 0.024862 0.564465 0.385811 
0.250000 0.250000 0.250000 0.250000 
 199
0.479817 0.010158 0.046210 
0.462778 0.979245 0.462022 
0.057405 0.010597 0.491768 
0.024862 0.024862 0.925413 0.024862 
0.250000 0.250000 0.250000 0.250000 
 200
0.479817 0.010158 0.046210 
0.462778 0.979245 0.462022 
0.057405 0.010597 0.491768 
0.024862 0.024862 0.925413 0.024862 
0.250000 0.250000 0.250000 0.250000 
 201
0.479817 0.010158 0.046210 
0.462778 0.979245 0.462022 
0.057405 0.010597 0.491768 
0.763472 0.186803 0.024862 0.024862 
0.250000 0.250000 0.250000 0.250000 
 202
0.479817 0.010158 0.046210 
0.462778 0.979245 0.462022 
0.057405 0.010597 0.491768 
0.024862 0.925413 0.024862 0.024862 
0.250000 0.250000 0.250000 0.250000 
 203
0.479817 0.010158 0.046210 
0.462778 0.979245 0.462022 
0.057405 0.010597 0.491768 
0.024862 0.024862 0.024862 0.925413 
0.250000 0.250000 0.250000 0.250000 
 204
0.479817 0.010158 0.046210 
0.462778 0.979245 0.462022 
0.057405 0.010597 0.491768 
0.037221 0.901777 0.024862 0.036140 
0.250000 0.250000 0.250000 0.250000 
 205
0.479817 0.010158 0.046210 
0.462778 0.979245 0.462022 
0.057405 0.010597 0.491768 
0.024862 0.024862 0.925413 0.024862 
0.250000 0.250000 0.250000 0.250000 
 206
0.479817 0.010158 0.046210 
0.462778 0.979245 0.462022 
0.057405 0.010597 0.491768 
0.925413 0.024862 0.024862 0.024862 
0.250000 0.250000 0.250000 0.250000 
 207
0.479817 0.010158 0.046210 
0.462778 0.979245 0.462022 
0.057405 0.010597 0.491768 
0.024862 0.024862 0.354578 0.595697 
0.250000 0.250000 0.250000 0.250000 
 208
0.479817 0.010158 0.046210 
0.462778 0.979245 0.462022 
0.057405 0.010597 0.491768 
0.024862 0.024862 0.179894 0.770381 
0.250000 0.250000 0.250000 0.250000 
 209
0.479817 0.010158 0.046210 
0.462778 0.979245 0.462022 
0.057405 0.010597 0.491768 
0.024862 0.024862 0.024862 0.925413 
0.250000 0.250000 0.250000 0.250000 
 210
0.479817 0.010158 0.046210 
0.462778 0.979245 0.462022 
0.057405 0.010597 0.491768 
0.287391 0.662884 0.024862 0.024862 
0.250000 0.250000 0.250000 0.250000 
 211
0.479817 0.010158 0.046210 
0.462778 0.979245 0.462022 
0.057405 0.010597 0.491768 
0.024862 0.925413 0.024862 0.024862 
0.250000 0.250000 0.250000 0.250000 
 212
0.479817 0.010158 0.046210 
0.462778 0.979245 0.462022 
0.057405 0.010597 0.491768 
0.024862 0.925413 0.024862 0.024862 
0.250000 0.250000 0.250000 0.250000 
 213
0.479817 0.010158 0.046210 
0.462778 0.979245 0.462022 
0.057405 0.010597 0.491768 
0.790947 0.159328 0.024862 0.024862 
0.250000 0.250000 0.250000 0.250000 
 214
0.479817 0.010158 0.046210 
0.462778 0.979245 0.462022 
0.057405 0.010597 0.491768 
0.024862 0.925413 0.024862 0.024862 
0.250000 0.250000 0.250000 0.250000 
 215
0.479817 0.010158 0.046210 
0.462778 0.979245 0.462022 
0.057405 0.010597 0.491768 
0.925413 0.024862 0.024862 0.024862 
0.250000 0.250000 0.250000 0.250000 
 216
0.479817 0.010158 0.046210 
0.462778 0.979245 0.462022 
0.057405 0.010597 0.491768 
0.024862 0.024862 0.462739 0.487537 
0.250000 0.250000 0.250000 0.250000 
 217
0.479817 0.010158 0.046210 
0.462778 0.979245 0.462022 
0.057405 0.010597 0.491768 
0.024862 0.024862 0.024862 0.925413 
0.250000 0.250000 0.250000 0.250000 
 218
0.479817 0.010158 0.046210 
0.462778 0.979245 0.462022 
0.057405 0.010597 0.491768 
0.024862 0.925413 0.024862 0.024862 
0.250000 0.250000 0.250000 0.250000 
 219
0.479817 0.010158 0.046210 
0.462778 0.979245 0.462022 
0.057405 0.010597 0.491768 
0.024862 0.024862 0.481890 0.468385 
0.250000 0.250000 0.250000 0.250000 
 220
0.479817 0.010158 0.046210 
0.462778 0.979245 0.462022 
0.057405 0.010597 0.491768 
0.872662 0.024862 0.077614 0.024862 
0.250000 0.250000 0.250000 0.250000 
 221
0.479817 0.010158 0.046210 
0.462778 0.979245 0.462022 
0.057405 0.010597 0.491768 
0.056188 0.894087 0.024862 0.024862 
0.250000 0.250000 0.250000 0.250000 
 222
0.479817 0.010158 0.046210 
0.462778 0.979245 0.462022 
0.057405 0.010597 0.491768 
0.024862 0.024862 0.731493 0.218782 
0.250000 0.250000 0.250000 0.250000 
 223
0.479817 0.010158 0.046210 
0.462778 0.979245 0.462022 
0.057405 0.010597 0.491768 
0.024862 0.024862 0.024862 0.925413 
0.250000 0.250000 0.250000 0.250000 
 224
0.479817 0.010158 0.046210 
0.462778 0.979245 0.462022 
0.057405 0.010597 0.491768 
0.024862 0.024862 0.024862 0.925413 
0.250000 0.250000 0.250000 0.250000 
 225
0.479817 0.010158 0.046210 
0.462778 0.979245 0.462022 
0.057405 0.010597 0.491768 
0.024862 0.024862 0.338090 0.612185 
0.250000 0.250000 0.250000 0.250000 
 226
0.479817 0.010158 0.046210 
0.462778 0.979245 0.462022 
0.057405 0.010597 0.491768 
0.024862 0.925413 0.024862 0.024862 
0.250000 0.250000 0.250000 0.250000 
 227
0.479817 0.010158 0.046210 
0.462778 0.979245 0.462022 
0.057405 0.010597 0.491768 
0.925413 0.024862 0.024862 0.024862 
0.250000 0.250000 0.250000 0.250000 
 228
0.479817 0.010158 0.046210 
0.462778 0.979245 0.462022 
0.057405 0.010597 0.491768 
0.332818 0.617458 0.024862 0.024862 
0.250000 0.250000 0.250000 0.250000 
 229
0.479817 0.010158 0.046210 
0.462778 0.979245 0.462022 
0.057405 0.010597 0.491768 
0.024862 0.925413 0.024862 0.024862 
0.250000 0.250000 0.250000 0.250000 
 230
0.479817 0.010158 0.046210 
0.462778 0.979245 0.462022 
0.057405 0.010597 0.491768 
0.024862 0.925413 0.024862 0.024862 
0.250000 0.250000 0.250000 0.250000 
 231
0.479817 0.010158 0.046210 
0.462778 0.979245 0.462022 
0.057405 0.010597 0.491768 
0.430718 0.024862 0.300846 0.243574 
0.250000 0.250000 0.250000 0.250000 
 232
0.479817 0.010158 0.046210 
0.462778 0.979245 0.462022 
0.057405 0.010597 0.491768 
0.024862 0.024862 0.024862 0.925413 
0.250000 0.250000 0.250000 0.250000 
 233
0.479817 0.010158 0.046210 
0.462778 0.979245 0.462022 
0.057405 0.010597 0.491768 
0.024862 0.925413 0.024862 0.024862 
0.250000 0.250000 0.250000 0.250000 
 234
0.479817 0.010158 0.046210 
0.462778 0.979245 0.462022 
0.057405 0.010597 0.491768 
0.024862 0.925413 0.024862 0.024862 
0.250000 0.250000 0.250000 0.250000 
 235
0.479817 0.010158 0.046210 
0.462778 0.979245 0.462022 
0.057405 0.010597 0.491768 
0.925413 0.024862 0.024862 0.024862 
0.250000 0.250000 0.250000 0.250000 
 236
