%  SAM: /scicomp/home/vfn4/Tools/LABEL_RES/scripts/modelfromalign v3.5 (July 15, 2005) compiled 12/08/06_16:15:55
%  (c) 1992-2001 Regents of the University of California, Santa Cruz
%
%          Sequence Alignment and Modeling Software System
%         http://www.cse.ucsc.edu/research/compbio/sam.html
%
% ----------------- Citations (SAM, SAM-T2K, HMMs) --------------------
% R. Hughey, A. Krogh, Hidden Markov models for sequence analysis:
%  Extension and analysis of the basic method, CABIOS 12:95-107, 1996.
% K. Karplus, et al., What is the value added by human intervention in protein
%  structure prediction, Proteins: Stucture, Function, Genetics 45(S5):86--91, 2001.
% A. Krogh et al., Hidden Markov models in computational biology:
%  Applications to protein modeling, JMB 235:1501-1531, Feb 1994.
% ---------------------------------------------------------------------
%  A_HA_H16_hmm   Host: node5.aspen.biotech.cdc.gov    Thu Jun  5 17:04:55 2014
%  vfn4           Dir:  /scicomp/home/vfn4/IRMA/train2
% ---------------------------------------------------------------------
%  Alignment weights from internal calc.  Total (6.16) Max (0.23) Min (0.14)
%  Weights from alignment method 1 (karplus), b=-1.000000, e=0.500000
MODEL --  Model from alignment file /scicomp/home/vfn4/Tools/LABEL_RES/training_data/IRMA/A_HA_H16.fasta
alphabet DNA
FREQAVE
0.000000 0.000000 0.000000 
0.000000 0.000000 0.000000 
0.000000 0.000000 0.000000 
0.345117 0.236219 0.179825 0.238838 
0.345117 0.236219 0.179825 0.238838 
Begin
0.000000 0.000000 0.000000 
0.000000 0.000000 0.000000 
0.000000 0.011977 0.491768 
0.250000 0.250000 0.250000 0.250000 
0.250000 0.250000 0.250000 0.250000 
   1
0.000000 0.048957 0.046210 
0.000000 0.939066 0.462022 
0.047379 0.012443 0.491768 
0.881558 0.039481 0.039481 0.039481 
0.250000 0.250000 0.250000 0.250000 
   2
0.570670 0.011928 0.046210 
0.381951 0.975629 0.462022 
0.047379 0.012443 0.491768 
0.039481 0.039481 0.039481 0.881558 
0.250000 0.250000 0.250000 0.250000 
   3
0.570670 0.011928 0.046210 
0.381951 0.975629 0.462022 
0.047379 0.012443 0.491768 
0.039481 0.881558 0.039481 0.039481 
0.250000 0.250000 0.250000 0.250000 
   4
0.570670 0.043312 0.046210 
0.381951 0.944245 0.462022 
0.041532 0.012846 0.491768 
0.510994 0.400688 0.044159 0.044159 
0.250000 0.250000 0.250000 0.250000 
   5
0.623653 0.012314 0.046210 
0.334815 0.974840 0.462022 
0.041532 0.012846 0.491768 
0.044159 0.044159 0.173598 0.738085 
0.250000 0.250000 0.250000 0.250000 
   6
0.623653 0.012314 0.046210 
0.334815 0.974840 0.462022 
0.041532 0.012846 0.491768 
0.044159 0.547116 0.364566 0.044159 
0.250000 0.250000 0.250000 0.250000 
   7
0.500245 0.012314 0.046210 
0.458223 0.974840 0.462022 
0.047379 0.012443 0.491768 
0.340165 0.580873 0.039481 0.039481 
0.250000 0.250000 0.250000 0.250000 
   8
0.570670 0.011928 0.046210 
0.381951 0.975629 0.462022 
0.047379 0.012443 0.491768 
0.039481 0.039481 0.231908 0.689131 
0.250000 0.250000 0.250000 0.250000 
   9
0.570670 0.011928 0.046210 
0.381951 0.975629 0.462022 
0.047379 0.012443 0.491768 
0.039481 0.039481 0.831077 0.089962 
0.250000 0.250000 0.250000 0.250000 
  10
0.570670 0.019089 0.046210 
0.381951 0.968468 0.462022 
0.045904 0.012533 0.491768 
0.878624 0.040459 0.040459 0.040459 
0.250000 0.250000 0.250000 0.250000 
  11
0.552909 0.012014 0.046210 
0.401187 0.975453 0.462022 
0.047379 0.012443 0.491768 
0.881558 0.039481 0.039481 0.039481 
0.250000 0.250000 0.250000 0.250000 
  12
0.570670 0.011928 0.046210 
0.381951 0.975629 0.462022 
0.047379 0.012443 0.491768 
0.881558 0.039481 0.039481 0.039481 
0.250000 0.250000 0.250000 0.250000 
  13
0.570670 0.011928 0.046210 
0.381951 0.975629 0.462022 
0.047379 0.012443 0.491768 
0.108878 0.690656 0.039481 0.160985 
0.250000 0.250000 0.250000 0.250000 
  14
0.570670 0.011928 0.046210 
0.381951 0.975629 0.462022 
0.047379 0.012443 0.491768 
0.039481 0.039481 0.145418 0.775620 
0.250000 0.250000 0.250000 0.250000 
  15
0.570670 0.011928 0.046210 
0.381951 0.975629 0.462022 
0.047379 0.012443 0.491768 
0.145418 0.775620 0.039481 0.039481 
0.250000 0.250000 0.250000 0.250000 
  16
0.570670 0.011928 0.046210 
0.381951 0.975629 0.462022 
0.047379 0.012443 0.491768 
0.039481 0.039481 0.808951 0.112088 
0.250000 0.250000 0.250000 0.250000 
  17
0.570670 0.011928 0.046210 
0.381951 0.975629 0.462022 
0.047379 0.012443 0.491768 
0.039481 0.039481 0.039481 0.881558 
0.250000 0.250000 0.250000 0.250000 
  18
0.570670 0.011928 0.046210 
0.381951 0.975629 0.462022 
0.047379 0.012443 0.491768 
0.039481 0.039481 0.734589 0.186449 
0.250000 0.250000 0.250000 0.250000 
  19
0.570670 0.011928 0.046210 
0.381951 0.975629 0.462022 
0.047379 0.012443 0.491768 
0.039481 0.039481 0.401394 0.519644 
0.250000 0.250000 0.250000 0.250000 
  20
0.570670 0.011928 0.046210 
0.381951 0.975629 0.462022 
0.047379 0.012443 0.491768 
0.881558 0.039481 0.039481 0.039481 
0.250000 0.250000 0.250000 0.250000 
  21
0.570670 0.011928 0.046210 
0.381951 0.975629 0.462022 
0.047379 0.012443 0.491768 
0.039481 0.039481 0.881558 0.039481 
0.250000 0.250000 0.250000 0.250000 
  22
0.570670 0.011928 0.046210 
0.381951 0.975629 0.462022 
0.047379 0.012443 0.491768 
0.039481 0.039481 0.067283 0.853755 
0.250000 0.250000 0.250000 0.250000 
  23
0.570670 0.011928 0.046210 
0.381951 0.975629 0.462022 
0.047379 0.012443 0.491768 
0.039481 0.039481 0.039481 0.881558 
0.250000 0.250000 0.250000 0.250000 
  24
0.570670 0.011928 0.046210 
0.381951 0.975629 0.462022 
0.047379 0.012443 0.491768 
0.090759 0.456054 0.039481 0.413707 
0.250000 0.250000 0.250000 0.250000 
  25
0.570670 0.011928 0.046210 
0.381951 0.975629 0.462022 
0.047379 0.012443 0.491768 
0.039481 0.039481 0.881558 0.039481 
0.250000 0.250000 0.250000 0.250000 
  26
0.570670 0.011928 0.046210 
0.381951 0.975629 0.462022 
0.047379 0.012443 0.491768 
0.039481 0.039481 0.039481 0.881558 
0.250000 0.250000 0.250000 0.250000 
  27
0.427729 0.011928 0.046210 
0.524892 0.975629 0.462022 
0.055281 0.012059 0.491768 
0.035647 0.035647 0.797411 0.131296 
0.250000 0.250000 0.250000 0.250000 
  28
0.499066 0.011559 0.046210 
0.445653 0.976382 0.462022 
0.055281 0.012059 0.491768 
0.797411 0.131296 0.035647 0.035647 
0.250000 0.250000 0.250000 0.250000 
  29
0.499066 0.011559 0.046210 
0.445653 0.976382 0.462022 
0.055281 0.012059 0.491768 
0.035647 0.035647 0.035647 0.893060 
0.250000 0.250000 0.250000 0.250000 
  30
0.499066 0.011559 0.046210 
0.445653 0.976382 0.462022 
0.055281 0.012059 0.491768 
0.035647 0.035647 0.775588 0.153119 
0.250000 0.250000 0.250000 0.250000 
  31
0.499066 0.011559 0.046210 
0.445653 0.976382 0.462022 
0.055281 0.012059 0.491768 
0.746105 0.086953 0.131296 0.035647 
0.250000 0.250000 0.250000 0.250000 
  32
0.499066 0.011559 0.046210 
0.445653 0.976382 0.462022 
0.055281 0.012059 0.491768 
0.035647 0.035647 0.035647 0.893060 
0.250000 0.250000 0.250000 0.250000 
  33
0.499066 0.011559 0.046210 
0.445653 0.976382 0.462022 
0.055281 0.012059 0.491768 
0.775263 0.153443 0.035647 0.035647 
0.250000 0.250000 0.250000 0.250000 
  34
0.499066 0.011559 0.046210 
0.445653 0.976382 0.462022 
0.055281 0.012059 0.491768 
0.185081 0.714467 0.035647 0.064805 
0.250000 0.250000 0.250000 0.250000 
  35
0.499066 0.011559 0.046210 
0.445653 0.976382 0.462022 
0.055281 0.012059 0.491768 
0.035647 0.035647 0.035647 0.893060 
0.250000 0.250000 0.250000 0.250000 
  36
0.499066 0.011559 0.046210 
0.445653 0.976382 0.462022 
0.055281 0.012059 0.491768 
0.057472 0.775586 0.035647 0.131296 
0.250000 0.250000 0.250000 0.250000 
  37
0.499066 0.011559 0.046210 
0.445653 0.976382 0.462022 
0.055281 0.012059 0.491768 
0.035647 0.035647 0.482645 0.446062 
0.250000 0.250000 0.250000 0.250000 
  38
0.499066 0.011559 0.046210 
0.445653 0.976382 0.462022 
0.055281 0.012059 0.491768 
0.035647 0.035647 0.035647 0.893060 
0.250000 0.250000 0.250000 0.250000 
  39
0.499066 0.011559 0.046210 
0.445653 0.976382 0.462022 
0.055281 0.012059 0.491768 
0.085695 0.060749 0.035647 0.817910 
0.250000 0.250000 0.250000 0.250000 
  40
0.499066 0.011559 0.046210 
0.445653 0.976382 0.462022 
0.055281 0.012059 0.491768 
0.086739 0.841968 0.035647 0.035647 
0.250000 0.250000 0.250000 0.250000 
  41
0.499066 0.011559 0.046210 
0.445653 0.976382 0.462022 
0.055281 0.012059 0.491768 
0.062178 0.770880 0.035647 0.131296 
0.250000 0.250000 0.250000 0.250000 
  42
0.499066 0.011559 0.046210 
0.445653 0.976382 0.462022 
0.055281 0.012059 0.491768 
0.035647 0.035647 0.746318 0.182389 
0.250000 0.250000 0.250000 0.250000 
  43
0.499066 0.011559 0.046210 
0.445653 0.976382 0.462022 
0.055281 0.012059 0.491768 
0.893060 0.035647 0.035647 0.035647 
0.250000 0.250000 0.250000 0.250000 
  44
0.499066 0.011559 0.046210 
0.445653 0.976382 0.462022 
0.055281 0.012059 0.491768 
0.131296 0.797411 0.035647 0.035647 
0.250000 0.250000 0.250000 0.250000 
  45
0.499066 0.011559 0.046210 
0.445653 0.976382 0.462022 
0.055281 0.012059 0.491768 
0.764538 0.164169 0.035647 0.035647 
0.250000 0.250000 0.250000 0.250000 
  46
0.499066 0.011559 0.046210 
0.445653 0.976382 0.462022 
0.055281 0.012059 0.491768 
0.035647 0.035647 0.035647 0.893060 
0.250000 0.250000 0.250000 0.250000 
  47
0.499066 0.011559 0.046210 
0.445653 0.976382 0.462022 
0.055281 0.012059 0.491768 
0.893060 0.035647 0.035647 0.035647 
0.250000 0.250000 0.250000 0.250000 
  48
0.499066 0.011559 0.046210 
0.445653 0.976382 0.462022 
0.055281 0.012059 0.491768 
0.035647 0.035647 0.149938 0.778769 
0.250000 0.250000 0.250000 0.250000 
  49
0.499066 0.011559 0.046210 
0.445653 0.976382 0.462022 
0.055281 0.012059 0.491768 
0.035647 0.035647 0.035647 0.893060 
0.250000 0.250000 0.250000 0.250000 
  50
0.499066 0.011559 0.046210 
0.445653 0.976382 0.462022 
0.055281 0.012059 0.491768 
0.035647 0.035647 0.893060 0.035647 
0.250000 0.250000 0.250000 0.250000 
  51
0.499066 0.011559 0.046210 
0.445653 0.976382 0.462022 
0.055281 0.012059 0.491768 
0.768253 0.160454 0.035647 0.035647 
0.250000 0.250000 0.250000 0.250000 
  52
0.499066 0.011559 0.046210 
0.445653 0.976382 0.462022 
0.055281 0.012059 0.491768 
0.893060 0.035647 0.035647 0.035647 
0.250000 0.250000 0.250000 0.250000 
  53
0.499066 0.011559 0.046210 
0.445653 0.976382 0.462022 
0.055281 0.012059 0.491768 
0.449248 0.199417 0.035647 0.315688 
0.250000 0.250000 0.250000 0.250000 
  54
0.499066 0.011559 0.046210 
0.445653 0.976382 0.462022 
0.055281 0.012059 0.491768 
0.736554 0.126598 0.035647 0.101202 
0.250000 0.250000 0.250000 0.250000 
  55
0.499066 0.011559 0.046210 
0.445653 0.976382 0.462022 
0.055281 0.012059 0.491768 
0.035647 0.893060 0.035647 0.035647 
0.250000 0.250000 0.250000 0.250000 
  56
0.499066 0.011559 0.046210 
0.445653 0.976382 0.462022 
0.055281 0.012059 0.491768 
0.035647 0.089432 0.839275 0.035647 
0.250000 0.250000 0.250000 0.250000 
  57
0.499066 0.011559 0.046210 
0.445653 0.976382 0.462022 
0.055281 0.012059 0.491768 
0.893060 0.035647 0.035647 0.035647 
0.250000 0.250000 0.250000 0.250000 
  58
0.499066 0.011559 0.046210 
0.445653 0.976382 0.462022 
0.055281 0.012059 0.491768 
0.035647 0.893060 0.035647 0.035647 
0.250000 0.250000 0.250000 0.250000 
  59
0.499066 0.011559 0.046210 
0.445653 0.976382 0.462022 
0.055281 0.012059 0.491768 
0.893060 0.035647 0.035647 0.035647 
0.250000 0.250000 0.250000 0.250000 
  60
0.499066 0.011559 0.046210 
0.445653 0.976382 0.462022 
0.055281 0.012059 0.491768 
0.035647 0.035647 0.893060 0.035647 
0.250000 0.250000 0.250000 0.250000 
  61
0.499066 0.011559 0.046210 
0.445653 0.976382 0.462022 
0.055281 0.012059 0.491768 
0.893060 0.035647 0.035647 0.035647 
0.250000 0.250000 0.250000 0.250000 
  62
0.499066 0.011559 0.046210 
0.445653 0.976382 0.462022 
0.055281 0.012059 0.491768 
0.893060 0.035647 0.035647 0.035647 
0.250000 0.250000 0.250000 0.250000 
  63
0.499066 0.011559 0.046210 
0.445653 0.976382 0.462022 
0.055281 0.012059 0.491768 
0.870912 0.057794 0.035647 0.035647 
0.250000 0.250000 0.250000 0.250000 
  64
0.499066 0.011559 0.046210 
0.445653 0.976382 0.462022 
0.055281 0.012059 0.491768 
0.893060 0.035647 0.035647 0.035647 
0.250000 0.250000 0.250000 0.250000 
  65
0.499066 0.011559 0.046210 
0.445653 0.976382 0.462022 
0.055281 0.012059 0.491768 
0.035647 0.035647 0.035647 0.893060 
0.250000 0.250000 0.250000 0.250000 
  66
0.462062 0.011559 0.046210 
0.482657 0.976382 0.462022 
0.057405 0.011977 0.491768 
0.895316 0.034895 0.034895 0.034895 
0.250000 0.250000 0.250000 0.250000 
  67
0.479817 0.011481 0.046210 
0.462778 0.976543 0.462022 
0.057405 0.011977 0.491768 
0.034895 0.034895 0.034895 0.895316 
0.250000 0.250000 0.250000 0.250000 
  68
0.479817 0.011481 0.046210 
0.462778 0.976543 0.462022 
0.057405 0.011977 0.491768 
0.034895 0.895316 0.034895 0.034895 
0.250000 0.250000 0.250000 0.250000 
  69
0.479817 0.011481 0.046210 
0.462778 0.976543 0.462022 
0.057405 0.011977 0.491768 
0.034895 0.034895 0.811685 0.118526 
0.250000 0.250000 0.250000 0.250000 
  70
0.479817 0.011481 0.046210 
0.462778 0.976543 0.462022 
0.057405 0.011977 0.491768 
0.895316 0.034895 0.034895 0.034895 
0.250000 0.250000 0.250000 0.250000 
  71
0.479817 0.011481 0.046210 
0.462778 0.976543 0.462022 
0.057405 0.011977 0.491768 
0.034895 0.034895 0.034895 0.895316 
0.250000 0.250000 0.250000 0.250000 
  72
0.479817 0.011481 0.046210 
0.462778 0.976543 0.462022 
0.057405 0.011977 0.491768 
0.895316 0.034895 0.034895 0.034895 
0.250000 0.250000 0.250000 0.250000 
  73
0.479817 0.011481 0.046210 
0.462778 0.976543 0.462022 
0.057405 0.011977 0.491768 
0.034895 0.895316 0.034895 0.034895 
0.250000 0.250000 0.250000 0.250000 
  74
0.479817 0.011481 0.046210 
0.462778 0.976543 0.462022 
0.057405 0.011977 0.491768 
0.034895 0.895316 0.034895 0.034895 
0.250000 0.250000 0.250000 0.250000 
  75
0.479817 0.011481 0.046210 
0.462778 0.976543 0.462022 
0.057405 0.011977 0.491768 
0.681764 0.248446 0.034895 0.034895 
0.250000 0.250000 0.250000 0.250000 
  76
0.479817 0.011481 0.046210 
0.462778 0.976543 0.462022 
0.057405 0.011977 0.491768 
0.034895 0.034895 0.034895 0.895316 
0.250000 0.250000 0.250000 0.250000 
  77
0.479817 0.011481 0.046210 
0.462778 0.976543 0.462022 
0.057405 0.011977 0.491768 
0.895316 0.034895 0.034895 0.034895 
0.250000 0.250000 0.250000 0.250000 
  78
0.479817 0.011481 0.046210 
0.462778 0.976543 0.462022 
0.057405 0.011977 0.491768 
0.034895 0.034895 0.503306 0.426904 
0.250000 0.250000 0.250000 0.250000 
  79
0.479817 0.011481 0.046210 
0.462778 0.976543 0.462022 
0.057405 0.011977 0.491768 
0.034895 0.034895 0.833980 0.096231 
0.250000 0.250000 0.250000 0.250000 
  80
0.479817 0.011481 0.046210 
0.462778 0.976543 0.462022 
0.057405 0.011977 0.491768 
0.034895 0.034895 0.034895 0.895316 
0.250000 0.250000 0.250000 0.250000 
  81
0.479817 0.011481 0.046210 
0.462778 0.976543 0.462022 
0.057405 0.011977 0.491768 
0.698892 0.231319 0.034895 0.034895 
0.250000 0.250000 0.250000 0.250000 
  82
0.479817 0.011481 0.046210 
0.462778 0.976543 0.462022 
0.057405 0.011977 0.491768 
0.895316 0.034895 0.034895 0.034895 
0.250000 0.250000 0.250000 0.250000 
  83
0.479817 0.011481 0.046210 
0.462778 0.976543 0.462022 
0.057405 0.011977 0.491768 
0.034895 0.895316 0.034895 0.034895 
0.250000 0.250000 0.250000 0.250000 
  84
0.479817 0.011481 0.046210 
0.462778 0.976543 0.462022 
0.057405 0.011977 0.491768 
0.034895 0.034895 0.895316 0.034895 
0.250000 0.250000 0.250000 0.250000 
  85
0.479817 0.011481 0.046210 
0.462778 0.976543 0.462022 
0.057405 0.011977 0.491768 
0.895316 0.034895 0.034895 0.034895 
0.250000 0.250000 0.250000 0.250000 
  86
0.479817 0.011481 0.046210 
0.462778 0.976543 0.462022 
0.057405 0.011977 0.491768 
0.895316 0.034895 0.034895 0.034895 
0.250000 0.250000 0.250000 0.250000 
  87
0.479817 0.011481 0.046210 
0.462778 0.976543 0.462022 
0.057405 0.011977 0.491768 
0.034895 0.034895 0.200542 0.729668 
0.250000 0.250000 0.250000 0.250000 
  88
0.479817 0.011481 0.046210 
0.462778 0.976543 0.462022 
0.057405 0.011977 0.491768 
0.895316 0.034895 0.034895 0.034895 
0.250000 0.250000 0.250000 0.250000 
  89
0.479817 0.011481 0.046210 
0.462778 0.976543 0.462022 
0.057405 0.011977 0.491768 
0.895316 0.034895 0.034895 0.034895 
0.250000 0.250000 0.250000 0.250000 
  90
0.479817 0.011481 0.046210 
0.462778 0.976543 0.462022 
0.057405 0.011977 0.491768 
0.034895 0.034895 0.722935 0.207275 
0.250000 0.250000 0.250000 0.250000 
  91
0.479817 0.011481 0.046210 
0.462778 0.976543 0.462022 
0.057405 0.011977 0.491768 
0.034895 0.063438 0.034895 0.866772 
0.250000 0.250000 0.250000 0.250000 
  92
0.479817 0.011481 0.046210 
0.462778 0.976543 0.462022 
0.057405 0.011977 0.491768 
0.034895 0.034895 0.895316 0.034895 
0.250000 0.250000 0.250000 0.250000 
  93
0.479817 0.011481 0.046210 
0.462778 0.976543 0.462022 
0.057405 0.011977 0.491768 
0.440339 0.034895 0.214281 0.310485 
0.250000 0.250000 0.250000 0.250000 
  94
0.479817 0.011481 0.046210 
0.462778 0.976543 0.462022 
0.057405 0.011977 0.491768 
0.436587 0.034895 0.034895 0.493623 
0.250000 0.250000 0.250000 0.250000 
  95
0.479817 0.011481 0.046210 
0.462778 0.976543 0.462022 
0.057405 0.011977 0.491768 
0.034895 0.034895 0.895316 0.034895 
0.250000 0.250000 0.250000 0.250000 
  96
0.479817 0.011481 0.046210 
0.462778 0.976543 0.462022 
0.057405 0.011977 0.491768 
0.840374 0.089837 0.034895 0.034895 
0.250000 0.250000 0.250000 0.250000 
  97
0.479817 0.011481 0.046210 
0.462778 0.976543 0.462022 
0.057405 0.011977 0.491768 
0.034895 0.895316 0.034895 0.034895 
0.250000 0.250000 0.250000 0.250000 
  98
0.479817 0.011481 0.046210 
0.462778 0.976543 0.462022 
0.057405 0.011977 0.491768 
0.895316 0.034895 0.034895 0.034895 
0.250000 0.250000 0.250000 0.250000 
  99
0.479817 0.011481 0.046210 
0.462778 0.976543 0.462022 
0.057405 0.011977 0.491768 
0.034895 0.034895 0.380301 0.549909 
0.250000 0.250000 0.250000 0.250000 
 100
0.479817 0.011481 0.046210 
0.462778 0.976543 0.462022 
0.057405 0.011977 0.491768 
0.870743 0.059468 0.034895 0.034895 
0.250000 0.250000 0.250000 0.250000 
 101
0.479817 0.011481 0.046210 
0.462778 0.976543 0.462022 
0.057405 0.011977 0.491768 
0.346708 0.034895 0.583503 0.034895 
0.250000 0.250000 0.250000 0.250000 
 102
0.479817 0.011481 0.046210 
0.462778 0.976543 0.462022 
0.057405 0.011977 0.491768 
0.726387 0.203824 0.034895 0.034895 
0.250000 0.250000 0.250000 0.250000 
 103
0.479817 0.011481 0.046210 
0.462778 0.976543 0.462022 
0.057405 0.011977 0.491768 
0.120603 0.809608 0.034895 0.034895 
0.250000 0.250000 0.250000 0.250000 
 104
0.479817 0.011481 0.046210 
0.462778 0.976543 0.462022 
0.057405 0.011977 0.491768 
0.034895 0.034895 0.034895 0.895316 
0.250000 0.250000 0.250000 0.250000 
 105
0.479817 0.011481 0.046210 
0.462778 0.976543 0.462022 
0.057405 0.011977 0.491768 
0.743018 0.141872 0.034895 0.080216 
0.250000 0.250000 0.250000 0.250000 
 106
0.479817 0.011481 0.046210 
0.462778 0.976543 0.462022 
0.057405 0.011977 0.491768 
0.034895 0.895316 0.034895 0.034895 
0.250000 0.250000 0.250000 0.250000 
 107
0.479817 0.011481 0.046210 
0.462778 0.976543 0.462022 
0.057405 0.011977 0.491768 
0.895316 0.034895 0.034895 0.034895 
0.250000 0.250000 0.250000 0.250000 
 108
0.479817 0.011481 0.046210 
0.462778 0.976543 0.462022 
0.057405 0.011977 0.491768 
0.034895 0.034895 0.672921 0.257290 
0.250000 0.250000 0.250000 0.250000 
 109
0.479817 0.011481 0.046210 
0.462778 0.976543 0.462022 
0.057405 0.011977 0.491768 
0.895316 0.034895 0.034895 0.034895 
0.250000 0.250000 0.250000 0.250000 
 110
0.479817 0.011481 0.046210 
0.462778 0.976543 0.462022 
0.057405 0.011977 0.491768 
0.034895 0.034895 0.895316 0.034895 
0.250000 0.250000 0.250000 0.250000 
 111
0.479817 0.011481 0.046210 
0.462778 0.976543 0.462022 
0.057405 0.011977 0.491768 
0.849995 0.080216 0.034895 0.034895 
0.250000 0.250000 0.250000 0.250000 
 112
0.479817 0.011481 0.046210 
0.462778 0.976543 0.462022 
0.057405 0.011977 0.491768 
0.034895 0.034895 0.895316 0.034895 
0.250000 0.250000 0.250000 0.250000 
 113
0.479817 0.011481 0.046210 
0.462778 0.976543 0.462022 
0.057405 0.011977 0.491768 
0.034895 0.034895 0.034895 0.895316 
0.250000 0.250000 0.250000 0.250000 
 114
0.479817 0.011481 0.046210 
0.462778 0.976543 0.462022 
0.057405 0.011977 0.491768 
0.602672 0.300859 0.034895 0.061574 
0.250000 0.250000 0.250000 0.250000 
 115
0.479817 0.011481 0.046210 
0.462778 0.976543 0.462022 
0.057405 0.011977 0.491768 
0.895316 0.034895 0.034895 0.034895 
0.250000 0.250000 0.250000 0.250000 
 116
0.479817 0.011481 0.046210 
0.462778 0.976543 0.462022 
0.057405 0.011977 0.491768 
0.034895 0.034895 0.895316 0.034895 
0.250000 0.250000 0.250000 0.250000 
 117
0.479817 0.011481 0.046210 
0.462778 0.976543 0.462022 
0.057405 0.011977 0.491768 
0.863020 0.034895 0.034895 0.067190 
0.250000 0.250000 0.250000 0.250000 
 118
0.479817 0.011481 0.046210 
0.462778 0.976543 0.462022 
0.057405 0.011977 0.491768 
0.034895 0.895316 0.034895 0.034895 
0.250000 0.250000 0.250000 0.250000 
 119
0.479817 0.011481 0.046210 
0.462778 0.976543 0.462022 
0.057405 0.011977 0.491768 
0.895316 0.034895 0.034895 0.034895 
0.250000 0.250000 0.250000 0.250000 
 120
0.479817 0.011481 0.046210 
0.462778 0.976543 0.462022 
0.057405 0.011977 0.491768 
0.568536 0.361675 0.034895 0.034895 
0.250000 0.250000 0.250000 0.250000 
 121
0.479817 0.011481 0.046210 
0.462778 0.976543 0.462022 
0.057405 0.011977 0.491768 
0.895316 0.034895 0.034895 0.034895 
0.250000 0.250000 0.250000 0.250000 
 122
0.479817 0.011481 0.046210 
0.462778 0.976543 0.462022 
0.057405 0.011977 0.491768 
0.767610 0.034895 0.162600 0.034895 
0.250000 0.250000 0.250000 0.250000 
 123
0.479817 0.011481 0.046210 
0.462778 0.976543 0.462022 
0.057405 0.011977 0.491768 
0.034895 0.034895 0.362549 0.567662 
0.250000 0.250000 0.250000 0.250000 
 124
0.479817 0.011481 0.046210 
0.462778 0.976543 0.462022 
0.057405 0.011977 0.491768 
0.034895 0.895316 0.034895 0.034895 
0.250000 0.250000 0.250000 0.250000 
 125
0.479817 0.011481 0.046210 
0.462778 0.976543 0.462022 
0.057405 0.011977 0.491768 
0.034895 0.895316 0.034895 0.034895 
0.250000 0.250000 0.250000 0.250000 
 126
0.479817 0.011481 0.046210 
0.462778 0.976543 0.462022 
0.057405 0.011977 0.491768 
0.841656 0.088555 0.034895 0.034895 
0.250000 0.250000 0.250000 0.250000 
 127
0.479817 0.011481 0.046210 
0.462778 0.976543 0.462022 
0.057405 0.011977 0.491768 
0.034895 0.895316 0.034895 0.034895 
0.250000 0.250000 0.250000 0.250000 
 128
0.479817 0.011481 0.046210 
0.462778 0.976543 0.462022 
0.057405 0.011977 0.491768 
0.034895 0.034895 0.034895 0.895316 
0.250000 0.250000 0.250000 0.250000 
 129
0.479817 0.011481 0.046210 
0.462778 0.976543 0.462022 
0.057405 0.011977 0.491768 
0.370366 0.034895 0.067190 0.527550 
0.250000 0.250000 0.250000 0.250000 
 130
0.479817 0.011481 0.046210 
0.462778 0.976543 0.462022 
0.057405 0.011977 0.491768 
0.034895 0.034895 0.895316 0.034895 
0.250000 0.250000 0.250000 0.250000 
 131
0.479817 0.011481 0.046210 
0.462778 0.976543 0.462022 
0.057405 0.011977 0.491768 
0.034895 0.034895 0.895316 0.034895 
0.250000 0.250000 0.250000 0.250000 
 132
0.479817 0.011481 0.046210 
0.462778 0.976543 0.462022 
0.057405 0.011977 0.491768 
0.063438 0.034895 0.096231 0.805436 
0.250000 0.250000 0.250000 0.250000 
 133
0.479817 0.011481 0.046210 
0.462778 0.976543 0.462022 
0.057405 0.011977 0.491768 
0.034895 0.895316 0.034895 0.034895 
0.250000 0.250000 0.250000 0.250000 
 134
0.479817 0.011481 0.046210 
0.462778 0.976543 0.462022 
0.057405 0.011977 0.491768 
0.034895 0.034895 0.034895 0.895316 
0.250000 0.250000 0.250000 0.250000 
 135
0.479817 0.011481 0.046210 
0.462778 0.976543 0.462022 
0.057405 0.011977 0.491768 
0.056366 0.873845 0.034895 0.034895 
0.250000 0.250000 0.250000 0.250000 
 136
0.479817 0.011481 0.046210 
0.462778 0.976543 0.462022 
0.057405 0.011977 0.491768 
0.895316 0.034895 0.034895 0.034895 
0.250000 0.250000 0.250000 0.250000 
 137
0.479817 0.011481 0.046210 
0.462778 0.976543 0.462022 
0.057405 0.011977 0.491768 
0.034895 0.034895 0.895316 0.034895 
0.250000 0.250000 0.250000 0.250000 
 138
0.479817 0.011481 0.046210 
0.462778 0.976543 0.462022 
0.057405 0.011977 0.491768 
0.309029 0.128526 0.527550 0.034895 
0.250000 0.250000 0.250000 0.250000 
 139
0.479817 0.011481 0.046210 
0.462778 0.976543 0.462022 
0.057405 0.011977 0.491768 
0.895316 0.034895 0.034895 0.034895 
0.250000 0.250000 0.250000 0.250000 
 140
0.479817 0.011481 0.046210 
0.462778 0.976543 0.462022 
0.057405 0.011977 0.491768 
0.034895 0.895316 0.034895 0.034895 
0.250000 0.250000 0.250000 0.250000 
 141
0.479817 0.011481 0.046210 
0.462778 0.976543 0.462022 
0.057405 0.011977 0.491768 
0.034895 0.034895 0.895316 0.034895 
0.250000 0.250000 0.250000 0.250000 
 142
0.479817 0.011481 0.046210 
0.462778 0.976543 0.462022 
0.057405 0.011977 0.491768 
0.034895 0.034895 0.034895 0.895316 
0.250000 0.250000 0.250000 0.250000 
 143
0.479817 0.011481 0.046210 
0.462778 0.976543 0.462022 
0.057405 0.011977 0.491768 
0.034895 0.034895 0.895316 0.034895 
0.250000 0.250000 0.250000 0.250000 
 144
0.479817 0.011481 0.046210 
0.462778 0.976543 0.462022 
0.057405 0.011977 0.491768 
0.873261 0.056950 0.034895 0.034895 
0.250000 0.250000 0.250000 0.250000 
 145
0.479817 0.011481 0.046210 
0.462778 0.976543 0.462022 
0.057405 0.011977 0.491768 
0.405173 0.525038 0.034895 0.034895 
0.250000 0.250000 0.250000 0.250000 
 146
0.479817 0.011481 0.046210 
0.462778 0.976543 0.462022 
0.057405 0.011977 0.491768 
0.034895 0.034895 0.034895 0.895316 
0.250000 0.250000 0.250000 0.250000 
 147
0.479817 0.011481 0.046210 
0.462778 0.976543 0.462022 
0.057405 0.011977 0.491768 
0.034895 0.294057 0.034895 0.636154 
0.250000 0.250000 0.250000 0.250000 
 148
0.479817 0.011481 0.046210 
0.462778 0.976543 0.462022 
0.057405 0.011977 0.491768 
0.034895 0.895316 0.034895 0.034895 
0.250000 0.250000 0.250000 0.250000 
 149
0.479817 0.011481 0.046210 
0.462778 0.976543 0.462022 
0.057405 0.011977 0.491768 
0.895316 0.034895 0.034895 0.034895 
0.250000 0.250000 0.250000 0.250000 
 150
0.479817 0.011481 0.046210 
0.462778 0.976543 0.462022 
0.057405 0.011977 0.491768 
0.034895 0.034895 0.415492 0.514719 
0.250000 0.250000 0.250000 0.250000 
 151
0.479817 0.011481 0.046210 
0.462778 0.976543 0.462022 
0.057405 0.011977 0.491768 
0.034895 0.034895 0.895316 0.034895 
0.250000 0.250000 0.250000 0.250000 
 152
0.479817 0.011481 0.046210 
0.462778 0.976543 0.462022 
0.057405 0.011977 0.491768 
0.034895 0.034895 0.034895 0.895316 
0.250000 0.250000 0.250000 0.250000 
 153
0.479817 0.011481 0.046210 
0.462778 0.976543 0.462022 
0.057405 0.011977 0.491768 
0.034895 0.034895 0.542522 0.387688 
0.250000 0.250000 0.250000 0.250000 
 154
0.479817 0.011481 0.046210 
0.462778 0.976543 0.462022 
0.057405 0.011977 0.491768 
0.034895 0.895316 0.034895 0.034895 
0.250000 0.250000 0.250000 0.250000 
 155
0.479817 0.011481 0.046210 
0.462778 0.976543 0.462022 
0.057405 0.011977 0.491768 
0.034895 0.034895 0.034895 0.895316 
0.250000 0.250000 0.250000 0.250000 
 156
0.479817 0.011481 0.046210 
0.462778 0.976543 0.462022 
0.057405 0.011977 0.491768 
0.315003 0.034895 0.164791 0.485311 
0.250000 0.250000 0.250000 0.250000 
 157
0.479817 0.011481 0.046210 
0.462778 0.976543 0.462022 
0.057405 0.011977 0.491768 
0.034895 0.895316 0.034895 0.034895 
0.250000 0.250000 0.250000 0.250000 
 158
0.479817 0.011481 0.046210 
0.462778 0.976543 0.462022 
0.057405 0.011977 0.491768 
0.895316 0.034895 0.034895 0.034895 
0.250000 0.250000 0.250000 0.250000 
 159
0.479817 0.011481 0.046210 
0.462778 0.976543 0.462022 
0.057405 0.011977 0.491768 
0.768117 0.162094 0.034895 0.034895 
0.250000 0.250000 0.250000 0.250000 
 160
0.479817 0.011481 0.046210 
0.462778 0.976543 0.462022 
0.057405 0.011977 0.491768 
0.895316 0.034895 0.034895 0.034895 
0.250000 0.250000 0.250000 0.250000 
 161
0.479817 0.011481 0.046210 
0.462778 0.976543 0.462022 
0.057405 0.011977 0.491768 
0.034895 0.034895 0.895316 0.034895 
0.250000 0.250000 0.250000 0.250000 
 162
0.479817 0.011481 0.046210 
0.462778 0.976543 0.462022 
0.057405 0.011977 0.491768 
0.895316 0.034895 0.034895 0.034895 
0.250000 0.250000 0.250000 0.250000 
 163
0.479817 0.011481 0.046210 
0.462778 0.976543 0.462022 
0.057405 0.011977 0.491768 
0.895316 0.034895 0.034895 0.034895 
0.250000 0.250000 0.250000 0.250000 
 164
0.479817 0.011481 0.046210 
0.462778 0.976543 0.462022 
0.057405 0.011977 0.491768 
0.895316 0.034895 0.034895 0.034895 
0.250000 0.250000 0.250000 0.250000 
 165
0.479817 0.011481 0.046210 
0.462778 0.976543 0.462022 
0.057405 0.011977 0.491768 
0.034895 0.034895 0.481481 0.448729 
0.250000 0.250000 0.250000 0.250000 
 166
0.479817 0.011481 0.046210 
0.462778 0.976543 0.462022 
0.057405 0.011977 0.491768 
0.034895 0.034895 0.895316 0.034895 
0.250000 0.250000 0.250000 0.250000 
 167
0.479817 0.011481 0.046210 
0.462778 0.976543 0.462022 
0.057405 0.011977 0.491768 
0.895316 0.034895 0.034895 0.034895 
0.250000 0.250000 0.250000 0.250000 
 168
0.479817 0.011481 0.046210 
0.462778 0.976543 0.462022 
0.057405 0.011977 0.491768 
0.034895 0.034895 0.392515 0.537695 
0.250000 0.250000 0.250000 0.250000 
 169
0.479817 0.011481 0.046210 
0.462778 0.976543 0.462022 
0.057405 0.011977 0.491768 
0.895316 0.034895 0.034895 0.034895 
0.250000 0.250000 0.250000 0.250000 
 170
0.479817 0.011481 0.046210 
0.462778 0.976543 0.462022 
0.057405 0.011977 0.491768 
0.034895 0.034895 0.895316 0.034895 
0.250000 0.250000 0.250000 0.250000 
 171
0.479817 0.011481 0.046210 
0.462778 0.976543 0.462022 
0.057405 0.011977 0.491768 
0.063438 0.034895 0.099067 0.802600 
0.250000 0.250000 0.250000 0.250000 
 172
0.479817 0.011481 0.046210 
0.462778 0.976543 0.462022 
0.057405 0.011977 0.491768 
0.034895 0.895316 0.034895 0.034895 
0.250000 0.250000 0.250000 0.250000 
 173
0.479817 0.011481 0.046210 
0.462778 0.976543 0.462022 
0.057405 0.011977 0.491768 
0.034895 0.895316 0.034895 0.034895 
0.250000 0.250000 0.250000 0.250000 
 174
0.479817 0.011481 0.046210 
0.462778 0.976543 0.462022 
0.057405 0.011977 0.491768 
0.820984 0.109226 0.034895 0.034895 
0.250000 0.250000 0.250000 0.250000 
 175
0.479817 0.011481 0.046210 
0.462778 0.976543 0.462022 
0.057405 0.011977 0.491768 
0.895316 0.034895 0.034895 0.034895 
0.250000 0.250000 0.250000 0.250000 
 176
0.479817 0.011481 0.046210 
0.462778 0.976543 0.462022 
0.057405 0.011977 0.491768 
0.034895 0.034895 0.895316 0.034895 
0.250000 0.250000 0.250000 0.250000 
 177
0.479817 0.011481 0.046210 
0.462778 0.976543 0.462022 
0.057405 0.011977 0.491768 
0.833980 0.034895 0.034895 0.096231 
0.250000 0.250000 0.250000 0.250000 
 178
0.479817 0.011481 0.046210 
0.462778 0.976543 0.462022 
0.057405 0.011977 0.491768 
0.034895 0.034895 0.034895 0.895316 
0.250000 0.250000 0.250000 0.250000 
 179
0.479817 0.011481 0.046210 
0.462778 0.976543 0.462022 
0.057405 0.011977 0.491768 
0.895316 0.034895 0.034895 0.034895 
0.250000 0.250000 0.250000 0.250000 
 180
0.479817 0.011481 0.046210 
0.462778 0.976543 0.462022 
0.057405 0.011977 0.491768 
0.034895 0.034895 0.801684 0.128526 
0.250000 0.250000 0.250000 0.250000 
 181
0.479817 0.011481 0.046210 
0.462778 0.976543 0.462022 
0.057405 0.011977 0.491768 
0.034895 0.034895 0.034895 0.895316 
0.250000 0.250000 0.250000 0.250000 
 182
0.479817 0.011481 0.046210 
0.462778 0.976543 0.462022 
0.057405 0.011977 0.491768 
0.034895 0.895316 0.034895 0.034895 
0.250000 0.250000 0.250000 0.250000 
 183
0.479817 0.011481 0.046210 
0.462778 0.976543 0.462022 
0.057405 0.011977 0.491768 
0.034895 0.034895 0.617679 0.312532 
0.250000 0.250000 0.250000 0.250000 
 184
0.479817 0.011481 0.046210 
0.462778 0.976543 0.462022 
0.057405 0.011977 0.491768 
0.034895 0.034895 0.034895 0.895316 
0.250000 0.250000 0.250000 0.250000 
 185
0.479817 0.011481 0.046210 
0.462778 0.976543 0.462022 
0.057405 0.011977 0.491768 
0.034895 0.034895 0.895316 0.034895 
0.250000 0.250000 0.250000 0.250000 
 186
0.479817 0.011481 0.046210 
0.462778 0.976543 0.462022 
0.057405 0.011977 0.491768 
0.501578 0.034895 0.055903 0.407624 
0.250000 0.250000 0.250000 0.250000 
 187
0.479817 0.011481 0.046210 
0.462778 0.976543 0.462022 
0.057405 0.011977 0.491768 
0.034895 0.034895 0.344449 0.585761 
0.250000 0.250000 0.250000 0.250000 
 188
0.479817 0.011481 0.046210 
0.462778 0.976543 0.462022 
0.057405 0.011977 0.491768 
0.034895 0.034895 0.034895 0.895316 
0.250000 0.250000 0.250000 0.250000 
 189
0.479817 0.011481 0.046210 
0.462778 0.976543 0.462022 
0.057405 0.011977 0.491768 
0.087545 0.842665 0.034895 0.034895 
0.250000 0.250000 0.250000 0.250000 
 190
0.479817 0.011481 0.046210 
0.462778 0.976543 0.462022 
0.057405 0.011977 0.491768 
0.895316 0.034895 0.034895 0.034895 
0.250000 0.250000 0.250000 0.250000 
 191
0.479817 0.011481 0.046210 
0.462778 0.976543 0.462022 
0.057405 0.011977 0.491768 
0.895316 0.034895 0.034895 0.034895 
0.250000 0.250000 0.250000 0.250000 
 192
0.479817 0.011481 0.046210 
0.462778 0.976543 0.462022 
0.057405 0.011977 0.491768 
0.034895 0.034895 0.185738 0.744473 
0.250000 0.250000 0.250000 0.250000 
 193
0.479817 0.011481 0.046210 
0.462778 0.976543 0.462022 
0.057405 0.011977 0.491768 
0.034895 0.895316 0.034895 0.034895 
0.250000 0.250000 0.250000 0.250000 
 194
0.479817 0.011481 0.046210 
0.462778 0.976543 0.462022 
0.057405 0.011977 0.491768 
0.034895 0.895316 0.034895 0.034895 
0.250000 0.250000 0.250000 0.250000 
 195
0.479817 0.011481 0.046210 
0.462778 0.976543 0.462022 
0.057405 0.011977 0.491768 
0.127277 0.472846 0.034895 0.364983 
0.250000 0.250000 0.250000 0.250000 
 196
0.479817 0.011481 0.046210 
0.462778 0.976543 0.462022 
0.057405 0.011977 0.491768 
0.481559 0.448652 0.034895 0.034895 
0.250000 0.250000 0.250000 0.250000 
 197
0.479817 0.011481 0.046210 
0.462778 0.976543 0.462022 
0.057405 0.011977 0.491768 
0.034895 0.034895 0.034895 0.895316 
0.250000 0.250000 0.250000 0.250000 
 198
0.479817 0.011481 0.046210 
0.462778 0.976543 0.462022 
0.057405 0.011977 0.491768 
0.034895 0.034895 0.895316 0.034895 
0.250000 0.250000 0.250000 0.250000 
 199
0.479817 0.011481 0.046210 
0.462778 0.976543 0.462022 
0.057405 0.011977 0.491768 
0.895316 0.034895 0.034895 0.034895 
0.250000 0.250000 0.250000 0.250000 
 200
0.479817 0.011481 0.046210 
0.462778 0.976543 0.462022 
0.057405 0.011977 0.491768 
0.034895 0.895316 0.034895 0.034895 
0.250000 0.250000 0.250000 0.250000 
 201
0.479817 0.011481 0.046210 
0.462778 0.976543 0.462022 
0.057405 0.011977 0.491768 
0.034895 0.034895 0.741205 0.189006 
0.250000 0.250000 0.250000 0.250000 
 202
0.479817 0.011481 0.046210 
0.462778 0.976543 0.462022 
0.057405 0.011977 0.491768 
0.034895 0.034895 0.895316 0.034895 
0.250000 0.250000 0.250000 0.250000 
 203
0.479817 0.011481 0.046210 
0.462778 0.976543 0.462022 
0.057405 0.011977 0.491768 
0.034895 0.034895 0.895316 0.034895 
0.250000 0.250000 0.250000 0.250000 
 204
0.479817 0.011481 0.046210 
0.462778 0.976543 0.462022 
0.057405 0.011977 0.491768 
0.497889 0.390324 0.034895 0.076892 
0.250000 0.250000 0.250000 0.250000 
 205
0.479817 0.011481 0.046210 
0.462778 0.976543 0.462022 
0.057405 0.011977 0.491768 
0.592384 0.337827 0.034895 0.034895 
0.250000 0.250000 0.250000 0.250000 
 206
0.479817 0.011481 0.046210 
0.462778 0.976543 0.462022 
0.057405 0.011977 0.491768 
0.034895 0.034895 0.034895 0.895316 
0.250000 0.250000 0.250000 0.250000 
 207
0.479817 0.011481 0.046210 
0.462778 0.976543 0.462022 
0.057405 0.011977 0.491768 
0.128526 0.034895 0.294057 0.542522 
0.250000 0.250000 0.250000 0.250000 
 208
0.479817 0.011481 0.046210 
0.462778 0.976543 0.462022 
0.057405 0.011977 0.491768 
0.034895 0.034895 0.895316 0.034895 
0.250000 0.250000 0.250000 0.250000 
 209
0.479817 0.011481 0.046210 
0.462778 0.976543 0.462022 
0.057405 0.011977 0.491768 
0.895316 0.034895 0.034895 0.034895 
0.250000 0.250000 0.250000 0.250000 
 210
0.479817 0.011481 0.046210 
0.462778 0.976543 0.462022 
0.057405 0.011977 0.491768 
0.034895 0.034895 0.034895 0.895316 
0.250000 0.250000 0.250000 0.250000 
 211
0.479817 0.011481 0.046210 
0.462778 0.976543 0.462022 
0.057405 0.011977 0.491768 
0.034895 0.034895 0.895316 0.034895 
0.250000 0.250000 0.250000 0.250000 
 212
0.479817 0.011481 0.046210 
0.462778 0.976543 0.462022 
0.057405 0.011977 0.491768 
0.034895 0.034895 0.034895 0.895316 
0.250000 0.250000 0.250000 0.250000 
 213
0.479817 0.011481 0.046210 
0.462778 0.976543 0.462022 
0.057405 0.011977 0.491768 
0.034895 0.109894 0.067190 0.788021 
0.250000 0.250000 0.250000 0.250000 
 214
0.479817 0.011481 0.046210 
0.462778 0.976543 0.462022 
0.057405 0.011977 0.491768 
0.034895 0.895316 0.034895 0.034895 
0.250000 0.250000 0.250000 0.250000 
 215
0.479817 0.011481 0.046210 
0.462778 0.976543 0.462022 
0.057405 0.011977 0.491768 
0.034895 0.895316 0.034895 0.034895 
0.250000 0.250000 0.250000 0.250000 
 216
0.479817 0.011481 0.046210 
0.462778 0.976543 0.462022 
0.057405 0.011977 0.491768 
0.034895 0.128526 0.056950 0.779629 
0.250000 0.250000 0.250000 0.250000 
 217
0.479817 0.011481 0.046210 
0.462778 0.976543 0.462022 
0.057405 0.011977 0.491768 
0.034895 0.895316 0.034895 0.034895 
0.250000 0.250000 0.250000 0.250000 
 218
0.479817 0.011481 0.046210 
0.462778 0.976543 0.462022 
0.057405 0.011977 0.491768 
0.895316 0.034895 0.034895 0.034895 
0.250000 0.250000 0.250000 0.250000 
 219
0.479817 0.011481 0.046210 
0.462778 0.976543 0.462022 
0.057405 0.011977 0.491768 
0.034895 0.034895 0.812299 0.117912 
0.250000 0.250000 0.250000 0.250000 
 220
0.479817 0.011481 0.046210 
0.462778 0.976543 0.462022 
0.057405 0.011977 0.491768 
0.034895 0.034895 0.034895 0.895316 
0.250000 0.250000 0.250000 0.250000 
 221
0.479817 0.011481 0.046210 
0.462778 0.976543 0.462022 
0.057405 0.011977 0.491768 
0.034895 0.895316 0.034895 0.034895 
0.250000 0.250000 0.250000 0.250000 
 222
0.479817 0.011481 0.046210 
0.462778 0.976543 0.462022 
0.057405 0.011977 0.491768 
0.034895 0.034895 0.828631 0.101579 
0.250000 0.250000 0.250000 0.250000 
 223
0.479817 0.011481 0.046210 
0.462778 0.976543 0.462022 
0.057405 0.011977 0.491768 
0.895316 0.034895 0.034895 0.034895 
0.250000 0.250000 0.250000 0.250000 
 224
0.479817 0.011481 0.046210 
0.462778 0.976543 0.462022 
0.057405 0.011977 0.491768 
0.034895 0.895316 0.034895 0.034895 
0.250000 0.250000 0.250000 0.250000 
 225
0.479817 0.011481 0.046210 
0.462778 0.976543 0.462022 
0.057405 0.011977 0.491768 
0.034895 0.034895 0.530014 0.400196 
0.250000 0.250000 0.250000 0.250000 
 226
0.479817 0.011481 0.046210 
0.462778 0.976543 0.462022 
0.057405 0.011977 0.491768 
0.034895 0.034895 0.034895 0.895316 
0.250000 0.250000 0.250000 0.250000 
 227
0.479817 0.011481 0.046210 
0.462778 0.976543 0.462022 
0.057405 0.011977 0.491768 
0.034895 0.034895 0.034895 0.895316 
0.250000 0.250000 0.250000 0.250000 
 228
0.479817 0.011481 0.046210 
0.462778 0.976543 0.462022 
0.057405 0.011977 0.491768 
0.034895 0.034895 0.056258 0.873953 
0.250000 0.250000 0.250000 0.250000 
 229
0.479817 0.011481 0.046210 
0.462778 0.976543 0.462022 
0.057405 0.011977 0.491768 
0.034895 0.895316 0.034895 0.034895 
0.250000 0.250000 0.250000 0.250000 
 230
0.479817 0.011481 0.046210 
0.462778 0.976543 0.462022 
0.057405 0.011977 0.491768 
0.895316 0.034895 0.034895 0.034895 
0.250000 0.250000 0.250000 0.250000 
 231
0.479817 0.011481 0.046210 
0.462778 0.976543 0.462022 
0.057405 0.011977 0.491768 
0.304267 0.625944 0.034895 0.034895 
0.250000 0.250000 0.250000 0.250000 
 232
0.479817 0.011481 0.046210 
0.462778 0.976543 0.462022 
0.057405 0.011977 0.491768 
0.034895 0.895316 0.034895 0.034895 
0.250000 0.250000 0.250000 0.250000 
 233
0.479817 0.011481 0.046210 
0.462778 0.976543 0.462022 
0.057405 0.011977 0.491768 
0.034895 0.895316 0.034895 0.034895 
0.250000 0.250000 0.250000 0.250000 
 234
0.479817 0.011481 0.046210 
0.462778 0.976543 0.462022 
0.057405 0.011977 0.491768 
0.683287 0.246924 0.034895 0.034895 
0.250000 0.250000 0.250000 0.250000 
 235
0.479817 0.011481 0.046210 
0.462778 0.976543 0.462022 
0.057405 0.011977 0.491768 
0.034895 0.034895 0.034895 0.895316 
0.250000 0.250000 0.250000 0.250000 
 236
