%  SAM: /scicomp/home/vfn4/Tools/LABEL_RES/scripts/modelfromalign v3.5 (July 15, 2005) compiled 12/08/06_16:15:55
%  (c) 1992-2001 Regents of the University of California, Santa Cruz
%
%          Sequence Alignment and Modeling Software System
%         http://www.cse.ucsc.edu/research/compbio/sam.html
%
% ----------------- Citations (SAM, SAM-T2K, HMMs) --------------------
% R. Hughey, A. Krogh, Hidden Markov models for sequence analysis:
%  Extension and analysis of the basic method, CABIOS 12:95-107, 1996.
% K. Karplus, et al., What is the value added by human intervention in protein
%  structure prediction, Proteins: Stucture, Function, Genetics 45(S5):86--91, 2001.
% A. Krogh et al., Hidden Markov models in computational biology:
%  Applications to protein modeling, JMB 235:1501-1531, Feb 1994.
% ---------------------------------------------------------------------
%  A_HA_H10_hmm   Host: node5.aspen.biotech.cdc.gov    Thu Jun  5 17:04:54 2014
%  vfn4           Dir:  /scicomp/home/vfn4/IRMA/train2
% ---------------------------------------------------------------------
%  Alignment weights from internal calc.  Total (20.83) Max (0.15) Min (0.04)
%  Weights from alignment method 1 (karplus), b=-1.000000, e=0.500000
MODEL --  Model from alignment file /scicomp/home/vfn4/Tools/LABEL_RES/training_data/IRMA/A_HA_H10.fasta
alphabet DNA
FREQAVE
0.000000 0.000000 0.000000 
0.000000 0.000000 0.000000 
0.000000 0.000000 0.000000 
0.336431 0.240210 0.189161 0.234198 
0.336431 0.240210 0.189161 0.234198 
Begin
0.000000 0.000000 0.000000 
0.000000 0.000000 0.000000 
0.000000 0.007213 0.491768 
0.250000 0.250000 0.250000 0.250000 
0.250000 0.250000 0.250000 0.250000 
   1
0.000000 0.089262 0.046210 
0.000000 0.903526 0.462022 
0.032393 0.007860 0.491768 
0.960098 0.013301 0.013301 0.013301 
0.250000 0.250000 0.250000 0.250000 
   2
0.706465 0.007534 0.046210 
0.261142 0.984606 0.462022 
0.032393 0.007860 0.491768 
0.013301 0.013301 0.013301 0.960098 
0.250000 0.250000 0.250000 0.250000 
   3
0.706465 0.007534 0.046210 
0.261142 0.984606 0.462022 
0.032393 0.007860 0.491768 
0.013301 0.960098 0.013301 0.013301 
0.250000 0.250000 0.250000 0.250000 
   4
0.706465 0.007534 0.046210 
0.261142 0.984606 0.462022 
0.032393 0.007860 0.491768 
0.019035 0.013301 0.016829 0.950835 
0.250000 0.250000 0.250000 0.250000 
   5
0.706465 0.007534 0.046210 
0.261142 0.984606 0.462022 
0.032393 0.007860 0.491768 
0.948746 0.018918 0.013301 0.019035 
0.250000 0.250000 0.250000 0.250000 
   6
0.706465 0.007534 0.046210 
0.261142 0.984606 0.462022 
0.032393 0.007860 0.491768 
0.019035 0.013301 0.954364 0.013301 
0.250000 0.250000 0.250000 0.250000 
   7
0.691906 0.007534 0.046210 
0.275701 0.984606 0.462022 
0.032872 0.007836 0.491768 
0.951585 0.013229 0.016370 0.018816 
0.250000 0.250000 0.250000 0.250000 
   8
0.702128 0.007512 0.046210 
0.265000 0.984652 0.462022 
0.032872 0.007836 0.491768 
0.951389 0.016565 0.013229 0.018816 
0.250000 0.250000 0.250000 0.250000 
   9
0.691559 0.007512 0.046210 
0.275569 0.984652 0.462022 
0.033223 0.007820 0.491768 
0.952534 0.015543 0.013179 0.018744 
0.250000 0.250000 0.250000 0.250000 
  10
0.677516 0.007496 0.046210 
0.289261 0.984685 0.462022 
0.033951 0.007786 0.491768 
0.817561 0.141150 0.022566 0.018724 
0.250000 0.250000 0.250000 0.250000 
  11
0.692353 0.007464 0.046210 
0.273696 0.984750 0.462022 
0.033951 0.007786 0.491768 
0.018724 0.015336 0.045387 0.920553 
0.250000 0.250000 0.250000 0.250000 
  12
0.686896 0.007464 0.046210 
0.279154 0.984750 0.462022 
0.034137 0.007778 0.491768 
0.947441 0.016861 0.013053 0.022645 
0.250000 0.250000 0.250000 0.250000 
  13
0.656212 0.007456 0.046210 
0.309651 0.984766 0.462022 
0.035355 0.007727 0.491768 
0.040488 0.933712 0.012900 0.012900 
0.250000 0.250000 0.250000 0.250000 
  14
0.668150 0.007406 0.046210 
0.296495 0.984867 0.462022 
0.035765 0.007710 0.491768 
0.018710 0.012851 0.058275 0.910163 
0.250000 0.250000 0.250000 0.250000 
  15
0.675908 0.007391 0.046210 
0.288327 0.984899 0.462022 
0.035765 0.007710 0.491768 
0.933204 0.035537 0.012851 0.018408 
0.250000 0.250000 0.250000 0.250000 
  16
0.626272 0.007391 0.046210 
0.337963 0.984899 0.462022 
0.037633 0.007641 0.491768 
0.021926 0.314476 0.650950 0.012648 
0.250000 0.250000 0.250000 0.250000 
  17
0.658981 0.007324 0.046210 
0.303386 0.985035 0.462022 
0.037633 0.007641 0.491768 
0.012648 0.012648 0.034135 0.940569 
0.250000 0.250000 0.250000 0.250000 
  18
0.653025 0.007324 0.046210 
0.309342 0.985035 0.462022 
0.037859 0.007633 0.491768 
0.845813 0.112314 0.012625 0.029248 
0.250000 0.250000 0.250000 0.250000 
  19
0.639893 0.007317 0.046210 
0.322248 0.985050 0.462022 
0.038515 0.007611 0.491768 
0.336583 0.638296 0.012560 0.012560 
0.250000 0.250000 0.250000 0.250000 
  20
0.609844 0.007295 0.046210 
0.351640 0.985094 0.462022 
0.040168 0.007559 0.491768 
0.012410 0.012410 0.022040 0.953140 
0.250000 0.250000 0.250000 0.250000 
  21
0.614282 0.007245 0.046210 
0.345550 0.985196 0.462022 
0.041060 0.007532 0.491768 
0.897163 0.078167 0.012335 0.012335 
0.250000 0.250000 0.250000 0.250000 
  22
0.603294 0.007220 0.046210 
0.355645 0.985247 0.462022 
0.042097 0.007504 0.491768 
0.321868 0.012253 0.653625 0.012253 
0.250000 0.250000 0.250000 0.250000 
  23
0.611484 0.007193 0.046210 
0.346419 0.985304 0.462022 
0.042396 0.007496 0.491768 
0.012231 0.012231 0.012231 0.963308 
0.250000 0.250000 0.250000 0.250000 
  24
0.608636 0.007185 0.046210 
0.348968 0.985319 0.462022 
0.042703 0.007488 0.491768 
0.012208 0.012208 0.434417 0.541167 
0.250000 0.250000 0.250000 0.250000 
  25
0.613042 0.007177 0.046210 
0.344255 0.985335 0.462022 
0.042703 0.007488 0.491768 
0.030867 0.942573 0.012208 0.014352 
0.250000 0.250000 0.250000 0.250000 
  26
0.606036 0.007177 0.046210 
0.351261 0.985335 0.462022 
0.043004 0.007480 0.491768 
0.012186 0.012186 0.938695 0.036933 
0.250000 0.250000 0.250000 0.250000 
  27
0.610312 0.007170 0.046210 
0.346684 0.985350 0.462022 
0.043004 0.007480 0.491768 
0.018817 0.956811 0.012186 0.012186 
0.250000 0.250000 0.250000 0.250000 
  28
0.603409 0.007170 0.046210 
0.353587 0.985350 0.462022 
0.043303 0.007472 0.491768 
0.012164 0.012164 0.963507 0.012164 
0.250000 0.250000 0.250000 0.250000 
  29
0.586223 0.007163 0.046210 
0.370474 0.985365 0.462022 
0.044249 0.007449 0.491768 
0.012099 0.012099 0.012099 0.963704 
0.250000 0.250000 0.250000 0.250000 
  30
0.599030 0.007140 0.046210 
0.356720 0.985411 0.462022 
0.044249 0.007449 0.491768 
0.012099 0.012099 0.960570 0.015232 
0.250000 0.250000 0.250000 0.250000 
  31
0.599030 0.007140 0.046210 
0.356720 0.985411 0.462022 
0.044249 0.007449 0.491768 
0.044448 0.016006 0.921773 0.017773 
0.250000 0.250000 0.250000 0.250000 
  32
0.592061 0.007140 0.046210 
0.363689 0.985411 0.462022 
0.044560 0.007441 0.491768 
0.017584 0.012078 0.012078 0.958260 
0.250000 0.250000 0.250000 0.250000 
  33
0.596216 0.007133 0.046210 
0.359224 0.985425 0.462022 
0.044560 0.007441 0.491768 
0.012078 0.012078 0.020087 0.955757 
0.250000 0.250000 0.250000 0.250000 
  34
0.596216 0.007133 0.046210 
0.359224 0.985425 0.462022 
0.044560 0.007441 0.491768 
0.022660 0.953184 0.012078 0.012078 
0.250000 0.250000 0.250000 0.250000 
  35
0.589198 0.007133 0.046210 
0.366242 0.985425 0.462022 
0.044875 0.007434 0.491768 
0.014240 0.961646 0.012057 0.012057 
0.250000 0.250000 0.250000 0.250000 
  36
0.584264 0.007126 0.046210 
0.370861 0.985440 0.462022 
0.045287 0.007425 0.491768 
0.963908 0.012031 0.012031 0.012031 
0.250000 0.250000 0.250000 0.250000 
  37
0.544683 0.007117 0.046210 
0.410031 0.985459 0.462022 
0.047418 0.007378 0.491768 
0.022543 0.953653 0.011902 0.011902 
0.250000 0.250000 0.250000 0.250000 
  38
0.536373 0.007073 0.046210 
0.416209 0.985549 0.462022 
0.049084 0.007345 0.491768 
0.011811 0.028306 0.948071 0.011811 
0.250000 0.250000 0.250000 0.250000 
  39
0.545919 0.007041 0.046210 
0.404997 0.985613 0.462022 
0.049545 0.007337 0.491768 
0.211620 0.591191 0.014728 0.182460 
0.250000 0.250000 0.250000 0.250000 
  40
0.542191 0.007033 0.046210 
0.408264 0.985630 0.462022 
0.049987 0.007329 0.491768 
0.011765 0.964704 0.011765 0.011765 
0.250000 0.250000 0.250000 0.250000 
  41
0.547034 0.007025 0.046210 
0.402979 0.985646 0.462022 
0.049987 0.007329 0.491768 
0.011765 0.011765 0.020837 0.955633 
0.250000 0.250000 0.250000 0.250000 
  42
0.536254 0.007025 0.046210 
0.413759 0.985646 0.462022 
0.050532 0.007319 0.491768 
0.024690 0.951833 0.011738 0.011738 
0.250000 0.250000 0.250000 0.250000 
  43
0.542097 0.007016 0.046210 
0.407370 0.985666 0.462022 
0.050532 0.007319 0.491768 
0.342119 0.011738 0.627255 0.018888 
0.250000 0.250000 0.250000 0.250000 
  44
0.518029 0.008696 0.046210 
0.431439 0.983985 0.462022 
0.051063 0.007310 0.491768 
0.871751 0.104823 0.011713 0.011713 
0.250000 0.250000 0.250000 0.250000 
  45
0.523472 0.007007 0.046210 
0.425465 0.985684 0.462022 
0.051778 0.007297 0.491768 
0.298202 0.025292 0.036758 0.639748 
0.250000 0.250000 0.250000 0.250000 
  46
0.530805 0.006995 0.046210 
0.417417 0.985708 0.462022 
0.051778 0.007297 0.491768 
0.020294 0.947302 0.011679 0.020725 
0.250000 0.250000 0.250000 0.250000 
  47
0.515932 0.006995 0.046210 
0.432290 0.985708 0.462022 
0.052560 0.007284 0.491768 
0.011644 0.965068 0.011644 0.011644 
0.250000 0.250000 0.250000 0.250000 
  48
0.523721 0.006982 0.046210 
0.423719 0.985733 0.462022 
0.052560 0.007284 0.491768 
0.011644 0.016808 0.033254 0.938294 
0.250000 0.250000 0.250000 0.250000 
  49
0.511559 0.006982 0.046210 
0.435881 0.985733 0.462022 
0.053207 0.007274 0.491768 
0.028792 0.011616 0.947976 0.011616 
0.250000 0.250000 0.250000 0.250000 
  50
0.517857 0.006972 0.046210 
0.428935 0.985754 0.462022 
0.053207 0.007274 0.491768 
0.011616 0.011616 0.011616 0.965153 
0.250000 0.250000 0.250000 0.250000 
  51
0.517857 0.006972 0.046210 
0.428935 0.985754 0.462022 
0.053207 0.007274 0.491768 
0.011616 0.011616 0.022559 0.954210 
0.250000 0.250000 0.250000 0.250000 
  52
0.517857 0.006972 0.046210 
0.428935 0.985754 0.462022 
0.053207 0.007274 0.491768 
0.011616 0.965153 0.011616 0.011616 
0.250000 0.250000 0.250000 0.250000 
  53
0.517857 0.006972 0.046210 
0.428935 0.985754 0.462022 
0.053207 0.007274 0.491768 
0.965153 0.011616 0.011616 0.011616 
0.250000 0.250000 0.250000 0.250000 
  54
0.517857 0.006972 0.046210 
0.428935 0.985754 0.462022 
0.053207 0.007274 0.491768 
0.011616 0.011616 0.590527 0.386241 
0.250000 0.250000 0.250000 0.250000 
  55
0.517857 0.006972 0.046210 
0.428935 0.985754 0.462022 
0.053207 0.007274 0.491768 
0.965153 0.011616 0.011616 0.011616 
0.250000 0.250000 0.250000 0.250000 
  56
0.517857 0.006972 0.046210 
0.428935 0.985754 0.462022 
0.053207 0.007274 0.491768 
0.959668 0.017101 0.011616 0.011616 
0.250000 0.250000 0.250000 0.250000 
  57
0.517857 0.006972 0.046210 
0.428935 0.985754 0.462022 
0.053207 0.007274 0.491768 
0.949642 0.027127 0.011616 0.011616 
0.250000 0.250000 0.250000 0.250000 
  58
0.517857 0.006972 0.046210 
0.428935 0.985754 0.462022 
0.053207 0.007274 0.491768 
0.965153 0.011616 0.011616 0.011616 
0.250000 0.250000 0.250000 0.250000 
  59
0.517857 0.006972 0.046210 
0.428935 0.985754 0.462022 
0.053207 0.007274 0.491768 
0.011616 0.011616 0.011616 0.965153 
0.250000 0.250000 0.250000 0.250000 
  60
0.517857 0.006972 0.046210 
0.428935 0.985754 0.462022 
0.053207 0.007274 0.491768 
0.661210 0.011616 0.307584 0.019590 
0.250000 0.250000 0.250000 0.250000 
  61
0.517857 0.006972 0.046210 
0.428935 0.985754 0.462022 
0.053207 0.007274 0.491768 
0.011616 0.011616 0.011616 0.965153 
0.250000 0.250000 0.250000 0.250000 
  62
0.517857 0.006972 0.046210 
0.428935 0.985754 0.462022 
0.053207 0.007274 0.491768 
0.011616 0.965153 0.011616 0.011616 
0.250000 0.250000 0.250000 0.250000 
  63
0.517857 0.006972 0.046210 
0.428935 0.985754 0.462022 
0.053207 0.007274 0.491768 
0.011616 0.011616 0.893742 0.083026 
0.250000 0.250000 0.250000 0.250000 
  64
0.517857 0.006972 0.046210 
0.428935 0.985754 0.462022 
0.053207 0.007274 0.491768 
0.013453 0.016699 0.958232 0.011616 
0.250000 0.250000 0.250000 0.250000 
  65
0.517857 0.006972 0.046210 
0.428935 0.985754 0.462022 
0.053207 0.007274 0.491768 
0.011616 0.011616 0.011616 0.965153 
0.250000 0.250000 0.250000 0.250000 
  66
0.517857 0.006972 0.046210 
0.428935 0.985754 0.462022 
0.053207 0.007274 0.491768 
0.295794 0.034280 0.011616 0.658310 
0.250000 0.250000 0.250000 0.250000 
  67
0.517857 0.006972 0.046210 
0.428935 0.985754 0.462022 
0.053207 0.007274 0.491768 
0.011616 0.965153 0.011616 0.011616 
0.250000 0.250000 0.250000 0.250000 
  68
0.517857 0.006972 0.046210 
0.428935 0.985754 0.462022 
0.053207 0.007274 0.491768 
0.011616 0.965153 0.011616 0.011616 
0.250000 0.250000 0.250000 0.250000 
  69
0.517857 0.006972 0.046210 
0.428935 0.985754 0.462022 
0.053207 0.007274 0.491768 
0.957893 0.018875 0.011616 0.011616 
0.250000 0.250000 0.250000 0.250000 
  70
0.517857 0.006972 0.046210 
0.428935 0.985754 0.462022 
0.053207 0.007274 0.491768 
0.011616 0.011616 0.965153 0.011616 
0.250000 0.250000 0.250000 0.250000 
  71
0.517857 0.006972 0.046210 
0.428935 0.985754 0.462022 
0.053207 0.007274 0.491768 
0.965153 0.011616 0.011616 0.011616 
0.250000 0.250000 0.250000 0.250000 
  72
0.517857 0.006972 0.046210 
0.428935 0.985754 0.462022 
0.053207 0.007274 0.491768 
0.011616 0.011616 0.074796 0.901972 
0.250000 0.250000 0.250000 0.250000 
  73
0.517857 0.006972 0.046210 
0.428935 0.985754 0.462022 
0.053207 0.007274 0.491768 
0.011616 0.011616 0.965153 0.011616 
0.250000 0.250000 0.250000 0.250000 
  74
0.517857 0.006972 0.046210 
0.428935 0.985754 0.462022 
0.053207 0.007274 0.491768 
0.965153 0.011616 0.011616 0.011616 
0.250000 0.250000 0.250000 0.250000 
  75
0.517857 0.006972 0.046210 
0.428935 0.985754 0.462022 
0.053207 0.007274 0.491768 
0.011616 0.011616 0.039175 0.937594 
0.250000 0.250000 0.250000 0.250000 
  76
0.517857 0.006972 0.046210 
0.428935 0.985754 0.462022 
0.053207 0.007274 0.491768 
0.011616 0.965153 0.011616 0.011616 
0.250000 0.250000 0.250000 0.250000 
  77
0.517857 0.006972 0.046210 
0.428935 0.985754 0.462022 
0.053207 0.007274 0.491768 
0.011616 0.011616 0.965153 0.011616 
0.250000 0.250000 0.250000 0.250000 
  78
0.517857 0.006972 0.046210 
0.428935 0.985754 0.462022 
0.053207 0.007274 0.491768 
0.869514 0.103761 0.011616 0.015109 
0.250000 0.250000 0.250000 0.250000 
  79
0.517857 0.006972 0.046210 
0.428935 0.985754 0.462022 
0.053207 0.007274 0.491768 
0.014054 0.962714 0.011616 0.011616 
0.250000 0.250000 0.250000 0.250000 
  80
0.517857 0.006972 0.046210 
0.428935 0.985754 0.462022 
0.053207 0.007274 0.491768 
0.011616 0.011616 0.011616 0.965153 
0.250000 0.250000 0.250000 0.250000 
  81
0.517857 0.006972 0.046210 
0.428935 0.985754 0.462022 
0.053207 0.007274 0.491768 
0.111668 0.200124 0.633329 0.054879 
0.250000 0.250000 0.250000 0.250000 
  82
0.517857 0.006972 0.046210 
0.428935 0.985754 0.462022 
0.053207 0.007274 0.491768 
0.024340 0.302834 0.279825 0.393001 
0.250000 0.250000 0.250000 0.250000 
  83
0.517857 0.006972 0.046210 
0.428935 0.985754 0.462022 
0.053207 0.007274 0.491768 
0.011616 0.011616 0.959322 0.017446 
0.250000 0.250000 0.250000 0.250000 
  84
0.517857 0.006972 0.046210 
0.428935 0.985754 0.462022 
0.053207 0.007274 0.491768 
0.023447 0.011616 0.933119 0.031818 
0.250000 0.250000 0.250000 0.250000 
  85
0.517857 0.006972 0.046210 
0.428935 0.985754 0.462022 
0.053207 0.007274 0.491768 
0.965153 0.011616 0.011616 0.011616 
0.250000 0.250000 0.250000 0.250000 
  86
0.517857 0.006972 0.046210 
0.428935 0.985754 0.462022 
0.053207 0.007274 0.491768 
0.965153 0.011616 0.011616 0.011616 
0.250000 0.250000 0.250000 0.250000 
  87
0.517857 0.006972 0.046210 
0.428935 0.985754 0.462022 
0.053207 0.007274 0.491768 
0.011616 0.011616 0.034079 0.942689 
0.250000 0.250000 0.250000 0.250000 
  88
0.517857 0.006972 0.046210 
0.428935 0.985754 0.462022 
0.053207 0.007274 0.491768 
0.011616 0.965153 0.011616 0.011616 
0.250000 0.250000 0.250000 0.250000 
  89
0.517857 0.006972 0.046210 
0.428935 0.985754 0.462022 
0.053207 0.007274 0.491768 
0.011616 0.965153 0.011616 0.011616 
0.250000 0.250000 0.250000 0.250000 
  90
0.517857 0.006972 0.046210 
0.428935 0.985754 0.462022 
0.053207 0.007274 0.491768 
0.126214 0.184537 0.661210 0.028039 
0.250000 0.250000 0.250000 0.250000 
  91
0.517857 0.006972 0.046210 
0.428935 0.985754 0.462022 
0.053207 0.007274 0.491768 
0.965153 0.011616 0.011616 0.011616 
0.250000 0.250000 0.250000 0.250000 
  92
0.517857 0.006972 0.046210 
0.428935 0.985754 0.462022 
0.053207 0.007274 0.491768 
0.011616 0.011616 0.965153 0.011616 
0.250000 0.250000 0.250000 0.250000 
  93
0.517857 0.006972 0.046210 
0.428935 0.985754 0.462022 
0.053207 0.007274 0.491768 
0.015302 0.011616 0.956171 0.016911 
0.250000 0.250000 0.250000 0.250000 
  94
0.517857 0.006972 0.046210 
0.428935 0.985754 0.462022 
0.053207 0.007274 0.491768 
0.939507 0.031166 0.011616 0.017712 
0.250000 0.250000 0.250000 0.250000 
  95
0.517857 0.006972 0.046210 
0.428935 0.985754 0.462022 
0.053207 0.007274 0.491768 
0.011616 0.011616 0.038967 0.937801 
0.250000 0.250000 0.250000 0.250000 
  96
0.517857 0.006972 0.046210 
0.428935 0.985754 0.462022 
0.053207 0.007274 0.491768 
0.011616 0.011616 0.744375 0.232394 
0.250000 0.250000 0.250000 0.250000 
  97
0.517857 0.006972 0.046210 
0.428935 0.985754 0.462022 
0.053207 0.007274 0.491768 
0.015633 0.961135 0.011616 0.011616 
0.250000 0.250000 0.250000 0.250000 
  98
0.517857 0.006972 0.046210 
0.428935 0.985754 0.462022 
0.053207 0.007274 0.491768 
0.011616 0.011616 0.011616 0.965153 
0.250000 0.250000 0.250000 0.250000 
  99
0.517857 0.006972 0.046210 
0.428935 0.985754 0.462022 
0.053207 0.007274 0.491768 
0.714633 0.248979 0.014924 0.021464 
0.250000 0.250000 0.250000 0.250000 
 100
0.517857 0.006972 0.046210 
0.428935 0.985754 0.462022 
0.053207 0.007274 0.491768 
0.965153 0.011616 0.011616 0.011616 
0.250000 0.250000 0.250000 0.250000 
 101
0.517857 0.006972 0.046210 
0.428935 0.985754 0.462022 
0.053207 0.007274 0.491768 
0.946225 0.025248 0.016911 0.011616 
0.250000 0.250000 0.250000 0.250000 
 102
0.517857 0.006972 0.046210 
0.428935 0.985754 0.462022 
0.053207 0.007274 0.491768 
0.052062 0.924707 0.011616 0.011616 
0.250000 0.250000 0.250000 0.250000 
 103
0.517857 0.006972 0.046210 
0.428935 0.985754 0.462022 
0.053207 0.007274 0.491768 
0.965153 0.011616 0.011616 0.011616 
0.250000 0.250000 0.250000 0.250000 
 104
0.517857 0.006972 0.046210 
0.428935 0.985754 0.462022 
0.053207 0.007274 0.491768 
0.011616 0.011616 0.965153 0.011616 
0.250000 0.250000 0.250000 0.250000 
 105
0.517857 0.006972 0.046210 
0.428935 0.985754 0.462022 
0.053207 0.007274 0.491768 
0.011616 0.011616 0.075637 0.901132 
0.250000 0.250000 0.250000 0.250000 
 106
0.517857 0.006972 0.046210 
0.428935 0.985754 0.462022 
0.053207 0.007274 0.491768 
0.011616 0.011616 0.965153 0.011616 
0.250000 0.250000 0.250000 0.250000 
 107
0.517857 0.006972 0.046210 
0.428935 0.985754 0.462022 
0.053207 0.007274 0.491768 
0.011616 0.011616 0.011616 0.965153 
0.250000 0.250000 0.250000 0.250000 
 108
0.517857 0.006972 0.046210 
0.428935 0.985754 0.462022 
0.053207 0.007274 0.491768 
0.091622 0.011616 0.781627 0.115136 
0.250000 0.250000 0.250000 0.250000 
 109
0.517857 0.006972 0.046210 
0.428935 0.985754 0.462022 
0.053207 0.007274 0.491768 
0.965153 0.011616 0.011616 0.011616 
0.250000 0.250000 0.250000 0.250000 
 110
0.506447 0.006972 0.046210 
0.440346 0.985754 0.462022 
0.053821 0.007264 0.491768 
0.011590 0.011590 0.965231 0.011590 
0.250000 0.250000 0.250000 0.250000 
 111
0.512293 0.006963 0.046210 
0.433886 0.985772 0.462022 
0.053821 0.007264 0.491768 
0.947241 0.018927 0.022242 0.011590 
0.250000 0.250000 0.250000 0.250000 
 112
0.512293 0.006963 0.046210 
0.433886 0.985772 0.462022 
0.053821 0.007264 0.491768 
0.965231 0.011590 0.011590 0.011590 
0.250000 0.250000 0.250000 0.250000 
 113
0.512293 0.006963 0.046210 
0.433886 0.985772 0.462022 
0.053821 0.007264 0.491768 
0.929443 0.044729 0.014238 0.011590 
0.250000 0.250000 0.250000 0.250000 
 114
0.512293 0.006963 0.046210 
0.433886 0.985772 0.462022 
0.053821 0.007264 0.491768 
0.011590 0.011590 0.776252 0.200569 
0.250000 0.250000 0.250000 0.250000 
 115
0.512293 0.006963 0.046210 
0.433886 0.985772 0.462022 
0.053821 0.007264 0.491768 
0.013669 0.963152 0.011590 0.011590 
0.250000 0.250000 0.250000 0.250000 
 116
0.512293 0.006963 0.046210 
0.433886 0.985772 0.462022 
0.053821 0.007264 0.491768 
0.960091 0.011590 0.011590 0.016730 
0.250000 0.250000 0.250000 0.250000 
 117
0.512293 0.006963 0.046210 
0.433886 0.985772 0.462022 
0.053821 0.007264 0.491768 
0.946536 0.030285 0.011590 0.011590 
0.250000 0.250000 0.250000 0.250000 
 118
0.500683 0.006963 0.046210 
0.445496 0.985772 0.462022 
0.054454 0.007255 0.491768 
0.662732 0.011564 0.314141 0.011564 
0.250000 0.250000 0.250000 0.250000 
 119
0.506564 0.006954 0.046210 
0.438983 0.985791 0.462022 
0.054454 0.007255 0.491768 
0.954787 0.016505 0.011564 0.017144 
0.250000 0.250000 0.250000 0.250000 
 120
0.496313 0.006954 0.046210 
0.449234 0.985791 0.462022 
0.055017 0.007246 0.491768 
0.088617 0.868877 0.011541 0.030965 
0.250000 0.250000 0.250000 0.250000 
 121
0.501453 0.006946 0.046210 
0.443529 0.985808 0.462022 
0.055017 0.007246 0.491768 
0.011541 0.965377 0.011541 0.011541 
0.250000 0.250000 0.250000 0.250000 
 122
0.501453 0.006946 0.046210 
0.443529 0.985808 0.462022 
0.055017 0.007246 0.491768 
0.965377 0.011541 0.011541 0.011541 
0.250000 0.250000 0.250000 0.250000 
 123
0.501453 0.006946 0.046210 
0.443529 0.985808 0.462022 
0.055017 0.007246 0.491768 
0.886577 0.090341 0.011541 0.011541 
0.250000 0.250000 0.250000 0.250000 
 124
0.501453 0.006946 0.046210 
0.443529 0.985808 0.462022 
0.055017 0.007246 0.491768 
0.015476 0.961442 0.011541 0.011541 
0.250000 0.250000 0.250000 0.250000 
 125
0.501453 0.006946 0.046210 
0.443529 0.985808 0.462022 
0.055017 0.007246 0.491768 
0.960277 0.011541 0.011541 0.016642 
0.250000 0.250000 0.250000 0.250000 
 126
0.501453 0.006946 0.046210 
0.443529 0.985808 0.462022 
0.055017 0.007246 0.491768 
0.230948 0.745970 0.011541 0.011541 
0.250000 0.250000 0.250000 0.250000 
 127
0.501453 0.006946 0.046210 
0.443529 0.985808 0.462022 
0.055017 0.007246 0.491768 
0.011541 0.965377 0.011541 0.011541 
0.250000 0.250000 0.250000 0.250000 
 128
0.501453 0.006946 0.046210 
0.443529 0.985808 0.462022 
0.055017 0.007246 0.491768 
0.011541 0.011541 0.011541 0.965377 
0.250000 0.250000 0.250000 0.250000 
 129
0.501453 0.006946 0.046210 
0.443529 0.985808 0.462022 
0.055017 0.007246 0.491768 
0.111111 0.865807 0.011541 0.011541 
0.250000 0.250000 0.250000 0.250000 
 130
0.501453 0.006946 0.046210 
0.443529 0.985808 0.462022 
0.055017 0.007246 0.491768 
0.965377 0.011541 0.011541 0.011541 
0.250000 0.250000 0.250000 0.250000 
 131
0.501453 0.006946 0.046210 
0.443529 0.985808 0.462022 
0.055017 0.007246 0.491768 
0.011541 0.011541 0.963150 0.013768 
0.250000 0.250000 0.250000 0.250000 
 132
0.501453 0.006946 0.046210 
0.443529 0.985808 0.462022 
0.055017 0.007246 0.491768 
0.011541 0.011541 0.965377 0.011541 
0.250000 0.250000 0.250000 0.250000 
 133
0.501453 0.006946 0.046210 
0.443529 0.985808 0.462022 
0.055017 0.007246 0.491768 
0.965377 0.011541 0.011541 0.011541 
0.250000 0.250000 0.250000 0.250000 
 134
0.501453 0.006946 0.046210 
0.443529 0.985808 0.462022 
0.055017 0.007246 0.491768 
0.960758 0.016160 0.011541 0.011541 
0.250000 0.250000 0.250000 0.250000 
 135
0.501453 0.006946 0.046210 
0.443529 0.985808 0.462022 
0.055017 0.007246 0.491768 
0.011541 0.011541 0.041238 0.935680 
0.250000 0.250000 0.250000 0.250000 
 136
0.501453 0.006946 0.046210 
0.443529 0.985808 0.462022 
0.055017 0.007246 0.491768 
0.011541 0.965377 0.011541 0.011541 
0.250000 0.250000 0.250000 0.250000 
 137
0.501453 0.006946 0.046210 
0.443529 0.985808 0.462022 
0.055017 0.007246 0.491768 
0.011541 0.011541 0.965377 0.011541 
0.250000 0.250000 0.250000 0.250000 
 138
0.501453 0.006946 0.046210 
0.443529 0.985808 0.462022 
0.055017 0.007246 0.491768 
0.011541 0.011541 0.181421 0.795497 
0.250000 0.250000 0.250000 0.250000 
 139
0.501453 0.006946 0.046210 
0.443529 0.985808 0.462022 
0.055017 0.007246 0.491768 
0.965377 0.011541 0.011541 0.011541 
0.250000 0.250000 0.250000 0.250000 
 140
0.501453 0.006946 0.046210 
0.443529 0.985808 0.462022 
0.055017 0.007246 0.491768 
0.011541 0.011541 0.963340 0.013578 
0.250000 0.250000 0.250000 0.250000 
 141
0.501453 0.006946 0.046210 
0.443529 0.985808 0.462022 
0.055017 0.007246 0.491768 
0.014519 0.011541 0.024011 0.949929 
0.250000 0.250000 0.250000 0.250000 
 142
0.501453 0.006946 0.046210 
0.443529 0.985808 0.462022 
0.055017 0.007246 0.491768 
0.011541 0.965377 0.011541 0.011541 
0.250000 0.250000 0.250000 0.250000 
 143
0.501453 0.006946 0.046210 
0.443529 0.985808 0.462022 
0.055017 0.007246 0.491768 
0.965377 0.011541 0.011541 0.011541 
0.250000 0.250000 0.250000 0.250000 
 144
0.501453 0.006946 0.046210 
0.443529 0.985808 0.462022 
0.055017 0.007246 0.491768 
0.940944 0.035974 0.011541 0.011541 
0.250000 0.250000 0.250000 0.250000 
 145
0.501453 0.006946 0.046210 
0.443529 0.985808 0.462022 
0.055017 0.007246 0.491768 
0.965377 0.011541 0.011541 0.011541 
0.250000 0.250000 0.250000 0.250000 
 146
0.501453 0.006946 0.046210 
0.443529 0.985808 0.462022 
0.055017 0.007246 0.491768 
0.011541 0.011541 0.965377 0.011541 
0.250000 0.250000 0.250000 0.250000 
 147
0.501453 0.006946 0.046210 
0.443529 0.985808 0.462022 
0.055017 0.007246 0.491768 
0.612572 0.353627 0.011541 0.022259 
0.250000 0.250000 0.250000 0.250000 
 148
0.501453 0.006946 0.046210 
0.443529 0.985808 0.462022 
0.055017 0.007246 0.491768 
0.011541 0.965377 0.011541 0.011541 
0.250000 0.250000 0.250000 0.250000 
 149
0.501453 0.006946 0.046210 
0.443529 0.985808 0.462022 
0.055017 0.007246 0.491768 
0.011541 0.011541 0.011541 0.965377 
0.250000 0.250000 0.250000 0.250000 
 150
0.501453 0.006946 0.046210 
0.443529 0.985808 0.462022 
0.055017 0.007246 0.491768 
0.036628 0.922212 0.011541 0.029619 
0.250000 0.250000 0.250000 0.250000 
 151
0.501453 0.006946 0.046210 
0.443529 0.985808 0.462022 
0.055017 0.007246 0.491768 
0.011541 0.965377 0.011541 0.011541 
0.250000 0.250000 0.250000 0.250000 
 152
0.501453 0.006946 0.046210 
0.443529 0.985808 0.462022 
0.055017 0.007246 0.491768 
0.965377 0.011541 0.011541 0.011541 
0.250000 0.250000 0.250000 0.250000 
 153
0.501453 0.006946 0.046210 
0.443529 0.985808 0.462022 
0.055017 0.007246 0.491768 
0.282591 0.694327 0.011541 0.011541 
0.250000 0.250000 0.250000 0.250000 
 154
0.501453 0.006946 0.046210 
0.443529 0.985808 0.462022 
0.055017 0.007246 0.491768 
0.965377 0.011541 0.011541 0.011541 
0.250000 0.250000 0.250000 0.250000 
 155
0.501453 0.006946 0.046210 
0.443529 0.985808 0.462022 
0.055017 0.007246 0.491768 
0.030195 0.943844 0.014420 0.011541 
0.250000 0.250000 0.250000 0.250000 
 156
0.501453 0.006946 0.046210 
0.443529 0.985808 0.462022 
0.055017 0.007246 0.491768 
0.011541 0.011541 0.709628 0.267290 
0.250000 0.250000 0.250000 0.250000 
 157
0.501453 0.006946 0.046210 
0.443529 0.985808 0.462022 
0.055017 0.007246 0.491768 
0.913724 0.060587 0.014148 0.011541 
0.250000 0.250000 0.250000 0.250000 
 158
0.501453 0.006946 0.046210 
0.443529 0.985808 0.462022 
0.055017 0.007246 0.491768 
0.645378 0.029447 0.310465 0.014710 
0.250000 0.250000 0.250000 0.250000 
 159
0.501453 0.006946 0.046210 
0.443529 0.985808 0.462022 
0.055017 0.007246 0.491768 
0.955841 0.021078 0.011541 0.011541 
0.250000 0.250000 0.250000 0.250000 
 160
0.501453 0.006946 0.046210 
0.443529 0.985808 0.462022 
0.055017 0.007246 0.491768 
0.953966 0.022952 0.011541 0.011541 
0.250000 0.250000 0.250000 0.250000 
 161
0.501453 0.006946 0.046210 
0.443529 0.985808 0.462022 
0.055017 0.007246 0.491768 
0.054119 0.907603 0.026737 0.011541 
0.250000 0.250000 0.250000 0.250000 
 162
0.501453 0.006946 0.046210 
0.443529 0.985808 0.462022 
0.055017 0.007246 0.491768 
0.017951 0.011541 0.863931 0.106577 
0.250000 0.250000 0.250000 0.250000 
 163
0.501453 0.006946 0.046210 
0.443529 0.985808 0.462022 
0.055017 0.007246 0.491768 
0.016300 0.011541 0.893663 0.078496 
0.250000 0.250000 0.250000 0.250000 
 164
0.501453 0.006946 0.046210 
0.443529 0.985808 0.462022 
0.055017 0.007246 0.491768 
0.011541 0.011541 0.011541 0.965377 
0.250000 0.250000 0.250000 0.250000 
 165
0.492386 0.006946 0.046210 
0.452596 0.985808 0.462022 
0.055521 0.007239 0.491768 
0.294740 0.673872 0.011521 0.019867 
0.250000 0.250000 0.250000 0.250000 
 166
0.496892 0.006939 0.046210 
0.447588 0.985822 0.462022 
0.055521 0.007239 0.491768 
0.300577 0.676380 0.011521 0.011521 
0.250000 0.250000 0.250000 0.250000 
 167
0.496892 0.006939 0.046210 
0.447588 0.985822 0.462022 
0.055521 0.007239 0.491768 
0.957375 0.019582 0.011521 0.011521 
0.250000 0.250000 0.250000 0.250000 
 168
0.496892 0.006939 0.046210 
0.447588 0.985822 0.462022 
0.055521 0.007239 0.491768 
0.011521 0.015242 0.951183 0.022053 
0.250000 0.250000 0.250000 0.250000 
 169
0.496892 0.006939 0.046210 
0.447588 0.985822 0.462022 
0.055521 0.007239 0.491768 
0.965437 0.011521 0.011521 0.011521 
0.250000 0.250000 0.250000 0.250000 
 170
0.496892 0.006939 0.046210 
0.447588 0.985822 0.462022 
0.055521 0.007239 0.491768 
0.541927 0.435030 0.011521 0.011521 
0.250000 0.250000 0.250000 0.250000 
 171
0.496892 0.006939 0.046210 
0.447588 0.985822 0.462022 
0.055521 0.007239 0.491768 
0.788373 0.188585 0.011521 0.011521 
0.250000 0.250000 0.250000 0.250000 
 172
0.496892 0.006939 0.046210 
0.447588 0.985822 0.462022 
0.055521 0.007239 0.491768 
0.013461 0.011521 0.685652 0.289366 
0.250000 0.250000 0.250000 0.250000 
 173
0.496892 0.006939 0.046210 
0.447588 0.985822 0.462022 
0.055521 0.007239 0.491768 
0.011521 0.011521 0.011521 0.965437 
0.250000 0.250000 0.250000 0.250000 
 174
0.496892 0.006939 0.046210 
0.447588 0.985822 0.462022 
0.055521 0.007239 0.491768 
0.254901 0.073694 0.088238 0.583166 
0.250000 0.250000 0.250000 0.250000 
 175
0.496892 0.006939 0.046210 
0.447588 0.985822 0.462022 
0.055521 0.007239 0.491768 
0.011521 0.011521 0.011521 0.965437 
0.250000 0.250000 0.250000 0.250000 
 176
0.496892 0.006939 0.046210 
0.447588 0.985822 0.462022 
0.055521 0.007239 0.491768 
0.011521 0.965437 0.011521 0.011521 
0.250000 0.250000 0.250000 0.250000 
 177
0.496892 0.006939 0.046210 
0.447588 0.985822 0.462022 
0.055521 0.007239 0.491768 
0.011521 0.011521 0.691093 0.285865 
0.250000 0.250000 0.250000 0.250000 
 178
0.481477 0.006939 0.046210 
0.463002 0.985822 0.462022 
0.056390 0.007227 0.491768 
0.965536 0.011488 0.011488 0.011488 
0.250000 0.250000 0.250000 0.250000 
 179
0.489015 0.006927 0.046210 
0.454595 0.985846 0.462022 
0.056390 0.007227 0.491768 
0.011488 0.011488 0.011488 0.965536 
0.250000 0.250000 0.250000 0.250000 
 180
0.489015 0.006927 0.046210 
0.454595 0.985846 0.462022 
0.056390 0.007227 0.491768 
0.011488 0.965536 0.011488 0.011488 
0.250000 0.250000 0.250000 0.250000 
 181
0.489015 0.006927 0.046210 
0.454595 0.985846 0.462022 
0.056390 0.007227 0.491768 
0.965536 0.011488 0.011488 0.011488 
0.250000 0.250000 0.250000 0.250000 
 182
0.489015 0.006927 0.046210 
0.454595 0.985846 0.462022 
0.056390 0.007227 0.491768 
0.963178 0.013846 0.011488 0.011488 
0.250000 0.250000 0.250000 0.250000 
 183
0.489015 0.006927 0.046210 
0.454595 0.985846 0.462022 
0.056390 0.007227 0.491768 
0.930939 0.046085 0.011488 0.011488 
0.250000 0.250000 0.250000 0.250000 
 184
0.489015 0.006927 0.046210 
0.454595 0.985846 0.462022 
0.056390 0.007227 0.491768 
0.572937 0.404087 0.011488 0.011488 
0.250000 0.250000 0.250000 0.250000 
 185
0.489015 0.006927 0.046210 
0.454595 0.985846 0.462022 
0.056390 0.007227 0.491768 
0.155030 0.821994 0.011488 0.011488 
0.250000 0.250000 0.250000 0.250000 
 186
0.489015 0.006927 0.046210 
0.454595 0.985846 0.462022 
0.056390 0.007227 0.491768 
0.284016 0.037704 0.047421 0.630860 
0.250000 0.250000 0.250000 0.250000 
 187
0.489015 0.006927 0.046210 
0.454595 0.985846 0.462022 
0.056390 0.007227 0.491768 
0.316931 0.011488 0.660094 0.011488 
0.250000 0.250000 0.250000 0.250000 
 188
0.489015 0.006927 0.046210 
0.454595 0.985846 0.462022 
0.056390 0.007227 0.491768 
0.011488 0.965536 0.011488 0.011488 
0.250000 0.250000 0.250000 0.250000 
 189
0.489015 0.006927 0.046210 
0.454595 0.985846 0.462022 
0.056390 0.007227 0.491768 
0.291073 0.685951 0.011488 0.011488 
0.250000 0.250000 0.250000 0.250000 
 190
0.489015 0.006927 0.046210 
0.454595 0.985846 0.462022 
0.056390 0.007227 0.491768 
0.960802 0.016222 0.011488 0.011488 
0.250000 0.250000 0.250000 0.250000 
 191
0.489015 0.006927 0.046210 
0.454595 0.985846 0.462022 
0.056390 0.007227 0.491768 
0.767882 0.206311 0.011488 0.014319 
0.250000 0.250000 0.250000 0.250000 
 192
0.489015 0.006927 0.046210 
0.454595 0.985846 0.462022 
0.056390 0.007227 0.491768 
0.063971 0.028111 0.332634 0.575283 
0.250000 0.250000 0.250000 0.250000 
 193
0.489015 0.006927 0.046210 
0.454595 0.985846 0.462022 
0.056390 0.007227 0.491768 
0.011488 0.011488 0.231964 0.745060 
0.250000 0.250000 0.250000 0.250000 
 194
0.489015 0.006927 0.046210 
0.454595 0.985846 0.462022 
0.056390 0.007227 0.491768 
0.965536 0.011488 0.011488 0.011488 
0.250000 0.250000 0.250000 0.250000 
 195
0.489015 0.006927 0.046210 
0.454595 0.985846 0.462022 
0.056390 0.007227 0.491768 
0.011488 0.011488 0.730423 0.246601 
0.250000 0.250000 0.250000 0.250000 
 196
0.489015 0.006927 0.046210 
0.454595 0.985846 0.462022 
0.056390 0.007227 0.491768 
0.962121 0.014903 0.011488 0.011488 
0.250000 0.250000 0.250000 0.250000 
 197
0.489015 0.006927 0.046210 
0.454595 0.985846 0.462022 
0.056390 0.007227 0.491768 
0.958601 0.018423 0.011488 0.011488 
0.250000 0.250000 0.250000 0.250000 
 198
0.489015 0.006927 0.046210 
0.454595 0.985846 0.462022 
0.056390 0.007227 0.491768 
0.372989 0.604035 0.011488 0.011488 
0.250000 0.250000 0.250000 0.250000 
 199
0.489015 0.006927 0.046210 
0.454595 0.985846 0.462022 
0.056390 0.007227 0.491768 
0.011488 0.965536 0.011488 0.011488 
0.250000 0.250000 0.250000 0.250000 
 200
0.489015 0.006927 0.046210 
0.454595 0.985846 0.462022 
0.056390 0.007227 0.491768 
0.965536 0.011488 0.011488 0.011488 
0.250000 0.250000 0.250000 0.250000 
 201
0.489015 0.006927 0.046210 
0.454595 0.985846 0.462022 
0.056390 0.007227 0.491768 
0.011488 0.011488 0.925811 0.051213 
0.250000 0.250000 0.250000 0.250000 
 202
0.489015 0.006927 0.046210 
0.454595 0.985846 0.462022 
0.056390 0.007227 0.491768 
0.011488 0.011488 0.658440 0.318584 
0.250000 0.250000 0.250000 0.250000 
 203
0.489015 0.006927 0.046210 
0.454595 0.985846 0.462022 
0.056390 0.007227 0.491768 
0.011488 0.011488 0.011488 0.965536 
0.250000 0.250000 0.250000 0.250000 
 204
0.489015 0.006927 0.046210 
0.454595 0.985846 0.462022 
0.056390 0.007227 0.491768 
0.654127 0.322897 0.011488 0.011488 
0.250000 0.250000 0.250000 0.250000 
 205
0.489015 0.006927 0.046210 
0.454595 0.985846 0.462022 
0.056390 0.007227 0.491768 
0.016136 0.960888 0.011488 0.011488 
0.250000 0.250000 0.250000 0.250000 
 206
0.489015 0.006927 0.046210 
0.454595 0.985846 0.462022 
0.056390 0.007227 0.491768 
0.021264 0.955760 0.011488 0.011488 
0.250000 0.250000 0.250000 0.250000 
 207
0.489015 0.006927 0.046210 
0.454595 0.985846 0.462022 
0.056390 0.007227 0.491768 
0.011488 0.038662 0.332818 0.617033 
0.250000 0.250000 0.250000 0.250000 
 208
0.489015 0.006927 0.046210 
0.454595 0.985846 0.462022 
0.056390 0.007227 0.491768 
0.965536 0.011488 0.011488 0.011488 
0.250000 0.250000 0.250000 0.250000 
 209
0.489015 0.006927 0.046210 
0.454595 0.985846 0.462022 
0.056390 0.007227 0.491768 
0.884934 0.092091 0.011488 0.011488 
0.250000 0.250000 0.250000 0.250000 
 210
0.489015 0.006927 0.046210 
0.454595 0.985846 0.462022 
0.056390 0.007227 0.491768 
0.016725 0.011488 0.266028 0.705759 
0.250000 0.250000 0.250000 0.250000 
 211
0.489015 0.006927 0.046210 
0.454595 0.985846 0.462022 
0.056390 0.007227 0.491768 
0.011488 0.011488 0.011488 0.965536 
0.250000 0.250000 0.250000 0.250000 
 212
0.489015 0.006927 0.046210 
0.454595 0.985846 0.462022 
0.056390 0.007227 0.491768 
0.011488 0.965536 0.011488 0.011488 
0.250000 0.250000 0.250000 0.250000 
 213
0.489015 0.006927 0.046210 
0.454595 0.985846 0.462022 
0.056390 0.007227 0.491768 
0.011488 0.011488 0.791170 0.185855 
0.250000 0.250000 0.250000 0.250000 
 214
0.489015 0.006927 0.046210 
0.454595 0.985846 0.462022 
0.056390 0.007227 0.491768 
0.011488 0.011488 0.965536 0.011488 
0.250000 0.250000 0.250000 0.250000 
 215
0.489015 0.006927 0.046210 
0.454595 0.985846 0.462022 
0.056390 0.007227 0.491768 
0.965536 0.011488 0.011488 0.011488 
0.250000 0.250000 0.250000 0.250000 
 216
0.489015 0.006927 0.046210 
0.454595 0.985846 0.462022 
0.056390 0.007227 0.491768 
0.011488 0.011488 0.662555 0.314469 
0.250000 0.250000 0.250000 0.250000 
 217
0.489015 0.006927 0.046210 
0.454595 0.985846 0.462022 
0.056390 0.007227 0.491768 
0.011488 0.011488 0.965536 0.011488 
0.250000 0.250000 0.250000 0.250000 
 218
0.489015 0.006927 0.046210 
0.454595 0.985846 0.462022 
0.056390 0.007227 0.491768 
0.011488 0.011488 0.965536 0.011488 
0.250000 0.250000 0.250000 0.250000 
 219
0.489015 0.006927 0.046210 
0.454595 0.985846 0.462022 
0.056390 0.007227 0.491768 
0.487939 0.481932 0.014295 0.015835 
0.250000 0.250000 0.250000 0.250000 
 220
0.489015 0.006927 0.046210 
0.454595 0.985846 0.462022 
0.056390 0.007227 0.491768 
0.960112 0.016912 0.011488 0.011488 
0.250000 0.250000 0.250000 0.250000 
 221
0.489015 0.006927 0.046210 
0.454595 0.985846 0.462022 
0.056390 0.007227 0.491768 
0.011488 0.011488 0.011488 0.965536 
0.250000 0.250000 0.250000 0.250000 
 222
0.489015 0.006927 0.046210 
0.454595 0.985846 0.462022 
0.056390 0.007227 0.491768 
0.962228 0.011488 0.011488 0.014796 
0.250000 0.250000 0.250000 0.250000 
 223
0.489015 0.006927 0.046210 
0.454595 0.985846 0.462022 
0.056390 0.007227 0.491768 
0.011488 0.965536 0.011488 0.011488 
0.250000 0.250000 0.250000 0.250000 
 224
0.489015 0.006927 0.046210 
0.454595 0.985846 0.462022 
0.056390 0.007227 0.491768 
0.011488 0.965536 0.011488 0.011488 
0.250000 0.250000 0.250000 0.250000 
 225
0.489015 0.006927 0.046210 
0.454595 0.985846 0.462022 
0.056390 0.007227 0.491768 
0.325638 0.651386 0.011488 0.011488 
0.250000 0.250000 0.250000 0.250000 
 226
0.489015 0.006927 0.046210 
0.454595 0.985846 0.462022 
0.056390 0.007227 0.491768 
0.965536 0.011488 0.011488 0.011488 
0.250000 0.250000 0.250000 0.250000 
 227
0.489015 0.006927 0.046210 
0.454595 0.985846 0.462022 
0.056390 0.007227 0.491768 
0.011488 0.011488 0.011488 0.965536 
0.250000 0.250000 0.250000 0.250000 
 228
0.489015 0.006927 0.046210 
0.454595 0.985846 0.462022 
0.056390 0.007227 0.491768 
0.032690 0.941881 0.011488 0.013941 
0.250000 0.250000 0.250000 0.250000 
 229
0.489015 0.006927 0.046210 
0.454595 0.985846 0.462022 
0.056390 0.007227 0.491768 
0.233117 0.443884 0.074107 0.248891 
0.250000 0.250000 0.250000 0.250000 
 230
0.489015 0.006927 0.046210 
0.454595 0.985846 0.462022 
0.056390 0.007227 0.491768 
0.011488 0.011488 0.011488 0.965536 
0.250000 0.250000 0.250000 0.250000 
 231
0.489015 0.006927 0.046210 
0.454595 0.985846 0.462022 
0.056390 0.007227 0.491768 
0.759101 0.209885 0.011488 0.019526 
0.250000 0.250000 0.250000 0.250000 
 232
0.489015 0.006927 0.046210 
0.454595 0.985846 0.462022 
0.056390 0.007227 0.491768 
0.942652 0.034372 0.011488 0.011488 
0.250000 0.250000 0.250000 0.250000 
 233
0.489015 0.006927 0.046210 
0.454595 0.985846 0.462022 
0.056390 0.007227 0.491768 
0.011488 0.011488 0.011488 0.965536 
0.250000 0.250000 0.250000 0.250000 
 234
0.489015 0.006927 0.046210 
0.454595 0.985846 0.462022 
0.056390 0.007227 0.491768 
0.961826 0.011488 0.011488 0.015199 
0.250000 0.250000 0.250000 0.250000 
 235
0.489015 0.006927 0.046210 
0.454595 0.985846 0.462022 
0.056390 0.007227 0.491768 
0.011488 0.965536 0.011488 0.011488 
0.250000 0.250000 0.250000 0.250000 
 236
