%  SAM: /scicomp/home/vfn4/Tools/LABEL_RES/scripts/modelfromalign v3.5 (July 15, 2005) compiled 12/08/06_16:15:55
%  (c) 1992-2001 Regents of the University of California, Santa Cruz
%
%          Sequence Alignment and Modeling Software System
%         http://www.cse.ucsc.edu/research/compbio/sam.html
%
% ----------------- Citations (SAM, SAM-T2K, HMMs) --------------------
% R. Hughey, A. Krogh, Hidden Markov models for sequence analysis:
%  Extension and analysis of the basic method, CABIOS 12:95-107, 1996.
% K. Karplus, et al., What is the value added by human intervention in protein
%  structure prediction, Proteins: Stucture, Function, Genetics 45(S5):86--91, 2001.
% A. Krogh et al., Hidden Markov models in computational biology:
%  Applications to protein modeling, JMB 235:1501-1531, Feb 1994.
% ---------------------------------------------------------------------
%  A_HA_H4_hmm   Host: node5.aspen.biotech.cdc.gov    Thu Jun  5 17:05:00 2014
%  vfn4          Dir:  /scicomp/home/vfn4/IRMA/train2
% ---------------------------------------------------------------------
%  Alignment weights from internal calc.  Total (30.40) Max (0.40) Min (0.02)
%  Weights from alignment method 1 (karplus), b=-1.000000, e=0.500000
MODEL --  Model from alignment file /scicomp/home/vfn4/Tools/LABEL_RES/training_data/IRMA/A_HA_H4.fasta
alphabet DNA
FREQAVE
0.000000 0.000000 0.000000 
0.000000 0.000000 0.000000 
0.000000 0.000000 0.000000 
0.328702 0.231316 0.199929 0.240053 
0.328702 0.231316 0.199929 0.240053 
Begin
0.000000 0.000000 0.000000 
0.000000 0.000000 0.000000 
0.000000 0.005727 0.491768 
0.250000 0.250000 0.250000 0.250000 
0.250000 0.250000 0.250000 0.250000 
   1
0.000000 0.166467 0.046210 
0.000000 0.827806 0.462022 
0.019789 0.006826 0.491768 
0.968648 0.010451 0.010451 0.010451 
0.250000 0.250000 0.250000 0.250000 
   2
0.812949 0.006543 0.046210 
0.167263 0.986631 0.462022 
0.019943 0.006811 0.491768 
0.010412 0.010412 0.010412 0.968763 
0.250000 0.250000 0.250000 0.250000 
   3
0.796616 0.006528 0.046210 
0.183441 0.986661 0.462022 
0.020405 0.006766 0.491768 
0.010302 0.969093 0.010302 0.010302 
0.250000 0.250000 0.250000 0.250000 
   4
0.805237 0.006486 0.046210 
0.174358 0.986748 0.462022 
0.020609 0.006747 0.491768 
0.010256 0.010256 0.969231 0.010256 
0.250000 0.250000 0.250000 0.250000 
   5
0.806107 0.006468 0.046210 
0.173285 0.986785 0.462022 
0.020757 0.006734 0.491768 
0.010223 0.012002 0.012008 0.965766 
0.250000 0.250000 0.250000 0.250000 
   6
0.808626 0.006455 0.046210 
0.170617 0.986811 0.462022 
0.020825 0.006728 0.491768 
0.926586 0.052997 0.010208 0.010208 
0.250000 0.250000 0.250000 0.250000 
   7
0.807937 0.006449 0.046210 
0.171238 0.986823 0.462022 
0.020895 0.006722 0.491768 
0.014132 0.010193 0.013134 0.962541 
0.250000 0.250000 0.250000 0.250000 
   8
0.810655 0.006443 0.046210 
0.168450 0.986835 0.462022 
0.020895 0.006722 0.491768 
0.010193 0.010193 0.956980 0.022634 
0.250000 0.250000 0.250000 0.250000 
   9
0.792510 0.006443 0.046210 
0.186595 0.986835 0.462022 
0.021282 0.006689 0.491768 
0.967108 0.010112 0.012667 0.010112 
0.250000 0.250000 0.250000 0.250000 
  10
0.760125 0.008521 0.046210 
0.218593 0.984790 0.462022 
0.022148 0.006620 0.491768 
0.949168 0.029665 0.009946 0.011221 
0.250000 0.250000 0.250000 0.250000 
  11
0.773224 0.006345 0.046210 
0.204628 0.987035 0.462022 
0.022741 0.006576 0.491768 
0.009850 0.011755 0.014183 0.964211 
0.250000 0.250000 0.250000 0.250000 
  12
0.791391 0.006303 0.046210 
0.185868 0.987121 0.462022 
0.022799 0.006572 0.491768 
0.009832 0.009832 0.654464 0.325872 
0.250000 0.250000 0.250000 0.250000 
  13
0.784933 0.006300 0.046210 
0.192268 0.987128 0.462022 
0.022994 0.006558 0.491768 
0.559338 0.419573 0.011289 0.009799 
0.250000 0.250000 0.250000 0.250000 
  14
0.743555 0.006287 0.046210 
0.233452 0.987155 0.462022 
0.024155 0.006483 0.491768 
0.009621 0.009621 0.663427 0.317330 
0.250000 0.250000 0.250000 0.250000 
  15
0.777188 0.006214 0.046210 
0.198657 0.987303 0.462022 
0.024250 0.006477 0.491768 
0.233267 0.747518 0.009608 0.009608 
0.250000 0.250000 0.250000 0.250000 
  16
0.758726 0.006209 0.046210 
0.217024 0.987314 0.462022 
0.024784 0.006446 0.491768 
0.930720 0.048997 0.010749 0.009534 
0.250000 0.250000 0.250000 0.250000 
  17
0.772865 0.006178 0.046210 
0.202351 0.987376 0.462022 
0.024847 0.006442 0.491768 
0.009526 0.009526 0.009526 0.971422 
0.250000 0.250000 0.250000 0.250000 
  18
0.765495 0.006175 0.046210 
0.209657 0.987383 0.462022 
0.025082 0.006429 0.491768 
0.025108 0.009495 0.056681 0.908716 
0.250000 0.250000 0.250000 0.250000 
  19
0.769148 0.006162 0.046210 
0.205770 0.987409 0.462022 
0.025172 0.006424 0.491768 
0.009484 0.009484 0.703177 0.277856 
0.250000 0.250000 0.250000 0.250000 
  20
0.771904 0.006158 0.046210 
0.202924 0.987419 0.462022 
0.025172 0.006424 0.491768 
0.009484 0.009484 0.009484 0.971549 
0.250000 0.250000 0.250000 0.250000 
  21
0.771904 0.006158 0.046210 
0.202924 0.987419 0.462022 
0.025172 0.006424 0.491768 
0.019929 0.957093 0.009484 0.013494 
0.250000 0.250000 0.250000 0.250000 
  22
0.760035 0.006158 0.046210 
0.214794 0.987419 0.462022 
0.025474 0.006407 0.491768 
0.009445 0.010901 0.064955 0.914698 
0.250000 0.250000 0.250000 0.250000 
  23
0.750338 0.006142 0.046210 
0.224188 0.987451 0.462022 
0.025963 0.006382 0.491768 
0.009386 0.009386 0.026259 0.954968 
0.250000 0.250000 0.250000 0.250000 
  24
0.755505 0.008697 0.046210 
0.218533 0.984921 0.462022 
0.025882 0.006386 0.491768 
0.009396 0.009396 0.385849 0.595359 
0.250000 0.250000 0.250000 0.250000 
  25
0.736135 0.006121 0.046210 
0.237984 0.987493 0.462022 
0.026664 0.006347 0.491768 
0.012311 0.009306 0.946719 0.031664 
0.250000 0.250000 0.250000 0.250000 
  26
0.746311 0.006084 0.046210 
0.227025 0.987569 0.462022 
0.026990 0.006331 0.491768 
0.009271 0.009271 0.009271 0.972187 
0.250000 0.250000 0.250000 0.250000 
  27
0.732444 0.006069 0.046210 
0.240566 0.987600 0.462022 
0.027625 0.006303 0.491768 
0.009205 0.972384 0.009205 0.009205 
0.250000 0.250000 0.250000 0.250000 
  28
0.715167 0.006041 0.046210 
0.257209 0.987656 0.462022 
0.028612 0.006261 0.491768 
0.010328 0.009111 0.971450 0.009111 
0.250000 0.250000 0.250000 0.250000 
  29
0.740729 0.006001 0.046210 
0.230659 0.987738 0.462022 
0.028612 0.006261 0.491768 
0.009111 0.009111 0.009111 0.972667 
0.250000 0.250000 0.250000 0.250000 
  30
0.736812 0.006001 0.046210 
0.234576 0.987738 0.462022 
0.028725 0.006256 0.491768 
0.046854 0.009101 0.777524 0.166521 
0.250000 0.250000 0.250000 0.250000 
  31
0.736829 0.005997 0.046210 
0.234446 0.987747 0.462022 
0.028808 0.006253 0.491768 
0.699715 0.282099 0.009093 0.009093 
0.250000 0.250000 0.250000 0.250000 
  32
0.729266 0.005994 0.046210 
0.241926 0.987754 0.462022 
0.029089 0.006242 0.491768 
0.009068 0.009068 0.032371 0.949493 
0.250000 0.250000 0.250000 0.250000 
  33
0.702506 0.005983 0.046210 
0.268405 0.987775 0.462022 
0.030110 0.006203 0.491768 
0.836387 0.026973 0.013042 0.123598 
0.250000 0.250000 0.250000 0.250000 
  34
0.727154 0.005946 0.046210 
0.242736 0.987850 0.462022 
0.030110 0.006203 0.491768 
0.010189 0.971846 0.008982 0.008982 
0.250000 0.250000 0.250000 0.250000 
  35
0.687831 0.005946 0.046210 
0.282059 0.987850 0.462022 
0.031343 0.006161 0.491768 
0.008888 0.008888 0.973335 0.008888 
0.250000 0.250000 0.250000 0.250000 
  36
0.543659 0.005906 0.046210 
0.424999 0.987933 0.462022 
0.037868 0.005989 0.491768 
0.972539 0.010436 0.008513 0.008513 
0.250000 0.250000 0.250000 0.250000 
  37
0.648445 0.005741 0.046210 
0.313686 0.988271 0.462022 
0.038189 0.005982 0.491768 
0.012654 0.970349 0.008498 0.008498 
0.250000 0.250000 0.250000 0.250000 
  38
0.605842 0.005734 0.046210 
0.355968 0.988284 0.462022 
0.040119 0.005944 0.491768 
0.954993 0.026323 0.008417 0.010268 
0.250000 0.250000 0.250000 0.250000 
  39
0.626323 0.005698 0.046210 
0.333558 0.988358 0.462022 
0.040530 0.005936 0.491768 
0.145829 0.833502 0.010516 0.010153 
0.250000 0.250000 0.250000 0.250000 
  40
0.604368 0.005690 0.046210 
0.355103 0.988373 0.462022 
0.041713 0.005916 0.491768 
0.366964 0.616324 0.008356 0.008356 
0.250000 0.250000 0.250000 0.250000 
  41
0.602028 0.005670 0.046210 
0.356259 0.988414 0.462022 
0.042564 0.005901 0.491768 
0.152513 0.398383 0.021223 0.427881 
0.250000 0.250000 0.250000 0.250000 
  42
0.614304 0.005657 0.046210 
0.343132 0.988442 0.462022 
0.042564 0.005901 0.491768 
0.433296 0.011537 0.414149 0.141018 
0.250000 0.250000 0.250000 0.250000 
  43
0.614304 0.005657 0.046210 
0.343132 0.988442 0.462022 
0.042564 0.005901 0.491768 
0.008326 0.008326 0.022895 0.960452 
0.250000 0.250000 0.250000 0.250000 
  44
0.605210 0.005657 0.046210 
0.352226 0.988442 0.462022 
0.042954 0.005895 0.491768 
0.025819 0.008313 0.943982 0.021886 
0.250000 0.250000 0.250000 0.250000 
  45
0.610764 0.005651 0.046210 
0.346281 0.988454 0.462022 
0.042954 0.005895 0.491768 
0.011859 0.010946 0.684803 0.292392 
0.250000 0.250000 0.250000 0.250000 
  46
0.610764 0.005651 0.046210 
0.346281 0.988454 0.462022 
0.042954 0.005895 0.491768 
0.008313 0.008313 0.025948 0.957427 
0.250000 0.250000 0.250000 0.250000 
  47
0.605542 0.005651 0.046210 
0.351503 0.988454 0.462022 
0.043180 0.005892 0.491768 
0.008305 0.008305 0.973421 0.009969 
0.250000 0.250000 0.250000 0.250000 
  48
0.608721 0.006861 0.046210 
0.348099 0.987247 0.462022 
0.042732 0.005899 0.491768 
0.008320 0.008320 0.061468 0.921892 
0.250000 0.250000 0.250000 0.250000 
  49
0.606856 0.005654 0.046210 
0.350412 0.988447 0.462022 
0.042987 0.005895 0.491768 
0.008312 0.008312 0.975065 0.008312 
0.250000 0.250000 0.250000 0.250000 
  50
0.610473 0.005650 0.046210 
0.346541 0.988455 0.462022 
0.042987 0.005895 0.491768 
0.975065 0.008312 0.008312 0.008312 
0.250000 0.250000 0.250000 0.250000 
  51
0.600038 0.005650 0.046210 
0.356975 0.988455 0.462022 
0.043440 0.005887 0.491768 
0.378349 0.605058 0.008297 0.008297 
0.250000 0.250000 0.250000 0.250000 
  52
0.606365 0.005643 0.046210 
0.350195 0.988469 0.462022 
0.043440 0.005887 0.491768 
0.970245 0.013162 0.008297 0.008297 
0.250000 0.250000 0.250000 0.250000 
  53
0.601333 0.005643 0.046210 
0.355228 0.988469 0.462022 
0.043660 0.005884 0.491768 
0.957237 0.026185 0.008289 0.008289 
0.250000 0.250000 0.250000 0.250000 
  54
0.604374 0.005640 0.046210 
0.351966 0.988476 0.462022 
0.043660 0.005884 0.491768 
0.021214 0.008289 0.686794 0.283703 
0.250000 0.250000 0.250000 0.250000 
  55
0.604374 0.005640 0.046210 
0.351966 0.988476 0.462022 
0.043660 0.005884 0.491768 
0.008289 0.008289 0.016132 0.967289 
0.250000 0.250000 0.250000 0.250000 
  56
0.604374 0.005640 0.046210 
0.351966 0.988476 0.462022 
0.043660 0.005884 0.491768 
0.975132 0.008289 0.008289 0.008289 
0.250000 0.250000 0.250000 0.250000 
  57
0.604374 0.005640 0.046210 
0.351966 0.988476 0.462022 
0.043660 0.005884 0.491768 
0.008289 0.008289 0.952469 0.030952 
0.250000 0.250000 0.250000 0.250000 
  58
0.604374 0.005640 0.046210 
0.351966 0.988476 0.462022 
0.043660 0.005884 0.491768 
0.974057 0.008289 0.009364 0.008289 
0.250000 0.250000 0.250000 0.250000 
  59
0.604374 0.005640 0.046210 
0.351966 0.988476 0.462022 
0.043660 0.005884 0.491768 
0.008289 0.008289 0.971567 0.011855 
0.250000 0.250000 0.250000 0.250000 
  60
0.604374 0.005640 0.046210 
0.351966 0.988476 0.462022 
0.043660 0.005884 0.491768 
0.954663 0.027658 0.009390 0.008289 
0.250000 0.250000 0.250000 0.250000 
  61
0.598908 0.005640 0.046210 
0.357432 0.988476 0.462022 
0.043900 0.005880 0.491768 
0.008282 0.975155 0.008282 0.008282 
0.250000 0.250000 0.250000 0.250000 
  62
0.602200 0.005637 0.046210 
0.353901 0.988483 0.462022 
0.043900 0.005880 0.491768 
0.010899 0.972538 0.008282 0.008282 
0.250000 0.250000 0.250000 0.250000 
  63
0.602200 0.005637 0.046210 
0.353901 0.988483 0.462022 
0.043900 0.005880 0.491768 
0.746801 0.236636 0.008282 0.008282 
0.250000 0.250000 0.250000 0.250000 
  64
0.568929 0.005637 0.046210 
0.387171 0.988483 0.462022 
0.045410 0.005858 0.491768 
0.975295 0.008235 0.008235 0.008235 
0.250000 0.250000 0.250000 0.250000 
  65
0.588509 0.005615 0.046210 
0.366080 0.988526 0.462022 
0.045410 0.005858 0.491768 
0.973782 0.009748 0.008235 0.008235 
0.250000 0.250000 0.250000 0.250000 
  66
0.588509 0.005615 0.046210 
0.366080 0.988526 0.462022 
0.045410 0.005858 0.491768 
0.008235 0.008235 0.326551 0.656979 
0.250000 0.250000 0.250000 0.250000 
  67
0.588509 0.005615 0.046210 
0.366080 0.988526 0.462022 
0.045410 0.005858 0.491768 
0.008235 0.008235 0.975295 0.008235 
0.250000 0.250000 0.250000 0.250000 
  68
0.588509 0.005615 0.046210 
0.366080 0.988526 0.462022 
0.045410 0.005858 0.491768 
0.008235 0.008235 0.971268 0.012263 
0.250000 0.250000 0.250000 0.250000 
  69
0.588509 0.005615 0.046210 
0.366080 0.988526 0.462022 
0.045410 0.005858 0.491768 
0.010356 0.011892 0.017123 0.960629 
0.250000 0.250000 0.250000 0.250000 
  70
0.588509 0.005615 0.046210 
0.366080 0.988526 0.462022 
0.045410 0.005858 0.491768 
0.008235 0.975295 0.008235 0.008235 
0.250000 0.250000 0.250000 0.250000 
  71
0.588509 0.005615 0.046210 
0.366080 0.988526 0.462022 
0.045410 0.005858 0.491768 
0.008235 0.008235 0.008235 0.975295 
0.250000 0.250000 0.250000 0.250000 
  72
0.588509 0.005615 0.046210 
0.366080 0.988526 0.462022 
0.045410 0.005858 0.491768 
0.019458 0.961146 0.008235 0.011162 
0.250000 0.250000 0.250000 0.250000 
  73
0.588509 0.005615 0.046210 
0.366080 0.988526 0.462022 
0.045410 0.005858 0.491768 
0.970176 0.013354 0.008235 0.008235 
0.250000 0.250000 0.250000 0.250000 
  74
0.588509 0.005615 0.046210 
0.366080 0.988526 0.462022 
0.045410 0.005858 0.491768 
0.008235 0.008235 0.008235 0.975295 
0.250000 0.250000 0.250000 0.250000 
  75
0.588509 0.005615 0.046210 
0.366080 0.988526 0.462022 
0.045410 0.005858 0.491768 
0.949563 0.008235 0.020347 0.021855 
0.250000 0.250000 0.250000 0.250000 
  76
0.588509 0.005615 0.046210 
0.366080 0.988526 0.462022 
0.045410 0.005858 0.491768 
0.008235 0.008235 0.008235 0.975295 
0.250000 0.250000 0.250000 0.250000 
  77
0.588509 0.005615 0.046210 
0.366080 0.988526 0.462022 
0.045410 0.005858 0.491768 
0.008235 0.975295 0.008235 0.008235 
0.250000 0.250000 0.250000 0.250000 
  78
0.588509 0.005615 0.046210 
0.366080 0.988526 0.462022 
0.045410 0.005858 0.491768 
0.008235 0.008235 0.539597 0.443933 
0.250000 0.250000 0.250000 0.250000 
  79
0.588509 0.005615 0.046210 
0.366080 0.988526 0.462022 
0.045410 0.005858 0.491768 
0.322788 0.008235 0.654025 0.014952 
0.250000 0.250000 0.250000 0.250000 
  80
0.580439 0.005615 0.046210 
0.374150 0.988526 0.462022 
0.045780 0.005853 0.491768 
0.008224 0.008224 0.008224 0.975328 
0.250000 0.250000 0.250000 0.250000 
  81
0.585162 0.005610 0.046210 
0.369059 0.988536 0.462022 
0.045780 0.005853 0.491768 
0.040025 0.932665 0.014047 0.013263 
0.250000 0.250000 0.250000 0.250000 
  82
0.585162 0.005610 0.046210 
0.369059 0.988536 0.462022 
0.045780 0.005853 0.491768 
0.008224 0.975328 0.008224 0.008224 
0.250000 0.250000 0.250000 0.250000 
  83
0.585162 0.005610 0.046210 
0.369059 0.988536 0.462022 
0.045780 0.005853 0.491768 
0.008224 0.975328 0.008224 0.008224 
0.250000 0.250000 0.250000 0.250000 
  84
0.585162 0.005610 0.046210 
0.369059 0.988536 0.462022 
0.045780 0.005853 0.491768 
0.814209 0.166411 0.008224 0.011157 
0.250000 0.250000 0.250000 0.250000 
  85
0.585162 0.005610 0.046210 
0.369059 0.988536 0.462022 
0.045780 0.005853 0.491768 
0.008224 0.008224 0.975328 0.008224 
0.250000 0.250000 0.250000 0.250000 
  86
0.585162 0.005610 0.046210 
0.369059 0.988536 0.462022 
0.045780 0.005853 0.491768 
0.975328 0.008224 0.008224 0.008224 
0.250000 0.250000 0.250000 0.250000 
  87
0.585162 0.005610 0.046210 
0.369059 0.988536 0.462022 
0.045780 0.005853 0.491768 
0.008224 0.008224 0.579971 0.403581 
0.250000 0.250000 0.250000 0.250000 
  88
0.585162 0.005610 0.046210 
0.369059 0.988536 0.462022 
0.045780 0.005853 0.491768 
0.008224 0.008224 0.975328 0.008224 
0.250000 0.250000 0.250000 0.250000 
  89
0.585162 0.005610 0.046210 
0.369059 0.988536 0.462022 
0.045780 0.005853 0.491768 
0.972467 0.008224 0.008224 0.011085 
0.250000 0.250000 0.250000 0.250000 
  90
0.585162 0.005610 0.046210 
0.369059 0.988536 0.462022 
0.045780 0.005853 0.491768 
0.009384 0.008224 0.008224 0.974168 
0.250000 0.250000 0.250000 0.250000 
  91
0.585162 0.005610 0.046210 
0.369059 0.988536 0.462022 
0.045780 0.005853 0.491768 
0.008224 0.966187 0.008224 0.017365 
0.250000 0.250000 0.250000 0.250000 
  92
0.563599 0.005610 0.046210 
0.390621 0.988536 0.462022 
0.046789 0.005839 0.491768 
0.008195 0.008195 0.975414 0.008195 
0.250000 0.250000 0.250000 0.250000 
  93
0.576020 0.005597 0.046210 
0.377192 0.988563 0.462022 
0.046789 0.005839 0.491768 
0.014714 0.008195 0.080873 0.896218 
0.250000 0.250000 0.250000 0.250000 
  94
0.576020 0.005597 0.046210 
0.377192 0.988563 0.462022 
0.046789 0.005839 0.491768 
0.010059 0.973550 0.008195 0.008195 
0.250000 0.250000 0.250000 0.250000 
  95
0.576020 0.005597 0.046210 
0.377192 0.988563 0.462022 
0.046789 0.005839 0.491768 
0.008195 0.008195 0.008195 0.975414 
0.250000 0.250000 0.250000 0.250000 
  96
0.576020 0.005597 0.046210 
0.377192 0.988563 0.462022 
0.046789 0.005839 0.491768 
0.542648 0.261553 0.013282 0.182516 
0.250000 0.250000 0.250000 0.250000 
  97
0.576020 0.005597 0.046210 
0.377192 0.988563 0.462022 
0.046789 0.005839 0.491768 
0.017270 0.287146 0.412247 0.283337 
0.250000 0.250000 0.250000 0.250000 
  98
0.576020 0.005597 0.046210 
0.377192 0.988563 0.462022 
0.046789 0.005839 0.491768 
0.008195 0.008195 0.972872 0.010737 
0.250000 0.250000 0.250000 0.250000 
  99
0.576020 0.005597 0.046210 
0.377192 0.988563 0.462022 
0.046789 0.005839 0.491768 
0.010526 0.008195 0.596119 0.385159 
0.250000 0.250000 0.250000 0.250000 
 100
0.576020 0.005597 0.046210 
0.377192 0.988563 0.462022 
0.046789 0.005839 0.491768 
0.975414 0.008195 0.008195 0.008195 
0.250000 0.250000 0.250000 0.250000 
 101
0.576020 0.005597 0.046210 
0.377192 0.988563 0.462022 
0.046789 0.005839 0.491768 
0.975414 0.008195 0.008195 0.008195 
0.250000 0.250000 0.250000 0.250000 
 102
0.576020 0.005597 0.046210 
0.377192 0.988563 0.462022 
0.046789 0.005839 0.491768 
0.008195 0.008195 0.043619 0.939990 
0.250000 0.250000 0.250000 0.250000 
 103
0.576020 0.005597 0.046210 
0.377192 0.988563 0.462022 
0.046789 0.005839 0.491768 
0.008195 0.975414 0.008195 0.008195 
0.250000 0.250000 0.250000 0.250000 
 104
0.576020 0.005597 0.046210 
0.377192 0.988563 0.462022 
0.046789 0.005839 0.491768 
0.008195 0.971928 0.011681 0.008195 
0.250000 0.250000 0.250000 0.250000 
 105
0.576020 0.005597 0.046210 
0.377192 0.988563 0.462022 
0.046789 0.005839 0.491768 
0.214248 0.762436 0.008195 0.015120 
0.250000 0.250000 0.250000 0.250000 
 106
0.576020 0.005597 0.046210 
0.377192 0.988563 0.462022 
0.046789 0.005839 0.491768 
0.975414 0.008195 0.008195 0.008195 
0.250000 0.250000 0.250000 0.250000 
 107
0.576020 0.005597 0.046210 
0.377192 0.988563 0.462022 
0.046789 0.005839 0.491768 
0.008195 0.008195 0.975414 0.008195 
0.250000 0.250000 0.250000 0.250000 
 108
0.571408 0.005597 0.046210 
0.381803 0.988563 0.462022 
0.047005 0.005837 0.491768 
0.686142 0.011854 0.173797 0.128208 
0.250000 0.250000 0.250000 0.250000 
 109
0.574055 0.005595 0.046210 
0.378939 0.988569 0.462022 
0.047005 0.005837 0.491768 
0.969372 0.014249 0.008189 0.008189 
0.250000 0.250000 0.250000 0.250000 
 110
0.574055 0.005595 0.046210 
0.378939 0.988569 0.462022 
0.047005 0.005837 0.491768 
0.008189 0.011673 0.008189 0.971949 
0.250000 0.250000 0.250000 0.250000 
 111
0.574055 0.005595 0.046210 
0.378939 0.988569 0.462022 
0.047005 0.005837 0.491768 
0.024695 0.958927 0.008189 0.008189 
0.250000 0.250000 0.250000 0.250000 
 112
0.574055 0.005595 0.046210 
0.378939 0.988569 0.462022 
0.047005 0.005837 0.491768 
0.008189 0.975432 0.008189 0.008189 
0.250000 0.250000 0.250000 0.250000 
 113
0.574055 0.005595 0.046210 
0.378939 0.988569 0.462022 
0.047005 0.005837 0.491768 
0.008189 0.011673 0.008189 0.971949 
0.250000 0.250000 0.250000 0.250000 
 114
0.574055 0.005595 0.046210 
0.378939 0.988569 0.462022 
0.047005 0.005837 0.491768 
0.268907 0.714714 0.008189 0.008189 
0.250000 0.250000 0.250000 0.250000 
 115
0.574055 0.005595 0.046210 
0.378939 0.988569 0.462022 
0.047005 0.005837 0.491768 
0.975432 0.008189 0.008189 0.008189 
0.250000 0.250000 0.250000 0.250000 
 116
0.574055 0.005595 0.046210 
0.378939 0.988569 0.462022 
0.047005 0.005837 0.491768 
0.975432 0.008189 0.008189 0.008189 
0.250000 0.250000 0.250000 0.250000 
 117
0.574055 0.005595 0.046210 
0.378939 0.988569 0.462022 
0.047005 0.005837 0.491768 
0.693363 0.290259 0.008189 0.008189 
0.250000 0.250000 0.250000 0.250000 
 118
0.574055 0.005595 0.046210 
0.378939 0.988569 0.462022 
0.047005 0.005837 0.491768 
0.975432 0.008189 0.008189 0.008189 
0.250000 0.250000 0.250000 0.250000 
 119
0.574055 0.005595 0.046210 
0.378939 0.988569 0.462022 
0.047005 0.005837 0.491768 
0.008189 0.008189 0.975432 0.008189 
0.250000 0.250000 0.250000 0.250000 
 120
0.574055 0.005595 0.046210 
0.378939 0.988569 0.462022 
0.047005 0.005837 0.491768 
0.011246 0.008189 0.966586 0.013978 
0.250000 0.250000 0.250000 0.250000 
 121
0.574055 0.005595 0.046210 
0.378939 0.988569 0.462022 
0.047005 0.005837 0.491768 
0.009736 0.011018 0.352336 0.626910 
0.250000 0.250000 0.250000 0.250000 
 122
0.574055 0.005595 0.046210 
0.378939 0.988569 0.462022 
0.047005 0.005837 0.491768 
0.008189 0.008189 0.008189 0.975432 
0.250000 0.250000 0.250000 0.250000 
 123
0.574055 0.005595 0.046210 
0.378939 0.988569 0.462022 
0.047005 0.005837 0.491768 
0.560138 0.307829 0.123843 0.008189 
0.250000 0.250000 0.250000 0.250000 
 124
0.574055 0.005595 0.046210 
0.378939 0.988569 0.462022 
0.047005 0.005837 0.491768 
0.966973 0.016648 0.008189 0.008189 
0.250000 0.250000 0.250000 0.250000 
 125
0.574055 0.005595 0.046210 
0.378939 0.988569 0.462022 
0.047005 0.005837 0.491768 
0.008189 0.008189 0.971471 0.012150 
0.250000 0.250000 0.250000 0.250000 
 126
0.574055 0.005595 0.046210 
0.378939 0.988569 0.462022 
0.047005 0.005837 0.491768 
0.141658 0.009362 0.165059 0.683921 
0.250000 0.250000 0.250000 0.250000 
 127
0.574055 0.005595 0.046210 
0.378939 0.988569 0.462022 
0.047005 0.005837 0.491768 
0.011394 0.972227 0.008189 0.008189 
0.250000 0.250000 0.250000 0.250000 
 128
0.574055 0.005595 0.046210 
0.378939 0.988569 0.462022 
0.047005 0.005837 0.491768 
0.971260 0.012361 0.008189 0.008189 
0.250000 0.250000 0.250000 0.250000 
 129
0.574055 0.005595 0.046210 
0.378939 0.988569 0.462022 
0.047005 0.005837 0.491768 
0.008189 0.008189 0.037464 0.946157 
0.250000 0.250000 0.250000 0.250000 
 130
0.574055 0.005595 0.046210 
0.378939 0.988569 0.462022 
0.047005 0.005837 0.491768 
0.009490 0.974131 0.008189 0.008189 
0.250000 0.250000 0.250000 0.250000 
 131
0.574055 0.005595 0.046210 
0.378939 0.988569 0.462022 
0.047005 0.005837 0.491768 
0.973711 0.008189 0.009910 0.008189 
0.250000 0.250000 0.250000 0.250000 
 132
0.574055 0.005595 0.046210 
0.378939 0.988569 0.462022 
0.047005 0.005837 0.491768 
0.009875 0.008189 0.680211 0.301724 
0.250000 0.250000 0.250000 0.250000 
 133
0.574055 0.005595 0.046210 
0.378939 0.988569 0.462022 
0.047005 0.005837 0.491768 
0.021223 0.008189 0.962398 0.008189 
0.250000 0.250000 0.250000 0.250000 
 134
0.574055 0.005595 0.046210 
0.378939 0.988569 0.462022 
0.047005 0.005837 0.491768 
0.973692 0.009929 0.008189 0.008189 
0.250000 0.250000 0.250000 0.250000 
 135
0.574055 0.005595 0.046210 
0.378939 0.988569 0.462022 
0.047005 0.005837 0.491768 
0.928568 0.055054 0.008189 0.008189 
0.250000 0.250000 0.250000 0.250000 
 136
0.574055 0.005595 0.046210 
0.378939 0.988569 0.462022 
0.047005 0.005837 0.491768 
0.531869 0.451753 0.008189 0.008189 
0.250000 0.250000 0.250000 0.250000 
 137
0.574055 0.005595 0.046210 
0.378939 0.988569 0.462022 
0.047005 0.005837 0.491768 
0.008189 0.008189 0.010048 0.973574 
0.250000 0.250000 0.250000 0.250000 
 138
0.574055 0.005595 0.046210 
0.378939 0.988569 0.462022 
0.047005 0.005837 0.491768 
0.841730 0.139665 0.008189 0.010415 
0.250000 0.250000 0.250000 0.250000 
 139
0.574055 0.005595 0.046210 
0.378939 0.988569 0.462022 
0.047005 0.005837 0.491768 
0.012195 0.971426 0.008189 0.008189 
0.250000 0.250000 0.250000 0.250000 
 140
0.574055 0.005595 0.046210 
0.378939 0.988569 0.462022 
0.047005 0.005837 0.491768 
0.975432 0.008189 0.008189 0.008189 
0.250000 0.250000 0.250000 0.250000 
 141
0.574055 0.005595 0.046210 
0.378939 0.988569 0.462022 
0.047005 0.005837 0.491768 
0.581209 0.402412 0.008189 0.008189 
0.250000 0.250000 0.250000 0.250000 
 142
0.574055 0.005595 0.046210 
0.378939 0.988569 0.462022 
0.047005 0.005837 0.491768 
0.008189 0.975432 0.008189 0.008189 
0.250000 0.250000 0.250000 0.250000 
 143
0.574055 0.005595 0.046210 
0.378939 0.988569 0.462022 
0.047005 0.005837 0.491768 
0.008189 0.008189 0.008189 0.975432 
0.250000 0.250000 0.250000 0.250000 
 144
0.574055 0.005595 0.046210 
0.378939 0.988569 0.462022 
0.047005 0.005837 0.491768 
0.014515 0.304503 0.067842 0.613140 
0.250000 0.250000 0.250000 0.250000 
 145
0.574055 0.005595 0.046210 
0.378939 0.988569 0.462022 
0.047005 0.005837 0.491768 
0.012764 0.970857 0.008189 0.008189 
0.250000 0.250000 0.250000 0.250000 
 146
0.574055 0.005595 0.046210 
0.378939 0.988569 0.462022 
0.047005 0.005837 0.491768 
0.008189 0.008189 0.009496 0.974125 
0.250000 0.250000 0.250000 0.250000 
 147
0.574055 0.005595 0.046210 
0.378939 0.988569 0.462022 
0.047005 0.005837 0.491768 
0.015177 0.008189 0.931459 0.045174 
0.250000 0.250000 0.250000 0.250000 
 148
0.574055 0.005595 0.046210 
0.378939 0.988569 0.462022 
0.047005 0.005837 0.491768 
0.770544 0.213078 0.008189 0.008189 
0.250000 0.250000 0.250000 0.250000 
 149
0.574055 0.005595 0.046210 
0.378939 0.988569 0.462022 
0.047005 0.005837 0.491768 
0.009584 0.008198 0.974020 0.008198 
0.250000 0.250000 0.250000 0.250000 
 150
0.574055 0.005595 0.046210 
0.378939 0.988569 0.462022 
0.047005 0.005837 0.491768 
0.024226 0.008189 0.031334 0.936250 
0.250000 0.250000 0.250000 0.250000 
 151
0.574055 0.005595 0.046210 
0.378939 0.988569 0.462022 
0.047005 0.005837 0.491768 
0.008189 0.971949 0.008189 0.011673 
0.250000 0.250000 0.250000 0.250000 
 152
0.574055 0.005595 0.046210 
0.378939 0.988569 0.462022 
0.047005 0.005837 0.491768 
0.008189 0.011673 0.971949 0.008189 
0.250000 0.250000 0.250000 0.250000 
 153
0.574055 0.005595 0.046210 
0.378939 0.988569 0.462022 
0.047005 0.005837 0.491768 
0.321105 0.011017 0.649927 0.017952 
0.250000 0.250000 0.250000 0.250000 
 154
0.574055 0.005595 0.046210 
0.378939 0.988569 0.462022 
0.047005 0.005837 0.491768 
0.008189 0.008189 0.975432 0.008189 
0.250000 0.250000 0.250000 0.250000 
 155
0.574055 0.005595 0.046210 
0.378939 0.988569 0.462022 
0.047005 0.005837 0.491768 
0.971019 0.012603 0.008189 0.008189 
0.250000 0.250000 0.250000 0.250000 
 156
0.574055 0.005595 0.046210 
0.378939 0.988569 0.462022 
0.047005 0.005837 0.491768 
0.350537 0.633085 0.008189 0.008189 
0.250000 0.250000 0.250000 0.250000 
 157
0.574055 0.005595 0.046210 
0.378939 0.988569 0.462022 
0.047005 0.005837 0.491768 
0.008189 0.975432 0.008189 0.008189 
0.250000 0.250000 0.250000 0.250000 
 158
0.574055 0.005595 0.046210 
0.378939 0.988569 0.462022 
0.047005 0.005837 0.491768 
0.975432 0.008189 0.008189 0.008189 
0.250000 0.250000 0.250000 0.250000 
 159
0.574055 0.005595 0.046210 
0.378939 0.988569 0.462022 
0.047005 0.005837 0.491768 
0.953467 0.030155 0.008189 0.008189 
0.250000 0.250000 0.250000 0.250000 
 160
0.574055 0.005595 0.046210 
0.378939 0.988569 0.462022 
0.047005 0.005837 0.491768 
0.008189 0.008189 0.296605 0.687016 
0.250000 0.250000 0.250000 0.250000 
 161
0.574055 0.005595 0.046210 
0.378939 0.988569 0.462022 
0.047005 0.005837 0.491768 
0.008189 0.008189 0.008189 0.975432 
0.250000 0.250000 0.250000 0.250000 
 162
0.574055 0.005595 0.046210 
0.378939 0.988569 0.462022 
0.047005 0.005837 0.491768 
0.678880 0.304741 0.008189 0.008189 
0.250000 0.250000 0.250000 0.250000 
 163
0.574055 0.005595 0.046210 
0.378939 0.988569 0.462022 
0.047005 0.005837 0.491768 
0.008189 0.975432 0.008189 0.008189 
0.250000 0.250000 0.250000 0.250000 
 164
0.574055 0.005595 0.046210 
0.378939 0.988569 0.462022 
0.047005 0.005837 0.491768 
0.008189 0.008189 0.008189 0.975432 
0.250000 0.250000 0.250000 0.250000 
 165
0.574055 0.005595 0.046210 
0.378939 0.988569 0.462022 
0.047005 0.005837 0.491768 
0.304281 0.677190 0.008189 0.010339 
0.250000 0.250000 0.250000 0.250000 
 166
0.574055 0.005595 0.046210 
0.378939 0.988569 0.462022 
0.047005 0.005837 0.491768 
0.008189 0.975432 0.008189 0.008189 
0.250000 0.250000 0.250000 0.250000 
 167
0.574055 0.005595 0.046210 
0.378939 0.988569 0.462022 
0.047005 0.005837 0.491768 
0.975432 0.008189 0.008189 0.008189 
0.250000 0.250000 0.250000 0.250000 
 168
0.574055 0.005595 0.046210 
0.378939 0.988569 0.462022 
0.047005 0.005837 0.491768 
0.892281 0.091340 0.008189 0.008189 
0.250000 0.250000 0.250000 0.250000 
 169
0.574055 0.005595 0.046210 
0.378939 0.988569 0.462022 
0.047005 0.005837 0.491768 
0.008189 0.021535 0.014130 0.956146 
0.250000 0.250000 0.250000 0.250000 
 170
0.574055 0.005595 0.046210 
0.378939 0.988569 0.462022 
0.047005 0.005837 0.491768 
0.008189 0.008189 0.975432 0.008189 
0.250000 0.250000 0.250000 0.250000 
 171
0.574055 0.005595 0.046210 
0.378939 0.988569 0.462022 
0.047005 0.005837 0.491768 
0.213953 0.754058 0.021734 0.010255 
0.250000 0.250000 0.250000 0.250000 
 172
0.574055 0.005595 0.046210 
0.378939 0.988569 0.462022 
0.047005 0.005837 0.491768 
0.020798 0.008189 0.962823 0.008189 
0.250000 0.250000 0.250000 0.250000 
 173
0.574055 0.005595 0.046210 
0.378939 0.988569 0.462022 
0.047005 0.005837 0.491768 
0.973232 0.010389 0.008189 0.008189 
0.250000 0.250000 0.250000 0.250000 
 174
0.574055 0.005595 0.046210 
0.378939 0.988569 0.462022 
0.047005 0.005837 0.491768 
0.776700 0.192167 0.008189 0.022944 
0.250000 0.250000 0.250000 0.250000 
 175
0.574055 0.005595 0.046210 
0.378939 0.988569 0.462022 
0.047005 0.005837 0.491768 
0.300176 0.015933 0.657043 0.026849 
0.250000 0.250000 0.250000 0.250000 
 176
0.574055 0.005595 0.046210 
0.378939 0.988569 0.462022 
0.047005 0.005837 0.491768 
0.928402 0.040361 0.021172 0.010064 
0.250000 0.250000 0.250000 0.250000 
 177
0.574055 0.005595 0.046210 
0.378939 0.988569 0.462022 
0.047005 0.005837 0.491768 
0.020324 0.008189 0.282648 0.688838 
0.250000 0.250000 0.250000 0.250000 
 178
0.574055 0.005595 0.046210 
0.378939 0.988569 0.462022 
0.047005 0.005837 0.491768 
0.018362 0.008189 0.904913 0.068536 
0.250000 0.250000 0.250000 0.250000 
 179
0.574055 0.005595 0.046210 
0.378939 0.988569 0.462022 
0.047005 0.005837 0.491768 
0.021734 0.008189 0.008189 0.961887 
0.250000 0.250000 0.250000 0.250000 
 180
0.574055 0.005595 0.046210 
0.378939 0.988569 0.462022 
0.047005 0.005837 0.491768 
0.683241 0.015703 0.287805 0.013251 
0.250000 0.250000 0.250000 0.250000 
 181
0.574055 0.005595 0.046210 
0.378939 0.988569 0.462022 
0.047005 0.005837 0.491768 
0.008189 0.008189 0.959611 0.024010 
0.250000 0.250000 0.250000 0.250000 
 182
0.574055 0.005595 0.046210 
0.378939 0.988569 0.462022 
0.047005 0.005837 0.491768 
0.013168 0.008189 0.928911 0.049731 
0.250000 0.250000 0.250000 0.250000 
 183
0.574055 0.005595 0.046210 
0.378939 0.988569 0.462022 
0.047005 0.005837 0.491768 
0.059489 0.917642 0.012438 0.010430 
0.250000 0.250000 0.250000 0.250000 
 184
0.574055 0.005595 0.046210 
0.378939 0.988569 0.462022 
0.047005 0.005837 0.491768 
0.008189 0.975432 0.008189 0.008189 
0.250000 0.250000 0.250000 0.250000 
 185
0.574055 0.005595 0.046210 
0.378939 0.988569 0.462022 
0.047005 0.005837 0.491768 
0.974339 0.009283 0.008189 0.008189 
0.250000 0.250000 0.250000 0.250000 
 186
0.574055 0.005595 0.046210 
0.378939 0.988569 0.462022 
0.047005 0.005837 0.491768 
0.494077 0.489545 0.008189 0.008189 
0.250000 0.250000 0.250000 0.250000 
 187
0.574055 0.005595 0.046210 
0.378939 0.988569 0.462022 
0.047005 0.005837 0.491768 
0.008189 0.008189 0.194078 0.789544 
0.250000 0.250000 0.250000 0.250000 
 188
0.574055 0.005595 0.046210 
0.378939 0.988569 0.462022 
0.047005 0.005837 0.491768 
0.008189 0.008189 0.010328 0.973293 
0.250000 0.250000 0.250000 0.250000 
 189
0.574055 0.005595 0.046210 
0.378939 0.988569 0.462022 
0.047005 0.005837 0.491768 
0.279133 0.671909 0.040768 0.008189 
0.250000 0.250000 0.250000 0.250000 
 190
0.574055 0.005595 0.046210 
0.378939 0.988569 0.462022 
0.047005 0.005837 0.491768 
0.008189 0.008189 0.008189 0.975432 
0.250000 0.250000 0.250000 0.250000 
 191
0.574055 0.005595 0.046210 
0.378939 0.988569 0.462022 
0.047005 0.005837 0.491768 
0.008189 0.975432 0.008189 0.008189 
0.250000 0.250000 0.250000 0.250000 
 192
0.574055 0.005595 0.046210 
0.378939 0.988569 0.462022 
0.047005 0.005837 0.491768 
0.008189 0.008189 0.141360 0.842261 
0.250000 0.250000 0.250000 0.250000 
 193
0.574055 0.005595 0.046210 
0.378939 0.988569 0.462022 
0.047005 0.005837 0.491768 
0.008189 0.008189 0.969319 0.014302 
0.250000 0.250000 0.250000 0.250000 
 194
0.560612 0.005595 0.046210 
0.392383 0.988569 0.462022 
0.047646 0.005828 0.491768 
0.008172 0.008172 0.975484 0.008172 
0.250000 0.250000 0.250000 0.250000 
 195
0.556141 0.005587 0.046210 
0.396213 0.988585 0.462022 
0.048230 0.005821 0.491768 
0.040145 0.272922 0.027218 0.659715 
0.250000 0.250000 0.250000 0.250000 
 196
0.562959 0.005580 0.046210 
0.388811 0.988599 0.462022 
0.048230 0.005821 0.491768 
0.975530 0.008157 0.008157 0.008157 
0.250000 0.250000 0.250000 0.250000 
 197
0.562959 0.005580 0.046210 
0.388811 0.988599 0.462022 
0.048230 0.005821 0.491768 
0.022278 0.957939 0.011626 0.008157 
0.250000 0.250000 0.250000 0.250000 
 198
0.562959 0.005580 0.046210 
0.388811 0.988599 0.462022 
0.048230 0.005821 0.491768 
0.018289 0.008157 0.735435 0.238119 
0.250000 0.250000 0.250000 0.250000 
 199
0.562959 0.005580 0.046210 
0.388811 0.988599 0.462022 
0.048230 0.005821 0.491768 
0.008157 0.008157 0.975530 0.008157 
0.250000 0.250000 0.250000 0.250000 
 200
0.562959 0.005580 0.046210 
0.388811 0.988599 0.462022 
0.048230 0.005821 0.491768 
0.008157 0.008157 0.975530 0.008157 
0.250000 0.250000 0.250000 0.250000 
 201
0.562959 0.005580 0.046210 
0.388811 0.988599 0.462022 
0.048230 0.005821 0.491768 
0.077909 0.016981 0.095847 0.809263 
0.250000 0.250000 0.250000 0.250000 
 202
0.562959 0.005580 0.046210 
0.388811 0.988599 0.462022 
0.048230 0.005821 0.491768 
0.008157 0.008157 0.315458 0.668228 
0.250000 0.250000 0.250000 0.250000 
 203
0.562959 0.005580 0.046210 
0.388811 0.988599 0.462022 
0.048230 0.005821 0.491768 
0.008157 0.008157 0.008157 0.975530 
0.250000 0.250000 0.250000 0.250000 
 204
0.562959 0.005580 0.046210 
0.388811 0.988599 0.462022 
0.048230 0.005821 0.491768 
0.370112 0.579931 0.023310 0.026647 
0.250000 0.250000 0.250000 0.250000 
 205
0.562959 0.005580 0.046210 
0.388811 0.988599 0.462022 
0.048230 0.005821 0.491768 
0.967817 0.008157 0.015869 0.008157 
0.250000 0.250000 0.250000 0.250000 
 206
0.562959 0.005580 0.046210 
0.388811 0.988599 0.462022 
0.048230 0.005821 0.491768 
0.093855 0.889832 0.008157 0.008157 
0.250000 0.250000 0.250000 0.250000 
 207
0.562959 0.005580 0.046210 
0.388811 0.988599 0.462022 
0.048230 0.005821 0.491768 
0.819281 0.164405 0.008157 0.008157 
0.250000 0.250000 0.250000 0.250000 
 208
0.562959 0.005580 0.046210 
0.388811 0.988599 0.462022 
0.048230 0.005821 0.491768 
0.008157 0.010974 0.287888 0.692981 
0.250000 0.250000 0.250000 0.250000 
 209
0.562959 0.005580 0.046210 
0.388811 0.988599 0.462022 
0.048230 0.005821 0.491768 
0.008157 0.008157 0.008157 0.975530 
0.250000 0.250000 0.250000 0.250000 
 210
0.562959 0.005580 0.046210 
0.388811 0.988599 0.462022 
0.048230 0.005821 0.491768 
0.808250 0.175436 0.008157 0.008157 
0.250000 0.250000 0.250000 0.250000 
 211
0.562959 0.005580 0.046210 
0.388811 0.988599 0.462022 
0.048230 0.005821 0.491768 
0.087111 0.896576 0.008157 0.008157 
0.250000 0.250000 0.250000 0.250000 
 212
0.562959 0.005580 0.046210 
0.388811 0.988599 0.462022 
0.048230 0.005821 0.491768 
0.008157 0.008157 0.008157 0.975530 
0.250000 0.250000 0.250000 0.250000 
 213
0.562959 0.005580 0.046210 
0.388811 0.988599 0.462022 
0.048230 0.005821 0.491768 
0.662978 0.010496 0.122697 0.203828 
0.250000 0.250000 0.250000 0.250000 
 214
0.562959 0.005580 0.046210 
0.388811 0.988599 0.462022 
0.048230 0.005821 0.491768 
0.012146 0.971540 0.008157 0.008157 
0.250000 0.250000 0.250000 0.250000 
 215
0.562959 0.005580 0.046210 
0.388811 0.988599 0.462022 
0.048230 0.005821 0.491768 
0.975530 0.008157 0.008157 0.008157 
0.250000 0.250000 0.250000 0.250000 
 216
0.562959 0.005580 0.046210 
0.388811 0.988599 0.462022 
0.048230 0.005821 0.491768 
0.008157 0.008157 0.294803 0.688883 
0.250000 0.250000 0.250000 0.250000 
 217
0.562959 0.005580 0.046210 
0.388811 0.988599 0.462022 
0.048230 0.005821 0.491768 
0.009743 0.973943 0.008157 0.008157 
0.250000 0.250000 0.250000 0.250000 
 218
0.562959 0.005580 0.046210 
0.388811 0.988599 0.462022 
0.048230 0.005821 0.491768 
0.008157 0.973925 0.009761 0.008157 
0.250000 0.250000 0.250000 0.250000 
 219
0.562959 0.005580 0.046210 
0.388811 0.988599 0.462022 
0.048230 0.005821 0.491768 
0.069080 0.210239 0.550960 0.169720 
0.250000 0.250000 0.250000 0.250000 
 220
0.562959 0.005580 0.046210 
0.388811 0.988599 0.462022 
0.048230 0.005821 0.491768 
0.008157 0.008157 0.975530 0.008157 
0.250000 0.250000 0.250000 0.250000 
 221
0.562959 0.005580 0.046210 
0.388811 0.988599 0.462022 
0.048230 0.005821 0.491768 
0.975530 0.008157 0.008157 0.008157 
0.250000 0.250000 0.250000 0.250000 
 222
0.562959 0.005580 0.046210 
0.388811 0.988599 0.462022 
0.048230 0.005821 0.491768 
0.712340 0.271347 0.008157 0.008157 
0.250000 0.250000 0.250000 0.250000 
 223
0.562959 0.005580 0.046210 
0.388811 0.988599 0.462022 
0.048230 0.005821 0.491768 
0.940127 0.043559 0.008157 0.008157 
0.250000 0.250000 0.250000 0.250000 
 224
0.562959 0.005580 0.046210 
0.388811 0.988599 0.462022 
0.048230 0.005821 0.491768 
0.009223 0.009141 0.962527 0.019110 
0.250000 0.250000 0.250000 0.250000 
 225
0.562959 0.005580 0.046210 
0.388811 0.988599 0.462022 
0.048230 0.005821 0.491768 
0.018289 0.008157 0.159185 0.814369 
0.250000 0.250000 0.250000 0.250000 
 226
0.562959 0.005580 0.046210 
0.388811 0.988599 0.462022 
0.048230 0.005821 0.491768 
0.008157 0.008157 0.008157 0.975530 
0.250000 0.250000 0.250000 0.250000 
 227
0.562959 0.005580 0.046210 
0.388811 0.988599 0.462022 
0.048230 0.005821 0.491768 
0.008157 0.975530 0.008157 0.008157 
0.250000 0.250000 0.250000 0.250000 
 228
0.562959 0.005580 0.046210 
0.388811 0.988599 0.462022 
0.048230 0.005821 0.491768 
0.008157 0.008157 0.254599 0.729087 
0.250000 0.250000 0.250000 0.250000 
 229
0.562959 0.005580 0.046210 
0.388811 0.988599 0.462022 
0.048230 0.005821 0.491768 
0.011861 0.971826 0.008157 0.008157 
0.250000 0.250000 0.250000 0.250000 
 230
0.562959 0.005580 0.046210 
0.388811 0.988599 0.462022 
0.048230 0.005821 0.491768 
0.975530 0.008157 0.008157 0.008157 
0.250000 0.250000 0.250000 0.250000 
 231
0.562959 0.005580 0.046210 
0.388811 0.988599 0.462022 
0.048230 0.005821 0.491768 
0.008157 0.008157 0.634852 0.348834 
0.250000 0.250000 0.250000 0.250000 
 232
0.562959 0.005580 0.046210 
0.388811 0.988599 0.462022 
0.048230 0.005821 0.491768 
0.974225 0.009461 0.008157 0.008157 
0.250000 0.250000 0.250000 0.250000 
 233
0.562959 0.005580 0.046210 
0.388811 0.988599 0.462022 
0.048230 0.005821 0.491768 
0.008157 0.008157 0.010467 0.973219 
0.250000 0.250000 0.250000 0.250000 
 234
0.562959 0.005580 0.046210 
0.388811 0.988599 0.462022 
0.048230 0.005821 0.491768 
0.019442 0.008157 0.923777 0.048624 
0.250000 0.250000 0.250000 0.250000 
 235
0.562959 0.005580 0.046210 
0.388811 0.988599 0.462022 
0.048230 0.005821 0.491768 
0.312435 0.671251 0.008157 0.008157 
0.250000 0.250000 0.250000 0.250000 
 236
