%  SAM: /scicomp/home/vfn4/Tools/LABEL_RES/scripts/modelfromalign v3.5 (July 15, 2005) compiled 12/08/06_16:15:55
%  (c) 1992-2001 Regents of the University of California, Santa Cruz
%
%          Sequence Alignment and Modeling Software System
%         http://www.cse.ucsc.edu/research/compbio/sam.html
%
% ----------------- Citations (SAM, SAM-T2K, HMMs) --------------------
% R. Hughey, A. Krogh, Hidden Markov models for sequence analysis:
%  Extension and analysis of the basic method, CABIOS 12:95-107, 1996.
% K. Karplus, et al., What is the value added by human intervention in protein
%  structure prediction, Proteins: Stucture, Function, Genetics 45(S5):86--91, 2001.
% A. Krogh et al., Hidden Markov models in computational biology:
%  Applications to protein modeling, JMB 235:1501-1531, Feb 1994.
% ---------------------------------------------------------------------
%  A_NA_N8_hmm   Host: node5.aspen.biotech.cdc.gov    Thu Jun  5 17:05:12 2014
%  vfn4          Dir:  /scicomp/home/vfn4/IRMA/train2
% ---------------------------------------------------------------------
%  Alignment weights from internal calc.  Total (33.47) Max (0.12) Min (0.02)
%  Weights from alignment method 1 (karplus), b=-1.000000, e=0.500000
MODEL --  Model from alignment file /scicomp/home/vfn4/Tools/LABEL_RES/training_data/IRMA/A_NA_N8.fasta
alphabet DNA
FREQAVE
0.000000 0.000000 0.000000 
0.000000 0.000000 0.000000 
0.000000 0.000000 0.000000 
0.317025 0.257197 0.176079 0.249698 
0.317025 0.257197 0.176079 0.249698 
Begin
0.000000 0.000000 0.000000 
0.000000 0.000000 0.000000 
0.000000 0.005372 0.491768 
0.250000 0.250000 0.250000 0.250000 
0.250000 0.250000 0.250000 0.250000 
   1
0.000000 0.145417 0.046210 
0.000000 0.849211 0.462022 
0.020755 0.006249 0.491768 
0.972749 0.009084 0.009084 0.009084 
0.250000 0.250000 0.250000 0.250000 
   2
0.807457 0.005990 0.046210 
0.171788 0.987762 0.462022 
0.020848 0.006241 0.491768 
0.009068 0.009068 0.009068 0.972797 
0.250000 0.250000 0.250000 0.250000 
   3
0.811080 0.006731 0.046210 
0.168071 0.987028 0.462022 
0.020787 0.006246 0.491768 
0.009078 0.972766 0.009078 0.009078 
0.250000 0.250000 0.250000 0.250000 
   4
0.803463 0.005987 0.046210 
0.175750 0.987767 0.462022 
0.020958 0.006233 0.491768 
0.969464 0.010054 0.011433 0.009049 
0.250000 0.250000 0.250000 0.250000 
   5
0.798446 0.005975 0.046210 
0.180596 0.987792 0.462022 
0.021205 0.006215 0.491768 
0.970372 0.009008 0.009008 0.011612 
0.250000 0.250000 0.250000 0.250000 
   6
0.800467 0.005957 0.046210 
0.178328 0.987828 0.462022 
0.021363 0.006204 0.491768 
0.010657 0.008983 0.023213 0.957147 
0.250000 0.250000 0.250000 0.250000 
   7
0.798439 0.005946 0.046210 
0.180199 0.987850 0.462022 
0.021535 0.006191 0.491768 
0.008956 0.011509 0.967309 0.012226 
0.250000 0.250000 0.250000 0.250000 
   8
0.769575 0.005935 0.046210 
0.208890 0.987874 0.462022 
0.022322 0.006138 0.491768 
0.008838 0.011976 0.970347 0.008838 
0.250000 0.250000 0.250000 0.250000 
   9
0.791177 0.005884 0.046210 
0.186500 0.987977 0.462022 
0.022469 0.006129 0.491768 
0.969106 0.011615 0.010461 0.008818 
0.250000 0.250000 0.250000 0.250000 
  10
0.734307 0.005875 0.046210 
0.243224 0.987996 0.462022 
0.023957 0.006042 0.491768 
0.974116 0.008628 0.008628 0.008628 
0.250000 0.250000 0.250000 0.250000 
  11
0.782913 0.005792 0.046210 
0.193130 0.988166 0.462022 
0.023957 0.006042 0.491768 
0.972118 0.009636 0.008628 0.009618 
0.250000 0.250000 0.250000 0.250000 
  12
0.780510 0.005792 0.046210 
0.195533 0.988166 0.462022 
0.024015 0.006039 0.491768 
0.008621 0.008621 0.039444 0.943313 
0.250000 0.250000 0.250000 0.250000 
  13
0.770522 0.007804 0.046210 
0.205463 0.986157 0.462022 
0.024073 0.006036 0.491768 
0.019255 0.008614 0.963516 0.008614 
0.250000 0.250000 0.250000 0.250000 
  14
0.778462 0.005786 0.046210 
0.197465 0.988178 0.462022 
0.024155 0.006032 0.491768 
0.967423 0.011770 0.010903 0.009904 
0.250000 0.250000 0.250000 0.250000 
  15
0.757262 0.005782 0.046210 
0.218583 0.988187 0.462022 
0.024745 0.006001 0.491768 
0.230702 0.748409 0.008539 0.012350 
0.250000 0.250000 0.250000 0.250000 
  16
0.754944 0.005753 0.046210 
0.220310 0.988246 0.462022 
0.025272 0.005976 0.491768 
0.968813 0.010432 0.012271 0.008484 
0.250000 0.250000 0.250000 0.250000 
  17
0.751987 0.005728 0.046210 
0.222741 0.988296 0.462022 
0.025761 0.005953 0.491768 
0.967027 0.016101 0.008436 0.008436 
0.250000 0.250000 0.250000 0.250000 
  18
0.758306 0.005706 0.046210 
0.215933 0.988341 0.462022 
0.025976 0.005943 0.491768 
0.788305 0.194865 0.008415 0.008415 
0.250000 0.250000 0.250000 0.250000 
  19
0.658757 0.005697 0.046210 
0.315267 0.988360 0.462022 
0.029051 0.005824 0.491768 
0.974128 0.009547 0.008162 0.008162 
0.250000 0.250000 0.250000 0.250000 
  20
0.736750 0.005582 0.046210 
0.234199 0.988594 0.462022 
0.029051 0.005824 0.491768 
0.010032 0.009936 0.008162 0.971870 
0.250000 0.250000 0.250000 0.250000 
  21
0.736750 0.005582 0.046210 
0.234199 0.988594 0.462022 
0.029051 0.005824 0.491768 
0.969900 0.008162 0.008162 0.013775 
0.250000 0.250000 0.250000 0.250000 
  22
0.648294 0.005582 0.046210 
0.322655 0.988594 0.462022 
0.031870 0.005737 0.491768 
0.970359 0.010888 0.007983 0.010770 
0.250000 0.250000 0.250000 0.250000 
  23
0.708155 0.005499 0.046210 
0.259975 0.988763 0.462022 
0.031968 0.005735 0.491768 
0.009703 0.007978 0.019005 0.963313 
0.250000 0.250000 0.250000 0.250000 
  24
0.677761 0.005497 0.046210 
0.290271 0.988768 0.462022 
0.033044 0.005706 0.491768 
0.958288 0.021774 0.010296 0.009642 
0.250000 0.250000 0.250000 0.250000 
  25
0.651745 0.005470 0.046210 
0.315211 0.988824 0.462022 
0.034740 0.005666 0.491768 
0.829494 0.152050 0.007837 0.010619 
0.250000 0.250000 0.250000 0.250000 
  26
0.682014 0.005431 0.046210 
0.283246 0.988903 0.462022 
0.034851 0.005663 0.491768 
0.007832 0.010612 0.972295 0.009262 
0.250000 0.250000 0.250000 0.250000 
  27
0.680992 0.005429 0.046210 
0.284157 0.988908 0.462022 
0.034963 0.005661 0.491768 
0.184562 0.008702 0.790887 0.015849 
0.250000 0.250000 0.250000 0.250000 
  28
0.673135 0.005426 0.046210 
0.291902 0.988913 0.462022 
0.035318 0.005653 0.491768 
0.933409 0.049602 0.009178 0.007811 
0.250000 0.250000 0.250000 0.250000 
  29
0.654108 0.005419 0.046210 
0.310574 0.988928 0.462022 
0.036255 0.005633 0.491768 
0.009987 0.007771 0.007771 0.974472 
0.250000 0.250000 0.250000 0.250000 
  30
0.664686 0.005400 0.046210 
0.299059 0.988967 0.462022 
0.036503 0.005628 0.491768 
0.017999 0.007760 0.022193 0.952047 
0.250000 0.250000 0.250000 0.250000 
  31
0.619678 0.005395 0.046210 
0.343819 0.988977 0.462022 
0.038406 0.005592 0.491768 
0.007687 0.974746 0.007687 0.009880 
0.250000 0.250000 0.250000 0.250000 
  32
0.635544 0.005360 0.046210 
0.326051 0.989048 0.462022 
0.039048 0.005581 0.491768 
0.008952 0.975719 0.007665 0.007665 
0.250000 0.250000 0.250000 0.250000 
  33
0.640911 0.005349 0.046210 
0.320041 0.989070 0.462022 
0.039254 0.005577 0.491768 
0.274243 0.554366 0.088176 0.083215 
0.250000 0.250000 0.250000 0.250000 
  34
0.560345 0.005346 0.046210 
0.400401 0.989077 0.462022 
0.042851 0.005521 0.491768 
0.009042 0.014579 0.007546 0.968833 
0.250000 0.250000 0.250000 0.250000 
  35
0.603798 0.005292 0.046210 
0.353351 0.989187 0.462022 
0.043193 0.005516 0.491768 
0.007536 0.007536 0.922873 0.062054 
0.250000 0.250000 0.250000 0.250000 
  36
0.580116 0.005288 0.046210 
0.376691 0.989196 0.462022 
0.044459 0.005499 0.491768 
0.582642 0.054567 0.185399 0.177392 
0.250000 0.250000 0.250000 0.250000 
  37
0.573077 0.005271 0.046210 
0.382464 0.989229 0.462022 
0.045555 0.005485 0.491768 
0.259877 0.693480 0.038349 0.008295 
0.250000 0.250000 0.250000 0.250000 
  38
0.564900 0.005258 0.046210 
0.389545 0.989256 0.462022 
0.046594 0.005473 0.491768 
0.007451 0.007451 0.172503 0.812596 
0.250000 0.250000 0.250000 0.250000 
  39
0.573029 0.005246 0.046210 
0.380377 0.989281 0.462022 
0.046817 0.005470 0.491768 
0.741883 0.225343 0.010101 0.022673 
0.250000 0.250000 0.250000 0.250000 
  40
0.557580 0.005244 0.046210 
0.395603 0.989286 0.462022 
0.047684 0.005461 0.491768 
0.007426 0.007426 0.007426 0.977721 
0.250000 0.250000 0.250000 0.250000 
  41
0.562900 0.005234 0.046210 
0.389416 0.989305 0.462022 
0.047924 0.005458 0.491768 
0.007421 0.007421 0.977737 0.007421 
0.250000 0.250000 0.250000 0.250000 
  42
0.561036 0.005232 0.046210 
0.391040 0.989310 0.462022 
0.048150 0.005455 0.491768 
0.379572 0.009219 0.592765 0.018443 
0.250000 0.250000 0.250000 0.250000 
  43
0.559256 0.005229 0.046210 
0.392594 0.989315 0.462022 
0.048364 0.005453 0.491768 
0.007412 0.007412 0.053452 0.931725 
0.250000 0.250000 0.250000 0.250000 
  44
0.547611 0.005227 0.046210 
0.404025 0.989320 0.462022 
0.049057 0.005446 0.491768 
0.007397 0.007397 0.007397 0.977809 
0.250000 0.250000 0.250000 0.250000 
  45
0.544683 0.005220 0.046210 
0.406259 0.989334 0.462022 
0.049592 0.005440 0.491768 
0.671457 0.313770 0.007386 0.007386 
0.250000 0.250000 0.250000 0.250000 
  46
0.550618 0.005215 0.046210 
0.399790 0.989345 0.462022 
0.049592 0.005440 0.491768 
0.007386 0.977841 0.007386 0.007386 
0.250000 0.250000 0.250000 0.250000 
  47
0.537236 0.005215 0.046210 
0.413172 0.989345 0.462022 
0.050265 0.005433 0.491768 
0.007373 0.977881 0.007373 0.007373 
0.250000 0.250000 0.250000 0.250000 
  48
0.544522 0.005208 0.046210 
0.405213 0.989358 0.462022 
0.050265 0.005433 0.491768 
0.809463 0.173952 0.007373 0.009212 
0.250000 0.250000 0.250000 0.250000 
  49
0.544522 0.005208 0.046210 
0.405213 0.989358 0.462022 
0.050265 0.005433 0.491768 
0.150312 0.012539 0.042284 0.794865 
0.250000 0.250000 0.250000 0.250000 
  50
0.523903 0.005208 0.046210 
0.425833 0.989358 0.462022 
0.051323 0.005423 0.491768 
0.007353 0.007353 0.007353 0.977941 
0.250000 0.250000 0.250000 0.250000 
  51
0.528599 0.005198 0.046210 
0.420078 0.989378 0.462022 
0.051650 0.005420 0.491768 
0.168537 0.802793 0.007347 0.021323 
0.250000 0.250000 0.250000 0.250000 
  52
0.531969 0.005195 0.046210 
0.416381 0.989384 0.462022 
0.051650 0.005420 0.491768 
0.007353 0.831084 0.054709 0.106854 
0.250000 0.250000 0.250000 0.250000 
  53
0.525830 0.005195 0.046210 
0.422520 0.989384 0.462022 
0.051969 0.005417 0.491768 
0.007341 0.007341 0.011054 0.974264 
0.250000 0.250000 0.250000 0.250000 
  54
0.529078 0.005193 0.046210 
0.418953 0.989390 0.462022 
0.051969 0.005417 0.491768 
0.749299 0.024785 0.012339 0.213577 
0.250000 0.250000 0.250000 0.250000 
  55
0.529078 0.005193 0.046210 
0.418953 0.989390 0.462022 
0.051969 0.005417 0.491768 
0.190862 0.787964 0.007341 0.013833 
0.250000 0.250000 0.250000 0.250000 
  56
0.523667 0.005193 0.046210 
0.424365 0.989390 0.462022 
0.052252 0.005415 0.491768 
0.007336 0.007336 0.035233 0.950095 
0.250000 0.250000 0.250000 0.250000 
  57
0.511748 0.005190 0.046210 
0.436001 0.989395 0.462022 
0.053035 0.005408 0.491768 
0.197222 0.019680 0.733537 0.049561 
0.250000 0.250000 0.250000 0.250000 
  58
0.519418 0.005183 0.046210 
0.427547 0.989409 0.462022 
0.053035 0.005408 0.491768 
0.235400 0.007322 0.552025 0.205252 
0.250000 0.250000 0.250000 0.250000 
  59
0.519418 0.005183 0.046210 
0.427547 0.989409 0.462022 
0.053035 0.005408 0.491768 
0.007322 0.007322 0.007322 0.978033 
0.250000 0.250000 0.250000 0.250000 
  60
0.519418 0.005183 0.046210 
0.427547 0.989409 0.462022 
0.053035 0.005408 0.491768 
0.013810 0.007322 0.437298 0.541569 
0.250000 0.250000 0.250000 0.250000 
  61
0.519418 0.005183 0.046210 
0.427547 0.989409 0.462022 
0.053035 0.005408 0.491768 
0.978033 0.007322 0.007322 0.007322 
0.250000 0.250000 0.250000 0.250000 
  62
0.519418 0.005183 0.046210 
0.427547 0.989409 0.462022 
0.053035 0.005408 0.491768 
0.970505 0.014851 0.007322 0.007322 
0.250000 0.250000 0.250000 0.250000 
  63
0.519418 0.005183 0.046210 
0.427547 0.989409 0.462022 
0.053035 0.005408 0.491768 
0.007322 0.007322 0.138775 0.846581 
0.250000 0.250000 0.250000 0.250000 
  64
0.514450 0.005183 0.046210 
0.432515 0.989409 0.462022 
0.053300 0.005405 0.491768 
0.631461 0.352478 0.008743 0.007318 
0.250000 0.250000 0.250000 0.250000 
  65
0.517019 0.005181 0.046210 
0.429681 0.989414 0.462022 
0.053300 0.005405 0.491768 
0.007318 0.007318 0.011991 0.973374 
0.250000 0.250000 0.250000 0.250000 
  66
0.517019 0.005181 0.046210 
0.429681 0.989414 0.462022 
0.053300 0.005405 0.491768 
0.008748 0.007318 0.320739 0.663195 
0.250000 0.250000 0.250000 0.250000 
  67
0.517019 0.005181 0.046210 
0.429681 0.989414 0.462022 
0.053300 0.005405 0.491768 
0.301166 0.007318 0.679448 0.012068 
0.250000 0.250000 0.250000 0.250000 
  68
0.517019 0.005181 0.046210 
0.429681 0.989414 0.462022 
0.053300 0.005405 0.491768 
0.007318 0.007318 0.010711 0.974653 
0.250000 0.250000 0.250000 0.250000 
  69
0.517019 0.005181 0.046210 
0.429681 0.989414 0.462022 
0.053300 0.005405 0.491768 
0.159420 0.044576 0.581810 0.214194 
0.250000 0.250000 0.250000 0.250000 
  70
0.511957 0.005181 0.046210 
0.434744 0.989414 0.462022 
0.053571 0.005403 0.491768 
0.010834 0.007313 0.921125 0.060727 
0.250000 0.250000 0.250000 0.250000 
  71
0.509465 0.005179 0.046210 
0.436965 0.989418 0.462022 
0.053845 0.005400 0.491768 
0.007309 0.007309 0.007309 0.978074 
0.250000 0.250000 0.250000 0.250000 
  72
0.512075 0.005177 0.046210 
0.434080 0.989423 0.462022 
0.053845 0.005400 0.491768 
0.587741 0.237050 0.167901 0.007309 
0.250000 0.250000 0.250000 0.250000 
  73
0.512075 0.005177 0.046210 
0.434080 0.989423 0.462022 
0.053845 0.005400 0.491768 
0.007309 0.007309 0.978074 0.007309 
0.250000 0.250000 0.250000 0.250000 
  74
0.512075 0.005177 0.046210 
0.434080 0.989423 0.462022 
0.053845 0.005400 0.491768 
0.978074 0.007309 0.007309 0.007309 
0.250000 0.250000 0.250000 0.250000 
  75
0.512075 0.005177 0.046210 
0.434080 0.989423 0.462022 
0.053845 0.005400 0.491768 
0.007309 0.007309 0.099345 0.886038 
0.250000 0.250000 0.250000 0.250000 
  76
0.512075 0.005177 0.046210 
0.434080 0.989423 0.462022 
0.053845 0.005400 0.491768 
0.644149 0.341234 0.007309 0.007309 
0.250000 0.250000 0.250000 0.250000 
  77
0.512075 0.005177 0.046210 
0.434080 0.989423 0.462022 
0.053845 0.005400 0.491768 
0.007309 0.007309 0.025604 0.959778 
0.250000 0.250000 0.250000 0.250000 
  78
0.504270 0.005177 0.046210 
0.441885 0.989423 0.462022 
0.054269 0.005397 0.491768 
0.772475 0.032686 0.178193 0.016646 
0.250000 0.250000 0.250000 0.250000 
  79
0.508236 0.005173 0.046210 
0.437495 0.989430 0.462022 
0.054269 0.005397 0.491768 
0.024895 0.960502 0.007302 0.007302 
0.250000 0.250000 0.250000 0.250000 
  80
0.508236 0.005173 0.046210 
0.437495 0.989430 0.462022 
0.054269 0.005397 0.491768 
0.007302 0.007302 0.018837 0.966559 
0.250000 0.250000 0.250000 0.250000 
  81
0.508236 0.005173 0.046210 
0.437495 0.989430 0.462022 
0.054269 0.005397 0.491768 
0.020788 0.179196 0.199977 0.600039 
0.250000 0.250000 0.250000 0.250000 
  82
0.508236 0.005173 0.046210 
0.437495 0.989430 0.462022 
0.054269 0.005397 0.491768 
0.971128 0.014269 0.007302 0.007302 
0.250000 0.250000 0.250000 0.250000 
  83
0.508236 0.005173 0.046210 
0.437495 0.989430 0.462022 
0.054269 0.005397 0.491768 
0.014051 0.971346 0.007302 0.007302 
0.250000 0.250000 0.250000 0.250000 
  84
0.508236 0.005173 0.046210 
0.437495 0.989430 0.462022 
0.054269 0.005397 0.491768 
0.007302 0.007302 0.771405 0.213992 
0.250000 0.250000 0.250000 0.250000 
  85
0.508236 0.005173 0.046210 
0.437495 0.989430 0.462022 
0.054269 0.005397 0.491768 
0.975149 0.010248 0.007302 0.007302 
0.250000 0.250000 0.250000 0.250000 
  86
0.508236 0.005173 0.046210 
0.437495 0.989430 0.462022 
0.054269 0.005397 0.491768 
0.007302 0.007302 0.008556 0.976841 
0.250000 0.250000 0.250000 0.250000 
  87
0.508236 0.005173 0.046210 
0.437495 0.989430 0.462022 
0.054269 0.005397 0.491768 
0.012437 0.007302 0.299075 0.681187 
0.250000 0.250000 0.250000 0.250000 
  88
0.508236 0.005173 0.046210 
0.437495 0.989430 0.462022 
0.054269 0.005397 0.491768 
0.951370 0.034026 0.007302 0.007302 
0.250000 0.250000 0.250000 0.250000 
  89
0.508236 0.005173 0.046210 
0.437495 0.989430 0.462022 
0.054269 0.005397 0.491768 
0.007302 0.007302 0.620551 0.364845 
0.250000 0.250000 0.250000 0.250000 
  90
0.508236 0.005173 0.046210 
0.437495 0.989430 0.462022 
0.054269 0.005397 0.491768 
0.971614 0.011598 0.008113 0.008676 
0.250000 0.250000 0.250000 0.250000 
  91
0.508236 0.005173 0.046210 
0.437495 0.989430 0.462022 
0.054269 0.005397 0.491768 
0.377784 0.601986 0.008483 0.011748 
0.250000 0.250000 0.250000 0.250000 
  92
0.508236 0.005173 0.046210 
0.437495 0.989430 0.462022 
0.054269 0.005397 0.491768 
0.007302 0.007302 0.008995 0.976402 
0.250000 0.250000 0.250000 0.250000 
  93
0.508236 0.005173 0.046210 
0.437495 0.989430 0.462022 
0.054269 0.005397 0.491768 
0.932924 0.052473 0.007302 0.007302 
0.250000 0.250000 0.250000 0.250000 
  94
0.508236 0.005173 0.046210 
0.437495 0.989430 0.462022 
0.054269 0.005397 0.491768 
0.975564 0.009833 0.007302 0.007302 
0.250000 0.250000 0.250000 0.250000 
  95
0.508236 0.005173 0.046210 
0.437495 0.989430 0.462022 
0.054269 0.005397 0.491768 
0.007302 0.007302 0.976271 0.009126 
0.250000 0.250000 0.250000 0.250000 
  96
0.508236 0.005173 0.046210 
0.437495 0.989430 0.462022 
0.054269 0.005397 0.491768 
0.821552 0.156989 0.007302 0.014158 
0.250000 0.250000 0.250000 0.250000 
  97
0.490981 0.005173 0.046210 
0.454750 0.989430 0.462022 
0.055222 0.005389 0.491768 
0.009844 0.975583 0.007286 0.007286 
0.250000 0.250000 0.250000 0.250000 
  98
0.499602 0.005166 0.046210 
0.445176 0.989445 0.462022 
0.055222 0.005389 0.491768 
0.007286 0.007286 0.015044 0.970383 
0.250000 0.250000 0.250000 0.250000 
  99
0.499602 0.005166 0.046210 
0.445176 0.989445 0.462022 
0.055222 0.005389 0.491768 
0.371271 0.592839 0.009421 0.026470 
0.250000 0.250000 0.250000 0.250000 
 100
0.499602 0.005166 0.046210 
0.445176 0.989445 0.462022 
0.055222 0.005389 0.491768 
0.009557 0.021832 0.173211 0.795401 
0.250000 0.250000 0.250000 0.250000 
 101
0.499602 0.005166 0.046210 
0.445176 0.989445 0.462022 
0.055222 0.005389 0.491768 
0.007286 0.007286 0.007286 0.978141 
0.250000 0.250000 0.250000 0.250000 
 102
0.499602 0.005166 0.046210 
0.445176 0.989445 0.462022 
0.055222 0.005389 0.491768 
0.468280 0.517148 0.007286 0.007286 
0.250000 0.250000 0.250000 0.250000 
 103
0.499602 0.005166 0.046210 
0.445176 0.989445 0.462022 
0.055222 0.005389 0.491768 
0.075869 0.907862 0.008153 0.008116 
0.250000 0.250000 0.250000 0.250000 
 104
0.499602 0.005166 0.046210 
0.445176 0.989445 0.462022 
0.055222 0.005389 0.491768 
0.007293 0.007293 0.032208 0.953206 
0.250000 0.250000 0.250000 0.250000 
 105
0.499602 0.005166 0.046210 
0.445176 0.989445 0.462022 
0.055222 0.005389 0.491768 
0.008541 0.008069 0.366799 0.616591 
0.250000 0.250000 0.250000 0.250000 
 106
0.499602 0.005166 0.046210 
0.445176 0.989445 0.462022 
0.055222 0.005389 0.491768 
0.009286 0.007286 0.950397 0.033030 
0.250000 0.250000 0.250000 0.250000 
 107
0.499602 0.005166 0.046210 
0.445176 0.989445 0.462022 
0.055222 0.005389 0.491768 
0.007286 0.008840 0.008171 0.975702 
0.250000 0.250000 0.250000 0.250000 
 108
0.499602 0.005166 0.046210 
0.445176 0.989445 0.462022 
0.055222 0.005389 0.491768 
0.011156 0.140241 0.725899 0.122703 
0.250000 0.250000 0.250000 0.250000 
 109
0.499602 0.005166 0.046210 
0.445176 0.989445 0.462022 
0.055222 0.005389 0.491768 
0.170860 0.194067 0.616813 0.018260 
0.250000 0.250000 0.250000 0.250000 
 110
0.499602 0.005166 0.046210 
0.445176 0.989445 0.462022 
0.055222 0.005389 0.491768 
0.174978 0.205482 0.609294 0.010246 
0.250000 0.250000 0.250000 0.250000 
 111
0.499602 0.005166 0.046210 
0.445176 0.989445 0.462022 
0.055222 0.005389 0.491768 
0.032227 0.211613 0.029488 0.726672 
0.250000 0.250000 0.250000 0.250000 
 112
0.499602 0.005166 0.046210 
0.445176 0.989445 0.462022 
0.055222 0.005389 0.491768 
0.390580 0.594847 0.007286 0.007286 
0.250000 0.250000 0.250000 0.250000 
 113
0.499602 0.005166 0.046210 
0.445176 0.989445 0.462022 
0.055222 0.005389 0.491768 
0.317961 0.667467 0.007286 0.007286 
0.250000 0.250000 0.250000 0.250000 
 114
0.499602 0.005166 0.046210 
0.445176 0.989445 0.462022 
0.055222 0.005389 0.491768 
0.755914 0.052098 0.166037 0.025951 
0.250000 0.250000 0.250000 0.250000 
 115
0.499602 0.005166 0.046210 
0.445176 0.989445 0.462022 
0.055222 0.005389 0.491768 
0.795350 0.187760 0.008158 0.008732 
0.250000 0.250000 0.250000 0.250000 
 116
0.499602 0.005166 0.046210 
0.445176 0.989445 0.462022 
0.055222 0.005389 0.491768 
0.789684 0.190505 0.011575 0.008236 
0.250000 0.250000 0.250000 0.250000 
 117
0.499602 0.005166 0.046210 
0.445176 0.989445 0.462022 
0.055222 0.005389 0.491768 
0.025156 0.007286 0.045117 0.922441 
0.250000 0.250000 0.250000 0.250000 
 118
0.499602 0.005166 0.046210 
0.445176 0.989445 0.462022 
0.055222 0.005389 0.491768 
0.112875 0.872552 0.007286 0.007286 
0.250000 0.250000 0.250000 0.250000 
 119
0.499602 0.005166 0.046210 
0.445176 0.989445 0.462022 
0.055222 0.005389 0.491768 
0.058373 0.898130 0.027135 0.016362 
0.250000 0.250000 0.250000 0.250000 
 120
0.499602 0.005166 0.046210 
0.445176 0.989445 0.462022 
0.055222 0.005389 0.491768 
0.874675 0.102981 0.015057 0.007286 
0.250000 0.250000 0.250000 0.250000 
 121
0.499602 0.005166 0.046210 
0.445176 0.989445 0.462022 
0.055222 0.005389 0.491768 
0.905995 0.035095 0.051624 0.007286 
0.250000 0.250000 0.250000 0.250000 
 122
0.499602 0.005166 0.046210 
0.445176 0.989445 0.462022 
0.055222 0.005389 0.491768 
0.749381 0.073285 0.170047 0.007286 
0.250000 0.250000 0.250000 0.250000 
 123
0.499602 0.005166 0.046210 
0.445176 0.989445 0.462022 
0.055222 0.005389 0.491768 
0.179694 0.009561 0.236020 0.574726 
0.250000 0.250000 0.250000 0.250000 
 124
0.499602 0.005166 0.046210 
0.445176 0.989445 0.462022 
0.055222 0.005389 0.491768 
0.785257 0.193187 0.007286 0.014270 
0.250000 0.250000 0.250000 0.250000 
 125
0.499602 0.005166 0.046210 
0.445176 0.989445 0.462022 
0.055222 0.005389 0.491768 
0.876801 0.106626 0.009286 0.007286 
0.250000 0.250000 0.250000 0.250000 
 126
0.499602 0.005166 0.046210 
0.445176 0.989445 0.462022 
0.055222 0.005389 0.491768 
0.009309 0.007286 0.125716 0.857688 
0.250000 0.250000 0.250000 0.250000 
 127
0.499602 0.005166 0.046210 
0.445176 0.989445 0.462022 
0.055222 0.005389 0.491768 
0.019955 0.801522 0.167477 0.011046 
0.250000 0.250000 0.250000 0.250000 
 128
0.499602 0.005166 0.046210 
0.445176 0.989445 0.462022 
0.055222 0.005389 0.491768 
0.032005 0.792288 0.017707 0.157999 
0.250000 0.250000 0.250000 0.250000 
 129
0.499602 0.005166 0.046210 
0.445176 0.989445 0.462022 
0.055222 0.005389 0.491768 
0.116248 0.857889 0.009763 0.016100 
0.250000 0.250000 0.250000 0.250000 
 130
0.499602 0.005166 0.046210 
0.445176 0.989445 0.462022 
0.055222 0.005389 0.491768 
0.791555 0.172835 0.027135 0.008475 
0.250000 0.250000 0.250000 0.250000 
 131
0.499602 0.005166 0.046210 
0.445176 0.989445 0.462022 
0.055222 0.005389 0.491768 
0.352946 0.428280 0.016489 0.202285 
0.250000 0.250000 0.250000 0.250000 
 132
0.499602 0.005166 0.046210 
0.445176 0.989445 0.462022 
0.055222 0.005389 0.491768 
0.036431 0.007286 0.636539 0.319743 
0.250000 0.250000 0.250000 0.250000 
 133
0.499602 0.005166 0.046210 
0.445176 0.989445 0.462022 
0.055222 0.005389 0.491768 
0.007286 0.007286 0.007286 0.978141 
0.250000 0.250000 0.250000 0.250000 
 134
0.499602 0.005166 0.046210 
0.445176 0.989445 0.462022 
0.055222 0.005389 0.491768 
0.020052 0.965375 0.007286 0.007286 
0.250000 0.250000 0.250000 0.250000 
 135
0.499602 0.005166 0.046210 
0.445176 0.989445 0.462022 
0.055222 0.005389 0.491768 
0.007286 0.007286 0.860557 0.124871 
0.250000 0.250000 0.250000 0.250000 
 136
0.499602 0.005166 0.046210 
0.445176 0.989445 0.462022 
0.055222 0.005389 0.491768 
0.978141 0.007286 0.007286 0.007286 
0.250000 0.250000 0.250000 0.250000 
 137
0.499602 0.005166 0.046210 
0.445176 0.989445 0.462022 
0.055222 0.005389 0.491768 
0.934975 0.050452 0.007286 0.007286 
0.250000 0.250000 0.250000 0.250000 
 138
0.499602 0.005166 0.046210 
0.445176 0.989445 0.462022 
0.055222 0.005389 0.491768 
0.106904 0.007286 0.247439 0.638370 
0.250000 0.250000 0.250000 0.250000 
 139
0.499602 0.005166 0.046210 
0.445176 0.989445 0.462022 
0.055222 0.005389 0.491768 
0.012008 0.973419 0.007286 0.007286 
0.250000 0.250000 0.250000 0.250000 
 140
0.499602 0.005166 0.046210 
0.445176 0.989445 0.462022 
0.055222 0.005389 0.491768 
0.757153 0.225489 0.009295 0.008062 
0.250000 0.250000 0.250000 0.250000 
 141
0.499602 0.005166 0.046210 
0.445176 0.989445 0.462022 
0.055222 0.005389 0.491768 
0.640076 0.345352 0.007286 0.007286 
0.250000 0.250000 0.250000 0.250000 
 142
0.499602 0.005166 0.046210 
0.445176 0.989445 0.462022 
0.055222 0.005389 0.491768 
0.973484 0.011944 0.007286 0.007286 
0.250000 0.250000 0.250000 0.250000 
 143
0.499602 0.005166 0.046210 
0.445176 0.989445 0.462022 
0.055222 0.005389 0.491768 
0.007286 0.007286 0.969209 0.016218 
0.250000 0.250000 0.250000 0.250000 
 144
0.499602 0.005166 0.046210 
0.445176 0.989445 0.462022 
0.055222 0.005389 0.491768 
0.765969 0.217772 0.007286 0.008973 
0.250000 0.250000 0.250000 0.250000 
 145
0.499602 0.005166 0.046210 
0.445176 0.989445 0.462022 
0.055222 0.005389 0.491768 
0.328322 0.656248 0.007286 0.008144 
0.250000 0.250000 0.250000 0.250000 
 146
0.499602 0.005166 0.046210 
0.445176 0.989445 0.462022 
0.055222 0.005389 0.491768 
0.007286 0.007286 0.007286 0.978141 
0.250000 0.250000 0.250000 0.250000 
 147
0.499602 0.005166 0.046210 
0.445176 0.989445 0.462022 
0.055222 0.005389 0.491768 
0.192342 0.014801 0.777728 0.015129 
0.250000 0.250000 0.250000 0.250000 
 148
0.499602 0.005166 0.046210 
0.445176 0.989445 0.462022 
0.055222 0.005389 0.491768 
0.768399 0.197180 0.027135 0.007286 
0.250000 0.250000 0.250000 0.250000 
 149
0.499602 0.005166 0.046210 
0.445176 0.989445 0.462022 
0.055222 0.005389 0.491768 
0.007286 0.007286 0.008976 0.976451 
0.250000 0.250000 0.250000 0.250000 
 150
0.493843 0.005166 0.046210 
0.450935 0.989445 0.462022 
0.055542 0.005386 0.491768 
0.205458 0.175586 0.059652 0.559305 
0.250000 0.250000 0.250000 0.250000 
 151
0.496703 0.005163 0.046210 
0.447755 0.989450 0.462022 
0.055542 0.005386 0.491768 
0.978156 0.007281 0.007281 0.007281 
0.250000 0.250000 0.250000 0.250000 
 152
0.496703 0.005163 0.046210 
0.447755 0.989450 0.462022 
0.055542 0.005386 0.491768 
0.065927 0.919511 0.007281 0.007281 
0.250000 0.250000 0.250000 0.250000 
 153
0.496703 0.005163 0.046210 
0.447755 0.989450 0.462022 
0.055542 0.005386 0.491768 
0.285232 0.700205 0.007281 0.007281 
0.250000 0.250000 0.250000 0.250000 
 154
0.496703 0.005163 0.046210 
0.447755 0.989450 0.462022 
0.055542 0.005386 0.491768 
0.008466 0.976971 0.007281 0.007281 
0.250000 0.250000 0.250000 0.250000 
 155
0.496703 0.005163 0.046210 
0.447755 0.989450 0.462022 
0.055542 0.005386 0.491768 
0.978156 0.007281 0.007281 0.007281 
0.250000 0.250000 0.250000 0.250000 
 156
0.496703 0.005163 0.046210 
0.447755 0.989450 0.462022 
0.055542 0.005386 0.491768 
0.808207 0.177230 0.007281 0.007281 
0.250000 0.250000 0.250000 0.250000 
 157
0.496703 0.005163 0.046210 
0.447755 0.989450 0.462022 
0.055542 0.005386 0.491768 
0.007281 0.007281 0.007281 0.978156 
0.250000 0.250000 0.250000 0.250000 
 158
0.496703 0.005163 0.046210 
0.447755 0.989450 0.462022 
0.055542 0.005386 0.491768 
0.976337 0.009100 0.007281 0.007281 
0.250000 0.250000 0.250000 0.250000 
 159
0.496703 0.005163 0.046210 
0.447755 0.989450 0.462022 
0.055542 0.005386 0.491768 
0.007281 0.007281 0.937382 0.048056 
0.250000 0.250000 0.250000 0.250000 
 160
0.496703 0.005163 0.046210 
0.447755 0.989450 0.462022 
0.055542 0.005386 0.491768 
0.978156 0.007281 0.007281 0.007281 
0.250000 0.250000 0.250000 0.250000 
 161
0.496703 0.005163 0.046210 
0.447755 0.989450 0.462022 
0.055542 0.005386 0.491768 
0.977119 0.008319 0.007281 0.007281 
0.250000 0.250000 0.250000 0.250000 
 162
0.496703 0.005163 0.046210 
0.447755 0.989450 0.462022 
0.055542 0.005386 0.491768 
0.007281 0.007281 0.097632 0.887805 
0.250000 0.250000 0.250000 0.250000 
 163
0.496703 0.005163 0.046210 
0.447755 0.989450 0.462022 
0.055542 0.005386 0.491768 
0.008226 0.977211 0.007281 0.007281 
0.250000 0.250000 0.250000 0.250000 
 164
0.496703 0.005163 0.046210 
0.447755 0.989450 0.462022 
0.055542 0.005386 0.491768 
0.975426 0.010011 0.007281 0.007281 
0.250000 0.250000 0.250000 0.250000 
 165
0.496703 0.005163 0.046210 
0.447755 0.989450 0.462022 
0.055542 0.005386 0.491768 
0.766755 0.218682 0.007281 0.007281 
0.250000 0.250000 0.250000 0.250000 
 166
0.496703 0.005163 0.046210 
0.447755 0.989450 0.462022 
0.055542 0.005386 0.491768 
0.978156 0.007281 0.007281 0.007281 
0.250000 0.250000 0.250000 0.250000 
 167
0.496703 0.005163 0.046210 
0.447755 0.989450 0.462022 
0.055542 0.005386 0.491768 
0.007281 0.007281 0.978156 0.007281 
0.250000 0.250000 0.250000 0.250000 
 168
0.496703 0.005163 0.046210 
0.447755 0.989450 0.462022 
0.055542 0.005386 0.491768 
0.941099 0.037413 0.012244 0.009244 
0.250000 0.250000 0.250000 0.250000 
 169
0.496703 0.005163 0.046210 
0.447755 0.989450 0.462022 
0.055542 0.005386 0.491768 
0.030857 0.954562 0.007291 0.007291 
0.250000 0.250000 0.250000 0.250000 
 170
0.496703 0.005163 0.046210 
0.447755 0.989450 0.462022 
0.055542 0.005386 0.491768 
0.007281 0.007281 0.007281 0.978156 
0.250000 0.250000 0.250000 0.250000 
 171
0.496703 0.005163 0.046210 
0.447755 0.989450 0.462022 
0.055542 0.005386 0.491768 
0.736177 0.063145 0.070457 0.130222 
0.250000 0.250000 0.250000 0.250000 
 172
0.496703 0.005163 0.046210 
0.447755 0.989450 0.462022 
0.055542 0.005386 0.491768 
0.826370 0.007281 0.159068 0.007281 
0.250000 0.250000 0.250000 0.250000 
 173
0.496703 0.005163 0.046210 
0.447755 0.989450 0.462022 
0.055542 0.005386 0.491768 
0.015562 0.969875 0.007281 0.007281 
0.250000 0.250000 0.250000 0.250000 
 174
0.496703 0.005163 0.046210 
0.447755 0.989450 0.462022 
0.055542 0.005386 0.491768 
0.332186 0.653252 0.007281 0.007281 
0.250000 0.250000 0.250000 0.250000 
 175
0.496703 0.005163 0.046210 
0.447755 0.989450 0.462022 
0.055542 0.005386 0.491768 
0.542497 0.442940 0.007281 0.007281 
0.250000 0.250000 0.250000 0.250000 
 176
0.496703 0.005163 0.046210 
0.447755 0.989450 0.462022 
0.055542 0.005386 0.491768 
0.007281 0.007281 0.008239 0.977198 
0.250000 0.250000 0.250000 0.250000 
 177
0.496703 0.005163 0.046210 
0.447755 0.989450 0.462022 
0.055542 0.005386 0.491768 
0.349895 0.007281 0.026941 0.615883 
0.250000 0.250000 0.250000 0.250000 
 178
0.496703 0.005163 0.046210 
0.447755 0.989450 0.462022 
0.055542 0.005386 0.491768 
0.008444 0.976993 0.007281 0.007281 
0.250000 0.250000 0.250000 0.250000 
 179
0.496703 0.005163 0.046210 
0.447755 0.989450 0.462022 
0.055542 0.005386 0.491768 
0.978156 0.007281 0.007281 0.007281 
0.250000 0.250000 0.250000 0.250000 
 180
0.496703 0.005163 0.046210 
0.447755 0.989450 0.462022 
0.055542 0.005386 0.491768 
0.366446 0.618991 0.007281 0.007281 
0.250000 0.250000 0.250000 0.250000 
 181
0.496703 0.005163 0.046210 
0.447755 0.989450 0.462022 
0.055542 0.005386 0.491768 
0.966659 0.018778 0.007281 0.007281 
0.250000 0.250000 0.250000 0.250000 
 182
0.496703 0.005163 0.046210 
0.447755 0.989450 0.462022 
0.055542 0.005386 0.491768 
0.857920 0.123740 0.011058 0.007281 
0.250000 0.250000 0.250000 0.250000 
 183
0.496703 0.005163 0.046210 
0.447755 0.989450 0.462022 
0.055542 0.005386 0.491768 
0.269411 0.716027 0.007281 0.007281 
0.250000 0.250000 0.250000 0.250000 
 184
0.496703 0.005163 0.046210 
0.447755 0.989450 0.462022 
0.055542 0.005386 0.491768 
0.293565 0.633961 0.063993 0.008481 
0.250000 0.250000 0.250000 0.250000 
 185
0.496703 0.005163 0.046210 
0.447755 0.989450 0.462022 
0.055542 0.005386 0.491768 
0.007281 0.007281 0.007281 0.978156 
0.250000 0.250000 0.250000 0.250000 
 186
0.496703 0.005163 0.046210 
0.447755 0.989450 0.462022 
0.055542 0.005386 0.491768 
0.732389 0.091078 0.010517 0.166016 
0.250000 0.250000 0.250000 0.250000 
 187
0.496703 0.005163 0.046210 
0.447755 0.989450 0.462022 
0.055542 0.005386 0.491768 
0.957484 0.027953 0.007281 0.007281 
0.250000 0.250000 0.250000 0.250000 
 188
0.496703 0.005163 0.046210 
0.447755 0.989450 0.462022 
0.055542 0.005386 0.491768 
0.007281 0.007281 0.900191 0.085247 
0.250000 0.250000 0.250000 0.250000 
 189
0.496703 0.005163 0.046210 
0.447755 0.989450 0.462022 
0.055542 0.005386 0.491768 
0.620333 0.015034 0.035211 0.329421 
0.250000 0.250000 0.250000 0.250000 
 190
0.496703 0.005163 0.046210 
0.447755 0.989450 0.462022 
0.055542 0.005386 0.491768 
0.007281 0.007281 0.978156 0.007281 
0.250000 0.250000 0.250000 0.250000 
 191
0.496703 0.005163 0.046210 
0.447755 0.989450 0.462022 
0.055542 0.005386 0.491768 
0.974144 0.007281 0.007281 0.011293 
0.250000 0.250000 0.250000 0.250000 
 192
0.496703 0.005163 0.046210 
0.447755 0.989450 0.462022 
0.055542 0.005386 0.491768 
0.948524 0.036913 0.007281 0.007281 
0.250000 0.250000 0.250000 0.250000 
 193
0.496703 0.005163 0.046210 
0.447755 0.989450 0.462022 
0.055542 0.005386 0.491768 
0.007281 0.007281 0.010488 0.974949 
0.250000 0.250000 0.250000 0.250000 
 194
0.496703 0.005163 0.046210 
0.447755 0.989450 0.462022 
0.055542 0.005386 0.491768 
0.007281 0.978156 0.007281 0.007281 
0.250000 0.250000 0.250000 0.250000 
 195
0.496703 0.005163 0.046210 
0.447755 0.989450 0.462022 
0.055542 0.005386 0.491768 
0.007281 0.978156 0.007281 0.007281 
0.250000 0.250000 0.250000 0.250000 
 196
0.496703 0.005163 0.046210 
0.447755 0.989450 0.462022 
0.055542 0.005386 0.491768 
0.009273 0.007281 0.806051 0.177395 
0.250000 0.250000 0.250000 0.250000 
 197
0.479800 0.005163 0.046210 
0.464658 0.989450 0.462022 
0.056497 0.005379 0.491768 
0.977081 0.008385 0.007267 0.007267 
0.250000 0.250000 0.250000 0.250000 
 198
0.488050 0.006546 0.046210 
0.455453 0.988075 0.462022 
0.055542 0.005386 0.491768 
0.008973 0.007281 0.790930 0.192815 
0.250000 0.250000 0.250000 0.250000 
 199
0.496703 0.005163 0.046210 
0.447755 0.989450 0.462022 
0.055542 0.005386 0.491768 
0.978156 0.007281 0.007281 0.007281 
0.250000 0.250000 0.250000 0.250000 
 200
0.496703 0.005163 0.046210 
0.447755 0.989450 0.462022 
0.055542 0.005386 0.491768 
0.978156 0.007281 0.007281 0.007281 
0.250000 0.250000 0.250000 0.250000 
 201
0.496703 0.005163 0.046210 
0.447755 0.989450 0.462022 
0.055542 0.005386 0.491768 
0.007281 0.007281 0.072811 0.912627 
0.250000 0.250000 0.250000 0.250000 
 202
0.496703 0.005163 0.046210 
0.447755 0.989450 0.462022 
0.055542 0.005386 0.491768 
0.975705 0.009732 0.007281 0.007281 
0.250000 0.250000 0.250000 0.250000 
 203
0.496703 0.005163 0.046210 
0.447755 0.989450 0.462022 
0.055542 0.005386 0.491768 
0.007281 0.029385 0.932523 0.030810 
0.250000 0.250000 0.250000 0.250000 
 204
0.496703 0.005163 0.046210 
0.447755 0.989450 0.462022 
0.055542 0.005386 0.491768 
0.008338 0.007281 0.641350 0.343031 
0.250000 0.250000 0.250000 0.250000 
 205
0.496703 0.005163 0.046210 
0.447755 0.989450 0.462022 
0.055542 0.005386 0.491768 
0.978156 0.007281 0.007281 0.007281 
0.250000 0.250000 0.250000 0.250000 
 206
0.496703 0.005163 0.046210 
0.447755 0.989450 0.462022 
0.055542 0.005386 0.491768 
0.634556 0.350882 0.007281 0.007281 
0.250000 0.250000 0.250000 0.250000 
 207
0.496703 0.005163 0.046210 
0.447755 0.989450 0.462022 
0.055542 0.005386 0.491768 
0.007281 0.007281 0.043640 0.941797 
0.250000 0.250000 0.250000 0.250000 
 208
0.496703 0.005163 0.046210 
0.447755 0.989450 0.462022 
0.055542 0.005386 0.491768 
0.180910 0.804527 0.007281 0.007281 
0.250000 0.250000 0.250000 0.250000 
 209
0.496703 0.005163 0.046210 
0.447755 0.989450 0.462022 
0.055542 0.005386 0.491768 
0.008504 0.007281 0.153174 0.831040 
0.250000 0.250000 0.250000 0.250000 
 210
0.496703 0.005163 0.046210 
0.447755 0.989450 0.462022 
0.055542 0.005386 0.491768 
0.317354 0.061132 0.541484 0.080031 
0.250000 0.250000 0.250000 0.250000 
 211
0.496703 0.005163 0.046210 
0.447755 0.989450 0.462022 
0.055542 0.005386 0.491768 
0.803694 0.181743 0.007281 0.007281 
0.250000 0.250000 0.250000 0.250000 
 212
0.496703 0.005163 0.046210 
0.447755 0.989450 0.462022 
0.055542 0.005386 0.491768 
0.007281 0.007281 0.007281 0.978156 
0.250000 0.250000 0.250000 0.250000 
 213
0.496703 0.005163 0.046210 
0.447755 0.989450 0.462022 
0.055542 0.005386 0.491768 
0.008872 0.007281 0.196301 0.787546 
0.250000 0.250000 0.250000 0.250000 
 214
0.496703 0.005163 0.046210 
0.447755 0.989450 0.462022 
0.055542 0.005386 0.491768 
0.100971 0.884467 0.007281 0.007281 
0.250000 0.250000 0.250000 0.250000 
 215
0.496703 0.005163 0.046210 
0.447755 0.989450 0.462022 
0.055542 0.005386 0.491768 
0.976179 0.008118 0.007281 0.008422 
0.250000 0.250000 0.250000 0.250000 
 216
0.496703 0.005163 0.046210 
0.447755 0.989450 0.462022 
0.055542 0.005386 0.491768 
0.279107 0.706331 0.007281 0.007281 
0.250000 0.250000 0.250000 0.250000 
 217
0.496703 0.005163 0.046210 
0.447755 0.989450 0.462022 
0.055542 0.005386 0.491768 
0.007281 0.007281 0.018871 0.966567 
0.250000 0.250000 0.250000 0.250000 
 218
0.496703 0.005163 0.046210 
0.447755 0.989450 0.462022 
0.055542 0.005386 0.491768 
0.978156 0.007281 0.007281 0.007281 
0.250000 0.250000 0.250000 0.250000 
 219
0.496703 0.005163 0.046210 
0.447755 0.989450 0.462022 
0.055542 0.005386 0.491768 
0.007281 0.007281 0.312824 0.672614 
0.250000 0.250000 0.250000 0.250000 
 220
0.496703 0.005163 0.046210 
0.447755 0.989450 0.462022 
0.055542 0.005386 0.491768 
0.721256 0.226093 0.042502 0.010149 
0.250000 0.250000 0.250000 0.250000 
 221
0.496703 0.005163 0.046210 
0.447755 0.989450 0.462022 
0.055542 0.005386 0.491768 
0.007281 0.007281 0.008671 0.976766 
0.250000 0.250000 0.250000 0.250000 
 222
0.496703 0.005163 0.046210 
0.447755 0.989450 0.462022 
0.055542 0.005386 0.491768 
0.830731 0.154706 0.007281 0.007281 
0.250000 0.250000 0.250000 0.250000 
 223
0.490781 0.005163 0.046210 
0.453677 0.989450 0.462022 
0.055873 0.005384 0.491768 
0.009299 0.786159 0.193377 0.011166 
0.250000 0.250000 0.250000 0.250000 
 224
0.493705 0.005161 0.046210 
0.450422 0.989455 0.462022 
0.055873 0.005384 0.491768 
0.784108 0.012006 0.196610 0.007276 
0.250000 0.250000 0.250000 0.250000 
 225
0.493705 0.005161 0.046210 
0.450422 0.989455 0.462022 
0.055873 0.005384 0.491768 
0.255034 0.710592 0.007276 0.027097 
0.250000 0.250000 0.250000 0.250000 
 226
0.493705 0.005161 0.046210 
0.450422 0.989455 0.462022 
0.055873 0.005384 0.491768 
0.765803 0.010489 0.031039 0.192668 
0.250000 0.250000 0.250000 0.250000 
 227
0.493705 0.005161 0.046210 
0.450422 0.989455 0.462022 
0.055873 0.005384 0.491768 
0.258255 0.717135 0.007276 0.017334 
0.250000 0.250000 0.250000 0.250000 
 228
0.493705 0.005161 0.046210 
0.450422 0.989455 0.462022 
0.055873 0.005384 0.491768 
0.648036 0.147955 0.007281 0.196729 
0.250000 0.250000 0.250000 0.250000 
 229
0.493705 0.005891 0.046210 
0.450422 0.988725 0.462022 
0.055378 0.005388 0.491768 
0.010165 0.007284 0.585222 0.397330 
0.250000 0.250000 0.250000 0.250000 
 230
0.498189 0.005165 0.046210 
0.446434 0.989448 0.462022 
0.055378 0.005388 0.491768 
0.012359 0.178409 0.784591 0.024640 
0.250000 0.250000 0.250000 0.250000 
 231
0.498189 0.005165 0.046210 
0.446434 0.989448 0.462022 
0.055378 0.005388 0.491768 
0.622711 0.202672 0.007284 0.167333 
0.250000 0.250000 0.250000 0.250000 
 232
0.489333 0.005165 0.046210 
0.455289 0.989448 0.462022 
0.055873 0.005384 0.491768 
0.212669 0.612898 0.024658 0.149776 
0.250000 0.250000 0.250000 0.250000 
 233
0.493705 0.005161 0.046210 
0.450422 0.989455 0.462022 
0.055873 0.005384 0.491768 
0.792042 0.033524 0.165746 0.008688 
0.250000 0.250000 0.250000 0.250000 
 234
0.493705 0.005161 0.046210 
0.450422 0.989455 0.462022 
0.055873 0.005384 0.491768 
0.196956 0.597898 0.013523 0.191623 
0.250000 0.250000 0.250000 0.250000 
 235
0.493705 0.005161 0.046210 
0.450422 0.989455 0.462022 
0.055873 0.005384 0.491768 
0.764915 0.219624 0.007276 0.008185 
0.250000 0.250000 0.250000 0.250000 
 236
