%  SAM: /scicomp/home/vfn4/Tools/LABEL_RES/scripts/modelfromalign v3.5 (July 15, 2005) compiled 12/08/06_16:15:55
%  (c) 1992-2001 Regents of the University of California, Santa Cruz
%
%          Sequence Alignment and Modeling Software System
%         http://www.cse.ucsc.edu/research/compbio/sam.html
%
% ----------------- Citations (SAM, SAM-T2K, HMMs) --------------------
% R. Hughey, A. Krogh, Hidden Markov models for sequence analysis:
%  Extension and analysis of the basic method, CABIOS 12:95-107, 1996.
% K. Karplus, et al., What is the value added by human intervention in protein
%  structure prediction, Proteins: Stucture, Function, Genetics 45(S5):86--91, 2001.
% A. Krogh et al., Hidden Markov models in computational biology:
%  Applications to protein modeling, JMB 235:1501-1531, Feb 1994.
% ---------------------------------------------------------------------
%  A_NA_N4_hmm   Host: node5.aspen.biotech.cdc.gov    Thu Jun  5 17:05:11 2014
%  vfn4          Dir:  /scicomp/home/vfn4/IRMA/train2
% ---------------------------------------------------------------------
%  Alignment weights from internal calc.  Total (8.06) Max (0.15) Min (0.11)
%  Weights from alignment method 1 (karplus), b=-1.000000, e=0.500000
MODEL --  Model from alignment file /scicomp/home/vfn4/Tools/LABEL_RES/training_data/IRMA/A_NA_N4.fasta
alphabet DNA
FREQAVE
0.000000 0.000000 0.000000 
0.000000 0.000000 0.000000 
0.000000 0.000000 0.000000 
0.304700 0.257738 0.185824 0.251737 
0.304700 0.257738 0.185824 0.251737 
Begin
0.000000 0.000000 0.000000 
0.000000 0.000000 0.000000 
0.000000 0.011034 0.491768 
0.250000 0.250000 0.250000 0.250000 
0.250000 0.250000 0.250000 0.250000 
   1
0.000000 0.010577 0.046210 
0.000000 0.978390 0.462022 
0.057405 0.011034 0.491768 
0.917239 0.027587 0.027587 0.027587 
0.250000 0.250000 0.250000 0.250000 
   2
0.479817 0.010577 0.046210 
0.462778 0.978390 0.462022 
0.057405 0.011034 0.491768 
0.027587 0.027587 0.027587 0.917239 
0.250000 0.250000 0.250000 0.250000 
   3
0.479817 0.010577 0.046210 
0.462778 0.978390 0.462022 
0.057405 0.011034 0.491768 
0.027587 0.917239 0.027587 0.027587 
0.250000 0.250000 0.250000 0.250000 
   4
0.479817 0.010577 0.046210 
0.462778 0.978390 0.462022 
0.057405 0.011034 0.491768 
0.917239 0.027587 0.027587 0.027587 
0.250000 0.250000 0.250000 0.250000 
   5
0.479817 0.010577 0.046210 
0.462778 0.978390 0.462022 
0.057405 0.011034 0.491768 
0.917239 0.027587 0.027587 0.027587 
0.250000 0.250000 0.250000 0.250000 
   6
0.479817 0.010577 0.046210 
0.462778 0.978390 0.462022 
0.057405 0.011034 0.491768 
0.027587 0.027587 0.135813 0.809013 
0.250000 0.250000 0.250000 0.250000 
   7
0.479817 0.010577 0.046210 
0.462778 0.978390 0.462022 
0.057405 0.011034 0.491768 
0.027587 0.027587 0.917239 0.027587 
0.250000 0.250000 0.250000 0.250000 
   8
0.479817 0.010577 0.046210 
0.462778 0.978390 0.462022 
0.057405 0.011034 0.491768 
0.027587 0.027587 0.917239 0.027587 
0.250000 0.250000 0.250000 0.250000 
   9
0.479817 0.010577 0.046210 
0.462778 0.978390 0.462022 
0.057405 0.011034 0.491768 
0.704776 0.224176 0.043460 0.027587 
0.250000 0.250000 0.250000 0.250000 
  10
0.479817 0.010577 0.046210 
0.462778 0.978390 0.462022 
0.057405 0.011034 0.491768 
0.917239 0.027587 0.027587 0.027587 
0.250000 0.250000 0.250000 0.250000 
  11
0.479817 0.010577 0.046210 
0.462778 0.978390 0.462022 
0.057405 0.011034 0.491768 
0.917239 0.027587 0.027587 0.027587 
0.250000 0.250000 0.250000 0.250000 
  12
0.479817 0.010577 0.046210 
0.462778 0.978390 0.462022 
0.057405 0.011034 0.491768 
0.027587 0.027587 0.153519 0.791307 
0.250000 0.250000 0.250000 0.250000 
  13
0.479817 0.010577 0.046210 
0.462778 0.978390 0.462022 
0.057405 0.011034 0.491768 
0.027587 0.027587 0.917239 0.027587 
0.250000 0.250000 0.250000 0.250000 
  14
0.479817 0.010577 0.046210 
0.462778 0.978390 0.462022 
0.057405 0.011034 0.491768 
0.917239 0.027587 0.027587 0.027587 
0.250000 0.250000 0.250000 0.250000 
  15
0.479817 0.010577 0.046210 
0.462778 0.978390 0.462022 
0.057405 0.011034 0.491768 
0.411136 0.533690 0.027587 0.027587 
0.250000 0.250000 0.250000 0.250000 
  16
0.479817 0.010577 0.046210 
0.462778 0.978390 0.462022 
0.057405 0.011034 0.491768 
0.900481 0.027587 0.027587 0.044345 
0.250000 0.250000 0.250000 0.250000 
  17
0.479817 0.010577 0.046210 
0.462778 0.978390 0.462022 
0.057405 0.011034 0.491768 
0.884607 0.027587 0.044345 0.043460 
0.250000 0.250000 0.250000 0.250000 
  18
0.479817 0.010577 0.046210 
0.462778 0.978390 0.462022 
0.057405 0.011034 0.491768 
0.519209 0.425617 0.027587 0.027587 
0.250000 0.250000 0.250000 0.250000 
  19
0.479817 0.010577 0.046210 
0.462778 0.978390 0.462022 
0.057405 0.011034 0.491768 
0.917239 0.027587 0.027587 0.027587 
0.250000 0.250000 0.250000 0.250000 
  20
0.479817 0.010577 0.046210 
0.462778 0.978390 0.462022 
0.057405 0.011034 0.491768 
0.027587 0.027587 0.027587 0.917239 
0.250000 0.250000 0.250000 0.250000 
  21
0.479817 0.010577 0.046210 
0.462778 0.978390 0.462022 
0.057405 0.011034 0.491768 
0.027587 0.027587 0.797073 0.147753 
0.250000 0.250000 0.250000 0.250000 
  22
0.479817 0.010577 0.046210 
0.462778 0.978390 0.462022 
0.057405 0.011034 0.491768 
0.903868 0.040958 0.027587 0.027587 
0.250000 0.250000 0.250000 0.250000 
  23
0.479817 0.010577 0.046210 
0.462778 0.978390 0.462022 
0.057405 0.011034 0.491768 
0.027587 0.027587 0.027587 0.917239 
0.250000 0.250000 0.250000 0.250000 
  24
0.479817 0.010577 0.046210 
0.462778 0.978390 0.462022 
0.057405 0.011034 0.491768 
0.917239 0.027587 0.027587 0.027587 
0.250000 0.250000 0.250000 0.250000 
  25
0.479817 0.010577 0.046210 
0.462778 0.978390 0.462022 
0.057405 0.011034 0.491768 
0.917239 0.027587 0.027587 0.027587 
0.250000 0.250000 0.250000 0.250000 
  26
0.479817 0.010577 0.046210 
0.462778 0.978390 0.462022 
0.057405 0.011034 0.491768 
0.027587 0.027587 0.917239 0.027587 
0.250000 0.250000 0.250000 0.250000 
  27
0.479817 0.010577 0.046210 
0.462778 0.978390 0.462022 
0.057405 0.011034 0.491768 
0.113615 0.027587 0.815509 0.043289 
0.250000 0.250000 0.250000 0.250000 
  28
0.479817 0.010577 0.046210 
0.462778 0.978390 0.462022 
0.057405 0.011034 0.491768 
0.917239 0.027587 0.027587 0.027587 
0.250000 0.250000 0.250000 0.250000 
  29
0.479817 0.010577 0.046210 
0.462778 0.978390 0.462022 
0.057405 0.011034 0.491768 
0.027587 0.027587 0.027587 0.917239 
0.250000 0.250000 0.250000 0.250000 
  30
0.479817 0.010577 0.046210 
0.462778 0.978390 0.462022 
0.057405 0.011034 0.491768 
0.191967 0.027587 0.597755 0.182692 
0.250000 0.250000 0.250000 0.250000 
  31
0.479817 0.010577 0.046210 
0.462778 0.978390 0.462022 
0.057405 0.011034 0.491768 
0.027587 0.917239 0.027587 0.027587 
0.250000 0.250000 0.250000 0.250000 
  32
0.479817 0.010577 0.046210 
0.462778 0.978390 0.462022 
0.057405 0.011034 0.491768 
0.027587 0.917239 0.027587 0.027587 
0.250000 0.250000 0.250000 0.250000 
  33
0.479817 0.010577 0.046210 
0.462778 0.978390 0.462022 
0.057405 0.011034 0.491768 
0.027587 0.042158 0.477067 0.453188 
0.250000 0.250000 0.250000 0.250000 
  34
0.479817 0.010577 0.046210 
0.462778 0.978390 0.462022 
0.057405 0.011034 0.491768 
0.917239 0.027587 0.027587 0.027587 
0.250000 0.250000 0.250000 0.250000 
  35
0.479817 0.010577 0.046210 
0.462778 0.978390 0.462022 
0.057405 0.011034 0.491768 
0.027587 0.917239 0.027587 0.027587 
0.250000 0.250000 0.250000 0.250000 
  36
0.479817 0.010577 0.046210 
0.462778 0.978390 0.462022 
0.057405 0.011034 0.491768 
0.027587 0.027587 0.138549 0.806277 
0.250000 0.250000 0.250000 0.250000 
  37
0.479817 0.010577 0.046210 
0.462778 0.978390 0.462022 
0.057405 0.011034 0.491768 
0.288766 0.656060 0.027587 0.027587 
0.250000 0.250000 0.250000 0.250000 
  38
0.479817 0.010577 0.046210 
0.462778 0.978390 0.462022 
0.057405 0.011034 0.491768 
0.027587 0.027587 0.171861 0.772965 
0.250000 0.250000 0.250000 0.250000 
  39
0.479817 0.010577 0.046210 
0.462778 0.978390 0.462022 
0.057405 0.011034 0.491768 
0.108862 0.161800 0.252126 0.477211 
0.250000 0.250000 0.250000 0.250000 
  40
0.479817 0.010577 0.046210 
0.462778 0.978390 0.462022 
0.057405 0.011034 0.491768 
0.917239 0.027587 0.027587 0.027587 
0.250000 0.250000 0.250000 0.250000 
  41
0.479817 0.010577 0.046210 
0.462778 0.978390 0.462022 
0.057405 0.011034 0.491768 
0.027587 0.917239 0.027587 0.027587 
0.250000 0.250000 0.250000 0.250000 
  42
0.479817 0.010577 0.046210 
0.462778 0.978390 0.462022 
0.057405 0.011034 0.491768 
0.027587 0.027587 0.467117 0.477709 
0.250000 0.250000 0.250000 0.250000 
  43
0.479817 0.010577 0.046210 
0.462778 0.978390 0.462022 
0.057405 0.011034 0.491768 
0.879459 0.065367 0.027587 0.027587 
0.250000 0.250000 0.250000 0.250000 
  44
0.479817 0.010577 0.046210 
0.462778 0.978390 0.462022 
0.057405 0.011034 0.491768 
0.027587 0.027587 0.041005 0.903821 
0.250000 0.250000 0.250000 0.250000 
  45
0.479817 0.010577 0.046210 
0.462778 0.978390 0.462022 
0.057405 0.011034 0.491768 
0.027587 0.027587 0.027587 0.917239 
0.250000 0.250000 0.250000 0.250000 
  46
0.479817 0.010577 0.046210 
0.462778 0.978390 0.462022 
0.057405 0.011034 0.491768 
0.491105 0.389460 0.027587 0.091848 
0.250000 0.250000 0.250000 0.250000 
  47
0.479817 0.010577 0.046210 
0.462778 0.978390 0.462022 
0.057405 0.011034 0.491768 
0.027587 0.027587 0.084413 0.860413 
0.250000 0.250000 0.250000 0.250000 
  48
0.479817 0.010577 0.046210 
0.462778 0.978390 0.462022 
0.057405 0.011034 0.491768 
0.917239 0.027587 0.027587 0.027587 
0.250000 0.250000 0.250000 0.250000 
  49
0.479817 0.010577 0.046210 
0.462778 0.978390 0.462022 
0.057405 0.011034 0.491768 
0.027587 0.027587 0.439676 0.505150 
0.250000 0.250000 0.250000 0.250000 
  50
0.479817 0.010577 0.046210 
0.462778 0.978390 0.462022 
0.057405 0.011034 0.491768 
0.027587 0.027587 0.027587 0.917239 
0.250000 0.250000 0.250000 0.250000 
  51
0.479817 0.010577 0.046210 
0.462778 0.978390 0.462022 
0.057405 0.011034 0.491768 
0.633045 0.225753 0.113615 0.027587 
0.250000 0.250000 0.250000 0.250000 
  52
0.479817 0.010577 0.046210 
0.462778 0.978390 0.462022 
0.057405 0.011034 0.491768 
0.917239 0.027587 0.027587 0.027587 
0.250000 0.250000 0.250000 0.250000 
  53
0.479817 0.010577 0.046210 
0.462778 0.978390 0.462022 
0.057405 0.011034 0.491768 
0.027587 0.027587 0.917239 0.027587 
0.250000 0.250000 0.250000 0.250000 
  54
0.479817 0.010577 0.046210 
0.462778 0.978390 0.462022 
0.057405 0.011034 0.491768 
0.562773 0.382053 0.027587 0.027587 
0.250000 0.250000 0.250000 0.250000 
  55
0.479817 0.010577 0.046210 
0.462778 0.978390 0.462022 
0.057405 0.011034 0.491768 
0.917239 0.027587 0.027587 0.027587 
0.250000 0.250000 0.250000 0.250000 
  56
0.479817 0.010577 0.046210 
0.462778 0.978390 0.462022 
0.057405 0.011034 0.491768 
0.027587 0.027587 0.917239 0.027587 
0.250000 0.250000 0.250000 0.250000 
  57
0.479817 0.010577 0.046210 
0.462778 0.978390 0.462022 
0.057405 0.011034 0.491768 
0.642822 0.302004 0.027587 0.027587 
0.250000 0.250000 0.250000 0.250000 
  58
0.479817 0.010577 0.046210 
0.462778 0.978390 0.462022 
0.057405 0.011034 0.491768 
0.476804 0.468022 0.027587 0.027587 
0.250000 0.250000 0.250000 0.250000 
  59
0.479817 0.010577 0.046210 
0.462778 0.978390 0.462022 
0.057405 0.011034 0.491768 
0.027587 0.027587 0.027587 0.917239 
0.250000 0.250000 0.250000 0.250000 
  60
0.479817 0.010577 0.046210 
0.462778 0.978390 0.462022 
0.057405 0.011034 0.491768 
0.917239 0.027587 0.027587 0.027587 
0.250000 0.250000 0.250000 0.250000 
  61
0.479817 0.010577 0.046210 
0.462778 0.978390 0.462022 
0.057405 0.011034 0.491768 
0.027587 0.917239 0.027587 0.027587 
0.250000 0.250000 0.250000 0.250000 
  62
0.479817 0.010577 0.046210 
0.462778 0.978390 0.462022 
0.057405 0.011034 0.491768 
0.027587 0.917239 0.027587 0.027587 
0.250000 0.250000 0.250000 0.250000 
  63
0.479817 0.010577 0.046210 
0.462778 0.978390 0.462022 
0.057405 0.011034 0.491768 
0.453721 0.027587 0.328361 0.190331 
0.250000 0.250000 0.250000 0.250000 
  64
0.479817 0.010577 0.046210 
0.462778 0.978390 0.462022 
0.057405 0.011034 0.491768 
0.027587 0.027587 0.655439 0.289387 
0.250000 0.250000 0.250000 0.250000 
  65
0.479817 0.010577 0.046210 
0.462778 0.978390 0.462022 
0.057405 0.011034 0.491768 
0.027587 0.027587 0.042980 0.901846 
0.250000 0.250000 0.250000 0.250000 
  66
0.479817 0.010577 0.046210 
0.462778 0.978390 0.462022 
0.057405 0.011034 0.491768 
0.104150 0.445286 0.027587 0.422978 
0.250000 0.250000 0.250000 0.250000 
  67
0.479817 0.010577 0.046210 
0.462778 0.978390 0.462022 
0.057405 0.011034 0.491768 
0.027587 0.027587 0.917239 0.027587 
0.250000 0.250000 0.250000 0.250000 
  68
0.479817 0.010577 0.046210 
0.462778 0.978390 0.462022 
0.057405 0.011034 0.491768 
0.027587 0.027587 0.027587 0.917239 
0.250000 0.250000 0.250000 0.250000 
  69
0.479817 0.010577 0.046210 
0.462778 0.978390 0.462022 
0.057405 0.011034 0.491768 
0.120335 0.027587 0.703383 0.148695 
0.250000 0.250000 0.250000 0.250000 
  70
0.479817 0.010577 0.046210 
0.462778 0.978390 0.462022 
0.057405 0.011034 0.491768 
0.027587 0.027587 0.917239 0.027587 
0.250000 0.250000 0.250000 0.250000 
  71
0.479817 0.010577 0.046210 
0.462778 0.978390 0.462022 
0.057405 0.011034 0.491768 
0.027587 0.027587 0.027587 0.917239 
0.250000 0.250000 0.250000 0.250000 
  72
0.479817 0.010577 0.046210 
0.462778 0.978390 0.462022 
0.057405 0.011034 0.491768 
0.027587 0.027587 0.892077 0.052750 
0.250000 0.250000 0.250000 0.250000 
  73
0.479817 0.010577 0.046210 
0.462778 0.978390 0.462022 
0.057405 0.011034 0.491768 
0.027587 0.027587 0.917239 0.027587 
0.250000 0.250000 0.250000 0.250000 
  74
0.479817 0.010577 0.046210 
0.462778 0.978390 0.462022 
0.057405 0.011034 0.491768 
0.917239 0.027587 0.027587 0.027587 
0.250000 0.250000 0.250000 0.250000 
  75
0.479817 0.010577 0.046210 
0.462778 0.978390 0.462022 
0.057405 0.011034 0.491768 
0.917239 0.027587 0.027587 0.027587 
0.250000 0.250000 0.250000 0.250000 
  76
0.479817 0.010577 0.046210 
0.462778 0.978390 0.462022 
0.057405 0.011034 0.491768 
0.903901 0.040926 0.027587 0.027587 
0.250000 0.250000 0.250000 0.250000 
  77
0.479817 0.010577 0.046210 
0.462778 0.978390 0.462022 
0.057405 0.011034 0.491768 
0.027587 0.027587 0.027587 0.917239 
0.250000 0.250000 0.250000 0.250000 
  78
0.479817 0.010577 0.046210 
0.462778 0.978390 0.462022 
0.057405 0.011034 0.491768 
0.917239 0.027587 0.027587 0.027587 
0.250000 0.250000 0.250000 0.250000 
  79
0.479817 0.010577 0.046210 
0.462778 0.978390 0.462022 
0.057405 0.011034 0.491768 
0.917239 0.027587 0.027587 0.027587 
0.250000 0.250000 0.250000 0.250000 
  80
0.479817 0.010577 0.046210 
0.462778 0.978390 0.462022 
0.057405 0.011034 0.491768 
0.027587 0.027587 0.806329 0.138498 
0.250000 0.250000 0.250000 0.250000 
  81
0.479817 0.010577 0.046210 
0.462778 0.978390 0.462022 
0.057405 0.011034 0.491768 
0.900225 0.044601 0.027587 0.027587 
0.250000 0.250000 0.250000 0.250000 
  82
0.479817 0.010577 0.046210 
0.462778 0.978390 0.462022 
0.057405 0.011034 0.491768 
0.917239 0.027587 0.027587 0.027587 
0.250000 0.250000 0.250000 0.250000 
  83
0.479817 0.010577 0.046210 
0.462778 0.978390 0.462022 
0.057405 0.011034 0.491768 
0.027587 0.917239 0.027587 0.027587 
0.250000 0.250000 0.250000 0.250000 
  84
0.479817 0.010577 0.046210 
0.462778 0.978390 0.462022 
0.057405 0.011034 0.491768 
0.027587 0.027587 0.462881 0.481945 
0.250000 0.250000 0.250000 0.250000 
  85
0.479817 0.010577 0.046210 
0.462778 0.978390 0.462022 
0.057405 0.011034 0.491768 
0.027587 0.027587 0.083128 0.861698 
0.250000 0.250000 0.250000 0.250000 
  86
0.479817 0.010577 0.046210 
0.462778 0.978390 0.462022 
0.057405 0.011034 0.491768 
0.027587 0.027587 0.027587 0.917239 
0.250000 0.250000 0.250000 0.250000 
  87
0.479817 0.010577 0.046210 
0.462778 0.978390 0.462022 
0.057405 0.011034 0.491768 
0.506496 0.438331 0.027587 0.027587 
0.250000 0.250000 0.250000 0.250000 
  88
0.479817 0.010577 0.046210 
0.462778 0.978390 0.462022 
0.057405 0.011034 0.491768 
0.027587 0.027587 0.027587 0.917239 
0.250000 0.250000 0.250000 0.250000 
  89
0.479817 0.010577 0.046210 
0.462778 0.978390 0.462022 
0.057405 0.011034 0.491768 
0.027587 0.917239 0.027587 0.027587 
0.250000 0.250000 0.250000 0.250000 
  90
0.479817 0.010577 0.046210 
0.462778 0.978390 0.462022 
0.057405 0.011034 0.491768 
0.027587 0.027587 0.875413 0.069413 
0.250000 0.250000 0.250000 0.250000 
  91
0.479817 0.010577 0.046210 
0.462778 0.978390 0.462022 
0.057405 0.011034 0.491768 
0.027587 0.027587 0.027587 0.917239 
0.250000 0.250000 0.250000 0.250000 
  92
0.479817 0.010577 0.046210 
0.462778 0.978390 0.462022 
0.057405 0.011034 0.491768 
0.027587 0.027587 0.917239 0.027587 
0.250000 0.250000 0.250000 0.250000 
  93
0.479817 0.010577 0.046210 
0.462778 0.978390 0.462022 
0.057405 0.011034 0.491768 
0.901537 0.043289 0.027587 0.027587 
0.250000 0.250000 0.250000 0.250000 
  94
0.479817 0.010577 0.046210 
0.462778 0.978390 0.462022 
0.057405 0.011034 0.491768 
0.917239 0.027587 0.027587 0.027587 
0.250000 0.250000 0.250000 0.250000 
  95
0.479817 0.010577 0.046210 
0.462778 0.978390 0.462022 
0.057405 0.011034 0.491768 
0.027587 0.027587 0.027587 0.917239 
0.250000 0.250000 0.250000 0.250000 
  96
0.479817 0.010577 0.046210 
0.462778 0.978390 0.462022 
0.057405 0.011034 0.491768 
0.917239 0.027587 0.027587 0.027587 
0.250000 0.250000 0.250000 0.250000 
  97
0.479817 0.010577 0.046210 
0.462778 0.978390 0.462022 
0.057405 0.011034 0.491768 
0.027587 0.027587 0.027587 0.917239 
0.250000 0.250000 0.250000 0.250000 
  98
0.479817 0.010577 0.046210 
0.462778 0.978390 0.462022 
0.057405 0.011034 0.491768 
0.027587 0.917239 0.027587 0.027587 
0.250000 0.250000 0.250000 0.250000 
  99
0.479817 0.010577 0.046210 
0.462778 0.978390 0.462022 
0.057405 0.011034 0.491768 
0.027587 0.917239 0.027587 0.027587 
0.250000 0.250000 0.250000 0.250000 
 100
0.479817 0.010577 0.046210 
0.462778 0.978390 0.462022 
0.057405 0.011034 0.491768 
0.027587 0.027587 0.027587 0.917239 
0.250000 0.250000 0.250000 0.250000 
 101
0.479817 0.010577 0.046210 
0.462778 0.978390 0.462022 
0.057405 0.011034 0.491768 
0.027587 0.027587 0.027587 0.917239 
0.250000 0.250000 0.250000 0.250000 
 102
0.479817 0.010577 0.046210 
0.462778 0.978390 0.462022 
0.057405 0.011034 0.491768 
0.027587 0.027587 0.439676 0.505150 
0.250000 0.250000 0.250000 0.250000 
 103
0.479817 0.010577 0.046210 
0.462778 0.978390 0.462022 
0.057405 0.011034 0.491768 
0.917239 0.027587 0.027587 0.027587 
0.250000 0.250000 0.250000 0.250000 
 104
0.479817 0.010577 0.046210 
0.462778 0.978390 0.462022 
0.057405 0.011034 0.491768 
0.027587 0.917239 0.027587 0.027587 
0.250000 0.250000 0.250000 0.250000 
 105
0.479817 0.010577 0.046210 
0.462778 0.978390 0.462022 
0.057405 0.011034 0.491768 
0.027587 0.027587 0.658866 0.285960 
0.250000 0.250000 0.250000 0.250000 
 106
0.479817 0.010577 0.046210 
0.462778 0.978390 0.462022 
0.057405 0.011034 0.491768 
0.027587 0.027587 0.917239 0.027587 
0.250000 0.250000 0.250000 0.250000 
 107
0.479817 0.010577 0.046210 
0.462778 0.978390 0.462022 
0.057405 0.011034 0.491768 
0.917239 0.027587 0.027587 0.027587 
0.250000 0.250000 0.250000 0.250000 
 108
0.479817 0.010577 0.046210 
0.462778 0.978390 0.462022 
0.057405 0.011034 0.491768 
0.027587 0.027587 0.106182 0.838644 
0.250000 0.250000 0.250000 0.250000 
 109
0.479817 0.010577 0.046210 
0.462778 0.978390 0.462022 
0.057405 0.011034 0.491768 
0.027587 0.027587 0.027587 0.917239 
0.250000 0.250000 0.250000 0.250000 
 110
0.479817 0.010577 0.046210 
0.462778 0.978390 0.462022 
0.057405 0.011034 0.491768 
0.917239 0.027587 0.027587 0.027587 
0.250000 0.250000 0.250000 0.250000 
 111
0.479817 0.010577 0.046210 
0.462778 0.978390 0.462022 
0.057405 0.011034 0.491768 
0.027587 0.027587 0.646855 0.297971 
0.250000 0.250000 0.250000 0.250000 
 112
0.479817 0.010577 0.046210 
0.462778 0.978390 0.462022 
0.057405 0.011034 0.491768 
0.917239 0.027587 0.027587 0.027587 
0.250000 0.250000 0.250000 0.250000 
 113
0.479817 0.010577 0.046210 
0.462778 0.978390 0.462022 
0.057405 0.011034 0.491768 
0.917239 0.027587 0.027587 0.027587 
0.250000 0.250000 0.250000 0.250000 
 114
0.479817 0.010577 0.046210 
0.462778 0.978390 0.462022 
0.057405 0.011034 0.491768 
0.027587 0.027587 0.800752 0.144074 
0.250000 0.250000 0.250000 0.250000 
 115
0.479817 0.010577 0.046210 
0.462778 0.978390 0.462022 
0.057405 0.011034 0.491768 
0.027587 0.027587 0.917239 0.027587 
0.250000 0.250000 0.250000 0.250000 
 116
0.479817 0.010577 0.046210 
0.462778 0.978390 0.462022 
0.057405 0.011034 0.491768 
0.917239 0.027587 0.027587 0.027587 
0.250000 0.250000 0.250000 0.250000 
 117
0.479817 0.010577 0.046210 
0.462778 0.978390 0.462022 
0.057405 0.011034 0.491768 
0.111312 0.833514 0.027587 0.027587 
0.250000 0.250000 0.250000 0.250000 
 118
0.479817 0.010577 0.046210 
0.462778 0.978390 0.462022 
0.057405 0.011034 0.491768 
0.042977 0.901849 0.027587 0.027587 
0.250000 0.250000 0.250000 0.250000 
 119
0.479817 0.010577 0.046210 
0.462778 0.978390 0.462022 
0.057405 0.011034 0.491768 
0.027587 0.027587 0.027587 0.917239 
0.250000 0.250000 0.250000 0.250000 
 120
0.479817 0.010577 0.046210 
0.462778 0.978390 0.462022 
0.057405 0.011034 0.491768 
0.347398 0.597429 0.027587 0.027587 
0.250000 0.250000 0.250000 0.250000 
 121
0.479817 0.010577 0.046210 
0.462778 0.978390 0.462022 
0.057405 0.011034 0.491768 
0.901846 0.042980 0.027587 0.027587 
0.250000 0.250000 0.250000 0.250000 
 122
0.479817 0.010577 0.046210 
0.462778 0.978390 0.462022 
0.057405 0.011034 0.491768 
0.027587 0.027587 0.917239 0.027587 
0.250000 0.250000 0.250000 0.250000 
 123
0.479817 0.010577 0.046210 
0.462778 0.978390 0.462022 
0.057405 0.011034 0.491768 
0.490798 0.041939 0.227407 0.239856 
0.250000 0.250000 0.250000 0.250000 
 124
0.479817 0.010577 0.046210 
0.462778 0.978390 0.462022 
0.057405 0.011034 0.491768 
0.027587 0.027587 0.917239 0.027587 
0.250000 0.250000 0.250000 0.250000 
 125
0.479817 0.010577 0.046210 
0.462778 0.978390 0.462022 
0.057405 0.011034 0.491768 
0.917239 0.027587 0.027587 0.027587 
0.250000 0.250000 0.250000 0.250000 
 126
0.479817 0.010577 0.046210 
0.462778 0.978390 0.462022 
0.057405 0.011034 0.491768 
0.536200 0.408626 0.027587 0.027587 
0.250000 0.250000 0.250000 0.250000 
 127
0.479817 0.010577 0.046210 
0.462778 0.978390 0.462022 
0.057405 0.011034 0.491768 
0.917239 0.027587 0.027587 0.027587 
0.250000 0.250000 0.250000 0.250000 
 128
0.479817 0.010577 0.046210 
0.462778 0.978390 0.462022 
0.057405 0.011034 0.491768 
0.027587 0.027587 0.917239 0.027587 
0.250000 0.250000 0.250000 0.250000 
 129
0.479817 0.010577 0.046210 
0.462778 0.978390 0.462022 
0.057405 0.011034 0.491768 
0.759696 0.123960 0.088757 0.027587 
0.250000 0.250000 0.250000 0.250000 
 130
0.479817 0.010577 0.046210 
0.462778 0.978390 0.462022 
0.057405 0.011034 0.491768 
0.424283 0.042980 0.505150 0.027587 
0.250000 0.250000 0.250000 0.250000 
 131
0.479817 0.010577 0.046210 
0.462778 0.978390 0.462022 
0.057405 0.011034 0.491768 
0.639330 0.241236 0.091848 0.027587 
0.250000 0.250000 0.250000 0.250000 
 132
0.479817 0.010577 0.046210 
0.462778 0.978390 0.462022 
0.057405 0.011034 0.491768 
0.027587 0.027587 0.776023 0.168803 
0.250000 0.250000 0.250000 0.250000 
 133
0.479817 0.010577 0.046210 
0.462778 0.978390 0.462022 
0.057405 0.011034 0.491768 
0.027587 0.917239 0.027587 0.027587 
0.250000 0.250000 0.250000 0.250000 
 134
0.479817 0.010577 0.046210 
0.462778 0.978390 0.462022 
0.057405 0.011034 0.491768 
0.793124 0.151702 0.027587 0.027587 
0.250000 0.250000 0.250000 0.250000 
 135
0.479817 0.010577 0.046210 
0.462778 0.978390 0.462022 
0.057405 0.011034 0.491768 
0.839239 0.105587 0.027587 0.027587 
0.250000 0.250000 0.250000 0.250000 
 136
0.479817 0.010577 0.046210 
0.462778 0.978390 0.462022 
0.057405 0.011034 0.491768 
0.105265 0.027587 0.839561 0.027587 
0.250000 0.250000 0.250000 0.250000 
 137
0.479817 0.010577 0.046210 
0.462778 0.978390 0.462022 
0.057405 0.011034 0.491768 
0.917239 0.027587 0.027587 0.027587 
0.250000 0.250000 0.250000 0.250000 
 138
0.479817 0.010577 0.046210 
0.462778 0.978390 0.462022 
0.057405 0.011034 0.491768 
0.856069 0.088757 0.027587 0.027587 
0.250000 0.250000 0.250000 0.250000 
 139
0.479817 0.010577 0.046210 
0.462778 0.978390 0.462022 
0.057405 0.011034 0.491768 
0.027587 0.027587 0.903226 0.041601 
0.250000 0.250000 0.250000 0.250000 
 140
0.479817 0.010577 0.046210 
0.462778 0.978390 0.462022 
0.057405 0.011034 0.491768 
0.040725 0.027587 0.890227 0.041461 
0.250000 0.250000 0.250000 0.250000 
 141
0.479817 0.010577 0.046210 
0.462778 0.978390 0.462022 
0.057405 0.011034 0.491768 
0.220168 0.027587 0.369271 0.382974 
0.250000 0.250000 0.250000 0.250000 
 142
0.479817 0.010577 0.046210 
0.462778 0.978390 0.462022 
0.057405 0.011034 0.491768 
0.027587 0.027587 0.027587 0.917239 
0.250000 0.250000 0.250000 0.250000 
 143
0.479817 0.010577 0.046210 
0.462778 0.978390 0.462022 
0.057405 0.011034 0.491768 
0.027587 0.917239 0.027587 0.027587 
0.250000 0.250000 0.250000 0.250000 
 144
0.479817 0.010577 0.046210 
0.462778 0.978390 0.462022 
0.057405 0.011034 0.491768 
0.027587 0.027587 0.054718 0.890108 
0.250000 0.250000 0.250000 0.250000 
 145
0.479817 0.010577 0.046210 
0.462778 0.978390 0.462022 
0.057405 0.011034 0.491768 
0.027587 0.027587 0.041375 0.903451 
0.250000 0.250000 0.250000 0.250000 
 146
0.479817 0.010577 0.046210 
0.462778 0.978390 0.462022 
0.057405 0.011034 0.491768 
0.027587 0.027587 0.917239 0.027587 
0.250000 0.250000 0.250000 0.250000 
 147
0.479817 0.010577 0.046210 
0.462778 0.978390 0.462022 
0.057405 0.011034 0.491768 
0.042977 0.438331 0.177336 0.341356 
0.250000 0.250000 0.250000 0.250000 
 148
0.479817 0.010577 0.046210 
0.462778 0.978390 0.462022 
0.057405 0.011034 0.491768 
0.917239 0.027587 0.027587 0.027587 
0.250000 0.250000 0.250000 0.250000 
 149
0.479817 0.010577 0.046210 
0.462778 0.978390 0.462022 
0.057405 0.011034 0.491768 
0.917239 0.027587 0.027587 0.027587 
0.250000 0.250000 0.250000 0.250000 
 150
0.479817 0.010577 0.046210 
0.462778 0.978390 0.462022 
0.057405 0.011034 0.491768 
0.027587 0.027587 0.917239 0.027587 
0.250000 0.250000 0.250000 0.250000 
 151
0.479817 0.010577 0.046210 
0.462778 0.978390 0.462022 
0.057405 0.011034 0.491768 
0.824491 0.120335 0.027587 0.027587 
0.250000 0.250000 0.250000 0.250000 
 152
0.479817 0.010577 0.046210 
0.462778 0.978390 0.462022 
0.057405 0.011034 0.491768 
0.917239 0.027587 0.027587 0.027587 
0.250000 0.250000 0.250000 0.250000 
 153
0.479817 0.010577 0.046210 
0.462778 0.978390 0.462022 
0.057405 0.011034 0.491768 
0.027587 0.027587 0.845782 0.099044 
0.250000 0.250000 0.250000 0.250000 
 154
0.479817 0.010577 0.046210 
0.462778 0.978390 0.462022 
0.057405 0.011034 0.491768 
0.917239 0.027587 0.027587 0.027587 
0.250000 0.250000 0.250000 0.250000 
 155
0.479817 0.010577 0.046210 
0.462778 0.978390 0.462022 
0.057405 0.011034 0.491768 
0.027587 0.027587 0.917239 0.027587 
0.250000 0.250000 0.250000 0.250000 
 156
0.479817 0.010577 0.046210 
0.462778 0.978390 0.462022 
0.057405 0.011034 0.491768 
0.522361 0.408130 0.041921 0.027587 
0.250000 0.250000 0.250000 0.250000 
 157
0.479817 0.010577 0.046210 
0.462778 0.978390 0.462022 
0.057405 0.011034 0.491768 
0.917239 0.027587 0.027587 0.027587 
0.250000 0.250000 0.250000 0.250000 
 158
0.479817 0.010577 0.046210 
0.462778 0.978390 0.462022 
0.057405 0.011034 0.491768 
0.027587 0.027587 0.824491 0.120335 
0.250000 0.250000 0.250000 0.250000 
 159
0.479817 0.010577 0.046210 
0.462778 0.978390 0.462022 
0.057405 0.011034 0.491768 
0.590213 0.341937 0.027587 0.040263 
0.250000 0.250000 0.250000 0.250000 
 160
0.479817 0.010577 0.046210 
0.462778 0.978390 0.462022 
0.057405 0.011034 0.491768 
0.917239 0.027587 0.027587 0.027587 
0.250000 0.250000 0.250000 0.250000 
 161
0.479817 0.010577 0.046210 
0.462778 0.978390 0.462022 
0.057405 0.011034 0.491768 
0.917239 0.027587 0.027587 0.027587 
0.250000 0.250000 0.250000 0.250000 
 162
0.479817 0.010577 0.046210 
0.462778 0.978390 0.462022 
0.057405 0.011034 0.491768 
0.027587 0.027587 0.257299 0.687527 
0.250000 0.250000 0.250000 0.250000 
 163
0.479817 0.010577 0.046210 
0.462778 0.978390 0.462022 
0.057405 0.011034 0.491768 
0.027587 0.027587 0.027587 0.917239 
0.250000 0.250000 0.250000 0.250000 
 164
0.479817 0.010577 0.046210 
0.462778 0.978390 0.462022 
0.057405 0.011034 0.491768 
0.917239 0.027587 0.027587 0.027587 
0.250000 0.250000 0.250000 0.250000 
 165
0.479817 0.010577 0.046210 
0.462778 0.978390 0.462022 
0.057405 0.011034 0.491768 
0.027587 0.027587 0.551331 0.393496 
0.250000 0.250000 0.250000 0.250000 
 166
0.479817 0.010577 0.046210 
0.462778 0.978390 0.462022 
0.057405 0.011034 0.491768 
0.027587 0.027587 0.027587 0.917239 
0.250000 0.250000 0.250000 0.250000 
 167
0.479817 0.010577 0.046210 
0.462778 0.978390 0.462022 
0.057405 0.011034 0.491768 
0.917239 0.027587 0.027587 0.027587 
0.250000 0.250000 0.250000 0.250000 
 168
0.479817 0.010577 0.046210 
0.462778 0.978390 0.462022 
0.057405 0.011034 0.491768 
0.027587 0.027587 0.820989 0.123837 
0.250000 0.250000 0.250000 0.250000 
 169
0.479817 0.010577 0.046210 
0.462778 0.978390 0.462022 
0.057405 0.011034 0.491768 
0.917239 0.027587 0.027587 0.027587 
0.250000 0.250000 0.250000 0.250000 
 170
0.479817 0.010577 0.046210 
0.462778 0.978390 0.462022 
0.057405 0.011034 0.491768 
0.917239 0.027587 0.027587 0.027587 
0.250000 0.250000 0.250000 0.250000 
 171
0.479817 0.010577 0.046210 
0.462778 0.978390 0.462022 
0.057405 0.011034 0.491768 
0.027587 0.027587 0.027587 0.917239 
0.250000 0.250000 0.250000 0.250000 
 172
0.479817 0.010577 0.046210 
0.462778 0.978390 0.462022 
0.057405 0.011034 0.491768 
0.027587 0.917239 0.027587 0.027587 
0.250000 0.250000 0.250000 0.250000 
 173
0.479817 0.010577 0.046210 
0.462778 0.978390 0.462022 
0.057405 0.011034 0.491768 
0.917239 0.027587 0.027587 0.027587 
0.250000 0.250000 0.250000 0.250000 
 174
0.479817 0.010577 0.046210 
0.462778 0.978390 0.462022 
0.057405 0.011034 0.491768 
0.042705 0.902121 0.027587 0.027587 
0.250000 0.250000 0.250000 0.250000 
 175
0.479817 0.010577 0.046210 
0.462778 0.978390 0.462022 
0.057405 0.011034 0.491768 
0.917239 0.027587 0.027587 0.027587 
0.250000 0.250000 0.250000 0.250000 
 176
0.479817 0.010577 0.046210 
0.462778 0.978390 0.462022 
0.057405 0.011034 0.491768 
0.027587 0.027587 0.917239 0.027587 
0.250000 0.250000 0.250000 0.250000 
 177
0.479817 0.010577 0.046210 
0.462778 0.978390 0.462022 
0.057405 0.011034 0.491768 
0.027587 0.027587 0.185110 0.759716 
0.250000 0.250000 0.250000 0.250000 
 178
0.479817 0.010577 0.046210 
0.462778 0.978390 0.462022 
0.057405 0.011034 0.491768 
0.027587 0.027587 0.027587 0.917239 
0.250000 0.250000 0.250000 0.250000 
 179
0.479817 0.010577 0.046210 
0.462778 0.978390 0.462022 
0.057405 0.011034 0.491768 
0.027587 0.027587 0.027587 0.917239 
0.250000 0.250000 0.250000 0.250000 
 180
0.479817 0.010577 0.046210 
0.462778 0.978390 0.462022 
0.057405 0.011034 0.491768 
0.027587 0.027587 0.027587 0.917239 
0.250000 0.250000 0.250000 0.250000 
 181
0.479817 0.010577 0.046210 
0.462778 0.978390 0.462022 
0.057405 0.011034 0.491768 
0.027587 0.917239 0.027587 0.027587 
0.250000 0.250000 0.250000 0.250000 
 182
0.479817 0.010577 0.046210 
0.462778 0.978390 0.462022 
0.057405 0.011034 0.491768 
0.027587 0.027587 0.027587 0.917239 
0.250000 0.250000 0.250000 0.250000 
 183
0.479817 0.010577 0.046210 
0.462778 0.978390 0.462022 
0.057405 0.011034 0.491768 
0.269294 0.027587 0.513415 0.189703 
0.250000 0.250000 0.250000 0.250000 
 184
0.479817 0.010577 0.046210 
0.462778 0.978390 0.462022 
0.057405 0.011034 0.491768 
0.917239 0.027587 0.027587 0.027587 
0.250000 0.250000 0.250000 0.250000 
 185
0.479817 0.010577 0.046210 
0.462778 0.978390 0.462022 
0.057405 0.011034 0.491768 
0.917239 0.027587 0.027587 0.027587 
0.250000 0.250000 0.250000 0.250000 
 186
0.479817 0.010577 0.046210 
0.462778 0.978390 0.462022 
0.057405 0.011034 0.491768 
0.027587 0.027587 0.027587 0.917239 
0.250000 0.250000 0.250000 0.250000 
 187
0.479817 0.010577 0.046210 
0.462778 0.978390 0.462022 
0.057405 0.011034 0.491768 
0.042980 0.901846 0.027587 0.027587 
0.250000 0.250000 0.250000 0.250000 
 188
0.479817 0.010577 0.046210 
0.462778 0.978390 0.462022 
0.057405 0.011034 0.491768 
0.027587 0.027587 0.027587 0.917239 
0.250000 0.250000 0.250000 0.250000 
 189
0.479817 0.010577 0.046210 
0.462778 0.978390 0.462022 
0.057405 0.011034 0.491768 
0.054539 0.327661 0.525952 0.091848 
0.250000 0.250000 0.250000 0.250000 
 190
0.479817 0.010577 0.046210 
0.462778 0.978390 0.462022 
0.057405 0.011034 0.491768 
0.917239 0.027587 0.027587 0.027587 
0.250000 0.250000 0.250000 0.250000 
 191
0.479817 0.010577 0.046210 
0.462778 0.978390 0.462022 
0.057405 0.011034 0.491768 
0.027587 0.027587 0.917239 0.027587 
0.250000 0.250000 0.250000 0.250000 
 192
0.479817 0.010577 0.046210 
0.462778 0.978390 0.462022 
0.057405 0.011034 0.491768 
0.439676 0.027587 0.505150 0.027587 
0.250000 0.250000 0.250000 0.250000 
 193
0.479817 0.010577 0.046210 
0.462778 0.978390 0.462022 
0.057405 0.011034 0.491768 
0.781166 0.027587 0.163660 0.027587 
0.250000 0.250000 0.250000 0.250000 
 194
0.479817 0.010577 0.046210 
0.462778 0.978390 0.462022 
0.057405 0.011034 0.491768 
0.917239 0.027587 0.027587 0.027587 
0.250000 0.250000 0.250000 0.250000 
 195
0.479817 0.010577 0.046210 
0.462778 0.978390 0.462022 
0.057405 0.011034 0.491768 
0.027587 0.027587 0.282122 0.662704 
0.250000 0.250000 0.250000 0.250000 
 196
0.479817 0.010577 0.046210 
0.462778 0.978390 0.462022 
0.057405 0.011034 0.491768 
0.027587 0.917239 0.027587 0.027587 
0.250000 0.250000 0.250000 0.250000 
 197
0.479817 0.010577 0.046210 
0.462778 0.978390 0.462022 
0.057405 0.011034 0.491768 
0.027587 0.027587 0.027587 0.917239 
0.250000 0.250000 0.250000 0.250000 
 198
0.479817 0.010577 0.046210 
0.462778 0.978390 0.462022 
0.057405 0.011034 0.491768 
0.126021 0.818805 0.027587 0.027587 
0.250000 0.250000 0.250000 0.250000 
 199
0.479817 0.010577 0.046210 
0.462778 0.978390 0.462022 
0.057405 0.011034 0.491768 
0.027587 0.027587 0.917239 0.027587 
0.250000 0.250000 0.250000 0.250000 
 200
0.479817 0.010577 0.046210 
0.462778 0.978390 0.462022 
0.057405 0.011034 0.491768 
0.917239 0.027587 0.027587 0.027587 
0.250000 0.250000 0.250000 0.250000 
 201
0.479817 0.010577 0.046210 
0.462778 0.978390 0.462022 
0.057405 0.011034 0.491768 
0.096028 0.848798 0.027587 0.027587 
0.250000 0.250000 0.250000 0.250000 
 202
0.479817 0.010577 0.046210 
0.462778 0.978390 0.462022 
0.057405 0.011034 0.491768 
0.917239 0.027587 0.027587 0.027587 
0.250000 0.250000 0.250000 0.250000 
 203
0.479817 0.010577 0.046210 
0.462778 0.978390 0.462022 
0.057405 0.011034 0.491768 
0.917239 0.027587 0.027587 0.027587 
0.250000 0.250000 0.250000 0.250000 
 204
0.479817 0.010577 0.046210 
0.462778 0.978390 0.462022 
0.057405 0.011034 0.491768 
0.027587 0.027587 0.917239 0.027587 
0.250000 0.250000 0.250000 0.250000 
 205
0.479817 0.010577 0.046210 
0.462778 0.978390 0.462022 
0.057405 0.011034 0.491768 
0.917239 0.027587 0.027587 0.027587 
0.250000 0.250000 0.250000 0.250000 
 206
0.479817 0.010577 0.046210 
0.462778 0.978390 0.462022 
0.057405 0.011034 0.491768 
0.917239 0.027587 0.027587 0.027587 
0.250000 0.250000 0.250000 0.250000 
 207
0.479817 0.010577 0.046210 
0.462778 0.978390 0.462022 
0.057405 0.011034 0.491768 
0.027587 0.027587 0.110066 0.834760 
0.250000 0.250000 0.250000 0.250000 
 208
0.479817 0.010577 0.046210 
0.462778 0.978390 0.462022 
0.057405 0.011034 0.491768 
0.027587 0.027587 0.027587 0.917239 
0.250000 0.250000 0.250000 0.250000 
 209
0.479817 0.010577 0.046210 
0.462778 0.978390 0.462022 
0.057405 0.011034 0.491768 
0.917239 0.027587 0.027587 0.027587 
0.250000 0.250000 0.250000 0.250000 
 210
0.479817 0.010577 0.046210 
0.462778 0.978390 0.462022 
0.057405 0.011034 0.491768 
0.027587 0.027587 0.027587 0.917239 
0.250000 0.250000 0.250000 0.250000 
 211
0.479817 0.010577 0.046210 
0.462778 0.978390 0.462022 
0.057405 0.011034 0.491768 
0.917239 0.027587 0.027587 0.027587 
0.250000 0.250000 0.250000 0.250000 
 212
0.479817 0.010577 0.046210 
0.462778 0.978390 0.462022 
0.057405 0.011034 0.491768 
0.027587 0.027587 0.917239 0.027587 
0.250000 0.250000 0.250000 0.250000 
 213
0.479817 0.010577 0.046210 
0.462778 0.978390 0.462022 
0.057405 0.011034 0.491768 
0.027587 0.027587 0.917239 0.027587 
0.250000 0.250000 0.250000 0.250000 
 214
0.479817 0.010577 0.046210 
0.462778 0.978390 0.462022 
0.057405 0.011034 0.491768 
0.917239 0.027587 0.027587 0.027587 
0.250000 0.250000 0.250000 0.250000 
 215
0.479817 0.010577 0.046210 
0.462778 0.978390 0.462022 
0.057405 0.011034 0.491768 
0.027587 0.027587 0.917239 0.027587 
0.250000 0.250000 0.250000 0.250000 
 216
0.479817 0.010577 0.046210 
0.462778 0.978390 0.462022 
0.057405 0.011034 0.491768 
0.549562 0.027587 0.152212 0.270640 
0.250000 0.250000 0.250000 0.250000 
 217
0.479817 0.010577 0.046210 
0.462778 0.978390 0.462022 
0.057405 0.011034 0.491768 
0.436974 0.494081 0.027587 0.041358 
0.250000 0.250000 0.250000 0.250000 
 218
0.479817 0.010577 0.046210 
0.462778 0.978390 0.462022 
0.057405 0.011034 0.491768 
0.027587 0.027587 0.027587 0.917239 
0.250000 0.250000 0.250000 0.250000 
 219
0.479817 0.010577 0.046210 
0.462778 0.978390 0.462022 
0.057405 0.011034 0.491768 
0.824491 0.027587 0.120335 0.027587 
0.250000 0.250000 0.250000 0.250000 
 220
0.479817 0.010577 0.046210 
0.462778 0.978390 0.462022 
0.057405 0.011034 0.491768 
0.889015 0.055811 0.027587 0.027587 
0.250000 0.250000 0.250000 0.250000 
 221
0.479817 0.010577 0.046210 
0.462778 0.978390 0.462022 
0.057405 0.011034 0.491768 
0.027587 0.027587 0.806769 0.138057 
0.250000 0.250000 0.250000 0.250000 
 222
0.479817 0.010577 0.046210 
0.462778 0.978390 0.462022 
0.057405 0.011034 0.491768 
0.027587 0.027587 0.027587 0.917239 
0.250000 0.250000 0.250000 0.250000 
 223
0.479817 0.010577 0.046210 
0.462778 0.978390 0.462022 
0.057405 0.011034 0.491768 
0.040928 0.903899 0.027587 0.027587 
0.250000 0.250000 0.250000 0.250000 
 224
0.479817 0.010577 0.046210 
0.462778 0.978390 0.462022 
0.057405 0.011034 0.491768 
0.917239 0.027587 0.027587 0.027587 
0.250000 0.250000 0.250000 0.250000 
 225
0.479817 0.010577 0.046210 
0.462778 0.978390 0.462022 
0.057405 0.011034 0.491768 
0.162817 0.753471 0.027587 0.056125 
0.250000 0.250000 0.250000 0.250000 
 226
0.479817 0.010577 0.046210 
0.462778 0.978390 0.462022 
0.057405 0.011034 0.491768 
0.027587 0.027587 0.903056 0.041770 
0.250000 0.250000 0.250000 0.250000 
 227
0.479817 0.010577 0.046210 
0.462778 0.978390 0.462022 
0.057405 0.011034 0.491768 
0.027587 0.027587 0.917239 0.027587 
0.250000 0.250000 0.250000 0.250000 
 228
0.479817 0.010577 0.046210 
0.462778 0.978390 0.462022 
0.057405 0.011034 0.491768 
0.027587 0.027587 0.734463 0.210363 
0.250000 0.250000 0.250000 0.250000 
 229
0.479817 0.010577 0.046210 
0.462778 0.978390 0.462022 
0.057405 0.011034 0.491768 
0.027587 0.027587 0.121884 0.822942 
0.250000 0.250000 0.250000 0.250000 
 230
0.479817 0.010577 0.046210 
0.462778 0.978390 0.462022 
0.057405 0.011034 0.491768 
0.027587 0.027587 0.917239 0.027587 
0.250000 0.250000 0.250000 0.250000 
 231
0.479817 0.010577 0.046210 
0.462778 0.978390 0.462022 
0.057405 0.011034 0.491768 
0.825561 0.119265 0.027587 0.027587 
0.250000 0.250000 0.250000 0.250000 
 232
0.479817 0.010577 0.046210 
0.462778 0.978390 0.462022 
0.057405 0.011034 0.491768 
0.453721 0.477067 0.027587 0.041625 
0.250000 0.250000 0.250000 0.250000 
 233
0.479817 0.010577 0.046210 
0.462778 0.978390 0.462022 
0.057405 0.011034 0.491768 
0.027587 0.283034 0.569044 0.120335 
0.250000 0.250000 0.250000 0.250000 
 234
0.479817 0.010577 0.046210 
0.462778 0.978390 0.462022 
0.057405 0.011034 0.491768 
0.041921 0.027587 0.838644 0.091848 
0.250000 0.250000 0.250000 0.250000 
 235
0.479817 0.010577 0.046210 
0.462778 0.978390 0.462022 
0.057405 0.011034 0.491768 
0.042705 0.027587 0.873583 0.056125 
0.250000 0.250000 0.250000 0.250000 
 236
