%  SAM: /scicomp/home/vfn4/Tools/LABEL_RES/scripts/modelfromalign v3.5 (July 15, 2005) compiled 12/08/06_16:15:55
%  (c) 1992-2001 Regents of the University of California, Santa Cruz
%
%          Sequence Alignment and Modeling Software System
%         http://www.cse.ucsc.edu/research/compbio/sam.html
%
% ----------------- Citations (SAM, SAM-T2K, HMMs) --------------------
% R. Hughey, A. Krogh, Hidden Markov models for sequence analysis:
%  Extension and analysis of the basic method, CABIOS 12:95-107, 1996.
% K. Karplus, et al., What is the value added by human intervention in protein
%  structure prediction, Proteins: Stucture, Function, Genetics 45(S5):86--91, 2001.
% A. Krogh et al., Hidden Markov models in computational biology:
%  Applications to protein modeling, JMB 235:1501-1531, Feb 1994.
% ---------------------------------------------------------------------
%  A_NA_N7_hmm   Host: node5.aspen.biotech.cdc.gov    Thu Jun  5 17:05:12 2014
%  vfn4          Dir:  /scicomp/home/vfn4/IRMA/train2
% ---------------------------------------------------------------------
%  Alignment weights from internal calc.  Total (23.47) Max (0.19) Min (0.03)
%  Weights from alignment method 1 (karplus), b=-1.000000, e=0.500000
MODEL --  Model from alignment file /scicomp/home/vfn4/Tools/LABEL_RES/training_data/IRMA/A_NA_N7.fasta
alphabet DNA
FREQAVE
0.000000 0.000000 0.000000 
0.000000 0.000000 0.000000 
0.000000 0.000000 0.000000 
0.336897 0.236817 0.194790 0.231496 
0.336897 0.236817 0.194790 0.231496 
Begin
0.000000 0.000000 0.000000 
0.000000 0.000000 0.000000 
0.000000 0.006731 0.491768 
0.250000 0.250000 0.250000 0.250000 
0.250000 0.250000 0.250000 0.250000 
   1
0.000000 0.110273 0.046210 
0.000000 0.882997 0.462022 
0.028096 0.007510 0.491768 
0.963183 0.012272 0.012272 0.012272 
0.250000 0.250000 0.250000 0.250000 
   2
0.741282 0.007199 0.046210 
0.230622 0.985290 0.462022 
0.028212 0.007503 0.491768 
0.012253 0.012253 0.012253 0.963242 
0.250000 0.250000 0.250000 0.250000 
   3
0.744352 0.007192 0.046210 
0.227436 0.985304 0.462022 
0.028212 0.007503 0.491768 
0.012253 0.963242 0.012253 0.012253 
0.250000 0.250000 0.250000 0.250000 
   4
0.716945 0.007192 0.046210 
0.254843 0.985304 0.462022 
0.029007 0.007457 0.491768 
0.963633 0.012122 0.012122 0.012122 
0.250000 0.250000 0.250000 0.250000 
   5
0.737148 0.007148 0.046210 
0.233845 0.985395 0.462022 
0.029007 0.007457 0.491768 
0.963633 0.012122 0.012122 0.012122 
0.250000 0.250000 0.250000 0.250000 
   6
0.726208 0.007148 0.046210 
0.244784 0.985395 0.462022 
0.029328 0.007439 0.491768 
0.012072 0.012072 0.012072 0.963783 
0.250000 0.250000 0.250000 0.250000 
   7
0.702250 0.007131 0.046210 
0.268422 0.985429 0.462022 
0.030297 0.007389 0.491768 
0.011931 0.011931 0.964208 0.011931 
0.250000 0.250000 0.250000 0.250000 
   8
0.725458 0.007082 0.046210 
0.244245 0.985529 0.462022 
0.030297 0.007389 0.491768 
0.011931 0.011931 0.964208 0.011931 
0.250000 0.250000 0.250000 0.250000 
   9
0.716508 0.007082 0.046210 
0.253194 0.985529 0.462022 
0.030571 0.007375 0.491768 
0.362318 0.011893 0.011893 0.613896 
0.250000 0.250000 0.250000 0.250000 
  10
0.711752 0.007069 0.046210 
0.257677 0.985556 0.462022 
0.030918 0.007358 0.491768 
0.964462 0.011846 0.011846 0.011846 
0.250000 0.250000 0.250000 0.250000 
  11
0.715320 0.007053 0.046210 
0.253762 0.985589 0.462022 
0.031058 0.007351 0.491768 
0.958692 0.017653 0.011827 0.011827 
0.250000 0.250000 0.250000 0.250000 
  12
0.718563 0.007047 0.046210 
0.250379 0.985602 0.462022 
0.031058 0.007351 0.491768 
0.014545 0.011827 0.015233 0.958395 
0.250000 0.250000 0.250000 0.250000 
  13
0.712952 0.007047 0.046210 
0.255990 0.985602 0.462022 
0.031233 0.007343 0.491768 
0.011805 0.011805 0.961873 0.014517 
0.250000 0.250000 0.250000 0.250000 
  14
0.716975 0.007039 0.046210 
0.251792 0.985618 0.462022 
0.031233 0.007343 0.491768 
0.961873 0.011805 0.014517 0.011805 
0.250000 0.250000 0.250000 0.250000 
  15
0.712344 0.007039 0.046210 
0.256422 0.985618 0.462022 
0.031379 0.007336 0.491768 
0.555552 0.420876 0.011786 0.011786 
0.250000 0.250000 0.250000 0.250000 
  16
0.672686 0.007032 0.046210 
0.295935 0.985631 0.462022 
0.032788 0.007274 0.491768 
0.965095 0.011635 0.011635 0.011635 
0.250000 0.250000 0.250000 0.250000 
  17
0.646548 0.006973 0.046210 
0.320664 0.985753 0.462022 
0.034745 0.007198 0.491768 
0.963756 0.013422 0.011411 0.011411 
0.250000 0.250000 0.250000 0.250000 
  18
0.654005 0.006900 0.046210 
0.311250 0.985903 0.462022 
0.035862 0.007159 0.491768 
0.961265 0.013979 0.011324 0.013432 
0.250000 0.250000 0.250000 0.250000 
  19
0.595035 0.006862 0.046210 
0.369102 0.985979 0.462022 
0.038981 0.007063 0.491768 
0.011055 0.011055 0.491999 0.485891 
0.250000 0.250000 0.250000 0.250000 
  20
0.603310 0.006770 0.046210 
0.357709 0.986167 0.462022 
0.040752 0.007016 0.491768 
0.010933 0.010933 0.010933 0.967201 
0.250000 0.250000 0.250000 0.250000 
  21
0.592334 0.006725 0.046210 
0.366914 0.986259 0.462022 
0.042379 0.006977 0.491768 
0.913179 0.010832 0.065156 0.010832 
0.250000 0.250000 0.250000 0.250000 
  22
0.587027 0.006688 0.046210 
0.370595 0.986335 0.462022 
0.043642 0.006949 0.491768 
0.010760 0.010760 0.010760 0.967719 
0.250000 0.250000 0.250000 0.250000 
  23
0.572323 0.006661 0.046210 
0.384035 0.986390 0.462022 
0.045095 0.006919 0.491768 
0.010684 0.010684 0.010684 0.967948 
0.250000 0.250000 0.250000 0.250000 
  24
0.564556 0.006632 0.046210 
0.390349 0.986449 0.462022 
0.046337 0.006895 0.491768 
0.010623 0.010623 0.462289 0.516465 
0.250000 0.250000 0.250000 0.250000 
  25
0.573297 0.006609 0.046210 
0.380366 0.986497 0.462022 
0.046655 0.006889 0.491768 
0.039016 0.939768 0.010608 0.010608 
0.250000 0.250000 0.250000 0.250000 
  26
0.562057 0.006603 0.046210 
0.391288 0.986508 0.462022 
0.047374 0.006876 0.491768 
0.010575 0.010575 0.968275 0.010575 
0.250000 0.250000 0.250000 0.250000 
  27
0.549440 0.006591 0.046210 
0.403186 0.986534 0.462022 
0.048404 0.006858 0.491768 
0.960825 0.014439 0.010530 0.014205 
0.250000 0.250000 0.250000 0.250000 
  28
0.554319 0.006573 0.046210 
0.397277 0.986569 0.462022 
0.048748 0.006852 0.491768 
0.010515 0.010515 0.587823 0.391146 
0.250000 0.250000 0.250000 0.250000 
  29
0.550691 0.006568 0.046210 
0.400561 0.986580 0.462022 
0.049120 0.006846 0.491768 
0.010500 0.010500 0.063155 0.915845 
0.250000 0.250000 0.250000 0.250000 
  30
0.554893 0.006562 0.046210 
0.395987 0.986593 0.462022 
0.049120 0.006846 0.491768 
0.505021 0.018560 0.465919 0.010500 
0.250000 0.250000 0.250000 0.250000 
  31
0.554893 0.006562 0.046210 
0.395987 0.986593 0.462022 
0.049120 0.006846 0.491768 
0.010500 0.010500 0.010500 0.968501 
0.250000 0.250000 0.250000 0.250000 
  32
0.554893 0.006562 0.046210 
0.395987 0.986593 0.462022 
0.049120 0.006846 0.491768 
0.010500 0.010500 0.968501 0.010500 
0.250000 0.250000 0.250000 0.250000 
  33
0.547728 0.006562 0.046210 
0.403152 0.986593 0.462022 
0.049475 0.006840 0.491768 
0.043111 0.010485 0.064899 0.881505 
0.250000 0.250000 0.250000 0.250000 
  34
0.551681 0.006556 0.046210 
0.398845 0.986604 0.462022 
0.049475 0.006840 0.491768 
0.010485 0.968544 0.010485 0.010485 
0.250000 0.250000 0.250000 0.250000 
  35
0.544445 0.006556 0.046210 
0.406080 0.986604 0.462022 
0.049835 0.006834 0.491768 
0.013266 0.965793 0.010471 0.010471 
0.250000 0.250000 0.250000 0.250000 
  36
0.548413 0.006551 0.046210 
0.401751 0.986615 0.462022 
0.049835 0.006834 0.491768 
0.683610 0.291395 0.010471 0.014524 
0.250000 0.250000 0.250000 0.250000 
  37
0.548413 0.006551 0.046210 
0.401751 0.986615 0.462022 
0.049835 0.006834 0.491768 
0.082219 0.896839 0.010471 0.010471 
0.250000 0.250000 0.250000 0.250000 
  38
0.532713 0.006551 0.046210 
0.417452 0.986615 0.462022 
0.050630 0.006822 0.491768 
0.010440 0.010440 0.010440 0.968681 
0.250000 0.250000 0.250000 0.250000 
  39
0.533300 0.006539 0.046210 
0.416070 0.986640 0.462022 
0.051034 0.006815 0.491768 
0.104501 0.874650 0.010424 0.010424 
0.250000 0.250000 0.250000 0.250000 
  40
0.537552 0.006533 0.046210 
0.411414 0.986652 0.462022 
0.051034 0.006815 0.491768 
0.032782 0.946369 0.010424 0.010424 
0.250000 0.250000 0.250000 0.250000 
  41
0.537552 0.006533 0.046210 
0.411414 0.986652 0.462022 
0.051034 0.006815 0.491768 
0.010424 0.010424 0.968727 0.010424 
0.250000 0.250000 0.250000 0.250000 
  42
0.537552 0.006533 0.046210 
0.411414 0.986652 0.462022 
0.051034 0.006815 0.491768 
0.489326 0.031837 0.416788 0.062049 
0.250000 0.250000 0.250000 0.250000 
  43
0.527247 0.006533 0.046210 
0.421719 0.986652 0.462022 
0.051565 0.006807 0.491768 
0.957333 0.021858 0.010405 0.010405 
0.250000 0.250000 0.250000 0.250000 
  44
0.532737 0.006525 0.046210 
0.415698 0.986667 0.462022 
0.051565 0.006807 0.491768 
0.010405 0.010405 0.010405 0.968786 
0.250000 0.250000 0.250000 0.250000 
  45
0.532737 0.006525 0.046210 
0.415698 0.986667 0.462022 
0.051565 0.006807 0.491768 
0.968786 0.010405 0.010405 0.010405 
0.250000 0.250000 0.250000 0.250000 
  46
0.532737 0.006525 0.046210 
0.415698 0.986667 0.462022 
0.051565 0.006807 0.491768 
0.014052 0.963055 0.010405 0.012489 
0.250000 0.250000 0.250000 0.250000 
  47
0.532737 0.006525 0.046210 
0.415698 0.986667 0.462022 
0.051565 0.006807 0.491768 
0.010405 0.010405 0.929009 0.050182 
0.250000 0.250000 0.250000 0.250000 
  48
0.525501 0.006525 0.046210 
0.422934 0.986667 0.462022 
0.051941 0.006802 0.491768 
0.891882 0.078818 0.018910 0.010391 
0.250000 0.250000 0.250000 0.250000 
  49
0.529331 0.006520 0.046210 
0.418728 0.986678 0.462022 
0.051941 0.006802 0.491768 
0.010391 0.010391 0.961427 0.017791 
0.250000 0.250000 0.250000 0.250000 
  50
0.529331 0.006520 0.046210 
0.418728 0.986678 0.462022 
0.051941 0.006802 0.491768 
0.010391 0.010391 0.010391 0.968827 
0.250000 0.250000 0.250000 0.250000 
  51
0.529331 0.006520 0.046210 
0.418728 0.986678 0.462022 
0.051941 0.006802 0.491768 
0.067896 0.462829 0.024250 0.445024 
0.250000 0.250000 0.250000 0.250000 
  52
0.529331 0.006520 0.046210 
0.418728 0.986678 0.462022 
0.051941 0.006802 0.491768 
0.911281 0.067938 0.010391 0.010391 
0.250000 0.250000 0.250000 0.250000 
  53
0.529331 0.006520 0.046210 
0.418728 0.986678 0.462022 
0.051941 0.006802 0.491768 
0.012147 0.962753 0.014710 0.010391 
0.250000 0.250000 0.250000 0.250000 
  54
0.522025 0.006520 0.046210 
0.426035 0.986678 0.462022 
0.052323 0.006796 0.491768 
0.043447 0.029348 0.015516 0.911689 
0.250000 0.250000 0.250000 0.250000 
  55
0.525867 0.006515 0.046210 
0.421810 0.986689 0.462022 
0.052323 0.006796 0.491768 
0.541389 0.437857 0.010377 0.010377 
0.250000 0.250000 0.250000 0.250000 
  56
0.525867 0.006515 0.046210 
0.421810 0.986689 0.462022 
0.052323 0.006796 0.491768 
0.010377 0.010377 0.017738 0.961508 
0.250000 0.250000 0.250000 0.250000 
  57
0.525867 0.006515 0.046210 
0.421810 0.986689 0.462022 
0.052323 0.006796 0.491768 
0.503867 0.016830 0.461634 0.017669 
0.250000 0.250000 0.250000 0.250000 
  58
0.525867 0.006515 0.046210 
0.421810 0.986689 0.462022 
0.052323 0.006796 0.491768 
0.067455 0.021318 0.881351 0.029876 
0.250000 0.250000 0.250000 0.250000 
  59
0.525867 0.006515 0.046210 
0.421810 0.986689 0.462022 
0.052323 0.006796 0.491768 
0.010377 0.010377 0.010377 0.968869 
0.250000 0.250000 0.250000 0.250000 
  60
0.525867 0.006515 0.046210 
0.421810 0.986689 0.462022 
0.052323 0.006796 0.491768 
0.076883 0.441869 0.468926 0.012323 
0.250000 0.250000 0.250000 0.250000 
  61
0.525867 0.006515 0.046210 
0.421810 0.986689 0.462022 
0.052323 0.006796 0.491768 
0.968869 0.010377 0.010377 0.010377 
0.250000 0.250000 0.250000 0.250000 
  62
0.525867 0.006515 0.046210 
0.421810 0.986689 0.462022 
0.052323 0.006796 0.491768 
0.968869 0.010377 0.010377 0.010377 
0.250000 0.250000 0.250000 0.250000 
  63
0.525867 0.006515 0.046210 
0.421810 0.986689 0.462022 
0.052323 0.006796 0.491768 
0.010377 0.010377 0.892658 0.086588 
0.250000 0.250000 0.250000 0.250000 
  64
0.525867 0.006515 0.046210 
0.421810 0.986689 0.462022 
0.052323 0.006796 0.491768 
0.010377 0.010377 0.525877 0.453369 
0.250000 0.250000 0.250000 0.250000 
  65
0.525867 0.006515 0.046210 
0.421810 0.986689 0.462022 
0.052323 0.006796 0.491768 
0.010377 0.010377 0.010377 0.968869 
0.250000 0.250000 0.250000 0.250000 
  66
0.525867 0.006515 0.046210 
0.421810 0.986689 0.462022 
0.052323 0.006796 0.491768 
0.853609 0.073596 0.025141 0.047654 
0.250000 0.250000 0.250000 0.250000 
  67
0.525867 0.006515 0.046210 
0.421810 0.986689 0.462022 
0.052323 0.006796 0.491768 
0.051651 0.010377 0.491321 0.446651 
0.250000 0.250000 0.250000 0.250000 
  68
0.525867 0.006515 0.046210 
0.421810 0.986689 0.462022 
0.052323 0.006796 0.491768 
0.010377 0.010377 0.010377 0.968869 
0.250000 0.250000 0.250000 0.250000 
  69
0.525867 0.006515 0.046210 
0.421810 0.986689 0.462022 
0.052323 0.006796 0.491768 
0.504432 0.437536 0.047654 0.010377 
0.250000 0.250000 0.250000 0.250000 
  70
0.525867 0.006515 0.046210 
0.421810 0.986689 0.462022 
0.052323 0.006796 0.491768 
0.956276 0.022970 0.010377 0.010377 
0.250000 0.250000 0.250000 0.250000 
  71
0.525867 0.006515 0.046210 
0.421810 0.986689 0.462022 
0.052323 0.006796 0.491768 
0.010399 0.010399 0.010399 0.968803 
0.250000 0.250000 0.250000 0.250000 
  72
0.525867 0.006515 0.046210 
0.421810 0.986689 0.462022 
0.052323 0.006796 0.491768 
0.968869 0.010377 0.010377 0.010377 
0.250000 0.250000 0.250000 0.250000 
  73
0.525867 0.006515 0.046210 
0.421810 0.986689 0.462022 
0.052323 0.006796 0.491768 
0.010377 0.968869 0.010377 0.010377 
0.250000 0.250000 0.250000 0.250000 
  74
0.525867 0.006515 0.046210 
0.421810 0.986689 0.462022 
0.052323 0.006796 0.491768 
0.010377 0.968869 0.010377 0.010377 
0.250000 0.250000 0.250000 0.250000 
  75
0.525867 0.006515 0.046210 
0.421810 0.986689 0.462022 
0.052323 0.006796 0.491768 
0.938616 0.040630 0.010377 0.010377 
0.250000 0.250000 0.250000 0.250000 
  76
0.525867 0.006515 0.046210 
0.421810 0.986689 0.462022 
0.052323 0.006796 0.491768 
0.959549 0.016438 0.013636 0.010377 
0.250000 0.250000 0.250000 0.250000 
  77
0.525867 0.006515 0.046210 
0.421810 0.986689 0.462022 
0.052323 0.006796 0.491768 
0.010377 0.010377 0.015394 0.963852 
0.250000 0.250000 0.250000 0.250000 
  78
0.525867 0.006515 0.046210 
0.421810 0.986689 0.462022 
0.052323 0.006796 0.491768 
0.520967 0.010377 0.402151 0.066505 
0.250000 0.250000 0.250000 0.250000 
  79
0.525867 0.006515 0.046210 
0.421810 0.986689 0.462022 
0.052323 0.006796 0.491768 
0.010377 0.010377 0.010377 0.968869 
0.250000 0.250000 0.250000 0.250000 
  80
0.516804 0.006515 0.046210 
0.430872 0.986689 0.462022 
0.052802 0.006790 0.491768 
0.010360 0.010360 0.968919 0.010360 
0.250000 0.250000 0.250000 0.250000 
  81
0.521531 0.006508 0.046210 
0.425668 0.986702 0.462022 
0.052802 0.006790 0.491768 
0.457536 0.010360 0.521743 0.010360 
0.250000 0.250000 0.250000 0.250000 
  82
0.521531 0.006508 0.046210 
0.425668 0.986702 0.462022 
0.052802 0.006790 0.491768 
0.968919 0.010360 0.010360 0.010360 
0.250000 0.250000 0.250000 0.250000 
  83
0.521531 0.006508 0.046210 
0.425668 0.986702 0.462022 
0.052802 0.006790 0.491768 
0.968919 0.010360 0.010360 0.010360 
0.250000 0.250000 0.250000 0.250000 
  84
0.521531 0.006508 0.046210 
0.425668 0.986702 0.462022 
0.052802 0.006790 0.491768 
0.010360 0.010360 0.204584 0.774696 
0.250000 0.250000 0.250000 0.250000 
  85
0.521531 0.006508 0.046210 
0.425668 0.986702 0.462022 
0.052802 0.006790 0.491768 
0.067855 0.911424 0.010360 0.010360 
0.250000 0.250000 0.250000 0.250000 
  86
0.521531 0.006508 0.046210 
0.425668 0.986702 0.462022 
0.052802 0.006790 0.491768 
0.010360 0.010360 0.010360 0.968919 
0.250000 0.250000 0.250000 0.250000 
  87
0.521531 0.006508 0.046210 
0.425668 0.986702 0.462022 
0.052802 0.006790 0.491768 
0.010360 0.521743 0.411533 0.056363 
0.250000 0.250000 0.250000 0.250000 
  88
0.521531 0.006508 0.046210 
0.425668 0.986702 0.462022 
0.052802 0.006790 0.491768 
0.062317 0.916963 0.010360 0.010360 
0.250000 0.250000 0.250000 0.250000 
  89
0.521531 0.006508 0.046210 
0.425668 0.986702 0.462022 
0.052802 0.006790 0.491768 
0.010360 0.966563 0.010360 0.012716 
0.250000 0.250000 0.250000 0.250000 
  90
0.521531 0.006508 0.046210 
0.425668 0.986702 0.462022 
0.052802 0.006790 0.491768 
0.799468 0.127855 0.010360 0.062317 
0.250000 0.250000 0.250000 0.250000 
  91
0.521531 0.006508 0.046210 
0.425668 0.986702 0.462022 
0.052802 0.006790 0.491768 
0.010360 0.010360 0.482505 0.496775 
0.250000 0.250000 0.250000 0.250000 
  92
0.521531 0.006508 0.046210 
0.425668 0.986702 0.462022 
0.052802 0.006790 0.491768 
0.010360 0.010360 0.010360 0.968919 
0.250000 0.250000 0.250000 0.250000 
  93
0.521531 0.006508 0.046210 
0.425668 0.986702 0.462022 
0.052802 0.006790 0.491768 
0.066571 0.905576 0.010360 0.017493 
0.250000 0.250000 0.250000 0.250000 
  94
0.521531 0.006508 0.046210 
0.425668 0.986702 0.462022 
0.052802 0.006790 0.491768 
0.968919 0.010360 0.010360 0.010360 
0.250000 0.250000 0.250000 0.250000 
  95
0.521531 0.006508 0.046210 
0.425668 0.986702 0.462022 
0.052802 0.006790 0.491768 
0.967208 0.012071 0.010360 0.010360 
0.250000 0.250000 0.250000 0.250000 
  96
0.521531 0.006508 0.046210 
0.425668 0.986702 0.462022 
0.052802 0.006790 0.491768 
0.010360 0.012289 0.237437 0.739914 
0.250000 0.250000 0.250000 0.250000 
  97
0.521531 0.006508 0.046210 
0.425668 0.986702 0.462022 
0.052802 0.006790 0.491768 
0.086450 0.892829 0.010360 0.010360 
0.250000 0.250000 0.250000 0.250000 
  98
0.521531 0.006508 0.046210 
0.425668 0.986702 0.462022 
0.052802 0.006790 0.491768 
0.010360 0.010360 0.010360 0.968919 
0.250000 0.250000 0.250000 0.250000 
  99
0.521531 0.006508 0.046210 
0.425668 0.986702 0.462022 
0.052802 0.006790 0.491768 
0.444893 0.051094 0.464187 0.039826 
0.250000 0.250000 0.250000 0.250000 
 100
0.521531 0.006508 0.046210 
0.425668 0.986702 0.462022 
0.052802 0.006790 0.491768 
0.010360 0.010360 0.010360 0.968919 
0.250000 0.250000 0.250000 0.250000 
 101
0.521531 0.006508 0.046210 
0.425668 0.986702 0.462022 
0.052802 0.006790 0.491768 
0.010360 0.010360 0.963911 0.015369 
0.250000 0.250000 0.250000 0.250000 
 102
0.521531 0.006508 0.046210 
0.425668 0.986702 0.462022 
0.052802 0.006790 0.491768 
0.469787 0.010360 0.081578 0.438275 
0.250000 0.250000 0.250000 0.250000 
 103
0.521531 0.006508 0.046210 
0.425668 0.986702 0.462022 
0.052802 0.006790 0.491768 
0.010360 0.013676 0.773807 0.202157 
0.250000 0.250000 0.250000 0.250000 
 104
0.521531 0.006508 0.046210 
0.425668 0.986702 0.462022 
0.052802 0.006790 0.491768 
0.010360 0.010360 0.010360 0.968919 
0.250000 0.250000 0.250000 0.250000 
 105
0.521531 0.006508 0.046210 
0.425668 0.986702 0.462022 
0.052802 0.006790 0.491768 
0.964169 0.015111 0.010360 0.010360 
0.250000 0.250000 0.250000 0.250000 
 106
0.521531 0.006508 0.046210 
0.425668 0.986702 0.462022 
0.052802 0.006790 0.491768 
0.010360 0.010360 0.916963 0.062317 
0.250000 0.250000 0.250000 0.250000 
 107
0.513835 0.006508 0.046210 
0.433363 0.986702 0.462022 
0.053211 0.006784 0.491768 
0.968961 0.010346 0.010346 0.010346 
0.250000 0.250000 0.250000 0.250000 
 108
0.517820 0.006503 0.046210 
0.428969 0.986713 0.462022 
0.053211 0.006784 0.491768 
0.010346 0.010346 0.547671 0.431636 
0.250000 0.250000 0.250000 0.250000 
 109
0.517820 0.006503 0.046210 
0.428969 0.986713 0.462022 
0.053211 0.006784 0.491768 
0.010346 0.010346 0.801735 0.177573 
0.250000 0.250000 0.250000 0.250000 
 110
0.517820 0.011730 0.046210 
0.428969 0.981486 0.462022 
0.050759 0.006820 0.491768 
0.010435 0.010435 0.062764 0.916366 
0.250000 0.250000 0.250000 0.250000 
 111
0.540040 0.006537 0.046210 
0.409201 0.986644 0.462022 
0.050759 0.006820 0.491768 
0.889947 0.089184 0.010435 0.010435 
0.250000 0.250000 0.250000 0.250000 
 112
0.528013 0.006537 0.046210 
0.421228 0.986644 0.462022 
0.051377 0.006810 0.491768 
0.966538 0.012639 0.010411 0.010411 
0.250000 0.250000 0.250000 0.250000 
 113
0.534441 0.006528 0.046210 
0.414182 0.986662 0.462022 
0.051377 0.006810 0.491768 
0.945187 0.033990 0.010411 0.010411 
0.250000 0.250000 0.250000 0.250000 
 114
0.526476 0.006528 0.046210 
0.422147 0.986662 0.462022 
0.051790 0.006804 0.491768 
0.144669 0.834539 0.010396 0.010396 
0.250000 0.250000 0.250000 0.250000 
 115
0.530703 0.006522 0.046210 
0.417507 0.986674 0.462022 
0.051790 0.006804 0.491768 
0.100707 0.878501 0.010396 0.010396 
0.250000 0.250000 0.250000 0.250000 
 116
0.530703 0.006522 0.046210 
0.417507 0.986674 0.462022 
0.051790 0.006804 0.491768 
0.481562 0.497645 0.010396 0.010396 
0.250000 0.250000 0.250000 0.250000 
 117
0.530703 0.006522 0.046210 
0.417507 0.986674 0.462022 
0.051790 0.006804 0.491768 
0.722653 0.036804 0.224608 0.015935 
0.250000 0.250000 0.250000 0.250000 
 118
0.530703 0.006522 0.046210 
0.417507 0.986674 0.462022 
0.051790 0.006804 0.491768 
0.867402 0.111805 0.010396 0.010396 
0.250000 0.250000 0.250000 0.250000 
 119
0.530703 0.006522 0.046210 
0.417507 0.986674 0.462022 
0.051790 0.006804 0.491768 
0.518158 0.449593 0.021853 0.010396 
0.250000 0.250000 0.250000 0.250000 
 120
0.530703 0.006522 0.046210 
0.417507 0.986674 0.462022 
0.051790 0.006804 0.491768 
0.437975 0.068940 0.468328 0.024757 
0.250000 0.250000 0.250000 0.250000 
 121
0.530703 0.325314 0.046210 
0.417507 0.667882 0.462022 
0.013422 0.009988 0.491768 
0.072984 0.883859 0.021578 0.021578 
0.250000 0.250000 0.250000 0.250000 
 122
0.878379 0.009574 0.046210 
0.108200 0.980437 0.462022 
0.013422 0.009988 0.491768 
0.038489 0.913066 0.021578 0.026866 
0.250000 0.250000 0.250000 0.250000 
 123
0.878379 0.009574 0.046210 
0.108200 0.980437 0.462022 
0.013422 0.009988 0.491768 
0.799989 0.153199 0.025233 0.021578 
0.250000 0.250000 0.250000 0.250000 
 124
0.137535 0.009574 0.046210 
0.849043 0.980437 0.462022 
0.051790 0.006804 0.491768 
0.600272 0.026994 0.362338 0.010396 
0.250000 0.250000 0.250000 0.250000 
 125
0.530703 0.006522 0.046210 
0.417507 0.986674 0.462022 
0.051790 0.006804 0.491768 
0.240235 0.298057 0.436504 0.025203 
0.250000 0.250000 0.250000 0.250000 
 126
0.530703 0.006522 0.046210 
0.417507 0.986674 0.462022 
0.051790 0.006804 0.491768 
0.010396 0.010396 0.501364 0.477844 
0.250000 0.250000 0.250000 0.250000 
 127
0.530703 0.008292 0.046210 
0.417507 0.984903 0.462022 
0.050980 0.006816 0.491768 
0.567989 0.358871 0.062714 0.010426 
0.250000 0.250000 0.250000 0.250000 
 128
0.538037 0.006534 0.046210 
0.410983 0.986650 0.462022 
0.050980 0.006816 0.491768 
0.962781 0.016366 0.010426 0.010426 
0.250000 0.250000 0.250000 0.250000 
 129
0.538037 0.006534 0.046210 
0.410983 0.986650 0.462022 
0.050980 0.006816 0.491768 
0.403548 0.079810 0.494348 0.022293 
0.250000 0.250000 0.250000 0.250000 
 130
0.538037 0.006534 0.046210 
0.410983 0.986650 0.462022 
0.050980 0.006816 0.491768 
0.074735 0.010426 0.904412 0.010426 
0.250000 0.250000 0.250000 0.250000 
 131
0.538037 0.006534 0.046210 
0.410983 0.986650 0.462022 
0.050980 0.006816 0.491768 
0.965424 0.013724 0.010426 0.010426 
0.250000 0.250000 0.250000 0.250000 
 132
0.538037 0.006534 0.046210 
0.410983 0.986650 0.462022 
0.050980 0.006816 0.491768 
0.355732 0.623415 0.010426 0.010426 
0.250000 0.250000 0.250000 0.250000 
 133
0.538037 0.006534 0.046210 
0.410983 0.986650 0.462022 
0.050980 0.006816 0.491768 
0.064480 0.914668 0.010426 0.010426 
0.250000 0.250000 0.250000 0.250000 
 134
0.538037 0.006534 0.046210 
0.410983 0.986650 0.462022 
0.050980 0.006816 0.491768 
0.953887 0.025260 0.010426 0.010426 
0.250000 0.250000 0.250000 0.250000 
 135
0.538037 0.006534 0.046210 
0.410983 0.986650 0.462022 
0.050980 0.006816 0.491768 
0.105178 0.354266 0.073632 0.466924 
0.250000 0.250000 0.250000 0.250000 
 136
0.538037 0.006534 0.046210 
0.410983 0.986650 0.462022 
0.050980 0.006816 0.491768 
0.541388 0.437760 0.010426 0.010426 
0.250000 0.250000 0.250000 0.250000 
 137
0.538037 0.007388 0.046210 
0.410983 0.985796 0.462022 
0.050599 0.006822 0.491768 
0.921678 0.057440 0.010441 0.010441 
0.250000 0.250000 0.250000 0.250000 
 138
0.541489 0.007390 0.046210 
0.407911 0.985788 0.462022 
0.050226 0.006828 0.491768 
0.457353 0.442430 0.025307 0.074910 
0.250000 0.250000 0.250000 0.250000 
 139
0.544872 0.006545 0.046210 
0.404902 0.986627 0.462022 
0.050226 0.006828 0.491768 
0.968634 0.010455 0.010455 0.010455 
0.250000 0.250000 0.250000 0.250000 
 140
0.544872 0.006545 0.046210 
0.404902 0.986627 0.462022 
0.050226 0.006828 0.491768 
0.959376 0.017973 0.010455 0.012195 
0.250000 0.250000 0.250000 0.250000 
 141
0.544872 0.006545 0.046210 
0.404902 0.986627 0.462022 
0.050226 0.006828 0.491768 
0.010455 0.010455 0.084272 0.894817 
0.250000 0.250000 0.250000 0.250000 
 142
0.544872 0.006545 0.046210 
0.404902 0.986627 0.462022 
0.050226 0.006828 0.491768 
0.010455 0.010455 0.067677 0.911413 
0.250000 0.250000 0.250000 0.250000 
 143
0.544872 0.007417 0.046210 
0.404902 0.985755 0.462022 
0.049849 0.006834 0.491768 
0.010470 0.476584 0.059575 0.453372 
0.250000 0.250000 0.250000 0.250000 
 144
0.548286 0.006551 0.046210 
0.401864 0.986616 0.462022 
0.049849 0.006834 0.491768 
0.412709 0.562095 0.010470 0.014727 
0.250000 0.250000 0.250000 0.250000 
 145
0.548286 0.006551 0.046210 
0.401864 0.986616 0.462022 
0.049849 0.006834 0.491768 
0.968589 0.010470 0.010470 0.010470 
0.250000 0.250000 0.250000 0.250000 
 146
0.548286 0.006551 0.046210 
0.401864 0.986616 0.462022 
0.049849 0.006834 0.491768 
0.010470 0.010470 0.968589 0.010470 
0.250000 0.250000 0.250000 0.250000 
 147
0.548286 0.006551 0.046210 
0.401864 0.986616 0.462022 
0.049849 0.006834 0.491768 
0.873379 0.105681 0.010470 0.010470 
0.250000 0.250000 0.250000 0.250000 
 148
0.548286 0.006551 0.046210 
0.401864 0.986616 0.462022 
0.049849 0.006834 0.491768 
0.010470 0.010470 0.010470 0.968589 
0.250000 0.250000 0.250000 0.250000 
 149
0.548286 0.006551 0.046210 
0.401864 0.986616 0.462022 
0.049849 0.006834 0.491768 
0.016325 0.962734 0.010470 0.010470 
0.250000 0.250000 0.250000 0.250000 
 150
0.548286 0.007674 0.046210 
0.401864 0.985493 0.462022 
0.049373 0.006841 0.491768 
0.010489 0.010489 0.966151 0.012870 
0.250000 0.250000 0.250000 0.250000 
 151
0.552605 0.006558 0.046210 
0.398023 0.986601 0.462022 
0.049373 0.006841 0.491768 
0.966820 0.012201 0.010489 0.010489 
0.250000 0.250000 0.250000 0.250000 
 152
0.552605 0.006558 0.046210 
0.398023 0.986601 0.462022 
0.049373 0.006841 0.491768 
0.010489 0.010489 0.949889 0.029133 
0.250000 0.250000 0.250000 0.250000 
 153
0.552605 0.006558 0.046210 
0.398023 0.986601 0.462022 
0.049373 0.006841 0.491768 
0.235521 0.737757 0.010489 0.016232 
0.250000 0.250000 0.250000 0.250000 
 154
0.552605 0.006558 0.046210 
0.398023 0.986601 0.462022 
0.049373 0.006841 0.491768 
0.968532 0.010489 0.010489 0.010489 
0.250000 0.250000 0.250000 0.250000 
 155
0.552605 0.007432 0.046210 
0.398023 0.985727 0.462022 
0.049009 0.006847 0.491768 
0.063183 0.481420 0.444893 0.010504 
0.250000 0.250000 0.250000 0.250000 
 156
0.555904 0.006564 0.046210 
0.395088 0.986589 0.462022 
0.049009 0.006847 0.491768 
0.010504 0.010504 0.475956 0.503035 
0.250000 0.250000 0.250000 0.250000 
 157
0.555904 0.007674 0.046210 
0.395088 0.985478 0.462022 
0.048554 0.006855 0.491768 
0.568765 0.410188 0.010523 0.010523 
0.250000 0.250000 0.250000 0.250000 
 158
0.560025 0.007839 0.046210 
0.391421 0.985306 0.462022 
0.048045 0.006864 0.491768 
0.010545 0.010545 0.010545 0.968364 
0.250000 0.250000 0.250000 0.250000 
 159
0.564632 0.012192 0.046210 
0.387323 0.980944 0.462022 
0.045920 0.006902 0.491768 
0.477598 0.014606 0.077571 0.430225 
0.250000 0.250000 0.250000 0.250000 
 160
0.583893 0.006616 0.046210 
0.370187 0.986481 0.462022 
0.045920 0.006902 0.491768 
0.964556 0.014158 0.010643 0.010643 
0.250000 0.250000 0.250000 0.250000 
 161
0.583893 0.009207 0.046210 
0.370187 0.983891 0.462022 
0.045006 0.006920 0.491768 
0.440149 0.018520 0.530642 0.010688 
0.250000 0.250000 0.250000 0.250000 
 162
0.592173 0.007961 0.046210 
0.362821 0.985119 0.462022 
0.044553 0.006930 0.491768 
0.481049 0.012678 0.066064 0.440209 
0.250000 0.250000 0.250000 0.250000 
 163
0.596277 0.006642 0.046210 
0.359170 0.986428 0.462022 
0.044553 0.006930 0.491768 
0.013809 0.010712 0.963108 0.012372 
0.250000 0.250000 0.250000 0.250000 
 164
0.596277 0.007652 0.046210 
0.359170 0.985419 0.462022 
0.044215 0.006937 0.491768 
0.967811 0.010730 0.010730 0.010730 
0.250000 0.250000 0.250000 0.250000 
 165
0.599340 0.006649 0.046210 
0.356445 0.986414 0.462022 
0.044215 0.006937 0.491768 
0.786079 0.190387 0.010730 0.012804 
0.250000 0.250000 0.250000 0.250000 
 166
0.599340 0.012709 0.046210 
0.356445 0.980354 0.462022 
0.042291 0.006979 0.491768 
0.967487 0.010838 0.010838 0.010838 
0.250000 0.250000 0.250000 0.250000 
 167
0.616779 0.006690 0.046210 
0.340931 0.986331 0.462022 
0.042291 0.006979 0.491768 
0.962653 0.013535 0.012974 0.010838 
0.250000 0.250000 0.250000 0.250000 
 168
0.616779 0.006690 0.046210 
0.340931 0.986331 0.462022 
0.042291 0.006979 0.491768 
0.010838 0.010838 0.922225 0.056100 
0.250000 0.250000 0.250000 0.250000 
 169
0.616779 0.006690 0.046210 
0.340931 0.986331 0.462022 
0.042291 0.006979 0.491768 
0.928556 0.049769 0.010838 0.010838 
0.250000 0.250000 0.250000 0.250000 
 170
0.616779 0.006690 0.046210 
0.340931 0.986331 0.462022 
0.042291 0.006979 0.491768 
0.958164 0.020161 0.010838 0.010838 
0.250000 0.250000 0.250000 0.250000 
 171
0.616779 0.006690 0.046210 
0.340931 0.986331 0.462022 
0.042291 0.006979 0.491768 
0.010838 0.010838 0.786504 0.191821 
0.250000 0.250000 0.250000 0.250000 
 172
0.616779 0.006690 0.046210 
0.340931 0.986331 0.462022 
0.042291 0.006979 0.491768 
0.967487 0.010838 0.010838 0.010838 
0.250000 0.250000 0.250000 0.250000 
 173
0.616779 0.006690 0.046210 
0.340931 0.986331 0.462022 
0.042291 0.006979 0.491768 
0.010838 0.010838 0.967487 0.010838 
0.250000 0.250000 0.250000 0.250000 
 174
0.616779 0.006690 0.046210 
0.340931 0.986331 0.462022 
0.042291 0.006979 0.491768 
0.018766 0.500861 0.075306 0.405068 
0.250000 0.250000 0.250000 0.250000 
 175
0.616779 0.006690 0.046210 
0.340931 0.986331 0.462022 
0.042291 0.006979 0.491768 
0.967487 0.010838 0.010838 0.010838 
0.250000 0.250000 0.250000 0.250000 
 176
0.616779 0.006690 0.046210 
0.340931 0.986331 0.462022 
0.042291 0.006979 0.491768 
0.010838 0.010838 0.967487 0.010838 
0.250000 0.250000 0.250000 0.250000 
 177
0.616779 0.006690 0.046210 
0.340931 0.986331 0.462022 
0.042291 0.006979 0.491768 
0.023792 0.082624 0.086970 0.806615 
0.250000 0.250000 0.250000 0.250000 
 178
0.616779 0.006690 0.046210 
0.340931 0.986331 0.462022 
0.042291 0.006979 0.491768 
0.097291 0.401503 0.018913 0.482293 
0.250000 0.250000 0.250000 0.250000 
 179
0.616779 0.006690 0.046210 
0.340931 0.986331 0.462022 
0.042291 0.006979 0.491768 
0.010838 0.010838 0.010838 0.967487 
0.250000 0.250000 0.250000 0.250000 
 180
0.616779 0.006690 0.046210 
0.340931 0.986331 0.462022 
0.042291 0.006979 0.491768 
0.836175 0.094676 0.010838 0.058311 
0.250000 0.250000 0.250000 0.250000 
 181
0.616779 0.006690 0.046210 
0.340931 0.986331 0.462022 
0.042291 0.006979 0.491768 
0.493862 0.482384 0.012916 0.010838 
0.250000 0.250000 0.250000 0.250000 
 182
0.610578 0.006690 0.046210 
0.347131 0.986331 0.462022 
0.042555 0.006973 0.491768 
0.010822 0.010822 0.010822 0.967534 
0.250000 0.250000 0.250000 0.250000 
 183
0.614388 0.039553 0.046210 
0.343058 0.953474 0.462022 
0.034420 0.007210 0.491768 
0.353389 0.115887 0.350899 0.179825 
0.250000 0.250000 0.250000 0.250000 
 184
0.688098 0.006911 0.046210 
0.277482 0.985879 0.462022 
0.034420 0.007210 0.491768 
0.020961 0.956153 0.011443 0.011443 
0.250000 0.250000 0.250000 0.250000 
 185
0.688098 0.006911 0.046210 
0.277482 0.985879 0.462022 
0.034420 0.007210 0.491768 
0.963857 0.013257 0.011443 0.011443 
0.250000 0.250000 0.250000 0.250000 
 186
0.496947 0.006911 0.046210 
0.468632 0.985879 0.462022 
0.042555 0.006973 0.491768 
0.922884 0.055472 0.010822 0.010822 
0.250000 0.250000 0.250000 0.250000 
 187
0.614388 0.006684 0.046210 
0.343058 0.986343 0.462022 
0.042555 0.006973 0.491768 
0.967534 0.010822 0.010822 0.010822 
0.250000 0.250000 0.250000 0.250000 
 188
0.614388 0.006684 0.046210 
0.343058 0.986343 0.462022 
0.042555 0.006973 0.491768 
0.960945 0.010822 0.017411 0.010822 
0.250000 0.250000 0.250000 0.250000 
 189
0.614388 0.006684 0.046210 
0.343058 0.986343 0.462022 
0.042555 0.006973 0.491768 
0.012751 0.010822 0.933731 0.042696 
0.250000 0.250000 0.250000 0.250000 
 190
0.614388 0.006684 0.046210 
0.343058 0.986343 0.462022 
0.042555 0.006973 0.491768 
0.967534 0.010822 0.010822 0.010822 
0.250000 0.250000 0.250000 0.250000 
 191
0.614388 0.006684 0.046210 
0.343058 0.986343 0.462022 
0.042555 0.006973 0.491768 
0.015378 0.010822 0.955304 0.018496 
0.250000 0.250000 0.250000 0.250000 
 192
0.614388 0.006684 0.046210 
0.343058 0.986343 0.462022 
0.042555 0.006973 0.491768 
0.929967 0.048389 0.010822 0.010822 
0.250000 0.250000 0.250000 0.250000 
 193
0.614388 0.006684 0.046210 
0.343058 0.986343 0.462022 
0.042555 0.006973 0.491768 
0.010822 0.010822 0.010822 0.967534 
0.250000 0.250000 0.250000 0.250000 
 194
0.614388 0.006684 0.046210 
0.343058 0.986343 0.462022 
0.042555 0.006973 0.491768 
0.967534 0.010822 0.010822 0.010822 
0.250000 0.250000 0.250000 0.250000 
 195
0.614388 0.006684 0.046210 
0.343058 0.986343 0.462022 
0.042555 0.006973 0.491768 
0.010822 0.010822 0.376938 0.601418 
0.250000 0.250000 0.250000 0.250000 
 196
0.614388 0.006684 0.046210 
0.343058 0.986343 0.462022 
0.042555 0.006973 0.491768 
0.073406 0.904950 0.010822 0.010822 
0.250000 0.250000 0.250000 0.250000 
 197
0.614388 0.006684 0.046210 
0.343058 0.986343 0.462022 
0.042555 0.006973 0.491768 
0.010822 0.010822 0.010822 0.967534 
0.250000 0.250000 0.250000 0.250000 
 198
0.614388 0.006684 0.046210 
0.343058 0.986343 0.462022 
0.042555 0.006973 0.491768 
0.337608 0.072900 0.553414 0.036077 
0.250000 0.250000 0.250000 0.250000 
 199
0.614388 0.006684 0.046210 
0.343058 0.986343 0.462022 
0.042555 0.006973 0.491768 
0.967534 0.010822 0.010822 0.010822 
0.250000 0.250000 0.250000 0.250000 
 200
0.614388 0.006684 0.046210 
0.343058 0.986343 0.462022 
0.042555 0.006973 0.491768 
0.965270 0.013086 0.010822 0.010822 
0.250000 0.250000 0.250000 0.250000 
 201
0.614388 0.006684 0.046210 
0.343058 0.986343 0.462022 
0.042555 0.006973 0.491768 
0.010822 0.010822 0.503793 0.474563 
0.250000 0.250000 0.250000 0.250000 
 202
0.614388 0.006684 0.046210 
0.343058 0.986343 0.462022 
0.042555 0.006973 0.491768 
0.967534 0.010822 0.010822 0.010822 
0.250000 0.250000 0.250000 0.250000 
 203
0.614388 0.006684 0.046210 
0.343058 0.986343 0.462022 
0.042555 0.006973 0.491768 
0.967534 0.010822 0.010822 0.010822 
0.250000 0.250000 0.250000 0.250000 
 204
0.614388 0.006684 0.046210 
0.343058 0.986343 0.462022 
0.042555 0.006973 0.491768 
0.013724 0.010822 0.119020 0.856435 
0.250000 0.250000 0.250000 0.250000 
 205
0.608143 0.006684 0.046210 
0.349302 0.986343 0.462022 
0.042822 0.006967 0.491768 
0.938118 0.040269 0.010807 0.010807 
0.250000 0.250000 0.250000 0.250000 
 206
0.611965 0.006678 0.046210 
0.345213 0.986355 0.462022 
0.042822 0.006967 0.491768 
0.010807 0.010807 0.967580 0.010807 
0.250000 0.250000 0.250000 0.250000 
 207
0.611965 0.006678 0.046210 
0.345213 0.986355 0.462022 
0.042822 0.006967 0.491768 
0.483129 0.014238 0.091696 0.410938 
0.250000 0.250000 0.250000 0.250000 
 208
0.605364 0.006678 0.046210 
0.351815 0.986355 0.462022 
0.043106 0.006960 0.491768 
0.967629 0.010790 0.010790 0.010790 
0.250000 0.250000 0.250000 0.250000 
 209
0.609386 0.006672 0.046210 
0.347507 0.986368 0.462022 
0.043106 0.006960 0.491768 
0.010790 0.010790 0.967629 0.010790 
0.250000 0.250000 0.250000 0.250000 
 210
0.609386 0.006672 0.046210 
0.347507 0.986368 0.462022 
0.043106 0.006960 0.491768 
0.485327 0.012758 0.012482 0.489433 
0.250000 0.250000 0.250000 0.250000 
 211
0.609386 0.006672 0.046210 
0.347507 0.986368 0.462022 
0.043106 0.006960 0.491768 
0.481204 0.497215 0.010790 0.010790 
0.250000 0.250000 0.250000 0.250000 
 212
0.599992 0.006672 0.046210 
0.356902 0.986368 0.462022 
0.043515 0.006952 0.491768 
0.010767 0.010767 0.010767 0.967698 
0.250000 0.250000 0.250000 0.250000 
 213
0.605682 0.006663 0.046210 
0.350803 0.986385 0.462022 
0.043515 0.006952 0.491768 
0.484799 0.010767 0.493666 0.010767 
0.250000 0.250000 0.250000 0.250000 
 214
0.597365 0.006663 0.046210 
0.359120 0.986385 0.462022 
0.043880 0.006944 0.491768 
0.967758 0.010747 0.010747 0.010747 
0.250000 0.250000 0.250000 0.250000 
 215
0.562538 0.006656 0.046210 
0.393582 0.986400 0.462022 
0.045701 0.006907 0.491768 
0.010654 0.010654 0.010654 0.968039 
0.250000 0.250000 0.250000 0.250000 
 216
0.552151 0.006620 0.046210 
0.402148 0.986473 0.462022 
0.047296 0.006877 0.491768 
0.010579 0.010579 0.510639 0.468204 
0.250000 0.250000 0.250000 0.250000 
 217
0.571423 0.006592 0.046210 
0.381281 0.986531 0.462022 
0.047296 0.006877 0.491768 
0.868875 0.063629 0.010579 0.056917 
0.250000 0.250000 0.250000 0.250000 
 218
0.564305 0.007449 0.046210 
0.388399 0.985674 0.462022 
0.047304 0.006877 0.491768 
0.554384 0.018301 0.416737 0.010578 
0.250000 0.250000 0.250000 0.250000 
 219
0.564404 0.006592 0.046210 
0.388292 0.986531 0.462022 
0.047635 0.006871 0.491768 
0.010563 0.010563 0.497217 0.481656 
0.250000 0.250000 0.250000 0.250000 
 220
0.568350 0.006586 0.046210 
0.384015 0.986543 0.462022 
0.047635 0.006871 0.491768 
0.968310 0.010563 0.010563 0.010563 
0.250000 0.250000 0.250000 0.250000 
 221
0.568350 0.006586 0.046210 
0.384015 0.986543 0.462022 
0.047635 0.006871 0.491768 
0.964958 0.013916 0.010563 0.010563 
0.250000 0.250000 0.250000 0.250000 
 222
0.568350 0.006586 0.046210 
0.384015 0.986543 0.462022 
0.047635 0.006871 0.491768 
0.197566 0.781307 0.010563 0.010563 
0.250000 0.250000 0.250000 0.250000 
 223
0.568350 0.006586 0.046210 
0.384015 0.986543 0.462022 
0.047635 0.006871 0.491768 
0.065505 0.913368 0.010563 0.010563 
0.250000 0.250000 0.250000 0.250000 
 224
0.540879 0.006586 0.046210 
0.411486 0.986543 0.462022 
0.048981 0.006848 0.491768 
0.745482 0.233507 0.010506 0.010506 
0.250000 0.250000 0.250000 0.250000 
 225
0.556157 0.009053 0.046210 
0.394862 0.984099 0.462022 
0.047975 0.006865 0.491768 
0.892729 0.031860 0.010548 0.064863 
0.250000 0.250000 0.250000 0.250000 
 226
0.544734 0.006580 0.046210 
0.407291 0.986555 0.462022 
0.048981 0.006848 0.491768 
0.877272 0.086804 0.025419 0.010506 
0.250000 0.250000 0.250000 0.250000 
 227
0.556157 0.006564 0.046210 
0.394862 0.986588 0.462022 
0.048981 0.006848 0.491768 
0.010506 0.010506 0.964360 0.014629 
0.250000 0.250000 0.250000 0.250000 
 228
0.556157 0.006564 0.046210 
0.394862 0.986588 0.462022 
0.048981 0.006848 0.491768 
0.589902 0.032175 0.010506 0.367418 
0.250000 0.250000 0.250000 0.250000 
 229
0.556157 0.006564 0.046210 
0.394862 0.986588 0.462022 
0.048981 0.006848 0.491768 
0.082379 0.894879 0.010528 0.012214 
0.250000 0.250000 0.250000 0.250000 
 230
0.548970 0.006564 0.046210 
0.402049 0.986588 0.462022 
0.049335 0.006842 0.491768 
0.561197 0.417821 0.010491 0.010491 
0.250000 0.250000 0.250000 0.250000 
 231
0.552944 0.006558 0.046210 
0.397721 0.986599 0.462022 
0.049335 0.006842 0.491768 
0.124135 0.486266 0.021723 0.367877 
0.250000 0.250000 0.250000 0.250000 
 232
0.502169 0.006558 0.046210 
0.448495 0.986599 0.462022 
0.051974 0.006801 0.491768 
0.526109 0.020864 0.017615 0.435412 
0.250000 0.250000 0.250000 0.250000 
 233
0.521211 0.006520 0.046210 
0.426815 0.986679 0.462022 
0.052384 0.006796 0.491768 
0.014490 0.066366 0.491447 0.427697 
0.250000 0.250000 0.250000 0.250000 
 234
0.497277 0.006514 0.046210 
0.450339 0.986691 0.462022 
0.053895 0.006775 0.491768 
0.082645 0.436450 0.015009 0.465896 
0.250000 0.250000 0.250000 0.250000 
 235
0.495103 0.006494 0.046210 
0.451002 0.986732 0.462022 
0.054800 0.006763 0.491768 
0.465260 0.512544 0.010294 0.011902 
0.250000 0.250000 0.250000 0.250000 
 236
