%  SAM: /scicomp/home/vfn4/Tools/LABEL_RES/scripts/modelfromalign v3.5 (July 15, 2005) compiled 12/08/06_16:15:55
%  (c) 1992-2001 Regents of the University of California, Santa Cruz
%
%          Sequence Alignment and Modeling Software System
%         http://www.cse.ucsc.edu/research/compbio/sam.html
%
% ----------------- Citations (SAM, SAM-T2K, HMMs) --------------------
% R. Hughey, A. Krogh, Hidden Markov models for sequence analysis:
%  Extension and analysis of the basic method, CABIOS 12:95-107, 1996.
% K. Karplus, et al., What is the value added by human intervention in protein
%  structure prediction, Proteins: Stucture, Function, Genetics 45(S5):86--91, 2001.
% A. Krogh et al., Hidden Markov models in computational biology:
%  Applications to protein modeling, JMB 235:1501-1531, Feb 1994.
% ---------------------------------------------------------------------
%  A_PA_hmm   Host: node5.aspen.biotech.cdc.gov    Thu Jun  5 17:05:17 2014
%  vfn4       Dir:  /scicomp/home/vfn4/IRMA/train2
% ---------------------------------------------------------------------
%  Alignment weights from internal calc.  Total (89.68) Max (0.31) Min (0.01)
%  Weights from alignment method 1 (karplus), b=-1.000000, e=0.500000
MODEL --  Model from alignment file /scicomp/home/vfn4/Tools/LABEL_RES/training_data/IRMA/A_PA.fasta
alphabet DNA
FREQAVE
0.000000 0.000000 0.000000 
0.000000 0.000000 0.000000 
0.000000 0.000000 0.000000 
0.332093 0.240765 0.195869 0.231273 
0.332093 0.240765 0.195869 0.231273 
Begin
0.000000 0.000000 0.000000 
0.000000 0.000000 0.000000 
0.000000 0.002516 0.491768 
0.250000 0.250000 0.250000 0.250000 
0.250000 0.250000 0.250000 0.250000 
   1
0.000000 0.002411 0.046210 
0.000000 0.995073 0.462022 
0.057405 0.002516 0.491768 
0.991729 0.002757 0.002757 0.002757 
0.250000 0.250000 0.250000 0.250000 
   2
0.479817 0.002411 0.046210 
0.462778 0.995073 0.462022 
0.057405 0.002516 0.491768 
0.002757 0.002757 0.002757 0.991729 
0.250000 0.250000 0.250000 0.250000 
   3
0.479817 0.002411 0.046210 
0.462778 0.995073 0.462022 
0.057405 0.002516 0.491768 
0.002757 0.991729 0.002757 0.002757 
0.250000 0.250000 0.250000 0.250000 
   4
0.479817 0.002411 0.046210 
0.462778 0.995073 0.462022 
0.057405 0.002516 0.491768 
0.003051 0.990931 0.003261 0.002757 
0.250000 0.250000 0.250000 0.250000 
   5
0.479817 0.002411 0.046210 
0.462778 0.995073 0.462022 
0.057405 0.002516 0.491768 
0.985591 0.008499 0.002944 0.002965 
0.250000 0.250000 0.250000 0.250000 
   6
0.479817 0.002411 0.046210 
0.462778 0.995073 0.462022 
0.057405 0.002516 0.491768 
0.962797 0.030664 0.003345 0.003194 
0.250000 0.250000 0.250000 0.250000 
   7
0.479817 0.002411 0.046210 
0.462778 0.995073 0.462022 
0.057405 0.002516 0.491768 
0.015286 0.978100 0.002976 0.003638 
0.250000 0.250000 0.250000 0.250000 
   8
0.479817 0.002411 0.046210 
0.462778 0.995073 0.462022 
0.057405 0.002516 0.491768 
0.989935 0.004027 0.003282 0.002757 
0.250000 0.250000 0.250000 0.250000 
   9
0.479817 0.002411 0.046210 
0.462778 0.995073 0.462022 
0.057405 0.002516 0.491768 
0.005522 0.003488 0.761548 0.229442 
0.250000 0.250000 0.250000 0.250000 
  10
0.479817 0.002411 0.046210 
0.462778 0.995073 0.462022 
0.057405 0.002516 0.491768 
0.002757 0.002757 0.004970 0.989516 
0.250000 0.250000 0.250000 0.250000 
  11
0.479817 0.002411 0.046210 
0.462778 0.995073 0.462022 
0.057405 0.002516 0.491768 
0.002757 0.003051 0.003105 0.991087 
0.250000 0.250000 0.250000 0.250000 
  12
0.479817 0.002411 0.046210 
0.462778 0.995073 0.462022 
0.057405 0.002516 0.491768 
0.002757 0.002971 0.084914 0.909358 
0.250000 0.250000 0.250000 0.250000 
  13
0.479817 0.002411 0.046210 
0.462778 0.995073 0.462022 
0.057405 0.002516 0.491768 
0.005355 0.988515 0.002757 0.003373 
0.250000 0.250000 0.250000 0.250000 
  14
0.479817 0.002411 0.046210 
0.462778 0.995073 0.462022 
0.057405 0.002516 0.491768 
0.002757 0.002982 0.003964 0.990298 
0.250000 0.250000 0.250000 0.250000 
  15
0.479817 0.002411 0.046210 
0.462778 0.995073 0.462022 
0.057405 0.002516 0.491768 
0.056847 0.936740 0.002757 0.003655 
0.250000 0.250000 0.250000 0.250000 
  16
0.479817 0.002411 0.046210 
0.462778 0.995073 0.462022 
0.057405 0.002516 0.491768 
0.009784 0.003532 0.983927 0.002757 
0.250000 0.250000 0.250000 0.250000 
  17
0.479817 0.002411 0.046210 
0.462778 0.995073 0.462022 
0.057405 0.002516 0.491768 
0.003373 0.991113 0.002757 0.002757 
0.250000 0.250000 0.250000 0.250000 
  18
0.479817 0.002411 0.046210 
0.462778 0.995073 0.462022 
0.057405 0.002516 0.491768 
0.964554 0.023605 0.002757 0.009084 
0.250000 0.250000 0.250000 0.250000 
  19
0.479817 0.002411 0.046210 
0.462778 0.995073 0.462022 
0.057405 0.002516 0.491768 
0.003094 0.002757 0.991392 0.002757 
0.250000 0.250000 0.250000 0.250000 
  20
0.479817 0.002411 0.046210 
0.462778 0.995073 0.462022 
0.057405 0.002516 0.491768 
0.989071 0.004697 0.003475 0.002757 
0.250000 0.250000 0.250000 0.250000 
  21
0.479817 0.002411 0.046210 
0.462778 0.995073 0.462022 
0.057405 0.002516 0.491768 
0.896016 0.098470 0.002757 0.002757 
0.250000 0.250000 0.250000 0.250000 
  22
0.479817 0.002411 0.046210 
0.462778 0.995073 0.462022 
0.057405 0.002516 0.491768 
0.004011 0.002757 0.002757 0.990475 
0.250000 0.250000 0.250000 0.250000 
  23
0.479817 0.002411 0.046210 
0.462778 0.995073 0.462022 
0.057405 0.002516 0.491768 
0.004187 0.990299 0.002757 0.002757 
0.250000 0.250000 0.250000 0.250000 
  24
0.479817 0.002411 0.046210 
0.462778 0.995073 0.462022 
0.057405 0.002516 0.491768 
0.002757 0.002757 0.971625 0.022861 
0.250000 0.250000 0.250000 0.250000 
  25
0.479817 0.002411 0.046210 
0.462778 0.995073 0.462022 
0.057405 0.002516 0.491768 
0.002757 0.002757 0.002757 0.991729 
0.250000 0.250000 0.250000 0.250000 
  26
0.479817 0.002411 0.046210 
0.462778 0.995073 0.462022 
0.057405 0.002516 0.491768 
0.004870 0.002757 0.002757 0.989617 
0.250000 0.250000 0.250000 0.250000 
  27
0.479817 0.002411 0.046210 
0.462778 0.995073 0.462022 
0.057405 0.002516 0.491768 
0.002757 0.002757 0.981075 0.013411 
0.250000 0.250000 0.250000 0.250000 
  28
0.479817 0.002411 0.046210 
0.462778 0.995073 0.462022 
0.057405 0.002516 0.491768 
0.988068 0.004458 0.002757 0.004717 
0.250000 0.250000 0.250000 0.250000 
  29
0.479817 0.002411 0.046210 
0.462778 0.995073 0.462022 
0.057405 0.002516 0.491768 
0.983731 0.009710 0.002757 0.003802 
0.250000 0.250000 0.250000 0.250000 
  30
0.479817 0.002411 0.046210 
0.462778 0.995073 0.462022 
0.057405 0.002516 0.491768 
0.002757 0.002757 0.139186 0.855300 
0.250000 0.250000 0.250000 0.250000 
  31
0.479817 0.002411 0.046210 
0.462778 0.995073 0.462022 
0.057405 0.002516 0.491768 
0.002757 0.002757 0.991438 0.003048 
0.250000 0.250000 0.250000 0.250000 
  32
0.479817 0.002411 0.046210 
0.462778 0.995073 0.462022 
0.057405 0.002516 0.491768 
0.003802 0.002757 0.990102 0.003339 
0.250000 0.250000 0.250000 0.250000 
  33
0.479817 0.002411 0.046210 
0.462778 0.995073 0.462022 
0.057405 0.002516 0.491768 
0.832119 0.159441 0.004505 0.003935 
0.250000 0.250000 0.250000 0.250000 
  34
0.479817 0.002411 0.046210 
0.462778 0.995073 0.462022 
0.057405 0.002516 0.491768 
0.990684 0.003802 0.002757 0.002757 
0.250000 0.250000 0.250000 0.250000 
  35
0.479817 0.002411 0.046210 
0.462778 0.995073 0.462022 
0.057405 0.002516 0.491768 
0.003802 0.002757 0.002757 0.990684 
0.250000 0.250000 0.250000 0.250000 
  36
0.479817 0.002411 0.046210 
0.462778 0.995073 0.462022 
0.057405 0.002516 0.491768 
0.003344 0.989093 0.002998 0.004565 
0.250000 0.250000 0.250000 0.250000 
  37
0.479817 0.002411 0.046210 
0.462778 0.995073 0.462022 
0.057405 0.002516 0.491768 
0.974451 0.018654 0.003803 0.003092 
0.250000 0.250000 0.250000 0.250000 
  38
0.479817 0.002411 0.046210 
0.462778 0.995073 0.462022 
0.057405 0.002516 0.491768 
0.002757 0.002757 0.021354 0.973132 
0.250000 0.250000 0.250000 0.250000 
  39
0.479817 0.002411 0.046210 
0.462778 0.995073 0.462022 
0.057405 0.002516 0.491768 
0.003092 0.004347 0.595572 0.396989 
0.250000 0.250000 0.250000 0.250000 
  40
0.479817 0.002411 0.046210 
0.462778 0.995073 0.462022 
0.057405 0.002516 0.491768 
0.043814 0.950391 0.002758 0.003037 
0.250000 0.250000 0.250000 0.250000 
  41
0.479817 0.002411 0.046210 
0.462778 0.995073 0.462022 
0.057405 0.002516 0.491768 
0.002757 0.002757 0.007265 0.987221 
0.250000 0.250000 0.250000 0.250000 
  42
0.479817 0.002411 0.046210 
0.462778 0.995073 0.462022 
0.057405 0.002516 0.491768 
0.003580 0.002757 0.957621 0.036041 
0.250000 0.250000 0.250000 0.250000 
  43
0.479817 0.002411 0.046210 
0.462778 0.995073 0.462022 
0.057405 0.002516 0.491768 
0.002757 0.991396 0.003090 0.002757 
0.250000 0.250000 0.250000 0.250000 
  44
0.479817 0.002411 0.046210 
0.462778 0.995073 0.462022 
0.057405 0.002516 0.491768 
0.985891 0.007285 0.002757 0.004067 
0.250000 0.250000 0.250000 0.250000 
  45
0.479817 0.002411 0.046210 
0.462778 0.995073 0.462022 
0.057405 0.002516 0.491768 
0.141234 0.851369 0.004242 0.003154 
0.250000 0.250000 0.250000 0.250000 
  46
0.479817 0.002411 0.046210 
0.462778 0.995073 0.462022 
0.057405 0.002516 0.491768 
0.002757 0.002757 0.991416 0.003070 
0.250000 0.250000 0.250000 0.250000 
  47
0.479817 0.002411 0.046210 
0.462778 0.995073 0.462022 
0.057405 0.002516 0.491768 
0.002992 0.002757 0.003408 0.990843 
0.250000 0.250000 0.250000 0.250000 
  48
0.479817 0.002411 0.046210 
0.462778 0.995073 0.462022 
0.057405 0.002516 0.491768 
0.011725 0.003092 0.006266 0.978916 
0.250000 0.250000 0.250000 0.250000 
  49
0.479817 0.002411 0.046210 
0.462778 0.995073 0.462022 
0.057405 0.002516 0.491768 
0.002976 0.990143 0.002757 0.004125 
0.250000 0.250000 0.250000 0.250000 
  50
0.479817 0.002411 0.046210 
0.462778 0.995073 0.462022 
0.057405 0.002516 0.491768 
0.002757 0.004414 0.989486 0.003343 
0.250000 0.250000 0.250000 0.250000 
  51
0.479817 0.002411 0.046210 
0.462778 0.995073 0.462022 
0.057405 0.002516 0.491768 
0.155795 0.838268 0.002757 0.003180 
0.250000 0.250000 0.250000 0.250000 
  52
0.479817 0.002411 0.046210 
0.462778 0.995073 0.462022 
0.057405 0.002516 0.491768 
0.003346 0.991140 0.002757 0.002757 
0.250000 0.250000 0.250000 0.250000 
  53
0.479817 0.002411 0.046210 
0.462778 0.995073 0.462022 
0.057405 0.002516 0.491768 
0.989235 0.005251 0.002757 0.002757 
0.250000 0.250000 0.250000 0.250000 
  54
0.479817 0.002411 0.046210 
0.462778 0.995073 0.462022 
0.057405 0.002516 0.491768 
0.982695 0.011479 0.002757 0.003069 
0.250000 0.250000 0.250000 0.250000 
  55
0.479817 0.002411 0.046210 
0.462778 0.995073 0.462022 
0.057405 0.002516 0.491768 
0.991729 0.002757 0.002757 0.002757 
0.250000 0.250000 0.250000 0.250000 
  56
0.479817 0.002411 0.046210 
0.462778 0.995073 0.462022 
0.057405 0.002516 0.491768 
0.986747 0.007739 0.002757 0.002757 
0.250000 0.250000 0.250000 0.250000 
  57
0.479817 0.002411 0.046210 
0.462778 0.995073 0.462022 
0.057405 0.002516 0.491768 
0.141438 0.851332 0.003976 0.003255 
0.250000 0.250000 0.250000 0.250000 
  58
0.479817 0.002411 0.046210 
0.462778 0.995073 0.462022 
0.057405 0.002516 0.491768 
0.073405 0.920133 0.002757 0.003705 
0.250000 0.250000 0.250000 0.250000 
  59
0.479817 0.002411 0.046210 
0.462778 0.995073 0.462022 
0.057405 0.002516 0.491768 
0.003335 0.002757 0.990704 0.003204 
0.250000 0.250000 0.250000 0.250000 
  60
0.479817 0.002464 0.046210 
0.462778 0.995020 0.462022 
0.057324 0.002516 0.491768 
0.980418 0.013618 0.002758 0.003206 
0.250000 0.250000 0.250000 0.250000 
  61
0.480552 0.002412 0.046210 
0.462124 0.995073 0.462022 
0.057324 0.002516 0.491768 
0.991729 0.002757 0.002757 0.002757 
0.250000 0.250000 0.250000 0.250000 
  62
0.480552 0.002412 0.046210 
0.462124 0.995073 0.462022 
0.057324 0.002516 0.491768 
0.002757 0.002757 0.003084 0.991402 
0.250000 0.250000 0.250000 0.250000 
  63
0.479139 0.002412 0.046210 
0.463537 0.995073 0.462022 
0.057405 0.002516 0.491768 
0.003048 0.991438 0.002757 0.002757 
0.250000 0.250000 0.250000 0.250000 
  64
0.479817 0.002411 0.046210 
0.462778 0.995073 0.462022 
0.057405 0.002516 0.491768 
0.991728 0.002757 0.002757 0.002757 
0.250000 0.250000 0.250000 0.250000 
  65
0.479817 0.002411 0.046210 
0.462778 0.995073 0.462022 
0.057405 0.002516 0.491768 
0.986348 0.007538 0.002757 0.003358 
0.250000 0.250000 0.250000 0.250000 
  66
0.479817 0.002411 0.046210 
0.462778 0.995073 0.462022 
0.057405 0.002516 0.491768 
0.928308 0.066179 0.002757 0.002757 
0.250000 0.250000 0.250000 0.250000 
  67
0.479817 0.002411 0.046210 
0.462778 0.995073 0.462022 
0.057405 0.002516 0.491768 
0.002757 0.991729 0.002757 0.002757 
0.250000 0.250000 0.250000 0.250000 
  68
0.479817 0.002411 0.046210 
0.462778 0.995073 0.462022 
0.057405 0.002516 0.491768 
0.991405 0.002757 0.002757 0.003081 
0.250000 0.250000 0.250000 0.250000 
  69
0.479817 0.002411 0.046210 
0.462778 0.995073 0.462022 
0.057405 0.002516 0.491768 
0.828343 0.166143 0.002757 0.002757 
0.250000 0.250000 0.250000 0.250000 
  70
0.479817 0.002411 0.046210 
0.462778 0.995073 0.462022 
0.057405 0.002516 0.491768 
0.002757 0.003976 0.036552 0.956715 
0.250000 0.250000 0.250000 0.250000 
  71
0.479817 0.002411 0.046210 
0.462778 0.995073 0.462022 
0.057405 0.002516 0.491768 
0.991246 0.002757 0.002757 0.003240 
0.250000 0.250000 0.250000 0.250000 
  72
0.479817 0.002411 0.046210 
0.462778 0.995073 0.462022 
0.057405 0.002516 0.491768 
0.002757 0.002757 0.059825 0.934662 
0.250000 0.250000 0.250000 0.250000 
  73
0.479817 0.002411 0.046210 
0.462778 0.995073 0.462022 
0.057405 0.002516 0.491768 
0.002757 0.990510 0.002757 0.003976 
0.250000 0.250000 0.250000 0.250000 
  74
0.479817 0.002411 0.046210 
0.462778 0.995073 0.462022 
0.057405 0.002516 0.491768 
0.002757 0.991729 0.002757 0.002757 
0.250000 0.250000 0.250000 0.250000 
  75
0.479817 0.002411 0.046210 
0.462778 0.995073 0.462022 
0.057405 0.002516 0.491768 
0.191616 0.800236 0.005001 0.003147 
0.250000 0.250000 0.250000 0.250000 
  76
0.479817 0.002411 0.046210 
0.462778 0.995073 0.462022 
0.057405 0.002516 0.491768 
0.003089 0.991136 0.003018 0.002757 
0.250000 0.250000 0.250000 0.250000 
  77
0.479817 0.002411 0.046210 
0.462778 0.995073 0.462022 
0.057405 0.002516 0.491768 
0.989692 0.004794 0.002757 0.002757 
0.250000 0.250000 0.250000 0.250000 
  78
0.479817 0.002411 0.046210 
0.462778 0.995073 0.462022 
0.057405 0.002516 0.491768 
0.793700 0.200527 0.003016 0.002757 
0.250000 0.250000 0.250000 0.250000 
  79
0.479817 0.002411 0.046210 
0.462778 0.995073 0.462022 
0.057405 0.002516 0.491768 
0.121892 0.871137 0.002757 0.004214 
0.250000 0.250000 0.250000 0.250000 
  80
0.479817 0.002411 0.046210 
0.462778 0.995073 0.462022 
0.057405 0.002516 0.491768 
0.987337 0.004225 0.004888 0.003549 
0.250000 0.250000 0.250000 0.250000 
  81
0.479817 0.002411 0.046210 
0.462778 0.995073 0.462022 
0.057405 0.002516 0.491768 
0.003854 0.002757 0.144026 0.849364 
0.250000 0.250000 0.250000 0.250000 
  82
0.479817 0.002411 0.046210 
0.462778 0.995073 0.462022 
0.057405 0.002516 0.491768 
0.003114 0.004066 0.972648 0.020172 
0.250000 0.250000 0.250000 0.250000 
  83
0.479817 0.002411 0.046210 
0.462778 0.995073 0.462022 
0.057405 0.002516 0.491768 
0.003083 0.002757 0.897165 0.096995 
0.250000 0.250000 0.250000 0.250000 
  84
0.479817 0.002411 0.046210 
0.462778 0.995073 0.462022 
0.057405 0.002516 0.491768 
0.228434 0.756577 0.010025 0.004964 
0.250000 0.250000 0.250000 0.250000 
  85
0.479817 0.002411 0.046210 
0.462778 0.995073 0.462022 
0.057405 0.002516 0.491768 
0.985647 0.007928 0.003163 0.003262 
0.250000 0.250000 0.250000 0.250000 
  86
0.479817 0.002411 0.046210 
0.462778 0.995073 0.462022 
0.057405 0.002516 0.491768 
0.981971 0.010875 0.002944 0.004210 
0.250000 0.250000 0.250000 0.250000 
  87
0.479817 0.002411 0.046210 
0.462778 0.995073 0.462022 
0.057405 0.002516 0.491768 
0.931653 0.061381 0.003704 0.003262 
0.250000 0.250000 0.250000 0.250000 
  88
0.479817 0.002411 0.046210 
0.462778 0.995073 0.462022 
0.057405 0.002516 0.491768 
0.982279 0.009899 0.003340 0.004481 
0.250000 0.250000 0.250000 0.250000 
  89
0.479817 0.002411 0.046210 
0.462778 0.995073 0.462022 
0.057405 0.002516 0.491768 
0.004931 0.002757 0.005977 0.986335 
0.250000 0.250000 0.250000 0.250000 
  90
0.479817 0.002411 0.046210 
0.462778 0.995073 0.462022 
0.057405 0.002516 0.491768 
0.006770 0.002757 0.810713 0.179760 
0.250000 0.250000 0.250000 0.250000 
  91
0.479817 0.002411 0.046210 
0.462778 0.995073 0.462022 
0.057405 0.002516 0.491768 
0.003073 0.991413 0.002757 0.002757 
0.250000 0.250000 0.250000 0.250000 
  92
0.479817 0.002411 0.046210 
0.462778 0.995073 0.462022 
0.057405 0.002516 0.491768 
0.989558 0.004606 0.002757 0.003079 
0.250000 0.250000 0.250000 0.250000 
  93
0.479817 0.002411 0.046210 
0.462778 0.995073 0.462022 
0.057405 0.002516 0.491768 
0.907661 0.086526 0.003056 0.002757 
0.250000 0.250000 0.250000 0.250000 
  94
0.479817 0.002411 0.046210 
0.462778 0.995073 0.462022 
0.057405 0.002516 0.491768 
0.990330 0.003296 0.003617 0.002757 
0.250000 0.250000 0.250000 0.250000 
  95
0.479817 0.002411 0.046210 
0.462778 0.995073 0.462022 
0.057405 0.002516 0.491768 
0.004892 0.002954 0.986734 0.005420 
0.250000 0.250000 0.250000 0.250000 
  96
0.479817 0.002411 0.046210 
0.462778 0.995073 0.462022 
0.057405 0.002516 0.491768 
0.356429 0.270168 0.059819 0.313583 
0.250000 0.250000 0.250000 0.250000 
  97
0.479817 0.002464 0.046210 
0.462778 0.995020 0.462022 
0.057324 0.002516 0.491768 
0.990028 0.004458 0.002757 0.002757 
0.250000 0.250000 0.250000 0.250000 
  98
0.480552 0.002412 0.046210 
0.462124 0.995073 0.462022 
0.057324 0.002516 0.491768 
0.991729 0.002757 0.002757 0.002757 
0.250000 0.250000 0.250000 0.250000 
  99
0.480552 0.002412 0.046210 
0.462124 0.995073 0.462022 
0.057324 0.002516 0.491768 
0.004731 0.002758 0.956954 0.035558 
0.250000 0.250000 0.250000 0.250000 
 100
0.479139 0.002412 0.046210 
0.463536 0.995073 0.462022 
0.057405 0.002516 0.491768 
0.991729 0.002757 0.002757 0.002757 
0.250000 0.250000 0.250000 0.250000 
 101
0.479817 0.002411 0.046210 
0.462778 0.995073 0.462022 
0.057405 0.002516 0.491768 
0.990049 0.002757 0.004437 0.002757 
0.250000 0.250000 0.250000 0.250000 
 102
0.479817 0.002411 0.046210 
0.462778 0.995073 0.462022 
0.057405 0.002516 0.491768 
0.714798 0.279688 0.002757 0.002757 
0.250000 0.250000 0.250000 0.250000 
 103
0.479817 0.002411 0.046210 
0.462778 0.995073 0.462022 
0.057405 0.002516 0.491768 
0.002757 0.002757 0.008178 0.986308 
0.250000 0.250000 0.250000 0.250000 
 104
0.479817 0.002411 0.046210 
0.462778 0.995073 0.462022 
0.057405 0.002516 0.491768 
0.002973 0.002757 0.003335 0.990935 
0.250000 0.250000 0.250000 0.250000 
 105
0.479817 0.002411 0.046210 
0.462778 0.995073 0.462022 
0.057405 0.002516 0.491768 
0.003409 0.002757 0.317683 0.676152 
0.250000 0.250000 0.250000 0.250000 
 106
0.479817 0.002411 0.046210 
0.462778 0.995073 0.462022 
0.057405 0.002516 0.491768 
0.006890 0.986766 0.002757 0.003587 
0.250000 0.250000 0.250000 0.250000 
 107
0.479817 0.002411 0.046210 
0.462778 0.995073 0.462022 
0.057405 0.002516 0.491768 
0.002757 0.005218 0.988238 0.003787 
0.250000 0.250000 0.250000 0.250000 
 108
0.479817 0.002411 0.046210 
0.462778 0.995073 0.462022 
0.057405 0.002516 0.491768 
0.216436 0.016473 0.134015 0.633076 
0.250000 0.250000 0.250000 0.250000 
 109
0.479817 0.002411 0.046210 
0.462778 0.995073 0.462022 
0.057405 0.002516 0.491768 
0.003246 0.979849 0.002757 0.014148 
0.250000 0.250000 0.250000 0.250000 
 110
0.479817 0.002411 0.046210 
0.462778 0.995073 0.462022 
0.057405 0.002516 0.491768 
0.002757 0.002757 0.991729 0.002757 
0.250000 0.250000 0.250000 0.250000 
 111
0.479817 0.002411 0.046210 
0.462778 0.995073 0.462022 
0.057405 0.002516 0.491768 
0.920864 0.066081 0.005783 0.007272 
0.250000 0.250000 0.250000 0.250000 
 112
0.479817 0.002411 0.046210 
0.462778 0.995073 0.462022 
0.057405 0.002516 0.491768 
0.988287 0.005591 0.003365 0.002757 
0.250000 0.250000 0.250000 0.250000 
 113
0.479817 0.002411 0.046210 
0.462778 0.995073 0.462022 
0.057405 0.002516 0.491768 
0.002757 0.002757 0.003129 0.991357 
0.250000 0.250000 0.250000 0.250000 
 114
0.479817 0.002411 0.046210 
0.462778 0.995073 0.462022 
0.057405 0.002516 0.491768 
0.990749 0.002936 0.003246 0.003069 
0.250000 0.250000 0.250000 0.250000 
 115
0.479817 0.002411 0.046210 
0.462778 0.995073 0.462022 
0.057405 0.002516 0.491768 
0.003109 0.002757 0.002757 0.991377 
0.250000 0.250000 0.250000 0.250000 
 116
0.479817 0.002411 0.046210 
0.462778 0.995073 0.462022 
0.057405 0.002516 0.491768 
0.002757 0.991729 0.002757 0.002757 
0.250000 0.250000 0.250000 0.250000 
 117
0.479817 0.002411 0.046210 
0.462778 0.995073 0.462022 
0.057405 0.002516 0.491768 
0.002757 0.002757 0.951372 0.043114 
0.250000 0.250000 0.250000 0.250000 
 118
0.479817 0.002411 0.046210 
0.462778 0.995073 0.462022 
0.057405 0.002516 0.491768 
0.989174 0.004433 0.002757 0.003636 
0.250000 0.250000 0.250000 0.250000 
 119
0.479817 0.002411 0.046210 
0.462778 0.995073 0.462022 
0.057405 0.002516 0.491768 
0.002757 0.002757 0.989421 0.005065 
0.250000 0.250000 0.250000 0.250000 
 120
0.479817 0.002411 0.046210 
0.462778 0.995073 0.462022 
0.057405 0.002516 0.491768 
0.741499 0.026522 0.043438 0.188542 
0.250000 0.250000 0.250000 0.250000 
 121
0.479817 0.002411 0.046210 
0.462778 0.995073 0.462022 
0.057405 0.002516 0.491768 
0.002757 0.002757 0.991729 0.002757 
0.250000 0.250000 0.250000 0.250000 
 122
0.479817 0.002411 0.046210 
0.462778 0.995073 0.462022 
0.057405 0.002516 0.491768 
0.990649 0.003837 0.002757 0.002757 
0.250000 0.250000 0.250000 0.250000 
 123
0.479817 0.002411 0.046210 
0.462778 0.995073 0.462022 
0.057405 0.002516 0.491768 
0.002757 0.002757 0.741840 0.252646 
0.250000 0.250000 0.250000 0.250000 
 124
0.479817 0.002411 0.046210 
0.462778 0.995073 0.462022 
0.057405 0.002516 0.491768 
0.055276 0.003219 0.099912 0.841593 
0.250000 0.250000 0.250000 0.250000 
 125
0.479817 0.002411 0.046210 
0.462778 0.995073 0.462022 
0.057405 0.002516 0.491768 
0.003048 0.002757 0.004021 0.990175 
0.250000 0.250000 0.250000 0.250000 
 126
0.479817 0.002411 0.046210 
0.462778 0.995073 0.462022 
0.057405 0.002516 0.491768 
0.247609 0.744242 0.002757 0.005392 
0.250000 0.250000 0.250000 0.250000 
 127
0.479817 0.002411 0.046210 
0.462778 0.995073 0.462022 
0.057405 0.002516 0.491768 
0.002757 0.991092 0.003394 0.002757 
0.250000 0.250000 0.250000 0.250000 
 128
0.479817 0.002411 0.046210 
0.462778 0.995073 0.462022 
0.057405 0.002516 0.491768 
0.991343 0.003143 0.002757 0.002757 
0.250000 0.250000 0.250000 0.250000 
 129
0.479817 0.002411 0.046210 
0.462778 0.995073 0.462022 
0.057405 0.002516 0.491768 
0.776409 0.216579 0.003376 0.003637 
0.250000 0.250000 0.250000 0.250000 
 130
0.479817 0.002411 0.046210 
0.462778 0.995073 0.462022 
0.057405 0.002516 0.491768 
0.025047 0.969438 0.002757 0.002757 
0.250000 0.250000 0.250000 0.250000 
 131
0.479817 0.002411 0.046210 
0.462778 0.995073 0.462022 
0.057405 0.002516 0.491768 
0.002757 0.002989 0.005457 0.988798 
0.250000 0.250000 0.250000 0.250000 
 132
0.479817 0.002411 0.046210 
0.462778 0.995073 0.462022 
0.057405 0.002516 0.491768 
0.182594 0.101384 0.532149 0.183873 
0.250000 0.250000 0.250000 0.250000 
 133
0.479817 0.002411 0.046210 
0.462778 0.995073 0.462022 
0.057405 0.002516 0.491768 
0.003082 0.002757 0.002757 0.991404 
0.250000 0.250000 0.250000 0.250000 
 134
0.479817 0.002411 0.046210 
0.462778 0.995073 0.462022 
0.057405 0.002516 0.491768 
0.002757 0.991419 0.003068 0.002757 
0.250000 0.250000 0.250000 0.250000 
 135
0.479817 0.002411 0.046210 
0.462778 0.995073 0.462022 
0.057405 0.002516 0.491768 
0.002757 0.002757 0.216060 0.778425 
0.250000 0.250000 0.250000 0.250000 
 136
0.479817 0.002411 0.046210 
0.462778 0.995073 0.462022 
0.057405 0.002516 0.491768 
0.002757 0.002757 0.003227 0.991259 
0.250000 0.250000 0.250000 0.250000 
 137
0.479817 0.002411 0.046210 
0.462778 0.995073 0.462022 
0.057405 0.002516 0.491768 
0.003049 0.002757 0.002757 0.991437 
0.250000 0.250000 0.250000 0.250000 
 138
0.479817 0.002411 0.046210 
0.462778 0.995073 0.462022 
0.057405 0.002516 0.491768 
0.003006 0.002757 0.981641 0.012596 
0.250000 0.250000 0.250000 0.250000 
 139
0.479817 0.002411 0.046210 
0.462778 0.995073 0.462022 
0.057405 0.002516 0.491768 
0.991729 0.002757 0.002757 0.002757 
0.250000 0.250000 0.250000 0.250000 
 140
0.479817 0.002411 0.046210 
0.462778 0.995073 0.462022 
0.057405 0.002516 0.491768 
0.002757 0.002757 0.002757 0.991729 
0.250000 0.250000 0.250000 0.250000 
 141
0.479817 0.002411 0.046210 
0.462778 0.995073 0.462022 
0.057405 0.002516 0.491768 
0.002757 0.991729 0.002757 0.002757 
0.250000 0.250000 0.250000 0.250000 
 142
0.479817 0.002411 0.046210 
0.462778 0.995073 0.462022 
0.057405 0.002516 0.491768 
0.002757 0.002757 0.002757 0.991729 
0.250000 0.250000 0.250000 0.250000 
 143
0.479817 0.002411 0.046210 
0.462778 0.995073 0.462022 
0.057405 0.002516 0.491768 
0.991392 0.002757 0.002757 0.003094 
0.250000 0.250000 0.250000 0.250000 
 144
0.479817 0.002411 0.046210 
0.462778 0.995073 0.462022 
0.057405 0.002516 0.491768 
0.002757 0.002757 0.052938 0.941548 
0.250000 0.250000 0.250000 0.250000 
 145
0.479817 0.002411 0.046210 
0.462778 0.995073 0.462022 
0.057405 0.002516 0.491768 
0.003216 0.002757 0.002757 0.991270 
0.250000 0.250000 0.250000 0.250000 
 146
0.479817 0.002411 0.046210 
0.462778 0.995073 0.462022 
0.057405 0.002516 0.491768 
0.002757 0.004606 0.989202 0.003435 
0.250000 0.250000 0.250000 0.250000 
 147
0.479817 0.002411 0.046210 
0.462778 0.995073 0.462022 
0.057405 0.002516 0.491768 
0.329611 0.620808 0.004599 0.044983 
0.250000 0.250000 0.250000 0.250000 
 148
0.479817 0.002411 0.046210 
0.462778 0.995073 0.462022 
0.057405 0.002516 0.491768 
0.002757 0.991111 0.003376 0.002757 
0.250000 0.250000 0.250000 0.250000 
 149
0.479817 0.002411 0.046210 
0.462778 0.995073 0.462022 
0.057405 0.002516 0.491768 
0.991729 0.002757 0.002757 0.002757 
0.250000 0.250000 0.250000 0.250000 
 150
0.479817 0.002411 0.046210 
0.462778 0.995073 0.462022 
0.057405 0.002516 0.491768 
0.002757 0.002757 0.036853 0.957633 
0.250000 0.250000 0.250000 0.250000 
 151
0.479817 0.002411 0.046210 
0.462778 0.995073 0.462022 
0.057405 0.002516 0.491768 
0.002757 0.002757 0.004208 0.990278 
0.250000 0.250000 0.250000 0.250000 
 152
0.479817 0.002411 0.046210 
0.462778 0.995073 0.462022 
0.057405 0.002516 0.491768 
0.002757 0.002757 0.003300 0.991185 
0.250000 0.250000 0.250000 0.250000 
 153
0.479817 0.002411 0.046210 
0.462778 0.995073 0.462022 
0.057405 0.002516 0.491768 
0.002938 0.004066 0.763464 0.229531 
0.250000 0.250000 0.250000 0.250000 
 154
0.479817 0.002411 0.046210 
0.462778 0.995073 0.462022 
0.057405 0.002516 0.491768 
0.002757 0.002757 0.991729 0.002757 
0.250000 0.250000 0.250000 0.250000 
 155
0.479817 0.002411 0.046210 
0.462778 0.995073 0.462022 
0.057405 0.002516 0.491768 
0.991046 0.002757 0.002757 0.003440 
0.250000 0.250000 0.250000 0.250000 
 156
0.479817 0.002411 0.046210 
0.462778 0.995073 0.462022 
0.057405 0.002516 0.491768 
0.002757 0.002757 0.543404 0.451082 
0.250000 0.250000 0.250000 0.250000 
 157
0.479817 0.002411 0.046210 
0.462778 0.995073 0.462022 
0.057405 0.002516 0.491768 
0.002757 0.002757 0.003264 0.991223 
0.250000 0.250000 0.250000 0.250000 
 158
0.479817 0.002411 0.046210 
0.462778 0.995073 0.462022 
0.057405 0.002516 0.491768 
0.002757 0.002757 0.003704 0.990782 
0.250000 0.250000 0.250000 0.250000 
 159
0.479817 0.002411 0.046210 
0.462778 0.995073 0.462022 
0.057405 0.002516 0.491768 
0.002757 0.002757 0.679417 0.315069 
0.250000 0.250000 0.250000 0.250000 
 160
0.479817 0.002411 0.046210 
0.462778 0.995073 0.462022 
0.057405 0.002516 0.491768 
0.989980 0.004506 0.002757 0.002757 
0.250000 0.250000 0.250000 0.250000 
 161
0.479817 0.002411 0.046210 
0.462778 0.995073 0.462022 
0.057405 0.002516 0.491768 
0.002757 0.002757 0.003684 0.990802 
0.250000 0.250000 0.250000 0.250000 
 162
0.479817 0.002411 0.046210 
0.462778 0.995073 0.462022 
0.057405 0.002516 0.491768 
0.027753 0.003044 0.401503 0.567701 
0.250000 0.250000 0.250000 0.250000 
 163
0.479817 0.002411 0.046210 
0.462778 0.995073 0.462022 
0.057405 0.002516 0.491768 
0.168537 0.825949 0.002757 0.002757 
0.250000 0.250000 0.250000 0.250000 
 164
0.479817 0.002411 0.046210 
0.462778 0.995073 0.462022 
0.057405 0.002516 0.491768 
0.990961 0.003260 0.002757 0.003022 
0.250000 0.250000 0.250000 0.250000 
 165
0.479817 0.002411 0.046210 
0.462778 0.995073 0.462022 
0.057405 0.002516 0.491768 
0.002972 0.002757 0.378682 0.615589 
0.250000 0.250000 0.250000 0.250000 
 166
0.479817 0.002411 0.046210 
0.462778 0.995073 0.462022 
0.057405 0.002516 0.491768 
0.002757 0.991362 0.003125 0.002757 
0.250000 0.250000 0.250000 0.250000 
 167
0.479817 0.002411 0.046210 
0.462778 0.995073 0.462022 
0.057405 0.002516 0.491768 
0.990219 0.003072 0.002757 0.003952 
0.250000 0.250000 0.250000 0.250000 
 168
0.479817 0.002411 0.046210 
0.462778 0.995073 0.462022 
0.057405 0.002516 0.491768 
0.876260 0.117430 0.003284 0.003026 
0.250000 0.250000 0.250000 0.250000 
 169
0.479817 0.002411 0.046210 
0.462778 0.995073 0.462022 
0.057405 0.002516 0.491768 
0.039941 0.002943 0.952884 0.004232 
0.250000 0.250000 0.250000 0.250000 
 170
0.479817 0.002411 0.046210 
0.462778 0.995073 0.462022 
0.057405 0.002516 0.491768 
0.123297 0.849910 0.002757 0.024035 
0.250000 0.250000 0.250000 0.250000 
 171
0.479817 0.002411 0.046210 
0.462778 0.995073 0.462022 
0.057405 0.002516 0.491768 
0.381475 0.611680 0.003115 0.003729 
0.250000 0.250000 0.250000 0.250000 
 172
0.479817 0.002411 0.046210 
0.462778 0.995073 0.462022 
0.057405 0.002516 0.491768 
0.109269 0.885217 0.002757 0.002757 
0.250000 0.250000 0.250000 0.250000 
 173
0.479817 0.002872 0.046210 
0.462778 0.994612 0.462022 
0.056702 0.002517 0.491768 
0.005686 0.988797 0.002758 0.002758 
0.250000 0.250000 0.250000 0.250000 
 174
0.486185 0.002413 0.046210 
0.457112 0.995071 0.462022 
0.056702 0.002517 0.491768 
0.010032 0.003133 0.442616 0.544219 
0.250000 0.250000 0.250000 0.250000 
 175
0.486185 0.002413 0.046210 
0.457112 0.995071 0.462022 
0.056702 0.002517 0.491768 
0.008121 0.986362 0.002758 0.002758 
0.250000 0.250000 0.250000 0.250000 
 176
0.473943 0.002413 0.046210 
0.469354 0.995071 0.462022 
0.057405 0.002516 0.491768 
0.987699 0.006788 0.002757 0.002757 
0.250000 0.250000 0.250000 0.250000 
 177
0.479817 0.002411 0.046210 
0.462778 0.995073 0.462022 
0.057405 0.002516 0.491768 
0.871138 0.119202 0.003598 0.006062 
0.250000 0.250000 0.250000 0.250000 
 178
0.479817 0.002411 0.046210 
0.462778 0.995073 0.462022 
0.057405 0.002516 0.491768 
0.002757 0.002983 0.003448 0.990812 
0.250000 0.250000 0.250000 0.250000 
 179
0.479817 0.002411 0.046210 
0.462778 0.995073 0.462022 
0.057405 0.002516 0.491768 
0.002757 0.002757 0.991411 0.003075 
0.250000 0.250000 0.250000 0.250000 
 180
0.479817 0.002411 0.046210 
0.462778 0.995073 0.462022 
0.057405 0.002516 0.491768 
0.885063 0.109186 0.002757 0.002994 
0.250000 0.250000 0.250000 0.250000 
 181
0.479817 0.002411 0.046210 
0.462778 0.995073 0.462022 
0.057405 0.002516 0.491768 
0.943950 0.046919 0.004456 0.004674 
0.250000 0.250000 0.250000 0.250000 
 182
0.479817 0.002411 0.046210 
0.462778 0.995073 0.462022 
0.057405 0.002516 0.491768 
0.005270 0.004852 0.032800 0.957078 
0.250000 0.250000 0.250000 0.250000 
 183
0.479817 0.002411 0.046210 
0.462778 0.995073 0.462022 
0.057405 0.002516 0.491768 
0.915823 0.050913 0.024975 0.008289 
0.250000 0.250000 0.250000 0.250000 
 184
0.479817 0.002411 0.046210 
0.462778 0.995073 0.462022 
0.057405 0.002516 0.491768 
0.856900 0.136607 0.003505 0.002987 
0.250000 0.250000 0.250000 0.250000 
 185
0.479817 0.002411 0.046210 
0.462778 0.995073 0.462022 
0.057405 0.002516 0.491768 
0.002757 0.002757 0.003717 0.990769 
0.250000 0.250000 0.250000 0.250000 
 186
0.479817 0.002411 0.046210 
0.462778 0.995073 0.462022 
0.057405 0.002516 0.491768 
0.018472 0.093714 0.158317 0.729496 
0.250000 0.250000 0.250000 0.250000 
 187
0.479817 0.002411 0.046210 
0.462778 0.995073 0.462022 
0.057405 0.002516 0.491768 
0.107851 0.881204 0.003334 0.007612 
0.250000 0.250000 0.250000 0.250000 
 188
0.479817 0.002411 0.046210 
0.462778 0.995073 0.462022 
0.057405 0.002516 0.491768 
0.002757 0.002757 0.010487 0.984000 
0.250000 0.250000 0.250000 0.250000 
 189
0.479817 0.002411 0.046210 
0.462778 0.995073 0.462022 
0.057405 0.002516 0.491768 
0.792354 0.196437 0.004144 0.007065 
0.250000 0.250000 0.250000 0.250000 
 190
0.479817 0.002411 0.046210 
0.462778 0.995073 0.462022 
0.057405 0.002516 0.491768 
0.003079 0.991407 0.002757 0.002757 
0.250000 0.250000 0.250000 0.250000 
 191
0.479817 0.002411 0.046210 
0.462778 0.995073 0.462022 
0.057405 0.002516 0.491768 
0.982862 0.004458 0.009924 0.002757 
0.250000 0.250000 0.250000 0.250000 
 192
0.479817 0.002411 0.046210 
0.462778 0.995073 0.462022 
0.057405 0.002516 0.491768 
0.834816 0.155360 0.003859 0.005966 
0.250000 0.250000 0.250000 0.250000 
 193
0.479817 0.002411 0.046210 
0.462778 0.995073 0.462022 
0.057405 0.002516 0.491768 
0.003895 0.006864 0.146327 0.842914 
0.250000 0.250000 0.250000 0.250000 
 194
0.479817 0.002411 0.046210 
0.462778 0.995073 0.462022 
0.057405 0.002516 0.491768 
0.005707 0.002757 0.882018 0.109519 
0.250000 0.250000 0.250000 0.250000 
 195
0.479817 0.002411 0.046210 
0.462778 0.995073 0.462022 
0.057405 0.002516 0.491768 
0.007625 0.020990 0.018280 0.953105 
0.250000 0.250000 0.250000 0.250000 
 196
0.479817 0.002411 0.046210 
0.462778 0.995073 0.462022 
0.057405 0.002516 0.491768 
0.015902 0.978584 0.002757 0.002757 
0.250000 0.250000 0.250000 0.250000 
 197
0.479817 0.002411 0.046210 
0.462778 0.995073 0.462022 
0.057405 0.002516 0.491768 
0.105387 0.888714 0.002757 0.003142 
0.250000 0.250000 0.250000 0.250000 
 198
0.479817 0.002411 0.046210 
0.462778 0.995073 0.462022 
0.057405 0.002516 0.491768 
0.103759 0.010499 0.265820 0.619922 
0.250000 0.250000 0.250000 0.250000 
 199
0.479817 0.002411 0.046210 
0.462778 0.995073 0.462022 
0.057405 0.002516 0.491768 
0.005078 0.989408 0.002757 0.002757 
0.250000 0.250000 0.250000 0.250000 
 200
0.479817 0.002411 0.046210 
0.462778 0.995073 0.462022 
0.057405 0.002516 0.491768 
0.988671 0.002971 0.005601 0.002757 
0.250000 0.250000 0.250000 0.250000 
 201
0.479817 0.002411 0.046210 
0.462778 0.995073 0.462022 
0.057405 0.002516 0.491768 
0.002757 0.002757 0.230598 0.763888 
0.250000 0.250000 0.250000 0.250000 
 202
0.479817 0.002411 0.046210 
0.462778 0.995073 0.462022 
0.057405 0.002516 0.491768 
0.003396 0.002757 0.942905 0.050942 
0.250000 0.250000 0.250000 0.250000 
 203
0.479817 0.002411 0.046210 
0.462778 0.995073 0.462022 
0.057405 0.002516 0.491768 
0.011420 0.002757 0.982324 0.003499 
0.250000 0.250000 0.250000 0.250000 
 204
0.479817 0.002411 0.046210 
0.462778 0.995073 0.462022 
0.057405 0.002516 0.491768 
0.485811 0.433183 0.013619 0.067387 
0.250000 0.250000 0.250000 0.250000 
 205
0.479817 0.002411 0.046210 
0.462778 0.995073 0.462022 
0.057405 0.002516 0.491768 
0.984226 0.002757 0.010261 0.002757 
0.250000 0.250000 0.250000 0.250000 
 206
0.479817 0.002411 0.046210 
0.462778 0.995073 0.462022 
0.057405 0.002516 0.491768 
0.989685 0.004458 0.003101 0.002757 
0.250000 0.250000 0.250000 0.250000 
 207
0.479817 0.002411 0.046210 
0.462778 0.995073 0.462022 
0.057405 0.002516 0.491768 
0.003786 0.002757 0.050905 0.942552 
0.250000 0.250000 0.250000 0.250000 
 208
0.479817 0.002411 0.046210 
0.462778 0.995073 0.462022 
0.057405 0.002516 0.491768 
0.004490 0.988907 0.002757 0.003846 
0.250000 0.250000 0.250000 0.250000 
 209
0.479817 0.002411 0.046210 
0.462778 0.995073 0.462022 
0.057405 0.002516 0.491768 
0.004388 0.002757 0.957253 0.035602 
0.250000 0.250000 0.250000 0.250000 
 210
0.479817 0.002411 0.046210 
0.462778 0.995073 0.462022 
0.057405 0.002516 0.491768 
0.929601 0.036759 0.007963 0.025677 
0.250000 0.250000 0.250000 0.250000 
 211
0.479817 0.002411 0.046210 
0.462778 0.995073 0.462022 
0.057405 0.002516 0.491768 
0.003746 0.002757 0.468928 0.524568 
0.250000 0.250000 0.250000 0.250000 
 212
0.479817 0.002411 0.046210 
0.462778 0.995073 0.462022 
0.057405 0.002516 0.491768 
0.002757 0.002757 0.003682 0.990803 
0.250000 0.250000 0.250000 0.250000 
 213
0.479817 0.002411 0.046210 
0.462778 0.995073 0.462022 
0.057405 0.002516 0.491768 
0.639670 0.211800 0.116248 0.032283 
0.250000 0.250000 0.250000 0.250000 
 214
0.479817 0.002411 0.046210 
0.462778 0.995073 0.462022 
0.057405 0.002516 0.491768 
0.003222 0.003208 0.354862 0.638709 
0.250000 0.250000 0.250000 0.250000 
 215
0.479817 0.002411 0.046210 
0.462778 0.995073 0.462022 
0.057405 0.002516 0.491768 
0.003498 0.002757 0.002757 0.990989 
0.250000 0.250000 0.250000 0.250000 
 216
0.479817 0.002474 0.046210 
0.462778 0.995010 0.462022 
0.057309 0.002516 0.491768 
0.233743 0.751017 0.005096 0.010144 
0.250000 0.250000 0.250000 0.250000 
 217
0.480690 0.002412 0.046210 
0.462002 0.995073 0.462022 
0.057309 0.002516 0.491768 
0.991421 0.003064 0.002757 0.002757 
0.250000 0.250000 0.250000 0.250000 
 218
0.480690 0.002412 0.046210 
0.462002 0.995073 0.462022 
0.057309 0.002516 0.491768 
0.986331 0.004054 0.006858 0.002757 
0.250000 0.250000 0.250000 0.250000 
 219
0.479013 0.002412 0.046210 
0.463678 0.995073 0.462022 
0.057405 0.002516 0.491768 
0.525333 0.468815 0.002757 0.003095 
0.250000 0.250000 0.250000 0.250000 
 220
0.479817 0.002411 0.046210 
0.462778 0.995073 0.462022 
0.057405 0.002516 0.491768 
0.002757 0.002757 0.991729 0.002757 
0.250000 0.250000 0.250000 0.250000 
 221
0.479817 0.002411 0.046210 
0.462778 0.995073 0.462022 
0.057405 0.002516 0.491768 
0.991729 0.002757 0.002757 0.002757 
0.250000 0.250000 0.250000 0.250000 
 222
0.479817 0.002411 0.046210 
0.462778 0.995073 0.462022 
0.057405 0.002516 0.491768 
0.002757 0.002757 0.910045 0.084441 
0.250000 0.250000 0.250000 0.250000 
 223
0.479817 0.002411 0.046210 
0.462778 0.995073 0.462022 
0.057405 0.002516 0.491768 
0.240142 0.002758 0.754342 0.002758 
0.250000 0.250000 0.250000 0.250000 
 224
0.479817 0.002411 0.046210 
0.462778 0.995073 0.462022 
0.057405 0.002516 0.491768 
0.003335 0.990650 0.002757 0.003258 
0.250000 0.250000 0.250000 0.250000 
 225
0.479817 0.002411 0.046210 
0.462778 0.995073 0.462022 
0.057405 0.002516 0.491768 
0.921825 0.061582 0.003017 0.013576 
0.250000 0.250000 0.250000 0.250000 
 226
0.479817 0.002411 0.046210 
0.462778 0.995073 0.462022 
0.057405 0.002516 0.491768 
0.002757 0.003201 0.002757 0.991285 
0.250000 0.250000 0.250000 0.250000 
 227
0.479817 0.002411 0.046210 
0.462778 0.995073 0.462022 
0.057405 0.002516 0.491768 
0.002757 0.003707 0.002757 0.990779 
0.250000 0.250000 0.250000 0.250000 
 228
0.479817 0.002411 0.046210 
0.462778 0.995073 0.462022 
0.057405 0.002516 0.491768 
0.002757 0.002757 0.031813 0.962673 
0.250000 0.250000 0.250000 0.250000 
 229
0.479817 0.002411 0.046210 
0.462778 0.995073 0.462022 
0.057405 0.002516 0.491768 
0.003697 0.990789 0.002757 0.002757 
0.250000 0.250000 0.250000 0.250000 
 230
0.479817 0.002411 0.046210 
0.462778 0.995073 0.462022 
0.057405 0.002516 0.491768 
0.991052 0.003434 0.002757 0.002757 
0.250000 0.250000 0.250000 0.250000 
 231
0.479817 0.002411 0.046210 
0.462778 0.995073 0.462022 
0.057405 0.002516 0.491768 
0.518348 0.470781 0.006434 0.004437 
0.250000 0.250000 0.250000 0.250000 
 232
0.479817 0.002411 0.046210 
0.462778 0.995073 0.462022 
0.057405 0.002516 0.491768 
0.989900 0.002947 0.003059 0.004094 
0.250000 0.250000 0.250000 0.250000 
 233
0.479817 0.002411 0.046210 
0.462778 0.995073 0.462022 
0.057405 0.002516 0.491768 
0.002757 0.002757 0.003970 0.990517 
0.250000 0.250000 0.250000 0.250000 
 234
0.479817 0.002411 0.046210 
0.462778 0.995073 0.462022 
0.057405 0.002516 0.491768 
0.967018 0.004072 0.024630 0.004281 
0.250000 0.250000 0.250000 0.250000 
 235
0.479817 0.002411 0.046210 
0.462778 0.995073 0.462022 
0.057405 0.002516 0.491768 
0.989922 0.004349 0.002972 0.002757 
0.250000 0.250000 0.250000 0.250000 
 236
