%  SAM: /scicomp/home/vfn4/Tools/LABEL_RES/scripts/modelfromalign v3.5 (July 15, 2005) compiled 12/08/06_16:15:55
%  (c) 1992-2001 Regents of the University of California, Santa Cruz
%
%          Sequence Alignment and Modeling Software System
%         http://www.cse.ucsc.edu/research/compbio/sam.html
%
% ----------------- Citations (SAM, SAM-T2K, HMMs) --------------------
% R. Hughey, A. Krogh, Hidden Markov models for sequence analysis:
%  Extension and analysis of the basic method, CABIOS 12:95-107, 1996.
% K. Karplus, et al., What is the value added by human intervention in protein
%  structure prediction, Proteins: Stucture, Function, Genetics 45(S5):86--91, 2001.
% A. Krogh et al., Hidden Markov models in computational biology:
%  Applications to protein modeling, JMB 235:1501-1531, Feb 1994.
% ---------------------------------------------------------------------
%  A_PB2_hmm   Host: node5.aspen.biotech.cdc.gov    Thu Jun  5 17:05:20 2014
%  vfn4        Dir:  /scicomp/home/vfn4/IRMA/train2
% ---------------------------------------------------------------------
%  Alignment weights from internal calc.  Total (100.23) Max (0.40) Min (0.00)
%  Weights from alignment method 1 (karplus), b=-1.000000, e=0.500000
MODEL --  Model from alignment file /scicomp/home/vfn4/Tools/LABEL_RES/training_data/IRMA/A_PB2.fasta
alphabet DNA
FREQAVE
0.000000 0.000000 0.000000 
0.000000 0.000000 0.000000 
0.000000 0.000000 0.000000 
0.338874 0.254810 0.186887 0.219429 
0.338874 0.254810 0.186887 0.219429 
Begin
0.000000 0.000000 0.000000 
0.000000 0.000000 0.000000 
0.000000 0.002287 0.491768 
0.250000 0.250000 0.250000 0.250000 
0.250000 0.250000 0.250000 0.250000 
   1
0.000000 0.002193 0.046210 
0.000000 0.995520 0.462022 
0.057405 0.002287 0.491768 
0.992591 0.002470 0.002470 0.002470 
0.250000 0.250000 0.250000 0.250000 
   2
0.479817 0.002193 0.046210 
0.462778 0.995520 0.462022 
0.057405 0.002287 0.491768 
0.002470 0.002470 0.002470 0.992591 
0.250000 0.250000 0.250000 0.250000 
   3
0.479817 0.002193 0.046210 
0.462778 0.995520 0.462022 
0.057405 0.002287 0.491768 
0.002470 0.992591 0.002470 0.002470 
0.250000 0.250000 0.250000 0.250000 
   4
0.479817 0.002193 0.046210 
0.462778 0.995520 0.462022 
0.057405 0.002287 0.491768 
0.002905 0.992156 0.002470 0.002470 
0.250000 0.250000 0.250000 0.250000 
   5
0.479817 0.002193 0.046210 
0.462778 0.995520 0.462022 
0.057405 0.002287 0.491768 
0.990385 0.004470 0.002470 0.002675 
0.250000 0.250000 0.250000 0.250000 
   6
0.479817 0.002193 0.046210 
0.462778 0.995520 0.462022 
0.057405 0.002287 0.491768 
0.303769 0.689974 0.002787 0.003469 
0.250000 0.250000 0.250000 0.250000 
   7
0.479817 0.002193 0.046210 
0.462778 0.995520 0.462022 
0.057405 0.002287 0.491768 
0.986984 0.003977 0.006569 0.002470 
0.250000 0.250000 0.250000 0.250000 
   8
0.479817 0.002193 0.046210 
0.462778 0.995520 0.462022 
0.057405 0.002287 0.491768 
0.003989 0.990662 0.002705 0.002644 
0.250000 0.250000 0.250000 0.250000 
   9
0.479817 0.002193 0.046210 
0.462778 0.995520 0.462022 
0.057405 0.002287 0.491768 
0.983611 0.008965 0.002470 0.004954 
0.250000 0.250000 0.250000 0.250000 
  10
0.479817 0.002193 0.046210 
0.462778 0.995520 0.462022 
0.057405 0.002287 0.491768 
0.988467 0.006225 0.002839 0.002470 
0.250000 0.250000 0.250000 0.250000 
  11
0.479817 0.002193 0.046210 
0.462778 0.995520 0.462022 
0.057405 0.002287 0.491768 
0.004499 0.002470 0.002768 0.990263 
0.250000 0.250000 0.250000 0.250000 
  12
0.479817 0.002193 0.046210 
0.462778 0.995520 0.462022 
0.057405 0.002287 0.491768 
0.990561 0.002470 0.002470 0.004499 
0.250000 0.250000 0.250000 0.250000 
  13
0.479817 0.002193 0.046210 
0.462778 0.995520 0.462022 
0.057405 0.002287 0.491768 
0.990743 0.004067 0.002721 0.002470 
0.250000 0.250000 0.250000 0.250000 
  14
0.479817 0.002193 0.046210 
0.462778 0.995520 0.462022 
0.057405 0.002287 0.491768 
0.988515 0.006546 0.002470 0.002470 
0.250000 0.250000 0.250000 0.250000 
  15
0.479817 0.002193 0.046210 
0.462778 0.995520 0.462022 
0.057405 0.002287 0.491768 
0.918899 0.075575 0.003056 0.002470 
0.250000 0.250000 0.250000 0.250000 
  16
0.479817 0.002193 0.046210 
0.462778 0.995520 0.462022 
0.057405 0.002287 0.491768 
0.003300 0.991174 0.003056 0.002470 
0.250000 0.250000 0.250000 0.250000 
  17
0.479817 0.002193 0.046210 
0.462778 0.995520 0.462022 
0.057405 0.002287 0.491768 
0.989605 0.005455 0.002470 0.002470 
0.250000 0.250000 0.250000 0.250000 
  18
0.479817 0.002193 0.046210 
0.462778 0.995520 0.462022 
0.057405 0.002287 0.491768 
0.911005 0.083607 0.002918 0.002470 
0.250000 0.250000 0.250000 0.250000 
  19
0.479817 0.002193 0.046210 
0.462778 0.995520 0.462022 
0.057405 0.002287 0.491768 
0.002770 0.003110 0.787286 0.206834 
0.250000 0.250000 0.250000 0.250000 
  20
0.479817 0.002193 0.046210 
0.462778 0.995520 0.462022 
0.057405 0.002287 0.491768 
0.002470 0.002470 0.003495 0.991566 
0.250000 0.250000 0.250000 0.250000 
  21
0.479817 0.002193 0.046210 
0.462778 0.995520 0.462022 
0.057405 0.002287 0.491768 
0.775440 0.211432 0.002757 0.010371 
0.250000 0.250000 0.250000 0.250000 
  22
0.479817 0.002193 0.046210 
0.462778 0.995520 0.462022 
0.057405 0.002287 0.491768 
0.833384 0.002470 0.161677 0.002470 
0.250000 0.250000 0.250000 0.250000 
  23
0.479817 0.002193 0.046210 
0.462778 0.995520 0.462022 
0.057405 0.002287 0.491768 
0.005027 0.988527 0.002470 0.003976 
0.250000 0.250000 0.250000 0.250000 
  24
0.479817 0.002193 0.046210 
0.462778 0.995520 0.462022 
0.057405 0.002287 0.491768 
0.779158 0.215029 0.002845 0.002968 
0.250000 0.250000 0.250000 0.250000 
  25
0.479817 0.002193 0.046210 
0.462778 0.995520 0.462022 
0.057405 0.002287 0.491768 
0.237869 0.748630 0.002470 0.011032 
0.250000 0.250000 0.250000 0.250000 
  26
0.479817 0.002193 0.046210 
0.462778 0.995520 0.462022 
0.057405 0.002287 0.491768 
0.977985 0.006319 0.012941 0.002754 
0.250000 0.250000 0.250000 0.250000 
  27
0.479817 0.002193 0.046210 
0.462778 0.995520 0.462022 
0.057405 0.002287 0.491768 
0.002860 0.013344 0.102116 0.881680 
0.250000 0.250000 0.250000 0.250000 
  28
0.479817 0.002193 0.046210 
0.462778 0.995520 0.462022 
0.057405 0.002287 0.491768 
0.003314 0.002689 0.849685 0.144312 
0.250000 0.250000 0.250000 0.250000 
  29
0.479817 0.002193 0.046210 
0.462778 0.995520 0.462022 
0.057405 0.002287 0.491768 
0.002773 0.002470 0.002681 0.992076 
0.250000 0.250000 0.250000 0.250000 
  30
0.479817 0.002193 0.046210 
0.462778 0.995520 0.462022 
0.057405 0.002287 0.491768 
0.622367 0.368431 0.003758 0.005443 
0.250000 0.250000 0.250000 0.250000 
  31
0.479817 0.002193 0.046210 
0.462778 0.995520 0.462022 
0.057405 0.002287 0.491768 
0.991855 0.002470 0.002470 0.003206 
0.250000 0.250000 0.250000 0.250000 
  32
0.479817 0.002193 0.046210 
0.462778 0.995520 0.462022 
0.057405 0.002287 0.491768 
0.002470 0.002470 0.002470 0.992591 
0.250000 0.250000 0.250000 0.250000 
  33
0.479817 0.002193 0.046210 
0.462778 0.995520 0.462022 
0.057405 0.002287 0.491768 
0.002878 0.992182 0.002470 0.002470 
0.250000 0.250000 0.250000 0.250000 
  34
0.479817 0.002193 0.046210 
0.462778 0.995520 0.462022 
0.057405 0.002287 0.491768 
0.002709 0.002811 0.002718 0.991761 
0.250000 0.250000 0.250000 0.250000 
  35
0.479817 0.002193 0.046210 
0.462778 0.995520 0.462022 
0.057405 0.002287 0.491768 
0.002470 0.003412 0.977788 0.016330 
0.250000 0.250000 0.250000 0.250000 
  36
0.479817 0.002193 0.046210 
0.462778 0.995520 0.462022 
0.057405 0.002287 0.491768 
0.427679 0.559540 0.007444 0.005336 
0.250000 0.250000 0.250000 0.250000 
  37
0.479817 0.002193 0.046210 
0.462778 0.995520 0.462022 
0.057405 0.002287 0.491768 
0.005457 0.002968 0.989106 0.002470 
0.250000 0.250000 0.250000 0.250000 
  38
0.479817 0.002193 0.046210 
0.462778 0.995520 0.462022 
0.057405 0.002287 0.491768 
0.989426 0.004418 0.002470 0.003685 
0.250000 0.250000 0.250000 0.250000 
  39
0.479817 0.002193 0.046210 
0.462778 0.995520 0.462022 
0.057405 0.002287 0.491768 
0.162339 0.830191 0.004726 0.002744 
0.250000 0.250000 0.250000 0.250000 
  40
0.479817 0.002193 0.046210 
0.462778 0.995520 0.462022 
0.057405 0.002287 0.491768 
0.002740 0.002880 0.003504 0.990876 
0.250000 0.250000 0.250000 0.250000 
  41
0.479817 0.002193 0.046210 
0.462778 0.995520 0.462022 
0.057405 0.002287 0.491768 
0.002470 0.002470 0.990525 0.004536 
0.250000 0.250000 0.250000 0.250000 
  42
0.479817 0.002193 0.046210 
0.462778 0.995520 0.462022 
0.057405 0.002287 0.491768 
0.002470 0.002470 0.475042 0.520019 
0.250000 0.250000 0.250000 0.250000 
  43
0.479817 0.002193 0.046210 
0.462778 0.995520 0.462022 
0.057405 0.002287 0.491768 
0.002470 0.002470 0.991585 0.003476 
0.250000 0.250000 0.250000 0.250000 
  44
0.479817 0.002193 0.046210 
0.462778 0.995520 0.462022 
0.057405 0.002287 0.491768 
0.003198 0.991863 0.002470 0.002470 
0.250000 0.250000 0.250000 0.250000 
  45
0.479817 0.002193 0.046210 
0.462778 0.995520 0.462022 
0.057405 0.002287 0.491768 
0.002727 0.002686 0.991795 0.002792 
0.250000 0.250000 0.250000 0.250000 
  46
0.479817 0.002193 0.046210 
0.462778 0.995520 0.462022 
0.057405 0.002287 0.491768 
0.991469 0.003592 0.002470 0.002470 
0.250000 0.250000 0.250000 0.250000 
  47
0.479817 0.002193 0.046210 
0.462778 0.995520 0.462022 
0.057405 0.002287 0.491768 
0.002470 0.002470 0.992059 0.003002 
0.250000 0.250000 0.250000 0.250000 
  48
0.479817 0.002193 0.046210 
0.462778 0.995520 0.462022 
0.057405 0.002287 0.491768 
0.006409 0.003211 0.151293 0.839087 
0.250000 0.250000 0.250000 0.250000 
  49
0.479817 0.002193 0.046210 
0.462778 0.995520 0.462022 
0.057405 0.002287 0.491768 
0.002688 0.003038 0.991302 0.002973 
0.250000 0.250000 0.250000 0.250000 
  50
0.479817 0.002193 0.046210 
0.462778 0.995520 0.462022 
0.057405 0.002287 0.491768 
0.002642 0.991428 0.002893 0.003038 
0.250000 0.250000 0.250000 0.250000 
  51
0.479817 0.002193 0.046210 
0.462778 0.995520 0.462022 
0.057405 0.002287 0.491768 
0.003998 0.002656 0.990083 0.003263 
0.250000 0.250000 0.250000 0.250000 
  52
0.479817 0.002193 0.046210 
0.462778 0.995520 0.462022 
0.057405 0.002287 0.491768 
0.002470 0.992591 0.002470 0.002470 
0.250000 0.250000 0.250000 0.250000 
  53
0.479817 0.002193 0.046210 
0.462778 0.995520 0.462022 
0.057405 0.002287 0.491768 
0.990518 0.004543 0.002470 0.002470 
0.250000 0.250000 0.250000 0.250000 
  54
0.479817 0.002193 0.046210 
0.462778 0.995520 0.462022 
0.057405 0.002287 0.491768 
0.005887 0.988973 0.002470 0.002671 
0.250000 0.250000 0.250000 0.250000 
  55
0.479817 0.002193 0.046210 
0.462778 0.995520 0.462022 
0.057405 0.002287 0.491768 
0.990971 0.004089 0.002470 0.002470 
0.250000 0.250000 0.250000 0.250000 
  56
0.479817 0.002193 0.046210 
0.462778 0.995520 0.462022 
0.057405 0.002287 0.491768 
0.002470 0.002470 0.002860 0.992200 
0.250000 0.250000 0.250000 0.250000 
  57
0.479817 0.002193 0.046210 
0.462778 0.995520 0.462022 
0.057405 0.002287 0.491768 
0.990953 0.002695 0.003126 0.003226 
0.250000 0.250000 0.250000 0.250000 
  58
0.479817 0.002193 0.046210 
0.462778 0.995520 0.462022 
0.057405 0.002287 0.491768 
0.008500 0.005174 0.981244 0.005081 
0.250000 0.250000 0.250000 0.250000 
  59
0.479817 0.002193 0.046210 
0.462778 0.995520 0.462022 
0.057405 0.002287 0.491768 
0.002470 0.002470 0.002742 0.992319 
0.250000 0.250000 0.250000 0.250000 
  60
0.479817 0.002193 0.046210 
0.462778 0.995520 0.462022 
0.057405 0.002287 0.491768 
0.334872 0.207267 0.389620 0.068240 
0.250000 0.250000 0.250000 0.250000 
  61
0.479817 0.002193 0.046210 
0.462778 0.995520 0.462022 
0.057405 0.002287 0.491768 
0.988660 0.006400 0.002470 0.002470 
0.250000 0.250000 0.250000 0.250000 
  62
0.479817 0.002193 0.046210 
0.462778 0.995520 0.462022 
0.057405 0.002287 0.491768 
0.003054 0.002470 0.990930 0.003546 
0.250000 0.250000 0.250000 0.250000 
  63
0.479817 0.002193 0.046210 
0.462778 0.995520 0.462022 
0.057405 0.002287 0.491768 
0.542210 0.015417 0.217015 0.225358 
0.250000 0.250000 0.250000 0.250000 
  64
0.479817 0.002193 0.046210 
0.462778 0.995520 0.462022 
0.057405 0.002287 0.491768 
0.989419 0.004798 0.003313 0.002470 
0.250000 0.250000 0.250000 0.250000 
  65
0.479817 0.002193 0.046210 
0.462778 0.995520 0.462022 
0.057405 0.002287 0.491768 
0.951354 0.043707 0.002470 0.002470 
0.250000 0.250000 0.250000 0.250000 
  66
0.479817 0.002193 0.046210 
0.462778 0.995520 0.462022 
0.057405 0.002287 0.491768 
0.707389 0.283678 0.005261 0.003671 
0.250000 0.250000 0.250000 0.250000 
  67
0.479817 0.002193 0.046210 
0.462778 0.995520 0.462022 
0.057405 0.002287 0.491768 
0.989188 0.002470 0.005657 0.002686 
0.250000 0.250000 0.250000 0.250000 
  68
0.479817 0.002193 0.046210 
0.462778 0.995520 0.462022 
0.057405 0.002287 0.491768 
0.002639 0.003910 0.988947 0.004503 
0.250000 0.250000 0.250000 0.250000 
  69
0.479817 0.002193 0.046210 
0.462778 0.995520 0.462022 
0.057405 0.002287 0.491768 
0.007952 0.002470 0.914828 0.074750 
0.250000 0.250000 0.250000 0.250000 
  70
0.479817 0.002193 0.046210 
0.462778 0.995520 0.462022 
0.057405 0.002287 0.491768 
0.992183 0.002877 0.002470 0.002470 
0.250000 0.250000 0.250000 0.250000 
  71
0.479817 0.002193 0.046210 
0.462778 0.995520 0.462022 
0.057405 0.002287 0.491768 
0.002753 0.002908 0.991869 0.002470 
0.250000 0.250000 0.250000 0.250000 
  72
0.479817 0.002193 0.046210 
0.462778 0.995520 0.462022 
0.057405 0.002287 0.491768 
0.171388 0.003509 0.022898 0.802205 
0.250000 0.250000 0.250000 0.250000 
  73
0.479817 0.002193 0.046210 
0.462778 0.995520 0.462022 
0.057405 0.002287 0.491768 
0.003417 0.991644 0.002470 0.002470 
0.250000 0.250000 0.250000 0.250000 
  74
0.479817 0.002193 0.046210 
0.462778 0.995520 0.462022 
0.057405 0.002287 0.491768 
0.002470 0.002771 0.003050 0.991709 
0.250000 0.250000 0.250000 0.250000 
  75
0.479817 0.002193 0.046210 
0.462778 0.995520 0.462022 
0.057405 0.002287 0.491768 
0.089487 0.887680 0.002860 0.019972 
0.250000 0.250000 0.250000 0.250000 
  76
0.479817 0.002193 0.046210 
0.462778 0.995520 0.462022 
0.057405 0.002287 0.491768 
0.002470 0.992591 0.002470 0.002470 
0.250000 0.250000 0.250000 0.250000 
  77
0.479817 0.002193 0.046210 
0.462778 0.995520 0.462022 
0.057405 0.002287 0.491768 
0.991647 0.003414 0.002470 0.002470 
0.250000 0.250000 0.250000 0.250000 
  78
0.479817 0.002193 0.046210 
0.462778 0.995520 0.462022 
0.057405 0.002287 0.491768 
0.002470 0.002470 0.917526 0.077534 
0.250000 0.250000 0.250000 0.250000 
  79
0.479817 0.002193 0.046210 
0.462778 0.995520 0.462022 
0.057405 0.002287 0.491768 
0.002470 0.002470 0.992307 0.002754 
0.250000 0.250000 0.250000 0.250000 
  80
0.479817 0.002193 0.046210 
0.462778 0.995520 0.462022 
0.057405 0.002287 0.491768 
0.992151 0.002910 0.002470 0.002470 
0.250000 0.250000 0.250000 0.250000 
  81
0.479817 0.002193 0.046210 
0.462778 0.995520 0.462022 
0.057405 0.002287 0.491768 
0.002470 0.002732 0.221384 0.773415 
0.250000 0.250000 0.250000 0.250000 
  82
0.479817 0.002193 0.046210 
0.462778 0.995520 0.462022 
0.057405 0.002287 0.491768 
0.992174 0.002887 0.002470 0.002470 
0.250000 0.250000 0.250000 0.250000 
  83
0.479817 0.002193 0.046210 
0.462778 0.995520 0.462022 
0.057405 0.002287 0.491768 
0.002470 0.002470 0.003333 0.991727 
0.250000 0.250000 0.250000 0.250000 
  84
0.479817 0.002193 0.046210 
0.462778 0.995520 0.462022 
0.057405 0.002287 0.491768 
0.003810 0.991022 0.002470 0.002698 
0.250000 0.250000 0.250000 0.250000 
  85
0.479817 0.002193 0.046210 
0.462778 0.995520 0.462022 
0.057405 0.002287 0.491768 
0.003056 0.990373 0.002757 0.003813 
0.250000 0.250000 0.250000 0.250000 
  86
0.479817 0.002193 0.046210 
0.462778 0.995520 0.462022 
0.057405 0.002287 0.491768 
0.002470 0.002470 0.992237 0.002824 
0.250000 0.250000 0.250000 0.250000 
  87
0.479817 0.002193 0.046210 
0.462778 0.995520 0.462022 
0.057405 0.002287 0.491768 
0.038087 0.004105 0.941549 0.016259 
0.250000 0.250000 0.250000 0.250000 
  88
0.479817 0.002193 0.046210 
0.462778 0.995520 0.462022 
0.057405 0.002287 0.491768 
0.989960 0.004460 0.003111 0.002470 
0.250000 0.250000 0.250000 0.250000 
  89
0.479817 0.002193 0.046210 
0.462778 0.995520 0.462022 
0.057405 0.002287 0.491768 
0.002470 0.002470 0.002470 0.992591 
0.250000 0.250000 0.250000 0.250000 
  90
0.479817 0.002193 0.046210 
0.462778 0.995520 0.462022 
0.057405 0.002287 0.491768 
0.986369 0.003481 0.004828 0.005322 
0.250000 0.250000 0.250000 0.250000 
  91
0.479817 0.002193 0.046210 
0.462778 0.995520 0.462022 
0.057405 0.002287 0.491768 
0.988192 0.003025 0.003045 0.005738 
0.250000 0.250000 0.250000 0.250000 
  92
0.479817 0.002193 0.046210 
0.462778 0.995520 0.462022 
0.057405 0.002287 0.491768 
0.002470 0.002805 0.002470 0.992256 
0.250000 0.250000 0.250000 0.250000 
  93
0.479817 0.002193 0.046210 
0.462778 0.995520 0.462022 
0.057405 0.002287 0.491768 
0.041681 0.002470 0.749326 0.206524 
0.250000 0.250000 0.250000 0.250000 
  94
0.479817 0.002193 0.046210 
0.462778 0.995520 0.462022 
0.057405 0.002287 0.491768 
0.988690 0.005545 0.003296 0.002470 
0.250000 0.250000 0.250000 0.250000 
  95
0.479817 0.002193 0.046210 
0.462778 0.995520 0.462022 
0.057405 0.002287 0.491768 
0.990167 0.004893 0.002470 0.002470 
0.250000 0.250000 0.250000 0.250000 
  96
0.479817 0.002193 0.046210 
0.462778 0.995520 0.462022 
0.057405 0.002287 0.491768 
0.427505 0.567555 0.002470 0.002470 
0.250000 0.250000 0.250000 0.250000 
  97
0.479817 0.002193 0.046210 
0.462778 0.995520 0.462022 
0.057405 0.002287 0.491768 
0.991765 0.003296 0.002470 0.002470 
0.250000 0.250000 0.250000 0.250000 
  98
0.479817 0.002193 0.046210 
0.462778 0.995520 0.462022 
0.057405 0.002287 0.491768 
0.988705 0.006355 0.002470 0.002470 
0.250000 0.250000 0.250000 0.250000 
  99
0.479817 0.002193 0.046210 
0.462778 0.995520 0.462022 
0.057405 0.002287 0.491768 
0.505523 0.489538 0.002470 0.002470 
0.250000 0.250000 0.250000 0.250000 
 100
0.479817 0.002193 0.046210 
0.462778 0.995520 0.462022 
0.057405 0.002287 0.491768 
0.002470 0.002470 0.002873 0.992188 
0.250000 0.250000 0.250000 0.250000 
 101
0.479817 0.002193 0.046210 
0.462778 0.995520 0.462022 
0.057405 0.002287 0.491768 
0.990338 0.003178 0.003296 0.003188 
0.250000 0.250000 0.250000 0.250000 
 102
0.479817 0.002193 0.046210 
0.462778 0.995520 0.462022 
0.057405 0.002287 0.491768 
0.002470 0.002470 0.928934 0.066127 
0.250000 0.250000 0.250000 0.250000 
 103
0.479817 0.002193 0.046210 
0.462778 0.995520 0.462022 
0.057405 0.002287 0.491768 
0.992301 0.002760 0.002470 0.002470 
0.250000 0.250000 0.250000 0.250000 
 104
0.479817 0.002193 0.046210 
0.462778 0.995520 0.462022 
0.057405 0.002287 0.491768 
0.002470 0.002470 0.992591 0.002470 
0.250000 0.250000 0.250000 0.250000 
 105
0.479817 0.002193 0.046210 
0.462778 0.995520 0.462022 
0.057405 0.002287 0.491768 
0.914683 0.078070 0.004210 0.003037 
0.250000 0.250000 0.250000 0.250000 
 106
0.479817 0.002235 0.046210 
0.462778 0.995477 0.462022 
0.057333 0.002288 0.491768 
0.003774 0.002470 0.002723 0.991034 
0.250000 0.250000 0.250000 0.250000 
 107
0.480471 0.002193 0.046210 
0.462196 0.995520 0.462022 
0.057333 0.002288 0.491768 
0.002470 0.002470 0.992591 0.002470 
0.250000 0.250000 0.250000 0.250000 
 108
0.480471 0.002193 0.046210 
0.462196 0.995520 0.462022 
0.057333 0.002288 0.491768 
0.838502 0.148307 0.008702 0.004490 
0.250000 0.250000 0.250000 0.250000 
 109
0.479214 0.002193 0.046210 
0.463453 0.995520 0.462022 
0.057405 0.002287 0.491768 
0.002745 0.992315 0.002470 0.002470 
0.250000 0.250000 0.250000 0.250000 
 110
0.479817 0.002193 0.046210 
0.462778 0.995520 0.462022 
0.057405 0.002287 0.491768 
0.002627 0.983641 0.011092 0.002640 
0.250000 0.250000 0.250000 0.250000 
 111
0.479817 0.002193 0.046210 
0.462778 0.995520 0.462022 
0.057405 0.002287 0.491768 
0.810799 0.179496 0.004393 0.005313 
0.250000 0.250000 0.250000 0.250000 
 112
0.479817 0.002193 0.046210 
0.462778 0.995520 0.462022 
0.057405 0.002287 0.491768 
0.990519 0.002757 0.004255 0.002470 
0.250000 0.250000 0.250000 0.250000 
 113
0.479817 0.002193 0.046210 
0.462778 0.995520 0.462022 
0.057405 0.002287 0.491768 
0.002470 0.991926 0.002819 0.002785 
0.250000 0.250000 0.250000 0.250000 
 114
0.479817 0.002193 0.046210 
0.462778 0.995520 0.462022 
0.057405 0.002287 0.491768 
0.589535 0.405526 0.002470 0.002470 
0.250000 0.250000 0.250000 0.250000 
 115
0.479817 0.002193 0.046210 
0.462778 0.995520 0.462022 
0.057405 0.002287 0.491768 
0.002470 0.002470 0.992590 0.002470 
0.250000 0.250000 0.250000 0.250000 
 116
0.479817 0.002193 0.046210 
0.462778 0.995520 0.462022 
0.057405 0.002287 0.491768 
0.991437 0.002663 0.002470 0.003430 
0.250000 0.250000 0.250000 0.250000 
 117
0.479817 0.002193 0.046210 
0.462778 0.995520 0.462022 
0.057405 0.002287 0.491768 
0.629701 0.365360 0.002470 0.002470 
0.250000 0.250000 0.250000 0.250000 
 118
0.479817 0.002193 0.046210 
0.462778 0.995520 0.462022 
0.057405 0.002287 0.491768 
0.002470 0.992591 0.002470 0.002470 
0.250000 0.250000 0.250000 0.250000 
 119
0.479817 0.002193 0.046210 
0.462778 0.995520 0.462022 
0.057405 0.002287 0.491768 
0.992314 0.002747 0.002470 0.002470 
0.250000 0.250000 0.250000 0.250000 
 120
0.479817 0.002193 0.046210 
0.462778 0.995520 0.462022 
0.057405 0.002287 0.491768 
0.170690 0.824371 0.002470 0.002470 
0.250000 0.250000 0.250000 0.250000 
 121
0.479817 0.002193 0.046210 
0.462778 0.995520 0.462022 
0.057405 0.002287 0.491768 
0.992591 0.002470 0.002470 0.002470 
0.250000 0.250000 0.250000 0.250000 
 122
0.479817 0.002193 0.046210 
0.462778 0.995520 0.462022 
0.057405 0.002287 0.491768 
0.990959 0.003596 0.002976 0.002470 
0.250000 0.250000 0.250000 0.250000 
 123
0.479817 0.002193 0.046210 
0.462778 0.995520 0.462022 
0.057405 0.002287 0.491768 
0.096606 0.898455 0.002470 0.002470 
0.250000 0.250000 0.250000 0.250000 
 124
0.479817 0.002193 0.046210 
0.462778 0.995520 0.462022 
0.057405 0.002287 0.491768 
0.992591 0.002470 0.002470 0.002470 
0.250000 0.250000 0.250000 0.250000 
 125
0.479817 0.002193 0.046210 
0.462778 0.995520 0.462022 
0.057405 0.002287 0.491768 
0.992176 0.002885 0.002470 0.002470 
0.250000 0.250000 0.250000 0.250000 
 126
0.479817 0.002193 0.046210 
0.462778 0.995520 0.462022 
0.057405 0.002287 0.491768 
0.002470 0.002470 0.828845 0.166216 
0.250000 0.250000 0.250000 0.250000 
 127
0.479817 0.002193 0.046210 
0.462778 0.995520 0.462022 
0.057405 0.002287 0.491768 
0.002470 0.002470 0.992315 0.002745 
0.250000 0.250000 0.250000 0.250000 
 128
0.479817 0.002193 0.046210 
0.462778 0.995520 0.462022 
0.057405 0.002287 0.491768 
0.002470 0.002470 0.989673 0.005387 
0.250000 0.250000 0.250000 0.250000 
 129
0.479817 0.002193 0.046210 
0.462778 0.995520 0.462022 
0.057405 0.002287 0.491768 
0.065732 0.151634 0.400814 0.381821 
0.250000 0.250000 0.250000 0.250000 
 130
0.479817 0.002193 0.046210 
0.462778 0.995520 0.462022 
0.057405 0.002287 0.491768 
0.002970 0.772897 0.002470 0.221663 
0.250000 0.250000 0.250000 0.250000 
 131
0.479817 0.002193 0.046210 
0.462778 0.995520 0.462022 
0.057405 0.002287 0.491768 
0.002470 0.002470 0.992081 0.002980 
0.250000 0.250000 0.250000 0.250000 
 132
0.479817 0.002193 0.046210 
0.462778 0.995520 0.462022 
0.057405 0.002287 0.491768 
0.669017 0.012845 0.039678 0.278460 
0.250000 0.250000 0.250000 0.250000 
 133
0.479817 0.002193 0.046210 
0.462778 0.995520 0.462022 
0.057405 0.002287 0.491768 
0.002712 0.004862 0.960718 0.031708 
0.250000 0.250000 0.250000 0.250000 
 134
0.479817 0.002193 0.046210 
0.462778 0.995520 0.462022 
0.057405 0.002287 0.491768 
0.002470 0.002470 0.002470 0.992591 
0.250000 0.250000 0.250000 0.250000 
 135
0.479817 0.002193 0.046210 
0.462778 0.995520 0.462022 
0.057405 0.002287 0.491768 
0.011001 0.033984 0.623506 0.331508 
0.250000 0.250000 0.250000 0.250000 
 136
0.479817 0.002193 0.046210 
0.462778 0.995520 0.462022 
0.057405 0.002287 0.491768 
0.990519 0.002470 0.004541 0.002470 
0.250000 0.250000 0.250000 0.250000 
 137
0.479817 0.002193 0.046210 
0.462778 0.995520 0.462022 
0.057405 0.002287 0.491768 
0.002470 0.992167 0.002470 0.002894 
0.250000 0.250000 0.250000 0.250000 
 138
0.479817 0.002193 0.046210 
0.462778 0.995520 0.462022 
0.057405 0.002287 0.491768 
0.586399 0.408662 0.002470 0.002470 
0.250000 0.250000 0.250000 0.250000 
 139
0.479817 0.002193 0.046210 
0.462778 0.995520 0.462022 
0.057405 0.002287 0.491768 
0.991987 0.003074 0.002470 0.002470 
0.250000 0.250000 0.250000 0.250000 
 140
0.479817 0.002193 0.046210 
0.462778 0.995520 0.462022 
0.057405 0.002287 0.491768 
0.002470 0.002470 0.002736 0.992324 
0.250000 0.250000 0.250000 0.250000 
 141
0.479817 0.002193 0.046210 
0.462778 0.995520 0.462022 
0.057405 0.002287 0.491768 
0.002754 0.992307 0.002470 0.002470 
0.250000 0.250000 0.250000 0.250000 
 142
0.479817 0.002193 0.046210 
0.462778 0.995520 0.462022 
0.057405 0.002287 0.491768 
0.992591 0.002470 0.002470 0.002470 
0.250000 0.250000 0.250000 0.250000 
 143
0.479817 0.002193 0.046210 
0.462778 0.995520 0.462022 
0.057405 0.002287 0.491768 
0.992105 0.002956 0.002470 0.002470 
0.250000 0.250000 0.250000 0.250000 
 144
0.479817 0.002193 0.046210 
0.462778 0.995520 0.462022 
0.057405 0.002287 0.491768 
0.630875 0.364186 0.002470 0.002470 
0.250000 0.250000 0.250000 0.250000 
 145
0.479817 0.002193 0.046210 
0.462778 0.995520 0.462022 
0.057405 0.002287 0.491768 
0.002470 0.002470 0.002470 0.992591 
0.250000 0.250000 0.250000 0.250000 
 146
0.479817 0.002193 0.046210 
0.462778 0.995520 0.462022 
0.057405 0.002287 0.491768 
0.002470 0.992591 0.002470 0.002470 
0.250000 0.250000 0.250000 0.250000 
 147
0.479817 0.002193 0.046210 
0.462778 0.995520 0.462022 
0.057405 0.002287 0.491768 
0.002470 0.992591 0.002470 0.002470 
0.250000 0.250000 0.250000 0.250000 
 148
0.479817 0.002193 0.046210 
0.462778 0.995520 0.462022 
0.057405 0.002287 0.491768 
0.991915 0.003146 0.002470 0.002470 
0.250000 0.250000 0.250000 0.250000 
 149
0.479817 0.002193 0.046210 
0.462778 0.995520 0.462022 
0.057405 0.002287 0.491768 
0.002470 0.002470 0.002783 0.992278 
0.250000 0.250000 0.250000 0.250000 
 150
0.479817 0.002193 0.046210 
0.462778 0.995520 0.462022 
0.057405 0.002287 0.491768 
0.002799 0.992068 0.002470 0.002663 
0.250000 0.250000 0.250000 0.250000 
 151
0.479817 0.002193 0.046210 
0.462778 0.995520 0.462022 
0.057405 0.002287 0.491768 
0.992043 0.003017 0.002470 0.002470 
0.250000 0.250000 0.250000 0.250000 
 152
0.479817 0.002193 0.046210 
0.462778 0.995520 0.462022 
0.057405 0.002287 0.491768 
0.002470 0.002470 0.002470 0.992591 
0.250000 0.250000 0.250000 0.250000 
 153
0.479817 0.002193 0.046210 
0.462778 0.995520 0.462022 
0.057405 0.002287 0.491768 
0.002470 0.992591 0.002470 0.002470 
0.250000 0.250000 0.250000 0.250000 
 154
0.479817 0.002193 0.046210 
0.462778 0.995520 0.462022 
0.057405 0.002287 0.491768 
0.003539 0.990680 0.003081 0.002700 
0.250000 0.250000 0.250000 0.250000 
 155
0.479817 0.002193 0.046210 
0.462778 0.995520 0.462022 
0.057405 0.002287 0.491768 
0.003081 0.002470 0.991786 0.002663 
0.250000 0.250000 0.250000 0.250000 
 156
0.479817 0.002193 0.046210 
0.462778 0.995520 0.462022 
0.057405 0.002287 0.491768 
0.911436 0.065058 0.007354 0.016152 
0.250000 0.250000 0.250000 0.250000 
 157
0.479817 0.002193 0.046210 
0.462778 0.995520 0.462022 
0.057405 0.002287 0.491768 
0.991712 0.002737 0.002470 0.003082 
0.250000 0.250000 0.250000 0.250000 
 158
0.479817 0.002193 0.046210 
0.462778 0.995520 0.462022 
0.057405 0.002287 0.491768 
0.002683 0.002470 0.003568 0.991279 
0.250000 0.250000 0.250000 0.250000 
 159
0.479817 0.002193 0.046210 
0.462778 0.995520 0.462022 
0.057405 0.002287 0.491768 
0.003247 0.991604 0.002470 0.002679 
0.250000 0.250000 0.250000 0.250000 
 160
0.479817 0.002193 0.046210 
0.462778 0.995520 0.462022 
0.057405 0.002287 0.491768 
0.992591 0.002470 0.002470 0.002470 
0.250000 0.250000 0.250000 0.250000 
 161
0.479817 0.002193 0.046210 
0.462778 0.995520 0.462022 
0.057405 0.002287 0.491768 
0.814807 0.180254 0.002470 0.002470 
0.250000 0.250000 0.250000 0.250000 
 162
0.479817 0.002193 0.046210 
0.462778 0.995520 0.462022 
0.057405 0.002287 0.491768 
0.975669 0.019166 0.002696 0.002470 
0.250000 0.250000 0.250000 0.250000 
 163
0.479817 0.002193 0.046210 
0.462778 0.995520 0.462022 
0.057405 0.002287 0.491768 
0.002470 0.002470 0.004154 0.990907 
0.250000 0.250000 0.250000 0.250000 
 164
0.479817 0.002193 0.046210 
0.462778 0.995520 0.462022 
0.057405 0.002287 0.491768 
0.992591 0.002470 0.002470 0.002470 
0.250000 0.250000 0.250000 0.250000 
 165
0.479817 0.002193 0.046210 
0.462778 0.995520 0.462022 
0.057405 0.002287 0.491768 
0.002470 0.002470 0.451964 0.543097 
0.250000 0.250000 0.250000 0.250000 
 166
0.479817 0.002193 0.046210 
0.462778 0.995520 0.462022 
0.057405 0.002287 0.491768 
0.002470 0.003909 0.990538 0.003083 
0.250000 0.250000 0.250000 0.250000 
 167
0.479817 0.002193 0.046210 
0.462778 0.995520 0.462022 
0.057405 0.002287 0.491768 
0.002745 0.002470 0.992316 0.002470 
0.250000 0.250000 0.250000 0.250000 
 168
0.479817 0.002193 0.046210 
0.462778 0.995520 0.462022 
0.057405 0.002287 0.491768 
0.826598 0.164789 0.002636 0.005976 
0.250000 0.250000 0.250000 0.250000 
 169
0.479817 0.002193 0.046210 
0.462778 0.995520 0.462022 
0.057405 0.002287 0.491768 
0.990936 0.003854 0.002741 0.002470 
0.250000 0.250000 0.250000 0.250000 
 170
0.479817 0.002193 0.046210 
0.462778 0.995520 0.462022 
0.057405 0.002287 0.491768 
0.002470 0.002470 0.002758 0.992303 
0.250000 0.250000 0.250000 0.250000 
 171
0.479817 0.002193 0.046210 
0.462778 0.995520 0.462022 
0.057405 0.002287 0.491768 
0.013253 0.002470 0.414914 0.569363 
0.250000 0.250000 0.250000 0.250000 
 172
0.479817 0.002193 0.046210 
0.462778 0.995520 0.462022 
0.057405 0.002287 0.491768 
0.987907 0.005427 0.003962 0.002704 
0.250000 0.250000 0.250000 0.250000 
 173
0.479817 0.002193 0.046210 
0.462778 0.995520 0.462022 
0.057405 0.002287 0.491768 
0.002470 0.002470 0.991233 0.003828 
0.250000 0.250000 0.250000 0.250000 
 174
0.479817 0.002193 0.046210 
0.462778 0.995520 0.462022 
0.057405 0.002287 0.491768 
0.802076 0.042663 0.016939 0.138322 
0.250000 0.250000 0.250000 0.250000 
 175
0.479817 0.002193 0.046210 
0.462778 0.995520 0.462022 
0.057405 0.002287 0.491768 
0.002470 0.992303 0.002470 0.002757 
0.250000 0.250000 0.250000 0.250000 
 176
0.479817 0.002193 0.046210 
0.462778 0.995520 0.462022 
0.057405 0.002287 0.491768 
0.002470 0.003366 0.991695 0.002470 
0.250000 0.250000 0.250000 0.250000 
 177
0.479817 0.002193 0.046210 
0.462778 0.995520 0.462022 
0.057405 0.002287 0.491768 
0.621854 0.122306 0.005195 0.250644 
0.250000 0.250000 0.250000 0.250000 
 178
0.479817 0.002193 0.046210 
0.462778 0.995520 0.462022 
0.057405 0.002287 0.491768 
0.007330 0.985004 0.005195 0.002470 
0.250000 0.250000 0.250000 0.250000 
 179
0.479817 0.002193 0.046210 
0.462778 0.995520 0.462022 
0.057405 0.002287 0.491768 
0.991116 0.003945 0.002470 0.002470 
0.250000 0.250000 0.250000 0.250000 
 180
0.479817 0.002193 0.046210 
0.462778 0.995520 0.462022 
0.057405 0.002287 0.491768 
0.018159 0.002470 0.814844 0.164528 
0.250000 0.250000 0.250000 0.250000 
 181
0.479817 0.002193 0.046210 
0.462778 0.995520 0.462022 
0.057405 0.002287 0.491768 
0.991190 0.002666 0.003674 0.002470 
0.250000 0.250000 0.250000 0.250000 
 182
0.479817 0.002193 0.046210 
0.462778 0.995520 0.462022 
0.057405 0.002287 0.491768 
0.960187 0.034874 0.002470 0.002470 
0.250000 0.250000 0.250000 0.250000 
 183
0.479817 0.002193 0.046210 
0.462778 0.995520 0.462022 
0.057405 0.002287 0.491768 
0.358118 0.636729 0.002470 0.002683 
0.250000 0.250000 0.250000 0.250000 
 184
0.479817 0.002193 0.046210 
0.462778 0.995520 0.462022 
0.057405 0.002287 0.491768 
0.979996 0.007047 0.010488 0.002470 
0.250000 0.250000 0.250000 0.250000 
 185
0.479817 0.002193 0.046210 
0.462778 0.995520 0.462022 
0.057405 0.002287 0.491768 
0.019097 0.975685 0.002470 0.002749 
0.250000 0.250000 0.250000 0.250000 
 186
0.479817 0.002193 0.046210 
0.462778 0.995520 0.462022 
0.057405 0.002287 0.491768 
0.658925 0.336136 0.002470 0.002470 
0.250000 0.250000 0.250000 0.250000 
 187
0.479817 0.002193 0.046210 
0.462778 0.995520 0.462022 
0.057405 0.002287 0.491768 
0.982538 0.012318 0.002674 0.002470 
0.250000 0.250000 0.250000 0.250000 
 188
0.479817 0.002193 0.046210 
0.462778 0.995520 0.462022 
0.057405 0.002287 0.491768 
0.002470 0.002470 0.002470 0.992591 
0.250000 0.250000 0.250000 0.250000 
 189
0.479817 0.002193 0.046210 
0.462778 0.995520 0.462022 
0.057405 0.002287 0.491768 
0.991684 0.002470 0.002734 0.003113 
0.250000 0.250000 0.250000 0.250000 
 190
0.479817 0.002193 0.046210 
0.462778 0.995520 0.462022 
0.057405 0.002287 0.491768 
0.989873 0.004238 0.003110 0.002779 
0.250000 0.250000 0.250000 0.250000 
 191
0.479817 0.002193 0.046210 
0.462778 0.995520 0.462022 
0.057405 0.002287 0.491768 
0.002679 0.002470 0.214811 0.780041 
0.250000 0.250000 0.250000 0.250000 
 192
0.479817 0.002193 0.046210 
0.462778 0.995520 0.462022 
0.057405 0.002287 0.491768 
0.245175 0.716235 0.002836 0.035753 
0.250000 0.250000 0.250000 0.250000 
 193
0.479817 0.002193 0.046210 
0.462778 0.995520 0.462022 
0.057405 0.002287 0.491768 
0.007640 0.987191 0.002470 0.002699 
0.250000 0.250000 0.250000 0.250000 
 194
0.479817 0.002193 0.046210 
0.462778 0.995520 0.462022 
0.057405 0.002287 0.491768 
0.989272 0.005402 0.002470 0.002856 
0.250000 0.250000 0.250000 0.250000 
 195
0.479817 0.002193 0.046210 
0.462778 0.995520 0.462022 
0.057405 0.002287 0.491768 
0.433294 0.345204 0.211170 0.010332 
0.250000 0.250000 0.250000 0.250000 
 196
0.479817 0.002193 0.046210 
0.462778 0.995520 0.462022 
0.057405 0.002287 0.491768 
0.978521 0.016173 0.002837 0.002470 
0.250000 0.250000 0.250000 0.250000 
 197
0.479817 0.002193 0.046210 
0.462778 0.995520 0.462022 
0.057405 0.002287 0.491768 
0.002470 0.002470 0.038067 0.956993 
0.250000 0.250000 0.250000 0.250000 
 198
0.479817 0.002193 0.046210 
0.462778 0.995520 0.462022 
0.057405 0.002287 0.491768 
0.040161 0.950274 0.002470 0.007096 
0.250000 0.250000 0.250000 0.250000 
 199
0.479817 0.002193 0.046210 
0.462778 0.995520 0.462022 
0.057405 0.002287 0.491768 
0.837641 0.157135 0.002755 0.002470 
0.250000 0.250000 0.250000 0.250000 
 200
0.479817 0.002193 0.046210 
0.462778 0.995520 0.462022 
0.057405 0.002287 0.491768 
0.002470 0.002470 0.002470 0.992591 
0.250000 0.250000 0.250000 0.250000 
 201
0.479817 0.002193 0.046210 
0.462778 0.995520 0.462022 
0.057405 0.002287 0.491768 
0.004209 0.002470 0.220420 0.772901 
0.250000 0.250000 0.250000 0.250000 
 202
0.479817 0.002193 0.046210 
0.462778 0.995520 0.462022 
0.057405 0.002287 0.491768 
0.002470 0.002470 0.992591 0.002470 
0.250000 0.250000 0.250000 0.250000 
 203
0.479817 0.002193 0.046210 
0.462778 0.995520 0.462022 
0.057405 0.002287 0.491768 
0.002470 0.002470 0.992591 0.002470 
0.250000 0.250000 0.250000 0.250000 
 204
0.479817 0.002193 0.046210 
0.462778 0.995520 0.462022 
0.057405 0.002287 0.491768 
0.219352 0.135993 0.093375 0.551280 
0.250000 0.250000 0.250000 0.250000 
 205
0.479817 0.002193 0.046210 
0.462778 0.995520 0.462022 
0.057405 0.002287 0.491768 
0.003016 0.992045 0.002470 0.002470 
0.250000 0.250000 0.250000 0.250000 
 206
0.479817 0.002193 0.046210 
0.462778 0.995520 0.462022 
0.057405 0.002287 0.491768 
0.988407 0.006182 0.002941 0.002470 
0.250000 0.250000 0.250000 0.250000 
 207
0.479817 0.002193 0.046210 
0.462778 0.995520 0.462022 
0.057405 0.002287 0.491768 
0.520913 0.474148 0.002470 0.002470 
0.250000 0.250000 0.250000 0.250000 
 208
0.479817 0.002193 0.046210 
0.462778 0.995520 0.462022 
0.057405 0.002287 0.491768 
0.967539 0.002470 0.027521 0.002470 
0.250000 0.250000 0.250000 0.250000 
 209
0.479817 0.002193 0.046210 
0.462778 0.995520 0.462022 
0.057405 0.002287 0.491768 
0.004084 0.990977 0.002470 0.002470 
0.250000 0.250000 0.250000 0.250000 
 210
0.479817 0.002193 0.046210 
0.462778 0.995520 0.462022 
0.057405 0.002287 0.491768 
0.387636 0.607182 0.002470 0.002712 
0.250000 0.250000 0.250000 0.250000 
 211
0.479817 0.002193 0.046210 
0.462778 0.995520 0.462022 
0.057405 0.002287 0.491768 
0.992304 0.002757 0.002470 0.002470 
0.250000 0.250000 0.250000 0.250000 
 212
0.479817 0.002193 0.046210 
0.462778 0.995520 0.462022 
0.057405 0.002287 0.491768 
0.992325 0.002736 0.002470 0.002470 
0.250000 0.250000 0.250000 0.250000 
 213
0.479817 0.002193 0.046210 
0.462778 0.995520 0.462022 
0.057405 0.002287 0.491768 
0.002470 0.002714 0.037588 0.957228 
0.250000 0.250000 0.250000 0.250000 
 214
0.479817 0.002193 0.046210 
0.462778 0.995520 0.462022 
0.057405 0.002287 0.491768 
0.002741 0.992319 0.002470 0.002470 
0.250000 0.250000 0.250000 0.250000 
 215
0.479817 0.002193 0.046210 
0.462778 0.995520 0.462022 
0.057405 0.002287 0.491768 
0.992128 0.002678 0.002470 0.002724 
0.250000 0.250000 0.250000 0.250000 
 216
0.479817 0.002193 0.046210 
0.462778 0.995520 0.462022 
0.057405 0.002287 0.491768 
0.741870 0.252482 0.002977 0.002670 
0.250000 0.250000 0.250000 0.250000 
 217
0.479817 0.002193 0.046210 
0.462778 0.995520 0.462022 
0.057405 0.002287 0.491768 
0.004093 0.002470 0.990967 0.002470 
0.250000 0.250000 0.250000 0.250000 
 218
0.479817 0.002193 0.046210 
0.462778 0.995520 0.462022 
0.057405 0.002287 0.491768 
0.991260 0.003801 0.002470 0.002470 
0.250000 0.250000 0.250000 0.250000 
 219
0.479817 0.002193 0.046210 
0.462778 0.995520 0.462022 
0.057405 0.002287 0.491768 
0.838134 0.134813 0.002744 0.024309 
0.250000 0.250000 0.250000 0.250000 
 220
0.479817 0.002193 0.046210 
0.462778 0.995520 0.462022 
0.057405 0.002287 0.491768 
0.003765 0.990689 0.002470 0.003076 
0.250000 0.250000 0.250000 0.250000 
 221
0.479817 0.002193 0.046210 
0.462778 0.995520 0.462022 
0.057405 0.002287 0.491768 
0.003876 0.991185 0.002470 0.002470 
0.250000 0.250000 0.250000 0.250000 
 222
0.479817 0.002193 0.046210 
0.462778 0.995520 0.462022 
0.057405 0.002287 0.491768 
0.674009 0.194513 0.028765 0.102713 
0.250000 0.250000 0.250000 0.250000 
 223
0.479817 0.002193 0.046210 
0.462778 0.995520 0.462022 
0.057405 0.002287 0.491768 
0.002470 0.002470 0.992591 0.002470 
0.250000 0.250000 0.250000 0.250000 
 224
0.479817 0.002193 0.046210 
0.462778 0.995520 0.462022 
0.057405 0.002287 0.491768 
0.992018 0.003042 0.002470 0.002470 
0.250000 0.250000 0.250000 0.250000 
 225
0.479817 0.002193 0.046210 
0.462778 0.995520 0.462022 
0.057405 0.002287 0.491768 
0.736897 0.257745 0.002470 0.002888 
0.250000 0.250000 0.250000 0.250000 
 226
0.479817 0.002193 0.046210 
0.462778 0.995520 0.462022 
0.057405 0.002287 0.491768 
0.988281 0.006481 0.002768 0.002470 
0.250000 0.250000 0.250000 0.250000 
 227
0.479817 0.002193 0.046210 
0.462778 0.995520 0.462022 
0.057405 0.002287 0.491768 
0.007025 0.002980 0.965226 0.024770 
0.250000 0.250000 0.250000 0.250000 
 228
0.479817 0.002193 0.046210 
0.462778 0.995520 0.462022 
0.057405 0.002287 0.491768 
0.135838 0.146507 0.447619 0.270036 
0.250000 0.250000 0.250000 0.250000 
 229
0.479817 0.002193 0.046210 
0.462778 0.995520 0.462022 
0.057405 0.002287 0.491768 
0.002470 0.002470 0.942834 0.052227 
0.250000 0.250000 0.250000 0.250000 
 230
0.479817 0.002193 0.046210 
0.462778 0.995520 0.462022 
0.057405 0.002287 0.491768 
0.002470 0.002470 0.002470 0.992591 
0.250000 0.250000 0.250000 0.250000 
 231
0.479817 0.002193 0.046210 
0.462778 0.995520 0.462022 
0.057405 0.002287 0.491768 
0.246962 0.018671 0.453965 0.280402 
0.250000 0.250000 0.250000 0.250000 
 232
0.479817 0.002193 0.046210 
0.462778 0.995520 0.462022 
0.057405 0.002287 0.491768 
0.002470 0.003016 0.002470 0.992045 
0.250000 0.250000 0.250000 0.250000 
 233
0.479817 0.002193 0.046210 
0.462778 0.995520 0.462022 
0.057405 0.002287 0.491768 
0.002470 0.992591 0.002470 0.002470 
0.250000 0.250000 0.250000 0.250000 
 234
0.479817 0.002193 0.046210 
0.462778 0.995520 0.462022 
0.057405 0.002287 0.491768 
0.003016 0.992045 0.002470 0.002470 
0.250000 0.250000 0.250000 0.250000 
 235
0.479817 0.002193 0.046210 
0.462778 0.995520 0.462022 
0.057405 0.002287 0.491768 
0.991335 0.003181 0.002470 0.003015 
0.250000 0.250000 0.250000 0.250000 
 236
