%  SAM: /scicomp/home/vfn4/Tools/LABEL_RES/scripts/modelfromalign v3.5 (July 15, 2005) compiled 12/08/06_16:15:55
%  (c) 1992-2001 Regents of the University of California, Santa Cruz
%
%          Sequence Alignment and Modeling Software System
%         http://www.cse.ucsc.edu/research/compbio/sam.html
%
% ----------------- Citations (SAM, SAM-T2K, HMMs) --------------------
% R. Hughey, A. Krogh, Hidden Markov models for sequence analysis:
%  Extension and analysis of the basic method, CABIOS 12:95-107, 1996.
% K. Karplus, et al., What is the value added by human intervention in protein
%  structure prediction, Proteins: Stucture, Function, Genetics 45(S5):86--91, 2001.
% A. Krogh et al., Hidden Markov models in computational biology:
%  Applications to protein modeling, JMB 235:1501-1531, Feb 1994.
% ---------------------------------------------------------------------
%  B_MP_hmm   Host: node5.aspen.biotech.cdc.gov    Thu Jun  5 17:05:28 2014
%  vfn4       Dir:  /scicomp/home/vfn4/IRMA/train2
% ---------------------------------------------------------------------
%  Alignment weights from internal calc.  Total (23.98) Max (0.16) Min (0.03)
%  Weights from alignment method 1 (karplus), b=-1.000000, e=0.500000
MODEL --  Model from alignment file /scicomp/home/vfn4/Tools/LABEL_RES/training_data/IRMA/B_MP.fasta
alphabet DNA
FREQAVE
0.000000 0.000000 0.000000 
0.000000 0.000000 0.000000 
0.000000 0.000000 0.000000 
0.376885 0.231428 0.166064 0.225623 
0.376885 0.231428 0.166064 0.225623 
Begin
0.000000 0.000000 0.000000 
0.000000 0.000000 0.000000 
0.000000 0.006646 0.491768 
0.250000 0.250000 0.250000 0.250000 
0.250000 0.250000 0.250000 0.250000 
   1
0.000000 0.087565 0.046210 
0.000000 0.905790 0.462022 
0.031433 0.007233 0.491768 
0.965485 0.011505 0.011505 0.011505 
0.250000 0.250000 0.250000 0.250000 
   2
0.703822 0.006933 0.046210 
0.264745 0.985834 0.462022 
0.031794 0.007217 0.491768 
0.011462 0.011462 0.011462 0.965614 
0.250000 0.250000 0.250000 0.250000 
   3
0.711899 0.006918 0.046210 
0.256307 0.985865 0.462022 
0.031794 0.007217 0.491768 
0.011462 0.965614 0.011462 0.011462 
0.250000 0.250000 0.250000 0.250000 
   4
0.703106 0.006918 0.046210 
0.265101 0.985865 0.462022 
0.032076 0.007205 0.491768 
0.011429 0.011429 0.011429 0.965712 
0.250000 0.250000 0.250000 0.250000 
   5
0.709343 0.006906 0.046210 
0.258581 0.985889 0.462022 
0.032076 0.007205 0.491768 
0.011429 0.011429 0.965712 0.011429 
0.250000 0.250000 0.250000 0.250000 
   6
0.702442 0.006906 0.046210 
0.265483 0.985889 0.462022 
0.032299 0.007195 0.491768 
0.015504 0.959473 0.013620 0.011404 
0.250000 0.250000 0.250000 0.250000 
   7
0.707323 0.006897 0.046210 
0.260378 0.985908 0.462022 
0.032299 0.007195 0.491768 
0.011404 0.013620 0.958494 0.016482 
0.250000 0.250000 0.250000 0.250000 
   8
0.707323 0.006897 0.046210 
0.260378 0.985908 0.462022 
0.032299 0.007195 0.491768 
0.011404 0.011404 0.011404 0.965788 
0.250000 0.250000 0.250000 0.250000 
   9
0.701154 0.006897 0.046210 
0.266547 0.985908 0.462022 
0.032499 0.007187 0.491768 
0.015163 0.958111 0.011382 0.015344 
0.250000 0.250000 0.250000 0.250000 
  10
0.705507 0.006889 0.046210 
0.261994 0.985924 0.462022 
0.032499 0.007187 0.491768 
0.011382 0.011382 0.011382 0.965855 
0.250000 0.250000 0.250000 0.250000 
  11
0.705507 0.006889 0.046210 
0.261994 0.985924 0.462022 
0.032499 0.007187 0.491768 
0.011382 0.011382 0.011382 0.965855 
0.250000 0.250000 0.250000 0.250000 
  12
0.705507 0.006889 0.046210 
0.261994 0.985924 0.462022 
0.032499 0.007187 0.491768 
0.011382 0.011382 0.011382 0.965855 
0.250000 0.250000 0.250000 0.250000 
  13
0.689390 0.006889 0.046210 
0.278111 0.985924 0.462022 
0.033031 0.007165 0.491768 
0.011324 0.966028 0.011324 0.011324 
0.250000 0.250000 0.250000 0.250000 
  14
0.700683 0.006868 0.046210 
0.266286 0.985967 0.462022 
0.033031 0.007165 0.491768 
0.011324 0.966028 0.011324 0.011324 
0.250000 0.250000 0.250000 0.250000 
  15
0.700683 0.006868 0.046210 
0.266286 0.985967 0.462022 
0.033031 0.007165 0.491768 
0.966028 0.011324 0.011324 0.011324 
0.250000 0.250000 0.250000 0.250000 
  16
0.695240 0.006868 0.046210 
0.271729 0.985967 0.462022 
0.033212 0.007158 0.491768 
0.011305 0.966085 0.011305 0.011305 
0.250000 0.250000 0.250000 0.250000 
  17
0.699045 0.006861 0.046210 
0.267743 0.985981 0.462022 
0.033212 0.007158 0.491768 
0.966085 0.011305 0.011305 0.011305 
0.250000 0.250000 0.250000 0.250000 
  18
0.699045 0.006861 0.046210 
0.267743 0.985981 0.462022 
0.033212 0.007158 0.491768 
0.011305 0.011305 0.966085 0.011305 
0.250000 0.250000 0.250000 0.250000 
  19
0.672799 0.006861 0.046210 
0.293989 0.985981 0.462022 
0.034107 0.007124 0.491768 
0.966357 0.011214 0.011214 0.011214 
0.250000 0.250000 0.250000 0.250000 
  20
0.690933 0.006829 0.046210 
0.274960 0.986048 0.462022 
0.034107 0.007124 0.491768 
0.011214 0.011214 0.966357 0.011214 
0.250000 0.250000 0.250000 0.250000 
  21
0.690933 0.006829 0.046210 
0.274960 0.986048 0.462022 
0.034107 0.007124 0.491768 
0.963256 0.014315 0.011214 0.011214 
0.250000 0.250000 0.250000 0.250000 
  22
0.676476 0.006829 0.046210 
0.289416 0.986048 0.462022 
0.034608 0.007106 0.491768 
0.966501 0.011166 0.011166 0.011166 
0.250000 0.250000 0.250000 0.250000 
  23
0.669620 0.006811 0.046210 
0.295772 0.986083 0.462022 
0.035198 0.007085 0.491768 
0.011112 0.011112 0.011112 0.966664 
0.250000 0.250000 0.250000 0.250000 
  24
0.681048 0.006791 0.046210 
0.283754 0.986124 0.462022 
0.035198 0.007085 0.491768 
0.011112 0.011112 0.011112 0.966664 
0.250000 0.250000 0.250000 0.250000 
  25
0.671499 0.006791 0.046210 
0.293303 0.986124 0.462022 
0.035538 0.007073 0.491768 
0.011082 0.966754 0.011082 0.011082 
0.250000 0.250000 0.250000 0.250000 
  26
0.677973 0.006780 0.046210 
0.286490 0.986147 0.462022 
0.035538 0.007073 0.491768 
0.011082 0.011082 0.966754 0.011082 
0.250000 0.250000 0.250000 0.250000 
  27
0.677973 0.006780 0.046210 
0.286490 0.986147 0.462022 
0.035538 0.007073 0.491768 
0.011082 0.011082 0.966754 0.011082 
0.250000 0.250000 0.250000 0.250000 
  28
0.533130 0.006780 0.046210 
0.431333 0.986147 0.462022 
0.041557 0.006904 0.491768 
0.010648 0.010648 0.010648 0.968057 
0.250000 0.250000 0.250000 0.250000 
  29
0.623429 0.006618 0.046210 
0.335014 0.986477 0.462022 
0.041557 0.006904 0.491768 
0.968057 0.010648 0.010648 0.010648 
0.250000 0.250000 0.250000 0.250000 
  30
0.623429 0.006618 0.046210 
0.335014 0.986477 0.462022 
0.041557 0.006904 0.491768 
0.010648 0.010648 0.968057 0.010648 
0.250000 0.250000 0.250000 0.250000 
  31
0.599955 0.006618 0.046210 
0.358489 0.986477 0.462022 
0.042556 0.006882 0.491768 
0.010590 0.010590 0.956564 0.022256 
0.250000 0.250000 0.250000 0.250000 
  32
0.614377 0.006596 0.046210 
0.343067 0.986522 0.462022 
0.042556 0.006882 0.491768 
0.010590 0.010590 0.010590 0.968230 
0.250000 0.250000 0.250000 0.250000 
  33
0.614377 0.006596 0.046210 
0.343067 0.986522 0.462022 
0.042556 0.006882 0.491768 
0.012480 0.966340 0.010590 0.010590 
0.250000 0.250000 0.250000 0.250000 
  34
0.614377 0.006596 0.046210 
0.343067 0.986522 0.462022 
0.042556 0.006882 0.491768 
0.010590 0.010590 0.968230 0.010590 
0.250000 0.250000 0.250000 0.250000 
  35
0.603731 0.006596 0.046210 
0.353713 0.986522 0.462022 
0.043014 0.006872 0.491768 
0.010565 0.010565 0.010565 0.968305 
0.250000 0.250000 0.250000 0.250000 
  36
0.610227 0.006587 0.046210 
0.346759 0.986542 0.462022 
0.043014 0.006872 0.491768 
0.010565 0.010565 0.010565 0.968305 
0.250000 0.250000 0.250000 0.250000 
  37
0.600608 0.006587 0.046210 
0.356378 0.986542 0.462022 
0.043431 0.006863 0.491768 
0.010542 0.010542 0.010542 0.968373 
0.250000 0.250000 0.250000 0.250000 
  38
0.606442 0.006578 0.046210 
0.350127 0.986559 0.462022 
0.043431 0.006863 0.491768 
0.014340 0.010542 0.964576 0.010542 
0.250000 0.250000 0.250000 0.250000 
  39
0.606442 0.006578 0.046210 
0.350127 0.986559 0.462022 
0.043431 0.006863 0.491768 
0.964576 0.010542 0.014340 0.010542 
0.250000 0.250000 0.250000 0.250000 
  40
0.583219 0.006578 0.046210 
0.373350 0.986559 0.462022 
0.044464 0.006841 0.491768 
0.010489 0.010489 0.102102 0.876920 
0.250000 0.250000 0.250000 0.250000 
  41
0.597085 0.006558 0.046210 
0.358451 0.986601 0.462022 
0.044464 0.006841 0.491768 
0.010489 0.010489 0.010489 0.968533 
0.250000 0.250000 0.250000 0.250000 
  42
0.597085 0.006558 0.046210 
0.358451 0.986601 0.462022 
0.044464 0.006841 0.491768 
0.125925 0.853097 0.010489 0.010489 
0.250000 0.250000 0.250000 0.250000 
  43
0.597085 0.006558 0.046210 
0.358451 0.986601 0.462022 
0.044464 0.006841 0.491768 
0.968533 0.010489 0.010489 0.010489 
0.250000 0.250000 0.250000 0.250000 
  44
0.597085 0.006558 0.046210 
0.358451 0.986601 0.462022 
0.044464 0.006841 0.491768 
0.010489 0.010489 0.949435 0.029587 
0.250000 0.250000 0.250000 0.250000 
  45
0.597085 0.006558 0.046210 
0.358451 0.986601 0.462022 
0.044464 0.006841 0.491768 
0.953840 0.012951 0.010489 0.022721 
0.250000 0.250000 0.250000 0.250000 
  46
0.589422 0.006558 0.046210 
0.366114 0.986601 0.462022 
0.044807 0.006834 0.491768 
0.010472 0.968584 0.010472 0.010472 
0.250000 0.250000 0.250000 0.250000 
  47
0.593973 0.006551 0.046210 
0.361219 0.986614 0.462022 
0.044807 0.006834 0.491768 
0.968584 0.010472 0.010472 0.010472 
0.250000 0.250000 0.250000 0.250000 
  48
0.593973 0.006551 0.046210 
0.361219 0.986614 0.462022 
0.044807 0.006834 0.491768 
0.964034 0.015022 0.010472 0.010472 
0.250000 0.250000 0.250000 0.250000 
  49
0.593973 0.006551 0.046210 
0.361219 0.986614 0.462022 
0.044807 0.006834 0.491768 
0.010472 0.968584 0.010472 0.010472 
0.250000 0.250000 0.250000 0.250000 
  50
0.593973 0.006551 0.046210 
0.361219 0.986614 0.462022 
0.044807 0.006834 0.491768 
0.968584 0.010472 0.010472 0.010472 
0.250000 0.250000 0.250000 0.250000 
  51
0.593973 0.006551 0.046210 
0.361219 0.986614 0.462022 
0.044807 0.006834 0.491768 
0.010472 0.010472 0.018321 0.960735 
0.250000 0.250000 0.250000 0.250000 
  52
0.593973 0.006551 0.046210 
0.361219 0.986614 0.462022 
0.044807 0.006834 0.491768 
0.010472 0.968584 0.010472 0.010472 
0.250000 0.250000 0.250000 0.250000 
  53
0.593973 0.006551 0.046210 
0.361219 0.986614 0.462022 
0.044807 0.006834 0.491768 
0.010472 0.968584 0.010472 0.010472 
0.250000 0.250000 0.250000 0.250000 
  54
0.593973 0.006551 0.046210 
0.361219 0.986614 0.462022 
0.044807 0.006834 0.491768 
0.962737 0.016319 0.010472 0.010472 
0.250000 0.250000 0.250000 0.250000 
  55
0.593973 0.006551 0.046210 
0.361219 0.986614 0.462022 
0.044807 0.006834 0.491768 
0.010472 0.968584 0.010472 0.010472 
0.250000 0.250000 0.250000 0.250000 
  56
0.593973 0.006551 0.046210 
0.361219 0.986614 0.462022 
0.044807 0.006834 0.491768 
0.968584 0.010472 0.010472 0.010472 
0.250000 0.250000 0.250000 0.250000 
  57
0.593973 0.006551 0.046210 
0.361219 0.986614 0.462022 
0.044807 0.006834 0.491768 
0.968584 0.010472 0.010472 0.010472 
0.250000 0.250000 0.250000 0.250000 
  58
0.593973 0.006551 0.046210 
0.361219 0.986614 0.462022 
0.044807 0.006834 0.491768 
0.013037 0.966019 0.010472 0.010472 
0.250000 0.250000 0.250000 0.250000 
  59
0.593973 0.006551 0.046210 
0.361219 0.986614 0.462022 
0.044807 0.006834 0.491768 
0.010472 0.968584 0.010472 0.010472 
0.250000 0.250000 0.250000 0.250000 
  60
0.593973 0.006551 0.046210 
0.361219 0.986614 0.462022 
0.044807 0.006834 0.491768 
0.010472 0.010472 0.968584 0.010472 
0.250000 0.250000 0.250000 0.250000 
  61
0.593973 0.006551 0.046210 
0.361219 0.986614 0.462022 
0.044807 0.006834 0.491768 
0.968584 0.010472 0.010472 0.010472 
0.250000 0.250000 0.250000 0.250000 
  62
0.593973 0.006551 0.046210 
0.361219 0.986614 0.462022 
0.044807 0.006834 0.491768 
0.968584 0.010472 0.010472 0.010472 
0.250000 0.250000 0.250000 0.250000 
  63
0.593973 0.006551 0.046210 
0.361219 0.986614 0.462022 
0.044807 0.006834 0.491768 
0.968584 0.010472 0.010472 0.010472 
0.250000 0.250000 0.250000 0.250000 
  64
0.386121 0.006551 0.046210 
0.569071 0.986614 0.462022 
0.056564 0.006655 0.491768 
0.011813 0.968123 0.010032 0.010032 
0.250000 0.250000 0.250000 0.250000 
  65
0.487436 0.006380 0.046210 
0.456000 0.986965 0.462022 
0.056564 0.006655 0.491768 
0.010032 0.010032 0.968126 0.011810 
0.250000 0.250000 0.250000 0.250000 
  66
0.487436 0.006380 0.046210 
0.456000 0.986965 0.462022 
0.056564 0.006655 0.491768 
0.969905 0.010032 0.010032 0.010032 
0.250000 0.250000 0.250000 0.250000 
  67
0.487436 0.006380 0.046210 
0.456000 0.986965 0.462022 
0.056564 0.006655 0.491768 
0.012458 0.967478 0.010032 0.010032 
0.250000 0.250000 0.250000 0.250000 
  68
0.487436 0.006380 0.046210 
0.456000 0.986965 0.462022 
0.056564 0.006655 0.491768 
0.969905 0.010032 0.010032 0.010032 
0.250000 0.250000 0.250000 0.250000 
  69
0.487436 0.006380 0.046210 
0.456000 0.986965 0.462022 
0.056564 0.006655 0.491768 
0.953830 0.026107 0.010032 0.010032 
0.250000 0.250000 0.250000 0.250000 
  70
0.487436 0.006380 0.046210 
0.456000 0.986965 0.462022 
0.056564 0.006655 0.491768 
0.010032 0.010032 0.951639 0.028298 
0.250000 0.250000 0.250000 0.250000 
  71
0.487436 0.006380 0.046210 
0.456000 0.986965 0.462022 
0.056564 0.006655 0.491768 
0.010032 0.010032 0.010032 0.969905 
0.250000 0.250000 0.250000 0.250000 
  72
0.487436 0.006380 0.046210 
0.456000 0.986965 0.462022 
0.056564 0.006655 0.491768 
0.967784 0.012152 0.010032 0.010032 
0.250000 0.250000 0.250000 0.250000 
  73
0.487436 0.006380 0.046210 
0.456000 0.986965 0.462022 
0.056564 0.006655 0.491768 
0.010032 0.969905 0.010032 0.010032 
0.250000 0.250000 0.250000 0.250000 
  74
0.487436 0.006380 0.046210 
0.456000 0.986965 0.462022 
0.056564 0.006655 0.491768 
0.010032 0.010032 0.969905 0.010032 
0.250000 0.250000 0.250000 0.250000 
  75
0.487436 0.006380 0.046210 
0.456000 0.986965 0.462022 
0.056564 0.006655 0.491768 
0.942816 0.018856 0.010032 0.028297 
0.250000 0.250000 0.250000 0.250000 
  76
0.487436 0.006380 0.046210 
0.456000 0.986965 0.462022 
0.056564 0.006655 0.491768 
0.010032 0.969905 0.010032 0.010032 
0.250000 0.250000 0.250000 0.250000 
  77
0.487436 0.006380 0.046210 
0.456000 0.986965 0.462022 
0.056564 0.006655 0.491768 
0.969905 0.010032 0.010032 0.010032 
0.250000 0.250000 0.250000 0.250000 
  78
0.487436 0.006380 0.046210 
0.456000 0.986965 0.462022 
0.056564 0.006655 0.491768 
0.969905 0.010032 0.010032 0.010032 
0.250000 0.250000 0.250000 0.250000 
  79
0.487436 0.006380 0.046210 
0.456000 0.986965 0.462022 
0.056564 0.006655 0.491768 
0.969905 0.010032 0.010032 0.010032 
0.250000 0.250000 0.250000 0.250000 
  80
0.487436 0.006380 0.046210 
0.456000 0.986965 0.462022 
0.056564 0.006655 0.491768 
0.969905 0.010032 0.010032 0.010032 
0.250000 0.250000 0.250000 0.250000 
  81
0.487436 0.006380 0.046210 
0.456000 0.986965 0.462022 
0.056564 0.006655 0.491768 
0.956146 0.023791 0.010032 0.010032 
0.250000 0.250000 0.250000 0.250000 
  82
0.487436 0.006380 0.046210 
0.456000 0.986965 0.462022 
0.056564 0.006655 0.491768 
0.010032 0.010032 0.011801 0.968135 
0.250000 0.250000 0.250000 0.250000 
  83
0.472790 0.006380 0.046210 
0.470646 0.986965 0.462022 
0.057405 0.006646 0.491768 
0.010008 0.010008 0.010008 0.969975 
0.250000 0.250000 0.250000 0.250000 
  84
0.479817 0.007831 0.046210 
0.462778 0.985524 0.462022 
0.056564 0.006655 0.491768 
0.966227 0.013709 0.010032 0.010032 
0.250000 0.250000 0.250000 0.250000 
  85
0.487436 0.006380 0.046210 
0.456000 0.986965 0.462022 
0.056564 0.006655 0.491768 
0.010032 0.010032 0.969905 0.010032 
0.250000 0.250000 0.250000 0.250000 
  86
0.487436 0.006380 0.046210 
0.456000 0.986965 0.462022 
0.056564 0.006655 0.491768 
0.966830 0.010032 0.013107 0.010032 
0.250000 0.250000 0.250000 0.250000 
  87
0.487436 0.006380 0.046210 
0.456000 0.986965 0.462022 
0.056564 0.006655 0.491768 
0.013107 0.010032 0.948043 0.028818 
0.250000 0.250000 0.250000 0.250000 
  88
0.487436 0.006380 0.046210 
0.456000 0.986965 0.462022 
0.056564 0.006655 0.491768 
0.010032 0.010032 0.014654 0.965283 
0.250000 0.250000 0.250000 0.250000 
  89
0.472790 0.006380 0.046210 
0.470646 0.986965 0.462022 
0.057405 0.006646 0.491768 
0.010008 0.966907 0.010008 0.013076 
0.250000 0.250000 0.250000 0.250000 
  90
0.479817 0.006370 0.046210 
0.462778 0.986984 0.462022 
0.057405 0.006646 0.491768 
0.010008 0.014935 0.022254 0.952803 
0.250000 0.250000 0.250000 0.250000 
  91
0.479817 0.006370 0.046210 
0.462778 0.986984 0.462022 
0.057405 0.006646 0.491768 
0.010008 0.010008 0.010008 0.969975 
0.250000 0.250000 0.250000 0.250000 
  92
0.479817 0.006370 0.046210 
0.462778 0.986984 0.462022 
0.057405 0.006646 0.491768 
0.010008 0.969975 0.010008 0.010008 
0.250000 0.250000 0.250000 0.250000 
  93
0.479817 0.006370 0.046210 
0.462778 0.986984 0.462022 
0.057405 0.006646 0.491768 
0.010008 0.969975 0.010008 0.010008 
0.250000 0.250000 0.250000 0.250000 
  94
0.479817 0.006370 0.046210 
0.462778 0.986984 0.462022 
0.057405 0.006646 0.491768 
0.010008 0.010008 0.010008 0.969975 
0.250000 0.250000 0.250000 0.250000 
  95
0.479817 0.006370 0.046210 
0.462778 0.986984 0.462022 
0.057405 0.006646 0.491768 
0.010008 0.010008 0.010008 0.969975 
0.250000 0.250000 0.250000 0.250000 
  96
0.479817 0.006370 0.046210 
0.462778 0.986984 0.462022 
0.057405 0.006646 0.491768 
0.010008 0.010008 0.567590 0.412393 
0.250000 0.250000 0.250000 0.250000 
  97
0.479817 0.006370 0.046210 
0.462778 0.986984 0.462022 
0.057405 0.006646 0.491768 
0.010008 0.969975 0.010008 0.010008 
0.250000 0.250000 0.250000 0.250000 
  98
0.479817 0.006370 0.046210 
0.462778 0.986984 0.462022 
0.057405 0.006646 0.491768 
0.010008 0.969975 0.010008 0.010008 
0.250000 0.250000 0.250000 0.250000 
  99
0.479817 0.006370 0.046210 
0.462778 0.986984 0.462022 
0.057405 0.006646 0.491768 
0.010008 0.010008 0.010008 0.969975 
0.250000 0.250000 0.250000 0.250000 
 100
0.479817 0.006370 0.046210 
0.462778 0.986984 0.462022 
0.057405 0.006646 0.491768 
0.010008 0.969975 0.010008 0.010008 
0.250000 0.250000 0.250000 0.250000 
 101
0.479817 0.006370 0.046210 
0.462778 0.986984 0.462022 
0.057405 0.006646 0.491768 
0.010008 0.969975 0.010008 0.010008 
0.250000 0.250000 0.250000 0.250000 
 102
0.479817 0.006370 0.046210 
0.462778 0.986984 0.462022 
0.057405 0.006646 0.491768 
0.022884 0.955259 0.010008 0.011849 
0.250000 0.250000 0.250000 0.250000 
 103
0.479817 0.006370 0.046210 
0.462778 0.986984 0.462022 
0.057405 0.006646 0.491768 
0.969975 0.010008 0.010008 0.010008 
0.250000 0.250000 0.250000 0.250000 
 104
0.479817 0.006370 0.046210 
0.462778 0.986984 0.462022 
0.057405 0.006646 0.491768 
0.969975 0.010008 0.010008 0.010008 
0.250000 0.250000 0.250000 0.250000 
 105
0.479817 0.006370 0.046210 
0.462778 0.986984 0.462022 
0.057405 0.006646 0.491768 
0.969975 0.010008 0.010008 0.010008 
0.250000 0.250000 0.250000 0.250000 
 106
0.479817 0.006370 0.046210 
0.462778 0.986984 0.462022 
0.057405 0.006646 0.491768 
0.010008 0.969975 0.010008 0.010008 
0.250000 0.250000 0.250000 0.250000 
 107
0.479817 0.006370 0.046210 
0.462778 0.986984 0.462022 
0.057405 0.006646 0.491768 
0.969975 0.010008 0.010008 0.010008 
0.250000 0.250000 0.250000 0.250000 
 108
0.479817 0.006370 0.046210 
0.462778 0.986984 0.462022 
0.057405 0.006646 0.491768 
0.897278 0.082705 0.010008 0.010008 
0.250000 0.250000 0.250000 0.250000 
 109
0.479817 0.006370 0.046210 
0.462778 0.986984 0.462022 
0.057405 0.006646 0.491768 
0.010008 0.010008 0.010008 0.969975 
0.250000 0.250000 0.250000 0.250000 
 110
0.479817 0.006370 0.046210 
0.462778 0.986984 0.462022 
0.057405 0.006646 0.491768 
0.010008 0.010008 0.010008 0.969975 
0.250000 0.250000 0.250000 0.250000 
 111
0.479817 0.006370 0.046210 
0.462778 0.986984 0.462022 
0.057405 0.006646 0.491768 
0.010008 0.010008 0.015967 0.964016 
0.250000 0.250000 0.250000 0.250000 
 112
0.479817 0.006370 0.046210 
0.462778 0.986984 0.462022 
0.057405 0.006646 0.491768 
0.010008 0.969975 0.010008 0.010008 
0.250000 0.250000 0.250000 0.250000 
 113
0.479817 0.006370 0.046210 
0.462778 0.986984 0.462022 
0.057405 0.006646 0.491768 
0.969975 0.010008 0.010008 0.010008 
0.250000 0.250000 0.250000 0.250000 
 114
0.479817 0.006370 0.046210 
0.462778 0.986984 0.462022 
0.057405 0.006646 0.491768 
0.010008 0.010008 0.960665 0.019319 
0.250000 0.250000 0.250000 0.250000 
 115
0.479817 0.006370 0.046210 
0.462778 0.986984 0.462022 
0.057405 0.006646 0.491768 
0.010008 0.010008 0.965119 0.014865 
0.250000 0.250000 0.250000 0.250000 
 116
0.479817 0.006370 0.046210 
0.462778 0.986984 0.462022 
0.057405 0.006646 0.491768 
0.010008 0.010008 0.010008 0.969975 
0.250000 0.250000 0.250000 0.250000 
 117
0.479817 0.006370 0.046210 
0.462778 0.986984 0.462022 
0.057405 0.006646 0.491768 
0.968163 0.011820 0.010008 0.010008 
0.250000 0.250000 0.250000 0.250000 
 118
0.479817 0.006370 0.046210 
0.462778 0.986984 0.462022 
0.057405 0.006646 0.491768 
0.010008 0.969975 0.010008 0.010008 
0.250000 0.250000 0.250000 0.250000 
 119
0.479817 0.006370 0.046210 
0.462778 0.986984 0.462022 
0.057405 0.006646 0.491768 
0.969975 0.010008 0.010008 0.010008 
0.250000 0.250000 0.250000 0.250000 
 120
0.479817 0.006370 0.046210 
0.462778 0.986984 0.462022 
0.057405 0.006646 0.491768 
0.010008 0.010008 0.941738 0.038245 
0.250000 0.250000 0.250000 0.250000 
 121
0.479817 0.006370 0.046210 
0.462778 0.986984 0.462022 
0.057405 0.006646 0.491768 
0.010008 0.010008 0.010008 0.969975 
0.250000 0.250000 0.250000 0.250000 
 122
0.479817 0.006370 0.046210 
0.462778 0.986984 0.462022 
0.057405 0.006646 0.491768 
0.010008 0.010008 0.969975 0.010008 
0.250000 0.250000 0.250000 0.250000 
 123
0.479817 0.006370 0.046210 
0.462778 0.986984 0.462022 
0.057405 0.006646 0.491768 
0.010008 0.010008 0.011886 0.968098 
0.250000 0.250000 0.250000 0.250000 
 124
0.479817 0.006370 0.046210 
0.462778 0.986984 0.462022 
0.057405 0.006646 0.491768 
0.010008 0.969975 0.010008 0.010008 
0.250000 0.250000 0.250000 0.250000 
 125
0.479817 0.006370 0.046210 
0.462778 0.986984 0.462022 
0.057405 0.006646 0.491768 
0.010008 0.010008 0.969975 0.010008 
0.250000 0.250000 0.250000 0.250000 
 126
0.479817 0.006370 0.046210 
0.462778 0.986984 0.462022 
0.057405 0.006646 0.491768 
0.010008 0.010008 0.879179 0.100804 
0.250000 0.250000 0.250000 0.250000 
 127
0.479817 0.006370 0.046210 
0.462778 0.986984 0.462022 
0.057405 0.006646 0.491768 
0.010008 0.010008 0.014495 0.965489 
0.250000 0.250000 0.250000 0.250000 
 128
0.479817 0.006370 0.046210 
0.462778 0.986984 0.462022 
0.057405 0.006646 0.491768 
0.010008 0.010008 0.010008 0.969975 
0.250000 0.250000 0.250000 0.250000 
 129
0.479817 0.006370 0.046210 
0.462778 0.986984 0.462022 
0.057405 0.006646 0.491768 
0.016133 0.963850 0.010008 0.010008 
0.250000 0.250000 0.250000 0.250000 
 130
0.479817 0.006370 0.046210 
0.462778 0.986984 0.462022 
0.057405 0.006646 0.491768 
0.010008 0.969975 0.010008 0.010008 
0.250000 0.250000 0.250000 0.250000 
 131
0.479817 0.006370 0.046210 
0.462778 0.986984 0.462022 
0.057405 0.006646 0.491768 
0.969975 0.010008 0.010008 0.010008 
0.250000 0.250000 0.250000 0.250000 
 132
0.479817 0.006370 0.046210 
0.462778 0.986984 0.462022 
0.057405 0.006646 0.491768 
0.968108 0.011875 0.010008 0.010008 
0.250000 0.250000 0.250000 0.250000 
 133
0.479817 0.006370 0.046210 
0.462778 0.986984 0.462022 
0.057405 0.006646 0.491768 
0.010008 0.010008 0.010008 0.969975 
0.250000 0.250000 0.250000 0.250000 
 134
0.479817 0.006370 0.046210 
0.462778 0.986984 0.462022 
0.057405 0.006646 0.491768 
0.010008 0.969975 0.010008 0.010008 
0.250000 0.250000 0.250000 0.250000 
 135
0.479817 0.006370 0.046210 
0.462778 0.986984 0.462022 
0.057405 0.006646 0.491768 
0.010008 0.969975 0.010008 0.010008 
0.250000 0.250000 0.250000 0.250000 
 136
0.479817 0.006370 0.046210 
0.462778 0.986984 0.462022 
0.057405 0.006646 0.491768 
0.966721 0.013263 0.010008 0.010008 
0.250000 0.250000 0.250000 0.250000 
 137
0.479817 0.006370 0.046210 
0.462778 0.986984 0.462022 
0.057405 0.006646 0.491768 
0.010008 0.010008 0.010008 0.969975 
0.250000 0.250000 0.250000 0.250000 
 138
0.479817 0.006370 0.046210 
0.462778 0.986984 0.462022 
0.057405 0.006646 0.491768 
0.969975 0.010008 0.010008 0.010008 
0.250000 0.250000 0.250000 0.250000 
 139
0.479817 0.006370 0.046210 
0.462778 0.986984 0.462022 
0.057405 0.006646 0.491768 
0.969975 0.010008 0.010008 0.010008 
0.250000 0.250000 0.250000 0.250000 
 140
0.479817 0.006370 0.046210 
0.462778 0.986984 0.462022 
0.057405 0.006646 0.491768 
0.969975 0.010008 0.010008 0.010008 
0.250000 0.250000 0.250000 0.250000 
 141
0.479817 0.006370 0.046210 
0.462778 0.986984 0.462022 
0.057405 0.006646 0.491768 
0.965871 0.014112 0.010008 0.010008 
0.250000 0.250000 0.250000 0.250000 
 142
0.479817 0.006370 0.046210 
0.462778 0.986984 0.462022 
0.057405 0.006646 0.491768 
0.969975 0.010008 0.010008 0.010008 
0.250000 0.250000 0.250000 0.250000 
 143
0.479817 0.006370 0.046210 
0.462778 0.986984 0.462022 
0.057405 0.006646 0.491768 
0.967720 0.010008 0.012264 0.010008 
0.250000 0.250000 0.250000 0.250000 
 144
0.479817 0.006370 0.046210 
0.462778 0.986984 0.462022 
0.057405 0.006646 0.491768 
0.010008 0.010008 0.967915 0.012068 
0.250000 0.250000 0.250000 0.250000 
 145
0.479817 0.006370 0.046210 
0.462778 0.986984 0.462022 
0.057405 0.006646 0.491768 
0.969975 0.010008 0.010008 0.010008 
0.250000 0.250000 0.250000 0.250000 
 146
0.479817 0.006370 0.046210 
0.462778 0.986984 0.462022 
0.057405 0.006646 0.491768 
0.969975 0.010008 0.010008 0.010008 
0.250000 0.250000 0.250000 0.250000 
 147
0.479817 0.006370 0.046210 
0.462778 0.986984 0.462022 
0.057405 0.006646 0.491768 
0.969975 0.010008 0.010008 0.010008 
0.250000 0.250000 0.250000 0.250000 
 148
0.479817 0.006370 0.046210 
0.462778 0.986984 0.462022 
0.057405 0.006646 0.491768 
0.969975 0.010008 0.010008 0.010008 
0.250000 0.250000 0.250000 0.250000 
 149
0.479817 0.006370 0.046210 
0.462778 0.986984 0.462022 
0.057405 0.006646 0.491768 
0.010008 0.969975 0.010008 0.010008 
0.250000 0.250000 0.250000 0.250000 
 150
0.479817 0.006370 0.046210 
0.462778 0.986984 0.462022 
0.057405 0.006646 0.491768 
0.944741 0.035242 0.010008 0.010008 
0.250000 0.250000 0.250000 0.250000 
 151
0.479817 0.006370 0.046210 
0.462778 0.986984 0.462022 
0.057405 0.006646 0.491768 
0.010008 0.010008 0.010008 0.969975 
0.250000 0.250000 0.250000 0.250000 
 152
0.479817 0.006370 0.046210 
0.462778 0.986984 0.462022 
0.057405 0.006646 0.491768 
0.010008 0.969975 0.010008 0.010008 
0.250000 0.250000 0.250000 0.250000 
 153
0.479817 0.006370 0.046210 
0.462778 0.986984 0.462022 
0.057405 0.006646 0.491768 
0.010008 0.010008 0.961380 0.018603 
0.250000 0.250000 0.250000 0.250000 
 154
0.479817 0.006370 0.046210 
0.462778 0.986984 0.462022 
0.057405 0.006646 0.491768 
0.012269 0.010008 0.095377 0.882345 
0.250000 0.250000 0.250000 0.250000 
 155
0.479817 0.006370 0.046210 
0.462778 0.986984 0.462022 
0.057405 0.006646 0.491768 
0.010008 0.010008 0.010008 0.969975 
0.250000 0.250000 0.250000 0.250000 
 156
0.479817 0.006370 0.046210 
0.462778 0.986984 0.462022 
0.057405 0.006646 0.491768 
0.964087 0.015897 0.010008 0.010008 
0.250000 0.250000 0.250000 0.250000 
 157
0.479817 0.006370 0.046210 
0.462778 0.986984 0.462022 
0.057405 0.006646 0.491768 
0.969975 0.010008 0.010008 0.010008 
0.250000 0.250000 0.250000 0.250000 
 158
0.479817 0.006370 0.046210 
0.462778 0.986984 0.462022 
0.057405 0.006646 0.491768 
0.010008 0.010008 0.969975 0.010008 
0.250000 0.250000 0.250000 0.250000 
 159
0.479817 0.006370 0.046210 
0.462778 0.986984 0.462022 
0.057405 0.006646 0.491768 
0.013336 0.011994 0.020365 0.954304 
0.250000 0.250000 0.250000 0.250000 
 160
0.479817 0.006370 0.046210 
0.462778 0.986984 0.462022 
0.057405 0.006646 0.491768 
0.010008 0.969975 0.010008 0.010008 
0.250000 0.250000 0.250000 0.250000 
 161
0.479817 0.006370 0.046210 
0.462778 0.986984 0.462022 
0.057405 0.006646 0.491768 
0.969975 0.010008 0.010008 0.010008 
0.250000 0.250000 0.250000 0.250000 
 162
0.479817 0.006370 0.046210 
0.462778 0.986984 0.462022 
0.057405 0.006646 0.491768 
0.010008 0.010008 0.032571 0.947412 
0.250000 0.250000 0.250000 0.250000 
 163
0.479817 0.006370 0.046210 
0.462778 0.986984 0.462022 
0.057405 0.006646 0.491768 
0.966005 0.013978 0.010008 0.010008 
0.250000 0.250000 0.250000 0.250000 
 164
0.479817 0.006370 0.046210 
0.462778 0.986984 0.462022 
0.057405 0.006646 0.491768 
0.010008 0.010008 0.010008 0.969975 
0.250000 0.250000 0.250000 0.250000 
 165
0.479817 0.006370 0.046210 
0.462778 0.986984 0.462022 
0.057405 0.006646 0.491768 
0.969975 0.010008 0.010008 0.010008 
0.250000 0.250000 0.250000 0.250000 
 166
0.479817 0.006370 0.046210 
0.462778 0.986984 0.462022 
0.057405 0.006646 0.491768 
0.010008 0.010008 0.969975 0.010008 
0.250000 0.250000 0.250000 0.250000 
 167
0.479817 0.006370 0.046210 
0.462778 0.986984 0.462022 
0.057405 0.006646 0.491768 
0.969975 0.010008 0.010008 0.010008 
0.250000 0.250000 0.250000 0.250000 
 168
0.479817 0.006370 0.046210 
0.462778 0.986984 0.462022 
0.057405 0.006646 0.491768 
0.712629 0.267354 0.010008 0.010008 
0.250000 0.250000 0.250000 0.250000 
 169
0.479817 0.006370 0.046210 
0.462778 0.986984 0.462022 
0.057405 0.006646 0.491768 
0.969975 0.010008 0.010008 0.010008 
0.250000 0.250000 0.250000 0.250000 
 170
0.479817 0.006370 0.046210 
0.462778 0.986984 0.462022 
0.057405 0.006646 0.491768 
0.969975 0.010008 0.010008 0.010008 
0.250000 0.250000 0.250000 0.250000 
 171
0.479817 0.006370 0.046210 
0.462778 0.986984 0.462022 
0.057405 0.006646 0.491768 
0.910827 0.069156 0.010008 0.010008 
0.250000 0.250000 0.250000 0.250000 
 172
0.479817 0.006370 0.046210 
0.462778 0.986984 0.462022 
0.057405 0.006646 0.491768 
0.010008 0.969975 0.010008 0.010008 
0.250000 0.250000 0.250000 0.250000 
 173
0.479817 0.006370 0.046210 
0.462778 0.986984 0.462022 
0.057405 0.006646 0.491768 
0.010008 0.010008 0.969975 0.010008 
0.250000 0.250000 0.250000 0.250000 
 174
0.479817 0.006370 0.046210 
0.462778 0.986984 0.462022 
0.057405 0.006646 0.491768 
0.969975 0.010008 0.010008 0.010008 
0.250000 0.250000 0.250000 0.250000 
 175
0.479817 0.006370 0.046210 
0.462778 0.986984 0.462022 
0.057405 0.006646 0.491768 
0.010008 0.010008 0.966296 0.013687 
0.250000 0.250000 0.250000 0.250000 
 176
0.479817 0.006370 0.046210 
0.462778 0.986984 0.462022 
0.057405 0.006646 0.491768 
0.010008 0.010008 0.010008 0.969975 
0.250000 0.250000 0.250000 0.250000 
 177
0.479817 0.006370 0.046210 
0.462778 0.986984 0.462022 
0.057405 0.006646 0.491768 
0.965783 0.010008 0.014201 0.010008 
0.250000 0.250000 0.250000 0.250000 
 178
0.479817 0.006370 0.046210 
0.462778 0.986984 0.462022 
0.057405 0.006646 0.491768 
0.968148 0.011835 0.010008 0.010008 
0.250000 0.250000 0.250000 0.250000 
 179
0.479817 0.006370 0.046210 
0.462778 0.986984 0.462022 
0.057405 0.006646 0.491768 
0.010008 0.010008 0.010008 0.969975 
0.250000 0.250000 0.250000 0.250000 
 180
0.479817 0.006370 0.046210 
0.462778 0.986984 0.462022 
0.057405 0.006646 0.491768 
0.010008 0.010008 0.013104 0.966880 
0.250000 0.250000 0.250000 0.250000 
 181
0.479817 0.006370 0.046210 
0.462778 0.986984 0.462022 
0.057405 0.006646 0.491768 
0.010008 0.969975 0.010008 0.010008 
0.250000 0.250000 0.250000 0.250000 
 182
0.479817 0.006370 0.046210 
0.462778 0.986984 0.462022 
0.057405 0.006646 0.491768 
0.010008 0.969975 0.010008 0.010008 
0.250000 0.250000 0.250000 0.250000 
 183
0.479817 0.006370 0.046210 
0.462778 0.986984 0.462022 
0.057405 0.006646 0.491768 
0.013103 0.010008 0.027569 0.949320 
0.250000 0.250000 0.250000 0.250000 
 184
0.479817 0.006370 0.046210 
0.462778 0.986984 0.462022 
0.057405 0.006646 0.491768 
0.010008 0.969975 0.010008 0.010008 
0.250000 0.250000 0.250000 0.250000 
 185
0.479817 0.006370 0.046210 
0.462778 0.986984 0.462022 
0.057405 0.006646 0.491768 
0.010008 0.010008 0.969975 0.010008 
0.250000 0.250000 0.250000 0.250000 
 186
0.479817 0.006370 0.046210 
0.462778 0.986984 0.462022 
0.057405 0.006646 0.491768 
0.035708 0.010008 0.933410 0.020873 
0.250000 0.250000 0.250000 0.250000 
 187
0.479817 0.006370 0.046210 
0.462778 0.986984 0.462022 
0.057405 0.006646 0.491768 
0.010008 0.010008 0.010008 0.969975 
0.250000 0.250000 0.250000 0.250000 
 188
0.479817 0.006370 0.046210 
0.462778 0.986984 0.462022 
0.057405 0.006646 0.491768 
0.010008 0.010008 0.967908 0.012076 
0.250000 0.250000 0.250000 0.250000 
 189
0.479817 0.006370 0.046210 
0.462778 0.986984 0.462022 
0.057405 0.006646 0.491768 
0.010008 0.010008 0.014299 0.965684 
0.250000 0.250000 0.250000 0.250000 
 190
0.479817 0.006370 0.046210 
0.462778 0.986984 0.462022 
0.057405 0.006646 0.491768 
0.967310 0.012673 0.010008 0.010008 
0.250000 0.250000 0.250000 0.250000 
 191
0.479817 0.006370 0.046210 
0.462778 0.986984 0.462022 
0.057405 0.006646 0.491768 
0.010008 0.010008 0.010008 0.969975 
0.250000 0.250000 0.250000 0.250000 
 192
0.479817 0.006370 0.046210 
0.462778 0.986984 0.462022 
0.057405 0.006646 0.491768 
0.383093 0.010008 0.594758 0.012141 
0.250000 0.250000 0.250000 0.250000 
 193
0.479817 0.006370 0.046210 
0.462778 0.986984 0.462022 
0.057405 0.006646 0.491768 
0.010008 0.010008 0.010008 0.969975 
0.250000 0.250000 0.250000 0.250000 
 194
0.479817 0.006370 0.046210 
0.462778 0.986984 0.462022 
0.057405 0.006646 0.491768 
0.010008 0.969975 0.010008 0.010008 
0.250000 0.250000 0.250000 0.250000 
 195
0.479817 0.006370 0.046210 
0.462778 0.986984 0.462022 
0.057405 0.006646 0.491768 
0.010008 0.010008 0.969975 0.010008 
0.250000 0.250000 0.250000 0.250000 
 196
0.479817 0.006370 0.046210 
0.462778 0.986984 0.462022 
0.057405 0.006646 0.491768 
0.010008 0.010008 0.010008 0.969975 
0.250000 0.250000 0.250000 0.250000 
 197
0.479817 0.006370 0.046210 
0.462778 0.986984 0.462022 
0.057405 0.006646 0.491768 
0.010008 0.010008 0.010008 0.969975 
0.250000 0.250000 0.250000 0.250000 
 198
0.479817 0.006370 0.046210 
0.462778 0.986984 0.462022 
0.057405 0.006646 0.491768 
0.010008 0.010008 0.013749 0.966235 
0.250000 0.250000 0.250000 0.250000 
 199
0.479817 0.006370 0.046210 
0.462778 0.986984 0.462022 
0.057405 0.006646 0.491768 
0.010008 0.010008 0.059085 0.920899 
0.250000 0.250000 0.250000 0.250000 
 200
0.479817 0.006370 0.046210 
0.462778 0.986984 0.462022 
0.057405 0.006646 0.491768 
0.010008 0.010008 0.010008 0.969975 
0.250000 0.250000 0.250000 0.250000 
 201
0.479817 0.006370 0.046210 
0.462778 0.986984 0.462022 
0.057405 0.006646 0.491768 
0.938456 0.041528 0.010008 0.010008 
0.250000 0.250000 0.250000 0.250000 
 202
0.479817 0.006370 0.046210 
0.462778 0.986984 0.462022 
0.057405 0.006646 0.491768 
0.969975 0.010008 0.010008 0.010008 
0.250000 0.250000 0.250000 0.250000 
 203
0.479817 0.006370 0.046210 
0.462778 0.986984 0.462022 
0.057405 0.006646 0.491768 
0.969975 0.010008 0.010008 0.010008 
0.250000 0.250000 0.250000 0.250000 
 204
0.479817 0.006370 0.046210 
0.462778 0.986984 0.462022 
0.057405 0.006646 0.491768 
0.938030 0.041953 0.010008 0.010008 
0.250000 0.250000 0.250000 0.250000 
 205
0.479817 0.006370 0.046210 
0.462778 0.986984 0.462022 
0.057405 0.006646 0.491768 
0.010008 0.010008 0.969975 0.010008 
0.250000 0.250000 0.250000 0.250000 
 206
0.479817 0.006370 0.046210 
0.462778 0.986984 0.462022 
0.057405 0.006646 0.491768 
0.010008 0.010008 0.969975 0.010008 
0.250000 0.250000 0.250000 0.250000 
 207
0.479817 0.006370 0.046210 
0.462778 0.986984 0.462022 
0.057405 0.006646 0.491768 
0.015188 0.010008 0.964796 0.010008 
0.250000 0.250000 0.250000 0.250000 
 208
0.479817 0.006370 0.046210 
0.462778 0.986984 0.462022 
0.057405 0.006646 0.491768 
0.969975 0.010008 0.010008 0.010008 
0.250000 0.250000 0.250000 0.250000 
 209
0.479817 0.006370 0.046210 
0.462778 0.986984 0.462022 
0.057405 0.006646 0.491768 
0.969975 0.010008 0.010008 0.010008 
0.250000 0.250000 0.250000 0.250000 
 210
0.479817 0.006370 0.046210 
0.462778 0.986984 0.462022 
0.057405 0.006646 0.491768 
0.958269 0.021714 0.010008 0.010008 
0.250000 0.250000 0.250000 0.250000 
 211
0.479817 0.006370 0.046210 
0.462778 0.986984 0.462022 
0.057405 0.006646 0.491768 
0.010008 0.969975 0.010008 0.010008 
0.250000 0.250000 0.250000 0.250000 
 212
0.479817 0.006370 0.046210 
0.462778 0.986984 0.462022 
0.057405 0.006646 0.491768 
0.969975 0.010008 0.010008 0.010008 
0.250000 0.250000 0.250000 0.250000 
 213
0.479817 0.006370 0.046210 
0.462778 0.986984 0.462022 
0.057405 0.006646 0.491768 
0.010008 0.010008 0.967973 0.012010 
0.250000 0.250000 0.250000 0.250000 
 214
0.479817 0.006370 0.046210 
0.462778 0.986984 0.462022 
0.057405 0.006646 0.491768 
0.010008 0.010008 0.969975 0.010008 
0.250000 0.250000 0.250000 0.250000 
 215
0.479817 0.006370 0.046210 
0.462778 0.986984 0.462022 
0.057405 0.006646 0.491768 
0.969975 0.010008 0.010008 0.010008 
0.250000 0.250000 0.250000 0.250000 
 216
0.479817 0.006370 0.046210 
0.462778 0.986984 0.462022 
0.057405 0.006646 0.491768 
0.156893 0.823090 0.010008 0.010008 
0.250000 0.250000 0.250000 0.250000 
 217
0.479817 0.006370 0.046210 
0.462778 0.986984 0.462022 
0.057405 0.006646 0.491768 
0.010008 0.969975 0.010008 0.010008 
0.250000 0.250000 0.250000 0.250000 
 218
0.479817 0.006370 0.046210 
0.462778 0.986984 0.462022 
0.057405 0.006646 0.491768 
0.968088 0.011895 0.010008 0.010008 
0.250000 0.250000 0.250000 0.250000 
 219
0.479817 0.006370 0.046210 
0.462778 0.986984 0.462022 
0.057405 0.006646 0.491768 
0.966176 0.013808 0.010008 0.010008 
0.250000 0.250000 0.250000 0.250000 
 220
0.479817 0.006370 0.046210 
0.462778 0.986984 0.462022 
0.057405 0.006646 0.491768 
0.969975 0.010008 0.010008 0.010008 
0.250000 0.250000 0.250000 0.250000 
 221
0.479817 0.006370 0.046210 
0.462778 0.986984 0.462022 
0.057405 0.006646 0.491768 
0.010008 0.969975 0.010008 0.010008 
0.250000 0.250000 0.250000 0.250000 
 222
0.479817 0.006370 0.046210 
0.462778 0.986984 0.462022 
0.057405 0.006646 0.491768 
0.924796 0.055187 0.010008 0.010008 
0.250000 0.250000 0.250000 0.250000 
 223
0.479817 0.006370 0.046210 
0.462778 0.986984 0.462022 
0.057405 0.006646 0.491768 
0.969975 0.010008 0.010008 0.010008 
0.250000 0.250000 0.250000 0.250000 
 224
0.479817 0.006370 0.046210 
0.462778 0.986984 0.462022 
0.057405 0.006646 0.491768 
0.969975 0.010008 0.010008 0.010008 
0.250000 0.250000 0.250000 0.250000 
 225
0.479817 0.006370 0.046210 
0.462778 0.986984 0.462022 
0.057405 0.006646 0.491768 
0.969975 0.010008 0.010008 0.010008 
0.250000 0.250000 0.250000 0.250000 
 226
0.479817 0.006370 0.046210 
0.462778 0.986984 0.462022 
0.057405 0.006646 0.491768 
0.969975 0.010008 0.010008 0.010008 
0.250000 0.250000 0.250000 0.250000 
 227
0.479817 0.006370 0.046210 
0.462778 0.986984 0.462022 
0.057405 0.006646 0.491768 
0.010008 0.969975 0.010008 0.010008 
0.250000 0.250000 0.250000 0.250000 
 228
0.479817 0.006370 0.046210 
0.462778 0.986984 0.462022 
0.057405 0.006646 0.491768 
0.951752 0.028231 0.010008 0.010008 
0.250000 0.250000 0.250000 0.250000 
 229
0.479817 0.006370 0.046210 
0.462778 0.986984 0.462022 
0.057405 0.006646 0.491768 
0.969975 0.010008 0.010008 0.010008 
0.250000 0.250000 0.250000 0.250000 
 230
0.479817 0.006370 0.046210 
0.462778 0.986984 0.462022 
0.057405 0.006646 0.491768 
0.013231 0.966752 0.010008 0.010008 
0.250000 0.250000 0.250000 0.250000 
 231
0.479817 0.006370 0.046210 
0.462778 0.986984 0.462022 
0.057405 0.006646 0.491768 
0.968139 0.011845 0.010008 0.010008 
0.250000 0.250000 0.250000 0.250000 
 232
0.479817 0.006370 0.046210 
0.462778 0.986984 0.462022 
0.057405 0.006646 0.491768 
0.010008 0.010008 0.010008 0.969975 
0.250000 0.250000 0.250000 0.250000 
 233
0.479817 0.006370 0.046210 
0.462778 0.986984 0.462022 
0.057405 0.006646 0.491768 
0.010008 0.010008 0.010008 0.969975 
0.250000 0.250000 0.250000 0.250000 
 234
0.479817 0.006370 0.046210 
0.462778 0.986984 0.462022 
0.057405 0.006646 0.491768 
0.010008 0.010008 0.966880 0.013104 
0.250000 0.250000 0.250000 0.250000 
 235
0.479817 0.006370 0.046210 
0.462778 0.986984 0.462022 
0.057405 0.006646 0.491768 
0.969975 0.010008 0.010008 0.010008 
0.250000 0.250000 0.250000 0.250000 
 236
