%  SAM: /scicomp/home/vfn4/Tools/LABEL_RES/scripts/modelfromalign v3.5 (July 15, 2005) compiled 12/08/06_16:15:55
%  (c) 1992-2001 Regents of the University of California, Santa Cruz
%
%          Sequence Alignment and Modeling Software System
%         http://www.cse.ucsc.edu/research/compbio/sam.html
%
% ----------------- Citations (SAM, SAM-T2K, HMMs) --------------------
% R. Hughey, A. Krogh, Hidden Markov models for sequence analysis:
%  Extension and analysis of the basic method, CABIOS 12:95-107, 1996.
% K. Karplus, et al., What is the value added by human intervention in protein
%  structure prediction, Proteins: Stucture, Function, Genetics 45(S5):86--91, 2001.
% A. Krogh et al., Hidden Markov models in computational biology:
%  Applications to protein modeling, JMB 235:1501-1531, Feb 1994.
% ---------------------------------------------------------------------
%  B_NS_hmm   Host: node5.aspen.biotech.cdc.gov    Thu Jun  5 17:05:29 2014
%  vfn4       Dir:  /scicomp/home/vfn4/IRMA/train2
% ---------------------------------------------------------------------
%  Alignment weights from internal calc.  Total (41.21) Max (0.31) Min (0.02)
%  Weights from alignment method 1 (karplus), b=-1.000000, e=0.500000
MODEL --  Model from alignment file /scicomp/home/vfn4/Tools/LABEL_RES/training_data/IRMA/B_NS.fasta
alphabet DNA
FREQAVE
0.000000 0.000000 0.000000 
0.000000 0.000000 0.000000 
0.000000 0.000000 0.000000 
0.357733 0.230249 0.179412 0.232607 
0.357733 0.230249 0.179412 0.232607 
Begin
0.000000 0.000000 0.000000 
0.000000 0.000000 0.000000 
0.000000 0.004646 0.491768 
0.250000 0.250000 0.250000 0.250000 
0.250000 0.250000 0.250000 0.250000 
   1
0.000000 0.057227 0.046210 
0.000000 0.938127 0.462022 
0.032465 0.004905 0.491768 
0.980860 0.006380 0.006380 0.006380 
0.250000 0.250000 0.250000 0.250000 
   2
0.698412 0.004701 0.046210 
0.269123 0.990394 0.462022 
0.032707 0.004900 0.491768 
0.013089 0.007143 0.007193 0.972575 
0.250000 0.250000 0.250000 0.250000 
   3
0.699968 0.004697 0.046210 
0.267325 0.990403 0.462022 
0.032827 0.004898 0.491768 
0.013723 0.973542 0.006367 0.006367 
0.250000 0.250000 0.250000 0.250000 
   4
0.683331 0.004695 0.046210 
0.283843 0.990408 0.462022 
0.033470 0.004886 0.491768 
0.024573 0.962734 0.006346 0.006346 
0.250000 0.250000 0.250000 0.250000 
   5
0.696711 0.004683 0.046210 
0.269819 0.990431 0.462022 
0.033470 0.004886 0.491768 
0.025175 0.007867 0.944901 0.022058 
0.250000 0.250000 0.250000 0.250000 
   6
0.694162 0.004683 0.046210 
0.272368 0.990431 0.462022 
0.033555 0.004884 0.491768 
0.016399 0.969372 0.007149 0.007080 
0.250000 0.250000 0.250000 0.250000 
   7
0.695936 0.487269 0.046210 
0.270509 0.507847 0.462022 
0.006840 0.009440 0.491768 
0.907794 0.054133 0.019036 0.019036 
0.250000 0.250000 0.250000 0.250000 
   8
0.938021 0.010141 0.046210 
0.055140 0.980420 0.462022 
0.006833 0.009450 0.491768 
0.910634 0.019081 0.051204 0.019081 
0.250000 0.250000 0.250000 0.250000 
   9
0.938078 0.009058 0.046210 
0.055088 0.981492 0.462022 
0.006833 0.009450 0.491768 
0.019081 0.051204 0.910634 0.019081 
0.250000 0.250000 0.250000 0.250000 
  10
0.142602 0.009058 0.046210 
0.850565 0.981492 0.462022 
0.033411 0.004887 0.491768 
0.497780 0.488715 0.007144 0.006361 
0.250000 0.250000 0.250000 0.250000 
  11
0.680870 0.004684 0.046210 
0.285719 0.990429 0.462022 
0.033967 0.004877 0.491768 
0.977825 0.008011 0.007833 0.006330 
0.250000 0.250000 0.250000 0.250000 
  12
0.692201 0.004675 0.046210 
0.273832 0.990448 0.462022 
0.033967 0.004877 0.491768 
0.009121 0.006330 0.976638 0.007911 
0.250000 0.250000 0.250000 0.250000 
  13
0.680092 0.004675 0.046210 
0.285941 0.990448 0.462022 
0.034384 0.004870 0.491768 
0.974966 0.007900 0.010817 0.006317 
0.250000 0.250000 0.250000 0.250000 
  14
0.688428 0.004668 0.046210 
0.277188 0.990462 0.462022 
0.034384 0.004870 0.491768 
0.977626 0.007162 0.006332 0.008880 
0.250000 0.250000 0.250000 0.250000 
  15
0.688428 0.004668 0.046210 
0.277188 0.990462 0.462022 
0.034384 0.004870 0.491768 
0.007360 0.006317 0.851055 0.135268 
0.250000 0.250000 0.250000 0.250000 
  16
0.582498 0.004668 0.046210 
0.383119 0.990462 0.462022 
0.038458 0.004809 0.491768 
0.981375 0.006208 0.006208 0.006208 
0.250000 0.250000 0.250000 0.250000 
  17
0.651513 0.004609 0.046210 
0.310030 0.990582 0.462022 
0.038458 0.004809 0.491768 
0.006208 0.006208 0.006208 0.981375 
0.250000 0.250000 0.250000 0.250000 
  18
0.651513 0.004609 0.046210 
0.310030 0.990582 0.462022 
0.038458 0.004809 0.491768 
0.009338 0.978246 0.006208 0.006208 
0.250000 0.250000 0.250000 0.250000 
  19
0.642899 0.004609 0.046210 
0.318643 0.990582 0.462022 
0.038792 0.004804 0.491768 
0.981399 0.006200 0.006200 0.006200 
0.250000 0.250000 0.250000 0.250000 
  20
0.640882 0.004605 0.046210 
0.320326 0.990591 0.462022 
0.039089 0.004800 0.491768 
0.009135 0.006194 0.972929 0.011743 
0.250000 0.250000 0.250000 0.250000 
  21
0.645792 0.004601 0.046210 
0.315119 0.990598 0.462022 
0.039089 0.004800 0.491768 
0.008422 0.006194 0.978250 0.007135 
0.250000 0.250000 0.250000 0.250000 
  22
0.639518 0.004601 0.046210 
0.321393 0.990598 0.462022 
0.039336 0.004797 0.491768 
0.981436 0.006188 0.006188 0.006188 
0.250000 0.250000 0.250000 0.250000 
  23
0.643556 0.004598 0.046210 
0.317109 0.990604 0.462022 
0.039336 0.004797 0.491768 
0.006188 0.006188 0.980466 0.007158 
0.250000 0.250000 0.250000 0.250000 
  24
0.643556 0.004598 0.046210 
0.317109 0.990604 0.462022 
0.039336 0.004797 0.491768 
0.976388 0.006847 0.009126 0.007639 
0.250000 0.250000 0.250000 0.250000 
  25
0.635956 0.004598 0.046210 
0.324709 0.990604 0.462022 
0.039637 0.004793 0.491768 
0.977400 0.010237 0.006181 0.006181 
0.250000 0.250000 0.250000 0.250000 
  26
0.640826 0.004595 0.046210 
0.319537 0.990612 0.462022 
0.039637 0.004793 0.491768 
0.007071 0.006181 0.980567 0.006181 
0.250000 0.250000 0.250000 0.250000 
  27
0.640826 0.004595 0.046210 
0.319537 0.990612 0.462022 
0.039637 0.004793 0.491768 
0.981456 0.006181 0.006181 0.006181 
0.250000 0.250000 0.250000 0.250000 
  28
0.637522 0.004595 0.046210 
0.322841 0.990612 0.462022 
0.039768 0.004792 0.491768 
0.006179 0.006179 0.981464 0.006179 
0.250000 0.250000 0.250000 0.250000 
  29
0.639635 0.004593 0.046210 
0.320596 0.990615 0.462022 
0.039768 0.004792 0.491768 
0.981464 0.006179 0.006179 0.006179 
0.250000 0.250000 0.250000 0.250000 
  30
0.639635 0.004593 0.046210 
0.320596 0.990615 0.462022 
0.039768 0.004792 0.491768 
0.979787 0.007027 0.006183 0.007003 
0.250000 0.250000 0.250000 0.250000 
  31
0.618032 0.004593 0.046210 
0.342200 0.990615 0.462022 
0.040646 0.004781 0.491768 
0.981520 0.006160 0.006160 0.006160 
0.250000 0.250000 0.250000 0.250000 
  32
0.631678 0.004583 0.046210 
0.327675 0.990636 0.462022 
0.040646 0.004781 0.491768 
0.006160 0.006160 0.006160 0.981520 
0.250000 0.250000 0.250000 0.250000 
  33
0.631678 0.004583 0.046210 
0.327675 0.990636 0.462022 
0.040646 0.004781 0.491768 
0.006160 0.006160 0.019154 0.968526 
0.250000 0.250000 0.250000 0.250000 
  34
0.607793 0.004583 0.046210 
0.351560 0.990636 0.462022 
0.041641 0.004770 0.491768 
0.006140 0.981581 0.006140 0.006140 
0.250000 0.250000 0.250000 0.250000 
  35
0.622666 0.004572 0.046210 
0.335693 0.990658 0.462022 
0.041641 0.004770 0.491768 
0.979395 0.008321 0.006142 0.006142 
0.250000 0.250000 0.250000 0.250000 
  36
0.622666 0.004572 0.046210 
0.335693 0.990658 0.462022 
0.041641 0.004770 0.491768 
0.006140 0.981581 0.006140 0.006140 
0.250000 0.250000 0.250000 0.250000 
  37
0.612800 0.004572 0.046210 
0.345559 0.990658 0.462022 
0.042056 0.004765 0.491768 
0.006132 0.981605 0.006132 0.006132 
0.250000 0.250000 0.250000 0.250000 
  38
0.618906 0.004568 0.046210 
0.339038 0.990667 0.462022 
0.042056 0.004765 0.491768 
0.006132 0.006132 0.006132 0.981605 
0.250000 0.250000 0.250000 0.250000 
  39
0.618906 0.004568 0.046210 
0.339038 0.990667 0.462022 
0.042056 0.004765 0.491768 
0.009258 0.978478 0.006132 0.006132 
0.250000 0.250000 0.250000 0.250000 
  40
0.618906 0.004568 0.046210 
0.339038 0.990667 0.462022 
0.042056 0.004765 0.491768 
0.007318 0.980419 0.006132 0.006132 
0.250000 0.250000 0.250000 0.250000 
  41
0.618906 0.004568 0.046210 
0.339038 0.990667 0.462022 
0.042056 0.004765 0.491768 
0.006132 0.981605 0.006132 0.006132 
0.250000 0.250000 0.250000 0.250000 
  42
0.618906 0.004568 0.046210 
0.339038 0.990667 0.462022 
0.042056 0.004765 0.491768 
0.006132 0.006132 0.007569 0.980168 
0.250000 0.250000 0.250000 0.250000 
  43
0.618906 0.004568 0.046210 
0.339038 0.990667 0.462022 
0.042056 0.004765 0.491768 
0.006132 0.006132 0.980592 0.007145 
0.250000 0.250000 0.250000 0.250000 
  44
0.618906 0.004568 0.046210 
0.339038 0.990667 0.462022 
0.042056 0.004765 0.491768 
0.007423 0.006132 0.980313 0.006132 
0.250000 0.250000 0.250000 0.250000 
  45
0.618906 0.004568 0.046210 
0.339038 0.990667 0.462022 
0.042056 0.004765 0.491768 
0.050374 0.926635 0.010505 0.012486 
0.250000 0.250000 0.250000 0.250000 
  46
0.618906 0.004568 0.046210 
0.339038 0.990667 0.462022 
0.042056 0.004765 0.491768 
0.008711 0.979025 0.006132 0.006132 
0.250000 0.250000 0.250000 0.250000 
  47
0.618906 0.004568 0.046210 
0.339038 0.990667 0.462022 
0.042056 0.004765 0.491768 
0.007976 0.979761 0.006132 0.006132 
0.250000 0.250000 0.250000 0.250000 
  48
0.618906 0.004568 0.046210 
0.339038 0.990667 0.462022 
0.042056 0.004765 0.491768 
0.980602 0.007134 0.006132 0.006132 
0.250000 0.250000 0.250000 0.250000 
  49
0.618906 0.004568 0.046210 
0.339038 0.990667 0.462022 
0.042056 0.004765 0.491768 
0.006132 0.981605 0.006132 0.006132 
0.250000 0.250000 0.250000 0.250000 
  50
0.618906 0.004568 0.046210 
0.339038 0.990667 0.462022 
0.042056 0.004765 0.491768 
0.006132 0.006132 0.981605 0.006132 
0.250000 0.250000 0.250000 0.250000 
  51
0.618906 0.004568 0.046210 
0.339038 0.990667 0.462022 
0.042056 0.004765 0.491768 
0.981605 0.006132 0.006132 0.006132 
0.250000 0.250000 0.250000 0.250000 
  52
0.618906 0.004568 0.046210 
0.339038 0.990667 0.462022 
0.042056 0.004765 0.491768 
0.980184 0.006132 0.007552 0.006132 
0.250000 0.250000 0.250000 0.250000 
  53
0.618906 0.004568 0.046210 
0.339038 0.990667 0.462022 
0.042056 0.004765 0.491768 
0.006132 0.006132 0.981605 0.006132 
0.250000 0.250000 0.250000 0.250000 
  54
0.618906 0.004568 0.046210 
0.339038 0.990667 0.462022 
0.042056 0.004765 0.491768 
0.007455 0.006132 0.980282 0.006132 
0.250000 0.250000 0.250000 0.250000 
  55
0.618906 0.004568 0.046210 
0.339038 0.990667 0.462022 
0.042056 0.004765 0.491768 
0.981605 0.006132 0.006132 0.006132 
0.250000 0.250000 0.250000 0.250000 
  56
0.618906 0.004568 0.046210 
0.339038 0.990667 0.462022 
0.042056 0.004765 0.491768 
0.981605 0.006132 0.006132 0.006132 
0.250000 0.250000 0.250000 0.250000 
  57
0.618906 0.004568 0.046210 
0.339038 0.990667 0.462022 
0.042056 0.004765 0.491768 
0.006132 0.006132 0.007970 0.979766 
0.250000 0.250000 0.250000 0.250000 
  58
0.618906 0.004568 0.046210 
0.339038 0.990667 0.462022 
0.042056 0.004765 0.491768 
0.006132 0.981605 0.006132 0.006132 
0.250000 0.250000 0.250000 0.250000 
  59
0.618906 0.004568 0.046210 
0.339038 0.990667 0.462022 
0.042056 0.004765 0.491768 
0.009043 0.006132 0.978693 0.006132 
0.250000 0.250000 0.250000 0.250000 
  60
0.618906 0.004568 0.046210 
0.339038 0.990667 0.462022 
0.042056 0.004765 0.491768 
0.008214 0.006132 0.978246 0.007408 
0.250000 0.250000 0.250000 0.250000 
  61
0.618906 0.004568 0.046210 
0.339038 0.990667 0.462022 
0.042056 0.004765 0.491768 
0.981605 0.006132 0.006132 0.006132 
0.250000 0.250000 0.250000 0.250000 
  62
0.618906 0.004568 0.046210 
0.339038 0.990667 0.462022 
0.042056 0.004765 0.491768 
0.006132 0.006132 0.981605 0.006132 
0.250000 0.250000 0.250000 0.250000 
  63
0.618906 0.004568 0.046210 
0.339038 0.990667 0.462022 
0.042056 0.004765 0.491768 
0.006132 0.006132 0.945142 0.042595 
0.250000 0.250000 0.250000 0.250000 
  64
0.618906 0.004568 0.046210 
0.339038 0.990667 0.462022 
0.042056 0.004765 0.491768 
0.981605 0.006132 0.006132 0.006132 
0.250000 0.250000 0.250000 0.250000 
  65
0.618906 0.004568 0.046210 
0.339038 0.990667 0.462022 
0.042056 0.004765 0.491768 
0.006132 0.006132 0.006132 0.981605 
0.250000 0.250000 0.250000 0.250000 
  66
0.618906 0.004568 0.046210 
0.339038 0.990667 0.462022 
0.042056 0.004765 0.491768 
0.980675 0.007061 0.006132 0.006132 
0.250000 0.250000 0.250000 0.250000 
  67
0.618906 0.004568 0.046210 
0.339038 0.990667 0.462022 
0.042056 0.004765 0.491768 
0.980266 0.007470 0.006132 0.006132 
0.250000 0.250000 0.250000 0.250000 
  68
0.618906 0.004568 0.046210 
0.339038 0.990667 0.462022 
0.042056 0.004765 0.491768 
0.981605 0.006132 0.006132 0.006132 
0.250000 0.250000 0.250000 0.250000 
  69
0.618906 0.004568 0.046210 
0.339038 0.990667 0.462022 
0.042056 0.004765 0.491768 
0.006132 0.006132 0.978696 0.009041 
0.250000 0.250000 0.250000 0.250000 
  70
0.618906 0.004568 0.046210 
0.339038 0.990667 0.462022 
0.042056 0.004765 0.491768 
0.006132 0.006132 0.007221 0.980516 
0.250000 0.250000 0.250000 0.250000 
  71
0.618906 0.004568 0.046210 
0.339038 0.990667 0.462022 
0.042056 0.004765 0.491768 
0.006132 0.006132 0.006132 0.981605 
0.250000 0.250000 0.250000 0.250000 
  72
0.618906 0.004568 0.046210 
0.339038 0.990667 0.462022 
0.042056 0.004765 0.491768 
0.006132 0.006132 0.008210 0.979527 
0.250000 0.250000 0.250000 0.250000 
  73
0.618906 0.004568 0.046210 
0.339038 0.990667 0.462022 
0.042056 0.004765 0.491768 
0.006132 0.981605 0.006132 0.006132 
0.250000 0.250000 0.250000 0.250000 
  74
0.618906 0.004568 0.046210 
0.339038 0.990667 0.462022 
0.042056 0.004765 0.491768 
0.978693 0.009043 0.006132 0.006132 
0.250000 0.250000 0.250000 0.250000 
  75
0.618906 0.004568 0.046210 
0.339038 0.990667 0.462022 
0.042056 0.004765 0.491768 
0.980658 0.007079 0.006132 0.006132 
0.250000 0.250000 0.250000 0.250000 
  76
0.440552 0.004568 0.046210 
0.517392 0.990667 0.462022 
0.051185 0.004685 0.491768 
0.006861 0.981156 0.005991 0.005991 
0.250000 0.250000 0.250000 0.250000 
  77
0.536182 0.004491 0.046210 
0.412633 0.990824 0.462022 
0.051185 0.004685 0.491768 
0.005991 0.005991 0.982027 0.005991 
0.250000 0.250000 0.250000 0.250000 
  78
0.536182 0.004491 0.046210 
0.412633 0.990824 0.462022 
0.051185 0.004685 0.491768 
0.979036 0.007868 0.005991 0.007105 
0.250000 0.250000 0.250000 0.250000 
  79
0.536182 0.004491 0.046210 
0.412633 0.990824 0.462022 
0.051185 0.004685 0.491768 
0.005991 0.982027 0.005991 0.005991 
0.250000 0.250000 0.250000 0.250000 
  80
0.536182 0.004491 0.046210 
0.412633 0.990824 0.462022 
0.051185 0.004685 0.491768 
0.005991 0.982027 0.005991 0.005991 
0.250000 0.250000 0.250000 0.250000 
  81
0.536182 0.004491 0.046210 
0.412633 0.990824 0.462022 
0.051185 0.004685 0.491768 
0.979709 0.008309 0.005991 0.005991 
0.250000 0.250000 0.250000 0.250000 
  82
0.536182 0.004491 0.046210 
0.412633 0.990824 0.462022 
0.051185 0.004685 0.491768 
0.982027 0.005991 0.005991 0.005991 
0.250000 0.250000 0.250000 0.250000 
  83
0.536182 0.004491 0.046210 
0.412633 0.990824 0.462022 
0.051185 0.004685 0.491768 
0.008179 0.005991 0.005991 0.979839 
0.250000 0.250000 0.250000 0.250000 
  84
0.536182 0.004491 0.046210 
0.412633 0.990824 0.462022 
0.051185 0.004685 0.491768 
0.010609 0.005991 0.006842 0.976558 
0.250000 0.250000 0.250000 0.250000 
  85
0.536182 0.004491 0.046210 
0.412633 0.990824 0.462022 
0.051185 0.004685 0.491768 
0.005996 0.005996 0.913067 0.074941 
0.250000 0.250000 0.250000 0.250000 
  86
0.536182 0.004491 0.046210 
0.412633 0.990824 0.462022 
0.051185 0.004685 0.491768 
0.005991 0.005991 0.005991 0.982027 
0.250000 0.250000 0.250000 0.250000 
  87
0.536182 0.004491 0.046210 
0.412633 0.990824 0.462022 
0.051185 0.004685 0.491768 
0.031271 0.955594 0.005991 0.007144 
0.250000 0.250000 0.250000 0.250000 
  88
0.536182 0.004491 0.046210 
0.412633 0.990824 0.462022 
0.051185 0.004685 0.491768 
0.005991 0.982027 0.005991 0.005991 
0.250000 0.250000 0.250000 0.250000 
  89
0.536182 0.004491 0.046210 
0.412633 0.990824 0.462022 
0.051185 0.004685 0.491768 
0.982027 0.005991 0.005991 0.005991 
0.250000 0.250000 0.250000 0.250000 
  90
0.536182 0.004491 0.046210 
0.412633 0.990824 0.462022 
0.051185 0.004685 0.491768 
0.025286 0.962732 0.005991 0.005991 
0.250000 0.250000 0.250000 0.250000 
  91
0.536182 0.004491 0.046210 
0.412633 0.990824 0.462022 
0.051185 0.004685 0.491768 
0.005991 0.005991 0.005991 0.982027 
0.250000 0.250000 0.250000 0.250000 
  92
0.536182 0.004491 0.046210 
0.412633 0.990824 0.462022 
0.051185 0.004685 0.491768 
0.005991 0.982027 0.005991 0.005991 
0.250000 0.250000 0.250000 0.250000 
  93
0.536182 0.004491 0.046210 
0.412633 0.990824 0.462022 
0.051185 0.004685 0.491768 
0.005991 0.005991 0.977303 0.010715 
0.250000 0.250000 0.250000 0.250000 
  94
0.536182 0.004491 0.046210 
0.412633 0.990824 0.462022 
0.051185 0.004685 0.491768 
0.005991 0.005991 0.005991 0.982027 
0.250000 0.250000 0.250000 0.250000 
  95
0.536182 0.004491 0.046210 
0.412633 0.990824 0.462022 
0.051185 0.004685 0.491768 
0.980117 0.005991 0.005991 0.007901 
0.250000 0.250000 0.250000 0.250000 
  96
0.536182 0.004491 0.046210 
0.412633 0.990824 0.462022 
0.051185 0.004685 0.491768 
0.005991 0.005991 0.015581 0.972436 
0.250000 0.250000 0.250000 0.250000 
  97
0.536182 0.004491 0.046210 
0.412633 0.990824 0.462022 
0.051185 0.004685 0.491768 
0.005991 0.980428 0.007590 0.005991 
0.250000 0.250000 0.250000 0.250000 
  98
0.536182 0.004491 0.046210 
0.412633 0.990824 0.462022 
0.051185 0.004685 0.491768 
0.982027 0.005991 0.005991 0.005991 
0.250000 0.250000 0.250000 0.250000 
  99
0.536182 0.004491 0.046210 
0.412633 0.990824 0.462022 
0.051185 0.004685 0.491768 
0.979010 0.009008 0.005991 0.005991 
0.250000 0.250000 0.250000 0.250000 
 100
0.536182 0.004491 0.046210 
0.412633 0.990824 0.462022 
0.051185 0.004685 0.491768 
0.982027 0.005991 0.005991 0.005991 
0.250000 0.250000 0.250000 0.250000 
 101
0.536182 0.004491 0.046210 
0.412633 0.990824 0.462022 
0.051185 0.004685 0.491768 
0.005991 0.982027 0.005991 0.005991 
0.250000 0.250000 0.250000 0.250000 
 102
0.536182 0.004491 0.046210 
0.412633 0.990824 0.462022 
0.051185 0.004685 0.491768 
0.132179 0.855833 0.005994 0.005994 
0.250000 0.250000 0.250000 0.250000 
 103
0.536182 0.004491 0.046210 
0.412633 0.990824 0.462022 
0.051185 0.004685 0.491768 
0.005991 0.005991 0.970559 0.017459 
0.250000 0.250000 0.250000 0.250000 
 104
0.536182 0.004491 0.046210 
0.412633 0.990824 0.462022 
0.051185 0.004685 0.491768 
0.005991 0.005991 0.005991 0.982027 
0.250000 0.250000 0.250000 0.250000 
 105
0.536182 0.004491 0.046210 
0.412633 0.990824 0.462022 
0.051185 0.004685 0.491768 
0.005991 0.007171 0.008576 0.978262 
0.250000 0.250000 0.250000 0.250000 
 106
0.536182 0.004491 0.046210 
0.412633 0.990824 0.462022 
0.051185 0.004685 0.491768 
0.005991 0.005991 0.005991 0.982027 
0.250000 0.250000 0.250000 0.250000 
 107
0.536182 0.004491 0.046210 
0.412633 0.990824 0.462022 
0.051185 0.004685 0.491768 
0.005991 0.005991 0.982027 0.005991 
0.250000 0.250000 0.250000 0.250000 
 108
0.536182 0.004491 0.046210 
0.412633 0.990824 0.462022 
0.051185 0.004685 0.491768 
0.980117 0.007901 0.005991 0.005991 
0.250000 0.250000 0.250000 0.250000 
 109
0.536182 0.004491 0.046210 
0.412633 0.990824 0.462022 
0.051185 0.004685 0.491768 
0.005991 0.005991 0.005991 0.982027 
0.250000 0.250000 0.250000 0.250000 
 110
0.536182 0.004491 0.046210 
0.412633 0.990824 0.462022 
0.051185 0.004685 0.491768 
0.005991 0.980989 0.007029 0.005991 
0.250000 0.250000 0.250000 0.250000 
 111
0.536182 0.004491 0.046210 
0.412633 0.990824 0.462022 
0.051185 0.004685 0.491768 
0.005991 0.982027 0.005991 0.005991 
0.250000 0.250000 0.250000 0.250000 
 112
0.536182 0.004491 0.046210 
0.412633 0.990824 0.462022 
0.051185 0.004685 0.491768 
0.005991 0.005991 0.982027 0.005991 
0.250000 0.250000 0.250000 0.250000 
 113
0.536182 0.004491 0.046210 
0.412633 0.990824 0.462022 
0.051185 0.004685 0.491768 
0.982027 0.005991 0.005991 0.005991 
0.250000 0.250000 0.250000 0.250000 
 114
0.536182 0.004491 0.046210 
0.412633 0.990824 0.462022 
0.051185 0.004685 0.491768 
0.980502 0.007516 0.005991 0.005991 
0.250000 0.250000 0.250000 0.250000 
 115
0.536182 0.004491 0.046210 
0.412633 0.990824 0.462022 
0.051185 0.004685 0.491768 
0.975942 0.012076 0.005991 0.005991 
0.250000 0.250000 0.250000 0.250000 
 116
0.536182 0.004491 0.046210 
0.412633 0.990824 0.462022 
0.051185 0.004685 0.491768 
0.012044 0.973512 0.008453 0.005991 
0.250000 0.250000 0.250000 0.250000 
 117
0.536182 0.004491 0.046210 
0.412633 0.990824 0.462022 
0.051185 0.004685 0.491768 
0.715482 0.272529 0.005994 0.005994 
0.250000 0.250000 0.250000 0.250000 
 118
0.536182 0.004491 0.046210 
0.412633 0.990824 0.462022 
0.051185 0.004685 0.491768 
0.005994 0.982017 0.005994 0.005994 
0.250000 0.250000 0.250000 0.250000 
 119
0.536182 0.004491 0.046210 
0.412633 0.990824 0.462022 
0.051185 0.004685 0.491768 
0.005991 0.005991 0.982027 0.005991 
0.250000 0.250000 0.250000 0.250000 
 120
0.536182 0.004491 0.046210 
0.412633 0.990824 0.462022 
0.051185 0.004685 0.491768 
0.014571 0.005991 0.938336 0.041102 
0.250000 0.250000 0.250000 0.250000 
 121
0.536182 0.004491 0.046210 
0.412633 0.990824 0.462022 
0.051185 0.004685 0.491768 
0.005991 0.005991 0.982027 0.005991 
0.250000 0.250000 0.250000 0.250000 
 122
0.536182 0.004491 0.046210 
0.412633 0.990824 0.462022 
0.051185 0.004685 0.491768 
0.005991 0.005991 0.006988 0.981030 
0.250000 0.250000 0.250000 0.250000 
 123
0.536182 0.004491 0.046210 
0.412633 0.990824 0.462022 
0.051185 0.004685 0.491768 
0.005991 0.005991 0.006914 0.981104 
0.250000 0.250000 0.250000 0.250000 
 124
0.536182 0.004491 0.046210 
0.412633 0.990824 0.462022 
0.051185 0.004685 0.491768 
0.005991 0.982027 0.005991 0.005991 
0.250000 0.250000 0.250000 0.250000 
 125
0.536182 0.004491 0.046210 
0.412633 0.990824 0.462022 
0.051185 0.004685 0.491768 
0.982027 0.005991 0.005991 0.005991 
0.250000 0.250000 0.250000 0.250000 
 126
0.536182 0.004491 0.046210 
0.412633 0.990824 0.462022 
0.051185 0.004685 0.491768 
0.005991 0.005991 0.968790 0.019227 
0.250000 0.250000 0.250000 0.250000 
 127
0.536182 0.004491 0.046210 
0.412633 0.990824 0.462022 
0.051185 0.004685 0.491768 
0.005991 0.005991 0.007467 0.980551 
0.250000 0.250000 0.250000 0.250000 
 128
0.536182 0.004491 0.046210 
0.412633 0.990824 0.462022 
0.051185 0.004685 0.491768 
0.980161 0.007857 0.005991 0.005991 
0.250000 0.250000 0.250000 0.250000 
 129
0.536182 0.004491 0.046210 
0.412633 0.990824 0.462022 
0.051185 0.004685 0.491768 
0.005991 0.005991 0.869935 0.118083 
0.250000 0.250000 0.250000 0.250000 
 130
0.536182 0.004491 0.046210 
0.412633 0.990824 0.462022 
0.051185 0.004685 0.491768 
0.005991 0.005991 0.982027 0.005991 
0.250000 0.250000 0.250000 0.250000 
 131
0.536182 0.004491 0.046210 
0.412633 0.990824 0.462022 
0.051185 0.004685 0.491768 
0.005991 0.005991 0.982027 0.005991 
0.250000 0.250000 0.250000 0.250000 
 132
0.536182 0.004491 0.046210 
0.412633 0.990824 0.462022 
0.051185 0.004685 0.491768 
0.005994 0.005994 0.128575 0.859437 
0.250000 0.250000 0.250000 0.250000 
 133
0.536182 0.004491 0.046210 
0.412633 0.990824 0.462022 
0.051185 0.004685 0.491768 
0.005991 0.982027 0.005991 0.005991 
0.250000 0.250000 0.250000 0.250000 
 134
0.536182 0.004491 0.046210 
0.412633 0.990824 0.462022 
0.051185 0.004685 0.491768 
0.005991 0.982027 0.005991 0.005991 
0.250000 0.250000 0.250000 0.250000 
 135
0.536182 0.004491 0.046210 
0.412633 0.990824 0.462022 
0.051185 0.004685 0.491768 
0.006686 0.005991 0.009946 0.977377 
0.250000 0.250000 0.250000 0.250000 
 136
0.531970 0.004491 0.046210 
0.416845 0.990824 0.462022 
0.051401 0.004683 0.491768 
0.005988 0.005988 0.982035 0.005988 
0.250000 0.250000 0.250000 0.250000 
 137
0.534221 0.004489 0.046210 
0.414378 0.990827 0.462022 
0.051401 0.004683 0.491768 
0.982035 0.005988 0.005988 0.005988 
0.250000 0.250000 0.250000 0.250000 
 138
0.534221 0.004489 0.046210 
0.414378 0.990827 0.462022 
0.051401 0.004683 0.491768 
0.974690 0.013333 0.005988 0.005988 
0.250000 0.250000 0.250000 0.250000 
 139
0.515329 0.004489 0.046210 
0.433270 0.990827 0.462022 
0.052391 0.004677 0.491768 
0.005977 0.982070 0.005977 0.005977 
0.250000 0.250000 0.250000 0.250000 
 140
0.525252 0.004483 0.046210 
0.422357 0.990841 0.462022 
0.052391 0.004677 0.491768 
0.982070 0.005977 0.005977 0.005977 
0.250000 0.250000 0.250000 0.250000 
 141
0.525252 0.004483 0.046210 
0.422357 0.990841 0.462022 
0.052391 0.004677 0.491768 
0.005977 0.005977 0.969744 0.018303 
0.250000 0.250000 0.250000 0.250000 
 142
0.525252 0.004483 0.046210 
0.422357 0.990841 0.462022 
0.052391 0.004677 0.491768 
0.005980 0.005980 0.982061 0.005980 
0.250000 0.250000 0.250000 0.250000 
 143
0.525252 0.004483 0.046210 
0.422357 0.990841 0.462022 
0.052391 0.004677 0.491768 
0.005977 0.982070 0.005977 0.005977 
0.250000 0.250000 0.250000 0.250000 
 144
0.525252 0.004483 0.046210 
0.422357 0.990841 0.462022 
0.052391 0.004677 0.491768 
0.007356 0.007572 0.950510 0.034563 
0.250000 0.250000 0.250000 0.250000 
 145
0.525252 0.004483 0.046210 
0.422357 0.990841 0.462022 
0.052391 0.004677 0.491768 
0.005977 0.005977 0.974385 0.013662 
0.250000 0.250000 0.250000 0.250000 
 146
0.525252 0.004483 0.046210 
0.422357 0.990841 0.462022 
0.052391 0.004677 0.491768 
0.005979 0.005979 0.005979 0.982063 
0.250000 0.250000 0.250000 0.250000 
 147
0.525252 0.004483 0.046210 
0.422357 0.990841 0.462022 
0.052391 0.004677 0.491768 
0.980500 0.006778 0.006745 0.005977 
0.250000 0.250000 0.250000 0.250000 
 148
0.525252 0.004483 0.046210 
0.422357 0.990841 0.462022 
0.052391 0.004677 0.491768 
0.960972 0.005977 0.027075 0.005977 
0.250000 0.250000 0.250000 0.250000 
 149
0.525252 0.004483 0.046210 
0.422357 0.990841 0.462022 
0.052391 0.004677 0.491768 
0.980314 0.006989 0.006720 0.005977 
0.250000 0.250000 0.250000 0.250000 
 150
0.525252 0.004483 0.046210 
0.422357 0.990841 0.462022 
0.052391 0.004677 0.491768 
0.007960 0.005977 0.968130 0.017933 
0.250000 0.250000 0.250000 0.250000 
 151
0.525252 0.004483 0.046210 
0.422357 0.990841 0.462022 
0.052391 0.004677 0.491768 
0.982070 0.005977 0.005977 0.005977 
0.250000 0.250000 0.250000 0.250000 
 152
0.525252 0.004483 0.046210 
0.422357 0.990841 0.462022 
0.052391 0.004677 0.491768 
0.010306 0.977741 0.005977 0.005977 
0.250000 0.250000 0.250000 0.250000 
 153
0.525252 0.004483 0.046210 
0.422357 0.990841 0.462022 
0.052391 0.004677 0.491768 
0.945519 0.042528 0.005977 0.005977 
0.250000 0.250000 0.250000 0.250000 
 154
0.525252 0.004483 0.046210 
0.422357 0.990841 0.462022 
0.052391 0.004677 0.491768 
0.005977 0.005977 0.978462 0.009585 
0.250000 0.250000 0.250000 0.250000 
 155
0.525252 0.004483 0.046210 
0.422357 0.990841 0.462022 
0.052391 0.004677 0.491768 
0.005977 0.005977 0.005977 0.982070 
0.250000 0.250000 0.250000 0.250000 
 156
0.525252 0.004483 0.046210 
0.422357 0.990841 0.462022 
0.052391 0.004677 0.491768 
0.979743 0.006641 0.006603 0.007013 
0.250000 0.250000 0.250000 0.250000 
 157
0.525252 0.004483 0.046210 
0.422357 0.990841 0.462022 
0.052391 0.004677 0.491768 
0.982070 0.005977 0.005977 0.005977 
0.250000 0.250000 0.250000 0.250000 
 158
0.525252 0.004483 0.046210 
0.422357 0.990841 0.462022 
0.052391 0.004677 0.491768 
0.982070 0.005977 0.005977 0.005977 
0.250000 0.250000 0.250000 0.250000 
 159
0.525252 0.004483 0.046210 
0.422357 0.990841 0.462022 
0.052391 0.004677 0.491768 
0.131993 0.856049 0.005979 0.005979 
0.250000 0.250000 0.250000 0.250000 
 160
0.525252 0.004483 0.046210 
0.422357 0.990841 0.462022 
0.052391 0.004677 0.491768 
0.959063 0.005977 0.028984 0.005977 
0.250000 0.250000 0.250000 0.250000 
 161
0.525252 0.004483 0.046210 
0.422357 0.990841 0.462022 
0.052391 0.004677 0.491768 
0.005977 0.982070 0.005977 0.005977 
0.250000 0.250000 0.250000 0.250000 
 162
0.525252 0.004483 0.046210 
0.422357 0.990841 0.462022 
0.052391 0.004677 0.491768 
0.952765 0.035281 0.005977 0.005977 
0.250000 0.250000 0.250000 0.250000 
 163
0.525252 0.004483 0.046210 
0.422357 0.990841 0.462022 
0.052391 0.004677 0.491768 
0.982070 0.005977 0.005977 0.005977 
0.250000 0.250000 0.250000 0.250000 
 164
0.525252 0.004483 0.046210 
0.422357 0.990841 0.462022 
0.052391 0.004677 0.491768 
0.982070 0.005977 0.005977 0.005977 
0.250000 0.250000 0.250000 0.250000 
 165
0.525252 0.004483 0.046210 
0.422357 0.990841 0.462022 
0.052391 0.004677 0.491768 
0.972164 0.015883 0.005977 0.005977 
0.250000 0.250000 0.250000 0.250000 
 166
0.525252 0.004483 0.046210 
0.422357 0.990841 0.462022 
0.052391 0.004677 0.491768 
0.007024 0.005977 0.035253 0.951747 
0.250000 0.250000 0.250000 0.250000 
 167
0.525252 0.004483 0.046210 
0.422357 0.990841 0.462022 
0.052391 0.004677 0.491768 
0.005977 0.005977 0.005977 0.982070 
0.250000 0.250000 0.250000 0.250000 
 168
0.525252 0.004483 0.046210 
0.422357 0.990841 0.462022 
0.052391 0.004677 0.491768 
0.958520 0.029527 0.005977 0.005977 
0.250000 0.250000 0.250000 0.250000 
 169
0.525252 0.004483 0.046210 
0.422357 0.990841 0.462022 
0.052391 0.004677 0.491768 
0.006779 0.980405 0.006840 0.005977 
0.250000 0.250000 0.250000 0.250000 
 170
0.525252 0.004483 0.046210 
0.422357 0.990841 0.462022 
0.052391 0.004677 0.491768 
0.982070 0.005977 0.005977 0.005977 
0.250000 0.250000 0.250000 0.250000 
 171
0.525252 0.004483 0.046210 
0.422357 0.990841 0.462022 
0.052391 0.004677 0.491768 
0.202027 0.786020 0.005977 0.005977 
0.250000 0.250000 0.250000 0.250000 
 172
0.525252 0.004483 0.046210 
0.422357 0.990841 0.462022 
0.052391 0.004677 0.491768 
0.005977 0.005977 0.005977 0.982070 
0.250000 0.250000 0.250000 0.250000 
 173
0.525252 0.004483 0.046210 
0.422357 0.990841 0.462022 
0.052391 0.004677 0.491768 
0.005977 0.005977 0.982070 0.005977 
0.250000 0.250000 0.250000 0.250000 
 174
0.525252 0.004483 0.046210 
0.422357 0.990841 0.462022 
0.052391 0.004677 0.491768 
0.972182 0.008432 0.013409 0.005977 
0.250000 0.250000 0.250000 0.250000 
 175
0.525252 0.004483 0.046210 
0.422357 0.990841 0.462022 
0.052391 0.004677 0.491768 
0.982070 0.005977 0.005977 0.005977 
0.250000 0.250000 0.250000 0.250000 
 176
0.525252 0.004483 0.046210 
0.422357 0.990841 0.462022 
0.052391 0.004677 0.491768 
0.005977 0.982070 0.005977 0.005977 
0.250000 0.250000 0.250000 0.250000 
 177
0.525252 0.004483 0.046210 
0.422357 0.990841 0.462022 
0.052391 0.004677 0.491768 
0.980348 0.007699 0.005977 0.005977 
0.250000 0.250000 0.250000 0.250000 
 178
0.525252 0.004483 0.046210 
0.422357 0.990841 0.462022 
0.052391 0.004677 0.491768 
0.980402 0.007645 0.005977 0.005977 
0.250000 0.250000 0.250000 0.250000 
 179
0.525252 0.004483 0.046210 
0.422357 0.990841 0.462022 
0.052391 0.004677 0.491768 
0.005977 0.005977 0.005977 0.982070 
0.250000 0.250000 0.250000 0.250000 
 180
0.525252 0.004483 0.046210 
0.422357 0.990841 0.462022 
0.052391 0.004677 0.491768 
0.975818 0.005977 0.005977 0.012229 
0.250000 0.250000 0.250000 0.250000 
 181
0.525252 0.004483 0.046210 
0.422357 0.990841 0.462022 
0.052391 0.004677 0.491768 
0.982070 0.005977 0.005977 0.005977 
0.250000 0.250000 0.250000 0.250000 
 182
0.525252 0.004483 0.046210 
0.422357 0.990841 0.462022 
0.052391 0.004677 0.491768 
0.978217 0.009122 0.006685 0.005977 
0.250000 0.250000 0.250000 0.250000 
 183
0.525252 0.004483 0.046210 
0.422357 0.990841 0.462022 
0.052391 0.004677 0.491768 
0.032520 0.954824 0.005977 0.006680 
0.250000 0.250000 0.250000 0.250000 
 184
0.437908 0.004483 0.046210 
0.509700 0.990841 0.462022 
0.057405 0.004646 0.491768 
0.981386 0.006767 0.005923 0.005923 
0.250000 0.250000 0.250000 0.250000 
 185
0.479817 0.004453 0.046210 
0.462778 0.990901 0.462022 
0.057405 0.004646 0.491768 
0.006671 0.005923 0.980571 0.006835 
0.250000 0.250000 0.250000 0.250000 
 186
0.479817 0.004453 0.046210 
0.462778 0.990901 0.462022 
0.057405 0.004646 0.491768 
0.005923 0.005923 0.007344 0.980809 
0.250000 0.250000 0.250000 0.250000 
 187
0.479817 0.004453 0.046210 
0.462778 0.990901 0.462022 
0.057405 0.004646 0.491768 
0.005926 0.005926 0.982223 0.005926 
0.250000 0.250000 0.250000 0.250000 
 188
0.479817 0.004453 0.046210 
0.462778 0.990901 0.462022 
0.057405 0.004646 0.491768 
0.974309 0.005923 0.013148 0.006620 
0.250000 0.250000 0.250000 0.250000 
 189
0.479817 0.004453 0.046210 
0.462778 0.990901 0.462022 
0.057405 0.004646 0.491768 
0.011613 0.005923 0.970333 0.012132 
0.250000 0.250000 0.250000 0.250000 
 190
0.479817 0.004453 0.046210 
0.462778 0.990901 0.462022 
0.057405 0.004646 0.491768 
0.982230 0.005923 0.005923 0.005923 
0.250000 0.250000 0.250000 0.250000 
 191
0.479817 0.004453 0.046210 
0.462778 0.990901 0.462022 
0.057405 0.004646 0.491768 
0.976830 0.005923 0.011324 0.005923 
0.250000 0.250000 0.250000 0.250000 
 192
0.479817 0.004453 0.046210 
0.462778 0.990901 0.462022 
0.057405 0.004646 0.491768 
0.005926 0.005926 0.976437 0.011711 
0.250000 0.250000 0.250000 0.250000 
 193
0.479817 0.004453 0.046210 
0.462778 0.990901 0.462022 
0.057405 0.004646 0.491768 
0.972833 0.013355 0.007889 0.005923 
0.250000 0.250000 0.250000 0.250000 
 194
0.479817 0.004453 0.046210 
0.462778 0.990901 0.462022 
0.057405 0.004646 0.491768 
0.979189 0.008965 0.005923 0.005923 
0.250000 0.250000 0.250000 0.250000 
 195
0.479817 0.004453 0.046210 
0.462778 0.990901 0.462022 
0.057405 0.004646 0.491768 
0.957994 0.030159 0.005923 0.005923 
0.250000 0.250000 0.250000 0.250000 
 196
0.479817 0.004453 0.046210 
0.462778 0.990901 0.462022 
0.057405 0.004646 0.491768 
0.982230 0.005923 0.005923 0.005923 
0.250000 0.250000 0.250000 0.250000 
 197
0.479817 0.004453 0.046210 
0.462778 0.990901 0.462022 
0.057405 0.004646 0.491768 
0.008810 0.979344 0.005923 0.005923 
0.250000 0.250000 0.250000 0.250000 
 198
0.479817 0.004453 0.046210 
0.462778 0.990901 0.462022 
0.057405 0.004646 0.491768 
0.005923 0.005923 0.007805 0.980348 
0.250000 0.250000 0.250000 0.250000 
 199
0.479817 0.004453 0.046210 
0.462778 0.990901 0.462022 
0.057405 0.004646 0.491768 
0.005923 0.982230 0.005923 0.005923 
0.250000 0.250000 0.250000 0.250000 
 200
0.479817 0.004453 0.046210 
0.462778 0.990901 0.462022 
0.057405 0.004646 0.491768 
0.981066 0.007088 0.005923 0.005923 
0.250000 0.250000 0.250000 0.250000 
 201
0.479817 0.004453 0.046210 
0.462778 0.990901 0.462022 
0.057405 0.004646 0.491768 
0.017590 0.970559 0.005926 0.005926 
0.250000 0.250000 0.250000 0.250000 
 202
0.479817 0.004453 0.046210 
0.462778 0.990901 0.462022 
0.057405 0.004646 0.491768 
0.005923 0.005923 0.982230 0.005923 
0.250000 0.250000 0.250000 0.250000 
 203
0.479817 0.004453 0.046210 
0.462778 0.990901 0.462022 
0.057405 0.004646 0.491768 
0.007141 0.005923 0.979047 0.007889 
0.250000 0.250000 0.250000 0.250000 
 204
0.479817 0.004453 0.046210 
0.462778 0.990901 0.462022 
0.057405 0.004646 0.491768 
0.013354 0.005923 0.007736 0.972986 
0.250000 0.250000 0.250000 0.250000 
 205
0.479817 0.004453 0.046210 
0.462778 0.990901 0.462022 
0.057405 0.004646 0.491768 
0.005923 0.982230 0.005923 0.005923 
0.250000 0.250000 0.250000 0.250000 
 206
0.479817 0.004453 0.046210 
0.462778 0.990901 0.462022 
0.057405 0.004646 0.491768 
0.982215 0.005928 0.005928 0.005928 
0.250000 0.250000 0.250000 0.250000 
 207
0.479817 0.004453 0.046210 
0.462778 0.990901 0.462022 
0.057405 0.004646 0.491768 
0.964341 0.023813 0.005923 0.005923 
0.250000 0.250000 0.250000 0.250000 
 208
0.479817 0.004453 0.046210 
0.462778 0.990901 0.462022 
0.057405 0.004646 0.491768 
0.978060 0.010093 0.005923 0.005923 
0.250000 0.250000 0.250000 0.250000 
 209
0.479817 0.004453 0.046210 
0.462778 0.990901 0.462022 
0.057405 0.004646 0.491768 
0.018193 0.963728 0.011324 0.006756 
0.250000 0.250000 0.250000 0.250000 
 210
0.479817 0.004453 0.046210 
0.462778 0.990901 0.462022 
0.057405 0.004646 0.491768 
0.005923 0.005923 0.011373 0.976780 
0.250000 0.250000 0.250000 0.250000 
 211
0.479817 0.004453 0.046210 
0.462778 0.990901 0.462022 
0.057405 0.004646 0.491768 
0.982230 0.005923 0.005923 0.005923 
0.250000 0.250000 0.250000 0.250000 
 212
0.479817 0.004453 0.046210 
0.462778 0.990901 0.462022 
0.057405 0.004646 0.491768 
0.979418 0.005923 0.008736 0.005923 
0.250000 0.250000 0.250000 0.250000 
 213
0.479817 0.004453 0.046210 
0.462778 0.990901 0.462022 
0.057405 0.004646 0.491768 
0.980458 0.007696 0.005923 0.005923 
0.250000 0.250000 0.250000 0.250000 
 214
0.479817 0.004453 0.046210 
0.462778 0.990901 0.462022 
0.057405 0.004646 0.491768 
0.981209 0.006945 0.005923 0.005923 
0.250000 0.250000 0.250000 0.250000 
 215
0.479817 0.004453 0.046210 
0.462778 0.990901 0.462022 
0.057405 0.004646 0.491768 
0.008985 0.979168 0.005923 0.005923 
0.250000 0.250000 0.250000 0.250000 
 216
0.479817 0.004453 0.046210 
0.462778 0.990901 0.462022 
0.057405 0.004646 0.491768 
0.017904 0.970249 0.005923 0.005923 
0.250000 0.250000 0.250000 0.250000 
 217
0.479817 0.004453 0.046210 
0.462778 0.990901 0.462022 
0.057405 0.004646 0.491768 
0.980810 0.006614 0.005923 0.006653 
0.250000 0.250000 0.250000 0.250000 
 218
0.479817 0.004453 0.046210 
0.462778 0.990901 0.462022 
0.057405 0.004646 0.491768 
0.005923 0.005923 0.005923 0.982230 
0.250000 0.250000 0.250000 0.250000 
 219
0.479817 0.004453 0.046210 
0.462778 0.990901 0.462022 
0.057405 0.004646 0.491768 
0.007179 0.980975 0.005923 0.005923 
0.250000 0.250000 0.250000 0.250000 
 220
0.479817 0.004453 0.046210 
0.462778 0.990901 0.462022 
0.057405 0.004646 0.491768 
0.006857 0.005923 0.008005 0.979215 
0.250000 0.250000 0.250000 0.250000 
 221
0.479817 0.004453 0.046210 
0.462778 0.990901 0.462022 
0.057405 0.004646 0.491768 
0.005923 0.005923 0.982230 0.005923 
0.250000 0.250000 0.250000 0.250000 
 222
0.479817 0.004453 0.046210 
0.462778 0.990901 0.462022 
0.057405 0.004646 0.491768 
0.005923 0.005923 0.429839 0.558314 
0.250000 0.250000 0.250000 0.250000 
 223
0.479817 0.004453 0.046210 
0.462778 0.990901 0.462022 
0.057405 0.004646 0.491768 
0.005926 0.005926 0.981055 0.007094 
0.250000 0.250000 0.250000 0.250000 
 224
0.479817 0.004453 0.046210 
0.462778 0.990901 0.462022 
0.057405 0.004646 0.491768 
0.005923 0.005923 0.006889 0.981265 
0.250000 0.250000 0.250000 0.250000 
 225
0.479817 0.004453 0.046210 
0.462778 0.990901 0.462022 
0.057405 0.004646 0.491768 
0.005923 0.013355 0.007057 0.973664 
0.250000 0.250000 0.250000 0.250000 
 226
0.479817 0.004453 0.046210 
0.462778 0.990901 0.462022 
0.057405 0.004646 0.491768 
0.020515 0.967639 0.005923 0.005923 
0.250000 0.250000 0.250000 0.250000 
 227
0.479817 0.004453 0.046210 
0.462778 0.990901 0.462022 
0.057405 0.004646 0.491768 
0.979797 0.008357 0.005923 0.005923 
0.250000 0.250000 0.250000 0.250000 
 228
0.479817 0.004453 0.046210 
0.462778 0.990901 0.462022 
0.057405 0.004646 0.491768 
0.980817 0.007336 0.005923 0.005923 
0.250000 0.250000 0.250000 0.250000 
 229
0.479817 0.004453 0.046210 
0.462778 0.990901 0.462022 
0.057405 0.004646 0.491768 
0.011490 0.976663 0.005923 0.005923 
0.250000 0.250000 0.250000 0.250000 
 230
0.479817 0.004453 0.046210 
0.462778 0.990901 0.462022 
0.057405 0.004646 0.491768 
0.982230 0.005923 0.005923 0.005923 
0.250000 0.250000 0.250000 0.250000 
 231
0.479817 0.004453 0.046210 
0.462778 0.990901 0.462022 
0.057405 0.004646 0.491768 
0.011797 0.975661 0.005923 0.006619 
0.250000 0.250000 0.250000 0.250000 
 232
0.479817 0.004453 0.046210 
0.462778 0.990901 0.462022 
0.057405 0.004646 0.491768 
0.982230 0.005923 0.005923 0.005923 
0.250000 0.250000 0.250000 0.250000 
 233
0.479817 0.004453 0.046210 
0.462778 0.990901 0.462022 
0.057405 0.004646 0.491768 
0.005923 0.982230 0.005923 0.005923 
0.250000 0.250000 0.250000 0.250000 
 234
0.479817 0.004453 0.046210 
0.462778 0.990901 0.462022 
0.057405 0.004646 0.491768 
0.886669 0.101484 0.005923 0.005923 
0.250000 0.250000 0.250000 0.250000 
 235
0.479817 0.004453 0.046210 
0.462778 0.990901 0.462022 
0.057405 0.004646 0.491768 
0.982230 0.005923 0.005923 0.005923 
0.250000 0.250000 0.250000 0.250000 
 236
