%  SAM: /scicomp/home/vfn4/Tools/LABEL_RES/scripts/modelfromalign v3.5 (July 15, 2005) compiled 12/08/06_16:15:55
%  (c) 1992-2001 Regents of the University of California, Santa Cruz
%
%          Sequence Alignment and Modeling Software System
%         http://www.cse.ucsc.edu/research/compbio/sam.html
%
% ----------------- Citations (SAM, SAM-T2K, HMMs) --------------------
% R. Hughey, A. Krogh, Hidden Markov models for sequence analysis:
%  Extension and analysis of the basic method, CABIOS 12:95-107, 1996.
% K. Karplus, et al., What is the value added by human intervention in protein
%  structure prediction, Proteins: Stucture, Function, Genetics 45(S5):86--91, 2001.
% A. Krogh et al., Hidden Markov models in computational biology:
%  Applications to protein modeling, JMB 235:1501-1531, Feb 1994.
% ---------------------------------------------------------------------
%  B_PB2_hmm   Host: node5.aspen.biotech.cdc.gov    Thu Jun  5 17:05:30 2014
%  vfn4        Dir:  /scicomp/home/vfn4/IRMA/train2
% ---------------------------------------------------------------------
%  Alignment weights from internal calc.  Total (24.84) Max (0.13) Min (0.03)
%  Weights from alignment method 1 (karplus), b=-1.000000, e=0.500000
MODEL --  Model from alignment file /scicomp/home/vfn4/Tools/LABEL_RES/training_data/IRMA/B_PB2.fasta
alphabet DNA
FREQAVE
0.000000 0.000000 0.000000 
0.000000 0.000000 0.000000 
0.000000 0.000000 0.000000 
0.379526 0.230184 0.155928 0.234363 
0.379526 0.230184 0.155928 0.234363 
Begin
0.000000 0.000000 0.000000 
0.000000 0.000000 0.000000 
0.000000 0.006506 0.491768 
0.250000 0.250000 0.250000 0.250000 
0.250000 0.250000 0.250000 0.250000 
   1
0.000000 0.029937 0.046210 
0.000000 0.963557 0.462022 
0.046058 0.006664 0.491768 
0.967665 0.010052 0.010052 0.012231 
0.250000 0.250000 0.250000 0.250000 
   2
0.582644 0.007251 0.046210 
0.371298 0.986085 0.462022 
0.045736 0.006669 0.491768 
0.010066 0.010066 0.010066 0.969802 
0.250000 0.250000 0.250000 0.250000 
   3
0.585560 0.006393 0.046210 
0.368704 0.986937 0.462022 
0.045736 0.006669 0.491768 
0.010066 0.969802 0.010066 0.010066 
0.250000 0.250000 0.250000 0.250000 
   4
0.560836 0.006393 0.046210 
0.393428 0.986937 0.462022 
0.046895 0.006649 0.491768 
0.967778 0.012188 0.010017 0.010017 
0.250000 0.250000 0.250000 0.250000 
   5
0.575054 0.008931 0.046210 
0.378051 0.984420 0.462022 
0.045919 0.006666 0.491768 
0.010058 0.010058 0.969826 0.010058 
0.250000 0.250000 0.250000 0.250000 
   6
0.567098 0.006390 0.046210 
0.386983 0.986944 0.462022 
0.046704 0.006652 0.491768 
0.955392 0.024559 0.010025 0.010025 
0.250000 0.250000 0.250000 0.250000 
   7
0.567933 0.006377 0.046210 
0.385363 0.986971 0.462022 
0.047121 0.006645 0.491768 
0.010008 0.010008 0.011997 0.967988 
0.250000 0.250000 0.250000 0.250000 
   8
0.573007 0.006370 0.046210 
0.379872 0.986985 0.462022 
0.047121 0.006645 0.491768 
0.010008 0.010008 0.010008 0.969977 
0.250000 0.250000 0.250000 0.250000 
   9
0.573007 0.006370 0.046210 
0.379872 0.986985 0.462022 
0.047121 0.006645 0.491768 
0.034257 0.945728 0.010008 0.010008 
0.250000 0.250000 0.250000 0.250000 
  10
0.573007 0.006370 0.046210 
0.379872 0.986985 0.462022 
0.047121 0.006645 0.491768 
0.010008 0.969977 0.010008 0.010008 
0.250000 0.250000 0.250000 0.250000 
  11
0.573007 0.006370 0.046210 
0.379872 0.986985 0.462022 
0.047121 0.006645 0.491768 
0.010008 0.010008 0.969977 0.010008 
0.250000 0.250000 0.250000 0.250000 
  12
0.561694 0.006370 0.046210 
0.391185 0.986985 0.462022 
0.047660 0.006636 0.491768 
0.013245 0.009986 0.529149 0.447620 
0.250000 0.250000 0.250000 0.250000 
  13
0.544463 0.006361 0.046210 
0.407876 0.987002 0.462022 
0.048815 0.006618 0.491768 
0.968021 0.009941 0.012097 0.009941 
0.250000 0.250000 0.250000 0.250000 
  14
0.557656 0.006344 0.046210 
0.393529 0.987039 0.462022 
0.048815 0.006618 0.491768 
0.970176 0.009941 0.009941 0.009941 
0.250000 0.250000 0.250000 0.250000 
  15
0.557656 0.006344 0.046210 
0.393529 0.987039 0.462022 
0.048815 0.006618 0.491768 
0.966064 0.014053 0.009941 0.009941 
0.250000 0.250000 0.250000 0.250000 
  16
0.557656 0.006344 0.046210 
0.393529 0.987039 0.462022 
0.048815 0.006618 0.491768 
0.970176 0.009941 0.009941 0.009941 
0.250000 0.250000 0.250000 0.250000 
  17
0.557656 0.006344 0.046210 
0.393529 0.987039 0.462022 
0.048815 0.006618 0.491768 
0.009941 0.009941 0.009941 0.970176 
0.250000 0.250000 0.250000 0.250000 
  18
0.557656 0.006344 0.046210 
0.393529 0.987039 0.462022 
0.048815 0.006618 0.491768 
0.009941 0.009941 0.012060 0.968057 
0.250000 0.250000 0.250000 0.250000 
  19
0.557656 0.006344 0.046210 
0.393529 0.987039 0.462022 
0.048815 0.006618 0.491768 
0.009941 0.970176 0.009941 0.009941 
0.250000 0.250000 0.250000 0.250000 
  20
0.557656 0.006344 0.046210 
0.393529 0.987039 0.462022 
0.048815 0.006618 0.491768 
0.970176 0.009941 0.009941 0.009941 
0.250000 0.250000 0.250000 0.250000 
  21
0.541348 0.006344 0.046210 
0.409837 0.987039 0.462022 
0.049624 0.006605 0.491768 
0.968681 0.009912 0.009912 0.011496 
0.250000 0.250000 0.250000 0.250000 
  22
0.541804 0.006332 0.046210 
0.408572 0.987063 0.462022 
0.050051 0.006599 0.491768 
0.009896 0.009896 0.028795 0.951413 
0.250000 0.250000 0.250000 0.250000 
  23
0.546459 0.006326 0.046210 
0.403490 0.987075 0.462022 
0.050051 0.006599 0.491768 
0.009896 0.009896 0.009896 0.970311 
0.250000 0.250000 0.250000 0.250000 
  24
0.536469 0.006326 0.046210 
0.413480 0.987075 0.462022 
0.050556 0.006592 0.491768 
0.027436 0.952807 0.009879 0.009879 
0.250000 0.250000 0.250000 0.250000 
  25
0.541882 0.006318 0.046210 
0.407562 0.987090 0.462022 
0.050556 0.006592 0.491768 
0.009879 0.009879 0.024201 0.956041 
0.250000 0.250000 0.250000 0.250000 
  26
0.515148 0.006318 0.046210 
0.434297 0.987090 0.462022 
0.051945 0.006572 0.491768 
0.009832 0.009832 0.009832 0.970503 
0.250000 0.250000 0.250000 0.250000 
  27
0.529298 0.006300 0.046210 
0.418757 0.987128 0.462022 
0.051945 0.006572 0.491768 
0.897830 0.082505 0.009832 0.009832 
0.250000 0.250000 0.250000 0.250000 
  28
0.529298 0.006300 0.046210 
0.418757 0.987128 0.462022 
0.051945 0.006572 0.491768 
0.970503 0.009832 0.009832 0.009832 
0.250000 0.250000 0.250000 0.250000 
  29
0.529298 0.006300 0.046210 
0.418757 0.987128 0.462022 
0.051945 0.006572 0.491768 
0.970503 0.009832 0.009832 0.009832 
0.250000 0.250000 0.250000 0.250000 
  30
0.529298 0.006300 0.046210 
0.418757 0.987128 0.462022 
0.051945 0.006572 0.491768 
0.951610 0.028725 0.009832 0.009832 
0.250000 0.250000 0.250000 0.250000 
  31
0.520675 0.006300 0.046210 
0.427381 0.987128 0.462022 
0.052396 0.006566 0.491768 
0.009818 0.009818 0.970546 0.009818 
0.250000 0.250000 0.250000 0.250000 
  32
0.525204 0.006294 0.046210 
0.422400 0.987140 0.462022 
0.052396 0.006566 0.491768 
0.970546 0.009818 0.009818 0.009818 
0.250000 0.250000 0.250000 0.250000 
  33
0.516642 0.006294 0.046210 
0.430961 0.987140 0.462022 
0.052849 0.006560 0.491768 
0.940978 0.039414 0.009804 0.009804 
0.250000 0.250000 0.250000 0.250000 
  34
0.521104 0.006288 0.046210 
0.426047 0.987152 0.462022 
0.052849 0.006560 0.491768 
0.009804 0.009804 0.970589 0.009804 
0.250000 0.250000 0.250000 0.250000 
  35
0.460365 0.006288 0.046210 
0.486786 0.987152 0.462022 
0.056266 0.006518 0.491768 
0.009705 0.009705 0.009705 0.970885 
0.250000 0.250000 0.250000 0.250000 
  36
0.490135 0.006248 0.046210 
0.453598 0.987233 0.462022 
0.056266 0.006518 0.491768 
0.017994 0.960705 0.009705 0.011596 
0.250000 0.250000 0.250000 0.250000 
  37
0.490135 0.006248 0.046210 
0.453598 0.987233 0.462022 
0.056266 0.006518 0.491768 
0.009705 0.009705 0.462234 0.518356 
0.250000 0.250000 0.250000 0.250000 
  38
0.490135 0.006248 0.046210 
0.453598 0.987233 0.462022 
0.056266 0.006518 0.491768 
0.009705 0.009705 0.009705 0.970885 
0.250000 0.250000 0.250000 0.250000 
  39
0.490135 0.006248 0.046210 
0.453598 0.987233 0.462022 
0.056266 0.006518 0.491768 
0.970885 0.009705 0.009705 0.009705 
0.250000 0.250000 0.250000 0.250000 
  40
0.490135 0.006248 0.046210 
0.453598 0.987233 0.462022 
0.056266 0.006518 0.491768 
0.970885 0.009705 0.009705 0.009705 
0.250000 0.250000 0.250000 0.250000 
  41
0.490135 0.006248 0.046210 
0.453598 0.987233 0.462022 
0.056266 0.006518 0.491768 
0.018974 0.961616 0.009705 0.009705 
0.250000 0.250000 0.250000 0.250000 
  42
0.490135 0.006248 0.046210 
0.453598 0.987233 0.462022 
0.056266 0.006518 0.491768 
0.021726 0.958864 0.009705 0.009705 
0.250000 0.250000 0.250000 0.250000 
  43
0.490135 0.006248 0.046210 
0.453598 0.987233 0.462022 
0.056266 0.006518 0.491768 
0.009705 0.970885 0.009705 0.009705 
0.250000 0.250000 0.250000 0.250000 
  44
0.490135 0.006248 0.046210 
0.453598 0.987233 0.462022 
0.056266 0.006518 0.491768 
0.970885 0.009705 0.009705 0.009705 
0.250000 0.250000 0.250000 0.250000 
  45
0.490135 0.006248 0.046210 
0.453598 0.987233 0.462022 
0.056266 0.006518 0.491768 
0.009705 0.009705 0.970885 0.009705 
0.250000 0.250000 0.250000 0.250000 
  46
0.490135 0.006248 0.046210 
0.453598 0.987233 0.462022 
0.056266 0.006518 0.491768 
0.970885 0.009705 0.009705 0.009705 
0.250000 0.250000 0.250000 0.250000 
  47
0.490135 0.006248 0.046210 
0.453598 0.987233 0.462022 
0.056266 0.006518 0.491768 
0.965390 0.015200 0.009705 0.009705 
0.250000 0.250000 0.250000 0.250000 
  48
0.490135 0.006248 0.046210 
0.453598 0.987233 0.462022 
0.056266 0.006518 0.491768 
0.009705 0.009705 0.020827 0.959763 
0.250000 0.250000 0.250000 0.250000 
  49
0.490135 0.006248 0.046210 
0.453598 0.987233 0.462022 
0.056266 0.006518 0.491768 
0.009705 0.970885 0.009705 0.009705 
0.250000 0.250000 0.250000 0.250000 
  50
0.490135 0.006248 0.046210 
0.453598 0.987233 0.462022 
0.056266 0.006518 0.491768 
0.970842 0.009719 0.009719 0.009719 
0.250000 0.250000 0.250000 0.250000 
  51
0.490135 0.006248 0.046210 
0.453598 0.987233 0.462022 
0.056266 0.006518 0.491768 
0.960715 0.018291 0.011289 0.009705 
0.250000 0.250000 0.250000 0.250000 
  52
0.490135 0.006248 0.046210 
0.453598 0.987233 0.462022 
0.056266 0.006518 0.491768 
0.009705 0.970885 0.009705 0.009705 
0.250000 0.250000 0.250000 0.250000 
  53
0.490135 0.006248 0.046210 
0.453598 0.987233 0.462022 
0.056266 0.006518 0.491768 
0.009705 0.009705 0.970885 0.009705 
0.250000 0.250000 0.250000 0.250000 
  54
0.490135 0.006248 0.046210 
0.453598 0.987233 0.462022 
0.056266 0.006518 0.491768 
0.009705 0.009705 0.913614 0.066976 
0.250000 0.250000 0.250000 0.250000 
  55
0.490135 0.006248 0.046210 
0.453598 0.987233 0.462022 
0.056266 0.006518 0.491768 
0.970885 0.009705 0.009705 0.009705 
0.250000 0.250000 0.250000 0.250000 
  56
0.490135 0.006248 0.046210 
0.453598 0.987233 0.462022 
0.056266 0.006518 0.491768 
0.970885 0.009705 0.009705 0.009705 
0.250000 0.250000 0.250000 0.250000 
  57
0.490135 0.006248 0.046210 
0.453598 0.987233 0.462022 
0.056266 0.006518 0.491768 
0.970885 0.009705 0.009705 0.009705 
0.250000 0.250000 0.250000 0.250000 
  58
0.490135 0.006248 0.046210 
0.453598 0.987233 0.462022 
0.056266 0.006518 0.491768 
0.966419 0.014171 0.009705 0.009705 
0.250000 0.250000 0.250000 0.250000 
  59
0.490135 0.006248 0.046210 
0.453598 0.987233 0.462022 
0.056266 0.006518 0.491768 
0.009705 0.009705 0.970885 0.009705 
0.250000 0.250000 0.250000 0.250000 
  60
0.490135 0.006248 0.046210 
0.453598 0.987233 0.462022 
0.056266 0.006518 0.491768 
0.892178 0.088412 0.009705 0.009705 
0.250000 0.250000 0.250000 0.250000 
  61
0.490135 0.006248 0.046210 
0.453598 0.987233 0.462022 
0.056266 0.006518 0.491768 
0.011224 0.969366 0.009705 0.009705 
0.250000 0.250000 0.250000 0.250000 
  62
0.490135 0.006248 0.046210 
0.453598 0.987233 0.462022 
0.056266 0.006518 0.491768 
0.009705 0.009705 0.009705 0.970885 
0.250000 0.250000 0.250000 0.250000 
  63
0.490135 0.006248 0.046210 
0.453598 0.987233 0.462022 
0.056266 0.006518 0.491768 
0.408693 0.046799 0.009705 0.534803 
0.250000 0.250000 0.250000 0.250000 
  64
0.490135 0.006248 0.046210 
0.453598 0.987233 0.462022 
0.056266 0.006518 0.491768 
0.009705 0.009705 0.239884 0.740706 
0.250000 0.250000 0.250000 0.250000 
  65
0.490135 0.006248 0.046210 
0.453598 0.987233 0.462022 
0.056266 0.006518 0.491768 
0.009705 0.009705 0.009705 0.970885 
0.250000 0.250000 0.250000 0.250000 
  66
0.490135 0.006248 0.046210 
0.453598 0.987233 0.462022 
0.056266 0.006518 0.491768 
0.015630 0.964960 0.009705 0.009705 
0.250000 0.250000 0.250000 0.250000 
  67
0.490135 0.006248 0.046210 
0.453598 0.987233 0.462022 
0.056266 0.006518 0.491768 
0.970885 0.009705 0.009705 0.009705 
0.250000 0.250000 0.250000 0.250000 
  68
0.490135 0.006248 0.046210 
0.453598 0.987233 0.462022 
0.056266 0.006518 0.491768 
0.951181 0.029409 0.009705 0.009705 
0.250000 0.250000 0.250000 0.250000 
  69
0.490135 0.006248 0.046210 
0.453598 0.987233 0.462022 
0.056266 0.006518 0.491768 
0.462219 0.518371 0.009705 0.009705 
0.250000 0.250000 0.250000 0.250000 
  70
0.490135 0.006248 0.046210 
0.453598 0.987233 0.462022 
0.056266 0.006518 0.491768 
0.009705 0.009705 0.970885 0.009705 
0.250000 0.250000 0.250000 0.250000 
  71
0.490135 0.006248 0.046210 
0.453598 0.987233 0.462022 
0.056266 0.006518 0.491768 
0.970885 0.009705 0.009705 0.009705 
0.250000 0.250000 0.250000 0.250000 
  72
0.490135 0.006248 0.046210 
0.453598 0.987233 0.462022 
0.056266 0.006518 0.491768 
0.953627 0.026963 0.009705 0.009705 
0.250000 0.250000 0.250000 0.250000 
  73
0.490135 0.006248 0.046210 
0.453598 0.987233 0.462022 
0.056266 0.006518 0.491768 
0.970885 0.009705 0.009705 0.009705 
0.250000 0.250000 0.250000 0.250000 
  74
0.490135 0.006248 0.046210 
0.453598 0.987233 0.462022 
0.056266 0.006518 0.491768 
0.009705 0.009705 0.970885 0.009705 
0.250000 0.250000 0.250000 0.250000 
  75
0.481144 0.006248 0.046210 
0.462590 0.987233 0.462022 
0.056777 0.006513 0.491768 
0.969133 0.009691 0.009691 0.011484 
0.250000 0.250000 0.250000 0.250000 
  76
0.485509 0.006243 0.046210 
0.457714 0.987244 0.462022 
0.056777 0.006513 0.491768 
0.970926 0.009691 0.009691 0.009691 
0.250000 0.250000 0.250000 0.250000 
  77
0.485509 0.006243 0.046210 
0.457714 0.987244 0.462022 
0.056777 0.006513 0.491768 
0.009691 0.009691 0.968226 0.012391 
0.250000 0.250000 0.250000 0.250000 
  78
0.485509 0.006243 0.046210 
0.457714 0.987244 0.462022 
0.056777 0.006513 0.491768 
0.402731 0.577853 0.009708 0.009708 
0.250000 0.250000 0.250000 0.250000 
  79
0.485509 0.006243 0.046210 
0.457714 0.987244 0.462022 
0.056777 0.006513 0.491768 
0.011580 0.969037 0.009691 0.009691 
0.250000 0.250000 0.250000 0.250000 
  80
0.485509 0.006243 0.046210 
0.457714 0.987244 0.462022 
0.056777 0.006513 0.491768 
0.009691 0.009691 0.009691 0.970926 
0.250000 0.250000 0.250000 0.250000 
  81
0.485509 0.006243 0.046210 
0.457714 0.987244 0.462022 
0.056777 0.006513 0.491768 
0.969078 0.011540 0.009691 0.009691 
0.250000 0.250000 0.250000 0.250000 
  82
0.485509 0.006243 0.046210 
0.457714 0.987244 0.462022 
0.056777 0.006513 0.491768 
0.009691 0.970926 0.009691 0.009691 
0.250000 0.250000 0.250000 0.250000 
  83
0.485509 0.006243 0.046210 
0.457714 0.987244 0.462022 
0.056777 0.006513 0.491768 
0.970926 0.009691 0.009691 0.009691 
0.250000 0.250000 0.250000 0.250000 
  84
0.485509 0.006243 0.046210 
0.457714 0.987244 0.462022 
0.056777 0.006513 0.491768 
0.009691 0.009691 0.655484 0.325133 
0.250000 0.250000 0.250000 0.250000 
  85
0.485509 0.006243 0.046210 
0.457714 0.987244 0.462022 
0.056777 0.006513 0.491768 
0.009691 0.009691 0.970926 0.009691 
0.250000 0.250000 0.250000 0.250000 
  86
0.485509 0.006243 0.046210 
0.457714 0.987244 0.462022 
0.056777 0.006513 0.491768 
0.970926 0.009691 0.009691 0.009691 
0.250000 0.250000 0.250000 0.250000 
  87
0.485509 0.006243 0.046210 
0.457714 0.987244 0.462022 
0.056777 0.006513 0.491768 
0.967570 0.013047 0.009691 0.009691 
0.250000 0.250000 0.250000 0.250000 
  88
0.485509 0.006243 0.046210 
0.457714 0.987244 0.462022 
0.056777 0.006513 0.491768 
0.009691 0.009691 0.009691 0.970926 
0.250000 0.250000 0.250000 0.250000 
  89
0.485509 0.006243 0.046210 
0.457714 0.987244 0.462022 
0.056777 0.006513 0.491768 
0.970926 0.009691 0.009691 0.009691 
0.250000 0.250000 0.250000 0.250000 
  90
0.485509 0.006243 0.046210 
0.457714 0.987244 0.462022 
0.056777 0.006513 0.491768 
0.009691 0.009691 0.042067 0.938550 
0.250000 0.250000 0.250000 0.250000 
  91
0.485509 0.006243 0.046210 
0.457714 0.987244 0.462022 
0.056777 0.006513 0.491768 
0.970926 0.009691 0.009691 0.009691 
0.250000 0.250000 0.250000 0.250000 
  92
0.485509 0.006243 0.046210 
0.457714 0.987244 0.462022 
0.056777 0.006513 0.491768 
0.970926 0.009691 0.009691 0.009691 
0.250000 0.250000 0.250000 0.250000 
  93
0.485509 0.006243 0.046210 
0.457714 0.987244 0.462022 
0.056777 0.006513 0.491768 
0.009691 0.009691 0.970926 0.009691 
0.250000 0.250000 0.250000 0.250000 
  94
0.485509 0.006243 0.046210 
0.457714 0.987244 0.462022 
0.056777 0.006513 0.491768 
0.970926 0.009691 0.009691 0.009691 
0.250000 0.250000 0.250000 0.250000 
  95
0.485509 0.006243 0.046210 
0.457714 0.987244 0.462022 
0.056777 0.006513 0.491768 
0.009691 0.009691 0.009691 0.970926 
0.250000 0.250000 0.250000 0.250000 
  96
0.485509 0.006243 0.046210 
0.457714 0.987244 0.462022 
0.056777 0.006513 0.491768 
0.970926 0.009691 0.009691 0.009691 
0.250000 0.250000 0.250000 0.250000 
  97
0.485509 0.006243 0.046210 
0.457714 0.987244 0.462022 
0.056777 0.006513 0.491768 
0.970926 0.009691 0.009691 0.009691 
0.250000 0.250000 0.250000 0.250000 
  98
0.485509 0.006243 0.046210 
0.457714 0.987244 0.462022 
0.056777 0.006513 0.491768 
0.009691 0.009691 0.009691 0.970926 
0.250000 0.250000 0.250000 0.250000 
  99
0.485509 0.006243 0.046210 
0.457714 0.987244 0.462022 
0.056777 0.006513 0.491768 
0.970926 0.009691 0.009691 0.009691 
0.250000 0.250000 0.250000 0.250000 
 100
0.485509 0.006243 0.046210 
0.457714 0.987244 0.462022 
0.056777 0.006513 0.491768 
0.970926 0.009691 0.009691 0.009691 
0.250000 0.250000 0.250000 0.250000 
 101
0.485509 0.006243 0.046210 
0.457714 0.987244 0.462022 
0.056777 0.006513 0.491768 
0.009691 0.970926 0.009691 0.009691 
0.250000 0.250000 0.250000 0.250000 
 102
0.485509 0.006243 0.046210 
0.457714 0.987244 0.462022 
0.056777 0.006513 0.491768 
0.968897 0.011720 0.009691 0.009691 
0.250000 0.250000 0.250000 0.250000 
 103
0.485509 0.006243 0.046210 
0.457714 0.987244 0.462022 
0.056777 0.006513 0.491768 
0.970926 0.009691 0.009691 0.009691 
0.250000 0.250000 0.250000 0.250000 
 104
0.485509 0.006243 0.046210 
0.457714 0.987244 0.462022 
0.056777 0.006513 0.491768 
0.970926 0.009691 0.009691 0.009691 
0.250000 0.250000 0.250000 0.250000 
 105
0.485509 0.006243 0.046210 
0.457714 0.987244 0.462022 
0.056777 0.006513 0.491768 
0.967501 0.013117 0.009691 0.009691 
0.250000 0.250000 0.250000 0.250000 
 106
0.485509 0.006243 0.046210 
0.457714 0.987244 0.462022 
0.056777 0.006513 0.491768 
0.009691 0.009691 0.009691 0.970926 
0.250000 0.250000 0.250000 0.250000 
 107
0.485509 0.006243 0.046210 
0.457714 0.987244 0.462022 
0.056777 0.006513 0.491768 
0.009691 0.009691 0.009691 0.970926 
0.250000 0.250000 0.250000 0.250000 
 108
0.485509 0.006243 0.046210 
0.457714 0.987244 0.462022 
0.056777 0.006513 0.491768 
0.009691 0.009691 0.969212 0.011405 
0.250000 0.250000 0.250000 0.250000 
 109
0.485509 0.006243 0.046210 
0.457714 0.987244 0.462022 
0.056777 0.006513 0.491768 
0.970926 0.009691 0.009691 0.009691 
0.250000 0.250000 0.250000 0.250000 
 110
0.485509 0.006243 0.046210 
0.457714 0.987244 0.462022 
0.056777 0.006513 0.491768 
0.970926 0.009691 0.009691 0.009691 
0.250000 0.250000 0.250000 0.250000 
 111
0.485509 0.006243 0.046210 
0.457714 0.987244 0.462022 
0.056777 0.006513 0.491768 
0.009691 0.009691 0.016300 0.964317 
0.250000 0.250000 0.250000 0.250000 
 112
0.485509 0.006243 0.046210 
0.457714 0.987244 0.462022 
0.056777 0.006513 0.491768 
0.970926 0.009691 0.009691 0.009691 
0.250000 0.250000 0.250000 0.250000 
 113
0.485509 0.006243 0.046210 
0.457714 0.987244 0.462022 
0.056777 0.006513 0.491768 
0.009691 0.009691 0.970926 0.009691 
0.250000 0.250000 0.250000 0.250000 
 114
0.485509 0.006243 0.046210 
0.457714 0.987244 0.462022 
0.056777 0.006513 0.491768 
0.970926 0.009691 0.009691 0.009691 
0.250000 0.250000 0.250000 0.250000 
 115
0.485509 0.006243 0.046210 
0.457714 0.987244 0.462022 
0.056777 0.006513 0.491768 
0.009691 0.009691 0.009691 0.970926 
0.250000 0.250000 0.250000 0.250000 
 116
0.485509 0.006243 0.046210 
0.457714 0.987244 0.462022 
0.056777 0.006513 0.491768 
0.009691 0.009691 0.970926 0.009691 
0.250000 0.250000 0.250000 0.250000 
 117
0.485509 0.006243 0.046210 
0.457714 0.987244 0.462022 
0.056777 0.006513 0.491768 
0.970926 0.009691 0.009691 0.009691 
0.250000 0.250000 0.250000 0.250000 
 118
0.485509 0.006243 0.046210 
0.457714 0.987244 0.462022 
0.056777 0.006513 0.491768 
0.969174 0.009691 0.011444 0.009691 
0.250000 0.250000 0.250000 0.250000 
 119
0.485509 0.006243 0.046210 
0.457714 0.987244 0.462022 
0.056777 0.006513 0.491768 
0.009691 0.970926 0.009691 0.009691 
0.250000 0.250000 0.250000 0.250000 
 120
0.485509 0.006243 0.046210 
0.457714 0.987244 0.462022 
0.056777 0.006513 0.491768 
0.517193 0.463424 0.009691 0.009691 
0.250000 0.250000 0.250000 0.250000 
 121
0.485509 0.006243 0.046210 
0.457714 0.987244 0.462022 
0.056777 0.006513 0.491768 
0.969281 0.011336 0.009691 0.009691 
0.250000 0.250000 0.250000 0.250000 
 122
0.485509 0.006243 0.046210 
0.457714 0.987244 0.462022 
0.056777 0.006513 0.491768 
0.009691 0.009691 0.009691 0.970926 
0.250000 0.250000 0.250000 0.250000 
 123
0.485509 0.006243 0.046210 
0.457714 0.987244 0.462022 
0.056777 0.006513 0.491768 
0.009691 0.009691 0.009691 0.970926 
0.250000 0.250000 0.250000 0.250000 
 124
0.485509 0.006243 0.046210 
0.457714 0.987244 0.462022 
0.056777 0.006513 0.491768 
0.009691 0.970926 0.009691 0.009691 
0.250000 0.250000 0.250000 0.250000 
 125
0.485509 0.006243 0.046210 
0.457714 0.987244 0.462022 
0.056777 0.006513 0.491768 
0.970926 0.009691 0.009691 0.009691 
0.250000 0.250000 0.250000 0.250000 
 126
0.485509 0.006243 0.046210 
0.457714 0.987244 0.462022 
0.056777 0.006513 0.491768 
0.963602 0.017015 0.009691 0.009691 
0.250000 0.250000 0.250000 0.250000 
 127
0.485509 0.006243 0.046210 
0.457714 0.987244 0.462022 
0.056777 0.006513 0.491768 
0.970926 0.009691 0.009691 0.009691 
0.250000 0.250000 0.250000 0.250000 
 128
0.485509 0.006243 0.046210 
0.457714 0.987244 0.462022 
0.056777 0.006513 0.491768 
0.970926 0.009691 0.009691 0.009691 
0.250000 0.250000 0.250000 0.250000 
 129
0.485509 0.006243 0.046210 
0.457714 0.987244 0.462022 
0.056777 0.006513 0.491768 
0.013219 0.967398 0.009691 0.009691 
0.250000 0.250000 0.250000 0.250000 
 130
0.485509 0.006243 0.046210 
0.457714 0.987244 0.462022 
0.056777 0.006513 0.491768 
0.970926 0.009691 0.009691 0.009691 
0.250000 0.250000 0.250000 0.250000 
 131
0.485509 0.006243 0.046210 
0.457714 0.987244 0.462022 
0.056777 0.006513 0.491768 
0.970926 0.009691 0.009691 0.009691 
0.250000 0.250000 0.250000 0.250000 
 132
0.485509 0.006243 0.046210 
0.457714 0.987244 0.462022 
0.056777 0.006513 0.491768 
0.009691 0.009691 0.493219 0.487398 
0.250000 0.250000 0.250000 0.250000 
 133
0.485509 0.006243 0.046210 
0.457714 0.987244 0.462022 
0.056777 0.006513 0.491768 
0.009691 0.009691 0.970926 0.009691 
0.250000 0.250000 0.250000 0.250000 
 134
0.485509 0.006243 0.046210 
0.457714 0.987244 0.462022 
0.056777 0.006513 0.491768 
0.009691 0.009691 0.970926 0.009691 
0.250000 0.250000 0.250000 0.250000 
 135
0.485509 0.006243 0.046210 
0.457714 0.987244 0.462022 
0.056777 0.006513 0.491768 
0.009691 0.009691 0.011373 0.969244 
0.250000 0.250000 0.250000 0.250000 
 136
0.485509 0.006243 0.046210 
0.457714 0.987244 0.462022 
0.056777 0.006513 0.491768 
0.009691 0.009691 0.009691 0.970926 
0.250000 0.250000 0.250000 0.250000 
 137
0.485509 0.006243 0.046210 
0.457714 0.987244 0.462022 
0.056777 0.006513 0.491768 
0.009691 0.009691 0.970926 0.009691 
0.250000 0.250000 0.250000 0.250000 
 138
0.485509 0.006243 0.046210 
0.457714 0.987244 0.462022 
0.056777 0.006513 0.491768 
0.969360 0.011258 0.009691 0.009691 
0.250000 0.250000 0.250000 0.250000 
 139
0.485509 0.006243 0.046210 
0.457714 0.987244 0.462022 
0.056777 0.006513 0.491768 
0.009691 0.009691 0.523960 0.456657 
0.250000 0.250000 0.250000 0.250000 
 140
0.485509 0.006243 0.046210 
0.457714 0.987244 0.462022 
0.056777 0.006513 0.491768 
0.009691 0.009691 0.009691 0.970926 
0.250000 0.250000 0.250000 0.250000 
 141
0.485509 0.006243 0.046210 
0.457714 0.987244 0.462022 
0.056777 0.006513 0.491768 
0.961584 0.019033 0.009691 0.009691 
0.250000 0.250000 0.250000 0.250000 
 142
0.485509 0.006243 0.046210 
0.457714 0.987244 0.462022 
0.056777 0.006513 0.491768 
0.969356 0.009691 0.011261 0.009691 
0.250000 0.250000 0.250000 0.250000 
 143
0.485509 0.006243 0.046210 
0.457714 0.987244 0.462022 
0.056777 0.006513 0.491768 
0.009691 0.970926 0.009691 0.009691 
0.250000 0.250000 0.250000 0.250000 
 144
0.485509 0.006243 0.046210 
0.457714 0.987244 0.462022 
0.056777 0.006513 0.491768 
0.039572 0.941045 0.009691 0.009691 
0.250000 0.250000 0.250000 0.250000 
 145
0.485509 0.006243 0.046210 
0.457714 0.987244 0.462022 
0.056777 0.006513 0.491768 
0.970926 0.009691 0.009691 0.009691 
0.250000 0.250000 0.250000 0.250000 
 146
0.485509 0.006243 0.046210 
0.457714 0.987244 0.462022 
0.056777 0.006513 0.491768 
0.009691 0.009691 0.009691 0.970926 
0.250000 0.250000 0.250000 0.250000 
 147
0.485509 0.006243 0.046210 
0.457714 0.987244 0.462022 
0.056777 0.006513 0.491768 
0.009691 0.970926 0.009691 0.009691 
0.250000 0.250000 0.250000 0.250000 
 148
0.485509 0.006243 0.046210 
0.457714 0.987244 0.462022 
0.056777 0.006513 0.491768 
0.970926 0.009691 0.009691 0.009691 
0.250000 0.250000 0.250000 0.250000 
 149
0.485509 0.006243 0.046210 
0.457714 0.987244 0.462022 
0.056777 0.006513 0.491768 
0.970926 0.009691 0.009691 0.009691 
0.250000 0.250000 0.250000 0.250000 
 150
0.485509 0.006243 0.046210 
0.457714 0.987244 0.462022 
0.056777 0.006513 0.491768 
0.137672 0.842945 0.009691 0.009691 
0.250000 0.250000 0.250000 0.250000 
 151
0.485509 0.006243 0.046210 
0.457714 0.987244 0.462022 
0.056777 0.006513 0.491768 
0.009691 0.009691 0.009691 0.970926 
0.250000 0.250000 0.250000 0.250000 
 152
0.485509 0.006243 0.046210 
0.457714 0.987244 0.462022 
0.056777 0.006513 0.491768 
0.009691 0.970926 0.009691 0.009691 
0.250000 0.250000 0.250000 0.250000 
 153
0.485509 0.006243 0.046210 
0.457714 0.987244 0.462022 
0.056777 0.006513 0.491768 
0.009691 0.970926 0.009691 0.009691 
0.250000 0.250000 0.250000 0.250000 
 154
0.485509 0.006243 0.046210 
0.457714 0.987244 0.462022 
0.056777 0.006513 0.491768 
0.009691 0.970926 0.009691 0.009691 
0.250000 0.250000 0.250000 0.250000 
 155
0.485509 0.006243 0.046210 
0.457714 0.987244 0.462022 
0.056777 0.006513 0.491768 
0.009691 0.009691 0.970926 0.009691 
0.250000 0.250000 0.250000 0.250000 
 156
0.485509 0.006243 0.046210 
0.457714 0.987244 0.462022 
0.056777 0.006513 0.491768 
0.221092 0.220506 0.548710 0.009691 
0.250000 0.250000 0.250000 0.250000 
 157
0.485509 0.006243 0.046210 
0.457714 0.987244 0.462022 
0.056777 0.006513 0.491768 
0.970926 0.009691 0.009691 0.009691 
0.250000 0.250000 0.250000 0.250000 
 158
0.485509 0.006243 0.046210 
0.457714 0.987244 0.462022 
0.056777 0.006513 0.491768 
0.009691 0.009691 0.009691 0.970926 
0.250000 0.250000 0.250000 0.250000 
 159
0.485509 0.006243 0.046210 
0.457714 0.987244 0.462022 
0.056777 0.006513 0.491768 
0.009691 0.970926 0.009691 0.009691 
0.250000 0.250000 0.250000 0.250000 
 160
0.485509 0.006243 0.046210 
0.457714 0.987244 0.462022 
0.056777 0.006513 0.491768 
0.009691 0.009691 0.009691 0.970926 
0.250000 0.250000 0.250000 0.250000 
 161
0.485509 0.006243 0.046210 
0.457714 0.987244 0.462022 
0.056777 0.006513 0.491768 
0.009691 0.970926 0.009691 0.009691 
0.250000 0.250000 0.250000 0.250000 
 162
0.485509 0.006243 0.046210 
0.457714 0.987244 0.462022 
0.056777 0.006513 0.491768 
0.009691 0.009691 0.061218 0.919399 
0.250000 0.250000 0.250000 0.250000 
 163
0.485509 0.006243 0.046210 
0.457714 0.987244 0.462022 
0.056777 0.006513 0.491768 
0.009691 0.009691 0.009691 0.970926 
0.250000 0.250000 0.250000 0.250000 
 164
0.485509 0.006243 0.046210 
0.457714 0.987244 0.462022 
0.056777 0.006513 0.491768 
0.012391 0.009691 0.968226 0.009691 
0.250000 0.250000 0.250000 0.250000 
 165
0.485509 0.006243 0.046210 
0.457714 0.987244 0.462022 
0.056777 0.006513 0.491768 
0.009691 0.009691 0.115322 0.865296 
0.250000 0.250000 0.250000 0.250000 
 166
0.485509 0.006243 0.046210 
0.457714 0.987244 0.462022 
0.056777 0.006513 0.491768 
0.970926 0.009691 0.009691 0.009691 
0.250000 0.250000 0.250000 0.250000 
 167
0.485509 0.006243 0.046210 
0.457714 0.987244 0.462022 
0.056777 0.006513 0.491768 
0.969239 0.011379 0.009691 0.009691 
0.250000 0.250000 0.250000 0.250000 
 168
0.485509 0.006243 0.046210 
0.457714 0.987244 0.462022 
0.056777 0.006513 0.491768 
0.009691 0.011251 0.064098 0.914959 
0.250000 0.250000 0.250000 0.250000 
 169
0.485509 0.006243 0.046210 
0.457714 0.987244 0.462022 
0.056777 0.006513 0.491768 
0.009691 0.009691 0.009691 0.970926 
0.250000 0.250000 0.250000 0.250000 
 170
0.485509 0.006243 0.046210 
0.457714 0.987244 0.462022 
0.056777 0.006513 0.491768 
0.009691 0.009691 0.009691 0.970926 
0.250000 0.250000 0.250000 0.250000 
 171
0.485509 0.006243 0.046210 
0.457714 0.987244 0.462022 
0.056777 0.006513 0.491768 
0.009691 0.009691 0.028850 0.951767 
0.250000 0.250000 0.250000 0.250000 
 172
0.485509 0.006243 0.046210 
0.457714 0.987244 0.462022 
0.056777 0.006513 0.491768 
0.009691 0.009691 0.970926 0.009691 
0.250000 0.250000 0.250000 0.250000 
 173
0.485509 0.006243 0.046210 
0.457714 0.987244 0.462022 
0.056777 0.006513 0.491768 
0.009691 0.009691 0.970926 0.009691 
0.250000 0.250000 0.250000 0.250000 
 174
0.485509 0.006243 0.046210 
0.457714 0.987244 0.462022 
0.056777 0.006513 0.491768 
0.009691 0.009691 0.940464 0.040153 
0.250000 0.250000 0.250000 0.250000 
 175
0.485509 0.006243 0.046210 
0.457714 0.987244 0.462022 
0.056777 0.006513 0.491768 
0.009691 0.009691 0.011291 0.969326 
0.250000 0.250000 0.250000 0.250000 
 176
0.485509 0.006243 0.046210 
0.457714 0.987244 0.462022 
0.056777 0.006513 0.491768 
0.009691 0.009691 0.009691 0.970926 
0.250000 0.250000 0.250000 0.250000 
 177
0.485509 0.006243 0.046210 
0.457714 0.987244 0.462022 
0.056777 0.006513 0.491768 
0.025357 0.955261 0.009691 0.009691 
0.250000 0.250000 0.250000 0.250000 
 178
0.485509 0.006243 0.046210 
0.457714 0.987244 0.462022 
0.056777 0.006513 0.491768 
0.009691 0.970926 0.009691 0.009691 
0.250000 0.250000 0.250000 0.250000 
 179
0.485509 0.006243 0.046210 
0.457714 0.987244 0.462022 
0.056777 0.006513 0.491768 
0.009691 0.011471 0.969146 0.009691 
0.250000 0.250000 0.250000 0.250000 
 180
0.485509 0.006243 0.046210 
0.457714 0.987244 0.462022 
0.056777 0.006513 0.491768 
0.009691 0.009691 0.013294 0.967323 
0.250000 0.250000 0.250000 0.250000 
 181
0.485509 0.006243 0.046210 
0.457714 0.987244 0.462022 
0.056777 0.006513 0.491768 
0.009691 0.009691 0.601442 0.379175 
0.250000 0.250000 0.250000 0.250000 
 182
0.485509 0.006243 0.046210 
0.457714 0.987244 0.462022 
0.056777 0.006513 0.491768 
0.009691 0.009691 0.009691 0.970926 
0.250000 0.250000 0.250000 0.250000 
 183
0.485509 0.006243 0.046210 
0.457714 0.987244 0.462022 
0.056777 0.006513 0.491768 
0.536467 0.442588 0.011253 0.009691 
0.250000 0.250000 0.250000 0.250000 
 184
0.485509 0.006243 0.046210 
0.457714 0.987244 0.462022 
0.056777 0.006513 0.491768 
0.970926 0.009691 0.009691 0.009691 
0.250000 0.250000 0.250000 0.250000 
 185
0.485509 0.006243 0.046210 
0.457714 0.987244 0.462022 
0.056777 0.006513 0.491768 
0.011308 0.009691 0.967704 0.011296 
0.250000 0.250000 0.250000 0.250000 
 186
0.485509 0.006243 0.046210 
0.457714 0.987244 0.462022 
0.056777 0.006513 0.491768 
0.014830 0.009691 0.962711 0.012768 
0.250000 0.250000 0.250000 0.250000 
 187
0.485509 0.006243 0.046210 
0.457714 0.987244 0.462022 
0.056777 0.006513 0.491768 
0.970926 0.009691 0.009691 0.009691 
0.250000 0.250000 0.250000 0.250000 
 188
0.485509 0.006243 0.046210 
0.457714 0.987244 0.462022 
0.056777 0.006513 0.491768 
0.970926 0.009691 0.009691 0.009691 
0.250000 0.250000 0.250000 0.250000 
 189
0.485509 0.006243 0.046210 
0.457714 0.987244 0.462022 
0.056777 0.006513 0.491768 
0.011299 0.969318 0.009691 0.009691 
0.250000 0.250000 0.250000 0.250000 
 190
0.485509 0.006243 0.046210 
0.457714 0.987244 0.462022 
0.056777 0.006513 0.491768 
0.011650 0.968967 0.009691 0.009691 
0.250000 0.250000 0.250000 0.250000 
 191
0.485509 0.006243 0.046210 
0.457714 0.987244 0.462022 
0.056777 0.006513 0.491768 
0.009691 0.970926 0.009691 0.009691 
0.250000 0.250000 0.250000 0.250000 
 192
0.485509 0.006243 0.046210 
0.457714 0.987244 0.462022 
0.056777 0.006513 0.491768 
0.009691 0.009691 0.501324 0.479293 
0.250000 0.250000 0.250000 0.250000 
 193
0.485509 0.006243 0.046210 
0.457714 0.987244 0.462022 
0.056777 0.006513 0.491768 
0.009691 0.970926 0.009691 0.009691 
0.250000 0.250000 0.250000 0.250000 
 194
0.485509 0.006243 0.046210 
0.457714 0.987244 0.462022 
0.056777 0.006513 0.491768 
0.970926 0.009691 0.009691 0.009691 
0.250000 0.250000 0.250000 0.250000 
 195
0.485509 0.006243 0.046210 
0.457714 0.987244 0.462022 
0.056777 0.006513 0.491768 
0.019320 0.009691 0.513938 0.457050 
0.250000 0.250000 0.250000 0.250000 
 196
0.485509 0.006243 0.046210 
0.457714 0.987244 0.462022 
0.056777 0.006513 0.491768 
0.970926 0.009691 0.009691 0.009691 
0.250000 0.250000 0.250000 0.250000 
 197
0.485509 0.006243 0.046210 
0.457714 0.987244 0.462022 
0.056777 0.006513 0.491768 
0.009691 0.009691 0.011403 0.969215 
0.250000 0.250000 0.250000 0.250000 
 198
0.485509 0.006243 0.046210 
0.457714 0.987244 0.462022 
0.056777 0.006513 0.491768 
0.009691 0.970926 0.009691 0.009691 
0.250000 0.250000 0.250000 0.250000 
 199
0.485509 0.006243 0.046210 
0.457714 0.987244 0.462022 
0.056777 0.006513 0.491768 
0.012991 0.967626 0.009691 0.009691 
0.250000 0.250000 0.250000 0.250000 
 200
0.485509 0.006243 0.046210 
0.457714 0.987244 0.462022 
0.056777 0.006513 0.491768 
0.009691 0.009691 0.970926 0.009691 
0.250000 0.250000 0.250000 0.250000 
 201
0.485509 0.006243 0.046210 
0.457714 0.987244 0.462022 
0.056777 0.006513 0.491768 
0.967939 0.012678 0.009691 0.009691 
0.250000 0.250000 0.250000 0.250000 
 202
0.485509 0.006243 0.046210 
0.457714 0.987244 0.462022 
0.056777 0.006513 0.491768 
0.970926 0.009691 0.009691 0.009691 
0.250000 0.250000 0.250000 0.250000 
 203
0.485509 0.006243 0.046210 
0.457714 0.987244 0.462022 
0.056777 0.006513 0.491768 
0.970926 0.009691 0.009691 0.009691 
0.250000 0.250000 0.250000 0.250000 
 204
0.485509 0.006243 0.046210 
0.457714 0.987244 0.462022 
0.056777 0.006513 0.491768 
0.009691 0.009691 0.694583 0.286034 
0.250000 0.250000 0.250000 0.250000 
 205
0.485509 0.006243 0.046210 
0.457714 0.987244 0.462022 
0.056777 0.006513 0.491768 
0.956875 0.009691 0.023742 0.009691 
0.250000 0.250000 0.250000 0.250000 
 206
0.485509 0.006243 0.046210 
0.457714 0.987244 0.462022 
0.056777 0.006513 0.491768 
0.011293 0.969324 0.009691 0.009691 
0.250000 0.250000 0.250000 0.250000 
 207
0.485509 0.006243 0.046210 
0.457714 0.987244 0.462022 
0.056777 0.006513 0.491768 
0.969108 0.011509 0.009691 0.009691 
0.250000 0.250000 0.250000 0.250000 
 208
0.485509 0.006243 0.046210 
0.457714 0.987244 0.462022 
0.056777 0.006513 0.491768 
0.970926 0.009691 0.009691 0.009691 
0.250000 0.250000 0.250000 0.250000 
 209
0.485509 0.006243 0.046210 
0.457714 0.987244 0.462022 
0.056777 0.006513 0.491768 
0.009691 0.009691 0.009691 0.970926 
0.250000 0.250000 0.250000 0.250000 
 210
0.485509 0.006243 0.046210 
0.457714 0.987244 0.462022 
0.056777 0.006513 0.491768 
0.009691 0.009691 0.963721 0.016896 
0.250000 0.250000 0.250000 0.250000 
 211
0.485509 0.006243 0.046210 
0.457714 0.987244 0.462022 
0.056777 0.006513 0.491768 
0.009691 0.009691 0.970926 0.009691 
0.250000 0.250000 0.250000 0.250000 
 212
0.485509 0.006243 0.046210 
0.457714 0.987244 0.462022 
0.056777 0.006513 0.491768 
0.009691 0.009691 0.970926 0.009691 
0.250000 0.250000 0.250000 0.250000 
 213
0.485509 0.006243 0.046210 
0.457714 0.987244 0.462022 
0.056777 0.006513 0.491768 
0.013011 0.009691 0.967607 0.009691 
0.250000 0.250000 0.250000 0.250000 
 214
0.485509 0.006243 0.046210 
0.457714 0.987244 0.462022 
0.056777 0.006513 0.491768 
0.009691 0.009691 0.019089 0.961528 
0.250000 0.250000 0.250000 0.250000 
 215
0.485509 0.006243 0.046210 
0.457714 0.987244 0.462022 
0.056777 0.006513 0.491768 
0.009691 0.009691 0.009691 0.970926 
0.250000 0.250000 0.250000 0.250000 
 216
0.485509 0.006243 0.046210 
0.457714 0.987244 0.462022 
0.056777 0.006513 0.491768 
0.017822 0.962796 0.009691 0.009691 
0.250000 0.250000 0.250000 0.250000 
 217
0.485509 0.006243 0.046210 
0.457714 0.987244 0.462022 
0.056777 0.006513 0.491768 
0.011336 0.969281 0.009691 0.009691 
0.250000 0.250000 0.250000 0.250000 
 218
0.485509 0.006243 0.046210 
0.457714 0.987244 0.462022 
0.056777 0.006513 0.491768 
0.970926 0.009691 0.009691 0.009691 
0.250000 0.250000 0.250000 0.250000 
 219
0.485509 0.006243 0.046210 
0.457714 0.987244 0.462022 
0.056777 0.006513 0.491768 
0.963196 0.013220 0.013892 0.009691 
0.250000 0.250000 0.250000 0.250000 
 220
0.485509 0.006243 0.046210 
0.457714 0.987244 0.462022 
0.056777 0.006513 0.491768 
0.009691 0.009691 0.016860 0.963757 
0.250000 0.250000 0.250000 0.250000 
 221
0.485509 0.006243 0.046210 
0.457714 0.987244 0.462022 
0.056777 0.006513 0.491768 
0.970926 0.009691 0.009691 0.009691 
0.250000 0.250000 0.250000 0.250000 
 222
0.485509 0.006243 0.046210 
0.457714 0.987244 0.462022 
0.056777 0.006513 0.491768 
0.009691 0.009691 0.956687 0.023930 
0.250000 0.250000 0.250000 0.250000 
 223
0.485509 0.006243 0.046210 
0.457714 0.987244 0.462022 
0.056777 0.006513 0.491768 
0.970926 0.009691 0.009691 0.009691 
0.250000 0.250000 0.250000 0.250000 
 224
0.485509 0.006243 0.046210 
0.457714 0.987244 0.462022 
0.056777 0.006513 0.491768 
0.968226 0.012391 0.009691 0.009691 
0.250000 0.250000 0.250000 0.250000 
 225
0.485509 0.006243 0.046210 
0.457714 0.987244 0.462022 
0.056777 0.006513 0.491768 
0.464455 0.516162 0.009691 0.009691 
0.250000 0.250000 0.250000 0.250000 
 226
0.485509 0.006243 0.046210 
0.457714 0.987244 0.462022 
0.056777 0.006513 0.491768 
0.011647 0.968970 0.009691 0.009691 
0.250000 0.250000 0.250000 0.250000 
 227
0.485509 0.006243 0.046210 
0.457714 0.987244 0.462022 
0.056777 0.006513 0.491768 
0.012469 0.968148 0.009691 0.009691 
0.250000 0.250000 0.250000 0.250000 
 228
0.485509 0.006243 0.046210 
0.457714 0.987244 0.462022 
0.056777 0.006513 0.491768 
0.737820 0.242797 0.009691 0.009691 
0.250000 0.250000 0.250000 0.250000 
 229
0.485509 0.006243 0.046210 
0.457714 0.987244 0.462022 
0.056777 0.006513 0.491768 
0.970926 0.009691 0.009691 0.009691 
0.250000 0.250000 0.250000 0.250000 
 230
0.485509 0.006243 0.046210 
0.457714 0.987244 0.462022 
0.056777 0.006513 0.491768 
0.009691 0.009691 0.009691 0.970926 
0.250000 0.250000 0.250000 0.250000 
 231
0.485509 0.006243 0.046210 
0.457714 0.987244 0.462022 
0.056777 0.006513 0.491768 
0.968028 0.012590 0.009691 0.009691 
0.250000 0.250000 0.250000 0.250000 
 232
0.485509 0.006243 0.046210 
0.457714 0.987244 0.462022 
0.056777 0.006513 0.491768 
0.009691 0.009691 0.970926 0.009691 
0.250000 0.250000 0.250000 0.250000 
 233
0.485509 0.006243 0.046210 
0.457714 0.987244 0.462022 
0.056777 0.006513 0.491768 
0.970926 0.009691 0.009691 0.009691 
0.250000 0.250000 0.250000 0.250000 
 234
0.485509 0.006243 0.046210 
0.457714 0.987244 0.462022 
0.056777 0.006513 0.491768 
0.970926 0.009691 0.009691 0.009691 
0.250000 0.250000 0.250000 0.250000 
 235
0.485509 0.006243 0.046210 
0.457714 0.987244 0.462022 
0.056777 0.006513 0.491768 
0.009691 0.009691 0.970926 0.009691 
0.250000 0.250000 0.250000 0.250000 
 236
