%  SAM: /scicomp/home/yfa9/CDC_projects/Mol_genetic_analysis/Nomenclature/B_HA_Nomenclature/All_v4/label/LABEL_RES/scripts/modelfromalign_Linux v3.5 (July 15, 2005) compiled 12/08/06_16:15:55
%  (c) 1992-2001 Regents of the University of California, Santa Cruz
%
%          Sequence Alignment and Modeling Software System
%         http://www.cse.ucsc.edu/research/compbio/sam.html
%
% ----------------- Citations (SAM, SAM-T2K, HMMs) --------------------
% R. Hughey, A. Krogh, Hidden Markov models for sequence analysis:
%  Extension and analysis of the basic method, CABIOS 12:95-107, 1996.
% K. Karplus, et al., What is the value added by human intervention in protein
%  structure prediction, Proteins: Stucture, Function, Genetics 45(S5):86--91, 2001.
% A. Krogh et al., Hidden Markov models in computational biology:
%  Applications to protein modeling, JMB 235:1501-1531, Feb 1994.
% ---------------------------------------------------------------------
%  c-vic1A-vic1B_hmm   Host: node4.hpc.biotech.cdc.gov    Fri Jul 22 14:48:58 2016
%  yfa9                Dir:  /scicomp/home/yfa9/CDC_projects/Mol_genetic_analysis/Nomenclature/B_HA_Nomenclature/All_v4/Influ_B_HA/c-vic1A-vic1B-vicOld
% ---------------------------------------------------------------------
%  Alignment weights from internal calc.  Total (57.54) Max (0.10) Min (0.01)
%  Weights from alignment method 1 (karplus), b=-1.000000, e=0.500000
MODEL --  Model from alignment file /scicomp/home/yfa9/CDC_projects/Mol_genetic_analysis/Nomenclature/B_HA_Nomenclature/All_v4/label/LABEL_RES/training_data/InfluB_v1/c-vic1A-vic1B-vicOld/c-vic1A-vic1B.fasta
alphabet DNA
FREQAVE
0.000000 0.000000 0.000000 
0.000000 0.000000 0.000000 
0.000000 0.000000 0.000000 
0.337117 0.216933 0.218042 0.227908 
0.337117 0.216933 0.218042 0.227908 
Begin
0.000000 0.000000 0.000000 
0.000000 0.000000 0.000000 
0.000000 0.003614 0.491768 
0.250000 0.250000 0.250000 0.250000 
0.250000 0.250000 0.250000 0.250000 
   1
0.000000 0.003465 0.046210 
0.000000 0.992921 0.462022 
0.057405 0.003614 0.491768 
0.987189 0.004270 0.004270 0.004270 
0.250000 0.250000 0.250000 0.250000 
   2
0.479817 0.003465 0.046210 
0.462778 0.992921 0.462022 
0.057405 0.003614 0.491768 
0.004270 0.004270 0.004270 0.987189 
0.250000 0.250000 0.250000 0.250000 
   3
0.479817 0.003465 0.046210 
0.462778 0.992921 0.462022 
0.057405 0.003614 0.491768 
0.004270 0.987189 0.004270 0.004270 
0.250000 0.250000 0.250000 0.250000 
   4
0.479817 0.003465 0.046210 
0.462778 0.992921 0.462022 
0.057405 0.003614 0.491768 
0.982666 0.008245 0.004818 0.004270 
0.250000 0.250000 0.250000 0.250000 
   5
0.479817 0.003465 0.046210 
0.462778 0.992921 0.462022 
0.057405 0.003614 0.491768 
0.986680 0.004270 0.004779 0.004270 
0.250000 0.250000 0.250000 0.250000 
   6
0.479817 0.003465 0.046210 
0.462778 0.992921 0.462022 
0.057405 0.003614 0.491768 
0.008428 0.983032 0.004270 0.004270 
0.250000 0.250000 0.250000 0.250000 
   7
0.479817 0.003465 0.046210 
0.462778 0.992921 0.462022 
0.057405 0.003614 0.491768 
0.006626 0.984833 0.004270 0.004270 
0.250000 0.250000 0.250000 0.250000 
   8
0.479817 0.003465 0.046210 
0.462778 0.992921 0.462022 
0.057405 0.003614 0.491768 
0.004270 0.004270 0.986679 0.004781 
0.250000 0.250000 0.250000 0.250000 
   9
0.479817 0.003465 0.046210 
0.462778 0.992921 0.462022 
0.057405 0.003614 0.491768 
0.986477 0.004270 0.004270 0.004982 
0.250000 0.250000 0.250000 0.250000 
  10
0.479817 0.003465 0.046210 
0.462778 0.992921 0.462022 
0.057405 0.003614 0.491768 
0.985817 0.004617 0.004953 0.004613 
0.250000 0.250000 0.250000 0.250000 
  11
0.479817 0.003465 0.046210 
0.462778 0.992921 0.462022 
0.057405 0.003614 0.491768 
0.004271 0.004271 0.004789 0.986669 
0.250000 0.250000 0.250000 0.250000 
  12
0.479817 0.003465 0.046210 
0.462778 0.992921 0.462022 
0.057405 0.003614 0.491768 
0.986312 0.004664 0.004270 0.004754 
0.250000 0.250000 0.250000 0.250000 
  13
0.479817 0.003465 0.046210 
0.462778 0.992921 0.462022 
0.057405 0.003614 0.491768 
0.986699 0.004758 0.004271 0.004271 
0.250000 0.250000 0.250000 0.250000 
  14
0.479817 0.003465 0.046210 
0.462778 0.992921 0.462022 
0.057405 0.003614 0.491768 
0.004270 0.004270 0.004270 0.987189 
0.250000 0.250000 0.250000 0.250000 
  15
0.479817 0.003465 0.046210 
0.462778 0.992921 0.462022 
0.057405 0.003614 0.491768 
0.004954 0.004270 0.004943 0.985832 
0.250000 0.250000 0.250000 0.250000 
  16
0.479817 0.003465 0.046210 
0.462778 0.992921 0.462022 
0.057405 0.003614 0.491768 
0.005251 0.985764 0.004270 0.004714 
0.250000 0.250000 0.250000 0.250000 
  17
0.479817 0.003465 0.046210 
0.462778 0.992921 0.462022 
0.057405 0.003614 0.491768 
0.004270 0.004270 0.006433 0.985026 
0.250000 0.250000 0.250000 0.250000 
  18
0.479817 0.003465 0.046210 
0.462778 0.992921 0.462022 
0.057405 0.003614 0.491768 
0.987184 0.004272 0.004272 0.004272 
0.250000 0.250000 0.250000 0.250000 
  19
0.479817 0.003465 0.046210 
0.462778 0.992921 0.462022 
0.057405 0.003614 0.491768 
0.004270 0.004270 0.987189 0.004270 
0.250000 0.250000 0.250000 0.250000 
  20
0.479817 0.003465 0.046210 
0.462778 0.992921 0.462022 
0.057405 0.003614 0.491768 
0.004270 0.004270 0.004270 0.987189 
0.250000 0.250000 0.250000 0.250000 
  21
0.479817 0.003465 0.046210 
0.462778 0.992921 0.462022 
0.057405 0.003614 0.491768 
0.987189 0.004270 0.004270 0.004270 
0.250000 0.250000 0.250000 0.250000 
  22
0.479817 0.003465 0.046210 
0.462778 0.992921 0.462022 
0.057405 0.003614 0.491768 
0.004270 0.004270 0.987189 0.004270 
0.250000 0.250000 0.250000 0.250000 
  23
0.479817 0.003465 0.046210 
0.462778 0.992921 0.462022 
0.057405 0.003614 0.491768 
0.004270 0.004270 0.004270 0.987189 
0.250000 0.250000 0.250000 0.250000 
  24
0.479817 0.003465 0.046210 
0.462778 0.992921 0.462022 
0.057405 0.003614 0.491768 
0.006925 0.004272 0.983562 0.005241 
0.250000 0.250000 0.250000 0.250000 
  25
0.479817 0.003465 0.046210 
0.462778 0.992921 0.462022 
0.057405 0.003614 0.491768 
0.986705 0.004270 0.004270 0.004754 
0.250000 0.250000 0.250000 0.250000 
  26
0.479817 0.003465 0.046210 
0.462778 0.992921 0.462022 
0.057405 0.003614 0.491768 
0.004270 0.004270 0.004795 0.986664 
0.250000 0.250000 0.250000 0.250000 
  27
0.479817 0.003465 0.046210 
0.462778 0.992921 0.462022 
0.057405 0.003614 0.491768 
0.004270 0.986586 0.004270 0.004873 
0.250000 0.250000 0.250000 0.250000 
  28
0.479817 0.003465 0.046210 
0.462778 0.992921 0.462022 
0.057405 0.003614 0.491768 
0.004271 0.987186 0.004271 0.004271 
0.250000 0.250000 0.250000 0.250000 
  29
0.479817 0.003465 0.046210 
0.462778 0.992921 0.462022 
0.057405 0.003614 0.491768 
0.004271 0.004271 0.005252 0.986205 
0.250000 0.250000 0.250000 0.250000 
  30
0.479817 0.003465 0.046210 
0.462778 0.992921 0.462022 
0.057405 0.003614 0.491768 
0.987189 0.004270 0.004270 0.004270 
0.250000 0.250000 0.250000 0.250000 
  31
0.479817 0.003465 0.046210 
0.462778 0.992921 0.462022 
0.057405 0.003614 0.491768 
0.005677 0.985782 0.004270 0.004270 
0.250000 0.250000 0.250000 0.250000 
  32
0.479817 0.003465 0.046210 
0.462778 0.992921 0.462022 
0.057405 0.003614 0.491768 
0.004272 0.004272 0.007636 0.983820 
0.250000 0.250000 0.250000 0.250000 
  33
0.479817 0.003465 0.046210 
0.462778 0.992921 0.462022 
0.057405 0.003614 0.491768 
0.986548 0.004911 0.004270 0.004270 
0.250000 0.250000 0.250000 0.250000 
  34
0.479817 0.003465 0.046210 
0.462778 0.992921 0.462022 
0.057405 0.003614 0.491768 
0.986426 0.005033 0.004270 0.004270 
0.250000 0.250000 0.250000 0.250000 
  35
0.479817 0.003465 0.046210 
0.462778 0.992921 0.462022 
0.057405 0.003614 0.491768 
0.004270 0.004270 0.987189 0.004270 
0.250000 0.250000 0.250000 0.250000 
  36
0.479817 0.003465 0.046210 
0.462778 0.992921 0.462022 
0.057405 0.003614 0.491768 
0.985528 0.004270 0.005931 0.004270 
0.250000 0.250000 0.250000 0.250000 
  37
0.479817 0.003465 0.046210 
0.462778 0.992921 0.462022 
0.057405 0.003614 0.491768 
0.005931 0.004270 0.004270 0.985528 
0.250000 0.250000 0.250000 0.250000 
  38
0.479817 0.003465 0.046210 
0.462778 0.992921 0.462022 
0.057405 0.003614 0.491768 
0.004270 0.004270 0.985528 0.005931 
0.250000 0.250000 0.250000 0.250000 
  39
0.479817 0.003465 0.046210 
0.462778 0.992921 0.462022 
0.057405 0.003614 0.491768 
0.004972 0.004270 0.985059 0.005699 
0.250000 0.250000 0.250000 0.250000 
  40
0.479817 0.003465 0.046210 
0.462778 0.992921 0.462022 
0.057405 0.003614 0.491768 
0.986396 0.005063 0.004270 0.004270 
0.250000 0.250000 0.250000 0.250000 
  41
0.479817 0.003465 0.046210 
0.462778 0.992921 0.462022 
0.057405 0.003614 0.491768 
0.981916 0.006271 0.007543 0.004270 
0.250000 0.250000 0.250000 0.250000 
  42
0.479817 0.003465 0.046210 
0.462778 0.992921 0.462022 
0.057405 0.003614 0.491768 
0.005532 0.004270 0.006685 0.983513 
0.250000 0.250000 0.250000 0.250000 
  43
0.479817 0.003465 0.046210 
0.462778 0.992921 0.462022 
0.057405 0.003614 0.491768 
0.004270 0.986554 0.004905 0.004270 
0.250000 0.250000 0.250000 0.250000 
  44
0.479817 0.003465 0.046210 
0.462778 0.992921 0.462022 
0.057405 0.003614 0.491768 
0.004270 0.004270 0.987189 0.004270 
0.250000 0.250000 0.250000 0.250000 
  45
0.479817 0.003465 0.046210 
0.462778 0.992921 0.462022 
0.057405 0.003614 0.491768 
0.986653 0.004804 0.004271 0.004271 
0.250000 0.250000 0.250000 0.250000 
  46
0.479817 0.003465 0.046210 
0.462778 0.992921 0.462022 
0.057405 0.003614 0.491768 
0.004270 0.987189 0.004270 0.004270 
0.250000 0.250000 0.250000 0.250000 
  47
0.479817 0.003465 0.046210 
0.462778 0.992921 0.462022 
0.057405 0.003614 0.491768 
0.986487 0.004270 0.004270 0.004972 
0.250000 0.250000 0.250000 0.250000 
  48
0.479817 0.003465 0.046210 
0.462778 0.992921 0.462022 
0.057405 0.003614 0.491768 
0.004271 0.004271 0.007493 0.983964 
0.250000 0.250000 0.250000 0.250000 
  49
0.479817 0.003465 0.046210 
0.462778 0.992921 0.462022 
0.057405 0.003614 0.491768 
0.013070 0.004938 0.977720 0.004271 
0.250000 0.250000 0.250000 0.250000 
  50
0.479817 0.003465 0.046210 
0.462778 0.992921 0.462022 
0.057405 0.003614 0.491768 
0.004270 0.987189 0.004270 0.004270 
0.250000 0.250000 0.250000 0.250000 
  51
0.479817 0.003465 0.046210 
0.462778 0.992921 0.462022 
0.057405 0.003614 0.491768 
0.962542 0.028917 0.004270 0.004270 
0.250000 0.250000 0.250000 0.250000 
  52
0.479817 0.003465 0.046210 
0.462778 0.992921 0.462022 
0.057405 0.003614 0.491768 
0.983315 0.008143 0.004271 0.004271 
0.250000 0.250000 0.250000 0.250000 
  53
0.479817 0.003465 0.046210 
0.462778 0.992921 0.462022 
0.057405 0.003614 0.491768 
0.004270 0.004270 0.004270 0.987189 
0.250000 0.250000 0.250000 0.250000 
  54
0.479817 0.003465 0.046210 
0.462778 0.992921 0.462022 
0.057405 0.003614 0.491768 
0.004706 0.004272 0.986061 0.004962 
0.250000 0.250000 0.250000 0.250000 
  55
0.479817 0.003465 0.046210 
0.462778 0.992921 0.462022 
0.057405 0.003614 0.491768 
0.004270 0.004270 0.004270 0.987189 
0.250000 0.250000 0.250000 0.250000 
  56
0.479817 0.003465 0.046210 
0.462778 0.992921 0.462022 
0.057405 0.003614 0.491768 
0.004270 0.987189 0.004270 0.004270 
0.250000 0.250000 0.250000 0.250000 
  57
0.479817 0.003465 0.046210 
0.462778 0.992921 0.462022 
0.057405 0.003614 0.491768 
0.004270 0.004270 0.987189 0.004270 
0.250000 0.250000 0.250000 0.250000 
  58
0.479817 0.003465 0.046210 
0.462778 0.992921 0.462022 
0.057405 0.003614 0.491768 
0.987189 0.004270 0.004270 0.004270 
0.250000 0.250000 0.250000 0.250000 
  59
0.479817 0.003465 0.046210 
0.462778 0.992921 0.462022 
0.057405 0.003614 0.491768 
0.004270 0.004270 0.987189 0.004270 
0.250000 0.250000 0.250000 0.250000 
  60
0.479817 0.003465 0.046210 
0.462778 0.992921 0.462022 
0.057405 0.003614 0.491768 
0.004705 0.004270 0.005780 0.985245 
0.250000 0.250000 0.250000 0.250000 
  61
0.479817 0.003465 0.046210 
0.462778 0.992921 0.462022 
0.057405 0.003614 0.491768 
0.004270 0.987189 0.004270 0.004270 
0.250000 0.250000 0.250000 0.250000 
  62
0.479817 0.003465 0.046210 
0.462778 0.992921 0.462022 
0.057405 0.003614 0.491768 
0.004270 0.987189 0.004270 0.004270 
0.250000 0.250000 0.250000 0.250000 
  63
0.479817 0.003465 0.046210 
0.462778 0.992921 0.462022 
0.057405 0.003614 0.491768 
0.009685 0.979030 0.004719 0.006566 
0.250000 0.250000 0.250000 0.250000 
  64
0.479817 0.003465 0.046210 
0.462778 0.992921 0.462022 
0.057405 0.003614 0.491768 
0.985537 0.005919 0.004272 0.004272 
0.250000 0.250000 0.250000 0.250000 
  65
0.479817 0.003465 0.046210 
0.462778 0.992921 0.462022 
0.057405 0.003614 0.491768 
0.004270 0.004270 0.004810 0.986649 
0.250000 0.250000 0.250000 0.250000 
  66
0.479817 0.003465 0.046210 
0.462778 0.992921 0.462022 
0.057405 0.003614 0.491768 
0.987189 0.004270 0.004270 0.004270 
0.250000 0.250000 0.250000 0.250000 
  67
0.479817 0.003465 0.046210 
0.462778 0.992921 0.462022 
0.057405 0.003614 0.491768 
0.986071 0.005388 0.004270 0.004270 
0.250000 0.250000 0.250000 0.250000 
  68
0.479817 0.003465 0.046210 
0.462778 0.992921 0.462022 
0.057405 0.003614 0.491768 
0.004270 0.004270 0.987189 0.004270 
0.250000 0.250000 0.250000 0.250000 
  69
0.479817 0.003465 0.046210 
0.462778 0.992921 0.462022 
0.057405 0.003614 0.491768 
0.979866 0.011593 0.004270 0.004270 
0.250000 0.250000 0.250000 0.250000 
  70
0.479817 0.003465 0.046210 
0.462778 0.992921 0.462022 
0.057405 0.003614 0.491768 
0.004270 0.004270 0.004270 0.987189 
0.250000 0.250000 0.250000 0.250000 
  71
0.479817 0.003465 0.046210 
0.462778 0.992921 0.462022 
0.057405 0.003614 0.491768 
0.004270 0.004270 0.986657 0.004802 
0.250000 0.250000 0.250000 0.250000 
  72
0.479817 0.003465 0.046210 
0.462778 0.992921 0.462022 
0.057405 0.003614 0.491768 
0.035059 0.955742 0.004271 0.004928 
0.250000 0.250000 0.250000 0.250000 
  73
0.479817 0.003465 0.046210 
0.462778 0.992921 0.462022 
0.057405 0.003614 0.491768 
0.004806 0.004270 0.004270 0.986653 
0.250000 0.250000 0.250000 0.250000 
  74
0.479817 0.003465 0.046210 
0.462778 0.992921 0.462022 
0.057405 0.003614 0.491768 
0.004270 0.004270 0.985528 0.005931 
0.250000 0.250000 0.250000 0.250000 
  75
0.479817 0.003465 0.046210 
0.462778 0.992921 0.462022 
0.057405 0.003614 0.491768 
0.986494 0.004965 0.004270 0.004270 
0.250000 0.250000 0.250000 0.250000 
  76
0.479817 0.003465 0.046210 
0.462778 0.992921 0.462022 
0.057405 0.003614 0.491768 
0.983622 0.007314 0.004793 0.004270 
0.250000 0.250000 0.250000 0.250000 
  77
0.479817 0.003465 0.046210 
0.462778 0.992921 0.462022 
0.057405 0.003614 0.491768 
0.984199 0.007261 0.004270 0.004270 
0.250000 0.250000 0.250000 0.250000 
  78
0.479817 0.003465 0.046210 
0.462778 0.992921 0.462022 
0.057405 0.003614 0.491768 
0.004270 0.004270 0.983458 0.008002 
0.250000 0.250000 0.250000 0.250000 
  79
0.479817 0.003465 0.046210 
0.462778 0.992921 0.462022 
0.057405 0.003614 0.491768 
0.004270 0.004788 0.004270 0.986672 
0.250000 0.250000 0.250000 0.250000 
  80
0.479817 0.003465 0.046210 
0.462778 0.992921 0.462022 
0.057405 0.003614 0.491768 
0.004270 0.004270 0.987189 0.004270 
0.250000 0.250000 0.250000 0.250000 
  81
0.479817 0.003465 0.046210 
0.462778 0.992921 0.462022 
0.057405 0.003614 0.491768 
0.986641 0.004818 0.004270 0.004270 
0.250000 0.250000 0.250000 0.250000 
  82
0.479817 0.003465 0.046210 
0.462778 0.992921 0.462022 
0.057405 0.003614 0.491768 
0.004270 0.004270 0.987189 0.004270 
0.250000 0.250000 0.250000 0.250000 
  83
0.479817 0.003465 0.046210 
0.462778 0.992921 0.462022 
0.057405 0.003614 0.491768 
0.004271 0.004271 0.987186 0.004271 
0.250000 0.250000 0.250000 0.250000 
  84
0.479817 0.003465 0.046210 
0.462778 0.992921 0.462022 
0.057405 0.003614 0.491768 
0.980145 0.008943 0.005604 0.005307 
0.250000 0.250000 0.250000 0.250000 
  85
0.479817 0.003465 0.046210 
0.462778 0.992921 0.462022 
0.057405 0.003614 0.491768 
0.004769 0.004270 0.986690 0.004270 
0.250000 0.250000 0.250000 0.250000 
  86
0.479817 0.003465 0.046210 
0.462778 0.992921 0.462022 
0.057405 0.003614 0.491768 
0.987189 0.004270 0.004270 0.004270 
0.250000 0.250000 0.250000 0.250000 
  87
0.479817 0.003465 0.046210 
0.462778 0.992921 0.462022 
0.057405 0.003614 0.491768 
0.004270 0.004270 0.004807 0.986652 
0.250000 0.250000 0.250000 0.250000 
  88
0.479817 0.003465 0.046210 
0.462778 0.992921 0.462022 
0.057405 0.003614 0.491768 
0.080814 0.910645 0.004270 0.004270 
0.250000 0.250000 0.250000 0.250000 
  89
0.479817 0.003465 0.046210 
0.462778 0.992921 0.462022 
0.057405 0.003614 0.491768 
0.004273 0.004273 0.006829 0.984626 
0.250000 0.250000 0.250000 0.250000 
  90
0.479817 0.003465 0.046210 
0.462778 0.992921 0.462022 
0.057405 0.003614 0.491768 
0.022657 0.004698 0.964248 0.008396 
0.250000 0.250000 0.250000 0.250000 
  91
0.479817 0.003465 0.046210 
0.462778 0.992921 0.462022 
0.057405 0.003614 0.491768 
0.005694 0.985764 0.004271 0.004271 
0.250000 0.250000 0.250000 0.250000 
  92
0.479817 0.003465 0.046210 
0.462778 0.992921 0.462022 
0.057405 0.003614 0.491768 
0.004270 0.004270 0.004270 0.987189 
0.250000 0.250000 0.250000 0.250000 
  93
0.479817 0.003465 0.046210 
0.462778 0.992921 0.462022 
0.057405 0.003614 0.491768 
0.005172 0.004270 0.984763 0.005795 
0.250000 0.250000 0.250000 0.250000 
  94
0.479817 0.003465 0.046210 
0.462778 0.992921 0.462022 
0.057405 0.003614 0.491768 
0.987189 0.004270 0.004270 0.004270 
0.250000 0.250000 0.250000 0.250000 
  95
0.479817 0.003465 0.046210 
0.462778 0.992921 0.462022 
0.057405 0.003614 0.491768 
0.987189 0.004270 0.004270 0.004270 
0.250000 0.250000 0.250000 0.250000 
  96
0.479817 0.003465 0.046210 
0.462778 0.992921 0.462022 
0.057405 0.003614 0.491768 
0.986469 0.004270 0.004990 0.004270 
0.250000 0.250000 0.250000 0.250000 
  97
0.479817 0.003465 0.046210 
0.462778 0.992921 0.462022 
0.057405 0.003614 0.491768 
0.987189 0.004270 0.004270 0.004270 
0.250000 0.250000 0.250000 0.250000 
  98
0.479817 0.003465 0.046210 
0.462778 0.992921 0.462022 
0.057405 0.003614 0.491768 
0.004270 0.004270 0.987189 0.004270 
0.250000 0.250000 0.250000 0.250000 
  99
0.479817 0.003465 0.046210 
0.462778 0.992921 0.462022 
0.057405 0.003614 0.491768 
0.005567 0.004270 0.006690 0.983472 
0.250000 0.250000 0.250000 0.250000 
 100
0.479817 0.003465 0.046210 
0.462778 0.992921 0.462022 
0.057405 0.003614 0.491768 
0.004270 0.987189 0.004270 0.004270 
0.250000 0.250000 0.250000 0.250000 
 101
0.479817 0.003465 0.046210 
0.462778 0.992921 0.462022 
0.057405 0.003614 0.491768 
0.004270 0.004270 0.987189 0.004270 
0.250000 0.250000 0.250000 0.250000 
 102
0.479817 0.003465 0.046210 
0.462778 0.992921 0.462022 
0.057405 0.003614 0.491768 
0.004271 0.004271 0.012906 0.978551 
0.250000 0.250000 0.250000 0.250000 
 103
0.479817 0.003465 0.046210 
0.462778 0.992921 0.462022 
0.057405 0.003614 0.491768 
0.987189 0.004270 0.004270 0.004270 
0.250000 0.250000 0.250000 0.250000 
 104
0.479817 0.003465 0.046210 
0.462778 0.992921 0.462022 
0.057405 0.003614 0.491768 
0.004270 0.004270 0.987189 0.004270 
0.250000 0.250000 0.250000 0.250000 
 105
0.479817 0.003465 0.046210 
0.462778 0.992921 0.462022 
0.057405 0.003614 0.491768 
0.004270 0.004270 0.008399 0.983060 
0.250000 0.250000 0.250000 0.250000 
 106
0.479817 0.003465 0.046210 
0.462778 0.992921 0.462022 
0.057405 0.003614 0.491768 
0.004771 0.004270 0.986688 0.004270 
0.250000 0.250000 0.250000 0.250000 
 107
0.479817 0.003465 0.046210 
0.462778 0.992921 0.462022 
0.057405 0.003614 0.491768 
0.987189 0.004270 0.004270 0.004270 
0.250000 0.250000 0.250000 0.250000 
 108
0.479817 0.003465 0.046210 
0.462778 0.992921 0.462022 
0.057405 0.003614 0.491768 
0.980925 0.009964 0.004270 0.004840 
0.250000 0.250000 0.250000 0.250000 
 109
0.479817 0.003465 0.046210 
0.462778 0.992921 0.462022 
0.057405 0.003614 0.491768 
0.004270 0.987189 0.004270 0.004270 
0.250000 0.250000 0.250000 0.250000 
 110
0.479817 0.003465 0.046210 
0.462778 0.992921 0.462022 
0.057405 0.003614 0.491768 
0.004270 0.987189 0.004270 0.004270 
0.250000 0.250000 0.250000 0.250000 
 111
0.479817 0.003465 0.046210 
0.462778 0.992921 0.462022 
0.057405 0.003614 0.491768 
0.011595 0.978628 0.004270 0.005506 
0.250000 0.250000 0.250000 0.250000 
 112
0.479817 0.003465 0.046210 
0.462778 0.992921 0.462022 
0.057405 0.003614 0.491768 
0.004270 0.987189 0.004270 0.004270 
0.250000 0.250000 0.250000 0.250000 
 113
0.479817 0.003465 0.046210 
0.462778 0.992921 0.462022 
0.057405 0.003614 0.491768 
0.987189 0.004270 0.004270 0.004270 
0.250000 0.250000 0.250000 0.250000 
 114
0.479817 0.003465 0.046210 
0.462778 0.992921 0.462022 
0.057405 0.003614 0.491768 
0.028265 0.963192 0.004271 0.004271 
0.250000 0.250000 0.250000 0.250000 
 115
0.479817 0.003465 0.046210 
0.462778 0.992921 0.462022 
0.057405 0.003614 0.491768 
0.004270 0.987189 0.004270 0.004270 
0.250000 0.250000 0.250000 0.250000 
 116
0.479817 0.003465 0.046210 
0.462778 0.992921 0.462022 
0.057405 0.003614 0.491768 
0.004270 0.004270 0.004270 0.987189 
0.250000 0.250000 0.250000 0.250000 
 117
0.479817 0.003465 0.046210 
0.462778 0.992921 0.462022 
0.057405 0.003614 0.491768 
0.015844 0.004272 0.972966 0.006918 
0.250000 0.250000 0.250000 0.250000 
 118
0.479817 0.003465 0.046210 
0.462778 0.992921 0.462022 
0.057405 0.003614 0.491768 
0.987189 0.004270 0.004270 0.004270 
0.250000 0.250000 0.250000 0.250000 
 119
0.479817 0.003465 0.046210 
0.462778 0.992921 0.462022 
0.057405 0.003614 0.491768 
0.987189 0.004270 0.004270 0.004270 
0.250000 0.250000 0.250000 0.250000 
 120
0.479817 0.003465 0.046210 
0.462778 0.992921 0.462022 
0.057405 0.003614 0.491768 
0.004660 0.004838 0.005382 0.985120 
0.250000 0.250000 0.250000 0.250000 
 121
0.479817 0.003465 0.046210 
0.462778 0.992921 0.462022 
0.057405 0.003614 0.491768 
0.004270 0.987189 0.004270 0.004270 
0.250000 0.250000 0.250000 0.250000 
 122
0.479817 0.003465 0.046210 
0.462778 0.992921 0.462022 
0.057405 0.003614 0.491768 
0.004270 0.004270 0.004270 0.987189 
0.250000 0.250000 0.250000 0.250000 
 123
0.479817 0.003465 0.046210 
0.462778 0.992921 0.462022 
0.057405 0.003614 0.491768 
0.019812 0.969218 0.004630 0.006340 
0.250000 0.250000 0.250000 0.250000 
 124
0.479817 0.003465 0.046210 
0.462778 0.992921 0.462022 
0.057405 0.003614 0.491768 
0.987189 0.004270 0.004270 0.004270 
0.250000 0.250000 0.250000 0.250000 
 125
0.479817 0.003465 0.046210 
0.462778 0.992921 0.462022 
0.057405 0.003614 0.491768 
0.004270 0.004270 0.987189 0.004270 
0.250000 0.250000 0.250000 0.250000 
 126
0.479817 0.003465 0.046210 
0.462778 0.992921 0.462022 
0.057405 0.003614 0.491768 
0.005177 0.004792 0.581372 0.408660 
0.250000 0.250000 0.250000 0.250000 
 127
0.479817 0.003465 0.046210 
0.462778 0.992921 0.462022 
0.057405 0.003614 0.491768 
0.004770 0.986689 0.004270 0.004270 
0.250000 0.250000 0.250000 0.250000 
 128
0.479817 0.003465 0.046210 
0.462778 0.992921 0.462022 
0.057405 0.003614 0.491768 
0.004270 0.987189 0.004270 0.004270 
0.250000 0.250000 0.250000 0.250000 
 129
0.479817 0.003465 0.046210 
0.462778 0.992921 0.462022 
0.057405 0.003614 0.491768 
0.004943 0.006566 0.013003 0.975488 
0.250000 0.250000 0.250000 0.250000 
 130
0.479817 0.003465 0.046210 
0.462778 0.992921 0.462022 
0.057405 0.003614 0.491768 
0.006096 0.985363 0.004270 0.004270 
0.250000 0.250000 0.250000 0.250000 
 131
0.479817 0.003465 0.046210 
0.462778 0.992921 0.462022 
0.057405 0.003614 0.491768 
0.004271 0.004271 0.005738 0.985719 
0.250000 0.250000 0.250000 0.250000 
 132
0.479817 0.003465 0.046210 
0.462778 0.992921 0.462022 
0.057405 0.003614 0.491768 
0.973357 0.018102 0.004270 0.004270 
0.250000 0.250000 0.250000 0.250000 
 133
0.479817 0.003465 0.046210 
0.462778 0.992921 0.462022 
0.057405 0.003614 0.491768 
0.987189 0.004270 0.004270 0.004270 
0.250000 0.250000 0.250000 0.250000 
 134
0.479817 0.003465 0.046210 
0.462778 0.992921 0.462022 
0.057405 0.003614 0.491768 
0.004270 0.004270 0.004270 0.987189 
0.250000 0.250000 0.250000 0.250000 
 135
0.479817 0.003465 0.046210 
0.462778 0.992921 0.462022 
0.057405 0.003614 0.491768 
0.987189 0.004270 0.004270 0.004270 
0.250000 0.250000 0.250000 0.250000 
 136
0.479817 0.003465 0.046210 
0.462778 0.992921 0.462022 
0.057405 0.003614 0.491768 
0.005579 0.004270 0.984561 0.005590 
0.250000 0.250000 0.250000 0.250000 
 137
0.479817 0.003465 0.046210 
0.462778 0.992921 0.462022 
0.057405 0.003614 0.491768 
0.004766 0.004270 0.986693 0.004270 
0.250000 0.250000 0.250000 0.250000 
 138
0.479817 0.003465 0.046210 
0.462778 0.992921 0.462022 
0.057405 0.003614 0.491768 
0.986428 0.005031 0.004270 0.004270 
0.250000 0.250000 0.250000 0.250000 
 139
0.479817 0.003465 0.046210 
0.462778 0.992921 0.462022 
0.057405 0.003614 0.491768 
0.004270 0.004270 0.980228 0.011231 
0.250000 0.250000 0.250000 0.250000 
 140
0.479817 0.003465 0.046210 
0.462778 0.992921 0.462022 
0.057405 0.003614 0.491768 
0.004270 0.004270 0.004270 0.987189 
0.250000 0.250000 0.250000 0.250000 
 141
0.479817 0.003465 0.046210 
0.462778 0.992921 0.462022 
0.057405 0.003614 0.491768 
0.009611 0.981414 0.004270 0.004705 
0.250000 0.250000 0.250000 0.250000 
 142
0.479817 0.003465 0.046210 
0.462778 0.992921 0.462022 
0.057405 0.003614 0.491768 
0.987189 0.004270 0.004270 0.004270 
0.250000 0.250000 0.250000 0.250000 
 143
0.479817 0.003465 0.046210 
0.462778 0.992921 0.462022 
0.057405 0.003614 0.491768 
0.004270 0.004270 0.987189 0.004270 
0.250000 0.250000 0.250000 0.250000 
 144
0.479817 0.003465 0.046210 
0.462778 0.992921 0.462022 
0.057405 0.003614 0.491768 
0.982853 0.007659 0.004270 0.005218 
0.250000 0.250000 0.250000 0.250000 
 145
0.479817 0.003465 0.046210 
0.462778 0.992921 0.462022 
0.057405 0.003614 0.491768 
0.986414 0.005045 0.004270 0.004270 
0.250000 0.250000 0.250000 0.250000 
 146
0.479817 0.003465 0.046210 
0.462778 0.992921 0.462022 
0.057405 0.003614 0.491768 
0.004273 0.004273 0.985494 0.005961 
0.250000 0.250000 0.250000 0.250000 
 147
0.479817 0.003465 0.046210 
0.462778 0.992921 0.462022 
0.057405 0.003614 0.491768 
0.986312 0.004690 0.004727 0.004270 
0.250000 0.250000 0.250000 0.250000 
 148
0.479817 0.003465 0.046210 
0.462778 0.992921 0.462022 
0.057405 0.003614 0.491768 
0.985911 0.005118 0.004270 0.004700 
0.250000 0.250000 0.250000 0.250000 
 149
0.479817 0.003465 0.046210 
0.462778 0.992921 0.462022 
0.057405 0.003614 0.491768 
0.004270 0.004270 0.987189 0.004270 
0.250000 0.250000 0.250000 0.250000 
 150
0.479817 0.003465 0.046210 
0.462778 0.992921 0.462022 
0.057405 0.003614 0.491768 
0.986485 0.004270 0.004975 0.004270 
0.250000 0.250000 0.250000 0.250000 
 151
0.479817 0.003465 0.046210 
0.462778 0.992921 0.462022 
0.057405 0.003614 0.491768 
0.004270 0.004270 0.987189 0.004270 
0.250000 0.250000 0.250000 0.250000 
 152
0.479817 0.003465 0.046210 
0.462778 0.992921 0.462022 
0.057405 0.003614 0.491768 
0.004270 0.004270 0.985574 0.005885 
0.250000 0.250000 0.250000 0.250000 
 153
0.479817 0.003465 0.046210 
0.462778 0.992921 0.462022 
0.057405 0.003614 0.491768 
0.006537 0.005404 0.981220 0.006839 
0.250000 0.250000 0.250000 0.250000 
 154
0.479817 0.003465 0.046210 
0.462778 0.992921 0.462022 
0.057405 0.003614 0.491768 
0.985615 0.005844 0.004270 0.004270 
0.250000 0.250000 0.250000 0.250000 
 155
0.479817 0.003465 0.046210 
0.462778 0.992921 0.462022 
0.057405 0.003614 0.491768 
0.004272 0.004272 0.981368 0.010088 
0.250000 0.250000 0.250000 0.250000 
 156
0.479817 0.003465 0.046210 
0.462778 0.992921 0.462022 
0.057405 0.003614 0.491768 
0.004843 0.005384 0.982466 0.007308 
0.250000 0.250000 0.250000 0.250000 
 157
0.479817 0.003465 0.046210 
0.462778 0.992921 0.462022 
0.057405 0.003614 0.491768 
0.986517 0.004270 0.004942 0.004270 
0.250000 0.250000 0.250000 0.250000 
 158
0.479817 0.003465 0.046210 
0.462778 0.992921 0.462022 
0.057405 0.003614 0.491768 
0.984700 0.006759 0.004270 0.004270 
0.250000 0.250000 0.250000 0.250000 
 159
0.479817 0.003465 0.046210 
0.462778 0.992921 0.462022 
0.057405 0.003614 0.491768 
0.986467 0.004992 0.004270 0.004270 
0.250000 0.250000 0.250000 0.250000 
 160
0.479817 0.003465 0.046210 
0.462778 0.992921 0.462022 
0.057405 0.003614 0.491768 
0.004270 0.004270 0.004270 0.987189 
0.250000 0.250000 0.250000 0.250000 
 161
0.479817 0.003465 0.046210 
0.462778 0.992921 0.462022 
0.057405 0.003614 0.491768 
0.004271 0.004271 0.987186 0.004271 
0.250000 0.250000 0.250000 0.250000 
 162
0.479817 0.003465 0.046210 
0.462778 0.992921 0.462022 
0.057405 0.003614 0.491768 
0.004841 0.004270 0.006735 0.984153 
0.250000 0.250000 0.250000 0.250000 
 163
0.479817 0.003465 0.046210 
0.462778 0.992921 0.462022 
0.057405 0.003614 0.491768 
0.004271 0.004271 0.986063 0.005394 
0.250000 0.250000 0.250000 0.250000 
 164
0.479817 0.003465 0.046210 
0.462778 0.992921 0.462022 
0.057405 0.003614 0.491768 
0.987189 0.004270 0.004270 0.004270 
0.250000 0.250000 0.250000 0.250000 
 165
0.479817 0.003465 0.046210 
0.462778 0.992921 0.462022 
0.057405 0.003614 0.491768 
0.004271 0.004271 0.024266 0.967191 
0.250000 0.250000 0.250000 0.250000 
 166
0.479817 0.003465 0.046210 
0.462778 0.992921 0.462022 
0.057405 0.003614 0.491768 
0.004270 0.004270 0.004270 0.987189 
0.250000 0.250000 0.250000 0.250000 
 167
0.479817 0.003465 0.046210 
0.462778 0.992921 0.462022 
0.057405 0.003614 0.491768 
0.004270 0.004270 0.004270 0.987189 
0.250000 0.250000 0.250000 0.250000 
 168
0.479817 0.003465 0.046210 
0.462778 0.992921 0.462022 
0.057405 0.003614 0.491768 
0.004270 0.004270 0.006140 0.985319 
0.250000 0.250000 0.250000 0.250000 
 169
0.479817 0.003465 0.046210 
0.462778 0.992921 0.462022 
0.057405 0.003614 0.491768 
0.004270 0.985954 0.004270 0.005505 
0.250000 0.250000 0.250000 0.250000 
 170
0.479817 0.003465 0.046210 
0.462778 0.992921 0.462022 
0.057405 0.003614 0.491768 
0.004270 0.004270 0.987189 0.004270 
0.250000 0.250000 0.250000 0.250000 
 171
0.479817 0.003465 0.046210 
0.462778 0.992921 0.462022 
0.057405 0.003614 0.491768 
0.986166 0.005293 0.004270 0.004270 
0.250000 0.250000 0.250000 0.250000 
 172
0.479817 0.003465 0.046210 
0.462778 0.992921 0.462022 
0.057405 0.003614 0.491768 
0.987189 0.004270 0.004270 0.004270 
0.250000 0.250000 0.250000 0.250000 
 173
0.479817 0.003465 0.046210 
0.462778 0.992921 0.462022 
0.057405 0.003614 0.491768 
0.985873 0.005586 0.004270 0.004270 
0.250000 0.250000 0.250000 0.250000 
 174
0.479817 0.003465 0.046210 
0.462778 0.992921 0.462022 
0.057405 0.003614 0.491768 
0.004669 0.004270 0.005045 0.986016 
0.250000 0.250000 0.250000 0.250000 
 175
0.479817 0.003465 0.046210 
0.462778 0.992921 0.462022 
0.057405 0.003614 0.491768 
0.004270 0.004270 0.987189 0.004270 
0.250000 0.250000 0.250000 0.250000 
 176
0.479817 0.003465 0.046210 
0.462778 0.992921 0.462022 
0.057405 0.003614 0.491768 
0.004270 0.004270 0.004270 0.987189 
0.250000 0.250000 0.250000 0.250000 
 177
0.479817 0.003465 0.046210 
0.462778 0.992921 0.462022 
0.057405 0.003614 0.491768 
0.008634 0.004270 0.979958 0.007138 
0.250000 0.250000 0.250000 0.250000 
 178
0.479817 0.003465 0.046210 
0.462778 0.992921 0.462022 
0.057405 0.003614 0.491768 
0.986552 0.004907 0.004270 0.004270 
0.250000 0.250000 0.250000 0.250000 
 179
0.479817 0.003465 0.046210 
0.462778 0.992921 0.462022 
0.057405 0.003614 0.491768 
0.986414 0.005045 0.004270 0.004270 
0.250000 0.250000 0.250000 0.250000 
 180
0.479817 0.003465 0.046210 
0.462778 0.992921 0.462022 
0.057405 0.003614 0.491768 
0.983663 0.007796 0.004270 0.004270 
0.250000 0.250000 0.250000 0.250000 
 181
0.479817 0.003465 0.046210 
0.462778 0.992921 0.462022 
0.057405 0.003614 0.491768 
0.004270 0.987189 0.004270 0.004270 
0.250000 0.250000 0.250000 0.250000 
 182
0.479817 0.003465 0.046210 
0.462778 0.992921 0.462022 
0.057405 0.003614 0.491768 
0.004270 0.987189 0.004270 0.004270 
0.250000 0.250000 0.250000 0.250000 
 183
0.479817 0.003465 0.046210 
0.462778 0.992921 0.462022 
0.057405 0.003614 0.491768 
0.984969 0.006490 0.004270 0.004270 
0.250000 0.250000 0.250000 0.250000 
 184
0.479817 0.003465 0.046210 
0.462778 0.992921 0.462022 
0.057405 0.003614 0.491768 
0.984817 0.006642 0.004270 0.004270 
0.250000 0.250000 0.250000 0.250000 
 185
0.479817 0.003465 0.046210 
0.462778 0.992921 0.462022 
0.057405 0.003614 0.491768 
0.005064 0.004271 0.986393 0.004271 
0.250000 0.250000 0.250000 0.250000 
 186
0.479817 0.003465 0.046210 
0.462778 0.992921 0.462022 
0.057405 0.003614 0.491768 
0.985275 0.005780 0.004674 0.004270 
0.250000 0.250000 0.250000 0.250000 
 187
0.479817 0.003465 0.046210 
0.462778 0.992921 0.462022 
0.057405 0.003614 0.491768 
0.005010 0.986447 0.004272 0.004272 
0.250000 0.250000 0.250000 0.250000 
 188
0.479817 0.003465 0.046210 
0.462778 0.992921 0.462022 
0.057405 0.003614 0.491768 
0.987189 0.004270 0.004270 0.004270 
0.250000 0.250000 0.250000 0.250000 
 189
0.479817 0.003465 0.046210 
0.462778 0.992921 0.462022 
0.057405 0.003614 0.491768 
0.983999 0.007460 0.004270 0.004270 
0.250000 0.250000 0.250000 0.250000 
 190
0.479817 0.003465 0.046210 
0.462778 0.992921 0.462022 
0.057405 0.003614 0.491768 
0.987189 0.004270 0.004270 0.004270 
0.250000 0.250000 0.250000 0.250000 
 191
0.479817 0.003465 0.046210 
0.462778 0.992921 0.462022 
0.057405 0.003614 0.491768 
0.004270 0.004270 0.987189 0.004270 
0.250000 0.250000 0.250000 0.250000 
 192
0.479817 0.003465 0.046210 
0.462778 0.992921 0.462022 
0.057405 0.003614 0.491768 
0.004270 0.004270 0.985512 0.005947 
0.250000 0.250000 0.250000 0.250000 
 193
0.479817 0.003465 0.046210 
0.462778 0.992921 0.462022 
0.057405 0.003614 0.491768 
0.987189 0.004270 0.004270 0.004270 
0.250000 0.250000 0.250000 0.250000 
 194
0.479817 0.003465 0.046210 
0.462778 0.992921 0.462022 
0.057405 0.003614 0.491768 
0.004270 0.987189 0.004270 0.004270 
0.250000 0.250000 0.250000 0.250000 
 195
0.479817 0.003465 0.046210 
0.462778 0.992921 0.462022 
0.057405 0.003614 0.491768 
0.227046 0.764411 0.004271 0.004271 
0.250000 0.250000 0.250000 0.250000 
 196
0.479817 0.003465 0.046210 
0.462778 0.992921 0.462022 
0.057405 0.003614 0.491768 
0.004270 0.987189 0.004270 0.004270 
0.250000 0.250000 0.250000 0.250000 
 197
0.479817 0.003465 0.046210 
0.462778 0.992921 0.462022 
0.057405 0.003614 0.491768 
0.004270 0.987189 0.004270 0.004270 
0.250000 0.250000 0.250000 0.250000 
 198
0.479817 0.003465 0.046210 
0.462778 0.992921 0.462022 
0.057405 0.003614 0.491768 
0.016676 0.974783 0.004270 0.004270 
0.250000 0.250000 0.250000 0.250000 
 199
0.479817 0.003465 0.046210 
0.462778 0.992921 0.462022 
0.057405 0.003614 0.491768 
0.982611 0.008848 0.004270 0.004270 
0.250000 0.250000 0.250000 0.250000 
 200
0.479817 0.003465 0.046210 
0.462778 0.992921 0.462022 
0.057405 0.003614 0.491768 
0.986086 0.005373 0.004270 0.004270 
0.250000 0.250000 0.250000 0.250000 
 201
0.479817 0.003465 0.046210 
0.462778 0.992921 0.462022 
0.057405 0.003614 0.491768 
0.983592 0.005010 0.007127 0.004270 
0.250000 0.250000 0.250000 0.250000 
 202
0.479817 0.003465 0.046210 
0.462778 0.992921 0.462022 
0.057405 0.003614 0.491768 
0.004270 0.004270 0.985992 0.005467 
0.250000 0.250000 0.250000 0.250000 
 203
0.479817 0.003465 0.046210 
0.462778 0.992921 0.462022 
0.057405 0.003614 0.491768 
0.004270 0.004270 0.004270 0.987189 
0.250000 0.250000 0.250000 0.250000 
 204
0.479817 0.003465 0.046210 
0.462778 0.992921 0.462022 
0.057405 0.003614 0.491768 
0.983087 0.007323 0.005320 0.004270 
0.250000 0.250000 0.250000 0.250000 
 205
0.479817 0.003465 0.046210 
0.462778 0.992921 0.462022 
0.057405 0.003614 0.491768 
0.004270 0.004270 0.004270 0.987189 
0.250000 0.250000 0.250000 0.250000 
 206
0.479817 0.003465 0.046210 
0.462778 0.992921 0.462022 
0.057405 0.003614 0.491768 
0.004270 0.987189 0.004270 0.004270 
0.250000 0.250000 0.250000 0.250000 
 207
0.479817 0.003465 0.046210 
0.462778 0.992921 0.462022 
0.057405 0.003614 0.491768 
0.004272 0.004272 0.977704 0.013753 
0.250000 0.250000 0.250000 0.250000 
 208
0.479817 0.003465 0.046210 
0.462778 0.992921 0.462022 
0.057405 0.003614 0.491768 
0.004271 0.004271 0.987186 0.004271 
0.250000 0.250000 0.250000 0.250000 
 209
0.479817 0.003465 0.046210 
0.462778 0.992921 0.462022 
0.057405 0.003614 0.491768 
0.004270 0.004270 0.987189 0.004270 
0.250000 0.250000 0.250000 0.250000 
 210
0.479817 0.003465 0.046210 
0.462778 0.992921 0.462022 
0.057405 0.003614 0.491768 
0.982075 0.008752 0.004270 0.004902 
0.250000 0.250000 0.250000 0.250000 
 211
0.479817 0.003465 0.046210 
0.462778 0.992921 0.462022 
0.057405 0.003614 0.491768 
0.986152 0.005307 0.004270 0.004270 
0.250000 0.250000 0.250000 0.250000 
 212
0.479817 0.003465 0.046210 
0.462778 0.992921 0.462022 
0.057405 0.003614 0.491768 
0.982105 0.008960 0.004664 0.004271 
0.250000 0.250000 0.250000 0.250000 
 213
0.479817 0.003465 0.046210 
0.462778 0.992921 0.462022 
0.057405 0.003614 0.491768 
0.975070 0.005022 0.015637 0.004270 
0.250000 0.250000 0.250000 0.250000 
 214
0.479817 0.003465 0.046210 
0.462778 0.992921 0.462022 
0.057405 0.003614 0.491768 
0.004270 0.004270 0.004270 0.987189 
0.250000 0.250000 0.250000 0.250000 
 215
0.479817 0.003465 0.046210 
0.462778 0.992921 0.462022 
0.057405 0.003614 0.491768 
0.004270 0.987189 0.004270 0.004270 
0.250000 0.250000 0.250000 0.250000 
 216
0.479817 0.003465 0.046210 
0.462778 0.992921 0.462022 
0.057405 0.003614 0.491768 
0.004271 0.004271 0.981117 0.010340 
0.250000 0.250000 0.250000 0.250000 
 217
0.479817 0.003465 0.046210 
0.462778 0.992921 0.462022 
0.057405 0.003614 0.491768 
0.004677 0.004272 0.982817 0.008233 
0.250000 0.250000 0.250000 0.250000 
 218
0.479817 0.003465 0.046210 
0.462778 0.992921 0.462022 
0.057405 0.003614 0.491768 
0.005044 0.004270 0.194003 0.796682 
0.250000 0.250000 0.250000 0.250000 
 219
0.479817 0.003465 0.046210 
0.462778 0.992921 0.462022 
0.057405 0.003614 0.491768 
0.010080 0.004270 0.964022 0.021628 
0.250000 0.250000 0.250000 0.250000 
 220
0.479817 0.003465 0.046210 
0.462778 0.992921 0.462022 
0.057405 0.003614 0.491768 
0.984881 0.006107 0.004741 0.004270 
0.250000 0.250000 0.250000 0.250000 
 221
0.479817 0.003465 0.046210 
0.462778 0.992921 0.462022 
0.057405 0.003614 0.491768 
0.987189 0.004270 0.004270 0.004270 
0.250000 0.250000 0.250000 0.250000 
 222
0.479817 0.003465 0.046210 
0.462778 0.992921 0.462022 
0.057405 0.003614 0.491768 
0.004270 0.004270 0.974101 0.017358 
0.250000 0.250000 0.250000 0.250000 
 223
0.479817 0.003465 0.046210 
0.462778 0.992921 0.462022 
0.057405 0.003614 0.491768 
0.004270 0.004270 0.004270 0.987189 
0.250000 0.250000 0.250000 0.250000 
 224
0.479817 0.003465 0.046210 
0.462778 0.992921 0.462022 
0.057405 0.003614 0.491768 
0.004270 0.987189 0.004270 0.004270 
0.250000 0.250000 0.250000 0.250000 
 225
0.479817 0.003465 0.046210 
0.462778 0.992921 0.462022 
0.057405 0.003614 0.491768 
0.004270 0.004270 0.978309 0.013150 
0.250000 0.250000 0.250000 0.250000 
 226
0.479817 0.003465 0.046210 
0.462778 0.992921 0.462022 
0.057405 0.003614 0.491768 
0.987189 0.004270 0.004270 0.004270 
0.250000 0.250000 0.250000 0.250000 
 227
0.479817 0.003465 0.046210 
0.462778 0.992921 0.462022 
0.057405 0.003614 0.491768 
0.004270 0.004270 0.987189 0.004270 
0.250000 0.250000 0.250000 0.250000 
 228
0.479817 0.003465 0.046210 
0.462778 0.992921 0.462022 
0.057405 0.003614 0.491768 
0.985872 0.004892 0.004965 0.004270 
0.250000 0.250000 0.250000 0.250000 
 229
0.479817 0.003465 0.046210 
0.462778 0.992921 0.462022 
0.057405 0.003614 0.491768 
0.004271 0.986695 0.004271 0.004762 
0.250000 0.250000 0.250000 0.250000 
 230
0.479817 0.003465 0.046210 
0.462778 0.992921 0.462022 
0.057405 0.003614 0.491768 
0.987189 0.004270 0.004270 0.004270 
0.250000 0.250000 0.250000 0.250000 
 231
0.479817 0.003465 0.046210 
0.462778 0.992921 0.462022 
0.057405 0.003614 0.491768 
0.004270 0.004270 0.005018 0.986441 
0.250000 0.250000 0.250000 0.250000 
 232
0.479817 0.003465 0.046210 
0.462778 0.992921 0.462022 
0.057405 0.003614 0.491768 
0.004270 0.004270 0.976543 0.014916 
0.250000 0.250000 0.250000 0.250000 
 233
0.479817 0.003465 0.046210 
0.462778 0.992921 0.462022 
0.057405 0.003614 0.491768 
0.004270 0.004270 0.004270 0.987189 
0.250000 0.250000 0.250000 0.250000 
 234
0.479817 0.003465 0.046210 
