%  SAM: /scicomp/home/yfa9/CDC_projects/Mol_genetic_analysis/Nomenclature/B_HA_Nomenclature/All_v4/label/LABEL_RES/scripts/modelfromalign_Linux v3.5 (July 15, 2005) compiled 12/08/06_16:15:55
%  (c) 1992-2001 Regents of the University of California, Santa Cruz
%
%          Sequence Alignment and Modeling Software System
%         http://www.cse.ucsc.edu/research/compbio/sam.html
%
% ----------------- Citations (SAM, SAM-T2K, HMMs) --------------------
% R. Hughey, A. Krogh, Hidden Markov models for sequence analysis:
%  Extension and analysis of the basic method, CABIOS 12:95-107, 1996.
% K. Karplus, et al., What is the value added by human intervention in protein
%  structure prediction, Proteins: Stucture, Function, Genetics 45(S5):86--91, 2001.
% A. Krogh et al., Hidden Markov models in computational biology:
%  Applications to protein modeling, JMB 235:1501-1531, Feb 1994.
% ---------------------------------------------------------------------
%  vicOld_hmm   Host: node4.hpc.biotech.cdc.gov    Fri Jul 22 14:49:00 2016
%  yfa9         Dir:  /scicomp/home/yfa9/CDC_projects/Mol_genetic_analysis/Nomenclature/B_HA_Nomenclature/All_v4/Influ_B_HA/c-vic1A-vic1B-vicOld
% ---------------------------------------------------------------------
%  Alignment weights from internal calc.  Total (27.00) Max (0.18) Min (0.03)
%  Weights from alignment method 1 (karplus), b=-1.000000, e=0.500000
MODEL --  Model from alignment file /scicomp/home/yfa9/CDC_projects/Mol_genetic_analysis/Nomenclature/B_HA_Nomenclature/All_v4/label/LABEL_RES/training_data/InfluB_v1/c-vic1A-vic1B-vicOld/vicOld.fasta
alphabet DNA
FREQAVE
0.000000 0.000000 0.000000 
0.000000 0.000000 0.000000 
0.000000 0.000000 0.000000 
0.337845 0.216203 0.216174 0.229778 
0.337845 0.216203 0.216174 0.229778 
Begin
0.000000 0.000000 0.000000 
0.000000 0.000000 0.000000 
0.000000 0.006179 0.491768 
0.250000 0.250000 0.250000 0.250000 
0.250000 0.250000 0.250000 0.250000 
   1
0.000000 0.005923 0.046210 
0.000000 0.987898 0.462022 
0.057405 0.006179 0.491768 
0.973214 0.008929 0.008929 0.008929 
0.250000 0.250000 0.250000 0.250000 
   2
0.479817 0.005923 0.046210 
0.462778 0.987898 0.462022 
0.057405 0.006179 0.491768 
0.008929 0.008929 0.008929 0.973214 
0.250000 0.250000 0.250000 0.250000 
   3
0.479817 0.005923 0.046210 
0.462778 0.987898 0.462022 
0.057405 0.006179 0.491768 
0.008929 0.973214 0.008929 0.008929 
0.250000 0.250000 0.250000 0.250000 
   4
0.479817 0.005923 0.046210 
0.462778 0.987898 0.462022 
0.057405 0.006179 0.491768 
0.967905 0.014238 0.008929 0.008929 
0.250000 0.250000 0.250000 0.250000 
   5
0.479817 0.005923 0.046210 
0.462778 0.987898 0.462022 
0.057405 0.006179 0.491768 
0.973214 0.008929 0.008929 0.008929 
0.250000 0.250000 0.250000 0.250000 
   6
0.479817 0.005923 0.046210 
0.462778 0.987898 0.462022 
0.057405 0.006179 0.491768 
0.011684 0.970459 0.008929 0.008929 
0.250000 0.250000 0.250000 0.250000 
   7
0.479817 0.005923 0.046210 
0.462778 0.987898 0.462022 
0.057405 0.006179 0.491768 
0.012676 0.969466 0.008929 0.008929 
0.250000 0.250000 0.250000 0.250000 
   8
0.479817 0.005923 0.046210 
0.462778 0.987898 0.462022 
0.057405 0.006179 0.491768 
0.008929 0.008929 0.973214 0.008929 
0.250000 0.250000 0.250000 0.250000 
   9
0.479817 0.007598 0.046210 
0.462778 0.986223 0.462022 
0.056372 0.006190 0.491768 
0.966693 0.015404 0.008952 0.008952 
0.250000 0.250000 0.250000 0.250000 
  10
0.471180 0.005933 0.046210 
0.472448 0.987877 0.462022 
0.057405 0.006179 0.491768 
0.971848 0.008929 0.010294 0.008929 
0.250000 0.250000 0.250000 0.250000 
  11
0.479817 0.005923 0.046210 
0.462778 0.987898 0.462022 
0.057405 0.006179 0.491768 
0.008929 0.008929 0.008929 0.973214 
0.250000 0.250000 0.250000 0.250000 
  12
0.479817 0.005923 0.046210 
0.462778 0.987898 0.462022 
0.057405 0.006179 0.491768 
0.973214 0.008929 0.008929 0.008929 
0.250000 0.250000 0.250000 0.250000 
  13
0.479817 0.005923 0.046210 
0.462778 0.987898 0.462022 
0.057405 0.006179 0.491768 
0.971412 0.010731 0.008929 0.008929 
0.250000 0.250000 0.250000 0.250000 
  14
0.479817 0.005923 0.046210 
0.462778 0.987898 0.462022 
0.057405 0.006179 0.491768 
0.008929 0.008929 0.008929 0.973214 
0.250000 0.250000 0.250000 0.250000 
  15
0.479817 0.005923 0.046210 
0.462778 0.987898 0.462022 
0.057405 0.006179 0.491768 
0.008929 0.008929 0.008929 0.973214 
0.250000 0.250000 0.250000 0.250000 
  16
0.479817 0.005923 0.046210 
0.462778 0.987898 0.462022 
0.057405 0.006179 0.491768 
0.013033 0.969110 0.008929 0.008929 
0.250000 0.250000 0.250000 0.250000 
  17
0.479817 0.005923 0.046210 
0.462778 0.987898 0.462022 
0.057405 0.006179 0.491768 
0.008929 0.008929 0.010597 0.971546 
0.250000 0.250000 0.250000 0.250000 
  18
0.479817 0.005923 0.046210 
0.462778 0.987898 0.462022 
0.057405 0.006179 0.491768 
0.973214 0.008929 0.008929 0.008929 
0.250000 0.250000 0.250000 0.250000 
  19
0.479817 0.005923 0.046210 
0.462778 0.987898 0.462022 
0.057405 0.006179 0.491768 
0.008929 0.008929 0.973214 0.008929 
0.250000 0.250000 0.250000 0.250000 
  20
0.479817 0.005923 0.046210 
0.462778 0.987898 0.462022 
0.057405 0.006179 0.491768 
0.008929 0.008929 0.008929 0.973214 
0.250000 0.250000 0.250000 0.250000 
  21
0.479817 0.005923 0.046210 
0.462778 0.987898 0.462022 
0.057405 0.006179 0.491768 
0.973214 0.008929 0.008929 0.008929 
0.250000 0.250000 0.250000 0.250000 
  22
0.479817 0.005923 0.046210 
0.462778 0.987898 0.462022 
0.057405 0.006179 0.491768 
0.008929 0.008929 0.973214 0.008929 
0.250000 0.250000 0.250000 0.250000 
  23
0.479817 0.005923 0.046210 
0.462778 0.987898 0.462022 
0.057405 0.006179 0.491768 
0.008929 0.008929 0.008929 0.973214 
0.250000 0.250000 0.250000 0.250000 
  24
0.479817 0.005923 0.046210 
0.462778 0.987898 0.462022 
0.057405 0.006179 0.491768 
0.010563 0.008929 0.971580 0.008929 
0.250000 0.250000 0.250000 0.250000 
  25
0.479817 0.005923 0.046210 
0.462778 0.987898 0.462022 
0.057405 0.006179 0.491768 
0.971896 0.008929 0.008929 0.010247 
0.250000 0.250000 0.250000 0.250000 
  26
0.479817 0.005923 0.046210 
0.462778 0.987898 0.462022 
0.057405 0.006179 0.491768 
0.008929 0.008929 0.008929 0.973214 
0.250000 0.250000 0.250000 0.250000 
  27
0.479817 0.005923 0.046210 
0.462778 0.987898 0.462022 
0.057405 0.006179 0.491768 
0.008929 0.973214 0.008929 0.008929 
0.250000 0.250000 0.250000 0.250000 
  28
0.479817 0.005923 0.046210 
0.462778 0.987898 0.462022 
0.057405 0.006179 0.491768 
0.008929 0.973214 0.008929 0.008929 
0.250000 0.250000 0.250000 0.250000 
  29
0.479817 0.005923 0.046210 
0.462778 0.987898 0.462022 
0.057405 0.006179 0.491768 
0.008929 0.008929 0.010584 0.971559 
0.250000 0.250000 0.250000 0.250000 
  30
0.479817 0.005923 0.046210 
0.462778 0.987898 0.462022 
0.057405 0.006179 0.491768 
0.973214 0.008929 0.008929 0.008929 
0.250000 0.250000 0.250000 0.250000 
  31
0.479817 0.005923 0.046210 
0.462778 0.987898 0.462022 
0.057405 0.006179 0.491768 
0.008929 0.973214 0.008929 0.008929 
0.250000 0.250000 0.250000 0.250000 
  32
0.479817 0.005923 0.046210 
0.462778 0.987898 0.462022 
0.057405 0.006179 0.491768 
0.008929 0.008929 0.010719 0.971424 
0.250000 0.250000 0.250000 0.250000 
  33
0.479817 0.005923 0.046210 
0.462778 0.987898 0.462022 
0.057405 0.006179 0.491768 
0.973214 0.008929 0.008929 0.008929 
0.250000 0.250000 0.250000 0.250000 
  34
0.479817 0.005923 0.046210 
0.462778 0.987898 0.462022 
0.057405 0.006179 0.491768 
0.973214 0.008929 0.008929 0.008929 
0.250000 0.250000 0.250000 0.250000 
  35
0.479817 0.005923 0.046210 
0.462778 0.987898 0.462022 
0.057405 0.006179 0.491768 
0.008929 0.008929 0.973214 0.008929 
0.250000 0.250000 0.250000 0.250000 
  36
0.479817 0.005923 0.046210 
0.462778 0.987898 0.462022 
0.057405 0.006179 0.491768 
0.970228 0.011915 0.008929 0.008929 
0.250000 0.250000 0.250000 0.250000 
  37
0.479817 0.005923 0.046210 
0.462778 0.987898 0.462022 
0.057405 0.006179 0.491768 
0.008929 0.008929 0.008929 0.973214 
0.250000 0.250000 0.250000 0.250000 
  38
0.479817 0.005923 0.046210 
0.462778 0.987898 0.462022 
0.057405 0.006179 0.491768 
0.008929 0.008929 0.973214 0.008929 
0.250000 0.250000 0.250000 0.250000 
  39
0.479817 0.005923 0.046210 
0.462778 0.987898 0.462022 
0.057405 0.006179 0.491768 
0.013076 0.008929 0.963208 0.014788 
0.250000 0.250000 0.250000 0.250000 
  40
0.479817 0.005923 0.046210 
0.462778 0.987898 0.462022 
0.057405 0.006179 0.491768 
0.971823 0.008929 0.010320 0.008929 
0.250000 0.250000 0.250000 0.250000 
  41
0.479817 0.005923 0.046210 
0.462778 0.987898 0.462022 
0.057405 0.006179 0.491768 
0.973214 0.008929 0.008929 0.008929 
0.250000 0.250000 0.250000 0.250000 
  42
0.479817 0.005923 0.046210 
0.462778 0.987898 0.462022 
0.057405 0.006179 0.491768 
0.008938 0.008938 0.015884 0.966241 
0.250000 0.250000 0.250000 0.250000 
  43
0.479817 0.005923 0.046210 
0.462778 0.987898 0.462022 
0.057405 0.006179 0.491768 
0.008929 0.973214 0.008929 0.008929 
0.250000 0.250000 0.250000 0.250000 
  44
0.479817 0.005923 0.046210 
0.462778 0.987898 0.462022 
0.057405 0.006179 0.491768 
0.008929 0.008929 0.973214 0.008929 
0.250000 0.250000 0.250000 0.250000 
  45
0.479817 0.005923 0.046210 
0.462778 0.987898 0.462022 
0.057405 0.006179 0.491768 
0.973214 0.008929 0.008929 0.008929 
0.250000 0.250000 0.250000 0.250000 
  46
0.479817 0.005923 0.046210 
0.462778 0.987898 0.462022 
0.057405 0.006179 0.491768 
0.008929 0.973214 0.008929 0.008929 
0.250000 0.250000 0.250000 0.250000 
  47
0.479817 0.005923 0.046210 
0.462778 0.987898 0.462022 
0.057405 0.006179 0.491768 
0.973214 0.008929 0.008929 0.008929 
0.250000 0.250000 0.250000 0.250000 
  48
0.479817 0.005923 0.046210 
0.462778 0.987898 0.462022 
0.057405 0.006179 0.491768 
0.008929 0.008929 0.091173 0.890970 
0.250000 0.250000 0.250000 0.250000 
  49
0.479817 0.005923 0.046210 
0.462778 0.987898 0.462022 
0.057405 0.006179 0.491768 
0.016431 0.008929 0.965712 0.008929 
0.250000 0.250000 0.250000 0.250000 
  50
0.479817 0.005923 0.046210 
0.462778 0.987898 0.462022 
0.057405 0.006179 0.491768 
0.008929 0.973214 0.008929 0.008929 
0.250000 0.250000 0.250000 0.250000 
  51
0.479817 0.005923 0.046210 
0.462778 0.987898 0.462022 
0.057405 0.006179 0.491768 
0.973214 0.008929 0.008929 0.008929 
0.250000 0.250000 0.250000 0.250000 
  52
0.479817 0.005923 0.046210 
0.462778 0.987898 0.462022 
0.057405 0.006179 0.491768 
0.968931 0.013212 0.008929 0.008929 
0.250000 0.250000 0.250000 0.250000 
  53
0.479817 0.005923 0.046210 
0.462778 0.987898 0.462022 
0.057405 0.006179 0.491768 
0.008929 0.008929 0.008929 0.973214 
0.250000 0.250000 0.250000 0.250000 
  54
0.479817 0.005923 0.046210 
0.462778 0.987898 0.462022 
0.057405 0.006179 0.491768 
0.008929 0.008929 0.903764 0.078379 
0.250000 0.250000 0.250000 0.250000 
  55
0.479817 0.005923 0.046210 
0.462778 0.987898 0.462022 
0.057405 0.006179 0.491768 
0.008929 0.008929 0.008929 0.973214 
0.250000 0.250000 0.250000 0.250000 
  56
0.479817 0.005923 0.046210 
0.462778 0.987898 0.462022 
0.057405 0.006179 0.491768 
0.008929 0.973214 0.008929 0.008929 
0.250000 0.250000 0.250000 0.250000 
  57
0.479817 0.005923 0.046210 
0.462778 0.987898 0.462022 
0.057405 0.006179 0.491768 
0.008929 0.008929 0.973214 0.008929 
0.250000 0.250000 0.250000 0.250000 
  58
0.479817 0.005923 0.046210 
0.462778 0.987898 0.462022 
0.057405 0.006179 0.491768 
0.973214 0.008929 0.008929 0.008929 
0.250000 0.250000 0.250000 0.250000 
  59
0.479817 0.005923 0.046210 
0.462778 0.987898 0.462022 
0.057405 0.006179 0.491768 
0.008929 0.008929 0.973214 0.008929 
0.250000 0.250000 0.250000 0.250000 
  60
0.479817 0.005923 0.046210 
0.462778 0.987898 0.462022 
0.057405 0.006179 0.491768 
0.008929 0.008929 0.010287 0.971855 
0.250000 0.250000 0.250000 0.250000 
  61
0.479817 0.005923 0.046210 
0.462778 0.987898 0.462022 
0.057405 0.006179 0.491768 
0.010509 0.971634 0.008929 0.008929 
0.250000 0.250000 0.250000 0.250000 
  62
0.479817 0.005923 0.046210 
0.462778 0.987898 0.462022 
0.057405 0.006179 0.491768 
0.008929 0.973214 0.008929 0.008929 
0.250000 0.250000 0.250000 0.250000 
  63
0.479817 0.005923 0.046210 
0.462778 0.987898 0.462022 
0.057405 0.006179 0.491768 
0.050144 0.931999 0.008929 0.008929 
0.250000 0.250000 0.250000 0.250000 
  64
0.479817 0.005923 0.046210 
0.462778 0.987898 0.462022 
0.057405 0.006179 0.491768 
0.965986 0.016157 0.008929 0.008929 
0.250000 0.250000 0.250000 0.250000 
  65
0.479817 0.005923 0.046210 
0.462778 0.987898 0.462022 
0.057405 0.006179 0.491768 
0.008929 0.008929 0.008929 0.973214 
0.250000 0.250000 0.250000 0.250000 
  66
0.479817 0.005923 0.046210 
0.462778 0.987898 0.462022 
0.057405 0.006179 0.491768 
0.970683 0.008929 0.011460 0.008929 
0.250000 0.250000 0.250000 0.250000 
  67
0.479817 0.005923 0.046210 
0.462778 0.987898 0.462022 
0.057405 0.006179 0.491768 
0.971834 0.010309 0.008929 0.008929 
0.250000 0.250000 0.250000 0.250000 
  68
0.479817 0.005923 0.046210 
0.462778 0.987898 0.462022 
0.057405 0.006179 0.491768 
0.008929 0.008929 0.973214 0.008929 
0.250000 0.250000 0.250000 0.250000 
  69
0.479817 0.005923 0.046210 
0.462778 0.987898 0.462022 
0.057405 0.006179 0.491768 
0.973214 0.008929 0.008929 0.008929 
0.250000 0.250000 0.250000 0.250000 
  70
0.479817 0.005923 0.046210 
0.462778 0.987898 0.462022 
0.057405 0.006179 0.491768 
0.008929 0.008929 0.008929 0.973214 
0.250000 0.250000 0.250000 0.250000 
  71
0.479817 0.005923 0.046210 
0.462778 0.987898 0.462022 
0.057405 0.006179 0.491768 
0.008929 0.008929 0.973214 0.008929 
0.250000 0.250000 0.250000 0.250000 
  72
0.479817 0.005923 0.046210 
0.462778 0.987898 0.462022 
0.057405 0.006179 0.491768 
0.016114 0.954320 0.008929 0.020637 
0.250000 0.250000 0.250000 0.250000 
  73
0.479817 0.005923 0.046210 
0.462778 0.987898 0.462022 
0.057405 0.006179 0.491768 
0.008929 0.008929 0.008929 0.973214 
0.250000 0.250000 0.250000 0.250000 
  74
0.479817 0.005923 0.046210 
0.462778 0.987898 0.462022 
0.057405 0.006179 0.491768 
0.008929 0.008929 0.973214 0.008929 
0.250000 0.250000 0.250000 0.250000 
  75
0.479817 0.005923 0.046210 
0.462778 0.987898 0.462022 
0.057405 0.006179 0.491768 
0.965841 0.016301 0.008929 0.008929 
0.250000 0.250000 0.250000 0.250000 
  76
0.479817 0.005923 0.046210 
0.462778 0.987898 0.462022 
0.057405 0.006179 0.491768 
0.973214 0.008929 0.008929 0.008929 
0.250000 0.250000 0.250000 0.250000 
  77
0.479817 0.005923 0.046210 
0.462778 0.987898 0.462022 
0.057405 0.006179 0.491768 
0.971423 0.010720 0.008929 0.008929 
0.250000 0.250000 0.250000 0.250000 
  78
0.479817 0.005923 0.046210 
0.462778 0.987898 0.462022 
0.057405 0.006179 0.491768 
0.008929 0.008929 0.973214 0.008929 
0.250000 0.250000 0.250000 0.250000 
  79
0.479817 0.005923 0.046210 
0.462778 0.987898 0.462022 
0.057405 0.006179 0.491768 
0.008929 0.008929 0.008929 0.973214 
0.250000 0.250000 0.250000 0.250000 
  80
0.479817 0.005923 0.046210 
0.462778 0.987898 0.462022 
0.057405 0.006179 0.491768 
0.008929 0.008929 0.973214 0.008929 
0.250000 0.250000 0.250000 0.250000 
  81
0.479817 0.005923 0.046210 
0.462778 0.987898 0.462022 
0.057405 0.006179 0.491768 
0.967349 0.012318 0.011404 0.008929 
0.250000 0.250000 0.250000 0.250000 
  82
0.479817 0.005923 0.046210 
0.462778 0.987898 0.462022 
0.057405 0.006179 0.491768 
0.008929 0.008929 0.973214 0.008929 
0.250000 0.250000 0.250000 0.250000 
  83
0.479817 0.005923 0.046210 
0.462778 0.987898 0.462022 
0.057405 0.006179 0.491768 
0.008929 0.008929 0.973214 0.008929 
0.250000 0.250000 0.250000 0.250000 
  84
0.479817 0.005923 0.046210 
0.462778 0.987898 0.462022 
0.057405 0.006179 0.491768 
0.656521 0.010234 0.305484 0.027762 
0.250000 0.250000 0.250000 0.250000 
  85
0.479817 0.005923 0.046210 
0.462778 0.987898 0.462022 
0.057405 0.006179 0.491768 
0.008929 0.008929 0.973214 0.008929 
0.250000 0.250000 0.250000 0.250000 
  86
0.479817 0.005923 0.046210 
0.462778 0.987898 0.462022 
0.057405 0.006179 0.491768 
0.973214 0.008929 0.008929 0.008929 
0.250000 0.250000 0.250000 0.250000 
  87
0.479817 0.005923 0.046210 
0.462778 0.987898 0.462022 
0.057405 0.006179 0.491768 
0.008929 0.008929 0.008929 0.973214 
0.250000 0.250000 0.250000 0.250000 
  88
0.479817 0.005923 0.046210 
0.462778 0.987898 0.462022 
0.057405 0.006179 0.491768 
0.011276 0.970867 0.008929 0.008929 
0.250000 0.250000 0.250000 0.250000 
  89
0.479817 0.005923 0.046210 
0.462778 0.987898 0.462022 
0.057405 0.006179 0.491768 
0.008929 0.008929 0.008929 0.973214 
0.250000 0.250000 0.250000 0.250000 
  90
0.479817 0.005923 0.046210 
0.462778 0.987898 0.462022 
0.057405 0.006179 0.491768 
0.008929 0.398243 0.010381 0.582447 
0.250000 0.250000 0.250000 0.250000 
  91
0.479817 0.005923 0.046210 
0.462778 0.987898 0.462022 
0.057405 0.006179 0.491768 
0.008929 0.973214 0.008929 0.008929 
0.250000 0.250000 0.250000 0.250000 
  92
0.479817 0.005923 0.046210 
0.462778 0.987898 0.462022 
0.057405 0.006179 0.491768 
0.008929 0.008929 0.008929 0.973214 
0.250000 0.250000 0.250000 0.250000 
  93
0.479817 0.005923 0.046210 
0.462778 0.987898 0.462022 
0.057405 0.006179 0.491768 
0.010258 0.008929 0.958255 0.022559 
0.250000 0.250000 0.250000 0.250000 
  94
0.479817 0.005923 0.046210 
0.462778 0.987898 0.462022 
0.057405 0.006179 0.491768 
0.973214 0.008929 0.008929 0.008929 
0.250000 0.250000 0.250000 0.250000 
  95
0.479817 0.005923 0.046210 
0.462778 0.987898 0.462022 
0.057405 0.006179 0.491768 
0.973214 0.008929 0.008929 0.008929 
0.250000 0.250000 0.250000 0.250000 
  96
0.479817 0.005923 0.046210 
0.462778 0.987898 0.462022 
0.057405 0.006179 0.491768 
0.973214 0.008929 0.008929 0.008929 
0.250000 0.250000 0.250000 0.250000 
  97
0.479817 0.005923 0.046210 
0.462778 0.987898 0.462022 
0.057405 0.006179 0.491768 
0.973214 0.008929 0.008929 0.008929 
0.250000 0.250000 0.250000 0.250000 
  98
0.479817 0.005923 0.046210 
0.462778 0.987898 0.462022 
0.057405 0.006179 0.491768 
0.008929 0.008929 0.973214 0.008929 
0.250000 0.250000 0.250000 0.250000 
  99
0.479817 0.005923 0.046210 
0.462778 0.987898 0.462022 
0.057405 0.006179 0.491768 
0.016578 0.008929 0.008929 0.965565 
0.250000 0.250000 0.250000 0.250000 
 100
0.479817 0.005923 0.046210 
0.462778 0.987898 0.462022 
0.057405 0.006179 0.491768 
0.008929 0.973214 0.008929 0.008929 
0.250000 0.250000 0.250000 0.250000 
 101
0.479817 0.005923 0.046210 
0.462778 0.987898 0.462022 
0.057405 0.006179 0.491768 
0.008929 0.008929 0.973214 0.008929 
0.250000 0.250000 0.250000 0.250000 
 102
0.479817 0.005923 0.046210 
0.462778 0.987898 0.462022 
0.057405 0.006179 0.491768 
0.008929 0.008929 0.040640 0.941503 
0.250000 0.250000 0.250000 0.250000 
 103
0.479817 0.005923 0.046210 
0.462778 0.987898 0.462022 
0.057405 0.006179 0.491768 
0.973214 0.008929 0.008929 0.008929 
0.250000 0.250000 0.250000 0.250000 
 104
0.479817 0.005923 0.046210 
0.462778 0.987898 0.462022 
0.057405 0.006179 0.491768 
0.008929 0.008929 0.973214 0.008929 
0.250000 0.250000 0.250000 0.250000 
 105
0.479817 0.005923 0.046210 
0.462778 0.987898 0.462022 
0.057405 0.006179 0.491768 
0.008929 0.008929 0.020656 0.961487 
0.250000 0.250000 0.250000 0.250000 
 106
0.479817 0.005923 0.046210 
0.462778 0.987898 0.462022 
0.057405 0.006179 0.491768 
0.008929 0.008929 0.973214 0.008929 
0.250000 0.250000 0.250000 0.250000 
 107
0.479817 0.005923 0.046210 
0.462778 0.987898 0.462022 
0.057405 0.006179 0.491768 
0.973214 0.008929 0.008929 0.008929 
0.250000 0.250000 0.250000 0.250000 
 108
0.479817 0.005923 0.046210 
0.462778 0.987898 0.462022 
0.057405 0.006179 0.491768 
0.971707 0.010436 0.008929 0.008929 
0.250000 0.250000 0.250000 0.250000 
 109
0.479817 0.005923 0.046210 
0.462778 0.987898 0.462022 
0.057405 0.006179 0.491768 
0.008929 0.973214 0.008929 0.008929 
0.250000 0.250000 0.250000 0.250000 
 110
0.479817 0.005923 0.046210 
0.462778 0.987898 0.462022 
0.057405 0.006179 0.491768 
0.008929 0.973214 0.008929 0.008929 
0.250000 0.250000 0.250000 0.250000 
 111
0.479817 0.005923 0.046210 
0.462778 0.987898 0.462022 
0.057405 0.006179 0.491768 
0.015557 0.966586 0.008929 0.008929 
0.250000 0.250000 0.250000 0.250000 
 112
0.479817 0.005923 0.046210 
0.462778 0.987898 0.462022 
0.057405 0.006179 0.491768 
0.008929 0.973214 0.008929 0.008929 
0.250000 0.250000 0.250000 0.250000 
 113
0.479817 0.005923 0.046210 
0.462778 0.987898 0.462022 
0.057405 0.006179 0.491768 
0.973214 0.008929 0.008929 0.008929 
0.250000 0.250000 0.250000 0.250000 
 114
0.479817 0.005923 0.046210 
0.462778 0.987898 0.462022 
0.057405 0.006179 0.491768 
0.121908 0.860235 0.008929 0.008929 
0.250000 0.250000 0.250000 0.250000 
 115
0.479817 0.005923 0.046210 
0.462778 0.987898 0.462022 
0.057405 0.006179 0.491768 
0.011924 0.970219 0.008929 0.008929 
0.250000 0.250000 0.250000 0.250000 
 116
0.479817 0.005923 0.046210 
0.462778 0.987898 0.462022 
0.057405 0.006179 0.491768 
0.008929 0.008929 0.008929 0.973214 
0.250000 0.250000 0.250000 0.250000 
 117
0.479817 0.005923 0.046210 
0.462778 0.987898 0.462022 
0.057405 0.006179 0.491768 
0.008929 0.008929 0.941722 0.040421 
0.250000 0.250000 0.250000 0.250000 
 118
0.479817 0.005923 0.046210 
0.462778 0.987898 0.462022 
0.057405 0.006179 0.491768 
0.973214 0.008929 0.008929 0.008929 
0.250000 0.250000 0.250000 0.250000 
 119
0.479817 0.005923 0.046210 
0.462778 0.987898 0.462022 
0.057405 0.006179 0.491768 
0.973214 0.008929 0.008929 0.008929 
0.250000 0.250000 0.250000 0.250000 
 120
0.479817 0.005923 0.046210 
0.462778 0.987898 0.462022 
0.057405 0.006179 0.491768 
0.008929 0.008929 0.015391 0.966752 
0.250000 0.250000 0.250000 0.250000 
 121
0.479817 0.005923 0.046210 
0.462778 0.987898 0.462022 
0.057405 0.006179 0.491768 
0.008929 0.973214 0.008929 0.008929 
0.250000 0.250000 0.250000 0.250000 
 122
0.479817 0.005923 0.046210 
0.462778 0.987898 0.462022 
0.057405 0.006179 0.491768 
0.008929 0.008929 0.008929 0.973214 
0.250000 0.250000 0.250000 0.250000 
 123
0.479817 0.005923 0.046210 
0.462778 0.987898 0.462022 
0.057405 0.006179 0.491768 
0.014076 0.966678 0.008929 0.010318 
0.250000 0.250000 0.250000 0.250000 
 124
0.479817 0.005923 0.046210 
0.462778 0.987898 0.462022 
0.057405 0.006179 0.491768 
0.973214 0.008929 0.008929 0.008929 
0.250000 0.250000 0.250000 0.250000 
 125
0.479817 0.005923 0.046210 
0.462778 0.987898 0.462022 
0.057405 0.006179 0.491768 
0.008929 0.008929 0.973214 0.008929 
0.250000 0.250000 0.250000 0.250000 
 126
0.479817 0.005923 0.046210 
0.462778 0.987898 0.462022 
0.057405 0.006179 0.491768 
0.008929 0.008929 0.013476 0.968667 
0.250000 0.250000 0.250000 0.250000 
 127
0.479817 0.005923 0.046210 
0.462778 0.987898 0.462022 
0.057405 0.006179 0.491768 
0.008929 0.973214 0.008929 0.008929 
0.250000 0.250000 0.250000 0.250000 
 128
0.479817 0.005923 0.046210 
0.462778 0.987898 0.462022 
0.057405 0.006179 0.491768 
0.008929 0.973214 0.008929 0.008929 
0.250000 0.250000 0.250000 0.250000 
 129
0.479817 0.005923 0.046210 
0.462778 0.987898 0.462022 
0.057405 0.006179 0.491768 
0.008929 0.013216 0.012556 0.965299 
0.250000 0.250000 0.250000 0.250000 
 130
0.479817 0.005923 0.046210 
0.462778 0.987898 0.462022 
0.057405 0.006179 0.491768 
0.013069 0.969074 0.008929 0.008929 
0.250000 0.250000 0.250000 0.250000 
 131
0.479817 0.005923 0.046210 
0.462778 0.987898 0.462022 
0.057405 0.006179 0.491768 
0.008929 0.008929 0.008929 0.973214 
0.250000 0.250000 0.250000 0.250000 
 132
0.479817 0.005923 0.046210 
0.462778 0.987898 0.462022 
0.057405 0.006179 0.491768 
0.588319 0.393824 0.008929 0.008929 
0.250000 0.250000 0.250000 0.250000 
 133
0.479817 0.005923 0.046210 
0.462778 0.987898 0.462022 
0.057405 0.006179 0.491768 
0.973214 0.008929 0.008929 0.008929 
0.250000 0.250000 0.250000 0.250000 
 134
0.479817 0.005923 0.046210 
0.462778 0.987898 0.462022 
0.057405 0.006179 0.491768 
0.008929 0.008929 0.008929 0.973214 
0.250000 0.250000 0.250000 0.250000 
 135
0.479817 0.005923 0.046210 
0.462778 0.987898 0.462022 
0.057405 0.006179 0.491768 
0.973214 0.008929 0.008929 0.008929 
0.250000 0.250000 0.250000 0.250000 
 136
0.479817 0.005923 0.046210 
0.462778 0.987898 0.462022 
0.057405 0.006179 0.491768 
0.008929 0.008929 0.970052 0.012091 
0.250000 0.250000 0.250000 0.250000 
 137
0.479817 0.005923 0.046210 
0.462778 0.987898 0.462022 
0.057405 0.006179 0.491768 
0.008929 0.008929 0.973214 0.008929 
0.250000 0.250000 0.250000 0.250000 
 138
0.479817 0.005923 0.046210 
0.462778 0.987898 0.462022 
0.057405 0.006179 0.491768 
0.973214 0.008929 0.008929 0.008929 
0.250000 0.250000 0.250000 0.250000 
 139
0.479817 0.005923 0.046210 
0.462778 0.987898 0.462022 
0.057405 0.006179 0.491768 
0.008929 0.008929 0.964996 0.017147 
0.250000 0.250000 0.250000 0.250000 
 140
0.479817 0.005923 0.046210 
0.462778 0.987898 0.462022 
0.057405 0.006179 0.491768 
0.008929 0.008929 0.008929 0.973214 
0.250000 0.250000 0.250000 0.250000 
 141
0.479817 0.005923 0.046210 
0.462778 0.987898 0.462022 
0.057405 0.006179 0.491768 
0.035397 0.946720 0.008942 0.008942 
0.250000 0.250000 0.250000 0.250000 
 142
0.479817 0.005923 0.046210 
0.462778 0.987898 0.462022 
0.057405 0.006179 0.491768 
0.973214 0.008929 0.008929 0.008929 
0.250000 0.250000 0.250000 0.250000 
 143
0.479817 0.005923 0.046210 
0.462778 0.987898 0.462022 
0.057405 0.006179 0.491768 
0.008929 0.008929 0.973214 0.008929 
0.250000 0.250000 0.250000 0.250000 
 144
0.479817 0.005923 0.046210 
0.462778 0.987898 0.462022 
0.057405 0.006179 0.491768 
0.971628 0.010515 0.008929 0.008929 
0.250000 0.250000 0.250000 0.250000 
 145
0.479817 0.005923 0.046210 
0.462778 0.987898 0.462022 
0.057405 0.006179 0.491768 
0.973214 0.008929 0.008929 0.008929 
0.250000 0.250000 0.250000 0.250000 
 146
0.479817 0.005923 0.046210 
0.462778 0.987898 0.462022 
0.057405 0.006179 0.491768 
0.008929 0.008929 0.973214 0.008929 
0.250000 0.250000 0.250000 0.250000 
 147
0.479817 0.005923 0.046210 
0.462778 0.987898 0.462022 
0.057405 0.006179 0.491768 
0.970626 0.011517 0.008929 0.008929 
0.250000 0.250000 0.250000 0.250000 
 148
0.479817 0.005923 0.046210 
0.462778 0.987898 0.462022 
0.057405 0.006179 0.491768 
0.962645 0.019497 0.008929 0.008929 
0.250000 0.250000 0.250000 0.250000 
 149
0.479817 0.005923 0.046210 
0.462778 0.987898 0.462022 
0.057405 0.006179 0.491768 
0.008929 0.008929 0.973214 0.008929 
0.250000 0.250000 0.250000 0.250000 
 150
0.479817 0.005923 0.046210 
0.462778 0.987898 0.462022 
0.057405 0.006179 0.491768 
0.964212 0.013460 0.013400 0.008929 
0.250000 0.250000 0.250000 0.250000 
 151
0.479817 0.005923 0.046210 
0.462778 0.987898 0.462022 
0.057405 0.006179 0.491768 
0.008929 0.008929 0.973214 0.008929 
0.250000 0.250000 0.250000 0.250000 
 152
0.479817 0.005923 0.046210 
0.462778 0.987898 0.462022 
0.057405 0.006179 0.491768 
0.008929 0.008929 0.971144 0.010999 
0.250000 0.250000 0.250000 0.250000 
 153
0.479817 0.005923 0.046210 
0.462778 0.987898 0.462022 
0.057405 0.006179 0.491768 
0.019675 0.008929 0.906782 0.064614 
0.250000 0.250000 0.250000 0.250000 
 154
0.479817 0.005923 0.046210 
0.462778 0.987898 0.462022 
0.057405 0.006179 0.491768 
0.973214 0.008929 0.008929 0.008929 
0.250000 0.250000 0.250000 0.250000 
 155
0.479817 0.005923 0.046210 
0.462778 0.987898 0.462022 
0.057405 0.006179 0.491768 
0.008956 0.008956 0.901888 0.080200 
0.250000 0.250000 0.250000 0.250000 
 156
0.479817 0.005923 0.046210 
0.462778 0.987898 0.462022 
0.057405 0.006179 0.491768 
0.008929 0.008929 0.971793 0.010350 
0.250000 0.250000 0.250000 0.250000 
 157
0.479817 0.005923 0.046210 
0.462778 0.987898 0.462022 
0.057405 0.006179 0.491768 
0.965654 0.016489 0.008929 0.008929 
0.250000 0.250000 0.250000 0.250000 
 158
0.479817 0.005923 0.046210 
0.462778 0.987898 0.462022 
0.057405 0.006179 0.491768 
0.962557 0.019586 0.008929 0.008929 
0.250000 0.250000 0.250000 0.250000 
 159
0.479817 0.005923 0.046210 
0.462778 0.987898 0.462022 
0.057405 0.006179 0.491768 
0.971617 0.010526 0.008929 0.008929 
0.250000 0.250000 0.250000 0.250000 
 160
0.479817 0.005923 0.046210 
0.462778 0.987898 0.462022 
0.057405 0.006179 0.491768 
0.008929 0.008929 0.008929 0.973214 
0.250000 0.250000 0.250000 0.250000 
 161
0.479817 0.005923 0.046210 
0.462778 0.987898 0.462022 
0.057405 0.006179 0.491768 
0.008929 0.008929 0.973214 0.008929 
0.250000 0.250000 0.250000 0.250000 
 162
0.479817 0.005923 0.046210 
0.462778 0.987898 0.462022 
0.057405 0.006179 0.491768 
0.008929 0.008929 0.011502 0.970640 
0.250000 0.250000 0.250000 0.250000 
 163
0.479817 0.005923 0.046210 
0.462778 0.987898 0.462022 
0.057405 0.006179 0.491768 
0.008929 0.008929 0.971799 0.010344 
0.250000 0.250000 0.250000 0.250000 
 164
0.479817 0.005923 0.046210 
0.462778 0.987898 0.462022 
0.057405 0.006179 0.491768 
0.973214 0.008929 0.008929 0.008929 
0.250000 0.250000 0.250000 0.250000 
 165
0.479817 0.005923 0.046210 
0.462778 0.987898 0.462022 
0.057405 0.006179 0.491768 
0.008929 0.008929 0.016823 0.965320 
0.250000 0.250000 0.250000 0.250000 
 166
0.479817 0.005923 0.046210 
0.462778 0.987898 0.462022 
0.057405 0.006179 0.491768 
0.008929 0.008929 0.008929 0.973214 
0.250000 0.250000 0.250000 0.250000 
 167
0.479817 0.005923 0.046210 
0.462778 0.987898 0.462022 
0.057405 0.006179 0.491768 
0.008929 0.008929 0.008929 0.973214 
0.250000 0.250000 0.250000 0.250000 
 168
0.479817 0.005923 0.046210 
0.462778 0.987898 0.462022 
0.057405 0.006179 0.491768 
0.008929 0.008929 0.008929 0.973214 
0.250000 0.250000 0.250000 0.250000 
 169
0.479817 0.005923 0.046210 
0.462778 0.987898 0.462022 
0.057405 0.006179 0.491768 
0.008929 0.961840 0.008929 0.020303 
0.250000 0.250000 0.250000 0.250000 
 170
0.479817 0.005923 0.046210 
0.462778 0.987898 0.462022 
0.057405 0.006179 0.491768 
0.008929 0.008929 0.973214 0.008929 
0.250000 0.250000 0.250000 0.250000 
 171
0.479817 0.005923 0.046210 
0.462778 0.987898 0.462022 
0.057405 0.006179 0.491768 
0.970754 0.011388 0.008929 0.008929 
0.250000 0.250000 0.250000 0.250000 
 172
0.479817 0.005923 0.046210 
0.462778 0.987898 0.462022 
0.057405 0.006179 0.491768 
0.973214 0.008929 0.008929 0.008929 
0.250000 0.250000 0.250000 0.250000 
 173
0.479817 0.005923 0.046210 
0.462778 0.987898 0.462022 
0.057405 0.006179 0.491768 
0.970189 0.011954 0.008929 0.008929 
0.250000 0.250000 0.250000 0.250000 
 174
0.479817 0.005923 0.046210 
0.462778 0.987898 0.462022 
0.057405 0.006179 0.491768 
0.008929 0.008929 0.016733 0.965410 
0.250000 0.250000 0.250000 0.250000 
 175
0.479817 0.005923 0.046210 
0.462778 0.987898 0.462022 
0.057405 0.006179 0.491768 
0.008929 0.008929 0.973214 0.008929 
0.250000 0.250000 0.250000 0.250000 
 176
0.479817 0.005923 0.046210 
0.462778 0.987898 0.462022 
0.057405 0.006179 0.491768 
0.008929 0.008929 0.008929 0.973214 
0.250000 0.250000 0.250000 0.250000 
 177
0.479817 0.005923 0.046210 
0.462778 0.987898 0.462022 
0.057405 0.006179 0.491768 
0.008929 0.008929 0.963378 0.018765 
0.250000 0.250000 0.250000 0.250000 
 178
0.479817 0.005923 0.046210 
0.462778 0.987898 0.462022 
0.057405 0.006179 0.491768 
0.973214 0.008929 0.008929 0.008929 
0.250000 0.250000 0.250000 0.250000 
 179
0.479817 0.005923 0.046210 
0.462778 0.987898 0.462022 
0.057405 0.006179 0.491768 
0.973214 0.008929 0.008929 0.008929 
0.250000 0.250000 0.250000 0.250000 
 180
0.479817 0.005923 0.046210 
0.462778 0.987898 0.462022 
0.057405 0.006179 0.491768 
0.973214 0.008929 0.008929 0.008929 
0.250000 0.250000 0.250000 0.250000 
 181
0.479817 0.005923 0.046210 
0.462778 0.987898 0.462022 
0.057405 0.006179 0.491768 
0.008929 0.973214 0.008929 0.008929 
0.250000 0.250000 0.250000 0.250000 
 182
0.479817 0.005923 0.046210 
0.462778 0.987898 0.462022 
0.057405 0.006179 0.491768 
0.008929 0.973214 0.008929 0.008929 
0.250000 0.250000 0.250000 0.250000 
 183
0.479817 0.005923 0.046210 
0.462778 0.987898 0.462022 
0.057405 0.006179 0.491768 
0.970174 0.010231 0.008929 0.010666 
0.250000 0.250000 0.250000 0.250000 
 184
0.479817 0.005923 0.046210 
0.462778 0.987898 0.462022 
0.057405 0.006179 0.491768 
0.973214 0.008929 0.008929 0.008929 
0.250000 0.250000 0.250000 0.250000 
 185
0.479817 0.005923 0.046210 
0.462778 0.987898 0.462022 
0.057405 0.006179 0.491768 
0.008929 0.008929 0.973214 0.008929 
0.250000 0.250000 0.250000 0.250000 
 186
0.479817 0.005923 0.046210 
0.462778 0.987898 0.462022 
0.057405 0.006179 0.491768 
0.971568 0.008929 0.010575 0.008929 
0.250000 0.250000 0.250000 0.250000 
 187
0.479817 0.005923 0.046210 
0.462778 0.987898 0.462022 
0.057405 0.006179 0.491768 
0.276558 0.657831 0.056670 0.008942 
0.250000 0.250000 0.250000 0.250000 
 188
0.479817 0.005923 0.046210 
0.462778 0.987898 0.462022 
0.057405 0.006179 0.491768 
0.971777 0.010366 0.008929 0.008929 
0.250000 0.250000 0.250000 0.250000 
 189
0.479817 0.005923 0.046210 
0.462778 0.987898 0.462022 
0.057405 0.006179 0.491768 
0.915270 0.066873 0.008929 0.008929 
0.250000 0.250000 0.250000 0.250000 
 190
0.479817 0.005923 0.046210 
0.462778 0.987898 0.462022 
0.057405 0.006179 0.491768 
0.973214 0.008929 0.008929 0.008929 
0.250000 0.250000 0.250000 0.250000 
 191
0.479817 0.005923 0.046210 
0.462778 0.987898 0.462022 
0.057405 0.006179 0.491768 
0.008929 0.008929 0.973214 0.008929 
0.250000 0.250000 0.250000 0.250000 
 192
0.479817 0.005923 0.046210 
0.462778 0.987898 0.462022 
0.057405 0.006179 0.491768 
0.008929 0.008929 0.970139 0.012004 
0.250000 0.250000 0.250000 0.250000 
 193
0.479817 0.005923 0.046210 
0.462778 0.987898 0.462022 
0.057405 0.006179 0.491768 
0.973214 0.008929 0.008929 0.008929 
0.250000 0.250000 0.250000 0.250000 
 194
0.479817 0.005923 0.046210 
0.462778 0.987898 0.462022 
0.057405 0.006179 0.491768 
0.008942 0.973175 0.008942 0.008942 
0.250000 0.250000 0.250000 0.250000 
 195
0.479817 0.005923 0.046210 
0.462778 0.987898 0.462022 
0.057405 0.006179 0.491768 
0.971793 0.010350 0.008929 0.008929 
0.250000 0.250000 0.250000 0.250000 
 196
0.479817 0.005923 0.046210 
0.462778 0.987898 0.462022 
0.057405 0.006179 0.491768 
0.008929 0.973214 0.008929 0.008929 
0.250000 0.250000 0.250000 0.250000 
 197
0.479817 0.005923 0.046210 
0.462778 0.987898 0.462022 
0.057405 0.006179 0.491768 
0.008929 0.973214 0.008929 0.008929 
0.250000 0.250000 0.250000 0.250000 
 198
0.479817 0.005923 0.046210 
0.462778 0.987898 0.462022 
0.057405 0.006179 0.491768 
0.117908 0.864234 0.008929 0.008929 
0.250000 0.250000 0.250000 0.250000 
 199
0.479817 0.005923 0.046210 
0.462778 0.987898 0.462022 
0.057405 0.006179 0.491768 
0.971256 0.010887 0.008929 0.008929 
0.250000 0.250000 0.250000 0.250000 
 200
0.479817 0.005923 0.046210 
0.462778 0.987898 0.462022 
0.057405 0.006179 0.491768 
0.971906 0.010237 0.008929 0.008929 
0.250000 0.250000 0.250000 0.250000 
 201
0.479817 0.005923 0.046210 
0.462778 0.987898 0.462022 
0.057405 0.006179 0.491768 
0.967754 0.014389 0.008929 0.008929 
0.250000 0.250000 0.250000 0.250000 
 202
0.479817 0.005923 0.046210 
0.462778 0.987898 0.462022 
0.057405 0.006179 0.491768 
0.008929 0.008929 0.971762 0.010381 
0.250000 0.250000 0.250000 0.250000 
 203
0.479817 0.005923 0.046210 
0.462778 0.987898 0.462022 
0.057405 0.006179 0.491768 
0.008929 0.008929 0.008929 0.973214 
0.250000 0.250000 0.250000 0.250000 
 204
0.479817 0.005923 0.046210 
0.462778 0.987898 0.462022 
0.057405 0.006179 0.491768 
0.966800 0.011526 0.008929 0.012745 
0.250000 0.250000 0.250000 0.250000 
 205
0.479817 0.005923 0.046210 
0.462778 0.987898 0.462022 
0.057405 0.006179 0.491768 
0.008929 0.008929 0.008929 0.973214 
0.250000 0.250000 0.250000 0.250000 
 206
0.479817 0.005923 0.046210 
0.462778 0.987898 0.462022 
0.057405 0.006179 0.491768 
0.008929 0.973214 0.008929 0.008929 
0.250000 0.250000 0.250000 0.250000 
 207
0.479817 0.005923 0.046210 
0.462778 0.987898 0.462022 
0.057405 0.006179 0.491768 
0.008929 0.008929 0.967164 0.014978 
0.250000 0.250000 0.250000 0.250000 
 208
0.479817 0.005923 0.046210 
0.462778 0.987898 0.462022 
0.057405 0.006179 0.491768 
0.008929 0.008929 0.973214 0.008929 
0.250000 0.250000 0.250000 0.250000 
 209
0.479817 0.005923 0.046210 
0.462778 0.987898 0.462022 
0.057405 0.006179 0.491768 
0.008929 0.008929 0.973214 0.008929 
0.250000 0.250000 0.250000 0.250000 
 210
0.479817 0.005923 0.046210 
0.462778 0.987898 0.462022 
0.057405 0.006179 0.491768 
0.973214 0.008929 0.008929 0.008929 
0.250000 0.250000 0.250000 0.250000 
 211
0.479817 0.005923 0.046210 
0.462778 0.987898 0.462022 
0.057405 0.006179 0.491768 
0.953860 0.014785 0.022426 0.008929 
0.250000 0.250000 0.250000 0.250000 
 212
0.479817 0.005923 0.046210 
0.462778 0.987898 0.462022 
0.057405 0.006179 0.491768 
0.969132 0.013011 0.008929 0.008929 
0.250000 0.250000 0.250000 0.250000 
 213
0.479817 0.005923 0.046210 
0.462778 0.987898 0.462022 
0.057405 0.006179 0.491768 
0.895535 0.036499 0.059038 0.008929 
0.250000 0.250000 0.250000 0.250000 
 214
0.479817 0.005923 0.046210 
0.462778 0.987898 0.462022 
0.057405 0.006179 0.491768 
0.008929 0.008929 0.008929 0.973214 
0.250000 0.250000 0.250000 0.250000 
 215
0.479817 0.005923 0.046210 
0.462778 0.987898 0.462022 
0.057405 0.006179 0.491768 
0.008929 0.973214 0.008929 0.008929 
0.250000 0.250000 0.250000 0.250000 
 216
0.479817 0.005923 0.046210 
0.462778 0.987898 0.462022 
0.057405 0.006179 0.491768 
0.008929 0.008929 0.869200 0.112943 
0.250000 0.250000 0.250000 0.250000 
 217
0.479817 0.005923 0.046210 
0.462778 0.987898 0.462022 
0.057405 0.006179 0.491768 
0.012157 0.008929 0.942739 0.036176 
0.250000 0.250000 0.250000 0.250000 
 218
0.479817 0.005923 0.046210 
0.462778 0.987898 0.462022 
0.057405 0.006179 0.491768 
0.008929 0.008929 0.021542 0.960601 
0.250000 0.250000 0.250000 0.250000 
 219
0.479817 0.005923 0.046210 
0.462778 0.987898 0.462022 
0.057405 0.006179 0.491768 
0.053840 0.008929 0.916189 0.021042 
0.250000 0.250000 0.250000 0.250000 
 220
0.479817 0.005923 0.046210 
0.462778 0.987898 0.462022 
0.057405 0.006179 0.491768 
0.969446 0.010399 0.011226 0.008929 
0.250000 0.250000 0.250000 0.250000 
 221
0.479817 0.005923 0.046210 
0.462778 0.987898 0.462022 
0.057405 0.006179 0.491768 
0.973214 0.008929 0.008929 0.008929 
0.250000 0.250000 0.250000 0.250000 
 222
0.479817 0.005923 0.046210 
0.462778 0.987898 0.462022 
0.057405 0.006179 0.491768 
0.008929 0.008929 0.971651 0.010492 
0.250000 0.250000 0.250000 0.250000 
 223
0.479817 0.005923 0.046210 
0.462778 0.987898 0.462022 
0.057405 0.006179 0.491768 
0.008929 0.008929 0.008929 0.973214 
0.250000 0.250000 0.250000 0.250000 
 224
0.479817 0.005923 0.046210 
0.462778 0.987898 0.462022 
0.057405 0.006179 0.491768 
0.008929 0.973214 0.008929 0.008929 
0.250000 0.250000 0.250000 0.250000 
 225
0.479817 0.005923 0.046210 
0.462778 0.987898 0.462022 
0.057405 0.006179 0.491768 
0.008929 0.008929 0.971797 0.010346 
0.250000 0.250000 0.250000 0.250000 
 226
0.479817 0.005923 0.046210 
0.462778 0.987898 0.462022 
0.057405 0.006179 0.491768 
0.973214 0.008929 0.008929 0.008929 
0.250000 0.250000 0.250000 0.250000 
 227
0.479817 0.005923 0.046210 
0.462778 0.987898 0.462022 
0.057405 0.006179 0.491768 
0.008929 0.008929 0.973214 0.008929 
0.250000 0.250000 0.250000 0.250000 
 228
0.479817 0.005923 0.046210 
0.462778 0.987898 0.462022 
0.057405 0.006179 0.491768 
0.971519 0.008929 0.008929 0.010624 
0.250000 0.250000 0.250000 0.250000 
 229
0.479817 0.005923 0.046210 
0.462778 0.987898 0.462022 
0.057405 0.006179 0.491768 
0.008929 0.973214 0.008929 0.008929 
0.250000 0.250000 0.250000 0.250000 
 230
0.479817 0.005923 0.046210 
0.462778 0.987898 0.462022 
0.057405 0.006179 0.491768 
0.973214 0.008929 0.008929 0.008929 
0.250000 0.250000 0.250000 0.250000 
 231
0.479817 0.005923 0.046210 
0.462778 0.987898 0.462022 
0.057405 0.006179 0.491768 
0.008929 0.008929 0.028161 0.953982 
0.250000 0.250000 0.250000 0.250000 
 232
0.479817 0.005923 0.046210 
0.462778 0.987898 0.462022 
0.057405 0.006179 0.491768 
0.008929 0.008929 0.969266 0.012877 
0.250000 0.250000 0.250000 0.250000 
 233
0.479817 0.005923 0.046210 
0.462778 0.987898 0.462022 
0.057405 0.006179 0.491768 
0.008929 0.008929 0.008929 0.973214 
0.250000 0.250000 0.250000 0.250000 
 234
0.479817 0.005923 0.046210 
0.462778 0.987898 0.462022 
