%  SAM: /scicomp/home/yfa9/CDC_projects/Mol_genetic_analysis/Nomenclature/H1_Nomenclature/All_plus_Ref_v5/v_2/label/LABEL_RES/scripts/modelfromalign_Linux v3.5 (July 15, 2005) compiled 12/08/06_16:15:55
%  (c) 1992-2001 Regents of the University of California, Santa Cruz
%
%          Sequence Alignment and Modeling Software System
%         http://www.cse.ucsc.edu/research/compbio/sam.html
%
% ----------------- Citations (SAM, SAM-T2K, HMMs) --------------------
% R. Hughey, A. Krogh, Hidden Markov models for sequence analysis:
%  Extension and analysis of the basic method, CABIOS 12:95-107, 1996.
% K. Karplus, et al., What is the value added by human intervention in protein
%  structure prediction, Proteins: Stucture, Function, Genetics 45(S5):86--91, 2001.
% A. Krogh et al., Hidden Markov models in computational biology:
%  Applications to protein modeling, JMB 235:1501-1531, Feb 1994.
% ---------------------------------------------------------------------
%  6B1_hmm   Host: node4.aspen.biotech.cdc.gov    Mon Jun 27 13:06:47 2016
%  yfa9      Dir:  /scicomp/home/yfa9/CDC_projects/Mol_genetic_analysis/Nomenclature/H1_Nomenclature/All_plus_Ref_v5/v_2/Step4/From_Clustering_v2/H1Pdm009_v1/c-6C-6B-6B1-6B2/c-6B-6B1-6B2
% ---------------------------------------------------------------------
%  Alignment weights from internal calc.  Total (37.74) Max (0.07) Min (0.02)
%  Weights from alignment method 1 (karplus), b=-1.000000, e=0.500000
MODEL --  Model from alignment file /scicomp/home/yfa9/CDC_projects/Mol_genetic_analysis/Nomenclature/H1_Nomenclature/All_plus_Ref_v5/v_2/label/LABEL_RES/training_data/H1v2016_1/c-6C-6B-6B1-6B2/c-6B-6B1-6B2/6B1.fasta
alphabet DNA
FREQAVE
0.000000 0.000000 0.000000 
0.000000 0.000000 0.000000 
0.000000 0.000000 0.000000 
0.354082 0.220117 0.188950 0.236851 
0.354082 0.220117 0.188950 0.236851 
Begin
0.000000 0.000000 0.000000 
0.000000 0.000000 0.000000 
0.000000 0.004946 0.491768 
0.250000 0.250000 0.250000 0.250000 
0.250000 0.250000 0.250000 0.250000 
   1
0.000000 0.009973 0.046210 
0.000000 0.985081 0.462022 
0.053572 0.004972 0.491768 
0.980496 0.006501 0.006501 0.006501 
0.250000 0.250000 0.250000 0.250000 
   2
0.514550 0.004766 0.046210 
0.431878 0.990263 0.462022 
0.053572 0.004972 0.491768 
0.006501 0.006501 0.006501 0.980496 
0.250000 0.250000 0.250000 0.250000 
   3
0.514550 0.004766 0.046210 
0.431878 0.990263 0.462022 
0.053572 0.004972 0.491768 
0.006501 0.980496 0.006501 0.006501 
0.250000 0.250000 0.250000 0.250000 
   4
0.514550 0.004766 0.046210 
0.431878 0.990263 0.462022 
0.053572 0.004972 0.491768 
0.975731 0.011267 0.006501 0.006501 
0.250000 0.250000 0.250000 0.250000 
   5
0.503655 0.004766 0.046210 
0.442773 0.990263 0.462022 
0.054162 0.004967 0.491768 
0.980520 0.006493 0.006493 0.006493 
0.250000 0.250000 0.250000 0.250000 
   6
0.485960 0.004762 0.046210 
0.459878 0.990271 0.462022 
0.055451 0.004958 0.491768 
0.008203 0.978843 0.006477 0.006477 
0.250000 0.250000 0.250000 0.250000 
   7
0.480195 0.004753 0.046210 
0.464354 0.990289 0.462022 
0.056429 0.004952 0.491768 
0.009876 0.977194 0.006465 0.006465 
0.250000 0.250000 0.250000 0.250000 
   8
0.478141 0.004747 0.046210 
0.465430 0.990301 0.462022 
0.057029 0.004948 0.491768 
0.006458 0.006458 0.980625 0.006458 
0.250000 0.250000 0.250000 0.250000 
   9
0.483225 0.004743 0.046210 
0.459746 0.990309 0.462022 
0.057029 0.004948 0.491768 
0.980625 0.006458 0.006458 0.006458 
0.250000 0.250000 0.250000 0.250000 
  10
0.483225 0.004743 0.046210 
0.459746 0.990309 0.462022 
0.057029 0.004948 0.491768 
0.980614 0.006462 0.006462 0.006462 
0.250000 0.250000 0.250000 0.250000 
  11
0.483225 0.004743 0.046210 
0.459746 0.990309 0.462022 
0.057029 0.004948 0.491768 
0.006458 0.006458 0.007285 0.979798 
0.250000 0.250000 0.250000 0.250000 
  12
0.483225 0.004743 0.046210 
0.459746 0.990309 0.462022 
0.057029 0.004948 0.491768 
0.980625 0.006458 0.006458 0.006458 
0.250000 0.250000 0.250000 0.250000 
  13
0.483225 0.004743 0.046210 
0.459746 0.990309 0.462022 
0.057029 0.004948 0.491768 
0.006458 0.007377 0.977855 0.008309 
0.250000 0.250000 0.250000 0.250000 
  14
0.483225 0.004743 0.046210 
0.459746 0.990309 0.462022 
0.057029 0.004948 0.491768 
0.006458 0.006458 0.006458 0.980625 
0.250000 0.250000 0.250000 0.250000 
  15
0.483225 0.004743 0.046210 
0.459746 0.990309 0.462022 
0.057029 0.004948 0.491768 
0.980625 0.006458 0.006458 0.006458 
0.250000 0.250000 0.250000 0.250000 
  16
0.483225 0.004743 0.046210 
0.459746 0.990309 0.462022 
0.057029 0.004948 0.491768 
0.008103 0.978981 0.006458 0.006458 
0.250000 0.250000 0.250000 0.250000 
  17
0.483225 0.004743 0.046210 
0.459746 0.990309 0.462022 
0.057029 0.004948 0.491768 
0.006458 0.006458 0.008195 0.978889 
0.250000 0.250000 0.250000 0.250000 
  18
0.483225 0.004743 0.046210 
0.459746 0.990309 0.462022 
0.057029 0.004948 0.491768 
0.980625 0.006458 0.006458 0.006458 
0.250000 0.250000 0.250000 0.250000 
  19
0.483225 0.004743 0.046210 
0.459746 0.990309 0.462022 
0.057029 0.004948 0.491768 
0.008893 0.978190 0.006458 0.006458 
0.250000 0.250000 0.250000 0.250000 
  20
0.483225 0.004743 0.046210 
0.459746 0.990309 0.462022 
0.057029 0.004948 0.491768 
0.006458 0.006458 0.006458 0.980625 
0.250000 0.250000 0.250000 0.250000 
  21
0.483225 0.004743 0.046210 
0.459746 0.990309 0.462022 
0.057029 0.004948 0.491768 
0.006458 0.006458 0.007830 0.979253 
0.250000 0.250000 0.250000 0.250000 
  22
0.483225 0.004743 0.046210 
0.459746 0.990309 0.462022 
0.057029 0.004948 0.491768 
0.006458 0.006458 0.979748 0.007336 
0.250000 0.250000 0.250000 0.250000 
  23
0.483225 0.004743 0.046210 
0.459746 0.990309 0.462022 
0.057029 0.004948 0.491768 
0.006458 0.006458 0.006458 0.980625 
0.250000 0.250000 0.250000 0.250000 
  24
0.483225 0.004743 0.046210 
0.459746 0.990309 0.462022 
0.057029 0.004948 0.491768 
0.006458 0.980625 0.006458 0.006458 
0.250000 0.250000 0.250000 0.250000 
  25
0.483225 0.004743 0.046210 
0.459746 0.990309 0.462022 
0.057029 0.004948 0.491768 
0.007175 0.006458 0.979144 0.007223 
0.250000 0.250000 0.250000 0.250000 
  26
0.483225 0.004743 0.046210 
0.459746 0.990309 0.462022 
0.057029 0.004948 0.491768 
0.006458 0.006458 0.006458 0.980625 
0.250000 0.250000 0.250000 0.250000 
  27
0.483225 0.004743 0.046210 
0.459746 0.990309 0.462022 
0.057029 0.004948 0.491768 
0.979529 0.007554 0.006458 0.006458 
0.250000 0.250000 0.250000 0.250000 
  28
0.483225 0.004743 0.046210 
0.459746 0.990309 0.462022 
0.057029 0.004948 0.491768 
0.006458 0.006458 0.006458 0.980625 
0.250000 0.250000 0.250000 0.250000 
  29
0.483225 0.004743 0.046210 
0.459746 0.990309 0.462022 
0.057029 0.004948 0.491768 
0.979807 0.006458 0.006458 0.007276 
0.250000 0.250000 0.250000 0.250000 
  30
0.483225 0.004743 0.046210 
0.459746 0.990309 0.462022 
0.057029 0.004948 0.491768 
0.006458 0.006458 0.010248 0.976836 
0.250000 0.250000 0.250000 0.250000 
  31
0.483225 0.004743 0.046210 
0.459746 0.990309 0.462022 
0.057029 0.004948 0.491768 
0.980625 0.006458 0.006458 0.006458 
0.250000 0.250000 0.250000 0.250000 
  32
0.483225 0.004743 0.046210 
0.459746 0.990309 0.462022 
0.057029 0.004948 0.491768 
0.006458 0.006458 0.980625 0.006458 
0.250000 0.250000 0.250000 0.250000 
  33
0.483225 0.004743 0.046210 
0.459746 0.990309 0.462022 
0.057029 0.004948 0.491768 
0.980625 0.006458 0.006458 0.006458 
0.250000 0.250000 0.250000 0.250000 
  34
0.483225 0.004743 0.046210 
0.459746 0.990309 0.462022 
0.057029 0.004948 0.491768 
0.007204 0.006458 0.007909 0.978429 
0.250000 0.250000 0.250000 0.250000 
  35
0.483225 0.004743 0.046210 
0.459746 0.990309 0.462022 
0.057029 0.004948 0.491768 
0.006458 0.006458 0.006458 0.980625 
0.250000 0.250000 0.250000 0.250000 
  36
0.483225 0.004743 0.046210 
0.459746 0.990309 0.462022 
0.057029 0.004948 0.491768 
0.007345 0.006458 0.015729 0.970467 
0.250000 0.250000 0.250000 0.250000 
  37
0.483225 0.004743 0.046210 
0.459746 0.990309 0.462022 
0.057029 0.004948 0.491768 
0.979008 0.008075 0.006458 0.006458 
0.250000 0.250000 0.250000 0.250000 
  38
0.483225 0.004743 0.046210 
0.459746 0.990309 0.462022 
0.057029 0.004948 0.491768 
0.007220 0.006458 0.978814 0.007508 
0.250000 0.250000 0.250000 0.250000 
  39
0.483225 0.004743 0.046210 
0.459746 0.990309 0.462022 
0.057029 0.004948 0.491768 
0.980625 0.006458 0.006458 0.006458 
0.250000 0.250000 0.250000 0.250000 
  40
0.483225 0.004743 0.046210 
0.459746 0.990309 0.462022 
0.057029 0.004948 0.491768 
0.973968 0.013115 0.006458 0.006458 
0.250000 0.250000 0.250000 0.250000 
  41
0.483225 0.004743 0.046210 
0.459746 0.990309 0.462022 
0.057029 0.004948 0.491768 
0.006467 0.006467 0.979124 0.007941 
0.250000 0.250000 0.250000 0.250000 
  42
0.483225 0.004743 0.046210 
0.459746 0.990309 0.462022 
0.057029 0.004948 0.491768 
0.008963 0.006462 0.942022 0.042554 
0.250000 0.250000 0.250000 0.250000 
  43
0.483225 0.004743 0.046210 
0.459746 0.990309 0.462022 
0.057029 0.004948 0.491768 
0.008002 0.979082 0.006458 0.006458 
0.250000 0.250000 0.250000 0.250000 
  44
0.483225 0.004743 0.046210 
0.459746 0.990309 0.462022 
0.057029 0.004948 0.491768 
0.006458 0.006458 0.979173 0.007910 
0.250000 0.250000 0.250000 0.250000 
  45
0.483225 0.004743 0.046210 
0.459746 0.990309 0.462022 
0.057029 0.004948 0.491768 
0.978522 0.007463 0.007556 0.006458 
0.250000 0.250000 0.250000 0.250000 
  46
0.483225 0.004743 0.046210 
0.459746 0.990309 0.462022 
0.057029 0.004948 0.491768 
0.979442 0.007632 0.006463 0.006463 
0.250000 0.250000 0.250000 0.250000 
  47
0.483225 0.004743 0.046210 
0.459746 0.990309 0.462022 
0.057029 0.004948 0.491768 
0.978959 0.007216 0.007363 0.006462 
0.250000 0.250000 0.250000 0.250000 
  48
0.483225 0.004743 0.046210 
0.459746 0.990309 0.462022 
0.057029 0.004948 0.491768 
0.006464 0.006464 0.006464 0.980608 
0.250000 0.250000 0.250000 0.250000 
  49
0.483225 0.004743 0.046210 
0.459746 0.990309 0.462022 
0.057029 0.004948 0.491768 
0.006458 0.979712 0.006458 0.007371 
0.250000 0.250000 0.250000 0.250000 
  50
0.483225 0.004743 0.046210 
0.459746 0.990309 0.462022 
0.057029 0.004948 0.491768 
0.006458 0.006458 0.980625 0.006458 
0.250000 0.250000 0.250000 0.250000 
  51
0.483225 0.004743 0.046210 
0.459746 0.990309 0.462022 
0.057029 0.004948 0.491768 
0.980625 0.006458 0.006458 0.006458 
0.250000 0.250000 0.250000 0.250000 
  52
0.476674 0.004743 0.046210 
0.466297 0.990309 0.462022 
0.057405 0.004946 0.491768 
0.006454 0.980638 0.006454 0.006454 
0.250000 0.250000 0.250000 0.250000 
  53
0.479817 0.004741 0.046210 
0.462778 0.990314 0.462022 
0.057405 0.004946 0.491768 
0.980638 0.006454 0.006454 0.006454 
0.250000 0.250000 0.250000 0.250000 
  54
0.479817 0.004741 0.046210 
0.462778 0.990314 0.462022 
0.057405 0.004946 0.491768 
0.006454 0.006454 0.979631 0.007461 
0.250000 0.250000 0.250000 0.250000 
  55
0.479817 0.004741 0.046210 
0.462778 0.990314 0.462022 
0.057405 0.004946 0.491768 
0.980638 0.006454 0.006454 0.006454 
0.250000 0.250000 0.250000 0.250000 
  56
0.479817 0.004741 0.046210 
0.462778 0.990314 0.462022 
0.057405 0.004946 0.491768 
0.007282 0.006457 0.979804 0.006457 
0.250000 0.250000 0.250000 0.250000 
  57
0.479817 0.004741 0.046210 
0.462778 0.990314 0.462022 
0.057405 0.004946 0.491768 
0.977775 0.008126 0.007645 0.006454 
0.250000 0.250000 0.250000 0.250000 
  58
0.479817 0.004741 0.046210 
0.462778 0.990314 0.462022 
0.057405 0.004946 0.491768 
0.007168 0.006454 0.007182 0.979196 
0.250000 0.250000 0.250000 0.250000 
  59
0.479817 0.004741 0.046210 
0.462778 0.990314 0.462022 
0.057405 0.004946 0.491768 
0.006454 0.006454 0.006454 0.980638 
0.250000 0.250000 0.250000 0.250000 
  60
0.479817 0.004741 0.046210 
0.462778 0.990314 0.462022 
0.057405 0.004946 0.491768 
0.978380 0.008712 0.006454 0.006454 
0.250000 0.250000 0.250000 0.250000 
  61
0.479817 0.004741 0.046210 
0.462778 0.990314 0.462022 
0.057405 0.004946 0.491768 
0.007301 0.006454 0.006454 0.979791 
0.250000 0.250000 0.250000 0.250000 
  62
0.479817 0.004741 0.046210 
0.462778 0.990314 0.462022 
0.057405 0.004946 0.491768 
0.006454 0.980638 0.006454 0.006454 
0.250000 0.250000 0.250000 0.250000 
  63
0.479817 0.004741 0.046210 
0.462778 0.990314 0.462022 
0.057405 0.004946 0.491768 
0.006454 0.006454 0.018645 0.968447 
0.250000 0.250000 0.250000 0.250000 
  64
0.479817 0.004741 0.046210 
0.462778 0.990314 0.462022 
0.057405 0.004946 0.491768 
0.980638 0.006454 0.006454 0.006454 
0.250000 0.250000 0.250000 0.250000 
  65
0.479817 0.004741 0.046210 
0.462778 0.990314 0.462022 
0.057405 0.004946 0.491768 
0.006454 0.006454 0.006454 0.980638 
0.250000 0.250000 0.250000 0.250000 
  66
0.479817 0.004741 0.046210 
0.462778 0.990314 0.462022 
0.057405 0.004946 0.491768 
0.980638 0.006454 0.006454 0.006454 
0.250000 0.250000 0.250000 0.250000 
  67
0.479817 0.004741 0.046210 
0.462778 0.990314 0.462022 
0.057405 0.004946 0.491768 
0.006467 0.980599 0.006467 0.006467 
0.250000 0.250000 0.250000 0.250000 
  68
0.479817 0.004741 0.046210 
0.462778 0.990314 0.462022 
0.057405 0.004946 0.491768 
0.006454 0.980638 0.006454 0.006454 
0.250000 0.250000 0.250000 0.250000 
  69
0.479817 0.004741 0.046210 
0.462778 0.990314 0.462022 
0.057405 0.004946 0.491768 
0.006454 0.006454 0.006454 0.980638 
0.250000 0.250000 0.250000 0.250000 
  70
0.479817 0.004741 0.046210 
0.462778 0.990314 0.462022 
0.057405 0.004946 0.491768 
0.006454 0.006454 0.006454 0.980638 
0.250000 0.250000 0.250000 0.250000 
  71
0.479817 0.004741 0.046210 
0.462778 0.990314 0.462022 
0.057405 0.004946 0.491768 
0.980638 0.006454 0.006454 0.006454 
0.250000 0.250000 0.250000 0.250000 
  72
0.479817 0.004741 0.046210 
0.462778 0.990314 0.462022 
0.057405 0.004946 0.491768 
0.006458 0.006458 0.007403 0.979682 
0.250000 0.250000 0.250000 0.250000 
  73
0.479817 0.004741 0.046210 
0.462778 0.990314 0.462022 
0.057405 0.004946 0.491768 
0.006454 0.006454 0.980638 0.006454 
0.250000 0.250000 0.250000 0.250000 
  74
0.479817 0.004741 0.046210 
0.462778 0.990314 0.462022 
0.057405 0.004946 0.491768 
0.980638 0.006454 0.006454 0.006454 
0.250000 0.250000 0.250000 0.250000 
  75
0.479817 0.004741 0.046210 
0.462778 0.990314 0.462022 
0.057405 0.004946 0.491768 
0.006454 0.006454 0.006454 0.980638 
0.250000 0.250000 0.250000 0.250000 
  76
0.479817 0.004741 0.046210 
0.462778 0.990314 0.462022 
0.057405 0.004946 0.491768 
0.006458 0.980625 0.006458 0.006458 
0.250000 0.250000 0.250000 0.250000 
  77
0.479817 0.004741 0.046210 
0.462778 0.990314 0.462022 
0.057405 0.004946 0.491768 
0.006458 0.006458 0.980627 0.006458 
0.250000 0.250000 0.250000 0.250000 
  78
0.479817 0.004741 0.046210 
0.462778 0.990314 0.462022 
0.057405 0.004946 0.491768 
0.028961 0.958123 0.006458 0.006458 
0.250000 0.250000 0.250000 0.250000 
  79
0.479817 0.004741 0.046210 
0.462778 0.990314 0.462022 
0.057405 0.004946 0.491768 
0.980638 0.006454 0.006454 0.006454 
0.250000 0.250000 0.250000 0.250000 
  80
0.479817 0.004741 0.046210 
0.462778 0.990314 0.462022 
0.057405 0.004946 0.491768 
0.980638 0.006454 0.006454 0.006454 
0.250000 0.250000 0.250000 0.250000 
  81
0.479817 0.004741 0.046210 
0.462778 0.990314 0.462022 
0.057405 0.004946 0.491768 
0.006454 0.006454 0.978490 0.008602 
0.250000 0.250000 0.250000 0.250000 
  82
0.479817 0.004741 0.046210 
0.462778 0.990314 0.462022 
0.057405 0.004946 0.491768 
0.980638 0.006454 0.006454 0.006454 
0.250000 0.250000 0.250000 0.250000 
  83
0.479817 0.004741 0.046210 
0.462778 0.990314 0.462022 
0.057405 0.004946 0.491768 
0.980638 0.006454 0.006454 0.006454 
0.250000 0.250000 0.250000 0.250000 
  84
0.479817 0.004741 0.046210 
0.462778 0.990314 0.462022 
0.057405 0.004946 0.491768 
0.006454 0.006454 0.006454 0.980638 
0.250000 0.250000 0.250000 0.250000 
  85
0.479817 0.004741 0.046210 
0.462778 0.990314 0.462022 
0.057405 0.004946 0.491768 
0.006454 0.006454 0.006454 0.980638 
0.250000 0.250000 0.250000 0.250000 
  86
0.479817 0.004741 0.046210 
0.462778 0.990314 0.462022 
0.057405 0.004946 0.491768 
0.006454 0.006454 0.980638 0.006454 
0.250000 0.250000 0.250000 0.250000 
  87
0.479817 0.004741 0.046210 
0.462778 0.990314 0.462022 
0.057405 0.004946 0.491768 
0.979429 0.007652 0.006459 0.006459 
0.250000 0.250000 0.250000 0.250000 
  88
0.479817 0.004741 0.046210 
0.462778 0.990314 0.462022 
0.057405 0.004946 0.491768 
0.980638 0.006454 0.006454 0.006454 
0.250000 0.250000 0.250000 0.250000 
  89
0.479817 0.004741 0.046210 
0.462778 0.990314 0.462022 
0.057405 0.004946 0.491768 
0.006457 0.006457 0.980628 0.006457 
0.250000 0.250000 0.250000 0.250000 
  90
0.479817 0.004741 0.046210 
0.462778 0.990314 0.462022 
0.057405 0.004946 0.491768 
0.975756 0.007265 0.006454 0.010525 
0.250000 0.250000 0.250000 0.250000 
  91
0.479817 0.004741 0.046210 
0.462778 0.990314 0.462022 
0.057405 0.004946 0.491768 
0.006454 0.980638 0.006454 0.006454 
0.250000 0.250000 0.250000 0.250000 
  92
0.479817 0.004741 0.046210 
0.462778 0.990314 0.462022 
0.057405 0.004946 0.491768 
0.980638 0.006454 0.006454 0.006454 
0.250000 0.250000 0.250000 0.250000 
  93
0.479817 0.004741 0.046210 
0.462778 0.990314 0.462022 
0.057405 0.004946 0.491768 
0.007211 0.006454 0.979072 0.007263 
0.250000 0.250000 0.250000 0.250000 
  94
0.479817 0.004741 0.046210 
0.462778 0.990314 0.462022 
0.057405 0.004946 0.491768 
0.979781 0.007311 0.006454 0.006454 
0.250000 0.250000 0.250000 0.250000 
  95
0.479817 0.004741 0.046210 
0.462778 0.990314 0.462022 
0.057405 0.004946 0.491768 
0.006454 0.006454 0.979728 0.007365 
0.250000 0.250000 0.250000 0.250000 
  96
0.479817 0.004741 0.046210 
0.462778 0.990314 0.462022 
0.057405 0.004946 0.491768 
0.006454 0.006454 0.009018 0.978074 
0.250000 0.250000 0.250000 0.250000 
  97
0.479817 0.004741 0.046210 
0.462778 0.990314 0.462022 
0.057405 0.004946 0.491768 
0.008041 0.979051 0.006454 0.006454 
0.250000 0.250000 0.250000 0.250000 
  98
0.479817 0.004741 0.046210 
0.462778 0.990314 0.462022 
0.057405 0.004946 0.491768 
0.006454 0.006454 0.006454 0.980638 
0.250000 0.250000 0.250000 0.250000 
  99
0.479817 0.004741 0.046210 
0.462778 0.990314 0.462022 
0.057405 0.004946 0.491768 
0.979829 0.007263 0.006454 0.006454 
0.250000 0.250000 0.250000 0.250000 
 100
0.479817 0.004741 0.046210 
0.462778 0.990314 0.462022 
0.057405 0.004946 0.491768 
0.006458 0.980626 0.006458 0.006458 
0.250000 0.250000 0.250000 0.250000 
 101
0.479817 0.004741 0.046210 
0.462778 0.990314 0.462022 
0.057405 0.004946 0.491768 
0.980638 0.006454 0.006454 0.006454 
0.250000 0.250000 0.250000 0.250000 
 102
0.479817 0.004741 0.046210 
0.462778 0.990314 0.462022 
0.057405 0.004946 0.491768 
0.006454 0.006454 0.979829 0.007263 
0.250000 0.250000 0.250000 0.250000 
 103
0.479817 0.004741 0.046210 
0.462778 0.990314 0.462022 
0.057405 0.004946 0.491768 
0.980627 0.006458 0.006458 0.006458 
0.250000 0.250000 0.250000 0.250000 
 104
0.479817 0.004741 0.046210 
0.462778 0.990314 0.462022 
0.057405 0.004946 0.491768 
0.006454 0.006454 0.980638 0.006454 
0.250000 0.250000 0.250000 0.250000 
 105
0.479817 0.004741 0.046210 
0.462778 0.990314 0.462022 
0.057405 0.004946 0.491768 
0.979686 0.007406 0.006454 0.006454 
0.250000 0.250000 0.250000 0.250000 
 106
0.479817 0.004741 0.046210 
0.462778 0.990314 0.462022 
0.057405 0.004946 0.491768 
0.010672 0.976405 0.006461 0.006461 
0.250000 0.250000 0.250000 0.250000 
 107
0.479817 0.004741 0.046210 
0.462778 0.990314 0.462022 
0.057405 0.004946 0.491768 
0.006454 0.006454 0.006454 0.980638 
0.250000 0.250000 0.250000 0.250000 
 108
0.479817 0.004741 0.046210 
0.462778 0.990314 0.462022 
0.057405 0.004946 0.491768 
0.978720 0.008373 0.006454 0.006454 
0.250000 0.250000 0.250000 0.250000 
 109
0.479817 0.004741 0.046210 
0.462778 0.990314 0.462022 
0.057405 0.004946 0.491768 
0.006454 0.006454 0.977411 0.009681 
0.250000 0.250000 0.250000 0.250000 
 110
0.479817 0.004741 0.046210 
0.462778 0.990314 0.462022 
0.057405 0.004946 0.491768 
0.006454 0.006454 0.006454 0.980638 
0.250000 0.250000 0.250000 0.250000 
 111
0.479817 0.004741 0.046210 
0.462778 0.990314 0.462022 
0.057405 0.004946 0.491768 
0.979664 0.006454 0.006454 0.007428 
0.250000 0.250000 0.250000 0.250000 
 112
0.479817 0.004741 0.046210 
0.462778 0.990314 0.462022 
0.057405 0.004946 0.491768 
0.006459 0.980622 0.006459 0.006459 
0.250000 0.250000 0.250000 0.250000 
 113
0.479817 0.004741 0.046210 
0.462778 0.990314 0.462022 
0.057405 0.004946 0.491768 
0.980638 0.006454 0.006454 0.006454 
0.250000 0.250000 0.250000 0.250000 
 114
0.479817 0.004741 0.046210 
0.462778 0.990314 0.462022 
0.057405 0.004946 0.491768 
0.980638 0.006454 0.006454 0.006454 
0.250000 0.250000 0.250000 0.250000 
 115
0.479817 0.004741 0.046210 
0.462778 0.990314 0.462022 
0.057405 0.004946 0.491768 
0.980638 0.006454 0.006454 0.006454 
0.250000 0.250000 0.250000 0.250000 
 116
0.479817 0.004741 0.046210 
0.462778 0.990314 0.462022 
0.057405 0.004946 0.491768 
0.978706 0.008386 0.006454 0.006454 
0.250000 0.250000 0.250000 0.250000 
 117
0.479817 0.004741 0.046210 
0.462778 0.990314 0.462022 
0.057405 0.004946 0.491768 
0.007554 0.979531 0.006457 0.006457 
0.250000 0.250000 0.250000 0.250000 
 118
0.479817 0.004741 0.046210 
0.462778 0.990314 0.462022 
0.057405 0.004946 0.491768 
0.980638 0.006454 0.006454 0.006454 
0.250000 0.250000 0.250000 0.250000 
 119
0.479817 0.004741 0.046210 
0.462778 0.990314 0.462022 
0.057405 0.004946 0.491768 
0.980638 0.006454 0.006454 0.006454 
0.250000 0.250000 0.250000 0.250000 
 120
0.479817 0.004741 0.046210 
0.462778 0.990314 0.462022 
0.057405 0.004946 0.491768 
0.006454 0.006454 0.006454 0.980638 
0.250000 0.250000 0.250000 0.250000 
 121
0.479817 0.004741 0.046210 
0.462778 0.990314 0.462022 
0.057405 0.004946 0.491768 
0.007420 0.979660 0.006460 0.006460 
0.250000 0.250000 0.250000 0.250000 
 122
0.479817 0.004741 0.046210 
0.462778 0.990314 0.462022 
0.057405 0.004946 0.491768 
0.006454 0.006454 0.006454 0.980638 
0.250000 0.250000 0.250000 0.250000 
 123
0.479817 0.004741 0.046210 
0.462778 0.990314 0.462022 
0.057405 0.004946 0.491768 
0.978485 0.008607 0.006454 0.006454 
0.250000 0.250000 0.250000 0.250000 
 124
0.479817 0.004741 0.046210 
0.462778 0.990314 0.462022 
0.057405 0.004946 0.491768 
0.980628 0.006457 0.006457 0.006457 
0.250000 0.250000 0.250000 0.250000 
 125
0.479817 0.004741 0.046210 
0.462778 0.990314 0.462022 
0.057405 0.004946 0.491768 
0.006462 0.006462 0.980615 0.006462 
0.250000 0.250000 0.250000 0.250000 
 126
0.479817 0.004741 0.046210 
0.462778 0.990314 0.462022 
0.057405 0.004946 0.491768 
0.978689 0.008403 0.006454 0.006454 
0.250000 0.250000 0.250000 0.250000 
 127
0.479817 0.004741 0.046210 
0.462778 0.990314 0.462022 
0.057405 0.004946 0.491768 
0.006454 0.980638 0.006454 0.006454 
0.250000 0.250000 0.250000 0.250000 
 128
0.479817 0.004741 0.046210 
0.462778 0.990314 0.462022 
0.057405 0.004946 0.491768 
0.006454 0.006454 0.006454 0.980638 
0.250000 0.250000 0.250000 0.250000 
 129
0.479817 0.004741 0.046210 
0.462778 0.990314 0.462022 
0.057405 0.004946 0.491768 
0.971524 0.015568 0.006454 0.006454 
0.250000 0.250000 0.250000 0.250000 
 130
0.479817 0.004741 0.046210 
0.462778 0.990314 0.462022 
0.057405 0.004946 0.491768 
0.980638 0.006454 0.006454 0.006454 
0.250000 0.250000 0.250000 0.250000 
 131
0.479817 0.004741 0.046210 
0.462778 0.990314 0.462022 
0.057405 0.004946 0.491768 
0.006454 0.006454 0.980638 0.006454 
0.250000 0.250000 0.250000 0.250000 
 132
0.479817 0.004741 0.046210 
0.462778 0.990314 0.462022 
0.057405 0.004946 0.491768 
0.980638 0.006454 0.006454 0.006454 
0.250000 0.250000 0.250000 0.250000 
 133
0.479817 0.004741 0.046210 
0.462778 0.990314 0.462022 
0.057405 0.004946 0.491768 
0.006454 0.006454 0.980638 0.006454 
0.250000 0.250000 0.250000 0.250000 
 134
0.479817 0.004741 0.046210 
0.462778 0.990314 0.462022 
0.057405 0.004946 0.491768 
0.980638 0.006454 0.006454 0.006454 
0.250000 0.250000 0.250000 0.250000 
 135
0.479817 0.004741 0.046210 
0.462778 0.990314 0.462022 
0.057405 0.004946 0.491768 
0.006454 0.006454 0.977446 0.009646 
0.250000 0.250000 0.250000 0.250000 
 136
0.479817 0.004741 0.046210 
0.462778 0.990314 0.462022 
0.057405 0.004946 0.491768 
0.006454 0.006454 0.006454 0.980638 
0.250000 0.250000 0.250000 0.250000 
 137
0.479817 0.004741 0.046210 
0.462778 0.990314 0.462022 
0.057405 0.004946 0.491768 
0.006454 0.006454 0.980638 0.006454 
0.250000 0.250000 0.250000 0.250000 
 138
0.479817 0.004741 0.046210 
0.462778 0.990314 0.462022 
0.057405 0.004946 0.491768 
0.006454 0.006454 0.007430 0.979662 
0.250000 0.250000 0.250000 0.250000 
 139
0.479817 0.004741 0.046210 
0.462778 0.990314 0.462022 
0.057405 0.004946 0.491768 
0.009839 0.977253 0.006454 0.006454 
0.250000 0.250000 0.250000 0.250000 
 140
0.479817 0.004741 0.046210 
0.462778 0.990314 0.462022 
0.057405 0.004946 0.491768 
0.006454 0.006454 0.006454 0.980638 
0.250000 0.250000 0.250000 0.250000 
 141
0.479817 0.004741 0.046210 
0.462778 0.990314 0.462022 
0.057405 0.004946 0.491768 
0.006454 0.006454 0.006454 0.980638 
0.250000 0.250000 0.250000 0.250000 
 142
0.479817 0.004741 0.046210 
0.462778 0.990314 0.462022 
0.057405 0.004946 0.491768 
0.979770 0.007322 0.006454 0.006454 
0.250000 0.250000 0.250000 0.250000 
 143
0.479817 0.004741 0.046210 
0.462778 0.990314 0.462022 
0.057405 0.004946 0.491768 
0.980638 0.006454 0.006454 0.006454 
0.250000 0.250000 0.250000 0.250000 
 144
0.479817 0.004741 0.046210 
0.462778 0.990314 0.462022 
0.057405 0.004946 0.491768 
0.006461 0.006461 0.125869 0.861209 
0.250000 0.250000 0.250000 0.250000 
 145
0.479817 0.004741 0.046210 
0.462778 0.990314 0.462022 
0.057405 0.004946 0.491768 
0.006454 0.006454 0.980638 0.006454 
0.250000 0.250000 0.250000 0.250000 
 146
0.479817 0.004741 0.046210 
0.462778 0.990314 0.462022 
0.057405 0.004946 0.491768 
0.006454 0.006454 0.006454 0.980638 
0.250000 0.250000 0.250000 0.250000 
 147
0.479817 0.004741 0.046210 
0.462778 0.990314 0.462022 
0.057405 0.004946 0.491768 
0.006454 0.006454 0.011341 0.975751 
0.250000 0.250000 0.250000 0.250000 
 148
0.479817 0.004741 0.046210 
0.462778 0.990314 0.462022 
0.057405 0.004946 0.491768 
0.006460 0.006460 0.975911 0.011169 
0.250000 0.250000 0.250000 0.250000 
 149
0.479817 0.004741 0.046210 
0.462778 0.990314 0.462022 
0.057405 0.004946 0.491768 
0.006454 0.006454 0.006454 0.980638 
0.250000 0.250000 0.250000 0.250000 
 150
0.479817 0.004741 0.046210 
0.462778 0.990314 0.462022 
0.057405 0.004946 0.491768 
0.021419 0.964944 0.006458 0.007179 
0.250000 0.250000 0.250000 0.250000 
 151
0.479817 0.004741 0.046210 
0.462778 0.990314 0.462022 
0.057405 0.004946 0.491768 
0.006454 0.980638 0.006454 0.006454 
0.250000 0.250000 0.250000 0.250000 
 152
0.479817 0.004741 0.046210 
0.462778 0.990314 0.462022 
0.057405 0.004946 0.491768 
0.980638 0.006454 0.006454 0.006454 
0.250000 0.250000 0.250000 0.250000 
 153
0.479817 0.004741 0.046210 
0.462778 0.990314 0.462022 
0.057405 0.004946 0.491768 
0.978614 0.007554 0.007374 0.006458 
0.250000 0.250000 0.250000 0.250000 
 154
0.479817 0.004741 0.046210 
0.462778 0.990314 0.462022 
0.057405 0.004946 0.491768 
0.007921 0.979171 0.006454 0.006454 
0.250000 0.250000 0.250000 0.250000 
 155
0.479817 0.004741 0.046210 
0.462778 0.990314 0.462022 
0.057405 0.004946 0.491768 
0.967635 0.019457 0.006454 0.006454 
0.250000 0.250000 0.250000 0.250000 
 156
0.479817 0.004741 0.046210 
0.462778 0.990314 0.462022 
0.057405 0.004946 0.491768 
0.009882 0.006454 0.975217 0.008447 
0.250000 0.250000 0.250000 0.250000 
 157
0.479817 0.004741 0.046210 
0.462778 0.990314 0.462022 
0.057405 0.004946 0.491768 
0.980638 0.006454 0.006454 0.006454 
0.250000 0.250000 0.250000 0.250000 
 158
0.479817 0.004741 0.046210 
0.462778 0.990314 0.462022 
0.057405 0.004946 0.491768 
0.979750 0.007342 0.006454 0.006454 
0.250000 0.250000 0.250000 0.250000 
 159
0.479817 0.004741 0.046210 
0.462778 0.990314 0.462022 
0.057405 0.004946 0.491768 
0.008832 0.977536 0.006458 0.007174 
0.250000 0.250000 0.250000 0.250000 
 160
0.479817 0.004741 0.046210 
0.462778 0.990314 0.462022 
0.057405 0.004946 0.491768 
0.007627 0.006454 0.979465 0.006454 
0.250000 0.250000 0.250000 0.250000 
 161
0.479817 0.004741 0.046210 
0.462778 0.990314 0.462022 
0.057405 0.004946 0.491768 
0.980638 0.006454 0.006454 0.006454 
0.250000 0.250000 0.250000 0.250000 
 162
0.479817 0.004741 0.046210 
0.462778 0.990314 0.462022 
0.057405 0.004946 0.491768 
0.006454 0.006454 0.008234 0.978858 
0.250000 0.250000 0.250000 0.250000 
 163
0.479817 0.004741 0.046210 
0.462778 0.990314 0.462022 
0.057405 0.004946 0.491768 
0.977373 0.009711 0.006458 0.006458 
0.250000 0.250000 0.250000 0.250000 
 164
0.479817 0.004741 0.046210 
0.462778 0.990314 0.462022 
0.057405 0.004946 0.491768 
0.980638 0.006454 0.006454 0.006454 
0.250000 0.250000 0.250000 0.250000 
 165
0.479817 0.004741 0.046210 
0.462778 0.990314 0.462022 
0.057405 0.004946 0.491768 
0.006454 0.006454 0.974864 0.012228 
0.250000 0.250000 0.250000 0.250000 
 166
0.479817 0.004741 0.046210 
0.462778 0.990314 0.462022 
0.057405 0.004946 0.491768 
0.007899 0.979193 0.006454 0.006454 
0.250000 0.250000 0.250000 0.250000 
 167
0.479817 0.004741 0.046210 
0.462778 0.990314 0.462022 
0.057405 0.004946 0.491768 
0.010635 0.976457 0.006454 0.006454 
0.250000 0.250000 0.250000 0.250000 
 168
0.479817 0.004741 0.046210 
0.462778 0.990314 0.462022 
0.057405 0.004946 0.491768 
0.979302 0.007790 0.006454 0.006454 
0.250000 0.250000 0.250000 0.250000 
 169
0.479817 0.004741 0.046210 
0.462778 0.990314 0.462022 
0.057405 0.004946 0.491768 
0.980638 0.006454 0.006454 0.006454 
0.250000 0.250000 0.250000 0.250000 
 170
0.479817 0.004741 0.046210 
0.462778 0.990314 0.462022 
0.057405 0.004946 0.491768 
0.979744 0.007340 0.006458 0.006458 
0.250000 0.250000 0.250000 0.250000 
 171
0.479817 0.004741 0.046210 
0.462778 0.990314 0.462022 
0.057405 0.004946 0.491768 
0.978245 0.008062 0.007239 0.006454 
0.250000 0.250000 0.250000 0.250000 
 172
0.479817 0.004741 0.046210 
0.462778 0.990314 0.462022 
0.057405 0.004946 0.491768 
0.006454 0.006454 0.979542 0.007550 
0.250000 0.250000 0.250000 0.250000 
 173
0.479817 0.004741 0.046210 
0.462778 0.990314 0.462022 
0.057405 0.004946 0.491768 
0.006454 0.006454 0.006454 0.980638 
0.250000 0.250000 0.250000 0.250000 
 174
0.479817 0.004741 0.046210 
0.462778 0.990314 0.462022 
0.057405 0.004946 0.491768 
0.980638 0.006454 0.006454 0.006454 
0.250000 0.250000 0.250000 0.250000 
 175
0.479817 0.004741 0.046210 
0.462778 0.990314 0.462022 
0.057405 0.004946 0.491768 
0.006454 0.006454 0.006454 0.980638 
0.250000 0.250000 0.250000 0.250000 
 176
0.479817 0.004741 0.046210 
0.462778 0.990314 0.462022 
0.057405 0.004946 0.491768 
0.006454 0.980638 0.006454 0.006454 
0.250000 0.250000 0.250000 0.250000 
 177
0.479817 0.004741 0.046210 
0.462778 0.990314 0.462022 
0.057405 0.004946 0.491768 
0.006454 0.006454 0.978537 0.008556 
0.250000 0.250000 0.250000 0.250000 
 178
0.479817 0.004741 0.046210 
0.462778 0.990314 0.462022 
0.057405 0.004946 0.491768 
0.979811 0.007281 0.006454 0.006454 
0.250000 0.250000 0.250000 0.250000 
 179
0.479817 0.004741 0.046210 
0.462778 0.990314 0.462022 
0.057405 0.004946 0.491768 
0.979589 0.007503 0.006454 0.006454 
0.250000 0.250000 0.250000 0.250000 
 180
0.479817 0.004741 0.046210 
0.462778 0.990314 0.462022 
0.057405 0.004946 0.491768 
0.977805 0.008043 0.007698 0.006454 
0.250000 0.250000 0.250000 0.250000 
 181
0.479817 0.004741 0.046210 
0.462778 0.990314 0.462022 
0.057405 0.004946 0.491768 
0.006454 0.006454 0.977440 0.009653 
0.250000 0.250000 0.250000 0.250000 
 182
0.479817 0.004741 0.046210 
0.462778 0.990314 0.462022 
0.057405 0.004946 0.491768 
0.006454 0.006454 0.006454 0.980638 
0.250000 0.250000 0.250000 0.250000 
 183
0.479817 0.004741 0.046210 
0.462778 0.990314 0.462022 
0.057405 0.004946 0.491768 
0.979685 0.007407 0.006454 0.006454 
0.250000 0.250000 0.250000 0.250000 
 184
0.479817 0.004741 0.046210 
0.462778 0.990314 0.462022 
0.057405 0.004946 0.491768 
0.976356 0.010736 0.006454 0.006454 
0.250000 0.250000 0.250000 0.250000 
 185
0.479817 0.004741 0.046210 
0.462778 0.990314 0.462022 
0.057405 0.004946 0.491768 
0.011997 0.974297 0.006454 0.007252 
0.250000 0.250000 0.250000 0.250000 
 186
0.479817 0.004741 0.046210 
0.462778 0.990314 0.462022 
0.057405 0.004946 0.491768 
0.977990 0.009102 0.006454 0.006454 
0.250000 0.250000 0.250000 0.250000 
 187
0.479817 0.004741 0.046210 
0.462778 0.990314 0.462022 
0.057405 0.004946 0.491768 
0.006454 0.980638 0.006454 0.006454 
0.250000 0.250000 0.250000 0.250000 
 188
0.479817 0.004741 0.046210 
0.462778 0.990314 0.462022 
0.057405 0.004946 0.491768 
0.007831 0.979261 0.006454 0.006454 
0.250000 0.250000 0.250000 0.250000 
 189
0.479817 0.004741 0.046210 
0.462778 0.990314 0.462022 
0.057405 0.004946 0.491768 
0.011287 0.975789 0.006462 0.006462 
0.250000 0.250000 0.250000 0.250000 
 190
0.479817 0.004741 0.046210 
0.462778 0.990314 0.462022 
0.057405 0.004946 0.491768 
0.008041 0.978264 0.006454 0.007241 
0.250000 0.250000 0.250000 0.250000 
 191
0.479817 0.004741 0.046210 
0.462778 0.990314 0.462022 
0.057405 0.004946 0.491768 
0.007247 0.007249 0.006454 0.979050 
0.250000 0.250000 0.250000 0.250000 
 192
0.479817 0.004741 0.046210 
0.462778 0.990314 0.462022 
0.057405 0.004946 0.491768 
0.976994 0.010099 0.006454 0.006454 
0.250000 0.250000 0.250000 0.250000 
 193
0.479817 0.004741 0.046210 
0.462778 0.990314 0.462022 
0.057405 0.004946 0.491768 
0.010389 0.974912 0.007243 0.007455 
0.250000 0.250000 0.250000 0.250000 
 194
0.479817 0.004741 0.046210 
0.462778 0.990314 0.462022 
0.057405 0.004946 0.491768 
0.006454 0.006454 0.979449 0.007643 
0.250000 0.250000 0.250000 0.250000 
 195
0.479817 0.004741 0.046210 
0.462778 0.990314 0.462022 
0.057405 0.004946 0.491768 
0.007447 0.006454 0.978108 0.007991 
0.250000 0.250000 0.250000 0.250000 
 196
0.479817 0.004741 0.046210 
0.462778 0.990314 0.462022 
0.057405 0.004946 0.491768 
0.006454 0.006454 0.980638 0.006454 
0.250000 0.250000 0.250000 0.250000 
 197
0.479817 0.004741 0.046210 
0.462778 0.990314 0.462022 
0.057405 0.004946 0.491768 
0.006454 0.006454 0.980638 0.006454 
0.250000 0.250000 0.250000 0.250000 
 198
0.479817 0.004741 0.046210 
0.462778 0.990314 0.462022 
0.057405 0.004946 0.491768 
0.980638 0.006454 0.006454 0.006454 
0.250000 0.250000 0.250000 0.250000 
 199
0.479817 0.004741 0.046210 
0.462778 0.990314 0.462022 
0.057405 0.004946 0.491768 
0.006454 0.006454 0.007274 0.979818 
0.250000 0.250000 0.250000 0.250000 
 200
0.479817 0.004741 0.046210 
0.462778 0.990314 0.462022 
0.057405 0.004946 0.491768 
0.006454 0.006454 0.006454 0.980638 
0.250000 0.250000 0.250000 0.250000 
 201
0.479817 0.004741 0.046210 
0.462778 0.990314 0.462022 
0.057405 0.004946 0.491768 
0.009177 0.977907 0.006458 0.006458 
0.250000 0.250000 0.250000 0.250000 
 202
0.479817 0.004741 0.046210 
0.462778 0.990314 0.462022 
0.057405 0.004946 0.491768 
0.006454 0.006454 0.980638 0.006454 
0.250000 0.250000 0.250000 0.250000 
 203
0.479817 0.004741 0.046210 
0.462778 0.990314 0.462022 
0.057405 0.004946 0.491768 
0.980638 0.006454 0.006454 0.006454 
0.250000 0.250000 0.250000 0.250000 
 204
0.479817 0.004741 0.046210 
0.462778 0.990314 0.462022 
0.057405 0.004946 0.491768 
0.007187 0.006454 0.007283 0.979076 
0.250000 0.250000 0.250000 0.250000 
 205
0.479817 0.004741 0.046210 
0.462778 0.990314 0.462022 
0.057405 0.004946 0.491768 
0.006454 0.006454 0.008268 0.978824 
0.250000 0.250000 0.250000 0.250000 
 206
0.479817 0.004741 0.046210 
0.462778 0.990314 0.462022 
0.057405 0.004946 0.491768 
0.006454 0.006454 0.006454 0.980638 
0.250000 0.250000 0.250000 0.250000 
 207
0.479817 0.004741 0.046210 
0.462778 0.990314 0.462022 
0.057405 0.004946 0.491768 
0.020991 0.966101 0.006454 0.006454 
0.250000 0.250000 0.250000 0.250000 
 208
0.479817 0.004741 0.046210 
0.462778 0.990314 0.462022 
0.057405 0.004946 0.491768 
0.007431 0.979661 0.006454 0.006454 
0.250000 0.250000 0.250000 0.250000 
 209
0.479817 0.004741 0.046210 
0.462778 0.990314 0.462022 
0.057405 0.004946 0.491768 
0.006454 0.980638 0.006454 0.006454 
0.250000 0.250000 0.250000 0.250000 
 210
0.479817 0.004741 0.046210 
0.462778 0.990314 0.462022 
0.057405 0.004946 0.491768 
0.006459 0.006459 0.008427 0.978656 
0.250000 0.250000 0.250000 0.250000 
 211
0.479817 0.004741 0.046210 
0.462778 0.990314 0.462022 
0.057405 0.004946 0.491768 
0.980638 0.006454 0.006454 0.006454 
0.250000 0.250000 0.250000 0.250000 
 212
0.479817 0.004741 0.046210 
0.462778 0.990314 0.462022 
0.057405 0.004946 0.491768 
0.979823 0.007269 0.006454 0.006454 
0.250000 0.250000 0.250000 0.250000 
 213
0.479817 0.004741 0.046210 
0.462778 0.990314 0.462022 
0.057405 0.004946 0.491768 
0.980638 0.006454 0.006454 0.006454 
0.250000 0.250000 0.250000 0.250000 
 214
0.479817 0.004741 0.046210 
0.462778 0.990314 0.462022 
0.057405 0.004946 0.491768 
0.006454 0.006454 0.006454 0.980638 
0.250000 0.250000 0.250000 0.250000 
 215
0.479817 0.004741 0.046210 
0.462778 0.990314 0.462022 
0.057405 0.004946 0.491768 
0.006454 0.980638 0.006454 0.006454 
0.250000 0.250000 0.250000 0.250000 
 216
0.479817 0.004741 0.046210 
0.462778 0.990314 0.462022 
0.057405 0.004946 0.491768 
0.006454 0.006454 0.007913 0.979179 
0.250000 0.250000 0.250000 0.250000 
 217
0.479817 0.004741 0.046210 
0.462778 0.990314 0.462022 
0.057405 0.004946 0.491768 
0.980638 0.006454 0.006454 0.006454 
0.250000 0.250000 0.250000 0.250000 
 218
0.479817 0.004741 0.046210 
0.462778 0.990314 0.462022 
0.057405 0.004946 0.491768 
0.980638 0.006454 0.006454 0.006454 
0.250000 0.250000 0.250000 0.250000 
 219
0.479817 0.004741 0.046210 
0.462778 0.990314 0.462022 
0.057405 0.004946 0.491768 
0.006454 0.006454 0.979277 0.007815 
0.250000 0.250000 0.250000 0.250000 
 220
0.479817 0.004741 0.046210 
0.462778 0.990314 0.462022 
0.057405 0.004946 0.491768 
0.980638 0.006454 0.006454 0.006454 
0.250000 0.250000 0.250000 0.250000 
 221
0.479817 0.004741 0.046210 
0.462778 0.990314 0.462022 
0.057405 0.004946 0.491768 
0.006454 0.006454 0.006454 0.980638 
0.250000 0.250000 0.250000 0.250000 
 222
0.479817 0.004741 0.046210 
0.462778 0.990314 0.462022 
0.057405 0.004946 0.491768 
0.006454 0.006454 0.007569 0.979523 
0.250000 0.250000 0.250000 0.250000 
 223
0.479817 0.004741 0.046210 
0.462778 0.990314 0.462022 
0.057405 0.004946 0.491768 
0.006454 0.980638 0.006454 0.006454 
0.250000 0.250000 0.250000 0.250000 
 224
0.479817 0.004741 0.046210 
0.462778 0.990314 0.462022 
0.057405 0.004946 0.491768 
0.006454 0.006454 0.980638 0.006454 
0.250000 0.250000 0.250000 0.250000 
 225
0.479817 0.004741 0.046210 
0.462778 0.990314 0.462022 
0.057405 0.004946 0.491768 
0.007340 0.007643 0.006454 0.978563 
0.250000 0.250000 0.250000 0.250000 
 226
0.479817 0.004741 0.046210 
0.462778 0.990314 0.462022 
0.057405 0.004946 0.491768 
0.006454 0.980638 0.006454 0.006454 
0.250000 0.250000 0.250000 0.250000 
 227
0.479817 0.004741 0.046210 
0.462778 0.990314 0.462022 
0.057405 0.004946 0.491768 
0.006454 0.980638 0.006454 0.006454 
0.250000 0.250000 0.250000 0.250000 
 228
0.479817 0.004741 0.046210 
0.462778 0.990314 0.462022 
0.057405 0.004946 0.491768 
0.009053 0.007763 0.975514 0.007671 
0.250000 0.250000 0.250000 0.250000 
 229
0.479817 0.004741 0.046210 
0.462778 0.990314 0.462022 
0.057405 0.004946 0.491768 
0.006454 0.006454 0.006454 0.980638 
0.250000 0.250000 0.250000 0.250000 
 230
0.479817 0.004741 0.046210 
0.462778 0.990314 0.462022 
0.057405 0.004946 0.491768 
0.006454 0.979807 0.006454 0.007285 
0.250000 0.250000 0.250000 0.250000 
 231
0.479817 0.004741 0.046210 
0.462778 0.990314 0.462022 
0.057405 0.004946 0.491768 
0.006454 0.980638 0.006454 0.006454 
0.250000 0.250000 0.250000 0.250000 
 232
0.479817 0.004741 0.046210 
0.462778 0.990314 0.462022 
0.057405 0.004946 0.491768 
0.979821 0.007271 0.006454 0.006454 
0.250000 0.250000 0.250000 0.250000 
 233
0.479817 0.004741 0.046210 
0.462778 0.990314 0.462022 
0.057405 0.004946 0.491768 
0.006454 0.006454 0.006454 0.980638 
0.250000 0.250000 0.250000 0.250000 
 234
