%  SAM: /scicomp/home/yfa9/CDC_projects/Mol_genetic_analysis/Nomenclature/H1_Nomenclature/All_plus_Ref_v5/v_2/label/LABEL_RES/scripts/modelfromalign_Linux v3.5 (July 15, 2005) compiled 12/08/06_16:15:55
%  (c) 1992-2001 Regents of the University of California, Santa Cruz
%
%          Sequence Alignment and Modeling Software System
%         http://www.cse.ucsc.edu/research/compbio/sam.html
%
% ----------------- Citations (SAM, SAM-T2K, HMMs) --------------------
% R. Hughey, A. Krogh, Hidden Markov models for sequence analysis:
%  Extension and analysis of the basic method, CABIOS 12:95-107, 1996.
% K. Karplus, et al., What is the value added by human intervention in protein
%  structure prediction, Proteins: Stucture, Function, Genetics 45(S5):86--91, 2001.
% A. Krogh et al., Hidden Markov models in computational biology:
%  Applications to protein modeling, JMB 235:1501-1531, Feb 1994.
% ---------------------------------------------------------------------
%  6B_hmm   Host: node4.aspen.biotech.cdc.gov    Mon Jun 27 13:06:48 2016
%  yfa9     Dir:  /scicomp/home/yfa9/CDC_projects/Mol_genetic_analysis/Nomenclature/H1_Nomenclature/All_plus_Ref_v5/v_2/Step4/From_Clustering_v2/H1Pdm009_v1/c-6C-6B-6B1-6B2/c-6B-6B1-6B2
% ---------------------------------------------------------------------
%  Alignment weights from internal calc.  Total (57.78) Max (0.11) Min (0.01)
%  Weights from alignment method 1 (karplus), b=-1.000000, e=0.500000
MODEL --  Model from alignment file /scicomp/home/yfa9/CDC_projects/Mol_genetic_analysis/Nomenclature/H1_Nomenclature/All_plus_Ref_v5/v_2/label/LABEL_RES/training_data/H1v2016_1/c-6C-6B-6B1-6B2/c-6B-6B1-6B2/6B.fasta
alphabet DNA
FREQAVE
0.000000 0.000000 0.000000 
0.000000 0.000000 0.000000 
0.000000 0.000000 0.000000 
0.352731 0.221481 0.188064 0.237723 
0.352731 0.221481 0.188064 0.237723 
Begin
0.000000 0.000000 0.000000 
0.000000 0.000000 0.000000 
0.000000 0.003603 0.491768 
0.250000 0.250000 0.250000 0.250000 
0.250000 0.250000 0.250000 0.250000 
   1
0.000000 0.003640 0.046210 
0.000000 0.992757 0.462022 
0.057205 0.003603 0.491768 
0.987238 0.004254 0.004254 0.004254 
0.250000 0.250000 0.250000 0.250000 
   2
0.481635 0.003454 0.046210 
0.461161 0.992943 0.462022 
0.057205 0.003603 0.491768 
0.004254 0.004254 0.004254 0.987238 
0.250000 0.250000 0.250000 0.250000 
   3
0.481635 0.003454 0.046210 
0.461161 0.992943 0.462022 
0.057205 0.003603 0.491768 
0.004254 0.987238 0.004254 0.004254 
0.250000 0.250000 0.250000 0.250000 
   4
0.481635 0.003454 0.046210 
0.461161 0.992943 0.462022 
0.057205 0.003603 0.491768 
0.985324 0.005172 0.005249 0.004254 
0.250000 0.250000 0.250000 0.250000 
   5
0.481635 0.003454 0.046210 
0.461161 0.992943 0.462022 
0.057205 0.003603 0.491768 
0.986761 0.004732 0.004254 0.004254 
0.250000 0.250000 0.250000 0.250000 
   6
0.478141 0.003454 0.046210 
0.464655 0.992943 0.462022 
0.057405 0.003603 0.491768 
0.006339 0.984688 0.004254 0.004719 
0.250000 0.250000 0.250000 0.250000 
   7
0.479817 0.003453 0.046210 
0.462778 0.992944 0.462022 
0.057405 0.003603 0.491768 
0.006412 0.985081 0.004254 0.004254 
0.250000 0.250000 0.250000 0.250000 
   8
0.479817 0.003453 0.046210 
0.462778 0.992944 0.462022 
0.057405 0.003603 0.491768 
0.005001 0.005939 0.982991 0.006070 
0.250000 0.250000 0.250000 0.250000 
   9
0.479817 0.003453 0.046210 
0.462778 0.992944 0.462022 
0.057405 0.003603 0.491768 
0.985555 0.004253 0.005939 0.004253 
0.250000 0.250000 0.250000 0.250000 
  10
0.479817 0.003453 0.046210 
0.462778 0.992944 0.462022 
0.057405 0.003603 0.491768 
0.985284 0.005088 0.004253 0.005375 
0.250000 0.250000 0.250000 0.250000 
  11
0.479817 0.003453 0.046210 
0.462778 0.992944 0.462022 
0.057405 0.003603 0.491768 
0.004254 0.004730 0.025128 0.965888 
0.250000 0.250000 0.250000 0.250000 
  12
0.479817 0.003453 0.046210 
0.462778 0.992944 0.462022 
0.057405 0.003603 0.491768 
0.985601 0.004676 0.005470 0.004253 
0.250000 0.250000 0.250000 0.250000 
  13
0.479817 0.003453 0.046210 
0.462778 0.992944 0.462022 
0.057405 0.003603 0.491768 
0.004942 0.004790 0.985563 0.004706 
0.250000 0.250000 0.250000 0.250000 
  14
0.479817 0.003453 0.046210 
0.462778 0.992944 0.462022 
0.057405 0.003603 0.491768 
0.004253 0.004253 0.004253 0.987241 
0.250000 0.250000 0.250000 0.250000 
  15
0.479817 0.003453 0.046210 
0.462778 0.992944 0.462022 
0.057405 0.003603 0.491768 
0.986082 0.005412 0.004253 0.004253 
0.250000 0.250000 0.250000 0.250000 
  16
0.479817 0.003453 0.046210 
0.462778 0.992944 0.462022 
0.057405 0.003603 0.491768 
0.008803 0.982284 0.004253 0.004660 
0.250000 0.250000 0.250000 0.250000 
  17
0.479817 0.003453 0.046210 
0.462778 0.992944 0.462022 
0.057405 0.003603 0.491768 
0.004254 0.004254 0.026190 0.965302 
0.250000 0.250000 0.250000 0.250000 
  18
0.479817 0.003453 0.046210 
0.462778 0.992944 0.462022 
0.057405 0.003603 0.491768 
0.986270 0.005224 0.004253 0.004253 
0.250000 0.250000 0.250000 0.250000 
  19
0.479817 0.003453 0.046210 
0.462778 0.992944 0.462022 
0.057405 0.003603 0.491768 
0.009264 0.979695 0.004253 0.006788 
0.250000 0.250000 0.250000 0.250000 
  20
0.479817 0.003453 0.046210 
0.462778 0.992944 0.462022 
0.057405 0.003603 0.491768 
0.004253 0.005840 0.004253 0.985655 
0.250000 0.250000 0.250000 0.250000 
  21
0.479817 0.003453 0.046210 
0.462778 0.992944 0.462022 
0.057405 0.003603 0.491768 
0.005784 0.004254 0.005927 0.984035 
0.250000 0.250000 0.250000 0.250000 
  22
0.479817 0.003453 0.046210 
0.462778 0.992944 0.462022 
0.057405 0.003603 0.491768 
0.005369 0.004262 0.984951 0.005418 
0.250000 0.250000 0.250000 0.250000 
  23
0.479817 0.003453 0.046210 
0.462778 0.992944 0.462022 
0.057405 0.003603 0.491768 
0.004253 0.004253 0.004253 0.987241 
0.250000 0.250000 0.250000 0.250000 
  24
0.479817 0.003453 0.046210 
0.462778 0.992944 0.462022 
0.057405 0.003603 0.491768 
0.010004 0.981490 0.004253 0.004253 
0.250000 0.250000 0.250000 0.250000 
  25
0.479817 0.003453 0.046210 
0.462778 0.992944 0.462022 
0.057405 0.003603 0.491768 
0.004253 0.004253 0.985337 0.006157 
0.250000 0.250000 0.250000 0.250000 
  26
0.479817 0.003453 0.046210 
0.462778 0.992944 0.462022 
0.057405 0.003603 0.491768 
0.004253 0.004253 0.005049 0.986446 
0.250000 0.250000 0.250000 0.250000 
  27
0.479817 0.003453 0.046210 
0.462778 0.992944 0.462022 
0.057405 0.003603 0.491768 
0.985863 0.004735 0.005149 0.004253 
0.250000 0.250000 0.250000 0.250000 
  28
0.479817 0.003453 0.046210 
0.462778 0.992944 0.462022 
0.057405 0.003603 0.491768 
0.004760 0.004253 0.014942 0.976045 
0.250000 0.250000 0.250000 0.250000 
  29
0.479817 0.003453 0.046210 
0.462778 0.992944 0.462022 
0.057405 0.003603 0.491768 
0.983687 0.007807 0.004253 0.004253 
0.250000 0.250000 0.250000 0.250000 
  30
0.479817 0.003453 0.046210 
0.462778 0.992944 0.462022 
0.057405 0.003603 0.491768 
0.004254 0.004254 0.417044 0.574448 
0.250000 0.250000 0.250000 0.250000 
  31
0.479817 0.003453 0.046210 
0.462778 0.992944 0.462022 
0.057405 0.003603 0.491768 
0.986050 0.004253 0.005444 0.004253 
0.250000 0.250000 0.250000 0.250000 
  32
0.479817 0.003453 0.046210 
0.462778 0.992944 0.462022 
0.057405 0.003603 0.491768 
0.004253 0.004253 0.983790 0.007704 
0.250000 0.250000 0.250000 0.250000 
  33
0.479817 0.003453 0.046210 
0.462778 0.992944 0.462022 
0.057405 0.003603 0.491768 
0.986200 0.004635 0.004912 0.004253 
0.250000 0.250000 0.250000 0.250000 
  34
0.479817 0.003453 0.046210 
0.462778 0.992944 0.462022 
0.057405 0.003603 0.491768 
0.005959 0.005073 0.031840 0.957128 
0.250000 0.250000 0.250000 0.250000 
  35
0.479817 0.003453 0.046210 
0.462778 0.992944 0.462022 
0.057405 0.003603 0.491768 
0.004640 0.005633 0.005884 0.983843 
0.250000 0.250000 0.250000 0.250000 
  36
0.479817 0.003453 0.046210 
0.462778 0.992944 0.462022 
0.057405 0.003603 0.491768 
0.004996 0.004253 0.008371 0.982380 
0.250000 0.250000 0.250000 0.250000 
  37
0.479817 0.003453 0.046210 
0.462778 0.992944 0.462022 
0.057405 0.003603 0.491768 
0.121003 0.870491 0.004253 0.004253 
0.250000 0.250000 0.250000 0.250000 
  38
0.479817 0.003453 0.046210 
0.462778 0.992944 0.462022 
0.057405 0.003603 0.491768 
0.004804 0.004701 0.985478 0.005017 
0.250000 0.250000 0.250000 0.250000 
  39
0.479817 0.003453 0.046210 
0.462778 0.992944 0.462022 
0.057405 0.003603 0.491768 
0.982692 0.004892 0.007698 0.004718 
0.250000 0.250000 0.250000 0.250000 
  40
0.479817 0.003453 0.046210 
0.462778 0.992944 0.462022 
0.057405 0.003603 0.491768 
0.984196 0.006813 0.004739 0.004253 
0.250000 0.250000 0.250000 0.250000 
  41
0.479817 0.003453 0.046210 
0.462778 0.992944 0.462022 
0.057405 0.003603 0.491768 
0.004253 0.004253 0.985233 0.006262 
0.250000 0.250000 0.250000 0.250000 
  42
0.479817 0.003453 0.046210 
0.462778 0.992944 0.462022 
0.057405 0.003603 0.491768 
0.006585 0.004253 0.977032 0.012130 
0.250000 0.250000 0.250000 0.250000 
  43
0.479817 0.003453 0.046210 
0.462778 0.992944 0.462022 
0.057405 0.003603 0.491768 
0.031349 0.960142 0.004254 0.004254 
0.250000 0.250000 0.250000 0.250000 
  44
0.479817 0.003453 0.046210 
0.462778 0.992944 0.462022 
0.057405 0.003603 0.491768 
0.004254 0.004254 0.986597 0.004895 
0.250000 0.250000 0.250000 0.250000 
  45
0.479817 0.003453 0.046210 
0.462778 0.992944 0.462022 
0.057405 0.003603 0.491768 
0.985721 0.005165 0.004253 0.004861 
0.250000 0.250000 0.250000 0.250000 
  46
0.479817 0.003453 0.046210 
0.462778 0.992944 0.462022 
0.057405 0.003603 0.491768 
0.985551 0.005943 0.004253 0.004253 
0.250000 0.250000 0.250000 0.250000 
  47
0.479817 0.003453 0.046210 
0.462778 0.992944 0.462022 
0.057405 0.003603 0.491768 
0.972546 0.011059 0.012143 0.004253 
0.250000 0.250000 0.250000 0.250000 
  48
0.479817 0.003453 0.046210 
0.462778 0.992944 0.462022 
0.057405 0.003603 0.491768 
0.006742 0.004253 0.005982 0.983024 
0.250000 0.250000 0.250000 0.250000 
  49
0.479817 0.003453 0.046210 
0.462778 0.992944 0.462022 
0.057405 0.003603 0.491768 
0.005340 0.985739 0.004254 0.004668 
0.250000 0.250000 0.250000 0.250000 
  50
0.479817 0.003453 0.046210 
0.462778 0.992944 0.462022 
0.057405 0.003603 0.491768 
0.004253 0.004253 0.987241 0.004253 
0.250000 0.250000 0.250000 0.250000 
  51
0.479817 0.003453 0.046210 
0.462778 0.992944 0.462022 
0.057405 0.003603 0.491768 
0.985019 0.006474 0.004254 0.004254 
0.250000 0.250000 0.250000 0.250000 
  52
0.479817 0.003453 0.046210 
0.462778 0.992944 0.462022 
0.057405 0.003603 0.491768 
0.004253 0.987241 0.004253 0.004253 
0.250000 0.250000 0.250000 0.250000 
  53
0.479817 0.003453 0.046210 
0.462778 0.992944 0.462022 
0.057405 0.003603 0.491768 
0.987239 0.004254 0.004254 0.004254 
0.250000 0.250000 0.250000 0.250000 
  54
0.479817 0.003453 0.046210 
0.462778 0.992944 0.462022 
0.057405 0.003603 0.491768 
0.004254 0.004254 0.984632 0.006860 
0.250000 0.250000 0.250000 0.250000 
  55
0.479817 0.003453 0.046210 
0.462778 0.992944 0.462022 
0.057405 0.003603 0.491768 
0.986227 0.004253 0.005267 0.004253 
0.250000 0.250000 0.250000 0.250000 
  56
0.479817 0.003453 0.046210 
0.462778 0.992944 0.462022 
0.057405 0.003603 0.491768 
0.005173 0.004253 0.985365 0.005209 
0.250000 0.250000 0.250000 0.250000 
  57
0.479817 0.003453 0.046210 
0.462778 0.992944 0.462022 
0.057405 0.003603 0.491768 
0.924346 0.006268 0.004679 0.064707 
0.250000 0.250000 0.250000 0.250000 
  58
0.479817 0.003453 0.046210 
0.462778 0.992944 0.462022 
0.057405 0.003603 0.491768 
0.005062 0.004253 0.006334 0.984352 
0.250000 0.250000 0.250000 0.250000 
  59
0.479817 0.003453 0.046210 
0.462778 0.992944 0.462022 
0.057405 0.003603 0.491768 
0.004253 0.004253 0.004253 0.987241 
0.250000 0.250000 0.250000 0.250000 
  60
0.479817 0.003453 0.046210 
0.462778 0.992944 0.462022 
0.057405 0.003603 0.491768 
0.986049 0.005444 0.004254 0.004254 
0.250000 0.250000 0.250000 0.250000 
  61
0.479817 0.003453 0.046210 
0.462778 0.992944 0.462022 
0.057405 0.003603 0.491768 
0.004253 0.004253 0.004253 0.987241 
0.250000 0.250000 0.250000 0.250000 
  62
0.479817 0.003453 0.046210 
0.462778 0.992944 0.462022 
0.057405 0.003603 0.491768 
0.004253 0.987241 0.004253 0.004253 
0.250000 0.250000 0.250000 0.250000 
  63
0.479817 0.003453 0.046210 
0.462778 0.992944 0.462022 
0.057405 0.003603 0.491768 
0.004254 0.004254 0.006792 0.984700 
0.250000 0.250000 0.250000 0.250000 
  64
0.479817 0.003453 0.046210 
0.462778 0.992944 0.462022 
0.057405 0.003603 0.491768 
0.985668 0.005826 0.004253 0.004253 
0.250000 0.250000 0.250000 0.250000 
  65
0.479817 0.003453 0.046210 
0.462778 0.992944 0.462022 
0.057405 0.003603 0.491768 
0.004254 0.004254 0.004735 0.986757 
0.250000 0.250000 0.250000 0.250000 
  66
0.479817 0.003453 0.046210 
0.462778 0.992944 0.462022 
0.057405 0.003603 0.491768 
0.986723 0.004254 0.004769 0.004254 
0.250000 0.250000 0.250000 0.250000 
  67
0.479817 0.003453 0.046210 
0.462778 0.992944 0.462022 
0.057405 0.003603 0.491768 
0.005215 0.986272 0.004257 0.004257 
0.250000 0.250000 0.250000 0.250000 
  68
0.479817 0.003453 0.046210 
0.462778 0.992944 0.462022 
0.057405 0.003603 0.491768 
0.004253 0.987241 0.004253 0.004253 
0.250000 0.250000 0.250000 0.250000 
  69
0.479817 0.003453 0.046210 
0.462778 0.992944 0.462022 
0.057405 0.003603 0.491768 
0.004254 0.006461 0.005243 0.984042 
0.250000 0.250000 0.250000 0.250000 
  70
0.479817 0.003453 0.046210 
0.462778 0.992944 0.462022 
0.057405 0.003603 0.491768 
0.004262 0.004262 0.004262 0.987215 
0.250000 0.250000 0.250000 0.250000 
  71
0.479817 0.003453 0.046210 
0.462778 0.992944 0.462022 
0.057405 0.003603 0.491768 
0.987241 0.004253 0.004253 0.004253 
0.250000 0.250000 0.250000 0.250000 
  72
0.479817 0.003453 0.046210 
0.462778 0.992944 0.462022 
0.057405 0.003603 0.491768 
0.004253 0.004253 0.006604 0.984890 
0.250000 0.250000 0.250000 0.250000 
  73
0.479817 0.003453 0.046210 
0.462778 0.992944 0.462022 
0.057405 0.003603 0.491768 
0.004253 0.004253 0.987241 0.004253 
0.250000 0.250000 0.250000 0.250000 
  74
0.479817 0.003453 0.046210 
0.462778 0.992944 0.462022 
0.057405 0.003603 0.491768 
0.987241 0.004253 0.004253 0.004253 
0.250000 0.250000 0.250000 0.250000 
  75
0.479817 0.003453 0.046210 
0.462778 0.992944 0.462022 
0.057405 0.003603 0.491768 
0.004253 0.004253 0.004905 0.986589 
0.250000 0.250000 0.250000 0.250000 
  76
0.479817 0.003453 0.046210 
0.462778 0.992944 0.462022 
0.057405 0.003603 0.491768 
0.004741 0.986742 0.004259 0.004259 
0.250000 0.250000 0.250000 0.250000 
  77
0.479817 0.003453 0.046210 
0.462778 0.992944 0.462022 
0.057405 0.003603 0.491768 
0.004257 0.004257 0.987229 0.004257 
0.250000 0.250000 0.250000 0.250000 
  78
0.479817 0.003453 0.046210 
0.462778 0.992944 0.462022 
0.057405 0.003603 0.491768 
0.022898 0.967002 0.004253 0.005846 
0.250000 0.250000 0.250000 0.250000 
  79
0.479817 0.003453 0.046210 
0.462778 0.992944 0.462022 
0.057405 0.003603 0.491768 
0.987241 0.004253 0.004253 0.004253 
0.250000 0.250000 0.250000 0.250000 
  80
0.479817 0.003453 0.046210 
0.462778 0.992944 0.462022 
0.057405 0.003603 0.491768 
0.987239 0.004254 0.004254 0.004254 
0.250000 0.250000 0.250000 0.250000 
  81
0.479817 0.003453 0.046210 
0.462778 0.992944 0.462022 
0.057405 0.003603 0.491768 
0.004253 0.004253 0.986287 0.005207 
0.250000 0.250000 0.250000 0.250000 
  82
0.479817 0.003453 0.046210 
0.462778 0.992944 0.462022 
0.057405 0.003603 0.491768 
0.986437 0.005053 0.004255 0.004255 
0.250000 0.250000 0.250000 0.250000 
  83
0.479817 0.003453 0.046210 
0.462778 0.992944 0.462022 
0.057405 0.003603 0.491768 
0.987241 0.004253 0.004253 0.004253 
0.250000 0.250000 0.250000 0.250000 
  84
0.479817 0.003453 0.046210 
0.462778 0.992944 0.462022 
0.057405 0.003603 0.491768 
0.004253 0.004253 0.007671 0.983823 
0.250000 0.250000 0.250000 0.250000 
  85
0.479817 0.003453 0.046210 
0.462778 0.992944 0.462022 
0.057405 0.003603 0.491768 
0.005100 0.004253 0.004253 0.986394 
0.250000 0.250000 0.250000 0.250000 
  86
0.479817 0.003453 0.046210 
0.462778 0.992944 0.462022 
0.057405 0.003603 0.491768 
0.004254 0.004254 0.987238 0.004254 
0.250000 0.250000 0.250000 0.250000 
  87
0.479817 0.003453 0.046210 
0.462778 0.992944 0.462022 
0.057405 0.003603 0.491768 
0.986549 0.004945 0.004253 0.004253 
0.250000 0.250000 0.250000 0.250000 
  88
0.479817 0.003453 0.046210 
0.462778 0.992944 0.462022 
0.057405 0.003603 0.491768 
0.986678 0.004814 0.004254 0.004254 
0.250000 0.250000 0.250000 0.250000 
  89
0.479817 0.003453 0.046210 
0.462778 0.992944 0.462022 
0.057405 0.003603 0.491768 
0.004253 0.004253 0.987241 0.004253 
0.250000 0.250000 0.250000 0.250000 
  90
0.479817 0.003453 0.046210 
0.462778 0.992944 0.462022 
0.057405 0.003603 0.491768 
0.983539 0.004697 0.007125 0.004639 
0.250000 0.250000 0.250000 0.250000 
  91
0.479817 0.003453 0.046210 
0.462778 0.992944 0.462022 
0.057405 0.003603 0.491768 
0.004253 0.987241 0.004253 0.004253 
0.250000 0.250000 0.250000 0.250000 
  92
0.479817 0.003453 0.046210 
0.462778 0.992944 0.462022 
0.057405 0.003603 0.491768 
0.987241 0.004253 0.004253 0.004253 
0.250000 0.250000 0.250000 0.250000 
  93
0.479817 0.003453 0.046210 
0.462778 0.992944 0.462022 
0.057405 0.003603 0.491768 
0.004254 0.004254 0.910306 0.081186 
0.250000 0.250000 0.250000 0.250000 
  94
0.479817 0.003453 0.046210 
0.462778 0.992944 0.462022 
0.057405 0.003603 0.491768 
0.981806 0.004253 0.004253 0.009689 
0.250000 0.250000 0.250000 0.250000 
  95
0.479817 0.003453 0.046210 
0.462778 0.992944 0.462022 
0.057405 0.003603 0.491768 
0.004779 0.004256 0.984635 0.006330 
0.250000 0.250000 0.250000 0.250000 
  96
0.479817 0.003453 0.046210 
0.462778 0.992944 0.462022 
0.057405 0.003603 0.491768 
0.005269 0.004253 0.009384 0.981094 
0.250000 0.250000 0.250000 0.250000 
  97
0.479817 0.003453 0.046210 
0.462778 0.992944 0.462022 
0.057405 0.003603 0.491768 
0.005376 0.986119 0.004253 0.004253 
0.250000 0.250000 0.250000 0.250000 
  98
0.479817 0.003453 0.046210 
0.462778 0.992944 0.462022 
0.057405 0.003603 0.491768 
0.004253 0.004253 0.004253 0.987241 
0.250000 0.250000 0.250000 0.250000 
  99
0.479817 0.003453 0.046210 
0.462778 0.992944 0.462022 
0.057405 0.003603 0.491768 
0.982017 0.008460 0.005270 0.004253 
0.250000 0.250000 0.250000 0.250000 
 100
0.479817 0.003453 0.046210 
0.462778 0.992944 0.462022 
0.057405 0.003603 0.491768 
0.004895 0.985329 0.004254 0.005522 
0.250000 0.250000 0.250000 0.250000 
 101
0.479817 0.003453 0.046210 
0.462778 0.992944 0.462022 
0.057405 0.003603 0.491768 
0.986726 0.004253 0.004768 0.004253 
0.250000 0.250000 0.250000 0.250000 
 102
0.479817 0.003453 0.046210 
0.462778 0.992944 0.462022 
0.057405 0.003603 0.491768 
0.004256 0.004256 0.982632 0.008856 
0.250000 0.250000 0.250000 0.250000 
 103
0.479817 0.003453 0.046210 
0.462778 0.992944 0.462022 
0.057405 0.003603 0.491768 
0.987241 0.004253 0.004253 0.004253 
0.250000 0.250000 0.250000 0.250000 
 104
0.479817 0.003453 0.046210 
0.462778 0.992944 0.462022 
0.057405 0.003603 0.491768 
0.004254 0.004254 0.987239 0.004254 
0.250000 0.250000 0.250000 0.250000 
 105
0.479817 0.003453 0.046210 
0.462778 0.992944 0.462022 
0.057405 0.003603 0.491768 
0.985937 0.004907 0.004903 0.004253 
0.250000 0.250000 0.250000 0.250000 
 106
0.479817 0.003453 0.046210 
0.462778 0.992944 0.462022 
0.057405 0.003603 0.491768 
0.008202 0.981363 0.004254 0.006181 
0.250000 0.250000 0.250000 0.250000 
 107
0.479817 0.003453 0.046210 
0.462778 0.992944 0.462022 
0.057405 0.003603 0.491768 
0.004253 0.004253 0.004253 0.987241 
0.250000 0.250000 0.250000 0.250000 
 108
0.479817 0.003453 0.046210 
0.462778 0.992944 0.462022 
0.057405 0.003603 0.491768 
0.982778 0.008716 0.004253 0.004253 
0.250000 0.250000 0.250000 0.250000 
 109
0.479817 0.003453 0.046210 
0.462778 0.992944 0.462022 
0.057405 0.003603 0.491768 
0.004255 0.005524 0.983023 0.007198 
0.250000 0.250000 0.250000 0.250000 
 110
0.479817 0.003453 0.046210 
0.462778 0.992944 0.462022 
0.057405 0.003603 0.491768 
0.004253 0.004253 0.004253 0.987241 
0.250000 0.250000 0.250000 0.250000 
 111
0.479817 0.003453 0.046210 
0.462778 0.992944 0.462022 
0.057405 0.003603 0.491768 
0.984602 0.006179 0.004253 0.004966 
0.250000 0.250000 0.250000 0.250000 
 112
0.479817 0.003453 0.046210 
0.462778 0.992944 0.462022 
0.057405 0.003603 0.491768 
0.004971 0.986520 0.004254 0.004254 
0.250000 0.250000 0.250000 0.250000 
 113
0.479817 0.003453 0.046210 
0.462778 0.992944 0.462022 
0.057405 0.003603 0.491768 
0.987241 0.004253 0.004253 0.004253 
0.250000 0.250000 0.250000 0.250000 
 114
0.479817 0.003453 0.046210 
0.462778 0.992944 0.462022 
0.057405 0.003603 0.491768 
0.985132 0.006361 0.004254 0.004254 
0.250000 0.250000 0.250000 0.250000 
 115
0.479817 0.003453 0.046210 
0.462778 0.992944 0.462022 
0.057405 0.003603 0.491768 
0.987236 0.004255 0.004255 0.004255 
0.250000 0.250000 0.250000 0.250000 
 116
0.479817 0.003453 0.046210 
0.462778 0.992944 0.462022 
0.057405 0.003603 0.491768 
0.985815 0.005679 0.004253 0.004253 
0.250000 0.250000 0.250000 0.250000 
 117
0.479817 0.003453 0.046210 
0.462778 0.992944 0.462022 
0.057405 0.003603 0.491768 
0.008182 0.983312 0.004253 0.004253 
0.250000 0.250000 0.250000 0.250000 
 118
0.479817 0.003453 0.046210 
0.462778 0.992944 0.462022 
0.057405 0.003603 0.491768 
0.986307 0.005187 0.004253 0.004253 
0.250000 0.250000 0.250000 0.250000 
 119
0.479817 0.003453 0.046210 
0.462778 0.992944 0.462022 
0.057405 0.003603 0.491768 
0.987241 0.004253 0.004253 0.004253 
0.250000 0.250000 0.250000 0.250000 
 120
0.479817 0.003453 0.046210 
0.462778 0.992944 0.462022 
0.057405 0.003603 0.491768 
0.004253 0.004253 0.005296 0.986198 
0.250000 0.250000 0.250000 0.250000 
 121
0.479817 0.003453 0.046210 
0.462778 0.992944 0.462022 
0.057405 0.003603 0.491768 
0.005805 0.985685 0.004255 0.004255 
0.250000 0.250000 0.250000 0.250000 
 122
0.479817 0.003453 0.046210 
0.462778 0.992944 0.462022 
0.057405 0.003603 0.491768 
0.004253 0.004253 0.004253 0.987241 
0.250000 0.250000 0.250000 0.250000 
 123
0.479817 0.003453 0.046210 
0.462778 0.992944 0.462022 
0.057405 0.003603 0.491768 
0.983277 0.006997 0.004667 0.005059 
0.250000 0.250000 0.250000 0.250000 
 124
0.479817 0.003453 0.046210 
0.462778 0.992944 0.462022 
0.057405 0.003603 0.491768 
0.987241 0.004253 0.004253 0.004253 
0.250000 0.250000 0.250000 0.250000 
 125
0.479817 0.003453 0.046210 
0.462778 0.992944 0.462022 
0.057405 0.003603 0.491768 
0.004253 0.004253 0.986701 0.004794 
0.250000 0.250000 0.250000 0.250000 
 126
0.479817 0.003453 0.046210 
0.462778 0.992944 0.462022 
0.057405 0.003603 0.491768 
0.985948 0.005544 0.004254 0.004254 
0.250000 0.250000 0.250000 0.250000 
 127
0.479817 0.003453 0.046210 
0.462778 0.992944 0.462022 
0.057405 0.003603 0.491768 
0.005050 0.986444 0.004253 0.004253 
0.250000 0.250000 0.250000 0.250000 
 128
0.479817 0.003453 0.046210 
0.462778 0.992944 0.462022 
0.057405 0.003603 0.491768 
0.004253 0.004253 0.004253 0.987241 
0.250000 0.250000 0.250000 0.250000 
 129
0.479817 0.003453 0.046210 
0.462778 0.992944 0.462022 
0.057405 0.003603 0.491768 
0.985655 0.005839 0.004253 0.004253 
0.250000 0.250000 0.250000 0.250000 
 130
0.479817 0.003453 0.046210 
0.462778 0.992944 0.462022 
0.057405 0.003603 0.491768 
0.987241 0.004253 0.004253 0.004253 
0.250000 0.250000 0.250000 0.250000 
 131
0.479817 0.003453 0.046210 
0.462778 0.992944 0.462022 
0.057405 0.003603 0.491768 
0.004253 0.004253 0.987241 0.004253 
0.250000 0.250000 0.250000 0.250000 
 132
0.479817 0.003453 0.046210 
0.462778 0.992944 0.462022 
0.057405 0.003603 0.491768 
0.983143 0.005713 0.006890 0.004254 
0.250000 0.250000 0.250000 0.250000 
 133
0.479817 0.003453 0.046210 
0.462778 0.992944 0.462022 
0.057405 0.003603 0.491768 
0.004253 0.004253 0.987241 0.004253 
0.250000 0.250000 0.250000 0.250000 
 134
0.479817 0.003453 0.046210 
0.462778 0.992944 0.462022 
0.057405 0.003603 0.491768 
0.987241 0.004253 0.004253 0.004253 
0.250000 0.250000 0.250000 0.250000 
 135
0.479817 0.003453 0.046210 
0.462778 0.992944 0.462022 
0.057405 0.003603 0.491768 
0.004254 0.004254 0.982811 0.008680 
0.250000 0.250000 0.250000 0.250000 
 136
0.479817 0.003453 0.046210 
0.462778 0.992944 0.462022 
0.057405 0.003603 0.491768 
0.004253 0.004253 0.004253 0.987241 
0.250000 0.250000 0.250000 0.250000 
 137
0.479817 0.003453 0.046210 
0.462778 0.992944 0.462022 
0.057405 0.003603 0.491768 
0.004253 0.004253 0.987241 0.004253 
0.250000 0.250000 0.250000 0.250000 
 138
0.479817 0.003453 0.046210 
0.462778 0.992944 0.462022 
0.057405 0.003603 0.491768 
0.004589 0.004619 0.007653 0.983139 
0.250000 0.250000 0.250000 0.250000 
 139
0.479817 0.003453 0.046210 
0.462778 0.992944 0.462022 
0.057405 0.003603 0.491768 
0.004757 0.986737 0.004253 0.004253 
0.250000 0.250000 0.250000 0.250000 
 140
0.479817 0.003453 0.046210 
0.462778 0.992944 0.462022 
0.057405 0.003603 0.491768 
0.004253 0.004253 0.005899 0.985595 
0.250000 0.250000 0.250000 0.250000 
 141
0.479817 0.003453 0.046210 
0.462778 0.992944 0.462022 
0.057405 0.003603 0.491768 
0.004254 0.004254 0.011345 0.980148 
0.250000 0.250000 0.250000 0.250000 
 142
0.479817 0.003453 0.046210 
0.462778 0.992944 0.462022 
0.057405 0.003603 0.491768 
0.986566 0.004928 0.004253 0.004253 
0.250000 0.250000 0.250000 0.250000 
 143
0.479817 0.003453 0.046210 
0.462778 0.992944 0.462022 
0.057405 0.003603 0.491768 
0.987241 0.004253 0.004253 0.004253 
0.250000 0.250000 0.250000 0.250000 
 144
0.479817 0.003453 0.046210 
0.462778 0.992944 0.462022 
0.057405 0.003603 0.491768 
0.004254 0.004254 0.978893 0.012599 
0.250000 0.250000 0.250000 0.250000 
 145
0.479817 0.003453 0.046210 
0.462778 0.992944 0.462022 
0.057405 0.003603 0.491768 
0.004253 0.004253 0.986764 0.004731 
0.250000 0.250000 0.250000 0.250000 
 146
0.479817 0.003453 0.046210 
0.462778 0.992944 0.462022 
0.057405 0.003603 0.491768 
0.004253 0.004253 0.004253 0.987241 
0.250000 0.250000 0.250000 0.250000 
 147
0.479817 0.003453 0.046210 
0.462778 0.992944 0.462022 
0.057405 0.003603 0.491768 
0.005123 0.004253 0.009922 0.980702 
0.250000 0.250000 0.250000 0.250000 
 148
0.479817 0.003453 0.046210 
0.462778 0.992944 0.462022 
0.057405 0.003603 0.491768 
0.004258 0.004258 0.985503 0.005981 
0.250000 0.250000 0.250000 0.250000 
 149
0.479817 0.003453 0.046210 
0.462778 0.992944 0.462022 
0.057405 0.003603 0.491768 
0.004253 0.004253 0.004253 0.987241 
0.250000 0.250000 0.250000 0.250000 
 150
0.479817 0.003453 0.046210 
0.462778 0.992944 0.462022 
0.057405 0.003603 0.491768 
0.882773 0.108301 0.004673 0.004253 
0.250000 0.250000 0.250000 0.250000 
 151
0.479817 0.003453 0.046210 
0.462778 0.992944 0.462022 
0.057405 0.003603 0.491768 
0.004253 0.987241 0.004253 0.004253 
0.250000 0.250000 0.250000 0.250000 
 152
0.479817 0.003453 0.046210 
0.462778 0.992944 0.462022 
0.057405 0.003603 0.491768 
0.987241 0.004253 0.004253 0.004253 
0.250000 0.250000 0.250000 0.250000 
 153
0.479817 0.003453 0.046210 
0.462778 0.992944 0.462022 
0.057405 0.003603 0.491768 
0.984202 0.007292 0.004253 0.004253 
0.250000 0.250000 0.250000 0.250000 
 154
0.479817 0.003453 0.046210 
0.462778 0.992944 0.462022 
0.057405 0.003603 0.491768 
0.008768 0.981417 0.004254 0.005562 
0.250000 0.250000 0.250000 0.250000 
 155
0.479817 0.003453 0.046210 
0.462778 0.992944 0.462022 
0.057405 0.003603 0.491768 
0.979688 0.011375 0.004685 0.004253 
0.250000 0.250000 0.250000 0.250000 
 156
0.479817 0.003453 0.046210 
0.462778 0.992944 0.462022 
0.057405 0.003603 0.491768 
0.005240 0.004254 0.984721 0.005785 
0.250000 0.250000 0.250000 0.250000 
 157
0.479817 0.003453 0.046210 
0.462778 0.992944 0.462022 
0.057405 0.003603 0.491768 
0.984537 0.006957 0.004253 0.004253 
0.250000 0.250000 0.250000 0.250000 
 158
0.479817 0.003453 0.046210 
0.462778 0.992944 0.462022 
0.057405 0.003603 0.491768 
0.975140 0.004960 0.004253 0.015647 
0.250000 0.250000 0.250000 0.250000 
 159
0.479817 0.003453 0.046210 
0.462778 0.992944 0.462022 
0.057405 0.003603 0.491768 
0.013007 0.976555 0.004253 0.006184 
0.250000 0.250000 0.250000 0.250000 
 160
0.479817 0.003453 0.046210 
0.462778 0.992944 0.462022 
0.057405 0.003603 0.491768 
0.004254 0.004254 0.987239 0.004254 
0.250000 0.250000 0.250000 0.250000 
 161
0.479817 0.003453 0.046210 
0.462778 0.992944 0.462022 
0.057405 0.003603 0.491768 
0.987241 0.004253 0.004253 0.004253 
0.250000 0.250000 0.250000 0.250000 
 162
0.479817 0.003453 0.046210 
0.462778 0.992944 0.462022 
0.057405 0.003603 0.491768 
0.005058 0.004253 0.012689 0.978000 
0.250000 0.250000 0.250000 0.250000 
 163
0.479817 0.003453 0.046210 
0.462778 0.992944 0.462022 
0.057405 0.003603 0.491768 
0.982409 0.009085 0.004253 0.004253 
0.250000 0.250000 0.250000 0.250000 
 164
0.479817 0.003453 0.046210 
0.462778 0.992944 0.462022 
0.057405 0.003603 0.491768 
0.987241 0.004253 0.004253 0.004253 
0.250000 0.250000 0.250000 0.250000 
 165
0.479817 0.003453 0.046210 
0.462778 0.992944 0.462022 
0.057405 0.003603 0.491768 
0.004753 0.004253 0.978614 0.012380 
0.250000 0.250000 0.250000 0.250000 
 166
0.479817 0.003453 0.046210 
0.462778 0.992944 0.462022 
0.057405 0.003603 0.491768 
0.005677 0.985818 0.004253 0.004253 
0.250000 0.250000 0.250000 0.250000 
 167
0.479817 0.003453 0.046210 
0.462778 0.992944 0.462022 
0.057405 0.003603 0.491768 
0.005139 0.986356 0.004253 0.004253 
0.250000 0.250000 0.250000 0.250000 
 168
0.479817 0.003453 0.046210 
0.462778 0.992944 0.462022 
0.057405 0.003603 0.491768 
0.106130 0.817839 0.004254 0.071777 
0.250000 0.250000 0.250000 0.250000 
 169
0.479817 0.003453 0.046210 
0.462778 0.992944 0.462022 
0.057405 0.003603 0.491768 
0.987241 0.004253 0.004253 0.004253 
0.250000 0.250000 0.250000 0.250000 
 170
0.479817 0.003453 0.046210 
0.462778 0.992944 0.462022 
0.057405 0.003603 0.491768 
0.986610 0.004882 0.004254 0.004254 
0.250000 0.250000 0.250000 0.250000 
 171
0.479817 0.003453 0.046210 
0.462778 0.992944 0.462022 
0.057405 0.003603 0.491768 
0.984224 0.007270 0.004253 0.004253 
0.250000 0.250000 0.250000 0.250000 
 172
0.479817 0.003453 0.046210 
0.462778 0.992944 0.462022 
0.057405 0.003603 0.491768 
0.004253 0.004253 0.980527 0.010968 
0.250000 0.250000 0.250000 0.250000 
 173
0.479817 0.003453 0.046210 
0.462778 0.992944 0.462022 
0.057405 0.003603 0.491768 
0.004253 0.004253 0.004253 0.987241 
0.250000 0.250000 0.250000 0.250000 
 174
0.479817 0.003453 0.046210 
0.462778 0.992944 0.462022 
0.057405 0.003603 0.491768 
0.982658 0.008282 0.004807 0.004253 
0.250000 0.250000 0.250000 0.250000 
 175
0.479817 0.003453 0.046210 
0.462778 0.992944 0.462022 
0.057405 0.003603 0.491768 
0.004253 0.004253 0.004253 0.987241 
0.250000 0.250000 0.250000 0.250000 
 176
0.479817 0.003453 0.046210 
0.462778 0.992944 0.462022 
0.057405 0.003603 0.491768 
0.004253 0.987241 0.004253 0.004253 
0.250000 0.250000 0.250000 0.250000 
 177
0.479817 0.003453 0.046210 
0.462778 0.992944 0.462022 
0.057405 0.003603 0.491768 
0.004253 0.004253 0.986156 0.005338 
0.250000 0.250000 0.250000 0.250000 
 178
0.479817 0.003453 0.046210 
0.462778 0.992944 0.462022 
0.057405 0.003603 0.491768 
0.986663 0.004253 0.004832 0.004253 
0.250000 0.250000 0.250000 0.250000 
 179
0.479817 0.003453 0.046210 
0.462778 0.992944 0.462022 
0.057405 0.003603 0.491768 
0.987241 0.004253 0.004253 0.004253 
0.250000 0.250000 0.250000 0.250000 
 180
0.479817 0.003453 0.046210 
0.462778 0.992944 0.462022 
0.057405 0.003603 0.491768 
0.985912 0.005583 0.004253 0.004253 
0.250000 0.250000 0.250000 0.250000 
 181
0.479817 0.003453 0.046210 
0.462778 0.992944 0.462022 
0.057405 0.003603 0.491768 
0.004968 0.004254 0.983633 0.007146 
0.250000 0.250000 0.250000 0.250000 
 182
0.479817 0.003453 0.046210 
0.462778 0.992944 0.462022 
0.057405 0.003603 0.491768 
0.004253 0.004253 0.004253 0.987241 
0.250000 0.250000 0.250000 0.250000 
 183
0.479817 0.003453 0.046210 
0.462778 0.992944 0.462022 
0.057405 0.003603 0.491768 
0.984273 0.006542 0.004254 0.004931 
0.250000 0.250000 0.250000 0.250000 
 184
0.479817 0.003453 0.046210 
0.462778 0.992944 0.462022 
0.057405 0.003603 0.491768 
0.984071 0.007423 0.004253 0.004253 
0.250000 0.250000 0.250000 0.250000 
 185
0.479817 0.003453 0.046210 
0.462778 0.992944 0.462022 
0.057405 0.003603 0.491768 
0.014985 0.975968 0.004255 0.004793 
0.250000 0.250000 0.250000 0.250000 
 186
0.479817 0.003453 0.046210 
0.462778 0.992944 0.462022 
0.057405 0.003603 0.491768 
0.986471 0.005023 0.004253 0.004253 
0.250000 0.250000 0.250000 0.250000 
 187
0.479817 0.003453 0.046210 
0.462778 0.992944 0.462022 
0.057405 0.003603 0.491768 
0.004253 0.987241 0.004253 0.004253 
0.250000 0.250000 0.250000 0.250000 
 188
0.479817 0.003453 0.046210 
0.462778 0.992944 0.462022 
0.057405 0.003603 0.491768 
0.005439 0.986055 0.004253 0.004253 
0.250000 0.250000 0.250000 0.250000 
 189
0.479817 0.003453 0.046210 
0.462778 0.992944 0.462022 
0.057405 0.003603 0.491768 
0.009337 0.981563 0.004253 0.004847 
0.250000 0.250000 0.250000 0.250000 
 190
0.479817 0.003453 0.046210 
0.462778 0.992944 0.462022 
0.057405 0.003603 0.491768 
0.011532 0.979962 0.004253 0.004253 
0.250000 0.250000 0.250000 0.250000 
 191
0.479817 0.003453 0.046210 
0.462778 0.992944 0.462022 
0.057405 0.003603 0.491768 
0.004253 0.004253 0.005925 0.985569 
0.250000 0.250000 0.250000 0.250000 
 192
0.479817 0.003453 0.046210 
0.462778 0.992944 0.462022 
0.057405 0.003603 0.491768 
0.974572 0.011072 0.004940 0.009416 
0.250000 0.250000 0.250000 0.250000 
 193
0.479817 0.003453 0.046210 
0.462778 0.992944 0.462022 
0.057405 0.003603 0.491768 
0.005266 0.945144 0.036146 0.013445 
0.250000 0.250000 0.250000 0.250000 
 194
0.479817 0.003453 0.046210 
0.462778 0.992944 0.462022 
0.057405 0.003603 0.491768 
0.004253 0.004253 0.986364 0.005130 
0.250000 0.250000 0.250000 0.250000 
 195
0.479817 0.003453 0.046210 
0.462778 0.992944 0.462022 
0.057405 0.003603 0.491768 
0.004253 0.004253 0.985206 0.006288 
0.250000 0.250000 0.250000 0.250000 
 196
0.479817 0.003453 0.046210 
0.462778 0.992944 0.462022 
0.057405 0.003603 0.491768 
0.004253 0.004253 0.987241 0.004253 
0.250000 0.250000 0.250000 0.250000 
 197
0.479817 0.003453 0.046210 
0.462778 0.992944 0.462022 
0.057405 0.003603 0.491768 
0.004253 0.004253 0.987241 0.004253 
0.250000 0.250000 0.250000 0.250000 
 198
0.479817 0.003453 0.046210 
0.462778 0.992944 0.462022 
0.057405 0.003603 0.491768 
0.986106 0.005388 0.004253 0.004253 
0.250000 0.250000 0.250000 0.250000 
 199
0.479817 0.003453 0.046210 
0.462778 0.992944 0.462022 
0.057405 0.003603 0.491768 
0.004253 0.004253 0.008220 0.983275 
0.250000 0.250000 0.250000 0.250000 
 200
0.479817 0.003453 0.046210 
0.462778 0.992944 0.462022 
0.057405 0.003603 0.491768 
0.004253 0.004253 0.004253 0.987241 
0.250000 0.250000 0.250000 0.250000 
 201
0.479817 0.003453 0.046210 
0.462778 0.992944 0.462022 
0.057405 0.003603 0.491768 
0.006719 0.984775 0.004253 0.004253 
0.250000 0.250000 0.250000 0.250000 
 202
0.479817 0.003453 0.046210 
0.462778 0.992944 0.462022 
0.057405 0.003603 0.491768 
0.006171 0.004253 0.985323 0.004253 
0.250000 0.250000 0.250000 0.250000 
 203
0.479817 0.003453 0.046210 
0.462778 0.992944 0.462022 
0.057405 0.003603 0.491768 
0.987241 0.004253 0.004253 0.004253 
0.250000 0.250000 0.250000 0.250000 
 204
0.479817 0.003453 0.046210 
0.462778 0.992944 0.462022 
0.057405 0.003603 0.491768 
0.004253 0.004665 0.005751 0.985332 
0.250000 0.250000 0.250000 0.250000 
 205
0.479817 0.003453 0.046210 
0.462778 0.992944 0.462022 
0.057405 0.003603 0.491768 
0.004253 0.004253 0.005875 0.985620 
0.250000 0.250000 0.250000 0.250000 
 206
0.479817 0.003453 0.046210 
0.462778 0.992944 0.462022 
0.057405 0.003603 0.491768 
0.004253 0.004253 0.004253 0.987241 
0.250000 0.250000 0.250000 0.250000 
 207
0.479817 0.003453 0.046210 
0.462778 0.992944 0.462022 
0.057405 0.003603 0.491768 
0.009629 0.981866 0.004253 0.004253 
0.250000 0.250000 0.250000 0.250000 
 208
0.479817 0.003453 0.046210 
0.462778 0.992944 0.462022 
0.057405 0.003603 0.491768 
0.004253 0.987241 0.004253 0.004253 
0.250000 0.250000 0.250000 0.250000 
 209
0.479817 0.003453 0.046210 
0.462778 0.992944 0.462022 
0.057405 0.003603 0.491768 
0.004746 0.986748 0.004253 0.004253 
0.250000 0.250000 0.250000 0.250000 
 210
0.479817 0.003453 0.046210 
0.462778 0.992944 0.462022 
0.057405 0.003603 0.491768 
0.004656 0.004254 0.007483 0.983607 
0.250000 0.250000 0.250000 0.250000 
 211
0.479817 0.003453 0.046210 
0.462778 0.992944 0.462022 
0.057405 0.003603 0.491768 
0.987241 0.004253 0.004253 0.004253 
0.250000 0.250000 0.250000 0.250000 
 212
0.479817 0.003453 0.046210 
0.462778 0.992944 0.462022 
0.057405 0.003603 0.491768 
0.986181 0.005314 0.004253 0.004253 
0.250000 0.250000 0.250000 0.250000 
 213
0.479817 0.003453 0.046210 
0.462778 0.992944 0.462022 
0.057405 0.003603 0.491768 
0.986223 0.004647 0.004877 0.004253 
0.250000 0.250000 0.250000 0.250000 
 214
0.479817 0.003453 0.046210 
0.462778 0.992944 0.462022 
0.057405 0.003603 0.491768 
0.004253 0.004253 0.004253 0.987241 
0.250000 0.250000 0.250000 0.250000 
 215
0.479817 0.003453 0.046210 
0.462778 0.992944 0.462022 
0.057405 0.003603 0.491768 
0.004253 0.987241 0.004253 0.004253 
0.250000 0.250000 0.250000 0.250000 
 216
0.479817 0.003453 0.046210 
0.462778 0.992944 0.462022 
0.057405 0.003603 0.491768 
0.004255 0.004255 0.020369 0.971121 
0.250000 0.250000 0.250000 0.250000 
 217
0.479817 0.003453 0.046210 
0.462778 0.992944 0.462022 
0.057405 0.003603 0.491768 
0.986640 0.004854 0.004253 0.004253 
0.250000 0.250000 0.250000 0.250000 
 218
0.479817 0.003453 0.046210 
0.462778 0.992944 0.462022 
0.057405 0.003603 0.491768 
0.986524 0.004253 0.004970 0.004253 
0.250000 0.250000 0.250000 0.250000 
 219
0.479817 0.003453 0.046210 
0.462778 0.992944 0.462022 
0.057405 0.003603 0.491768 
0.004253 0.004253 0.985878 0.005616 
0.250000 0.250000 0.250000 0.250000 
 220
0.479817 0.003453 0.046210 
0.462778 0.992944 0.462022 
0.057405 0.003603 0.491768 
0.987241 0.004253 0.004253 0.004253 
0.250000 0.250000 0.250000 0.250000 
 221
0.479817 0.003453 0.046210 
0.462778 0.992944 0.462022 
0.057405 0.003603 0.491768 
0.004253 0.004253 0.004779 0.986716 
0.250000 0.250000 0.250000 0.250000 
 222
0.479817 0.003453 0.046210 
0.462778 0.992944 0.462022 
0.057405 0.003603 0.491768 
0.004253 0.004253 0.005520 0.985974 
0.250000 0.250000 0.250000 0.250000 
 223
0.479817 0.003453 0.046210 
0.462778 0.992944 0.462022 
0.057405 0.003603 0.491768 
0.004253 0.987241 0.004253 0.004253 
0.250000 0.250000 0.250000 0.250000 
 224
0.479817 0.003453 0.046210 
0.462778 0.992944 0.462022 
0.057405 0.003603 0.491768 
0.004253 0.004253 0.987241 0.004253 
0.250000 0.250000 0.250000 0.250000 
 225
0.479817 0.003453 0.046210 
0.462778 0.992944 0.462022 
0.057405 0.003603 0.491768 
0.004253 0.005089 0.005224 0.985434 
0.250000 0.250000 0.250000 0.250000 
 226
0.479817 0.003453 0.046210 
0.462778 0.992944 0.462022 
0.057405 0.003603 0.491768 
0.004253 0.987241 0.004253 0.004253 
0.250000 0.250000 0.250000 0.250000 
 227
0.479817 0.003453 0.046210 
0.462778 0.992944 0.462022 
0.057405 0.003603 0.491768 
0.004751 0.986743 0.004253 0.004253 
0.250000 0.250000 0.250000 0.250000 
 228
0.479817 0.003453 0.046210 
0.462778 0.992944 0.462022 
0.057405 0.003603 0.491768 
0.007177 0.004597 0.982957 0.005269 
0.250000 0.250000 0.250000 0.250000 
 229
0.479817 0.003453 0.046210 
0.462778 0.992944 0.462022 
0.057405 0.003603 0.491768 
0.004253 0.004253 0.004253 0.987241 
0.250000 0.250000 0.250000 0.250000 
 230
0.479817 0.003453 0.046210 
0.462778 0.992944 0.462022 
0.057405 0.003603 0.491768 
0.004253 0.987241 0.004253 0.004253 
0.250000 0.250000 0.250000 0.250000 
 231
0.479817 0.003453 0.046210 
0.462778 0.992944 0.462022 
0.057405 0.003603 0.491768 
0.004253 0.987241 0.004253 0.004253 
0.250000 0.250000 0.250000 0.250000 
 232
0.479817 0.003453 0.046210 
0.462778 0.992944 0.462022 
0.057405 0.003603 0.491768 
0.987241 0.004253 0.004253 0.004253 
0.250000 0.250000 0.250000 0.250000 
 233
0.479817 0.003453 0.046210 
0.462778 0.992944 0.462022 
0.057405 0.003603 0.491768 
0.004253 0.004253 0.004253 0.987241 
0.250000 0.250000 0.250000 0.250000 
 234
