%  SAM: /scicomp/groups/OID/NCIRD/ID-OD/ID_nomenclatures/label/LABEL_RES/scripts/modelfromalign_Linux v3.5 (July 15, 2005) compiled 12/08/06_16:15:55
%  (c) 1992-2001 Regents of the University of California, Santa Cruz
%
%          Sequence Alignment and Modeling Software System
%         http://www.cse.ucsc.edu/research/compbio/sam.html
%
% ----------------- Citations (SAM, SAM-T2K, HMMs) --------------------
% R. Hughey, A. Krogh, Hidden Markov models for sequence analysis:
%  Extension and analysis of the basic method, CABIOS 12:95-107, 1996.
% K. Karplus, et al., What is the value added by human intervention in protein
%  structure prediction, Proteins: Stucture, Function, Genetics 45(S5):86--91, 2001.
% A. Krogh et al., Hidden Markov models in computational biology:
%  Applications to protein modeling, JMB 235:1501-1531, Feb 1994.
% ---------------------------------------------------------------------
%  c-3C.2x_hmm   Host: node16.hpc.biotech.cdc.gov    Fri Nov  4 15:14:57 2016
%  vfn4          Dir:  /scicomp/groups/OID/NCIRD/ID-OD/ID_nomenclatures/H3/versions/H3v2016R2/c-3C/alt1/c-3C.2
% ---------------------------------------------------------------------
%  Alignment weights from internal calc.  Total (60.91) Max (0.07) Min (0.01)
%  Weights from alignment method 1 (karplus), b=-1.000000, e=0.500000
MODEL --  Model from alignment file /scicomp/groups/OID/NCIRD/ID-OD/ID_nomenclatures/label/LABEL_RES/training_data/H3v2016R2/c-3C/c-3C.2/c-3C.2x.fasta
alphabet DNA
FREQAVE
0.000000 0.000000 0.000000 
0.000000 0.000000 0.000000 
0.000000 0.000000 0.000000 
0.340277 0.222258 0.194035 0.243430 
0.340277 0.222258 0.194035 0.243430 
Begin
0.000000 0.000000 0.000000 
0.000000 0.000000 0.000000 
0.000000 0.003456 0.491768 
0.250000 0.250000 0.250000 0.250000 
0.250000 0.250000 0.250000 0.250000 
   1
0.000000 0.006993 0.046210 
0.000000 0.989551 0.462022 
0.053549 0.003469 0.491768 
0.987830 0.004057 0.004057 0.004057 
0.250000 0.250000 0.250000 0.250000 
   2
0.514760 0.003325 0.046210 
0.431691 0.993206 0.462022 
0.053549 0.003469 0.491768 
0.004057 0.004057 0.004057 0.987830 
0.250000 0.250000 0.250000 0.250000 
   3
0.514760 0.003325 0.046210 
0.431691 0.993206 0.462022 
0.053549 0.003469 0.491768 
0.004057 0.987830 0.004057 0.004057 
0.250000 0.250000 0.250000 0.250000 
   4
0.491094 0.003325 0.046210 
0.455357 0.993206 0.462022 
0.054847 0.003465 0.491768 
0.986805 0.004725 0.004420 0.004050 
0.250000 0.250000 0.250000 0.250000 
   5
0.502998 0.003321 0.046210 
0.442155 0.993214 0.462022 
0.054847 0.003465 0.491768 
0.986743 0.005156 0.004050 0.004050 
0.250000 0.250000 0.250000 0.250000 
   6
0.502998 0.003321 0.046210 
0.442155 0.993214 0.462022 
0.054847 0.003465 0.491768 
0.004994 0.986906 0.004050 0.004050 
0.250000 0.250000 0.250000 0.250000 
   7
0.502998 0.003321 0.046210 
0.442155 0.993214 0.462022 
0.054847 0.003465 0.491768 
0.985514 0.006385 0.004050 0.004050 
0.250000 0.250000 0.250000 0.250000 
   8
0.502998 0.003321 0.046210 
0.442155 0.993214 0.462022 
0.054847 0.003465 0.491768 
0.004690 0.004050 0.985554 0.005706 
0.250000 0.250000 0.250000 0.250000 
   9
0.502998 0.003321 0.046210 
0.442155 0.993214 0.462022 
0.054847 0.003465 0.491768 
0.004814 0.006964 0.011382 0.976839 
0.250000 0.250000 0.250000 0.250000 
  10
0.500170 0.003321 0.046210 
0.444983 0.993214 0.462022 
0.055003 0.003464 0.491768 
0.985694 0.005642 0.004615 0.004049 
0.250000 0.250000 0.250000 0.250000 
  11
0.501588 0.003320 0.046210 
0.443409 0.993216 0.462022 
0.055003 0.003464 0.491768 
0.004049 0.004049 0.005901 0.986000 
0.250000 0.250000 0.250000 0.250000 
  12
0.501588 0.003320 0.046210 
0.443409 0.993216 0.462022 
0.055003 0.003464 0.491768 
0.004708 0.004049 0.984319 0.006923 
0.250000 0.250000 0.250000 0.250000 
  13
0.496598 0.003320 0.046210 
0.448399 0.993216 0.462022 
0.055278 0.003463 0.491768 
0.987279 0.004625 0.004048 0.004048 
0.250000 0.250000 0.250000 0.250000 
  14
0.499089 0.003320 0.046210 
0.445633 0.993217 0.462022 
0.055278 0.003463 0.491768 
0.004048 0.004048 0.004048 0.987856 
0.250000 0.250000 0.250000 0.250000 
  15
0.493147 0.003320 0.046210 
0.451575 0.993217 0.462022 
0.055609 0.003462 0.491768 
0.004667 0.004047 0.005402 0.985884 
0.250000 0.250000 0.250000 0.250000 
  16
0.496095 0.003319 0.046210 
0.448297 0.993219 0.462022 
0.055609 0.003462 0.491768 
0.004523 0.987384 0.004046 0.004046 
0.250000 0.250000 0.250000 0.250000 
  17
0.496095 0.003319 0.046210 
0.448297 0.993219 0.462022 
0.055609 0.003462 0.491768 
0.004046 0.004046 0.987861 0.004046 
0.250000 0.250000 0.250000 0.250000 
  18
0.496095 0.003319 0.046210 
0.448297 0.993219 0.462022 
0.055609 0.003462 0.491768 
0.005266 0.004716 0.144841 0.845177 
0.250000 0.250000 0.250000 0.250000 
  19
0.490899 0.003319 0.046210 
0.453492 0.993219 0.462022 
0.055899 0.003461 0.491768 
0.004438 0.004625 0.006378 0.984560 
0.250000 0.250000 0.250000 0.250000 
  20
0.493463 0.003318 0.046210 
0.450638 0.993221 0.462022 
0.055899 0.003461 0.491768 
0.004045 0.004045 0.004546 0.987364 
0.250000 0.250000 0.250000 0.250000 
  21
0.493463 0.003318 0.046210 
0.450638 0.993221 0.462022 
0.055899 0.003461 0.491768 
0.007926 0.983599 0.004046 0.004429 
0.250000 0.250000 0.250000 0.250000 
  22
0.493463 0.003318 0.046210 
0.450638 0.993221 0.462022 
0.055899 0.003461 0.491768 
0.974104 0.017804 0.004046 0.004046 
0.250000 0.250000 0.250000 0.250000 
  23
0.493463 0.003318 0.046210 
0.450638 0.993221 0.462022 
0.055899 0.003461 0.491768 
0.005028 0.986882 0.004045 0.004045 
0.250000 0.250000 0.250000 0.250000 
  24
0.493463 0.003318 0.046210 
0.450638 0.993221 0.462022 
0.055899 0.003461 0.491768 
0.004045 0.004441 0.986463 0.005050 
0.250000 0.250000 0.250000 0.250000 
  25
0.493463 0.003318 0.046210 
0.450638 0.993221 0.462022 
0.055899 0.003461 0.491768 
0.004046 0.004430 0.022105 0.969419 
0.250000 0.250000 0.250000 0.250000 
  26
0.493463 0.003318 0.046210 
0.450638 0.993221 0.462022 
0.055899 0.003461 0.491768 
0.986623 0.005286 0.004046 0.004046 
0.250000 0.250000 0.250000 0.250000 
  27
0.493463 0.003318 0.046210 
0.450638 0.993221 0.462022 
0.055899 0.003461 0.491768 
0.004045 0.004045 0.987865 0.004045 
0.250000 0.250000 0.250000 0.250000 
  28
0.493463 0.003318 0.046210 
0.450638 0.993221 0.462022 
0.055899 0.003461 0.491768 
0.986381 0.004412 0.004045 0.005161 
0.250000 0.250000 0.250000 0.250000 
  29
0.493463 0.003318 0.046210 
0.450638 0.993221 0.462022 
0.055899 0.003461 0.491768 
0.004045 0.004045 0.006192 0.985718 
0.250000 0.250000 0.250000 0.250000 
  30
0.493463 0.003318 0.046210 
0.450638 0.993221 0.462022 
0.055899 0.003461 0.491768 
0.004045 0.004045 0.005673 0.986237 
0.250000 0.250000 0.250000 0.250000 
  31
0.493463 0.003318 0.046210 
0.450638 0.993221 0.462022 
0.055899 0.003461 0.491768 
0.004045 0.004045 0.987035 0.004875 
0.250000 0.250000 0.250000 0.250000 
  32
0.493463 0.003318 0.046210 
0.450638 0.993221 0.462022 
0.055899 0.003461 0.491768 
0.004045 0.005028 0.004440 0.986487 
0.250000 0.250000 0.250000 0.250000 
  33
0.493463 0.003318 0.046210 
0.450638 0.993221 0.462022 
0.055899 0.003461 0.491768 
0.987263 0.004647 0.004045 0.004045 
0.250000 0.250000 0.250000 0.250000 
  34
0.493463 0.003318 0.046210 
0.450638 0.993221 0.462022 
0.055899 0.003461 0.491768 
0.004045 0.004965 0.005551 0.985439 
0.250000 0.250000 0.250000 0.250000 
  35
0.493463 0.003318 0.046210 
0.450638 0.993221 0.462022 
0.055899 0.003461 0.491768 
0.005324 0.986124 0.004505 0.004046 
0.250000 0.250000 0.250000 0.250000 
  36
0.493463 0.003318 0.046210 
0.450638 0.993221 0.462022 
0.055899 0.003461 0.491768 
0.004045 0.004045 0.007213 0.984697 
0.250000 0.250000 0.250000 0.250000 
  37
0.493463 0.003318 0.046210 
0.450638 0.993221 0.462022 
0.055899 0.003461 0.491768 
0.009722 0.004046 0.980254 0.005978 
0.250000 0.250000 0.250000 0.250000 
  38
0.493463 0.003318 0.046210 
0.450638 0.993221 0.462022 
0.055899 0.003461 0.491768 
0.005401 0.004515 0.004362 0.985722 
0.250000 0.250000 0.250000 0.250000 
  39
0.493463 0.003318 0.046210 
0.450638 0.993221 0.462022 
0.055899 0.003461 0.491768 
0.006035 0.985299 0.004047 0.004620 
0.250000 0.250000 0.250000 0.250000 
  40
0.493463 0.003318 0.046210 
0.450638 0.993221 0.462022 
0.055899 0.003461 0.491768 
0.005625 0.986285 0.004045 0.004045 
0.250000 0.250000 0.250000 0.250000 
  41
0.493463 0.003318 0.046210 
0.450638 0.993221 0.462022 
0.055899 0.003461 0.491768 
0.004045 0.008663 0.006491 0.980801 
0.250000 0.250000 0.250000 0.250000 
  42
0.493463 0.003318 0.046210 
0.450638 0.993221 0.462022 
0.055899 0.003461 0.491768 
0.004046 0.004046 0.004553 0.987355 
0.250000 0.250000 0.250000 0.250000 
  43
0.493463 0.003318 0.046210 
0.450638 0.993221 0.462022 
0.055899 0.003461 0.491768 
0.004634 0.004387 0.004595 0.986383 
0.250000 0.250000 0.250000 0.250000 
  44
0.493463 0.003318 0.046210 
0.450638 0.993221 0.462022 
0.055899 0.003461 0.491768 
0.005599 0.004416 0.016351 0.973634 
0.250000 0.250000 0.250000 0.250000 
  45
0.493463 0.003318 0.046210 
0.450638 0.993221 0.462022 
0.055899 0.003461 0.491768 
0.004575 0.004045 0.983386 0.007994 
0.250000 0.250000 0.250000 0.250000 
  46
0.493463 0.003318 0.046210 
0.450638 0.993221 0.462022 
0.055899 0.003461 0.491768 
0.013452 0.976687 0.004045 0.005816 
0.250000 0.250000 0.250000 0.250000 
  47
0.493463 0.003318 0.046210 
0.450638 0.993221 0.462022 
0.055899 0.003461 0.491768 
0.004045 0.004045 0.987865 0.004045 
0.250000 0.250000 0.250000 0.250000 
  48
0.493463 0.003318 0.046210 
0.450638 0.993221 0.462022 
0.055899 0.003461 0.491768 
0.005445 0.004045 0.008620 0.981890 
0.250000 0.250000 0.250000 0.250000 
  49
0.467230 0.003318 0.046210 
0.476870 0.993221 0.462022 
0.057405 0.003456 0.491768 
0.004038 0.004038 0.987886 0.004038 
0.250000 0.250000 0.250000 0.250000 
  50
0.479817 0.003313 0.046210 
0.462778 0.993231 0.462022 
0.057405 0.003456 0.491768 
0.987231 0.004693 0.004038 0.004038 
0.250000 0.250000 0.250000 0.250000 
  51
0.479817 0.003313 0.046210 
0.462778 0.993231 0.462022 
0.057405 0.003456 0.491768 
0.986133 0.005425 0.004404 0.004039 
0.250000 0.250000 0.250000 0.250000 
  52
0.479817 0.003313 0.046210 
0.462778 0.993231 0.462022 
0.057405 0.003456 0.491768 
0.984940 0.006984 0.004038 0.004038 
0.250000 0.250000 0.250000 0.250000 
  53
0.479817 0.003313 0.046210 
0.462778 0.993231 0.462022 
0.057405 0.003456 0.491768 
0.986482 0.005439 0.004039 0.004039 
0.250000 0.250000 0.250000 0.250000 
  54
0.479817 0.003313 0.046210 
0.462778 0.993231 0.462022 
0.057405 0.003456 0.491768 
0.984917 0.006630 0.004038 0.004415 
0.250000 0.250000 0.250000 0.250000 
  55
0.479817 0.004025 0.046210 
0.462778 0.992519 0.462022 
0.056616 0.003459 0.491768 
0.978050 0.005108 0.012421 0.004421 
0.250000 0.250000 0.250000 0.250000 
  56
0.473225 0.003315 0.046210 
0.470158 0.993226 0.462022 
0.057405 0.003456 0.491768 
0.004965 0.005783 0.007689 0.981563 
0.250000 0.250000 0.250000 0.250000 
  57
0.479817 0.003313 0.046210 
0.462778 0.993231 0.462022 
0.057405 0.003456 0.491768 
0.004609 0.004038 0.007530 0.983823 
0.250000 0.250000 0.250000 0.250000 
  58
0.479817 0.003313 0.046210 
0.462778 0.993231 0.462022 
0.057405 0.003456 0.491768 
0.004039 0.004039 0.987411 0.004511 
0.250000 0.250000 0.250000 0.250000 
  59
0.479817 0.003313 0.046210 
0.462778 0.993231 0.462022 
0.057405 0.003456 0.491768 
0.004945 0.004038 0.986605 0.004412 
0.250000 0.250000 0.250000 0.250000 
  60
0.479817 0.003313 0.046210 
0.462778 0.993231 0.462022 
0.057405 0.003456 0.491768 
0.004453 0.004671 0.006373 0.984503 
0.250000 0.250000 0.250000 0.250000 
  61
0.479817 0.003313 0.046210 
0.462778 0.993231 0.462022 
0.057405 0.003456 0.491768 
0.004721 0.987202 0.004038 0.004038 
0.250000 0.250000 0.250000 0.250000 
  62
0.479817 0.003313 0.046210 
0.462778 0.993231 0.462022 
0.057405 0.003456 0.491768 
0.005919 0.985632 0.004038 0.004410 
0.250000 0.250000 0.250000 0.250000 
  63
0.479817 0.003313 0.046210 
0.462778 0.993231 0.462022 
0.057405 0.003456 0.491768 
0.983393 0.008531 0.004038 0.004038 
0.250000 0.250000 0.250000 0.250000 
  64
0.479817 0.003313 0.046210 
0.462778 0.993231 0.462022 
0.057405 0.003456 0.491768 
0.986719 0.005204 0.004038 0.004038 
0.250000 0.250000 0.250000 0.250000 
  65
0.479817 0.003313 0.046210 
0.462778 0.993231 0.462022 
0.057405 0.003456 0.491768 
0.987324 0.004599 0.004038 0.004038 
0.250000 0.250000 0.250000 0.250000 
  66
0.479817 0.003313 0.046210 
0.462778 0.993231 0.462022 
0.057405 0.003456 0.491768 
0.004038 0.004571 0.004038 0.987353 
0.250000 0.250000 0.250000 0.250000 
  67
0.479817 0.003313 0.046210 
0.462778 0.993231 0.462022 
0.057405 0.003456 0.491768 
0.005078 0.986457 0.004038 0.004427 
0.250000 0.250000 0.250000 0.250000 
  68
0.479817 0.003313 0.046210 
0.462778 0.993231 0.462022 
0.057405 0.003456 0.491768 
0.986313 0.005611 0.004038 0.004038 
0.250000 0.250000 0.250000 0.250000 
  69
0.479817 0.003313 0.046210 
0.462778 0.993231 0.462022 
0.057405 0.003456 0.491768 
0.004416 0.004038 0.985971 0.005575 
0.250000 0.250000 0.250000 0.250000 
  70
0.479817 0.003313 0.046210 
0.462778 0.993231 0.462022 
0.057405 0.003456 0.491768 
0.985592 0.005771 0.004598 0.004038 
0.250000 0.250000 0.250000 0.250000 
  71
0.479817 0.003313 0.046210 
0.462778 0.993231 0.462022 
0.057405 0.003456 0.491768 
0.987422 0.004038 0.004501 0.004038 
0.250000 0.250000 0.250000 0.250000 
  72
0.479817 0.003313 0.046210 
0.462778 0.993231 0.462022 
0.057405 0.003456 0.491768 
0.004038 0.004038 0.006578 0.985346 
0.250000 0.250000 0.250000 0.250000 
  73
0.479817 0.003313 0.046210 
0.462778 0.993231 0.462022 
0.057405 0.003456 0.491768 
0.987064 0.004859 0.004038 0.004038 
0.250000 0.250000 0.250000 0.250000 
  74
0.479817 0.003313 0.046210 
0.462778 0.993231 0.462022 
0.057405 0.003456 0.491768 
0.006559 0.984979 0.004039 0.004423 
0.250000 0.250000 0.250000 0.250000 
  75
0.479817 0.003313 0.046210 
0.462778 0.993231 0.462022 
0.057405 0.003456 0.491768 
0.004039 0.004039 0.983658 0.008264 
0.250000 0.250000 0.250000 0.250000 
  76
0.479817 0.003313 0.046210 
0.462778 0.993231 0.462022 
0.057405 0.003456 0.491768 
0.986958 0.004463 0.004038 0.004540 
0.250000 0.250000 0.250000 0.250000 
  77
0.479817 0.003313 0.046210 
0.462778 0.993231 0.462022 
0.057405 0.003456 0.491768 
0.004593 0.004039 0.984977 0.006390 
0.250000 0.250000 0.250000 0.250000 
  78
0.479817 0.003313 0.046210 
0.462778 0.993231 0.462022 
0.057405 0.003456 0.491768 
0.010235 0.979949 0.004039 0.005777 
0.250000 0.250000 0.250000 0.250000 
  79
0.479817 0.003313 0.046210 
0.462778 0.993231 0.462022 
0.057405 0.003456 0.491768 
0.004038 0.987886 0.004038 0.004038 
0.250000 0.250000 0.250000 0.250000 
  80
0.479817 0.003313 0.046210 
0.462778 0.993231 0.462022 
0.057405 0.003456 0.491768 
0.004038 0.004038 0.987886 0.004038 
0.250000 0.250000 0.250000 0.250000 
  81
0.479817 0.003313 0.046210 
0.462778 0.993231 0.462022 
0.057405 0.003456 0.491768 
0.986222 0.005701 0.004039 0.004039 
0.250000 0.250000 0.250000 0.250000 
  82
0.479817 0.003313 0.046210 
0.462778 0.993231 0.462022 
0.057405 0.003456 0.491768 
0.987390 0.004532 0.004039 0.004039 
0.250000 0.250000 0.250000 0.250000 
  83
0.479817 0.003313 0.046210 
0.462778 0.993231 0.462022 
0.057405 0.003456 0.491768 
0.004038 0.004038 0.986946 0.004978 
0.250000 0.250000 0.250000 0.250000 
  84
0.479817 0.003313 0.046210 
0.462778 0.993231 0.462022 
0.057405 0.003456 0.491768 
0.019722 0.968922 0.004038 0.007318 
0.250000 0.250000 0.250000 0.250000 
  85
0.479817 0.003313 0.046210 
0.462778 0.993231 0.462022 
0.057405 0.003456 0.491768 
0.004038 0.004038 0.981361 0.010562 
0.250000 0.250000 0.250000 0.250000 
  86
0.479817 0.003313 0.046210 
0.462778 0.993231 0.462022 
0.057405 0.003456 0.491768 
0.004038 0.004038 0.004038 0.987886 
0.250000 0.250000 0.250000 0.250000 
  87
0.479817 0.003313 0.046210 
0.462778 0.993231 0.462022 
0.057405 0.003456 0.491768 
0.005722 0.985803 0.004038 0.004437 
0.250000 0.250000 0.250000 0.250000 
  88
0.479817 0.003313 0.046210 
0.462778 0.993231 0.462022 
0.057405 0.003456 0.491768 
0.004038 0.004038 0.004038 0.987886 
0.250000 0.250000 0.250000 0.250000 
  89
0.479817 0.003313 0.046210 
0.462778 0.993231 0.462022 
0.057405 0.003456 0.491768 
0.004038 0.987886 0.004038 0.004038 
0.250000 0.250000 0.250000 0.250000 
  90
0.479817 0.003313 0.046210 
0.462778 0.993231 0.462022 
0.057405 0.003456 0.491768 
0.004041 0.004041 0.981840 0.010078 
0.250000 0.250000 0.250000 0.250000 
  91
0.479817 0.003313 0.046210 
0.462778 0.993231 0.462022 
0.057405 0.003456 0.491768 
0.004762 0.004038 0.987161 0.004038 
0.250000 0.250000 0.250000 0.250000 
  92
0.479817 0.003313 0.046210 
0.462778 0.993231 0.462022 
0.057405 0.003456 0.491768 
0.004038 0.004038 0.004038 0.987886 
0.250000 0.250000 0.250000 0.250000 
  93
0.479817 0.003313 0.046210 
0.462778 0.993231 0.462022 
0.057405 0.003456 0.491768 
0.004038 0.004038 0.004038 0.987886 
0.250000 0.250000 0.250000 0.250000 
  94
0.479817 0.003313 0.046210 
0.462778 0.993231 0.462022 
0.057405 0.003456 0.491768 
0.004038 0.987886 0.004038 0.004038 
0.250000 0.250000 0.250000 0.250000 
  95
0.479817 0.003313 0.046210 
0.462778 0.993231 0.462022 
0.057405 0.003456 0.491768 
0.004038 0.987886 0.004038 0.004038 
0.250000 0.250000 0.250000 0.250000 
  96
0.479817 0.003313 0.046210 
0.462778 0.993231 0.462022 
0.057405 0.003456 0.491768 
0.013668 0.978256 0.004038 0.004038 
0.250000 0.250000 0.250000 0.250000 
  97
0.479817 0.003313 0.046210 
0.462778 0.993231 0.462022 
0.057405 0.003456 0.491768 
0.004038 0.004038 0.987886 0.004038 
0.250000 0.250000 0.250000 0.250000 
  98
0.479817 0.003313 0.046210 
0.462778 0.993231 0.462022 
0.057405 0.003456 0.491768 
0.987413 0.004511 0.004038 0.004038 
0.250000 0.250000 0.250000 0.250000 
  99
0.479817 0.003313 0.046210 
0.462778 0.993231 0.462022 
0.057405 0.003456 0.491768 
0.004038 0.004038 0.982834 0.009089 
0.250000 0.250000 0.250000 0.250000 
 100
0.479817 0.003313 0.046210 
0.462778 0.993231 0.462022 
0.057405 0.003456 0.491768 
0.004038 0.004038 0.986938 0.004985 
0.250000 0.250000 0.250000 0.250000 
 101
0.479817 0.003313 0.046210 
0.462778 0.993231 0.462022 
0.057405 0.003456 0.491768 
0.987886 0.004038 0.004038 0.004038 
0.250000 0.250000 0.250000 0.250000 
 102
0.479817 0.003313 0.046210 
0.462778 0.993231 0.462022 
0.057405 0.003456 0.491768 
0.004038 0.004038 0.004994 0.986930 
0.250000 0.250000 0.250000 0.250000 
 103
0.479817 0.003313 0.046210 
0.462778 0.993231 0.462022 
0.057405 0.003456 0.491768 
0.004038 0.986857 0.004038 0.005067 
0.250000 0.250000 0.250000 0.250000 
 104
0.479817 0.003313 0.046210 
0.462778 0.993231 0.462022 
0.057405 0.003456 0.491768 
0.004038 0.004038 0.987886 0.004038 
0.250000 0.250000 0.250000 0.250000 
 105
0.479817 0.003313 0.046210 
0.462778 0.993231 0.462022 
0.057405 0.003456 0.491768 
0.986519 0.005405 0.004038 0.004038 
0.250000 0.250000 0.250000 0.250000 
 106
0.479817 0.003313 0.046210 
0.462778 0.993231 0.462022 
0.057405 0.003456 0.491768 
0.004511 0.987413 0.004038 0.004038 
0.250000 0.250000 0.250000 0.250000 
 107
0.479817 0.003313 0.046210 
0.462778 0.993231 0.462022 
0.057405 0.003456 0.491768 
0.004038 0.004038 0.005020 0.986904 
0.250000 0.250000 0.250000 0.250000 
 108
0.479817 0.003313 0.046210 
0.462778 0.993231 0.462022 
0.057405 0.003456 0.491768 
0.979398 0.012526 0.004038 0.004038 
0.250000 0.250000 0.250000 0.250000 
 109
0.479817 0.003313 0.046210 
0.462778 0.993231 0.462022 
0.057405 0.003456 0.491768 
0.004038 0.004038 0.987360 0.004564 
0.250000 0.250000 0.250000 0.250000 
 110
0.479817 0.003313 0.046210 
0.462778 0.993231 0.462022 
0.057405 0.003456 0.491768 
0.005059 0.004038 0.986498 0.004405 
0.250000 0.250000 0.250000 0.250000 
 111
0.479817 0.003313 0.046210 
0.462778 0.993231 0.462022 
0.057405 0.003456 0.491768 
0.986505 0.004959 0.004497 0.004038 
0.250000 0.250000 0.250000 0.250000 
 112
0.479817 0.003313 0.046210 
0.462778 0.993231 0.462022 
0.057405 0.003456 0.491768 
0.987886 0.004038 0.004038 0.004038 
0.250000 0.250000 0.250000 0.250000 
 113
0.479817 0.003313 0.046210 
0.462778 0.993231 0.462022 
0.057405 0.003456 0.491768 
0.987886 0.004038 0.004038 0.004038 
0.250000 0.250000 0.250000 0.250000 
 114
0.479817 0.003313 0.046210 
0.462778 0.993231 0.462022 
0.057405 0.003456 0.491768 
0.004039 0.004039 0.980628 0.011294 
0.250000 0.250000 0.250000 0.250000 
 115
0.479817 0.003313 0.046210 
0.462778 0.993231 0.462022 
0.057405 0.003456 0.491768 
0.004038 0.987886 0.004038 0.004038 
0.250000 0.250000 0.250000 0.250000 
 116
0.479817 0.003313 0.046210 
0.462778 0.993231 0.462022 
0.057405 0.003456 0.491768 
0.004038 0.987886 0.004038 0.004038 
0.250000 0.250000 0.250000 0.250000 
 117
0.479817 0.003313 0.046210 
0.462778 0.993231 0.462022 
0.057405 0.003456 0.491768 
0.983512 0.008042 0.004038 0.004408 
0.250000 0.250000 0.250000 0.250000 
 118
0.479817 0.003313 0.046210 
0.462778 0.993231 0.462022 
0.057405 0.003456 0.491768 
0.987882 0.004039 0.004039 0.004039 
0.250000 0.250000 0.250000 0.250000 
 119
0.479817 0.003313 0.046210 
0.462778 0.993231 0.462022 
0.057405 0.003456 0.491768 
0.004039 0.004039 0.987395 0.004527 
0.250000 0.250000 0.250000 0.250000 
 120
0.479817 0.003313 0.046210 
0.462778 0.993231 0.462022 
0.057405 0.003456 0.491768 
0.019502 0.958053 0.004039 0.018406 
0.250000 0.250000 0.250000 0.250000 
 121
0.479817 0.003313 0.046210 
0.462778 0.993231 0.462022 
0.057405 0.003456 0.491768 
0.982412 0.009509 0.004040 0.004040 
0.250000 0.250000 0.250000 0.250000 
 122
0.479817 0.003313 0.046210 
0.462778 0.993231 0.462022 
0.057405 0.003456 0.491768 
0.004038 0.004038 0.004727 0.987197 
0.250000 0.250000 0.250000 0.250000 
 123
0.479817 0.003313 0.046210 
0.462778 0.993231 0.462022 
0.057405 0.003456 0.491768 
0.985323 0.005921 0.004394 0.004362 
0.250000 0.250000 0.250000 0.250000 
 124
0.479817 0.003313 0.046210 
0.462778 0.993231 0.462022 
0.057405 0.003456 0.491768 
0.004039 0.987882 0.004039 0.004039 
0.250000 0.250000 0.250000 0.250000 
 125
0.479817 0.003313 0.046210 
0.462778 0.993231 0.462022 
0.057405 0.003456 0.491768 
0.004038 0.004038 0.004038 0.987886 
0.250000 0.250000 0.250000 0.250000 
 126
0.479817 0.003313 0.046210 
0.462778 0.993231 0.462022 
0.057405 0.003456 0.491768 
0.007755 0.983786 0.004038 0.004421 
0.250000 0.250000 0.250000 0.250000 
 127
0.479817 0.003313 0.046210 
0.462778 0.993231 0.462022 
0.057405 0.003456 0.491768 
0.987886 0.004038 0.004038 0.004038 
0.250000 0.250000 0.250000 0.250000 
 128
0.479817 0.003313 0.046210 
0.462778 0.993231 0.462022 
0.057405 0.003456 0.491768 
0.985849 0.005710 0.004403 0.004038 
0.250000 0.250000 0.250000 0.250000 
 129
0.479817 0.003313 0.046210 
0.462778 0.993231 0.462022 
0.057405 0.003456 0.491768 
0.986405 0.005519 0.004038 0.004038 
0.250000 0.250000 0.250000 0.250000 
 130
0.479817 0.003313 0.046210 
0.462778 0.993231 0.462022 
0.057405 0.003456 0.491768 
0.987027 0.004896 0.004038 0.004038 
0.250000 0.250000 0.250000 0.250000 
 131
0.479817 0.003313 0.046210 
0.462778 0.993231 0.462022 
0.057405 0.003456 0.491768 
0.004038 0.004038 0.987886 0.004038 
0.250000 0.250000 0.250000 0.250000 
 132
0.479817 0.003313 0.046210 
0.462778 0.993231 0.462022 
0.057405 0.003456 0.491768 
0.986290 0.005219 0.004038 0.004454 
0.250000 0.250000 0.250000 0.250000 
 133
0.479817 0.003313 0.046210 
0.462778 0.993231 0.462022 
0.057405 0.003456 0.491768 
0.987886 0.004038 0.004038 0.004038 
0.250000 0.250000 0.250000 0.250000 
 134
0.479817 0.003313 0.046210 
0.462778 0.993231 0.462022 
0.057405 0.003456 0.491768 
0.004038 0.004038 0.004038 0.987886 
0.250000 0.250000 0.250000 0.250000 
 135
0.479817 0.003313 0.046210 
0.462778 0.993231 0.462022 
0.057405 0.003456 0.491768 
0.005440 0.004039 0.985203 0.005319 
0.250000 0.250000 0.250000 0.250000 
 136
0.479817 0.003313 0.046210 
0.462778 0.993231 0.462022 
0.057405 0.003456 0.491768 
0.987390 0.004534 0.004038 0.004038 
0.250000 0.250000 0.250000 0.250000 
 137
0.479817 0.003313 0.046210 
0.462778 0.993231 0.462022 
0.057405 0.003456 0.491768 
0.004038 0.004038 0.987345 0.004578 
0.250000 0.250000 0.250000 0.250000 
 138
0.479817 0.003313 0.046210 
0.462778 0.993231 0.462022 
0.057405 0.003456 0.491768 
0.891174 0.099899 0.004039 0.004889 
0.250000 0.250000 0.250000 0.250000 
 139
0.479817 0.003313 0.046210 
0.462778 0.993231 0.462022 
0.057405 0.003456 0.491768 
0.984940 0.006199 0.004364 0.004497 
0.250000 0.250000 0.250000 0.250000 
 140
0.479817 0.003313 0.046210 
0.462778 0.993231 0.462022 
0.057405 0.003456 0.491768 
0.983637 0.008287 0.004038 0.004038 
0.250000 0.250000 0.250000 0.250000 
 141
0.479817 0.003313 0.046210 
0.462778 0.993231 0.462022 
0.057405 0.003456 0.491768 
0.004038 0.004038 0.010290 0.981634 
0.250000 0.250000 0.250000 0.250000 
 142
0.479817 0.003313 0.046210 
0.462778 0.993231 0.462022 
0.057405 0.003456 0.491768 
0.005047 0.986877 0.004038 0.004038 
0.250000 0.250000 0.250000 0.250000 
 143
0.479817 0.003313 0.046210 
0.462778 0.993231 0.462022 
0.057405 0.003456 0.491768 
0.986646 0.005278 0.004038 0.004038 
0.250000 0.250000 0.250000 0.250000 
 144
0.479817 0.003313 0.046210 
0.462778 0.993231 0.462022 
0.057405 0.003456 0.491768 
0.005497 0.004039 0.984950 0.005514 
0.250000 0.250000 0.250000 0.250000 
 145
0.479817 0.003313 0.046210 
0.462778 0.993231 0.462022 
0.057405 0.003456 0.491768 
0.006242 0.004039 0.985680 0.004039 
0.250000 0.250000 0.250000 0.250000 
 146
0.479817 0.003313 0.046210 
0.462778 0.993231 0.462022 
0.057405 0.003456 0.491768 
0.013713 0.977795 0.004039 0.004453 
0.250000 0.250000 0.250000 0.250000 
 147
0.479817 0.003313 0.046210 
0.462778 0.993231 0.462022 
0.057405 0.003456 0.491768 
0.979089 0.012834 0.004038 0.004038 
0.250000 0.250000 0.250000 0.250000 
 148
0.479817 0.003313 0.046210 
0.462778 0.993231 0.462022 
0.057405 0.003456 0.491768 
0.987177 0.004745 0.004039 0.004039 
0.250000 0.250000 0.250000 0.250000 
 149
0.479817 0.003313 0.046210 
0.462778 0.993231 0.462022 
0.057405 0.003456 0.491768 
0.004038 0.004038 0.004548 0.987376 
0.250000 0.250000 0.250000 0.250000 
 150
0.479817 0.003313 0.046210 
0.462778 0.993231 0.462022 
0.057405 0.003456 0.491768 
0.004849 0.004038 0.005207 0.985906 
0.250000 0.250000 0.250000 0.250000 
 151
0.479817 0.003313 0.046210 
0.462778 0.993231 0.462022 
0.057405 0.003456 0.491768 
0.004038 0.987886 0.004038 0.004038 
0.250000 0.250000 0.250000 0.250000 
 152
0.479817 0.003313 0.046210 
0.462778 0.993231 0.462022 
0.057405 0.003456 0.491768 
0.987886 0.004038 0.004038 0.004038 
0.250000 0.250000 0.250000 0.250000 
 153
0.479817 0.003313 0.046210 
0.462778 0.993231 0.462022 
0.057405 0.003456 0.491768 
0.983771 0.008153 0.004038 0.004038 
0.250000 0.250000 0.250000 0.250000 
 154
0.479817 0.003313 0.046210 
0.462778 0.993231 0.462022 
0.057405 0.003456 0.491768 
0.004038 0.987886 0.004038 0.004038 
0.250000 0.250000 0.250000 0.250000 
 155
0.479817 0.003313 0.046210 
0.462778 0.993231 0.462022 
0.057405 0.003456 0.491768 
0.004038 0.004038 0.004038 0.987886 
0.250000 0.250000 0.250000 0.250000 
 156
0.479817 0.003313 0.046210 
0.462778 0.993231 0.462022 
0.057405 0.003456 0.491768 
0.004960 0.004038 0.009400 0.981601 
0.250000 0.250000 0.250000 0.250000 
 157
0.479817 0.003313 0.046210 
0.462778 0.993231 0.462022 
0.057405 0.003456 0.491768 
0.987886 0.004038 0.004038 0.004038 
0.250000 0.250000 0.250000 0.250000 
 158
0.479817 0.003313 0.046210 
0.462778 0.993231 0.462022 
0.057405 0.003456 0.491768 
0.004038 0.004038 0.987886 0.004038 
0.250000 0.250000 0.250000 0.250000 
 159
0.479817 0.003313 0.046210 
0.462778 0.993231 0.462022 
0.057405 0.003456 0.491768 
0.004039 0.004530 0.008846 0.982585 
0.250000 0.250000 0.250000 0.250000 
 160
0.479817 0.003313 0.046210 
0.462778 0.993231 0.462022 
0.057405 0.003456 0.491768 
0.987886 0.004038 0.004038 0.004038 
0.250000 0.250000 0.250000 0.250000 
 161
0.479817 0.003313 0.046210 
0.462778 0.993231 0.462022 
0.057405 0.003456 0.491768 
0.987883 0.004039 0.004039 0.004039 
0.250000 0.250000 0.250000 0.250000 
 162
0.479817 0.003313 0.046210 
0.462778 0.993231 0.462022 
0.057405 0.003456 0.491768 
0.004038 0.004038 0.004905 0.987019 
0.250000 0.250000 0.250000 0.250000 
 163
0.479817 0.003313 0.046210 
0.462778 0.993231 0.462022 
0.057405 0.003456 0.491768 
0.004038 0.987886 0.004038 0.004038 
0.250000 0.250000 0.250000 0.250000 
 164
0.479817 0.003313 0.046210 
0.462778 0.993231 0.462022 
0.057405 0.003456 0.491768 
0.004038 0.004038 0.987886 0.004038 
0.250000 0.250000 0.250000 0.250000 
 165
0.479817 0.003313 0.046210 
0.462778 0.993231 0.462022 
0.057405 0.003456 0.491768 
0.005962 0.004398 0.012048 0.977591 
0.250000 0.250000 0.250000 0.250000 
 166
0.479817 0.003313 0.046210 
0.462778 0.993231 0.462022 
0.057405 0.003456 0.491768 
0.987886 0.004038 0.004038 0.004038 
0.250000 0.250000 0.250000 0.250000 
 167
0.479817 0.003313 0.046210 
0.462778 0.993231 0.462022 
0.057405 0.003456 0.491768 
0.004040 0.004040 0.987880 0.004040 
0.250000 0.250000 0.250000 0.250000 
 168
0.479817 0.003313 0.046210 
0.462778 0.993231 0.462022 
0.057405 0.003456 0.491768 
0.004428 0.004039 0.005439 0.986093 
0.250000 0.250000 0.250000 0.250000 
 169
0.479817 0.003313 0.046210 
0.462778 0.993231 0.462022 
0.057405 0.003456 0.491768 
0.004038 0.987886 0.004038 0.004038 
0.250000 0.250000 0.250000 0.250000 
 170
0.479817 0.003313 0.046210 
0.462778 0.993231 0.462022 
0.057405 0.003456 0.491768 
0.987886 0.004038 0.004038 0.004038 
0.250000 0.250000 0.250000 0.250000 
 171
0.479817 0.003313 0.046210 
0.462778 0.993231 0.462022 
0.057405 0.003456 0.491768 
0.016189 0.975733 0.004039 0.004039 
0.250000 0.250000 0.250000 0.250000 
 172
0.479817 0.003313 0.046210 
0.462778 0.993231 0.462022 
0.057405 0.003456 0.491768 
0.004038 0.004038 0.691869 0.300055 
0.250000 0.250000 0.250000 0.250000 
 173
0.479817 0.003313 0.046210 
0.462778 0.993231 0.462022 
0.057405 0.003456 0.491768 
0.004038 0.004038 0.004038 0.987886 
0.250000 0.250000 0.250000 0.250000 
 174
0.479817 0.003313 0.046210 
0.462778 0.993231 0.462022 
0.057405 0.003456 0.491768 
0.008199 0.979651 0.004038 0.008112 
0.250000 0.250000 0.250000 0.250000 
 175
0.479817 0.003313 0.046210 
0.462778 0.993231 0.462022 
0.057405 0.003456 0.491768 
0.004801 0.987123 0.004038 0.004038 
0.250000 0.250000 0.250000 0.250000 
 176
0.479817 0.003313 0.046210 
0.462778 0.993231 0.462022 
0.057405 0.003456 0.491768 
0.004038 0.004038 0.004038 0.987886 
0.250000 0.250000 0.250000 0.250000 
 177
0.479817 0.003313 0.046210 
0.462778 0.993231 0.462022 
0.057405 0.003456 0.491768 
0.004038 0.004038 0.006276 0.985648 
0.250000 0.250000 0.250000 0.250000 
 178
0.479817 0.003313 0.046210 
0.462778 0.993231 0.462022 
0.057405 0.003456 0.491768 
0.004038 0.004038 0.987886 0.004038 
0.250000 0.250000 0.250000 0.250000 
 179
0.479817 0.003313 0.046210 
0.462778 0.993231 0.462022 
0.057405 0.003456 0.491768 
0.987886 0.004038 0.004038 0.004038 
0.250000 0.250000 0.250000 0.250000 
 180
0.479817 0.003313 0.046210 
0.462778 0.993231 0.462022 
0.057405 0.003456 0.491768 
0.008625 0.982616 0.004039 0.004719 
0.250000 0.250000 0.250000 0.250000 
 181
0.479817 0.003313 0.046210 
0.462778 0.993231 0.462022 
0.057405 0.003456 0.491768 
0.986221 0.005313 0.004428 0.004038 
0.250000 0.250000 0.250000 0.250000 
 182
0.479817 0.003313 0.046210 
0.462778 0.993231 0.462022 
0.057405 0.003456 0.491768 
0.986712 0.004824 0.004426 0.004038 
0.250000 0.250000 0.250000 0.250000 
 183
0.479817 0.003313 0.046210 
0.462778 0.993231 0.462022 
0.057405 0.003456 0.491768 
0.004472 0.004038 0.006487 0.985003 
0.250000 0.250000 0.250000 0.250000 
 184
0.479817 0.003313 0.046210 
0.462778 0.993231 0.462022 
0.057405 0.003456 0.491768 
0.004509 0.004038 0.004829 0.986624 
0.250000 0.250000 0.250000 0.250000 
 185
0.479817 0.003313 0.046210 
0.462778 0.993231 0.462022 
0.057405 0.003456 0.491768 
0.004829 0.004038 0.986509 0.004623 
0.250000 0.250000 0.250000 0.250000 
 186
0.479817 0.003313 0.046210 
0.462778 0.993231 0.462022 
0.057405 0.003456 0.491768 
0.005054 0.004038 0.985779 0.005129 
0.250000 0.250000 0.250000 0.250000 
 187
0.479817 0.003313 0.046210 
0.462778 0.993231 0.462022 
0.057405 0.003456 0.491768 
0.004038 0.004038 0.004922 0.987002 
0.250000 0.250000 0.250000 0.250000 
 188
0.479817 0.003313 0.046210 
0.462778 0.993231 0.462022 
0.057405 0.003456 0.491768 
0.004038 0.004038 0.987360 0.004564 
0.250000 0.250000 0.250000 0.250000 
 189
0.479817 0.003313 0.046210 
0.462778 0.993231 0.462022 
0.057405 0.003456 0.491768 
0.985698 0.005540 0.004722 0.004039 
0.250000 0.250000 0.250000 0.250000 
 190
0.479817 0.003313 0.046210 
0.462778 0.993231 0.462022 
0.057405 0.003456 0.491768 
0.986394 0.005131 0.004038 0.004437 
0.250000 0.250000 0.250000 0.250000 
 191
0.479817 0.003313 0.046210 
0.462778 0.993231 0.462022 
0.057405 0.003456 0.491768 
0.004038 0.004038 0.011035 0.980888 
0.250000 0.250000 0.250000 0.250000 
 192
0.479817 0.003313 0.046210 
0.462778 0.993231 0.462022 
0.057405 0.003456 0.491768 
0.984138 0.006898 0.004390 0.004574 
0.250000 0.250000 0.250000 0.250000 
 193
0.479817 0.003313 0.046210 
0.462778 0.993231 0.462022 
0.057405 0.003456 0.491768 
0.004604 0.986937 0.004039 0.004420 
0.250000 0.250000 0.250000 0.250000 
 194
0.479817 0.003313 0.046210 
0.462778 0.993231 0.462022 
0.057405 0.003456 0.491768 
0.005352 0.986571 0.004038 0.004038 
0.250000 0.250000 0.250000 0.250000 
 195
0.479817 0.003313 0.046210 
0.462778 0.993231 0.462022 
0.057405 0.003456 0.491768 
0.022867 0.004390 0.004662 0.968082 
0.250000 0.250000 0.250000 0.250000 
 196
0.479817 0.003313 0.046210 
0.462778 0.993231 0.462022 
0.057405 0.003456 0.491768 
0.005815 0.986108 0.004038 0.004038 
0.250000 0.250000 0.250000 0.250000 
 197
0.479817 0.003313 0.046210 
0.462778 0.993231 0.462022 
0.057405 0.003456 0.491768 
0.985789 0.004647 0.004367 0.005196 
0.250000 0.250000 0.250000 0.250000 
 198
0.479817 0.003313 0.046210 
0.462778 0.993231 0.462022 
0.057405 0.003456 0.491768 
0.986499 0.005424 0.004038 0.004038 
0.250000 0.250000 0.250000 0.250000 
 199
0.479817 0.003313 0.046210 
0.462778 0.993231 0.462022 
0.057405 0.003456 0.491768 
0.986872 0.005052 0.004038 0.004038 
0.250000 0.250000 0.250000 0.250000 
 200
0.479817 0.003313 0.046210 
0.462778 0.993231 0.462022 
0.057405 0.003456 0.491768 
0.004038 0.004038 0.004038 0.987886 
0.250000 0.250000 0.250000 0.250000 
 201
0.479817 0.003313 0.046210 
0.462778 0.993231 0.462022 
0.057405 0.003456 0.491768 
0.986151 0.004440 0.005370 0.004038 
0.250000 0.250000 0.250000 0.250000 
 202
0.479817 0.003313 0.046210 
0.462778 0.993231 0.462022 
0.057405 0.003456 0.491768 
0.004038 0.004038 0.004038 0.987886 
0.250000 0.250000 0.250000 0.250000 
 203
0.479817 0.003313 0.046210 
0.462778 0.993231 0.462022 
0.057405 0.003456 0.491768 
0.004038 0.987886 0.004038 0.004038 
0.250000 0.250000 0.250000 0.250000 
 204
0.479817 0.003313 0.046210 
0.462778 0.993231 0.462022 
0.057405 0.003456 0.491768 
0.004039 0.004039 0.980535 0.011387 
0.250000 0.250000 0.250000 0.250000 
 205
0.479817 0.003313 0.046210 
0.462778 0.993231 0.462022 
0.057405 0.003456 0.491768 
0.032172 0.959283 0.004038 0.004507 
0.250000 0.250000 0.250000 0.250000 
 206
0.479817 0.003313 0.046210 
0.462778 0.993231 0.462022 
0.057405 0.003456 0.491768 
0.987138 0.004784 0.004039 0.004039 
0.250000 0.250000 0.250000 0.250000 
 207
0.479817 0.003313 0.046210 
0.462778 0.993231 0.462022 
0.057405 0.003456 0.491768 
0.004598 0.004038 0.986539 0.004824 
0.250000 0.250000 0.250000 0.250000 
 208
0.479817 0.003313 0.046210 
0.462778 0.993231 0.462022 
0.057405 0.003456 0.491768 
0.987364 0.004038 0.004559 0.004038 
0.250000 0.250000 0.250000 0.250000 
 209
0.479817 0.003313 0.046210 
0.462778 0.993231 0.462022 
0.057405 0.003456 0.491768 
0.005762 0.986162 0.004038 0.004038 
0.250000 0.250000 0.250000 0.250000 
 210
0.479817 0.003313 0.046210 
0.462778 0.993231 0.462022 
0.057405 0.003456 0.491768 
0.004038 0.004038 0.012223 0.979701 
0.250000 0.250000 0.250000 0.250000 
 211
0.479817 0.003313 0.046210 
0.462778 0.993231 0.462022 
0.057405 0.003456 0.491768 
0.004038 0.004038 0.987886 0.004038 
0.250000 0.250000 0.250000 0.250000 
 212
0.479817 0.003313 0.046210 
0.462778 0.993231 0.462022 
0.057405 0.003456 0.491768 
0.004038 0.004038 0.987886 0.004038 
0.250000 0.250000 0.250000 0.250000 
 213
0.479817 0.003313 0.046210 
0.462778 0.993231 0.462022 
0.057405 0.003456 0.491768 
0.005279 0.004038 0.028176 0.962507 
0.250000 0.250000 0.250000 0.250000 
 214
0.479817 0.003313 0.046210 
0.462778 0.993231 0.462022 
0.057405 0.003456 0.491768 
0.004038 0.004038 0.987134 0.004789 
0.250000 0.250000 0.250000 0.250000 
 215
0.479817 0.003313 0.046210 
0.462778 0.993231 0.462022 
0.057405 0.003456 0.491768 
0.986608 0.004525 0.004038 0.004829 
0.250000 0.250000 0.250000 0.250000 
 216
0.479817 0.003313 0.046210 
0.462778 0.993231 0.462022 
0.057405 0.003456 0.491768 
0.004038 0.004038 0.009889 0.982035 
0.250000 0.250000 0.250000 0.250000 
 217
0.479817 0.003313 0.046210 
0.462778 0.993231 0.462022 
0.057405 0.003456 0.491768 
0.018319 0.004039 0.973603 0.004039 
0.250000 0.250000 0.250000 0.250000 
 218
0.479817 0.003313 0.046210 
0.462778 0.993231 0.462022 
0.057405 0.003456 0.491768 
0.981669 0.007553 0.004038 0.006740 
0.250000 0.250000 0.250000 0.250000 
 219
0.479817 0.003313 0.046210 
0.462778 0.993231 0.462022 
0.057405 0.003456 0.491768 
0.007311 0.983255 0.004039 0.005395 
0.250000 0.250000 0.250000 0.250000 
 220
0.479817 0.003313 0.046210 
0.462778 0.993231 0.462022 
0.057405 0.003456 0.491768 
0.984999 0.006925 0.004038 0.004038 
0.250000 0.250000 0.250000 0.250000 
 221
0.479817 0.003313 0.046210 
0.462778 0.993231 0.462022 
0.057405 0.003456 0.491768 
0.004038 0.004038 0.004038 0.987886 
0.250000 0.250000 0.250000 0.250000 
 222
0.479817 0.003313 0.046210 
0.462778 0.993231 0.462022 
0.057405 0.003456 0.491768 
0.005137 0.004038 0.985298 0.005527 
0.250000 0.250000 0.250000 0.250000 
 223
0.479817 0.003313 0.046210 
0.462778 0.993231 0.462022 
0.057405 0.003456 0.491768 
0.004745 0.004039 0.987177 0.004039 
0.250000 0.250000 0.250000 0.250000 
 224
0.479817 0.003313 0.046210 
0.462778 0.993231 0.462022 
0.057405 0.003456 0.491768 
0.004038 0.004038 0.004038 0.987886 
0.250000 0.250000 0.250000 0.250000 
 225
0.479817 0.003313 0.046210 
0.462778 0.993231 0.462022 
0.057405 0.003456 0.491768 
0.004407 0.004038 0.005510 0.986045 
0.250000 0.250000 0.250000 0.250000 
 226
0.479817 0.003313 0.046210 
0.462778 0.993231 0.462022 
0.057405 0.003456 0.491768 
0.004038 0.987886 0.004038 0.004038 
0.250000 0.250000 0.250000 0.250000 
 227
0.479817 0.003313 0.046210 
0.462778 0.993231 0.462022 
0.057405 0.003456 0.491768 
0.987886 0.004038 0.004038 0.004038 
0.250000 0.250000 0.250000 0.250000 
 228
0.479817 0.003313 0.046210 
0.462778 0.993231 0.462022 
0.057405 0.003456 0.491768 
0.004038 0.004038 0.004743 0.987180 
0.250000 0.250000 0.250000 0.250000 
 229
0.479817 0.003313 0.046210 
0.462778 0.993231 0.462022 
0.057405 0.003456 0.491768 
0.004038 0.987886 0.004038 0.004038 
0.250000 0.250000 0.250000 0.250000 
 230
0.479817 0.003313 0.046210 
0.462778 0.993231 0.462022 
0.057405 0.003456 0.491768 
0.004038 0.987886 0.004038 0.004038 
0.250000 0.250000 0.250000 0.250000 
 231
0.479817 0.003313 0.046210 
0.462778 0.993231 0.462022 
0.057405 0.003456 0.491768 
0.984533 0.006549 0.004039 0.004879 
0.250000 0.250000 0.250000 0.250000 
 232
0.479817 0.003313 0.046210 
0.462778 0.993231 0.462022 
0.057405 0.003456 0.491768 
0.009350 0.982569 0.004041 0.004041 
0.250000 0.250000 0.250000 0.250000 
 233
0.479817 0.003313 0.046210 
0.462778 0.993231 0.462022 
0.057405 0.003456 0.491768 
0.985852 0.006072 0.004038 0.004038 
0.250000 0.250000 0.250000 0.250000 
 234
0.479817 0.003313 0.046210 
0.462778 0.993231 0.462022 
0.057405 0.003456 0.491768 
0.986084 0.005840 0.004038 0.004038 
0.250000 0.250000 0.250000 0.250000 
 235
0.479817 0.003313 0.046210 
