%  SAM: /scicomp/home/yfa9/CDC_projects/Mol_genetic_analysis/Nomenclature/B_HA_Nomenclature/All_v4/label/LABEL_RES/scripts/modelfromalign_Linux v3.5 (July 15, 2005) compiled 12/08/06_16:15:55
%  (c) 1992-2001 Regents of the University of California, Santa Cruz
%
%          Sequence Alignment and Modeling Software System
%         http://www.cse.ucsc.edu/research/compbio/sam.html
%
% ----------------- Citations (SAM, SAM-T2K, HMMs) --------------------
% R. Hughey, A. Krogh, Hidden Markov models for sequence analysis:
%  Extension and analysis of the basic method, CABIOS 12:95-107, 1996.
% K. Karplus, et al., What is the value added by human intervention in protein
%  structure prediction, Proteins: Stucture, Function, Genetics 45(S5):86--91, 2001.
% A. Krogh et al., Hidden Markov models in computational biology:
%  Applications to protein modeling, JMB 235:1501-1531, Feb 1994.
% ---------------------------------------------------------------------
%  yamOld_hmm   Host: node4.hpc.biotech.cdc.gov    Fri Jul 22 14:59:47 2016
%  yfa9         Dir:  /scicomp/home/yfa9/CDC_projects/Mol_genetic_analysis/Nomenclature/B_HA_Nomenclature/All_v4/Influ_B_HA/c-yam3-yam2-yamOld
% ---------------------------------------------------------------------
%  Alignment weights from internal calc.  Total (25.92) Max (0.12) Min (0.03)
%  Weights from alignment method 1 (karplus), b=-1.000000, e=0.500000
MODEL --  Model from alignment file /scicomp/home/yfa9/CDC_projects/Mol_genetic_analysis/Nomenclature/B_HA_Nomenclature/All_v4/label/LABEL_RES/training_data/InfluB_v1/c-yam3-yam2-yamOld/yamOld.fasta
alphabet DNA
FREQAVE
0.000000 0.000000 0.000000 
0.000000 0.000000 0.000000 
0.000000 0.000000 0.000000 
0.335474 0.217018 0.212263 0.235244 
0.335474 0.217018 0.212263 0.235244 
Begin
0.000000 0.000000 0.000000 
0.000000 0.000000 0.000000 
0.000000 0.006338 0.491768 
0.250000 0.250000 0.250000 0.250000 
0.250000 0.250000 0.250000 0.250000 
   1
0.000000 0.006075 0.046210 
0.000000 0.987587 0.462022 
0.057405 0.006338 0.491768 
0.972143 0.009286 0.009286 0.009286 
0.250000 0.250000 0.250000 0.250000 
   2
0.479817 0.006075 0.046210 
0.462778 0.987587 0.462022 
0.057405 0.006338 0.491768 
0.009286 0.009286 0.009286 0.972143 
0.250000 0.250000 0.250000 0.250000 
   3
0.479817 0.006075 0.046210 
0.462778 0.987587 0.462022 
0.057405 0.006338 0.491768 
0.009286 0.972143 0.009286 0.009286 
0.250000 0.250000 0.250000 0.250000 
   4
0.479817 0.006075 0.046210 
0.462778 0.987587 0.462022 
0.057405 0.006338 0.491768 
0.969329 0.012099 0.009286 0.009286 
0.250000 0.250000 0.250000 0.250000 
   5
0.479817 0.006075 0.046210 
0.462778 0.987587 0.462022 
0.057405 0.006338 0.491768 
0.972143 0.009286 0.009286 0.009286 
0.250000 0.250000 0.250000 0.250000 
   6
0.479817 0.006075 0.046210 
0.462778 0.987587 0.462022 
0.057405 0.006338 0.491768 
0.014329 0.967100 0.009286 0.009286 
0.250000 0.250000 0.250000 0.250000 
   7
0.479817 0.006075 0.046210 
0.462778 0.987587 0.462022 
0.057405 0.006338 0.491768 
0.010947 0.970482 0.009286 0.009286 
0.250000 0.250000 0.250000 0.250000 
   8
0.479817 0.006075 0.046210 
0.462778 0.987587 0.462022 
0.057405 0.006338 0.491768 
0.011001 0.009286 0.968437 0.011276 
0.250000 0.250000 0.250000 0.250000 
   9
0.479817 0.006075 0.046210 
0.462778 0.987587 0.462022 
0.057405 0.006338 0.491768 
0.962549 0.012170 0.015994 0.009286 
0.250000 0.250000 0.250000 0.250000 
  10
0.479817 0.006075 0.046210 
0.462778 0.987587 0.462022 
0.057405 0.006338 0.491768 
0.972143 0.009286 0.009286 0.009286 
0.250000 0.250000 0.250000 0.250000 
  11
0.479817 0.006075 0.046210 
0.462778 0.987587 0.462022 
0.057405 0.006338 0.491768 
0.009286 0.009286 0.009286 0.972143 
0.250000 0.250000 0.250000 0.250000 
  12
0.479817 0.006075 0.046210 
0.462778 0.987587 0.462022 
0.057405 0.006338 0.491768 
0.972143 0.009286 0.009286 0.009286 
0.250000 0.250000 0.250000 0.250000 
  13
0.479817 0.006075 0.046210 
0.462778 0.987587 0.462022 
0.057405 0.006338 0.491768 
0.970363 0.011066 0.009286 0.009286 
0.250000 0.250000 0.250000 0.250000 
  14
0.479817 0.006075 0.046210 
0.462778 0.987587 0.462022 
0.057405 0.006338 0.491768 
0.009286 0.009286 0.009286 0.972143 
0.250000 0.250000 0.250000 0.250000 
  15
0.479817 0.006075 0.046210 
0.462778 0.987587 0.462022 
0.057405 0.006338 0.491768 
0.009286 0.009286 0.009286 0.972143 
0.250000 0.250000 0.250000 0.250000 
  16
0.479817 0.006075 0.046210 
0.462778 0.987587 0.462022 
0.057405 0.006338 0.491768 
0.009286 0.972143 0.009286 0.009286 
0.250000 0.250000 0.250000 0.250000 
  17
0.479817 0.006075 0.046210 
0.462778 0.987587 0.462022 
0.057405 0.006338 0.491768 
0.009286 0.009286 0.009286 0.972143 
0.250000 0.250000 0.250000 0.250000 
  18
0.479817 0.006075 0.046210 
0.462778 0.987587 0.462022 
0.057405 0.006338 0.491768 
0.972143 0.009286 0.009286 0.009286 
0.250000 0.250000 0.250000 0.250000 
  19
0.479817 0.006075 0.046210 
0.462778 0.987587 0.462022 
0.057405 0.006338 0.491768 
0.009286 0.009286 0.972143 0.009286 
0.250000 0.250000 0.250000 0.250000 
  20
0.479817 0.006075 0.046210 
0.462778 0.987587 0.462022 
0.057405 0.006338 0.491768 
0.009286 0.009286 0.009286 0.972143 
0.250000 0.250000 0.250000 0.250000 
  21
0.479817 0.006075 0.046210 
0.462778 0.987587 0.462022 
0.057405 0.006338 0.491768 
0.972143 0.009286 0.009286 0.009286 
0.250000 0.250000 0.250000 0.250000 
  22
0.479817 0.006075 0.046210 
0.462778 0.987587 0.462022 
0.057405 0.006338 0.491768 
0.009286 0.009286 0.972143 0.009286 
0.250000 0.250000 0.250000 0.250000 
  23
0.479817 0.006075 0.046210 
0.462778 0.987587 0.462022 
0.057405 0.006338 0.491768 
0.009286 0.009286 0.009286 0.972143 
0.250000 0.250000 0.250000 0.250000 
  24
0.479817 0.006075 0.046210 
0.462778 0.987587 0.462022 
0.057405 0.006338 0.491768 
0.015691 0.009286 0.965737 0.009286 
0.250000 0.250000 0.250000 0.250000 
  25
0.479817 0.006075 0.046210 
0.462778 0.987587 0.462022 
0.057405 0.006338 0.491768 
0.970646 0.009286 0.010782 0.009286 
0.250000 0.250000 0.250000 0.250000 
  26
0.479817 0.006075 0.046210 
0.462778 0.987587 0.462022 
0.057405 0.006338 0.491768 
0.009286 0.009286 0.009286 0.972143 
0.250000 0.250000 0.250000 0.250000 
  27
0.479817 0.006075 0.046210 
0.462778 0.987587 0.462022 
0.057405 0.006338 0.491768 
0.009286 0.972143 0.009286 0.009286 
0.250000 0.250000 0.250000 0.250000 
  28
0.479817 0.006075 0.046210 
0.462778 0.987587 0.462022 
0.057405 0.006338 0.491768 
0.009286 0.972143 0.009286 0.009286 
0.250000 0.250000 0.250000 0.250000 
  29
0.479817 0.006075 0.046210 
0.462778 0.987587 0.462022 
0.057405 0.006338 0.491768 
0.009286 0.009286 0.009286 0.972143 
0.250000 0.250000 0.250000 0.250000 
  30
0.479817 0.006075 0.046210 
0.462778 0.987587 0.462022 
0.057405 0.006338 0.491768 
0.972143 0.009286 0.009286 0.009286 
0.250000 0.250000 0.250000 0.250000 
  31
0.479817 0.006075 0.046210 
0.462778 0.987587 0.462022 
0.057405 0.006338 0.491768 
0.009286 0.972143 0.009286 0.009286 
0.250000 0.250000 0.250000 0.250000 
  32
0.479817 0.006075 0.046210 
0.462778 0.987587 0.462022 
0.057405 0.006338 0.491768 
0.009286 0.009286 0.018209 0.963219 
0.250000 0.250000 0.250000 0.250000 
  33
0.479817 0.006075 0.046210 
0.462778 0.987587 0.462022 
0.057405 0.006338 0.491768 
0.972143 0.009286 0.009286 0.009286 
0.250000 0.250000 0.250000 0.250000 
  34
0.479817 0.006075 0.046210 
0.462778 0.987587 0.462022 
0.057405 0.006338 0.491768 
0.972143 0.009286 0.009286 0.009286 
0.250000 0.250000 0.250000 0.250000 
  35
0.479817 0.006075 0.046210 
0.462778 0.987587 0.462022 
0.057405 0.006338 0.491768 
0.009286 0.009286 0.972143 0.009286 
0.250000 0.250000 0.250000 0.250000 
  36
0.479817 0.006075 0.046210 
0.462778 0.987587 0.462022 
0.057405 0.006338 0.491768 
0.972143 0.009286 0.009286 0.009286 
0.250000 0.250000 0.250000 0.250000 
  37
0.479817 0.006075 0.046210 
0.462778 0.987587 0.462022 
0.057405 0.006338 0.491768 
0.009286 0.009286 0.009286 0.972143 
0.250000 0.250000 0.250000 0.250000 
  38
0.479817 0.006075 0.046210 
0.462778 0.987587 0.462022 
0.057405 0.006338 0.491768 
0.009286 0.009286 0.972143 0.009286 
0.250000 0.250000 0.250000 0.250000 
  39
0.479817 0.006075 0.046210 
0.462778 0.987587 0.462022 
0.057405 0.006338 0.491768 
0.009286 0.009286 0.964776 0.016652 
0.250000 0.250000 0.250000 0.250000 
  40
0.479817 0.006075 0.046210 
0.462778 0.987587 0.462022 
0.057405 0.006338 0.491768 
0.970048 0.011381 0.009286 0.009286 
0.250000 0.250000 0.250000 0.250000 
  41
0.479817 0.006075 0.046210 
0.462778 0.987587 0.462022 
0.057405 0.006338 0.491768 
0.972143 0.009286 0.009286 0.009286 
0.250000 0.250000 0.250000 0.250000 
  42
0.479817 0.006075 0.046210 
0.462778 0.987587 0.462022 
0.057405 0.006338 0.491768 
0.014030 0.009286 0.058647 0.918038 
0.250000 0.250000 0.250000 0.250000 
  43
0.479817 0.006075 0.046210 
0.462778 0.987587 0.462022 
0.057405 0.006338 0.491768 
0.009286 0.972143 0.009286 0.009286 
0.250000 0.250000 0.250000 0.250000 
  44
0.479817 0.006075 0.046210 
0.462778 0.987587 0.462022 
0.057405 0.006338 0.491768 
0.009286 0.009286 0.972143 0.009286 
0.250000 0.250000 0.250000 0.250000 
  45
0.479817 0.006075 0.046210 
0.462778 0.987587 0.462022 
0.057405 0.006338 0.491768 
0.970680 0.010749 0.009286 0.009286 
0.250000 0.250000 0.250000 0.250000 
  46
0.479817 0.006075 0.046210 
0.462778 0.987587 0.462022 
0.057405 0.006338 0.491768 
0.009286 0.972143 0.009286 0.009286 
0.250000 0.250000 0.250000 0.250000 
  47
0.479817 0.006075 0.046210 
0.462778 0.987587 0.462022 
0.057405 0.006338 0.491768 
0.972143 0.009286 0.009286 0.009286 
0.250000 0.250000 0.250000 0.250000 
  48
0.479817 0.006075 0.046210 
0.462778 0.987587 0.462022 
0.057405 0.006338 0.491768 
0.009286 0.009286 0.015341 0.966088 
0.250000 0.250000 0.250000 0.250000 
  49
0.479817 0.006075 0.046210 
0.462778 0.987587 0.462022 
0.057405 0.006338 0.491768 
0.017551 0.009286 0.963877 0.009286 
0.250000 0.250000 0.250000 0.250000 
  50
0.479817 0.006075 0.046210 
0.462778 0.987587 0.462022 
0.057405 0.006338 0.491768 
0.009286 0.972143 0.009286 0.009286 
0.250000 0.250000 0.250000 0.250000 
  51
0.479817 0.006075 0.046210 
0.462778 0.987587 0.462022 
0.057405 0.006338 0.491768 
0.970733 0.010695 0.009286 0.009286 
0.250000 0.250000 0.250000 0.250000 
  52
0.479817 0.006075 0.046210 
0.462778 0.987587 0.462022 
0.057405 0.006338 0.491768 
0.972143 0.009286 0.009286 0.009286 
0.250000 0.250000 0.250000 0.250000 
  53
0.479817 0.006075 0.046210 
0.462778 0.987587 0.462022 
0.057405 0.006338 0.491768 
0.009286 0.009286 0.009286 0.972143 
0.250000 0.250000 0.250000 0.250000 
  54
0.479817 0.006075 0.046210 
0.462778 0.987587 0.462022 
0.057405 0.006338 0.491768 
0.012163 0.009286 0.969266 0.009286 
0.250000 0.250000 0.250000 0.250000 
  55
0.479817 0.006075 0.046210 
0.462778 0.987587 0.462022 
0.057405 0.006338 0.491768 
0.009286 0.009286 0.009286 0.972143 
0.250000 0.250000 0.250000 0.250000 
  56
0.479817 0.006075 0.046210 
0.462778 0.987587 0.462022 
0.057405 0.006338 0.491768 
0.009286 0.972143 0.009286 0.009286 
0.250000 0.250000 0.250000 0.250000 
  57
0.479817 0.006075 0.046210 
0.462778 0.987587 0.462022 
0.057405 0.006338 0.491768 
0.009286 0.009286 0.972143 0.009286 
0.250000 0.250000 0.250000 0.250000 
  58
0.479817 0.006075 0.046210 
0.462778 0.987587 0.462022 
0.057405 0.006338 0.491768 
0.972143 0.009286 0.009286 0.009286 
0.250000 0.250000 0.250000 0.250000 
  59
0.479817 0.006075 0.046210 
0.462778 0.987587 0.462022 
0.057405 0.006338 0.491768 
0.009286 0.009286 0.972143 0.009286 
0.250000 0.250000 0.250000 0.250000 
  60
0.479817 0.006075 0.046210 
0.462778 0.987587 0.462022 
0.057405 0.006338 0.491768 
0.009286 0.014756 0.012220 0.963739 
0.250000 0.250000 0.250000 0.250000 
  61
0.479817 0.006075 0.046210 
0.462778 0.987587 0.462022 
0.057405 0.006338 0.491768 
0.009286 0.972143 0.009286 0.009286 
0.250000 0.250000 0.250000 0.250000 
  62
0.479817 0.006075 0.046210 
0.462778 0.987587 0.462022 
0.057405 0.006338 0.491768 
0.009286 0.972143 0.009286 0.009286 
0.250000 0.250000 0.250000 0.250000 
  63
0.479817 0.006075 0.046210 
0.462778 0.987587 0.462022 
0.057405 0.006338 0.491768 
0.191570 0.789837 0.009296 0.009296 
0.250000 0.250000 0.250000 0.250000 
  64
0.479817 0.006075 0.046210 
0.462778 0.987587 0.462022 
0.057405 0.006338 0.491768 
0.972143 0.009286 0.009286 0.009286 
0.250000 0.250000 0.250000 0.250000 
  65
0.479817 0.006075 0.046210 
0.462778 0.987587 0.462022 
0.057405 0.006338 0.491768 
0.009286 0.009286 0.009286 0.972143 
0.250000 0.250000 0.250000 0.250000 
  66
0.479817 0.006075 0.046210 
0.462778 0.987587 0.462022 
0.057405 0.006338 0.491768 
0.972143 0.009286 0.009286 0.009286 
0.250000 0.250000 0.250000 0.250000 
  67
0.479817 0.006075 0.046210 
0.462778 0.987587 0.462022 
0.057405 0.006338 0.491768 
0.972143 0.009286 0.009286 0.009286 
0.250000 0.250000 0.250000 0.250000 
  68
0.479817 0.006075 0.046210 
0.462778 0.987587 0.462022 
0.057405 0.006338 0.491768 
0.009286 0.009286 0.972143 0.009286 
0.250000 0.250000 0.250000 0.250000 
  69
0.479817 0.006075 0.046210 
0.462778 0.987587 0.462022 
0.057405 0.006338 0.491768 
0.972143 0.009286 0.009286 0.009286 
0.250000 0.250000 0.250000 0.250000 
  70
0.479817 0.006075 0.046210 
0.462778 0.987587 0.462022 
0.057405 0.006338 0.491768 
0.009286 0.009286 0.009286 0.972143 
0.250000 0.250000 0.250000 0.250000 
  71
0.479817 0.006075 0.046210 
0.462778 0.987587 0.462022 
0.057405 0.006338 0.491768 
0.009286 0.009286 0.972143 0.009286 
0.250000 0.250000 0.250000 0.250000 
  72
0.479817 0.006075 0.046210 
0.462778 0.987587 0.462022 
0.057405 0.006338 0.491768 
0.015232 0.220310 0.033369 0.731090 
0.250000 0.250000 0.250000 0.250000 
  73
0.479817 0.006075 0.046210 
0.462778 0.987587 0.462022 
0.057405 0.006338 0.491768 
0.009286 0.009286 0.009286 0.972143 
0.250000 0.250000 0.250000 0.250000 
  74
0.479817 0.006075 0.046210 
0.462778 0.987587 0.462022 
0.057405 0.006338 0.491768 
0.009286 0.009286 0.972143 0.009286 
0.250000 0.250000 0.250000 0.250000 
  75
0.479817 0.006075 0.046210 
0.462778 0.987587 0.462022 
0.057405 0.006338 0.491768 
0.969282 0.012146 0.009286 0.009286 
0.250000 0.250000 0.250000 0.250000 
  76
0.479817 0.006075 0.046210 
0.462778 0.987587 0.462022 
0.057405 0.006338 0.491768 
0.969355 0.012074 0.009286 0.009286 
0.250000 0.250000 0.250000 0.250000 
  77
0.479817 0.006075 0.046210 
0.462778 0.987587 0.462022 
0.057405 0.006338 0.491768 
0.969063 0.012366 0.009286 0.009286 
0.250000 0.250000 0.250000 0.250000 
  78
0.479817 0.006075 0.046210 
0.462778 0.987587 0.462022 
0.057405 0.006338 0.491768 
0.009286 0.009286 0.964967 0.016462 
0.250000 0.250000 0.250000 0.250000 
  79
0.479817 0.006075 0.046210 
0.462778 0.987587 0.462022 
0.057405 0.006338 0.491768 
0.009286 0.009286 0.009286 0.972143 
0.250000 0.250000 0.250000 0.250000 
  80
0.479817 0.006075 0.046210 
0.462778 0.987587 0.462022 
0.057405 0.006338 0.491768 
0.009286 0.009286 0.972143 0.009286 
0.250000 0.250000 0.250000 0.250000 
  81
0.479817 0.006075 0.046210 
0.462778 0.987587 0.462022 
0.057405 0.006338 0.491768 
0.970601 0.010827 0.009286 0.009286 
0.250000 0.250000 0.250000 0.250000 
  82
0.479817 0.006075 0.046210 
0.462778 0.987587 0.462022 
0.057405 0.006338 0.491768 
0.009286 0.009286 0.969910 0.011518 
0.250000 0.250000 0.250000 0.250000 
  83
0.479817 0.006075 0.046210 
0.462778 0.987587 0.462022 
0.057405 0.006338 0.491768 
0.009286 0.009286 0.972143 0.009286 
0.250000 0.250000 0.250000 0.250000 
  84
0.479817 0.006075 0.046210 
0.462778 0.987587 0.462022 
0.057405 0.006338 0.491768 
0.009286 0.009286 0.014583 0.966845 
0.250000 0.250000 0.250000 0.250000 
  85
0.479817 0.006075 0.046210 
0.462778 0.987587 0.462022 
0.057405 0.006338 0.491768 
0.009286 0.009286 0.972143 0.009286 
0.250000 0.250000 0.250000 0.250000 
  86
0.479817 0.006075 0.046210 
0.462778 0.987587 0.462022 
0.057405 0.006338 0.491768 
0.972143 0.009286 0.009286 0.009286 
0.250000 0.250000 0.250000 0.250000 
  87
0.479817 0.006075 0.046210 
0.462778 0.987587 0.462022 
0.057405 0.006338 0.491768 
0.009286 0.009286 0.046873 0.934555 
0.250000 0.250000 0.250000 0.250000 
  88
0.479817 0.006075 0.046210 
0.462778 0.987587 0.462022 
0.057405 0.006338 0.491768 
0.010922 0.970507 0.009286 0.009286 
0.250000 0.250000 0.250000 0.250000 
  89
0.479817 0.006075 0.046210 
0.462778 0.987587 0.462022 
0.057405 0.006338 0.491768 
0.009286 0.009286 0.009286 0.972143 
0.250000 0.250000 0.250000 0.250000 
  90
0.479817 0.006075 0.046210 
0.462778 0.987587 0.462022 
0.057405 0.006338 0.491768 
0.033550 0.947878 0.009286 0.009286 
0.250000 0.250000 0.250000 0.250000 
  91
0.479817 0.006075 0.046210 
0.462778 0.987587 0.462022 
0.057405 0.006338 0.491768 
0.009286 0.972143 0.009286 0.009286 
0.250000 0.250000 0.250000 0.250000 
  92
0.479817 0.006075 0.046210 
0.462778 0.987587 0.462022 
0.057405 0.006338 0.491768 
0.009286 0.009286 0.009286 0.972143 
0.250000 0.250000 0.250000 0.250000 
  93
0.479817 0.006075 0.046210 
0.462778 0.987587 0.462022 
0.057405 0.006338 0.491768 
0.010732 0.009286 0.966627 0.013355 
0.250000 0.250000 0.250000 0.250000 
  94
0.479817 0.006075 0.046210 
0.462778 0.987587 0.462022 
0.057405 0.006338 0.491768 
0.972143 0.009286 0.009286 0.009286 
0.250000 0.250000 0.250000 0.250000 
  95
0.479817 0.006075 0.046210 
0.462778 0.987587 0.462022 
0.057405 0.006338 0.491768 
0.970272 0.011156 0.009286 0.009286 
0.250000 0.250000 0.250000 0.250000 
  96
0.479817 0.006075 0.046210 
0.462778 0.987587 0.462022 
0.057405 0.006338 0.491768 
0.972143 0.009286 0.009286 0.009286 
0.250000 0.250000 0.250000 0.250000 
  97
0.479817 0.006075 0.046210 
0.462778 0.987587 0.462022 
0.057405 0.006338 0.491768 
0.972143 0.009286 0.009286 0.009286 
0.250000 0.250000 0.250000 0.250000 
  98
0.479817 0.006075 0.046210 
0.462778 0.987587 0.462022 
0.057405 0.006338 0.491768 
0.009286 0.009286 0.972143 0.009286 
0.250000 0.250000 0.250000 0.250000 
  99
0.479817 0.006075 0.046210 
0.462778 0.987587 0.462022 
0.057405 0.006338 0.491768 
0.968339 0.009286 0.009286 0.013090 
0.250000 0.250000 0.250000 0.250000 
 100
0.479817 0.006075 0.046210 
0.462778 0.987587 0.462022 
0.057405 0.006338 0.491768 
0.009286 0.972143 0.009286 0.009286 
0.250000 0.250000 0.250000 0.250000 
 101
0.479817 0.006075 0.046210 
0.462778 0.987587 0.462022 
0.057405 0.006338 0.491768 
0.009286 0.009286 0.972143 0.009286 
0.250000 0.250000 0.250000 0.250000 
 102
0.479817 0.006075 0.046210 
0.462778 0.987587 0.462022 
0.057405 0.006338 0.491768 
0.009296 0.009296 0.219821 0.761586 
0.250000 0.250000 0.250000 0.250000 
 103
0.479817 0.006075 0.046210 
0.462778 0.987587 0.462022 
0.057405 0.006338 0.491768 
0.972143 0.009286 0.009286 0.009286 
0.250000 0.250000 0.250000 0.250000 
 104
0.479817 0.006075 0.046210 
0.462778 0.987587 0.462022 
0.057405 0.006338 0.491768 
0.009286 0.009286 0.972143 0.009286 
0.250000 0.250000 0.250000 0.250000 
 105
0.479817 0.006075 0.046210 
0.462778 0.987587 0.462022 
0.057405 0.006338 0.491768 
0.011887 0.009286 0.010892 0.967935 
0.250000 0.250000 0.250000 0.250000 
 106
0.479817 0.006075 0.046210 
0.462778 0.987587 0.462022 
0.057405 0.006338 0.491768 
0.009286 0.009286 0.972143 0.009286 
0.250000 0.250000 0.250000 0.250000 
 107
0.479817 0.006075 0.046210 
0.462778 0.987587 0.462022 
0.057405 0.006338 0.491768 
0.964123 0.009286 0.009286 0.017305 
0.250000 0.250000 0.250000 0.250000 
 108
0.479817 0.006075 0.046210 
0.462778 0.987587 0.462022 
0.057405 0.006338 0.491768 
0.972143 0.009286 0.009286 0.009286 
0.250000 0.250000 0.250000 0.250000 
 109
0.479817 0.006075 0.046210 
0.462778 0.987587 0.462022 
0.057405 0.006338 0.491768 
0.009286 0.972143 0.009286 0.009286 
0.250000 0.250000 0.250000 0.250000 
 110
0.479817 0.006075 0.046210 
0.462778 0.987587 0.462022 
0.057405 0.006338 0.491768 
0.009286 0.972143 0.009286 0.009286 
0.250000 0.250000 0.250000 0.250000 
 111
0.479817 0.006075 0.046210 
0.462778 0.987587 0.462022 
0.057405 0.006338 0.491768 
0.018564 0.962865 0.009286 0.009286 
0.250000 0.250000 0.250000 0.250000 
 112
0.479817 0.006075 0.046210 
0.462778 0.987587 0.462022 
0.057405 0.006338 0.491768 
0.009286 0.972143 0.009286 0.009286 
0.250000 0.250000 0.250000 0.250000 
 113
0.479817 0.006075 0.046210 
0.462778 0.987587 0.462022 
0.057405 0.006338 0.491768 
0.972143 0.009286 0.009286 0.009286 
0.250000 0.250000 0.250000 0.250000 
 114
0.479817 0.006075 0.046210 
0.462778 0.987587 0.462022 
0.057405 0.006338 0.491768 
0.067255 0.914174 0.009286 0.009286 
0.250000 0.250000 0.250000 0.250000 
 115
0.479817 0.006075 0.046210 
0.462778 0.987587 0.462022 
0.057405 0.006338 0.491768 
0.009286 0.972143 0.009286 0.009286 
0.250000 0.250000 0.250000 0.250000 
 116
0.479817 0.006075 0.046210 
0.462778 0.987587 0.462022 
0.057405 0.006338 0.491768 
0.009286 0.009286 0.009286 0.972143 
0.250000 0.250000 0.250000 0.250000 
 117
0.479817 0.006075 0.046210 
0.462778 0.987587 0.462022 
0.057405 0.006338 0.491768 
0.009286 0.009286 0.970235 0.011193 
0.250000 0.250000 0.250000 0.250000 
 118
0.479817 0.006075 0.046210 
0.462778 0.987587 0.462022 
0.057405 0.006338 0.491768 
0.972143 0.009286 0.009286 0.009286 
0.250000 0.250000 0.250000 0.250000 
 119
0.479817 0.006075 0.046210 
0.462778 0.987587 0.462022 
0.057405 0.006338 0.491768 
0.970606 0.009286 0.009286 0.010823 
0.250000 0.250000 0.250000 0.250000 
 120
0.479817 0.006075 0.046210 
0.462778 0.987587 0.462022 
0.057405 0.006338 0.491768 
0.009286 0.009286 0.009286 0.972143 
0.250000 0.250000 0.250000 0.250000 
 121
0.479817 0.006075 0.046210 
0.462778 0.987587 0.462022 
0.057405 0.006338 0.491768 
0.009286 0.972143 0.009286 0.009286 
0.250000 0.250000 0.250000 0.250000 
 122
0.479817 0.006075 0.046210 
0.462778 0.987587 0.462022 
0.057405 0.006338 0.491768 
0.017305 0.009286 0.009286 0.964123 
0.250000 0.250000 0.250000 0.250000 
 123
0.479817 0.006075 0.046210 
0.462778 0.987587 0.462022 
0.057405 0.006338 0.491768 
0.022259 0.959169 0.009286 0.009286 
0.250000 0.250000 0.250000 0.250000 
 124
0.479817 0.006075 0.046210 
0.462778 0.987587 0.462022 
0.057405 0.006338 0.491768 
0.972143 0.009286 0.009286 0.009286 
0.250000 0.250000 0.250000 0.250000 
 125
0.479817 0.006075 0.046210 
0.462778 0.987587 0.462022 
0.057405 0.006338 0.491768 
0.009286 0.009286 0.972143 0.009286 
0.250000 0.250000 0.250000 0.250000 
 126
0.479817 0.006075 0.046210 
0.462778 0.987587 0.462022 
0.057405 0.006338 0.491768 
0.009286 0.009286 0.019066 0.962362 
0.250000 0.250000 0.250000 0.250000 
 127
0.479817 0.006075 0.046210 
0.462778 0.987587 0.462022 
0.057405 0.006338 0.491768 
0.009286 0.972143 0.009286 0.009286 
0.250000 0.250000 0.250000 0.250000 
 128
0.479817 0.006075 0.046210 
0.462778 0.987587 0.462022 
0.057405 0.006338 0.491768 
0.009286 0.972143 0.009286 0.009286 
0.250000 0.250000 0.250000 0.250000 
 129
0.479817 0.006075 0.046210 
0.462778 0.987587 0.462022 
0.057405 0.006338 0.491768 
0.009286 0.009286 0.025615 0.955813 
0.250000 0.250000 0.250000 0.250000 
 130
0.479817 0.006075 0.046210 
0.462778 0.987587 0.462022 
0.057405 0.006338 0.491768 
0.009286 0.972143 0.009286 0.009286 
0.250000 0.250000 0.250000 0.250000 
 131
0.479817 0.006075 0.046210 
0.462778 0.987587 0.462022 
0.057405 0.006338 0.491768 
0.009286 0.009286 0.135566 0.845863 
0.250000 0.250000 0.250000 0.250000 
 132
0.479817 0.006075 0.046210 
0.462778 0.987587 0.462022 
0.057405 0.006338 0.491768 
0.043657 0.933549 0.009286 0.013509 
0.250000 0.250000 0.250000 0.250000 
 133
0.479817 0.006075 0.046210 
0.462778 0.987587 0.462022 
0.057405 0.006338 0.491768 
0.972143 0.009286 0.009286 0.009286 
0.250000 0.250000 0.250000 0.250000 
 134
0.479817 0.006075 0.046210 
0.462778 0.987587 0.462022 
0.057405 0.006338 0.491768 
0.009286 0.009286 0.009286 0.972143 
0.250000 0.250000 0.250000 0.250000 
 135
0.479817 0.006075 0.046210 
0.462778 0.987587 0.462022 
0.057405 0.006338 0.491768 
0.970517 0.009286 0.010911 0.009286 
0.250000 0.250000 0.250000 0.250000 
 136
0.479817 0.006075 0.046210 
0.462778 0.987587 0.462022 
0.057405 0.006338 0.491768 
0.009286 0.009286 0.964820 0.016608 
0.250000 0.250000 0.250000 0.250000 
 137
0.479817 0.006075 0.046210 
0.462778 0.987587 0.462022 
0.057405 0.006338 0.491768 
0.009286 0.009286 0.972143 0.009286 
0.250000 0.250000 0.250000 0.250000 
 138
0.479817 0.006075 0.046210 
0.462778 0.987587 0.462022 
0.057405 0.006338 0.491768 
0.970621 0.009286 0.010808 0.009286 
0.250000 0.250000 0.250000 0.250000 
 139
0.479817 0.006075 0.046210 
0.462778 0.987587 0.462022 
0.057405 0.006338 0.491768 
0.009286 0.009286 0.966676 0.014753 
0.250000 0.250000 0.250000 0.250000 
 140
0.479817 0.006075 0.046210 
0.462778 0.987587 0.462022 
0.057405 0.006338 0.491768 
0.009286 0.009286 0.009286 0.972143 
0.250000 0.250000 0.250000 0.250000 
 141
0.479817 0.006075 0.046210 
0.462778 0.987587 0.462022 
0.057405 0.006338 0.491768 
0.247686 0.732413 0.009296 0.010605 
0.250000 0.250000 0.250000 0.250000 
 142
0.479817 0.006075 0.046210 
0.462778 0.987587 0.462022 
0.057405 0.006338 0.491768 
0.972143 0.009286 0.009286 0.009286 
0.250000 0.250000 0.250000 0.250000 
 143
0.479817 0.006075 0.046210 
0.462778 0.987587 0.462022 
0.057405 0.006338 0.491768 
0.009286 0.009286 0.972143 0.009286 
0.250000 0.250000 0.250000 0.250000 
 144
0.479817 0.006075 0.046210 
0.462778 0.987587 0.462022 
0.057405 0.006338 0.491768 
0.968367 0.013062 0.009286 0.009286 
0.250000 0.250000 0.250000 0.250000 
 145
0.479817 0.006075 0.046210 
0.462778 0.987587 0.462022 
0.057405 0.006338 0.491768 
0.969419 0.012009 0.009286 0.009286 
0.250000 0.250000 0.250000 0.250000 
 146
0.479817 0.006075 0.046210 
0.462778 0.987587 0.462022 
0.057405 0.006338 0.491768 
0.009286 0.009286 0.970426 0.011003 
0.250000 0.250000 0.250000 0.250000 
 147
0.479817 0.006075 0.046210 
0.462778 0.987587 0.462022 
0.057405 0.006338 0.491768 
0.966037 0.013294 0.009286 0.011383 
0.250000 0.250000 0.250000 0.250000 
 148
0.479817 0.006075 0.046210 
0.462778 0.987587 0.462022 
0.057405 0.006338 0.491768 
0.968958 0.012471 0.009286 0.009286 
0.250000 0.250000 0.250000 0.250000 
 149
0.479817 0.006075 0.046210 
0.462778 0.987587 0.462022 
0.057405 0.006338 0.491768 
0.009286 0.009286 0.972143 0.009286 
0.250000 0.250000 0.250000 0.250000 
 150
0.479817 0.006075 0.046210 
0.462778 0.987587 0.462022 
0.057405 0.006338 0.491768 
0.967596 0.009286 0.011263 0.011855 
0.250000 0.250000 0.250000 0.250000 
 151
0.479817 0.006075 0.046210 
0.462778 0.987587 0.462022 
0.057405 0.006338 0.491768 
0.009286 0.009286 0.972143 0.009286 
0.250000 0.250000 0.250000 0.250000 
 152
0.479817 0.006075 0.046210 
0.462778 0.987587 0.462022 
0.057405 0.006338 0.491768 
0.009286 0.009286 0.972143 0.009286 
0.250000 0.250000 0.250000 0.250000 
 153
0.479817 0.006075 0.046210 
0.462778 0.987587 0.462022 
0.057405 0.006338 0.491768 
0.968339 0.009286 0.013090 0.009286 
0.250000 0.250000 0.250000 0.250000 
 154
0.479817 0.006075 0.046210 
0.462778 0.987587 0.462022 
0.057405 0.006338 0.491768 
0.968680 0.012749 0.009286 0.009286 
0.250000 0.250000 0.250000 0.250000 
 155
0.479817 0.006075 0.046210 
0.462778 0.987587 0.462022 
0.057405 0.006338 0.491768 
0.009286 0.009286 0.967309 0.014120 
0.250000 0.250000 0.250000 0.250000 
 156
0.479817 0.006075 0.046210 
0.462778 0.987587 0.462022 
0.057405 0.006338 0.491768 
0.968339 0.009286 0.013090 0.009286 
0.250000 0.250000 0.250000 0.250000 
 157
0.479817 0.006075 0.046210 
0.462778 0.987587 0.462022 
0.057405 0.006338 0.491768 
0.972143 0.009286 0.009286 0.009286 
0.250000 0.250000 0.250000 0.250000 
 158
0.479817 0.006075 0.046210 
0.462778 0.987587 0.462022 
0.057405 0.006338 0.491768 
0.970714 0.010714 0.009286 0.009286 
0.250000 0.250000 0.250000 0.250000 
 159
0.479817 0.006075 0.046210 
0.462778 0.987587 0.462022 
0.057405 0.006338 0.491768 
0.966981 0.014448 0.009286 0.009286 
0.250000 0.250000 0.250000 0.250000 
 160
0.479817 0.006075 0.046210 
0.462778 0.987587 0.462022 
0.057405 0.006338 0.491768 
0.009286 0.009286 0.009286 0.972143 
0.250000 0.250000 0.250000 0.250000 
 161
0.479817 0.006075 0.046210 
0.462778 0.987587 0.462022 
0.057405 0.006338 0.491768 
0.009286 0.009286 0.972143 0.009286 
0.250000 0.250000 0.250000 0.250000 
 162
0.479817 0.006075 0.046210 
0.462778 0.987587 0.462022 
0.057405 0.006338 0.491768 
0.009286 0.010590 0.017133 0.962991 
0.250000 0.250000 0.250000 0.250000 
 163
0.479817 0.006075 0.046210 
0.462778 0.987587 0.462022 
0.057405 0.006338 0.491768 
0.009286 0.009286 0.317499 0.663929 
0.250000 0.250000 0.250000 0.250000 
 164
0.479817 0.006075 0.046210 
0.462778 0.987587 0.462022 
0.057405 0.006338 0.491768 
0.972143 0.009286 0.009286 0.009286 
0.250000 0.250000 0.250000 0.250000 
 165
0.479817 0.006075 0.046210 
0.462778 0.987587 0.462022 
0.057405 0.006338 0.491768 
0.009286 0.009286 0.021144 0.960284 
0.250000 0.250000 0.250000 0.250000 
 166
0.479817 0.006075 0.046210 
0.462778 0.987587 0.462022 
0.057405 0.006338 0.491768 
0.009286 0.009286 0.009286 0.972143 
0.250000 0.250000 0.250000 0.250000 
 167
0.479817 0.006075 0.046210 
0.462778 0.987587 0.462022 
0.057405 0.006338 0.491768 
0.009286 0.009286 0.009286 0.972143 
0.250000 0.250000 0.250000 0.250000 
 168
0.479817 0.006075 0.046210 
0.462778 0.987587 0.462022 
0.057405 0.006338 0.491768 
0.009286 0.009286 0.009286 0.972143 
0.250000 0.250000 0.250000 0.250000 
 169
0.479817 0.006075 0.046210 
0.462778 0.987587 0.462022 
0.057405 0.006338 0.491768 
0.009286 0.972143 0.009286 0.009286 
0.250000 0.250000 0.250000 0.250000 
 170
0.479817 0.006075 0.046210 
0.462778 0.987587 0.462022 
0.057405 0.006338 0.491768 
0.009286 0.009286 0.972143 0.009286 
0.250000 0.250000 0.250000 0.250000 
 171
0.479817 0.006075 0.046210 
0.462778 0.987587 0.462022 
0.057405 0.006338 0.491768 
0.970414 0.011014 0.009286 0.009286 
0.250000 0.250000 0.250000 0.250000 
 172
0.479817 0.006075 0.046210 
0.462778 0.987587 0.462022 
0.057405 0.006338 0.491768 
0.972143 0.009286 0.009286 0.009286 
0.250000 0.250000 0.250000 0.250000 
 173
0.479817 0.006075 0.046210 
0.462778 0.987587 0.462022 
0.057405 0.006338 0.491768 
0.972143 0.009286 0.009286 0.009286 
0.250000 0.250000 0.250000 0.250000 
 174
0.479817 0.006075 0.046210 
0.462778 0.987587 0.462022 
0.057405 0.006338 0.491768 
0.009286 0.009286 0.013294 0.968135 
0.250000 0.250000 0.250000 0.250000 
 175
0.479817 0.006075 0.046210 
0.462778 0.987587 0.462022 
0.057405 0.006338 0.491768 
0.009286 0.009286 0.972143 0.009286 
0.250000 0.250000 0.250000 0.250000 
 176
0.479817 0.006075 0.046210 
0.462778 0.987587 0.462022 
0.057405 0.006338 0.491768 
0.009286 0.009286 0.009286 0.972143 
0.250000 0.250000 0.250000 0.250000 
 177
0.479817 0.006075 0.046210 
0.462778 0.987587 0.462022 
0.057405 0.006338 0.491768 
0.014663 0.009286 0.964657 0.011394 
0.250000 0.250000 0.250000 0.250000 
 178
0.479817 0.006075 0.046210 
0.462778 0.987587 0.462022 
0.057405 0.006338 0.491768 
0.972143 0.009286 0.009286 0.009286 
0.250000 0.250000 0.250000 0.250000 
 179
0.479817 0.006075 0.046210 
0.462778 0.987587 0.462022 
0.057405 0.006338 0.491768 
0.970714 0.010714 0.009286 0.009286 
0.250000 0.250000 0.250000 0.250000 
 180
0.479817 0.006075 0.046210 
0.462778 0.987587 0.462022 
0.057405 0.006338 0.491768 
0.972143 0.009286 0.009286 0.009286 
0.250000 0.250000 0.250000 0.250000 
 181
0.479817 0.006075 0.046210 
0.462778 0.987587 0.462022 
0.057405 0.006338 0.491768 
0.009286 0.972143 0.009286 0.009286 
0.250000 0.250000 0.250000 0.250000 
 182
0.479817 0.006075 0.046210 
0.462778 0.987587 0.462022 
0.057405 0.006338 0.491768 
0.009286 0.972143 0.009286 0.009286 
0.250000 0.250000 0.250000 0.250000 
 183
0.479817 0.006075 0.046210 
0.462778 0.987587 0.462022 
0.057405 0.006338 0.491768 
0.935669 0.045738 0.009296 0.009296 
0.250000 0.250000 0.250000 0.250000 
 184
0.479817 0.006075 0.046210 
0.462778 0.987587 0.462022 
0.057405 0.006338 0.491768 
0.972143 0.009286 0.009286 0.009286 
0.250000 0.250000 0.250000 0.250000 
 185
0.479817 0.006075 0.046210 
0.462778 0.987587 0.462022 
0.057405 0.006338 0.491768 
0.009286 0.009286 0.972143 0.009286 
0.250000 0.250000 0.250000 0.250000 
 186
0.479817 0.006075 0.046210 
0.462778 0.987587 0.462022 
0.057405 0.006338 0.491768 
0.970617 0.009286 0.010812 0.009286 
0.250000 0.250000 0.250000 0.250000 
 187
0.479817 0.006075 0.046210 
0.462778 0.987587 0.462022 
0.057405 0.006338 0.491768 
0.972143 0.009286 0.009286 0.009286 
0.250000 0.250000 0.250000 0.250000 
 188
0.479817 0.006075 0.046210 
0.462778 0.987587 0.462022 
0.057405 0.006338 0.491768 
0.399379 0.582050 0.009286 0.009286 
0.250000 0.250000 0.250000 0.250000 
 189
0.479817 0.006075 0.046210 
0.462778 0.987587 0.462022 
0.057405 0.006338 0.491768 
0.026459 0.954969 0.009286 0.009286 
0.250000 0.250000 0.250000 0.250000 
 190
0.479817 0.006075 0.046210 
0.462778 0.987587 0.462022 
0.057405 0.006338 0.491768 
0.972143 0.009286 0.009286 0.009286 
0.250000 0.250000 0.250000 0.250000 
 191
0.479817 0.006075 0.046210 
0.462778 0.987587 0.462022 
0.057405 0.006338 0.491768 
0.009286 0.009286 0.972143 0.009286 
0.250000 0.250000 0.250000 0.250000 
 192
0.479817 0.006075 0.046210 
0.462778 0.987587 0.462022 
0.057405 0.006338 0.491768 
0.009286 0.009286 0.964077 0.017351 
0.250000 0.250000 0.250000 0.250000 
 193
0.479817 0.006075 0.046210 
0.462778 0.987587 0.462022 
0.057405 0.006338 0.491768 
0.972143 0.009286 0.009286 0.009286 
0.250000 0.250000 0.250000 0.250000 
 194
0.479817 0.006075 0.046210 
0.462778 0.987587 0.462022 
0.057405 0.006338 0.491768 
0.009286 0.972143 0.009286 0.009286 
0.250000 0.250000 0.250000 0.250000 
 195
0.479817 0.006075 0.046210 
0.462778 0.987587 0.462022 
0.057405 0.006338 0.491768 
0.970692 0.010736 0.009286 0.009286 
0.250000 0.250000 0.250000 0.250000 
 196
0.479817 0.006075 0.046210 
0.462778 0.987587 0.462022 
0.057405 0.006338 0.491768 
0.009286 0.972143 0.009286 0.009286 
0.250000 0.250000 0.250000 0.250000 
 197
0.479817 0.006075 0.046210 
0.462778 0.987587 0.462022 
0.057405 0.006338 0.491768 
0.009286 0.972143 0.009286 0.009286 
0.250000 0.250000 0.250000 0.250000 
 198
0.479817 0.006075 0.046210 
0.462778 0.987587 0.462022 
0.057405 0.006338 0.491768 
0.025152 0.956276 0.009286 0.009286 
0.250000 0.250000 0.250000 0.250000 
 199
0.479817 0.006075 0.046210 
0.462778 0.987587 0.462022 
0.057405 0.006338 0.491768 
0.972143 0.009286 0.009286 0.009286 
0.250000 0.250000 0.250000 0.250000 
 200
0.479817 0.006075 0.046210 
0.462778 0.987587 0.462022 
0.057405 0.006338 0.491768 
0.972143 0.009286 0.009286 0.009286 
0.250000 0.250000 0.250000 0.250000 
 201
0.479817 0.006075 0.046210 
0.462778 0.987587 0.462022 
0.057405 0.006338 0.491768 
0.957957 0.020616 0.012141 0.009286 
0.250000 0.250000 0.250000 0.250000 
 202
0.479817 0.006075 0.046210 
0.462778 0.987587 0.462022 
0.057405 0.006338 0.491768 
0.009286 0.009286 0.968637 0.012791 
0.250000 0.250000 0.250000 0.250000 
 203
0.479817 0.006075 0.046210 
0.462778 0.987587 0.462022 
0.057405 0.006338 0.491768 
0.009286 0.009286 0.009286 0.972143 
0.250000 0.250000 0.250000 0.250000 
 204
0.479817 0.006075 0.046210 
0.462778 0.987587 0.462022 
0.057405 0.006338 0.491768 
0.964082 0.017346 0.009286 0.009286 
0.250000 0.250000 0.250000 0.250000 
 205
0.479817 0.006075 0.046210 
0.462778 0.987587 0.462022 
0.057405 0.006338 0.491768 
0.009286 0.009286 0.009286 0.972143 
0.250000 0.250000 0.250000 0.250000 
 206
0.479817 0.006075 0.046210 
0.462778 0.987587 0.462022 
0.057405 0.006338 0.491768 
0.009286 0.972143 0.009286 0.009286 
0.250000 0.250000 0.250000 0.250000 
 207
0.479817 0.006075 0.046210 
0.462778 0.987587 0.462022 
0.057405 0.006338 0.491768 
0.009286 0.009286 0.920762 0.060666 
0.250000 0.250000 0.250000 0.250000 
 208
0.479817 0.006075 0.046210 
0.462778 0.987587 0.462022 
0.057405 0.006338 0.491768 
0.009286 0.009286 0.970605 0.010824 
0.250000 0.250000 0.250000 0.250000 
 209
0.479817 0.006075 0.046210 
0.462778 0.987587 0.462022 
0.057405 0.006338 0.491768 
0.009286 0.009286 0.972143 0.009286 
0.250000 0.250000 0.250000 0.250000 
 210
0.479817 0.006075 0.046210 
0.462778 0.987587 0.462022 
0.057405 0.006338 0.491768 
0.908372 0.073056 0.009286 0.009286 
0.250000 0.250000 0.250000 0.250000 
 211
0.479817 0.006075 0.046210 
0.462778 0.987587 0.462022 
0.057405 0.006338 0.491768 
0.299125 0.680974 0.009286 0.010615 
0.250000 0.250000 0.250000 0.250000 
 212
0.479817 0.006075 0.046210 
0.462778 0.987587 0.462022 
0.057405 0.006338 0.491768 
0.760533 0.009286 0.220896 0.009286 
0.250000 0.250000 0.250000 0.250000 
 213
0.479817 0.006075 0.046210 
0.462778 0.987587 0.462022 
0.057405 0.006338 0.491768 
0.013375 0.009286 0.960149 0.017190 
0.250000 0.250000 0.250000 0.250000 
 214
0.479817 0.006075 0.046210 
0.462778 0.987587 0.462022 
0.057405 0.006338 0.491768 
0.009286 0.009286 0.009286 0.972143 
0.250000 0.250000 0.250000 0.250000 
 215
0.479817 0.006075 0.046210 
0.462778 0.987587 0.462022 
0.057405 0.006338 0.491768 
0.009286 0.972143 0.009286 0.009286 
0.250000 0.250000 0.250000 0.250000 
 216
0.479817 0.006075 0.046210 
0.462778 0.987587 0.462022 
0.057405 0.006338 0.491768 
0.009286 0.009286 0.018462 0.962966 
0.250000 0.250000 0.250000 0.250000 
 217
0.479817 0.006075 0.046210 
0.462778 0.987587 0.462022 
0.057405 0.006338 0.491768 
0.009286 0.009286 0.939038 0.042390 
0.250000 0.250000 0.250000 0.250000 
 218
0.479817 0.006075 0.046210 
0.462778 0.987587 0.462022 
0.057405 0.006338 0.491768 
0.009286 0.009286 0.009286 0.972143 
0.250000 0.250000 0.250000 0.250000 
 219
0.479817 0.006075 0.046210 
0.462778 0.987587 0.462022 
0.057405 0.006338 0.491768 
0.009286 0.009286 0.967291 0.014137 
0.250000 0.250000 0.250000 0.250000 
 220
0.479817 0.006075 0.046210 
0.462778 0.987587 0.462022 
0.057405 0.006338 0.491768 
0.972143 0.009286 0.009286 0.009286 
0.250000 0.250000 0.250000 0.250000 
 221
0.479817 0.006075 0.046210 
0.462778 0.987587 0.462022 
0.057405 0.006338 0.491768 
0.972143 0.009286 0.009286 0.009286 
0.250000 0.250000 0.250000 0.250000 
 222
0.479817 0.006075 0.046210 
0.462778 0.987587 0.462022 
0.057405 0.006338 0.491768 
0.009286 0.009286 0.970576 0.010853 
0.250000 0.250000 0.250000 0.250000 
 223
0.479817 0.006075 0.046210 
0.462778 0.987587 0.462022 
0.057405 0.006338 0.491768 
0.009286 0.009286 0.009286 0.972143 
0.250000 0.250000 0.250000 0.250000 
 224
0.479817 0.006075 0.046210 
0.462778 0.987587 0.462022 
0.057405 0.006338 0.491768 
0.009286 0.972143 0.009286 0.009286 
0.250000 0.250000 0.250000 0.250000 
 225
0.479817 0.006075 0.046210 
0.462778 0.987587 0.462022 
0.057405 0.006338 0.491768 
0.009296 0.009296 0.482134 0.499274 
0.250000 0.250000 0.250000 0.250000 
 226
0.479817 0.006075 0.046210 
0.462778 0.987587 0.462022 
0.057405 0.006338 0.491768 
0.972143 0.009286 0.009286 0.009286 
0.250000 0.250000 0.250000 0.250000 
 227
0.479817 0.006075 0.046210 
0.462778 0.987587 0.462022 
0.057405 0.006338 0.491768 
0.009286 0.009286 0.972143 0.009286 
0.250000 0.250000 0.250000 0.250000 
 228
0.479817 0.006075 0.046210 
0.462778 0.987587 0.462022 
0.057405 0.006338 0.491768 
0.939038 0.009286 0.042390 0.009286 
0.250000 0.250000 0.250000 0.250000 
 229
0.479817 0.006075 0.046210 
0.462778 0.987587 0.462022 
0.057405 0.006338 0.491768 
0.009286 0.972143 0.009286 0.009286 
0.250000 0.250000 0.250000 0.250000 
 230
0.479817 0.006075 0.046210 
0.462778 0.987587 0.462022 
0.057405 0.006338 0.491768 
0.972143 0.009286 0.009286 0.009286 
0.250000 0.250000 0.250000 0.250000 
 231
0.479817 0.006075 0.046210 
0.462778 0.987587 0.462022 
0.057405 0.006338 0.491768 
0.009286 0.009286 0.014610 0.966818 
0.250000 0.250000 0.250000 0.250000 
 232
0.479817 0.006075 0.046210 
0.462778 0.987587 0.462022 
0.057405 0.006338 0.491768 
0.009286 0.009286 0.955815 0.025614 
0.250000 0.250000 0.250000 0.250000 
 233
0.479817 0.006075 0.046210 
0.462778 0.987587 0.462022 
0.057405 0.006338 0.491768 
0.009286 0.009286 0.009286 0.972143 
0.250000 0.250000 0.250000 0.250000 
 234
0.479817 0.006075 0.046210 
0.462778 0.987587 0.462022 
