%  SAM: /scicomp/home/yfa9/CDC_projects/Mol_genetic_analysis/Nomenclature/B_HA_Nomenclature/All_v4/label/LABEL_RES/scripts/modelfromalign_Linux v3.5 (July 15, 2005) compiled 12/08/06_16:15:55
%  (c) 1992-2001 Regents of the University of California, Santa Cruz
%
%          Sequence Alignment and Modeling Software System
%         http://www.cse.ucsc.edu/research/compbio/sam.html
%
% ----------------- Citations (SAM, SAM-T2K, HMMs) --------------------
% R. Hughey, A. Krogh, Hidden Markov models for sequence analysis:
%  Extension and analysis of the basic method, CABIOS 12:95-107, 1996.
% K. Karplus, et al., What is the value added by human intervention in protein
%  structure prediction, Proteins: Stucture, Function, Genetics 45(S5):86--91, 2001.
% A. Krogh et al., Hidden Markov models in computational biology:
%  Applications to protein modeling, JMB 235:1501-1531, Feb 1994.
% ---------------------------------------------------------------------
%  yam2_hmm   Host: node4.hpc.biotech.cdc.gov    Fri Jul 22 14:59:44 2016
%  yfa9       Dir:  /scicomp/home/yfa9/CDC_projects/Mol_genetic_analysis/Nomenclature/B_HA_Nomenclature/All_v4/Influ_B_HA/c-yam3-yam2-yamOld
% ---------------------------------------------------------------------
%  Alignment weights from internal calc.  Total (34.73) Max (0.08) Min (0.02)
%  Weights from alignment method 1 (karplus), b=-1.000000, e=0.500000
MODEL --  Model from alignment file /scicomp/home/yfa9/CDC_projects/Mol_genetic_analysis/Nomenclature/B_HA_Nomenclature/All_v4/label/LABEL_RES/training_data/InfluB_v1/c-yam3-yam2-yamOld/yam2.fasta
alphabet DNA
FREQAVE
0.000000 0.000000 0.000000 
0.000000 0.000000 0.000000 
0.000000 0.000000 0.000000 
0.336113 0.215518 0.210028 0.238341 
0.336113 0.215518 0.210028 0.238341 
Begin
0.000000 0.000000 0.000000 
0.000000 0.000000 0.000000 
0.000000 0.005239 0.491768 
0.250000 0.250000 0.250000 0.250000 
0.250000 0.250000 0.250000 0.250000 
   1
0.000000 0.006642 0.046210 
0.000000 0.988120 0.462022 
0.056229 0.005247 0.491768 
0.978959 0.007014 0.007014 0.007014 
0.250000 0.250000 0.250000 0.250000 
   2
0.490473 0.005030 0.046210 
0.453297 0.989723 0.462022 
0.056229 0.005247 0.491768 
0.007014 0.007014 0.007014 0.978959 
0.250000 0.250000 0.250000 0.250000 
   3
0.490473 0.005030 0.046210 
0.453297 0.989723 0.462022 
0.056229 0.005247 0.491768 
0.007014 0.978959 0.007014 0.007014 
0.250000 0.250000 0.250000 0.250000 
   4
0.469988 0.005030 0.046210 
0.473783 0.989723 0.462022 
0.057405 0.005239 0.491768 
0.977693 0.008312 0.006997 0.006997 
0.250000 0.250000 0.250000 0.250000 
   5
0.479817 0.005022 0.046210 
0.462778 0.989740 0.462022 
0.057405 0.005239 0.491768 
0.979008 0.006997 0.006997 0.006997 
0.250000 0.250000 0.250000 0.250000 
   6
0.479817 0.005022 0.046210 
0.462778 0.989740 0.462022 
0.057405 0.005239 0.491768 
0.012949 0.973056 0.006997 0.006997 
0.250000 0.250000 0.250000 0.250000 
   7
0.479817 0.005022 0.046210 
0.462778 0.989740 0.462022 
0.057405 0.005239 0.491768 
0.011935 0.974070 0.006997 0.006997 
0.250000 0.250000 0.250000 0.250000 
   8
0.479817 0.005022 0.046210 
0.462778 0.989740 0.462022 
0.057405 0.005239 0.491768 
0.006997 0.008849 0.974898 0.009256 
0.250000 0.250000 0.250000 0.250000 
   9
0.479817 0.005022 0.046210 
0.462778 0.989740 0.462022 
0.057405 0.005239 0.491768 
0.974168 0.009985 0.008849 0.006997 
0.250000 0.250000 0.250000 0.250000 
  10
0.479817 0.005022 0.046210 
0.462778 0.989740 0.462022 
0.057405 0.005239 0.491768 
0.974660 0.011345 0.006997 0.006997 
0.250000 0.250000 0.250000 0.250000 
  11
0.479817 0.005022 0.046210 
0.462778 0.989740 0.462022 
0.057405 0.005239 0.491768 
0.006997 0.006997 0.009772 0.976234 
0.250000 0.250000 0.250000 0.250000 
  12
0.479817 0.005022 0.046210 
0.462778 0.989740 0.462022 
0.057405 0.005239 0.491768 
0.976863 0.009143 0.006997 0.006997 
0.250000 0.250000 0.250000 0.250000 
  13
0.479817 0.005022 0.046210 
0.462778 0.989740 0.462022 
0.057405 0.005239 0.491768 
0.976538 0.008116 0.006997 0.008349 
0.250000 0.250000 0.250000 0.250000 
  14
0.479817 0.005022 0.046210 
0.462778 0.989740 0.462022 
0.057405 0.005239 0.491768 
0.006997 0.008349 0.006997 0.977656 
0.250000 0.250000 0.250000 0.250000 
  15
0.479817 0.005022 0.046210 
0.462778 0.989740 0.462022 
0.057405 0.005239 0.491768 
0.008842 0.006997 0.006997 0.977163 
0.250000 0.250000 0.250000 0.250000 
  16
0.479817 0.005022 0.046210 
0.462778 0.989740 0.462022 
0.057405 0.005239 0.491768 
0.032140 0.953865 0.006997 0.006997 
0.250000 0.250000 0.250000 0.250000 
  17
0.479817 0.005022 0.046210 
0.462778 0.989740 0.462022 
0.057405 0.005239 0.491768 
0.006997 0.006997 0.009390 0.976615 
0.250000 0.250000 0.250000 0.250000 
  18
0.479817 0.005022 0.046210 
0.462778 0.989740 0.462022 
0.057405 0.005239 0.491768 
0.976863 0.009143 0.006997 0.006997 
0.250000 0.250000 0.250000 0.250000 
  19
0.479817 0.005022 0.046210 
0.462778 0.989740 0.462022 
0.057405 0.005239 0.491768 
0.006997 0.006997 0.977815 0.008190 
0.250000 0.250000 0.250000 0.250000 
  20
0.479817 0.005022 0.046210 
0.462778 0.989740 0.462022 
0.057405 0.005239 0.491768 
0.006997 0.006997 0.006997 0.979008 
0.250000 0.250000 0.250000 0.250000 
  21
0.479817 0.005022 0.046210 
0.462778 0.989740 0.462022 
0.057405 0.005239 0.491768 
0.979008 0.006997 0.006997 0.006997 
0.250000 0.250000 0.250000 0.250000 
  22
0.479817 0.005022 0.046210 
0.462778 0.989740 0.462022 
0.057405 0.005239 0.491768 
0.006997 0.006997 0.977815 0.008190 
0.250000 0.250000 0.250000 0.250000 
  23
0.479817 0.005022 0.046210 
0.462778 0.989740 0.462022 
0.057405 0.005239 0.491768 
0.006997 0.006997 0.006997 0.979008 
0.250000 0.250000 0.250000 0.250000 
  24
0.479817 0.005022 0.046210 
0.462778 0.989740 0.462022 
0.057405 0.005239 0.491768 
0.206825 0.009956 0.776217 0.007002 
0.250000 0.250000 0.250000 0.250000 
  25
0.479817 0.005022 0.046210 
0.462778 0.989740 0.462022 
0.057405 0.005239 0.491768 
0.976863 0.009143 0.006997 0.006997 
0.250000 0.250000 0.250000 0.250000 
  26
0.479817 0.005022 0.046210 
0.462778 0.989740 0.462022 
0.057405 0.005239 0.491768 
0.006997 0.006997 0.008621 0.977384 
0.250000 0.250000 0.250000 0.250000 
  27
0.479817 0.005022 0.046210 
0.462778 0.989740 0.462022 
0.057405 0.005239 0.491768 
0.008020 0.977985 0.006997 0.006997 
0.250000 0.250000 0.250000 0.250000 
  28
0.479817 0.005022 0.046210 
0.462778 0.989740 0.462022 
0.057405 0.005239 0.491768 
0.007816 0.976837 0.006997 0.008349 
0.250000 0.250000 0.250000 0.250000 
  29
0.479817 0.005022 0.046210 
0.462778 0.989740 0.462022 
0.057405 0.005239 0.491768 
0.006997 0.006997 0.008787 0.977219 
0.250000 0.250000 0.250000 0.250000 
  30
0.479817 0.005022 0.046210 
0.462778 0.989740 0.462022 
0.057405 0.005239 0.491768 
0.979008 0.006997 0.006997 0.006997 
0.250000 0.250000 0.250000 0.250000 
  31
0.479817 0.005022 0.046210 
0.462778 0.989740 0.462022 
0.057405 0.005239 0.491768 
0.006997 0.979008 0.006997 0.006997 
0.250000 0.250000 0.250000 0.250000 
  32
0.479817 0.005022 0.046210 
0.462778 0.989740 0.462022 
0.057405 0.005239 0.491768 
0.006997 0.006997 0.006997 0.979008 
0.250000 0.250000 0.250000 0.250000 
  33
0.479817 0.005022 0.046210 
0.462778 0.989740 0.462022 
0.057405 0.005239 0.491768 
0.977412 0.008593 0.006997 0.006997 
0.250000 0.250000 0.250000 0.250000 
  34
0.479817 0.005022 0.046210 
0.462778 0.989740 0.462022 
0.057405 0.005239 0.491768 
0.978100 0.007905 0.006997 0.006997 
0.250000 0.250000 0.250000 0.250000 
  35
0.479817 0.005022 0.046210 
0.462778 0.989740 0.462022 
0.057405 0.005239 0.491768 
0.006997 0.006997 0.979008 0.006997 
0.250000 0.250000 0.250000 0.250000 
  36
0.479817 0.005022 0.046210 
0.462778 0.989740 0.462022 
0.057405 0.005239 0.491768 
0.979008 0.006997 0.006997 0.006997 
0.250000 0.250000 0.250000 0.250000 
  37
0.479817 0.005022 0.046210 
0.462778 0.989740 0.462022 
0.057405 0.005239 0.491768 
0.006997 0.006997 0.006997 0.979008 
0.250000 0.250000 0.250000 0.250000 
  38
0.479817 0.005022 0.046210 
0.462778 0.989740 0.462022 
0.057405 0.005239 0.491768 
0.006997 0.006997 0.979008 0.006997 
0.250000 0.250000 0.250000 0.250000 
  39
0.479817 0.005022 0.046210 
0.462778 0.989740 0.462022 
0.057405 0.005239 0.491768 
0.006997 0.006997 0.977809 0.008197 
0.250000 0.250000 0.250000 0.250000 
  40
0.479817 0.005022 0.046210 
0.462778 0.989740 0.462022 
0.057405 0.005239 0.491768 
0.978059 0.007946 0.006997 0.006997 
0.250000 0.250000 0.250000 0.250000 
  41
0.479817 0.005022 0.046210 
0.462778 0.989740 0.462022 
0.057405 0.005239 0.491768 
0.978043 0.007962 0.006997 0.006997 
0.250000 0.250000 0.250000 0.250000 
  42
0.479817 0.005022 0.046210 
0.462778 0.989740 0.462022 
0.057405 0.005239 0.491768 
0.006997 0.006997 0.006997 0.979008 
0.250000 0.250000 0.250000 0.250000 
  43
0.479817 0.005022 0.046210 
0.462778 0.989740 0.462022 
0.057405 0.005239 0.491768 
0.006997 0.979008 0.006997 0.006997 
0.250000 0.250000 0.250000 0.250000 
  44
0.479817 0.005022 0.046210 
0.462778 0.989740 0.462022 
0.057405 0.005239 0.491768 
0.006997 0.006997 0.979008 0.006997 
0.250000 0.250000 0.250000 0.250000 
  45
0.479817 0.005022 0.046210 
0.462778 0.989740 0.462022 
0.057405 0.005239 0.491768 
0.979008 0.006997 0.006997 0.006997 
0.250000 0.250000 0.250000 0.250000 
  46
0.479817 0.005022 0.046210 
0.462778 0.989740 0.462022 
0.057405 0.005239 0.491768 
0.006997 0.979008 0.006997 0.006997 
0.250000 0.250000 0.250000 0.250000 
  47
0.479817 0.005022 0.046210 
0.462778 0.989740 0.462022 
0.057405 0.005239 0.491768 
0.979008 0.006997 0.006997 0.006997 
0.250000 0.250000 0.250000 0.250000 
  48
0.479817 0.005022 0.046210 
0.462778 0.989740 0.462022 
0.057405 0.005239 0.491768 
0.006997 0.006997 0.012608 0.973397 
0.250000 0.250000 0.250000 0.250000 
  49
0.479817 0.005022 0.046210 
0.462778 0.989740 0.462022 
0.057405 0.005239 0.491768 
0.115124 0.006997 0.870881 0.006997 
0.250000 0.250000 0.250000 0.250000 
  50
0.479817 0.005022 0.046210 
0.462778 0.989740 0.462022 
0.057405 0.005239 0.491768 
0.006997 0.979008 0.006997 0.006997 
0.250000 0.250000 0.250000 0.250000 
  51
0.479817 0.005022 0.046210 
0.462778 0.989740 0.462022 
0.057405 0.005239 0.491768 
0.976001 0.010005 0.006997 0.006997 
0.250000 0.250000 0.250000 0.250000 
  52
0.479817 0.005022 0.046210 
0.462778 0.989740 0.462022 
0.057405 0.005239 0.491768 
0.976863 0.009143 0.006997 0.006997 
0.250000 0.250000 0.250000 0.250000 
  53
0.479817 0.005022 0.046210 
0.462778 0.989740 0.462022 
0.057405 0.005239 0.491768 
0.006997 0.006997 0.006997 0.979008 
0.250000 0.250000 0.250000 0.250000 
  54
0.479817 0.005022 0.046210 
0.462778 0.989740 0.462022 
0.057405 0.005239 0.491768 
0.007906 0.006997 0.977276 0.007821 
0.250000 0.250000 0.250000 0.250000 
  55
0.479817 0.005022 0.046210 
0.462778 0.989740 0.462022 
0.057405 0.005239 0.491768 
0.006997 0.006997 0.006997 0.979008 
0.250000 0.250000 0.250000 0.250000 
  56
0.479817 0.005022 0.046210 
0.462778 0.989740 0.462022 
0.057405 0.005239 0.491768 
0.006997 0.979008 0.006997 0.006997 
0.250000 0.250000 0.250000 0.250000 
  57
0.479817 0.005022 0.046210 
0.462778 0.989740 0.462022 
0.057405 0.005239 0.491768 
0.006997 0.006997 0.979008 0.006997 
0.250000 0.250000 0.250000 0.250000 
  58
0.479817 0.005022 0.046210 
0.462778 0.989740 0.462022 
0.057405 0.005239 0.491768 
0.979008 0.006997 0.006997 0.006997 
0.250000 0.250000 0.250000 0.250000 
  59
0.479817 0.005022 0.046210 
0.462778 0.989740 0.462022 
0.057405 0.005239 0.491768 
0.006997 0.006997 0.979008 0.006997 
0.250000 0.250000 0.250000 0.250000 
  60
0.479817 0.005022 0.046210 
0.462778 0.989740 0.462022 
0.057405 0.005239 0.491768 
0.006997 0.008371 0.006997 0.977634 
0.250000 0.250000 0.250000 0.250000 
  61
0.479817 0.005022 0.046210 
0.462778 0.989740 0.462022 
0.057405 0.005239 0.491768 
0.006997 0.979008 0.006997 0.006997 
0.250000 0.250000 0.250000 0.250000 
  62
0.479817 0.005022 0.046210 
0.462778 0.989740 0.462022 
0.057405 0.005239 0.491768 
0.006997 0.979008 0.006997 0.006997 
0.250000 0.250000 0.250000 0.250000 
  63
0.479817 0.005022 0.046210 
0.462778 0.989740 0.462022 
0.057405 0.005239 0.491768 
0.048115 0.937890 0.006997 0.006997 
0.250000 0.250000 0.250000 0.250000 
  64
0.479817 0.005022 0.046210 
0.462778 0.989740 0.462022 
0.057405 0.005239 0.491768 
0.976630 0.009375 0.006997 0.006997 
0.250000 0.250000 0.250000 0.250000 
  65
0.479817 0.005022 0.046210 
0.462778 0.989740 0.462022 
0.057405 0.005239 0.491768 
0.006997 0.006997 0.006997 0.979008 
0.250000 0.250000 0.250000 0.250000 
  66
0.479817 0.005022 0.046210 
0.462778 0.989740 0.462022 
0.057405 0.005239 0.491768 
0.979008 0.006997 0.006997 0.006997 
0.250000 0.250000 0.250000 0.250000 
  67
0.479817 0.005022 0.046210 
0.462778 0.989740 0.462022 
0.057405 0.005239 0.491768 
0.979008 0.006997 0.006997 0.006997 
0.250000 0.250000 0.250000 0.250000 
  68
0.479817 0.005022 0.046210 
0.462778 0.989740 0.462022 
0.057405 0.005239 0.491768 
0.006997 0.006997 0.979008 0.006997 
0.250000 0.250000 0.250000 0.250000 
  69
0.479817 0.005022 0.046210 
0.462778 0.989740 0.462022 
0.057405 0.005239 0.491768 
0.973350 0.008081 0.006997 0.011571 
0.250000 0.250000 0.250000 0.250000 
  70
0.479817 0.005022 0.046210 
0.462778 0.989740 0.462022 
0.057405 0.005239 0.491768 
0.006997 0.006997 0.006997 0.979008 
0.250000 0.250000 0.250000 0.250000 
  71
0.479817 0.005022 0.046210 
0.462778 0.989740 0.462022 
0.057405 0.005239 0.491768 
0.006997 0.006997 0.979008 0.006997 
0.250000 0.250000 0.250000 0.250000 
  72
0.479817 0.005022 0.046210 
0.462778 0.989740 0.462022 
0.057405 0.005239 0.491768 
0.006997 0.006997 0.013176 0.972830 
0.250000 0.250000 0.250000 0.250000 
  73
0.479817 0.005022 0.046210 
0.462778 0.989740 0.462022 
0.057405 0.005239 0.491768 
0.006997 0.006997 0.006997 0.979008 
0.250000 0.250000 0.250000 0.250000 
  74
0.479817 0.005022 0.046210 
0.462778 0.989740 0.462022 
0.057405 0.005239 0.491768 
0.006997 0.006997 0.979008 0.006997 
0.250000 0.250000 0.250000 0.250000 
  75
0.479817 0.005022 0.046210 
0.462778 0.989740 0.462022 
0.057405 0.005239 0.491768 
0.973341 0.012664 0.006997 0.006997 
0.250000 0.250000 0.250000 0.250000 
  76
0.479817 0.005022 0.046210 
0.462778 0.989740 0.462022 
0.057405 0.005239 0.491768 
0.977987 0.008018 0.006997 0.006997 
0.250000 0.250000 0.250000 0.250000 
  77
0.479817 0.005022 0.046210 
0.462778 0.989740 0.462022 
0.057405 0.005239 0.491768 
0.979008 0.006997 0.006997 0.006997 
0.250000 0.250000 0.250000 0.250000 
  78
0.479817 0.005022 0.046210 
0.462778 0.989740 0.462022 
0.057405 0.005239 0.491768 
0.008977 0.007005 0.975905 0.008113 
0.250000 0.250000 0.250000 0.250000 
  79
0.479817 0.005022 0.046210 
0.462778 0.989740 0.462022 
0.057405 0.005239 0.491768 
0.006997 0.006997 0.006997 0.979008 
0.250000 0.250000 0.250000 0.250000 
  80
0.479817 0.005022 0.046210 
0.462778 0.989740 0.462022 
0.057405 0.005239 0.491768 
0.006997 0.006997 0.979008 0.006997 
0.250000 0.250000 0.250000 0.250000 
  81
0.479817 0.005022 0.046210 
0.462778 0.989740 0.462022 
0.057405 0.005239 0.491768 
0.979008 0.006997 0.006997 0.006997 
0.250000 0.250000 0.250000 0.250000 
  82
0.479817 0.005022 0.046210 
0.462778 0.989740 0.462022 
0.057405 0.005239 0.491768 
0.008302 0.006997 0.977703 0.006997 
0.250000 0.250000 0.250000 0.250000 
  83
0.479817 0.005022 0.046210 
0.462778 0.989740 0.462022 
0.057405 0.005239 0.491768 
0.006997 0.006997 0.979008 0.006997 
0.250000 0.250000 0.250000 0.250000 
  84
0.479817 0.005022 0.046210 
0.462778 0.989740 0.462022 
0.057405 0.005239 0.491768 
0.007819 0.006997 0.023386 0.961797 
0.250000 0.250000 0.250000 0.250000 
  85
0.479817 0.005022 0.046210 
0.462778 0.989740 0.462022 
0.057405 0.005239 0.491768 
0.006997 0.006997 0.977338 0.008667 
0.250000 0.250000 0.250000 0.250000 
  86
0.479817 0.005022 0.046210 
0.462778 0.989740 0.462022 
0.057405 0.005239 0.491768 
0.979008 0.006997 0.006997 0.006997 
0.250000 0.250000 0.250000 0.250000 
  87
0.479817 0.005022 0.046210 
0.462778 0.989740 0.462022 
0.057405 0.005239 0.491768 
0.006997 0.006997 0.008737 0.977268 
0.250000 0.250000 0.250000 0.250000 
  88
0.479817 0.005022 0.046210 
0.462778 0.989740 0.462022 
0.057405 0.005239 0.491768 
0.007913 0.978092 0.006997 0.006997 
0.250000 0.250000 0.250000 0.250000 
  89
0.479817 0.005022 0.046210 
0.462778 0.989740 0.462022 
0.057405 0.005239 0.491768 
0.006997 0.006997 0.006997 0.979008 
0.250000 0.250000 0.250000 0.250000 
  90
0.479817 0.005022 0.046210 
0.462778 0.989740 0.462022 
0.057405 0.005239 0.491768 
0.010209 0.975797 0.006997 0.006997 
0.250000 0.250000 0.250000 0.250000 
  91
0.479817 0.005022 0.046210 
0.462778 0.989740 0.462022 
0.057405 0.005239 0.491768 
0.008014 0.977991 0.006997 0.006997 
0.250000 0.250000 0.250000 0.250000 
  92
0.479817 0.005022 0.046210 
0.462778 0.989740 0.462022 
0.057405 0.005239 0.491768 
0.006997 0.006997 0.006997 0.979008 
0.250000 0.250000 0.250000 0.250000 
  93
0.479817 0.005022 0.046210 
0.462778 0.989740 0.462022 
0.057405 0.005239 0.491768 
0.006997 0.006997 0.975013 0.010992 
0.250000 0.250000 0.250000 0.250000 
  94
0.479817 0.005022 0.046210 
0.462778 0.989740 0.462022 
0.057405 0.005239 0.491768 
0.978986 0.007005 0.007005 0.007005 
0.250000 0.250000 0.250000 0.250000 
  95
0.479817 0.005022 0.046210 
0.462778 0.989740 0.462022 
0.057405 0.005239 0.491768 
0.979008 0.006997 0.006997 0.006997 
0.250000 0.250000 0.250000 0.250000 
  96
0.479817 0.005022 0.046210 
0.462778 0.989740 0.462022 
0.057405 0.005239 0.491768 
0.977517 0.008489 0.006997 0.006997 
0.250000 0.250000 0.250000 0.250000 
  97
0.479817 0.005022 0.046210 
0.462778 0.989740 0.462022 
0.057405 0.005239 0.491768 
0.979008 0.006997 0.006997 0.006997 
0.250000 0.250000 0.250000 0.250000 
  98
0.479817 0.005022 0.046210 
0.462778 0.989740 0.462022 
0.057405 0.005239 0.491768 
0.006997 0.006997 0.979008 0.006997 
0.250000 0.250000 0.250000 0.250000 
  99
0.479817 0.005022 0.046210 
0.462778 0.989740 0.462022 
0.057405 0.005239 0.491768 
0.975451 0.006997 0.006997 0.010555 
0.250000 0.250000 0.250000 0.250000 
 100
0.479817 0.005022 0.046210 
0.462778 0.989740 0.462022 
0.057405 0.005239 0.491768 
0.006997 0.979008 0.006997 0.006997 
0.250000 0.250000 0.250000 0.250000 
 101
0.479817 0.005022 0.046210 
0.462778 0.989740 0.462022 
0.057405 0.005239 0.491768 
0.006997 0.006997 0.977922 0.008083 
0.250000 0.250000 0.250000 0.250000 
 102
0.479817 0.005022 0.046210 
0.462778 0.989740 0.462022 
0.057405 0.005239 0.491768 
0.006997 0.006997 0.014646 0.971359 
0.250000 0.250000 0.250000 0.250000 
 103
0.479817 0.005022 0.046210 
0.462778 0.989740 0.462022 
0.057405 0.005239 0.491768 
0.979008 0.006997 0.006997 0.006997 
0.250000 0.250000 0.250000 0.250000 
 104
0.479817 0.005022 0.046210 
0.462778 0.989740 0.462022 
0.057405 0.005239 0.491768 
0.006997 0.006997 0.979008 0.006997 
0.250000 0.250000 0.250000 0.250000 
 105
0.479817 0.005022 0.046210 
0.462778 0.989740 0.462022 
0.057405 0.005239 0.491768 
0.006997 0.006997 0.013622 0.972384 
0.250000 0.250000 0.250000 0.250000 
 106
0.479817 0.005022 0.046210 
0.462778 0.989740 0.462022 
0.057405 0.005239 0.491768 
0.008038 0.007002 0.977957 0.007002 
0.250000 0.250000 0.250000 0.250000 
 107
0.479817 0.005022 0.046210 
0.462778 0.989740 0.462022 
0.057405 0.005239 0.491768 
0.979008 0.006997 0.006997 0.006997 
0.250000 0.250000 0.250000 0.250000 
 108
0.479817 0.005022 0.046210 
0.462778 0.989740 0.462022 
0.057405 0.005239 0.491768 
0.976317 0.008781 0.007905 0.006997 
0.250000 0.250000 0.250000 0.250000 
 109
0.479817 0.005022 0.046210 
0.462778 0.989740 0.462022 
0.057405 0.005239 0.491768 
0.006997 0.979008 0.006997 0.006997 
0.250000 0.250000 0.250000 0.250000 
 110
0.479817 0.005022 0.046210 
0.462778 0.989740 0.462022 
0.057405 0.005239 0.491768 
0.006997 0.979008 0.006997 0.006997 
0.250000 0.250000 0.250000 0.250000 
 111
0.479817 0.005022 0.046210 
0.462778 0.989740 0.462022 
0.057405 0.005239 0.491768 
0.008168 0.977837 0.006997 0.006997 
0.250000 0.250000 0.250000 0.250000 
 112
0.479817 0.005022 0.046210 
0.462778 0.989740 0.462022 
0.057405 0.005239 0.491768 
0.006997 0.979008 0.006997 0.006997 
0.250000 0.250000 0.250000 0.250000 
 113
0.479817 0.005022 0.046210 
0.462778 0.989740 0.462022 
0.057405 0.005239 0.491768 
0.979008 0.006997 0.006997 0.006997 
0.250000 0.250000 0.250000 0.250000 
 114
0.479817 0.005022 0.046210 
0.462778 0.989740 0.462022 
0.057405 0.005239 0.491768 
0.022231 0.963774 0.006997 0.006997 
0.250000 0.250000 0.250000 0.250000 
 115
0.479817 0.005022 0.046210 
0.462778 0.989740 0.462022 
0.057405 0.005239 0.491768 
0.008942 0.977063 0.006997 0.006997 
0.250000 0.250000 0.250000 0.250000 
 116
0.479817 0.005022 0.046210 
0.462778 0.989740 0.462022 
0.057405 0.005239 0.491768 
0.006997 0.006997 0.006997 0.979008 
0.250000 0.250000 0.250000 0.250000 
 117
0.479817 0.005022 0.046210 
0.462778 0.989740 0.462022 
0.057405 0.005239 0.491768 
0.006997 0.006997 0.977155 0.008850 
0.250000 0.250000 0.250000 0.250000 
 118
0.479817 0.005022 0.046210 
0.462778 0.989740 0.462022 
0.057405 0.005239 0.491768 
0.979008 0.006997 0.006997 0.006997 
0.250000 0.250000 0.250000 0.250000 
 119
0.479817 0.005022 0.046210 
0.462778 0.989740 0.462022 
0.057405 0.005239 0.491768 
0.979008 0.006997 0.006997 0.006997 
0.250000 0.250000 0.250000 0.250000 
 120
0.479817 0.005022 0.046210 
0.462778 0.989740 0.462022 
0.057405 0.005239 0.491768 
0.006997 0.006997 0.006997 0.979008 
0.250000 0.250000 0.250000 0.250000 
 121
0.479817 0.005022 0.046210 
0.462778 0.989740 0.462022 
0.057405 0.005239 0.491768 
0.006997 0.979008 0.006997 0.006997 
0.250000 0.250000 0.250000 0.250000 
 122
0.479817 0.005022 0.046210 
0.462778 0.989740 0.462022 
0.057405 0.005239 0.491768 
0.006997 0.006997 0.006997 0.979008 
0.250000 0.250000 0.250000 0.250000 
 123
0.479817 0.005022 0.046210 
0.462778 0.989740 0.462022 
0.057405 0.005239 0.491768 
0.010473 0.975533 0.006997 0.006997 
0.250000 0.250000 0.250000 0.250000 
 124
0.479817 0.005022 0.046210 
0.462778 0.989740 0.462022 
0.057405 0.005239 0.491768 
0.979008 0.006997 0.006997 0.006997 
0.250000 0.250000 0.250000 0.250000 
 125
0.479817 0.005022 0.046210 
0.462778 0.989740 0.462022 
0.057405 0.005239 0.491768 
0.006997 0.006997 0.979008 0.006997 
0.250000 0.250000 0.250000 0.250000 
 126
0.479817 0.005022 0.046210 
0.462778 0.989740 0.462022 
0.057405 0.005239 0.491768 
0.006997 0.006997 0.008996 0.977010 
0.250000 0.250000 0.250000 0.250000 
 127
0.479817 0.005022 0.046210 
0.462778 0.989740 0.462022 
0.057405 0.005239 0.491768 
0.006997 0.979008 0.006997 0.006997 
0.250000 0.250000 0.250000 0.250000 
 128
0.479817 0.005022 0.046210 
0.462778 0.989740 0.462022 
0.057405 0.005239 0.491768 
0.006997 0.979008 0.006997 0.006997 
0.250000 0.250000 0.250000 0.250000 
 129
0.479817 0.005022 0.046210 
0.462778 0.989740 0.462022 
0.057405 0.005239 0.491768 
0.006997 0.006997 0.009988 0.976017 
0.250000 0.250000 0.250000 0.250000 
 130
0.479817 0.005022 0.046210 
0.462778 0.989740 0.462022 
0.057405 0.005239 0.491768 
0.006997 0.979008 0.006997 0.006997 
0.250000 0.250000 0.250000 0.250000 
 131
0.479817 0.005022 0.046210 
0.462778 0.989740 0.462022 
0.057405 0.005239 0.491768 
0.006997 0.006997 0.010541 0.975464 
0.250000 0.250000 0.250000 0.250000 
 132
0.479817 0.005022 0.046210 
0.462778 0.989740 0.462022 
0.057405 0.005239 0.491768 
0.011701 0.974305 0.006997 0.006997 
0.250000 0.250000 0.250000 0.250000 
 133
0.479817 0.005022 0.046210 
0.462778 0.989740 0.462022 
0.057405 0.005239 0.491768 
0.979008 0.006997 0.006997 0.006997 
0.250000 0.250000 0.250000 0.250000 
 134
0.479817 0.005022 0.046210 
0.462778 0.989740 0.462022 
0.057405 0.005239 0.491768 
0.006997 0.006997 0.006997 0.979008 
0.250000 0.250000 0.250000 0.250000 
 135
0.479817 0.005022 0.046210 
0.462778 0.989740 0.462022 
0.057405 0.005239 0.491768 
0.979008 0.006997 0.006997 0.006997 
0.250000 0.250000 0.250000 0.250000 
 136
0.479817 0.005022 0.046210 
0.462778 0.989740 0.462022 
0.057405 0.005239 0.491768 
0.006997 0.006997 0.977898 0.008107 
0.250000 0.250000 0.250000 0.250000 
 137
0.479817 0.005022 0.046210 
0.462778 0.989740 0.462022 
0.057405 0.005239 0.491768 
0.008478 0.007005 0.977512 0.007005 
0.250000 0.250000 0.250000 0.250000 
 138
0.479817 0.005022 0.046210 
0.462778 0.989740 0.462022 
0.057405 0.005239 0.491768 
0.979008 0.006997 0.006997 0.006997 
0.250000 0.250000 0.250000 0.250000 
 139
0.479817 0.005022 0.046210 
0.462778 0.989740 0.462022 
0.057405 0.005239 0.491768 
0.006997 0.006997 0.971504 0.014501 
0.250000 0.250000 0.250000 0.250000 
 140
0.479817 0.005022 0.046210 
0.462778 0.989740 0.462022 
0.057405 0.005239 0.491768 
0.006997 0.006997 0.006997 0.979008 
0.250000 0.250000 0.250000 0.250000 
 141
0.479817 0.005022 0.046210 
0.462778 0.989740 0.462022 
0.057405 0.005239 0.491768 
0.942010 0.043996 0.006997 0.006997 
0.250000 0.250000 0.250000 0.250000 
 142
0.479817 0.005022 0.046210 
0.462778 0.989740 0.462022 
0.057405 0.005239 0.491768 
0.979008 0.006997 0.006997 0.006997 
0.250000 0.250000 0.250000 0.250000 
 143
0.479817 0.005022 0.046210 
0.462778 0.989740 0.462022 
0.057405 0.005239 0.491768 
0.006997 0.006997 0.979008 0.006997 
0.250000 0.250000 0.250000 0.250000 
 144
0.479817 0.005022 0.046210 
0.462778 0.989740 0.462022 
0.057405 0.005239 0.491768 
0.977274 0.008731 0.006997 0.006997 
0.250000 0.250000 0.250000 0.250000 
 145
0.479817 0.005022 0.046210 
0.462778 0.989740 0.462022 
0.057405 0.005239 0.491768 
0.979008 0.006997 0.006997 0.006997 
0.250000 0.250000 0.250000 0.250000 
 146
0.479817 0.005022 0.046210 
0.462778 0.989740 0.462022 
0.057405 0.005239 0.491768 
0.006997 0.006997 0.977961 0.008044 
0.250000 0.250000 0.250000 0.250000 
 147
0.479817 0.005022 0.046210 
0.462778 0.989740 0.462022 
0.057405 0.005239 0.491768 
0.979008 0.006997 0.006997 0.006997 
0.250000 0.250000 0.250000 0.250000 
 148
0.479817 0.005022 0.046210 
0.462778 0.989740 0.462022 
0.057405 0.005239 0.491768 
0.979008 0.006997 0.006997 0.006997 
0.250000 0.250000 0.250000 0.250000 
 149
0.479817 0.005022 0.046210 
0.462778 0.989740 0.462022 
0.057405 0.005239 0.491768 
0.006997 0.006997 0.978068 0.007937 
0.250000 0.250000 0.250000 0.250000 
 150
0.479817 0.005022 0.046210 
0.462778 0.989740 0.462022 
0.057405 0.005239 0.491768 
0.978064 0.006997 0.006997 0.007941 
0.250000 0.250000 0.250000 0.250000 
 151
0.479817 0.005022 0.046210 
0.462778 0.989740 0.462022 
0.057405 0.005239 0.491768 
0.006997 0.006997 0.979008 0.006997 
0.250000 0.250000 0.250000 0.250000 
 152
0.479817 0.005022 0.046210 
0.462778 0.989740 0.462022 
0.057405 0.005239 0.491768 
0.006997 0.006997 0.976719 0.009287 
0.250000 0.250000 0.250000 0.250000 
 153
0.479817 0.005022 0.046210 
0.462778 0.989740 0.462022 
0.057405 0.005239 0.491768 
0.964116 0.021889 0.006997 0.006997 
0.250000 0.250000 0.250000 0.250000 
 154
0.479817 0.005022 0.046210 
0.462778 0.989740 0.462022 
0.057405 0.005239 0.491768 
0.979008 0.006997 0.006997 0.006997 
0.250000 0.250000 0.250000 0.250000 
 155
0.479817 0.005022 0.046210 
0.462778 0.989740 0.462022 
0.057405 0.005239 0.491768 
0.008677 0.006997 0.972784 0.011541 
0.250000 0.250000 0.250000 0.250000 
 156
0.479817 0.005022 0.046210 
0.462778 0.989740 0.462022 
0.057405 0.005239 0.491768 
0.978066 0.007928 0.007003 0.007003 
0.250000 0.250000 0.250000 0.250000 
 157
0.479817 0.005022 0.046210 
0.462778 0.989740 0.462022 
0.057405 0.005239 0.491768 
0.979008 0.006997 0.006997 0.006997 
0.250000 0.250000 0.250000 0.250000 
 158
0.479817 0.005022 0.046210 
0.462778 0.989740 0.462022 
0.057405 0.005239 0.491768 
0.979008 0.006997 0.006997 0.006997 
0.250000 0.250000 0.250000 0.250000 
 159
0.479817 0.005022 0.046210 
0.462778 0.989740 0.462022 
0.057405 0.005239 0.491768 
0.972835 0.013171 0.006997 0.006997 
0.250000 0.250000 0.250000 0.250000 
 160
0.479817 0.005022 0.046210 
0.462778 0.989740 0.462022 
0.057405 0.005239 0.491768 
0.006997 0.006997 0.006997 0.979008 
0.250000 0.250000 0.250000 0.250000 
 161
0.479817 0.005022 0.046210 
0.462778 0.989740 0.462022 
0.057405 0.005239 0.491768 
0.006997 0.006997 0.979008 0.006997 
0.250000 0.250000 0.250000 0.250000 
 162
0.479817 0.005022 0.046210 
0.462778 0.989740 0.462022 
0.057405 0.005239 0.491768 
0.006997 0.006997 0.006997 0.979008 
0.250000 0.250000 0.250000 0.250000 
 163
0.479817 0.005022 0.046210 
0.462778 0.989740 0.462022 
0.057405 0.005239 0.491768 
0.006997 0.006997 0.006997 0.979008 
0.250000 0.250000 0.250000 0.250000 
 164
0.479817 0.005022 0.046210 
0.462778 0.989740 0.462022 
0.057405 0.005239 0.491768 
0.979008 0.006997 0.006997 0.006997 
0.250000 0.250000 0.250000 0.250000 
 165
0.479817 0.005022 0.046210 
0.462778 0.989740 0.462022 
0.057405 0.005239 0.491768 
0.006997 0.006997 0.018174 0.967831 
0.250000 0.250000 0.250000 0.250000 
 166
0.479817 0.005022 0.046210 
0.462778 0.989740 0.462022 
0.057405 0.005239 0.491768 
0.006997 0.006997 0.006997 0.979008 
0.250000 0.250000 0.250000 0.250000 
 167
0.479817 0.005022 0.046210 
0.462778 0.989740 0.462022 
0.057405 0.005239 0.491768 
0.006997 0.006997 0.006997 0.979008 
0.250000 0.250000 0.250000 0.250000 
 168
0.479817 0.005022 0.046210 
0.462778 0.989740 0.462022 
0.057405 0.005239 0.491768 
0.006997 0.006997 0.008489 0.977517 
0.250000 0.250000 0.250000 0.250000 
 169
0.479817 0.005022 0.046210 
0.462778 0.989740 0.462022 
0.057405 0.005239 0.491768 
0.006997 0.979008 0.006997 0.006997 
0.250000 0.250000 0.250000 0.250000 
 170
0.479817 0.005022 0.046210 
0.462778 0.989740 0.462022 
0.057405 0.005239 0.491768 
0.006997 0.006997 0.979008 0.006997 
0.250000 0.250000 0.250000 0.250000 
 171
0.479817 0.005022 0.046210 
0.462778 0.989740 0.462022 
0.057405 0.005239 0.491768 
0.979008 0.006997 0.006997 0.006997 
0.250000 0.250000 0.250000 0.250000 
 172
0.479817 0.005022 0.046210 
0.462778 0.989740 0.462022 
0.057405 0.005239 0.491768 
0.979008 0.006997 0.006997 0.006997 
0.250000 0.250000 0.250000 0.250000 
 173
0.479817 0.005022 0.046210 
0.462778 0.989740 0.462022 
0.057405 0.005239 0.491768 
0.976054 0.009951 0.006997 0.006997 
0.250000 0.250000 0.250000 0.250000 
 174
0.479817 0.005022 0.046210 
0.462778 0.989740 0.462022 
0.057405 0.005239 0.491768 
0.006997 0.006997 0.014100 0.971905 
0.250000 0.250000 0.250000 0.250000 
 175
0.479817 0.005022 0.046210 
0.462778 0.989740 0.462022 
0.057405 0.005239 0.491768 
0.006997 0.006997 0.979008 0.006997 
0.250000 0.250000 0.250000 0.250000 
 176
0.479817 0.005022 0.046210 
0.462778 0.989740 0.462022 
0.057405 0.005239 0.491768 
0.006997 0.006997 0.006997 0.979008 
0.250000 0.250000 0.250000 0.250000 
 177
0.479817 0.005022 0.046210 
0.462778 0.989740 0.462022 
0.057405 0.005239 0.491768 
0.009527 0.006997 0.974619 0.008857 
0.250000 0.250000 0.250000 0.250000 
 178
0.479817 0.005022 0.046210 
0.462778 0.989740 0.462022 
0.057405 0.005239 0.491768 
0.979008 0.006997 0.006997 0.006997 
0.250000 0.250000 0.250000 0.250000 
 179
0.479817 0.005022 0.046210 
0.462778 0.989740 0.462022 
0.057405 0.005239 0.491768 
0.979008 0.006997 0.006997 0.006997 
0.250000 0.250000 0.250000 0.250000 
 180
0.479817 0.005022 0.046210 
0.462778 0.989740 0.462022 
0.057405 0.005239 0.491768 
0.979008 0.006997 0.006997 0.006997 
0.250000 0.250000 0.250000 0.250000 
 181
0.479817 0.005022 0.046210 
0.462778 0.989740 0.462022 
0.057405 0.005239 0.491768 
0.006997 0.979008 0.006997 0.006997 
0.250000 0.250000 0.250000 0.250000 
 182
0.479817 0.005022 0.046210 
0.462778 0.989740 0.462022 
0.057405 0.005239 0.491768 
0.006997 0.979008 0.006997 0.006997 
0.250000 0.250000 0.250000 0.250000 
 183
0.479817 0.005022 0.046210 
0.462778 0.989740 0.462022 
0.057405 0.005239 0.491768 
0.975407 0.010598 0.006997 0.006997 
0.250000 0.250000 0.250000 0.250000 
 184
0.479817 0.005022 0.046210 
0.462778 0.989740 0.462022 
0.057405 0.005239 0.491768 
0.977312 0.008684 0.007002 0.007002 
0.250000 0.250000 0.250000 0.250000 
 185
0.479817 0.005022 0.046210 
0.462778 0.989740 0.462022 
0.057405 0.005239 0.491768 
0.006997 0.006997 0.978007 0.007998 
0.250000 0.250000 0.250000 0.250000 
 186
0.479817 0.005022 0.046210 
0.462778 0.989740 0.462022 
0.057405 0.005239 0.491768 
0.977626 0.008379 0.006997 0.006997 
0.250000 0.250000 0.250000 0.250000 
 187
0.479817 0.005022 0.046210 
0.462778 0.989740 0.462022 
0.057405 0.005239 0.491768 
0.979008 0.006997 0.006997 0.006997 
0.250000 0.250000 0.250000 0.250000 
 188
0.479817 0.005022 0.046210 
0.462778 0.989740 0.462022 
0.057405 0.005239 0.491768 
0.977210 0.008795 0.006997 0.006997 
0.250000 0.250000 0.250000 0.250000 
 189
0.479817 0.005022 0.046210 
0.462778 0.989740 0.462022 
0.057405 0.005239 0.491768 
0.015297 0.970708 0.006997 0.006997 
0.250000 0.250000 0.250000 0.250000 
 190
0.479817 0.005022 0.046210 
0.462778 0.989740 0.462022 
0.057405 0.005239 0.491768 
0.979008 0.006997 0.006997 0.006997 
0.250000 0.250000 0.250000 0.250000 
 191
0.479817 0.005022 0.046210 
0.462778 0.989740 0.462022 
0.057405 0.005239 0.491768 
0.006997 0.006997 0.979008 0.006997 
0.250000 0.250000 0.250000 0.250000 
 192
0.479817 0.005022 0.046210 
0.462778 0.989740 0.462022 
0.057405 0.005239 0.491768 
0.006997 0.006997 0.977087 0.008918 
0.250000 0.250000 0.250000 0.250000 
 193
0.479817 0.005022 0.046210 
0.462778 0.989740 0.462022 
0.057405 0.005239 0.491768 
0.979008 0.006997 0.006997 0.006997 
0.250000 0.250000 0.250000 0.250000 
 194
0.479817 0.005022 0.046210 
0.462778 0.989740 0.462022 
0.057405 0.005239 0.491768 
0.006997 0.979008 0.006997 0.006997 
0.250000 0.250000 0.250000 0.250000 
 195
0.479817 0.005022 0.046210 
0.462778 0.989740 0.462022 
0.057405 0.005239 0.491768 
0.971737 0.014268 0.006997 0.006997 
0.250000 0.250000 0.250000 0.250000 
 196
0.479817 0.005022 0.046210 
0.462778 0.989740 0.462022 
0.057405 0.005239 0.491768 
0.006997 0.979008 0.006997 0.006997 
0.250000 0.250000 0.250000 0.250000 
 197
0.479817 0.005022 0.046210 
0.462778 0.989740 0.462022 
0.057405 0.005239 0.491768 
0.006997 0.979008 0.006997 0.006997 
0.250000 0.250000 0.250000 0.250000 
 198
0.479817 0.005022 0.046210 
0.462778 0.989740 0.462022 
0.057405 0.005239 0.491768 
0.011829 0.974176 0.006997 0.006997 
0.250000 0.250000 0.250000 0.250000 
 199
0.479817 0.005022 0.046210 
0.462778 0.989740 0.462022 
0.057405 0.005239 0.491768 
0.979008 0.006997 0.006997 0.006997 
0.250000 0.250000 0.250000 0.250000 
 200
0.479817 0.005022 0.046210 
0.462778 0.989740 0.462022 
0.057405 0.005239 0.491768 
0.977736 0.008269 0.006997 0.006997 
0.250000 0.250000 0.250000 0.250000 
 201
0.479817 0.005022 0.046210 
0.462778 0.989740 0.462022 
0.057405 0.005239 0.491768 
0.978076 0.006997 0.007929 0.006997 
0.250000 0.250000 0.250000 0.250000 
 202
0.479817 0.005022 0.046210 
0.462778 0.989740 0.462022 
0.057405 0.005239 0.491768 
0.006997 0.006997 0.977867 0.008139 
0.250000 0.250000 0.250000 0.250000 
 203
0.479817 0.005022 0.046210 
0.462778 0.989740 0.462022 
0.057405 0.005239 0.491768 
0.006997 0.006997 0.006997 0.979008 
0.250000 0.250000 0.250000 0.250000 
 204
0.479817 0.005022 0.046210 
0.462778 0.989740 0.462022 
0.057405 0.005239 0.491768 
0.978044 0.007961 0.006997 0.006997 
0.250000 0.250000 0.250000 0.250000 
 205
0.479817 0.005022 0.046210 
0.462778 0.989740 0.462022 
0.057405 0.005239 0.491768 
0.006997 0.006997 0.006997 0.979008 
0.250000 0.250000 0.250000 0.250000 
 206
0.479817 0.005022 0.046210 
0.462778 0.989740 0.462022 
0.057405 0.005239 0.491768 
0.006997 0.979008 0.006997 0.006997 
0.250000 0.250000 0.250000 0.250000 
 207
0.479817 0.005022 0.046210 
0.462778 0.989740 0.462022 
0.057405 0.005239 0.491768 
0.006997 0.006997 0.976010 0.009995 
0.250000 0.250000 0.250000 0.250000 
 208
0.479817 0.005022 0.046210 
0.462778 0.989740 0.462022 
0.057405 0.005239 0.491768 
0.006997 0.006997 0.978095 0.007911 
0.250000 0.250000 0.250000 0.250000 
 209
0.479817 0.005022 0.046210 
0.462778 0.989740 0.462022 
0.057405 0.005239 0.491768 
0.006997 0.006997 0.979008 0.006997 
0.250000 0.250000 0.250000 0.250000 
 210
0.479817 0.005022 0.046210 
0.462778 0.989740 0.462022 
0.057405 0.005239 0.491768 
0.978994 0.007002 0.007002 0.007002 
0.250000 0.250000 0.250000 0.250000 
 211
0.479817 0.005022 0.046210 
0.462778 0.989740 0.462022 
0.057405 0.005239 0.491768 
0.008778 0.977210 0.007006 0.007006 
0.250000 0.250000 0.250000 0.250000 
 212
0.479817 0.005022 0.046210 
0.462778 0.989740 0.462022 
0.057405 0.005239 0.491768 
0.977076 0.007836 0.008090 0.006997 
0.250000 0.250000 0.250000 0.250000 
 213
0.479817 0.005022 0.046210 
0.462778 0.989740 0.462022 
0.057405 0.005239 0.491768 
0.007950 0.006997 0.975301 0.009751 
0.250000 0.250000 0.250000 0.250000 
 214
0.479817 0.005022 0.046210 
0.462778 0.989740 0.462022 
0.057405 0.005239 0.491768 
0.006997 0.006997 0.006997 0.979008 
0.250000 0.250000 0.250000 0.250000 
 215
0.479817 0.005022 0.046210 
0.462778 0.989740 0.462022 
0.057405 0.005239 0.491768 
0.006997 0.979008 0.006997 0.006997 
0.250000 0.250000 0.250000 0.250000 
 216
0.479817 0.005022 0.046210 
0.462778 0.989740 0.462022 
0.057405 0.005239 0.491768 
0.007003 0.007003 0.028350 0.957644 
0.250000 0.250000 0.250000 0.250000 
 217
0.479817 0.005022 0.046210 
0.462778 0.989740 0.462022 
0.057405 0.005239 0.491768 
0.006997 0.006997 0.976360 0.009645 
0.250000 0.250000 0.250000 0.250000 
 218
0.479817 0.005022 0.046210 
0.462778 0.989740 0.462022 
0.057405 0.005239 0.491768 
0.006997 0.006997 0.006997 0.979008 
0.250000 0.250000 0.250000 0.250000 
 219
0.479817 0.005022 0.046210 
0.462778 0.989740 0.462022 
0.057405 0.005239 0.491768 
0.009490 0.006997 0.974869 0.008643 
0.250000 0.250000 0.250000 0.250000 
 220
0.479817 0.005022 0.046210 
0.462778 0.989740 0.462022 
0.057405 0.005239 0.491768 
0.979008 0.006997 0.006997 0.006997 
0.250000 0.250000 0.250000 0.250000 
 221
0.479817 0.005022 0.046210 
0.462778 0.989740 0.462022 
0.057405 0.005239 0.491768 
0.979008 0.006997 0.006997 0.006997 
0.250000 0.250000 0.250000 0.250000 
 222
0.479817 0.005022 0.046210 
0.462778 0.989740 0.462022 
0.057405 0.005239 0.491768 
0.006997 0.006997 0.952718 0.033287 
0.250000 0.250000 0.250000 0.250000 
 223
0.479817 0.005022 0.046210 
0.462778 0.989740 0.462022 
0.057405 0.005239 0.491768 
0.006997 0.006997 0.006997 0.979008 
0.250000 0.250000 0.250000 0.250000 
 224
0.479817 0.005022 0.046210 
0.462778 0.989740 0.462022 
0.057405 0.005239 0.491768 
0.006997 0.979008 0.006997 0.006997 
0.250000 0.250000 0.250000 0.250000 
 225
0.479817 0.005022 0.046210 
0.462778 0.989740 0.462022 
0.057405 0.005239 0.491768 
0.006997 0.006997 0.006997 0.979008 
0.250000 0.250000 0.250000 0.250000 
 226
0.479817 0.005022 0.046210 
0.462778 0.989740 0.462022 
0.057405 0.005239 0.491768 
0.979008 0.006997 0.006997 0.006997 
0.250000 0.250000 0.250000 0.250000 
 227
0.479817 0.005022 0.046210 
0.462778 0.989740 0.462022 
0.057405 0.005239 0.491768 
0.006997 0.006997 0.979008 0.006997 
0.250000 0.250000 0.250000 0.250000 
 228
0.479817 0.005022 0.046210 
0.462778 0.989740 0.462022 
0.057405 0.005239 0.491768 
0.978037 0.007968 0.006997 0.006997 
0.250000 0.250000 0.250000 0.250000 
 229
0.479817 0.005022 0.046210 
0.462778 0.989740 0.462022 
0.057405 0.005239 0.491768 
0.006997 0.979008 0.006997 0.006997 
0.250000 0.250000 0.250000 0.250000 
 230
0.479817 0.005022 0.046210 
0.462778 0.989740 0.462022 
0.057405 0.005239 0.491768 
0.979008 0.006997 0.006997 0.006997 
0.250000 0.250000 0.250000 0.250000 
 231
0.479817 0.005022 0.046210 
0.462778 0.989740 0.462022 
0.057405 0.005239 0.491768 
0.006997 0.006997 0.008208 0.977798 
0.250000 0.250000 0.250000 0.250000 
 232
0.479817 0.005022 0.046210 
0.462778 0.989740 0.462022 
0.057405 0.005239 0.491768 
0.006997 0.006997 0.973637 0.012369 
0.250000 0.250000 0.250000 0.250000 
 233
0.479817 0.005022 0.046210 
0.462778 0.989740 0.462022 
0.057405 0.005239 0.491768 
0.006997 0.006997 0.006997 0.979008 
0.250000 0.250000 0.250000 0.250000 
 234
0.479817 0.005022 0.046210 
0.462778 0.989740 0.462022 
