%  SAM: /scicomp/home/yfa9/CDC_projects/Mol_genetic_analysis/Nomenclature/B_HA_Nomenclature/All_v4/label/LABEL_RES/scripts/modelfromalign_Linux v3.5 (July 15, 2005) compiled 12/08/06_16:15:55
%  (c) 1992-2001 Regents of the University of California, Santa Cruz
%
%          Sequence Alignment and Modeling Software System
%         http://www.cse.ucsc.edu/research/compbio/sam.html
%
% ----------------- Citations (SAM, SAM-T2K, HMMs) --------------------
% R. Hughey, A. Krogh, Hidden Markov models for sequence analysis:
%  Extension and analysis of the basic method, CABIOS 12:95-107, 1996.
% K. Karplus, et al., What is the value added by human intervention in protein
%  structure prediction, Proteins: Stucture, Function, Genetics 45(S5):86--91, 2001.
% A. Krogh et al., Hidden Markov models in computational biology:
%  Applications to protein modeling, JMB 235:1501-1531, Feb 1994.
% ---------------------------------------------------------------------
%  yam3_hmm   Host: node4.hpc.biotech.cdc.gov    Fri Jul 22 14:59:45 2016
%  yfa9       Dir:  /scicomp/home/yfa9/CDC_projects/Mol_genetic_analysis/Nomenclature/B_HA_Nomenclature/All_v4/Influ_B_HA/c-yam3-yam2-yamOld
% ---------------------------------------------------------------------
%  Alignment weights from internal calc.  Total (57.13) Max (0.18) Min (0.01)
%  Weights from alignment method 1 (karplus), b=-1.000000, e=0.500000
MODEL --  Model from alignment file /scicomp/home/yfa9/CDC_projects/Mol_genetic_analysis/Nomenclature/B_HA_Nomenclature/All_v4/label/LABEL_RES/training_data/InfluB_v1/c-yam3-yam2-yamOld/yam3.fasta
alphabet DNA
FREQAVE
0.000000 0.000000 0.000000 
0.000000 0.000000 0.000000 
0.000000 0.000000 0.000000 
0.335028 0.216581 0.211019 0.237371 
0.335028 0.216581 0.211019 0.237371 
Begin
0.000000 0.000000 0.000000 
0.000000 0.000000 0.000000 
0.000000 0.003635 0.491768 
0.250000 0.250000 0.250000 0.250000 
0.250000 0.250000 0.250000 0.250000 
   1
0.000000 0.004128 0.046210 
0.000000 0.992237 0.462022 
0.056725 0.003637 0.491768 
0.987088 0.004304 0.004304 0.004304 
0.250000 0.250000 0.250000 0.250000 
   2
0.485976 0.003486 0.046210 
0.457298 0.992877 0.462022 
0.056725 0.003637 0.491768 
0.004304 0.004304 0.004304 0.987088 
0.250000 0.250000 0.250000 0.250000 
   3
0.485976 0.003486 0.046210 
0.457298 0.992877 0.462022 
0.056725 0.003637 0.491768 
0.004304 0.987088 0.004304 0.004304 
0.250000 0.250000 0.250000 0.250000 
   4
0.485976 0.003486 0.046210 
0.457298 0.992877 0.462022 
0.056725 0.003637 0.491768 
0.986582 0.004808 0.004305 0.004305 
0.250000 0.250000 0.250000 0.250000 
   5
0.485976 0.003486 0.046210 
0.457298 0.992877 0.462022 
0.056725 0.003637 0.491768 
0.987088 0.004304 0.004304 0.004304 
0.250000 0.250000 0.250000 0.250000 
   6
0.485976 0.003486 0.046210 
0.457298 0.992877 0.462022 
0.056725 0.003637 0.491768 
0.011309 0.979662 0.004304 0.004725 
0.250000 0.250000 0.250000 0.250000 
   7
0.485976 0.003486 0.046210 
0.457298 0.992877 0.462022 
0.056725 0.003637 0.491768 
0.007430 0.983962 0.004304 0.004304 
0.250000 0.250000 0.250000 0.250000 
   8
0.485976 0.003486 0.046210 
0.457298 0.992877 0.462022 
0.056725 0.003637 0.491768 
0.005057 0.004658 0.985620 0.004666 
0.250000 0.250000 0.250000 0.250000 
   9
0.485976 0.003486 0.046210 
0.457298 0.992877 0.462022 
0.056725 0.003637 0.491768 
0.985452 0.005209 0.005032 0.004307 
0.250000 0.250000 0.250000 0.250000 
  10
0.485976 0.003486 0.046210 
0.457298 0.992877 0.462022 
0.056725 0.003637 0.491768 
0.984562 0.006082 0.004304 0.005052 
0.250000 0.250000 0.250000 0.250000 
  11
0.485976 0.003486 0.046210 
0.457298 0.992877 0.462022 
0.056725 0.003637 0.491768 
0.004304 0.004304 0.006097 0.985295 
0.250000 0.250000 0.250000 0.250000 
  12
0.485976 0.003486 0.046210 
0.457298 0.992877 0.462022 
0.056725 0.003637 0.491768 
0.987088 0.004304 0.004304 0.004304 
0.250000 0.250000 0.250000 0.250000 
  13
0.485976 0.003486 0.046210 
0.457298 0.992877 0.462022 
0.056725 0.003637 0.491768 
0.986365 0.005027 0.004304 0.004304 
0.250000 0.250000 0.250000 0.250000 
  14
0.485976 0.003486 0.046210 
0.457298 0.992877 0.462022 
0.056725 0.003637 0.491768 
0.004304 0.004304 0.005420 0.985972 
0.250000 0.250000 0.250000 0.250000 
  15
0.485976 0.003486 0.046210 
0.457298 0.992877 0.462022 
0.056725 0.003637 0.491768 
0.004304 0.004304 0.004304 0.987088 
0.250000 0.250000 0.250000 0.250000 
  16
0.485976 0.003486 0.046210 
0.457298 0.992877 0.462022 
0.056725 0.003637 0.491768 
0.006785 0.984605 0.004305 0.004305 
0.250000 0.250000 0.250000 0.250000 
  17
0.485976 0.003486 0.046210 
0.457298 0.992877 0.462022 
0.056725 0.003637 0.491768 
0.004304 0.005191 0.007578 0.982926 
0.250000 0.250000 0.250000 0.250000 
  18
0.485976 0.003486 0.046210 
0.457298 0.992877 0.462022 
0.056725 0.003637 0.491768 
0.987088 0.004304 0.004304 0.004304 
0.250000 0.250000 0.250000 0.250000 
  19
0.485976 0.003486 0.046210 
0.457298 0.992877 0.462022 
0.056725 0.003637 0.491768 
0.004304 0.004304 0.987088 0.004304 
0.250000 0.250000 0.250000 0.250000 
  20
0.485976 0.003486 0.046210 
0.457298 0.992877 0.462022 
0.056725 0.003637 0.491768 
0.004304 0.004304 0.004304 0.987088 
0.250000 0.250000 0.250000 0.250000 
  21
0.485976 0.003486 0.046210 
0.457298 0.992877 0.462022 
0.056725 0.003637 0.491768 
0.987088 0.004304 0.004304 0.004304 
0.250000 0.250000 0.250000 0.250000 
  22
0.485976 0.003486 0.046210 
0.457298 0.992877 0.462022 
0.056725 0.003637 0.491768 
0.004304 0.004304 0.987088 0.004304 
0.250000 0.250000 0.250000 0.250000 
  23
0.485976 0.003486 0.046210 
0.457298 0.992877 0.462022 
0.056725 0.003637 0.491768 
0.004304 0.004304 0.004304 0.987088 
0.250000 0.250000 0.250000 0.250000 
  24
0.485976 0.003486 0.046210 
0.457298 0.992877 0.462022 
0.056725 0.003637 0.491768 
0.008209 0.004305 0.980970 0.006516 
0.250000 0.250000 0.250000 0.250000 
  25
0.485976 0.003486 0.046210 
0.457298 0.992877 0.462022 
0.056725 0.003637 0.491768 
0.986587 0.004304 0.004805 0.004304 
0.250000 0.250000 0.250000 0.250000 
  26
0.485976 0.003486 0.046210 
0.457298 0.992877 0.462022 
0.056725 0.003637 0.491768 
0.004304 0.004304 0.004937 0.986455 
0.250000 0.250000 0.250000 0.250000 
  27
0.485976 0.003486 0.046210 
0.457298 0.992877 0.462022 
0.056725 0.003637 0.491768 
0.005065 0.986327 0.004304 0.004304 
0.250000 0.250000 0.250000 0.250000 
  28
0.485976 0.003486 0.046210 
0.457298 0.992877 0.462022 
0.056725 0.003637 0.491768 
0.004304 0.987088 0.004304 0.004304 
0.250000 0.250000 0.250000 0.250000 
  29
0.485976 0.003486 0.046210 
0.457298 0.992877 0.462022 
0.056725 0.003637 0.491768 
0.004877 0.004665 0.005673 0.984785 
0.250000 0.250000 0.250000 0.250000 
  30
0.485976 0.003486 0.046210 
0.457298 0.992877 0.462022 
0.056725 0.003637 0.491768 
0.987088 0.004304 0.004304 0.004304 
0.250000 0.250000 0.250000 0.250000 
  31
0.485976 0.003486 0.046210 
0.457298 0.992877 0.462022 
0.056725 0.003637 0.491768 
0.004798 0.986594 0.004304 0.004304 
0.250000 0.250000 0.250000 0.250000 
  32
0.485976 0.003486 0.046210 
0.457298 0.992877 0.462022 
0.056725 0.003637 0.491768 
0.004304 0.004304 0.010283 0.981109 
0.250000 0.250000 0.250000 0.250000 
  33
0.485976 0.003486 0.046210 
0.457298 0.992877 0.462022 
0.056725 0.003637 0.491768 
0.985250 0.004792 0.004304 0.005653 
0.250000 0.250000 0.250000 0.250000 
  34
0.485976 0.003486 0.046210 
0.457298 0.992877 0.462022 
0.056725 0.003637 0.491768 
0.985150 0.005355 0.005191 0.004304 
0.250000 0.250000 0.250000 0.250000 
  35
0.485976 0.003486 0.046210 
0.457298 0.992877 0.462022 
0.056725 0.003637 0.491768 
0.004304 0.004304 0.946479 0.044913 
0.250000 0.250000 0.250000 0.250000 
  36
0.485976 0.003486 0.046210 
0.457298 0.992877 0.462022 
0.056725 0.003637 0.491768 
0.931073 0.060318 0.004304 0.004304 
0.250000 0.250000 0.250000 0.250000 
  37
0.485976 0.003486 0.046210 
0.457298 0.992877 0.462022 
0.056725 0.003637 0.491768 
0.004880 0.004304 0.004304 0.986512 
0.250000 0.250000 0.250000 0.250000 
  38
0.485976 0.003486 0.046210 
0.457298 0.992877 0.462022 
0.056725 0.003637 0.491768 
0.004304 0.004304 0.987088 0.004304 
0.250000 0.250000 0.250000 0.250000 
  39
0.485976 0.003486 0.046210 
0.457298 0.992877 0.462022 
0.056725 0.003637 0.491768 
0.005082 0.004304 0.985287 0.005327 
0.250000 0.250000 0.250000 0.250000 
  40
0.485976 0.003486 0.046210 
0.457298 0.992877 0.462022 
0.056725 0.003637 0.491768 
0.978599 0.012793 0.004304 0.004304 
0.250000 0.250000 0.250000 0.250000 
  41
0.485976 0.003486 0.046210 
0.457298 0.992877 0.462022 
0.056725 0.003637 0.491768 
0.985054 0.006337 0.004304 0.004304 
0.250000 0.250000 0.250000 0.250000 
  42
0.485976 0.003486 0.046210 
0.457298 0.992877 0.462022 
0.056725 0.003637 0.491768 
0.004949 0.004664 0.009452 0.980936 
0.250000 0.250000 0.250000 0.250000 
  43
0.485976 0.003486 0.046210 
0.457298 0.992877 0.462022 
0.056725 0.003637 0.491768 
0.004304 0.987088 0.004304 0.004304 
0.250000 0.250000 0.250000 0.250000 
  44
0.485976 0.003486 0.046210 
0.457298 0.992877 0.462022 
0.056725 0.003637 0.491768 
0.004304 0.004304 0.987088 0.004304 
0.250000 0.250000 0.250000 0.250000 
  45
0.485976 0.003486 0.046210 
0.457298 0.992877 0.462022 
0.056725 0.003637 0.491768 
0.985707 0.005685 0.004304 0.004304 
0.250000 0.250000 0.250000 0.250000 
  46
0.485976 0.003486 0.046210 
0.457298 0.992877 0.462022 
0.056725 0.003637 0.491768 
0.004304 0.987088 0.004304 0.004304 
0.250000 0.250000 0.250000 0.250000 
  47
0.485976 0.003486 0.046210 
0.457298 0.992877 0.462022 
0.056725 0.003637 0.491768 
0.987088 0.004304 0.004304 0.004304 
0.250000 0.250000 0.250000 0.250000 
  48
0.485976 0.003486 0.046210 
0.457298 0.992877 0.462022 
0.056725 0.003637 0.491768 
0.004304 0.004304 0.008145 0.983247 
0.250000 0.250000 0.250000 0.250000 
  49
0.485976 0.003486 0.046210 
0.457298 0.992877 0.462022 
0.056725 0.003637 0.491768 
0.007273 0.004304 0.984119 0.004304 
0.250000 0.250000 0.250000 0.250000 
  50
0.485976 0.003486 0.046210 
0.457298 0.992877 0.462022 
0.056725 0.003637 0.491768 
0.004304 0.987088 0.004304 0.004304 
0.250000 0.250000 0.250000 0.250000 
  51
0.485976 0.003486 0.046210 
0.457298 0.992877 0.462022 
0.056725 0.003637 0.491768 
0.986038 0.004951 0.004306 0.004705 
0.250000 0.250000 0.250000 0.250000 
  52
0.485976 0.003486 0.046210 
0.457298 0.992877 0.462022 
0.056725 0.003637 0.491768 
0.986050 0.005342 0.004304 0.004304 
0.250000 0.250000 0.250000 0.250000 
  53
0.485976 0.003486 0.046210 
0.457298 0.992877 0.462022 
0.056725 0.003637 0.491768 
0.004304 0.004304 0.004304 0.987088 
0.250000 0.250000 0.250000 0.250000 
  54
0.485976 0.003486 0.046210 
0.457298 0.992877 0.462022 
0.056725 0.003637 0.491768 
0.005526 0.004734 0.984153 0.005586 
0.250000 0.250000 0.250000 0.250000 
  55
0.485976 0.003486 0.046210 
0.457298 0.992877 0.462022 
0.056725 0.003637 0.491768 
0.004304 0.004304 0.004304 0.987088 
0.250000 0.250000 0.250000 0.250000 
  56
0.485976 0.003486 0.046210 
0.457298 0.992877 0.462022 
0.056725 0.003637 0.491768 
0.004305 0.987085 0.004305 0.004305 
0.250000 0.250000 0.250000 0.250000 
  57
0.485976 0.003486 0.046210 
0.457298 0.992877 0.462022 
0.056725 0.003637 0.491768 
0.004304 0.004304 0.982050 0.009341 
0.250000 0.250000 0.250000 0.250000 
  58
0.485976 0.003486 0.046210 
0.457298 0.992877 0.462022 
0.056725 0.003637 0.491768 
0.987088 0.004304 0.004304 0.004304 
0.250000 0.250000 0.250000 0.250000 
  59
0.485976 0.003486 0.046210 
0.457298 0.992877 0.462022 
0.056725 0.003637 0.491768 
0.004304 0.004304 0.987088 0.004304 
0.250000 0.250000 0.250000 0.250000 
  60
0.485976 0.003486 0.046210 
0.457298 0.992877 0.462022 
0.056725 0.003637 0.491768 
0.005248 0.004304 0.004731 0.985717 
0.250000 0.250000 0.250000 0.250000 
  61
0.485976 0.003486 0.046210 
0.457298 0.992877 0.462022 
0.056725 0.003637 0.491768 
0.004304 0.987088 0.004304 0.004304 
0.250000 0.250000 0.250000 0.250000 
  62
0.485976 0.003486 0.046210 
0.457298 0.992877 0.462022 
0.056725 0.003637 0.491768 
0.006032 0.985359 0.004304 0.004304 
0.250000 0.250000 0.250000 0.250000 
  63
0.485976 0.003486 0.046210 
0.457298 0.992877 0.462022 
0.056725 0.003637 0.491768 
0.008938 0.933836 0.004726 0.052500 
0.250000 0.250000 0.250000 0.250000 
  64
0.485976 0.003486 0.046210 
0.457298 0.992877 0.462022 
0.056725 0.003637 0.491768 
0.987088 0.004304 0.004304 0.004304 
0.250000 0.250000 0.250000 0.250000 
  65
0.485976 0.003486 0.046210 
0.457298 0.992877 0.462022 
0.056725 0.003637 0.491768 
0.004304 0.004304 0.004304 0.987088 
0.250000 0.250000 0.250000 0.250000 
  66
0.474136 0.003486 0.046210 
0.469138 0.992877 0.462022 
0.057405 0.003635 0.491768 
0.987098 0.004301 0.004301 0.004301 
0.250000 0.250000 0.250000 0.250000 
  67
0.479817 0.003484 0.046210 
0.462778 0.992881 0.462022 
0.057405 0.003635 0.491768 
0.987098 0.004301 0.004301 0.004301 
0.250000 0.250000 0.250000 0.250000 
  68
0.479817 0.003484 0.046210 
0.462778 0.992881 0.462022 
0.057405 0.003635 0.491768 
0.004301 0.004301 0.987098 0.004301 
0.250000 0.250000 0.250000 0.250000 
  69
0.479817 0.003484 0.046210 
0.462778 0.992881 0.462022 
0.057405 0.003635 0.491768 
0.985847 0.005552 0.004301 0.004301 
0.250000 0.250000 0.250000 0.250000 
  70
0.479817 0.003484 0.046210 
0.462778 0.992881 0.462022 
0.057405 0.003635 0.491768 
0.005428 0.004301 0.004301 0.985971 
0.250000 0.250000 0.250000 0.250000 
  71
0.479817 0.003484 0.046210 
0.462778 0.992881 0.462022 
0.057405 0.003635 0.491768 
0.004302 0.004302 0.986500 0.004896 
0.250000 0.250000 0.250000 0.250000 
  72
0.479817 0.003484 0.046210 
0.462778 0.992881 0.462022 
0.057405 0.003635 0.491768 
0.004301 0.005434 0.008322 0.981943 
0.250000 0.250000 0.250000 0.250000 
  73
0.479817 0.003484 0.046210 
0.462778 0.992881 0.462022 
0.057405 0.003635 0.491768 
0.004301 0.004301 0.004301 0.987098 
0.250000 0.250000 0.250000 0.250000 
  74
0.479817 0.003484 0.046210 
0.462778 0.992881 0.462022 
0.057405 0.003635 0.491768 
0.004301 0.004301 0.986597 0.004802 
0.250000 0.250000 0.250000 0.250000 
  75
0.479817 0.003484 0.046210 
0.462778 0.992881 0.462022 
0.057405 0.003635 0.491768 
0.985881 0.005518 0.004301 0.004301 
0.250000 0.250000 0.250000 0.250000 
  76
0.479817 0.003484 0.046210 
0.462778 0.992881 0.462022 
0.057405 0.003635 0.491768 
0.986271 0.005128 0.004301 0.004301 
0.250000 0.250000 0.250000 0.250000 
  77
0.479817 0.003484 0.046210 
0.462778 0.992881 0.462022 
0.057405 0.003635 0.491768 
0.979625 0.006388 0.004301 0.009686 
0.250000 0.250000 0.250000 0.250000 
  78
0.479817 0.003484 0.046210 
0.462778 0.992881 0.462022 
0.057405 0.003635 0.491768 
0.006125 0.004301 0.983721 0.005854 
0.250000 0.250000 0.250000 0.250000 
  79
0.479817 0.003484 0.046210 
0.462778 0.992881 0.462022 
0.057405 0.003635 0.491768 
0.004301 0.004793 0.004301 0.986606 
0.250000 0.250000 0.250000 0.250000 
  80
0.479817 0.003484 0.046210 
0.462778 0.992881 0.462022 
0.057405 0.003635 0.491768 
0.004301 0.004301 0.987098 0.004301 
0.250000 0.250000 0.250000 0.250000 
  81
0.479817 0.003484 0.046210 
0.462778 0.992881 0.462022 
0.057405 0.003635 0.491768 
0.986596 0.004802 0.004301 0.004301 
0.250000 0.250000 0.250000 0.250000 
  82
0.479817 0.003484 0.046210 
0.462778 0.992881 0.462022 
0.057405 0.003635 0.491768 
0.004301 0.004301 0.987098 0.004301 
0.250000 0.250000 0.250000 0.250000 
  83
0.479817 0.003484 0.046210 
0.462778 0.992881 0.462022 
0.057405 0.003635 0.491768 
0.004301 0.004301 0.987098 0.004301 
0.250000 0.250000 0.250000 0.250000 
  84
0.479817 0.003484 0.046210 
0.462778 0.992881 0.462022 
0.057405 0.003635 0.491768 
0.004787 0.004302 0.015336 0.975576 
0.250000 0.250000 0.250000 0.250000 
  85
0.479817 0.003484 0.046210 
0.462778 0.992881 0.462022 
0.057405 0.003635 0.491768 
0.004301 0.004301 0.985602 0.005797 
0.250000 0.250000 0.250000 0.250000 
  86
0.479817 0.003484 0.046210 
0.462778 0.992881 0.462022 
0.057405 0.003635 0.491768 
0.979986 0.004301 0.004301 0.011413 
0.250000 0.250000 0.250000 0.250000 
  87
0.479817 0.003484 0.046210 
0.462778 0.992881 0.462022 
0.057405 0.003635 0.491768 
0.004301 0.004301 0.010574 0.980825 
0.250000 0.250000 0.250000 0.250000 
  88
0.479817 0.003484 0.046210 
0.462778 0.992881 0.462022 
0.057405 0.003635 0.491768 
0.004992 0.985965 0.004301 0.004742 
0.250000 0.250000 0.250000 0.250000 
  89
0.479817 0.003484 0.046210 
0.462778 0.992881 0.462022 
0.057405 0.003635 0.491768 
0.004301 0.004301 0.004301 0.987098 
0.250000 0.250000 0.250000 0.250000 
  90
0.479817 0.003484 0.046210 
0.462778 0.992881 0.462022 
0.057405 0.003635 0.491768 
0.048079 0.940041 0.004301 0.007580 
0.250000 0.250000 0.250000 0.250000 
  91
0.479817 0.003484 0.046210 
0.462778 0.992881 0.462022 
0.057405 0.003635 0.491768 
0.005159 0.986240 0.004301 0.004301 
0.250000 0.250000 0.250000 0.250000 
  92
0.479817 0.003484 0.046210 
0.462778 0.992881 0.462022 
0.057405 0.003635 0.491768 
0.009686 0.004301 0.004301 0.981712 
0.250000 0.250000 0.250000 0.250000 
  93
0.479817 0.003484 0.046210 
0.462778 0.992881 0.462022 
0.057405 0.003635 0.491768 
0.013798 0.004301 0.976100 0.005801 
0.250000 0.250000 0.250000 0.250000 
  94
0.479817 0.003484 0.046210 
0.462778 0.992881 0.462022 
0.057405 0.003635 0.491768 
0.987098 0.004301 0.004301 0.004301 
0.250000 0.250000 0.250000 0.250000 
  95
0.479817 0.003484 0.046210 
0.462778 0.992881 0.462022 
0.057405 0.003635 0.491768 
0.987098 0.004301 0.004301 0.004301 
0.250000 0.250000 0.250000 0.250000 
  96
0.479817 0.003484 0.046210 
0.462778 0.992881 0.462022 
0.057405 0.003635 0.491768 
0.985615 0.005784 0.004301 0.004301 
0.250000 0.250000 0.250000 0.250000 
  97
0.479817 0.003484 0.046210 
0.462778 0.992881 0.462022 
0.057405 0.003635 0.491768 
0.987098 0.004301 0.004301 0.004301 
0.250000 0.250000 0.250000 0.250000 
  98
0.479817 0.003484 0.046210 
0.462778 0.992881 0.462022 
0.057405 0.003635 0.491768 
0.004301 0.004301 0.987098 0.004301 
0.250000 0.250000 0.250000 0.250000 
  99
0.479817 0.003484 0.046210 
0.462778 0.992881 0.462022 
0.057405 0.003635 0.491768 
0.986252 0.005147 0.004301 0.004301 
0.250000 0.250000 0.250000 0.250000 
 100
0.479817 0.003484 0.046210 
0.462778 0.992881 0.462022 
0.057405 0.003635 0.491768 
0.004301 0.987098 0.004301 0.004301 
0.250000 0.250000 0.250000 0.250000 
 101
0.479817 0.003484 0.046210 
0.462778 0.992881 0.462022 
0.057405 0.003635 0.491768 
0.004301 0.004301 0.986166 0.005233 
0.250000 0.250000 0.250000 0.250000 
 102
0.479817 0.003484 0.046210 
0.462778 0.992881 0.462022 
0.057405 0.003635 0.491768 
0.004301 0.004301 0.019199 0.972200 
0.250000 0.250000 0.250000 0.250000 
 103
0.479817 0.003484 0.046210 
0.462778 0.992881 0.462022 
0.057405 0.003635 0.491768 
0.987098 0.004301 0.004301 0.004301 
0.250000 0.250000 0.250000 0.250000 
 104
0.479817 0.003484 0.046210 
0.462778 0.992881 0.462022 
0.057405 0.003635 0.491768 
0.004301 0.004301 0.987098 0.004301 
0.250000 0.250000 0.250000 0.250000 
 105
0.479817 0.003484 0.046210 
0.462778 0.992881 0.462022 
0.057405 0.003635 0.491768 
0.004704 0.006234 0.012325 0.976736 
0.250000 0.250000 0.250000 0.250000 
 106
0.479817 0.003484 0.046210 
0.462778 0.992881 0.462022 
0.057405 0.003635 0.491768 
0.004301 0.004301 0.987098 0.004301 
0.250000 0.250000 0.250000 0.250000 
 107
0.479817 0.003484 0.046210 
0.462778 0.992881 0.462022 
0.057405 0.003635 0.491768 
0.983973 0.004301 0.004301 0.007426 
0.250000 0.250000 0.250000 0.250000 
 108
0.479817 0.003484 0.046210 
0.462778 0.992881 0.462022 
0.057405 0.003635 0.491768 
0.986082 0.005317 0.004301 0.004301 
0.250000 0.250000 0.250000 0.250000 
 109
0.479817 0.003484 0.046210 
0.462778 0.992881 0.462022 
0.057405 0.003635 0.491768 
0.004301 0.985857 0.004301 0.005541 
0.250000 0.250000 0.250000 0.250000 
 110
0.479817 0.003484 0.046210 
0.462778 0.992881 0.462022 
0.057405 0.003635 0.491768 
0.004301 0.987098 0.004301 0.004301 
0.250000 0.250000 0.250000 0.250000 
 111
0.479817 0.003484 0.046210 
0.462778 0.992881 0.462022 
0.057405 0.003635 0.491768 
0.014466 0.971865 0.004301 0.009369 
0.250000 0.250000 0.250000 0.250000 
 112
0.479817 0.003484 0.046210 
0.462778 0.992881 0.462022 
0.057405 0.003635 0.491768 
0.004301 0.987098 0.004301 0.004301 
0.250000 0.250000 0.250000 0.250000 
 113
0.479817 0.003484 0.046210 
0.462778 0.992881 0.462022 
0.057405 0.003635 0.491768 
0.987098 0.004301 0.004301 0.004301 
0.250000 0.250000 0.250000 0.250000 
 114
0.479817 0.003484 0.046210 
0.462778 0.992881 0.462022 
0.057405 0.003635 0.491768 
0.016454 0.974945 0.004301 0.004301 
0.250000 0.250000 0.250000 0.250000 
 115
0.479817 0.003484 0.046210 
0.462778 0.992881 0.462022 
0.057405 0.003635 0.491768 
0.005093 0.986303 0.004302 0.004302 
0.250000 0.250000 0.250000 0.250000 
 116
0.479817 0.003484 0.046210 
0.462778 0.992881 0.462022 
0.057405 0.003635 0.491768 
0.004301 0.004301 0.004301 0.987098 
0.250000 0.250000 0.250000 0.250000 
 117
0.479817 0.003484 0.046210 
0.462778 0.992881 0.462022 
0.057405 0.003635 0.491768 
0.005653 0.004302 0.982686 0.007359 
0.250000 0.250000 0.250000 0.250000 
 118
0.479817 0.003484 0.046210 
0.462778 0.992881 0.462022 
0.057405 0.003635 0.491768 
0.985857 0.004301 0.005541 0.004301 
0.250000 0.250000 0.250000 0.250000 
 119
0.479817 0.003484 0.046210 
0.462778 0.992881 0.462022 
0.057405 0.003635 0.491768 
0.987098 0.004301 0.004301 0.004301 
0.250000 0.250000 0.250000 0.250000 
 120
0.479817 0.003484 0.046210 
0.462778 0.992881 0.462022 
0.057405 0.003635 0.491768 
0.005541 0.004301 0.010136 0.980022 
0.250000 0.250000 0.250000 0.250000 
 121
0.479817 0.003484 0.046210 
0.462778 0.992881 0.462022 
0.057405 0.003635 0.491768 
0.004301 0.987098 0.004301 0.004301 
0.250000 0.250000 0.250000 0.250000 
 122
0.479817 0.003484 0.046210 
0.462778 0.992881 0.462022 
0.057405 0.003635 0.491768 
0.004301 0.004301 0.004301 0.987098 
0.250000 0.250000 0.250000 0.250000 
 123
0.479817 0.003484 0.046210 
0.462778 0.992881 0.462022 
0.057405 0.003635 0.491768 
0.011325 0.979658 0.004302 0.004715 
0.250000 0.250000 0.250000 0.250000 
 124
0.479817 0.003484 0.046210 
0.462778 0.992881 0.462022 
0.057405 0.003635 0.491768 
0.985971 0.004301 0.005428 0.004301 
0.250000 0.250000 0.250000 0.250000 
 125
0.479817 0.003484 0.046210 
0.462778 0.992881 0.462022 
0.057405 0.003635 0.491768 
0.004301 0.004301 0.987098 0.004301 
0.250000 0.250000 0.250000 0.250000 
 126
0.479817 0.003484 0.046210 
0.462778 0.992881 0.462022 
0.057405 0.003635 0.491768 
0.006144 0.007012 0.009799 0.977045 
0.250000 0.250000 0.250000 0.250000 
 127
0.479817 0.003484 0.046210 
0.462778 0.992881 0.462022 
0.057405 0.003635 0.491768 
0.004302 0.987095 0.004302 0.004302 
0.250000 0.250000 0.250000 0.250000 
 128
0.479817 0.003484 0.046210 
0.462778 0.992881 0.462022 
0.057405 0.003635 0.491768 
0.004301 0.987098 0.004301 0.004301 
0.250000 0.250000 0.250000 0.250000 
 129
0.479817 0.003484 0.046210 
0.462778 0.992881 0.462022 
0.057405 0.003635 0.491768 
0.007841 0.004666 0.936780 0.050712 
0.250000 0.250000 0.250000 0.250000 
 130
0.479817 0.003484 0.046210 
0.462778 0.992881 0.462022 
0.057405 0.003635 0.491768 
0.004301 0.987098 0.004301 0.004301 
0.250000 0.250000 0.250000 0.250000 
 131
0.479817 0.003484 0.046210 
0.462778 0.992881 0.462022 
0.057405 0.003635 0.491768 
0.004301 0.004301 0.043806 0.947592 
0.250000 0.250000 0.250000 0.250000 
 132
0.479817 0.003484 0.046210 
0.462778 0.992881 0.462022 
0.057405 0.003635 0.491768 
0.009585 0.979427 0.004302 0.006687 
0.250000 0.250000 0.250000 0.250000 
 133
0.479817 0.003484 0.046210 
0.462778 0.992881 0.462022 
0.057405 0.003635 0.491768 
0.987098 0.004301 0.004301 0.004301 
0.250000 0.250000 0.250000 0.250000 
 134
0.479817 0.003484 0.046210 
0.462778 0.992881 0.462022 
0.057405 0.003635 0.491768 
0.004301 0.004301 0.004301 0.987098 
0.250000 0.250000 0.250000 0.250000 
 135
0.479817 0.003484 0.046210 
0.462778 0.992881 0.462022 
0.057405 0.003635 0.491768 
0.987098 0.004301 0.004301 0.004301 
0.250000 0.250000 0.250000 0.250000 
 136
0.479817 0.003484 0.046210 
0.462778 0.992881 0.462022 
0.057405 0.003635 0.491768 
0.004303 0.004303 0.986144 0.005251 
0.250000 0.250000 0.250000 0.250000 
 137
0.479817 0.003484 0.046210 
0.462778 0.992881 0.462022 
0.057405 0.003635 0.491768 
0.004301 0.004301 0.987098 0.004301 
0.250000 0.250000 0.250000 0.250000 
 138
0.479817 0.003484 0.046210 
0.462778 0.992881 0.462022 
0.057405 0.003635 0.491768 
0.983186 0.007053 0.005459 0.004301 
0.250000 0.250000 0.250000 0.250000 
 139
0.479817 0.003484 0.046210 
0.462778 0.992881 0.462022 
0.057405 0.003635 0.491768 
0.004301 0.004301 0.938504 0.052895 
0.250000 0.250000 0.250000 0.250000 
 140
0.479817 0.003484 0.046210 
0.462778 0.992881 0.462022 
0.057405 0.003635 0.491768 
0.004301 0.004301 0.004301 0.987098 
0.250000 0.250000 0.250000 0.250000 
 141
0.479817 0.003484 0.046210 
0.462778 0.992881 0.462022 
0.057405 0.003635 0.491768 
0.013822 0.965633 0.004303 0.016242 
0.250000 0.250000 0.250000 0.250000 
 142
0.479817 0.003484 0.046210 
0.462778 0.992881 0.462022 
0.057405 0.003635 0.491768 
0.987098 0.004301 0.004301 0.004301 
0.250000 0.250000 0.250000 0.250000 
 143
0.479817 0.003484 0.046210 
0.462778 0.992881 0.462022 
0.057405 0.003635 0.491768 
0.004301 0.004301 0.987098 0.004301 
0.250000 0.250000 0.250000 0.250000 
 144
0.479817 0.003484 0.046210 
0.462778 0.992881 0.462022 
0.057405 0.003635 0.491768 
0.985131 0.005868 0.004301 0.004700 
0.250000 0.250000 0.250000 0.250000 
 145
0.479817 0.003484 0.046210 
0.462778 0.992881 0.462022 
0.057405 0.003635 0.491768 
0.985615 0.005782 0.004302 0.004302 
0.250000 0.250000 0.250000 0.250000 
 146
0.479817 0.003484 0.046210 
0.462778 0.992881 0.462022 
0.057405 0.003635 0.491768 
0.004302 0.004302 0.985538 0.005859 
0.250000 0.250000 0.250000 0.250000 
 147
0.479817 0.003484 0.046210 
0.462778 0.992881 0.462022 
0.057405 0.003635 0.491768 
0.986365 0.005034 0.004301 0.004301 
0.250000 0.250000 0.250000 0.250000 
 148
0.479817 0.003484 0.046210 
0.462778 0.992881 0.462022 
0.057405 0.003635 0.491768 
0.986006 0.005393 0.004301 0.004301 
0.250000 0.250000 0.250000 0.250000 
 149
0.479817 0.003484 0.046210 
0.462778 0.992881 0.462022 
0.057405 0.003635 0.491768 
0.004301 0.004301 0.987098 0.004301 
0.250000 0.250000 0.250000 0.250000 
 150
0.479817 0.003484 0.046210 
0.462778 0.992881 0.462022 
0.057405 0.003635 0.491768 
0.980631 0.010260 0.004809 0.004301 
0.250000 0.250000 0.250000 0.250000 
 151
0.479817 0.003484 0.046210 
0.462778 0.992881 0.462022 
0.057405 0.003635 0.491768 
0.004301 0.004301 0.987098 0.004301 
0.250000 0.250000 0.250000 0.250000 
 152
0.479817 0.003484 0.046210 
0.462778 0.992881 0.462022 
0.057405 0.003635 0.491768 
0.004301 0.004301 0.987098 0.004301 
0.250000 0.250000 0.250000 0.250000 
 153
0.479817 0.003484 0.046210 
0.462778 0.992881 0.462022 
0.057405 0.003635 0.491768 
0.979874 0.009060 0.005179 0.005888 
0.250000 0.250000 0.250000 0.250000 
 154
0.479817 0.003484 0.046210 
0.462778 0.992881 0.462022 
0.057405 0.003635 0.491768 
0.957058 0.033882 0.004301 0.004759 
0.250000 0.250000 0.250000 0.250000 
 155
0.479817 0.003484 0.046210 
0.462778 0.992881 0.462022 
0.057405 0.003635 0.491768 
0.005152 0.004301 0.984000 0.006548 
0.250000 0.250000 0.250000 0.250000 
 156
0.479817 0.003484 0.046210 
0.462778 0.992881 0.462022 
0.057405 0.003635 0.491768 
0.982800 0.008060 0.004301 0.004840 
0.250000 0.250000 0.250000 0.250000 
 157
0.479817 0.003484 0.046210 
0.462778 0.992881 0.462022 
0.057405 0.003635 0.491768 
0.987098 0.004301 0.004301 0.004301 
0.250000 0.250000 0.250000 0.250000 
 158
0.479817 0.003484 0.046210 
0.462778 0.992881 0.462022 
0.057405 0.003635 0.491768 
0.984638 0.006761 0.004301 0.004301 
0.250000 0.250000 0.250000 0.250000 
 159
0.479817 0.003484 0.046210 
0.462778 0.992881 0.462022 
0.057405 0.003635 0.491768 
0.985080 0.006319 0.004301 0.004301 
0.250000 0.250000 0.250000 0.250000 
 160
0.479817 0.003484 0.046210 
0.462778 0.992881 0.462022 
0.057405 0.003635 0.491768 
0.004803 0.004301 0.004301 0.986596 
0.250000 0.250000 0.250000 0.250000 
 161
0.479817 0.003484 0.046210 
0.462778 0.992881 0.462022 
0.057405 0.003635 0.491768 
0.004301 0.004301 0.987098 0.004301 
0.250000 0.250000 0.250000 0.250000 
 162
0.479817 0.003484 0.046210 
0.462778 0.992881 0.462022 
0.057405 0.003635 0.491768 
0.004873 0.004301 0.009759 0.981067 
0.250000 0.250000 0.250000 0.250000 
 163
0.479817 0.003484 0.046210 
0.462778 0.992881 0.462022 
0.057405 0.003635 0.491768 
0.004301 0.004301 0.005070 0.986329 
0.250000 0.250000 0.250000 0.250000 
 164
0.479817 0.003484 0.046210 
0.462778 0.992881 0.462022 
0.057405 0.003635 0.491768 
0.987098 0.004301 0.004301 0.004301 
0.250000 0.250000 0.250000 0.250000 
 165
0.479817 0.003484 0.046210 
0.462778 0.992881 0.462022 
0.057405 0.003635 0.491768 
0.004302 0.004302 0.008438 0.982959 
0.250000 0.250000 0.250000 0.250000 
 166
0.479817 0.003484 0.046210 
0.462778 0.992881 0.462022 
0.057405 0.003635 0.491768 
0.004301 0.004301 0.004301 0.987098 
0.250000 0.250000 0.250000 0.250000 
 167
0.479817 0.003484 0.046210 
0.462778 0.992881 0.462022 
0.057405 0.003635 0.491768 
0.004301 0.004301 0.004301 0.987098 
0.250000 0.250000 0.250000 0.250000 
 168
0.479817 0.003484 0.046210 
0.462778 0.992881 0.462022 
0.057405 0.003635 0.491768 
0.004301 0.004301 0.004806 0.986593 
0.250000 0.250000 0.250000 0.250000 
 169
0.479817 0.003484 0.046210 
0.462778 0.992881 0.462022 
0.057405 0.003635 0.491768 
0.004301 0.986064 0.004301 0.005334 
0.250000 0.250000 0.250000 0.250000 
 170
0.479817 0.003484 0.046210 
0.462778 0.992881 0.462022 
0.057405 0.003635 0.491768 
0.004301 0.004301 0.987098 0.004301 
0.250000 0.250000 0.250000 0.250000 
 171
0.479817 0.003484 0.046210 
0.462778 0.992881 0.462022 
0.057405 0.003635 0.491768 
0.985220 0.004797 0.004301 0.005682 
0.250000 0.250000 0.250000 0.250000 
 172
0.479817 0.003484 0.046210 
0.462778 0.992881 0.462022 
0.057405 0.003635 0.491768 
0.986194 0.004301 0.005204 0.004301 
0.250000 0.250000 0.250000 0.250000 
 173
0.479817 0.003484 0.046210 
0.462778 0.992881 0.462022 
0.057405 0.003635 0.491768 
0.987098 0.004301 0.004301 0.004301 
0.250000 0.250000 0.250000 0.250000 
 174
0.479817 0.003484 0.046210 
0.462778 0.992881 0.462022 
0.057405 0.003635 0.491768 
0.004301 0.004301 0.069405 0.921994 
0.250000 0.250000 0.250000 0.250000 
 175
0.479817 0.003484 0.046210 
0.462778 0.992881 0.462022 
0.057405 0.003635 0.491768 
0.004301 0.009686 0.981712 0.004301 
0.250000 0.250000 0.250000 0.250000 
 176
0.479817 0.003484 0.046210 
0.462778 0.992881 0.462022 
0.057405 0.003635 0.491768 
0.004301 0.004301 0.004301 0.987098 
0.250000 0.250000 0.250000 0.250000 
 177
0.479817 0.003484 0.046210 
0.462778 0.992881 0.462022 
0.057405 0.003635 0.491768 
0.004697 0.004302 0.984254 0.006747 
0.250000 0.250000 0.250000 0.250000 
 178
0.479817 0.003484 0.046210 
0.462778 0.992881 0.462022 
0.057405 0.003635 0.491768 
0.987098 0.004301 0.004301 0.004301 
0.250000 0.250000 0.250000 0.250000 
 179
0.479817 0.003484 0.046210 
0.462778 0.992881 0.462022 
0.057405 0.003635 0.491768 
0.987098 0.004301 0.004301 0.004301 
0.250000 0.250000 0.250000 0.250000 
 180
0.479817 0.003484 0.046210 
0.462778 0.992881 0.462022 
0.057405 0.003635 0.491768 
0.983698 0.007701 0.004301 0.004301 
0.250000 0.250000 0.250000 0.250000 
 181
0.479817 0.003484 0.046210 
0.462778 0.992881 0.462022 
0.057405 0.003635 0.491768 
0.004301 0.987098 0.004301 0.004301 
0.250000 0.250000 0.250000 0.250000 
 182
0.479817 0.003484 0.046210 
0.462778 0.992881 0.462022 
0.057405 0.003635 0.491768 
0.004301 0.987098 0.004301 0.004301 
0.250000 0.250000 0.250000 0.250000 
 183
0.479817 0.003484 0.046210 
0.462778 0.992881 0.462022 
0.057405 0.003635 0.491768 
0.984660 0.006739 0.004301 0.004301 
0.250000 0.250000 0.250000 0.250000 
 184
0.479817 0.003484 0.046210 
0.462778 0.992881 0.462022 
0.057405 0.003635 0.491768 
0.986490 0.004909 0.004301 0.004301 
0.250000 0.250000 0.250000 0.250000 
 185
0.479817 0.003484 0.046210 
0.462778 0.992881 0.462022 
0.057405 0.003635 0.491768 
0.004301 0.004301 0.984417 0.006982 
0.250000 0.250000 0.250000 0.250000 
 186
0.479817 0.003484 0.046210 
0.462778 0.992881 0.462022 
0.057405 0.003635 0.491768 
0.985234 0.006165 0.004301 0.004301 
0.250000 0.250000 0.250000 0.250000 
 187
0.479817 0.003484 0.046210 
0.462778 0.992881 0.462022 
0.057405 0.003635 0.491768 
0.986582 0.004817 0.004301 0.004301 
0.250000 0.250000 0.250000 0.250000 
 188
0.479817 0.003484 0.046210 
0.462778 0.992881 0.462022 
0.057405 0.003635 0.491768 
0.013811 0.977586 0.004302 0.004302 
0.250000 0.250000 0.250000 0.250000 
 189
0.479817 0.003484 0.046210 
0.462778 0.992881 0.462022 
0.057405 0.003635 0.491768 
0.018890 0.972507 0.004302 0.004302 
0.250000 0.250000 0.250000 0.250000 
 190
0.479817 0.003484 0.046210 
0.462778 0.992881 0.462022 
0.057405 0.003635 0.491768 
0.987098 0.004301 0.004301 0.004301 
0.250000 0.250000 0.250000 0.250000 
 191
0.479817 0.003484 0.046210 
0.462778 0.992881 0.462022 
0.057405 0.003635 0.491768 
0.004301 0.004301 0.987098 0.004301 
0.250000 0.250000 0.250000 0.250000 
 192
0.479817 0.003484 0.046210 
0.462778 0.992881 0.462022 
0.057405 0.003635 0.491768 
0.004816 0.004301 0.982307 0.008576 
0.250000 0.250000 0.250000 0.250000 
 193
0.479817 0.003484 0.046210 
0.462778 0.992881 0.462022 
0.057405 0.003635 0.491768 
0.987098 0.004301 0.004301 0.004301 
0.250000 0.250000 0.250000 0.250000 
 194
0.479817 0.003484 0.046210 
0.462778 0.992881 0.462022 
0.057405 0.003635 0.491768 
0.004301 0.987098 0.004301 0.004301 
0.250000 0.250000 0.250000 0.250000 
 195
0.479817 0.003484 0.046210 
0.462778 0.992881 0.462022 
0.057405 0.003635 0.491768 
0.985261 0.006137 0.004301 0.004301 
0.250000 0.250000 0.250000 0.250000 
 196
0.479817 0.003484 0.046210 
0.462778 0.992881 0.462022 
0.057405 0.003635 0.491768 
0.004301 0.987098 0.004301 0.004301 
0.250000 0.250000 0.250000 0.250000 
 197
0.479817 0.003484 0.046210 
0.462778 0.992881 0.462022 
0.057405 0.003635 0.491768 
0.004301 0.987098 0.004301 0.004301 
0.250000 0.250000 0.250000 0.250000 
 198
0.479817 0.003484 0.046210 
0.462778 0.992881 0.462022 
0.057405 0.003635 0.491768 
0.014413 0.976985 0.004301 0.004301 
0.250000 0.250000 0.250000 0.250000 
 199
0.479817 0.003484 0.046210 
0.462778 0.992881 0.462022 
0.057405 0.003635 0.491768 
0.987098 0.004301 0.004301 0.004301 
0.250000 0.250000 0.250000 0.250000 
 200
0.479817 0.003484 0.046210 
0.462778 0.992881 0.462022 
0.057405 0.003635 0.491768 
0.987098 0.004301 0.004301 0.004301 
0.250000 0.250000 0.250000 0.250000 
 201
0.479817 0.003484 0.046210 
0.462778 0.992881 0.462022 
0.057405 0.003635 0.491768 
0.984765 0.006634 0.004301 0.004301 
0.250000 0.250000 0.250000 0.250000 
 202
0.479817 0.003484 0.046210 
0.462778 0.992881 0.462022 
0.057405 0.003635 0.491768 
0.004301 0.004301 0.984934 0.006465 
0.250000 0.250000 0.250000 0.250000 
 203
0.479817 0.003484 0.046210 
0.462778 0.992881 0.462022 
0.057405 0.003635 0.491768 
0.004301 0.004301 0.004301 0.987098 
0.250000 0.250000 0.250000 0.250000 
 204
0.479817 0.003484 0.046210 
0.462778 0.992881 0.462022 
0.057405 0.003635 0.491768 
0.982040 0.009357 0.004302 0.004302 
0.250000 0.250000 0.250000 0.250000 
 205
0.479817 0.003484 0.046210 
0.462778 0.992881 0.462022 
0.057405 0.003635 0.491768 
0.004301 0.004301 0.004301 0.987098 
0.250000 0.250000 0.250000 0.250000 
 206
0.479817 0.003484 0.046210 
0.462778 0.992881 0.462022 
0.057405 0.003635 0.491768 
0.004301 0.987098 0.004301 0.004301 
0.250000 0.250000 0.250000 0.250000 
 207
0.479817 0.003484 0.046210 
0.462778 0.992881 0.462022 
0.057405 0.003635 0.491768 
0.004301 0.004301 0.975916 0.015483 
0.250000 0.250000 0.250000 0.250000 
 208
0.479817 0.003484 0.046210 
0.462778 0.992881 0.462022 
0.057405 0.003635 0.491768 
0.004301 0.004301 0.987098 0.004301 
0.250000 0.250000 0.250000 0.250000 
 209
0.479817 0.003484 0.046210 
0.462778 0.992881 0.462022 
0.057405 0.003635 0.491768 
0.004301 0.004301 0.987098 0.004301 
0.250000 0.250000 0.250000 0.250000 
 210
0.479817 0.003484 0.046210 
0.462778 0.992881 0.462022 
0.057405 0.003635 0.491768 
0.009914 0.978745 0.004301 0.007040 
0.250000 0.250000 0.250000 0.250000 
 211
0.479817 0.003484 0.046210 
0.462778 0.992881 0.462022 
0.057405 0.003635 0.491768 
0.004301 0.987098 0.004301 0.004301 
0.250000 0.250000 0.250000 0.250000 
 212
0.479817 0.003484 0.046210 
0.462778 0.992881 0.462022 
0.057405 0.003635 0.491768 
0.985898 0.005501 0.004301 0.004301 
0.250000 0.250000 0.250000 0.250000 
 213
0.479817 0.003484 0.046210 
0.462778 0.992881 0.462022 
0.057405 0.003635 0.491768 
0.006520 0.004303 0.971016 0.018160 
0.250000 0.250000 0.250000 0.250000 
 214
0.479817 0.003484 0.046210 
0.462778 0.992881 0.462022 
0.057405 0.003635 0.491768 
0.004301 0.004301 0.004301 0.987098 
0.250000 0.250000 0.250000 0.250000 
 215
0.479817 0.003484 0.046210 
0.462778 0.992881 0.462022 
0.057405 0.003635 0.491768 
0.004301 0.987098 0.004301 0.004301 
0.250000 0.250000 0.250000 0.250000 
 216
0.479817 0.003484 0.046210 
0.462778 0.992881 0.462022 
0.057405 0.003635 0.491768 
0.004301 0.004301 0.018386 0.973013 
0.250000 0.250000 0.250000 0.250000 
 217
0.479817 0.003484 0.046210 
0.462778 0.992881 0.462022 
0.057405 0.003635 0.491768 
0.005628 0.004302 0.982713 0.007357 
0.250000 0.250000 0.250000 0.250000 
 218
0.479817 0.003484 0.046210 
0.462778 0.992881 0.462022 
0.057405 0.003635 0.491768 
0.004790 0.004301 0.004301 0.986609 
0.250000 0.250000 0.250000 0.250000 
 219
0.479817 0.003484 0.046210 
0.462778 0.992881 0.462022 
0.057405 0.003635 0.491768 
0.004987 0.004301 0.984492 0.006220 
0.250000 0.250000 0.250000 0.250000 
 220
0.479817 0.003484 0.046210 
0.462778 0.992881 0.462022 
0.057405 0.003635 0.491768 
0.987098 0.004301 0.004301 0.004301 
0.250000 0.250000 0.250000 0.250000 
 221
0.479817 0.003484 0.046210 
0.462778 0.992881 0.462022 
0.057405 0.003635 0.491768 
0.987098 0.004301 0.004301 0.004301 
0.250000 0.250000 0.250000 0.250000 
 222
0.479817 0.003484 0.046210 
0.462778 0.992881 0.462022 
0.057405 0.003635 0.491768 
0.004301 0.004301 0.978388 0.013011 
0.250000 0.250000 0.250000 0.250000 
 223
0.479817 0.003484 0.046210 
0.462778 0.992881 0.462022 
0.057405 0.003635 0.491768 
0.004301 0.004301 0.004301 0.987098 
0.250000 0.250000 0.250000 0.250000 
 224
0.479817 0.003484 0.046210 
0.462778 0.992881 0.462022 
0.057405 0.003635 0.491768 
0.004301 0.987098 0.004301 0.004301 
0.250000 0.250000 0.250000 0.250000 
 225
0.479817 0.003484 0.046210 
0.462778 0.992881 0.462022 
0.057405 0.003635 0.491768 
0.004301 0.004301 0.012373 0.979026 
0.250000 0.250000 0.250000 0.250000 
 226
0.479817 0.003484 0.046210 
0.462778 0.992881 0.462022 
0.057405 0.003635 0.491768 
0.987098 0.004301 0.004301 0.004301 
0.250000 0.250000 0.250000 0.250000 
 227
0.479817 0.003484 0.046210 
0.462778 0.992881 0.462022 
0.057405 0.003635 0.491768 
0.004301 0.004301 0.987098 0.004301 
0.250000 0.250000 0.250000 0.250000 
 228
0.479817 0.003484 0.046210 
0.462778 0.992881 0.462022 
0.057405 0.003635 0.491768 
0.986417 0.004980 0.004302 0.004302 
0.250000 0.250000 0.250000 0.250000 
 229
0.479817 0.003484 0.046210 
0.462778 0.992881 0.462022 
0.057405 0.003635 0.491768 
0.004301 0.987098 0.004301 0.004301 
0.250000 0.250000 0.250000 0.250000 
 230
0.479817 0.003484 0.046210 
0.462778 0.992881 0.462022 
0.057405 0.003635 0.491768 
0.987098 0.004301 0.004301 0.004301 
0.250000 0.250000 0.250000 0.250000 
 231
0.479817 0.003484 0.046210 
0.462778 0.992881 0.462022 
0.057405 0.003635 0.491768 
0.004301 0.004301 0.006426 0.984973 
0.250000 0.250000 0.250000 0.250000 
 232
0.479817 0.003484 0.046210 
0.462778 0.992881 0.462022 
0.057405 0.003635 0.491768 
0.004301 0.004301 0.984754 0.006645 
0.250000 0.250000 0.250000 0.250000 
 233
0.479817 0.003484 0.046210 
0.462778 0.992881 0.462022 
0.057405 0.003635 0.491768 
0.004302 0.004302 0.004302 0.987095 
0.250000 0.250000 0.250000 0.250000 
 234
0.479817 0.003484 0.046210 
0.462778 0.992881 0.462022 
