%  SAM: /scicomp/home/vfn4/nomen/label/LABEL_RES/scripts/modelfromalign_Linux v3.5 (July 15, 2005) compiled 12/08/06_16:15:55
%  (c) 1992-2001 Regents of the University of California, Santa Cruz
%
%          Sequence Alignment and Modeling Software System
%         http://www.cse.ucsc.edu/research/compbio/sam.html
%
% ----------------- Citations (SAM, SAM-T2K, HMMs) --------------------
% R. Hughey, A. Krogh, Hidden Markov models for sequence analysis:
%  Extension and analysis of the basic method, CABIOS 12:95-107, 1996.
% K. Karplus, et al., What is the value added by human intervention in protein
%  structure prediction, Proteins: Stucture, Function, Genetics 45(S5):86--91, 2001.
% A. Krogh et al., Hidden Markov models in computational biology:
%  Applications to protein modeling, JMB 235:1501-1531, Feb 1994.
% ---------------------------------------------------------------------
%  3C.2a4_hmm   Host: id-dev-03    Mon Dec  2 14:47:08 2019
%  vfn4         Dir:  /scicomp/groups/OID/NCIRD/ID-OD/ID_nomenclatures/H3/training/H3v2019R1/stub3r1
% ---------------------------------------------------------------------
%  Alignment weights from internal calc.  Total (17.92) Max (0.07) Min (0.05)
%  Weights from alignment method 1 (karplus), b=-1.000000, e=0.500000
MODEL --  Model from alignment file /scicomp/home/vfn4/nomen/label/LABEL_RES/training_data/stub3/3C.2a4.fasta
alphabet DNA
FREQAVE
0.000000 0.000000 0.000000 
0.000000 0.000000 0.000000 
0.000000 0.000000 0.000000 
0.342867 0.223241 0.196850 0.237043 
0.342867 0.223241 0.196850 0.237043 
Begin
0.000000 0.000000 0.000000 
0.000000 0.000000 0.000000 
0.000000 0.007832 0.491768 
0.250000 0.250000 0.250000 0.250000 
0.250000 0.250000 0.250000 0.250000 
   1
0.000000 0.007507 0.046210 
0.000000 0.984660 0.462022 
0.057405 0.007832 0.491768 
0.013216 0.013216 0.960352 0.013216 
0.250000 0.250000 0.250000 0.250000 
   2
0.479817 0.007507 0.046210 
0.462778 0.984660 0.462022 
0.057405 0.007832 0.491768 
0.960352 0.013216 0.013216 0.013216 
0.250000 0.250000 0.250000 0.250000 
   3
0.479817 0.007507 0.046210 
0.462778 0.984660 0.462022 
0.057405 0.007832 0.491768 
0.960352 0.013216 0.013216 0.013216 
0.250000 0.250000 0.250000 0.250000 
   4
0.479817 0.007507 0.046210 
0.462778 0.984660 0.462022 
0.057405 0.007832 0.491768 
0.960352 0.013216 0.013216 0.013216 
0.250000 0.250000 0.250000 0.250000 
   5
0.479817 0.007507 0.046210 
0.462778 0.984660 0.462022 
0.057405 0.007832 0.491768 
0.960352 0.013216 0.013216 0.013216 
0.250000 0.250000 0.250000 0.250000 
   6
0.479817 0.007507 0.046210 
0.462778 0.984660 0.462022 
0.057405 0.007832 0.491768 
0.960352 0.013216 0.013216 0.013216 
0.250000 0.250000 0.250000 0.250000 
   7
0.479817 0.007507 0.046210 
0.462778 0.984660 0.462022 
0.057405 0.007832 0.491768 
0.960215 0.013262 0.013262 0.013262 
0.250000 0.250000 0.250000 0.250000 
   8
0.479817 0.007507 0.046210 
0.462778 0.984660 0.462022 
0.057405 0.007832 0.491768 
0.013216 0.013216 0.013216 0.960352 
0.250000 0.250000 0.250000 0.250000 
   9
0.479817 0.007507 0.046210 
0.462778 0.984660 0.462022 
0.057405 0.007832 0.491768 
0.013216 0.013216 0.048630 0.924938 
0.250000 0.250000 0.250000 0.250000 
  10
0.479817 0.007507 0.046210 
0.462778 0.984660 0.462022 
0.057405 0.007832 0.491768 
0.013216 0.013216 0.957379 0.016189 
0.250000 0.250000 0.250000 0.250000 
  11
0.479817 0.007507 0.046210 
0.462778 0.984660 0.462022 
0.057405 0.007832 0.491768 
0.013216 0.013216 0.960352 0.013216 
0.250000 0.250000 0.250000 0.250000 
  12
0.479817 0.007507 0.046210 
0.462778 0.984660 0.462022 
0.057405 0.007832 0.491768 
0.013216 0.016178 0.013216 0.957390 
0.250000 0.250000 0.250000 0.250000 
  13
0.479817 0.007507 0.046210 
0.462778 0.984660 0.462022 
0.057405 0.007832 0.491768 
0.016590 0.956978 0.013216 0.013216 
0.250000 0.250000 0.250000 0.250000 
  14
0.479817 0.007507 0.046210 
0.462778 0.984660 0.462022 
0.057405 0.007832 0.491768 
0.019277 0.954291 0.013216 0.013216 
0.250000 0.250000 0.250000 0.250000 
  15
0.479817 0.007507 0.046210 
0.462778 0.984660 0.462022 
0.057405 0.007832 0.491768 
0.893606 0.079962 0.013216 0.013216 
0.250000 0.250000 0.250000 0.250000 
  16
0.479817 0.007507 0.046210 
0.462778 0.984660 0.462022 
0.057405 0.007832 0.491768 
0.960352 0.013216 0.013216 0.013216 
0.250000 0.250000 0.250000 0.250000 
  17
0.479817 0.007507 0.046210 
0.462778 0.984660 0.462022 
0.057405 0.007832 0.491768 
0.960352 0.013216 0.013216 0.013216 
0.250000 0.250000 0.250000 0.250000 
  18
0.479817 0.007507 0.046210 
0.462778 0.984660 0.462022 
0.057405 0.007832 0.491768 
0.013216 0.013216 0.016339 0.957229 
0.250000 0.250000 0.250000 0.250000 
  19
0.479817 0.007507 0.046210 
0.462778 0.984660 0.462022 
0.057405 0.007832 0.491768 
0.013216 0.960352 0.013216 0.013216 
0.250000 0.250000 0.250000 0.250000 
  20
0.479817 0.007507 0.046210 
0.462778 0.984660 0.462022 
0.057405 0.007832 0.491768 
0.960352 0.013216 0.013216 0.013216 
0.250000 0.250000 0.250000 0.250000 
  21
0.479817 0.007507 0.046210 
0.462778 0.984660 0.462022 
0.057405 0.007832 0.491768 
0.013216 0.013216 0.957390 0.016178 
0.250000 0.250000 0.250000 0.250000 
  22
0.479817 0.007507 0.046210 
0.462778 0.984660 0.462022 
0.057405 0.007832 0.491768 
0.960352 0.013216 0.013216 0.013216 
0.250000 0.250000 0.250000 0.250000 
  23
0.479817 0.007507 0.046210 
0.462778 0.984660 0.462022 
0.057405 0.007832 0.491768 
0.960352 0.013216 0.013216 0.013216 
0.250000 0.250000 0.250000 0.250000 
  24
0.479817 0.007507 0.046210 
0.462778 0.984660 0.462022 
0.057405 0.007832 0.491768 
0.013216 0.013216 0.013216 0.960352 
0.250000 0.250000 0.250000 0.250000 
  25
0.479817 0.007507 0.046210 
0.462778 0.984660 0.462022 
0.057405 0.007832 0.491768 
0.960352 0.013216 0.013216 0.013216 
0.250000 0.250000 0.250000 0.250000 
  26
0.479817 0.007507 0.046210 
0.462778 0.984660 0.462022 
0.057405 0.007832 0.491768 
0.016325 0.957243 0.013216 0.013216 
0.250000 0.250000 0.250000 0.250000 
  27
0.479817 0.007507 0.046210 
0.462778 0.984660 0.462022 
0.057405 0.007832 0.491768 
0.013216 0.013216 0.960352 0.013216 
0.250000 0.250000 0.250000 0.250000 
  28
0.479817 0.007507 0.046210 
0.462778 0.984660 0.462022 
0.057405 0.007832 0.491768 
0.960352 0.013216 0.013216 0.013216 
0.250000 0.250000 0.250000 0.250000 
  29
0.479817 0.007507 0.046210 
0.462778 0.984660 0.462022 
0.057405 0.007832 0.491768 
0.013216 0.019306 0.954262 0.013216 
0.250000 0.250000 0.250000 0.250000 
  30
0.479817 0.007507 0.046210 
0.462778 0.984660 0.462022 
0.057405 0.007832 0.491768 
0.022100 0.951468 0.013216 0.013216 
0.250000 0.250000 0.250000 0.250000 
  31
0.479817 0.007507 0.046210 
0.462778 0.984660 0.462022 
0.057405 0.007832 0.491768 
0.013216 0.960352 0.013216 0.013216 
0.250000 0.250000 0.250000 0.250000 
  32
0.479817 0.007507 0.046210 
0.462778 0.984660 0.462022 
0.057405 0.007832 0.491768 
0.013216 0.013216 0.960352 0.013216 
0.250000 0.250000 0.250000 0.250000 
  33
0.479817 0.007507 0.046210 
0.462778 0.984660 0.462022 
0.057405 0.007832 0.491768 
0.957384 0.016185 0.013216 0.013216 
0.250000 0.250000 0.250000 0.250000 
  34
0.479817 0.007507 0.046210 
0.462778 0.984660 0.462022 
0.057405 0.007832 0.491768 
0.960352 0.013216 0.013216 0.013216 
0.250000 0.250000 0.250000 0.250000 
  35
0.479817 0.007507 0.046210 
0.462778 0.984660 0.462022 
0.057405 0.007832 0.491768 
0.013216 0.013216 0.960352 0.013216 
0.250000 0.250000 0.250000 0.250000 
  36
0.479817 0.007507 0.046210 
0.462778 0.984660 0.462022 
0.057405 0.007832 0.491768 
0.016219 0.957349 0.013216 0.013216 
0.250000 0.250000 0.250000 0.250000 
  37
0.479817 0.007507 0.046210 
0.462778 0.984660 0.462022 
0.057405 0.007832 0.491768 
0.013216 0.013216 0.948710 0.024858 
0.250000 0.250000 0.250000 0.250000 
  38
0.479817 0.007507 0.046210 
0.462778 0.984660 0.462022 
0.057405 0.007832 0.491768 
0.013216 0.013216 0.013216 0.960352 
0.250000 0.250000 0.250000 0.250000 
  39
0.479817 0.007507 0.046210 
0.462778 0.984660 0.462022 
0.057405 0.007832 0.491768 
0.013216 0.960352 0.013216 0.013216 
0.250000 0.250000 0.250000 0.250000 
  40
0.479817 0.007507 0.046210 
0.462778 0.984660 0.462022 
0.057405 0.007832 0.491768 
0.013216 0.013216 0.013216 0.960352 
0.250000 0.250000 0.250000 0.250000 
  41
0.479817 0.007507 0.046210 
0.462778 0.984660 0.462022 
0.057405 0.007832 0.491768 
0.013216 0.960352 0.013216 0.013216 
0.250000 0.250000 0.250000 0.250000 
  42
0.479817 0.007507 0.046210 
0.462778 0.984660 0.462022 
0.057405 0.007832 0.491768 
0.013216 0.013216 0.960352 0.013216 
0.250000 0.250000 0.250000 0.250000 
  43
0.479817 0.007507 0.046210 
0.462778 0.984660 0.462022 
0.057405 0.007832 0.491768 
0.013259 0.013259 0.960223 0.013259 
0.250000 0.250000 0.250000 0.250000 
  44
0.479817 0.007507 0.046210 
0.462778 0.984660 0.462022 
0.057405 0.007832 0.491768 
0.013216 0.013216 0.013216 0.960352 
0.250000 0.250000 0.250000 0.250000 
  45
0.479817 0.007507 0.046210 
0.462778 0.984660 0.462022 
0.057405 0.007832 0.491768 
0.013216 0.016357 0.013216 0.957211 
0.250000 0.250000 0.250000 0.250000 
  46
0.479817 0.007507 0.046210 
0.462778 0.984660 0.462022 
0.057405 0.007832 0.491768 
0.013216 0.960352 0.013216 0.013216 
0.250000 0.250000 0.250000 0.250000 
  47
0.479817 0.007507 0.046210 
0.462778 0.984660 0.462022 
0.057405 0.007832 0.491768 
0.013216 0.960352 0.013216 0.013216 
0.250000 0.250000 0.250000 0.250000 
  48
0.479817 0.007507 0.046210 
0.462778 0.984660 0.462022 
0.057405 0.007832 0.491768 
0.013216 0.960352 0.013216 0.013216 
0.250000 0.250000 0.250000 0.250000 
  49
0.479817 0.007507 0.046210 
0.462778 0.984660 0.462022 
0.057405 0.007832 0.491768 
0.013216 0.013216 0.960352 0.013216 
0.250000 0.250000 0.250000 0.250000 
  50
0.479817 0.007507 0.046210 
0.462778 0.984660 0.462022 
0.057405 0.007832 0.491768 
0.960352 0.013216 0.013216 0.013216 
0.250000 0.250000 0.250000 0.250000 
  51
0.479817 0.007507 0.046210 
0.462778 0.984660 0.462022 
0.057405 0.007832 0.491768 
0.013216 0.013216 0.957071 0.016497 
0.250000 0.250000 0.250000 0.250000 
  52
0.479817 0.007507 0.046210 
0.462778 0.984660 0.462022 
0.057405 0.007832 0.491768 
0.013216 0.013216 0.960352 0.013216 
0.250000 0.250000 0.250000 0.250000 
  53
0.479817 0.007507 0.046210 
0.462778 0.984660 0.462022 
0.057405 0.007832 0.491768 
0.960352 0.013216 0.013216 0.013216 
0.250000 0.250000 0.250000 0.250000 
  54
0.479817 0.007507 0.046210 
0.462778 0.984660 0.462022 
0.057405 0.007832 0.491768 
0.013216 0.013216 0.013216 0.960352 
0.250000 0.250000 0.250000 0.250000 
  55
0.479817 0.007507 0.046210 
0.462778 0.984660 0.462022 
0.057405 0.007832 0.491768 
0.013216 0.960352 0.013216 0.013216 
0.250000 0.250000 0.250000 0.250000 
  56
0.479817 0.007507 0.046210 
0.462778 0.984660 0.462022 
0.057405 0.007832 0.491768 
0.013216 0.013216 0.960352 0.013216 
0.250000 0.250000 0.250000 0.250000 
  57
0.479817 0.007507 0.046210 
0.462778 0.984660 0.462022 
0.057405 0.007832 0.491768 
0.960352 0.013216 0.013216 0.013216 
0.250000 0.250000 0.250000 0.250000 
  58
0.479817 0.007507 0.046210 
0.462778 0.984660 0.462022 
0.057405 0.007832 0.491768 
0.013216 0.960352 0.013216 0.013216 
0.250000 0.250000 0.250000 0.250000 
  59
0.479817 0.007507 0.046210 
0.462778 0.984660 0.462022 
0.057405 0.007832 0.491768 
0.013216 0.013216 0.013216 0.960352 
0.250000 0.250000 0.250000 0.250000 
  60
0.479817 0.007507 0.046210 
0.462778 0.984660 0.462022 
0.057405 0.007832 0.491768 
0.924618 0.048950 0.013216 0.013216 
0.250000 0.250000 0.250000 0.250000 
  61
0.479817 0.007507 0.046210 
0.462778 0.984660 0.462022 
0.057405 0.007832 0.491768 
0.013216 0.013216 0.960352 0.013216 
0.250000 0.250000 0.250000 0.250000 
  62
0.479817 0.007507 0.046210 
0.462778 0.984660 0.462022 
0.057405 0.007832 0.491768 
0.013253 0.013253 0.960240 0.013253 
0.250000 0.250000 0.250000 0.250000 
  63
0.479817 0.007507 0.046210 
0.462778 0.984660 0.462022 
0.057405 0.007832 0.491768 
0.960352 0.013216 0.013216 0.013216 
0.250000 0.250000 0.250000 0.250000 
  64
0.479817 0.007507 0.046210 
0.462778 0.984660 0.462022 
0.057405 0.007832 0.491768 
0.960352 0.013216 0.013216 0.013216 
0.250000 0.250000 0.250000 0.250000 
  65
0.479817 0.007507 0.046210 
0.462778 0.984660 0.462022 
0.057405 0.007832 0.491768 
0.960352 0.013216 0.013216 0.013216 
0.250000 0.250000 0.250000 0.250000 
  66
0.479817 0.007507 0.046210 
0.462778 0.984660 0.462022 
0.057405 0.007832 0.491768 
0.013216 0.013216 0.954556 0.019012 
0.250000 0.250000 0.250000 0.250000 
  67
0.479817 0.007507 0.046210 
0.462778 0.984660 0.462022 
0.057405 0.007832 0.491768 
0.013216 0.960352 0.013216 0.013216 
0.250000 0.250000 0.250000 0.250000 
  68
0.479817 0.007507 0.046210 
0.462778 0.984660 0.462022 
0.057405 0.007832 0.491768 
0.013216 0.960352 0.013216 0.013216 
0.250000 0.250000 0.250000 0.250000 
  69
0.479817 0.007507 0.046210 
0.462778 0.984660 0.462022 
0.057405 0.007832 0.491768 
0.956982 0.016586 0.013216 0.013216 
0.250000 0.250000 0.250000 0.250000 
  70
0.479817 0.007507 0.046210 
0.462778 0.984660 0.462022 
0.057405 0.007832 0.491768 
0.960352 0.013216 0.013216 0.013216 
0.250000 0.250000 0.250000 0.250000 
  71
0.479817 0.007507 0.046210 
0.462778 0.984660 0.462022 
0.057405 0.007832 0.491768 
0.013216 0.013216 0.960352 0.013216 
0.250000 0.250000 0.250000 0.250000 
  72
0.479817 0.007507 0.046210 
0.462778 0.984660 0.462022 
0.057405 0.007832 0.491768 
0.013216 0.957372 0.013216 0.016196 
0.250000 0.250000 0.250000 0.250000 
  73
0.479817 0.007507 0.046210 
0.462778 0.984660 0.462022 
0.057405 0.007832 0.491768 
0.960352 0.013216 0.013216 0.013216 
0.250000 0.250000 0.250000 0.250000 
  74
0.479817 0.007507 0.046210 
0.462778 0.984660 0.462022 
0.057405 0.007832 0.491768 
0.013216 0.013216 0.013216 0.960352 
0.250000 0.250000 0.250000 0.250000 
  75
0.479817 0.007507 0.046210 
0.462778 0.984660 0.462022 
0.057405 0.007832 0.491768 
0.960352 0.013216 0.013216 0.013216 
0.250000 0.250000 0.250000 0.250000 
  76
0.479817 0.007507 0.046210 
0.462778 0.984660 0.462022 
0.057405 0.007832 0.491768 
0.013216 0.960352 0.013216 0.013216 
0.250000 0.250000 0.250000 0.250000 
  77
0.479817 0.007507 0.046210 
0.462778 0.984660 0.462022 
0.057405 0.007832 0.491768 
0.013216 0.013216 0.013216 0.960352 
0.250000 0.250000 0.250000 0.250000 
  78
0.479817 0.007507 0.046210 
0.462778 0.984660 0.462022 
0.057405 0.007832 0.491768 
0.013216 0.960352 0.013216 0.013216 
0.250000 0.250000 0.250000 0.250000 
  79
0.479817 0.007507 0.046210 
0.462778 0.984660 0.462022 
0.057405 0.007832 0.491768 
0.960352 0.013216 0.013216 0.013216 
0.250000 0.250000 0.250000 0.250000 
  80
0.479817 0.007507 0.046210 
0.462778 0.984660 0.462022 
0.057405 0.007832 0.491768 
0.960352 0.013216 0.013216 0.013216 
0.250000 0.250000 0.250000 0.250000 
  81
0.479817 0.007507 0.046210 
0.462778 0.984660 0.462022 
0.057405 0.007832 0.491768 
0.957251 0.016317 0.013216 0.013216 
0.250000 0.250000 0.250000 0.250000 
  82
0.479817 0.007507 0.046210 
0.462778 0.984660 0.462022 
0.057405 0.007832 0.491768 
0.960352 0.013216 0.013216 0.013216 
0.250000 0.250000 0.250000 0.250000 
  83
0.479817 0.007507 0.046210 
0.462778 0.984660 0.462022 
0.057405 0.007832 0.491768 
0.013216 0.013216 0.960352 0.013216 
0.250000 0.250000 0.250000 0.250000 
  84
0.479817 0.007507 0.046210 
0.462778 0.984660 0.462022 
0.057405 0.007832 0.491768 
0.957379 0.016189 0.013216 0.013216 
0.250000 0.250000 0.250000 0.250000 
  85
0.479817 0.007507 0.046210 
0.462778 0.984660 0.462022 
0.057405 0.007832 0.491768 
0.951285 0.022210 0.013253 0.013253 
0.250000 0.250000 0.250000 0.250000 
  86
0.479817 0.007507 0.046210 
0.462778 0.984660 0.462022 
0.057405 0.007832 0.491768 
0.013216 0.013216 0.013216 0.960352 
0.250000 0.250000 0.250000 0.250000 
  87
0.479817 0.007507 0.046210 
0.462778 0.984660 0.462022 
0.057405 0.007832 0.491768 
0.021497 0.013216 0.952071 0.013216 
0.250000 0.250000 0.250000 0.250000 
  88
0.479817 0.007507 0.046210 
0.462778 0.984660 0.462022 
0.057405 0.007832 0.491768 
0.960352 0.013216 0.013216 0.013216 
0.250000 0.250000 0.250000 0.250000 
  89
0.479817 0.007507 0.046210 
0.462778 0.984660 0.462022 
0.057405 0.007832 0.491768 
0.013216 0.013216 0.960352 0.013216 
0.250000 0.250000 0.250000 0.250000 
  90
0.479817 0.007507 0.046210 
0.462778 0.984660 0.462022 
0.057405 0.007832 0.491768 
0.016664 0.956904 0.013216 0.013216 
0.250000 0.250000 0.250000 0.250000 
  91
0.479817 0.007507 0.046210 
0.462778 0.984660 0.462022 
0.057405 0.007832 0.491768 
0.956904 0.016664 0.013216 0.013216 
0.250000 0.250000 0.250000 0.250000 
  92
0.479817 0.007507 0.046210 
0.462778 0.984660 0.462022 
0.057405 0.007832 0.491768 
0.013262 0.960215 0.013262 0.013262 
0.250000 0.250000 0.250000 0.250000 
  93
0.479817 0.007507 0.046210 
0.462778 0.984660 0.462022 
0.057405 0.007832 0.491768 
0.013216 0.013216 0.013216 0.960352 
0.250000 0.250000 0.250000 0.250000 
  94
0.479817 0.007507 0.046210 
0.462778 0.984660 0.462022 
0.057405 0.007832 0.491768 
0.016269 0.957300 0.013216 0.013216 
0.250000 0.250000 0.250000 0.250000 
  95
0.479817 0.007507 0.046210 
0.462778 0.984660 0.462022 
0.057405 0.007832 0.491768 
0.960352 0.013216 0.013216 0.013216 
0.250000 0.250000 0.250000 0.250000 
  96
0.479817 0.007507 0.046210 
0.462778 0.984660 0.462022 
0.057405 0.007832 0.491768 
0.013216 0.013216 0.954165 0.019403 
0.250000 0.250000 0.250000 0.250000 
  97
0.479817 0.007507 0.046210 
0.462778 0.984660 0.462022 
0.057405 0.007832 0.491768 
0.016331 0.013216 0.957237 0.013216 
0.250000 0.250000 0.250000 0.250000 
  98
0.479817 0.007507 0.046210 
0.462778 0.984660 0.462022 
0.057405 0.007832 0.491768 
0.013216 0.960352 0.013216 0.013216 
0.250000 0.250000 0.250000 0.250000 
  99
0.479817 0.007507 0.046210 
0.462778 0.984660 0.462022 
0.057405 0.007832 0.491768 
0.918254 0.055240 0.013253 0.013253 
0.250000 0.250000 0.250000 0.250000 
 100
0.479817 0.007507 0.046210 
0.462778 0.984660 0.462022 
0.057405 0.007832 0.491768 
0.918482 0.055086 0.013216 0.013216 
0.250000 0.250000 0.250000 0.250000 
 101
0.479817 0.007507 0.046210 
0.462778 0.984660 0.462022 
0.057405 0.007832 0.491768 
0.013216 0.013216 0.013216 0.960352 
0.250000 0.250000 0.250000 0.250000 
 102
0.479817 0.007507 0.046210 
0.462778 0.984660 0.462022 
0.057405 0.007832 0.491768 
0.013216 0.013216 0.019424 0.954144 
0.250000 0.250000 0.250000 0.250000 
 103
0.479817 0.007507 0.046210 
0.462778 0.984660 0.462022 
0.057405 0.007832 0.491768 
0.013216 0.960352 0.013216 0.013216 
0.250000 0.250000 0.250000 0.250000 
 104
0.479817 0.007507 0.046210 
0.462778 0.984660 0.462022 
0.057405 0.007832 0.491768 
0.960352 0.013216 0.013216 0.013216 
0.250000 0.250000 0.250000 0.250000 
 105
0.479817 0.007507 0.046210 
0.462778 0.984660 0.462022 
0.057405 0.007832 0.491768 
0.957118 0.016450 0.013216 0.013216 
0.250000 0.250000 0.250000 0.250000 
 106
0.479817 0.007507 0.046210 
0.462778 0.984660 0.462022 
0.057405 0.007832 0.491768 
0.013216 0.960352 0.013216 0.013216 
0.250000 0.250000 0.250000 0.250000 
 107
0.479817 0.007507 0.046210 
0.462778 0.984660 0.462022 
0.057405 0.007832 0.491768 
0.013216 0.013216 0.013216 0.960352 
0.250000 0.250000 0.250000 0.250000 
 108
0.479817 0.007507 0.046210 
0.462778 0.984660 0.462022 
0.057405 0.007832 0.491768 
0.013216 0.013216 0.013216 0.960352 
0.250000 0.250000 0.250000 0.250000 
 109
0.479817 0.007507 0.046210 
0.462778 0.984660 0.462022 
0.057405 0.007832 0.491768 
0.960352 0.013216 0.013216 0.013216 
0.250000 0.250000 0.250000 0.250000 
 110
0.479817 0.007507 0.046210 
0.462778 0.984660 0.462022 
0.057405 0.007832 0.491768 
0.013216 0.013216 0.960352 0.013216 
0.250000 0.250000 0.250000 0.250000 
 111
0.479817 0.007507 0.046210 
0.462778 0.984660 0.462022 
0.057405 0.007832 0.491768 
0.013216 0.013216 0.013216 0.960352 
0.250000 0.250000 0.250000 0.250000 
 112
0.479817 0.007507 0.046210 
0.462778 0.984660 0.462022 
0.057405 0.007832 0.491768 
0.960352 0.013216 0.013216 0.013216 
0.250000 0.250000 0.250000 0.250000 
 113
0.479817 0.007507 0.046210 
0.462778 0.984660 0.462022 
0.057405 0.007832 0.491768 
0.960352 0.013216 0.013216 0.013216 
0.250000 0.250000 0.250000 0.250000 
 114
0.479817 0.007507 0.046210 
0.462778 0.984660 0.462022 
0.057405 0.007832 0.491768 
0.013216 0.013216 0.013216 0.960352 
0.250000 0.250000 0.250000 0.250000 
 115
0.479817 0.007507 0.046210 
0.462778 0.984660 0.462022 
0.057405 0.007832 0.491768 
0.013216 0.960352 0.013216 0.013216 
0.250000 0.250000 0.250000 0.250000 
 116
0.479817 0.007507 0.046210 
0.462778 0.984660 0.462022 
0.057405 0.007832 0.491768 
0.013216 0.013216 0.960352 0.013216 
0.250000 0.250000 0.250000 0.250000 
 117
0.479817 0.007507 0.046210 
0.462778 0.984660 0.462022 
0.057405 0.007832 0.491768 
0.013216 0.013216 0.013216 0.960352 
0.250000 0.250000 0.250000 0.250000 
 118
0.479817 0.007507 0.046210 
0.462778 0.984660 0.462022 
0.057405 0.007832 0.491768 
0.960352 0.013216 0.013216 0.013216 
0.250000 0.250000 0.250000 0.250000 
 119
0.479817 0.007507 0.046210 
0.462778 0.984660 0.462022 
0.057405 0.007832 0.491768 
0.013216 0.013216 0.960352 0.013216 
0.250000 0.250000 0.250000 0.250000 
 120
0.479817 0.007507 0.046210 
0.462778 0.984660 0.462022 
0.057405 0.007832 0.491768 
0.013216 0.013216 0.013216 0.960352 
0.250000 0.250000 0.250000 0.250000 
 121
0.479817 0.007507 0.046210 
0.462778 0.984660 0.462022 
0.057405 0.007832 0.491768 
0.013216 0.960352 0.013216 0.013216 
0.250000 0.250000 0.250000 0.250000 
 122
0.479817 0.007507 0.046210 
0.462778 0.984660 0.462022 
0.057405 0.007832 0.491768 
0.960352 0.013216 0.013216 0.013216 
0.250000 0.250000 0.250000 0.250000 
 123
0.479817 0.007507 0.046210 
0.462778 0.984660 0.462022 
0.057405 0.007832 0.491768 
0.025899 0.947670 0.013216 0.013216 
0.250000 0.250000 0.250000 0.250000 
 124
0.479817 0.007507 0.046210 
0.462778 0.984660 0.462022 
0.057405 0.007832 0.491768 
0.013216 0.013216 0.960352 0.013216 
0.250000 0.250000 0.250000 0.250000 
 125
0.479817 0.007507 0.046210 
0.462778 0.984660 0.462022 
0.057405 0.007832 0.491768 
0.013216 0.013216 0.013216 0.960352 
0.250000 0.250000 0.250000 0.250000 
 126
0.479817 0.007507 0.046210 
0.462778 0.984660 0.462022 
0.057405 0.007832 0.491768 
0.013216 0.960352 0.013216 0.013216 
0.250000 0.250000 0.250000 0.250000 
 127
0.479817 0.007507 0.046210 
0.462778 0.984660 0.462022 
0.057405 0.007832 0.491768 
0.013216 0.960352 0.013216 0.013216 
0.250000 0.250000 0.250000 0.250000 
 128
0.479817 0.007507 0.046210 
0.462778 0.984660 0.462022 
0.057405 0.007832 0.491768 
0.013216 0.013216 0.013216 0.960352 
0.250000 0.250000 0.250000 0.250000 
 129
0.479817 0.007507 0.046210 
0.462778 0.984660 0.462022 
0.057405 0.007832 0.491768 
0.013216 0.013216 0.016391 0.957178 
0.250000 0.250000 0.250000 0.250000 
 130
0.479817 0.007507 0.046210 
0.462778 0.984660 0.462022 
0.057405 0.007832 0.491768 
0.013216 0.016163 0.957405 0.013216 
0.250000 0.250000 0.250000 0.250000 
 131
0.479817 0.007507 0.046210 
0.462778 0.984660 0.462022 
0.057405 0.007832 0.491768 
0.960352 0.013216 0.013216 0.013216 
0.250000 0.250000 0.250000 0.250000 
 132
0.479817 0.007507 0.046210 
0.462778 0.984660 0.462022 
0.057405 0.007832 0.491768 
0.016248 0.954220 0.013216 0.016316 
0.250000 0.250000 0.250000 0.250000 
 133
0.479817 0.007507 0.046210 
0.462778 0.984660 0.462022 
0.057405 0.007832 0.491768 
0.960352 0.013216 0.013216 0.013216 
0.250000 0.250000 0.250000 0.250000 
 134
0.479817 0.007507 0.046210 
0.462778 0.984660 0.462022 
0.057405 0.007832 0.491768 
0.960352 0.013216 0.013216 0.013216 
0.250000 0.250000 0.250000 0.250000 
 135
0.479817 0.007507 0.046210 
0.462778 0.984660 0.462022 
0.057405 0.007832 0.491768 
0.013216 0.013216 0.019133 0.954435 
0.250000 0.250000 0.250000 0.250000 
 136
0.479817 0.007507 0.046210 
0.462778 0.984660 0.462022 
0.057405 0.007832 0.491768 
0.013216 0.013216 0.013216 0.960352 
0.250000 0.250000 0.250000 0.250000 
 137
0.479817 0.007507 0.046210 
0.462778 0.984660 0.462022 
0.057405 0.007832 0.491768 
0.013216 0.013216 0.960352 0.013216 
0.250000 0.250000 0.250000 0.250000 
 138
0.479817 0.007507 0.046210 
0.462778 0.984660 0.462022 
0.057405 0.007832 0.491768 
0.013216 0.013216 0.960352 0.013216 
0.250000 0.250000 0.250000 0.250000 
 139
0.479817 0.007507 0.046210 
0.462778 0.984660 0.462022 
0.057405 0.007832 0.491768 
0.013216 0.013216 0.016189 0.957379 
0.250000 0.250000 0.250000 0.250000 
 140
0.479817 0.007507 0.046210 
0.462778 0.984660 0.462022 
0.057405 0.007832 0.491768 
0.013216 0.013216 0.960352 0.013216 
0.250000 0.250000 0.250000 0.250000 
 141
0.479817 0.007507 0.046210 
0.462778 0.984660 0.462022 
0.057405 0.007832 0.491768 
0.957197 0.013216 0.016371 0.013216 
0.250000 0.250000 0.250000 0.250000 
 142
0.479817 0.007507 0.046210 
0.462778 0.984660 0.462022 
0.057405 0.007832 0.491768 
0.960352 0.013216 0.013216 0.013216 
0.250000 0.250000 0.250000 0.250000 
 143
0.479817 0.007507 0.046210 
0.462778 0.984660 0.462022 
0.057405 0.007832 0.491768 
0.013216 0.013216 0.013216 0.960352 
0.250000 0.250000 0.250000 0.250000 
 144
0.479817 0.007507 0.046210 
0.462778 0.984660 0.462022 
0.057405 0.007832 0.491768 
0.960352 0.013216 0.013216 0.013216 
0.250000 0.250000 0.250000 0.250000 
 145
0.479817 0.007507 0.046210 
0.462778 0.984660 0.462022 
0.057405 0.007832 0.491768 
0.013216 0.960352 0.013216 0.013216 
0.250000 0.250000 0.250000 0.250000 
 146
0.479817 0.007507 0.046210 
0.462778 0.984660 0.462022 
0.057405 0.007832 0.491768 
0.016164 0.957404 0.013216 0.013216 
0.250000 0.250000 0.250000 0.250000 
 147
0.479817 0.007507 0.046210 
0.462778 0.984660 0.462022 
0.057405 0.007832 0.491768 
0.013216 0.013216 0.013216 0.960352 
0.250000 0.250000 0.250000 0.250000 
 148
0.479817 0.007507 0.046210 
0.462778 0.984660 0.462022 
0.057405 0.007832 0.491768 
0.013216 0.960352 0.013216 0.013216 
0.250000 0.250000 0.250000 0.250000 
 149
0.479817 0.007507 0.046210 
0.462778 0.984660 0.462022 
0.057405 0.007832 0.491768 
0.960352 0.013216 0.013216 0.013216 
0.250000 0.250000 0.250000 0.250000 
 150
0.479817 0.007507 0.046210 
0.462778 0.984660 0.462022 
0.057405 0.007832 0.491768 
0.960352 0.013216 0.013216 0.013216 
0.250000 0.250000 0.250000 0.250000 
 151
0.479817 0.007507 0.046210 
0.462778 0.984660 0.462022 
0.057405 0.007832 0.491768 
0.960352 0.013216 0.013216 0.013216 
0.250000 0.250000 0.250000 0.250000 
 152
0.479817 0.007507 0.046210 
0.462778 0.984660 0.462022 
0.057405 0.007832 0.491768 
0.013216 0.013216 0.013216 0.960352 
0.250000 0.250000 0.250000 0.250000 
 153
0.479817 0.007507 0.046210 
0.462778 0.984660 0.462022 
0.057405 0.007832 0.491768 
0.960352 0.013216 0.013216 0.013216 
0.250000 0.250000 0.250000 0.250000 
 154
0.479817 0.007507 0.046210 
0.462778 0.984660 0.462022 
0.057405 0.007832 0.491768 
0.013216 0.013216 0.013216 0.960352 
0.250000 0.250000 0.250000 0.250000 
 155
0.479817 0.007507 0.046210 
0.462778 0.984660 0.462022 
0.057405 0.007832 0.491768 
0.013216 0.960352 0.013216 0.013216 
0.250000 0.250000 0.250000 0.250000 
 156
0.479817 0.007507 0.046210 
0.462778 0.984660 0.462022 
0.057405 0.007832 0.491768 
0.013216 0.013216 0.960352 0.013216 
0.250000 0.250000 0.250000 0.250000 
 157
0.479817 0.007507 0.046210 
0.462778 0.984660 0.462022 
0.057405 0.007832 0.491768 
0.956536 0.013216 0.017032 0.013216 
0.250000 0.250000 0.250000 0.250000 
 158
0.479817 0.007507 0.046210 
0.462778 0.984660 0.462022 
0.057405 0.007832 0.491768 
0.957387 0.016181 0.013216 0.013216 
0.250000 0.250000 0.250000 0.250000 
 159
0.479817 0.007507 0.046210 
0.462778 0.984660 0.462022 
0.057405 0.007832 0.491768 
0.013216 0.013216 0.960352 0.013216 
0.250000 0.250000 0.250000 0.250000 
 160
0.479817 0.007507 0.046210 
0.462778 0.984660 0.462022 
0.057405 0.007832 0.491768 
0.957389 0.016179 0.013216 0.013216 
0.250000 0.250000 0.250000 0.250000 
 161
0.479817 0.007507 0.046210 
0.462778 0.984660 0.462022 
0.057405 0.007832 0.491768 
0.013216 0.960352 0.013216 0.013216 
0.250000 0.250000 0.250000 0.250000 
 162
0.479817 0.007507 0.046210 
0.462778 0.984660 0.462022 
0.057405 0.007832 0.491768 
0.013216 0.013216 0.016880 0.956688 
0.250000 0.250000 0.250000 0.250000 
 163
0.479817 0.007507 0.046210 
0.462778 0.984660 0.462022 
0.057405 0.007832 0.491768 
0.013216 0.013216 0.960352 0.013216 
0.250000 0.250000 0.250000 0.250000 
 164
0.479817 0.007507 0.046210 
0.462778 0.984660 0.462022 
0.057405 0.007832 0.491768 
0.013216 0.013216 0.960352 0.013216 
0.250000 0.250000 0.250000 0.250000 
 165
0.479817 0.007507 0.046210 
0.462778 0.984660 0.462022 
0.057405 0.007832 0.491768 
0.013216 0.013216 0.019747 0.953821 
0.250000 0.250000 0.250000 0.250000 
 166
0.479817 0.007507 0.046210 
0.462778 0.984660 0.462022 
0.057405 0.007832 0.491768 
0.016163 0.013216 0.957405 0.013216 
0.250000 0.250000 0.250000 0.250000 
 167
0.479817 0.007507 0.046210 
0.462778 0.984660 0.462022 
0.057405 0.007832 0.491768 
0.960352 0.013216 0.013216 0.013216 
0.250000 0.250000 0.250000 0.250000 
 168
0.479817 0.007507 0.046210 
0.462778 0.984660 0.462022 
0.057405 0.007832 0.491768 
0.013216 0.013216 0.016178 0.957390 
0.250000 0.250000 0.250000 0.250000 
 169
0.479817 0.007507 0.046210 
0.462778 0.984660 0.462022 
0.057405 0.007832 0.491768 
0.013216 0.013216 0.960352 0.013216 
0.250000 0.250000 0.250000 0.250000 
 170
0.479817 0.007507 0.046210 
0.462778 0.984660 0.462022 
0.057405 0.007832 0.491768 
0.960352 0.013216 0.013216 0.013216 
0.250000 0.250000 0.250000 0.250000 
 171
0.479817 0.007507 0.046210 
0.462778 0.984660 0.462022 
0.057405 0.007832 0.491768 
0.013216 0.957105 0.013216 0.016464 
0.250000 0.250000 0.250000 0.250000 
 172
0.479817 0.007507 0.046210 
0.462778 0.984660 0.462022 
0.057405 0.007832 0.491768 
0.960352 0.013216 0.013216 0.013216 
0.250000 0.250000 0.250000 0.250000 
 173
0.479817 0.007507 0.046210 
0.462778 0.984660 0.462022 
0.057405 0.007832 0.491768 
0.013216 0.013216 0.013216 0.960352 
0.250000 0.250000 0.250000 0.250000 
 174
0.479817 0.007507 0.046210 
0.462778 0.984660 0.462022 
0.057405 0.007832 0.491768 
0.013216 0.013216 0.960352 0.013216 
0.250000 0.250000 0.250000 0.250000 
 175
0.479817 0.007507 0.046210 
0.462778 0.984660 0.462022 
0.057405 0.007832 0.491768 
0.013216 0.013216 0.960352 0.013216 
0.250000 0.250000 0.250000 0.250000 
 176
0.479817 0.007507 0.046210 
0.462778 0.984660 0.462022 
0.057405 0.007832 0.491768 
0.013216 0.013216 0.013216 0.960352 
0.250000 0.250000 0.250000 0.250000 
 177
0.479817 0.007507 0.046210 
0.462778 0.984660 0.462022 
0.057405 0.007832 0.491768 
0.013216 0.013216 0.013216 0.960352 
0.250000 0.250000 0.250000 0.250000 
 178
0.479817 0.007507 0.046210 
0.462778 0.984660 0.462022 
0.057405 0.007832 0.491768 
0.013216 0.960352 0.013216 0.013216 
0.250000 0.250000 0.250000 0.250000 
 179
0.479817 0.007507 0.046210 
0.462778 0.984660 0.462022 
0.057405 0.007832 0.491768 
0.960352 0.013216 0.013216 0.013216 
0.250000 0.250000 0.250000 0.250000 
 180
0.479817 0.007507 0.046210 
0.462778 0.984660 0.462022 
0.057405 0.007832 0.491768 
0.013216 0.013216 0.016652 0.956916 
0.250000 0.250000 0.250000 0.250000 
 181
0.479817 0.007507 0.046210 
0.462778 0.984660 0.462022 
0.057405 0.007832 0.491768 
0.013216 0.960352 0.013216 0.013216 
0.250000 0.250000 0.250000 0.250000 
 182
0.479817 0.007507 0.046210 
0.462778 0.984660 0.462022 
0.057405 0.007832 0.491768 
0.013216 0.960352 0.013216 0.013216 
0.250000 0.250000 0.250000 0.250000 
 183
0.479817 0.007507 0.046210 
0.462778 0.984660 0.462022 
0.057405 0.007832 0.491768 
0.951489 0.019223 0.013216 0.016072 
0.250000 0.250000 0.250000 0.250000 
 184
0.479817 0.007507 0.046210 
0.462778 0.984660 0.462022 
0.057405 0.007832 0.491768 
0.019853 0.953715 0.013216 0.013216 
0.250000 0.250000 0.250000 0.250000 
 185
0.479817 0.007507 0.046210 
0.462778 0.984660 0.462022 
0.057405 0.007832 0.491768 
0.960352 0.013216 0.013216 0.013216 
0.250000 0.250000 0.250000 0.250000 
 186
0.479817 0.007507 0.046210 
0.462778 0.984660 0.462022 
0.057405 0.007832 0.491768 
0.960352 0.013216 0.013216 0.013216 
0.250000 0.250000 0.250000 0.250000 
 187
0.479817 0.007507 0.046210 
0.462778 0.984660 0.462022 
0.057405 0.007832 0.491768 
0.960352 0.013216 0.013216 0.013216 
0.250000 0.250000 0.250000 0.250000 
 188
0.479817 0.007507 0.046210 
0.462778 0.984660 0.462022 
0.057405 0.007832 0.491768 
0.960352 0.013216 0.013216 0.013216 
0.250000 0.250000 0.250000 0.250000 
 189
0.479817 0.007507 0.046210 
0.462778 0.984660 0.462022 
0.057405 0.007832 0.491768 
0.013216 0.013216 0.933165 0.040403 
0.250000 0.250000 0.250000 0.250000 
 190
0.479817 0.007507 0.046210 
0.462778 0.984660 0.462022 
0.057405 0.007832 0.491768 
0.013216 0.013216 0.013216 0.960352 
0.250000 0.250000 0.250000 0.250000 
 191
0.479817 0.007507 0.046210 
0.462778 0.984660 0.462022 
0.057405 0.007832 0.491768 
0.013216 0.960352 0.013216 0.013216 
0.250000 0.250000 0.250000 0.250000 
 192
0.479817 0.007507 0.046210 
0.462778 0.984660 0.462022 
0.057405 0.007832 0.491768 
0.013216 0.013216 0.960352 0.013216 
0.250000 0.250000 0.250000 0.250000 
 193
0.479817 0.007507 0.046210 
0.462778 0.984660 0.462022 
0.057405 0.007832 0.491768 
0.957390 0.013216 0.013216 0.016178 
0.250000 0.250000 0.250000 0.250000 
 194
0.479817 0.007507 0.046210 
0.462778 0.984660 0.462022 
0.057405 0.007832 0.491768 
0.013216 0.013216 0.960352 0.013216 
0.250000 0.250000 0.250000 0.250000 
 195
0.479817 0.007507 0.046210 
0.462778 0.984660 0.462022 
0.057405 0.007832 0.491768 
0.960352 0.013216 0.013216 0.013216 
0.250000 0.250000 0.250000 0.250000 
 196
0.479817 0.007507 0.046210 
0.462778 0.984660 0.462022 
0.057405 0.007832 0.491768 
0.019174 0.013216 0.954394 0.013216 
0.250000 0.250000 0.250000 0.250000 
 197
0.479817 0.007507 0.046210 
0.462778 0.984660 0.462022 
0.057405 0.007832 0.491768 
0.013216 0.013216 0.013216 0.960352 
0.250000 0.250000 0.250000 0.250000 
 198
0.479817 0.007507 0.046210 
0.462778 0.984660 0.462022 
0.057405 0.007832 0.491768 
0.960352 0.013216 0.013216 0.013216 
0.250000 0.250000 0.250000 0.250000 
 199
0.479817 0.007507 0.046210 
0.462778 0.984660 0.462022 
0.057405 0.007832 0.491768 
0.960352 0.013216 0.013216 0.013216 
0.250000 0.250000 0.250000 0.250000 
 200
0.479817 0.007507 0.046210 
0.462778 0.984660 0.462022 
0.057405 0.007832 0.491768 
0.013216 0.013216 0.013216 0.960352 
0.250000 0.250000 0.250000 0.250000 
 201
0.479817 0.007507 0.046210 
0.462778 0.984660 0.462022 
0.057405 0.007832 0.491768 
0.956977 0.016591 0.013216 0.013216 
0.250000 0.250000 0.250000 0.250000 
 202
0.479817 0.007507 0.046210 
0.462778 0.984660 0.462022 
0.057405 0.007832 0.491768 
0.013216 0.960352 0.013216 0.013216 
0.250000 0.250000 0.250000 0.250000 
 203
0.479817 0.007507 0.046210 
0.462778 0.984660 0.462022 
0.057405 0.007832 0.491768 
0.960352 0.013216 0.013216 0.013216 
0.250000 0.250000 0.250000 0.250000 
 204
0.479817 0.007507 0.046210 
0.462778 0.984660 0.462022 
0.057405 0.007832 0.491768 
0.013216 0.013216 0.013216 0.960352 
0.250000 0.250000 0.250000 0.250000 
 205
0.479817 0.007507 0.046210 
0.462778 0.984660 0.462022 
0.057405 0.007832 0.491768 
0.013216 0.960352 0.013216 0.013216 
0.250000 0.250000 0.250000 0.250000 
 206
0.479817 0.007507 0.046210 
0.462778 0.984660 0.462022 
0.057405 0.007832 0.491768 
0.013216 0.013216 0.960352 0.013216 
0.250000 0.250000 0.250000 0.250000 
 207
0.479817 0.007507 0.046210 
0.462778 0.984660 0.462022 
0.057405 0.007832 0.491768 
0.013216 0.013216 0.013216 0.960352 
0.250000 0.250000 0.250000 0.250000 
 208
0.479817 0.007507 0.046210 
0.462778 0.984660 0.462022 
0.057405 0.007832 0.491768 
0.013216 0.013216 0.960352 0.013216 
0.250000 0.250000 0.250000 0.250000 
 209
0.479817 0.007507 0.046210 
0.462778 0.984660 0.462022 
0.057405 0.007832 0.491768 
0.013216 0.013216 0.013216 0.960352 
0.250000 0.250000 0.250000 0.250000 
 210
0.479817 0.007507 0.046210 
0.462778 0.984660 0.462022 
0.057405 0.007832 0.491768 
0.957401 0.013216 0.016167 0.013216 
0.250000 0.250000 0.250000 0.250000 
 211
0.479817 0.007507 0.046210 
0.462778 0.984660 0.462022 
0.057405 0.007832 0.491768 
0.013216 0.013216 0.013216 0.960352 
0.250000 0.250000 0.250000 0.250000 
 212
0.479817 0.007507 0.046210 
0.462778 0.984660 0.462022 
0.057405 0.007832 0.491768 
0.013216 0.013216 0.013216 0.960352 
0.250000 0.250000 0.250000 0.250000 
 213
0.479817 0.007507 0.046210 
0.462778 0.984660 0.462022 
0.057405 0.007832 0.491768 
0.013216 0.960352 0.013216 0.013216 
0.250000 0.250000 0.250000 0.250000 
 214
0.479817 0.007507 0.046210 
0.462778 0.984660 0.462022 
0.057405 0.007832 0.491768 
0.013216 0.960352 0.013216 0.013216 
0.250000 0.250000 0.250000 0.250000 
 215
0.479817 0.007507 0.046210 
0.462778 0.984660 0.462022 
0.057405 0.007832 0.491768 
0.013216 0.960352 0.013216 0.013216 
0.250000 0.250000 0.250000 0.250000 
 216
0.479817 0.007507 0.046210 
0.462778 0.984660 0.462022 
0.057405 0.007832 0.491768 
0.957287 0.016281 0.013216 0.013216 
0.250000 0.250000 0.250000 0.250000 
 217
0.479817 0.007507 0.046210 
0.462778 0.984660 0.462022 
0.057405 0.007832 0.491768 
0.013216 0.960352 0.013216 0.013216 
0.250000 0.250000 0.250000 0.250000 
 218
0.479817 0.007507 0.046210 
0.462778 0.984660 0.462022 
0.057405 0.007832 0.491768 
0.960352 0.013216 0.013216 0.013216 
0.250000 0.250000 0.250000 0.250000 
 219
0.479817 0.007507 0.046210 
0.462778 0.984660 0.462022 
0.057405 0.007832 0.491768 
0.013216 0.013216 0.960352 0.013216 
0.250000 0.250000 0.250000 0.250000 
 220
0.479817 0.007507 0.046210 
0.462778 0.984660 0.462022 
0.057405 0.007832 0.491768 
0.013216 0.013216 0.960352 0.013216 
0.250000 0.250000 0.250000 0.250000 
 221
0.479817 0.007507 0.046210 
0.462778 0.984660 0.462022 
0.057405 0.007832 0.491768 
0.013216 0.013216 0.960352 0.013216 
0.250000 0.250000 0.250000 0.250000 
 222
0.479817 0.007507 0.046210 
0.462778 0.984660 0.462022 
0.057405 0.007832 0.491768 
0.013216 0.013216 0.960352 0.013216 
0.250000 0.250000 0.250000 0.250000 
 223
0.479817 0.007507 0.046210 
0.462778 0.984660 0.462022 
0.057405 0.007832 0.491768 
0.013216 0.013216 0.960352 0.013216 
0.250000 0.250000 0.250000 0.250000 
 224
0.479817 0.007507 0.046210 
0.462778 0.984660 0.462022 
0.057405 0.007832 0.491768 
0.960352 0.013216 0.013216 0.013216 
0.250000 0.250000 0.250000 0.250000 
 225
0.479817 0.007507 0.046210 
0.462778 0.984660 0.462022 
0.057405 0.007832 0.491768 
0.016269 0.957299 0.013216 0.013216 
0.250000 0.250000 0.250000 0.250000 
 226
0.479817 0.007507 0.046210 
0.462778 0.984660 0.462022 
0.057405 0.007832 0.491768 
0.013216 0.013216 0.013216 0.960352 
0.250000 0.250000 0.250000 0.250000 
 227
0.479817 0.007507 0.046210 
0.462778 0.984660 0.462022 
0.057405 0.007832 0.491768 
0.013216 0.960352 0.013216 0.013216 
0.250000 0.250000 0.250000 0.250000 
 228
0.479817 0.007507 0.046210 
0.462778 0.984660 0.462022 
0.057405 0.007832 0.491768 
0.013216 0.013216 0.016528 0.957040 
0.250000 0.250000 0.250000 0.250000 
 229
0.479817 0.007507 0.046210 
0.462778 0.984660 0.462022 
0.057405 0.007832 0.491768 
0.013251 0.960246 0.013251 0.013251 
0.250000 0.250000 0.250000 0.250000 
 230
0.479817 0.007507 0.046210 
0.462778 0.984660 0.462022 
0.057405 0.007832 0.491768 
0.960352 0.013216 0.013216 0.013216 
0.250000 0.250000 0.250000 0.250000 
 231
0.479817 0.007507 0.046210 
0.462778 0.984660 0.462022 
0.057405 0.007832 0.491768 
0.013216 0.013216 0.013216 0.960352 
0.250000 0.250000 0.250000 0.250000 
 232
0.479817 0.007507 0.046210 
0.462778 0.984660 0.462022 
0.057405 0.007832 0.491768 
0.016581 0.956987 0.013216 0.013216 
0.250000 0.250000 0.250000 0.250000 
 233
0.479817 0.007507 0.046210 
0.462778 0.984660 0.462022 
0.057405 0.007832 0.491768 
0.013251 0.960246 0.013251 0.013251 
0.250000 0.250000 0.250000 0.250000 
 234
0.479817 0.007507 0.046210 
0.462778 0.984660 0.462022 
0.057405 0.007832 0.491768 
0.013216 0.013216 0.960352 0.013216 
0.250000 0.250000 0.250000 0.250000 
 235
0.479817 0.007507 0.046210 
0.462778 0.984660 0.462022 
0.057405 0.007832 0.491768 
0.013216 0.013216 0.013216 0.960352 
