%  SAM: /scicomp/home/vfn4/nomen/label/LABEL_RES/scripts/modelfromalign_Linux v3.5 (July 15, 2005) compiled 12/08/06_16:15:55
%  (c) 1992-2001 Regents of the University of California, Santa Cruz
%
%          Sequence Alignment and Modeling Software System
%         http://www.cse.ucsc.edu/research/compbio/sam.html
%
% ----------------- Citations (SAM, SAM-T2K, HMMs) --------------------
% R. Hughey, A. Krogh, Hidden Markov models for sequence analysis:
%  Extension and analysis of the basic method, CABIOS 12:95-107, 1996.
% K. Karplus, et al., What is the value added by human intervention in protein
%  structure prediction, Proteins: Stucture, Function, Genetics 45(S5):86--91, 2001.
% A. Krogh et al., Hidden Markov models in computational biology:
%  Applications to protein modeling, JMB 235:1501-1531, Feb 1994.
% ---------------------------------------------------------------------
%  3C.2a_hmm   Host: id-dev-03    Mon Dec  2 14:47:08 2019
%  vfn4        Dir:  /scicomp/groups/OID/NCIRD/ID-OD/ID_nomenclatures/H3/training/H3v2019R1/stub3r1
% ---------------------------------------------------------------------
%  Alignment weights from internal calc.  Total (25.61) Max (0.08) Min (0.03)
%  Weights from alignment method 1 (karplus), b=-1.000000, e=0.500000
MODEL --  Model from alignment file /scicomp/home/vfn4/nomen/label/LABEL_RES/training_data/stub3/3C.2a.fasta
alphabet DNA
FREQAVE
0.000000 0.000000 0.000000 
0.000000 0.000000 0.000000 
0.000000 0.000000 0.000000 
0.344815 0.222108 0.194661 0.238416 
0.344815 0.222108 0.194661 0.238416 
Begin
0.000000 0.000000 0.000000 
0.000000 0.000000 0.000000 
0.000000 0.006385 0.491768 
0.250000 0.250000 0.250000 0.250000 
0.250000 0.250000 0.250000 0.250000 
   1
0.000000 0.021296 0.046210 
0.000000 0.972319 0.462022 
0.049456 0.006483 0.491768 
0.009623 0.009623 0.971132 0.009623 
0.250000 0.250000 0.250000 0.250000 
   2
0.544247 0.006992 0.046210 
0.406297 0.986525 0.462022 
0.049487 0.006483 0.491768 
0.971135 0.009622 0.009622 0.009622 
0.250000 0.250000 0.250000 0.250000 
   3
0.544586 0.006214 0.046210 
0.405928 0.987303 0.462022 
0.049835 0.006478 0.491768 
0.971171 0.009610 0.009610 0.009610 
0.250000 0.250000 0.250000 0.250000 
   4
0.548418 0.006209 0.046210 
0.401748 0.987313 0.462022 
0.049835 0.006478 0.491768 
0.971171 0.009610 0.009610 0.009610 
0.250000 0.250000 0.250000 0.250000 
   5
0.548418 0.006209 0.046210 
0.401748 0.987313 0.462022 
0.049835 0.006478 0.491768 
0.968225 0.012555 0.009610 0.009610 
0.250000 0.250000 0.250000 0.250000 
   6
0.548418 0.006209 0.046210 
0.401748 0.987313 0.462022 
0.049835 0.006478 0.491768 
0.957171 0.023609 0.009610 0.009610 
0.250000 0.250000 0.250000 0.250000 
   7
0.540444 0.006209 0.046210 
0.409721 0.987313 0.462022 
0.050235 0.006472 0.491768 
0.967105 0.009611 0.013673 0.009611 
0.250000 0.250000 0.250000 0.250000 
   8
0.516347 0.006204 0.046210 
0.433417 0.987324 0.462022 
0.051706 0.006452 0.491768 
0.009550 0.009550 0.009550 0.971351 
0.250000 0.250000 0.250000 0.250000 
   9
0.516498 0.006185 0.046210 
0.431796 0.987363 0.462022 
0.052491 0.006442 0.491768 
0.011054 0.009526 0.030804 0.948616 
0.250000 0.250000 0.250000 0.250000 
  10
0.524344 0.006175 0.046210 
0.423164 0.987383 0.462022 
0.052491 0.006442 0.491768 
0.009526 0.009526 0.971422 0.009526 
0.250000 0.250000 0.250000 0.250000 
  11
0.524344 0.006175 0.046210 
0.423164 0.987383 0.462022 
0.052491 0.006442 0.491768 
0.009526 0.009526 0.969491 0.011457 
0.250000 0.250000 0.250000 0.250000 
  12
0.524344 0.006175 0.046210 
0.423164 0.987383 0.462022 
0.052491 0.006442 0.491768 
0.009526 0.009526 0.012738 0.968210 
0.250000 0.250000 0.250000 0.250000 
  13
0.524344 0.006175 0.046210 
0.423164 0.987383 0.462022 
0.052491 0.006442 0.491768 
0.011576 0.969372 0.009526 0.009526 
0.250000 0.250000 0.250000 0.250000 
  14
0.524344 0.006175 0.046210 
0.423164 0.987383 0.462022 
0.052491 0.006442 0.491768 
0.012984 0.967964 0.009526 0.009526 
0.250000 0.250000 0.250000 0.250000 
  15
0.524344 0.006175 0.046210 
0.423164 0.987383 0.462022 
0.052491 0.006442 0.491768 
0.933657 0.047292 0.009526 0.009526 
0.250000 0.250000 0.250000 0.250000 
  16
0.524344 0.006175 0.046210 
0.423164 0.987383 0.462022 
0.052491 0.006442 0.491768 
0.971422 0.009526 0.009526 0.009526 
0.250000 0.250000 0.250000 0.250000 
  17
0.524344 0.006175 0.046210 
0.423164 0.987383 0.462022 
0.052491 0.006442 0.491768 
0.969085 0.011864 0.009526 0.009526 
0.250000 0.250000 0.250000 0.250000 
  18
0.516395 0.006175 0.046210 
0.431114 0.987383 0.462022 
0.052912 0.006437 0.491768 
0.009513 0.009513 0.009513 0.971460 
0.250000 0.250000 0.250000 0.250000 
  19
0.513100 0.006170 0.046210 
0.433988 0.987393 0.462022 
0.053308 0.006432 0.491768 
0.009502 0.971494 0.009502 0.009502 
0.250000 0.250000 0.250000 0.250000 
  20
0.516942 0.006165 0.046210 
0.429750 0.987403 0.462022 
0.053308 0.006432 0.491768 
0.971494 0.009502 0.009502 0.009502 
0.250000 0.250000 0.250000 0.250000 
  21
0.516942 0.006165 0.046210 
0.429750 0.987403 0.462022 
0.053308 0.006432 0.491768 
0.009502 0.009502 0.971494 0.009502 
0.250000 0.250000 0.250000 0.250000 
  22
0.516942 0.006165 0.046210 
0.429750 0.987403 0.462022 
0.053308 0.006432 0.491768 
0.968753 0.012243 0.009502 0.009502 
0.250000 0.250000 0.250000 0.250000 
  23
0.516942 0.006165 0.046210 
0.429750 0.987403 0.462022 
0.053308 0.006432 0.491768 
0.967783 0.013213 0.009502 0.009502 
0.250000 0.250000 0.250000 0.250000 
  24
0.507986 0.006165 0.046210 
0.438706 0.987403 0.462022 
0.053790 0.006426 0.491768 
0.009488 0.009488 0.011809 0.969214 
0.250000 0.250000 0.250000 0.250000 
  25
0.512577 0.006159 0.046210 
0.433633 0.987415 0.462022 
0.053790 0.006426 0.491768 
0.969979 0.011045 0.009488 0.009488 
0.250000 0.250000 0.250000 0.250000 
  26
0.512577 0.006159 0.046210 
0.433633 0.987415 0.462022 
0.053790 0.006426 0.491768 
0.012798 0.968186 0.009508 0.009508 
0.250000 0.250000 0.250000 0.250000 
  27
0.504822 0.006159 0.046210 
0.441388 0.987415 0.462022 
0.054210 0.006421 0.491768 
0.009477 0.009477 0.971570 0.009477 
0.250000 0.250000 0.250000 0.250000 
  28
0.508767 0.006155 0.046210 
0.437022 0.987425 0.462022 
0.054210 0.006421 0.491768 
0.971570 0.009477 0.009477 0.009477 
0.250000 0.250000 0.250000 0.250000 
  29
0.508767 0.006155 0.046210 
0.437022 0.987425 0.462022 
0.054210 0.006421 0.491768 
0.009477 0.009477 0.893538 0.087509 
0.250000 0.250000 0.250000 0.250000 
  30
0.508767 0.006155 0.046210 
0.437022 0.987425 0.462022 
0.054210 0.006421 0.491768 
0.009477 0.964931 0.009477 0.016116 
0.250000 0.250000 0.250000 0.250000 
  31
0.508767 0.006155 0.046210 
0.437022 0.987425 0.462022 
0.054210 0.006421 0.491768 
0.009477 0.971570 0.009477 0.009477 
0.250000 0.250000 0.250000 0.250000 
  32
0.508767 0.006155 0.046210 
0.437022 0.987425 0.462022 
0.054210 0.006421 0.491768 
0.009477 0.009477 0.971570 0.009477 
0.250000 0.250000 0.250000 0.250000 
  33
0.508767 0.006155 0.046210 
0.437022 0.987425 0.462022 
0.054210 0.006421 0.491768 
0.956532 0.024515 0.009477 0.009477 
0.250000 0.250000 0.250000 0.250000 
  34
0.508767 0.006155 0.046210 
0.437022 0.987425 0.462022 
0.054210 0.006421 0.491768 
0.971570 0.009477 0.009477 0.009477 
0.250000 0.250000 0.250000 0.250000 
  35
0.508767 0.006155 0.046210 
0.437022 0.987425 0.462022 
0.054210 0.006421 0.491768 
0.009477 0.009477 0.969873 0.011174 
0.250000 0.250000 0.250000 0.250000 
  36
0.508767 0.006155 0.046210 
0.437022 0.987425 0.462022 
0.054210 0.006421 0.491768 
0.022705 0.956636 0.011182 0.009477 
0.250000 0.250000 0.250000 0.250000 
  37
0.508767 0.006155 0.046210 
0.437022 0.987425 0.462022 
0.054210 0.006421 0.491768 
0.009477 0.009477 0.940876 0.040171 
0.250000 0.250000 0.250000 0.250000 
  38
0.508767 0.006155 0.046210 
0.437022 0.987425 0.462022 
0.054210 0.006421 0.491768 
0.009477 0.009477 0.009477 0.971570 
0.250000 0.250000 0.250000 0.250000 
  39
0.508767 0.006155 0.046210 
0.437022 0.987425 0.462022 
0.054210 0.006421 0.491768 
0.009477 0.971570 0.009477 0.009477 
0.250000 0.250000 0.250000 0.250000 
  40
0.508767 0.006155 0.046210 
0.437022 0.987425 0.462022 
0.054210 0.006421 0.491768 
0.009477 0.009477 0.009477 0.971570 
0.250000 0.250000 0.250000 0.250000 
  41
0.501091 0.006155 0.046210 
0.444699 0.987425 0.462022 
0.054630 0.006416 0.491768 
0.009465 0.971605 0.009465 0.009465 
0.250000 0.250000 0.250000 0.250000 
  42
0.504967 0.006150 0.046210 
0.440403 0.987434 0.462022 
0.054630 0.006416 0.491768 
0.009465 0.009465 0.970113 0.010957 
0.250000 0.250000 0.250000 0.250000 
  43
0.504967 0.006150 0.046210 
0.440403 0.987434 0.462022 
0.054630 0.006416 0.491768 
0.009465 0.009465 0.971605 0.009465 
0.250000 0.250000 0.250000 0.250000 
  44
0.504967 0.006150 0.046210 
0.440403 0.987434 0.462022 
0.054630 0.006416 0.491768 
0.009465 0.009465 0.009465 0.971605 
0.250000 0.250000 0.250000 0.250000 
  45
0.504967 0.006150 0.046210 
0.440403 0.987434 0.462022 
0.054630 0.006416 0.491768 
0.009465 0.009465 0.012816 0.968254 
0.250000 0.250000 0.250000 0.250000 
  46
0.488192 0.006150 0.046210 
0.457179 0.987434 0.462022 
0.055562 0.006405 0.491768 
0.009440 0.971679 0.009440 0.009440 
0.250000 0.250000 0.250000 0.250000 
  47
0.496521 0.006140 0.046210 
0.447917 0.987455 0.462022 
0.055562 0.006405 0.491768 
0.009440 0.971679 0.009440 0.009440 
0.250000 0.250000 0.250000 0.250000 
  48
0.496521 0.006140 0.046210 
0.447917 0.987455 0.462022 
0.055562 0.006405 0.491768 
0.030795 0.950324 0.009440 0.009440 
0.250000 0.250000 0.250000 0.250000 
  49
0.496521 0.006140 0.046210 
0.447917 0.987455 0.462022 
0.055562 0.006405 0.491768 
0.009440 0.009440 0.971679 0.009440 
0.250000 0.250000 0.250000 0.250000 
  50
0.496521 0.006140 0.046210 
0.447917 0.987455 0.462022 
0.055562 0.006405 0.491768 
0.971679 0.009440 0.009440 0.009440 
0.250000 0.250000 0.250000 0.250000 
  51
0.496521 0.006140 0.046210 
0.447917 0.987455 0.462022 
0.055562 0.006405 0.491768 
0.009440 0.009440 0.969856 0.011263 
0.250000 0.250000 0.250000 0.250000 
  52
0.496521 0.006140 0.046210 
0.447917 0.987455 0.462022 
0.055562 0.006405 0.491768 
0.009440 0.009440 0.968571 0.012549 
0.250000 0.250000 0.250000 0.250000 
  53
0.496521 0.006140 0.046210 
0.447917 0.987455 0.462022 
0.055562 0.006405 0.491768 
0.971679 0.009440 0.009440 0.009440 
0.250000 0.250000 0.250000 0.250000 
  54
0.496521 0.006140 0.046210 
0.447917 0.987455 0.462022 
0.055562 0.006405 0.491768 
0.009440 0.009440 0.009440 0.971679 
0.250000 0.250000 0.250000 0.250000 
  55
0.496521 0.006140 0.046210 
0.447917 0.987455 0.462022 
0.055562 0.006405 0.491768 
0.009440 0.971679 0.009440 0.009440 
0.250000 0.250000 0.250000 0.250000 
  56
0.496521 0.006140 0.046210 
0.447917 0.987455 0.462022 
0.055562 0.006405 0.491768 
0.009440 0.009440 0.971679 0.009440 
0.250000 0.250000 0.250000 0.250000 
  57
0.496521 0.006140 0.046210 
0.447917 0.987455 0.462022 
0.055562 0.006405 0.491768 
0.971679 0.009440 0.009440 0.009440 
0.250000 0.250000 0.250000 0.250000 
  58
0.496521 0.006140 0.046210 
0.447917 0.987455 0.462022 
0.055562 0.006405 0.491768 
0.009440 0.971679 0.009440 0.009440 
0.250000 0.250000 0.250000 0.250000 
  59
0.496521 0.006140 0.046210 
0.447917 0.987455 0.462022 
0.055562 0.006405 0.491768 
0.009440 0.009440 0.009440 0.971679 
0.250000 0.250000 0.250000 0.250000 
  60
0.496521 0.006140 0.046210 
0.447917 0.987455 0.462022 
0.055562 0.006405 0.491768 
0.949123 0.031996 0.009440 0.009440 
0.250000 0.250000 0.250000 0.250000 
  61
0.496521 0.006140 0.046210 
0.447917 0.987455 0.462022 
0.055562 0.006405 0.491768 
0.009440 0.009440 0.971679 0.009440 
0.250000 0.250000 0.250000 0.250000 
  62
0.496521 0.006140 0.046210 
0.447917 0.987455 0.462022 
0.055562 0.006405 0.491768 
0.012661 0.009440 0.968459 0.009440 
0.250000 0.250000 0.250000 0.250000 
  63
0.496521 0.006140 0.046210 
0.447917 0.987455 0.462022 
0.055562 0.006405 0.491768 
0.967671 0.009440 0.013448 0.009440 
0.250000 0.250000 0.250000 0.250000 
  64
0.496521 0.006140 0.046210 
0.447917 0.987455 0.462022 
0.055562 0.006405 0.491768 
0.971679 0.009440 0.009440 0.009440 
0.250000 0.250000 0.250000 0.250000 
  65
0.496521 0.006140 0.046210 
0.447917 0.987455 0.462022 
0.055562 0.006405 0.491768 
0.971644 0.009452 0.009452 0.009452 
0.250000 0.250000 0.250000 0.250000 
  66
0.496521 0.006140 0.046210 
0.447917 0.987455 0.462022 
0.055562 0.006405 0.491768 
0.009440 0.009440 0.961458 0.019661 
0.250000 0.250000 0.250000 0.250000 
  67
0.496521 0.006140 0.046210 
0.447917 0.987455 0.462022 
0.055562 0.006405 0.491768 
0.009440 0.971679 0.009440 0.009440 
0.250000 0.250000 0.250000 0.250000 
  68
0.496521 0.006140 0.046210 
0.447917 0.987455 0.462022 
0.055562 0.006405 0.491768 
0.009440 0.971679 0.009440 0.009440 
0.250000 0.250000 0.250000 0.250000 
  69
0.496521 0.006140 0.046210 
0.447917 0.987455 0.462022 
0.055562 0.006405 0.491768 
0.969620 0.011499 0.009440 0.009440 
0.250000 0.250000 0.250000 0.250000 
  70
0.488337 0.006140 0.046210 
0.456101 0.987455 0.462022 
0.056020 0.006400 0.491768 
0.971714 0.009429 0.009429 0.009429 
0.250000 0.250000 0.250000 0.250000 
  71
0.492367 0.006135 0.046210 
0.451613 0.987465 0.462022 
0.056020 0.006400 0.491768 
0.009429 0.009429 0.971714 0.009429 
0.250000 0.250000 0.250000 0.250000 
  72
0.492367 0.006135 0.046210 
0.451613 0.987465 0.462022 
0.056020 0.006400 0.491768 
0.027523 0.953620 0.009429 0.009429 
0.250000 0.250000 0.250000 0.250000 
  73
0.492367 0.006135 0.046210 
0.451613 0.987465 0.462022 
0.056020 0.006400 0.491768 
0.963514 0.017629 0.009429 0.009429 
0.250000 0.250000 0.250000 0.250000 
  74
0.492367 0.006135 0.046210 
0.451613 0.987465 0.462022 
0.056020 0.006400 0.491768 
0.009429 0.009429 0.011256 0.969887 
0.250000 0.250000 0.250000 0.250000 
  75
0.492367 0.006135 0.046210 
0.451613 0.987465 0.462022 
0.056020 0.006400 0.491768 
0.971714 0.009429 0.009429 0.009429 
0.250000 0.250000 0.250000 0.250000 
  76
0.492367 0.006135 0.046210 
0.451613 0.987465 0.462022 
0.056020 0.006400 0.491768 
0.009429 0.971714 0.009429 0.009429 
0.250000 0.250000 0.250000 0.250000 
  77
0.492367 0.006135 0.046210 
0.451613 0.987465 0.462022 
0.056020 0.006400 0.491768 
0.009429 0.009429 0.009429 0.971714 
0.250000 0.250000 0.250000 0.250000 
  78
0.476190 0.006135 0.046210 
0.467790 0.987465 0.462022 
0.056941 0.006390 0.491768 
0.028367 0.951289 0.009405 0.010938 
0.250000 0.250000 0.250000 0.250000 
  79
0.484020 0.006125 0.046210 
0.459039 0.987485 0.462022 
0.056941 0.006390 0.491768 
0.971784 0.009405 0.009405 0.009405 
0.250000 0.250000 0.250000 0.250000 
  80
0.484020 0.006125 0.046210 
0.459039 0.987485 0.462022 
0.056941 0.006390 0.491768 
0.971784 0.009405 0.009405 0.009405 
0.250000 0.250000 0.250000 0.250000 
  81
0.484020 0.006125 0.046210 
0.459039 0.987485 0.462022 
0.056941 0.006390 0.491768 
0.967412 0.013777 0.009405 0.009405 
0.250000 0.250000 0.250000 0.250000 
  82
0.484020 0.006125 0.046210 
0.459039 0.987485 0.462022 
0.056941 0.006390 0.491768 
0.971784 0.009405 0.009405 0.009405 
0.250000 0.250000 0.250000 0.250000 
  83
0.484020 0.006125 0.046210 
0.459039 0.987485 0.462022 
0.056941 0.006390 0.491768 
0.009405 0.009405 0.971784 0.009405 
0.250000 0.250000 0.250000 0.250000 
  84
0.484020 0.006125 0.046210 
0.459039 0.987485 0.462022 
0.056941 0.006390 0.491768 
0.970040 0.011149 0.009405 0.009405 
0.250000 0.250000 0.250000 0.250000 
  85
0.484020 0.006125 0.046210 
0.459039 0.987485 0.462022 
0.056941 0.006390 0.491768 
0.971784 0.009405 0.009405 0.009405 
0.250000 0.250000 0.250000 0.250000 
  86
0.484020 0.006125 0.046210 
0.459039 0.987485 0.462022 
0.056941 0.006390 0.491768 
0.009405 0.009405 0.009405 0.971784 
0.250000 0.250000 0.250000 0.250000 
  87
0.484020 0.006125 0.046210 
0.459039 0.987485 0.462022 
0.056941 0.006390 0.491768 
0.009405 0.009405 0.971784 0.009405 
0.250000 0.250000 0.250000 0.250000 
  88
0.484020 0.006125 0.046210 
0.459039 0.987485 0.462022 
0.056941 0.006390 0.491768 
0.971784 0.009405 0.009405 0.009405 
0.250000 0.250000 0.250000 0.250000 
  89
0.484020 0.006125 0.046210 
0.459039 0.987485 0.462022 
0.056941 0.006390 0.491768 
0.009405 0.009405 0.971784 0.009405 
0.250000 0.250000 0.250000 0.250000 
  90
0.484020 0.006125 0.046210 
0.459039 0.987485 0.462022 
0.056941 0.006390 0.491768 
0.966082 0.015107 0.009405 0.009405 
0.250000 0.250000 0.250000 0.250000 
  91
0.484020 0.006125 0.046210 
0.459039 0.987485 0.462022 
0.056941 0.006390 0.491768 
0.966475 0.014714 0.009405 0.009405 
0.250000 0.250000 0.250000 0.250000 
  92
0.484020 0.006125 0.046210 
0.459039 0.987485 0.462022 
0.056941 0.006390 0.491768 
0.958766 0.022423 0.009405 0.009405 
0.250000 0.250000 0.250000 0.250000 
  93
0.484020 0.006125 0.046210 
0.459039 0.987485 0.462022 
0.056941 0.006390 0.491768 
0.009405 0.009405 0.009405 0.971784 
0.250000 0.250000 0.250000 0.250000 
  94
0.484020 0.006125 0.046210 
0.459039 0.987485 0.462022 
0.056941 0.006390 0.491768 
0.010979 0.970210 0.009405 0.009405 
0.250000 0.250000 0.250000 0.250000 
  95
0.484020 0.006125 0.046210 
0.459039 0.987485 0.462022 
0.056941 0.006390 0.491768 
0.971784 0.009405 0.009405 0.009405 
0.250000 0.250000 0.250000 0.250000 
  96
0.484020 0.006125 0.046210 
0.459039 0.987485 0.462022 
0.056941 0.006390 0.491768 
0.009405 0.010825 0.968835 0.010935 
0.250000 0.250000 0.250000 0.250000 
  97
0.484020 0.006125 0.046210 
0.459039 0.987485 0.462022 
0.056941 0.006390 0.491768 
0.009405 0.009405 0.971784 0.009405 
0.250000 0.250000 0.250000 0.250000 
  98
0.484020 0.006125 0.046210 
0.459039 0.987485 0.462022 
0.056941 0.006390 0.491768 
0.029826 0.951363 0.009405 0.009405 
0.250000 0.250000 0.250000 0.250000 
  99
0.484020 0.006125 0.046210 
0.459039 0.987485 0.462022 
0.056941 0.006390 0.491768 
0.966964 0.014225 0.009405 0.009405 
0.250000 0.250000 0.250000 0.250000 
 100
0.484020 0.006125 0.046210 
0.459039 0.987485 0.462022 
0.056941 0.006390 0.491768 
0.968947 0.012242 0.009405 0.009405 
0.250000 0.250000 0.250000 0.250000 
 101
0.484020 0.006125 0.046210 
0.459039 0.987485 0.462022 
0.056941 0.006390 0.491768 
0.009405 0.009405 0.009405 0.971784 
0.250000 0.250000 0.250000 0.250000 
 102
0.475941 0.006125 0.046210 
0.467118 0.987485 0.462022 
0.057405 0.006385 0.491768 
0.009394 0.009394 0.009394 0.971818 
0.250000 0.250000 0.250000 0.250000 
 103
0.479817 0.006120 0.046210 
0.462778 0.987495 0.462022 
0.057405 0.006385 0.491768 
0.009394 0.971818 0.009394 0.009394 
0.250000 0.250000 0.250000 0.250000 
 104
0.479817 0.006120 0.046210 
0.462778 0.987495 0.462022 
0.057405 0.006385 0.491768 
0.971818 0.009394 0.009394 0.009394 
0.250000 0.250000 0.250000 0.250000 
 105
0.479817 0.006120 0.046210 
0.462778 0.987495 0.462022 
0.057405 0.006385 0.491768 
0.971818 0.009394 0.009394 0.009394 
0.250000 0.250000 0.250000 0.250000 
 106
0.479817 0.006120 0.046210 
0.462778 0.987495 0.462022 
0.057405 0.006385 0.491768 
0.009394 0.971818 0.009394 0.009394 
0.250000 0.250000 0.250000 0.250000 
 107
0.479817 0.006120 0.046210 
0.462778 0.987495 0.462022 
0.057405 0.006385 0.491768 
0.009394 0.009394 0.009394 0.971818 
0.250000 0.250000 0.250000 0.250000 
 108
0.479817 0.006120 0.046210 
0.462778 0.987495 0.462022 
0.057405 0.006385 0.491768 
0.009394 0.009394 0.012708 0.968504 
0.250000 0.250000 0.250000 0.250000 
 109
0.479817 0.006120 0.046210 
0.462778 0.987495 0.462022 
0.057405 0.006385 0.491768 
0.971818 0.009394 0.009394 0.009394 
0.250000 0.250000 0.250000 0.250000 
 110
0.479817 0.006120 0.046210 
0.462778 0.987495 0.462022 
0.057405 0.006385 0.491768 
0.009394 0.009394 0.971818 0.009394 
0.250000 0.250000 0.250000 0.250000 
 111
0.479817 0.006120 0.046210 
0.462778 0.987495 0.462022 
0.057405 0.006385 0.491768 
0.009394 0.009394 0.014735 0.966477 
0.250000 0.250000 0.250000 0.250000 
 112
0.479817 0.006120 0.046210 
0.462778 0.987495 0.462022 
0.057405 0.006385 0.491768 
0.971818 0.009394 0.009394 0.009394 
0.250000 0.250000 0.250000 0.250000 
 113
0.479817 0.006120 0.046210 
0.462778 0.987495 0.462022 
0.057405 0.006385 0.491768 
0.971818 0.009394 0.009394 0.009394 
0.250000 0.250000 0.250000 0.250000 
 114
0.479817 0.006120 0.046210 
0.462778 0.987495 0.462022 
0.057405 0.006385 0.491768 
0.009394 0.009394 0.009394 0.971818 
0.250000 0.250000 0.250000 0.250000 
 115
0.479817 0.006120 0.046210 
0.462778 0.987495 0.462022 
0.057405 0.006385 0.491768 
0.009394 0.971818 0.009394 0.009394 
0.250000 0.250000 0.250000 0.250000 
 116
0.479817 0.006120 0.046210 
0.462778 0.987495 0.462022 
0.057405 0.006385 0.491768 
0.009394 0.009394 0.971818 0.009394 
0.250000 0.250000 0.250000 0.250000 
 117
0.479817 0.006120 0.046210 
0.462778 0.987495 0.462022 
0.057405 0.006385 0.491768 
0.014048 0.009394 0.009394 0.967164 
0.250000 0.250000 0.250000 0.250000 
 118
0.479817 0.006120 0.046210 
0.462778 0.987495 0.462022 
0.057405 0.006385 0.491768 
0.971818 0.009394 0.009394 0.009394 
0.250000 0.250000 0.250000 0.250000 
 119
0.479817 0.006120 0.046210 
0.462778 0.987495 0.462022 
0.057405 0.006385 0.491768 
0.009394 0.009394 0.971818 0.009394 
0.250000 0.250000 0.250000 0.250000 
 120
0.479817 0.006120 0.046210 
0.462778 0.987495 0.462022 
0.057405 0.006385 0.491768 
0.009394 0.009394 0.009394 0.971818 
0.250000 0.250000 0.250000 0.250000 
 121
0.479817 0.006120 0.046210 
0.462778 0.987495 0.462022 
0.057405 0.006385 0.491768 
0.009394 0.971818 0.009394 0.009394 
0.250000 0.250000 0.250000 0.250000 
 122
0.479817 0.006120 0.046210 
0.462778 0.987495 0.462022 
0.057405 0.006385 0.491768 
0.971818 0.009394 0.009394 0.009394 
0.250000 0.250000 0.250000 0.250000 
 123
0.479817 0.006120 0.046210 
0.462778 0.987495 0.462022 
0.057405 0.006385 0.491768 
0.031489 0.949722 0.009394 0.009394 
0.250000 0.250000 0.250000 0.250000 
 124
0.479817 0.006120 0.046210 
0.462778 0.987495 0.462022 
0.057405 0.006385 0.491768 
0.009408 0.009408 0.596605 0.384579 
0.250000 0.250000 0.250000 0.250000 
 125
0.479817 0.006120 0.046210 
0.462778 0.987495 0.462022 
0.057405 0.006385 0.491768 
0.009394 0.009394 0.009394 0.971818 
0.250000 0.250000 0.250000 0.250000 
 126
0.479817 0.006120 0.046210 
0.462778 0.987495 0.462022 
0.057405 0.006385 0.491768 
0.016161 0.965051 0.009394 0.009394 
0.250000 0.250000 0.250000 0.250000 
 127
0.479817 0.006120 0.046210 
0.462778 0.987495 0.462022 
0.057405 0.006385 0.491768 
0.009394 0.971818 0.009394 0.009394 
0.250000 0.250000 0.250000 0.250000 
 128
0.479817 0.006120 0.046210 
0.462778 0.987495 0.462022 
0.057405 0.006385 0.491768 
0.009394 0.009394 0.009394 0.971818 
0.250000 0.250000 0.250000 0.250000 
 129
0.479817 0.006120 0.046210 
0.462778 0.987495 0.462022 
0.057405 0.006385 0.491768 
0.009394 0.009394 0.014408 0.966804 
0.250000 0.250000 0.250000 0.250000 
 130
0.479817 0.006120 0.046210 
0.462778 0.987495 0.462022 
0.057405 0.006385 0.491768 
0.009394 0.009394 0.971818 0.009394 
0.250000 0.250000 0.250000 0.250000 
 131
0.479817 0.006120 0.046210 
0.462778 0.987495 0.462022 
0.057405 0.006385 0.491768 
0.971818 0.009394 0.009394 0.009394 
0.250000 0.250000 0.250000 0.250000 
 132
0.479817 0.006120 0.046210 
0.462778 0.987495 0.462022 
0.057405 0.006385 0.491768 
0.013190 0.968022 0.009394 0.009394 
0.250000 0.250000 0.250000 0.250000 
 133
0.479817 0.006120 0.046210 
0.462778 0.987495 0.462022 
0.057405 0.006385 0.491768 
0.971818 0.009394 0.009394 0.009394 
0.250000 0.250000 0.250000 0.250000 
 134
0.479817 0.006120 0.046210 
0.462778 0.987495 0.462022 
0.057405 0.006385 0.491768 
0.971818 0.009394 0.009394 0.009394 
0.250000 0.250000 0.250000 0.250000 
 135
0.479817 0.006120 0.046210 
0.462778 0.987495 0.462022 
0.057405 0.006385 0.491768 
0.009407 0.009407 0.034277 0.946910 
0.250000 0.250000 0.250000 0.250000 
 136
0.479817 0.006120 0.046210 
0.462778 0.987495 0.462022 
0.057405 0.006385 0.491768 
0.009394 0.009394 0.009394 0.971818 
0.250000 0.250000 0.250000 0.250000 
 137
0.479817 0.006120 0.046210 
0.462778 0.987495 0.462022 
0.057405 0.006385 0.491768 
0.009394 0.009394 0.970169 0.011042 
0.250000 0.250000 0.250000 0.250000 
 138
0.479817 0.006120 0.046210 
0.462778 0.987495 0.462022 
0.057405 0.006385 0.491768 
0.009394 0.009394 0.968162 0.013050 
0.250000 0.250000 0.250000 0.250000 
 139
0.479817 0.006120 0.046210 
0.462778 0.987495 0.462022 
0.057405 0.006385 0.491768 
0.014669 0.009394 0.009394 0.966543 
0.250000 0.250000 0.250000 0.250000 
 140
0.479817 0.006120 0.046210 
0.462778 0.987495 0.462022 
0.057405 0.006385 0.491768 
0.009394 0.009394 0.971818 0.009394 
0.250000 0.250000 0.250000 0.250000 
 141
0.479817 0.006120 0.046210 
0.462778 0.987495 0.462022 
0.057405 0.006385 0.491768 
0.969446 0.009394 0.009394 0.011766 
0.250000 0.250000 0.250000 0.250000 
 142
0.479817 0.006120 0.046210 
0.462778 0.987495 0.462022 
0.057405 0.006385 0.491768 
0.971818 0.009394 0.009394 0.009394 
0.250000 0.250000 0.250000 0.250000 
 143
0.479817 0.006120 0.046210 
0.462778 0.987495 0.462022 
0.057405 0.006385 0.491768 
0.009394 0.009394 0.012918 0.968294 
0.250000 0.250000 0.250000 0.250000 
 144
0.479817 0.006120 0.046210 
0.462778 0.987495 0.462022 
0.057405 0.006385 0.491768 
0.971818 0.009394 0.009394 0.009394 
0.250000 0.250000 0.250000 0.250000 
 145
0.479817 0.006120 0.046210 
0.462778 0.987495 0.462022 
0.057405 0.006385 0.491768 
0.009394 0.970027 0.009394 0.011185 
0.250000 0.250000 0.250000 0.250000 
 146
0.479817 0.006120 0.046210 
0.462778 0.987495 0.462022 
0.057405 0.006385 0.491768 
0.011107 0.970080 0.009406 0.009406 
0.250000 0.250000 0.250000 0.250000 
 147
0.479817 0.006120 0.046210 
0.462778 0.987495 0.462022 
0.057405 0.006385 0.491768 
0.013975 0.009394 0.010886 0.965744 
0.250000 0.250000 0.250000 0.250000 
 148
0.479817 0.006120 0.046210 
0.462778 0.987495 0.462022 
0.057405 0.006385 0.491768 
0.009394 0.971818 0.009394 0.009394 
0.250000 0.250000 0.250000 0.250000 
 149
0.479817 0.006120 0.046210 
0.462778 0.987495 0.462022 
0.057405 0.006385 0.491768 
0.971818 0.009394 0.009394 0.009394 
0.250000 0.250000 0.250000 0.250000 
 150
0.479817 0.006120 0.046210 
0.462778 0.987495 0.462022 
0.057405 0.006385 0.491768 
0.964557 0.016655 0.009394 0.009394 
0.250000 0.250000 0.250000 0.250000 
 151
0.479817 0.006120 0.046210 
0.462778 0.987495 0.462022 
0.057405 0.006385 0.491768 
0.971818 0.009394 0.009394 0.009394 
0.250000 0.250000 0.250000 0.250000 
 152
0.479817 0.006120 0.046210 
0.462778 0.987495 0.462022 
0.057405 0.006385 0.491768 
0.009394 0.009394 0.009394 0.971818 
0.250000 0.250000 0.250000 0.250000 
 153
0.479817 0.006120 0.046210 
0.462778 0.987495 0.462022 
0.057405 0.006385 0.491768 
0.970337 0.010875 0.009394 0.009394 
0.250000 0.250000 0.250000 0.250000 
 154
0.479817 0.006120 0.046210 
0.462778 0.987495 0.462022 
0.057405 0.006385 0.491768 
0.009394 0.009394 0.009394 0.971818 
0.250000 0.250000 0.250000 0.250000 
 155
0.479817 0.006120 0.046210 
0.462778 0.987495 0.462022 
0.057405 0.006385 0.491768 
0.009394 0.971818 0.009394 0.009394 
0.250000 0.250000 0.250000 0.250000 
 156
0.479817 0.006120 0.046210 
0.462778 0.987495 0.462022 
0.057405 0.006385 0.491768 
0.009394 0.009394 0.971818 0.009394 
0.250000 0.250000 0.250000 0.250000 
 157
0.479817 0.006120 0.046210 
0.462778 0.987495 0.462022 
0.057405 0.006385 0.491768 
0.056089 0.925123 0.009394 0.009394 
0.250000 0.250000 0.250000 0.250000 
 158
0.479817 0.006120 0.046210 
0.462778 0.987495 0.462022 
0.057405 0.006385 0.491768 
0.970215 0.010997 0.009394 0.009394 
0.250000 0.250000 0.250000 0.250000 
 159
0.479817 0.006120 0.046210 
0.462778 0.987495 0.462022 
0.057405 0.006385 0.491768 
0.012157 0.009394 0.966332 0.012117 
0.250000 0.250000 0.250000 0.250000 
 160
0.479817 0.006120 0.046210 
0.462778 0.987495 0.462022 
0.057405 0.006385 0.491768 
0.970222 0.010990 0.009394 0.009394 
0.250000 0.250000 0.250000 0.250000 
 161
0.479817 0.006120 0.046210 
0.462778 0.987495 0.462022 
0.057405 0.006385 0.491768 
0.011905 0.969307 0.009394 0.009394 
0.250000 0.250000 0.250000 0.250000 
 162
0.479817 0.006120 0.046210 
0.462778 0.987495 0.462022 
0.057405 0.006385 0.491768 
0.009394 0.009394 0.013800 0.967411 
0.250000 0.250000 0.250000 0.250000 
 163
0.479817 0.006120 0.046210 
0.462778 0.987495 0.462022 
0.057405 0.006385 0.491768 
0.009394 0.009394 0.971818 0.009394 
0.250000 0.250000 0.250000 0.250000 
 164
0.479817 0.006120 0.046210 
0.462778 0.987495 0.462022 
0.057405 0.006385 0.491768 
0.009394 0.009394 0.971818 0.009394 
0.250000 0.250000 0.250000 0.250000 
 165
0.479817 0.006120 0.046210 
0.462778 0.987495 0.462022 
0.057405 0.006385 0.491768 
0.009394 0.009394 0.014201 0.967011 
0.250000 0.250000 0.250000 0.250000 
 166
0.479817 0.006120 0.046210 
0.462778 0.987495 0.462022 
0.057405 0.006385 0.491768 
0.009394 0.009394 0.967011 0.014201 
0.250000 0.250000 0.250000 0.250000 
 167
0.479817 0.006120 0.046210 
0.462778 0.987495 0.462022 
0.057405 0.006385 0.491768 
0.971818 0.009394 0.009394 0.009394 
0.250000 0.250000 0.250000 0.250000 
 168
0.479817 0.006120 0.046210 
0.462778 0.987495 0.462022 
0.057405 0.006385 0.491768 
0.009394 0.009394 0.026716 0.954495 
0.250000 0.250000 0.250000 0.250000 
 169
0.479817 0.006120 0.046210 
0.462778 0.987495 0.462022 
0.057405 0.006385 0.491768 
0.010954 0.009394 0.970258 0.009394 
0.250000 0.250000 0.250000 0.250000 
 170
0.479817 0.006120 0.046210 
0.462778 0.987495 0.462022 
0.057405 0.006385 0.491768 
0.971818 0.009394 0.009394 0.009394 
0.250000 0.250000 0.250000 0.250000 
 171
0.479817 0.006120 0.046210 
0.462778 0.987495 0.462022 
0.057405 0.006385 0.491768 
0.043526 0.937686 0.009394 0.009394 
0.250000 0.250000 0.250000 0.250000 
 172
0.479817 0.006120 0.046210 
0.462778 0.987495 0.462022 
0.057405 0.006385 0.491768 
0.970303 0.010909 0.009394 0.009394 
0.250000 0.250000 0.250000 0.250000 
 173
0.479817 0.006120 0.046210 
0.462778 0.987495 0.462022 
0.057405 0.006385 0.491768 
0.009394 0.009394 0.009394 0.971818 
0.250000 0.250000 0.250000 0.250000 
 174
0.479817 0.006120 0.046210 
0.462778 0.987495 0.462022 
0.057405 0.006385 0.491768 
0.009394 0.009394 0.968379 0.012833 
0.250000 0.250000 0.250000 0.250000 
 175
0.479817 0.006120 0.046210 
0.462778 0.987495 0.462022 
0.057405 0.006385 0.491768 
0.009394 0.009394 0.971818 0.009394 
0.250000 0.250000 0.250000 0.250000 
 176
0.479817 0.006120 0.046210 
0.462778 0.987495 0.462022 
0.057405 0.006385 0.491768 
0.009394 0.009394 0.009394 0.971818 
0.250000 0.250000 0.250000 0.250000 
 177
0.479817 0.006120 0.046210 
0.462778 0.987495 0.462022 
0.057405 0.006385 0.491768 
0.009394 0.009394 0.009394 0.971818 
0.250000 0.250000 0.250000 0.250000 
 178
0.479817 0.006120 0.046210 
0.462778 0.987495 0.462022 
0.057405 0.006385 0.491768 
0.009394 0.971818 0.009394 0.009394 
0.250000 0.250000 0.250000 0.250000 
 179
0.479817 0.006120 0.046210 
0.462778 0.987495 0.462022 
0.057405 0.006385 0.491768 
0.971818 0.009394 0.009394 0.009394 
0.250000 0.250000 0.250000 0.250000 
 180
0.479817 0.006120 0.046210 
0.462778 0.987495 0.462022 
0.057405 0.006385 0.491768 
0.009394 0.009394 0.009394 0.971818 
0.250000 0.250000 0.250000 0.250000 
 181
0.479817 0.006120 0.046210 
0.462778 0.987495 0.462022 
0.057405 0.006385 0.491768 
0.009394 0.971818 0.009394 0.009394 
0.250000 0.250000 0.250000 0.250000 
 182
0.479817 0.006120 0.046210 
0.462778 0.987495 0.462022 
0.057405 0.006385 0.491768 
0.009394 0.971818 0.009394 0.009394 
0.250000 0.250000 0.250000 0.250000 
 183
0.479817 0.006120 0.046210 
0.462778 0.987495 0.462022 
0.057405 0.006385 0.491768 
0.955495 0.023593 0.009394 0.011518 
0.250000 0.250000 0.250000 0.250000 
 184
0.479817 0.006120 0.046210 
0.462778 0.987495 0.462022 
0.057405 0.006385 0.491768 
0.016684 0.964528 0.009394 0.009394 
0.250000 0.250000 0.250000 0.250000 
 185
0.479817 0.006120 0.046210 
0.462778 0.987495 0.462022 
0.057405 0.006385 0.491768 
0.962776 0.018436 0.009394 0.009394 
0.250000 0.250000 0.250000 0.250000 
 186
0.479817 0.006120 0.046210 
0.462778 0.987495 0.462022 
0.057405 0.006385 0.491768 
0.961016 0.020168 0.009408 0.009408 
0.250000 0.250000 0.250000 0.250000 
 187
0.479817 0.006120 0.046210 
0.462778 0.987495 0.462022 
0.057405 0.006385 0.491768 
0.971818 0.009394 0.009394 0.009394 
0.250000 0.250000 0.250000 0.250000 
 188
0.479817 0.006120 0.046210 
0.462778 0.987495 0.462022 
0.057405 0.006385 0.491768 
0.971818 0.009394 0.009394 0.009394 
0.250000 0.250000 0.250000 0.250000 
 189
0.479817 0.006120 0.046210 
0.462778 0.987495 0.462022 
0.057405 0.006385 0.491768 
0.009406 0.009406 0.960674 0.020514 
0.250000 0.250000 0.250000 0.250000 
 190
0.479817 0.006120 0.046210 
0.462778 0.987495 0.462022 
0.057405 0.006385 0.491768 
0.009394 0.009394 0.009394 0.971818 
0.250000 0.250000 0.250000 0.250000 
 191
0.479817 0.006120 0.046210 
0.462778 0.987495 0.462022 
0.057405 0.006385 0.491768 
0.009394 0.971818 0.009394 0.009394 
0.250000 0.250000 0.250000 0.250000 
 192
0.479817 0.006120 0.046210 
0.462778 0.987495 0.462022 
0.057405 0.006385 0.491768 
0.009394 0.009394 0.968035 0.013177 
0.250000 0.250000 0.250000 0.250000 
 193
0.479817 0.006120 0.046210 
0.462778 0.987495 0.462022 
0.057405 0.006385 0.491768 
0.971818 0.009394 0.009394 0.009394 
0.250000 0.250000 0.250000 0.250000 
 194
0.479817 0.006120 0.046210 
0.462778 0.987495 0.462022 
0.057405 0.006385 0.491768 
0.009394 0.009394 0.971818 0.009394 
0.250000 0.250000 0.250000 0.250000 
 195
0.479817 0.006120 0.046210 
0.462778 0.987495 0.462022 
0.057405 0.006385 0.491768 
0.971818 0.009394 0.009394 0.009394 
0.250000 0.250000 0.250000 0.250000 
 196
0.479817 0.006120 0.046210 
0.462778 0.987495 0.462022 
0.057405 0.006385 0.491768 
0.009405 0.009405 0.961401 0.019789 
0.250000 0.250000 0.250000 0.250000 
 197
0.479817 0.006120 0.046210 
0.462778 0.987495 0.462022 
0.057405 0.006385 0.491768 
0.009394 0.009394 0.009394 0.971818 
0.250000 0.250000 0.250000 0.250000 
 198
0.479817 0.006120 0.046210 
0.462778 0.987495 0.462022 
0.057405 0.006385 0.491768 
0.970063 0.011149 0.009394 0.009394 
0.250000 0.250000 0.250000 0.250000 
 199
0.479817 0.006120 0.046210 
0.462778 0.987495 0.462022 
0.057405 0.006385 0.491768 
0.971818 0.009394 0.009394 0.009394 
0.250000 0.250000 0.250000 0.250000 
 200
0.479817 0.006120 0.046210 
0.462778 0.987495 0.462022 
0.057405 0.006385 0.491768 
0.009394 0.009394 0.009394 0.971818 
0.250000 0.250000 0.250000 0.250000 
 201
0.479817 0.006120 0.046210 
0.462778 0.987495 0.462022 
0.057405 0.006385 0.491768 
0.971818 0.009394 0.009394 0.009394 
0.250000 0.250000 0.250000 0.250000 
 202
0.479817 0.006120 0.046210 
0.462778 0.987495 0.462022 
0.057405 0.006385 0.491768 
0.009394 0.971818 0.009394 0.009394 
0.250000 0.250000 0.250000 0.250000 
 203
0.479817 0.006120 0.046210 
0.462778 0.987495 0.462022 
0.057405 0.006385 0.491768 
0.971818 0.009394 0.009394 0.009394 
0.250000 0.250000 0.250000 0.250000 
 204
0.479817 0.006120 0.046210 
0.462778 0.987495 0.462022 
0.057405 0.006385 0.491768 
0.009394 0.009394 0.011189 0.970022 
0.250000 0.250000 0.250000 0.250000 
 205
0.479817 0.006120 0.046210 
0.462778 0.987495 0.462022 
0.057405 0.006385 0.491768 
0.009394 0.971818 0.009394 0.009394 
0.250000 0.250000 0.250000 0.250000 
 206
0.479817 0.006120 0.046210 
0.462778 0.987495 0.462022 
0.057405 0.006385 0.491768 
0.009394 0.009394 0.971818 0.009394 
0.250000 0.250000 0.250000 0.250000 
 207
0.479817 0.006120 0.046210 
0.462778 0.987495 0.462022 
0.057405 0.006385 0.491768 
0.010938 0.009394 0.011181 0.968487 
0.250000 0.250000 0.250000 0.250000 
 208
0.479817 0.006120 0.046210 
0.462778 0.987495 0.462022 
0.057405 0.006385 0.491768 
0.009394 0.009394 0.971818 0.009394 
0.250000 0.250000 0.250000 0.250000 
 209
0.479817 0.006120 0.046210 
0.462778 0.987495 0.462022 
0.057405 0.006385 0.491768 
0.009394 0.009394 0.009394 0.971818 
0.250000 0.250000 0.250000 0.250000 
 210
0.479817 0.006120 0.046210 
0.462778 0.987495 0.462022 
0.057405 0.006385 0.491768 
0.967599 0.013613 0.009394 0.009394 
0.250000 0.250000 0.250000 0.250000 
 211
0.479817 0.006120 0.046210 
0.462778 0.987495 0.462022 
0.057405 0.006385 0.491768 
0.009394 0.009394 0.009394 0.971818 
0.250000 0.250000 0.250000 0.250000 
 212
0.479817 0.006120 0.046210 
0.462778 0.987495 0.462022 
0.057405 0.006385 0.491768 
0.009394 0.009394 0.009394 0.971818 
0.250000 0.250000 0.250000 0.250000 
 213
0.479817 0.006120 0.046210 
0.462778 0.987495 0.462022 
0.057405 0.006385 0.491768 
0.010906 0.970306 0.009394 0.009394 
0.250000 0.250000 0.250000 0.250000 
 214
0.479817 0.006120 0.046210 
0.462778 0.987495 0.462022 
0.057405 0.006385 0.491768 
0.009394 0.971818 0.009394 0.009394 
0.250000 0.250000 0.250000 0.250000 
 215
0.479817 0.006120 0.046210 
0.462778 0.987495 0.462022 
0.057405 0.006385 0.491768 
0.009394 0.971818 0.009394 0.009394 
0.250000 0.250000 0.250000 0.250000 
 216
0.479817 0.006120 0.046210 
0.462778 0.987495 0.462022 
0.057405 0.006385 0.491768 
0.970173 0.011039 0.009394 0.009394 
0.250000 0.250000 0.250000 0.250000 
 217
0.479817 0.006120 0.046210 
0.462778 0.987495 0.462022 
0.057405 0.006385 0.491768 
0.009394 0.971818 0.009394 0.009394 
0.250000 0.250000 0.250000 0.250000 
 218
0.479817 0.006120 0.046210 
0.462778 0.987495 0.462022 
0.057405 0.006385 0.491768 
0.971818 0.009394 0.009394 0.009394 
0.250000 0.250000 0.250000 0.250000 
 219
0.479817 0.006120 0.046210 
0.462778 0.987495 0.462022 
0.057405 0.006385 0.491768 
0.009408 0.009408 0.963263 0.017922 
0.250000 0.250000 0.250000 0.250000 
 220
0.479817 0.006120 0.046210 
0.462778 0.987495 0.462022 
0.057405 0.006385 0.491768 
0.009394 0.009394 0.971818 0.009394 
0.250000 0.250000 0.250000 0.250000 
 221
0.479817 0.006120 0.046210 
0.462778 0.987495 0.462022 
0.057405 0.006385 0.491768 
0.009394 0.009394 0.971818 0.009394 
0.250000 0.250000 0.250000 0.250000 
 222
0.479817 0.006120 0.046210 
0.462778 0.987495 0.462022 
0.057405 0.006385 0.491768 
0.009394 0.009394 0.015965 0.965247 
0.250000 0.250000 0.250000 0.250000 
 223
0.479817 0.006120 0.046210 
0.462778 0.987495 0.462022 
0.057405 0.006385 0.491768 
0.009394 0.009394 0.971818 0.009394 
0.250000 0.250000 0.250000 0.250000 
 224
0.479817 0.006120 0.046210 
0.462778 0.987495 0.462022 
0.057405 0.006385 0.491768 
0.968080 0.009394 0.009394 0.013132 
0.250000 0.250000 0.250000 0.250000 
 225
0.479817 0.006120 0.046210 
0.462778 0.987495 0.462022 
0.057405 0.006385 0.491768 
0.009394 0.970151 0.009394 0.011060 
0.250000 0.250000 0.250000 0.250000 
 226
0.479817 0.006120 0.046210 
0.462778 0.987495 0.462022 
0.057405 0.006385 0.491768 
0.009394 0.009394 0.009394 0.971818 
0.250000 0.250000 0.250000 0.250000 
 227
0.479817 0.006120 0.046210 
0.462778 0.987495 0.462022 
0.057405 0.006385 0.491768 
0.009394 0.971818 0.009394 0.009394 
0.250000 0.250000 0.250000 0.250000 
 228
0.479817 0.006120 0.046210 
0.462778 0.987495 0.462022 
0.057405 0.006385 0.491768 
0.009394 0.009394 0.009394 0.971818 
0.250000 0.250000 0.250000 0.250000 
 229
0.479817 0.006120 0.046210 
0.462778 0.987495 0.462022 
0.057405 0.006385 0.491768 
0.009394 0.971818 0.009394 0.009394 
0.250000 0.250000 0.250000 0.250000 
 230
0.479817 0.006120 0.046210 
0.462778 0.987495 0.462022 
0.057405 0.006385 0.491768 
0.971818 0.009394 0.009394 0.009394 
0.250000 0.250000 0.250000 0.250000 
 231
0.479817 0.006120 0.046210 
0.462778 0.987495 0.462022 
0.057405 0.006385 0.491768 
0.009394 0.009394 0.009394 0.971818 
0.250000 0.250000 0.250000 0.250000 
 232
0.479817 0.006120 0.046210 
0.462778 0.987495 0.462022 
0.057405 0.006385 0.491768 
0.009394 0.971818 0.009394 0.009394 
0.250000 0.250000 0.250000 0.250000 
 233
0.479817 0.006120 0.046210 
0.462778 0.987495 0.462022 
0.057405 0.006385 0.491768 
0.012701 0.968511 0.009394 0.009394 
0.250000 0.250000 0.250000 0.250000 
 234
0.479817 0.006120 0.046210 
0.462778 0.987495 0.462022 
0.057405 0.006385 0.491768 
0.009394 0.009394 0.967894 0.013318 
0.250000 0.250000 0.250000 0.250000 
 235
0.479817 0.006120 0.046210 
0.462778 0.987495 0.462022 
0.057405 0.006385 0.491768 
0.009394 0.009394 0.011472 0.969740 
