%  SAM: /scicomp/home/vfn4/nomen/label/LABEL_RES/scripts/modelfromalign_Linux v3.5 (July 15, 2005) compiled 12/08/06_16:15:55
%  (c) 1992-2001 Regents of the University of California, Santa Cruz
%
%          Sequence Alignment and Modeling Software System
%         http://www.cse.ucsc.edu/research/compbio/sam.html
%
% ----------------- Citations (SAM, SAM-T2K, HMMs) --------------------
% R. Hughey, A. Krogh, Hidden Markov models for sequence analysis:
%  Extension and analysis of the basic method, CABIOS 12:95-107, 1996.
% K. Karplus, et al., What is the value added by human intervention in protein
%  structure prediction, Proteins: Stucture, Function, Genetics 45(S5):86--91, 2001.
% A. Krogh et al., Hidden Markov models in computational biology:
%  Applications to protein modeling, JMB 235:1501-1531, Feb 1994.
% ---------------------------------------------------------------------
%  3C.2a2_hmm   Host: id-dev-03    Mon Dec  2 14:47:06 2019
%  vfn4         Dir:  /scicomp/groups/OID/NCIRD/ID-OD/ID_nomenclatures/H3/training/H3v2019R1/stub3r1
% ---------------------------------------------------------------------
%  Alignment weights from internal calc.  Total (75.20) Max (0.12) Min (0.01)
%  Weights from alignment method 1 (karplus), b=-1.000000, e=0.500000
MODEL --  Model from alignment file /scicomp/home/vfn4/nomen/label/LABEL_RES/training_data/stub3/3C.2a2.fasta
alphabet DNA
FREQAVE
0.000000 0.000000 0.000000 
0.000000 0.000000 0.000000 
0.000000 0.000000 0.000000 
0.346770 0.221278 0.192599 0.239353 
0.346770 0.221278 0.192599 0.239353 
Begin
0.000000 0.000000 0.000000 
0.000000 0.000000 0.000000 
0.000000 0.002915 0.491768 
0.250000 0.250000 0.250000 0.250000 
0.250000 0.250000 0.250000 0.250000 
   1
0.000000 0.009431 0.046210 
0.000000 0.987654 0.462022 
0.049746 0.002934 0.491768 
0.005087 0.003307 0.988298 0.003307 
0.250000 0.250000 0.250000 0.250000 
   2
0.542261 0.003332 0.046210 
0.407993 0.993734 0.462022 
0.049577 0.002935 0.491768 
0.989525 0.003859 0.003308 0.003308 
0.250000 0.250000 0.250000 0.250000 
   3
0.540422 0.002813 0.046210 
0.410002 0.994252 0.462022 
0.050094 0.002933 0.491768 
0.988728 0.004660 0.003306 0.003306 
0.250000 0.250000 0.250000 0.250000 
   4
0.543339 0.002812 0.046210 
0.406566 0.994255 0.462022 
0.050231 0.002933 0.491768 
0.982270 0.010241 0.004184 0.003305 
0.250000 0.250000 0.250000 0.250000 
   5
0.542405 0.002811 0.046210 
0.407363 0.994256 0.462022 
0.050353 0.002933 0.491768 
0.988196 0.005194 0.003305 0.003305 
0.250000 0.250000 0.250000 0.250000 
   6
0.538984 0.002811 0.046210 
0.410663 0.994256 0.462022 
0.050593 0.002932 0.491768 
0.988380 0.005011 0.003304 0.003304 
0.250000 0.250000 0.250000 0.250000 
   7
0.541549 0.002810 0.046210 
0.407858 0.994258 0.462022 
0.050593 0.002932 0.491768 
0.986504 0.006096 0.004088 0.003312 
0.250000 0.250000 0.250000 0.250000 
   8
0.491747 0.002810 0.046210 
0.457660 0.994258 0.462022 
0.053244 0.002925 0.491768 
0.003294 0.003294 0.003835 0.989576 
0.250000 0.250000 0.250000 0.250000 
   9
0.515398 0.002804 0.046210 
0.431358 0.994272 0.462022 
0.053358 0.002925 0.491768 
0.004625 0.003294 0.008742 0.983339 
0.250000 0.250000 0.250000 0.250000 
  10
0.512613 0.002803 0.046210 
0.434029 0.994272 0.462022 
0.053566 0.002924 0.491768 
0.003294 0.003294 0.989355 0.004057 
0.250000 0.250000 0.250000 0.250000 
  11
0.514610 0.002803 0.046210 
0.431824 0.994273 0.462022 
0.053566 0.002924 0.491768 
0.003953 0.003293 0.989041 0.003713 
0.250000 0.250000 0.250000 0.250000 
  12
0.505831 0.002803 0.046210 
0.440604 0.994273 0.462022 
0.054040 0.002923 0.491768 
0.004380 0.003551 0.005332 0.986736 
0.250000 0.250000 0.250000 0.250000 
  13
0.504033 0.002802 0.046210 
0.441927 0.994276 0.462022 
0.054381 0.002922 0.491768 
0.005337 0.987711 0.003292 0.003660 
0.250000 0.250000 0.250000 0.250000 
  14
0.507217 0.002801 0.046210 
0.438401 0.994277 0.462022 
0.054381 0.002922 0.491768 
0.005668 0.986301 0.003290 0.004740 
0.250000 0.250000 0.250000 0.250000 
  15
0.507217 0.002801 0.046210 
0.438401 0.994277 0.462022 
0.054381 0.002922 0.491768 
0.988718 0.004699 0.003291 0.003291 
0.250000 0.250000 0.250000 0.250000 
  16
0.507217 0.002801 0.046210 
0.438401 0.994277 0.462022 
0.054381 0.002922 0.491768 
0.988372 0.005047 0.003290 0.003290 
0.250000 0.250000 0.250000 0.250000 
  17
0.503795 0.002801 0.046210 
0.441823 0.994277 0.462022 
0.054568 0.002922 0.491768 
0.988800 0.004621 0.003290 0.003290 
0.250000 0.250000 0.250000 0.250000 
  18
0.505525 0.002800 0.046210 
0.439907 0.994278 0.462022 
0.054568 0.002922 0.491768 
0.003607 0.003290 0.008706 0.984397 
0.250000 0.250000 0.250000 0.250000 
  19
0.502501 0.002800 0.046210 
0.442931 0.994278 0.462022 
0.054734 0.002921 0.491768 
0.008647 0.984771 0.003291 0.003291 
0.250000 0.250000 0.250000 0.250000 
  20
0.504025 0.002800 0.046210 
0.441241 0.994279 0.462022 
0.054734 0.002921 0.491768 
0.988751 0.004671 0.003289 0.003289 
0.250000 0.250000 0.250000 0.250000 
  21
0.499326 0.002800 0.046210 
0.445941 0.994279 0.462022 
0.054992 0.002920 0.491768 
0.003996 0.003288 0.982674 0.010042 
0.250000 0.250000 0.250000 0.250000 
  22
0.499777 0.002799 0.046210 
0.445231 0.994280 0.462022 
0.055097 0.002920 0.491768 
0.988419 0.004470 0.003823 0.003288 
0.250000 0.250000 0.250000 0.250000 
  23
0.500732 0.002799 0.046210 
0.444171 0.994281 0.462022 
0.055097 0.002920 0.491768 
0.990136 0.003288 0.003288 0.003288 
0.250000 0.250000 0.250000 0.250000 
  24
0.500732 0.002799 0.046210 
0.444171 0.994281 0.462022 
0.055097 0.002920 0.491768 
0.003901 0.003288 0.004258 0.988553 
0.250000 0.250000 0.250000 0.250000 
  25
0.500732 0.002799 0.046210 
0.444171 0.994281 0.462022 
0.055097 0.002920 0.491768 
0.988897 0.004213 0.003602 0.003288 
0.250000 0.250000 0.250000 0.250000 
  26
0.500732 0.002799 0.046210 
0.444171 0.994281 0.462022 
0.055097 0.002920 0.491768 
0.012279 0.981144 0.003288 0.003288 
0.250000 0.250000 0.250000 0.250000 
  27
0.500732 0.002799 0.046210 
0.444171 0.994281 0.462022 
0.055097 0.002920 0.491768 
0.004877 0.003288 0.988198 0.003637 
0.250000 0.250000 0.250000 0.250000 
  28
0.500732 0.002799 0.046210 
0.444171 0.994281 0.462022 
0.055097 0.002920 0.491768 
0.987373 0.006049 0.003289 0.003289 
0.250000 0.250000 0.250000 0.250000 
  29
0.498609 0.002799 0.046210 
0.446294 0.994281 0.462022 
0.055214 0.002920 0.491768 
0.003888 0.003546 0.987262 0.005304 
0.250000 0.250000 0.250000 0.250000 
  30
0.499670 0.002799 0.046210 
0.445116 0.994281 0.462022 
0.055214 0.002920 0.491768 
0.014862 0.977868 0.003288 0.003982 
0.250000 0.250000 0.250000 0.250000 
  31
0.499670 0.002799 0.046210 
0.445116 0.994281 0.462022 
0.055214 0.002920 0.491768 
0.003843 0.989582 0.003288 0.003288 
0.250000 0.250000 0.250000 0.250000 
  32
0.499670 0.002799 0.046210 
0.445116 0.994281 0.462022 
0.055214 0.002920 0.491768 
0.003288 0.003288 0.990137 0.003288 
0.250000 0.250000 0.250000 0.250000 
  33
0.499670 0.002799 0.046210 
0.445116 0.994281 0.462022 
0.055214 0.002920 0.491768 
0.988331 0.003836 0.003288 0.004545 
0.250000 0.250000 0.250000 0.250000 
  34
0.494476 0.002799 0.046210 
0.450309 0.994281 0.462022 
0.055503 0.002919 0.491768 
0.989720 0.003706 0.003287 0.003287 
0.250000 0.250000 0.250000 0.250000 
  35
0.492279 0.002798 0.046210 
0.452218 0.994282 0.462022 
0.055769 0.002919 0.491768 
0.004336 0.003286 0.986350 0.006028 
0.250000 0.250000 0.250000 0.250000 
  36
0.494643 0.002798 0.046210 
0.449588 0.994284 0.462022 
0.055769 0.002919 0.491768 
0.010902 0.982525 0.003286 0.003286 
0.250000 0.250000 0.250000 0.250000 
  37
0.494643 0.002798 0.046210 
0.449588 0.994284 0.462022 
0.055769 0.002919 0.491768 
0.003286 0.003286 0.986789 0.006639 
0.250000 0.250000 0.250000 0.250000 
  38
0.494643 0.002798 0.046210 
0.449588 0.994284 0.462022 
0.055769 0.002919 0.491768 
0.003286 0.003286 0.003286 0.990143 
0.250000 0.250000 0.250000 0.250000 
  39
0.487439 0.002798 0.046210 
0.456792 0.994284 0.462022 
0.056174 0.002918 0.491768 
0.010186 0.982576 0.003286 0.003952 
0.250000 0.250000 0.250000 0.250000 
  40
0.485564 0.002797 0.046210 
0.458262 0.994285 0.462022 
0.056479 0.002917 0.491768 
0.003284 0.003284 0.003284 0.990149 
0.250000 0.250000 0.250000 0.250000 
  41
0.488206 0.002796 0.046210 
0.455315 0.994287 0.462022 
0.056479 0.002917 0.491768 
0.003284 0.990149 0.003284 0.003284 
0.250000 0.250000 0.250000 0.250000 
  42
0.488206 0.002796 0.046210 
0.455315 0.994287 0.462022 
0.056479 0.002917 0.491768 
0.003284 0.003284 0.988704 0.004728 
0.250000 0.250000 0.250000 0.250000 
  43
0.488206 0.002796 0.046210 
0.455315 0.994287 0.462022 
0.056479 0.002917 0.491768 
0.003783 0.003572 0.988176 0.004469 
0.250000 0.250000 0.250000 0.250000 
  44
0.485772 0.002796 0.046210 
0.457748 0.994287 0.462022 
0.056617 0.002917 0.491768 
0.003283 0.003283 0.003283 0.990150 
0.250000 0.250000 0.250000 0.250000 
  45
0.483958 0.002796 0.046210 
0.459425 0.994287 0.462022 
0.056788 0.002916 0.491768 
0.003980 0.004126 0.003542 0.988352 
0.250000 0.250000 0.250000 0.250000 
  46
0.485414 0.002795 0.046210 
0.457799 0.994288 0.462022 
0.056788 0.002916 0.491768 
0.003283 0.990152 0.003283 0.003283 
0.250000 0.250000 0.250000 0.250000 
  47
0.485414 0.002795 0.046210 
0.457799 0.994288 0.462022 
0.056788 0.002916 0.491768 
0.003283 0.990152 0.003283 0.003283 
0.250000 0.250000 0.250000 0.250000 
  48
0.483299 0.002795 0.046210 
0.459913 0.994288 0.462022 
0.056908 0.002916 0.491768 
0.005918 0.986894 0.003538 0.003651 
0.250000 0.250000 0.250000 0.250000 
  49
0.481340 0.002795 0.046210 
0.461752 0.994289 0.462022 
0.057078 0.002916 0.491768 
0.003282 0.003282 0.990155 0.003282 
0.250000 0.250000 0.250000 0.250000 
  50
0.482780 0.002795 0.046210 
0.460141 0.994289 0.462022 
0.057078 0.002916 0.491768 
0.989425 0.003282 0.004011 0.003282 
0.250000 0.250000 0.250000 0.250000 
  51
0.482780 0.002795 0.046210 
0.460141 0.994289 0.462022 
0.057078 0.002916 0.491768 
0.003282 0.003282 0.988346 0.005090 
0.250000 0.250000 0.250000 0.250000 
  52
0.482780 0.002795 0.046210 
0.460141 0.994289 0.462022 
0.057078 0.002916 0.491768 
0.003282 0.003282 0.989538 0.003898 
0.250000 0.250000 0.250000 0.250000 
  53
0.482780 0.002795 0.046210 
0.460141 0.994289 0.462022 
0.057078 0.002916 0.491768 
0.990155 0.003282 0.003282 0.003282 
0.250000 0.250000 0.250000 0.250000 
  54
0.482780 0.002795 0.046210 
0.460141 0.994289 0.462022 
0.057078 0.002916 0.491768 
0.003282 0.003282 0.003960 0.989476 
0.250000 0.250000 0.250000 0.250000 
  55
0.482780 0.002795 0.046210 
0.460141 0.994289 0.462022 
0.057078 0.002916 0.491768 
0.003282 0.989750 0.003282 0.003686 
0.250000 0.250000 0.250000 0.250000 
  56
0.482780 0.002795 0.046210 
0.460141 0.994289 0.462022 
0.057078 0.002916 0.491768 
0.003282 0.003282 0.990155 0.003282 
0.250000 0.250000 0.250000 0.250000 
  57
0.482780 0.002795 0.046210 
0.460141 0.994289 0.462022 
0.057078 0.002916 0.491768 
0.989116 0.003586 0.003282 0.004017 
0.250000 0.250000 0.250000 0.250000 
  58
0.482780 0.002795 0.046210 
0.460141 0.994289 0.462022 
0.057078 0.002916 0.491768 
0.004178 0.989258 0.003282 0.003282 
0.250000 0.250000 0.250000 0.250000 
  59
0.482780 0.002795 0.046210 
0.460141 0.994289 0.462022 
0.057078 0.002916 0.491768 
0.003282 0.003282 0.003282 0.990155 
0.250000 0.250000 0.250000 0.250000 
  60
0.482780 0.002795 0.046210 
0.460141 0.994289 0.462022 
0.057078 0.002916 0.491768 
0.969672 0.023762 0.003283 0.003283 
0.250000 0.250000 0.250000 0.250000 
  61
0.482780 0.002795 0.046210 
0.460141 0.994289 0.462022 
0.057078 0.002916 0.491768 
0.003817 0.003283 0.933413 0.059487 
0.250000 0.250000 0.250000 0.250000 
  62
0.482780 0.002795 0.046210 
0.460141 0.994289 0.462022 
0.057078 0.002916 0.491768 
0.003700 0.003282 0.989354 0.003665 
0.250000 0.250000 0.250000 0.250000 
  63
0.482780 0.002795 0.046210 
0.460141 0.994289 0.462022 
0.057078 0.002916 0.491768 
0.988941 0.004496 0.003282 0.003282 
0.250000 0.250000 0.250000 0.250000 
  64
0.482780 0.002795 0.046210 
0.460141 0.994289 0.462022 
0.057078 0.002916 0.491768 
0.990155 0.003282 0.003282 0.003282 
0.250000 0.250000 0.250000 0.250000 
  65
0.482780 0.002795 0.046210 
0.460141 0.994289 0.462022 
0.057078 0.002916 0.491768 
0.990155 0.003282 0.003282 0.003282 
0.250000 0.250000 0.250000 0.250000 
  66
0.482780 0.002795 0.046210 
0.460141 0.994289 0.462022 
0.057078 0.002916 0.491768 
0.003590 0.003283 0.984851 0.008277 
0.250000 0.250000 0.250000 0.250000 
  67
0.482780 0.002795 0.046210 
0.460141 0.994289 0.462022 
0.057078 0.002916 0.491768 
0.003282 0.990155 0.003282 0.003282 
0.250000 0.250000 0.250000 0.250000 
  68
0.482780 0.002795 0.046210 
0.460141 0.994289 0.462022 
0.057078 0.002916 0.491768 
0.003282 0.990155 0.003282 0.003282 
0.250000 0.250000 0.250000 0.250000 
  69
0.482780 0.002795 0.046210 
0.460141 0.994289 0.462022 
0.057078 0.002916 0.491768 
0.988217 0.005219 0.003282 0.003282 
0.250000 0.250000 0.250000 0.250000 
  70
0.482780 0.002795 0.046210 
0.460141 0.994289 0.462022 
0.057078 0.002916 0.491768 
0.989711 0.003722 0.003283 0.003283 
0.250000 0.250000 0.250000 0.250000 
  71
0.482780 0.002795 0.046210 
0.460141 0.994289 0.462022 
0.057078 0.002916 0.491768 
0.003599 0.003282 0.989399 0.003720 
0.250000 0.250000 0.250000 0.250000 
  72
0.482780 0.002795 0.046210 
0.460141 0.994289 0.462022 
0.057078 0.002916 0.491768 
0.015862 0.976380 0.003282 0.004476 
0.250000 0.250000 0.250000 0.250000 
  73
0.482780 0.002795 0.046210 
0.460141 0.994289 0.462022 
0.057078 0.002916 0.491768 
0.988859 0.004577 0.003282 0.003282 
0.250000 0.250000 0.250000 0.250000 
  74
0.479943 0.002795 0.046210 
0.462979 0.994289 0.462022 
0.057241 0.002915 0.491768 
0.003281 0.003281 0.003684 0.989754 
0.250000 0.250000 0.250000 0.250000 
  75
0.481309 0.002794 0.046210 
0.461451 0.994290 0.462022 
0.057241 0.002915 0.491768 
0.989167 0.004270 0.003281 0.003281 
0.250000 0.250000 0.250000 0.250000 
  76
0.481309 0.002794 0.046210 
0.461451 0.994290 0.462022 
0.057241 0.002915 0.491768 
0.003281 0.990156 0.003281 0.003281 
0.250000 0.250000 0.250000 0.250000 
  77
0.481309 0.002794 0.046210 
0.461451 0.994290 0.462022 
0.057241 0.002915 0.491768 
0.003281 0.003281 0.003281 0.990156 
0.250000 0.250000 0.250000 0.250000 
  78
0.481309 0.002794 0.046210 
0.461451 0.994290 0.462022 
0.057241 0.002915 0.491768 
0.008391 0.984118 0.003282 0.004209 
0.250000 0.250000 0.250000 0.250000 
  79
0.481309 0.002794 0.046210 
0.461451 0.994290 0.462022 
0.057241 0.002915 0.491768 
0.989754 0.003683 0.003281 0.003281 
0.250000 0.250000 0.250000 0.250000 
  80
0.481309 0.002794 0.046210 
0.461451 0.994290 0.462022 
0.057241 0.002915 0.491768 
0.989308 0.004129 0.003281 0.003281 
0.250000 0.250000 0.250000 0.250000 
  81
0.481309 0.002794 0.046210 
0.461451 0.994290 0.462022 
0.057241 0.002915 0.491768 
0.988170 0.004939 0.003609 0.003281 
0.250000 0.250000 0.250000 0.250000 
  82
0.481309 0.002794 0.046210 
0.461451 0.994290 0.462022 
0.057241 0.002915 0.491768 
0.989687 0.003751 0.003281 0.003281 
0.250000 0.250000 0.250000 0.250000 
  83
0.481309 0.002794 0.046210 
0.461451 0.994290 0.462022 
0.057241 0.002915 0.491768 
0.003281 0.003281 0.990156 0.003281 
0.250000 0.250000 0.250000 0.250000 
  84
0.481309 0.002794 0.046210 
0.461451 0.994290 0.462022 
0.057241 0.002915 0.491768 
0.988666 0.004369 0.003282 0.003684 
0.250000 0.250000 0.250000 0.250000 
  85
0.481309 0.002794 0.046210 
0.461451 0.994290 0.462022 
0.057241 0.002915 0.491768 
0.989633 0.003804 0.003281 0.003281 
0.250000 0.250000 0.250000 0.250000 
  86
0.481309 0.002794 0.046210 
0.461451 0.994290 0.462022 
0.057241 0.002915 0.491768 
0.003282 0.003282 0.003282 0.990155 
0.250000 0.250000 0.250000 0.250000 
  87
0.481309 0.002794 0.046210 
0.461451 0.994290 0.462022 
0.057241 0.002915 0.491768 
0.003281 0.003281 0.987465 0.005973 
0.250000 0.250000 0.250000 0.250000 
  88
0.481309 0.002794 0.046210 
0.461451 0.994290 0.462022 
0.057241 0.002915 0.491768 
0.989189 0.003931 0.003281 0.003599 
0.250000 0.250000 0.250000 0.250000 
  89
0.481309 0.002794 0.046210 
0.461451 0.994290 0.462022 
0.057241 0.002915 0.491768 
0.003281 0.003281 0.990156 0.003281 
0.250000 0.250000 0.250000 0.250000 
  90
0.481309 0.002794 0.046210 
0.461451 0.994290 0.462022 
0.057241 0.002915 0.491768 
0.987248 0.005676 0.003795 0.003281 
0.250000 0.250000 0.250000 0.250000 
  91
0.481309 0.002794 0.046210 
0.461451 0.994290 0.462022 
0.057241 0.002915 0.491768 
0.987452 0.005985 0.003281 0.003281 
0.250000 0.250000 0.250000 0.250000 
  92
0.481309 0.002794 0.046210 
0.461451 0.994290 0.462022 
0.057241 0.002915 0.491768 
0.989082 0.003882 0.003755 0.003282 
0.250000 0.250000 0.250000 0.250000 
  93
0.481309 0.002794 0.046210 
0.461451 0.994290 0.462022 
0.057241 0.002915 0.491768 
0.003282 0.003282 0.004903 0.988533 
0.250000 0.250000 0.250000 0.250000 
  94
0.481309 0.002794 0.046210 
0.461451 0.994290 0.462022 
0.057241 0.002915 0.491768 
0.003791 0.989646 0.003281 0.003281 
0.250000 0.250000 0.250000 0.250000 
  95
0.481309 0.002794 0.046210 
0.461451 0.994290 0.462022 
0.057241 0.002915 0.491768 
0.989246 0.003781 0.003281 0.003692 
0.250000 0.250000 0.250000 0.250000 
  96
0.481309 0.002794 0.046210 
0.461451 0.994290 0.462022 
0.057241 0.002915 0.491768 
0.003282 0.003282 0.986714 0.006723 
0.250000 0.250000 0.250000 0.250000 
  97
0.481309 0.002794 0.046210 
0.461451 0.994290 0.462022 
0.057241 0.002915 0.491768 
0.004256 0.003281 0.989181 0.003281 
0.250000 0.250000 0.250000 0.250000 
  98
0.481309 0.002794 0.046210 
0.461451 0.994290 0.462022 
0.057241 0.002915 0.491768 
0.040221 0.952883 0.003282 0.003614 
0.250000 0.250000 0.250000 0.250000 
  99
0.481309 0.002794 0.046210 
0.461451 0.994290 0.462022 
0.057241 0.002915 0.491768 
0.985370 0.008068 0.003281 0.003281 
0.250000 0.250000 0.250000 0.250000 
 100
0.481309 0.002794 0.046210 
0.461451 0.994290 0.462022 
0.057241 0.002915 0.491768 
0.988817 0.004619 0.003282 0.003282 
0.250000 0.250000 0.250000 0.250000 
 101
0.481309 0.002794 0.046210 
0.461451 0.994290 0.462022 
0.057241 0.002915 0.491768 
0.003281 0.003281 0.003281 0.990156 
0.250000 0.250000 0.250000 0.250000 
 102
0.481309 0.002794 0.046210 
0.461451 0.994290 0.462022 
0.057241 0.002915 0.491768 
0.003281 0.003281 0.003830 0.989607 
0.250000 0.250000 0.250000 0.250000 
 103
0.481309 0.002794 0.046210 
0.461451 0.994290 0.462022 
0.057241 0.002915 0.491768 
0.003281 0.990156 0.003281 0.003281 
0.250000 0.250000 0.250000 0.250000 
 104
0.481309 0.002794 0.046210 
0.461451 0.994290 0.462022 
0.057241 0.002915 0.491768 
0.990156 0.003281 0.003281 0.003281 
0.250000 0.250000 0.250000 0.250000 
 105
0.481309 0.002794 0.046210 
0.461451 0.994290 0.462022 
0.057241 0.002915 0.491768 
0.989070 0.004367 0.003281 0.003281 
0.250000 0.250000 0.250000 0.250000 
 106
0.481309 0.002794 0.046210 
0.461451 0.994290 0.462022 
0.057241 0.002915 0.491768 
0.003281 0.990156 0.003281 0.003281 
0.250000 0.250000 0.250000 0.250000 
 107
0.481309 0.002794 0.046210 
0.461451 0.994290 0.462022 
0.057241 0.002915 0.491768 
0.003281 0.003281 0.003281 0.990156 
0.250000 0.250000 0.250000 0.250000 
 108
0.478441 0.002794 0.046210 
0.464318 0.994290 0.462022 
0.057405 0.002915 0.491768 
0.003282 0.003282 0.006282 0.987154 
0.250000 0.250000 0.250000 0.250000 
 109
0.479817 0.002794 0.046210 
0.462778 0.994291 0.462022 
0.057405 0.002915 0.491768 
0.990157 0.003281 0.003281 0.003281 
0.250000 0.250000 0.250000 0.250000 
 110
0.479817 0.002794 0.046210 
0.462778 0.994291 0.462022 
0.057405 0.002915 0.491768 
0.003281 0.003281 0.989380 0.004059 
0.250000 0.250000 0.250000 0.250000 
 111
0.479817 0.002794 0.046210 
0.462778 0.994291 0.462022 
0.057405 0.002915 0.491768 
0.003626 0.003281 0.005629 0.987464 
0.250000 0.250000 0.250000 0.250000 
 112
0.479817 0.002794 0.046210 
0.462778 0.994291 0.462022 
0.057405 0.002915 0.491768 
0.990157 0.003281 0.003281 0.003281 
0.250000 0.250000 0.250000 0.250000 
 113
0.479817 0.002794 0.046210 
0.462778 0.994291 0.462022 
0.057405 0.002915 0.491768 
0.989754 0.003685 0.003281 0.003281 
0.250000 0.250000 0.250000 0.250000 
 114
0.479817 0.002794 0.046210 
0.462778 0.994291 0.462022 
0.057405 0.002915 0.491768 
0.003687 0.003281 0.004041 0.988991 
0.250000 0.250000 0.250000 0.250000 
 115
0.479817 0.002794 0.046210 
0.462778 0.994291 0.462022 
0.057405 0.002915 0.491768 
0.003281 0.990157 0.003281 0.003281 
0.250000 0.250000 0.250000 0.250000 
 116
0.479817 0.002794 0.046210 
0.462778 0.994291 0.462022 
0.057405 0.002915 0.491768 
0.003281 0.003281 0.990157 0.003281 
0.250000 0.250000 0.250000 0.250000 
 117
0.479817 0.002794 0.046210 
0.462778 0.994291 0.462022 
0.057405 0.002915 0.491768 
0.003281 0.003585 0.006510 0.986624 
0.250000 0.250000 0.250000 0.250000 
 118
0.479817 0.002794 0.046210 
0.462778 0.994291 0.462022 
0.057405 0.002915 0.491768 
0.990157 0.003281 0.003281 0.003281 
0.250000 0.250000 0.250000 0.250000 
 119
0.479817 0.002794 0.046210 
0.462778 0.994291 0.462022 
0.057405 0.002915 0.491768 
0.003281 0.003281 0.989711 0.003728 
0.250000 0.250000 0.250000 0.250000 
 120
0.479817 0.002794 0.046210 
0.462778 0.994291 0.462022 
0.057405 0.002915 0.491768 
0.003590 0.003281 0.005441 0.987689 
0.250000 0.250000 0.250000 0.250000 
 121
0.479817 0.002794 0.046210 
0.462778 0.994291 0.462022 
0.057405 0.002915 0.491768 
0.003281 0.990157 0.003281 0.003281 
0.250000 0.250000 0.250000 0.250000 
 122
0.479817 0.002794 0.046210 
0.462778 0.994291 0.462022 
0.057405 0.002915 0.491768 
0.990157 0.003281 0.003281 0.003281 
0.250000 0.250000 0.250000 0.250000 
 123
0.479817 0.002794 0.046210 
0.462778 0.994291 0.462022 
0.057405 0.002915 0.491768 
0.011892 0.981544 0.003282 0.003282 
0.250000 0.250000 0.250000 0.250000 
 124
0.479817 0.002794 0.046210 
0.462778 0.994291 0.462022 
0.057405 0.002915 0.491768 
0.003282 0.003282 0.005030 0.988407 
0.250000 0.250000 0.250000 0.250000 
 125
0.479817 0.002794 0.046210 
0.462778 0.994291 0.462022 
0.057405 0.002915 0.491768 
0.003281 0.003281 0.003281 0.990157 
0.250000 0.250000 0.250000 0.250000 
 126
0.479817 0.002794 0.046210 
0.462778 0.994291 0.462022 
0.057405 0.002915 0.491768 
0.005575 0.987863 0.003281 0.003281 
0.250000 0.250000 0.250000 0.250000 
 127
0.479817 0.002794 0.046210 
0.462778 0.994291 0.462022 
0.057405 0.002915 0.491768 
0.003874 0.989563 0.003281 0.003281 
0.250000 0.250000 0.250000 0.250000 
 128
0.479817 0.002794 0.046210 
0.462778 0.994291 0.462022 
0.057405 0.002915 0.491768 
0.003281 0.003281 0.003281 0.990157 
0.250000 0.250000 0.250000 0.250000 
 129
0.479817 0.002794 0.046210 
0.462778 0.994291 0.462022 
0.057405 0.002915 0.491768 
0.003282 0.003593 0.006502 0.986622 
0.250000 0.250000 0.250000 0.250000 
 130
0.479817 0.002794 0.046210 
0.462778 0.994291 0.462022 
0.057405 0.002915 0.491768 
0.003281 0.003281 0.990157 0.003281 
0.250000 0.250000 0.250000 0.250000 
 131
0.479817 0.002794 0.046210 
0.462778 0.994291 0.462022 
0.057405 0.002915 0.491768 
0.989724 0.003281 0.003281 0.003715 
0.250000 0.250000 0.250000 0.250000 
 132
0.479817 0.002794 0.046210 
0.462778 0.994291 0.462022 
0.057405 0.002915 0.491768 
0.014765 0.978192 0.003282 0.003761 
0.250000 0.250000 0.250000 0.250000 
 133
0.479817 0.002794 0.046210 
0.462778 0.994291 0.462022 
0.057405 0.002915 0.491768 
0.988812 0.004626 0.003281 0.003281 
0.250000 0.250000 0.250000 0.250000 
 134
0.479817 0.002794 0.046210 
0.462778 0.994291 0.462022 
0.057405 0.002915 0.491768 
0.989344 0.003662 0.003713 0.003281 
0.250000 0.250000 0.250000 0.250000 
 135
0.479817 0.002794 0.046210 
0.462778 0.994291 0.462022 
0.057405 0.002915 0.491768 
0.003281 0.003281 0.006372 0.987067 
0.250000 0.250000 0.250000 0.250000 
 136
0.479817 0.002794 0.046210 
0.462778 0.994291 0.462022 
0.057405 0.002915 0.491768 
0.003281 0.003281 0.003281 0.990157 
0.250000 0.250000 0.250000 0.250000 
 137
0.479817 0.002794 0.046210 
0.462778 0.994291 0.462022 
0.057405 0.002915 0.491768 
0.003281 0.003281 0.989197 0.004241 
0.250000 0.250000 0.250000 0.250000 
 138
0.479817 0.002794 0.046210 
0.462778 0.994291 0.462022 
0.057405 0.002915 0.491768 
0.003940 0.003281 0.987590 0.005188 
0.250000 0.250000 0.250000 0.250000 
 139
0.479817 0.002794 0.046210 
0.462778 0.994291 0.462022 
0.057405 0.002915 0.491768 
0.006551 0.003281 0.003281 0.986886 
0.250000 0.250000 0.250000 0.250000 
 140
0.479817 0.002794 0.046210 
0.462778 0.994291 0.462022 
0.057405 0.002915 0.491768 
0.003281 0.003281 0.989748 0.003691 
0.250000 0.250000 0.250000 0.250000 
 141
0.479817 0.002794 0.046210 
0.462778 0.994291 0.462022 
0.057405 0.002915 0.491768 
0.988270 0.003795 0.004279 0.003656 
0.250000 0.250000 0.250000 0.250000 
 142
0.479817 0.002794 0.046210 
0.462778 0.994291 0.462022 
0.057405 0.002915 0.491768 
0.989056 0.003897 0.003766 0.003281 
0.250000 0.250000 0.250000 0.250000 
 143
0.479817 0.002794 0.046210 
0.462778 0.994291 0.462022 
0.057405 0.002915 0.491768 
0.003281 0.003281 0.004281 0.989157 
0.250000 0.250000 0.250000 0.250000 
 144
0.479817 0.002794 0.046210 
0.462778 0.994291 0.462022 
0.057405 0.002915 0.491768 
0.987305 0.005425 0.003281 0.003989 
0.250000 0.250000 0.250000 0.250000 
 145
0.479817 0.002794 0.046210 
0.462778 0.994291 0.462022 
0.057405 0.002915 0.491768 
0.004188 0.989251 0.003281 0.003281 
0.250000 0.250000 0.250000 0.250000 
 146
0.479817 0.002794 0.046210 
0.462778 0.994291 0.462022 
0.057405 0.002915 0.491768 
0.004598 0.988839 0.003282 0.003282 
0.250000 0.250000 0.250000 0.250000 
 147
0.479817 0.002794 0.046210 
0.462778 0.994291 0.462022 
0.057405 0.002915 0.491768 
0.003282 0.003282 0.007187 0.986250 
0.250000 0.250000 0.250000 0.250000 
 148
0.479817 0.002794 0.046210 
0.462778 0.994291 0.462022 
0.057405 0.002915 0.491768 
0.005407 0.988029 0.003282 0.003282 
0.250000 0.250000 0.250000 0.250000 
 149
0.479817 0.002794 0.046210 
0.462778 0.994291 0.462022 
0.057405 0.002915 0.491768 
0.988799 0.003884 0.003281 0.004037 
0.250000 0.250000 0.250000 0.250000 
 150
0.479817 0.002794 0.046210 
0.462778 0.994291 0.462022 
0.057405 0.002915 0.491768 
0.988786 0.004653 0.003281 0.003281 
0.250000 0.250000 0.250000 0.250000 
 151
0.479817 0.002794 0.046210 
0.462778 0.994291 0.462022 
0.057405 0.002915 0.491768 
0.990157 0.003281 0.003281 0.003281 
0.250000 0.250000 0.250000 0.250000 
 152
0.479817 0.002794 0.046210 
0.462778 0.994291 0.462022 
0.057405 0.002915 0.491768 
0.003281 0.003281 0.003281 0.990157 
0.250000 0.250000 0.250000 0.250000 
 153
0.479817 0.002794 0.046210 
0.462778 0.994291 0.462022 
0.057405 0.002915 0.491768 
0.989677 0.003281 0.003761 0.003281 
0.250000 0.250000 0.250000 0.250000 
 154
0.479817 0.002794 0.046210 
0.462778 0.994291 0.462022 
0.057405 0.002915 0.491768 
0.003281 0.003281 0.003281 0.990157 
0.250000 0.250000 0.250000 0.250000 
 155
0.479817 0.002794 0.046210 
0.462778 0.994291 0.462022 
0.057405 0.002915 0.491768 
0.003281 0.990157 0.003281 0.003281 
0.250000 0.250000 0.250000 0.250000 
 156
0.479817 0.002794 0.046210 
0.462778 0.994291 0.462022 
0.057405 0.002915 0.491768 
0.003281 0.003281 0.987347 0.006091 
0.250000 0.250000 0.250000 0.250000 
 157
0.479817 0.002794 0.046210 
0.462778 0.994291 0.462022 
0.057405 0.002915 0.491768 
0.027496 0.964788 0.003282 0.004434 
0.250000 0.250000 0.250000 0.250000 
 158
0.479817 0.002794 0.046210 
0.462778 0.994291 0.462022 
0.057405 0.002915 0.491768 
0.987606 0.005403 0.003710 0.003281 
0.250000 0.250000 0.250000 0.250000 
 159
0.479817 0.002794 0.046210 
0.462778 0.994291 0.462022 
0.057405 0.002915 0.491768 
0.003599 0.003281 0.988683 0.004437 
0.250000 0.250000 0.250000 0.250000 
 160
0.479817 0.002794 0.046210 
0.462778 0.994291 0.462022 
0.057405 0.002915 0.491768 
0.989408 0.003630 0.003681 0.003281 
0.250000 0.250000 0.250000 0.250000 
 161
0.479817 0.002794 0.046210 
0.462778 0.994291 0.462022 
0.057405 0.002915 0.491768 
0.004052 0.989055 0.003281 0.003613 
0.250000 0.250000 0.250000 0.250000 
 162
0.479817 0.002794 0.046210 
0.462778 0.994291 0.462022 
0.057405 0.002915 0.491768 
0.003281 0.003281 0.011820 0.981619 
0.250000 0.250000 0.250000 0.250000 
 163
0.479817 0.002794 0.046210 
0.462778 0.994291 0.462022 
0.057405 0.002915 0.491768 
0.003281 0.003281 0.989741 0.003697 
0.250000 0.250000 0.250000 0.250000 
 164
0.479817 0.002794 0.046210 
0.462778 0.994291 0.462022 
0.057405 0.002915 0.491768 
0.003281 0.003281 0.990157 0.003281 
0.250000 0.250000 0.250000 0.250000 
 165
0.479817 0.002794 0.046210 
0.462778 0.994291 0.462022 
0.057405 0.002915 0.491768 
0.004292 0.003282 0.004034 0.988392 
0.250000 0.250000 0.250000 0.250000 
 166
0.479817 0.002794 0.046210 
0.462778 0.994291 0.462022 
0.057405 0.002915 0.491768 
0.003743 0.003282 0.989387 0.003587 
0.250000 0.250000 0.250000 0.250000 
 167
0.479817 0.002794 0.046210 
0.462778 0.994291 0.462022 
0.057405 0.002915 0.491768 
0.989586 0.003853 0.003281 0.003281 
0.250000 0.250000 0.250000 0.250000 
 168
0.479817 0.002794 0.046210 
0.462778 0.994291 0.462022 
0.057405 0.002915 0.491768 
0.003282 0.003282 0.006114 0.987323 
0.250000 0.250000 0.250000 0.250000 
 169
0.479817 0.002794 0.046210 
0.462778 0.994291 0.462022 
0.057405 0.002915 0.491768 
0.003979 0.003281 0.989459 0.003281 
0.250000 0.250000 0.250000 0.250000 
 170
0.479817 0.002794 0.046210 
0.462778 0.994291 0.462022 
0.057405 0.002915 0.491768 
0.986223 0.003593 0.003281 0.006903 
0.250000 0.250000 0.250000 0.250000 
 171
0.479817 0.002794 0.046210 
0.462778 0.994291 0.462022 
0.057405 0.002915 0.491768 
0.005659 0.987174 0.003281 0.003886 
0.250000 0.250000 0.250000 0.250000 
 172
0.479817 0.002794 0.046210 
0.462778 0.994291 0.462022 
0.057405 0.002915 0.491768 
0.986079 0.007357 0.003282 0.003282 
0.250000 0.250000 0.250000 0.250000 
 173
0.479817 0.002794 0.046210 
0.462778 0.994291 0.462022 
0.057405 0.002915 0.491768 
0.003281 0.003281 0.003792 0.989646 
0.250000 0.250000 0.250000 0.250000 
 174
0.479817 0.002794 0.046210 
0.462778 0.994291 0.462022 
0.057405 0.002915 0.491768 
0.003281 0.003281 0.988199 0.005238 
0.250000 0.250000 0.250000 0.250000 
 175
0.479817 0.002794 0.046210 
0.462778 0.994291 0.462022 
0.057405 0.002915 0.491768 
0.004255 0.003281 0.989182 0.003281 
0.250000 0.250000 0.250000 0.250000 
 176
0.479817 0.002794 0.046210 
0.462778 0.994291 0.462022 
0.057405 0.002915 0.491768 
0.003281 0.003281 0.003281 0.990157 
0.250000 0.250000 0.250000 0.250000 
 177
0.479817 0.002794 0.046210 
0.462778 0.994291 0.462022 
0.057405 0.002915 0.491768 
0.003894 0.003281 0.004007 0.988818 
0.250000 0.250000 0.250000 0.250000 
 178
0.479817 0.002794 0.046210 
0.462778 0.994291 0.462022 
0.057405 0.002915 0.491768 
0.003281 0.990157 0.003281 0.003281 
0.250000 0.250000 0.250000 0.250000 
 179
0.479817 0.002794 0.046210 
0.462778 0.994291 0.462022 
0.057405 0.002915 0.491768 
0.990157 0.003281 0.003281 0.003281 
0.250000 0.250000 0.250000 0.250000 
 180
0.479817 0.002794 0.046210 
0.462778 0.994291 0.462022 
0.057405 0.002915 0.491768 
0.003282 0.003282 0.004483 0.988953 
0.250000 0.250000 0.250000 0.250000 
 181
0.479817 0.002794 0.046210 
0.462778 0.994291 0.462022 
0.057405 0.002915 0.491768 
0.003281 0.990157 0.003281 0.003281 
0.250000 0.250000 0.250000 0.250000 
 182
0.479817 0.002794 0.046210 
0.462778 0.994291 0.462022 
0.057405 0.002915 0.491768 
0.003281 0.990157 0.003281 0.003281 
0.250000 0.250000 0.250000 0.250000 
 183
0.479817 0.002794 0.046210 
0.462778 0.994291 0.462022 
0.057405 0.002915 0.491768 
0.985788 0.007198 0.003733 0.003281 
0.250000 0.250000 0.250000 0.250000 
 184
0.479817 0.002794 0.046210 
0.462778 0.994291 0.462022 
0.057405 0.002915 0.491768 
0.033508 0.959928 0.003282 0.003282 
0.250000 0.250000 0.250000 0.250000 
 185
0.479817 0.002794 0.046210 
0.462778 0.994291 0.462022 
0.057405 0.002915 0.491768 
0.987156 0.006279 0.003282 0.003282 
0.250000 0.250000 0.250000 0.250000 
 186
0.479817 0.002794 0.046210 
0.462778 0.994291 0.462022 
0.057405 0.002915 0.491768 
0.988146 0.004881 0.003691 0.003282 
0.250000 0.250000 0.250000 0.250000 
 187
0.479817 0.002794 0.046210 
0.462778 0.994291 0.462022 
0.057405 0.002915 0.491768 
0.989129 0.003700 0.003571 0.003600 
0.250000 0.250000 0.250000 0.250000 
 188
0.479817 0.002794 0.046210 
0.462778 0.994291 0.462022 
0.057405 0.002915 0.491768 
0.990156 0.003281 0.003281 0.003281 
0.250000 0.250000 0.250000 0.250000 
 189
0.479817 0.002794 0.046210 
0.462778 0.994291 0.462022 
0.057405 0.002915 0.491768 
0.003978 0.003281 0.984128 0.008612 
0.250000 0.250000 0.250000 0.250000 
 190
0.479817 0.002794 0.046210 
0.462778 0.994291 0.462022 
0.057405 0.002915 0.491768 
0.003281 0.003281 0.003281 0.990157 
0.250000 0.250000 0.250000 0.250000 
 191
0.479817 0.002794 0.046210 
0.462778 0.994291 0.462022 
0.057405 0.002915 0.491768 
0.003281 0.990157 0.003281 0.003281 
0.250000 0.250000 0.250000 0.250000 
 192
0.479817 0.002794 0.046210 
0.462778 0.994291 0.462022 
0.057405 0.002915 0.491768 
0.003281 0.003281 0.987599 0.005838 
0.250000 0.250000 0.250000 0.250000 
 193
0.479817 0.002794 0.046210 
0.462778 0.994291 0.462022 
0.057405 0.002915 0.491768 
0.990157 0.003281 0.003281 0.003281 
0.250000 0.250000 0.250000 0.250000 
 194
0.479817 0.002794 0.046210 
0.462778 0.994291 0.462022 
0.057405 0.002915 0.491768 
0.003281 0.003281 0.989754 0.003685 
0.250000 0.250000 0.250000 0.250000 
 195
0.479817 0.002794 0.046210 
0.462778 0.994291 0.462022 
0.057405 0.002915 0.491768 
0.988713 0.003626 0.004380 0.003281 
0.250000 0.250000 0.250000 0.250000 
 196
0.479817 0.002794 0.046210 
0.462778 0.994291 0.462022 
0.057405 0.002915 0.491768 
0.003281 0.003281 0.986866 0.006572 
0.250000 0.250000 0.250000 0.250000 
 197
0.479817 0.002794 0.046210 
0.462778 0.994291 0.462022 
0.057405 0.002915 0.491768 
0.003281 0.003281 0.003281 0.990157 
0.250000 0.250000 0.250000 0.250000 
 198
0.479817 0.002794 0.046210 
0.462778 0.994291 0.462022 
0.057405 0.002915 0.491768 
0.985771 0.005026 0.005923 0.003281 
0.250000 0.250000 0.250000 0.250000 
 199
0.479817 0.002794 0.046210 
0.462778 0.994291 0.462022 
0.057405 0.002915 0.491768 
0.988858 0.004276 0.003281 0.003585 
0.250000 0.250000 0.250000 0.250000 
 200
0.479817 0.002794 0.046210 
0.462778 0.994291 0.462022 
0.057405 0.002915 0.491768 
0.003281 0.003281 0.003281 0.990157 
0.250000 0.250000 0.250000 0.250000 
 201
0.479817 0.002794 0.046210 
0.462778 0.994291 0.462022 
0.057405 0.002915 0.491768 
0.984953 0.007787 0.003700 0.003561 
0.250000 0.250000 0.250000 0.250000 
 202
0.479817 0.002794 0.046210 
0.462778 0.994291 0.462022 
0.057405 0.002915 0.491768 
0.004339 0.989099 0.003281 0.003281 
0.250000 0.250000 0.250000 0.250000 
 203
0.479817 0.002794 0.046210 
0.462778 0.994291 0.462022 
0.057405 0.002915 0.491768 
0.990157 0.003281 0.003281 0.003281 
0.250000 0.250000 0.250000 0.250000 
 204
0.479817 0.002794 0.046210 
0.462778 0.994291 0.462022 
0.057405 0.002915 0.491768 
0.003281 0.003281 0.005489 0.987948 
0.250000 0.250000 0.250000 0.250000 
 205
0.479817 0.002794 0.046210 
0.462778 0.994291 0.462022 
0.057405 0.002915 0.491768 
0.003710 0.989218 0.003281 0.003791 
0.250000 0.250000 0.250000 0.250000 
 206
0.479817 0.002794 0.046210 
0.462778 0.994291 0.462022 
0.057405 0.002915 0.491768 
0.003281 0.003281 0.989624 0.003815 
0.250000 0.250000 0.250000 0.250000 
 207
0.479817 0.002794 0.046210 
0.462778 0.994291 0.462022 
0.057405 0.002915 0.491768 
0.003654 0.003673 0.003967 0.988705 
0.250000 0.250000 0.250000 0.250000 
 208
0.479817 0.002794 0.046210 
0.462778 0.994291 0.462022 
0.057405 0.002915 0.491768 
0.003744 0.003281 0.988795 0.004179 
0.250000 0.250000 0.250000 0.250000 
 209
0.479817 0.002794 0.046210 
0.462778 0.994291 0.462022 
0.057405 0.002915 0.491768 
0.003281 0.003281 0.003281 0.990157 
0.250000 0.250000 0.250000 0.250000 
 210
0.479817 0.002794 0.046210 
0.462778 0.994291 0.462022 
0.057405 0.002915 0.491768 
0.988353 0.005085 0.003281 0.003281 
0.250000 0.250000 0.250000 0.250000 
 211
0.479817 0.002794 0.046210 
0.462778 0.994291 0.462022 
0.057405 0.002915 0.491768 
0.003281 0.003281 0.004794 0.988644 
0.250000 0.250000 0.250000 0.250000 
 212
0.479817 0.002794 0.046210 
0.462778 0.994291 0.462022 
0.057405 0.002915 0.491768 
0.003281 0.003281 0.003281 0.990157 
0.250000 0.250000 0.250000 0.250000 
 213
0.479817 0.002794 0.046210 
0.462778 0.994291 0.462022 
0.057405 0.002915 0.491768 
0.008386 0.985051 0.003281 0.003281 
0.250000 0.250000 0.250000 0.250000 
 214
0.479817 0.002794 0.046210 
0.462778 0.994291 0.462022 
0.057405 0.002915 0.491768 
0.003281 0.990157 0.003281 0.003281 
0.250000 0.250000 0.250000 0.250000 
 215
0.479817 0.002794 0.046210 
0.462778 0.994291 0.462022 
0.057405 0.002915 0.491768 
0.003281 0.990157 0.003281 0.003281 
0.250000 0.250000 0.250000 0.250000 
 216
0.479817 0.002794 0.046210 
0.462778 0.994291 0.462022 
0.057405 0.002915 0.491768 
0.985773 0.007153 0.003538 0.003536 
0.250000 0.250000 0.250000 0.250000 
 217
0.479817 0.002794 0.046210 
0.462778 0.994291 0.462022 
0.057405 0.002915 0.491768 
0.003281 0.990157 0.003281 0.003281 
0.250000 0.250000 0.250000 0.250000 
 218
0.479817 0.002794 0.046210 
0.462778 0.994291 0.462022 
0.057405 0.002915 0.491768 
0.989451 0.003987 0.003281 0.003281 
0.250000 0.250000 0.250000 0.250000 
 219
0.479817 0.002794 0.046210 
0.462778 0.994291 0.462022 
0.057405 0.002915 0.491768 
0.003585 0.003281 0.980686 0.012448 
0.250000 0.250000 0.250000 0.250000 
 220
0.479817 0.002794 0.046210 
0.462778 0.994291 0.462022 
0.057405 0.002915 0.491768 
0.003281 0.003281 0.990157 0.003281 
0.250000 0.250000 0.250000 0.250000 
 221
0.479817 0.002794 0.046210 
0.462778 0.994291 0.462022 
0.057405 0.002915 0.491768 
0.003281 0.003281 0.990157 0.003281 
0.250000 0.250000 0.250000 0.250000 
 222
0.479817 0.002794 0.046210 
0.462778 0.994291 0.462022 
0.057405 0.002915 0.491768 
0.003281 0.003281 0.004853 0.988584 
0.250000 0.250000 0.250000 0.250000 
 223
0.479817 0.002794 0.046210 
0.462778 0.994291 0.462022 
0.057405 0.002915 0.491768 
0.003725 0.003281 0.989713 0.003281 
0.250000 0.250000 0.250000 0.250000 
 224
0.479817 0.002794 0.046210 
0.462778 0.994291 0.462022 
0.057405 0.002915 0.491768 
0.989423 0.003600 0.003281 0.003697 
0.250000 0.250000 0.250000 0.250000 
 225
0.479817 0.002794 0.046210 
0.462778 0.994291 0.462022 
0.057405 0.002915 0.491768 
0.005835 0.986788 0.003281 0.004096 
0.250000 0.250000 0.250000 0.250000 
 226
0.479817 0.002794 0.046210 
0.462778 0.994291 0.462022 
0.057405 0.002915 0.491768 
0.003281 0.003281 0.003281 0.990157 
0.250000 0.250000 0.250000 0.250000 
 227
0.479817 0.002794 0.046210 
0.462778 0.994291 0.462022 
0.057405 0.002915 0.491768 
0.003281 0.990157 0.003281 0.003281 
0.250000 0.250000 0.250000 0.250000 
 228
0.479817 0.002794 0.046210 
0.462778 0.994291 0.462022 
0.057405 0.002915 0.491768 
0.003281 0.003281 0.003915 0.989523 
0.250000 0.250000 0.250000 0.250000 
 229
0.479817 0.002794 0.046210 
0.462778 0.994291 0.462022 
0.057405 0.002915 0.491768 
0.003281 0.990157 0.003281 0.003281 
0.250000 0.250000 0.250000 0.250000 
 230
0.479817 0.002794 0.046210 
0.462778 0.994291 0.462022 
0.057405 0.002915 0.491768 
0.990157 0.003281 0.003281 0.003281 
0.250000 0.250000 0.250000 0.250000 
 231
0.479817 0.002794 0.046210 
0.462778 0.994291 0.462022 
0.057405 0.002915 0.491768 
0.003564 0.006503 0.004906 0.985028 
0.250000 0.250000 0.250000 0.250000 
 232
0.479817 0.002794 0.046210 
0.462778 0.994291 0.462022 
0.057405 0.002915 0.491768 
0.005559 0.987468 0.003281 0.003692 
0.250000 0.250000 0.250000 0.250000 
 233
0.479817 0.002794 0.046210 
0.462778 0.994291 0.462022 
0.057405 0.002915 0.491768 
0.007745 0.985693 0.003281 0.003281 
0.250000 0.250000 0.250000 0.250000 
 234
0.479817 0.002794 0.046210 
0.462778 0.994291 0.462022 
0.057405 0.002915 0.491768 
0.005810 0.003281 0.987122 0.003787 
0.250000 0.250000 0.250000 0.250000 
 235
0.479817 0.002794 0.046210 
0.462778 0.994291 0.462022 
0.057405 0.002915 0.491768 
0.003281 0.003627 0.005484 0.987608 
