%  SAM: /scicomp/home/vfn4/nomen/label/LABEL_RES/scripts/modelfromalign_Linux v3.5 (July 15, 2005) compiled 12/08/06_16:15:55
%  (c) 1992-2001 Regents of the University of California, Santa Cruz
%
%          Sequence Alignment and Modeling Software System
%         http://www.cse.ucsc.edu/research/compbio/sam.html
%
% ----------------- Citations (SAM, SAM-T2K, HMMs) --------------------
% R. Hughey, A. Krogh, Hidden Markov models for sequence analysis:
%  Extension and analysis of the basic method, CABIOS 12:95-107, 1996.
% K. Karplus, et al., What is the value added by human intervention in protein
%  structure prediction, Proteins: Stucture, Function, Genetics 45(S5):86--91, 2001.
% A. Krogh et al., Hidden Markov models in computational biology:
%  Applications to protein modeling, JMB 235:1501-1531, Feb 1994.
% ---------------------------------------------------------------------
%  3C.2a3_hmm   Host: id-dev-03    Mon Dec  2 14:47:07 2019
%  vfn4         Dir:  /scicomp/groups/OID/NCIRD/ID-OD/ID_nomenclatures/H3/training/H3v2019R1/stub3r1
% ---------------------------------------------------------------------
%  Alignment weights from internal calc.  Total (46.94) Max (0.08) Min (0.01)
%  Weights from alignment method 1 (karplus), b=-1.000000, e=0.500000
MODEL --  Model from alignment file /scicomp/home/vfn4/nomen/label/LABEL_RES/training_data/stub3/3C.2a3.fasta
alphabet DNA
FREQAVE
0.000000 0.000000 0.000000 
0.000000 0.000000 0.000000 
0.000000 0.000000 0.000000 
0.346538 0.221541 0.194750 0.237171 
0.346538 0.221541 0.194750 0.237171 
Begin
0.000000 0.000000 0.000000 
0.000000 0.000000 0.000000 
0.000000 0.004223 0.491768 
0.250000 0.250000 0.250000 0.250000 
0.250000 0.250000 0.250000 0.250000 
   1
0.000000 0.012817 0.046210 
0.000000 0.982960 0.462022 
0.050337 0.004261 0.491768 
0.007321 0.005276 0.982127 0.005276 
0.250000 0.250000 0.250000 0.250000 
   2
0.543868 0.004391 0.046210 
0.405795 0.991348 0.462022 
0.050122 0.004262 0.491768 
0.984165 0.005278 0.005278 0.005278 
0.250000 0.250000 0.250000 0.250000 
   3
0.541552 0.004085 0.046210 
0.408326 0.991653 0.462022 
0.050337 0.004261 0.491768 
0.984172 0.005276 0.005276 0.005276 
0.250000 0.250000 0.250000 0.250000 
   4
0.536047 0.004084 0.046210 
0.413616 0.991656 0.462022 
0.050734 0.004258 0.491768 
0.981425 0.008031 0.005272 0.005272 
0.250000 0.250000 0.250000 0.250000 
   5
0.513525 0.004082 0.046210 
0.435741 0.991660 0.462022 
0.052128 0.004250 0.491768 
0.984223 0.005259 0.005259 0.005259 
0.250000 0.250000 0.250000 0.250000 
   6
0.527638 0.004074 0.046210 
0.420234 0.991676 0.462022 
0.052128 0.004250 0.491768 
0.981210 0.008272 0.005259 0.005259 
0.250000 0.250000 0.250000 0.250000 
   7
0.527638 0.004074 0.046210 
0.420234 0.991676 0.462022 
0.052128 0.004250 0.491768 
0.982776 0.006163 0.005794 0.005267 
0.250000 0.250000 0.250000 0.250000 
   8
0.519850 0.004074 0.046210 
0.428022 0.991676 0.462022 
0.052537 0.004248 0.491768 
0.005255 0.005255 0.005255 0.984234 
0.250000 0.250000 0.250000 0.250000 
   9
0.523930 0.004072 0.046210 
0.423532 0.991681 0.462022 
0.052537 0.004248 0.491768 
0.006249 0.005255 0.006951 0.981544 
0.250000 0.250000 0.250000 0.250000 
  10
0.523930 0.004072 0.046210 
0.423532 0.991681 0.462022 
0.052537 0.004248 0.491768 
0.006226 0.005255 0.981253 0.007265 
0.250000 0.250000 0.250000 0.250000 
  11
0.523930 0.004072 0.046210 
0.423532 0.991681 0.462022 
0.052537 0.004248 0.491768 
0.005255 0.005255 0.983058 0.006432 
0.250000 0.250000 0.250000 0.250000 
  12
0.523930 0.004072 0.046210 
0.423532 0.991681 0.462022 
0.052537 0.004248 0.491768 
0.006221 0.005255 0.005894 0.982630 
0.250000 0.250000 0.250000 0.250000 
  13
0.507779 0.004072 0.046210 
0.439684 0.991681 0.462022 
0.053399 0.004243 0.491768 
0.005918 0.983586 0.005248 0.005248 
0.250000 0.250000 0.250000 0.250000 
  14
0.516115 0.004067 0.046210 
0.430485 0.991690 0.462022 
0.053399 0.004243 0.491768 
0.008086 0.981419 0.005248 0.005248 
0.250000 0.250000 0.250000 0.250000 
  15
0.516115 0.004067 0.046210 
0.430485 0.991690 0.462022 
0.053399 0.004243 0.491768 
0.972160 0.017345 0.005248 0.005248 
0.250000 0.250000 0.250000 0.250000 
  16
0.516115 0.004067 0.046210 
0.430485 0.991690 0.462022 
0.053399 0.004243 0.491768 
0.981465 0.008039 0.005248 0.005248 
0.250000 0.250000 0.250000 0.250000 
  17
0.516115 0.004067 0.046210 
0.430485 0.991690 0.462022 
0.053399 0.004243 0.491768 
0.982193 0.007312 0.005248 0.005248 
0.250000 0.250000 0.250000 0.250000 
  18
0.516115 0.004067 0.046210 
0.430485 0.991690 0.462022 
0.053399 0.004243 0.491768 
0.005248 0.005248 0.005248 0.984257 
0.250000 0.250000 0.250000 0.250000 
  19
0.512816 0.004067 0.046210 
0.433785 0.991690 0.462022 
0.053576 0.004242 0.491768 
0.005246 0.984262 0.005246 0.005246 
0.250000 0.250000 0.250000 0.250000 
  20
0.514513 0.004066 0.046210 
0.431910 0.991692 0.462022 
0.053576 0.004242 0.491768 
0.984262 0.005246 0.005246 0.005246 
0.250000 0.250000 0.250000 0.250000 
  21
0.500369 0.004066 0.046210 
0.446055 0.991692 0.462022 
0.054345 0.004238 0.491768 
0.006961 0.005239 0.981563 0.006237 
0.250000 0.250000 0.250000 0.250000 
  22
0.507548 0.004062 0.046210 
0.438107 0.991700 0.462022 
0.054345 0.004238 0.491768 
0.983364 0.006157 0.005239 0.005239 
0.250000 0.250000 0.250000 0.250000 
  23
0.507548 0.004062 0.046210 
0.438107 0.991700 0.462022 
0.054345 0.004238 0.491768 
0.984282 0.005239 0.005239 0.005239 
0.250000 0.250000 0.250000 0.250000 
  24
0.507548 0.004062 0.046210 
0.438107 0.991700 0.462022 
0.054345 0.004238 0.491768 
0.005239 0.005239 0.011761 0.977760 
0.250000 0.250000 0.250000 0.250000 
  25
0.507548 0.004062 0.046210 
0.438107 0.991700 0.462022 
0.054345 0.004238 0.491768 
0.980773 0.007704 0.006283 0.005239 
0.250000 0.250000 0.250000 0.250000 
  26
0.507548 0.004062 0.046210 
0.438107 0.991700 0.462022 
0.054345 0.004238 0.491768 
0.006429 0.983092 0.005239 0.005239 
0.250000 0.250000 0.250000 0.250000 
  27
0.489708 0.004062 0.046210 
0.455947 0.991700 0.462022 
0.055332 0.004233 0.491768 
0.005231 0.005231 0.982314 0.007223 
0.250000 0.250000 0.250000 0.250000 
  28
0.498603 0.004058 0.046210 
0.446065 0.991709 0.462022 
0.055332 0.004233 0.491768 
0.984306 0.005231 0.005231 0.005231 
0.250000 0.250000 0.250000 0.250000 
  29
0.487230 0.004058 0.046210 
0.457438 0.991709 0.462022 
0.055969 0.004230 0.491768 
0.005226 0.005226 0.982571 0.006976 
0.250000 0.250000 0.250000 0.250000 
  30
0.489062 0.004055 0.046210 
0.454969 0.991715 0.462022 
0.056181 0.004229 0.491768 
0.007505 0.980050 0.005225 0.007219 
0.250000 0.250000 0.250000 0.250000 
  31
0.490914 0.004054 0.046210 
0.452905 0.991717 0.462022 
0.056181 0.004229 0.491768 
0.005225 0.983485 0.005225 0.006065 
0.250000 0.250000 0.250000 0.250000 
  32
0.490914 0.004054 0.046210 
0.452905 0.991717 0.462022 
0.056181 0.004229 0.491768 
0.005225 0.005225 0.984326 0.005225 
0.250000 0.250000 0.250000 0.250000 
  33
0.490914 0.004054 0.046210 
0.452905 0.991717 0.462022 
0.056181 0.004229 0.491768 
0.982786 0.006759 0.005227 0.005227 
0.250000 0.250000 0.250000 0.250000 
  34
0.490914 0.004054 0.046210 
0.452905 0.991717 0.462022 
0.056181 0.004229 0.491768 
0.984320 0.005227 0.005227 0.005227 
0.250000 0.250000 0.250000 0.250000 
  35
0.490914 0.004054 0.046210 
0.452905 0.991717 0.462022 
0.056181 0.004229 0.491768 
0.005996 0.005225 0.980555 0.008225 
0.250000 0.250000 0.250000 0.250000 
  36
0.490914 0.004054 0.046210 
0.452905 0.991717 0.462022 
0.056181 0.004229 0.491768 
0.010310 0.978068 0.005226 0.006396 
0.250000 0.250000 0.250000 0.250000 
  37
0.490914 0.004054 0.046210 
0.452905 0.991717 0.462022 
0.056181 0.004229 0.491768 
0.005225 0.005225 0.982372 0.007179 
0.250000 0.250000 0.250000 0.250000 
  38
0.482868 0.004054 0.046210 
0.460951 0.991717 0.462022 
0.056636 0.004227 0.491768 
0.005221 0.005221 0.005221 0.984337 
0.250000 0.250000 0.250000 0.250000 
  39
0.486785 0.004052 0.046210 
0.456579 0.991722 0.462022 
0.056636 0.004227 0.491768 
0.032358 0.955656 0.005221 0.006765 
0.250000 0.250000 0.250000 0.250000 
  40
0.482978 0.004052 0.046210 
0.460386 0.991722 0.462022 
0.056853 0.004226 0.491768 
0.005219 0.005219 0.005219 0.984342 
0.250000 0.250000 0.250000 0.250000 
  41
0.484824 0.004051 0.046210 
0.458324 0.991724 0.462022 
0.056853 0.004226 0.491768 
0.005219 0.984342 0.005219 0.005219 
0.250000 0.250000 0.250000 0.250000 
  42
0.479061 0.004051 0.046210 
0.464087 0.991724 0.462022 
0.057182 0.004224 0.491768 
0.005217 0.005217 0.983747 0.005819 
0.250000 0.250000 0.250000 0.250000 
  43
0.481838 0.004049 0.046210 
0.460980 0.991727 0.462022 
0.057182 0.004224 0.491768 
0.006116 0.005217 0.983450 0.005217 
0.250000 0.250000 0.250000 0.250000 
  44
0.481838 0.004049 0.046210 
0.460980 0.991727 0.462022 
0.057182 0.004224 0.491768 
0.005217 0.005217 0.005217 0.984349 
0.250000 0.250000 0.250000 0.250000 
  45
0.481838 0.004049 0.046210 
0.460980 0.991727 0.462022 
0.057182 0.004224 0.491768 
0.006698 0.005217 0.005863 0.982223 
0.250000 0.250000 0.250000 0.250000 
  46
0.481838 0.004049 0.046210 
0.460980 0.991727 0.462022 
0.057182 0.004224 0.491768 
0.005217 0.984349 0.005217 0.005217 
0.250000 0.250000 0.250000 0.250000 
  47
0.481838 0.004049 0.046210 
0.460980 0.991727 0.462022 
0.057182 0.004224 0.491768 
0.005217 0.984349 0.005217 0.005217 
0.250000 0.250000 0.250000 0.250000 
  48
0.481838 0.004049 0.046210 
0.460980 0.991727 0.462022 
0.057182 0.004224 0.491768 
0.007625 0.981938 0.005219 0.005219 
0.250000 0.250000 0.250000 0.250000 
  49
0.481838 0.004049 0.046210 
0.460980 0.991727 0.462022 
0.057182 0.004224 0.491768 
0.005217 0.005217 0.984349 0.005217 
0.250000 0.250000 0.250000 0.250000 
  50
0.481838 0.004049 0.046210 
0.460980 0.991727 0.462022 
0.057182 0.004224 0.491768 
0.984339 0.005220 0.005220 0.005220 
0.250000 0.250000 0.250000 0.250000 
  51
0.481838 0.004049 0.046210 
0.460980 0.991727 0.462022 
0.057182 0.004224 0.491768 
0.005217 0.005217 0.984349 0.005217 
0.250000 0.250000 0.250000 0.250000 
  52
0.481838 0.004049 0.046210 
0.460980 0.991727 0.462022 
0.057182 0.004224 0.491768 
0.005217 0.005217 0.983748 0.005819 
0.250000 0.250000 0.250000 0.250000 
  53
0.481838 0.004049 0.046210 
0.460980 0.991727 0.462022 
0.057182 0.004224 0.491768 
0.984349 0.005217 0.005217 0.005217 
0.250000 0.250000 0.250000 0.250000 
  54
0.481838 0.004049 0.046210 
0.460980 0.991727 0.462022 
0.057182 0.004224 0.491768 
0.005219 0.005219 0.005219 0.984342 
0.250000 0.250000 0.250000 0.250000 
  55
0.481838 0.004049 0.046210 
0.460980 0.991727 0.462022 
0.057182 0.004224 0.491768 
0.006102 0.982008 0.005217 0.006673 
0.250000 0.250000 0.250000 0.250000 
  56
0.481838 0.004049 0.046210 
0.460980 0.991727 0.462022 
0.057182 0.004224 0.491768 
0.005217 0.005217 0.984349 0.005217 
0.250000 0.250000 0.250000 0.250000 
  57
0.481838 0.004049 0.046210 
0.460980 0.991727 0.462022 
0.057182 0.004224 0.491768 
0.984349 0.005217 0.005217 0.005217 
0.250000 0.250000 0.250000 0.250000 
  58
0.481838 0.004049 0.046210 
0.460980 0.991727 0.462022 
0.057182 0.004224 0.491768 
0.005819 0.983747 0.005217 0.005217 
0.250000 0.250000 0.250000 0.250000 
  59
0.477954 0.004049 0.046210 
0.464864 0.991727 0.462022 
0.057405 0.004223 0.491768 
0.005215 0.005215 0.005215 0.984354 
0.250000 0.250000 0.250000 0.250000 
  60
0.479817 0.004048 0.046210 
0.462778 0.991729 0.462022 
0.057405 0.004223 0.491768 
0.980579 0.008987 0.005217 0.005217 
0.250000 0.250000 0.250000 0.250000 
  61
0.479817 0.004048 0.046210 
0.462778 0.991729 0.462022 
0.057405 0.004223 0.491768 
0.005215 0.005215 0.982858 0.006711 
0.250000 0.250000 0.250000 0.250000 
  62
0.479817 0.004048 0.046210 
0.462778 0.991729 0.462022 
0.057405 0.004223 0.491768 
0.005215 0.005215 0.984354 0.005215 
0.250000 0.250000 0.250000 0.250000 
  63
0.479817 0.004048 0.046210 
0.462778 0.991729 0.462022 
0.057405 0.004223 0.491768 
0.870960 0.118035 0.005789 0.005215 
0.250000 0.250000 0.250000 0.250000 
  64
0.479817 0.004048 0.046210 
0.462778 0.991729 0.462022 
0.057405 0.004223 0.491768 
0.984354 0.005215 0.005215 0.005215 
0.250000 0.250000 0.250000 0.250000 
  65
0.479817 0.004048 0.046210 
0.462778 0.991729 0.462022 
0.057405 0.004223 0.491768 
0.984354 0.005215 0.005215 0.005215 
0.250000 0.250000 0.250000 0.250000 
  66
0.479817 0.004048 0.046210 
0.462778 0.991729 0.462022 
0.057405 0.004223 0.491768 
0.006137 0.005215 0.979157 0.009491 
0.250000 0.250000 0.250000 0.250000 
  67
0.479817 0.004048 0.046210 
0.462778 0.991729 0.462022 
0.057405 0.004223 0.491768 
0.005215 0.984354 0.005215 0.005215 
0.250000 0.250000 0.250000 0.250000 
  68
0.479817 0.004048 0.046210 
0.462778 0.991729 0.462022 
0.057405 0.004223 0.491768 
0.005215 0.984354 0.005215 0.005215 
0.250000 0.250000 0.250000 0.250000 
  69
0.479817 0.004048 0.046210 
0.462778 0.991729 0.462022 
0.057405 0.004223 0.491768 
0.980779 0.008211 0.005795 0.005215 
0.250000 0.250000 0.250000 0.250000 
  70
0.479817 0.004048 0.046210 
0.462778 0.991729 0.462022 
0.057405 0.004223 0.491768 
0.984354 0.005215 0.005215 0.005215 
0.250000 0.250000 0.250000 0.250000 
  71
0.479817 0.004048 0.046210 
0.462778 0.991729 0.462022 
0.057405 0.004223 0.491768 
0.005215 0.005215 0.984354 0.005215 
0.250000 0.250000 0.250000 0.250000 
  72
0.479817 0.004048 0.046210 
0.462778 0.991729 0.462022 
0.057405 0.004223 0.491768 
0.007987 0.907748 0.005215 0.079050 
0.250000 0.250000 0.250000 0.250000 
  73
0.479817 0.004048 0.046210 
0.462778 0.991729 0.462022 
0.057405 0.004223 0.491768 
0.980685 0.008884 0.005215 0.005215 
0.250000 0.250000 0.250000 0.250000 
  74
0.479817 0.004048 0.046210 
0.462778 0.991729 0.462022 
0.057405 0.004223 0.491768 
0.005218 0.005218 0.006220 0.983345 
0.250000 0.250000 0.250000 0.250000 
  75
0.479817 0.004048 0.046210 
0.462778 0.991729 0.462022 
0.057405 0.004223 0.491768 
0.984354 0.005215 0.005215 0.005215 
0.250000 0.250000 0.250000 0.250000 
  76
0.479817 0.004048 0.046210 
0.462778 0.991729 0.462022 
0.057405 0.004223 0.491768 
0.005215 0.984354 0.005215 0.005215 
0.250000 0.250000 0.250000 0.250000 
  77
0.479817 0.004048 0.046210 
0.462778 0.991729 0.462022 
0.057405 0.004223 0.491768 
0.005215 0.005215 0.005215 0.984354 
0.250000 0.250000 0.250000 0.250000 
  78
0.479817 0.004048 0.046210 
0.462778 0.991729 0.462022 
0.057405 0.004223 0.491768 
0.006054 0.982944 0.005215 0.005787 
0.250000 0.250000 0.250000 0.250000 
  79
0.479817 0.004048 0.046210 
0.462778 0.991729 0.462022 
0.057405 0.004223 0.491768 
0.984354 0.005215 0.005215 0.005215 
0.250000 0.250000 0.250000 0.250000 
  80
0.479817 0.004048 0.046210 
0.462778 0.991729 0.462022 
0.057405 0.004223 0.491768 
0.982106 0.007464 0.005215 0.005215 
0.250000 0.250000 0.250000 0.250000 
  81
0.479817 0.004048 0.046210 
0.462778 0.991729 0.462022 
0.057405 0.004223 0.491768 
0.982938 0.006631 0.005215 0.005215 
0.250000 0.250000 0.250000 0.250000 
  82
0.479817 0.004048 0.046210 
0.462778 0.991729 0.462022 
0.057405 0.004223 0.491768 
0.984354 0.005215 0.005215 0.005215 
0.250000 0.250000 0.250000 0.250000 
  83
0.479817 0.004048 0.046210 
0.462778 0.991729 0.462022 
0.057405 0.004223 0.491768 
0.005215 0.005215 0.984354 0.005215 
0.250000 0.250000 0.250000 0.250000 
  84
0.479817 0.004048 0.046210 
0.462778 0.991729 0.462022 
0.057405 0.004223 0.491768 
0.981687 0.007173 0.005925 0.005215 
0.250000 0.250000 0.250000 0.250000 
  85
0.479817 0.004048 0.046210 
0.462778 0.991729 0.462022 
0.057405 0.004223 0.491768 
0.979866 0.009124 0.005795 0.005215 
0.250000 0.250000 0.250000 0.250000 
  86
0.479817 0.004048 0.046210 
0.462778 0.991729 0.462022 
0.057405 0.004223 0.491768 
0.005215 0.005215 0.005215 0.984354 
0.250000 0.250000 0.250000 0.250000 
  87
0.479817 0.004048 0.046210 
0.462778 0.991729 0.462022 
0.057405 0.004223 0.491768 
0.005215 0.005215 0.979957 0.009613 
0.250000 0.250000 0.250000 0.250000 
  88
0.479817 0.004048 0.046210 
0.462778 0.991729 0.462022 
0.057405 0.004223 0.491768 
0.947637 0.041932 0.005215 0.005215 
0.250000 0.250000 0.250000 0.250000 
  89
0.479817 0.004048 0.046210 
0.462778 0.991729 0.462022 
0.057405 0.004223 0.491768 
0.005215 0.005215 0.983755 0.005815 
0.250000 0.250000 0.250000 0.250000 
  90
0.479817 0.004048 0.046210 
0.462778 0.991729 0.462022 
0.057405 0.004223 0.491768 
0.981807 0.007763 0.005215 0.005215 
0.250000 0.250000 0.250000 0.250000 
  91
0.479817 0.004048 0.046210 
0.462778 0.991729 0.462022 
0.057405 0.004223 0.491768 
0.981190 0.008374 0.005218 0.005218 
0.250000 0.250000 0.250000 0.250000 
  92
0.479817 0.004048 0.046210 
0.462778 0.991729 0.462022 
0.057405 0.004223 0.491768 
0.969187 0.020382 0.005215 0.005215 
0.250000 0.250000 0.250000 0.250000 
  93
0.479817 0.004048 0.046210 
0.462778 0.991729 0.462022 
0.057405 0.004223 0.491768 
0.005215 0.005215 0.007311 0.982258 
0.250000 0.250000 0.250000 0.250000 
  94
0.479817 0.004048 0.046210 
0.462778 0.991729 0.462022 
0.057405 0.004223 0.491768 
0.005217 0.984349 0.005217 0.005217 
0.250000 0.250000 0.250000 0.250000 
  95
0.479817 0.004048 0.046210 
0.462778 0.991729 0.462022 
0.057405 0.004223 0.491768 
0.982874 0.006696 0.005215 0.005215 
0.250000 0.250000 0.250000 0.250000 
  96
0.479817 0.004048 0.046210 
0.462778 0.991729 0.462022 
0.057405 0.004223 0.491768 
0.005215 0.005215 0.984354 0.005215 
0.250000 0.250000 0.250000 0.250000 
  97
0.479817 0.004048 0.046210 
0.462778 0.991729 0.462022 
0.057405 0.004223 0.491768 
0.005825 0.005215 0.983745 0.005215 
0.250000 0.250000 0.250000 0.250000 
  98
0.479817 0.004048 0.046210 
0.462778 0.991729 0.462022 
0.057405 0.004223 0.491768 
0.025261 0.963336 0.005221 0.006182 
0.250000 0.250000 0.250000 0.250000 
  99
0.479817 0.004048 0.046210 
0.462778 0.991729 0.462022 
0.057405 0.004223 0.491768 
0.979869 0.008894 0.005215 0.006021 
0.250000 0.250000 0.250000 0.250000 
 100
0.479817 0.004048 0.046210 
0.462778 0.991729 0.462022 
0.057405 0.004223 0.491768 
0.982948 0.006086 0.005751 0.005215 
0.250000 0.250000 0.250000 0.250000 
 101
0.479817 0.004048 0.046210 
0.462778 0.991729 0.462022 
0.057405 0.004223 0.491768 
0.005215 0.005215 0.006239 0.983330 
0.250000 0.250000 0.250000 0.250000 
 102
0.479817 0.004048 0.046210 
0.462778 0.991729 0.462022 
0.057405 0.004223 0.491768 
0.005845 0.005215 0.005215 0.983724 
0.250000 0.250000 0.250000 0.250000 
 103
0.479817 0.004048 0.046210 
0.462778 0.991729 0.462022 
0.057405 0.004223 0.491768 
0.005215 0.984354 0.005215 0.005215 
0.250000 0.250000 0.250000 0.250000 
 104
0.479817 0.004048 0.046210 
0.462778 0.991729 0.462022 
0.057405 0.004223 0.491768 
0.984354 0.005215 0.005215 0.005215 
0.250000 0.250000 0.250000 0.250000 
 105
0.479817 0.004048 0.046210 
0.462778 0.991729 0.462022 
0.057405 0.004223 0.491768 
0.982349 0.007221 0.005215 0.005215 
0.250000 0.250000 0.250000 0.250000 
 106
0.479817 0.004048 0.046210 
0.462778 0.991729 0.462022 
0.057405 0.004223 0.491768 
0.005215 0.984354 0.005215 0.005215 
0.250000 0.250000 0.250000 0.250000 
 107
0.479817 0.004048 0.046210 
0.462778 0.991729 0.462022 
0.057405 0.004223 0.491768 
0.005215 0.005215 0.005215 0.984354 
0.250000 0.250000 0.250000 0.250000 
 108
0.479817 0.004048 0.046210 
0.462778 0.991729 0.462022 
0.057405 0.004223 0.491768 
0.005215 0.005215 0.010026 0.979544 
0.250000 0.250000 0.250000 0.250000 
 109
0.479817 0.004048 0.046210 
0.462778 0.991729 0.462022 
0.057405 0.004223 0.491768 
0.984354 0.005215 0.005215 0.005215 
0.250000 0.250000 0.250000 0.250000 
 110
0.479817 0.004048 0.046210 
0.462778 0.991729 0.462022 
0.057405 0.004223 0.491768 
0.005217 0.005217 0.984349 0.005217 
0.250000 0.250000 0.250000 0.250000 
 111
0.479817 0.004048 0.046210 
0.462778 0.991729 0.462022 
0.057405 0.004223 0.491768 
0.005215 0.005215 0.008002 0.981567 
0.250000 0.250000 0.250000 0.250000 
 112
0.479817 0.004048 0.046210 
0.462778 0.991729 0.462022 
0.057405 0.004223 0.491768 
0.984354 0.005215 0.005215 0.005215 
0.250000 0.250000 0.250000 0.250000 
 113
0.479817 0.004048 0.046210 
0.462778 0.991729 0.462022 
0.057405 0.004223 0.491768 
0.984354 0.005215 0.005215 0.005215 
0.250000 0.250000 0.250000 0.250000 
 114
0.479817 0.004048 0.046210 
0.462778 0.991729 0.462022 
0.057405 0.004223 0.491768 
0.005215 0.005215 0.017648 0.971921 
0.250000 0.250000 0.250000 0.250000 
 115
0.479817 0.004048 0.046210 
0.462778 0.991729 0.462022 
0.057405 0.004223 0.491768 
0.005215 0.984354 0.005215 0.005215 
0.250000 0.250000 0.250000 0.250000 
 116
0.479817 0.004048 0.046210 
0.462778 0.991729 0.462022 
0.057405 0.004223 0.491768 
0.005215 0.005215 0.984354 0.005215 
0.250000 0.250000 0.250000 0.250000 
 117
0.479817 0.004048 0.046210 
0.462778 0.991729 0.462022 
0.057405 0.004223 0.491768 
0.005215 0.006693 0.006203 0.981888 
0.250000 0.250000 0.250000 0.250000 
 118
0.479817 0.004048 0.046210 
0.462778 0.991729 0.462022 
0.057405 0.004223 0.491768 
0.984354 0.005215 0.005215 0.005215 
0.250000 0.250000 0.250000 0.250000 
 119
0.479817 0.004048 0.046210 
0.462778 0.991729 0.462022 
0.057405 0.004223 0.491768 
0.005215 0.005215 0.984354 0.005215 
0.250000 0.250000 0.250000 0.250000 
 120
0.479817 0.004048 0.046210 
0.462778 0.991729 0.462022 
0.057405 0.004223 0.491768 
0.005805 0.006304 0.009650 0.978240 
0.250000 0.250000 0.250000 0.250000 
 121
0.479817 0.004048 0.046210 
0.462778 0.991729 0.462022 
0.057405 0.004223 0.491768 
0.005215 0.984354 0.005215 0.005215 
0.250000 0.250000 0.250000 0.250000 
 122
0.479817 0.004048 0.046210 
0.462778 0.991729 0.462022 
0.057405 0.004223 0.491768 
0.984354 0.005215 0.005215 0.005215 
0.250000 0.250000 0.250000 0.250000 
 123
0.479817 0.004048 0.046210 
0.462778 0.991729 0.462022 
0.057405 0.004223 0.491768 
0.030394 0.959175 0.005215 0.005215 
0.250000 0.250000 0.250000 0.250000 
 124
0.479817 0.004048 0.046210 
0.462778 0.991729 0.462022 
0.057405 0.004223 0.491768 
0.005769 0.005217 0.981844 0.007171 
0.250000 0.250000 0.250000 0.250000 
 125
0.479817 0.004048 0.046210 
0.462778 0.991729 0.462022 
0.057405 0.004223 0.491768 
0.005215 0.005215 0.005215 0.984354 
0.250000 0.250000 0.250000 0.250000 
 126
0.479817 0.004048 0.046210 
0.462778 0.991729 0.462022 
0.057405 0.004223 0.491768 
0.058954 0.930615 0.005215 0.005215 
0.250000 0.250000 0.250000 0.250000 
 127
0.479817 0.004048 0.046210 
0.462778 0.991729 0.462022 
0.057405 0.004223 0.491768 
0.005969 0.983600 0.005215 0.005215 
0.250000 0.250000 0.250000 0.250000 
 128
0.479817 0.004048 0.046210 
0.462778 0.991729 0.462022 
0.057405 0.004223 0.491768 
0.005215 0.005215 0.005215 0.984354 
0.250000 0.250000 0.250000 0.250000 
 129
0.479817 0.004048 0.046210 
0.462778 0.991729 0.462022 
0.057405 0.004223 0.491768 
0.005218 0.005218 0.006329 0.983236 
0.250000 0.250000 0.250000 0.250000 
 130
0.479817 0.004048 0.046210 
0.462778 0.991729 0.462022 
0.057405 0.004223 0.491768 
0.005215 0.005215 0.984354 0.005215 
0.250000 0.250000 0.250000 0.250000 
 131
0.479817 0.004048 0.046210 
0.462778 0.991729 0.462022 
0.057405 0.004223 0.491768 
0.981659 0.006160 0.005215 0.006966 
0.250000 0.250000 0.250000 0.250000 
 132
0.479817 0.004048 0.046210 
0.462778 0.991729 0.462022 
0.057405 0.004223 0.491768 
0.007328 0.982241 0.005215 0.005215 
0.250000 0.250000 0.250000 0.250000 
 133
0.479817 0.004048 0.046210 
0.462778 0.991729 0.462022 
0.057405 0.004223 0.491768 
0.982938 0.006631 0.005215 0.005215 
0.250000 0.250000 0.250000 0.250000 
 134
0.479817 0.004048 0.046210 
0.462778 0.991729 0.462022 
0.057405 0.004223 0.491768 
0.983563 0.006007 0.005215 0.005215 
0.250000 0.250000 0.250000 0.250000 
 135
0.479817 0.004048 0.046210 
0.462778 0.991729 0.462022 
0.057405 0.004223 0.491768 
0.005215 0.005215 0.008453 0.981117 
0.250000 0.250000 0.250000 0.250000 
 136
0.479817 0.004048 0.046210 
0.462778 0.991729 0.462022 
0.057405 0.004223 0.491768 
0.005215 0.005215 0.005919 0.983650 
0.250000 0.250000 0.250000 0.250000 
 137
0.479817 0.004048 0.046210 
0.462778 0.991729 0.462022 
0.057405 0.004223 0.491768 
0.005217 0.005217 0.983071 0.006494 
0.250000 0.250000 0.250000 0.250000 
 138
0.479817 0.004048 0.046210 
0.462778 0.991729 0.462022 
0.057405 0.004223 0.491768 
0.006364 0.005215 0.982285 0.006136 
0.250000 0.250000 0.250000 0.250000 
 139
0.479817 0.004048 0.046210 
0.462778 0.991729 0.462022 
0.057405 0.004223 0.491768 
0.005218 0.005218 0.005218 0.984347 
0.250000 0.250000 0.250000 0.250000 
 140
0.479817 0.004048 0.046210 
0.462778 0.991729 0.462022 
0.057405 0.004223 0.491768 
0.005215 0.005215 0.984354 0.005215 
0.250000 0.250000 0.250000 0.250000 
 141
0.479817 0.004048 0.046210 
0.462778 0.991729 0.462022 
0.057405 0.004223 0.491768 
0.981574 0.007996 0.005215 0.005215 
0.250000 0.250000 0.250000 0.250000 
 142
0.479817 0.004048 0.046210 
0.462778 0.991729 0.462022 
0.057405 0.004223 0.491768 
0.982728 0.005730 0.006325 0.005217 
0.250000 0.250000 0.250000 0.250000 
 143
0.479817 0.004048 0.046210 
0.462778 0.991729 0.462022 
0.057405 0.004223 0.491768 
0.005215 0.005215 0.006129 0.983440 
0.250000 0.250000 0.250000 0.250000 
 144
0.479817 0.004048 0.046210 
0.462778 0.991729 0.462022 
0.057405 0.004223 0.491768 
0.983098 0.006471 0.005215 0.005215 
0.250000 0.250000 0.250000 0.250000 
 145
0.479817 0.004048 0.046210 
0.462778 0.991729 0.462022 
0.057405 0.004223 0.491768 
0.012422 0.977147 0.005215 0.005215 
0.250000 0.250000 0.250000 0.250000 
 146
0.479817 0.004048 0.046210 
0.462778 0.991729 0.462022 
0.057405 0.004223 0.491768 
0.008891 0.980674 0.005218 0.005218 
0.250000 0.250000 0.250000 0.250000 
 147
0.479817 0.004048 0.046210 
0.462778 0.991729 0.462022 
0.057405 0.004223 0.491768 
0.005215 0.005215 0.006236 0.983333 
0.250000 0.250000 0.250000 0.250000 
 148
0.479817 0.004048 0.046210 
0.462778 0.991729 0.462022 
0.057405 0.004223 0.491768 
0.007161 0.982408 0.005215 0.005215 
0.250000 0.250000 0.250000 0.250000 
 149
0.479817 0.004048 0.046210 
0.462778 0.991729 0.462022 
0.057405 0.004223 0.491768 
0.983755 0.005815 0.005215 0.005215 
0.250000 0.250000 0.250000 0.250000 
 150
0.479817 0.004048 0.046210 
0.462778 0.991729 0.462022 
0.057405 0.004223 0.491768 
0.982196 0.007374 0.005215 0.005215 
0.250000 0.250000 0.250000 0.250000 
 151
0.479817 0.004048 0.046210 
0.462778 0.991729 0.462022 
0.057405 0.004223 0.491768 
0.984354 0.005215 0.005215 0.005215 
0.250000 0.250000 0.250000 0.250000 
 152
0.479817 0.004048 0.046210 
0.462778 0.991729 0.462022 
0.057405 0.004223 0.491768 
0.005215 0.005215 0.005215 0.984354 
0.250000 0.250000 0.250000 0.250000 
 153
0.479817 0.004048 0.046210 
0.462778 0.991729 0.462022 
0.057405 0.004223 0.491768 
0.983609 0.005961 0.005215 0.005215 
0.250000 0.250000 0.250000 0.250000 
 154
0.479817 0.004048 0.046210 
0.462778 0.991729 0.462022 
0.057405 0.004223 0.491768 
0.005215 0.005215 0.005215 0.984354 
0.250000 0.250000 0.250000 0.250000 
 155
0.479817 0.004048 0.046210 
0.462778 0.991729 0.462022 
0.057405 0.004223 0.491768 
0.005215 0.984354 0.005215 0.005215 
0.250000 0.250000 0.250000 0.250000 
 156
0.479817 0.004048 0.046210 
0.462778 0.991729 0.462022 
0.057405 0.004223 0.491768 
0.005215 0.005215 0.982639 0.006931 
0.250000 0.250000 0.250000 0.250000 
 157
0.479817 0.004048 0.046210 
0.462778 0.991729 0.462022 
0.057405 0.004223 0.491768 
0.024875 0.963645 0.005215 0.006264 
0.250000 0.250000 0.250000 0.250000 
 158
0.479817 0.004048 0.046210 
0.462778 0.991729 0.462022 
0.057405 0.004223 0.491768 
0.979933 0.006011 0.008385 0.005671 
0.250000 0.250000 0.250000 0.250000 
 159
0.479817 0.004048 0.046210 
0.462778 0.991729 0.462022 
0.057405 0.004223 0.491768 
0.005215 0.005215 0.982584 0.006985 
0.250000 0.250000 0.250000 0.250000 
 160
0.479817 0.004048 0.046210 
0.462778 0.991729 0.462022 
0.057405 0.004223 0.491768 
0.982774 0.006245 0.005766 0.005215 
0.250000 0.250000 0.250000 0.250000 
 161
0.479817 0.004048 0.046210 
0.462778 0.991729 0.462022 
0.057405 0.004223 0.491768 
0.008363 0.981207 0.005215 0.005215 
0.250000 0.250000 0.250000 0.250000 
 162
0.479817 0.004048 0.046210 
0.462778 0.991729 0.462022 
0.057405 0.004223 0.491768 
0.005215 0.017797 0.007807 0.969180 
0.250000 0.250000 0.250000 0.250000 
 163
0.479817 0.004048 0.046210 
0.462778 0.991729 0.462022 
0.057405 0.004223 0.491768 
0.005215 0.005215 0.984354 0.005215 
0.250000 0.250000 0.250000 0.250000 
 164
0.479817 0.004048 0.046210 
0.462778 0.991729 0.462022 
0.057405 0.004223 0.491768 
0.005215 0.005215 0.984354 0.005215 
0.250000 0.250000 0.250000 0.250000 
 165
0.479817 0.004048 0.046210 
0.462778 0.991729 0.462022 
0.057405 0.004223 0.491768 
0.006170 0.005215 0.005901 0.982714 
0.250000 0.250000 0.250000 0.250000 
 166
0.479817 0.004048 0.046210 
0.462778 0.991729 0.462022 
0.057405 0.004223 0.491768 
0.005215 0.005215 0.983610 0.005960 
0.250000 0.250000 0.250000 0.250000 
 167
0.479817 0.004048 0.046210 
0.462778 0.991729 0.462022 
0.057405 0.004223 0.491768 
0.983753 0.005215 0.005215 0.005816 
0.250000 0.250000 0.250000 0.250000 
 168
0.479817 0.004048 0.046210 
0.462778 0.991729 0.462022 
0.057405 0.004223 0.491768 
0.005215 0.005215 0.015059 0.974511 
0.250000 0.250000 0.250000 0.250000 
 169
0.479817 0.004048 0.046210 
0.462778 0.991729 0.462022 
0.057405 0.004223 0.491768 
0.007476 0.005215 0.982093 0.005215 
0.250000 0.250000 0.250000 0.250000 
 170
0.479817 0.004048 0.046210 
0.462778 0.991729 0.462022 
0.057405 0.004223 0.491768 
0.983336 0.006233 0.005215 0.005215 
0.250000 0.250000 0.250000 0.250000 
 171
0.479817 0.004048 0.046210 
0.462778 0.991729 0.462022 
0.057405 0.004223 0.491768 
0.006682 0.982283 0.005218 0.005818 
0.250000 0.250000 0.250000 0.250000 
 172
0.479817 0.004048 0.046210 
0.462778 0.991729 0.462022 
0.057405 0.004223 0.491768 
0.883009 0.106561 0.005215 0.005215 
0.250000 0.250000 0.250000 0.250000 
 173
0.479817 0.004048 0.046210 
0.462778 0.991729 0.462022 
0.057405 0.004223 0.491768 
0.005215 0.005215 0.005215 0.984354 
0.250000 0.250000 0.250000 0.250000 
 174
0.479817 0.004048 0.046210 
0.462778 0.991729 0.462022 
0.057405 0.004223 0.491768 
0.005739 0.005215 0.977572 0.011474 
0.250000 0.250000 0.250000 0.250000 
 175
0.479817 0.004048 0.046210 
0.462778 0.991729 0.462022 
0.057405 0.004223 0.491768 
0.006213 0.005215 0.983357 0.005215 
0.250000 0.250000 0.250000 0.250000 
 176
0.479817 0.004048 0.046210 
0.462778 0.991729 0.462022 
0.057405 0.004223 0.491768 
0.005215 0.005215 0.005215 0.984354 
0.250000 0.250000 0.250000 0.250000 
 177
0.479817 0.004048 0.046210 
0.462778 0.991729 0.462022 
0.057405 0.004223 0.491768 
0.005215 0.005215 0.006524 0.983045 
0.250000 0.250000 0.250000 0.250000 
 178
0.479817 0.004048 0.046210 
0.462778 0.991729 0.462022 
0.057405 0.004223 0.491768 
0.005215 0.984354 0.005215 0.005215 
0.250000 0.250000 0.250000 0.250000 
 179
0.479817 0.004048 0.046210 
0.462778 0.991729 0.462022 
0.057405 0.004223 0.491768 
0.984354 0.005215 0.005215 0.005215 
0.250000 0.250000 0.250000 0.250000 
 180
0.479817 0.004048 0.046210 
0.462778 0.991729 0.462022 
0.057405 0.004223 0.491768 
0.005215 0.005215 0.005834 0.983736 
0.250000 0.250000 0.250000 0.250000 
 181
0.479817 0.004048 0.046210 
0.462778 0.991729 0.462022 
0.057405 0.004223 0.491768 
0.005215 0.984354 0.005215 0.005215 
0.250000 0.250000 0.250000 0.250000 
 182
0.479817 0.004048 0.046210 
0.462778 0.991729 0.462022 
0.057405 0.004223 0.491768 
0.005215 0.984354 0.005215 0.005215 
0.250000 0.250000 0.250000 0.250000 
 183
0.479817 0.004048 0.046210 
0.462778 0.991729 0.462022 
0.057405 0.004223 0.491768 
0.982318 0.007252 0.005215 0.005215 
0.250000 0.250000 0.250000 0.250000 
 184
0.479817 0.004048 0.046210 
0.462778 0.991729 0.462022 
0.057405 0.004223 0.491768 
0.009931 0.979634 0.005218 0.005218 
0.250000 0.250000 0.250000 0.250000 
 185
0.479817 0.004048 0.046210 
0.462778 0.991729 0.462022 
0.057405 0.004223 0.491768 
0.983107 0.006463 0.005215 0.005215 
0.250000 0.250000 0.250000 0.250000 
 186
0.479817 0.004048 0.046210 
0.462778 0.991729 0.462022 
0.057405 0.004223 0.491768 
0.980792 0.008777 0.005215 0.005215 
0.250000 0.250000 0.250000 0.250000 
 187
0.479817 0.004048 0.046210 
0.462778 0.991729 0.462022 
0.057405 0.004223 0.491768 
0.983275 0.006294 0.005215 0.005215 
0.250000 0.250000 0.250000 0.250000 
 188
0.479817 0.004048 0.046210 
0.462778 0.991729 0.462022 
0.057405 0.004223 0.491768 
0.984354 0.005215 0.005215 0.005215 
0.250000 0.250000 0.250000 0.250000 
 189
0.479817 0.004048 0.046210 
0.462778 0.991729 0.462022 
0.057405 0.004223 0.491768 
0.005840 0.005215 0.978735 0.010210 
0.250000 0.250000 0.250000 0.250000 
 190
0.479817 0.004048 0.046210 
0.462778 0.991729 0.462022 
0.057405 0.004223 0.491768 
0.005215 0.005215 0.005215 0.984354 
0.250000 0.250000 0.250000 0.250000 
 191
0.479817 0.004048 0.046210 
0.462778 0.991729 0.462022 
0.057405 0.004223 0.491768 
0.005215 0.984354 0.005215 0.005215 
0.250000 0.250000 0.250000 0.250000 
 192
0.479817 0.004048 0.046210 
0.462778 0.991729 0.462022 
0.057405 0.004223 0.491768 
0.005215 0.005215 0.983245 0.006325 
0.250000 0.250000 0.250000 0.250000 
 193
0.479817 0.004048 0.046210 
0.462778 0.991729 0.462022 
0.057405 0.004223 0.491768 
0.984354 0.005215 0.005215 0.005215 
0.250000 0.250000 0.250000 0.250000 
 194
0.479817 0.004048 0.046210 
0.462778 0.991729 0.462022 
0.057405 0.004223 0.491768 
0.005215 0.005215 0.984354 0.005215 
0.250000 0.250000 0.250000 0.250000 
 195
0.479817 0.004048 0.046210 
0.462778 0.991729 0.462022 
0.057405 0.004223 0.491768 
0.977849 0.011720 0.005215 0.005215 
0.250000 0.250000 0.250000 0.250000 
 196
0.479817 0.004048 0.046210 
0.462778 0.991729 0.462022 
0.057405 0.004223 0.491768 
0.006701 0.005215 0.981052 0.007032 
0.250000 0.250000 0.250000 0.250000 
 197
0.479817 0.004048 0.046210 
0.462778 0.991729 0.462022 
0.057405 0.004223 0.491768 
0.005215 0.005215 0.005215 0.984354 
0.250000 0.250000 0.250000 0.250000 
 198
0.479817 0.004048 0.046210 
0.462778 0.991729 0.462022 
0.057405 0.004223 0.491768 
0.980553 0.009017 0.005215 0.005215 
0.250000 0.250000 0.250000 0.250000 
 199
0.479817 0.004048 0.046210 
0.462778 0.991729 0.462022 
0.057405 0.004223 0.491768 
0.983448 0.005215 0.006122 0.005215 
0.250000 0.250000 0.250000 0.250000 
 200
0.479817 0.004048 0.046210 
0.462778 0.991729 0.462022 
0.057405 0.004223 0.491768 
0.005215 0.005215 0.005215 0.984354 
0.250000 0.250000 0.250000 0.250000 
 201
0.479817 0.004048 0.046210 
0.462778 0.991729 0.462022 
0.057405 0.004223 0.491768 
0.981437 0.007252 0.005215 0.006095 
0.250000 0.250000 0.250000 0.250000 
 202
0.479817 0.004048 0.046210 
0.462778 0.991729 0.462022 
0.057405 0.004223 0.491768 
0.005215 0.984354 0.005215 0.005215 
0.250000 0.250000 0.250000 0.250000 
 203
0.479817 0.004048 0.046210 
0.462778 0.991729 0.462022 
0.057405 0.004223 0.491768 
0.984347 0.005218 0.005218 0.005218 
0.250000 0.250000 0.250000 0.250000 
 204
0.479817 0.004048 0.046210 
0.462778 0.991729 0.462022 
0.057405 0.004223 0.491768 
0.005217 0.005217 0.005828 0.983738 
0.250000 0.250000 0.250000 0.250000 
 205
0.479817 0.004048 0.046210 
0.462778 0.991729 0.462022 
0.057405 0.004223 0.491768 
0.005215 0.982738 0.005215 0.006831 
0.250000 0.250000 0.250000 0.250000 
 206
0.479817 0.004048 0.046210 
0.462778 0.991729 0.462022 
0.057405 0.004223 0.491768 
0.005215 0.005215 0.982794 0.006775 
0.250000 0.250000 0.250000 0.250000 
 207
0.479817 0.004048 0.046210 
0.462778 0.991729 0.462022 
0.057405 0.004223 0.491768 
0.005737 0.005217 0.007103 0.981943 
0.250000 0.250000 0.250000 0.250000 
 208
0.479817 0.004048 0.046210 
0.462778 0.991729 0.462022 
0.057405 0.004223 0.491768 
0.005215 0.005215 0.984354 0.005215 
0.250000 0.250000 0.250000 0.250000 
 209
0.479817 0.004048 0.046210 
0.462778 0.991729 0.462022 
0.057405 0.004223 0.491768 
0.005215 0.005215 0.005215 0.984354 
0.250000 0.250000 0.250000 0.250000 
 210
0.479817 0.004048 0.046210 
0.462778 0.991729 0.462022 
0.057405 0.004223 0.491768 
0.984354 0.005215 0.005215 0.005215 
0.250000 0.250000 0.250000 0.250000 
 211
0.479817 0.004048 0.046210 
0.462778 0.991729 0.462022 
0.057405 0.004223 0.491768 
0.005215 0.005215 0.008642 0.980928 
0.250000 0.250000 0.250000 0.250000 
 212
0.479817 0.004048 0.046210 
0.462778 0.991729 0.462022 
0.057405 0.004223 0.491768 
0.005215 0.005215 0.005215 0.984354 
0.250000 0.250000 0.250000 0.250000 
 213
0.479817 0.004048 0.046210 
0.462778 0.991729 0.462022 
0.057405 0.004223 0.491768 
0.017120 0.972449 0.005215 0.005215 
0.250000 0.250000 0.250000 0.250000 
 214
0.479817 0.004048 0.046210 
0.462778 0.991729 0.462022 
0.057405 0.004223 0.491768 
0.005217 0.984349 0.005217 0.005217 
0.250000 0.250000 0.250000 0.250000 
 215
0.479817 0.004048 0.046210 
0.462778 0.991729 0.462022 
0.057405 0.004223 0.491768 
0.005215 0.984354 0.005215 0.005215 
0.250000 0.250000 0.250000 0.250000 
 216
0.479817 0.004048 0.046210 
0.462778 0.991729 0.462022 
0.057405 0.004223 0.491768 
0.977270 0.012299 0.005215 0.005215 
0.250000 0.250000 0.250000 0.250000 
 217
0.479817 0.004048 0.046210 
0.462778 0.991729 0.462022 
0.057405 0.004223 0.491768 
0.005215 0.984354 0.005215 0.005215 
0.250000 0.250000 0.250000 0.250000 
 218
0.479817 0.004048 0.046210 
0.462778 0.991729 0.462022 
0.057405 0.004223 0.491768 
0.984354 0.005215 0.005215 0.005215 
0.250000 0.250000 0.250000 0.250000 
 219
0.479817 0.004048 0.046210 
0.462778 0.991729 0.462022 
0.057405 0.004223 0.491768 
0.005215 0.005215 0.975572 0.013998 
0.250000 0.250000 0.250000 0.250000 
 220
0.479817 0.004048 0.046210 
0.462778 0.991729 0.462022 
0.057405 0.004223 0.491768 
0.005215 0.005215 0.984354 0.005215 
0.250000 0.250000 0.250000 0.250000 
 221
0.479817 0.004048 0.046210 
0.462778 0.991729 0.462022 
0.057405 0.004223 0.491768 
0.005215 0.005215 0.984354 0.005215 
0.250000 0.250000 0.250000 0.250000 
 222
0.479817 0.004048 0.046210 
0.462778 0.991729 0.462022 
0.057405 0.004223 0.491768 
0.005215 0.005215 0.014256 0.975313 
0.250000 0.250000 0.250000 0.250000 
 223
0.479817 0.004048 0.046210 
0.462778 0.991729 0.462022 
0.057405 0.004223 0.491768 
0.005215 0.005215 0.984354 0.005215 
0.250000 0.250000 0.250000 0.250000 
 224
0.479817 0.004048 0.046210 
0.462778 0.991729 0.462022 
0.057405 0.004223 0.491768 
0.984354 0.005215 0.005215 0.005215 
0.250000 0.250000 0.250000 0.250000 
 225
0.479817 0.004048 0.046210 
0.462778 0.991729 0.462022 
0.057405 0.004223 0.491768 
0.008466 0.980229 0.005218 0.006087 
0.250000 0.250000 0.250000 0.250000 
 226
0.479817 0.004048 0.046210 
0.462778 0.991729 0.462022 
0.057405 0.004223 0.491768 
0.005215 0.005215 0.005215 0.984354 
0.250000 0.250000 0.250000 0.250000 
 227
0.479817 0.004048 0.046210 
0.462778 0.991729 0.462022 
0.057405 0.004223 0.491768 
0.005215 0.984354 0.005215 0.005215 
0.250000 0.250000 0.250000 0.250000 
 228
0.479817 0.004048 0.046210 
0.462778 0.991729 0.462022 
0.057405 0.004223 0.491768 
0.005215 0.005215 0.005215 0.984354 
0.250000 0.250000 0.250000 0.250000 
 229
0.479817 0.004048 0.046210 
0.462778 0.991729 0.462022 
0.057405 0.004223 0.491768 
0.005215 0.984354 0.005215 0.005215 
0.250000 0.250000 0.250000 0.250000 
 230
0.479817 0.004048 0.046210 
0.462778 0.991729 0.462022 
0.057405 0.004223 0.491768 
0.984354 0.005215 0.005215 0.005215 
0.250000 0.250000 0.250000 0.250000 
 231
0.479817 0.004048 0.046210 
0.462778 0.991729 0.462022 
0.057405 0.004223 0.491768 
0.005215 0.005215 0.007043 0.982527 
0.250000 0.250000 0.250000 0.250000 
 232
0.479817 0.004048 0.046210 
0.462778 0.991729 0.462022 
0.057405 0.004223 0.491768 
0.009568 0.980001 0.005215 0.005215 
0.250000 0.250000 0.250000 0.250000 
 233
0.479817 0.004048 0.046210 
0.462778 0.991729 0.462022 
0.057405 0.004223 0.491768 
0.006897 0.981099 0.006789 0.005215 
0.250000 0.250000 0.250000 0.250000 
 234
0.479817 0.004048 0.046210 
0.462778 0.991729 0.462022 
0.057405 0.004223 0.491768 
0.005215 0.005215 0.980916 0.008653 
0.250000 0.250000 0.250000 0.250000 
 235
0.479817 0.004048 0.046210 
0.462778 0.991729 0.462022 
0.057405 0.004223 0.491768 
0.005217 0.005217 0.012434 0.977132 
