%  SAM: /scicomp/home/vfn4/nomen/label/LABEL_RES/scripts/modelfromalign_Linux v3.5 (July 15, 2005) compiled 12/08/06_16:15:55
%  (c) 1992-2001 Regents of the University of California, Santa Cruz
%
%          Sequence Alignment and Modeling Software System
%         http://www.cse.ucsc.edu/research/compbio/sam.html
%
% ----------------- Citations (SAM, SAM-T2K, HMMs) --------------------
% R. Hughey, A. Krogh, Hidden Markov models for sequence analysis:
%  Extension and analysis of the basic method, CABIOS 12:95-107, 1996.
% K. Karplus, et al., What is the value added by human intervention in protein
%  structure prediction, Proteins: Stucture, Function, Genetics 45(S5):86--91, 2001.
% A. Krogh et al., Hidden Markov models in computational biology:
%  Applications to protein modeling, JMB 235:1501-1531, Feb 1994.
% ---------------------------------------------------------------------
%  c-3C.2a1_hmm   Host: id-dev-03    Mon Dec  2 14:47:09 2019
%  vfn4           Dir:  /scicomp/groups/OID/NCIRD/ID-OD/ID_nomenclatures/H3/training/H3v2019R1/stub3r1
% ---------------------------------------------------------------------
%  Alignment weights from internal calc.  Total (111.17) Max (0.35) Min (0.00)
%  Weights from alignment method 1 (karplus), b=-1.000000, e=0.500000
MODEL --  Model from alignment file /scicomp/home/vfn4/nomen/label/LABEL_RES/training_data/stub3/c-3C.2a1.fasta
alphabet DNA
FREQAVE
0.000000 0.000000 0.000000 
0.000000 0.000000 0.000000 
0.000000 0.000000 0.000000 
0.344953 0.223629 0.194146 0.237272 
0.344953 0.223629 0.194146 0.237272 
Begin
0.000000 0.000000 0.000000 
0.000000 0.000000 0.000000 
0.000000 0.002091 0.491768 
0.250000 0.250000 0.250000 0.250000 
0.250000 0.250000 0.250000 0.250000 
   1
0.000000 0.011663 0.046210 
0.000000 0.986246 0.462022 
0.043739 0.002111 0.491768 
0.003435 0.002254 0.992058 0.002254 
0.250000 0.250000 0.250000 0.250000 
   2
0.590065 0.002081 0.046210 
0.366196 0.995807 0.462022 
0.044278 0.002110 0.491768 
0.992313 0.002554 0.002252 0.002881 
0.250000 0.250000 0.250000 0.250000 
   3
0.596108 0.002023 0.046210 
0.359613 0.995867 0.462022 
0.044396 0.002110 0.491768 
0.989491 0.005468 0.002593 0.002448 
0.250000 0.250000 0.250000 0.250000 
   4
0.592634 0.002022 0.046210 
0.362970 0.995868 0.462022 
0.044622 0.002109 0.491768 
0.977123 0.015151 0.005469 0.002257 
0.250000 0.250000 0.250000 0.250000 
   5
0.571534 0.002022 0.046210 
0.383843 0.995869 0.462022 
0.045725 0.002107 0.491768 
0.985917 0.009585 0.002249 0.002249 
0.250000 0.250000 0.250000 0.250000 
   6
0.581540 0.002020 0.046210 
0.372735 0.995873 0.462022 
0.045914 0.002107 0.491768 
0.990409 0.005090 0.002251 0.002251 
0.250000 0.250000 0.250000 0.250000 
   7
0.582646 0.002191 0.046210 
0.371440 0.995702 0.462022 
0.045772 0.002107 0.491768 
0.990705 0.003638 0.003382 0.002275 
0.250000 0.250000 0.250000 0.250000 
   8
0.564074 0.002275 0.046210 
0.390153 0.995618 0.462022 
0.046452 0.002106 0.491768 
0.003312 0.002909 0.002634 0.991145 
0.250000 0.250000 0.250000 0.250000 
   9
0.572451 0.002019 0.046210 
0.381097 0.995875 0.462022 
0.046762 0.002106 0.491768 
0.005424 0.002247 0.037016 0.955313 
0.250000 0.250000 0.250000 0.250000 
  10
0.568063 0.002018 0.046210 
0.385175 0.995876 0.462022 
0.047148 0.002105 0.491768 
0.005815 0.002246 0.989233 0.002706 
0.250000 0.250000 0.250000 0.250000 
  11
0.571742 0.002018 0.046210 
0.381110 0.995878 0.462022 
0.047196 0.002105 0.491768 
0.002648 0.002246 0.992370 0.002736 
0.250000 0.250000 0.250000 0.250000 
  12
0.572325 0.002018 0.046210 
0.380479 0.995878 0.462022 
0.047196 0.002105 0.491768 
0.006015 0.002607 0.004943 0.986435 
0.250000 0.250000 0.250000 0.250000 
  13
0.559108 0.002018 0.046210 
0.393696 0.995878 0.462022 
0.047829 0.002104 0.491768 
0.003923 0.991588 0.002244 0.002244 
0.250000 0.250000 0.250000 0.250000 
  14
0.565304 0.002017 0.046210 
0.386868 0.995880 0.462022 
0.047890 0.002104 0.491768 
0.005166 0.990095 0.002244 0.002495 
0.250000 0.250000 0.250000 0.250000 
  15
0.564584 0.002016 0.046210 
0.387525 0.995880 0.462022 
0.047960 0.002104 0.491768 
0.988360 0.006904 0.002244 0.002492 
0.250000 0.250000 0.250000 0.250000 
  16
0.564397 0.002016 0.046210 
0.387643 0.995880 0.462022 
0.048008 0.002103 0.491768 
0.991302 0.003932 0.002244 0.002522 
0.250000 0.250000 0.250000 0.250000 
  17
0.562407 0.002016 0.046210 
0.389584 0.995880 0.462022 
0.048132 0.002103 0.491768 
0.991943 0.003073 0.002244 0.002741 
0.250000 0.250000 0.250000 0.250000 
  18
0.563850 0.002016 0.046210 
0.388018 0.995881 0.462022 
0.048132 0.002103 0.491768 
0.002244 0.002482 0.002961 0.992313 
0.250000 0.250000 0.250000 0.250000 
  19
0.557121 0.002016 0.046210 
0.394748 0.995881 0.462022 
0.048458 0.002103 0.491768 
0.003740 0.991358 0.002244 0.002658 
0.250000 0.250000 0.250000 0.250000 
  20
0.558788 0.002016 0.046210 
0.392754 0.995882 0.462022 
0.048560 0.002103 0.491768 
0.992781 0.002733 0.002243 0.002243 
0.250000 0.250000 0.250000 0.250000 
  21
0.544119 0.002015 0.046210 
0.407321 0.995882 0.462022 
0.049342 0.002101 0.491768 
0.004869 0.002242 0.990098 0.002791 
0.250000 0.250000 0.250000 0.250000 
  22
0.550665 0.002014 0.046210 
0.399993 0.995884 0.462022 
0.049452 0.002101 0.491768 
0.991181 0.003581 0.002642 0.002597 
0.250000 0.250000 0.250000 0.250000 
  23
0.551888 0.002014 0.046210 
0.398660 0.995885 0.462022 
0.049452 0.002101 0.491768 
0.992384 0.003133 0.002241 0.002241 
0.250000 0.250000 0.250000 0.250000 
  24
0.550431 0.002014 0.046210 
0.400118 0.995885 0.462022 
0.049524 0.002101 0.491768 
0.004640 0.002859 0.008954 0.983547 
0.250000 0.250000 0.250000 0.250000 
  25
0.537799 0.002014 0.046210 
0.412677 0.995885 0.462022 
0.050198 0.002100 0.491768 
0.990536 0.004984 0.002240 0.002240 
0.250000 0.250000 0.250000 0.250000 
  26
0.535115 0.002013 0.046210 
0.414687 0.995887 0.462022 
0.050706 0.002099 0.491768 
0.004771 0.990305 0.002239 0.002685 
0.250000 0.250000 0.250000 0.250000 
  27
0.532572 0.002012 0.046210 
0.416722 0.995888 0.462022 
0.051112 0.002099 0.491768 
0.002641 0.004246 0.990171 0.002943 
0.250000 0.250000 0.250000 0.250000 
  28
0.533841 0.002012 0.046210 
0.415046 0.995890 0.462022 
0.051266 0.002098 0.491768 
0.989872 0.005652 0.002238 0.002238 
0.250000 0.250000 0.250000 0.250000 
  29
0.532989 0.002012 0.046210 
0.415745 0.995890 0.462022 
0.051392 0.002098 0.491768 
0.002632 0.004558 0.988037 0.004773 
0.250000 0.250000 0.250000 0.250000 
  30
0.527405 0.002011 0.046210 
0.421203 0.995890 0.462022 
0.051749 0.002098 0.491768 
0.009450 0.983912 0.002237 0.004400 
0.250000 0.250000 0.250000 0.250000 
  31
0.531068 0.002011 0.046210 
0.417183 0.995891 0.462022 
0.051749 0.002098 0.491768 
0.004244 0.991282 0.002237 0.002237 
0.250000 0.250000 0.250000 0.250000 
  32
0.531068 0.002011 0.046210 
0.417183 0.995891 0.462022 
0.051749 0.002098 0.491768 
0.002237 0.002237 0.992939 0.002586 
0.250000 0.250000 0.250000 0.250000 
  33
0.526875 0.002011 0.046210 
0.421375 0.995891 0.462022 
0.051967 0.002098 0.491768 
0.956351 0.038149 0.002513 0.002987 
0.250000 0.250000 0.250000 0.250000 
  34
0.521213 0.002011 0.046210 
0.426820 0.995892 0.462022 
0.052380 0.002097 0.491768 
0.992956 0.002571 0.002236 0.002236 
0.250000 0.250000 0.250000 0.250000 
  35
0.522444 0.002010 0.046210 
0.425176 0.995893 0.462022 
0.052533 0.002097 0.491768 
0.002707 0.002236 0.991442 0.003615 
0.250000 0.250000 0.250000 0.250000 
  36
0.522699 0.002010 0.046210 
0.424768 0.995893 0.462022 
0.052600 0.002097 0.491768 
0.014218 0.979814 0.003465 0.002503 
0.250000 0.250000 0.250000 0.250000 
  37
0.520857 0.002010 0.046210 
0.426544 0.995894 0.462022 
0.052732 0.002096 0.491768 
0.002618 0.002236 0.991503 0.003643 
0.250000 0.250000 0.250000 0.250000 
  38
0.522166 0.002010 0.046210 
0.425103 0.995894 0.462022 
0.052732 0.002096 0.491768 
0.002236 0.002236 0.002236 0.993293 
0.250000 0.250000 0.250000 0.250000 
  39
0.522166 0.002010 0.046210 
0.425103 0.995894 0.462022 
0.052732 0.002096 0.491768 
0.006571 0.986383 0.002236 0.004810 
0.250000 0.250000 0.250000 0.250000 
  40
0.512553 0.002010 0.046210 
0.434715 0.995894 0.462022 
0.053244 0.002096 0.491768 
0.002235 0.003632 0.002235 0.991899 
0.250000 0.250000 0.250000 0.250000 
  41
0.517528 0.002009 0.046210 
0.429229 0.995895 0.462022 
0.053244 0.002096 0.491768 
0.002235 0.993295 0.002235 0.002235 
0.250000 0.250000 0.250000 0.250000 
  42
0.517528 0.002009 0.046210 
0.429229 0.995895 0.462022 
0.053244 0.002096 0.491768 
0.002235 0.002235 0.987557 0.007973 
0.250000 0.250000 0.250000 0.250000 
  43
0.500858 0.002009 0.046210 
0.445899 0.995895 0.462022 
0.054146 0.002095 0.491768 
0.003453 0.002234 0.991779 0.002534 
0.250000 0.250000 0.250000 0.250000 
  44
0.488049 0.002008 0.046210 
0.457805 0.995898 0.462022 
0.055325 0.002093 0.491768 
0.002232 0.002232 0.002232 0.993305 
0.250000 0.250000 0.250000 0.250000 
  45
0.498670 0.002006 0.046210 
0.446005 0.995900 0.462022 
0.055325 0.002093 0.491768 
0.002853 0.002902 0.003330 0.990915 
0.250000 0.250000 0.250000 0.250000 
  46
0.495757 0.002006 0.046210 
0.448919 0.995900 0.462022 
0.055486 0.002093 0.491768 
0.002231 0.993306 0.002231 0.002231 
0.250000 0.250000 0.250000 0.250000 
  47
0.490694 0.002006 0.046210 
0.453820 0.995901 0.462022 
0.055850 0.002093 0.491768 
0.002231 0.993307 0.002231 0.002231 
0.250000 0.250000 0.250000 0.250000 
  48
0.491142 0.002006 0.046210 
0.453008 0.995902 0.462022 
0.056005 0.002092 0.491768 
0.013283 0.980768 0.003280 0.002669 
0.250000 0.250000 0.250000 0.250000 
  49
0.491242 0.002006 0.046210 
0.452753 0.995902 0.462022 
0.056076 0.002092 0.491768 
0.002231 0.002231 0.993308 0.002231 
0.250000 0.250000 0.250000 0.250000 
  50
0.491863 0.002006 0.046210 
0.452061 0.995902 0.462022 
0.056076 0.002092 0.491768 
0.988325 0.002231 0.007214 0.002231 
0.250000 0.250000 0.250000 0.250000 
  51
0.489511 0.002006 0.046210 
0.454413 0.995902 0.462022 
0.056208 0.002092 0.491768 
0.002230 0.002230 0.984036 0.011503 
0.250000 0.250000 0.250000 0.250000 
  52
0.488570 0.002005 0.046210 
0.455222 0.995903 0.462022 
0.056326 0.002092 0.491768 
0.002230 0.002230 0.992757 0.002783 
0.250000 0.250000 0.250000 0.250000 
  53
0.488009 0.002005 0.046210 
0.455665 0.995903 0.462022 
0.056416 0.002092 0.491768 
0.991096 0.002230 0.002565 0.004109 
0.250000 0.250000 0.250000 0.250000 
  54
0.488785 0.002005 0.046210 
0.454800 0.995903 0.462022 
0.056416 0.002092 0.491768 
0.005726 0.002230 0.002800 0.989244 
0.250000 0.250000 0.250000 0.250000 
  55
0.488785 0.002005 0.046210 
0.454800 0.995903 0.462022 
0.056416 0.002092 0.491768 
0.002804 0.992190 0.002230 0.002775 
0.250000 0.250000 0.250000 0.250000 
  56
0.486392 0.002005 0.046210 
0.457192 0.995903 0.462022 
0.056551 0.002092 0.491768 
0.002230 0.002230 0.993309 0.002230 
0.250000 0.250000 0.250000 0.250000 
  57
0.487559 0.002005 0.046210 
0.455890 0.995903 0.462022 
0.056551 0.002092 0.491768 
0.992824 0.002230 0.002471 0.002475 
0.250000 0.250000 0.250000 0.250000 
  58
0.487559 0.002005 0.046210 
0.455890 0.995903 0.462022 
0.056551 0.002092 0.491768 
0.002932 0.992608 0.002230 0.002230 
0.250000 0.250000 0.250000 0.250000 
  59
0.483277 0.002005 0.046210 
0.460172 0.995903 0.462022 
0.056794 0.002091 0.491768 
0.002230 0.002230 0.002230 0.993311 
0.250000 0.250000 0.250000 0.250000 
  60
0.485355 0.002005 0.046210 
0.457851 0.995904 0.462022 
0.056794 0.002091 0.491768 
0.990851 0.004266 0.002463 0.002420 
0.250000 0.250000 0.250000 0.250000 
  61
0.485355 0.002005 0.046210 
0.457851 0.995904 0.462022 
0.056794 0.002091 0.491768 
0.002230 0.002230 0.991724 0.003816 
0.250000 0.250000 0.250000 0.250000 
  62
0.485355 0.002005 0.046210 
0.457851 0.995904 0.462022 
0.056794 0.002091 0.491768 
0.003080 0.002230 0.992070 0.002620 
0.250000 0.250000 0.250000 0.250000 
  63
0.485355 0.002005 0.046210 
0.457851 0.995904 0.462022 
0.056794 0.002091 0.491768 
0.986781 0.006388 0.004601 0.002230 
0.250000 0.250000 0.250000 0.250000 
  64
0.485355 0.002005 0.046210 
0.457851 0.995904 0.462022 
0.056794 0.002091 0.491768 
0.992976 0.002565 0.002230 0.002230 
0.250000 0.250000 0.250000 0.250000 
  65
0.485355 0.002005 0.046210 
0.457851 0.995904 0.462022 
0.056794 0.002091 0.491768 
0.992753 0.002495 0.002522 0.002230 
0.250000 0.250000 0.250000 0.250000 
  66
0.485355 0.002005 0.046210 
0.457851 0.995904 0.462022 
0.056794 0.002091 0.491768 
0.002570 0.002504 0.836438 0.158488 
0.250000 0.250000 0.250000 0.250000 
  67
0.484124 0.002005 0.046210 
0.459082 0.995904 0.462022 
0.056864 0.002091 0.491768 
0.002229 0.993312 0.002229 0.002229 
0.250000 0.250000 0.250000 0.250000 
  68
0.482848 0.002005 0.046210 
0.460288 0.995904 0.462022 
0.056971 0.002091 0.491768 
0.002229 0.993312 0.002229 0.002229 
0.250000 0.250000 0.250000 0.250000 
  69
0.483754 0.002005 0.046210 
0.459275 0.995904 0.462022 
0.056971 0.002091 0.491768 
0.989015 0.005770 0.002437 0.002778 
0.250000 0.250000 0.250000 0.250000 
  70
0.483754 0.002005 0.046210 
0.459275 0.995904 0.462022 
0.056971 0.002091 0.491768 
0.992519 0.002492 0.002230 0.002759 
0.250000 0.250000 0.250000 0.250000 
  71
0.481287 0.002005 0.046210 
0.461742 0.995904 0.462022 
0.057112 0.002091 0.491768 
0.002229 0.002229 0.992975 0.002566 
0.250000 0.250000 0.250000 0.250000 
  72
0.482478 0.002004 0.046210 
0.460411 0.995905 0.462022 
0.057112 0.002091 0.491768 
0.029809 0.964171 0.002230 0.003789 
0.250000 0.250000 0.250000 0.250000 
  73
0.482478 0.002004 0.046210 
0.460411 0.995905 0.462022 
0.057112 0.002091 0.491768 
0.989232 0.006062 0.002230 0.002477 
0.250000 0.250000 0.250000 0.250000 
  74
0.482478 0.002004 0.046210 
0.460411 0.995905 0.462022 
0.057112 0.002091 0.491768 
0.002229 0.002512 0.002940 0.992319 
0.250000 0.250000 0.250000 0.250000 
  75
0.482478 0.002004 0.046210 
0.460411 0.995905 0.462022 
0.057112 0.002091 0.491768 
0.991504 0.004037 0.002229 0.002229 
0.250000 0.250000 0.250000 0.250000 
  76
0.482478 0.002004 0.046210 
0.460411 0.995905 0.462022 
0.057112 0.002091 0.491768 
0.002229 0.993313 0.002229 0.002229 
0.250000 0.250000 0.250000 0.250000 
  77
0.482478 0.002004 0.046210 
0.460411 0.995905 0.462022 
0.057112 0.002091 0.491768 
0.002229 0.002229 0.002229 0.993313 
0.250000 0.250000 0.250000 0.250000 
  78
0.480439 0.002004 0.046210 
0.462449 0.995905 0.462022 
0.057228 0.002091 0.491768 
0.005884 0.989321 0.002229 0.002566 
0.250000 0.250000 0.250000 0.250000 
  79
0.481420 0.002004 0.046210 
0.461351 0.995905 0.462022 
0.057228 0.002091 0.491768 
0.992928 0.002614 0.002229 0.002229 
0.250000 0.250000 0.250000 0.250000 
  80
0.481420 0.002004 0.046210 
0.461351 0.995905 0.462022 
0.057228 0.002091 0.491768 
0.991633 0.003668 0.002470 0.002229 
0.250000 0.250000 0.250000 0.250000 
  81
0.481420 0.002004 0.046210 
0.461351 0.995905 0.462022 
0.057228 0.002091 0.491768 
0.989743 0.005799 0.002229 0.002229 
0.250000 0.250000 0.250000 0.250000 
  82
0.481420 0.002004 0.046210 
0.461351 0.995905 0.462022 
0.057228 0.002091 0.491768 
0.992323 0.002229 0.003219 0.002229 
0.250000 0.250000 0.250000 0.250000 
  83
0.481420 0.002004 0.046210 
0.461351 0.995905 0.462022 
0.057228 0.002091 0.491768 
0.002229 0.002229 0.993313 0.002229 
0.250000 0.250000 0.250000 0.250000 
  84
0.481420 0.002004 0.046210 
0.461351 0.995905 0.462022 
0.057228 0.002091 0.491768 
0.991703 0.003257 0.002229 0.002811 
0.250000 0.250000 0.250000 0.250000 
  85
0.481420 0.002004 0.046210 
0.461351 0.995905 0.462022 
0.057228 0.002091 0.491768 
0.991654 0.002229 0.002899 0.003218 
0.250000 0.250000 0.250000 0.250000 
  86
0.481420 0.002004 0.046210 
0.461351 0.995905 0.462022 
0.057228 0.002091 0.491768 
0.002229 0.002229 0.002229 0.993313 
0.250000 0.250000 0.250000 0.250000 
  87
0.481420 0.002004 0.046210 
0.461351 0.995905 0.462022 
0.057228 0.002091 0.491768 
0.003935 0.002229 0.987713 0.006123 
0.250000 0.250000 0.250000 0.250000 
  88
0.481420 0.002004 0.046210 
0.461351 0.995905 0.462022 
0.057228 0.002091 0.491768 
0.991344 0.003955 0.002229 0.002473 
0.250000 0.250000 0.250000 0.250000 
  89
0.480178 0.002004 0.046210 
0.462594 0.995905 0.462022 
0.057299 0.002091 0.491768 
0.002606 0.002229 0.992936 0.002229 
0.250000 0.250000 0.250000 0.250000 
  90
0.480775 0.002004 0.046210 
0.461925 0.995905 0.462022 
0.057299 0.002091 0.491768 
0.991760 0.002560 0.002953 0.002727 
0.250000 0.250000 0.250000 0.250000 
  91
0.480775 0.002004 0.046210 
0.461925 0.995905 0.462022 
0.057299 0.002091 0.491768 
0.990846 0.004696 0.002229 0.002229 
0.250000 0.250000 0.250000 0.250000 
  92
0.480775 0.002004 0.046210 
0.461925 0.995905 0.462022 
0.057299 0.002091 0.491768 
0.980057 0.015157 0.002557 0.002229 
0.250000 0.250000 0.250000 0.250000 
  93
0.480775 0.002004 0.046210 
0.461925 0.995905 0.462022 
0.057299 0.002091 0.491768 
0.002773 0.002229 0.002944 0.992055 
0.250000 0.250000 0.250000 0.250000 
  94
0.480775 0.002004 0.046210 
0.461925 0.995905 0.462022 
0.057299 0.002091 0.491768 
0.002737 0.992805 0.002229 0.002229 
0.250000 0.250000 0.250000 0.250000 
  95
0.480775 0.002004 0.046210 
0.461925 0.995905 0.462022 
0.057299 0.002091 0.491768 
0.992526 0.003015 0.002229 0.002229 
0.250000 0.250000 0.250000 0.250000 
  96
0.480775 0.002004 0.046210 
0.461925 0.995905 0.462022 
0.057299 0.002091 0.491768 
0.002503 0.002229 0.989917 0.005350 
0.250000 0.250000 0.250000 0.250000 
  97
0.478933 0.002004 0.046210 
0.463767 0.995905 0.462022 
0.057405 0.002091 0.491768 
0.003531 0.002229 0.992011 0.002229 
0.250000 0.250000 0.250000 0.250000 
  98
0.479817 0.002004 0.046210 
0.462778 0.995905 0.462022 
0.057405 0.002091 0.491768 
0.008658 0.986557 0.002229 0.002556 
0.250000 0.250000 0.250000 0.250000 
  99
0.479817 0.002004 0.046210 
0.462778 0.995905 0.462022 
0.057405 0.002091 0.491768 
0.989521 0.005784 0.002229 0.002465 
0.250000 0.250000 0.250000 0.250000 
 100
0.479817 0.002004 0.046210 
0.462778 0.995905 0.462022 
0.057405 0.002091 0.491768 
0.984628 0.010377 0.002474 0.002520 
0.250000 0.250000 0.250000 0.250000 
 101
0.479817 0.002004 0.046210 
0.462778 0.995905 0.462022 
0.057405 0.002091 0.491768 
0.002229 0.002229 0.003006 0.992537 
0.250000 0.250000 0.250000 0.250000 
 102
0.479817 0.002004 0.046210 
0.462778 0.995905 0.462022 
0.057405 0.002091 0.491768 
0.003258 0.002229 0.003009 0.991504 
0.250000 0.250000 0.250000 0.250000 
 103
0.479817 0.002004 0.046210 
0.462778 0.995905 0.462022 
0.057405 0.002091 0.491768 
0.002229 0.993314 0.002229 0.002229 
0.250000 0.250000 0.250000 0.250000 
 104
0.479817 0.002004 0.046210 
0.462778 0.995905 0.462022 
0.057405 0.002091 0.491768 
0.992784 0.002758 0.002229 0.002229 
0.250000 0.250000 0.250000 0.250000 
 105
0.479817 0.002004 0.046210 
0.462778 0.995905 0.462022 
0.057405 0.002091 0.491768 
0.991222 0.004318 0.002230 0.002230 
0.250000 0.250000 0.250000 0.250000 
 106
0.479817 0.002004 0.046210 
0.462778 0.995905 0.462022 
0.057405 0.002091 0.491768 
0.002229 0.993314 0.002229 0.002229 
0.250000 0.250000 0.250000 0.250000 
 107
0.479817 0.002004 0.046210 
0.462778 0.995905 0.462022 
0.057405 0.002091 0.491768 
0.002229 0.002229 0.002229 0.993314 
0.250000 0.250000 0.250000 0.250000 
 108
0.479817 0.002004 0.046210 
0.462778 0.995905 0.462022 
0.057405 0.002091 0.491768 
0.002229 0.002614 0.024572 0.970585 
0.250000 0.250000 0.250000 0.250000 
 109
0.479817 0.002004 0.046210 
0.462778 0.995905 0.462022 
0.057405 0.002091 0.491768 
0.993314 0.002229 0.002229 0.002229 
0.250000 0.250000 0.250000 0.250000 
 110
0.479817 0.002004 0.046210 
0.462778 0.995905 0.462022 
0.057405 0.002091 0.491768 
0.002229 0.002229 0.992896 0.002646 
0.250000 0.250000 0.250000 0.250000 
 111
0.479817 0.002004 0.046210 
0.462778 0.995905 0.462022 
0.057405 0.002091 0.491768 
0.002229 0.002229 0.025800 0.969742 
0.250000 0.250000 0.250000 0.250000 
 112
0.479817 0.002004 0.046210 
0.462778 0.995905 0.462022 
0.057405 0.002091 0.491768 
0.993314 0.002229 0.002229 0.002229 
0.250000 0.250000 0.250000 0.250000 
 113
0.479817 0.002004 0.046210 
0.462778 0.995905 0.462022 
0.057405 0.002091 0.491768 
0.992977 0.002229 0.002565 0.002229 
0.250000 0.250000 0.250000 0.250000 
 114
0.479817 0.002004 0.046210 
0.462778 0.995905 0.462022 
0.057405 0.002091 0.491768 
0.002229 0.002229 0.004933 0.990610 
0.250000 0.250000 0.250000 0.250000 
 115
0.479817 0.002004 0.046210 
0.462778 0.995905 0.462022 
0.057405 0.002091 0.491768 
0.002836 0.992397 0.002229 0.002538 
0.250000 0.250000 0.250000 0.250000 
 116
0.479817 0.002004 0.046210 
0.462778 0.995905 0.462022 
0.057405 0.002091 0.491768 
0.002229 0.002229 0.993314 0.002229 
0.250000 0.250000 0.250000 0.250000 
 117
0.479817 0.002004 0.046210 
0.462778 0.995905 0.462022 
0.057405 0.002091 0.491768 
0.003913 0.002475 0.004568 0.989044 
0.250000 0.250000 0.250000 0.250000 
 118
0.479817 0.002004 0.046210 
0.462778 0.995905 0.462022 
0.057405 0.002091 0.491768 
0.993314 0.002229 0.002229 0.002229 
0.250000 0.250000 0.250000 0.250000 
 119
0.479817 0.002004 0.046210 
0.462778 0.995905 0.462022 
0.057405 0.002091 0.491768 
0.002229 0.002229 0.992421 0.003121 
0.250000 0.250000 0.250000 0.250000 
 120
0.479817 0.002004 0.046210 
0.462778 0.995905 0.462022 
0.057405 0.002091 0.491768 
0.004907 0.002909 0.003183 0.989001 
0.250000 0.250000 0.250000 0.250000 
 121
0.479817 0.002004 0.046210 
0.462778 0.995905 0.462022 
0.057405 0.002091 0.491768 
0.002229 0.993314 0.002229 0.002229 
0.250000 0.250000 0.250000 0.250000 
 122
0.479817 0.002004 0.046210 
0.462778 0.995905 0.462022 
0.057405 0.002091 0.491768 
0.993314 0.002229 0.002229 0.002229 
0.250000 0.250000 0.250000 0.250000 
 123
0.479817 0.002004 0.046210 
0.462778 0.995905 0.462022 
0.057405 0.002091 0.491768 
0.028652 0.963731 0.002229 0.005388 
0.250000 0.250000 0.250000 0.250000 
 124
0.479817 0.002004 0.046210 
0.462778 0.995905 0.462022 
0.057405 0.002091 0.491768 
0.002229 0.003138 0.003509 0.991124 
0.250000 0.250000 0.250000 0.250000 
 125
0.479817 0.002004 0.046210 
0.462778 0.995905 0.462022 
0.057405 0.002091 0.491768 
0.002229 0.002229 0.005387 0.990156 
0.250000 0.250000 0.250000 0.250000 
 126
0.479817 0.002004 0.046210 
0.462778 0.995905 0.462022 
0.057405 0.002091 0.491768 
0.005437 0.990105 0.002229 0.002229 
0.250000 0.250000 0.250000 0.250000 
 127
0.479817 0.002004 0.046210 
0.462778 0.995905 0.462022 
0.057405 0.002091 0.491768 
0.003713 0.988463 0.002229 0.005596 
0.250000 0.250000 0.250000 0.250000 
 128
0.479817 0.002004 0.046210 
0.462778 0.995905 0.462022 
0.057405 0.002091 0.491768 
0.002229 0.002229 0.005387 0.990156 
0.250000 0.250000 0.250000 0.250000 
 129
0.479817 0.002004 0.046210 
0.462778 0.995905 0.462022 
0.057405 0.002091 0.491768 
0.002755 0.002434 0.005402 0.989409 
0.250000 0.250000 0.250000 0.250000 
 130
0.479817 0.002004 0.046210 
0.462778 0.995905 0.462022 
0.057405 0.002091 0.491768 
0.002229 0.002229 0.993313 0.002229 
0.250000 0.250000 0.250000 0.250000 
 131
0.479817 0.002004 0.046210 
0.462778 0.995905 0.462022 
0.057405 0.002091 0.491768 
0.992517 0.003025 0.002229 0.002229 
0.250000 0.250000 0.250000 0.250000 
 132
0.479817 0.002004 0.046210 
0.462778 0.995905 0.462022 
0.057405 0.002091 0.491768 
0.011822 0.983314 0.002229 0.002634 
0.250000 0.250000 0.250000 0.250000 
 133
0.479817 0.002004 0.046210 
0.462778 0.995905 0.462022 
0.057405 0.002091 0.491768 
0.992697 0.002605 0.002470 0.002229 
0.250000 0.250000 0.250000 0.250000 
 134
0.479817 0.002004 0.046210 
0.462778 0.995905 0.462022 
0.057405 0.002091 0.491768 
0.991789 0.003321 0.002449 0.002441 
0.250000 0.250000 0.250000 0.250000 
 135
0.479817 0.002004 0.046210 
0.462778 0.995905 0.462022 
0.057405 0.002091 0.491768 
0.002229 0.002522 0.006423 0.988826 
0.250000 0.250000 0.250000 0.250000 
 136
0.479817 0.002004 0.046210 
0.462778 0.995905 0.462022 
0.057405 0.002091 0.491768 
0.019145 0.002229 0.002497 0.976129 
0.250000 0.250000 0.250000 0.250000 
 137
0.479817 0.002004 0.046210 
0.462778 0.995905 0.462022 
0.057405 0.002091 0.491768 
0.002764 0.002229 0.989242 0.005765 
0.250000 0.250000 0.250000 0.250000 
 138
0.479817 0.002004 0.046210 
0.462778 0.995905 0.462022 
0.057405 0.002091 0.491768 
0.003801 0.002229 0.987186 0.006784 
0.250000 0.250000 0.250000 0.250000 
 139
0.479817 0.002004 0.046210 
0.462778 0.995905 0.462022 
0.057405 0.002091 0.491768 
0.024785 0.003254 0.002865 0.969096 
0.250000 0.250000 0.250000 0.250000 
 140
0.479817 0.002004 0.046210 
0.462778 0.995905 0.462022 
0.057405 0.002091 0.491768 
0.002229 0.002229 0.993314 0.002229 
0.250000 0.250000 0.250000 0.250000 
 141
0.479817 0.002004 0.046210 
0.462778 0.995905 0.462022 
0.057405 0.002091 0.491768 
0.992297 0.002613 0.002614 0.002476 
0.250000 0.250000 0.250000 0.250000 
 142
0.479817 0.002004 0.046210 
0.462778 0.995905 0.462022 
0.057405 0.002091 0.491768 
0.991796 0.002915 0.002799 0.002490 
0.250000 0.250000 0.250000 0.250000 
 143
0.479817 0.002004 0.046210 
0.462778 0.995905 0.462022 
0.057405 0.002091 0.491768 
0.002878 0.005807 0.002745 0.988570 
0.250000 0.250000 0.250000 0.250000 
 144
0.479817 0.002004 0.046210 
0.462778 0.995905 0.462022 
0.057405 0.002091 0.491768 
0.981600 0.003410 0.011119 0.003870 
0.250000 0.250000 0.250000 0.250000 
 145
0.479817 0.002004 0.046210 
0.462778 0.995905 0.462022 
0.057405 0.002091 0.491768 
0.003924 0.991379 0.002229 0.002467 
0.250000 0.250000 0.250000 0.250000 
 146
0.479817 0.002004 0.046210 
0.462778 0.995905 0.462022 
0.057405 0.002091 0.491768 
0.003072 0.992198 0.002229 0.002502 
0.250000 0.250000 0.250000 0.250000 
 147
0.479817 0.002004 0.046210 
0.462778 0.995905 0.462022 
0.057405 0.002091 0.491768 
0.003020 0.003752 0.002755 0.990474 
0.250000 0.250000 0.250000 0.250000 
 148
0.479817 0.002004 0.046210 
0.462778 0.995905 0.462022 
0.057405 0.002091 0.491768 
0.013642 0.981901 0.002229 0.002229 
0.250000 0.250000 0.250000 0.250000 
 149
0.479817 0.002004 0.046210 
0.462778 0.995905 0.462022 
0.057405 0.002091 0.491768 
0.992682 0.002480 0.002229 0.002610 
0.250000 0.250000 0.250000 0.250000 
 150
0.479817 0.002004 0.046210 
0.462778 0.995905 0.462022 
0.057405 0.002091 0.491768 
0.992050 0.003104 0.002617 0.002229 
0.250000 0.250000 0.250000 0.250000 
 151
0.479817 0.002004 0.046210 
0.462778 0.995905 0.462022 
0.057405 0.002091 0.491768 
0.992978 0.002229 0.002564 0.002229 
0.250000 0.250000 0.250000 0.250000 
 152
0.479817 0.002004 0.046210 
0.462778 0.995905 0.462022 
0.057405 0.002091 0.491768 
0.002229 0.002229 0.002229 0.993314 
0.250000 0.250000 0.250000 0.250000 
 153
0.479817 0.002004 0.046210 
0.462778 0.995905 0.462022 
0.057405 0.002091 0.491768 
0.992466 0.002522 0.002560 0.002453 
0.250000 0.250000 0.250000 0.250000 
 154
0.479817 0.002004 0.046210 
0.462778 0.995905 0.462022 
0.057405 0.002091 0.491768 
0.002229 0.002229 0.002229 0.993314 
0.250000 0.250000 0.250000 0.250000 
 155
0.479817 0.002004 0.046210 
0.462778 0.995905 0.462022 
0.057405 0.002091 0.491768 
0.002229 0.993314 0.002229 0.002229 
0.250000 0.250000 0.250000 0.250000 
 156
0.479817 0.002004 0.046210 
0.462778 0.995905 0.462022 
0.057405 0.002091 0.491768 
0.002229 0.002229 0.985930 0.009612 
0.250000 0.250000 0.250000 0.250000 
 157
0.479817 0.002004 0.046210 
0.462778 0.995905 0.462022 
0.057405 0.002091 0.491768 
0.046409 0.947204 0.002229 0.004158 
0.250000 0.250000 0.250000 0.250000 
 158
0.479817 0.002004 0.046210 
0.462778 0.995905 0.462022 
0.057405 0.002091 0.491768 
0.992352 0.002941 0.002478 0.002229 
0.250000 0.250000 0.250000 0.250000 
 159
0.479817 0.002004 0.046210 
0.462778 0.995905 0.462022 
0.057405 0.002091 0.491768 
0.013301 0.002424 0.980943 0.003331 
0.250000 0.250000 0.250000 0.250000 
 160
0.479817 0.002004 0.046210 
0.462778 0.995905 0.462022 
0.057405 0.002091 0.491768 
0.990240 0.003308 0.004223 0.002229 
0.250000 0.250000 0.250000 0.250000 
 161
0.479817 0.002004 0.046210 
0.462778 0.995905 0.462022 
0.057405 0.002091 0.491768 
0.003819 0.991723 0.002229 0.002229 
0.250000 0.250000 0.250000 0.250000 
 162
0.479817 0.002004 0.046210 
0.462778 0.995905 0.462022 
0.057405 0.002091 0.491768 
0.002601 0.002521 0.009264 0.985613 
0.250000 0.250000 0.250000 0.250000 
 163
0.479817 0.002004 0.046210 
0.462778 0.995905 0.462022 
0.057405 0.002091 0.491768 
0.002229 0.002229 0.993314 0.002229 
0.250000 0.250000 0.250000 0.250000 
 164
0.479817 0.002004 0.046210 
0.462778 0.995905 0.462022 
0.057405 0.002091 0.491768 
0.002563 0.002229 0.992979 0.002229 
0.250000 0.250000 0.250000 0.250000 
 165
0.479817 0.002004 0.046210 
0.462778 0.995905 0.462022 
0.057405 0.002091 0.491768 
0.002492 0.002531 0.004852 0.990125 
0.250000 0.250000 0.250000 0.250000 
 166
0.479817 0.002004 0.046210 
0.462778 0.995905 0.462022 
0.057405 0.002091 0.491768 
0.002229 0.002229 0.991164 0.004379 
0.250000 0.250000 0.250000 0.250000 
 167
0.479817 0.002004 0.046210 
0.462778 0.995905 0.462022 
0.057405 0.002091 0.491768 
0.991397 0.003901 0.002229 0.002473 
0.250000 0.250000 0.250000 0.250000 
 168
0.479817 0.002004 0.046210 
0.462778 0.995905 0.462022 
0.057405 0.002091 0.491768 
0.002229 0.002229 0.008903 0.986639 
0.250000 0.250000 0.250000 0.250000 
 169
0.479817 0.002004 0.046210 
0.462778 0.995905 0.462022 
0.057405 0.002091 0.491768 
0.003814 0.002229 0.991728 0.002229 
0.250000 0.250000 0.250000 0.250000 
 170
0.479817 0.002004 0.046210 
0.462778 0.995905 0.462022 
0.057405 0.002091 0.491768 
0.989563 0.005669 0.002229 0.002538 
0.250000 0.250000 0.250000 0.250000 
 171
0.479817 0.002004 0.046210 
0.462778 0.995905 0.462022 
0.057405 0.002091 0.491768 
0.018327 0.972940 0.004736 0.003996 
0.250000 0.250000 0.250000 0.250000 
 172
0.479817 0.002004 0.046210 
0.462778 0.995905 0.462022 
0.057405 0.002091 0.491768 
0.959029 0.036513 0.002229 0.002229 
0.250000 0.250000 0.250000 0.250000 
 173
0.479817 0.002004 0.046210 
0.462778 0.995905 0.462022 
0.057405 0.002091 0.491768 
0.002229 0.002229 0.002563 0.992980 
0.250000 0.250000 0.250000 0.250000 
 174
0.479817 0.002004 0.046210 
0.462778 0.995905 0.462022 
0.057405 0.002091 0.491768 
0.002725 0.002229 0.990081 0.004964 
0.250000 0.250000 0.250000 0.250000 
 175
0.479817 0.002004 0.046210 
0.462778 0.995905 0.462022 
0.057405 0.002091 0.491768 
0.003114 0.002229 0.992189 0.002468 
0.250000 0.250000 0.250000 0.250000 
 176
0.479817 0.002004 0.046210 
0.462778 0.995905 0.462022 
0.057405 0.002091 0.491768 
0.002229 0.002229 0.002229 0.993314 
0.250000 0.250000 0.250000 0.250000 
 177
0.479817 0.002004 0.046210 
0.462778 0.995905 0.462022 
0.057405 0.002091 0.491768 
0.002229 0.002577 0.003541 0.991653 
0.250000 0.250000 0.250000 0.250000 
 178
0.479817 0.002004 0.046210 
0.462778 0.995905 0.462022 
0.057405 0.002091 0.491768 
0.002229 0.993314 0.002229 0.002229 
0.250000 0.250000 0.250000 0.250000 
 179
0.479817 0.002004 0.046210 
0.462778 0.995905 0.462022 
0.057405 0.002091 0.491768 
0.993314 0.002229 0.002229 0.002229 
0.250000 0.250000 0.250000 0.250000 
 180
0.479817 0.002004 0.046210 
0.462778 0.995905 0.462022 
0.057405 0.002091 0.491768 
0.002229 0.002229 0.003637 0.991905 
0.250000 0.250000 0.250000 0.250000 
 181
0.479817 0.002004 0.046210 
0.462778 0.995905 0.462022 
0.057405 0.002091 0.491768 
0.002229 0.993314 0.002229 0.002229 
0.250000 0.250000 0.250000 0.250000 
 182
0.479817 0.002004 0.046210 
0.462778 0.995905 0.462022 
0.057405 0.002091 0.491768 
0.002229 0.993314 0.002229 0.002229 
0.250000 0.250000 0.250000 0.250000 
 183
0.479817 0.002004 0.046210 
0.462778 0.995905 0.462022 
0.057405 0.002091 0.491768 
0.983032 0.011416 0.003056 0.002497 
0.250000 0.250000 0.250000 0.250000 
 184
0.479817 0.002004 0.046210 
0.462778 0.995905 0.462022 
0.057405 0.002091 0.491768 
0.004378 0.988657 0.002229 0.004736 
0.250000 0.250000 0.250000 0.250000 
 185
0.479817 0.002004 0.046210 
0.462778 0.995905 0.462022 
0.057405 0.002091 0.491768 
0.526497 0.468796 0.002229 0.002478 
0.250000 0.250000 0.250000 0.250000 
 186
0.479817 0.002004 0.046210 
0.462778 0.995905 0.462022 
0.057405 0.002091 0.491768 
0.014022 0.980984 0.002229 0.002765 
0.250000 0.250000 0.250000 0.250000 
 187
0.479817 0.002004 0.046210 
0.462778 0.995905 0.462022 
0.057405 0.002091 0.491768 
0.992447 0.003095 0.002229 0.002229 
0.250000 0.250000 0.250000 0.250000 
 188
0.479817 0.002004 0.046210 
0.462778 0.995905 0.462022 
0.057405 0.002091 0.491768 
0.992960 0.002583 0.002229 0.002229 
0.250000 0.250000 0.250000 0.250000 
 189
0.479817 0.002004 0.046210 
0.462778 0.995905 0.462022 
0.057405 0.002091 0.491768 
0.002708 0.002433 0.990420 0.004439 
0.250000 0.250000 0.250000 0.250000 
 190
0.479817 0.002004 0.046210 
0.462778 0.995905 0.462022 
0.057405 0.002091 0.491768 
0.002229 0.002229 0.002229 0.993314 
0.250000 0.250000 0.250000 0.250000 
 191
0.479817 0.002004 0.046210 
0.462778 0.995905 0.462022 
0.057405 0.002091 0.491768 
0.002229 0.993314 0.002229 0.002229 
0.250000 0.250000 0.250000 0.250000 
 192
0.479817 0.002004 0.046210 
0.462778 0.995905 0.462022 
0.057405 0.002091 0.491768 
0.002229 0.002229 0.991961 0.003582 
0.250000 0.250000 0.250000 0.250000 
 193
0.479817 0.002004 0.046210 
0.462778 0.995905 0.462022 
0.057405 0.002091 0.491768 
0.992241 0.002229 0.002927 0.002603 
0.250000 0.250000 0.250000 0.250000 
 194
0.479817 0.002004 0.046210 
0.462778 0.995905 0.462022 
0.057405 0.002091 0.491768 
0.002639 0.002229 0.992904 0.002229 
0.250000 0.250000 0.250000 0.250000 
 195
0.479817 0.002004 0.046210 
0.462778 0.995905 0.462022 
0.057405 0.002091 0.491768 
0.991479 0.003634 0.002658 0.002229 
0.250000 0.250000 0.250000 0.250000 
 196
0.479817 0.002004 0.046210 
0.462778 0.995905 0.462022 
0.057405 0.002091 0.491768 
0.003612 0.002229 0.989872 0.004287 
0.250000 0.250000 0.250000 0.250000 
 197
0.479817 0.002004 0.046210 
0.462778 0.995905 0.462022 
0.057405 0.002091 0.491768 
0.002229 0.002229 0.002229 0.993314 
0.250000 0.250000 0.250000 0.250000 
 198
0.479817 0.002004 0.046210 
0.462778 0.995905 0.462022 
0.057405 0.002091 0.491768 
0.991233 0.003999 0.002229 0.002539 
0.250000 0.250000 0.250000 0.250000 
 199
0.479817 0.002004 0.046210 
0.462778 0.995905 0.462022 
0.057405 0.002091 0.491768 
0.991678 0.003864 0.002229 0.002229 
0.250000 0.250000 0.250000 0.250000 
 200
0.479817 0.002004 0.046210 
0.462778 0.995905 0.462022 
0.057405 0.002091 0.491768 
0.002229 0.002229 0.002229 0.993314 
0.250000 0.250000 0.250000 0.250000 
 201
0.479817 0.002004 0.046210 
0.462778 0.995905 0.462022 
0.057405 0.002091 0.491768 
0.973633 0.004119 0.002685 0.019564 
0.250000 0.250000 0.250000 0.250000 
 202
0.479817 0.002004 0.046210 
0.462778 0.995905 0.462022 
0.057405 0.002091 0.491768 
0.002229 0.988778 0.004599 0.004394 
0.250000 0.250000 0.250000 0.250000 
 203
0.479817 0.002004 0.046210 
0.462778 0.995905 0.462022 
0.057405 0.002091 0.491768 
0.993314 0.002229 0.002229 0.002229 
0.250000 0.250000 0.250000 0.250000 
 204
0.479817 0.002004 0.046210 
0.462778 0.995905 0.462022 
0.057405 0.002091 0.491768 
0.002229 0.002229 0.002709 0.992834 
0.250000 0.250000 0.250000 0.250000 
 205
0.479817 0.002004 0.046210 
0.462778 0.995905 0.462022 
0.057405 0.002091 0.491768 
0.002471 0.992544 0.002229 0.002756 
0.250000 0.250000 0.250000 0.250000 
 206
0.479817 0.002004 0.046210 
0.462778 0.995905 0.462022 
0.057405 0.002091 0.491768 
0.002229 0.002229 0.993314 0.002229 
0.250000 0.250000 0.250000 0.250000 
 207
0.479817 0.002004 0.046210 
0.462778 0.995905 0.462022 
0.057405 0.002091 0.491768 
0.002698 0.002424 0.073325 0.921553 
0.250000 0.250000 0.250000 0.250000 
 208
0.479817 0.002004 0.046210 
0.462778 0.995905 0.462022 
0.057405 0.002091 0.491768 
0.002535 0.002229 0.985045 0.010192 
0.250000 0.250000 0.250000 0.250000 
 209
0.479817 0.002004 0.046210 
0.462778 0.995905 0.462022 
0.057405 0.002091 0.491768 
0.002229 0.002229 0.002229 0.993314 
0.250000 0.250000 0.250000 0.250000 
 210
0.479817 0.002004 0.046210 
0.462778 0.995905 0.462022 
0.057405 0.002091 0.491768 
0.991789 0.003052 0.002740 0.002419 
0.250000 0.250000 0.250000 0.250000 
 211
0.479817 0.002004 0.046210 
0.462778 0.995905 0.462022 
0.057405 0.002091 0.491768 
0.002479 0.002229 0.025983 0.969309 
0.250000 0.250000 0.250000 0.250000 
 212
0.479817 0.002004 0.046210 
0.462778 0.995905 0.462022 
0.057405 0.002091 0.491768 
0.002229 0.002229 0.002229 0.993314 
0.250000 0.250000 0.250000 0.250000 
 213
0.479817 0.002004 0.046210 
0.462778 0.995905 0.462022 
0.057405 0.002091 0.491768 
0.006160 0.989382 0.002229 0.002229 
0.250000 0.250000 0.250000 0.250000 
 214
0.479817 0.002004 0.046210 
0.462778 0.995905 0.462022 
0.057405 0.002091 0.491768 
0.002229 0.993314 0.002229 0.002229 
0.250000 0.250000 0.250000 0.250000 
 215
0.479817 0.002004 0.046210 
0.462778 0.995905 0.462022 
0.057405 0.002091 0.491768 
0.002229 0.993314 0.002229 0.002229 
0.250000 0.250000 0.250000 0.250000 
 216
0.479817 0.002257 0.046210 
0.462778 0.995652 0.462022 
0.056939 0.002091 0.491768 
0.399897 0.595159 0.002230 0.002713 
0.250000 0.250000 0.250000 0.250000 
 217
0.475925 0.002005 0.046210 
0.467136 0.995904 0.462022 
0.057405 0.002091 0.491768 
0.002568 0.992971 0.002231 0.002231 
0.250000 0.250000 0.250000 0.250000 
 218
0.479817 0.002004 0.046210 
0.462778 0.995905 0.462022 
0.057405 0.002091 0.491768 
0.993312 0.002229 0.002229 0.002229 
0.250000 0.250000 0.250000 0.250000 
 219
0.479817 0.002004 0.046210 
0.462778 0.995905 0.462022 
0.057405 0.002091 0.491768 
0.002229 0.002229 0.991014 0.004529 
0.250000 0.250000 0.250000 0.250000 
 220
0.479817 0.002004 0.046210 
0.462778 0.995905 0.462022 
0.057405 0.002091 0.491768 
0.002229 0.002229 0.993314 0.002229 
0.250000 0.250000 0.250000 0.250000 
 221
0.479817 0.002004 0.046210 
0.462778 0.995905 0.462022 
0.057405 0.002091 0.491768 
0.002229 0.002229 0.993314 0.002229 
0.250000 0.250000 0.250000 0.250000 
 222
0.479817 0.002004 0.046210 
0.462778 0.995905 0.462022 
0.057405 0.002091 0.491768 
0.003228 0.002229 0.005584 0.988959 
0.250000 0.250000 0.250000 0.250000 
 223
0.479817 0.002004 0.046210 
0.462778 0.995905 0.462022 
0.057405 0.002091 0.491768 
0.002765 0.002229 0.992778 0.002229 
0.250000 0.250000 0.250000 0.250000 
 224
0.479817 0.002004 0.046210 
0.462778 0.995905 0.462022 
0.057405 0.002091 0.491768 
0.990546 0.002627 0.004599 0.002229 
0.250000 0.250000 0.250000 0.250000 
 225
0.479817 0.002004 0.046210 
0.462778 0.995905 0.462022 
0.057405 0.002091 0.491768 
0.007906 0.969378 0.002229 0.020488 
0.250000 0.250000 0.250000 0.250000 
 226
0.479817 0.002004 0.046210 
0.462778 0.995905 0.462022 
0.057405 0.002091 0.491768 
0.002229 0.002229 0.002229 0.993314 
0.250000 0.250000 0.250000 0.250000 
 227
0.479817 0.002004 0.046210 
0.462778 0.995905 0.462022 
0.057405 0.002091 0.491768 
0.002229 0.993314 0.002229 0.002229 
0.250000 0.250000 0.250000 0.250000 
 228
0.479817 0.002004 0.046210 
0.462778 0.995905 0.462022 
0.057405 0.002091 0.491768 
0.002229 0.003317 0.006176 0.988279 
0.250000 0.250000 0.250000 0.250000 
 229
0.479817 0.002004 0.046210 
0.462778 0.995905 0.462022 
0.057405 0.002091 0.491768 
0.002560 0.992745 0.002229 0.002466 
0.250000 0.250000 0.250000 0.250000 
 230
0.479817 0.002004 0.046210 
0.462778 0.995905 0.462022 
0.057405 0.002091 0.491768 
0.993314 0.002229 0.002229 0.002229 
0.250000 0.250000 0.250000 0.250000 
 231
0.479817 0.002004 0.046210 
0.462778 0.995905 0.462022 
0.057405 0.002091 0.491768 
0.003318 0.004150 0.599533 0.392999 
0.250000 0.250000 0.250000 0.250000 
 232
0.479817 0.002004 0.046210 
0.462778 0.995905 0.462022 
0.057405 0.002091 0.491768 
0.033864 0.960976 0.002469 0.002691 
0.250000 0.250000 0.250000 0.250000 
 233
0.479817 0.002004 0.046210 
0.462778 0.995905 0.462022 
0.057405 0.002091 0.491768 
0.023459 0.972083 0.002229 0.002229 
0.250000 0.250000 0.250000 0.250000 
 234
0.479817 0.002004 0.046210 
0.462778 0.995905 0.462022 
0.057405 0.002091 0.491768 
0.003969 0.002229 0.990273 0.003530 
0.250000 0.250000 0.250000 0.250000 
 235
0.479817 0.002004 0.046210 
0.462778 0.995905 0.462022 
0.057405 0.002091 0.491768 
