%  SAM: /scicomp/home/vfn4/Tools/LABEL_RES/scripts/modelfromalign v3.5 (July 15, 2005) compiled 12/08/06_16:15:55
%  (c) 1992-2001 Regents of the University of California, Santa Cruz
%
%          Sequence Alignment and Modeling Software System
%         http://www.cse.ucsc.edu/research/compbio/sam.html
%
% ----------------- Citations (SAM, SAM-T2K, HMMs) --------------------
% R. Hughey, A. Krogh, Hidden Markov models for sequence analysis:
%  Extension and analysis of the basic method, CABIOS 12:95-107, 1996.
% K. Karplus, et al., What is the value added by human intervention in protein
%  structure prediction, Proteins: Stucture, Function, Genetics 45(S5):86--91, 2001.
% A. Krogh et al., Hidden Markov models in computational biology:
%  Applications to protein modeling, JMB 235:1501-1531, Feb 1994.
% ---------------------------------------------------------------------
%  3C_hmm   Host: node5.aspen.biotech.cdc.gov    Tue Jan  6 13:37:00 2015
%  vfn4     Dir:  /scicomp/home/vfn4/fluA/HA_H3/H3prerelease1/c-3C/c-3C.1
% ---------------------------------------------------------------------
%  Alignment weights from internal calc.  Total (32.33) Max (0.07) Min (0.02)
%  Weights from alignment method 1 (karplus), b=-1.000000, e=0.500000
MODEL --  Model from alignment file /scicomp/home/vfn4/Tools/LABEL_RES/training_data/H3prerelease1/c-3C/c-3C.1/3C.fasta
alphabet DNA
FREQAVE
0.000000 0.000000 0.000000 
0.000000 0.000000 0.000000 
0.000000 0.000000 0.000000 
0.339720 0.221857 0.195447 0.242975 
0.339720 0.221857 0.195447 0.242975 
Begin
0.000000 0.000000 0.000000 
0.000000 0.000000 0.000000 
0.000000 0.005499 0.491768 
0.250000 0.250000 0.250000 0.250000 
0.250000 0.250000 0.250000 0.250000 
   1
0.000000 0.028316 0.046210 
0.000000 0.966185 0.462022 
0.044728 0.005628 0.491768 
0.976717 0.007761 0.007761 0.007761 
0.250000 0.250000 0.250000 0.250000 
   2
0.594696 0.005395 0.046210 
0.360577 0.988976 0.462022 
0.044728 0.005628 0.491768 
0.007761 0.007761 0.007761 0.976717 
0.250000 0.250000 0.250000 0.250000 
   3
0.594696 0.005395 0.046210 
0.360577 0.988976 0.462022 
0.044728 0.005628 0.491768 
0.007761 0.976717 0.007761 0.007761 
0.250000 0.250000 0.250000 0.250000 
   4
0.594696 0.005395 0.046210 
0.360577 0.988976 0.462022 
0.044728 0.005628 0.491768 
0.976717 0.007761 0.007761 0.007761 
0.250000 0.250000 0.250000 0.250000 
   5
0.584198 0.005395 0.046210 
0.371074 0.988976 0.462022 
0.045202 0.005622 0.491768 
0.975581 0.008909 0.007755 0.007755 
0.250000 0.250000 0.250000 0.250000 
   6
0.590396 0.005389 0.046210 
0.364402 0.988989 0.462022 
0.045202 0.005622 0.491768 
0.009072 0.975432 0.007748 0.007748 
0.250000 0.250000 0.250000 0.250000 
   7
0.590396 0.005389 0.046210 
0.364402 0.988989 0.462022 
0.045202 0.005622 0.491768 
0.976755 0.007748 0.007748 0.007748 
0.250000 0.250000 0.250000 0.250000 
   8
0.590396 0.005389 0.046210 
0.364402 0.988989 0.462022 
0.045202 0.005622 0.491768 
0.009997 0.007748 0.974506 0.007748 
0.250000 0.250000 0.250000 0.250000 
   9
0.584010 0.005389 0.046210 
0.370788 0.988989 0.462022 
0.045493 0.005618 0.491768 
0.007746 0.007746 0.020999 0.963508 
0.250000 0.250000 0.250000 0.250000 
  10
0.578661 0.005386 0.046210 
0.375846 0.988996 0.462022 
0.045911 0.005613 0.491768 
0.973927 0.010614 0.007730 0.007730 
0.250000 0.250000 0.250000 0.250000 
  11
0.577713 0.005380 0.046210 
0.376377 0.989007 0.462022 
0.046200 0.005609 0.491768 
0.007743 0.007743 0.010303 0.974212 
0.250000 0.250000 0.250000 0.250000 
  12
0.581354 0.005377 0.046210 
0.372446 0.989014 0.462022 
0.046200 0.005609 0.491768 
0.007723 0.007723 0.974877 0.009678 
0.250000 0.250000 0.250000 0.250000 
  13
0.581354 0.005377 0.046210 
0.372446 0.989014 0.462022 
0.046200 0.005609 0.491768 
0.975405 0.007729 0.007729 0.009138 
0.250000 0.250000 0.250000 0.250000 
  14
0.540651 0.005377 0.046210 
0.413149 0.989014 0.462022 
0.048160 0.005586 0.491768 
0.007689 0.007689 0.008759 0.975863 
0.250000 0.250000 0.250000 0.250000 
  15
0.549832 0.005354 0.046210 
0.402008 0.989060 0.462022 
0.048832 0.005578 0.491768 
0.007660 0.007660 0.007660 0.977019 
0.250000 0.250000 0.250000 0.250000 
  16
0.557503 0.005347 0.046210 
0.393665 0.989074 0.462022 
0.048832 0.005578 0.491768 
0.007660 0.977019 0.007660 0.007660 
0.250000 0.250000 0.250000 0.250000 
  17
0.557503 0.005347 0.046210 
0.393665 0.989074 0.462022 
0.048832 0.005578 0.491768 
0.007660 0.007660 0.977019 0.007660 
0.250000 0.250000 0.250000 0.250000 
  18
0.557503 0.005347 0.046210 
0.393665 0.989074 0.462022 
0.048832 0.005578 0.491768 
0.007660 0.007660 0.043141 0.941539 
0.250000 0.250000 0.250000 0.250000 
  19
0.552089 0.005347 0.046210 
0.399079 0.989074 0.462022 
0.049098 0.005575 0.491768 
0.007654 0.008678 0.010230 0.973438 
0.250000 0.250000 0.250000 0.250000 
  20
0.555094 0.005344 0.046210 
0.395808 0.989080 0.462022 
0.049098 0.005575 0.491768 
0.007654 0.007654 0.007654 0.977037 
0.250000 0.250000 0.250000 0.250000 
  21
0.555094 0.005344 0.046210 
0.395808 0.989080 0.462022 
0.049098 0.005575 0.491768 
0.010230 0.972907 0.007654 0.009209 
0.250000 0.250000 0.250000 0.250000 
  22
0.549934 0.005344 0.046210 
0.400968 0.989080 0.462022 
0.049353 0.005573 0.491768 
0.968948 0.014691 0.007649 0.008712 
0.250000 0.250000 0.250000 0.250000 
  23
0.552787 0.005342 0.046210 
0.397861 0.989086 0.462022 
0.049353 0.005573 0.491768 
0.009202 0.975500 0.007649 0.007649 
0.250000 0.250000 0.250000 0.250000 
  24
0.552787 0.005342 0.046210 
0.397861 0.989086 0.462022 
0.049353 0.005573 0.491768 
0.007649 0.007649 0.977054 0.007649 
0.250000 0.250000 0.250000 0.250000 
  25
0.552787 0.005342 0.046210 
0.397861 0.989086 0.462022 
0.049353 0.005573 0.491768 
0.007649 0.007649 0.010118 0.974584 
0.250000 0.250000 0.250000 0.250000 
  26
0.552787 0.005342 0.046210 
0.397861 0.989086 0.462022 
0.049353 0.005573 0.491768 
0.972541 0.010632 0.007649 0.009177 
0.250000 0.250000 0.250000 0.250000 
  27
0.525156 0.005342 0.046210 
0.425491 0.989086 0.462022 
0.050755 0.005558 0.491768 
0.007619 0.007619 0.977142 0.007619 
0.250000 0.250000 0.250000 0.250000 
  28
0.540079 0.005328 0.046210 
0.409166 0.989114 0.462022 
0.050755 0.005558 0.491768 
0.972539 0.008551 0.007619 0.011290 
0.250000 0.250000 0.250000 0.250000 
  29
0.540079 0.005328 0.046210 
0.409166 0.989114 0.462022 
0.050755 0.005558 0.491768 
0.007619 0.007619 0.009879 0.974882 
0.250000 0.250000 0.250000 0.250000 
  30
0.540079 0.005328 0.046210 
0.409166 0.989114 0.462022 
0.050755 0.005558 0.491768 
0.007625 0.007625 0.009223 0.975527 
0.250000 0.250000 0.250000 0.250000 
  31
0.530903 0.005328 0.046210 
0.418342 0.989114 0.462022 
0.051225 0.005553 0.491768 
0.007610 0.007610 0.976149 0.008631 
0.250000 0.250000 0.250000 0.250000 
  32
0.535820 0.005323 0.046210 
0.412955 0.989124 0.462022 
0.051225 0.005553 0.491768 
0.007610 0.007610 0.007610 0.977170 
0.250000 0.250000 0.250000 0.250000 
  33
0.535820 0.005323 0.046210 
0.412955 0.989124 0.462022 
0.051225 0.005553 0.491768 
0.971538 0.007610 0.013242 0.007610 
0.250000 0.250000 0.250000 0.250000 
  34
0.535820 0.005323 0.046210 
0.412955 0.989124 0.462022 
0.051225 0.005553 0.491768 
0.008852 0.007610 0.052017 0.931521 
0.250000 0.250000 0.250000 0.250000 
  35
0.535820 0.005323 0.046210 
0.412955 0.989124 0.462022 
0.051225 0.005553 0.491768 
0.008726 0.976054 0.007610 0.007610 
0.250000 0.250000 0.250000 0.250000 
  36
0.535820 0.005323 0.046210 
0.412955 0.989124 0.462022 
0.051225 0.005553 0.491768 
0.007616 0.007616 0.014128 0.970641 
0.250000 0.250000 0.250000 0.250000 
  37
0.535820 0.005323 0.046210 
0.412955 0.989124 0.462022 
0.051225 0.005553 0.491768 
0.008793 0.007610 0.973493 0.010104 
0.250000 0.250000 0.250000 0.250000 
  38
0.535820 0.005323 0.046210 
0.412955 0.989124 0.462022 
0.051225 0.005553 0.491768 
0.008703 0.007610 0.007610 0.976077 
0.250000 0.250000 0.250000 0.250000 
  39
0.535820 0.005323 0.046210 
0.412955 0.989124 0.462022 
0.051225 0.005553 0.491768 
0.031464 0.953316 0.007610 0.007610 
0.250000 0.250000 0.250000 0.250000 
  40
0.535820 0.005323 0.046210 
0.412955 0.989124 0.462022 
0.051225 0.005553 0.491768 
0.015576 0.969204 0.007610 0.007610 
0.250000 0.250000 0.250000 0.250000 
  41
0.535820 0.005323 0.046210 
0.412955 0.989124 0.462022 
0.051225 0.005553 0.491768 
0.007610 0.008758 0.010602 0.973030 
0.250000 0.250000 0.250000 0.250000 
  42
0.535820 0.005323 0.046210 
0.412955 0.989124 0.462022 
0.051225 0.005553 0.491768 
0.007610 0.007610 0.007610 0.977170 
0.250000 0.250000 0.250000 0.250000 
  43
0.535820 0.005323 0.046210 
0.412955 0.989124 0.462022 
0.051225 0.005553 0.491768 
0.007610 0.011564 0.008952 0.971874 
0.250000 0.250000 0.250000 0.250000 
  44
0.535820 0.005323 0.046210 
0.412955 0.989124 0.462022 
0.051225 0.005553 0.491768 
0.008762 0.007610 0.007610 0.976018 
0.250000 0.250000 0.250000 0.250000 
  45
0.535820 0.005323 0.046210 
0.412955 0.989124 0.462022 
0.051225 0.005553 0.491768 
0.007610 0.007610 0.974118 0.010662 
0.250000 0.250000 0.250000 0.250000 
  46
0.535820 0.005323 0.046210 
0.412955 0.989124 0.462022 
0.051225 0.005553 0.491768 
0.010731 0.972069 0.007610 0.009590 
0.250000 0.250000 0.250000 0.250000 
  47
0.535820 0.005323 0.046210 
0.412955 0.989124 0.462022 
0.051225 0.005553 0.491768 
0.007610 0.007610 0.977170 0.007610 
0.250000 0.250000 0.250000 0.250000 
  48
0.535820 0.005323 0.046210 
0.412955 0.989124 0.462022 
0.051225 0.005553 0.491768 
0.007610 0.008623 0.012437 0.971331 
0.250000 0.250000 0.250000 0.250000 
  49
0.434314 0.005323 0.046210 
0.514461 0.989124 0.462022 
0.057012 0.005502 0.491768 
0.007508 0.007508 0.977477 0.007508 
0.250000 0.250000 0.250000 0.250000 
  50
0.483380 0.005274 0.046210 
0.459608 0.989224 0.462022 
0.057012 0.005502 0.491768 
0.976370 0.008614 0.007508 0.007508 
0.250000 0.250000 0.250000 0.250000 
  51
0.483380 0.005274 0.046210 
0.459608 0.989224 0.462022 
0.057012 0.005502 0.491768 
0.973815 0.011153 0.007516 0.007516 
0.250000 0.250000 0.250000 0.250000 
  52
0.476531 0.005274 0.046210 
0.466457 0.989224 0.462022 
0.057405 0.005499 0.491768 
0.972994 0.007502 0.012003 0.007502 
0.250000 0.250000 0.250000 0.250000 
  53
0.479817 0.005271 0.046210 
0.462778 0.989230 0.462022 
0.057405 0.005499 0.491768 
0.977495 0.007502 0.007502 0.007502 
0.250000 0.250000 0.250000 0.250000 
  54
0.479817 0.005271 0.046210 
0.462778 0.989230 0.462022 
0.057405 0.005499 0.491768 
0.975190 0.009807 0.007502 0.007502 
0.250000 0.250000 0.250000 0.250000 
  55
0.479817 0.005271 0.046210 
0.462778 0.989230 0.462022 
0.057405 0.005499 0.491768 
0.076468 0.007502 0.900796 0.015235 
0.250000 0.250000 0.250000 0.250000 
  56
0.479817 0.005271 0.046210 
0.462778 0.989230 0.462022 
0.057405 0.005499 0.491768 
0.008488 0.007502 0.008825 0.975185 
0.250000 0.250000 0.250000 0.250000 
  57
0.479817 0.005271 0.046210 
0.462778 0.989230 0.462022 
0.057405 0.005499 0.491768 
0.007502 0.007502 0.011074 0.973923 
0.250000 0.250000 0.250000 0.250000 
  58
0.479817 0.005271 0.046210 
0.462778 0.989230 0.462022 
0.057405 0.005499 0.491768 
0.007502 0.007502 0.976417 0.008580 
0.250000 0.250000 0.250000 0.250000 
  59
0.479817 0.005271 0.046210 
0.462778 0.989230 0.462022 
0.057405 0.005499 0.491768 
0.007502 0.007502 0.977495 0.007502 
0.250000 0.250000 0.250000 0.250000 
  60
0.479817 0.005271 0.046210 
0.462778 0.989230 0.462022 
0.057405 0.005499 0.491768 
0.007502 0.007502 0.009217 0.975780 
0.250000 0.250000 0.250000 0.250000 
  61
0.479817 0.005271 0.046210 
0.462778 0.989230 0.462022 
0.057405 0.005499 0.491768 
0.007502 0.977495 0.007502 0.007502 
0.250000 0.250000 0.250000 0.250000 
  62
0.479817 0.005271 0.046210 
0.462778 0.989230 0.462022 
0.057405 0.005499 0.491768 
0.013194 0.971803 0.007502 0.007502 
0.250000 0.250000 0.250000 0.250000 
  63
0.479817 0.005271 0.046210 
0.462778 0.989230 0.462022 
0.057405 0.005499 0.491768 
0.973780 0.011217 0.007502 0.007502 
0.250000 0.250000 0.250000 0.250000 
  64
0.479817 0.005271 0.046210 
0.462778 0.989230 0.462022 
0.057405 0.005499 0.491768 
0.976470 0.008527 0.007502 0.007502 
0.250000 0.250000 0.250000 0.250000 
  65
0.479817 0.005271 0.046210 
0.462778 0.989230 0.462022 
0.057405 0.005499 0.491768 
0.975735 0.009262 0.007502 0.007502 
0.250000 0.250000 0.250000 0.250000 
  66
0.479817 0.005271 0.046210 
0.462778 0.989230 0.462022 
0.057405 0.005499 0.491768 
0.007502 0.007502 0.007502 0.977495 
0.250000 0.250000 0.250000 0.250000 
  67
0.479817 0.005271 0.046210 
0.462778 0.989230 0.462022 
0.057405 0.005499 0.491768 
0.007502 0.974928 0.007502 0.010069 
0.250000 0.250000 0.250000 0.250000 
  68
0.479817 0.005271 0.046210 
0.462778 0.989230 0.462022 
0.057405 0.005499 0.491768 
0.977495 0.007502 0.007502 0.007502 
0.250000 0.250000 0.250000 0.250000 
  69
0.479817 0.005271 0.046210 
0.462778 0.989230 0.462022 
0.057405 0.005499 0.491768 
0.007502 0.007502 0.977495 0.007502 
0.250000 0.250000 0.250000 0.250000 
  70
0.479817 0.005271 0.046210 
0.462778 0.989230 0.462022 
0.057405 0.005499 0.491768 
0.975291 0.008735 0.008472 0.007502 
0.250000 0.250000 0.250000 0.250000 
  71
0.479817 0.005271 0.046210 
0.462778 0.989230 0.462022 
0.057405 0.005499 0.491768 
0.975223 0.009774 0.007502 0.007502 
0.250000 0.250000 0.250000 0.250000 
  72
0.479817 0.005271 0.046210 
0.462778 0.989230 0.462022 
0.057405 0.005499 0.491768 
0.007502 0.007502 0.171028 0.813969 
0.250000 0.250000 0.250000 0.250000 
  73
0.479817 0.005271 0.046210 
0.462778 0.989230 0.462022 
0.057405 0.005499 0.491768 
0.977495 0.007502 0.007502 0.007502 
0.250000 0.250000 0.250000 0.250000 
  74
0.479817 0.005271 0.046210 
0.462778 0.989230 0.462022 
0.057405 0.005499 0.491768 
0.008510 0.976487 0.007502 0.007502 
0.250000 0.250000 0.250000 0.250000 
  75
0.479817 0.005271 0.046210 
0.462778 0.989230 0.462022 
0.057405 0.005499 0.491768 
0.007502 0.007502 0.976094 0.008903 
0.250000 0.250000 0.250000 0.250000 
  76
0.479817 0.005271 0.046210 
0.462778 0.989230 0.462022 
0.057405 0.005499 0.491768 
0.977495 0.007502 0.007502 0.007502 
0.250000 0.250000 0.250000 0.250000 
  77
0.479817 0.005271 0.046210 
0.462778 0.989230 0.462022 
0.057405 0.005499 0.491768 
0.009157 0.007502 0.952635 0.030707 
0.250000 0.250000 0.250000 0.250000 
  78
0.479817 0.005271 0.046210 
0.462778 0.989230 0.462022 
0.057405 0.005499 0.491768 
0.010781 0.972795 0.007502 0.008923 
0.250000 0.250000 0.250000 0.250000 
  79
0.479817 0.005271 0.046210 
0.462778 0.989230 0.462022 
0.057405 0.005499 0.491768 
0.007502 0.977495 0.007502 0.007502 
0.250000 0.250000 0.250000 0.250000 
  80
0.479817 0.005271 0.046210 
0.462778 0.989230 0.462022 
0.057405 0.005499 0.491768 
0.007502 0.007502 0.977495 0.007502 
0.250000 0.250000 0.250000 0.250000 
  81
0.479817 0.005271 0.046210 
0.462778 0.989230 0.462022 
0.057405 0.005499 0.491768 
0.967354 0.016436 0.007502 0.008709 
0.250000 0.250000 0.250000 0.250000 
  82
0.479817 0.005271 0.046210 
0.462778 0.989230 0.462022 
0.057405 0.005499 0.491768 
0.975088 0.009909 0.007502 0.007502 
0.250000 0.250000 0.250000 0.250000 
  83
0.479817 0.005271 0.046210 
0.462778 0.989230 0.462022 
0.057405 0.005499 0.491768 
0.007502 0.007502 0.973667 0.011330 
0.250000 0.250000 0.250000 0.250000 
  84
0.479817 0.005271 0.046210 
0.462778 0.989230 0.462022 
0.057405 0.005499 0.491768 
0.008499 0.976498 0.007502 0.007502 
0.250000 0.250000 0.250000 0.250000 
  85
0.479817 0.005271 0.046210 
0.462778 0.989230 0.462022 
0.057405 0.005499 0.491768 
0.007502 0.007502 0.976383 0.008614 
0.250000 0.250000 0.250000 0.250000 
  86
0.479817 0.005271 0.046210 
0.462778 0.989230 0.462022 
0.057405 0.005499 0.491768 
0.007502 0.007502 0.007502 0.977495 
0.250000 0.250000 0.250000 0.250000 
  87
0.479817 0.005271 0.046210 
0.462778 0.989230 0.462022 
0.057405 0.005499 0.491768 
0.011363 0.971950 0.007502 0.009186 
0.250000 0.250000 0.250000 0.250000 
  88
0.479817 0.005271 0.046210 
0.462778 0.989230 0.462022 
0.057405 0.005499 0.491768 
0.007502 0.007502 0.007502 0.977495 
0.250000 0.250000 0.250000 0.250000 
  89
0.479817 0.005271 0.046210 
0.462778 0.989230 0.462022 
0.057405 0.005499 0.491768 
0.007502 0.977495 0.007502 0.007502 
0.250000 0.250000 0.250000 0.250000 
  90
0.479817 0.005271 0.046210 
0.462778 0.989230 0.462022 
0.057405 0.005499 0.491768 
0.007502 0.007502 0.975873 0.009124 
0.250000 0.250000 0.250000 0.250000 
  91
0.479817 0.005271 0.046210 
0.462778 0.989230 0.462022 
0.057405 0.005499 0.491768 
0.008739 0.007502 0.976258 0.007502 
0.250000 0.250000 0.250000 0.250000 
  92
0.479817 0.005271 0.046210 
0.462778 0.989230 0.462022 
0.057405 0.005499 0.491768 
0.007502 0.007502 0.007502 0.977495 
0.250000 0.250000 0.250000 0.250000 
  93
0.479817 0.005271 0.046210 
0.462778 0.989230 0.462022 
0.057405 0.005499 0.491768 
0.007502 0.011699 0.012085 0.968715 
0.250000 0.250000 0.250000 0.250000 
  94
0.479817 0.005271 0.046210 
0.462778 0.989230 0.462022 
0.057405 0.005499 0.491768 
0.007502 0.977495 0.007502 0.007502 
0.250000 0.250000 0.250000 0.250000 
  95
0.479817 0.005271 0.046210 
0.462778 0.989230 0.462022 
0.057405 0.005499 0.491768 
0.007502 0.977495 0.007502 0.007502 
0.250000 0.250000 0.250000 0.250000 
  96
0.479817 0.005271 0.046210 
0.462778 0.989230 0.462022 
0.057405 0.005499 0.491768 
0.010956 0.972221 0.008409 0.008414 
0.250000 0.250000 0.250000 0.250000 
  97
0.479817 0.005271 0.046210 
0.462778 0.989230 0.462022 
0.057405 0.005499 0.491768 
0.007502 0.007502 0.977495 0.007502 
0.250000 0.250000 0.250000 0.250000 
  98
0.479817 0.005271 0.046210 
0.462778 0.989230 0.462022 
0.057405 0.005499 0.491768 
0.977495 0.007502 0.007502 0.007502 
0.250000 0.250000 0.250000 0.250000 
  99
0.479817 0.005271 0.046210 
0.462778 0.989230 0.462022 
0.057405 0.005499 0.491768 
0.007502 0.007502 0.973406 0.011591 
0.250000 0.250000 0.250000 0.250000 
 100
0.479817 0.005271 0.046210 
0.462778 0.989230 0.462022 
0.057405 0.005499 0.491768 
0.007502 0.007502 0.977495 0.007502 
0.250000 0.250000 0.250000 0.250000 
 101
0.479817 0.005271 0.046210 
0.462778 0.989230 0.462022 
0.057405 0.005499 0.491768 
0.977474 0.007509 0.007509 0.007509 
0.250000 0.250000 0.250000 0.250000 
 102
0.479817 0.005271 0.046210 
0.462778 0.989230 0.462022 
0.057405 0.005499 0.491768 
0.007502 0.007502 0.008564 0.976433 
0.250000 0.250000 0.250000 0.250000 
 103
0.479817 0.005271 0.046210 
0.462778 0.989230 0.462022 
0.057405 0.005499 0.491768 
0.007502 0.977495 0.007502 0.007502 
0.250000 0.250000 0.250000 0.250000 
 104
0.479817 0.005271 0.046210 
0.462778 0.989230 0.462022 
0.057405 0.005499 0.491768 
0.007502 0.007502 0.977495 0.007502 
0.250000 0.250000 0.250000 0.250000 
 105
0.479817 0.005271 0.046210 
0.462778 0.989230 0.462022 
0.057405 0.005499 0.491768 
0.977495 0.007502 0.007502 0.007502 
0.250000 0.250000 0.250000 0.250000 
 106
0.479817 0.005271 0.046210 
0.462778 0.989230 0.462022 
0.057405 0.005499 0.491768 
0.008809 0.976188 0.007502 0.007502 
0.250000 0.250000 0.250000 0.250000 
 107
0.479817 0.005271 0.046210 
0.462778 0.989230 0.462022 
0.057405 0.005499 0.491768 
0.007502 0.007502 0.007502 0.977495 
0.250000 0.250000 0.250000 0.250000 
 108
0.479817 0.005271 0.046210 
0.462778 0.989230 0.462022 
0.057405 0.005499 0.491768 
0.969055 0.015942 0.007502 0.007502 
0.250000 0.250000 0.250000 0.250000 
 109
0.479817 0.005271 0.046210 
0.462778 0.989230 0.462022 
0.057405 0.005499 0.491768 
0.007502 0.007502 0.977495 0.007502 
0.250000 0.250000 0.250000 0.250000 
 110
0.479817 0.005271 0.046210 
0.462778 0.989230 0.462022 
0.057405 0.005499 0.491768 
0.007502 0.007502 0.977495 0.007502 
0.250000 0.250000 0.250000 0.250000 
 111
0.479817 0.005271 0.046210 
0.462778 0.989230 0.462022 
0.057405 0.005499 0.491768 
0.976445 0.008552 0.007502 0.007502 
0.250000 0.250000 0.250000 0.250000 
 112
0.479817 0.005271 0.046210 
0.462778 0.989230 0.462022 
0.057405 0.005499 0.491768 
0.977495 0.007502 0.007502 0.007502 
0.250000 0.250000 0.250000 0.250000 
 113
0.479817 0.005271 0.046210 
0.462778 0.989230 0.462022 
0.057405 0.005499 0.491768 
0.977495 0.007502 0.007502 0.007502 
0.250000 0.250000 0.250000 0.250000 
 114
0.479817 0.005271 0.046210 
0.462778 0.989230 0.462022 
0.057405 0.005499 0.491768 
0.008546 0.007502 0.964529 0.019423 
0.250000 0.250000 0.250000 0.250000 
 115
0.479817 0.005271 0.046210 
0.462778 0.989230 0.462022 
0.057405 0.005499 0.491768 
0.007502 0.977495 0.007502 0.007502 
0.250000 0.250000 0.250000 0.250000 
 116
0.479817 0.005271 0.046210 
0.462778 0.989230 0.462022 
0.057405 0.005499 0.491768 
0.007502 0.977495 0.007502 0.007502 
0.250000 0.250000 0.250000 0.250000 
 117
0.479817 0.005271 0.046210 
0.462778 0.989230 0.462022 
0.057405 0.005499 0.491768 
0.975878 0.009101 0.007510 0.007510 
0.250000 0.250000 0.250000 0.250000 
 118
0.479817 0.005271 0.046210 
0.462778 0.989230 0.462022 
0.057405 0.005499 0.491768 
0.977495 0.007502 0.007502 0.007502 
0.250000 0.250000 0.250000 0.250000 
 119
0.479817 0.005271 0.046210 
0.462778 0.989230 0.462022 
0.057405 0.005499 0.491768 
0.007502 0.007502 0.976145 0.008852 
0.250000 0.250000 0.250000 0.250000 
 120
0.479817 0.005271 0.046210 
0.462778 0.989230 0.462022 
0.057405 0.005499 0.491768 
0.009717 0.974273 0.007502 0.008509 
0.250000 0.250000 0.250000 0.250000 
 121
0.479817 0.005271 0.046210 
0.462778 0.989230 0.462022 
0.057405 0.005499 0.491768 
0.971175 0.013822 0.007502 0.007502 
0.250000 0.250000 0.250000 0.250000 
 122
0.479817 0.005271 0.046210 
0.462778 0.989230 0.462022 
0.057405 0.005499 0.491768 
0.007502 0.007502 0.007502 0.977495 
0.250000 0.250000 0.250000 0.250000 
 123
0.479817 0.005271 0.046210 
0.462778 0.989230 0.462022 
0.057405 0.005499 0.491768 
0.967590 0.017393 0.007508 0.007508 
0.250000 0.250000 0.250000 0.250000 
 124
0.479817 0.005271 0.046210 
0.462778 0.989230 0.462022 
0.057405 0.005499 0.491768 
0.007502 0.977495 0.007502 0.007502 
0.250000 0.250000 0.250000 0.250000 
 125
0.479817 0.005271 0.046210 
0.462778 0.989230 0.462022 
0.057405 0.005499 0.491768 
0.007502 0.007502 0.007502 0.977495 
0.250000 0.250000 0.250000 0.250000 
 126
0.479817 0.005271 0.046210 
0.462778 0.989230 0.462022 
0.057405 0.005499 0.491768 
0.008698 0.976299 0.007502 0.007502 
0.250000 0.250000 0.250000 0.250000 
 127
0.479817 0.005271 0.046210 
0.462778 0.989230 0.462022 
0.057405 0.005499 0.491768 
0.977495 0.007502 0.007502 0.007502 
0.250000 0.250000 0.250000 0.250000 
 128
0.479817 0.005271 0.046210 
0.462778 0.989230 0.462022 
0.057405 0.005499 0.491768 
0.977495 0.007502 0.007502 0.007502 
0.250000 0.250000 0.250000 0.250000 
 129
0.479817 0.005271 0.046210 
0.462778 0.989230 0.462022 
0.057405 0.005499 0.491768 
0.975378 0.008494 0.008621 0.007507 
0.250000 0.250000 0.250000 0.250000 
 130
0.479817 0.005271 0.046210 
0.462778 0.989230 0.462022 
0.057405 0.005499 0.491768 
0.977495 0.007502 0.007502 0.007502 
0.250000 0.250000 0.250000 0.250000 
 131
0.479817 0.005271 0.046210 
0.462778 0.989230 0.462022 
0.057405 0.005499 0.491768 
0.007502 0.007502 0.977495 0.007502 
0.250000 0.250000 0.250000 0.250000 
 132
0.479817 0.005271 0.046210 
0.462778 0.989230 0.462022 
0.057405 0.005499 0.491768 
0.975270 0.009727 0.007502 0.007502 
0.250000 0.250000 0.250000 0.250000 
 133
0.479817 0.005271 0.046210 
0.462778 0.989230 0.462022 
0.057405 0.005499 0.491768 
0.977495 0.007502 0.007502 0.007502 
0.250000 0.250000 0.250000 0.250000 
 134
0.479817 0.005271 0.046210 
0.462778 0.989230 0.462022 
0.057405 0.005499 0.491768 
0.007502 0.007502 0.007502 0.977495 
0.250000 0.250000 0.250000 0.250000 
 135
0.479817 0.005271 0.046210 
0.462778 0.989230 0.462022 
0.057405 0.005499 0.491768 
0.008942 0.007502 0.976055 0.007502 
0.250000 0.250000 0.250000 0.250000 
 136
0.479817 0.005271 0.046210 
0.462778 0.989230 0.462022 
0.057405 0.005499 0.491768 
0.975996 0.009001 0.007502 0.007502 
0.250000 0.250000 0.250000 0.250000 
 137
0.479817 0.005271 0.046210 
0.462778 0.989230 0.462022 
0.057405 0.005499 0.491768 
0.007502 0.007502 0.976015 0.008982 
0.250000 0.250000 0.250000 0.250000 
 138
0.479817 0.005271 0.046210 
0.462778 0.989230 0.462022 
0.057405 0.005499 0.491768 
0.013672 0.965187 0.007502 0.013639 
0.250000 0.250000 0.250000 0.250000 
 139
0.479817 0.005271 0.046210 
0.462778 0.989230 0.462022 
0.057405 0.005499 0.491768 
0.976074 0.007502 0.008923 0.007502 
0.250000 0.250000 0.250000 0.250000 
 140
0.479817 0.005271 0.046210 
0.462778 0.989230 0.462022 
0.057405 0.005499 0.491768 
0.972450 0.012547 0.007502 0.007502 
0.250000 0.250000 0.250000 0.250000 
 141
0.479817 0.005271 0.046210 
0.462778 0.989230 0.462022 
0.057405 0.005499 0.491768 
0.007502 0.007502 0.007502 0.977495 
0.250000 0.250000 0.250000 0.250000 
 142
0.479817 0.005271 0.046210 
0.462778 0.989230 0.462022 
0.057405 0.005499 0.491768 
0.007502 0.977495 0.007502 0.007502 
0.250000 0.250000 0.250000 0.250000 
 143
0.479817 0.005271 0.046210 
0.462778 0.989230 0.462022 
0.057405 0.005499 0.491768 
0.977495 0.007502 0.007502 0.007502 
0.250000 0.250000 0.250000 0.250000 
 144
0.479817 0.005271 0.046210 
0.462778 0.989230 0.462022 
0.057405 0.005499 0.491768 
0.007502 0.007502 0.975483 0.009514 
0.250000 0.250000 0.250000 0.250000 
 145
0.479817 0.005271 0.046210 
0.462778 0.989230 0.462022 
0.057405 0.005499 0.491768 
0.009085 0.007502 0.975912 0.007502 
0.250000 0.250000 0.250000 0.250000 
 146
0.479817 0.005271 0.046210 
0.462778 0.989230 0.462022 
0.057405 0.005499 0.491768 
0.189941 0.795056 0.007502 0.007502 
0.250000 0.250000 0.250000 0.250000 
 147
0.479817 0.005271 0.046210 
0.462778 0.989230 0.462022 
0.057405 0.005499 0.491768 
0.972826 0.012171 0.007502 0.007502 
0.250000 0.250000 0.250000 0.250000 
 148
0.479817 0.005271 0.046210 
0.462778 0.989230 0.462022 
0.057405 0.005499 0.491768 
0.975428 0.009569 0.007502 0.007502 
0.250000 0.250000 0.250000 0.250000 
 149
0.479817 0.005271 0.046210 
0.462778 0.989230 0.462022 
0.057405 0.005499 0.491768 
0.007502 0.007502 0.008505 0.976492 
0.250000 0.250000 0.250000 0.250000 
 150
0.479817 0.005271 0.046210 
0.462778 0.989230 0.462022 
0.057405 0.005499 0.491768 
0.007502 0.007502 0.008551 0.976446 
0.250000 0.250000 0.250000 0.250000 
 151
0.479817 0.005271 0.046210 
0.462778 0.989230 0.462022 
0.057405 0.005499 0.491768 
0.007502 0.977495 0.007502 0.007502 
0.250000 0.250000 0.250000 0.250000 
 152
0.479817 0.005271 0.046210 
0.462778 0.989230 0.462022 
0.057405 0.005499 0.491768 
0.977495 0.007502 0.007502 0.007502 
0.250000 0.250000 0.250000 0.250000 
 153
0.479817 0.005271 0.046210 
0.462778 0.989230 0.462022 
0.057405 0.005499 0.491768 
0.976230 0.008767 0.007502 0.007502 
0.250000 0.250000 0.250000 0.250000 
 154
0.479817 0.005271 0.046210 
0.462778 0.989230 0.462022 
0.057405 0.005499 0.491768 
0.007502 0.977495 0.007502 0.007502 
0.250000 0.250000 0.250000 0.250000 
 155
0.479817 0.005271 0.046210 
0.462778 0.989230 0.462022 
0.057405 0.005499 0.491768 
0.007502 0.007502 0.007502 0.977495 
0.250000 0.250000 0.250000 0.250000 
 156
0.479817 0.005271 0.046210 
0.462778 0.989230 0.462022 
0.057405 0.005499 0.491768 
0.007502 0.007502 0.007502 0.977495 
0.250000 0.250000 0.250000 0.250000 
 157
0.479817 0.005271 0.046210 
0.462778 0.989230 0.462022 
0.057405 0.005499 0.491768 
0.977495 0.007502 0.007502 0.007502 
0.250000 0.250000 0.250000 0.250000 
 158
0.479817 0.005271 0.046210 
0.462778 0.989230 0.462022 
0.057405 0.005499 0.491768 
0.007502 0.007502 0.977495 0.007502 
0.250000 0.250000 0.250000 0.250000 
 159
0.479817 0.005271 0.046210 
0.462778 0.989230 0.462022 
0.057405 0.005499 0.491768 
0.007502 0.007502 0.011878 0.973119 
0.250000 0.250000 0.250000 0.250000 
 160
0.479817 0.005271 0.046210 
0.462778 0.989230 0.462022 
0.057405 0.005499 0.491768 
0.977495 0.007502 0.007502 0.007502 
0.250000 0.250000 0.250000 0.250000 
 161
0.479817 0.005271 0.046210 
0.462778 0.989230 0.462022 
0.057405 0.005499 0.491768 
0.977495 0.007502 0.007502 0.007502 
0.250000 0.250000 0.250000 0.250000 
 162
0.479817 0.005271 0.046210 
0.462778 0.989230 0.462022 
0.057405 0.005499 0.491768 
0.007502 0.007502 0.013507 0.971490 
0.250000 0.250000 0.250000 0.250000 
 163
0.479817 0.005271 0.046210 
0.462778 0.989230 0.462022 
0.057405 0.005499 0.491768 
0.007502 0.977495 0.007502 0.007502 
0.250000 0.250000 0.250000 0.250000 
 164
0.479817 0.005271 0.046210 
0.462778 0.989230 0.462022 
0.057405 0.005499 0.491768 
0.007502 0.007502 0.977495 0.007502 
0.250000 0.250000 0.250000 0.250000 
 165
0.479817 0.005271 0.046210 
0.462778 0.989230 0.462022 
0.057405 0.005499 0.491768 
0.008795 0.007502 0.013523 0.970181 
0.250000 0.250000 0.250000 0.250000 
 166
0.479817 0.005271 0.046210 
0.462778 0.989230 0.462022 
0.057405 0.005499 0.491768 
0.977495 0.007502 0.007502 0.007502 
0.250000 0.250000 0.250000 0.250000 
 167
0.479817 0.005271 0.046210 
0.462778 0.989230 0.462022 
0.057405 0.005499 0.491768 
0.007502 0.007502 0.977495 0.007502 
0.250000 0.250000 0.250000 0.250000 
 168
0.479817 0.005271 0.046210 
0.462778 0.989230 0.462022 
0.057405 0.005499 0.491768 
0.009574 0.011090 0.008735 0.970601 
0.250000 0.250000 0.250000 0.250000 
 169
0.479817 0.005271 0.046210 
0.462778 0.989230 0.462022 
0.057405 0.005499 0.491768 
0.007502 0.977495 0.007502 0.007502 
0.250000 0.250000 0.250000 0.250000 
 170
0.479817 0.005271 0.046210 
0.462778 0.989230 0.462022 
0.057405 0.005499 0.491768 
0.977495 0.007502 0.007502 0.007502 
0.250000 0.250000 0.250000 0.250000 
 171
0.479817 0.005271 0.046210 
0.462778 0.989230 0.462022 
0.057405 0.005499 0.491768 
0.018390 0.966607 0.007502 0.007502 
0.250000 0.250000 0.250000 0.250000 
 172
0.479817 0.005271 0.046210 
0.462778 0.989230 0.462022 
0.057405 0.005499 0.491768 
0.007502 0.007502 0.976095 0.008902 
0.250000 0.250000 0.250000 0.250000 
 173
0.479817 0.005271 0.046210 
0.462778 0.989230 0.462022 
0.057405 0.005499 0.491768 
0.007502 0.007502 0.007502 0.977495 
0.250000 0.250000 0.250000 0.250000 
 174
0.479817 0.005271 0.046210 
0.462778 0.989230 0.462022 
0.057405 0.005499 0.491768 
0.010551 0.973452 0.007502 0.008495 
0.250000 0.250000 0.250000 0.250000 
 175
0.479817 0.005271 0.046210 
0.462778 0.989230 0.462022 
0.057405 0.005499 0.491768 
0.007502 0.977495 0.007502 0.007502 
0.250000 0.250000 0.250000 0.250000 
 176
0.479817 0.005271 0.046210 
0.462778 0.989230 0.462022 
0.057405 0.005499 0.491768 
0.007502 0.007502 0.007502 0.977495 
0.250000 0.250000 0.250000 0.250000 
 177
0.479817 0.005271 0.046210 
0.462778 0.989230 0.462022 
0.057405 0.005499 0.491768 
0.007502 0.007502 0.007502 0.977495 
0.250000 0.250000 0.250000 0.250000 
 178
0.479817 0.005271 0.046210 
0.462778 0.989230 0.462022 
0.057405 0.005499 0.491768 
0.007502 0.007502 0.977495 0.007502 
0.250000 0.250000 0.250000 0.250000 
 179
0.479817 0.005271 0.046210 
0.462778 0.989230 0.462022 
0.057405 0.005499 0.491768 
0.977495 0.007502 0.007502 0.007502 
0.250000 0.250000 0.250000 0.250000 
 180
0.479817 0.005271 0.046210 
0.462778 0.989230 0.462022 
0.057405 0.005499 0.491768 
0.007502 0.977495 0.007502 0.007502 
0.250000 0.250000 0.250000 0.250000 
 181
0.479817 0.005271 0.046210 
0.462778 0.989230 0.462022 
0.057405 0.005499 0.491768 
0.976308 0.008689 0.007502 0.007502 
0.250000 0.250000 0.250000 0.250000 
 182
0.479817 0.005271 0.046210 
0.462778 0.989230 0.462022 
0.057405 0.005499 0.491768 
0.975684 0.007502 0.007502 0.009313 
0.250000 0.250000 0.250000 0.250000 
 183
0.479817 0.005271 0.046210 
0.462778 0.989230 0.462022 
0.057405 0.005499 0.491768 
0.007502 0.007502 0.010574 0.974423 
0.250000 0.250000 0.250000 0.250000 
 184
0.479817 0.005271 0.046210 
0.462778 0.989230 0.462022 
0.057405 0.005499 0.491768 
0.007502 0.007502 0.007502 0.977495 
0.250000 0.250000 0.250000 0.250000 
 185
0.479817 0.005271 0.046210 
0.462778 0.989230 0.462022 
0.057405 0.005499 0.491768 
0.007502 0.007502 0.975354 0.009643 
0.250000 0.250000 0.250000 0.250000 
 186
0.479817 0.005271 0.046210 
0.462778 0.989230 0.462022 
0.057405 0.005499 0.491768 
0.008684 0.007502 0.974009 0.009805 
0.250000 0.250000 0.250000 0.250000 
 187
0.479817 0.005271 0.046210 
0.462778 0.989230 0.462022 
0.057405 0.005499 0.491768 
0.020194 0.007502 0.011995 0.960310 
0.250000 0.250000 0.250000 0.250000 
 188
0.479817 0.005271 0.046210 
0.462778 0.989230 0.462022 
0.057405 0.005499 0.491768 
0.007502 0.007502 0.977495 0.007502 
0.250000 0.250000 0.250000 0.250000 
 189
0.479817 0.005271 0.046210 
0.462778 0.989230 0.462022 
0.057405 0.005499 0.491768 
0.973302 0.011695 0.007502 0.007502 
0.250000 0.250000 0.250000 0.250000 
 190
0.479817 0.005271 0.046210 
0.462778 0.989230 0.462022 
0.057405 0.005499 0.491768 
0.976211 0.008786 0.007502 0.007502 
0.250000 0.250000 0.250000 0.250000 
 191
0.479817 0.005271 0.046210 
0.462778 0.989230 0.462022 
0.057405 0.005499 0.491768 
0.007502 0.007502 0.007502 0.977495 
0.250000 0.250000 0.250000 0.250000 
 192
0.479817 0.005271 0.046210 
0.462778 0.989230 0.462022 
0.057405 0.005499 0.491768 
0.975518 0.009478 0.007502 0.007502 
0.250000 0.250000 0.250000 0.250000 
 193
0.479817 0.005271 0.046210 
0.462778 0.989230 0.462022 
0.057405 0.005499 0.491768 
0.008515 0.976482 0.007502 0.007502 
0.250000 0.250000 0.250000 0.250000 
 194
0.479817 0.005271 0.046210 
0.462778 0.989230 0.462022 
0.057405 0.005499 0.491768 
0.009074 0.975923 0.007502 0.007502 
0.250000 0.250000 0.250000 0.250000 
 195
0.479817 0.005271 0.046210 
0.462778 0.989230 0.462022 
0.057405 0.005499 0.491768 
0.011957 0.007502 0.008485 0.972057 
0.250000 0.250000 0.250000 0.250000 
 196
0.479817 0.005271 0.046210 
0.462778 0.989230 0.462022 
0.057405 0.005499 0.491768 
0.008866 0.976131 0.007502 0.007502 
0.250000 0.250000 0.250000 0.250000 
 197
0.479817 0.005271 0.046210 
0.462778 0.989230 0.462022 
0.057405 0.005499 0.491768 
0.975358 0.009639 0.007502 0.007502 
0.250000 0.250000 0.250000 0.250000 
 198
0.479817 0.005271 0.046210 
0.462778 0.989230 0.462022 
0.057405 0.005499 0.491768 
0.976215 0.008782 0.007502 0.007502 
0.250000 0.250000 0.250000 0.250000 
 199
0.479817 0.005271 0.046210 
0.462778 0.989230 0.462022 
0.057405 0.005499 0.491768 
0.977495 0.007502 0.007502 0.007502 
0.250000 0.250000 0.250000 0.250000 
 200
0.479817 0.005271 0.046210 
0.462778 0.989230 0.462022 
0.057405 0.005499 0.491768 
0.007502 0.007502 0.007502 0.977495 
0.250000 0.250000 0.250000 0.250000 
 201
0.479817 0.005271 0.046210 
0.462778 0.989230 0.462022 
0.057405 0.005499 0.491768 
0.976192 0.008805 0.007502 0.007502 
0.250000 0.250000 0.250000 0.250000 
 202
0.479817 0.005271 0.046210 
0.462778 0.989230 0.462022 
0.057405 0.005499 0.491768 
0.007502 0.007502 0.007502 0.977495 
0.250000 0.250000 0.250000 0.250000 
 203
0.479817 0.005271 0.046210 
0.462778 0.989230 0.462022 
0.057405 0.005499 0.491768 
0.007502 0.977495 0.007502 0.007502 
0.250000 0.250000 0.250000 0.250000 
 204
0.479817 0.005271 0.046210 
0.462778 0.989230 0.462022 
0.057405 0.005499 0.491768 
0.007502 0.007502 0.974809 0.010188 
0.250000 0.250000 0.250000 0.250000 
 205
0.479817 0.005271 0.046210 
0.462778 0.989230 0.462022 
0.057405 0.005499 0.491768 
0.066729 0.918267 0.007502 0.007502 
0.250000 0.250000 0.250000 0.250000 
 206
0.479817 0.005271 0.046210 
0.462778 0.989230 0.462022 
0.057405 0.005499 0.491768 
0.973591 0.010181 0.008726 0.007502 
0.250000 0.250000 0.250000 0.250000 
 207
0.479817 0.005271 0.046210 
0.462778 0.989230 0.462022 
0.057405 0.005499 0.491768 
0.007502 0.007502 0.975477 0.009520 
0.250000 0.250000 0.250000 0.250000 
 208
0.479817 0.005271 0.046210 
0.462778 0.989230 0.462022 
0.057405 0.005499 0.491768 
0.973345 0.011652 0.007502 0.007502 
0.250000 0.250000 0.250000 0.250000 
 209
0.479817 0.005271 0.046210 
0.462778 0.989230 0.462022 
0.057405 0.005499 0.491768 
0.009759 0.975238 0.007502 0.007502 
0.250000 0.250000 0.250000 0.250000 
 210
0.479817 0.005271 0.046210 
0.462778 0.989230 0.462022 
0.057405 0.005499 0.491768 
0.007502 0.007502 0.025738 0.959258 
0.250000 0.250000 0.250000 0.250000 
 211
0.479817 0.005271 0.046210 
0.462778 0.989230 0.462022 
0.057405 0.005499 0.491768 
0.007502 0.007502 0.977495 0.007502 
0.250000 0.250000 0.250000 0.250000 
 212
0.479817 0.005271 0.046210 
0.462778 0.989230 0.462022 
0.057405 0.005499 0.491768 
0.007502 0.007502 0.977495 0.007502 
0.250000 0.250000 0.250000 0.250000 
 213
0.479817 0.005271 0.046210 
0.462778 0.989230 0.462022 
0.057405 0.005499 0.491768 
0.007502 0.007502 0.010685 0.974312 
0.250000 0.250000 0.250000 0.250000 
 214
0.479817 0.005271 0.046210 
0.462778 0.989230 0.462022 
0.057405 0.005499 0.491768 
0.007502 0.007502 0.976320 0.008677 
0.250000 0.250000 0.250000 0.250000 
 215
0.479817 0.005271 0.046210 
0.462778 0.989230 0.462022 
0.057405 0.005499 0.491768 
0.977495 0.007502 0.007502 0.007502 
0.250000 0.250000 0.250000 0.250000 
 216
0.479817 0.005271 0.046210 
0.462778 0.989230 0.462022 
0.057405 0.005499 0.491768 
0.007502 0.007502 0.007502 0.977495 
0.250000 0.250000 0.250000 0.250000 
 217
0.479817 0.005271 0.046210 
0.462778 0.989230 0.462022 
0.057405 0.005499 0.491768 
0.008840 0.007502 0.976157 0.007502 
0.250000 0.250000 0.250000 0.250000 
 218
0.479817 0.005271 0.046210 
0.462778 0.989230 0.462022 
0.057405 0.005499 0.491768 
0.977495 0.007502 0.007502 0.007502 
0.250000 0.250000 0.250000 0.250000 
 219
0.479817 0.005271 0.046210 
0.462778 0.989230 0.462022 
0.057405 0.005499 0.491768 
0.044944 0.940053 0.007502 0.007502 
0.250000 0.250000 0.250000 0.250000 
 220
0.479817 0.005271 0.046210 
0.462778 0.989230 0.462022 
0.057405 0.005499 0.491768 
0.968389 0.016608 0.007502 0.007502 
0.250000 0.250000 0.250000 0.250000 
 221
0.479817 0.005271 0.046210 
0.462778 0.989230 0.462022 
0.057405 0.005499 0.491768 
0.007502 0.007502 0.007502 0.977495 
0.250000 0.250000 0.250000 0.250000 
 222
0.479817 0.005271 0.046210 
0.462778 0.989230 0.462022 
0.057405 0.005499 0.491768 
0.007502 0.007502 0.972636 0.012360 
0.250000 0.250000 0.250000 0.250000 
 223
0.479817 0.005271 0.046210 
0.462778 0.989230 0.462022 
0.057405 0.005499 0.491768 
0.009743 0.007502 0.975254 0.007502 
0.250000 0.250000 0.250000 0.250000 
 224
0.479817 0.005271 0.046210 
0.462778 0.989230 0.462022 
0.057405 0.005499 0.491768 
0.007502 0.007502 0.007502 0.977495 
0.250000 0.250000 0.250000 0.250000 
 225
0.479817 0.005271 0.046210 
0.462778 0.989230 0.462022 
0.057405 0.005499 0.491768 
0.009472 0.007507 0.010031 0.972990 
0.250000 0.250000 0.250000 0.250000 
 226
0.479817 0.005271 0.046210 
0.462778 0.989230 0.462022 
0.057405 0.005499 0.491768 
0.007502 0.977495 0.007502 0.007502 
0.250000 0.250000 0.250000 0.250000 
 227
0.479817 0.005271 0.046210 
0.462778 0.989230 0.462022 
0.057405 0.005499 0.491768 
0.977495 0.007502 0.007502 0.007502 
0.250000 0.250000 0.250000 0.250000 
 228
0.479817 0.005271 0.046210 
0.462778 0.989230 0.462022 
0.057405 0.005499 0.491768 
0.007502 0.007502 0.009838 0.975158 
0.250000 0.250000 0.250000 0.250000 
 229
0.479817 0.005271 0.046210 
0.462778 0.989230 0.462022 
0.057405 0.005499 0.491768 
0.007502 0.977495 0.007502 0.007502 
0.250000 0.250000 0.250000 0.250000 
 230
0.479817 0.005271 0.046210 
0.462778 0.989230 0.462022 
0.057405 0.005499 0.491768 
0.007502 0.977495 0.007502 0.007502 
0.250000 0.250000 0.250000 0.250000 
 231
0.479817 0.005271 0.046210 
0.462778 0.989230 0.462022 
0.057405 0.005499 0.491768 
0.974482 0.009610 0.007502 0.008406 
0.250000 0.250000 0.250000 0.250000 
 232
0.479817 0.005271 0.046210 
0.462778 0.989230 0.462022 
0.057405 0.005499 0.491768 
0.009124 0.975873 0.007502 0.007502 
0.250000 0.250000 0.250000 0.250000 
 233
0.479817 0.005271 0.046210 
0.462778 0.989230 0.462022 
0.057405 0.005499 0.491768 
0.975383 0.009614 0.007502 0.007502 
0.250000 0.250000 0.250000 0.250000 
 234
0.479817 0.005271 0.046210 
0.462778 0.989230 0.462022 
0.057405 0.005499 0.491768 
0.977495 0.007502 0.007502 0.007502 
0.250000 0.250000 0.250000 0.250000 
 235
0.479817 0.005271 0.046210 
0.462778 0.989230 0.462022 
0.057405 0.005499 0.491768 
0.977495 0.007502 0.007502 0.007502 
