%  SAM: /scicomp/home-pure/vfn4/Tools/label-dev/LABEL_RES/scripts/modelfromalign_Linux v3.5 (July 15, 2005) compiled 12/08/06_16:15:55
%  (c) 1992-2001 Regents of the University of California, Santa Cruz
%
%          Sequence Alignment and Modeling Software System
%         http://www.cse.ucsc.edu/research/compbio/sam.html
%
% ----------------- Citations (SAM, SAM-T2K, HMMs) --------------------
% R. Hughey, A. Krogh, Hidden Markov models for sequence analysis:
%  Extension and analysis of the basic method, CABIOS 12:95-107, 1996.
% K. Karplus, et al., What is the value added by human intervention in protein
%  structure prediction, Proteins: Stucture, Function, Genetics 45(S5):86--91, 2001.
% A. Krogh et al., Hidden Markov models in computational biology:
%  Applications to protein modeling, JMB 235:1501-1531, Feb 1994.
% ---------------------------------------------------------------------
%  c-2344b_hmm   Host: node232.hpc.biotech.cdc.gov    Mon Apr  3 10:07:25 2023
%  vfn4          Dir:  /scicomp/home-pure/vfn4/fluA/H5/c-2344/c-2344ab/c-2344abL2
% ---------------------------------------------------------------------
%  Alignment weights from internal calc.  Total (63.77) Max (0.39) Min (0.01)
%  Weights from alignment method 1 (karplus), b=-1.000000, e=0.500000
MODEL --  Model from alignment file /scicomp/home-pure/vfn4/Tools/label-dev/LABEL_RES/training_data/c2344ab/c-2344abL2/c-2344b.fasta
alphabet DNA
FREQAVE
0.000000 0.000000 0.000000 
0.000000 0.000000 0.000000 
0.000000 0.000000 0.000000 
0.344673 0.231785 0.187639 0.235903 
0.344673 0.231785 0.187639 0.235903 
Begin
0.000000 0.000000 0.000000 
0.000000 0.000000 0.000000 
0.000000 0.003333 0.491768 
0.250000 0.250000 0.250000 0.250000 
0.250000 0.250000 0.250000 0.250000 
   1
0.000000 0.163939 0.046210 
0.000000 0.832729 0.462022 
0.013469 0.003971 0.491768 
0.984692 0.004814 0.005681 0.004814 
0.250000 0.250000 0.250000 0.250000 
   2
0.871815 0.003806 0.046210 
0.114716 0.992223 0.462022 
0.013552 0.003965 0.491768 
0.004804 0.004804 0.004804 0.985588 
0.250000 0.250000 0.250000 0.250000 
   3
0.876278 0.003801 0.046210 
0.110170 0.992235 0.462022 
0.013565 0.003964 0.491768 
0.004803 0.985592 0.004803 0.004803 
0.250000 0.250000 0.250000 0.250000 
   4
0.877083 0.003800 0.046210 
0.109352 0.992236 0.462022 
0.013565 0.003964 0.491768 
0.011546 0.978849 0.004803 0.004803 
0.250000 0.250000 0.250000 0.250000 
   5
0.874631 0.003800 0.046210 
0.111804 0.992236 0.462022 
0.013598 0.003962 0.491768 
0.983923 0.006479 0.004799 0.004799 
0.250000 0.250000 0.250000 0.250000 
   6
0.872261 0.003797 0.046210 
0.114141 0.992241 0.462022 
0.013660 0.003957 0.491768 
0.014637 0.975214 0.004793 0.005356 
0.250000 0.250000 0.250000 0.250000 
   7
0.874760 0.003793 0.046210 
0.111580 0.992250 0.462022 
0.013680 0.003956 0.491768 
0.983194 0.007224 0.004791 0.004791 
0.250000 0.250000 0.250000 0.250000 
   8
0.872649 0.003792 0.046210 
0.113672 0.992253 0.462022 
0.013726 0.003952 0.491768 
0.973089 0.016057 0.006070 0.004785 
0.250000 0.250000 0.250000 0.250000 
   9
0.872873 0.003789 0.046210 
0.113401 0.992259 0.462022 
0.013764 0.003950 0.491768 
0.057554 0.004782 0.931815 0.005848 
0.250000 0.250000 0.250000 0.250000 
  10
0.871858 0.003786 0.046210 
0.114378 0.992264 0.462022 
0.013811 0.003946 0.491768 
0.984336 0.004775 0.005636 0.005253 
0.250000 0.250000 0.250000 0.250000 
  11
0.867090 0.003961 0.046210 
0.119098 0.992092 0.462022 
0.013909 0.003940 0.491768 
0.005557 0.004766 0.009443 0.980234 
0.250000 0.250000 0.250000 0.250000 
  12
0.872340 0.003776 0.046210 
0.113751 0.992284 0.462022 
0.013932 0.003938 0.491768 
0.976569 0.013344 0.004763 0.005324 
0.250000 0.250000 0.250000 0.250000 
  13
0.858131 0.003775 0.046210 
0.127938 0.992287 0.462022 
0.014153 0.003923 0.491768 
0.015638 0.973488 0.005138 0.005736 
0.250000 0.250000 0.250000 0.250000 
  14
0.865990 0.003761 0.046210 
0.119858 0.992316 0.462022 
0.014235 0.003918 0.491768 
0.004731 0.004731 0.008507 0.982030 
0.250000 0.250000 0.250000 0.250000 
  15
0.869522 0.003756 0.046210 
0.116243 0.992326 0.462022 
0.014256 0.003917 0.491768 
0.708777 0.281763 0.004730 0.004730 
0.250000 0.250000 0.250000 0.250000 
  16
0.868264 0.003931 0.046210 
0.117480 0.992152 0.462022 
0.014282 0.003915 0.491768 
0.006100 0.004729 0.977956 0.011216 
0.250000 0.250000 0.250000 0.250000 
  17
0.867052 0.003753 0.046210 
0.118667 0.992332 0.462022 
0.014332 0.003912 0.491768 
0.004722 0.004722 0.005931 0.984626 
0.250000 0.250000 0.250000 0.250000 
  18
0.869181 0.003750 0.046210 
0.116487 0.992338 0.462022 
0.014346 0.003911 0.491768 
0.177896 0.005484 0.007954 0.808666 
0.250000 0.250000 0.250000 0.250000 
  19
0.870004 0.003749 0.046210 
0.115650 0.992340 0.462022 
0.014346 0.003911 0.491768 
0.011547 0.004720 0.975929 0.007803 
0.250000 0.250000 0.250000 0.250000 
  20
0.869340 0.003749 0.046210 
0.116314 0.992340 0.462022 
0.014355 0.003910 0.491768 
0.004720 0.005723 0.005709 0.983849 
0.250000 0.250000 0.250000 0.250000 
  21
0.869191 0.003748 0.046210 
0.116454 0.992341 0.462022 
0.014366 0.003910 0.491768 
0.004719 0.004719 0.006220 0.984343 
0.250000 0.250000 0.250000 0.250000 
  22
0.869823 0.003748 0.046210 
0.115811 0.992342 0.462022 
0.014366 0.003910 0.491768 
0.005199 0.004719 0.981978 0.008104 
0.250000 0.250000 0.250000 0.250000 
  23
0.869823 0.003748 0.046210 
0.115811 0.992342 0.462022 
0.014366 0.003910 0.491768 
0.006212 0.004719 0.004719 0.984351 
0.250000 0.250000 0.250000 0.250000 
  24
0.867461 0.003748 0.046210 
0.118173 0.992342 0.462022 
0.014400 0.003908 0.491768 
0.005592 0.005127 0.011686 0.977595 
0.250000 0.250000 0.250000 0.250000 
  25
0.869515 0.003746 0.046210 
0.116086 0.992347 0.462022 
0.014400 0.003908 0.491768 
0.007129 0.981047 0.004715 0.007109 
0.250000 0.250000 0.250000 0.250000 
  26
0.862958 0.003746 0.046210 
0.122642 0.992347 0.462022 
0.014495 0.003902 0.491768 
0.005210 0.006699 0.982991 0.005101 
0.250000 0.250000 0.250000 0.250000 
  27
0.868654 0.004544 0.046210 
0.116852 0.991554 0.462022 
0.014444 0.003905 0.491768 
0.979857 0.007501 0.006706 0.005936 
0.250000 0.250000 0.250000 0.250000 
  28
0.862334 0.003743 0.046210 
0.123222 0.992352 0.462022 
0.014543 0.003899 0.491768 
0.976534 0.009494 0.008100 0.005873 
0.250000 0.250000 0.250000 0.250000 
  29
0.868220 0.003737 0.046210 
0.117237 0.992364 0.462022 
0.014543 0.003899 0.491768 
0.005262 0.004702 0.087986 0.902050 
0.250000 0.250000 0.250000 0.250000 
  30
0.862938 0.003737 0.046210 
0.122519 0.992364 0.462022 
0.014620 0.003894 0.491768 
0.976838 0.012231 0.006236 0.004695 
0.250000 0.250000 0.250000 0.250000 
  31
0.866771 0.003733 0.046210 
0.118609 0.992373 0.462022 
0.014631 0.003894 0.491768 
0.031599 0.956684 0.004693 0.007024 
0.250000 0.250000 0.250000 0.250000 
  32
0.865886 0.003732 0.046210 
0.119484 0.992374 0.462022 
0.014653 0.003892 0.491768 
0.004691 0.006230 0.009543 0.979536 
0.250000 0.250000 0.250000 0.250000 
  33
0.866532 0.003731 0.046210 
0.118815 0.992377 0.462022 
0.014663 0.003892 0.491768 
0.005242 0.008787 0.016482 0.969489 
0.250000 0.250000 0.250000 0.250000 
  34
0.861002 0.003730 0.046210 
0.124335 0.992378 0.462022 
0.014754 0.003886 0.491768 
0.968150 0.021233 0.004682 0.005935 
0.250000 0.250000 0.250000 0.250000 
  35
0.866307 0.003725 0.046210 
0.118939 0.992389 0.462022 
0.014754 0.003886 0.491768 
0.014496 0.974416 0.005476 0.005612 
0.250000 0.250000 0.250000 0.250000 
  36
0.866307 0.003725 0.046210 
0.118939 0.992389 0.462022 
0.014754 0.003886 0.491768 
0.004683 0.004683 0.982158 0.008475 
0.250000 0.250000 0.250000 0.250000 
  37
0.866307 0.003725 0.046210 
0.118939 0.992389 0.462022 
0.014754 0.003886 0.491768 
0.005749 0.004682 0.984374 0.005196 
0.250000 0.250000 0.250000 0.250000 
  38
0.866307 0.003725 0.046210 
0.118939 0.992389 0.462022 
0.014754 0.003886 0.491768 
0.004682 0.004682 0.004682 0.985954 
0.250000 0.250000 0.250000 0.250000 
  39
0.866307 0.003725 0.046210 
0.118939 0.992389 0.462022 
0.014754 0.003886 0.491768 
0.033639 0.006847 0.005701 0.953813 
0.250000 0.250000 0.250000 0.250000 
  40
0.863663 0.003725 0.046210 
0.121583 0.992389 0.462022 
0.014793 0.003884 0.491768 
0.008018 0.981939 0.005365 0.004678 
0.250000 0.250000 0.250000 0.250000 
  41
0.865953 0.003723 0.046210 
0.119254 0.992393 0.462022 
0.014793 0.003884 0.491768 
0.004679 0.006003 0.011556 0.977762 
0.250000 0.250000 0.250000 0.250000 
  42
0.863128 0.003723 0.046210 
0.122079 0.992393 0.462022 
0.014835 0.003881 0.491768 
0.006256 0.006207 0.020668 0.966869 
0.250000 0.250000 0.250000 0.250000 
  43
0.865573 0.003901 0.046210 
0.119592 0.992218 0.462022 
0.014823 0.003882 0.491768 
0.971374 0.015597 0.008353 0.004676 
0.250000 0.250000 0.250000 0.250000 
  44
0.863066 0.003721 0.046210 
0.122112 0.992397 0.462022 
0.014862 0.003880 0.491768 
0.976583 0.013387 0.004672 0.005357 
0.250000 0.250000 0.250000 0.250000 
  45
0.855536 0.003719 0.046210 
0.129603 0.992401 0.462022 
0.015009 0.003872 0.491768 
0.975790 0.013221 0.005900 0.005090 
0.250000 0.250000 0.250000 0.250000 
  46
0.862111 0.003711 0.046210 
0.122880 0.992417 0.462022 
0.015037 0.003870 0.491768 
0.975502 0.015184 0.004657 0.004657 
0.250000 0.250000 0.250000 0.250000 
  47
0.863741 0.003710 0.046210 
0.121222 0.992420 0.462022 
0.015037 0.003870 0.491768 
0.005885 0.984801 0.004657 0.004657 
0.250000 0.250000 0.250000 0.250000 
  48
0.860681 0.003710 0.046210 
0.124282 0.992420 0.462022 
0.015083 0.003867 0.491768 
0.004653 0.006195 0.005902 0.983251 
0.250000 0.250000 0.250000 0.250000 
  49
0.306396 0.003707 0.046210 
0.678521 0.992426 0.462022 
0.034042 0.003449 0.491768 
0.004504 0.987440 0.004028 0.004028 
0.250000 0.250000 0.250000 0.250000 
  50
0.691524 0.003306 0.046210 
0.274434 0.993244 0.462022 
0.034042 0.003449 0.491768 
0.987109 0.004028 0.004835 0.004028 
0.250000 0.250000 0.250000 0.250000 
  51
0.683890 0.003306 0.046210 
0.282068 0.993244 0.462022 
0.034304 0.003447 0.491768 
0.004025 0.004025 0.008401 0.983550 
0.250000 0.250000 0.250000 0.250000 
  52
0.544564 0.003304 0.046210 
0.421132 0.993249 0.462022 
0.040102 0.003405 0.491768 
0.005249 0.003965 0.986821 0.003965 
0.250000 0.250000 0.250000 0.250000 
  53
0.636609 0.003264 0.046210 
0.323288 0.993331 0.462022 
0.040102 0.003405 0.491768 
0.986587 0.005020 0.004428 0.003965 
0.250000 0.250000 0.250000 0.250000 
  54
0.632476 0.003264 0.046210 
0.327422 0.993331 0.462022 
0.040269 0.003404 0.491768 
0.053098 0.938581 0.003962 0.004358 
0.250000 0.250000 0.250000 0.250000 
  55
0.591686 0.003263 0.046210 
0.368045 0.993333 0.462022 
0.042096 0.003393 0.491768 
0.987561 0.003947 0.004545 0.003947 
0.250000 0.250000 0.250000 0.250000 
  56
0.618540 0.003253 0.046210 
0.339364 0.993354 0.462022 
0.042096 0.003393 0.491768 
0.003947 0.003947 0.003947 0.988158 
0.250000 0.250000 0.250000 0.250000 
  57
0.618540 0.003253 0.046210 
0.339364 0.993354 0.462022 
0.042096 0.003393 0.491768 
0.004948 0.003948 0.005476 0.985628 
0.250000 0.250000 0.250000 0.250000 
  58
0.565334 0.003253 0.046210 
0.392570 0.993354 0.462022 
0.044462 0.003381 0.491768 
0.003930 0.005518 0.004454 0.986099 
0.250000 0.250000 0.250000 0.250000 
  59
0.597104 0.003241 0.046210 
0.358435 0.993378 0.462022 
0.044462 0.003381 0.491768 
0.003930 0.986623 0.005518 0.003930 
0.250000 0.250000 0.250000 0.250000 
  60
0.597104 0.003241 0.046210 
0.358435 0.993378 0.462022 
0.044462 0.003381 0.491768 
0.003930 0.003930 0.985776 0.006365 
0.250000 0.250000 0.250000 0.250000 
  61
0.565611 0.003241 0.046210 
0.389927 0.993378 0.462022 
0.045908 0.003374 0.491768 
0.985655 0.004685 0.005740 0.003920 
0.250000 0.250000 0.250000 0.250000 
  62
0.584003 0.003234 0.046210 
0.370090 0.993391 0.462022 
0.045908 0.003374 0.491768 
0.005310 0.003920 0.003920 0.986850 
0.250000 0.250000 0.250000 0.250000 
  63
0.584003 0.003234 0.046210 
0.370090 0.993391 0.462022 
0.045908 0.003374 0.491768 
0.004368 0.003920 0.004461 0.987251 
0.250000 0.250000 0.250000 0.250000 
  64
0.576890 0.003234 0.046210 
0.377202 0.993391 0.462022 
0.046237 0.003373 0.491768 
0.003918 0.988247 0.003918 0.003918 
0.250000 0.250000 0.250000 0.250000 
  65
0.581023 0.003233 0.046210 
0.372741 0.993394 0.462022 
0.046237 0.003373 0.491768 
0.003918 0.988247 0.003918 0.003918 
0.250000 0.250000 0.250000 0.250000 
  66
0.581023 0.003233 0.046210 
0.372741 0.993394 0.462022 
0.046237 0.003373 0.491768 
0.004444 0.004222 0.006638 0.984696 
0.250000 0.250000 0.250000 0.250000 
  67
0.581023 0.003233 0.046210 
0.372741 0.993394 0.462022 
0.046237 0.003373 0.491768 
0.003918 0.003918 0.003918 0.988247 
0.250000 0.250000 0.250000 0.250000 
  68
0.581023 0.003233 0.046210 
0.372741 0.993394 0.462022 
0.046237 0.003373 0.491768 
0.987372 0.003918 0.004431 0.004280 
0.250000 0.250000 0.250000 0.250000 
  69
0.581023 0.003233 0.046210 
0.372741 0.993394 0.462022 
0.046237 0.003373 0.491768 
0.003918 0.003918 0.973071 0.019093 
0.250000 0.250000 0.250000 0.250000 
  70
0.581023 0.003233 0.046210 
0.372741 0.993394 0.462022 
0.046237 0.003373 0.491768 
0.003918 0.003918 0.987192 0.004973 
0.250000 0.250000 0.250000 0.250000 
  71
0.581023 0.003233 0.046210 
0.372741 0.993394 0.462022 
0.046237 0.003373 0.491768 
0.988247 0.003918 0.003918 0.003918 
0.250000 0.250000 0.250000 0.250000 
  72
0.581023 0.003233 0.046210 
0.372741 0.993394 0.462022 
0.046237 0.003373 0.491768 
0.004273 0.003918 0.011536 0.980273 
0.250000 0.250000 0.250000 0.250000 
  73
0.581023 0.003233 0.046210 
0.372741 0.993394 0.462022 
0.046237 0.003373 0.491768 
0.003918 0.988247 0.003918 0.003918 
0.250000 0.250000 0.250000 0.250000 
  74
0.581023 0.003233 0.046210 
0.372741 0.993394 0.462022 
0.046237 0.003373 0.491768 
0.003918 0.003918 0.988247 0.003918 
0.250000 0.250000 0.250000 0.250000 
  75
0.581023 0.003233 0.046210 
0.372741 0.993394 0.462022 
0.046237 0.003373 0.491768 
0.979154 0.011364 0.004258 0.005223 
0.250000 0.250000 0.250000 0.250000 
  76
0.564349 0.003233 0.046210 
0.389415 0.993394 0.462022 
0.047021 0.003369 0.491768 
0.988262 0.003913 0.003913 0.003913 
0.250000 0.250000 0.250000 0.250000 
  77
0.573918 0.003230 0.046210 
0.379061 0.993401 0.462022 
0.047021 0.003369 0.491768 
0.988262 0.003913 0.003913 0.003913 
0.250000 0.250000 0.250000 0.250000 
  78
0.573918 0.003230 0.046210 
0.379061 0.993401 0.462022 
0.047021 0.003369 0.491768 
0.003914 0.003914 0.960644 0.031528 
0.250000 0.250000 0.250000 0.250000 
  79
0.573918 0.003230 0.046210 
0.379061 0.993401 0.462022 
0.047021 0.003369 0.491768 
0.987304 0.003913 0.004871 0.003913 
0.250000 0.250000 0.250000 0.250000 
  80
0.573918 0.003230 0.046210 
0.379061 0.993401 0.462022 
0.047021 0.003369 0.491768 
0.987304 0.004871 0.003913 0.003913 
0.250000 0.250000 0.250000 0.250000 
  81
0.573918 0.003230 0.046210 
0.379061 0.993401 0.462022 
0.047021 0.003369 0.491768 
0.003913 0.005188 0.331070 0.659829 
0.250000 0.250000 0.250000 0.250000 
  82
0.566676 0.003230 0.046210 
0.386304 0.993401 0.462022 
0.047364 0.003368 0.491768 
0.003910 0.003910 0.003910 0.988269 
0.250000 0.250000 0.250000 0.250000 
  83
0.570810 0.003228 0.046210 
0.381827 0.993404 0.462022 
0.047364 0.003368 0.491768 
0.003910 0.005491 0.983241 0.007357 
0.250000 0.250000 0.250000 0.250000 
  84
0.570810 0.003228 0.046210 
0.381827 0.993404 0.462022 
0.047364 0.003368 0.491768 
0.014783 0.974713 0.003910 0.006593 
0.250000 0.250000 0.250000 0.250000 
  85
0.570810 0.003228 0.046210 
0.381827 0.993404 0.462022 
0.047364 0.003368 0.491768 
0.985950 0.004648 0.005491 0.003910 
0.250000 0.250000 0.250000 0.250000 
  86
0.570810 0.003228 0.046210 
0.381827 0.993404 0.462022 
0.047364 0.003368 0.491768 
0.003910 0.003910 0.988269 0.003910 
0.250000 0.250000 0.250000 0.250000 
  87
0.570810 0.003228 0.046210 
0.381827 0.993404 0.462022 
0.047364 0.003368 0.491768 
0.985839 0.004929 0.004600 0.004631 
0.250000 0.250000 0.250000 0.250000 
  88
0.568465 0.003228 0.046210 
0.384172 0.993404 0.462022 
0.047475 0.003367 0.491768 
0.005037 0.986637 0.004416 0.003910 
0.250000 0.250000 0.250000 0.250000 
  89
0.569801 0.003228 0.046210 
0.382724 0.993405 0.462022 
0.047475 0.003367 0.491768 
0.988271 0.003910 0.003910 0.003910 
0.250000 0.250000 0.250000 0.250000 
  90
0.569801 0.003228 0.046210 
0.382724 0.993405 0.462022 
0.047475 0.003367 0.491768 
0.065063 0.925051 0.005490 0.004396 
0.250000 0.250000 0.250000 0.250000 
  91
0.569801 0.003228 0.046210 
0.382724 0.993405 0.462022 
0.047475 0.003367 0.491768 
0.021054 0.003911 0.971124 0.003911 
0.250000 0.250000 0.250000 0.250000 
  92
0.569801 0.003228 0.046210 
0.382724 0.993405 0.462022 
0.047475 0.003367 0.491768 
0.986094 0.004260 0.003910 0.005737 
0.250000 0.250000 0.250000 0.250000 
  93
0.569801 0.003228 0.046210 
0.382724 0.993405 0.462022 
0.047475 0.003367 0.491768 
0.712787 0.278939 0.003910 0.004363 
0.250000 0.250000 0.250000 0.250000 
  94
0.566376 0.003228 0.046210 
0.386149 0.993405 0.462022 
0.047638 0.003367 0.491768 
0.010436 0.981747 0.003909 0.003909 
0.250000 0.250000 0.250000 0.250000 
  95
0.568323 0.003227 0.046210 
0.384039 0.993406 0.462022 
0.047638 0.003367 0.491768 
0.003909 0.003909 0.003909 0.988274 
0.250000 0.250000 0.250000 0.250000 
  96
0.568323 0.003227 0.046210 
0.384039 0.993406 0.462022 
0.047638 0.003367 0.491768 
0.003909 0.004945 0.051429 0.939717 
0.250000 0.250000 0.250000 0.250000 
  97
0.557493 0.003227 0.046210 
0.394869 0.993406 0.462022 
0.048160 0.003364 0.491768 
0.003906 0.988283 0.003906 0.003906 
0.250000 0.250000 0.250000 0.250000 
  98
0.563596 0.003225 0.046210 
0.388244 0.993411 0.462022 
0.048160 0.003364 0.491768 
0.983968 0.008221 0.003906 0.003906 
0.250000 0.250000 0.250000 0.250000 
  99
0.563596 0.003225 0.046210 
0.388244 0.993411 0.462022 
0.048160 0.003364 0.491768 
0.003906 0.003906 0.985878 0.006311 
0.250000 0.250000 0.250000 0.250000 
 100
0.563596 0.003225 0.046210 
0.388244 0.993411 0.462022 
0.048160 0.003364 0.491768 
0.985227 0.003906 0.006962 0.003906 
0.250000 0.250000 0.250000 0.250000 
 101
0.563596 0.003225 0.046210 
0.388244 0.993411 0.462022 
0.048160 0.003364 0.491768 
0.003906 0.003906 0.988281 0.003906 
0.250000 0.250000 0.250000 0.250000 
 102
0.563596 0.003225 0.046210 
0.388244 0.993411 0.462022 
0.048160 0.003364 0.491768 
0.028467 0.963331 0.003907 0.004295 
0.250000 0.250000 0.250000 0.250000 
 103
0.563596 0.003225 0.046210 
0.388244 0.993411 0.462022 
0.048160 0.003364 0.491768 
0.987231 0.003906 0.003906 0.004958 
0.250000 0.250000 0.250000 0.250000 
 104
0.563596 0.003225 0.046210 
0.388244 0.993411 0.462022 
0.048160 0.003364 0.491768 
0.003906 0.003906 0.003906 0.988281 
0.250000 0.250000 0.250000 0.250000 
 105
0.563596 0.003225 0.046210 
0.388244 0.993411 0.462022 
0.048160 0.003364 0.491768 
0.987465 0.004724 0.003906 0.003906 
0.250000 0.250000 0.250000 0.250000 
 106
0.537350 0.003225 0.046210 
0.414490 0.993411 0.462022 
0.049458 0.003359 0.491768 
0.988306 0.003898 0.003898 0.003898 
0.250000 0.250000 0.250000 0.250000 
 107
0.551834 0.003220 0.046210 
0.398708 0.993421 0.462022 
0.049458 0.003359 0.491768 
0.003898 0.003898 0.003898 0.988306 
0.250000 0.250000 0.250000 0.250000 
 108
0.551834 0.003220 0.046210 
0.398708 0.993421 0.462022 
0.049458 0.003359 0.491768 
0.004551 0.987653 0.003898 0.003898 
0.250000 0.250000 0.250000 0.250000 
 109
0.551834 0.003220 0.046210 
0.398708 0.993421 0.462022 
0.049458 0.003359 0.491768 
0.006620 0.984534 0.004949 0.003898 
0.250000 0.250000 0.250000 0.250000 
 110
0.551834 0.003220 0.046210 
0.398708 0.993421 0.462022 
0.049458 0.003359 0.491768 
0.988306 0.003898 0.003898 0.003898 
0.250000 0.250000 0.250000 0.250000 
 111
0.551834 0.003220 0.046210 
0.398708 0.993421 0.462022 
0.049458 0.003359 0.491768 
0.981255 0.010947 0.003899 0.003899 
0.250000 0.250000 0.250000 0.250000 
 112
0.551834 0.003220 0.046210 
0.398708 0.993421 0.462022 
0.049458 0.003359 0.491768 
0.987224 0.004980 0.003898 0.003898 
0.250000 0.250000 0.250000 0.250000 
 113
0.551834 0.003220 0.046210 
0.398708 0.993421 0.462022 
0.049458 0.003359 0.491768 
0.987818 0.004385 0.003898 0.003898 
0.250000 0.250000 0.250000 0.250000 
 114
0.445547 0.003220 0.046210 
0.504995 0.993421 0.462022 
0.055340 0.003339 0.491768 
0.008613 0.983649 0.003869 0.003869 
0.250000 0.250000 0.250000 0.250000 
 115
0.498535 0.003200 0.046210 
0.446126 0.993461 0.462022 
0.055340 0.003339 0.491768 
0.987642 0.004620 0.003869 0.003869 
0.250000 0.250000 0.250000 0.250000 
 116
0.498535 0.003200 0.046210 
0.446126 0.993461 0.462022 
0.055340 0.003339 0.491768 
0.988393 0.003869 0.003869 0.003869 
0.250000 0.250000 0.250000 0.250000 
 117
0.498535 0.003200 0.046210 
0.446126 0.993461 0.462022 
0.055340 0.003339 0.491768 
0.003870 0.003870 0.955885 0.036376 
0.250000 0.250000 0.250000 0.250000 
 118
0.498535 0.003200 0.046210 
0.446126 0.993461 0.462022 
0.055340 0.003339 0.491768 
0.004418 0.987844 0.003869 0.003869 
0.250000 0.250000 0.250000 0.250000 
 119
0.498535 0.003200 0.046210 
0.446126 0.993461 0.462022 
0.055340 0.003339 0.491768 
0.003869 0.003869 0.003869 0.988393 
0.250000 0.250000 0.250000 0.250000 
 120
0.498535 0.003200 0.046210 
0.446126 0.993461 0.462022 
0.055340 0.003339 0.491768 
0.010104 0.003869 0.973874 0.012153 
0.250000 0.250000 0.250000 0.250000 
 121
0.498535 0.003200 0.046210 
0.446126 0.993461 0.462022 
0.055340 0.003339 0.491768 
0.987430 0.004832 0.003869 0.003869 
0.250000 0.250000 0.250000 0.250000 
 122
0.494089 0.003200 0.046210 
0.450571 0.993461 0.462022 
0.055587 0.003338 0.491768 
0.003868 0.003868 0.988397 0.003868 
0.250000 0.250000 0.250000 0.250000 
 123
0.496296 0.003200 0.046210 
0.448118 0.993462 0.462022 
0.055587 0.003338 0.491768 
0.004645 0.003868 0.017927 0.973560 
0.250000 0.250000 0.250000 0.250000 
 124
0.496296 0.003200 0.046210 
0.448118 0.993462 0.462022 
0.055587 0.003338 0.491768 
0.003868 0.988397 0.003868 0.003868 
0.250000 0.250000 0.250000 0.250000 
 125
0.496296 0.003200 0.046210 
0.448118 0.993462 0.462022 
0.055587 0.003338 0.491768 
0.003868 0.003868 0.004627 0.987638 
0.250000 0.250000 0.250000 0.250000 
 126
0.496296 0.003200 0.046210 
0.448118 0.993462 0.462022 
0.055587 0.003338 0.491768 
0.004305 0.003868 0.011094 0.980733 
0.250000 0.250000 0.250000 0.250000 
 127
0.496296 0.003200 0.046210 
0.448118 0.993462 0.462022 
0.055587 0.003338 0.491768 
0.987405 0.004223 0.004504 0.003868 
0.250000 0.250000 0.250000 0.250000 
 128
0.496296 0.003200 0.046210 
0.448118 0.993462 0.462022 
0.055587 0.003338 0.491768 
0.003868 0.003868 0.988397 0.003868 
0.250000 0.250000 0.250000 0.250000 
 129
0.496296 0.003200 0.046210 
0.448118 0.993462 0.462022 
0.055587 0.003338 0.491768 
0.980171 0.006650 0.009311 0.003868 
0.250000 0.250000 0.250000 0.250000 
 130
0.496296 0.003200 0.046210 
0.448118 0.993462 0.462022 
0.055587 0.003338 0.491768 
0.003868 0.003868 0.988397 0.003868 
0.250000 0.250000 0.250000 0.250000 
 131
0.496296 0.003200 0.046210 
0.448118 0.993462 0.462022 
0.055587 0.003338 0.491768 
0.986734 0.003868 0.005531 0.003868 
0.250000 0.250000 0.250000 0.250000 
 132
0.496296 0.003200 0.046210 
0.448118 0.993462 0.462022 
0.055587 0.003338 0.491768 
0.004935 0.003868 0.011031 0.980166 
0.250000 0.250000 0.250000 0.250000 
 133
0.496296 0.003200 0.046210 
0.448118 0.993462 0.462022 
0.055587 0.003338 0.491768 
0.003868 0.986751 0.003868 0.005514 
0.250000 0.250000 0.250000 0.250000 
 134
0.496296 0.003200 0.046210 
0.448118 0.993462 0.462022 
0.055587 0.003338 0.491768 
0.003868 0.004481 0.986873 0.004778 
0.250000 0.250000 0.250000 0.250000 
 135
0.496296 0.003200 0.046210 
0.448118 0.993462 0.462022 
0.055587 0.003338 0.491768 
0.004391 0.003868 0.984869 0.006872 
0.250000 0.250000 0.250000 0.250000 
 136
0.496296 0.003200 0.046210 
0.448118 0.993462 0.462022 
0.055587 0.003338 0.491768 
0.006437 0.003868 0.985827 0.003868 
0.250000 0.250000 0.250000 0.250000 
 137
0.496296 0.003200 0.046210 
0.448118 0.993462 0.462022 
0.055587 0.003338 0.491768 
0.987868 0.004396 0.003868 0.003868 
0.250000 0.250000 0.250000 0.250000 
 138
0.496296 0.003200 0.046210 
0.448118 0.993462 0.462022 
0.055587 0.003338 0.491768 
0.986790 0.005474 0.003868 0.003868 
0.250000 0.250000 0.250000 0.250000 
 139
0.496296 0.003200 0.046210 
0.448118 0.993462 0.462022 
0.055587 0.003338 0.491768 
0.006004 0.986257 0.003869 0.003869 
0.250000 0.250000 0.250000 0.250000 
 140
0.496296 0.003200 0.046210 
0.448118 0.993462 0.462022 
0.055587 0.003338 0.491768 
0.986734 0.003868 0.005531 0.003868 
0.250000 0.250000 0.250000 0.250000 
 141
0.496296 0.003200 0.046210 
0.448118 0.993462 0.462022 
0.055587 0.003338 0.491768 
0.003868 0.003868 0.987324 0.004940 
0.250000 0.250000 0.250000 0.250000 
 142
0.496296 0.003337 0.046210 
0.448118 0.993325 0.462022 
0.055437 0.003338 0.491768 
0.988395 0.003868 0.003868 0.003868 
0.250000 0.250000 0.250000 0.250000 
 143
0.497648 0.003200 0.046210 
0.446914 0.993461 0.462022 
0.055437 0.003338 0.491768 
0.003868 0.003868 0.003868 0.988395 
0.250000 0.250000 0.250000 0.250000 
 144
0.497648 0.003200 0.046210 
0.446914 0.993461 0.462022 
0.055437 0.003338 0.491768 
0.986355 0.003868 0.004245 0.005532 
0.250000 0.250000 0.250000 0.250000 
 145
0.497648 0.003200 0.046210 
0.446914 0.993461 0.462022 
0.055437 0.003338 0.491768 
0.003868 0.003868 0.984909 0.007354 
0.250000 0.250000 0.250000 0.250000 
 146
0.497648 0.003200 0.046210 
0.446914 0.993461 0.462022 
0.055437 0.003338 0.491768 
0.003868 0.003868 0.003868 0.988395 
0.250000 0.250000 0.250000 0.250000 
 147
0.497648 0.003200 0.046210 
0.446914 0.993461 0.462022 
0.055437 0.003338 0.491768 
0.014210 0.977321 0.003869 0.004600 
0.250000 0.250000 0.250000 0.250000 
 148
0.497648 0.003200 0.046210 
0.446914 0.993461 0.462022 
0.055437 0.003338 0.491768 
0.003868 0.988395 0.003868 0.003868 
0.250000 0.250000 0.250000 0.250000 
 149
0.497648 0.003200 0.046210 
0.446914 0.993461 0.462022 
0.055437 0.003338 0.491768 
0.985873 0.006387 0.003870 0.003870 
0.250000 0.250000 0.250000 0.250000 
 150
0.497648 0.003200 0.046210 
0.446914 0.993461 0.462022 
0.055437 0.003338 0.491768 
0.956849 0.035413 0.003869 0.003869 
0.250000 0.250000 0.250000 0.250000 
 151
0.497648 0.003200 0.046210 
0.446914 0.993461 0.462022 
0.055437 0.003338 0.491768 
0.988395 0.003868 0.003868 0.003868 
0.250000 0.250000 0.250000 0.250000 
 152
0.497648 0.003200 0.046210 
0.446914 0.993461 0.462022 
0.055437 0.003338 0.491768 
0.984578 0.007685 0.003868 0.003868 
0.250000 0.250000 0.250000 0.250000 
 153
0.497648 0.003200 0.046210 
0.446914 0.993461 0.462022 
0.055437 0.003338 0.491768 
0.939364 0.052899 0.003868 0.003868 
0.250000 0.250000 0.250000 0.250000 
 154
0.497648 0.003200 0.046210 
0.446914 0.993461 0.462022 
0.055437 0.003338 0.491768 
0.925996 0.066265 0.003869 0.003869 
0.250000 0.250000 0.250000 0.250000 
 155
0.497648 0.003200 0.046210 
0.446914 0.993461 0.462022 
0.055437 0.003338 0.491768 
0.004832 0.003868 0.986694 0.004605 
0.250000 0.250000 0.250000 0.250000 
 156
0.497648 0.003200 0.046210 
0.446914 0.993461 0.462022 
0.055437 0.003338 0.491768 
0.985221 0.003868 0.006627 0.004284 
0.250000 0.250000 0.250000 0.250000 
 157
0.494883 0.003200 0.046210 
0.449679 0.993461 0.462022 
0.055591 0.003338 0.491768 
0.003868 0.003868 0.988397 0.003868 
0.250000 0.250000 0.250000 0.250000 
 158
0.496255 0.003200 0.046210 
0.448153 0.993462 0.462022 
0.055591 0.003338 0.491768 
0.986098 0.003868 0.006167 0.003868 
0.250000 0.250000 0.250000 0.250000 
 159
0.496255 0.003200 0.046210 
0.448153 0.993462 0.462022 
0.055591 0.003338 0.491768 
0.003868 0.003868 0.971663 0.020601 
0.250000 0.250000 0.250000 0.250000 
 160
0.496255 0.003200 0.046210 
0.448153 0.993462 0.462022 
0.055591 0.003338 0.491768 
0.988397 0.003868 0.003868 0.003868 
0.250000 0.250000 0.250000 0.250000 
 161
0.496255 0.003200 0.046210 
0.448153 0.993462 0.462022 
0.055591 0.003338 0.491768 
0.988397 0.003868 0.003868 0.003868 
0.250000 0.250000 0.250000 0.250000 
 162
0.496255 0.003200 0.046210 
0.448153 0.993462 0.462022 
0.055591 0.003338 0.491768 
0.003868 0.003868 0.970773 0.021491 
0.250000 0.250000 0.250000 0.250000 
 163
0.496255 0.003200 0.046210 
0.448153 0.993462 0.462022 
0.055591 0.003338 0.491768 
0.004970 0.987279 0.003876 0.003876 
0.250000 0.250000 0.250000 0.250000 
 164
0.496255 0.003200 0.046210 
0.448153 0.993462 0.462022 
0.055591 0.003338 0.491768 
0.003869 0.988394 0.003869 0.003869 
0.250000 0.250000 0.250000 0.250000 
 165
0.496255 0.003200 0.046210 
0.448153 0.993462 0.462022 
0.055591 0.003338 0.491768 
0.008664 0.983599 0.003868 0.003868 
0.250000 0.250000 0.250000 0.250000 
 166
0.496255 0.003200 0.046210 
0.448153 0.993462 0.462022 
0.055591 0.003338 0.491768 
0.988395 0.003868 0.003868 0.003868 
0.250000 0.250000 0.250000 0.250000 
 167
0.496255 0.003200 0.046210 
0.448153 0.993462 0.462022 
0.055591 0.003338 0.491768 
0.987957 0.004308 0.003868 0.003868 
0.250000 0.250000 0.250000 0.250000 
 168
0.496255 0.003200 0.046210 
0.448153 0.993462 0.462022 
0.055591 0.003338 0.491768 
0.015329 0.976936 0.003868 0.003868 
0.250000 0.250000 0.250000 0.250000 
 169
0.496255 0.003200 0.046210 
0.448153 0.993462 0.462022 
0.055591 0.003338 0.491768 
0.003868 0.003868 0.988397 0.003868 
0.250000 0.250000 0.250000 0.250000 
 170
0.496255 0.003200 0.046210 
0.448153 0.993462 0.462022 
0.055591 0.003338 0.491768 
0.003868 0.003868 0.003868 0.988397 
0.250000 0.250000 0.250000 0.250000 
 171
0.496255 0.003200 0.046210 
0.448153 0.993462 0.462022 
0.055591 0.003338 0.491768 
0.004169 0.004357 0.983867 0.007607 
0.250000 0.250000 0.250000 0.250000 
 172
0.496255 0.003200 0.046210 
0.448153 0.993462 0.462022 
0.055591 0.003338 0.491768 
0.003868 0.003868 0.005431 0.986833 
0.250000 0.250000 0.250000 0.250000 
 173
0.493575 0.003200 0.046210 
0.450834 0.993462 0.462022 
0.055740 0.003338 0.491768 
0.004788 0.987478 0.003867 0.003867 
0.250000 0.250000 0.250000 0.250000 
 174
0.494902 0.003199 0.046210 
0.449358 0.993463 0.462022 
0.055740 0.003338 0.491768 
0.003868 0.003868 0.378995 0.613270 
0.250000 0.250000 0.250000 0.250000 
 175
0.494902 0.003199 0.046210 
0.449358 0.993463 0.462022 
0.055740 0.003338 0.491768 
0.006736 0.984791 0.004605 0.003867 
0.250000 0.250000 0.250000 0.250000 
 176
0.494902 0.003199 0.046210 
0.449358 0.993463 0.462022 
0.055740 0.003338 0.491768 
0.987661 0.003867 0.003867 0.004605 
0.250000 0.250000 0.250000 0.250000 
 177
0.494902 0.003199 0.046210 
0.449358 0.993463 0.462022 
0.055740 0.003338 0.491768 
0.003867 0.003867 0.006661 0.985605 
0.250000 0.250000 0.250000 0.250000 
 178
0.494902 0.003199 0.046210 
0.449358 0.993463 0.462022 
0.055740 0.003338 0.491768 
0.004259 0.003868 0.689156 0.302716 
0.250000 0.250000 0.250000 0.250000 
 179
0.494902 0.003199 0.046210 
0.449358 0.993463 0.462022 
0.055740 0.003338 0.491768 
0.003867 0.003867 0.003867 0.988399 
0.250000 0.250000 0.250000 0.250000 
 180
0.494902 0.003355 0.046210 
0.449358 0.993307 0.462022 
0.055570 0.003338 0.491768 
0.978352 0.013912 0.003868 0.003868 
0.250000 0.250000 0.250000 0.250000 
 181
0.496445 0.003200 0.046210 
0.447985 0.993462 0.462022 
0.055570 0.003338 0.491768 
0.987913 0.004351 0.003868 0.003868 
0.250000 0.250000 0.250000 0.250000 
 182
0.496445 0.003200 0.046210 
0.447985 0.993462 0.462022 
0.055570 0.003338 0.491768 
0.987604 0.004660 0.003868 0.003868 
0.250000 0.250000 0.250000 0.250000 
 183
0.496445 0.003200 0.046210 
0.447985 0.993462 0.462022 
0.055570 0.003338 0.491768 
0.003868 0.005740 0.006904 0.983489 
0.250000 0.250000 0.250000 0.250000 
 184
0.496445 0.003200 0.046210 
0.447985 0.993462 0.462022 
0.055570 0.003338 0.491768 
0.003868 0.988395 0.003868 0.003868 
0.250000 0.250000 0.250000 0.250000 
 185
0.496445 0.003200 0.046210 
0.447985 0.993462 0.462022 
0.055570 0.003338 0.491768 
0.004577 0.987687 0.003868 0.003868 
0.250000 0.250000 0.250000 0.250000 
 186
0.496445 0.003200 0.046210 
0.447985 0.993462 0.462022 
0.055570 0.003338 0.491768 
0.040487 0.951193 0.003869 0.004451 
0.250000 0.250000 0.250000 0.250000 
 187
0.496445 0.003200 0.046210 
0.447985 0.993462 0.462022 
0.055570 0.003338 0.491768 
0.003868 0.988395 0.003868 0.003868 
0.250000 0.250000 0.250000 0.250000 
 188
0.496445 0.003200 0.046210 
0.447985 0.993462 0.462022 
0.055570 0.003338 0.491768 
0.003868 0.004351 0.003868 0.987914 
0.250000 0.250000 0.250000 0.250000 
 189
0.496445 0.003200 0.046210 
0.447985 0.993462 0.462022 
0.055570 0.003338 0.491768 
0.012098 0.976985 0.003870 0.007047 
0.250000 0.250000 0.250000 0.250000 
 190
0.496445 0.003200 0.046210 
0.447985 0.993462 0.462022 
0.055570 0.003338 0.491768 
0.988396 0.003868 0.003868 0.003868 
0.250000 0.250000 0.250000 0.250000 
 191
0.496445 0.003200 0.046210 
0.447985 0.993462 0.462022 
0.055570 0.003338 0.491768 
0.982687 0.009578 0.003868 0.003868 
0.250000 0.250000 0.250000 0.250000 
 192
0.487809 0.003200 0.046210 
0.456621 0.993462 0.462022 
0.056054 0.003337 0.491768 
0.083407 0.908858 0.003867 0.003867 
0.250000 0.250000 0.250000 0.250000 
 193
0.492059 0.003198 0.046210 
0.451887 0.993465 0.462022 
0.056054 0.003337 0.491768 
0.003866 0.003866 0.988401 0.003866 
0.250000 0.250000 0.250000 0.250000 
 194
0.492059 0.003198 0.046210 
0.451887 0.993465 0.462022 
0.056054 0.003337 0.491768 
0.003866 0.003866 0.988403 0.003866 
0.250000 0.250000 0.250000 0.250000 
 195
0.492059 0.003198 0.046210 
0.451887 0.993465 0.462022 
0.056054 0.003337 0.491768 
0.043355 0.004690 0.012292 0.939663 
0.250000 0.250000 0.250000 0.250000 
 196
0.492059 0.003198 0.046210 
0.451887 0.993465 0.462022 
0.056054 0.003337 0.491768 
0.003866 0.003866 0.983891 0.008376 
0.250000 0.250000 0.250000 0.250000 
 197
0.492059 0.003198 0.046210 
0.451887 0.993465 0.462022 
0.056054 0.003337 0.491768 
0.003866 0.003866 0.003866 0.988403 
0.250000 0.250000 0.250000 0.250000 
 198
0.492059 0.003198 0.046210 
0.451887 0.993465 0.462022 
0.056054 0.003337 0.491768 
0.009881 0.978208 0.007227 0.004684 
0.250000 0.250000 0.250000 0.250000 
 199
0.492059 0.003198 0.046210 
0.451887 0.993465 0.462022 
0.056054 0.003337 0.491768 
0.908343 0.083926 0.003866 0.003866 
0.250000 0.250000 0.250000 0.250000 
 200
0.487906 0.003198 0.046210 
0.456039 0.993465 0.462022 
0.056288 0.003336 0.491768 
0.003865 0.003865 0.003865 0.988406 
0.250000 0.250000 0.250000 0.250000 
 201
0.489941 0.003198 0.046210 
0.453771 0.993466 0.462022 
0.056288 0.003336 0.491768 
0.003865 0.005097 0.006924 0.984114 
0.250000 0.250000 0.250000 0.250000 
 202
0.489941 0.003198 0.046210 
0.453771 0.993466 0.462022 
0.056288 0.003336 0.491768 
0.003865 0.003865 0.023829 0.968440 
0.250000 0.250000 0.250000 0.250000 
 203
0.489941 0.003198 0.046210 
0.453771 0.993466 0.462022 
0.056288 0.003336 0.491768 
0.003865 0.003865 0.003865 0.988406 
0.250000 0.250000 0.250000 0.250000 
 204
0.489941 0.003198 0.046210 
0.453771 0.993466 0.462022 
0.056288 0.003336 0.491768 
0.976382 0.015888 0.003865 0.003865 
0.250000 0.250000 0.250000 0.250000 
 205
0.489941 0.003198 0.046210 
0.453771 0.993466 0.462022 
0.056288 0.003336 0.491768 
0.988406 0.003865 0.003865 0.003865 
0.250000 0.250000 0.250000 0.250000 
 206
0.489941 0.003198 0.046210 
0.453771 0.993466 0.462022 
0.056288 0.003336 0.491768 
0.977829 0.014440 0.003865 0.003865 
0.250000 0.250000 0.250000 0.250000 
 207
0.489941 0.003198 0.046210 
0.453771 0.993466 0.462022 
0.056288 0.003336 0.491768 
0.012629 0.928932 0.004196 0.054243 
0.250000 0.250000 0.250000 0.250000 
 208
0.489941 0.003198 0.046210 
0.453771 0.993466 0.462022 
0.056288 0.003336 0.491768 
0.008891 0.983379 0.003865 0.003865 
0.250000 0.250000 0.250000 0.250000 
 209
0.489941 0.003198 0.046210 
0.453771 0.993466 0.462022 
0.056288 0.003336 0.491768 
0.988406 0.003865 0.003865 0.003865 
0.250000 0.250000 0.250000 0.250000 
 210
0.489941 0.003198 0.046210 
0.453771 0.993466 0.462022 
0.056288 0.003336 0.491768 
0.004396 0.003865 0.010252 0.981487 
0.250000 0.250000 0.250000 0.250000 
 211
0.489941 0.003198 0.046210 
0.453771 0.993466 0.462022 
0.056288 0.003336 0.491768 
0.003865 0.003865 0.004372 0.987898 
0.250000 0.250000 0.250000 0.250000 
 212
0.489941 0.003198 0.046210 
0.453771 0.993466 0.462022 
0.056288 0.003336 0.491768 
0.003865 0.988406 0.003865 0.003865 
0.250000 0.250000 0.250000 0.250000 
 213
0.489941 0.003198 0.046210 
0.453771 0.993466 0.462022 
0.056288 0.003336 0.491768 
0.003865 0.003865 0.010739 0.981532 
0.250000 0.250000 0.250000 0.250000 
 214
0.489941 0.003198 0.046210 
0.453771 0.993466 0.462022 
0.056288 0.003336 0.491768 
0.987120 0.005151 0.003865 0.003865 
0.250000 0.250000 0.250000 0.250000 
 215
0.487214 0.003198 0.046210 
0.456498 0.993466 0.462022 
0.056442 0.003335 0.491768 
0.003865 0.988406 0.003865 0.003865 
0.250000 0.250000 0.250000 0.250000 
 216
0.488546 0.003197 0.046210 
0.455012 0.993467 0.462022 
0.056442 0.003335 0.491768 
0.003864 0.003864 0.006443 0.985829 
0.250000 0.250000 0.250000 0.250000 
 217
0.488546 0.003197 0.046210 
0.455012 0.993467 0.462022 
0.056442 0.003335 0.491768 
0.003864 0.988408 0.003864 0.003864 
0.250000 0.250000 0.250000 0.250000 
 218
0.488546 0.003197 0.046210 
0.455012 0.993467 0.462022 
0.056442 0.003335 0.491768 
0.003864 0.003864 0.003864 0.988408 
0.250000 0.250000 0.250000 0.250000 
 219
0.488546 0.003197 0.046210 
0.455012 0.993467 0.462022 
0.056442 0.003335 0.491768 
0.980508 0.011098 0.003864 0.004530 
0.250000 0.250000 0.250000 0.250000 
 220
0.488546 0.003197 0.046210 
0.455012 0.993467 0.462022 
0.056442 0.003335 0.491768 
0.003864 0.988408 0.003864 0.003864 
0.250000 0.250000 0.250000 0.250000 
 221
0.488546 0.003197 0.046210 
0.455012 0.993467 0.462022 
0.056442 0.003335 0.491768 
0.003864 0.003864 0.988408 0.003864 
0.250000 0.250000 0.250000 0.250000 
 222
0.488546 0.003197 0.046210 
0.455012 0.993467 0.462022 
0.056442 0.003335 0.491768 
0.009285 0.007767 0.006223 0.976725 
0.250000 0.250000 0.250000 0.250000 
 223
0.488546 0.003197 0.046210 
0.455012 0.993467 0.462022 
0.056442 0.003335 0.491768 
0.003865 0.988406 0.003865 0.003865 
0.250000 0.250000 0.250000 0.250000 
 224
0.488546 0.003197 0.046210 
0.455012 0.993467 0.462022 
0.056442 0.003335 0.491768 
0.003864 0.988408 0.003864 0.003864 
0.250000 0.250000 0.250000 0.250000 
 225
0.488546 0.003197 0.046210 
0.455012 0.993467 0.462022 
0.056442 0.003335 0.491768 
0.974722 0.016381 0.004339 0.004558 
0.250000 0.250000 0.250000 0.250000 
 226
0.488546 0.003197 0.046210 
0.455012 0.993467 0.462022 
0.056442 0.003335 0.491768 
0.003864 0.003864 0.003864 0.988408 
0.250000 0.250000 0.250000 0.250000 
 227
0.488546 0.003197 0.046210 
0.455012 0.993467 0.462022 
0.056442 0.003335 0.491768 
0.003864 0.988408 0.003864 0.003864 
0.250000 0.250000 0.250000 0.250000 
 228
0.488546 0.003197 0.046210 
0.455012 0.993467 0.462022 
0.056442 0.003335 0.491768 
0.003864 0.988408 0.003864 0.003864 
0.250000 0.250000 0.250000 0.250000 
 229
0.488546 0.003197 0.046210 
0.455012 0.993467 0.462022 
0.056442 0.003335 0.491768 
0.003864 0.003864 0.983743 0.008529 
0.250000 0.250000 0.250000 0.250000 
 230
0.488546 0.003197 0.046210 
0.455012 0.993467 0.462022 
0.056442 0.003335 0.491768 
0.003864 0.003864 0.003864 0.988408 
0.250000 0.250000 0.250000 0.250000 
 231
0.488546 0.003197 0.046210 
0.455012 0.993467 0.462022 
0.056442 0.003335 0.491768 
0.003864 0.006454 0.975994 0.013687 
0.250000 0.250000 0.250000 0.250000 
 232
0.488546 0.003197 0.046210 
0.455012 0.993467 0.462022 
0.056442 0.003335 0.491768 
0.003864 0.003864 0.988408 0.003864 
0.250000 0.250000 0.250000 0.250000 
 233
0.488546 0.003197 0.046210 
0.455012 0.993467 0.462022 
0.056442 0.003335 0.491768 
0.003864 0.003864 0.003864 0.988408 
0.250000 0.250000 0.250000 0.250000 
 234
0.488546 0.003197 0.046210 
0.455012 0.993467 0.462022 
0.056442 0.003335 0.491768 
0.005027 0.003864 0.980684 0.010425 
0.250000 0.250000 0.250000 0.250000 
 235
0.488546 0.003197 0.046210 
0.455012 0.993467 0.462022 
0.056442 0.003335 0.491768 
