%  SAM: /scicomp/home/vfn4/nomen/label/LABEL_RES/scripts/modelfromalign_Linux v3.5 (July 15, 2005) compiled 12/08/06_16:15:55
%  (c) 1992-2001 Regents of the University of California, Santa Cruz
%
%          Sequence Alignment and Modeling Software System
%         http://www.cse.ucsc.edu/research/compbio/sam.html
%
% ----------------- Citations (SAM, SAM-T2K, HMMs) --------------------
% R. Hughey, A. Krogh, Hidden Markov models for sequence analysis:
%  Extension and analysis of the basic method, CABIOS 12:95-107, 1996.
% K. Karplus, et al., What is the value added by human intervention in protein
%  structure prediction, Proteins: Stucture, Function, Genetics 45(S5):86--91, 2001.
% A. Krogh et al., Hidden Markov models in computational biology:
%  Applications to protein modeling, JMB 235:1501-1531, Feb 1994.
% ---------------------------------------------------------------------
%  6B1_hmm   Host: login01.aspen.biotech.cdc.gov    Thu Feb  8 11:17:38 2018
%  vfn4      Dir:  /scicomp/groups/OID/NCIRD/ID-OD/ID_nomenclatures/H1/H1pdm09v2018R3/base/c-6B
% ---------------------------------------------------------------------
%  Alignment weights from internal calc.  Total (60.63) Max (0.11) Min (0.01)
%  Weights from alignment method 1 (karplus), b=-1.000000, e=0.500000
MODEL --  Model from alignment file /scicomp/home/vfn4/nomen/label/LABEL_RES/training_data/H1pdm09v2018R3/c-6B/6B1.fasta
alphabet DNA
FREQAVE
0.000000 0.000000 0.000000 
0.000000 0.000000 0.000000 
0.000000 0.000000 0.000000 
0.353964 0.220341 0.188863 0.236832 
0.353964 0.220341 0.188863 0.236832 
Begin
0.000000 0.000000 0.000000 
0.000000 0.000000 0.000000 
0.000000 0.003469 0.491768 
0.250000 0.250000 0.250000 0.250000 
0.250000 0.250000 0.250000 0.250000 
   1
0.000000 0.006357 0.046210 
0.000000 0.990174 0.462022 
0.054201 0.003479 0.491768 
0.250000 0.250000 0.250000 0.250000
0.250000 0.250000 0.250000 0.250000 
   2
0.508848 0.003335 0.046210 
0.436951 0.993185 0.462022 
0.054201 0.003479 0.491768 
0.250000 0.250000 0.250000 0.250000
0.250000 0.250000 0.250000 0.250000 
   3
0.499555 0.003335 0.046210 
0.446244 0.993185 0.462022 
0.054710 0.003478 0.491768 
0.250000 0.250000 0.250000 0.250000
0.250000 0.250000 0.250000 0.250000 
   4
0.500701 0.003334 0.046210 
0.444590 0.993189 0.462022 
0.054904 0.003477 0.491768 
0.250000 0.250000 0.250000 0.250000
0.250000 0.250000 0.250000 0.250000 
   5
0.496738 0.003333 0.046210 
0.448358 0.993190 0.462022 
0.055221 0.003476 0.491768 
0.250000 0.250000 0.250000 0.250000
0.250000 0.250000 0.250000 0.250000 
   6
0.482890 0.003332 0.046210 
0.461889 0.993192 0.462022 
0.056160 0.003473 0.491768 
0.250000 0.250000 0.250000 0.250000
0.250000 0.250000 0.250000 0.250000 
   7
0.475139 0.003329 0.046210 
0.468701 0.993198 0.462022 
0.057071 0.003470 0.491768 
0.250000 0.250000 0.250000 0.250000
0.250000 0.250000 0.250000 0.250000 
   8
0.477024 0.003326 0.046210 
0.465905 0.993204 0.462022 
0.057405 0.003469 0.491768 
0.250000 0.250000 0.250000 0.250000
0.250000 0.250000 0.250000 0.250000 
   9
0.479817 0.003325 0.046210 
0.462778 0.993206 0.462022 
0.057405 0.003469 0.491768 
0.250000 0.250000 0.250000 0.250000
0.250000 0.250000 0.250000 0.250000 
  10
0.479817 0.003325 0.046210 
0.462778 0.993206 0.462022 
0.057405 0.003469 0.491768 
0.250000 0.250000 0.250000 0.250000
0.250000 0.250000 0.250000 0.250000 
  11
0.479817 0.003325 0.046210 
0.462778 0.993206 0.462022 
0.057405 0.003469 0.491768 
0.004057 0.004057 0.005789 0.986097 
0.250000 0.250000 0.250000 0.250000 
  12
0.479817 0.003325 0.046210 
0.462778 0.993206 0.462022 
0.057405 0.003469 0.491768 
0.250000 0.250000 0.250000 0.250000
0.250000 0.250000 0.250000 0.250000 
  13
0.479817 0.003325 0.046210 
0.462778 0.993206 0.462022 
0.057405 0.003469 0.491768 
0.250000 0.250000 0.250000 0.250000
0.250000 0.250000 0.250000 0.250000 
  14
0.479817 0.003325 0.046210 
0.462778 0.993206 0.462022 
0.057405 0.003469 0.491768 
0.250000 0.250000 0.250000 0.250000
0.250000 0.250000 0.250000 0.250000 
  15
0.479817 0.003325 0.046210 
0.462778 0.993206 0.462022 
0.057405 0.003469 0.491768 
0.250000 0.250000 0.250000 0.250000
0.250000 0.250000 0.250000 0.250000 
  16
0.479817 0.003325 0.046210 
0.462778 0.993206 0.462022 
0.057405 0.003469 0.491768 
0.250000 0.250000 0.250000 0.250000
0.250000 0.250000 0.250000 0.250000 
  17
0.479817 0.003325 0.046210 
0.462778 0.993206 0.462022 
0.057405 0.003469 0.491768 
0.004056 0.004056 0.006075 0.985812 
0.250000 0.250000 0.250000 0.250000 
  18
0.479817 0.003325 0.046210 
0.462778 0.993206 0.462022 
0.057405 0.003469 0.491768 
0.250000 0.250000 0.250000 0.250000
0.250000 0.250000 0.250000 0.250000 
  19
0.479817 0.003325 0.046210 
0.462778 0.993206 0.462022 
0.057405 0.003469 0.491768 
0.250000 0.250000 0.250000 0.250000
0.250000 0.250000 0.250000 0.250000 
  20
0.479817 0.003325 0.046210 
0.462778 0.993206 0.462022 
0.057405 0.003469 0.491768 
0.250000 0.250000 0.250000 0.250000
0.250000 0.250000 0.250000 0.250000 
  21
0.479817 0.003325 0.046210 
0.462778 0.993206 0.462022 
0.057405 0.003469 0.491768 
0.250000 0.250000 0.250000 0.250000
0.250000 0.250000 0.250000 0.250000 
  22
0.479817 0.003325 0.046210 
0.462778 0.993206 0.462022 
0.057405 0.003469 0.491768 
0.250000 0.250000 0.250000 0.250000
0.250000 0.250000 0.250000 0.250000 
  23
0.479817 0.003325 0.046210 
0.462778 0.993206 0.462022 
0.057405 0.003469 0.491768 
0.250000 0.250000 0.250000 0.250000
0.250000 0.250000 0.250000 0.250000 
  24
0.479817 0.003325 0.046210 
0.462778 0.993206 0.462022 
0.057405 0.003469 0.491768 
0.005367 0.986520 0.004056 0.004056 
0.250000 0.250000 0.250000 0.250000 
  25
0.479817 0.003325 0.046210 
0.462778 0.993206 0.462022 
0.057405 0.003469 0.491768 
0.008020 0.004056 0.982997 0.004927 
0.250000 0.250000 0.250000 0.250000 
  26
0.479817 0.003325 0.046210 
0.462778 0.993206 0.462022 
0.057405 0.003469 0.491768 
0.250000 0.250000 0.250000 0.250000
0.250000 0.250000 0.250000 0.250000 
  27
0.479817 0.003325 0.046210 
0.462778 0.993206 0.462022 
0.057405 0.003469 0.491768 
0.936066 0.049980 0.009897 0.004056 
0.250000 0.250000 0.250000 0.250000 
  28
0.479817 0.003325 0.046210 
0.462778 0.993206 0.462022 
0.057405 0.003469 0.491768 
0.004057 0.004057 0.005056 0.986830 
0.250000 0.250000 0.250000 0.250000 
  29
0.479817 0.003325 0.046210 
0.462778 0.993206 0.462022 
0.057405 0.003469 0.491768 
0.250000 0.250000 0.250000 0.250000
0.250000 0.250000 0.250000 0.250000 
  30
0.479817 0.003325 0.046210 
0.462778 0.993206 0.462022 
0.057405 0.003469 0.491768 
0.250000 0.250000 0.250000 0.250000
0.250000 0.250000 0.250000 0.250000 
  31
0.479817 0.003325 0.046210 
0.462778 0.993206 0.462022 
0.057405 0.003469 0.491768 
0.250000 0.250000 0.250000 0.250000
0.250000 0.250000 0.250000 0.250000 
  32
0.479817 0.003325 0.046210 
0.462778 0.993206 0.462022 
0.057405 0.003469 0.491768 
0.250000 0.250000 0.250000 0.250000
0.250000 0.250000 0.250000 0.250000 
  33
0.479817 0.003325 0.046210 
0.462778 0.993206 0.462022 
0.057405 0.003469 0.491768 
0.250000 0.250000 0.250000 0.250000
0.250000 0.250000 0.250000 0.250000 
  34
0.479817 0.003325 0.046210 
0.462778 0.993206 0.462022 
0.057405 0.003469 0.491768 
0.004668 0.004056 0.005268 0.986008 
0.250000 0.250000 0.250000 0.250000 
  35
0.479817 0.003325 0.046210 
0.462778 0.993206 0.462022 
0.057405 0.003469 0.491768 
0.250000 0.250000 0.250000 0.250000
0.250000 0.250000 0.250000 0.250000 
  36
0.479817 0.003325 0.046210 
0.462778 0.993206 0.462022 
0.057405 0.003469 0.491768 
0.005063 0.004056 0.012239 0.978641 
0.250000 0.250000 0.250000 0.250000 
  37
0.479817 0.003325 0.046210 
0.462778 0.993206 0.462022 
0.057405 0.003469 0.491768 
0.250000 0.250000 0.250000 0.250000
0.250000 0.250000 0.250000 0.250000 
  38
0.479817 0.003325 0.046210 
0.462778 0.993206 0.462022 
0.057405 0.003469 0.491768 
0.250000 0.250000 0.250000 0.250000
0.250000 0.250000 0.250000 0.250000 
  39
0.479817 0.003325 0.046210 
0.462778 0.993206 0.462022 
0.057405 0.003469 0.491768 
0.987339 0.004548 0.004056 0.004056 
0.250000 0.250000 0.250000 0.250000 
  40
0.479817 0.003325 0.046210 
0.462778 0.993206 0.462022 
0.057405 0.003469 0.491768 
0.250000 0.250000 0.250000 0.250000
0.250000 0.250000 0.250000 0.250000 
  41
0.479817 0.003325 0.046210 
0.462778 0.993206 0.462022 
0.057405 0.003469 0.491768 
0.250000 0.250000 0.250000 0.250000
0.250000 0.250000 0.250000 0.250000 
  42
0.479817 0.003325 0.046210 
0.462778 0.993206 0.462022 
0.057405 0.003469 0.491768 
0.004654 0.004058 0.970662 0.020627 
0.250000 0.250000 0.250000 0.250000 
  43
0.479817 0.003325 0.046210 
0.462778 0.993206 0.462022 
0.057405 0.003469 0.491768 
0.005647 0.986240 0.004056 0.004056 
0.250000 0.250000 0.250000 0.250000 
  44
0.479817 0.003325 0.046210 
0.462778 0.993206 0.462022 
0.057405 0.003469 0.491768 
0.250000 0.250000 0.250000 0.250000
0.250000 0.250000 0.250000 0.250000 
  45
0.479817 0.003325 0.046210 
0.462778 0.993206 0.462022 
0.057405 0.003469 0.491768 
0.250000 0.250000 0.250000 0.250000
0.250000 0.250000 0.250000 0.250000 
  46
0.479817 0.003325 0.046210 
0.462778 0.993206 0.462022 
0.057405 0.003469 0.491768 
0.250000 0.250000 0.250000 0.250000
0.250000 0.250000 0.250000 0.250000 
  47
0.479817 0.003325 0.046210 
0.462778 0.993206 0.462022 
0.057405 0.003469 0.491768 
0.985599 0.005841 0.004503 0.004056 
0.250000 0.250000 0.250000 0.250000 
  48
0.479817 0.003325 0.046210 
0.462778 0.993206 0.462022 
0.057405 0.003469 0.491768 
0.004056 0.004056 0.004056 0.987831 
0.250000 0.250000 0.250000 0.250000 
  49
0.479817 0.003325 0.046210 
0.462778 0.993206 0.462022 
0.057405 0.003469 0.491768 
0.004056 0.984139 0.004056 0.007748 
0.250000 0.250000 0.250000 0.250000 
  50
0.479817 0.003325 0.046210 
0.462778 0.993206 0.462022 
0.057405 0.003469 0.491768 
0.250000 0.250000 0.250000 0.250000
0.250000 0.250000 0.250000 0.250000 
  51
0.479817 0.003325 0.046210 
0.462778 0.993206 0.462022 
0.057405 0.003469 0.491768 
0.986753 0.004056 0.004541 0.004650 
0.250000 0.250000 0.250000 0.250000 
  52
0.479817 0.003325 0.046210 
0.462778 0.993206 0.462022 
0.057405 0.003469 0.491768 
0.250000 0.250000 0.250000 0.250000
0.250000 0.250000 0.250000 0.250000 
  53
0.479817 0.003325 0.046210 
0.462778 0.993206 0.462022 
0.057405 0.003469 0.491768 
0.250000 0.250000 0.250000 0.250000
0.250000 0.250000 0.250000 0.250000 
  54
0.479817 0.003325 0.046210 
0.462778 0.993206 0.462022 
0.057405 0.003469 0.491768 
0.250000 0.250000 0.250000 0.250000
0.250000 0.250000 0.250000 0.250000 
  55
0.479817 0.003325 0.046210 
0.462778 0.993206 0.462022 
0.057405 0.003469 0.491768 
0.250000 0.250000 0.250000 0.250000
0.250000 0.250000 0.250000 0.250000 
  56
0.479817 0.003325 0.046210 
0.462778 0.993206 0.462022 
0.057405 0.003469 0.491768 
0.250000 0.250000 0.250000 0.250000
0.250000 0.250000 0.250000 0.250000 
  57
0.479817 0.003325 0.046210 
0.462778 0.993206 0.462022 
0.057405 0.003469 0.491768 
0.984573 0.006521 0.004850 0.004056 
0.250000 0.250000 0.250000 0.250000 
  58
0.479817 0.003325 0.046210 
0.462778 0.993206 0.462022 
0.057405 0.003469 0.491768 
0.250000 0.250000 0.250000 0.250000
0.250000 0.250000 0.250000 0.250000 
  59
0.479817 0.003325 0.046210 
0.462778 0.993206 0.462022 
0.057405 0.003469 0.491768 
0.250000 0.250000 0.250000 0.250000
0.250000 0.250000 0.250000 0.250000 
  60
0.479817 0.003325 0.046210 
0.462778 0.993206 0.462022 
0.057405 0.003469 0.491768 
0.250000 0.250000 0.250000 0.250000
0.250000 0.250000 0.250000 0.250000 
  61
0.479817 0.003325 0.046210 
0.462778 0.993206 0.462022 
0.057405 0.003469 0.491768 
0.250000 0.250000 0.250000 0.250000
0.250000 0.250000 0.250000 0.250000 
  62
0.479817 0.003325 0.046210 
0.462778 0.993206 0.462022 
0.057405 0.003469 0.491768 
0.250000 0.250000 0.250000 0.250000
0.250000 0.250000 0.250000 0.250000 
  63
0.479817 0.003325 0.046210 
0.462778 0.993206 0.462022 
0.057405 0.003469 0.491768 
0.004058 0.004058 0.012826 0.979059 
0.250000 0.250000 0.250000 0.250000 
  64
0.479817 0.003325 0.046210 
0.462778 0.993206 0.462022 
0.057405 0.003469 0.491768 
0.250000 0.250000 0.250000 0.250000
0.250000 0.250000 0.250000 0.250000 
  65
0.479817 0.003325 0.046210 
0.462778 0.993206 0.462022 
0.057405 0.003469 0.491768 
0.250000 0.250000 0.250000 0.250000
0.250000 0.250000 0.250000 0.250000 
  66
0.479817 0.003325 0.046210 
0.462778 0.993206 0.462022 
0.057405 0.003469 0.491768 
0.250000 0.250000 0.250000 0.250000
0.250000 0.250000 0.250000 0.250000 
  67
0.479817 0.003325 0.046210 
0.462778 0.993206 0.462022 
0.057405 0.003469 0.491768 
0.250000 0.250000 0.250000 0.250000
0.250000 0.250000 0.250000 0.250000 
  68
0.479817 0.003325 0.046210 
0.462778 0.993206 0.462022 
0.057405 0.003469 0.491768 
0.250000 0.250000 0.250000 0.250000
0.250000 0.250000 0.250000 0.250000 
  69
0.479817 0.003325 0.046210 
0.462778 0.993206 0.462022 
0.057405 0.003469 0.491768 
0.005374 0.004056 0.005343 0.985227 
0.250000 0.250000 0.250000 0.250000 
  70
0.479817 0.003325 0.046210 
0.462778 0.993206 0.462022 
0.057405 0.003469 0.491768 
0.250000 0.250000 0.250000 0.250000
0.250000 0.250000 0.250000 0.250000 
  71
0.479817 0.003325 0.046210 
0.462778 0.993206 0.462022 
0.057405 0.003469 0.491768 
0.250000 0.250000 0.250000 0.250000
0.250000 0.250000 0.250000 0.250000 
  72
0.479817 0.003325 0.046210 
0.462778 0.993206 0.462022 
0.057405 0.003469 0.491768 
0.250000 0.250000 0.250000 0.250000
0.250000 0.250000 0.250000 0.250000 
  73
0.479817 0.003325 0.046210 
0.462778 0.993206 0.462022 
0.057405 0.003469 0.491768 
0.250000 0.250000 0.250000 0.250000
0.250000 0.250000 0.250000 0.250000 
  74
0.479817 0.003325 0.046210 
0.462778 0.993206 0.462022 
0.057405 0.003469 0.491768 
0.250000 0.250000 0.250000 0.250000
0.250000 0.250000 0.250000 0.250000 
  75
0.479817 0.003325 0.046210 
0.462778 0.993206 0.462022 
0.057405 0.003469 0.491768 
0.250000 0.250000 0.250000 0.250000
0.250000 0.250000 0.250000 0.250000 
  76
0.479817 0.003325 0.046210 
0.462778 0.993206 0.462022 
0.057405 0.003469 0.491768 
0.250000 0.250000 0.250000 0.250000
0.250000 0.250000 0.250000 0.250000 
  77
0.479817 0.003325 0.046210 
0.462778 0.993206 0.462022 
0.057405 0.003469 0.491768 
0.250000 0.250000 0.250000 0.250000
0.250000 0.250000 0.250000 0.250000 
  78
0.479817 0.003325 0.046210 
0.462778 0.993206 0.462022 
0.057405 0.003469 0.491768 
0.028414 0.962621 0.004061 0.004903 
0.250000 0.250000 0.250000 0.250000 
  79
0.479817 0.003325 0.046210 
0.462778 0.993206 0.462022 
0.057405 0.003469 0.491768 
0.250000 0.250000 0.250000 0.250000
0.250000 0.250000 0.250000 0.250000 
  80
0.479817 0.003325 0.046210 
0.462778 0.993206 0.462022 
0.057405 0.003469 0.491768 
0.250000 0.250000 0.250000 0.250000
0.250000 0.250000 0.250000 0.250000 
  81
0.479817 0.003325 0.046210 
0.462778 0.993206 0.462022 
0.057405 0.003469 0.491768 
0.250000 0.250000 0.250000 0.250000
0.250000 0.250000 0.250000 0.250000 
  82
0.479817 0.003325 0.046210 
0.462778 0.993206 0.462022 
0.057405 0.003469 0.491768 
0.250000 0.250000 0.250000 0.250000
0.250000 0.250000 0.250000 0.250000 
  83
0.479817 0.003325 0.046210 
0.462778 0.993206 0.462022 
0.057405 0.003469 0.491768 
0.250000 0.250000 0.250000 0.250000
0.250000 0.250000 0.250000 0.250000 
  84
0.479817 0.003325 0.046210 
0.462778 0.993206 0.462022 
0.057405 0.003469 0.491768 
0.250000 0.250000 0.250000 0.250000
0.250000 0.250000 0.250000 0.250000 
  85
0.479817 0.003325 0.046210 
0.462778 0.993206 0.462022 
0.057405 0.003469 0.491768 
0.250000 0.250000 0.250000 0.250000
0.250000 0.250000 0.250000 0.250000 
  86
0.479817 0.003325 0.046210 
0.462778 0.993206 0.462022 
0.057405 0.003469 0.491768 
0.250000 0.250000 0.250000 0.250000
0.250000 0.250000 0.250000 0.250000 
  87
0.479817 0.003325 0.046210 
0.462778 0.993206 0.462022 
0.057405 0.003469 0.491768 
0.250000 0.250000 0.250000 0.250000
0.250000 0.250000 0.250000 0.250000 
  88
0.479817 0.003325 0.046210 
0.462778 0.993206 0.462022 
0.057405 0.003469 0.491768 
0.250000 0.250000 0.250000 0.250000
0.250000 0.250000 0.250000 0.250000 
  89
0.479817 0.003325 0.046210 
0.462778 0.993206 0.462022 
0.057405 0.003469 0.491768 
0.250000 0.250000 0.250000 0.250000
0.250000 0.250000 0.250000 0.250000 
  90
0.479817 0.003325 0.046210 
0.462778 0.993206 0.462022 
0.057405 0.003469 0.491768 
0.985753 0.004615 0.004410 0.005222 
0.250000 0.250000 0.250000 0.250000 
  91
0.479817 0.003325 0.046210 
0.462778 0.993206 0.462022 
0.057405 0.003469 0.491768 
0.250000 0.250000 0.250000 0.250000
0.250000 0.250000 0.250000 0.250000 
  92
0.479817 0.003325 0.046210 
0.462778 0.993206 0.462022 
0.057405 0.003469 0.491768 
0.250000 0.250000 0.250000 0.250000
0.250000 0.250000 0.250000 0.250000 
  93
0.479817 0.003325 0.046210 
0.462778 0.993206 0.462022 
0.057405 0.003469 0.491768 
0.004439 0.004056 0.985535 0.005970 
0.250000 0.250000 0.250000 0.250000 
  94
0.479817 0.003325 0.046210 
0.462778 0.993206 0.462022 
0.057405 0.003469 0.491768 
0.986968 0.004919 0.004056 0.004056 
0.250000 0.250000 0.250000 0.250000 
  95
0.479817 0.003325 0.046210 
0.462778 0.993206 0.462022 
0.057405 0.003469 0.491768 
0.250000 0.250000 0.250000 0.250000
0.250000 0.250000 0.250000 0.250000 
  96
0.479817 0.003325 0.046210 
0.462778 0.993206 0.462022 
0.057405 0.003469 0.491768 
0.250000 0.250000 0.250000 0.250000
0.250000 0.250000 0.250000 0.250000 
  97
0.479817 0.003325 0.046210 
0.462778 0.993206 0.462022 
0.057405 0.003469 0.491768 
0.250000 0.250000 0.250000 0.250000
0.250000 0.250000 0.250000 0.250000 
  98
0.479817 0.003325 0.046210 
0.462778 0.993206 0.462022 
0.057405 0.003469 0.491768 
0.250000 0.250000 0.250000 0.250000
0.250000 0.250000 0.250000 0.250000 
  99
0.479817 0.003325 0.046210 
0.462778 0.993206 0.462022 
0.057405 0.003469 0.491768 
0.982282 0.008073 0.004938 0.004708 
0.250000 0.250000 0.250000 0.250000 
 100
0.479817 0.003325 0.046210 
0.462778 0.993206 0.462022 
0.057405 0.003469 0.491768 
0.250000 0.250000 0.250000 0.250000
0.250000 0.250000 0.250000 0.250000 
 101
0.479817 0.003325 0.046210 
0.462778 0.993206 0.462022 
0.057405 0.003469 0.491768 
0.250000 0.250000 0.250000 0.250000
0.250000 0.250000 0.250000 0.250000 
 102
0.479817 0.003325 0.046210 
0.462778 0.993206 0.462022 
0.057405 0.003469 0.491768 
0.004425 0.004056 0.986700 0.004819 
0.250000 0.250000 0.250000 0.250000 
 103
0.479817 0.003325 0.046210 
0.462778 0.993206 0.462022 
0.057405 0.003469 0.491768 
0.250000 0.250000 0.250000 0.250000
0.250000 0.250000 0.250000 0.250000 
 104
0.479817 0.003325 0.046210 
0.462778 0.993206 0.462022 
0.057405 0.003469 0.491768 
0.250000 0.250000 0.250000 0.250000
0.250000 0.250000 0.250000 0.250000 
 105
0.479817 0.003325 0.046210 
0.462778 0.993206 0.462022 
0.057405 0.003469 0.491768 
0.250000 0.250000 0.250000 0.250000
0.250000 0.250000 0.250000 0.250000 
 106
0.479817 0.003325 0.046210 
0.462778 0.993206 0.462022 
0.057405 0.003469 0.491768 
0.250000 0.250000 0.250000 0.250000
0.250000 0.250000 0.250000 0.250000 
 107
0.479817 0.003325 0.046210 
0.462778 0.993206 0.462022 
0.057405 0.003469 0.491768 
0.250000 0.250000 0.250000 0.250000
0.250000 0.250000 0.250000 0.250000 
 108
0.479817 0.003325 0.046210 
0.462778 0.993206 0.462022 
0.057405 0.003469 0.491768 
0.986572 0.005315 0.004056 0.004056 
0.250000 0.250000 0.250000 0.250000 
 109
0.479817 0.003325 0.046210 
0.462778 0.993206 0.462022 
0.057405 0.003469 0.491768 
0.250000 0.250000 0.250000 0.250000
0.250000 0.250000 0.250000 0.250000 
 110
0.479817 0.003325 0.046210 
0.462778 0.993206 0.462022 
0.057405 0.003469 0.491768 
0.250000 0.250000 0.250000 0.250000
0.250000 0.250000 0.250000 0.250000 
 111
0.479817 0.003325 0.046210 
0.462778 0.993206 0.462022 
0.057405 0.003469 0.491768 
0.250000 0.250000 0.250000 0.250000
0.250000 0.250000 0.250000 0.250000 
 112
0.479817 0.003325 0.046210 
0.462778 0.993206 0.462022 
0.057405 0.003469 0.491768 
0.250000 0.250000 0.250000 0.250000
0.250000 0.250000 0.250000 0.250000 
 113
0.479817 0.003325 0.046210 
0.462778 0.993206 0.462022 
0.057405 0.003469 0.491768 
0.250000 0.250000 0.250000 0.250000
0.250000 0.250000 0.250000 0.250000 
 114
0.479817 0.003325 0.046210 
0.462778 0.993206 0.462022 
0.057405 0.003469 0.491768 
0.250000 0.250000 0.250000 0.250000
0.250000 0.250000 0.250000 0.250000 
 115
0.479817 0.003325 0.046210 
0.462778 0.993206 0.462022 
0.057405 0.003469 0.491768 
0.250000 0.250000 0.250000 0.250000
0.250000 0.250000 0.250000 0.250000 
 116
0.479817 0.003325 0.046210 
0.462778 0.993206 0.462022 
0.057405 0.003469 0.491768 
0.250000 0.250000 0.250000 0.250000
0.250000 0.250000 0.250000 0.250000 
 117
0.479817 0.003325 0.046210 
0.462778 0.993206 0.462022 
0.057405 0.003469 0.491768 
0.250000 0.250000 0.250000 0.250000
0.250000 0.250000 0.250000 0.250000 
 118
0.479817 0.003325 0.046210 
0.462778 0.993206 0.462022 
0.057405 0.003469 0.491768 
0.250000 0.250000 0.250000 0.250000
0.250000 0.250000 0.250000 0.250000 
 119
0.479817 0.003325 0.046210 
0.462778 0.993206 0.462022 
0.057405 0.003469 0.491768 
0.250000 0.250000 0.250000 0.250000
0.250000 0.250000 0.250000 0.250000 
 120
0.479817 0.003325 0.046210 
0.462778 0.993206 0.462022 
0.057405 0.003469 0.491768 
0.250000 0.250000 0.250000 0.250000
0.250000 0.250000 0.250000 0.250000 
 121
0.479817 0.003325 0.046210 
0.462778 0.993206 0.462022 
0.057405 0.003469 0.491768 
0.250000 0.250000 0.250000 0.250000
0.250000 0.250000 0.250000 0.250000 
 122
0.479817 0.003325 0.046210 
0.462778 0.993206 0.462022 
0.057405 0.003469 0.491768 
0.250000 0.250000 0.250000 0.250000
0.250000 0.250000 0.250000 0.250000 
 123
0.479817 0.003325 0.046210 
0.462778 0.993206 0.462022 
0.057405 0.003469 0.491768 
0.981785 0.010102 0.004056 0.004056 
0.250000 0.250000 0.250000 0.250000 
 124
0.479817 0.003325 0.046210 
0.462778 0.993206 0.462022 
0.057405 0.003469 0.491768 
0.250000 0.250000 0.250000 0.250000
0.250000 0.250000 0.250000 0.250000 
 125
0.479817 0.003325 0.046210 
0.462778 0.993206 0.462022 
0.057405 0.003469 0.491768 
0.250000 0.250000 0.250000 0.250000
0.250000 0.250000 0.250000 0.250000 
 126
0.479817 0.003325 0.046210 
0.462778 0.993206 0.462022 
0.057405 0.003469 0.491768 
0.250000 0.250000 0.250000 0.250000
0.250000 0.250000 0.250000 0.250000 
 127
0.479817 0.003325 0.046210 
0.462778 0.993206 0.462022 
0.057405 0.003469 0.491768 
0.250000 0.250000 0.250000 0.250000
0.250000 0.250000 0.250000 0.250000 
 128
0.479817 0.003325 0.046210 
0.462778 0.993206 0.462022 
0.057405 0.003469 0.491768 
0.250000 0.250000 0.250000 0.250000
0.250000 0.250000 0.250000 0.250000 
 129
0.479817 0.003325 0.046210 
0.462778 0.993206 0.462022 
0.057405 0.003469 0.491768 
0.978473 0.012946 0.004056 0.004524 
0.250000 0.250000 0.250000 0.250000 
 130
0.479817 0.003325 0.046210 
0.462778 0.993206 0.462022 
0.057405 0.003469 0.491768 
0.250000 0.250000 0.250000 0.250000
0.250000 0.250000 0.250000 0.250000 
 131
0.479817 0.003325 0.046210 
0.462778 0.993206 0.462022 
0.057405 0.003469 0.491768 
0.250000 0.250000 0.250000 0.250000
0.250000 0.250000 0.250000 0.250000 
 132
0.479817 0.003325 0.046210 
0.462778 0.993206 0.462022 
0.057405 0.003469 0.491768 
0.250000 0.250000 0.250000 0.250000
0.250000 0.250000 0.250000 0.250000 
 133
0.479817 0.003325 0.046210 
0.462778 0.993206 0.462022 
0.057405 0.003469 0.491768 
0.250000 0.250000 0.250000 0.250000
0.250000 0.250000 0.250000 0.250000 
 134
0.479817 0.003325 0.046210 
0.462778 0.993206 0.462022 
0.057405 0.003469 0.491768 
0.250000 0.250000 0.250000 0.250000
0.250000 0.250000 0.250000 0.250000 
 135
0.479817 0.003325 0.046210 
0.462778 0.993206 0.462022 
0.057405 0.003469 0.491768 
0.250000 0.250000 0.250000 0.250000
0.250000 0.250000 0.250000 0.250000 
 136
0.479817 0.003325 0.046210 
0.462778 0.993206 0.462022 
0.057405 0.003469 0.491768 
0.250000 0.250000 0.250000 0.250000
0.250000 0.250000 0.250000 0.250000 
 137
0.479817 0.003325 0.046210 
0.462778 0.993206 0.462022 
0.057405 0.003469 0.491768 
0.250000 0.250000 0.250000 0.250000
0.250000 0.250000 0.250000 0.250000 
 138
0.479817 0.003325 0.046210 
0.462778 0.993206 0.462022 
0.057405 0.003469 0.491768 
0.250000 0.250000 0.250000 0.250000
0.250000 0.250000 0.250000 0.250000 
 139
0.479817 0.003325 0.046210 
0.462778 0.993206 0.462022 
0.057405 0.003469 0.491768 
0.250000 0.250000 0.250000 0.250000
0.250000 0.250000 0.250000 0.250000 
 140
0.479817 0.003325 0.046210 
0.462778 0.993206 0.462022 
0.057405 0.003469 0.491768 
0.250000 0.250000 0.250000 0.250000
0.250000 0.250000 0.250000 0.250000 
 141
0.479817 0.003325 0.046210 
0.462778 0.993206 0.462022 
0.057405 0.003469 0.491768 
0.004056 0.004553 0.016155 0.975235 
0.250000 0.250000 0.250000 0.250000 
 142
0.479817 0.003325 0.046210 
0.462778 0.993206 0.462022 
0.057405 0.003469 0.491768 
0.250000 0.250000 0.250000 0.250000
0.250000 0.250000 0.250000 0.250000 
 143
0.479817 0.003325 0.046210 
0.462778 0.993206 0.462022 
0.057405 0.003469 0.491768 
0.250000 0.250000 0.250000 0.250000
0.250000 0.250000 0.250000 0.250000 
 144
0.479817 0.003325 0.046210 
0.462778 0.993206 0.462022 
0.057405 0.003469 0.491768 
0.250000 0.250000 0.250000 0.250000
0.250000 0.250000 0.250000 0.250000 
 145
0.479817 0.003325 0.046210 
0.462778 0.993206 0.462022 
0.057405 0.003469 0.491768 
0.250000 0.250000 0.250000 0.250000
0.250000 0.250000 0.250000 0.250000 
 146
0.479817 0.003325 0.046210 
0.462778 0.993206 0.462022 
0.057405 0.003469 0.491768 
0.250000 0.250000 0.250000 0.250000
0.250000 0.250000 0.250000 0.250000 
 147
0.479817 0.003325 0.046210 
0.462778 0.993206 0.462022 
0.057405 0.003469 0.491768 
0.250000 0.250000 0.250000 0.250000
0.250000 0.250000 0.250000 0.250000 
 148
0.479817 0.003325 0.046210 
0.462778 0.993206 0.462022 
0.057405 0.003469 0.491768 
0.250000 0.250000 0.250000 0.250000
0.250000 0.250000 0.250000 0.250000 
 149
0.479817 0.003325 0.046210 
0.462778 0.993206 0.462022 
0.057405 0.003469 0.491768 
0.250000 0.250000 0.250000 0.250000
0.250000 0.250000 0.250000 0.250000 
 150
0.479817 0.003325 0.046210 
0.462778 0.993206 0.462022 
0.057405 0.003469 0.491768 
0.015149 0.975498 0.004059 0.005295 
0.250000 0.250000 0.250000 0.250000 
 151
0.479817 0.003325 0.046210 
0.462778 0.993206 0.462022 
0.057405 0.003469 0.491768 
0.250000 0.250000 0.250000 0.250000
0.250000 0.250000 0.250000 0.250000 
 152
0.479817 0.003325 0.046210 
0.462778 0.993206 0.462022 
0.057405 0.003469 0.491768 
0.250000 0.250000 0.250000 0.250000
0.250000 0.250000 0.250000 0.250000 
 153
0.479817 0.003325 0.046210 
0.462778 0.993206 0.462022 
0.057405 0.003469 0.491768 
0.973626 0.017712 0.004604 0.004059 
0.250000 0.250000 0.250000 0.250000 
 154
0.479817 0.003325 0.046210 
0.462778 0.993206 0.462022 
0.057405 0.003469 0.491768 
0.250000 0.250000 0.250000 0.250000
0.250000 0.250000 0.250000 0.250000 
 155
0.479817 0.003325 0.046210 
0.462778 0.993206 0.462022 
0.057405 0.003469 0.491768 
0.250000 0.250000 0.250000 0.250000
0.250000 0.250000 0.250000 0.250000 
 156
0.479817 0.003325 0.046210 
0.462778 0.993206 0.462022 
0.057405 0.003469 0.491768 
0.250000 0.250000 0.250000 0.250000
0.250000 0.250000 0.250000 0.250000 
 157
0.479817 0.003325 0.046210 
0.462778 0.993206 0.462022 
0.057405 0.003469 0.491768 
0.250000 0.250000 0.250000 0.250000
0.250000 0.250000 0.250000 0.250000 
 158
0.479817 0.003325 0.046210 
0.462778 0.993206 0.462022 
0.057405 0.003469 0.491768 
0.987051 0.004836 0.004056 0.004056 
0.250000 0.250000 0.250000 0.250000 
 159
0.479817 0.003325 0.046210 
0.462778 0.993206 0.462022 
0.057405 0.003469 0.491768 
0.250000 0.250000 0.250000 0.250000
0.250000 0.250000 0.250000 0.250000 
 160
0.479817 0.003325 0.046210 
0.462778 0.993206 0.462022 
0.057405 0.003469 0.491768 
0.250000 0.250000 0.250000 0.250000
0.250000 0.250000 0.250000 0.250000 
 161
0.479817 0.003325 0.046210 
0.462778 0.993206 0.462022 
0.057405 0.003469 0.491768 
0.250000 0.250000 0.250000 0.250000
0.250000 0.250000 0.250000 0.250000 
 162
0.479817 0.003325 0.046210 
0.462778 0.993206 0.462022 
0.057405 0.003469 0.491768 
0.004056 0.004056 0.006419 0.985468 
0.250000 0.250000 0.250000 0.250000 
 163
0.479817 0.003325 0.046210 
0.462778 0.993206 0.462022 
0.057405 0.003469 0.491768 
0.250000 0.250000 0.250000 0.250000
0.250000 0.250000 0.250000 0.250000 
 164
0.479817 0.003325 0.046210 
0.462778 0.993206 0.462022 
0.057405 0.003469 0.491768 
0.250000 0.250000 0.250000 0.250000
0.250000 0.250000 0.250000 0.250000 
 165
0.479817 0.003325 0.046210 
0.462778 0.993206 0.462022 
0.057405 0.003469 0.491768 
0.250000 0.250000 0.250000 0.250000
0.250000 0.250000 0.250000 0.250000 
 166
0.479817 0.003325 0.046210 
0.462778 0.993206 0.462022 
0.057405 0.003469 0.491768 
0.250000 0.250000 0.250000 0.250000
0.250000 0.250000 0.250000 0.250000 
 167
0.479817 0.003325 0.046210 
0.462778 0.993206 0.462022 
0.057405 0.003469 0.491768 
0.250000 0.250000 0.250000 0.250000
0.250000 0.250000 0.250000 0.250000 
 168
0.479817 0.003325 0.046210 
0.462778 0.993206 0.462022 
0.057405 0.003469 0.491768 
0.982488 0.009397 0.004057 0.004057 
0.250000 0.250000 0.250000 0.250000 
 169
0.479817 0.003325 0.046210 
0.462778 0.993206 0.462022 
0.057405 0.003469 0.491768 
0.250000 0.250000 0.250000 0.250000
0.250000 0.250000 0.250000 0.250000 
 170
0.479817 0.003325 0.046210 
0.462778 0.993206 0.462022 
0.057405 0.003469 0.491768 
0.250000 0.250000 0.250000 0.250000
0.250000 0.250000 0.250000 0.250000 
 171
0.479817 0.003325 0.046210 
0.462778 0.993206 0.462022 
0.057405 0.003469 0.491768 
0.250000 0.250000 0.250000 0.250000
0.250000 0.250000 0.250000 0.250000 
 172
0.479817 0.003325 0.046210 
0.462778 0.993206 0.462022 
0.057405 0.003469 0.491768 
0.004058 0.004058 0.985964 0.005921 
0.250000 0.250000 0.250000 0.250000 
 173
0.479817 0.003325 0.046210 
0.462778 0.993206 0.462022 
0.057405 0.003469 0.491768 
0.250000 0.250000 0.250000 0.250000
0.250000 0.250000 0.250000 0.250000 
 174
0.479817 0.003325 0.046210 
0.462778 0.993206 0.462022 
0.057405 0.003469 0.491768 
0.250000 0.250000 0.250000 0.250000
0.250000 0.250000 0.250000 0.250000 
 175
0.479817 0.003325 0.046210 
0.462778 0.993206 0.462022 
0.057405 0.003469 0.491768 
0.250000 0.250000 0.250000 0.250000
0.250000 0.250000 0.250000 0.250000 
 176
0.479817 0.003325 0.046210 
0.462778 0.993206 0.462022 
0.057405 0.003469 0.491768 
0.250000 0.250000 0.250000 0.250000
0.250000 0.250000 0.250000 0.250000 
 177
0.479817 0.003325 0.046210 
0.462778 0.993206 0.462022 
0.057405 0.003469 0.491768 
0.250000 0.250000 0.250000 0.250000
0.250000 0.250000 0.250000 0.250000 
 178
0.479817 0.003325 0.046210 
0.462778 0.993206 0.462022 
0.057405 0.003469 0.491768 
0.250000 0.250000 0.250000 0.250000
0.250000 0.250000 0.250000 0.250000 
 179
0.479817 0.003325 0.046210 
0.462778 0.993206 0.462022 
0.057405 0.003469 0.491768 
0.250000 0.250000 0.250000 0.250000
0.250000 0.250000 0.250000 0.250000 
 180
0.479817 0.003325 0.046210 
0.462778 0.993206 0.462022 
0.057405 0.003469 0.491768 
0.974467 0.016845 0.004629 0.004059 
0.250000 0.250000 0.250000 0.250000 
 181
0.479817 0.003325 0.046210 
0.462778 0.993206 0.462022 
0.057405 0.003469 0.491768 
0.250000 0.250000 0.250000 0.250000
0.250000 0.250000 0.250000 0.250000 
 182
0.479817 0.003325 0.046210 
0.462778 0.993206 0.462022 
0.057405 0.003469 0.491768 
0.250000 0.250000 0.250000 0.250000
0.250000 0.250000 0.250000 0.250000 
 183
0.479817 0.003325 0.046210 
0.462778 0.993206 0.462022 
0.057405 0.003469 0.491768 
0.250000 0.250000 0.250000 0.250000
0.250000 0.250000 0.250000 0.250000 
 184
0.479817 0.003325 0.046210 
0.462778 0.993206 0.462022 
0.057405 0.003469 0.491768 
0.983178 0.008113 0.004652 0.004056 
0.250000 0.250000 0.250000 0.250000 
 185
0.479817 0.003325 0.046210 
0.462778 0.993206 0.462022 
0.057405 0.003469 0.491768 
0.010375 0.981130 0.004059 0.004435 
0.250000 0.250000 0.250000 0.250000 
 186
0.479817 0.003325 0.046210 
0.462778 0.993206 0.462022 
0.057405 0.003469 0.491768 
0.250000 0.250000 0.250000 0.250000
0.250000 0.250000 0.250000 0.250000 
 187
0.479817 0.003325 0.046210 
0.462778 0.993206 0.462022 
0.057405 0.003469 0.491768 
0.250000 0.250000 0.250000 0.250000
0.250000 0.250000 0.250000 0.250000 
 188
0.479817 0.003325 0.046210 
0.462778 0.993206 0.462022 
0.057405 0.003469 0.491768 
0.250000 0.250000 0.250000 0.250000
0.250000 0.250000 0.250000 0.250000 
 189
0.479817 0.003325 0.046210 
0.462778 0.993206 0.462022 
0.057405 0.003469 0.491768 
0.250000 0.250000 0.250000 0.250000
0.250000 0.250000 0.250000 0.250000 
 190
0.479817 0.003325 0.046210 
0.462778 0.993206 0.462022 
0.057405 0.003469 0.491768 
0.250000 0.250000 0.250000 0.250000
0.250000 0.250000 0.250000 0.250000 
 191
0.479817 0.003325 0.046210 
0.462778 0.993206 0.462022 
0.057405 0.003469 0.491768 
0.004442 0.004056 0.008704 0.982797 
0.250000 0.250000 0.250000 0.250000 
 192
0.479817 0.003325 0.046210 
0.462778 0.993206 0.462022 
0.057405 0.003469 0.491768 
0.984239 0.007250 0.004454 0.004056 
0.250000 0.250000 0.250000 0.250000 
 193
0.479817 0.003325 0.046210 
0.462778 0.993206 0.462022 
0.057405 0.003469 0.491768 
0.007494 0.980672 0.005317 0.006517 
0.250000 0.250000 0.250000 0.250000 
 194
0.479817 0.003325 0.046210 
0.462778 0.993206 0.462022 
0.057405 0.003469 0.491768 
0.250000 0.250000 0.250000 0.250000
0.250000 0.250000 0.250000 0.250000 
 195
0.479817 0.003325 0.046210 
0.462778 0.993206 0.462022 
0.057405 0.003469 0.491768 
0.250000 0.250000 0.250000 0.250000
0.250000 0.250000 0.250000 0.250000 
 196
0.479817 0.003325 0.046210 
0.462778 0.993206 0.462022 
0.057405 0.003469 0.491768 
0.250000 0.250000 0.250000 0.250000
0.250000 0.250000 0.250000 0.250000 
 197
0.479817 0.003325 0.046210 
0.462778 0.993206 0.462022 
0.057405 0.003469 0.491768 
0.250000 0.250000 0.250000 0.250000
0.250000 0.250000 0.250000 0.250000 
 198
0.479817 0.003325 0.046210 
0.462778 0.993206 0.462022 
0.057405 0.003469 0.491768 
0.250000 0.250000 0.250000 0.250000
0.250000 0.250000 0.250000 0.250000 
 199
0.479817 0.003325 0.046210 
0.462778 0.993206 0.462022 
0.057405 0.003469 0.491768 
0.250000 0.250000 0.250000 0.250000
0.250000 0.250000 0.250000 0.250000 
 200
0.479817 0.003325 0.046210 
0.462778 0.993206 0.462022 
0.057405 0.003469 0.491768 
0.250000 0.250000 0.250000 0.250000
0.250000 0.250000 0.250000 0.250000 
 201
0.479817 0.003325 0.046210 
0.462778 0.993206 0.462022 
0.057405 0.003469 0.491768 
0.012354 0.979525 0.004060 0.004060 
0.250000 0.250000 0.250000 0.250000 
 202
0.479817 0.003325 0.046210 
0.462778 0.993206 0.462022 
0.057405 0.003469 0.491768 
0.250000 0.250000 0.250000 0.250000
0.250000 0.250000 0.250000 0.250000 
 203
0.479817 0.003325 0.046210 
0.462778 0.993206 0.462022 
0.057405 0.003469 0.491768 
0.250000 0.250000 0.250000 0.250000
0.250000 0.250000 0.250000 0.250000 
 204
0.479817 0.003325 0.046210 
0.462778 0.993206 0.462022 
0.057405 0.003469 0.491768 
0.250000 0.250000 0.250000 0.250000
0.250000 0.250000 0.250000 0.250000 
 205
0.479817 0.003325 0.046210 
0.462778 0.993206 0.462022 
0.057405 0.003469 0.491768 
0.250000 0.250000 0.250000 0.250000
0.250000 0.250000 0.250000 0.250000 
 206
0.479817 0.003325 0.046210 
0.462778 0.993206 0.462022 
0.057405 0.003469 0.491768 
0.250000 0.250000 0.250000 0.250000
0.250000 0.250000 0.250000 0.250000 
 207
0.479817 0.003325 0.046210 
0.462778 0.993206 0.462022 
0.057405 0.003469 0.491768 
0.013209 0.978678 0.004056 0.004056 
0.250000 0.250000 0.250000 0.250000 
 208
0.479817 0.003325 0.046210 
0.462778 0.993206 0.462022 
0.057405 0.003469 0.491768 
0.250000 0.250000 0.250000 0.250000
0.250000 0.250000 0.250000 0.250000 
 209
0.479817 0.003325 0.046210 
0.462778 0.993206 0.462022 
0.057405 0.003469 0.491768 
0.250000 0.250000 0.250000 0.250000
0.250000 0.250000 0.250000 0.250000 
 210
0.479817 0.003325 0.046210 
0.462778 0.993206 0.462022 
0.057405 0.003469 0.491768 
0.250000 0.250000 0.250000 0.250000
0.250000 0.250000 0.250000 0.250000 
 211
0.479817 0.003325 0.046210 
0.462778 0.993206 0.462022 
0.057405 0.003469 0.491768 
0.250000 0.250000 0.250000 0.250000
0.250000 0.250000 0.250000 0.250000 
 212
0.479817 0.003325 0.046210 
0.462778 0.993206 0.462022 
0.057405 0.003469 0.491768 
0.250000 0.250000 0.250000 0.250000
0.250000 0.250000 0.250000 0.250000 
 213
0.479817 0.003325 0.046210 
0.462778 0.993206 0.462022 
0.057405 0.003469 0.491768 
0.250000 0.250000 0.250000 0.250000
0.250000 0.250000 0.250000 0.250000 
 214
0.479817 0.003325 0.046210 
0.462778 0.993206 0.462022 
0.057405 0.003469 0.491768 
0.250000 0.250000 0.250000 0.250000
0.250000 0.250000 0.250000 0.250000 
 215
0.479817 0.003325 0.046210 
0.462778 0.993206 0.462022 
0.057405 0.003469 0.491768 
0.250000 0.250000 0.250000 0.250000
0.250000 0.250000 0.250000 0.250000 
 216
0.479817 0.003325 0.046210 
0.462778 0.993206 0.462022 
0.057405 0.003469 0.491768 
0.004056 0.004056 0.008192 0.983695 
0.250000 0.250000 0.250000 0.250000 
 217
0.479817 0.003325 0.046210 
0.462778 0.993206 0.462022 
0.057405 0.003469 0.491768 
0.250000 0.250000 0.250000 0.250000
0.250000 0.250000 0.250000 0.250000 
 218
0.479817 0.003325 0.046210 
0.462778 0.993206 0.462022 
0.057405 0.003469 0.491768 
0.250000 0.250000 0.250000 0.250000
0.250000 0.250000 0.250000 0.250000 
 219
0.479817 0.003325 0.046210 
0.462778 0.993206 0.462022 
0.057405 0.003469 0.491768 
0.250000 0.250000 0.250000 0.250000
0.250000 0.250000 0.250000 0.250000 
 220
0.479817 0.003325 0.046210 
0.462778 0.993206 0.462022 
0.057405 0.003469 0.491768 
0.250000 0.250000 0.250000 0.250000
0.250000 0.250000 0.250000 0.250000 
 221
0.479817 0.003325 0.046210 
0.462778 0.993206 0.462022 
0.057405 0.003469 0.491768 
0.250000 0.250000 0.250000 0.250000
0.250000 0.250000 0.250000 0.250000 
 222
0.479817 0.003325 0.046210 
0.462778 0.993206 0.462022 
0.057405 0.003469 0.491768 
0.250000 0.250000 0.250000 0.250000
0.250000 0.250000 0.250000 0.250000 
 223
0.479817 0.003325 0.046210 
0.462778 0.993206 0.462022 
0.057405 0.003469 0.491768 
0.250000 0.250000 0.250000 0.250000
0.250000 0.250000 0.250000 0.250000 
 224
0.479817 0.003325 0.046210 
0.462778 0.993206 0.462022 
0.057405 0.003469 0.491768 
0.250000 0.250000 0.250000 0.250000
0.250000 0.250000 0.250000 0.250000 
 225
0.479817 0.003325 0.046210 
0.462778 0.993206 0.462022 
0.057405 0.003469 0.491768 
0.250000 0.250000 0.250000 0.250000
0.250000 0.250000 0.250000 0.250000 
 226
0.479817 0.003325 0.046210 
0.462778 0.993206 0.462022 
0.057405 0.003469 0.491768 
0.250000 0.250000 0.250000 0.250000
0.250000 0.250000 0.250000 0.250000 
 227
0.479817 0.003325 0.046210 
0.462778 0.993206 0.462022 
0.057405 0.003469 0.491768 
0.250000 0.250000 0.250000 0.250000
0.250000 0.250000 0.250000 0.250000 
 228
0.479817 0.003325 0.046210 
0.462778 0.993206 0.462022 
0.057405 0.003469 0.491768 
0.006181 0.004603 0.982760 0.006457 
0.250000 0.250000 0.250000 0.250000 
 229
0.479817 0.003325 0.046210 
0.462778 0.993206 0.462022 
0.057405 0.003469 0.491768 
0.250000 0.250000 0.250000 0.250000
0.250000 0.250000 0.250000 0.250000 
 230
0.479817 0.003325 0.046210 
0.462778 0.993206 0.462022 
0.057405 0.003469 0.491768 
0.250000 0.250000 0.250000 0.250000
0.250000 0.250000 0.250000 0.250000 
 231
0.479817 0.003325 0.046210 
0.462778 0.993206 0.462022 
0.057405 0.003469 0.491768 
0.250000 0.250000 0.250000 0.250000
0.250000 0.250000 0.250000 0.250000 
 232
0.479817 0.003325 0.046210 
0.462778 0.993206 0.462022 
0.057405 0.003469 0.491768 
0.250000 0.250000 0.250000 0.250000
0.250000 0.250000 0.250000 0.250000 
 233
0.479817 0.003325 0.046210 
0.462778 0.993206 0.462022 
0.057405 0.003469 0.491768 
0.250000 0.250000 0.250000 0.250000
0.250000 0.250000 0.250000 0.250000 
 234
0.479817 0.003325 0.046210 
0.462778 0.993206 0.462022 
0.057405 0.003469 0.491768 
0.005569 0.004059 0.984293 0.006079 
0.250000 0.250000 0.250000 0.250000 
 235
0.479817 0.003325 0.046210 
0.462778 0.993206 0.462022 
0.057405 0.003469 0.491768 
0.004056 0.004056 0.938307 0.053580 
0.250000 0.250000 0.250000 0.250000 
 236
0.479817 0.003325 0.046210 
0.462778 0.993206 0.462022 
0.057405 0.003469 0.491768 
0.250000 0.250000 0.250000 0.250000
