%  SAM: /scicomp/home-pure/vfn4/Tools/label-dev/LABEL_RES/scripts/modelfromalign_Linux v3.5 (July 15, 2005) compiled 12/08/06_16:15:55
%  (c) 1992-2001 Regents of the University of California, Santa Cruz
%
%          Sequence Alignment and Modeling Software System
%         http://www.cse.ucsc.edu/research/compbio/sam.html
%
% ----------------- Citations (SAM, SAM-T2K, HMMs) --------------------
% R. Hughey, A. Krogh, Hidden Markov models for sequence analysis:
%  Extension and analysis of the basic method, CABIOS 12:95-107, 1996.
% K. Karplus, et al., What is the value added by human intervention in protein
%  structure prediction, Proteins: Stucture, Function, Genetics 45(S5):86--91, 2001.
% A. Krogh et al., Hidden Markov models in computational biology:
%  Applications to protein modeling, JMB 235:1501-1531, Feb 1994.
% ---------------------------------------------------------------------
%  c-2344xL2_hmm   Host: node235.hpc.biotech.cdc.gov    Wed Apr 19 16:05:04 2023
%  vfn4            Dir:  /scicomp/home-pure/vfn4/fluA/H5/c-2344/c-2344x
% ---------------------------------------------------------------------
%  Alignment weights from internal calc.  Total (35.04) Max (0.15) Min (0.02)
%  Weights from alignment method 1 (karplus), b=-1.000000, e=0.500000
MODEL --  Model from alignment file /scicomp/home-pure/vfn4/Tools/label-dev/LABEL_RES/training_data/c2344/c-2344x/c-2344xL2.fasta
alphabet DNA
FREQAVE
0.000000 0.000000 0.000000 
0.000000 0.000000 0.000000 
0.000000 0.000000 0.000000 
0.348659 0.227919 0.183813 0.239610 
0.348659 0.227919 0.183813 0.239610 
Begin
0.000000 0.000000 0.000000 
0.000000 0.000000 0.000000 
0.000000 0.005206 0.491768 
0.250000 0.250000 0.250000 0.250000 
0.250000 0.250000 0.250000 0.250000 
   1
0.000000 0.261176 0.046210 
0.000000 0.733618 0.462022 
0.013264 0.007000 0.491768 
0.967328 0.010891 0.010891 0.010891 
0.250000 0.250000 0.250000 0.250000 
   2
0.859330 0.006709 0.046210 
0.127405 0.986291 0.462022 
0.013542 0.006936 0.491768 
0.010728 0.010728 0.010728 0.967817 
0.250000 0.250000 0.250000 0.250000 
   3
0.872077 0.006648 0.046210 
0.114382 0.986416 0.462022 
0.013613 0.006920 0.491768 
0.010688 0.967936 0.010688 0.010688 
0.250000 0.250000 0.250000 0.250000 
   4
0.876648 0.006633 0.046210 
0.109739 0.986446 0.462022 
0.013613 0.006920 0.491768 
0.033597 0.945027 0.010688 0.010688 
0.250000 0.250000 0.250000 0.250000 
   5
0.876648 0.006633 0.046210 
0.109739 0.986446 0.462022 
0.013613 0.006920 0.491768 
0.964758 0.012270 0.010688 0.012284 
0.250000 0.250000 0.250000 0.250000 
   6
0.876648 0.006633 0.046210 
0.109739 0.986446 0.462022 
0.013613 0.006920 0.491768 
0.018298 0.958748 0.010688 0.012266 
0.250000 0.250000 0.250000 0.250000 
   7
0.876648 0.006633 0.046210 
0.109739 0.986446 0.462022 
0.013613 0.006920 0.491768 
0.948468 0.030156 0.010688 0.010688 
0.250000 0.250000 0.250000 0.250000 
   8
0.876648 0.006633 0.046210 
0.109739 0.986446 0.462022 
0.013613 0.006920 0.491768 
0.958605 0.017626 0.010688 0.013081 
0.250000 0.250000 0.250000 0.250000 
   9
0.876648 0.006633 0.046210 
0.109739 0.986446 0.462022 
0.013613 0.006920 0.491768 
0.967936 0.010688 0.010688 0.010688 
0.250000 0.250000 0.250000 0.250000 
  10
0.876648 0.006633 0.046210 
0.109739 0.986446 0.462022 
0.013613 0.006920 0.491768 
0.949519 0.029106 0.010688 0.010688 
0.250000 0.250000 0.250000 0.250000 
  11
0.876648 0.006633 0.046210 
0.109739 0.986446 0.462022 
0.013613 0.006920 0.491768 
0.010688 0.010688 0.025837 0.952788 
0.250000 0.250000 0.250000 0.250000 
  12
0.876648 0.006633 0.046210 
0.109739 0.986446 0.462022 
0.013613 0.006920 0.491768 
0.933663 0.044943 0.010697 0.010697 
0.250000 0.250000 0.250000 0.250000 
  13
0.876648 0.006633 0.046210 
0.109739 0.986446 0.462022 
0.013613 0.006920 0.491768 
0.049505 0.929077 0.010709 0.010709 
0.250000 0.250000 0.250000 0.250000 
  14
0.876648 0.006633 0.046210 
0.109739 0.986446 0.462022 
0.013613 0.006920 0.491768 
0.010688 0.010688 0.010688 0.967936 
0.250000 0.250000 0.250000 0.250000 
  15
0.876648 0.006633 0.046210 
0.109739 0.986446 0.462022 
0.013613 0.006920 0.491768 
0.365787 0.611129 0.010688 0.012396 
0.250000 0.250000 0.250000 0.250000 
  16
0.876648 0.006633 0.046210 
0.109739 0.986446 0.462022 
0.013613 0.006920 0.491768 
0.012275 0.010688 0.952366 0.024672 
0.250000 0.250000 0.250000 0.250000 
  17
0.875289 0.006633 0.046210 
0.111099 0.986446 0.462022 
0.013631 0.006916 0.491768 
0.010678 0.010678 0.012677 0.965968 
0.250000 0.250000 0.250000 0.250000 
  18
0.874648 0.006630 0.046210 
0.111721 0.986454 0.462022 
0.013656 0.006911 0.491768 
0.010664 0.010664 0.010664 0.968009 
0.250000 0.250000 0.250000 0.250000 
  19
0.876254 0.006624 0.046210 
0.110090 0.986465 0.462022 
0.013656 0.006911 0.491768 
0.046943 0.010664 0.914971 0.027422 
0.250000 0.250000 0.250000 0.250000 
  20
0.876254 0.006624 0.046210 
0.110090 0.986465 0.462022 
0.013656 0.006911 0.491768 
0.012243 0.010664 0.013842 0.963251 
0.250000 0.250000 0.250000 0.250000 
  21
0.876254 0.006624 0.046210 
0.110090 0.986465 0.462022 
0.013656 0.006911 0.491768 
0.010664 0.010664 0.012350 0.966322 
0.250000 0.250000 0.250000 0.250000 
  22
0.876254 0.006624 0.046210 
0.110090 0.986465 0.462022 
0.013656 0.006911 0.491768 
0.011845 0.010664 0.936870 0.040622 
0.250000 0.250000 0.250000 0.250000 
  23
0.876254 0.006624 0.046210 
0.110090 0.986465 0.462022 
0.013656 0.006911 0.491768 
0.014142 0.010664 0.012138 0.963056 
0.250000 0.250000 0.250000 0.250000 
  24
0.876254 0.006624 0.046210 
0.110090 0.986465 0.462022 
0.013656 0.006911 0.491768 
0.010664 0.012954 0.014688 0.961694 
0.250000 0.250000 0.250000 0.250000 
  25
0.876254 0.006624 0.046210 
0.110090 0.986465 0.462022 
0.013656 0.006911 0.491768 
0.015791 0.582151 0.010664 0.391395 
0.250000 0.250000 0.250000 0.250000 
  26
0.876254 0.006624 0.046210 
0.110090 0.986465 0.462022 
0.013656 0.006911 0.491768 
0.010664 0.010664 0.961199 0.017473 
0.250000 0.250000 0.250000 0.250000 
  27
0.876254 0.006624 0.046210 
0.110090 0.986465 0.462022 
0.013656 0.006911 0.491768 
0.962387 0.010664 0.016286 0.010664 
0.250000 0.250000 0.250000 0.250000 
  28
0.874969 0.006624 0.046210 
0.111375 0.986465 0.462022 
0.013674 0.006907 0.491768 
0.082730 0.892222 0.010654 0.014394 
0.250000 0.250000 0.250000 0.250000 
  29
0.876095 0.006621 0.046210 
0.110232 0.986472 0.462022 
0.013674 0.006907 0.491768 
0.010654 0.010654 0.029336 0.949356 
0.250000 0.250000 0.250000 0.250000 
  30
0.876095 0.006621 0.046210 
0.110232 0.986472 0.462022 
0.013674 0.006907 0.491768 
0.017343 0.947253 0.010654 0.024751 
0.250000 0.250000 0.250000 0.250000 
  31
0.876095 0.006621 0.046210 
0.110232 0.986472 0.462022 
0.013674 0.006907 0.491768 
0.020963 0.942413 0.010654 0.025969 
0.250000 0.250000 0.250000 0.250000 
  32
0.874482 0.006621 0.046210 
0.111844 0.986472 0.462022 
0.013696 0.006902 0.491768 
0.012225 0.010642 0.019133 0.958000 
0.250000 0.250000 0.250000 0.250000 
  33
0.875895 0.006616 0.046210 
0.110410 0.986482 0.462022 
0.013696 0.006902 0.491768 
0.010642 0.012338 0.018459 0.958561 
0.250000 0.250000 0.250000 0.250000 
  34
0.875895 0.006616 0.046210 
0.110410 0.986482 0.462022 
0.013696 0.006902 0.491768 
0.795857 0.182768 0.010687 0.010687 
0.250000 0.250000 0.250000 0.250000 
  35
0.875895 0.006616 0.046210 
0.110410 0.986482 0.462022 
0.013696 0.006902 0.491768 
0.018552 0.956742 0.010642 0.014064 
0.250000 0.250000 0.250000 0.250000 
  36
0.875895 0.006616 0.046210 
0.110410 0.986482 0.462022 
0.013696 0.006902 0.491768 
0.010642 0.010642 0.952040 0.026676 
0.250000 0.250000 0.250000 0.250000 
  37
0.875895 0.006616 0.046210 
0.110410 0.986482 0.462022 
0.013696 0.006902 0.491768 
0.013174 0.012934 0.957227 0.016664 
0.250000 0.250000 0.250000 0.250000 
  38
0.875895 0.006616 0.046210 
0.110410 0.986482 0.462022 
0.013696 0.006902 0.491768 
0.010642 0.013025 0.019777 0.956556 
0.250000 0.250000 0.250000 0.250000 
  39
0.875895 0.006616 0.046210 
0.110410 0.986482 0.462022 
0.013696 0.006902 0.491768 
0.017623 0.010642 0.011863 0.959872 
0.250000 0.250000 0.250000 0.250000 
  40
0.875895 0.006616 0.046210 
0.110410 0.986482 0.462022 
0.013696 0.006902 0.491768 
0.010642 0.965792 0.010642 0.012924 
0.250000 0.250000 0.250000 0.250000 
  41
0.875895 0.006616 0.046210 
0.110410 0.986482 0.462022 
0.013696 0.006902 0.491768 
0.010642 0.012968 0.014991 0.961399 
0.250000 0.250000 0.250000 0.250000 
  42
0.875895 0.006616 0.046210 
0.110410 0.986482 0.462022 
0.013696 0.006902 0.491768 
0.013025 0.012924 0.029511 0.944541 
0.250000 0.250000 0.250000 0.250000 
  43
0.875895 0.006616 0.046210 
0.110410 0.986482 0.462022 
0.013696 0.006902 0.491768 
0.957403 0.017314 0.012924 0.012360 
0.250000 0.250000 0.250000 0.250000 
  44
0.875895 0.006616 0.046210 
0.110410 0.986482 0.462022 
0.013696 0.006902 0.491768 
0.964741 0.010642 0.010642 0.013975 
0.250000 0.250000 0.250000 0.250000 
  45
0.875895 0.006616 0.046210 
0.110410 0.986482 0.462022 
0.013696 0.006902 0.491768 
0.968047 0.010651 0.010651 0.010651 
0.250000 0.250000 0.250000 0.250000 
  46
0.875895 0.006616 0.046210 
0.110410 0.986482 0.462022 
0.013696 0.006902 0.491768 
0.911753 0.066963 0.010642 0.010642 
0.250000 0.250000 0.250000 0.250000 
  47
0.875895 0.006616 0.046210 
0.110410 0.986482 0.462022 
0.013696 0.006902 0.491768 
0.020431 0.958285 0.010642 0.010642 
0.250000 0.250000 0.250000 0.250000 
  48
0.875895 0.006616 0.046210 
0.110410 0.986482 0.462022 
0.013696 0.006902 0.491768 
0.010655 0.010655 0.016052 0.962637 
0.250000 0.250000 0.250000 0.250000 
  49
0.158932 0.006616 0.046210 
0.827372 0.986482 0.462022 
0.048388 0.005282 0.491768 
0.007080 0.978760 0.007080 0.007080 
0.250000 0.250000 0.250000 0.250000 
  50
0.561523 0.005063 0.046210 
0.390089 0.989655 0.462022 
0.048388 0.005282 0.491768 
0.978760 0.007080 0.007080 0.007080 
0.250000 0.250000 0.250000 0.250000 
  51
0.561523 0.005063 0.046210 
0.390089 0.989655 0.462022 
0.048388 0.005282 0.491768 
0.007080 0.007080 0.020504 0.965336 
0.250000 0.250000 0.250000 0.250000 
  52
0.561523 0.005063 0.046210 
0.390089 0.989655 0.462022 
0.048388 0.005282 0.491768 
0.008272 0.007080 0.977568 0.007080 
0.250000 0.250000 0.250000 0.250000 
  53
0.470984 0.005063 0.046210 
0.480628 0.989655 0.462022 
0.053206 0.005238 0.491768 
0.979011 0.006996 0.006996 0.006996 
0.250000 0.250000 0.250000 0.250000 
  54
0.517871 0.005021 0.046210 
0.428923 0.989741 0.462022 
0.053206 0.005238 0.491768 
0.011088 0.974919 0.006996 0.006996 
0.250000 0.250000 0.250000 0.250000 
  55
0.517871 0.005021 0.046210 
0.428923 0.989741 0.462022 
0.053206 0.005238 0.491768 
0.979011 0.006996 0.006996 0.006996 
0.250000 0.250000 0.250000 0.250000 
  56
0.517871 0.005021 0.046210 
0.428923 0.989741 0.462022 
0.053206 0.005238 0.491768 
0.010241 0.008368 0.006996 0.974395 
0.250000 0.250000 0.250000 0.250000 
  57
0.517871 0.005021 0.046210 
0.428923 0.989741 0.462022 
0.053206 0.005238 0.491768 
0.006996 0.006996 0.016890 0.969117 
0.250000 0.250000 0.250000 0.250000 
  58
0.517871 0.005021 0.046210 
0.428923 0.989741 0.462022 
0.053206 0.005238 0.491768 
0.006996 0.006996 0.006996 0.979011 
0.250000 0.250000 0.250000 0.250000 
  59
0.517871 0.005021 0.046210 
0.428923 0.989741 0.462022 
0.053206 0.005238 0.491768 
0.006996 0.979011 0.006996 0.006996 
0.250000 0.250000 0.250000 0.250000 
  60
0.517871 0.005021 0.046210 
0.428923 0.989741 0.462022 
0.053206 0.005238 0.491768 
0.006996 0.006996 0.977961 0.008047 
0.250000 0.250000 0.250000 0.250000 
  61
0.517871 0.005021 0.046210 
0.428923 0.989741 0.462022 
0.053206 0.005238 0.491768 
0.975342 0.006996 0.010665 0.006996 
0.250000 0.250000 0.250000 0.250000 
  62
0.517871 0.005021 0.046210 
0.428923 0.989741 0.462022 
0.053206 0.005238 0.491768 
0.009278 0.006996 0.006996 0.976729 
0.250000 0.250000 0.250000 0.250000 
  63
0.517871 0.005021 0.046210 
0.428923 0.989741 0.462022 
0.053206 0.005238 0.491768 
0.006996 0.006996 0.011274 0.974733 
0.250000 0.250000 0.250000 0.250000 
  64
0.517871 0.005021 0.046210 
0.428923 0.989741 0.462022 
0.053206 0.005238 0.491768 
0.006996 0.979011 0.006996 0.006996 
0.250000 0.250000 0.250000 0.250000 
  65
0.517871 0.005021 0.046210 
0.428923 0.989741 0.462022 
0.053206 0.005238 0.491768 
0.006996 0.979011 0.006996 0.006996 
0.250000 0.250000 0.250000 0.250000 
  66
0.517871 0.005021 0.046210 
0.428923 0.989741 0.462022 
0.053206 0.005238 0.491768 
0.006996 0.009773 0.018769 0.964461 
0.250000 0.250000 0.250000 0.250000 
  67
0.517871 0.005021 0.046210 
0.428923 0.989741 0.462022 
0.053206 0.005238 0.491768 
0.006996 0.006996 0.006996 0.979011 
0.250000 0.250000 0.250000 0.250000 
  68
0.517871 0.005021 0.046210 
0.428923 0.989741 0.462022 
0.053206 0.005238 0.491768 
0.979011 0.006996 0.006996 0.006996 
0.250000 0.250000 0.250000 0.250000 
  69
0.517871 0.005021 0.046210 
0.428923 0.989741 0.462022 
0.053206 0.005238 0.491768 
0.006996 0.006996 0.974068 0.011939 
0.250000 0.250000 0.250000 0.250000 
  70
0.517871 0.005021 0.046210 
0.428923 0.989741 0.462022 
0.053206 0.005238 0.491768 
0.007933 0.006996 0.978074 0.006996 
0.250000 0.250000 0.250000 0.250000 
  71
0.517871 0.005021 0.046210 
0.428923 0.989741 0.462022 
0.053206 0.005238 0.491768 
0.979011 0.006996 0.006996 0.006996 
0.250000 0.250000 0.250000 0.250000 
  72
0.517871 0.005021 0.046210 
0.428923 0.989741 0.462022 
0.053206 0.005238 0.491768 
0.006996 0.006996 0.006996 0.979011 
0.250000 0.250000 0.250000 0.250000 
  73
0.517871 0.005021 0.046210 
0.428923 0.989741 0.462022 
0.053206 0.005238 0.491768 
0.006996 0.979011 0.006996 0.006996 
0.250000 0.250000 0.250000 0.250000 
  74
0.517871 0.005021 0.046210 
0.428923 0.989741 0.462022 
0.053206 0.005238 0.491768 
0.006996 0.006996 0.979011 0.006996 
0.250000 0.250000 0.250000 0.250000 
  75
0.517871 0.005021 0.046210 
0.428923 0.989741 0.462022 
0.053206 0.005238 0.491768 
0.978136 0.007871 0.006996 0.006996 
0.250000 0.250000 0.250000 0.250000 
  76
0.517871 0.005021 0.046210 
0.428923 0.989741 0.462022 
0.053206 0.005238 0.491768 
0.979011 0.006996 0.006996 0.006996 
0.250000 0.250000 0.250000 0.250000 
  77
0.517871 0.005021 0.046210 
0.428923 0.989741 0.462022 
0.053206 0.005238 0.491768 
0.979011 0.006996 0.006996 0.006996 
0.250000 0.250000 0.250000 0.250000 
  78
0.517871 0.005021 0.046210 
0.428923 0.989741 0.462022 
0.053206 0.005238 0.491768 
0.006996 0.006996 0.979011 0.006996 
0.250000 0.250000 0.250000 0.250000 
  79
0.517871 0.005021 0.046210 
0.428923 0.989741 0.462022 
0.053206 0.005238 0.491768 
0.979011 0.006996 0.006996 0.006996 
0.250000 0.250000 0.250000 0.250000 
  80
0.517871 0.005021 0.046210 
0.428923 0.989741 0.462022 
0.053206 0.005238 0.491768 
0.979011 0.006996 0.006996 0.006996 
0.250000 0.250000 0.250000 0.250000 
  81
0.517871 0.005021 0.046210 
0.428923 0.989741 0.462022 
0.053206 0.005238 0.491768 
0.006996 0.006996 0.973133 0.012875 
0.250000 0.250000 0.250000 0.250000 
  82
0.517871 0.005021 0.046210 
0.428923 0.989741 0.462022 
0.053206 0.005238 0.491768 
0.006996 0.006996 0.006996 0.979011 
0.250000 0.250000 0.250000 0.250000 
  83
0.517871 0.005021 0.046210 
0.428923 0.989741 0.462022 
0.053206 0.005238 0.491768 
0.006996 0.006996 0.975954 0.010053 
0.250000 0.250000 0.250000 0.250000 
  84
0.517871 0.005021 0.046210 
0.428923 0.989741 0.462022 
0.053206 0.005238 0.491768 
0.082566 0.894311 0.006996 0.016126 
0.250000 0.250000 0.250000 0.250000 
  85
0.517871 0.005021 0.046210 
0.428923 0.989741 0.462022 
0.053206 0.005238 0.491768 
0.979011 0.006996 0.006996 0.006996 
0.250000 0.250000 0.250000 0.250000 
  86
0.517871 0.005021 0.046210 
0.428923 0.989741 0.462022 
0.053206 0.005238 0.491768 
0.006996 0.006996 0.979011 0.006996 
0.250000 0.250000 0.250000 0.250000 
  87
0.517871 0.005021 0.046210 
0.428923 0.989741 0.462022 
0.053206 0.005238 0.491768 
0.874352 0.025241 0.009940 0.090467 
0.250000 0.250000 0.250000 0.250000 
  88
0.517871 0.005021 0.046210 
0.428923 0.989741 0.462022 
0.053206 0.005238 0.491768 
0.006996 0.979011 0.006996 0.006996 
0.250000 0.250000 0.250000 0.250000 
  89
0.517871 0.005021 0.046210 
0.428923 0.989741 0.462022 
0.053206 0.005238 0.491768 
0.977639 0.006996 0.006996 0.008368 
0.250000 0.250000 0.250000 0.250000 
  90
0.517871 0.005021 0.046210 
0.428923 0.989741 0.462022 
0.053206 0.005238 0.491768 
0.013464 0.972533 0.007002 0.007002 
0.250000 0.250000 0.250000 0.250000 
  91
0.517871 0.005021 0.046210 
0.428923 0.989741 0.462022 
0.053206 0.005238 0.491768 
0.020984 0.006996 0.965023 0.006996 
0.250000 0.250000 0.250000 0.250000 
  92
0.517871 0.005021 0.046210 
0.428923 0.989741 0.462022 
0.053206 0.005238 0.491768 
0.976350 0.009658 0.006996 0.006996 
0.250000 0.250000 0.250000 0.250000 
  93
0.517871 0.005021 0.046210 
0.428923 0.989741 0.462022 
0.053206 0.005238 0.491768 
0.015954 0.970053 0.006996 0.006996 
0.250000 0.250000 0.250000 0.250000 
  94
0.517871 0.005021 0.046210 
0.428923 0.989741 0.462022 
0.053206 0.005238 0.491768 
0.009428 0.976579 0.006996 0.006996 
0.250000 0.250000 0.250000 0.250000 
  95
0.517871 0.005021 0.046210 
0.428923 0.989741 0.462022 
0.053206 0.005238 0.491768 
0.006996 0.006996 0.006996 0.979011 
0.250000 0.250000 0.250000 0.250000 
  96
0.517871 0.005021 0.046210 
0.428923 0.989741 0.462022 
0.053206 0.005238 0.491768 
0.006996 0.006996 0.011677 0.974331 
0.250000 0.250000 0.250000 0.250000 
  97
0.517871 0.005021 0.046210 
0.428923 0.989741 0.462022 
0.053206 0.005238 0.491768 
0.006996 0.979011 0.006996 0.006996 
0.250000 0.250000 0.250000 0.250000 
  98
0.517871 0.005021 0.046210 
0.428923 0.989741 0.462022 
0.053206 0.005238 0.491768 
0.979011 0.006996 0.006996 0.006996 
0.250000 0.250000 0.250000 0.250000 
  99
0.517871 0.005021 0.046210 
0.428923 0.989741 0.462022 
0.053206 0.005238 0.491768 
0.006996 0.006996 0.975712 0.010295 
0.250000 0.250000 0.250000 0.250000 
 100
0.517871 0.005021 0.046210 
0.428923 0.989741 0.462022 
0.053206 0.005238 0.491768 
0.979011 0.006996 0.006996 0.006996 
0.250000 0.250000 0.250000 0.250000 
 101
0.517871 0.005021 0.046210 
0.428923 0.989741 0.462022 
0.053206 0.005238 0.491768 
0.006996 0.006996 0.979011 0.006996 
0.250000 0.250000 0.250000 0.250000 
 102
0.517871 0.005021 0.046210 
0.428923 0.989741 0.462022 
0.053206 0.005238 0.491768 
0.296287 0.688451 0.006996 0.008265 
0.250000 0.250000 0.250000 0.250000 
 103
0.517871 0.005021 0.046210 
0.428923 0.989741 0.462022 
0.053206 0.005238 0.491768 
0.979011 0.006996 0.006996 0.006996 
0.250000 0.250000 0.250000 0.250000 
 104
0.517871 0.005021 0.046210 
0.428923 0.989741 0.462022 
0.053206 0.005238 0.491768 
0.006996 0.006996 0.006996 0.979011 
0.250000 0.250000 0.250000 0.250000 
 105
0.517871 0.005021 0.046210 
0.428923 0.989741 0.462022 
0.053206 0.005238 0.491768 
0.973869 0.008015 0.006996 0.011120 
0.250000 0.250000 0.250000 0.250000 
 106
0.456349 0.005021 0.046210 
0.490446 0.989741 0.462022 
0.056694 0.005211 0.491768 
0.977197 0.006946 0.008911 0.006946 
0.250000 0.250000 0.250000 0.250000 
 107
0.486265 0.004995 0.046210 
0.457041 0.989793 0.462022 
0.056694 0.005211 0.491768 
0.006946 0.006946 0.006946 0.979163 
0.250000 0.250000 0.250000 0.250000 
 108
0.486265 0.004995 0.046210 
0.457041 0.989793 0.462022 
0.056694 0.005211 0.491768 
0.007977 0.975866 0.006946 0.009211 
0.250000 0.250000 0.250000 0.250000 
 109
0.486265 0.004995 0.046210 
0.457041 0.989793 0.462022 
0.056694 0.005211 0.491768 
0.006946 0.979163 0.006946 0.006946 
0.250000 0.250000 0.250000 0.250000 
 110
0.486265 0.004995 0.046210 
0.457041 0.989793 0.462022 
0.056694 0.005211 0.491768 
0.979163 0.006946 0.006946 0.006946 
0.250000 0.250000 0.250000 0.250000 
 111
0.486265 0.004995 0.046210 
0.457041 0.989793 0.462022 
0.056694 0.005211 0.491768 
0.967640 0.018469 0.006946 0.006946 
0.250000 0.250000 0.250000 0.250000 
 112
0.486265 0.004995 0.046210 
0.457041 0.989793 0.462022 
0.056694 0.005211 0.491768 
0.979163 0.006946 0.006946 0.006946 
0.250000 0.250000 0.250000 0.250000 
 113
0.486265 0.004995 0.046210 
0.457041 0.989793 0.462022 
0.056694 0.005211 0.491768 
0.977994 0.008115 0.006946 0.006946 
0.250000 0.250000 0.250000 0.250000 
 114
0.486265 0.004995 0.046210 
0.457041 0.989793 0.462022 
0.056694 0.005211 0.491768 
0.943775 0.042334 0.006946 0.006946 
0.250000 0.250000 0.250000 0.250000 
 115
0.486265 0.004995 0.046210 
0.457041 0.989793 0.462022 
0.056694 0.005211 0.491768 
0.979163 0.006946 0.006946 0.006946 
0.250000 0.250000 0.250000 0.250000 
 116
0.486265 0.004995 0.046210 
0.457041 0.989793 0.462022 
0.056694 0.005211 0.491768 
0.979163 0.006946 0.006946 0.006946 
0.250000 0.250000 0.250000 0.250000 
 117
0.486265 0.004995 0.046210 
0.457041 0.989793 0.462022 
0.056694 0.005211 0.491768 
0.006958 0.006958 0.971671 0.014414 
0.250000 0.250000 0.250000 0.250000 
 118
0.486265 0.004995 0.046210 
0.457041 0.989793 0.462022 
0.056694 0.005211 0.491768 
0.006946 0.979163 0.006946 0.006946 
0.250000 0.250000 0.250000 0.250000 
 119
0.486265 0.004995 0.046210 
0.457041 0.989793 0.462022 
0.056694 0.005211 0.491768 
0.009445 0.006946 0.006946 0.976663 
0.250000 0.250000 0.250000 0.250000 
 120
0.486265 0.004995 0.046210 
0.457041 0.989793 0.462022 
0.056694 0.005211 0.491768 
0.006946 0.006946 0.974617 0.011492 
0.250000 0.250000 0.250000 0.250000 
 121
0.486265 0.004995 0.046210 
0.457041 0.989793 0.462022 
0.056694 0.005211 0.491768 
0.979163 0.006946 0.006946 0.006946 
0.250000 0.250000 0.250000 0.250000 
 122
0.486265 0.004995 0.046210 
0.457041 0.989793 0.462022 
0.056694 0.005211 0.491768 
0.006946 0.006946 0.979163 0.006946 
0.250000 0.250000 0.250000 0.250000 
 123
0.486265 0.004995 0.046210 
0.457041 0.989793 0.462022 
0.056694 0.005211 0.491768 
0.006946 0.006946 0.008342 0.977767 
0.250000 0.250000 0.250000 0.250000 
 124
0.486265 0.004995 0.046210 
0.457041 0.989793 0.462022 
0.056694 0.005211 0.491768 
0.006946 0.979163 0.006946 0.006946 
0.250000 0.250000 0.250000 0.250000 
 125
0.486265 0.004995 0.046210 
0.457041 0.989793 0.462022 
0.056694 0.005211 0.491768 
0.006946 0.006946 0.006946 0.979163 
0.250000 0.250000 0.250000 0.250000 
 126
0.486265 0.004995 0.046210 
0.457041 0.989793 0.462022 
0.056694 0.005211 0.491768 
0.006946 0.006946 0.024440 0.961668 
0.250000 0.250000 0.250000 0.250000 
 127
0.486265 0.004995 0.046210 
0.457041 0.989793 0.462022 
0.056694 0.005211 0.491768 
0.979163 0.006946 0.006946 0.006946 
0.250000 0.250000 0.250000 0.250000 
 128
0.486265 0.004995 0.046210 
0.457041 0.989793 0.462022 
0.056694 0.005211 0.491768 
0.006946 0.006946 0.979163 0.006946 
0.250000 0.250000 0.250000 0.250000 
 129
0.486265 0.004995 0.046210 
0.457041 0.989793 0.462022 
0.056694 0.005211 0.491768 
0.713764 0.270791 0.006946 0.008499 
0.250000 0.250000 0.250000 0.250000 
 130
0.486265 0.004995 0.046210 
0.457041 0.989793 0.462022 
0.056694 0.005211 0.491768 
0.006946 0.006946 0.979163 0.006946 
0.250000 0.250000 0.250000 0.250000 
 131
0.486265 0.004995 0.046210 
0.457041 0.989793 0.462022 
0.056694 0.005211 0.491768 
0.977819 0.008290 0.006946 0.006946 
0.250000 0.250000 0.250000 0.250000 
 132
0.486265 0.004995 0.046210 
0.457041 0.989793 0.462022 
0.056694 0.005211 0.491768 
0.007710 0.011795 0.008778 0.971718 
0.250000 0.250000 0.250000 0.250000 
 133
0.486265 0.004995 0.046210 
0.457041 0.989793 0.462022 
0.056694 0.005211 0.491768 
0.009430 0.975898 0.006946 0.007726 
0.250000 0.250000 0.250000 0.250000 
 134
0.486265 0.004995 0.046210 
0.457041 0.989793 0.462022 
0.056694 0.005211 0.491768 
0.006946 0.006946 0.979163 0.006946 
0.250000 0.250000 0.250000 0.250000 
 135
0.486265 0.004995 0.046210 
0.457041 0.989793 0.462022 
0.056694 0.005211 0.491768 
0.007815 0.006958 0.880098 0.105130 
0.250000 0.250000 0.250000 0.250000 
 136
0.486265 0.004995 0.046210 
0.457041 0.989793 0.462022 
0.056694 0.005211 0.491768 
0.009858 0.006946 0.976250 0.006946 
0.250000 0.250000 0.250000 0.250000 
 137
0.486265 0.004995 0.046210 
0.457041 0.989793 0.462022 
0.056694 0.005211 0.491768 
0.969167 0.016942 0.006946 0.006946 
0.250000 0.250000 0.250000 0.250000 
 138
0.486265 0.004995 0.046210 
0.457041 0.989793 0.462022 
0.056694 0.005211 0.491768 
0.972355 0.013754 0.006946 0.006946 
0.250000 0.250000 0.250000 0.250000 
 139
0.486265 0.004995 0.046210 
0.457041 0.989793 0.462022 
0.056694 0.005211 0.491768 
0.019656 0.966453 0.006946 0.006946 
0.250000 0.250000 0.250000 0.250000 
 140
0.486265 0.004995 0.046210 
0.457041 0.989793 0.462022 
0.056694 0.005211 0.491768 
0.979163 0.006946 0.006946 0.006946 
0.250000 0.250000 0.250000 0.250000 
 141
0.486265 0.004995 0.046210 
0.457041 0.989793 0.462022 
0.056694 0.005211 0.491768 
0.006946 0.006946 0.976052 0.010057 
0.250000 0.250000 0.250000 0.250000 
 142
0.486265 0.004995 0.046210 
0.457041 0.989793 0.462022 
0.056694 0.005211 0.491768 
0.979163 0.006946 0.006946 0.006946 
0.250000 0.250000 0.250000 0.250000 
 143
0.486265 0.004995 0.046210 
0.457041 0.989793 0.462022 
0.056694 0.005211 0.491768 
0.006946 0.006946 0.006946 0.979163 
0.250000 0.250000 0.250000 0.250000 
 144
0.486265 0.004995 0.046210 
0.457041 0.989793 0.462022 
0.056694 0.005211 0.491768 
0.977663 0.006946 0.006946 0.008445 
0.250000 0.250000 0.250000 0.250000 
 145
0.486265 0.004995 0.046210 
0.457041 0.989793 0.462022 
0.056694 0.005211 0.491768 
0.006946 0.009445 0.975667 0.007942 
0.250000 0.250000 0.250000 0.250000 
 146
0.486265 0.004995 0.046210 
0.457041 0.989793 0.462022 
0.056694 0.005211 0.491768 
0.006946 0.006946 0.006946 0.979163 
0.250000 0.250000 0.250000 0.250000 
 147
0.486265 0.006593 0.046210 
0.457041 0.988196 0.462022 
0.055556 0.005220 0.491768 
0.022804 0.963273 0.006961 0.006961 
0.250000 0.250000 0.250000 0.250000 
 148
0.476509 0.005003 0.046210 
0.467935 0.989777 0.462022 
0.056694 0.005211 0.491768 
0.006946 0.979163 0.006946 0.006946 
0.250000 0.250000 0.250000 0.250000 
 149
0.486265 0.004995 0.046210 
0.457041 0.989793 0.462022 
0.056694 0.005211 0.491768 
0.978244 0.007865 0.006946 0.006946 
0.250000 0.250000 0.250000 0.250000 
 150
0.486265 0.004995 0.046210 
0.457041 0.989793 0.462022 
0.056694 0.005211 0.491768 
0.974480 0.011629 0.006946 0.006946 
0.250000 0.250000 0.250000 0.250000 
 151
0.486265 0.004995 0.046210 
0.457041 0.989793 0.462022 
0.056694 0.005211 0.491768 
0.979163 0.006946 0.006946 0.006946 
0.250000 0.250000 0.250000 0.250000 
 152
0.486265 0.004995 0.046210 
0.457041 0.989793 0.462022 
0.056694 0.005211 0.491768 
0.971509 0.014600 0.006946 0.006946 
0.250000 0.250000 0.250000 0.250000 
 153
0.486265 0.004995 0.046210 
0.457041 0.989793 0.462022 
0.056694 0.005211 0.491768 
0.022315 0.963793 0.006946 0.006946 
0.250000 0.250000 0.250000 0.250000 
 154
0.486265 0.004995 0.046210 
0.457041 0.989793 0.462022 
0.056694 0.005211 0.491768 
0.977818 0.008290 0.006946 0.006946 
0.250000 0.250000 0.250000 0.250000 
 155
0.486265 0.004995 0.046210 
0.457041 0.989793 0.462022 
0.056694 0.005211 0.491768 
0.012132 0.006946 0.973976 0.006946 
0.250000 0.250000 0.250000 0.250000 
 156
0.486265 0.004995 0.046210 
0.457041 0.989793 0.462022 
0.056694 0.005211 0.491768 
0.975997 0.010111 0.006946 0.006946 
0.250000 0.250000 0.250000 0.250000 
 157
0.486265 0.004995 0.046210 
0.457041 0.989793 0.462022 
0.056694 0.005211 0.491768 
0.006946 0.006946 0.978228 0.007880 
0.250000 0.250000 0.250000 0.250000 
 158
0.486265 0.004995 0.046210 
0.457041 0.989793 0.462022 
0.056694 0.005211 0.491768 
0.979163 0.006946 0.006946 0.006946 
0.250000 0.250000 0.250000 0.250000 
 159
0.486265 0.004995 0.046210 
0.457041 0.989793 0.462022 
0.056694 0.005211 0.491768 
0.006946 0.006946 0.976537 0.009572 
0.250000 0.250000 0.250000 0.250000 
 160
0.486265 0.004995 0.046210 
0.457041 0.989793 0.462022 
0.056694 0.005211 0.491768 
0.979163 0.006946 0.006946 0.006946 
0.250000 0.250000 0.250000 0.250000 
 161
0.486265 0.004995 0.046210 
0.457041 0.989793 0.462022 
0.056694 0.005211 0.491768 
0.979163 0.006946 0.006946 0.006946 
0.250000 0.250000 0.250000 0.250000 
 162
0.486265 0.004995 0.046210 
0.457041 0.989793 0.462022 
0.056694 0.005211 0.491768 
0.011071 0.008205 0.960308 0.020416 
0.250000 0.250000 0.250000 0.250000 
 163
0.486265 0.004995 0.046210 
0.457041 0.989793 0.462022 
0.056694 0.005211 0.491768 
0.016750 0.969358 0.006946 0.006946 
0.250000 0.250000 0.250000 0.250000 
 164
0.486265 0.004995 0.046210 
0.457041 0.989793 0.462022 
0.056694 0.005211 0.491768 
0.008221 0.977888 0.006946 0.006946 
0.250000 0.250000 0.250000 0.250000 
 165
0.486265 0.004995 0.046210 
0.457041 0.989793 0.462022 
0.056694 0.005211 0.491768 
0.070117 0.914787 0.006968 0.008128 
0.250000 0.250000 0.250000 0.250000 
 166
0.486265 0.004995 0.046210 
0.457041 0.989793 0.462022 
0.056694 0.005211 0.491768 
0.979163 0.006946 0.006946 0.006946 
0.250000 0.250000 0.250000 0.250000 
 167
0.486265 0.004995 0.046210 
0.457041 0.989793 0.462022 
0.056694 0.005211 0.491768 
0.407475 0.573399 0.006946 0.012181 
0.250000 0.250000 0.250000 0.250000 
 168
0.486265 0.004995 0.046210 
0.457041 0.989793 0.462022 
0.056694 0.005211 0.491768 
0.039908 0.946190 0.006951 0.006951 
0.250000 0.250000 0.250000 0.250000 
 169
0.486265 0.004995 0.046210 
0.457041 0.989793 0.462022 
0.056694 0.005211 0.491768 
0.006946 0.006946 0.979163 0.006946 
0.250000 0.250000 0.250000 0.250000 
 170
0.486265 0.004995 0.046210 
0.457041 0.989793 0.462022 
0.056694 0.005211 0.491768 
0.006946 0.006946 0.007877 0.978232 
0.250000 0.250000 0.250000 0.250000 
 171
0.486265 0.004995 0.046210 
0.457041 0.989793 0.462022 
0.056694 0.005211 0.491768 
0.013174 0.006946 0.967858 0.012022 
0.250000 0.250000 0.250000 0.250000 
 172
0.486265 0.004995 0.046210 
0.457041 0.989793 0.462022 
0.056694 0.005211 0.491768 
0.006946 0.006946 0.006946 0.979163 
0.250000 0.250000 0.250000 0.250000 
 173
0.486265 0.004995 0.046210 
0.457041 0.989793 0.462022 
0.056694 0.005211 0.491768 
0.006946 0.979163 0.006946 0.006946 
0.250000 0.250000 0.250000 0.250000 
 174
0.486265 0.004995 0.046210 
0.457041 0.989793 0.462022 
0.056694 0.005211 0.491768 
0.006951 0.006951 0.972405 0.013693 
0.250000 0.250000 0.250000 0.250000 
 175
0.486265 0.004995 0.046210 
0.457041 0.989793 0.462022 
0.056694 0.005211 0.491768 
0.027643 0.956956 0.008455 0.006946 
0.250000 0.250000 0.250000 0.250000 
 176
0.486265 0.004995 0.046210 
0.457041 0.989793 0.462022 
0.056694 0.005211 0.491768 
0.979163 0.006946 0.006946 0.006946 
0.250000 0.250000 0.250000 0.250000 
 177
0.486265 0.004995 0.046210 
0.457041 0.989793 0.462022 
0.056694 0.005211 0.491768 
0.006946 0.006946 0.007854 0.978254 
0.250000 0.250000 0.250000 0.250000 
 178
0.486265 0.004995 0.046210 
0.457041 0.989793 0.462022 
0.056694 0.005211 0.491768 
0.006946 0.006946 0.968905 0.017204 
0.250000 0.250000 0.250000 0.250000 
 179
0.486265 0.004995 0.046210 
0.457041 0.989793 0.462022 
0.056694 0.005211 0.491768 
0.006946 0.009445 0.006946 0.976663 
0.250000 0.250000 0.250000 0.250000 
 180
0.486265 0.004995 0.046210 
0.457041 0.989793 0.462022 
0.056694 0.005211 0.491768 
0.020248 0.965860 0.006946 0.006946 
0.250000 0.250000 0.250000 0.250000 
 181
0.486265 0.004995 0.046210 
0.457041 0.989793 0.462022 
0.056694 0.005211 0.491768 
0.979163 0.006946 0.006946 0.006946 
0.250000 0.250000 0.250000 0.250000 
 182
0.486265 0.004995 0.046210 
0.457041 0.989793 0.462022 
0.056694 0.005211 0.491768 
0.979163 0.006946 0.006946 0.006946 
0.250000 0.250000 0.250000 0.250000 
 183
0.486265 0.004995 0.046210 
0.457041 0.989793 0.462022 
0.056694 0.005211 0.491768 
0.008256 0.006946 0.009316 0.975482 
0.250000 0.250000 0.250000 0.250000 
 184
0.486265 0.004995 0.046210 
0.457041 0.989793 0.462022 
0.056694 0.005211 0.491768 
0.006946 0.979163 0.006946 0.006946 
0.250000 0.250000 0.250000 0.250000 
 185
0.486265 0.004995 0.046210 
0.457041 0.989793 0.462022 
0.056694 0.005211 0.491768 
0.006946 0.979163 0.006946 0.006946 
0.250000 0.250000 0.250000 0.250000 
 186
0.486265 0.004995 0.046210 
0.457041 0.989793 0.462022 
0.056694 0.005211 0.491768 
0.935987 0.049153 0.006950 0.007910 
0.250000 0.250000 0.250000 0.250000 
 187
0.486265 0.004995 0.046210 
0.457041 0.989793 0.462022 
0.056694 0.005211 0.491768 
0.006946 0.978062 0.006946 0.008047 
0.250000 0.250000 0.250000 0.250000 
 188
0.486265 0.004995 0.046210 
0.457041 0.989793 0.462022 
0.056694 0.005211 0.491768 
0.006946 0.011071 0.006946 0.975037 
0.250000 0.250000 0.250000 0.250000 
 189
0.486265 0.004995 0.046210 
0.457041 0.989793 0.462022 
0.056694 0.005211 0.491768 
0.050086 0.936013 0.006951 0.006951 
0.250000 0.250000 0.250000 0.250000 
 190
0.486265 0.004995 0.046210 
0.457041 0.989793 0.462022 
0.056694 0.005211 0.491768 
0.975037 0.011071 0.006946 0.006946 
0.250000 0.250000 0.250000 0.250000 
 191
0.486265 0.004995 0.046210 
0.457041 0.989793 0.462022 
0.056694 0.005211 0.491768 
0.972854 0.013254 0.006946 0.006946 
0.250000 0.250000 0.250000 0.250000 
 192
0.486265 0.004995 0.046210 
0.457041 0.989793 0.462022 
0.056694 0.005211 0.491768 
0.970283 0.015816 0.006951 0.006951 
0.250000 0.250000 0.250000 0.250000 
 193
0.486265 0.004995 0.046210 
0.457041 0.989793 0.462022 
0.056694 0.005211 0.491768 
0.006946 0.006946 0.979163 0.006946 
0.250000 0.250000 0.250000 0.250000 
 194
0.486265 0.004995 0.046210 
0.457041 0.989793 0.462022 
0.056694 0.005211 0.491768 
0.006946 0.006946 0.979163 0.006946 
0.250000 0.250000 0.250000 0.250000 
 195
0.486265 0.004995 0.046210 
0.457041 0.989793 0.462022 
0.056694 0.005211 0.491768 
0.019069 0.006946 0.010303 0.963682 
0.250000 0.250000 0.250000 0.250000 
 196
0.486265 0.004995 0.046210 
0.457041 0.989793 0.462022 
0.056694 0.005211 0.491768 
0.006946 0.006946 0.974427 0.011682 
0.250000 0.250000 0.250000 0.250000 
 197
0.486265 0.004995 0.046210 
0.457041 0.989793 0.462022 
0.056694 0.005211 0.491768 
0.006946 0.006946 0.006946 0.979163 
0.250000 0.250000 0.250000 0.250000 
 198
0.486265 0.004995 0.046210 
0.457041 0.989793 0.462022 
0.056694 0.005211 0.491768 
0.013442 0.968541 0.006946 0.011071 
0.250000 0.250000 0.250000 0.250000 
 199
0.486265 0.004995 0.046210 
0.457041 0.989793 0.462022 
0.056694 0.005211 0.491768 
0.929423 0.056665 0.006956 0.006956 
0.250000 0.250000 0.250000 0.250000 
 200
0.486265 0.004995 0.046210 
0.457041 0.989793 0.462022 
0.056694 0.005211 0.491768 
0.011071 0.006946 0.006946 0.975037 
0.250000 0.250000 0.250000 0.250000 
 201
0.486265 0.004995 0.046210 
0.457041 0.989793 0.462022 
0.056694 0.005211 0.491768 
0.006946 0.007720 0.008697 0.976638 
0.250000 0.250000 0.250000 0.250000 
 202
0.486265 0.004995 0.046210 
0.457041 0.989793 0.462022 
0.056694 0.005211 0.491768 
0.006946 0.006946 0.015356 0.970753 
0.250000 0.250000 0.250000 0.250000 
 203
0.486265 0.004995 0.046210 
0.457041 0.989793 0.462022 
0.056694 0.005211 0.491768 
0.006946 0.006946 0.006946 0.979163 
0.250000 0.250000 0.250000 0.250000 
 204
0.486265 0.004995 0.046210 
0.457041 0.989793 0.462022 
0.056694 0.005211 0.491768 
0.923058 0.058925 0.006946 0.011071 
0.250000 0.250000 0.250000 0.250000 
 205
0.486265 0.004995 0.046210 
0.457041 0.989793 0.462022 
0.056694 0.005211 0.491768 
0.979163 0.006946 0.006946 0.006946 
0.250000 0.250000 0.250000 0.250000 
 206
0.486265 0.004995 0.046210 
0.457041 0.989793 0.462022 
0.056694 0.005211 0.491768 
0.976008 0.009305 0.007742 0.006946 
0.250000 0.250000 0.250000 0.250000 
 207
0.486265 0.004995 0.046210 
0.457041 0.989793 0.462022 
0.056694 0.005211 0.491768 
0.028728 0.955483 0.006946 0.008843 
0.250000 0.250000 0.250000 0.250000 
 208
0.486265 0.004995 0.046210 
0.457041 0.989793 0.462022 
0.056694 0.005211 0.491768 
0.154380 0.831686 0.006967 0.006967 
0.250000 0.250000 0.250000 0.250000 
 209
0.486265 0.004995 0.046210 
0.457041 0.989793 0.462022 
0.056694 0.005211 0.491768 
0.979163 0.006946 0.006946 0.006946 
0.250000 0.250000 0.250000 0.250000 
 210
0.486265 0.004995 0.046210 
0.457041 0.989793 0.462022 
0.056694 0.005211 0.491768 
0.006946 0.006946 0.009908 0.976201 
0.250000 0.250000 0.250000 0.250000 
 211
0.486265 0.004995 0.046210 
0.457041 0.989793 0.462022 
0.056694 0.005211 0.491768 
0.006946 0.006946 0.006946 0.979163 
0.250000 0.250000 0.250000 0.250000 
 212
0.486265 0.004995 0.046210 
0.457041 0.989793 0.462022 
0.056694 0.005211 0.491768 
0.006946 0.979163 0.006946 0.006946 
0.250000 0.250000 0.250000 0.250000 
 213
0.486265 0.004995 0.046210 
0.457041 0.989793 0.462022 
0.056694 0.005211 0.491768 
0.006946 0.006946 0.008809 0.977299 
0.250000 0.250000 0.250000 0.250000 
 214
0.486265 0.004995 0.046210 
0.457041 0.989793 0.462022 
0.056694 0.005211 0.491768 
0.979163 0.006946 0.006946 0.006946 
0.250000 0.250000 0.250000 0.250000 
 215
0.486265 0.004995 0.046210 
0.457041 0.989793 0.462022 
0.056694 0.005211 0.491768 
0.007977 0.977030 0.006946 0.008047 
0.250000 0.250000 0.250000 0.250000 
 216
0.486265 0.004995 0.046210 
0.457041 0.989793 0.462022 
0.056694 0.005211 0.491768 
0.006946 0.006946 0.011439 0.974669 
0.250000 0.250000 0.250000 0.250000 
 217
0.486265 0.004995 0.046210 
0.457041 0.989793 0.462022 
0.056694 0.005211 0.491768 
0.006946 0.979163 0.006946 0.006946 
0.250000 0.250000 0.250000 0.250000 
 218
0.486265 0.004995 0.046210 
0.457041 0.989793 0.462022 
0.056694 0.005211 0.491768 
0.006946 0.006946 0.006946 0.979163 
0.250000 0.250000 0.250000 0.250000 
 219
0.486265 0.004995 0.046210 
0.457041 0.989793 0.462022 
0.056694 0.005211 0.491768 
0.954125 0.027837 0.006958 0.011080 
0.250000 0.250000 0.250000 0.250000 
 220
0.486265 0.004995 0.046210 
0.457041 0.989793 0.462022 
0.056694 0.005211 0.491768 
0.012103 0.973041 0.006946 0.007911 
0.250000 0.250000 0.250000 0.250000 
 221
0.486265 0.004995 0.046210 
0.457041 0.989793 0.462022 
0.056694 0.005211 0.491768 
0.006946 0.006946 0.979163 0.006946 
0.250000 0.250000 0.250000 0.250000 
 222
0.486265 0.004995 0.046210 
0.457041 0.989793 0.462022 
0.056694 0.005211 0.491768 
0.019201 0.006946 0.008503 0.965350 
0.250000 0.250000 0.250000 0.250000 
 223
0.486265 0.004995 0.046210 
0.457041 0.989793 0.462022 
0.056694 0.005211 0.491768 
0.006946 0.979163 0.006946 0.006946 
0.250000 0.250000 0.250000 0.250000 
 224
0.486265 0.004995 0.046210 
0.457041 0.989793 0.462022 
0.056694 0.005211 0.491768 
0.006946 0.979163 0.006946 0.006946 
0.250000 0.250000 0.250000 0.250000 
 225
0.486265 0.004995 0.046210 
0.457041 0.989793 0.462022 
0.056694 0.005211 0.491768 
0.960163 0.025946 0.006946 0.006946 
0.250000 0.250000 0.250000 0.250000 
 226
0.486265 0.004995 0.046210 
0.457041 0.989793 0.462022 
0.056694 0.005211 0.491768 
0.006946 0.006946 0.006946 0.979163 
0.250000 0.250000 0.250000 0.250000 
 227
0.486265 0.004995 0.046210 
0.457041 0.989793 0.462022 
0.056694 0.005211 0.491768 
0.006946 0.979163 0.006946 0.006946 
0.250000 0.250000 0.250000 0.250000 
 228
0.486265 0.004995 0.046210 
0.457041 0.989793 0.462022 
0.056694 0.005211 0.491768 
0.006946 0.979163 0.006946 0.006946 
0.250000 0.250000 0.250000 0.250000 
 229
0.486265 0.004995 0.046210 
0.457041 0.989793 0.462022 
0.056694 0.005211 0.491768 
0.006946 0.011071 0.972737 0.009246 
0.250000 0.250000 0.250000 0.250000 
 230
0.486265 0.004995 0.046210 
0.457041 0.989793 0.462022 
0.056694 0.005211 0.491768 
0.006946 0.006946 0.006946 0.979163 
0.250000 0.250000 0.250000 0.250000 
 231
0.486265 0.004995 0.046210 
0.457041 0.989793 0.462022 
0.056694 0.005211 0.491768 
0.006946 0.006946 0.042728 0.943381 
0.250000 0.250000 0.250000 0.250000 
 232
0.486265 0.004995 0.046210 
0.457041 0.989793 0.462022 
0.056694 0.005211 0.491768 
0.006946 0.006946 0.979163 0.006946 
0.250000 0.250000 0.250000 0.250000 
 233
0.486265 0.004995 0.046210 
0.457041 0.989793 0.462022 
0.056694 0.005211 0.491768 
0.009893 0.006946 0.006946 0.976216 
0.250000 0.250000 0.250000 0.250000 
 234
0.486265 0.004995 0.046210 
0.457041 0.989793 0.462022 
0.056694 0.005211 0.491768 
0.006946 0.006946 0.008238 0.977871 
0.250000 0.250000 0.250000 0.250000 
 235
0.486265 0.004995 0.046210 
0.457041 0.989793 0.462022 
0.056694 0.005211 0.491768 
