%  SAM: /scicomp/home/yfa9/CDC_projects/Mol_genetic_analysis/Nomenclature/B_HA_Nomenclature/All_v4/label/LABEL_RES/scripts/modelfromalign_Linux v3.5 (July 15, 2005) compiled 12/08/06_16:15:55
%  (c) 1992-2001 Regents of the University of California, Santa Cruz
%
%          Sequence Alignment and Modeling Software System
%         http://www.cse.ucsc.edu/research/compbio/sam.html
%
% ----------------- Citations (SAM, SAM-T2K, HMMs) --------------------
% R. Hughey, A. Krogh, Hidden Markov models for sequence analysis:
%  Extension and analysis of the basic method, CABIOS 12:95-107, 1996.
% K. Karplus, et al., What is the value added by human intervention in protein
%  structure prediction, Proteins: Stucture, Function, Genetics 45(S5):86--91, 2001.
% A. Krogh et al., Hidden Markov models in computational biology:
%  Applications to protein modeling, JMB 235:1501-1531, Feb 1994.
% ---------------------------------------------------------------------
%  vic1A_hmm   Host: node4.hpc.biotech.cdc.gov    Fri Jul 22 14:54:21 2016
%  yfa9        Dir:  /scicomp/home/yfa9/CDC_projects/Mol_genetic_analysis/Nomenclature/B_HA_Nomenclature/All_v4/Influ_B_HA/c-vic1A-vic1B-vicOld/c-vic1A-vic1B
% ---------------------------------------------------------------------
%  Alignment weights from internal calc.  Total (52.13) Max (0.09) Min (0.01)
%  Weights from alignment method 1 (karplus), b=-1.000000, e=0.500000
MODEL --  Model from alignment file /scicomp/home/yfa9/CDC_projects/Mol_genetic_analysis/Nomenclature/B_HA_Nomenclature/All_v4/label/LABEL_RES/training_data/InfluB_v1/c-vic1A-vic1B-vicOld/c-vic1A-vic1B/vic1A.fasta
alphabet DNA
FREQAVE
0.000000 0.000000 0.000000 
0.000000 0.000000 0.000000 
0.000000 0.000000 0.000000 
0.336991 0.216946 0.218000 0.228063 
0.336991 0.216946 0.218000 0.228063 
Begin
0.000000 0.000000 0.000000 
0.000000 0.000000 0.000000 
0.000000 0.003901 0.491768 
0.250000 0.250000 0.250000 0.250000 
0.250000 0.250000 0.250000 0.250000 
   1
0.000000 0.003739 0.046210 
0.000000 0.992359 0.462022 
0.057405 0.003901 0.491768 
0.985885 0.004705 0.004705 0.004705 
0.250000 0.250000 0.250000 0.250000 
   2
0.479817 0.003739 0.046210 
0.462778 0.992359 0.462022 
0.057405 0.003901 0.491768 
0.004705 0.004705 0.004705 0.985885 
0.250000 0.250000 0.250000 0.250000 
   3
0.479817 0.003739 0.046210 
0.462778 0.992359 0.462022 
0.057405 0.003901 0.491768 
0.004705 0.985885 0.004705 0.004705 
0.250000 0.250000 0.250000 0.250000 
   4
0.479817 0.003739 0.046210 
0.462778 0.992359 0.462022 
0.057405 0.003901 0.491768 
0.981475 0.008497 0.005323 0.004705 
0.250000 0.250000 0.250000 0.250000 
   5
0.479817 0.003739 0.046210 
0.462778 0.992359 0.462022 
0.057405 0.003901 0.491768 
0.985317 0.004705 0.005273 0.004705 
0.250000 0.250000 0.250000 0.250000 
   6
0.479817 0.003739 0.046210 
0.462778 0.992359 0.462022 
0.057405 0.003901 0.491768 
0.007767 0.982823 0.004705 0.004705 
0.250000 0.250000 0.250000 0.250000 
   7
0.479817 0.003739 0.046210 
0.462778 0.992359 0.462022 
0.057405 0.003901 0.491768 
0.007174 0.983416 0.004705 0.004705 
0.250000 0.250000 0.250000 0.250000 
   8
0.479817 0.003739 0.046210 
0.462778 0.992359 0.462022 
0.057405 0.003901 0.491768 
0.004705 0.004705 0.985317 0.005273 
0.250000 0.250000 0.250000 0.250000 
   9
0.479817 0.003739 0.046210 
0.462778 0.992359 0.462022 
0.057405 0.003901 0.491768 
0.985069 0.004705 0.004705 0.005521 
0.250000 0.250000 0.250000 0.250000 
  10
0.479817 0.003739 0.046210 
0.462778 0.992359 0.462022 
0.057405 0.003901 0.491768 
0.984999 0.005151 0.004705 0.005146 
0.250000 0.250000 0.250000 0.250000 
  11
0.479817 0.003739 0.046210 
0.462778 0.992359 0.462022 
0.057405 0.003901 0.491768 
0.004706 0.004706 0.005307 0.985281 
0.250000 0.250000 0.250000 0.250000 
  12
0.479817 0.003739 0.046210 
0.462778 0.992359 0.462022 
0.057405 0.003901 0.491768 
0.984907 0.005149 0.004705 0.005239 
0.250000 0.250000 0.250000 0.250000 
  13
0.479817 0.003739 0.046210 
0.462778 0.992359 0.462022 
0.057405 0.003901 0.491768 
0.985344 0.005244 0.004706 0.004706 
0.250000 0.250000 0.250000 0.250000 
  14
0.479817 0.003739 0.046210 
0.462778 0.992359 0.462022 
0.057405 0.003901 0.491768 
0.004705 0.004705 0.004705 0.985885 
0.250000 0.250000 0.250000 0.250000 
  15
0.479817 0.003739 0.046210 
0.462778 0.992359 0.462022 
0.057405 0.003901 0.491768 
0.005468 0.004705 0.005428 0.984399 
0.250000 0.250000 0.250000 0.250000 
  16
0.479817 0.003739 0.046210 
0.462778 0.992359 0.462022 
0.057405 0.003901 0.491768 
0.005571 0.984507 0.004705 0.005217 
0.250000 0.250000 0.250000 0.250000 
  17
0.479817 0.003739 0.046210 
0.462778 0.992359 0.462022 
0.057405 0.003901 0.491768 
0.004705 0.004705 0.007264 0.983326 
0.250000 0.250000 0.250000 0.250000 
  18
0.479817 0.003739 0.046210 
0.462778 0.992359 0.462022 
0.057405 0.003901 0.491768 
0.985878 0.004707 0.004707 0.004707 
0.250000 0.250000 0.250000 0.250000 
  19
0.479817 0.003739 0.046210 
0.462778 0.992359 0.462022 
0.057405 0.003901 0.491768 
0.004705 0.004705 0.985885 0.004705 
0.250000 0.250000 0.250000 0.250000 
  20
0.479817 0.003739 0.046210 
0.462778 0.992359 0.462022 
0.057405 0.003901 0.491768 
0.004705 0.004705 0.004705 0.985885 
0.250000 0.250000 0.250000 0.250000 
  21
0.479817 0.003739 0.046210 
0.462778 0.992359 0.462022 
0.057405 0.003901 0.491768 
0.985885 0.004705 0.004705 0.004705 
0.250000 0.250000 0.250000 0.250000 
  22
0.479817 0.003739 0.046210 
0.462778 0.992359 0.462022 
0.057405 0.003901 0.491768 
0.004705 0.004705 0.985885 0.004705 
0.250000 0.250000 0.250000 0.250000 
  23
0.479817 0.003739 0.046210 
0.462778 0.992359 0.462022 
0.057405 0.003901 0.491768 
0.004705 0.004705 0.004705 0.985885 
0.250000 0.250000 0.250000 0.250000 
  24
0.479817 0.003739 0.046210 
0.462778 0.992359 0.462022 
0.057405 0.003901 0.491768 
0.007133 0.004707 0.983000 0.005161 
0.250000 0.250000 0.250000 0.250000 
  25
0.479817 0.003739 0.046210 
0.462778 0.992359 0.462022 
0.057405 0.003901 0.491768 
0.985351 0.004705 0.004705 0.005239 
0.250000 0.250000 0.250000 0.250000 
  26
0.479817 0.003739 0.046210 
0.462778 0.992359 0.462022 
0.057405 0.003901 0.491768 
0.004705 0.004705 0.005287 0.985303 
0.250000 0.250000 0.250000 0.250000 
  27
0.479817 0.003739 0.046210 
0.462778 0.992359 0.462022 
0.057405 0.003901 0.491768 
0.004705 0.985136 0.004705 0.005454 
0.250000 0.250000 0.250000 0.250000 
  28
0.479817 0.003739 0.046210 
0.462778 0.992359 0.462022 
0.057405 0.003901 0.491768 
0.004706 0.985881 0.004706 0.004706 
0.250000 0.250000 0.250000 0.250000 
  29
0.479817 0.003739 0.046210 
0.462778 0.992359 0.462022 
0.057405 0.003901 0.491768 
0.004706 0.004706 0.005854 0.984733 
0.250000 0.250000 0.250000 0.250000 
  30
0.479817 0.003739 0.046210 
0.462778 0.992359 0.462022 
0.057405 0.003901 0.491768 
0.985885 0.004705 0.004705 0.004705 
0.250000 0.250000 0.250000 0.250000 
  31
0.479817 0.003739 0.046210 
0.462778 0.992359 0.462022 
0.057405 0.003901 0.491768 
0.005881 0.984709 0.004705 0.004705 
0.250000 0.250000 0.250000 0.250000 
  32
0.479817 0.003739 0.046210 
0.462778 0.992359 0.462022 
0.057405 0.003901 0.491768 
0.004707 0.004707 0.008674 0.981912 
0.250000 0.250000 0.250000 0.250000 
  33
0.479817 0.003739 0.046210 
0.462778 0.992359 0.462022 
0.057405 0.003901 0.491768 
0.985885 0.004705 0.004705 0.004705 
0.250000 0.250000 0.250000 0.250000 
  34
0.479817 0.003739 0.046210 
0.462778 0.992359 0.462022 
0.057405 0.003901 0.491768 
0.985318 0.005272 0.004705 0.004705 
0.250000 0.250000 0.250000 0.250000 
  35
0.479817 0.003739 0.046210 
0.462778 0.992359 0.462022 
0.057405 0.003901 0.491768 
0.004705 0.004705 0.985885 0.004705 
0.250000 0.250000 0.250000 0.250000 
  36
0.479817 0.003739 0.046210 
0.462778 0.992359 0.462022 
0.057405 0.003901 0.491768 
0.984168 0.004705 0.006422 0.004705 
0.250000 0.250000 0.250000 0.250000 
  37
0.479817 0.003739 0.046210 
0.462778 0.992359 0.462022 
0.057405 0.003901 0.491768 
0.006422 0.004705 0.004705 0.984168 
0.250000 0.250000 0.250000 0.250000 
  38
0.479817 0.003739 0.046210 
0.462778 0.992359 0.462022 
0.057405 0.003901 0.491768 
0.004705 0.004705 0.984168 0.006422 
0.250000 0.250000 0.250000 0.250000 
  39
0.479817 0.003739 0.046210 
0.462778 0.992359 0.462022 
0.057405 0.003901 0.491768 
0.005458 0.004705 0.983347 0.006489 
0.250000 0.250000 0.250000 0.250000 
  40
0.479817 0.003739 0.046210 
0.462778 0.992359 0.462022 
0.057405 0.003901 0.491768 
0.985042 0.005548 0.004705 0.004705 
0.250000 0.250000 0.250000 0.250000 
  41
0.479817 0.003739 0.046210 
0.462778 0.992359 0.462022 
0.057405 0.003901 0.491768 
0.979907 0.006745 0.008643 0.004705 
0.250000 0.250000 0.250000 0.250000 
  42
0.479817 0.003739 0.046210 
0.462778 0.992359 0.462022 
0.057405 0.003901 0.491768 
0.005476 0.004705 0.006223 0.983596 
0.250000 0.250000 0.250000 0.250000 
  43
0.479817 0.003739 0.046210 
0.462778 0.992359 0.462022 
0.057405 0.003901 0.491768 
0.004705 0.985885 0.004705 0.004705 
0.250000 0.250000 0.250000 0.250000 
  44
0.479817 0.003739 0.046210 
0.462778 0.992359 0.462022 
0.057405 0.003901 0.491768 
0.004705 0.004705 0.985885 0.004705 
0.250000 0.250000 0.250000 0.250000 
  45
0.479817 0.003739 0.046210 
0.462778 0.992359 0.462022 
0.057405 0.003901 0.491768 
0.985289 0.005298 0.004706 0.004706 
0.250000 0.250000 0.250000 0.250000 
  46
0.479817 0.003739 0.046210 
0.462778 0.992359 0.462022 
0.057405 0.003901 0.491768 
0.004705 0.985885 0.004705 0.004705 
0.250000 0.250000 0.250000 0.250000 
  47
0.479817 0.003739 0.046210 
0.462778 0.992359 0.462022 
0.057405 0.003901 0.491768 
0.985131 0.004705 0.004705 0.005458 
0.250000 0.250000 0.250000 0.250000 
  48
0.479817 0.003739 0.046210 
0.462778 0.992359 0.462022 
0.057405 0.003901 0.491768 
0.004706 0.004706 0.008512 0.982075 
0.250000 0.250000 0.250000 0.250000 
  49
0.479817 0.003739 0.046210 
0.462778 0.992359 0.462022 
0.057405 0.003901 0.491768 
0.013455 0.004706 0.977132 0.004706 
0.250000 0.250000 0.250000 0.250000 
  50
0.479817 0.003739 0.046210 
0.462778 0.992359 0.462022 
0.057405 0.003901 0.491768 
0.004705 0.985885 0.004705 0.004705 
0.250000 0.250000 0.250000 0.250000 
  51
0.479817 0.003739 0.046210 
0.462778 0.992359 0.462022 
0.057405 0.003901 0.491768 
0.958177 0.032413 0.004705 0.004705 
0.250000 0.250000 0.250000 0.250000 
  52
0.479817 0.003739 0.046210 
0.462778 0.992359 0.462022 
0.057405 0.003901 0.491768 
0.981240 0.009348 0.004706 0.004706 
0.250000 0.250000 0.250000 0.250000 
  53
0.479817 0.003739 0.046210 
0.462778 0.992359 0.462022 
0.057405 0.003901 0.491768 
0.004705 0.004705 0.004705 0.985885 
0.250000 0.250000 0.250000 0.250000 
  54
0.479817 0.003739 0.046210 
0.462778 0.992359 0.462022 
0.057405 0.003901 0.491768 
0.004705 0.004705 0.985049 0.005541 
0.250000 0.250000 0.250000 0.250000 
  55
0.479817 0.003739 0.046210 
0.462778 0.992359 0.462022 
0.057405 0.003901 0.491768 
0.004705 0.004705 0.004705 0.985885 
0.250000 0.250000 0.250000 0.250000 
  56
0.479817 0.003739 0.046210 
0.462778 0.992359 0.462022 
0.057405 0.003901 0.491768 
0.004705 0.985885 0.004705 0.004705 
0.250000 0.250000 0.250000 0.250000 
  57
0.479817 0.003739 0.046210 
0.462778 0.992359 0.462022 
0.057405 0.003901 0.491768 
0.004705 0.004705 0.985885 0.004705 
0.250000 0.250000 0.250000 0.250000 
  58
0.479817 0.003739 0.046210 
0.462778 0.992359 0.462022 
0.057405 0.003901 0.491768 
0.985885 0.004705 0.004705 0.004705 
0.250000 0.250000 0.250000 0.250000 
  59
0.479817 0.003739 0.046210 
0.462778 0.992359 0.462022 
0.057405 0.003901 0.491768 
0.004705 0.004705 0.985885 0.004705 
0.250000 0.250000 0.250000 0.250000 
  60
0.479817 0.003739 0.046210 
0.462778 0.992359 0.462022 
0.057405 0.003901 0.491768 
0.005191 0.004705 0.006113 0.983990 
0.250000 0.250000 0.250000 0.250000 
  61
0.479817 0.003739 0.046210 
0.462778 0.992359 0.462022 
0.057405 0.003901 0.491768 
0.004705 0.985885 0.004705 0.004705 
0.250000 0.250000 0.250000 0.250000 
  62
0.479817 0.003739 0.046210 
0.462778 0.992359 0.462022 
0.057405 0.003901 0.491768 
0.004705 0.985885 0.004705 0.004705 
0.250000 0.250000 0.250000 0.250000 
  63
0.479817 0.003739 0.046210 
0.462778 0.992359 0.462022 
0.057405 0.003901 0.491768 
0.010644 0.976617 0.005252 0.007487 
0.250000 0.250000 0.250000 0.250000 
  64
0.479817 0.003739 0.046210 
0.462778 0.992359 0.462022 
0.057405 0.003901 0.491768 
0.984215 0.006375 0.004705 0.004705 
0.250000 0.250000 0.250000 0.250000 
  65
0.479817 0.003739 0.046210 
0.462778 0.992359 0.462022 
0.057405 0.003901 0.491768 
0.004705 0.004705 0.005326 0.985264 
0.250000 0.250000 0.250000 0.250000 
  66
0.479817 0.003739 0.046210 
0.462778 0.992359 0.462022 
0.057405 0.003901 0.491768 
0.985885 0.004705 0.004705 0.004705 
0.250000 0.250000 0.250000 0.250000 
  67
0.479817 0.003739 0.046210 
0.462778 0.992359 0.462022 
0.057405 0.003901 0.491768 
0.984659 0.005931 0.004705 0.004705 
0.250000 0.250000 0.250000 0.250000 
  68
0.479817 0.003739 0.046210 
0.462778 0.992359 0.462022 
0.057405 0.003901 0.491768 
0.004705 0.004705 0.985885 0.004705 
0.250000 0.250000 0.250000 0.250000 
  69
0.479817 0.003739 0.046210 
0.462778 0.992359 0.462022 
0.057405 0.003901 0.491768 
0.983879 0.006711 0.004705 0.004705 
0.250000 0.250000 0.250000 0.250000 
  70
0.479817 0.003739 0.046210 
0.462778 0.992359 0.462022 
0.057405 0.003901 0.491768 
0.004705 0.004705 0.004705 0.985885 
0.250000 0.250000 0.250000 0.250000 
  71
0.479817 0.003739 0.046210 
0.462778 0.992359 0.462022 
0.057405 0.003901 0.491768 
0.004705 0.004705 0.985885 0.004705 
0.250000 0.250000 0.250000 0.250000 
  72
0.479817 0.003739 0.046210 
0.462778 0.992359 0.462022 
0.057405 0.003901 0.491768 
0.042556 0.947269 0.004706 0.005469 
0.250000 0.250000 0.250000 0.250000 
  73
0.479817 0.003739 0.046210 
0.462778 0.992359 0.462022 
0.057405 0.003901 0.491768 
0.004705 0.004705 0.004705 0.985885 
0.250000 0.250000 0.250000 0.250000 
  74
0.479817 0.003739 0.046210 
0.462778 0.992359 0.462022 
0.057405 0.003901 0.491768 
0.004705 0.004705 0.984168 0.006422 
0.250000 0.250000 0.250000 0.250000 
  75
0.479817 0.003739 0.046210 
0.462778 0.992359 0.462022 
0.057405 0.003901 0.491768 
0.984978 0.005612 0.004705 0.004705 
0.250000 0.250000 0.250000 0.250000 
  76
0.479817 0.003739 0.046210 
0.462778 0.992359 0.462022 
0.057405 0.003901 0.491768 
0.983484 0.006408 0.005402 0.004705 
0.250000 0.250000 0.250000 0.250000 
  77
0.479817 0.003739 0.046210 
0.462778 0.992359 0.462022 
0.057405 0.003901 0.491768 
0.982686 0.007904 0.004705 0.004705 
0.250000 0.250000 0.250000 0.250000 
  78
0.479817 0.003739 0.046210 
0.462778 0.992359 0.462022 
0.057405 0.003901 0.491768 
0.004705 0.004705 0.982340 0.008250 
0.250000 0.250000 0.250000 0.250000 
  79
0.479817 0.003739 0.046210 
0.462778 0.992359 0.462022 
0.057405 0.003901 0.491768 
0.004705 0.005287 0.004705 0.985303 
0.250000 0.250000 0.250000 0.250000 
  80
0.479817 0.003739 0.046210 
0.462778 0.992359 0.462022 
0.057405 0.003901 0.491768 
0.004705 0.004705 0.985885 0.004705 
0.250000 0.250000 0.250000 0.250000 
  81
0.479817 0.003739 0.046210 
0.462778 0.992359 0.462022 
0.057405 0.003901 0.491768 
0.985283 0.005306 0.004705 0.004705 
0.250000 0.250000 0.250000 0.250000 
  82
0.479817 0.003739 0.046210 
0.462778 0.992359 0.462022 
0.057405 0.003901 0.491768 
0.004705 0.004705 0.985885 0.004705 
0.250000 0.250000 0.250000 0.250000 
  83
0.479817 0.003739 0.046210 
0.462778 0.992359 0.462022 
0.057405 0.003901 0.491768 
0.004706 0.004706 0.985881 0.004706 
0.250000 0.250000 0.250000 0.250000 
  84
0.479817 0.003739 0.046210 
0.462778 0.992359 0.462022 
0.057405 0.003901 0.491768 
0.978478 0.010573 0.006244 0.004705 
0.250000 0.250000 0.250000 0.250000 
  85
0.479817 0.003739 0.046210 
0.462778 0.992359 0.462022 
0.057405 0.003901 0.491768 
0.005275 0.004705 0.985315 0.004705 
0.250000 0.250000 0.250000 0.250000 
  86
0.479817 0.003739 0.046210 
0.462778 0.992359 0.462022 
0.057405 0.003901 0.491768 
0.985885 0.004705 0.004705 0.004705 
0.250000 0.250000 0.250000 0.250000 
  87
0.479817 0.003739 0.046210 
0.462778 0.992359 0.462022 
0.057405 0.003901 0.491768 
0.004705 0.004705 0.005322 0.985268 
0.250000 0.250000 0.250000 0.250000 
  88
0.479817 0.003739 0.046210 
0.462778 0.992359 0.462022 
0.057405 0.003901 0.491768 
0.097630 0.892960 0.004705 0.004705 
0.250000 0.250000 0.250000 0.250000 
  89
0.479817 0.003739 0.046210 
0.462778 0.992359 0.462022 
0.057405 0.003901 0.491768 
0.004708 0.004708 0.007760 0.982824 
0.250000 0.250000 0.250000 0.250000 
  90
0.479817 0.003739 0.046210 
0.462778 0.992359 0.462022 
0.057405 0.003901 0.491768 
0.014127 0.005207 0.972254 0.008413 
0.250000 0.250000 0.250000 0.250000 
  91
0.479817 0.003739 0.046210 
0.462778 0.992359 0.462022 
0.057405 0.003901 0.491768 
0.006347 0.984240 0.004706 0.004706 
0.250000 0.250000 0.250000 0.250000 
  92
0.479817 0.003739 0.046210 
0.462778 0.992359 0.462022 
0.057405 0.003901 0.491768 
0.004705 0.004705 0.004705 0.985885 
0.250000 0.250000 0.250000 0.250000 
  93
0.479817 0.003739 0.046210 
0.462778 0.992359 0.462022 
0.057405 0.003901 0.491768 
0.005730 0.004705 0.983394 0.006170 
0.250000 0.250000 0.250000 0.250000 
  94
0.479817 0.003739 0.046210 
0.462778 0.992359 0.462022 
0.057405 0.003901 0.491768 
0.985885 0.004705 0.004705 0.004705 
0.250000 0.250000 0.250000 0.250000 
  95
0.479817 0.003739 0.046210 
0.462778 0.992359 0.462022 
0.057405 0.003901 0.491768 
0.985885 0.004705 0.004705 0.004705 
0.250000 0.250000 0.250000 0.250000 
  96
0.479817 0.003739 0.046210 
0.462778 0.992359 0.462022 
0.057405 0.003901 0.491768 
0.985064 0.004705 0.005526 0.004705 
0.250000 0.250000 0.250000 0.250000 
  97
0.479817 0.003739 0.046210 
0.462778 0.992359 0.462022 
0.057405 0.003901 0.491768 
0.985885 0.004705 0.004705 0.004705 
0.250000 0.250000 0.250000 0.250000 
  98
0.479817 0.003739 0.046210 
0.462778 0.992359 0.462022 
0.057405 0.003901 0.491768 
0.004705 0.004705 0.985885 0.004705 
0.250000 0.250000 0.250000 0.250000 
  99
0.479817 0.003739 0.046210 
0.462778 0.992359 0.462022 
0.057405 0.003901 0.491768 
0.006242 0.004705 0.007281 0.981772 
0.250000 0.250000 0.250000 0.250000 
 100
0.479817 0.003739 0.046210 
0.462778 0.992359 0.462022 
0.057405 0.003901 0.491768 
0.004705 0.985885 0.004705 0.004705 
0.250000 0.250000 0.250000 0.250000 
 101
0.479817 0.003739 0.046210 
0.462778 0.992359 0.462022 
0.057405 0.003901 0.491768 
0.004705 0.004705 0.985885 0.004705 
0.250000 0.250000 0.250000 0.250000 
 102
0.479817 0.003739 0.046210 
0.462778 0.992359 0.462022 
0.057405 0.003901 0.491768 
0.004706 0.004706 0.013530 0.977057 
0.250000 0.250000 0.250000 0.250000 
 103
0.479817 0.003739 0.046210 
0.462778 0.992359 0.462022 
0.057405 0.003901 0.491768 
0.985885 0.004705 0.004705 0.004705 
0.250000 0.250000 0.250000 0.250000 
 104
0.479817 0.003739 0.046210 
0.462778 0.992359 0.462022 
0.057405 0.003901 0.491768 
0.004705 0.004705 0.985885 0.004705 
0.250000 0.250000 0.250000 0.250000 
 105
0.479817 0.003739 0.046210 
0.462778 0.992359 0.462022 
0.057405 0.003901 0.491768 
0.004705 0.004705 0.009371 0.981219 
0.250000 0.250000 0.250000 0.250000 
 106
0.479817 0.003739 0.046210 
0.462778 0.992359 0.462022 
0.057405 0.003901 0.491768 
0.005258 0.004705 0.985332 0.004705 
0.250000 0.250000 0.250000 0.250000 
 107
0.479817 0.003739 0.046210 
0.462778 0.992359 0.462022 
0.057405 0.003901 0.491768 
0.985885 0.004705 0.004705 0.004705 
0.250000 0.250000 0.250000 0.250000 
 108
0.479817 0.003739 0.046210 
0.462778 0.992359 0.462022 
0.057405 0.003901 0.491768 
0.978362 0.011556 0.004705 0.005377 
0.250000 0.250000 0.250000 0.250000 
 109
0.479817 0.003739 0.046210 
0.462778 0.992359 0.462022 
0.057405 0.003901 0.491768 
0.004705 0.985885 0.004705 0.004705 
0.250000 0.250000 0.250000 0.250000 
 110
0.479817 0.003739 0.046210 
0.462778 0.992359 0.462022 
0.057405 0.003901 0.491768 
0.004705 0.985885 0.004705 0.004705 
0.250000 0.250000 0.250000 0.250000 
 111
0.479817 0.003739 0.046210 
0.462778 0.992359 0.462022 
0.057405 0.003901 0.491768 
0.013753 0.975304 0.004705 0.006238 
0.250000 0.250000 0.250000 0.250000 
 112
0.479817 0.003739 0.046210 
0.462778 0.992359 0.462022 
0.057405 0.003901 0.491768 
0.004705 0.985885 0.004705 0.004705 
0.250000 0.250000 0.250000 0.250000 
 113
0.479817 0.003739 0.046210 
0.462778 0.992359 0.462022 
0.057405 0.003901 0.491768 
0.985885 0.004705 0.004705 0.004705 
0.250000 0.250000 0.250000 0.250000 
 114
0.479817 0.003739 0.046210 
0.462778 0.992359 0.462022 
0.057405 0.003901 0.491768 
0.016108 0.974482 0.004705 0.004705 
0.250000 0.250000 0.250000 0.250000 
 115
0.479817 0.003739 0.046210 
0.462778 0.992359 0.462022 
0.057405 0.003901 0.491768 
0.004705 0.985885 0.004705 0.004705 
0.250000 0.250000 0.250000 0.250000 
 116
0.479817 0.003739 0.046210 
0.462778 0.992359 0.462022 
0.057405 0.003901 0.491768 
0.004705 0.004705 0.004705 0.985885 
0.250000 0.250000 0.250000 0.250000 
 117
0.479817 0.003739 0.046210 
0.462778 0.992359 0.462022 
0.057405 0.003901 0.491768 
0.009963 0.004707 0.979569 0.005761 
0.250000 0.250000 0.250000 0.250000 
 118
0.479817 0.003739 0.046210 
0.462778 0.992359 0.462022 
0.057405 0.003901 0.491768 
0.985885 0.004705 0.004705 0.004705 
0.250000 0.250000 0.250000 0.250000 
 119
0.479817 0.003739 0.046210 
0.462778 0.992359 0.462022 
0.057405 0.003901 0.491768 
0.985885 0.004705 0.004705 0.004705 
0.250000 0.250000 0.250000 0.250000 
 120
0.479817 0.003739 0.046210 
0.462778 0.992359 0.462022 
0.057405 0.003901 0.491768 
0.004705 0.005373 0.006092 0.983829 
0.250000 0.250000 0.250000 0.250000 
 121
0.479817 0.003739 0.046210 
0.462778 0.992359 0.462022 
0.057405 0.003901 0.491768 
0.004705 0.985885 0.004705 0.004705 
0.250000 0.250000 0.250000 0.250000 
 122
0.479817 0.003739 0.046210 
0.462778 0.992359 0.462022 
0.057405 0.003901 0.491768 
0.004705 0.004705 0.004705 0.985885 
0.250000 0.250000 0.250000 0.250000 
 123
0.479817 0.003739 0.046210 
0.462778 0.992359 0.462022 
0.057405 0.003901 0.491768 
0.014569 0.973421 0.005123 0.006887 
0.250000 0.250000 0.250000 0.250000 
 124
0.479817 0.003739 0.046210 
0.462778 0.992359 0.462022 
0.057405 0.003901 0.491768 
0.985885 0.004705 0.004705 0.004705 
0.250000 0.250000 0.250000 0.250000 
 125
0.479817 0.003739 0.046210 
0.462778 0.992359 0.462022 
0.057405 0.003901 0.491768 
0.004705 0.004705 0.985885 0.004705 
0.250000 0.250000 0.250000 0.250000 
 126
0.479817 0.003739 0.046210 
0.462778 0.992359 0.462022 
0.057405 0.003901 0.491768 
0.005769 0.004705 0.713367 0.276160 
0.250000 0.250000 0.250000 0.250000 
 127
0.479817 0.003739 0.046210 
0.462778 0.992359 0.462022 
0.057405 0.003901 0.491768 
0.005259 0.985331 0.004705 0.004705 
0.250000 0.250000 0.250000 0.250000 
 128
0.479817 0.003739 0.046210 
0.462778 0.992359 0.462022 
0.057405 0.003901 0.491768 
0.004705 0.985885 0.004705 0.004705 
0.250000 0.250000 0.250000 0.250000 
 129
0.479817 0.003739 0.046210 
0.462778 0.992359 0.462022 
0.057405 0.003901 0.491768 
0.005428 0.007487 0.005814 0.981271 
0.250000 0.250000 0.250000 0.250000 
 130
0.479817 0.003739 0.046210 
0.462778 0.992359 0.462022 
0.057405 0.003901 0.491768 
0.005494 0.985096 0.004705 0.004705 
0.250000 0.250000 0.250000 0.250000 
 131
0.479817 0.003739 0.046210 
0.462778 0.992359 0.462022 
0.057405 0.003901 0.491768 
0.004706 0.004706 0.006371 0.984216 
0.250000 0.250000 0.250000 0.250000 
 132
0.479817 0.003739 0.046210 
0.462778 0.992359 0.462022 
0.057405 0.003901 0.491768 
0.979802 0.010788 0.004705 0.004705 
0.250000 0.250000 0.250000 0.250000 
 133
0.479817 0.003739 0.046210 
0.462778 0.992359 0.462022 
0.057405 0.003901 0.491768 
0.985885 0.004705 0.004705 0.004705 
0.250000 0.250000 0.250000 0.250000 
 134
0.479817 0.003739 0.046210 
0.462778 0.992359 0.462022 
0.057405 0.003901 0.491768 
0.004705 0.004705 0.004705 0.985885 
0.250000 0.250000 0.250000 0.250000 
 135
0.479817 0.003739 0.046210 
0.462778 0.992359 0.462022 
0.057405 0.003901 0.491768 
0.985885 0.004705 0.004705 0.004705 
0.250000 0.250000 0.250000 0.250000 
 136
0.479817 0.003739 0.046210 
0.462778 0.992359 0.462022 
0.057405 0.003901 0.491768 
0.006287 0.004705 0.983589 0.005420 
0.250000 0.250000 0.250000 0.250000 
 137
0.479817 0.003739 0.046210 
0.462778 0.992359 0.462022 
0.057405 0.003901 0.491768 
0.005252 0.004705 0.985337 0.004705 
0.250000 0.250000 0.250000 0.250000 
 138
0.479817 0.003739 0.046210 
0.462778 0.992359 0.462022 
0.057405 0.003901 0.491768 
0.984968 0.005622 0.004705 0.004705 
0.250000 0.250000 0.250000 0.250000 
 139
0.479817 0.003739 0.046210 
0.462778 0.992359 0.462022 
0.057405 0.003901 0.491768 
0.004705 0.004705 0.978850 0.011740 
0.250000 0.250000 0.250000 0.250000 
 140
0.479817 0.003739 0.046210 
0.462778 0.992359 0.462022 
0.057405 0.003901 0.491768 
0.004705 0.004705 0.004705 0.985885 
0.250000 0.250000 0.250000 0.250000 
 141
0.479817 0.003739 0.046210 
0.462778 0.992359 0.462022 
0.057405 0.003901 0.491768 
0.010547 0.979524 0.004705 0.005224 
0.250000 0.250000 0.250000 0.250000 
 142
0.479817 0.003739 0.046210 
0.462778 0.992359 0.462022 
0.057405 0.003901 0.491768 
0.985885 0.004705 0.004705 0.004705 
0.250000 0.250000 0.250000 0.250000 
 143
0.479817 0.003739 0.046210 
0.462778 0.992359 0.462022 
0.057405 0.003901 0.491768 
0.004705 0.004705 0.985885 0.004705 
0.250000 0.250000 0.250000 0.250000 
 144
0.479817 0.003739 0.046210 
0.462778 0.992359 0.462022 
0.057405 0.003901 0.491768 
0.980370 0.009018 0.004705 0.005907 
0.250000 0.250000 0.250000 0.250000 
 145
0.479817 0.003739 0.046210 
0.462778 0.992359 0.462022 
0.057405 0.003901 0.491768 
0.985004 0.005586 0.004705 0.004705 
0.250000 0.250000 0.250000 0.250000 
 146
0.479817 0.003739 0.046210 
0.462778 0.992359 0.462022 
0.057405 0.003901 0.491768 
0.004708 0.004708 0.984145 0.006439 
0.250000 0.250000 0.250000 0.250000 
 147
0.479817 0.003739 0.046210 
0.462778 0.992359 0.462022 
0.057405 0.003901 0.491768 
0.984802 0.005175 0.005317 0.004705 
0.250000 0.250000 0.250000 0.250000 
 148
0.479817 0.003739 0.046210 
0.462778 0.992359 0.462022 
0.057405 0.003901 0.491768 
0.984403 0.005706 0.004705 0.005186 
0.250000 0.250000 0.250000 0.250000 
 149
0.479817 0.003739 0.046210 
0.462778 0.992359 0.462022 
0.057405 0.003901 0.491768 
0.004705 0.004705 0.985885 0.004705 
0.250000 0.250000 0.250000 0.250000 
 150
0.479817 0.003739 0.046210 
0.462778 0.992359 0.462022 
0.057405 0.003901 0.491768 
0.985080 0.004705 0.005510 0.004705 
0.250000 0.250000 0.250000 0.250000 
 151
0.479817 0.003739 0.046210 
0.462778 0.992359 0.462022 
0.057405 0.003901 0.491768 
0.004705 0.004705 0.985885 0.004705 
0.250000 0.250000 0.250000 0.250000 
 152
0.479817 0.003739 0.046210 
0.462778 0.992359 0.462022 
0.057405 0.003901 0.491768 
0.004705 0.004705 0.984544 0.006046 
0.250000 0.250000 0.250000 0.250000 
 153
0.479817 0.003739 0.046210 
0.462778 0.992359 0.462022 
0.057405 0.003901 0.491768 
0.006000 0.006008 0.983288 0.004705 
0.250000 0.250000 0.250000 0.250000 
 154
0.479817 0.003739 0.046210 
0.462778 0.992359 0.462022 
0.057405 0.003901 0.491768 
0.984116 0.006473 0.004705 0.004705 
0.250000 0.250000 0.250000 0.250000 
 155
0.479817 0.003739 0.046210 
0.462778 0.992359 0.462022 
0.057405 0.003901 0.491768 
0.004707 0.004707 0.981041 0.009544 
0.250000 0.250000 0.250000 0.250000 
 156
0.479817 0.003739 0.046210 
0.462778 0.992359 0.462022 
0.057405 0.003901 0.491768 
0.005432 0.004706 0.982365 0.007497 
0.250000 0.250000 0.250000 0.250000 
 157
0.479817 0.003739 0.046210 
0.462778 0.992359 0.462022 
0.057405 0.003901 0.491768 
0.985125 0.004705 0.005465 0.004705 
0.250000 0.250000 0.250000 0.250000 
 158
0.479817 0.003739 0.046210 
0.462778 0.992359 0.462022 
0.057405 0.003901 0.491768 
0.983415 0.007175 0.004705 0.004705 
0.250000 0.250000 0.250000 0.250000 
 159
0.479817 0.003739 0.046210 
0.462778 0.992359 0.462022 
0.057405 0.003901 0.491768 
0.985055 0.005535 0.004705 0.004705 
0.250000 0.250000 0.250000 0.250000 
 160
0.479817 0.003739 0.046210 
0.462778 0.992359 0.462022 
0.057405 0.003901 0.491768 
0.004705 0.004705 0.004705 0.985885 
0.250000 0.250000 0.250000 0.250000 
 161
0.479817 0.003739 0.046210 
0.462778 0.992359 0.462022 
0.057405 0.003901 0.491768 
0.004706 0.004706 0.985881 0.004706 
0.250000 0.250000 0.250000 0.250000 
 162
0.479817 0.003739 0.046210 
0.462778 0.992359 0.462022 
0.057405 0.003901 0.491768 
0.005340 0.004705 0.006687 0.983268 
0.250000 0.250000 0.250000 0.250000 
 163
0.479817 0.003739 0.046210 
0.462778 0.992359 0.462022 
0.057405 0.003901 0.491768 
0.004706 0.004706 0.984948 0.005639 
0.250000 0.250000 0.250000 0.250000 
 164
0.479817 0.003739 0.046210 
0.462778 0.992359 0.462022 
0.057405 0.003901 0.491768 
0.985885 0.004705 0.004705 0.004705 
0.250000 0.250000 0.250000 0.250000 
 165
0.479817 0.003739 0.046210 
0.462778 0.992359 0.462022 
0.057405 0.003901 0.491768 
0.004706 0.004706 0.027734 0.962853 
0.250000 0.250000 0.250000 0.250000 
 166
0.479817 0.003739 0.046210 
0.462778 0.992359 0.462022 
0.057405 0.003901 0.491768 
0.004705 0.004705 0.004705 0.985885 
0.250000 0.250000 0.250000 0.250000 
 167
0.479817 0.003739 0.046210 
0.462778 0.992359 0.462022 
0.057405 0.003901 0.491768 
0.004705 0.004705 0.004705 0.985885 
0.250000 0.250000 0.250000 0.250000 
 168
0.479817 0.003739 0.046210 
0.462778 0.992359 0.462022 
0.057405 0.003901 0.491768 
0.004705 0.004705 0.004705 0.985885 
0.250000 0.250000 0.250000 0.250000 
 169
0.479817 0.003739 0.046210 
0.462778 0.992359 0.462022 
0.057405 0.003901 0.491768 
0.004705 0.985038 0.004705 0.005552 
0.250000 0.250000 0.250000 0.250000 
 170
0.479817 0.003739 0.046210 
0.462778 0.992359 0.462022 
0.057405 0.003901 0.491768 
0.004705 0.004705 0.985885 0.004705 
0.250000 0.250000 0.250000 0.250000 
 171
0.479817 0.003739 0.046210 
0.462778 0.992359 0.462022 
0.057405 0.003901 0.491768 
0.984681 0.005909 0.004705 0.004705 
0.250000 0.250000 0.250000 0.250000 
 172
0.479817 0.003739 0.046210 
0.462778 0.992359 0.462022 
0.057405 0.003901 0.491768 
0.985885 0.004705 0.004705 0.004705 
0.250000 0.250000 0.250000 0.250000 
 173
0.479817 0.003739 0.046210 
0.462778 0.992359 0.462022 
0.057405 0.003901 0.491768 
0.984353 0.006237 0.004705 0.004705 
0.250000 0.250000 0.250000 0.250000 
 174
0.479817 0.003739 0.046210 
0.462778 0.992359 0.462022 
0.057405 0.003901 0.491768 
0.005154 0.004705 0.005585 0.984556 
0.250000 0.250000 0.250000 0.250000 
 175
0.479817 0.003739 0.046210 
0.462778 0.992359 0.462022 
0.057405 0.003901 0.491768 
0.004705 0.004705 0.985885 0.004705 
0.250000 0.250000 0.250000 0.250000 
 176
0.479817 0.003739 0.046210 
0.462778 0.992359 0.462022 
0.057405 0.003901 0.491768 
0.004705 0.004705 0.004705 0.985885 
0.250000 0.250000 0.250000 0.250000 
 177
0.479817 0.003739 0.046210 
0.462778 0.992359 0.462022 
0.057405 0.003901 0.491768 
0.009436 0.004705 0.978455 0.007404 
0.250000 0.250000 0.250000 0.250000 
 178
0.479817 0.003739 0.046210 
0.462778 0.992359 0.462022 
0.057405 0.003901 0.491768 
0.985885 0.004705 0.004705 0.004705 
0.250000 0.250000 0.250000 0.250000 
 179
0.479817 0.003739 0.046210 
0.462778 0.992359 0.462022 
0.057405 0.003901 0.491768 
0.985005 0.005585 0.004705 0.004705 
0.250000 0.250000 0.250000 0.250000 
 180
0.479817 0.003739 0.046210 
0.462778 0.992359 0.462022 
0.057405 0.003901 0.491768 
0.983954 0.006636 0.004705 0.004705 
0.250000 0.250000 0.250000 0.250000 
 181
0.479817 0.003739 0.046210 
0.462778 0.992359 0.462022 
0.057405 0.003901 0.491768 
0.004705 0.985885 0.004705 0.004705 
0.250000 0.250000 0.250000 0.250000 
 182
0.479817 0.003739 0.046210 
0.462778 0.992359 0.462022 
0.057405 0.003901 0.491768 
0.004705 0.985885 0.004705 0.004705 
0.250000 0.250000 0.250000 0.250000 
 183
0.479817 0.003739 0.046210 
0.462778 0.992359 0.462022 
0.057405 0.003901 0.491768 
0.983560 0.007030 0.004705 0.004705 
0.250000 0.250000 0.250000 0.250000 
 184
0.479817 0.003739 0.046210 
0.462778 0.992359 0.462022 
0.057405 0.003901 0.491768 
0.983135 0.007455 0.004705 0.004705 
0.250000 0.250000 0.250000 0.250000 
 185
0.479817 0.003739 0.046210 
0.462778 0.992359 0.462022 
0.057405 0.003901 0.491768 
0.005548 0.004705 0.985042 0.004705 
0.250000 0.250000 0.250000 0.250000 
 186
0.479817 0.003739 0.046210 
0.462778 0.992359 0.462022 
0.057405 0.003901 0.491768 
0.984108 0.006027 0.005160 0.004705 
0.250000 0.250000 0.250000 0.250000 
 187
0.479817 0.003739 0.046210 
0.462778 0.992359 0.462022 
0.057405 0.003901 0.491768 
0.005271 0.985319 0.004705 0.004705 
0.250000 0.250000 0.250000 0.250000 
 188
0.479817 0.003739 0.046210 
0.462778 0.992359 0.462022 
0.057405 0.003901 0.491768 
0.985885 0.004705 0.004705 0.004705 
0.250000 0.250000 0.250000 0.250000 
 189
0.479817 0.003739 0.046210 
0.462778 0.992359 0.462022 
0.057405 0.003901 0.491768 
0.984759 0.005831 0.004705 0.004705 
0.250000 0.250000 0.250000 0.250000 
 190
0.479817 0.003739 0.046210 
0.462778 0.992359 0.462022 
0.057405 0.003901 0.491768 
0.985885 0.004705 0.004705 0.004705 
0.250000 0.250000 0.250000 0.250000 
 191
0.479817 0.003739 0.046210 
0.462778 0.992359 0.462022 
0.057405 0.003901 0.491768 
0.004705 0.004705 0.985885 0.004705 
0.250000 0.250000 0.250000 0.250000 
 192
0.479817 0.003739 0.046210 
0.462778 0.992359 0.462022 
0.057405 0.003901 0.491768 
0.004705 0.004705 0.983909 0.006681 
0.250000 0.250000 0.250000 0.250000 
 193
0.479817 0.003739 0.046210 
0.462778 0.992359 0.462022 
0.057405 0.003901 0.491768 
0.985885 0.004705 0.004705 0.004705 
0.250000 0.250000 0.250000 0.250000 
 194
0.479817 0.003739 0.046210 
0.462778 0.992359 0.462022 
0.057405 0.003901 0.491768 
0.004705 0.985885 0.004705 0.004705 
0.250000 0.250000 0.250000 0.250000 
 195
0.479817 0.003739 0.046210 
0.462778 0.992359 0.462022 
0.057405 0.003901 0.491768 
0.052516 0.938071 0.004706 0.004706 
0.250000 0.250000 0.250000 0.250000 
 196
0.479817 0.003739 0.046210 
0.462778 0.992359 0.462022 
0.057405 0.003901 0.491768 
0.004705 0.985885 0.004705 0.004705 
0.250000 0.250000 0.250000 0.250000 
 197
0.479817 0.003739 0.046210 
0.462778 0.992359 0.462022 
0.057405 0.003901 0.491768 
0.004705 0.985885 0.004705 0.004705 
0.250000 0.250000 0.250000 0.250000 
 198
0.479817 0.003739 0.046210 
0.462778 0.992359 0.462022 
0.057405 0.003901 0.491768 
0.011257 0.979333 0.004705 0.004705 
0.250000 0.250000 0.250000 0.250000 
 199
0.479817 0.003739 0.046210 
0.462778 0.992359 0.462022 
0.057405 0.003901 0.491768 
0.980590 0.010000 0.004705 0.004705 
0.250000 0.250000 0.250000 0.250000 
 200
0.479817 0.003739 0.046210 
0.462778 0.992359 0.462022 
0.057405 0.003901 0.491768 
0.984636 0.005954 0.004705 0.004705 
0.250000 0.250000 0.250000 0.250000 
 201
0.479817 0.003739 0.046210 
0.462778 0.992359 0.462022 
0.057405 0.003901 0.491768 
0.982191 0.005566 0.007537 0.004705 
0.250000 0.250000 0.250000 0.250000 
 202
0.479817 0.003739 0.046210 
0.462778 0.992359 0.462022 
0.057405 0.003901 0.491768 
0.004705 0.004705 0.984499 0.006091 
0.250000 0.250000 0.250000 0.250000 
 203
0.479817 0.003739 0.046210 
0.462778 0.992359 0.462022 
0.057405 0.003901 0.491768 
0.004705 0.004705 0.004705 0.985885 
0.250000 0.250000 0.250000 0.250000 
 204
0.479817 0.003739 0.046210 
0.462778 0.992359 0.462022 
0.057405 0.003901 0.491768 
0.981084 0.008291 0.005921 0.004705 
0.250000 0.250000 0.250000 0.250000 
 205
0.479817 0.003739 0.046210 
0.462778 0.992359 0.462022 
0.057405 0.003901 0.491768 
0.004705 0.004705 0.004705 0.985885 
0.250000 0.250000 0.250000 0.250000 
 206
0.479817 0.003739 0.046210 
0.462778 0.992359 0.462022 
0.057405 0.003901 0.491768 
0.004705 0.985885 0.004705 0.004705 
0.250000 0.250000 0.250000 0.250000 
 207
0.479817 0.003739 0.046210 
0.462778 0.992359 0.462022 
0.057405 0.003901 0.491768 
0.004706 0.004706 0.974387 0.016200 
0.250000 0.250000 0.250000 0.250000 
 208
0.479817 0.003739 0.046210 
0.462778 0.992359 0.462022 
0.057405 0.003901 0.491768 
0.004706 0.004706 0.985881 0.004706 
0.250000 0.250000 0.250000 0.250000 
 209
0.479817 0.003739 0.046210 
0.462778 0.992359 0.462022 
0.057405 0.003901 0.491768 
0.004705 0.004705 0.985885 0.004705 
0.250000 0.250000 0.250000 0.250000 
 210
0.479817 0.003739 0.046210 
0.462778 0.992359 0.462022 
0.057405 0.003901 0.491768 
0.979553 0.010302 0.004705 0.005440 
0.250000 0.250000 0.250000 0.250000 
 211
0.479817 0.003739 0.046210 
0.462778 0.992359 0.462022 
0.057405 0.003901 0.491768 
0.985885 0.004705 0.004705 0.004705 
0.250000 0.250000 0.250000 0.250000 
 212
0.479817 0.003739 0.046210 
0.462778 0.992359 0.462022 
0.057405 0.003901 0.491768 
0.980122 0.010466 0.004706 0.004706 
0.250000 0.250000 0.250000 0.250000 
 213
0.479817 0.003739 0.046210 
0.462778 0.992359 0.462022 
0.057405 0.003901 0.491768 
0.972613 0.005575 0.017107 0.004705 
0.250000 0.250000 0.250000 0.250000 
 214
0.479817 0.003739 0.046210 
0.462778 0.992359 0.462022 
0.057405 0.003901 0.491768 
0.004705 0.004705 0.004705 0.985885 
0.250000 0.250000 0.250000 0.250000 
 215
0.479817 0.003739 0.046210 
0.462778 0.992359 0.462022 
0.057405 0.003901 0.491768 
0.004705 0.985885 0.004705 0.004705 
0.250000 0.250000 0.250000 0.250000 
 216
0.479817 0.003739 0.046210 
0.462778 0.992359 0.462022 
0.057405 0.003901 0.491768 
0.004706 0.004706 0.980229 0.010358 
0.250000 0.250000 0.250000 0.250000 
 217
0.479817 0.003739 0.046210 
0.462778 0.992359 0.462022 
0.057405 0.003901 0.491768 
0.005163 0.004708 0.981985 0.008144 
0.250000 0.250000 0.250000 0.250000 
 218
0.479817 0.003739 0.046210 
0.462778 0.992359 0.462022 
0.057405 0.003901 0.491768 
0.005613 0.004705 0.014146 0.975535 
0.250000 0.250000 0.250000 0.250000 
 219
0.479817 0.003739 0.046210 
0.462778 0.992359 0.462022 
0.057405 0.003901 0.491768 
0.011737 0.004705 0.957966 0.025592 
0.250000 0.250000 0.250000 0.250000 
 220
0.479817 0.003739 0.046210 
0.462778 0.992359 0.462022 
0.057405 0.003901 0.491768 
0.983180 0.006879 0.005235 0.004705 
0.250000 0.250000 0.250000 0.250000 
 221
0.479817 0.003739 0.046210 
0.462778 0.992359 0.462022 
0.057405 0.003901 0.491768 
0.985885 0.004705 0.004705 0.004705 
0.250000 0.250000 0.250000 0.250000 
 222
0.479817 0.003739 0.046210 
0.462778 0.992359 0.462022 
0.057405 0.003901 0.491768 
0.004705 0.004705 0.972952 0.017638 
0.250000 0.250000 0.250000 0.250000 
 223
0.479817 0.003739 0.046210 
0.462778 0.992359 0.462022 
0.057405 0.003901 0.491768 
0.004705 0.004705 0.004705 0.985885 
0.250000 0.250000 0.250000 0.250000 
 224
0.479817 0.003739 0.046210 
0.462778 0.992359 0.462022 
0.057405 0.003901 0.491768 
0.004705 0.985885 0.004705 0.004705 
0.250000 0.250000 0.250000 0.250000 
 225
0.479817 0.003739 0.046210 
0.462778 0.992359 0.462022 
0.057405 0.003901 0.491768 
0.004705 0.004705 0.975241 0.015349 
0.250000 0.250000 0.250000 0.250000 
 226
0.479817 0.003739 0.046210 
0.462778 0.992359 0.462022 
0.057405 0.003901 0.491768 
0.985885 0.004705 0.004705 0.004705 
0.250000 0.250000 0.250000 0.250000 
 227
0.479817 0.003739 0.046210 
0.462778 0.992359 0.462022 
0.057405 0.003901 0.491768 
0.004705 0.004705 0.985885 0.004705 
0.250000 0.250000 0.250000 0.250000 
 228
0.479817 0.003739 0.046210 
0.462778 0.992359 0.462022 
0.057405 0.003901 0.491768 
0.984680 0.005441 0.005174 0.004705 
0.250000 0.250000 0.250000 0.250000 
 229
0.479817 0.003739 0.046210 
0.462778 0.992359 0.462022 
0.057405 0.003901 0.491768 
0.004706 0.985328 0.004706 0.005259 
0.250000 0.250000 0.250000 0.250000 
 230
0.479817 0.003739 0.046210 
0.462778 0.992359 0.462022 
0.057405 0.003901 0.491768 
0.985885 0.004705 0.004705 0.004705 
0.250000 0.250000 0.250000 0.250000 
 231
0.479817 0.003739 0.046210 
0.462778 0.992359 0.462022 
0.057405 0.003901 0.491768 
0.004705 0.004705 0.005252 0.985338 
0.250000 0.250000 0.250000 0.250000 
 232
0.479817 0.003739 0.046210 
0.462778 0.992359 0.462022 
0.057405 0.003901 0.491768 
0.004705 0.004705 0.984603 0.005987 
0.250000 0.250000 0.250000 0.250000 
 233
0.479817 0.003739 0.046210 
0.462778 0.992359 0.462022 
0.057405 0.003901 0.491768 
0.004705 0.004705 0.004705 0.985885 
0.250000 0.250000 0.250000 0.250000 
 234
0.479817 0.003739 0.046210 
