%  SAM: /scicomp/home/yfa9/CDC_projects/Mol_genetic_analysis/Nomenclature/B_HA_Nomenclature/All_v4/label/LABEL_RES/scripts/modelfromalign_Linux v3.5 (July 15, 2005) compiled 12/08/06_16:15:55
%  (c) 1992-2001 Regents of the University of California, Santa Cruz
%
%          Sequence Alignment and Modeling Software System
%         http://www.cse.ucsc.edu/research/compbio/sam.html
%
% ----------------- Citations (SAM, SAM-T2K, HMMs) --------------------
% R. Hughey, A. Krogh, Hidden Markov models for sequence analysis:
%  Extension and analysis of the basic method, CABIOS 12:95-107, 1996.
% K. Karplus, et al., What is the value added by human intervention in protein
%  structure prediction, Proteins: Stucture, Function, Genetics 45(S5):86--91, 2001.
% A. Krogh et al., Hidden Markov models in computational biology:
%  Applications to protein modeling, JMB 235:1501-1531, Feb 1994.
% ---------------------------------------------------------------------
%  vic1B_hmm   Host: node4.hpc.biotech.cdc.gov    Fri Jul 22 14:54:23 2016
%  yfa9        Dir:  /scicomp/home/yfa9/CDC_projects/Mol_genetic_analysis/Nomenclature/B_HA_Nomenclature/All_v4/Influ_B_HA/c-vic1A-vic1B-vicOld/c-vic1A-vic1B
% ---------------------------------------------------------------------
%  Alignment weights from internal calc.  Total (24.35) Max (0.08) Min (0.03)
%  Weights from alignment method 1 (karplus), b=-1.000000, e=0.500000
MODEL --  Model from alignment file /scicomp/home/yfa9/CDC_projects/Mol_genetic_analysis/Nomenclature/B_HA_Nomenclature/All_v4/label/LABEL_RES/training_data/InfluB_v1/c-vic1A-vic1B-vicOld/c-vic1A-vic1B/vic1B.fasta
alphabet DNA
FREQAVE
0.000000 0.000000 0.000000 
0.000000 0.000000 0.000000 
0.000000 0.000000 0.000000 
0.337702 0.216845 0.218211 0.227242 
0.337702 0.216845 0.218211 0.227242 
Begin
0.000000 0.000000 0.000000 
0.000000 0.000000 0.000000 
0.000000 0.006584 0.491768 
0.250000 0.250000 0.250000 0.250000 
0.250000 0.250000 0.250000 0.250000 
   1
0.000000 0.006311 0.046210 
0.000000 0.987104 0.462022 
0.057405 0.006584 0.491768 
0.970416 0.009861 0.009861 0.009861 
0.250000 0.250000 0.250000 0.250000 
   2
0.479817 0.006311 0.046210 
0.462778 0.987104 0.462022 
0.057405 0.006584 0.491768 
0.009861 0.009861 0.009861 0.970416 
0.250000 0.250000 0.250000 0.250000 
   3
0.479817 0.006311 0.046210 
0.462778 0.987104 0.462022 
0.057405 0.006584 0.491768 
0.009861 0.970416 0.009861 0.009861 
0.250000 0.250000 0.250000 0.250000 
   4
0.479817 0.006311 0.046210 
0.462778 0.987104 0.462022 
0.057405 0.006584 0.491768 
0.967929 0.012348 0.009861 0.009861 
0.250000 0.250000 0.250000 0.250000 
   5
0.479817 0.006311 0.046210 
0.462778 0.987104 0.462022 
0.057405 0.006584 0.491768 
0.970416 0.009861 0.009861 0.009861 
0.250000 0.250000 0.250000 0.250000 
   6
0.479817 0.006311 0.046210 
0.462778 0.987104 0.462022 
0.057405 0.006584 0.491768 
0.019501 0.960776 0.009861 0.009861 
0.250000 0.250000 0.250000 0.250000 
   7
0.479817 0.006311 0.046210 
0.462778 0.987104 0.462022 
0.057405 0.006584 0.491768 
0.011717 0.968560 0.009861 0.009861 
0.250000 0.250000 0.250000 0.250000 
   8
0.479817 0.006311 0.046210 
0.462778 0.987104 0.462022 
0.057405 0.006584 0.491768 
0.009861 0.009861 0.970416 0.009861 
0.250000 0.250000 0.250000 0.250000 
   9
0.479817 0.006311 0.046210 
0.462778 0.987104 0.462022 
0.057405 0.006584 0.491768 
0.970416 0.009861 0.009861 0.009861 
0.250000 0.250000 0.250000 0.250000 
  10
0.479817 0.006311 0.046210 
0.462778 0.987104 0.462022 
0.057405 0.006584 0.491768 
0.966909 0.009861 0.013368 0.009861 
0.250000 0.250000 0.250000 0.250000 
  11
0.479817 0.006311 0.046210 
0.462778 0.987104 0.462022 
0.057405 0.006584 0.491768 
0.009861 0.009861 0.009861 0.970416 
0.250000 0.250000 0.250000 0.250000 
  12
0.479817 0.006311 0.046210 
0.462778 0.987104 0.462022 
0.057405 0.006584 0.491768 
0.970416 0.009861 0.009861 0.009861 
0.250000 0.250000 0.250000 0.250000 
  13
0.479817 0.006311 0.046210 
0.462778 0.987104 0.462022 
0.057405 0.006584 0.491768 
0.970416 0.009861 0.009861 0.009861 
0.250000 0.250000 0.250000 0.250000 
  14
0.479817 0.006311 0.046210 
0.462778 0.987104 0.462022 
0.057405 0.006584 0.491768 
0.009861 0.009861 0.009861 0.970416 
0.250000 0.250000 0.250000 0.250000 
  15
0.479817 0.006311 0.046210 
0.462778 0.987104 0.462022 
0.057405 0.006584 0.491768 
0.009861 0.009861 0.009861 0.970416 
0.250000 0.250000 0.250000 0.250000 
  16
0.479817 0.006311 0.046210 
0.462778 0.987104 0.462022 
0.057405 0.006584 0.491768 
0.011609 0.968668 0.009861 0.009861 
0.250000 0.250000 0.250000 0.250000 
  17
0.479817 0.006311 0.046210 
0.462778 0.987104 0.462022 
0.057405 0.006584 0.491768 
0.009861 0.009861 0.009861 0.970416 
0.250000 0.250000 0.250000 0.250000 
  18
0.479817 0.006311 0.046210 
0.462778 0.987104 0.462022 
0.057405 0.006584 0.491768 
0.970416 0.009861 0.009861 0.009861 
0.250000 0.250000 0.250000 0.250000 
  19
0.479817 0.006311 0.046210 
0.462778 0.987104 0.462022 
0.057405 0.006584 0.491768 
0.009861 0.009861 0.970416 0.009861 
0.250000 0.250000 0.250000 0.250000 
  20
0.479817 0.006311 0.046210 
0.462778 0.987104 0.462022 
0.057405 0.006584 0.491768 
0.009861 0.009861 0.009861 0.970416 
0.250000 0.250000 0.250000 0.250000 
  21
0.479817 0.006311 0.046210 
0.462778 0.987104 0.462022 
0.057405 0.006584 0.491768 
0.970416 0.009861 0.009861 0.009861 
0.250000 0.250000 0.250000 0.250000 
  22
0.479817 0.006311 0.046210 
0.462778 0.987104 0.462022 
0.057405 0.006584 0.491768 
0.009861 0.009861 0.970416 0.009861 
0.250000 0.250000 0.250000 0.250000 
  23
0.479817 0.006311 0.046210 
0.462778 0.987104 0.462022 
0.057405 0.006584 0.491768 
0.009861 0.009861 0.009861 0.970416 
0.250000 0.250000 0.250000 0.250000 
  24
0.479817 0.006311 0.046210 
0.462778 0.987104 0.462022 
0.057405 0.006584 0.491768 
0.013242 0.009861 0.963808 0.013090 
0.250000 0.250000 0.250000 0.250000 
  25
0.479817 0.006311 0.046210 
0.462778 0.987104 0.462022 
0.057405 0.006584 0.491768 
0.970416 0.009861 0.009861 0.009861 
0.250000 0.250000 0.250000 0.250000 
  26
0.479817 0.006311 0.046210 
0.462778 0.987104 0.462022 
0.057405 0.006584 0.491768 
0.009861 0.009861 0.009861 0.970416 
0.250000 0.250000 0.250000 0.250000 
  27
0.479817 0.006311 0.046210 
0.462778 0.987104 0.462022 
0.057405 0.006584 0.491768 
0.009861 0.970416 0.009861 0.009861 
0.250000 0.250000 0.250000 0.250000 
  28
0.479817 0.006311 0.046210 
0.462778 0.987104 0.462022 
0.057405 0.006584 0.491768 
0.009861 0.970416 0.009861 0.009861 
0.250000 0.250000 0.250000 0.250000 
  29
0.479817 0.006311 0.046210 
0.462778 0.987104 0.462022 
0.057405 0.006584 0.491768 
0.009861 0.009861 0.009861 0.970416 
0.250000 0.250000 0.250000 0.250000 
  30
0.479817 0.006311 0.046210 
0.462778 0.987104 0.462022 
0.057405 0.006584 0.491768 
0.970416 0.009861 0.009861 0.009861 
0.250000 0.250000 0.250000 0.250000 
  31
0.479817 0.006311 0.046210 
0.462778 0.987104 0.462022 
0.057405 0.006584 0.491768 
0.011852 0.968426 0.009861 0.009861 
0.250000 0.250000 0.250000 0.250000 
  32
0.479817 0.006311 0.046210 
0.462778 0.987104 0.462022 
0.057405 0.006584 0.491768 
0.009861 0.009861 0.011546 0.968732 
0.250000 0.250000 0.250000 0.250000 
  33
0.479817 0.006311 0.046210 
0.462778 0.987104 0.462022 
0.057405 0.006584 0.491768 
0.968303 0.011974 0.009861 0.009861 
0.250000 0.250000 0.250000 0.250000 
  34
0.479817 0.006311 0.046210 
0.462778 0.987104 0.462022 
0.057405 0.006584 0.491768 
0.968467 0.011810 0.009861 0.009861 
0.250000 0.250000 0.250000 0.250000 
  35
0.479817 0.006311 0.046210 
0.462778 0.987104 0.462022 
0.057405 0.006584 0.491768 
0.009861 0.009861 0.970416 0.009861 
0.250000 0.250000 0.250000 0.250000 
  36
0.479817 0.006311 0.046210 
0.462778 0.987104 0.462022 
0.057405 0.006584 0.491768 
0.970416 0.009861 0.009861 0.009861 
0.250000 0.250000 0.250000 0.250000 
  37
0.479817 0.006311 0.046210 
0.462778 0.987104 0.462022 
0.057405 0.006584 0.491768 
0.009861 0.009861 0.009861 0.970416 
0.250000 0.250000 0.250000 0.250000 
  38
0.479817 0.006311 0.046210 
0.462778 0.987104 0.462022 
0.057405 0.006584 0.491768 
0.009861 0.009861 0.970416 0.009861 
0.250000 0.250000 0.250000 0.250000 
  39
0.479817 0.006311 0.046210 
0.462778 0.987104 0.462022 
0.057405 0.006584 0.491768 
0.009861 0.009861 0.970416 0.009861 
0.250000 0.250000 0.250000 0.250000 
  40
0.479817 0.006311 0.046210 
0.462778 0.987104 0.462022 
0.057405 0.006584 0.491768 
0.970416 0.009861 0.009861 0.009861 
0.250000 0.250000 0.250000 0.250000 
  41
0.479817 0.006311 0.046210 
0.462778 0.987104 0.462022 
0.057405 0.006584 0.491768 
0.968522 0.011756 0.009861 0.009861 
0.250000 0.250000 0.250000 0.250000 
  42
0.479817 0.006311 0.046210 
0.462778 0.987104 0.462022 
0.057405 0.006584 0.491768 
0.013809 0.009861 0.016481 0.959849 
0.250000 0.250000 0.250000 0.250000 
  43
0.479817 0.006311 0.046210 
0.462778 0.987104 0.462022 
0.057405 0.006584 0.491768 
0.009861 0.968519 0.011759 0.009861 
0.250000 0.250000 0.250000 0.250000 
  44
0.479817 0.006311 0.046210 
0.462778 0.987104 0.462022 
0.057405 0.006584 0.491768 
0.009861 0.009861 0.970416 0.009861 
0.250000 0.250000 0.250000 0.250000 
  45
0.479817 0.006311 0.046210 
0.462778 0.987104 0.462022 
0.057405 0.006584 0.491768 
0.970416 0.009861 0.009861 0.009861 
0.250000 0.250000 0.250000 0.250000 
  46
0.479817 0.006311 0.046210 
0.462778 0.987104 0.462022 
0.057405 0.006584 0.491768 
0.009861 0.970416 0.009861 0.009861 
0.250000 0.250000 0.250000 0.250000 
  47
0.479817 0.006311 0.046210 
0.462778 0.987104 0.462022 
0.057405 0.006584 0.491768 
0.970416 0.009861 0.009861 0.009861 
0.250000 0.250000 0.250000 0.250000 
  48
0.479817 0.006311 0.046210 
0.462778 0.987104 0.462022 
0.057405 0.006584 0.491768 
0.009861 0.009861 0.009861 0.970416 
0.250000 0.250000 0.250000 0.250000 
  49
0.479817 0.006311 0.046210 
0.462778 0.987104 0.462022 
0.057405 0.006584 0.491768 
0.016638 0.012819 0.960682 0.009861 
0.250000 0.250000 0.250000 0.250000 
  50
0.479817 0.006311 0.046210 
0.462778 0.987104 0.462022 
0.057405 0.006584 0.491768 
0.009861 0.970416 0.009861 0.009861 
0.250000 0.250000 0.250000 0.250000 
  51
0.479817 0.006311 0.046210 
0.462778 0.987104 0.462022 
0.057405 0.006584 0.491768 
0.961365 0.018912 0.009861 0.009861 
0.250000 0.250000 0.250000 0.250000 
  52
0.479817 0.006311 0.046210 
0.462778 0.987104 0.462022 
0.057405 0.006584 0.491768 
0.970416 0.009861 0.009861 0.009861 
0.250000 0.250000 0.250000 0.250000 
  53
0.479817 0.006311 0.046210 
0.462778 0.987104 0.462022 
0.057405 0.006584 0.491768 
0.009861 0.009861 0.009861 0.970416 
0.250000 0.250000 0.250000 0.250000 
  54
0.479817 0.006311 0.046210 
0.462778 0.987104 0.462022 
0.057405 0.006584 0.491768 
0.011621 0.009876 0.968627 0.009876 
0.250000 0.250000 0.250000 0.250000 
  55
0.479817 0.006311 0.046210 
0.462778 0.987104 0.462022 
0.057405 0.006584 0.491768 
0.009861 0.009861 0.009861 0.970416 
0.250000 0.250000 0.250000 0.250000 
  56
0.479817 0.006311 0.046210 
0.462778 0.987104 0.462022 
0.057405 0.006584 0.491768 
0.009861 0.970416 0.009861 0.009861 
0.250000 0.250000 0.250000 0.250000 
  57
0.479817 0.006311 0.046210 
0.462778 0.987104 0.462022 
0.057405 0.006584 0.491768 
0.009861 0.009861 0.970416 0.009861 
0.250000 0.250000 0.250000 0.250000 
  58
0.479817 0.006311 0.046210 
0.462778 0.987104 0.462022 
0.057405 0.006584 0.491768 
0.970416 0.009861 0.009861 0.009861 
0.250000 0.250000 0.250000 0.250000 
  59
0.479817 0.006311 0.046210 
0.462778 0.987104 0.462022 
0.057405 0.006584 0.491768 
0.009861 0.009861 0.970416 0.009861 
0.250000 0.250000 0.250000 0.250000 
  60
0.479817 0.006311 0.046210 
0.462778 0.987104 0.462022 
0.057405 0.006584 0.491768 
0.009861 0.009861 0.011954 0.968323 
0.250000 0.250000 0.250000 0.250000 
  61
0.479817 0.006311 0.046210 
0.462778 0.987104 0.462022 
0.057405 0.006584 0.491768 
0.009861 0.970416 0.009861 0.009861 
0.250000 0.250000 0.250000 0.250000 
  62
0.479817 0.006311 0.046210 
0.462778 0.987104 0.462022 
0.057405 0.006584 0.491768 
0.009861 0.970416 0.009861 0.009861 
0.250000 0.250000 0.250000 0.250000 
  63
0.479817 0.006311 0.046210 
0.462778 0.987104 0.462022 
0.057405 0.006584 0.491768 
0.013152 0.967126 0.009861 0.009861 
0.250000 0.250000 0.250000 0.250000 
  64
0.479817 0.006311 0.046210 
0.462778 0.987104 0.462022 
0.057405 0.006584 0.491768 
0.968302 0.011945 0.009877 0.009877 
0.250000 0.250000 0.250000 0.250000 
  65
0.479817 0.006311 0.046210 
0.462778 0.987104 0.462022 
0.057405 0.006584 0.491768 
0.009861 0.009861 0.009861 0.970416 
0.250000 0.250000 0.250000 0.250000 
  66
0.479817 0.006311 0.046210 
0.462778 0.987104 0.462022 
0.057405 0.006584 0.491768 
0.970416 0.009861 0.009861 0.009861 
0.250000 0.250000 0.250000 0.250000 
  67
0.479817 0.006311 0.046210 
0.462778 0.987104 0.462022 
0.057405 0.006584 0.491768 
0.970416 0.009861 0.009861 0.009861 
0.250000 0.250000 0.250000 0.250000 
  68
0.479817 0.006311 0.046210 
0.462778 0.987104 0.462022 
0.057405 0.006584 0.491768 
0.009861 0.009861 0.970416 0.009861 
0.250000 0.250000 0.250000 0.250000 
  69
0.479817 0.006311 0.046210 
0.462778 0.987104 0.462022 
0.057405 0.006584 0.491768 
0.941065 0.039213 0.009861 0.009861 
0.250000 0.250000 0.250000 0.250000 
  70
0.479817 0.006311 0.046210 
0.462778 0.987104 0.462022 
0.057405 0.006584 0.491768 
0.009861 0.009861 0.009861 0.970416 
0.250000 0.250000 0.250000 0.250000 
  71
0.479817 0.006311 0.046210 
0.462778 0.987104 0.462022 
0.057405 0.006584 0.491768 
0.009861 0.009861 0.968634 0.011644 
0.250000 0.250000 0.250000 0.250000 
  72
0.479817 0.006311 0.046210 
0.462778 0.987104 0.462022 
0.057405 0.006584 0.491768 
0.013127 0.967150 0.009861 0.009861 
0.250000 0.250000 0.250000 0.250000 
  73
0.479817 0.006311 0.046210 
0.462778 0.987104 0.462022 
0.057405 0.006584 0.491768 
0.011560 0.009861 0.009861 0.968717 
0.250000 0.250000 0.250000 0.250000 
  74
0.479817 0.006311 0.046210 
0.462778 0.987104 0.462022 
0.057405 0.006584 0.491768 
0.009861 0.009861 0.970416 0.009861 
0.250000 0.250000 0.250000 0.250000 
  75
0.479817 0.006311 0.046210 
0.462778 0.987104 0.462022 
0.057405 0.006584 0.491768 
0.970416 0.009861 0.009861 0.009861 
0.250000 0.250000 0.250000 0.250000 
  76
0.479817 0.006311 0.046210 
0.462778 0.987104 0.462022 
0.057405 0.006584 0.491768 
0.963640 0.016638 0.009861 0.009861 
0.250000 0.250000 0.250000 0.250000 
  77
0.479817 0.006311 0.046210 
0.462778 0.987104 0.462022 
0.057405 0.006584 0.491768 
0.968524 0.011753 0.009861 0.009861 
0.250000 0.250000 0.250000 0.250000 
  78
0.479817 0.006311 0.046210 
0.462778 0.987104 0.462022 
0.057405 0.006584 0.491768 
0.009861 0.009861 0.967929 0.012348 
0.250000 0.250000 0.250000 0.250000 
  79
0.479817 0.006311 0.046210 
0.462778 0.987104 0.462022 
0.057405 0.006584 0.491768 
0.009861 0.009861 0.009861 0.970416 
0.250000 0.250000 0.250000 0.250000 
  80
0.479817 0.006311 0.046210 
0.462778 0.987104 0.462022 
0.057405 0.006584 0.491768 
0.009861 0.009861 0.970416 0.009861 
0.250000 0.250000 0.250000 0.250000 
  81
0.479817 0.006311 0.046210 
0.462778 0.987104 0.462022 
0.057405 0.006584 0.491768 
0.970416 0.009861 0.009861 0.009861 
0.250000 0.250000 0.250000 0.250000 
  82
0.479817 0.006311 0.046210 
0.462778 0.987104 0.462022 
0.057405 0.006584 0.491768 
0.009861 0.009861 0.970416 0.009861 
0.250000 0.250000 0.250000 0.250000 
  83
0.479817 0.006311 0.046210 
0.462778 0.987104 0.462022 
0.057405 0.006584 0.491768 
0.009861 0.009861 0.970416 0.009861 
0.250000 0.250000 0.250000 0.250000 
  84
0.479817 0.006311 0.046210 
0.462778 0.987104 0.462022 
0.057405 0.006584 0.491768 
0.967112 0.009861 0.009861 0.013165 
0.250000 0.250000 0.250000 0.250000 
  85
0.479817 0.006311 0.046210 
0.462778 0.987104 0.462022 
0.057405 0.006584 0.491768 
0.009861 0.009861 0.970416 0.009861 
0.250000 0.250000 0.250000 0.250000 
  86
0.479817 0.006311 0.046210 
0.462778 0.987104 0.462022 
0.057405 0.006584 0.491768 
0.970416 0.009861 0.009861 0.009861 
0.250000 0.250000 0.250000 0.250000 
  87
0.479817 0.006311 0.046210 
0.462778 0.987104 0.462022 
0.057405 0.006584 0.491768 
0.009861 0.009861 0.009861 0.970416 
0.250000 0.250000 0.250000 0.250000 
  88
0.479817 0.006311 0.046210 
0.462778 0.987104 0.462022 
0.057405 0.006584 0.491768 
0.016405 0.963873 0.009861 0.009861 
0.250000 0.250000 0.250000 0.250000 
  89
0.479817 0.006311 0.046210 
0.462778 0.987104 0.462022 
0.057405 0.006584 0.491768 
0.009861 0.009861 0.009861 0.970416 
0.250000 0.250000 0.250000 0.250000 
  90
0.479817 0.006311 0.046210 
0.462778 0.987104 0.462022 
0.057405 0.006584 0.491768 
0.059336 0.009861 0.915645 0.015158 
0.250000 0.250000 0.250000 0.250000 
  91
0.479817 0.006311 0.046210 
0.462778 0.987104 0.462022 
0.057405 0.006584 0.491768 
0.009861 0.970416 0.009861 0.009861 
0.250000 0.250000 0.250000 0.250000 
  92
0.479817 0.006311 0.046210 
0.462778 0.987104 0.462022 
0.057405 0.006584 0.491768 
0.009861 0.009861 0.009861 0.970416 
0.250000 0.250000 0.250000 0.250000 
  93
0.479817 0.006311 0.046210 
0.462778 0.987104 0.462022 
0.057405 0.006584 0.491768 
0.009861 0.009861 0.968695 0.011582 
0.250000 0.250000 0.250000 0.250000 
  94
0.479817 0.006311 0.046210 
0.462778 0.987104 0.462022 
0.057405 0.006584 0.491768 
0.970416 0.009861 0.009861 0.009861 
0.250000 0.250000 0.250000 0.250000 
  95
0.479817 0.006311 0.046210 
0.462778 0.987104 0.462022 
0.057405 0.006584 0.491768 
0.970416 0.009861 0.009861 0.009861 
0.250000 0.250000 0.250000 0.250000 
  96
0.479817 0.006311 0.046210 
0.462778 0.987104 0.462022 
0.057405 0.006584 0.491768 
0.970416 0.009861 0.009861 0.009861 
0.250000 0.250000 0.250000 0.250000 
  97
0.479817 0.006311 0.046210 
0.462778 0.987104 0.462022 
0.057405 0.006584 0.491768 
0.970416 0.009861 0.009861 0.009861 
0.250000 0.250000 0.250000 0.250000 
  98
0.479817 0.006311 0.046210 
0.462778 0.987104 0.462022 
0.057405 0.006584 0.491768 
0.009861 0.009861 0.970416 0.009861 
0.250000 0.250000 0.250000 0.250000 
  99
0.479817 0.006311 0.046210 
0.462778 0.987104 0.462022 
0.057405 0.006584 0.491768 
0.009861 0.009861 0.011578 0.968699 
0.250000 0.250000 0.250000 0.250000 
 100
0.479817 0.006311 0.046210 
0.462778 0.987104 0.462022 
0.057405 0.006584 0.491768 
0.009861 0.970416 0.009861 0.009861 
0.250000 0.250000 0.250000 0.250000 
 101
0.479817 0.006311 0.046210 
0.462778 0.987104 0.462022 
0.057405 0.006584 0.491768 
0.009861 0.009861 0.970416 0.009861 
0.250000 0.250000 0.250000 0.250000 
 102
0.479817 0.006311 0.046210 
0.462778 0.987104 0.462022 
0.057405 0.006584 0.491768 
0.009861 0.009861 0.018313 0.961964 
0.250000 0.250000 0.250000 0.250000 
 103
0.479817 0.006311 0.046210 
0.462778 0.987104 0.462022 
0.057405 0.006584 0.491768 
0.970416 0.009861 0.009861 0.009861 
0.250000 0.250000 0.250000 0.250000 
 104
0.479817 0.006311 0.046210 
0.462778 0.987104 0.462022 
0.057405 0.006584 0.491768 
0.009861 0.009861 0.970416 0.009861 
0.250000 0.250000 0.250000 0.250000 
 105
0.479817 0.006311 0.046210 
0.462778 0.987104 0.462022 
0.057405 0.006584 0.491768 
0.009861 0.009861 0.011578 0.968699 
0.250000 0.250000 0.250000 0.250000 
 106
0.479817 0.006311 0.046210 
0.462778 0.987104 0.462022 
0.057405 0.006584 0.491768 
0.009861 0.009861 0.970416 0.009861 
0.250000 0.250000 0.250000 0.250000 
 107
0.479817 0.006311 0.046210 
0.462778 0.987104 0.462022 
0.057405 0.006584 0.491768 
0.970416 0.009861 0.009861 0.009861 
0.250000 0.250000 0.250000 0.250000 
 108
0.479817 0.006311 0.046210 
0.462778 0.987104 0.462022 
0.057405 0.006584 0.491768 
0.970416 0.009861 0.009861 0.009861 
0.250000 0.250000 0.250000 0.250000 
 109
0.479817 0.006311 0.046210 
0.462778 0.987104 0.462022 
0.057405 0.006584 0.491768 
0.009861 0.970416 0.009861 0.009861 
0.250000 0.250000 0.250000 0.250000 
 110
0.479817 0.006311 0.046210 
0.462778 0.987104 0.462022 
0.057405 0.006584 0.491768 
0.009861 0.970416 0.009861 0.009861 
0.250000 0.250000 0.250000 0.250000 
 111
0.479817 0.006311 0.046210 
0.462778 0.987104 0.462022 
0.057405 0.006584 0.491768 
0.011542 0.968735 0.009861 0.009861 
0.250000 0.250000 0.250000 0.250000 
 112
0.479817 0.006311 0.046210 
0.462778 0.987104 0.462022 
0.057405 0.006584 0.491768 
0.009861 0.970416 0.009861 0.009861 
0.250000 0.250000 0.250000 0.250000 
 113
0.479817 0.006311 0.046210 
0.462778 0.987104 0.462022 
0.057405 0.006584 0.491768 
0.970416 0.009861 0.009861 0.009861 
0.250000 0.250000 0.250000 0.250000 
 114
0.479817 0.006311 0.046210 
0.462778 0.987104 0.462022 
0.057405 0.006584 0.491768 
0.089413 0.890837 0.009875 0.009875 
0.250000 0.250000 0.250000 0.250000 
 115
0.479817 0.006311 0.046210 
0.462778 0.987104 0.462022 
0.057405 0.006584 0.491768 
0.009861 0.970416 0.009861 0.009861 
0.250000 0.250000 0.250000 0.250000 
 116
0.479817 0.006311 0.046210 
0.462778 0.987104 0.462022 
0.057405 0.006584 0.491768 
0.009861 0.009861 0.009861 0.970416 
0.250000 0.250000 0.250000 0.250000 
 117
0.479817 0.006311 0.046210 
0.462778 0.987104 0.462022 
0.057405 0.006584 0.491768 
0.045278 0.009861 0.927430 0.017431 
0.250000 0.250000 0.250000 0.250000 
 118
0.479817 0.006311 0.046210 
0.462778 0.987104 0.462022 
0.057405 0.006584 0.491768 
0.970416 0.009861 0.009861 0.009861 
0.250000 0.250000 0.250000 0.250000 
 119
0.479817 0.006311 0.046210 
0.462778 0.987104 0.462022 
0.057405 0.006584 0.491768 
0.970416 0.009861 0.009861 0.009861 
0.250000 0.250000 0.250000 0.250000 
 120
0.479817 0.006311 0.046210 
0.462778 0.987104 0.462022 
0.057405 0.006584 0.491768 
0.011537 0.009861 0.009861 0.968740 
0.250000 0.250000 0.250000 0.250000 
 121
0.479817 0.006311 0.046210 
0.462778 0.987104 0.462022 
0.057405 0.006584 0.491768 
0.009861 0.970416 0.009861 0.009861 
0.250000 0.250000 0.250000 0.250000 
 122
0.479817 0.006311 0.046210 
0.462778 0.987104 0.462022 
0.057405 0.006584 0.491768 
0.009861 0.009861 0.009861 0.970416 
0.250000 0.250000 0.250000 0.250000 
 123
0.479817 0.006311 0.046210 
0.462778 0.987104 0.462022 
0.057405 0.006584 0.491768 
0.049356 0.928814 0.009861 0.011969 
0.250000 0.250000 0.250000 0.250000 
 124
0.479817 0.006311 0.046210 
0.462778 0.987104 0.462022 
0.057405 0.006584 0.491768 
0.970416 0.009861 0.009861 0.009861 
0.250000 0.250000 0.250000 0.250000 
 125
0.479817 0.006311 0.046210 
0.462778 0.987104 0.462022 
0.057405 0.006584 0.491768 
0.009861 0.009861 0.970416 0.009861 
0.250000 0.250000 0.250000 0.250000 
 126
0.479817 0.006311 0.046210 
0.462778 0.987104 0.462022 
0.057405 0.006584 0.491768 
0.009861 0.011878 0.011797 0.966463 
0.250000 0.250000 0.250000 0.250000 
 127
0.479817 0.006311 0.046210 
0.462778 0.987104 0.462022 
0.057405 0.006584 0.491768 
0.009861 0.970416 0.009861 0.009861 
0.250000 0.250000 0.250000 0.250000 
 128
0.479817 0.006311 0.046210 
0.462778 0.987104 0.462022 
0.057405 0.006584 0.491768 
0.009861 0.970416 0.009861 0.009861 
0.250000 0.250000 0.250000 0.250000 
 129
0.479817 0.006311 0.046210 
0.462778 0.987104 0.462022 
0.057405 0.006584 0.491768 
0.009861 0.009861 0.050398 0.929880 
0.250000 0.250000 0.250000 0.250000 
 130
0.479817 0.006311 0.046210 
0.462778 0.987104 0.462022 
0.057405 0.006584 0.491768 
0.013950 0.966327 0.009861 0.009861 
0.250000 0.250000 0.250000 0.250000 
 131
0.479817 0.006311 0.046210 
0.462778 0.987104 0.462022 
0.057405 0.006584 0.491768 
0.009861 0.009861 0.009861 0.970416 
0.250000 0.250000 0.250000 0.250000 
 132
0.479817 0.006311 0.046210 
0.462778 0.987104 0.462022 
0.057405 0.006584 0.491768 
0.926200 0.054078 0.009861 0.009861 
0.250000 0.250000 0.250000 0.250000 
 133
0.479817 0.006311 0.046210 
0.462778 0.987104 0.462022 
0.057405 0.006584 0.491768 
0.970416 0.009861 0.009861 0.009861 
0.250000 0.250000 0.250000 0.250000 
 134
0.479817 0.006311 0.046210 
0.462778 0.987104 0.462022 
0.057405 0.006584 0.491768 
0.009861 0.009861 0.009861 0.970416 
0.250000 0.250000 0.250000 0.250000 
 135
0.479817 0.006311 0.046210 
0.462778 0.987104 0.462022 
0.057405 0.006584 0.491768 
0.970416 0.009861 0.009861 0.009861 
0.250000 0.250000 0.250000 0.250000 
 136
0.479817 0.006311 0.046210 
0.462778 0.987104 0.462022 
0.057405 0.006584 0.491768 
0.009861 0.009861 0.966844 0.013433 
0.250000 0.250000 0.250000 0.250000 
 137
0.479817 0.006311 0.046210 
0.462778 0.987104 0.462022 
0.057405 0.006584 0.491768 
0.009861 0.009861 0.970416 0.009861 
0.250000 0.250000 0.250000 0.250000 
 138
0.479817 0.006311 0.046210 
0.462778 0.987104 0.462022 
0.057405 0.006584 0.491768 
0.970416 0.009861 0.009861 0.009861 
0.250000 0.250000 0.250000 0.250000 
 139
0.479817 0.006311 0.046210 
0.462778 0.987104 0.462022 
0.057405 0.006584 0.491768 
0.009861 0.009861 0.963439 0.016838 
0.250000 0.250000 0.250000 0.250000 
 140
0.479817 0.006311 0.046210 
0.462778 0.987104 0.462022 
0.057405 0.006584 0.491768 
0.009861 0.009861 0.009861 0.970416 
0.250000 0.250000 0.250000 0.250000 
 141
0.479817 0.006311 0.046210 
0.462778 0.987104 0.462022 
0.057405 0.006584 0.491768 
0.013165 0.967112 0.009861 0.009861 
0.250000 0.250000 0.250000 0.250000 
 142
0.479817 0.006311 0.046210 
0.462778 0.987104 0.462022 
0.057405 0.006584 0.491768 
0.970416 0.009861 0.009861 0.009861 
0.250000 0.250000 0.250000 0.250000 
 143
0.479817 0.006311 0.046210 
0.462778 0.987104 0.462022 
0.057405 0.006584 0.491768 
0.009861 0.009861 0.970416 0.009861 
0.250000 0.250000 0.250000 0.250000 
 144
0.479817 0.006311 0.046210 
0.462778 0.987104 0.462022 
0.057405 0.006584 0.491768 
0.970416 0.009861 0.009861 0.009861 
0.250000 0.250000 0.250000 0.250000 
 145
0.479817 0.006311 0.046210 
0.462778 0.987104 0.462022 
0.057405 0.006584 0.491768 
0.970416 0.009861 0.009861 0.009861 
0.250000 0.250000 0.250000 0.250000 
 146
0.479817 0.006311 0.046210 
0.462778 0.987104 0.462022 
0.057405 0.006584 0.491768 
0.009861 0.009861 0.968791 0.011486 
0.250000 0.250000 0.250000 0.250000 
 147
0.479817 0.006311 0.046210 
0.462778 0.987104 0.462022 
0.057405 0.006584 0.491768 
0.970416 0.009861 0.009861 0.009861 
0.250000 0.250000 0.250000 0.250000 
 148
0.479817 0.006311 0.046210 
0.462778 0.987104 0.462022 
0.057405 0.006584 0.491768 
0.970416 0.009861 0.009861 0.009861 
0.250000 0.250000 0.250000 0.250000 
 149
0.479817 0.006311 0.046210 
0.462778 0.987104 0.462022 
0.057405 0.006584 0.491768 
0.009861 0.009861 0.970416 0.009861 
0.250000 0.250000 0.250000 0.250000 
 150
0.479817 0.006311 0.046210 
0.462778 0.987104 0.462022 
0.057405 0.006584 0.491768 
0.970416 0.009861 0.009861 0.009861 
0.250000 0.250000 0.250000 0.250000 
 151
0.479817 0.006311 0.046210 
0.462778 0.987104 0.462022 
0.057405 0.006584 0.491768 
0.009861 0.009861 0.970416 0.009861 
0.250000 0.250000 0.250000 0.250000 
 152
0.479817 0.006311 0.046210 
0.462778 0.987104 0.462022 
0.057405 0.006584 0.491768 
0.009861 0.009861 0.967696 0.012581 
0.250000 0.250000 0.250000 0.250000 
 153
0.479817 0.006311 0.046210 
0.462778 0.987104 0.462022 
0.057405 0.006584 0.491768 
0.017619 0.009861 0.951277 0.021243 
0.250000 0.250000 0.250000 0.250000 
 154
0.479817 0.006311 0.046210 
0.462778 0.987104 0.462022 
0.057405 0.006584 0.491768 
0.970416 0.009861 0.009861 0.009861 
0.250000 0.250000 0.250000 0.250000 
 155
0.479817 0.006311 0.046210 
0.462778 0.987104 0.462022 
0.057405 0.006584 0.491768 
0.009861 0.009861 0.961907 0.018370 
0.250000 0.250000 0.250000 0.250000 
 156
0.479817 0.006311 0.046210 
0.462778 0.987104 0.462022 
0.057405 0.006584 0.491768 
0.009861 0.016193 0.960022 0.013923 
0.250000 0.250000 0.250000 0.250000 
 157
0.479817 0.006311 0.046210 
0.462778 0.987104 0.462022 
0.057405 0.006584 0.491768 
0.970416 0.009861 0.009861 0.009861 
0.250000 0.250000 0.250000 0.250000 
 158
0.479817 0.006311 0.046210 
0.462778 0.987104 0.462022 
0.057405 0.006584 0.491768 
0.968320 0.011958 0.009861 0.009861 
0.250000 0.250000 0.250000 0.250000 
 159
0.479817 0.006311 0.046210 
0.462778 0.987104 0.462022 
0.057405 0.006584 0.491768 
0.970416 0.009861 0.009861 0.009861 
0.250000 0.250000 0.250000 0.250000 
 160
0.479817 0.006311 0.046210 
0.462778 0.987104 0.462022 
0.057405 0.006584 0.491768 
0.009861 0.009861 0.009861 0.970416 
0.250000 0.250000 0.250000 0.250000 
 161
0.479817 0.006311 0.046210 
0.462778 0.987104 0.462022 
0.057405 0.006584 0.491768 
0.009861 0.009861 0.970416 0.009861 
0.250000 0.250000 0.250000 0.250000 
 162
0.479817 0.006311 0.046210 
0.462778 0.987104 0.462022 
0.057405 0.006584 0.491768 
0.009861 0.009861 0.014755 0.965522 
0.250000 0.250000 0.250000 0.250000 
 163
0.479817 0.006311 0.046210 
0.462778 0.987104 0.462022 
0.057405 0.006584 0.491768 
0.009861 0.009861 0.968498 0.011779 
0.250000 0.250000 0.250000 0.250000 
 164
0.479817 0.006311 0.046210 
0.462778 0.987104 0.462022 
0.057405 0.006584 0.491768 
0.970416 0.009861 0.009861 0.009861 
0.250000 0.250000 0.250000 0.250000 
 165
0.479817 0.006311 0.046210 
0.462778 0.987104 0.462022 
0.057405 0.006584 0.491768 
0.009861 0.009861 0.016510 0.963767 
0.250000 0.250000 0.250000 0.250000 
 166
0.479817 0.006311 0.046210 
0.462778 0.987104 0.462022 
0.057405 0.006584 0.491768 
0.009861 0.009861 0.009861 0.970416 
0.250000 0.250000 0.250000 0.250000 
 167
0.479817 0.006311 0.046210 
0.462778 0.987104 0.462022 
0.057405 0.006584 0.491768 
0.009861 0.009861 0.009861 0.970416 
0.250000 0.250000 0.250000 0.250000 
 168
0.479817 0.006311 0.046210 
0.462778 0.987104 0.462022 
0.057405 0.006584 0.491768 
0.009861 0.009861 0.017412 0.962865 
0.250000 0.250000 0.250000 0.250000 
 169
0.479817 0.006311 0.046210 
0.462778 0.987104 0.462022 
0.057405 0.006584 0.491768 
0.009861 0.968526 0.009861 0.011751 
0.250000 0.250000 0.250000 0.250000 
 170
0.479817 0.006311 0.046210 
0.462778 0.987104 0.462022 
0.057405 0.006584 0.491768 
0.009861 0.009861 0.970416 0.009861 
0.250000 0.250000 0.250000 0.250000 
 171
0.479817 0.006311 0.046210 
0.462778 0.987104 0.462022 
0.057405 0.006584 0.491768 
0.970416 0.009861 0.009861 0.009861 
0.250000 0.250000 0.250000 0.250000 
 172
0.479817 0.006311 0.046210 
0.462778 0.987104 0.462022 
0.057405 0.006584 0.491768 
0.970416 0.009861 0.009861 0.009861 
0.250000 0.250000 0.250000 0.250000 
 173
0.479817 0.006311 0.046210 
0.462778 0.987104 0.462022 
0.057405 0.006584 0.491768 
0.970416 0.009861 0.009861 0.009861 
0.250000 0.250000 0.250000 0.250000 
 174
0.479817 0.006311 0.046210 
0.462778 0.987104 0.462022 
0.057405 0.006584 0.491768 
0.009861 0.009861 0.009861 0.970416 
0.250000 0.250000 0.250000 0.250000 
 175
0.479817 0.006311 0.046210 
0.462778 0.987104 0.462022 
0.057405 0.006584 0.491768 
0.009861 0.009861 0.970416 0.009861 
0.250000 0.250000 0.250000 0.250000 
 176
0.479817 0.006311 0.046210 
0.462778 0.987104 0.462022 
0.057405 0.006584 0.491768 
0.009861 0.009861 0.009861 0.970416 
0.250000 0.250000 0.250000 0.250000 
 177
0.479817 0.006311 0.046210 
0.462778 0.987104 0.462022 
0.057405 0.006584 0.491768 
0.013138 0.009861 0.963192 0.013809 
0.250000 0.250000 0.250000 0.250000 
 178
0.479817 0.006311 0.046210 
0.462778 0.987104 0.462022 
0.057405 0.006584 0.491768 
0.968440 0.011838 0.009861 0.009861 
0.250000 0.250000 0.250000 0.250000 
 179
0.479817 0.006311 0.046210 
0.462778 0.987104 0.462022 
0.057405 0.006584 0.491768 
0.970416 0.009861 0.009861 0.009861 
0.250000 0.250000 0.250000 0.250000 
 180
0.479817 0.006311 0.046210 
0.462778 0.987104 0.462022 
0.057405 0.006584 0.491768 
0.963657 0.016620 0.009861 0.009861 
0.250000 0.250000 0.250000 0.250000 
 181
0.479817 0.006311 0.046210 
0.462778 0.987104 0.462022 
0.057405 0.006584 0.491768 
0.009861 0.970416 0.009861 0.009861 
0.250000 0.250000 0.250000 0.250000 
 182
0.479817 0.006311 0.046210 
0.462778 0.987104 0.462022 
0.057405 0.006584 0.491768 
0.009861 0.970416 0.009861 0.009861 
0.250000 0.250000 0.250000 0.250000 
 183
0.479817 0.006311 0.046210 
0.462778 0.987104 0.462022 
0.057405 0.006584 0.491768 
0.968578 0.011700 0.009861 0.009861 
0.250000 0.250000 0.250000 0.250000 
 184
0.479817 0.006311 0.046210 
0.462778 0.987104 0.462022 
0.057405 0.006584 0.491768 
0.970416 0.009861 0.009861 0.009861 
0.250000 0.250000 0.250000 0.250000 
 185
0.479817 0.006311 0.046210 
0.462778 0.987104 0.462022 
0.057405 0.006584 0.491768 
0.009875 0.009875 0.970374 0.009875 
0.250000 0.250000 0.250000 0.250000 
 186
0.479817 0.006311 0.046210 
0.462778 0.987104 0.462022 
0.057405 0.006584 0.491768 
0.968453 0.011824 0.009861 0.009861 
0.250000 0.250000 0.250000 0.250000 
 187
0.479817 0.006311 0.046210 
0.462778 0.987104 0.462022 
0.057405 0.006584 0.491768 
0.011626 0.968616 0.009879 0.009879 
0.250000 0.250000 0.250000 0.250000 
 188
0.479817 0.006311 0.046210 
0.462778 0.987104 0.462022 
0.057405 0.006584 0.491768 
0.970416 0.009861 0.009861 0.009861 
0.250000 0.250000 0.250000 0.250000 
 189
0.479817 0.006311 0.046210 
0.462778 0.987104 0.462022 
0.057405 0.006584 0.491768 
0.960869 0.019408 0.009861 0.009861 
0.250000 0.250000 0.250000 0.250000 
 190
0.479817 0.006311 0.046210 
0.462778 0.987104 0.462022 
0.057405 0.006584 0.491768 
0.970416 0.009861 0.009861 0.009861 
0.250000 0.250000 0.250000 0.250000 
 191
0.479817 0.006311 0.046210 
0.462778 0.987104 0.462022 
0.057405 0.006584 0.491768 
0.009861 0.009861 0.970416 0.009861 
0.250000 0.250000 0.250000 0.250000 
 192
0.479817 0.006311 0.046210 
0.462778 0.987104 0.462022 
0.057405 0.006584 0.491768 
0.009861 0.009861 0.970416 0.009861 
0.250000 0.250000 0.250000 0.250000 
 193
0.479817 0.006311 0.046210 
0.462778 0.987104 0.462022 
0.057405 0.006584 0.491768 
0.970416 0.009861 0.009861 0.009861 
0.250000 0.250000 0.250000 0.250000 
 194
0.479817 0.006311 0.046210 
0.462778 0.987104 0.462022 
0.057405 0.006584 0.491768 
0.009861 0.970416 0.009861 0.009861 
0.250000 0.250000 0.250000 0.250000 
 195
0.479817 0.006311 0.046210 
0.462778 0.987104 0.462022 
0.057405 0.006584 0.491768 
0.970416 0.009861 0.009861 0.009861 
0.250000 0.250000 0.250000 0.250000 
 196
0.479817 0.006311 0.046210 
0.462778 0.987104 0.462022 
0.057405 0.006584 0.491768 
0.009861 0.970416 0.009861 0.009861 
0.250000 0.250000 0.250000 0.250000 
 197
0.479817 0.006311 0.046210 
0.462778 0.987104 0.462022 
0.057405 0.006584 0.491768 
0.009861 0.970416 0.009861 0.009861 
0.250000 0.250000 0.250000 0.250000 
 198
0.479817 0.006311 0.046210 
0.462778 0.987104 0.462022 
0.057405 0.006584 0.491768 
0.047822 0.932455 0.009861 0.009861 
0.250000 0.250000 0.250000 0.250000 
 199
0.479817 0.006311 0.046210 
0.462778 0.987104 0.462022 
0.057405 0.006584 0.491768 
0.968747 0.011531 0.009861 0.009861 
0.250000 0.250000 0.250000 0.250000 
 200
0.479817 0.006311 0.046210 
0.462778 0.987104 0.462022 
0.057405 0.006584 0.491768 
0.970416 0.009861 0.009861 0.009861 
0.250000 0.250000 0.250000 0.250000 
 201
0.479817 0.006311 0.046210 
0.462778 0.987104 0.462022 
0.057405 0.006584 0.491768 
0.966324 0.009861 0.013953 0.009861 
0.250000 0.250000 0.250000 0.250000 
 202
0.479817 0.006311 0.046210 
0.462778 0.987104 0.462022 
0.057405 0.006584 0.491768 
0.009861 0.009861 0.970416 0.009861 
0.250000 0.250000 0.250000 0.250000 
 203
0.479817 0.006311 0.046210 
0.462778 0.987104 0.462022 
0.057405 0.006584 0.491768 
0.009861 0.009861 0.009861 0.970416 
0.250000 0.250000 0.250000 0.250000 
 204
0.479817 0.006311 0.046210 
0.462778 0.987104 0.462022 
0.057405 0.006584 0.491768 
0.970416 0.009861 0.009861 0.009861 
0.250000 0.250000 0.250000 0.250000 
 205
0.479817 0.006311 0.046210 
0.462778 0.987104 0.462022 
0.057405 0.006584 0.491768 
0.009861 0.009861 0.009861 0.970416 
0.250000 0.250000 0.250000 0.250000 
 206
0.479817 0.006311 0.046210 
0.462778 0.987104 0.462022 
0.057405 0.006584 0.491768 
0.009861 0.970416 0.009861 0.009861 
0.250000 0.250000 0.250000 0.250000 
 207
0.479817 0.006311 0.046210 
0.462778 0.987104 0.462022 
0.057405 0.006584 0.491768 
0.009861 0.009861 0.970416 0.009861 
0.250000 0.250000 0.250000 0.250000 
 208
0.479817 0.006311 0.046210 
0.462778 0.987104 0.462022 
0.057405 0.006584 0.491768 
0.009861 0.009861 0.970416 0.009861 
0.250000 0.250000 0.250000 0.250000 
 209
0.479817 0.006311 0.046210 
0.462778 0.987104 0.462022 
0.057405 0.006584 0.491768 
0.009861 0.009861 0.970416 0.009861 
0.250000 0.250000 0.250000 0.250000 
 210
0.479817 0.006311 0.046210 
0.462778 0.987104 0.462022 
0.057405 0.006584 0.491768 
0.970416 0.009861 0.009861 0.009861 
0.250000 0.250000 0.250000 0.250000 
 211
0.479817 0.006311 0.046210 
0.462778 0.987104 0.462022 
0.057405 0.006584 0.491768 
0.967112 0.013165 0.009861 0.009861 
0.250000 0.250000 0.250000 0.250000 
 212
0.479817 0.006311 0.046210 
0.462778 0.987104 0.462022 
0.057405 0.006584 0.491768 
0.968765 0.009861 0.011513 0.009861 
0.250000 0.250000 0.250000 0.250000 
 213
0.479817 0.006311 0.046210 
0.462778 0.987104 0.462022 
0.057405 0.006584 0.491768 
0.967112 0.009861 0.013165 0.009861 
0.250000 0.250000 0.250000 0.250000 
 214
0.479817 0.006311 0.046210 
0.462778 0.987104 0.462022 
0.057405 0.006584 0.491768 
0.009861 0.009861 0.009861 0.970416 
0.250000 0.250000 0.250000 0.250000 
 215
0.479817 0.006311 0.046210 
0.462778 0.987104 0.462022 
0.057405 0.006584 0.491768 
0.009861 0.970416 0.009861 0.009861 
0.250000 0.250000 0.250000 0.250000 
 216
0.479817 0.006311 0.046210 
0.462778 0.987104 0.462022 
0.057405 0.006584 0.491768 
0.009861 0.009861 0.965112 0.015165 
0.250000 0.250000 0.250000 0.250000 
 217
0.479817 0.006311 0.046210 
0.462778 0.987104 0.462022 
0.057405 0.006584 0.491768 
0.009861 0.009861 0.963428 0.016849 
0.250000 0.250000 0.250000 0.250000 
 218
0.479817 0.006311 0.046210 
0.462778 0.987104 0.462022 
0.057405 0.006584 0.491768 
0.009861 0.009861 0.960970 0.019307 
0.250000 0.250000 0.250000 0.250000 
 219
0.479817 0.006311 0.046210 
0.462778 0.987104 0.462022 
0.057405 0.006584 0.491768 
0.009861 0.009861 0.967281 0.012997 
0.250000 0.250000 0.250000 0.250000 
 220
0.479817 0.006311 0.046210 
0.462778 0.987104 0.462022 
0.057405 0.006584 0.491768 
0.970416 0.009861 0.009861 0.009861 
0.250000 0.250000 0.250000 0.250000 
 221
0.479817 0.006311 0.046210 
0.462778 0.987104 0.462022 
0.057405 0.006584 0.491768 
0.970416 0.009861 0.009861 0.009861 
0.250000 0.250000 0.250000 0.250000 
 222
0.479817 0.006311 0.046210 
0.462778 0.987104 0.462022 
0.057405 0.006584 0.491768 
0.009861 0.009861 0.960058 0.020219 
0.250000 0.250000 0.250000 0.250000 
 223
0.479817 0.006311 0.046210 
0.462778 0.987104 0.462022 
0.057405 0.006584 0.491768 
0.009861 0.009861 0.009861 0.970416 
0.250000 0.250000 0.250000 0.250000 
 224
0.479817 0.006311 0.046210 
0.462778 0.987104 0.462022 
0.057405 0.006584 0.491768 
0.009861 0.970416 0.009861 0.009861 
0.250000 0.250000 0.250000 0.250000 
 225
0.479817 0.006311 0.046210 
0.462778 0.987104 0.462022 
0.057405 0.006584 0.491768 
0.009861 0.009861 0.970416 0.009861 
0.250000 0.250000 0.250000 0.250000 
 226
0.479817 0.006311 0.046210 
0.462778 0.987104 0.462022 
0.057405 0.006584 0.491768 
0.970416 0.009861 0.009861 0.009861 
0.250000 0.250000 0.250000 0.250000 
 227
0.479817 0.006311 0.046210 
0.462778 0.987104 0.462022 
0.057405 0.006584 0.491768 
0.009861 0.009861 0.970416 0.009861 
0.250000 0.250000 0.250000 0.250000 
 228
0.479817 0.006311 0.046210 
0.462778 0.987104 0.462022 
0.057405 0.006584 0.491768 
0.968328 0.009861 0.011949 0.009861 
0.250000 0.250000 0.250000 0.250000 
 229
0.479817 0.006311 0.046210 
0.462778 0.987104 0.462022 
0.057405 0.006584 0.491768 
0.009861 0.970416 0.009861 0.009861 
0.250000 0.250000 0.250000 0.250000 
 230
0.479817 0.006311 0.046210 
0.462778 0.987104 0.462022 
0.057405 0.006584 0.491768 
0.970416 0.009861 0.009861 0.009861 
0.250000 0.250000 0.250000 0.250000 
 231
0.479817 0.006311 0.046210 
0.462778 0.987104 0.462022 
0.057405 0.006584 0.491768 
0.009861 0.009861 0.011893 0.968385 
0.250000 0.250000 0.250000 0.250000 
 232
0.479817 0.006311 0.046210 
0.462778 0.987104 0.462022 
0.057405 0.006584 0.491768 
0.009861 0.009861 0.925417 0.054861 
0.250000 0.250000 0.250000 0.250000 
 233
0.479817 0.006311 0.046210 
0.462778 0.987104 0.462022 
0.057405 0.006584 0.491768 
0.009861 0.009861 0.009861 0.970416 
0.250000 0.250000 0.250000 0.250000 
 234
0.479817 0.006311 0.046210 
