%  SAM: /scicomp/home/yfa9/CDC_projects/Mol_genetic_analysis/Nomenclature/B_NA_Nomenclature/All_v1/All_v1-4-revision/4_Module/label/LABEL_RES/scripts/modelfromalign_Linux v3.5 (July 15, 2005) compiled 12/08/06_16:15:55
%  (c) 1992-2001 Regents of the University of California, Santa Cruz
%
%          Sequence Alignment and Modeling Software System
%         http://www.cse.ucsc.edu/research/compbio/sam.html
%
% ----------------- Citations (SAM, SAM-T2K, HMMs) --------------------
% R. Hughey, A. Krogh, Hidden Markov models for sequence analysis:
%  Extension and analysis of the basic method, CABIOS 12:95-107, 1996.
% K. Karplus, et al., What is the value added by human intervention in protein
%  structure prediction, Proteins: Stucture, Function, Genetics 45(S5):86--91, 2001.
% A. Krogh et al., Hidden Markov models in computational biology:
%  Applications to protein modeling, JMB 235:1501-1531, Feb 1994.
% ---------------------------------------------------------------------
%  3B_hmm   Host: login01.aspen.biotech.cdc.gov    Fri Oct 21 15:04:34 2016
%  yfa9     Dir:  /scicomp/home/yfa9/CDC_projects/Mol_genetic_analysis/Nomenclature/H3_Nomenclature/v_5/3_base/InfA-H3-HA-revised/c-3-4-5-6-7-VIC/c-3-4-7-VIC/c-3
% ---------------------------------------------------------------------
%  Alignment weights from internal calc.  Total (26.48) Max (0.09) Min (0.03)
%  Weights from alignment method 1 (karplus), b=-1.000000, e=0.500000
MODEL --  Model from alignment file /scicomp/home/yfa9/CDC_projects/Mol_genetic_analysis/Nomenclature/B_NA_Nomenclature/All_v1/All_v1-4-revision/4_Module/label/LABEL_RES/training_data/H3v2016-revision1/c-3-4-5-6-7-VIC/c-3-4-7-VIC/c-3/3B.fasta
alphabet DNA
FREQAVE
0.000000 0.000000 0.000000 
0.000000 0.000000 0.000000 
0.000000 0.000000 0.000000 
0.338473 0.221735 0.198365 0.241427 
0.338473 0.221735 0.198365 0.241427 
Begin
0.000000 0.000000 0.000000 
0.000000 0.000000 0.000000 
0.000000 0.006255 0.491768 
0.250000 0.250000 0.250000 0.250000 
0.250000 0.250000 0.250000 0.250000 
   1
0.000000 0.035225 0.046210 
0.000000 0.958520 0.462022 
0.043621 0.006444 0.491768 
0.971411 0.009530 0.009530 0.009530 
0.250000 0.250000 0.250000 0.250000 
   2
0.604726 0.006177 0.046210 
0.351653 0.987380 0.462022 
0.043621 0.006444 0.491768 
0.009530 0.009530 0.009530 0.971411 
0.250000 0.250000 0.250000 0.250000 
   3
0.604726 0.006177 0.046210 
0.351653 0.987380 0.462022 
0.043621 0.006444 0.491768 
0.009530 0.971411 0.009530 0.009530 
0.250000 0.250000 0.250000 0.250000 
   4
0.604726 0.006177 0.046210 
0.351653 0.987380 0.462022 
0.043621 0.006444 0.491768 
0.971411 0.009530 0.009530 0.009530 
0.250000 0.250000 0.250000 0.250000 
   5
0.597360 0.006177 0.046210 
0.359019 0.987380 0.462022 
0.043944 0.006438 0.491768 
0.971452 0.009516 0.009516 0.009516 
0.250000 0.250000 0.250000 0.250000 
   6
0.585276 0.006171 0.046210 
0.370780 0.987391 0.462022 
0.044682 0.006425 0.491768 
0.009485 0.971544 0.009485 0.009485 
0.250000 0.250000 0.250000 0.250000 
   7
0.595106 0.006158 0.046210 
0.360212 0.987417 0.462022 
0.044682 0.006425 0.491768 
0.967757 0.013273 0.009485 0.009485 
0.250000 0.250000 0.250000 0.250000 
   8
0.595106 0.006158 0.046210 
0.360212 0.987417 0.462022 
0.044682 0.006425 0.491768 
0.009485 0.009485 0.971544 0.009485 
0.250000 0.250000 0.250000 0.250000 
   9
0.586574 0.006158 0.046210 
0.368744 0.987417 0.462022 
0.045067 0.006418 0.491768 
0.010777 0.011187 0.011308 0.966728 
0.250000 0.250000 0.250000 0.250000 
  10
0.582657 0.006152 0.046210 
0.372276 0.987430 0.462022 
0.045475 0.006411 0.491768 
0.968758 0.012335 0.009454 0.009454 
0.250000 0.250000 0.250000 0.250000 
  11
0.587928 0.006145 0.046210 
0.366598 0.987444 0.462022 
0.045475 0.006411 0.491768 
0.009454 0.009454 0.009454 0.971639 
0.250000 0.250000 0.250000 0.250000 
  12
0.587928 0.006145 0.046210 
0.366598 0.987444 0.462022 
0.045475 0.006411 0.491768 
0.009454 0.009454 0.969819 0.011274 
0.250000 0.250000 0.250000 0.250000 
  13
0.587928 0.006145 0.046210 
0.366598 0.987444 0.462022 
0.045475 0.006411 0.491768 
0.969910 0.011183 0.009454 0.009454 
0.250000 0.250000 0.250000 0.250000 
  14
0.587928 0.006145 0.046210 
0.366598 0.987444 0.462022 
0.045475 0.006411 0.491768 
0.009454 0.009454 0.010889 0.970203 
0.250000 0.250000 0.250000 0.250000 
  15
0.587928 0.006145 0.046210 
0.366598 0.987444 0.462022 
0.045475 0.006411 0.491768 
0.023063 0.009454 0.010801 0.956682 
0.250000 0.250000 0.250000 0.250000 
  16
0.587928 0.006145 0.046210 
0.366598 0.987444 0.462022 
0.045475 0.006411 0.491768 
0.009454 0.971639 0.009454 0.009454 
0.250000 0.250000 0.250000 0.250000 
  17
0.587928 0.006145 0.046210 
0.366598 0.987444 0.462022 
0.045475 0.006411 0.491768 
0.009454 0.009454 0.971639 0.009454 
0.250000 0.250000 0.250000 0.250000 
  18
0.587928 0.006145 0.046210 
0.366598 0.987444 0.462022 
0.045475 0.006411 0.491768 
0.009454 0.009454 0.011003 0.970089 
0.250000 0.250000 0.250000 0.250000 
  19
0.587928 0.006145 0.046210 
0.366598 0.987444 0.462022 
0.045475 0.006411 0.491768 
0.009454 0.009454 0.011257 0.969836 
0.250000 0.250000 0.250000 0.250000 
  20
0.573456 0.006145 0.046210 
0.381069 0.987444 0.462022 
0.046142 0.006400 0.491768 
0.009428 0.009428 0.009428 0.971716 
0.250000 0.250000 0.250000 0.250000 
  21
0.581877 0.006135 0.046210 
0.371981 0.987466 0.462022 
0.046142 0.006400 0.491768 
0.010929 0.970215 0.009428 0.009428 
0.250000 0.250000 0.250000 0.250000 
  22
0.581877 0.006135 0.046210 
0.371981 0.987466 0.462022 
0.046142 0.006400 0.491768 
0.971716 0.009428 0.009428 0.009428 
0.250000 0.250000 0.250000 0.250000 
  23
0.581877 0.006135 0.046210 
0.371981 0.987466 0.462022 
0.046142 0.006400 0.491768 
0.010883 0.970260 0.009428 0.009428 
0.250000 0.250000 0.250000 0.250000 
  24
0.581877 0.006135 0.046210 
0.371981 0.987466 0.462022 
0.046142 0.006400 0.491768 
0.009428 0.009428 0.971716 0.009428 
0.250000 0.250000 0.250000 0.250000 
  25
0.581877 0.006135 0.046210 
0.371981 0.987466 0.462022 
0.046142 0.006400 0.491768 
0.009428 0.009428 0.015120 0.966024 
0.250000 0.250000 0.250000 0.250000 
  26
0.581877 0.006135 0.046210 
0.371981 0.987466 0.462022 
0.046142 0.006400 0.491768 
0.971716 0.009428 0.009428 0.009428 
0.250000 0.250000 0.250000 0.250000 
  27
0.519787 0.006135 0.046210 
0.434071 0.987466 0.462022 
0.049197 0.006353 0.491768 
0.009321 0.009321 0.970605 0.010752 
0.250000 0.250000 0.250000 0.250000 
  28
0.554197 0.006090 0.046210 
0.396606 0.987557 0.462022 
0.049197 0.006353 0.491768 
0.970061 0.011297 0.009321 0.009321 
0.250000 0.250000 0.250000 0.250000 
  29
0.554197 0.006090 0.046210 
0.396606 0.987557 0.462022 
0.049197 0.006353 0.491768 
0.009321 0.009321 0.009321 0.972036 
0.250000 0.250000 0.250000 0.250000 
  30
0.554197 0.006090 0.046210 
0.396606 0.987557 0.462022 
0.049197 0.006353 0.491768 
0.009321 0.009321 0.012477 0.968881 
0.250000 0.250000 0.250000 0.250000 
  31
0.554197 0.006090 0.046210 
0.396606 0.987557 0.462022 
0.049197 0.006353 0.491768 
0.010998 0.009321 0.968894 0.010787 
0.250000 0.250000 0.250000 0.250000 
  32
0.554197 0.006090 0.046210 
0.396606 0.987557 0.462022 
0.049197 0.006353 0.491768 
0.009321 0.009321 0.009321 0.972036 
0.250000 0.250000 0.250000 0.250000 
  33
0.554197 0.006090 0.046210 
0.396606 0.987557 0.462022 
0.049197 0.006353 0.491768 
0.972036 0.009321 0.009321 0.009321 
0.250000 0.250000 0.250000 0.250000 
  34
0.554197 0.006090 0.046210 
0.396606 0.987557 0.462022 
0.049197 0.006353 0.491768 
0.009321 0.009321 0.009321 0.972036 
0.250000 0.250000 0.250000 0.250000 
  35
0.554197 0.006090 0.046210 
0.396606 0.987557 0.462022 
0.049197 0.006353 0.491768 
0.011398 0.969960 0.009321 0.009321 
0.250000 0.250000 0.250000 0.250000 
  36
0.554197 0.006090 0.046210 
0.396606 0.987557 0.462022 
0.049197 0.006353 0.491768 
0.009321 0.009321 0.010908 0.970449 
0.250000 0.250000 0.250000 0.250000 
  37
0.554197 0.006090 0.046210 
0.396606 0.987557 0.462022 
0.049197 0.006353 0.491768 
0.009321 0.009321 0.968138 0.013219 
0.250000 0.250000 0.250000 0.250000 
  38
0.554197 0.006090 0.046210 
0.396606 0.987557 0.462022 
0.049197 0.006353 0.491768 
0.009321 0.009321 0.009321 0.972036 
0.250000 0.250000 0.250000 0.250000 
  39
0.554197 0.006090 0.046210 
0.396606 0.987557 0.462022 
0.049197 0.006353 0.491768 
0.011542 0.968400 0.009321 0.010737 
0.250000 0.250000 0.250000 0.250000 
  40
0.554197 0.006090 0.046210 
0.396606 0.987557 0.462022 
0.049197 0.006353 0.491768 
0.011638 0.969698 0.009332 0.009332 
0.250000 0.250000 0.250000 0.250000 
  41
0.554197 0.006090 0.046210 
0.396606 0.987557 0.462022 
0.049197 0.006353 0.491768 
0.009321 0.009321 0.030351 0.951006 
0.250000 0.250000 0.250000 0.250000 
  42
0.554197 0.006090 0.046210 
0.396606 0.987557 0.462022 
0.049197 0.006353 0.491768 
0.009321 0.009321 0.012257 0.969101 
0.250000 0.250000 0.250000 0.250000 
  43
0.554197 0.006090 0.046210 
0.396606 0.987557 0.462022 
0.049197 0.006353 0.491768 
0.009321 0.009321 0.009321 0.972036 
0.250000 0.250000 0.250000 0.250000 
  44
0.554197 0.006090 0.046210 
0.396606 0.987557 0.462022 
0.049197 0.006353 0.491768 
0.009321 0.009321 0.009321 0.972036 
0.250000 0.250000 0.250000 0.250000 
  45
0.554197 0.006090 0.046210 
0.396606 0.987557 0.462022 
0.049197 0.006353 0.491768 
0.010752 0.009321 0.968845 0.011082 
0.250000 0.250000 0.250000 0.250000 
  46
0.547518 0.006090 0.046210 
0.403285 0.987557 0.462022 
0.049528 0.006349 0.491768 
0.011465 0.967134 0.009311 0.012090 
0.250000 0.250000 0.250000 0.250000 
  47
0.551199 0.006086 0.046210 
0.399273 0.987566 0.462022 
0.049528 0.006349 0.491768 
0.009311 0.009311 0.972068 0.009311 
0.250000 0.250000 0.250000 0.250000 
  48
0.551199 0.006086 0.046210 
0.399273 0.987566 0.462022 
0.049528 0.006349 0.491768 
0.009311 0.009311 0.022977 0.958402 
0.250000 0.250000 0.250000 0.250000 
  49
0.431179 0.006086 0.046210 
0.519293 0.987566 0.462022 
0.056283 0.006267 0.491768 
0.009125 0.009125 0.972626 0.009125 
0.250000 0.250000 0.250000 0.250000 
  50
0.489988 0.006007 0.046210 
0.453730 0.987726 0.462022 
0.056283 0.006267 0.491768 
0.972626 0.009125 0.009125 0.009125 
0.250000 0.250000 0.250000 0.250000 
  51
0.489988 0.006007 0.046210 
0.453730 0.987726 0.462022 
0.056283 0.006267 0.491768 
0.972626 0.009125 0.009125 0.009125 
0.250000 0.250000 0.250000 0.250000 
  52
0.489988 0.006007 0.046210 
0.453730 0.987726 0.462022 
0.056283 0.006267 0.491768 
0.968004 0.010472 0.012399 0.009125 
0.250000 0.250000 0.250000 0.250000 
  53
0.489988 0.006007 0.046210 
0.453730 0.987726 0.462022 
0.056283 0.006267 0.491768 
0.972626 0.009125 0.009125 0.009125 
0.250000 0.250000 0.250000 0.250000 
  54
0.489988 0.006007 0.046210 
0.453730 0.987726 0.462022 
0.056283 0.006267 0.491768 
0.964462 0.017288 0.009125 0.009125 
0.250000 0.250000 0.250000 0.250000 
  55
0.489988 0.006007 0.046210 
0.453730 0.987726 0.462022 
0.056283 0.006267 0.491768 
0.038244 0.009125 0.936129 0.016502 
0.250000 0.250000 0.250000 0.250000 
  56
0.489988 0.006007 0.046210 
0.453730 0.987726 0.462022 
0.056283 0.006267 0.491768 
0.009125 0.009125 0.012446 0.969305 
0.250000 0.250000 0.250000 0.250000 
  57
0.489988 0.006007 0.046210 
0.453730 0.987726 0.462022 
0.056283 0.006267 0.491768 
0.009125 0.009125 0.014678 0.967073 
0.250000 0.250000 0.250000 0.250000 
  58
0.489988 0.006007 0.046210 
0.453730 0.987726 0.462022 
0.056283 0.006267 0.491768 
0.011059 0.009125 0.970692 0.009125 
0.250000 0.250000 0.250000 0.250000 
  59
0.489988 0.006007 0.046210 
0.453730 0.987726 0.462022 
0.056283 0.006267 0.491768 
0.009125 0.009125 0.972626 0.009125 
0.250000 0.250000 0.250000 0.250000 
  60
0.489988 0.006007 0.046210 
0.453730 0.987726 0.462022 
0.056283 0.006267 0.491768 
0.010891 0.009125 0.009125 0.970860 
0.250000 0.250000 0.250000 0.250000 
  61
0.489988 0.006007 0.046210 
0.453730 0.987726 0.462022 
0.056283 0.006267 0.491768 
0.010572 0.971178 0.009125 0.009125 
0.250000 0.250000 0.250000 0.250000 
  62
0.489988 0.006007 0.046210 
0.453730 0.987726 0.462022 
0.056283 0.006267 0.491768 
0.091533 0.888435 0.009125 0.010906 
0.250000 0.250000 0.250000 0.250000 
  63
0.480015 0.006007 0.046210 
0.463703 0.987726 0.462022 
0.056850 0.006261 0.491768 
0.957459 0.024318 0.009111 0.009111 
0.250000 0.250000 0.250000 0.250000 
  64
0.484850 0.006001 0.046210 
0.458300 0.987738 0.462022 
0.056850 0.006261 0.491768 
0.972666 0.009111 0.009111 0.009111 
0.250000 0.250000 0.250000 0.250000 
  65
0.484850 0.006001 0.046210 
0.458300 0.987738 0.462022 
0.056850 0.006261 0.491768 
0.972666 0.009111 0.009111 0.009111 
0.250000 0.250000 0.250000 0.250000 
  66
0.484850 0.006001 0.046210 
0.458300 0.987738 0.462022 
0.056850 0.006261 0.491768 
0.010463 0.009111 0.010448 0.969978 
0.250000 0.250000 0.250000 0.250000 
  67
0.484850 0.006001 0.046210 
0.458300 0.987738 0.462022 
0.056850 0.006261 0.491768 
0.009111 0.972666 0.009111 0.009111 
0.250000 0.250000 0.250000 0.250000 
  68
0.484850 0.006001 0.046210 
0.458300 0.987738 0.462022 
0.056850 0.006261 0.491768 
0.972666 0.009111 0.009111 0.009111 
0.250000 0.250000 0.250000 0.250000 
  69
0.484850 0.006001 0.046210 
0.458300 0.987738 0.462022 
0.056850 0.006261 0.491768 
0.013664 0.009111 0.968113 0.009111 
0.250000 0.250000 0.250000 0.250000 
  70
0.484850 0.006001 0.046210 
0.458300 0.987738 0.462022 
0.056850 0.006261 0.491768 
0.970419 0.009111 0.009111 0.011358 
0.250000 0.250000 0.250000 0.250000 
  71
0.484850 0.006001 0.046210 
0.458300 0.987738 0.462022 
0.056850 0.006261 0.491768 
0.972666 0.009111 0.009111 0.009111 
0.250000 0.250000 0.250000 0.250000 
  72
0.484850 0.006001 0.046210 
0.458300 0.987738 0.462022 
0.056850 0.006261 0.491768 
0.009122 0.009122 0.972635 0.009122 
0.250000 0.250000 0.250000 0.250000 
  73
0.484850 0.006001 0.046210 
0.458300 0.987738 0.462022 
0.056850 0.006261 0.491768 
0.972666 0.009111 0.009111 0.009111 
0.250000 0.250000 0.250000 0.250000 
  74
0.484850 0.006001 0.046210 
0.458300 0.987738 0.462022 
0.056850 0.006261 0.491768 
0.009111 0.972666 0.009111 0.009111 
0.250000 0.250000 0.250000 0.250000 
  75
0.484850 0.006001 0.046210 
0.458300 0.987738 0.462022 
0.056850 0.006261 0.491768 
0.009111 0.009111 0.971020 0.010757 
0.250000 0.250000 0.250000 0.250000 
  76
0.484850 0.006001 0.046210 
0.458300 0.987738 0.462022 
0.056850 0.006261 0.491768 
0.972619 0.009127 0.009127 0.009127 
0.250000 0.250000 0.250000 0.250000 
  77
0.484850 0.006001 0.046210 
0.458300 0.987738 0.462022 
0.056850 0.006261 0.491768 
0.011391 0.009111 0.968113 0.011385 
0.250000 0.250000 0.250000 0.250000 
  78
0.484850 0.006001 0.046210 
0.458300 0.987738 0.462022 
0.056850 0.006261 0.491768 
0.010471 0.966765 0.009111 0.013652 
0.250000 0.250000 0.250000 0.250000 
  79
0.484850 0.006001 0.046210 
0.458300 0.987738 0.462022 
0.056850 0.006261 0.491768 
0.009111 0.972666 0.009111 0.009111 
0.250000 0.250000 0.250000 0.250000 
  80
0.484850 0.006001 0.046210 
0.458300 0.987738 0.462022 
0.056850 0.006261 0.491768 
0.009111 0.009111 0.972666 0.009111 
0.250000 0.250000 0.250000 0.250000 
  81
0.484850 0.006001 0.046210 
0.458300 0.987738 0.462022 
0.056850 0.006261 0.491768 
0.968464 0.009111 0.011929 0.010495 
0.250000 0.250000 0.250000 0.250000 
  82
0.484850 0.006001 0.046210 
0.458300 0.987738 0.462022 
0.056850 0.006261 0.491768 
0.965375 0.016402 0.009111 0.009111 
0.250000 0.250000 0.250000 0.250000 
  83
0.484850 0.006001 0.046210 
0.458300 0.987738 0.462022 
0.056850 0.006261 0.491768 
0.009111 0.009111 0.972666 0.009111 
0.250000 0.250000 0.250000 0.250000 
  84
0.484850 0.006001 0.046210 
0.458300 0.987738 0.462022 
0.056850 0.006261 0.491768 
0.009111 0.972666 0.009111 0.009111 
0.250000 0.250000 0.250000 0.250000 
  85
0.484850 0.006001 0.046210 
0.458300 0.987738 0.462022 
0.056850 0.006261 0.491768 
0.009111 0.009111 0.967812 0.013965 
0.250000 0.250000 0.250000 0.250000 
  86
0.475175 0.006001 0.046210 
0.467975 0.987738 0.462022 
0.057405 0.006255 0.491768 
0.009099 0.009099 0.009099 0.972704 
0.250000 0.250000 0.250000 0.250000 
  87
0.479817 0.005996 0.046210 
0.462778 0.987749 0.462022 
0.057405 0.006255 0.491768 
0.010481 0.971322 0.009099 0.009099 
0.250000 0.250000 0.250000 0.250000 
  88
0.479817 0.005996 0.046210 
0.462778 0.987749 0.462022 
0.057405 0.006255 0.491768 
0.009099 0.009099 0.009099 0.972704 
0.250000 0.250000 0.250000 0.250000 
  89
0.479817 0.005996 0.046210 
0.462778 0.987749 0.462022 
0.057405 0.006255 0.491768 
0.009099 0.972704 0.009099 0.009099 
0.250000 0.250000 0.250000 0.250000 
  90
0.479817 0.005996 0.046210 
0.462778 0.987749 0.462022 
0.057405 0.006255 0.491768 
0.009099 0.009099 0.964967 0.016836 
0.250000 0.250000 0.250000 0.250000 
  91
0.479817 0.005996 0.046210 
0.462778 0.987749 0.462022 
0.057405 0.006255 0.491768 
0.009099 0.009099 0.972704 0.009099 
0.250000 0.250000 0.250000 0.250000 
  92
0.479817 0.005996 0.046210 
0.462778 0.987749 0.462022 
0.057405 0.006255 0.491768 
0.009099 0.009099 0.009099 0.972704 
0.250000 0.250000 0.250000 0.250000 
  93
0.479817 0.005996 0.046210 
0.462778 0.987749 0.462022 
0.057405 0.006255 0.491768 
0.009099 0.009099 0.009099 0.972704 
0.250000 0.250000 0.250000 0.250000 
  94
0.479817 0.005996 0.046210 
0.462778 0.987749 0.462022 
0.057405 0.006255 0.491768 
0.009099 0.972704 0.009099 0.009099 
0.250000 0.250000 0.250000 0.250000 
  95
0.479817 0.005996 0.046210 
0.462778 0.987749 0.462022 
0.057405 0.006255 0.491768 
0.009099 0.966079 0.009099 0.015723 
0.250000 0.250000 0.250000 0.250000 
  96
0.479817 0.005996 0.046210 
0.462778 0.987749 0.462022 
0.057405 0.006255 0.491768 
0.015271 0.965103 0.009099 0.010528 
0.250000 0.250000 0.250000 0.250000 
  97
0.479817 0.005996 0.046210 
0.462778 0.987749 0.462022 
0.057405 0.006255 0.491768 
0.009099 0.009099 0.972704 0.009099 
0.250000 0.250000 0.250000 0.250000 
  98
0.479817 0.005996 0.046210 
0.462778 0.987749 0.462022 
0.057405 0.006255 0.491768 
0.969776 0.012026 0.009099 0.009099 
0.250000 0.250000 0.250000 0.250000 
  99
0.479817 0.005996 0.046210 
0.462778 0.987749 0.462022 
0.057405 0.006255 0.491768 
0.009099 0.009099 0.968452 0.013351 
0.250000 0.250000 0.250000 0.250000 
 100
0.479817 0.005996 0.046210 
0.462778 0.987749 0.462022 
0.057405 0.006255 0.491768 
0.009099 0.009099 0.972704 0.009099 
0.250000 0.250000 0.250000 0.250000 
 101
0.479817 0.005996 0.046210 
0.462778 0.987749 0.462022 
0.057405 0.006255 0.491768 
0.972704 0.009099 0.009099 0.009099 
0.250000 0.250000 0.250000 0.250000 
 102
0.479817 0.005996 0.046210 
0.462778 0.987749 0.462022 
0.057405 0.006255 0.491768 
0.009099 0.009099 0.009099 0.972704 
0.250000 0.250000 0.250000 0.250000 
 103
0.479817 0.005996 0.046210 
0.462778 0.987749 0.462022 
0.057405 0.006255 0.491768 
0.009099 0.972704 0.009099 0.009099 
0.250000 0.250000 0.250000 0.250000 
 104
0.479817 0.005996 0.046210 
0.462778 0.987749 0.462022 
0.057405 0.006255 0.491768 
0.009099 0.009099 0.972704 0.009099 
0.250000 0.250000 0.250000 0.250000 
 105
0.479817 0.005996 0.046210 
0.462778 0.987749 0.462022 
0.057405 0.006255 0.491768 
0.972704 0.009099 0.009099 0.009099 
0.250000 0.250000 0.250000 0.250000 
 106
0.479817 0.005996 0.046210 
0.462778 0.987749 0.462022 
0.057405 0.006255 0.491768 
0.009099 0.972704 0.009099 0.009099 
0.250000 0.250000 0.250000 0.250000 
 107
0.479817 0.005996 0.046210 
0.462778 0.987749 0.462022 
0.057405 0.006255 0.491768 
0.009099 0.011853 0.009099 0.969950 
0.250000 0.250000 0.250000 0.250000 
 108
0.479817 0.005996 0.046210 
0.462778 0.987749 0.462022 
0.057405 0.006255 0.491768 
0.971070 0.010733 0.009099 0.009099 
0.250000 0.250000 0.250000 0.250000 
 109
0.479817 0.005996 0.046210 
0.462778 0.987749 0.462022 
0.057405 0.006255 0.491768 
0.009099 0.009099 0.971049 0.010754 
0.250000 0.250000 0.250000 0.250000 
 110
0.479817 0.005996 0.046210 
0.462778 0.987749 0.462022 
0.057405 0.006255 0.491768 
0.009099 0.009099 0.972704 0.009099 
0.250000 0.250000 0.250000 0.250000 
 111
0.479817 0.005996 0.046210 
0.462778 0.987749 0.462022 
0.057405 0.006255 0.491768 
0.968451 0.013351 0.009099 0.009099 
0.250000 0.250000 0.250000 0.250000 
 112
0.479817 0.005996 0.046210 
0.462778 0.987749 0.462022 
0.057405 0.006255 0.491768 
0.972704 0.009099 0.009099 0.009099 
0.250000 0.250000 0.250000 0.250000 
 113
0.479817 0.005996 0.046210 
0.462778 0.987749 0.462022 
0.057405 0.006255 0.491768 
0.972704 0.009099 0.009099 0.009099 
0.250000 0.250000 0.250000 0.250000 
 114
0.479817 0.005996 0.046210 
0.462778 0.987749 0.462022 
0.057405 0.006255 0.491768 
0.009099 0.009099 0.962990 0.018812 
0.250000 0.250000 0.250000 0.250000 
 115
0.479817 0.005996 0.046210 
0.462778 0.987749 0.462022 
0.057405 0.006255 0.491768 
0.009099 0.972704 0.009099 0.009099 
0.250000 0.250000 0.250000 0.250000 
 116
0.479817 0.005996 0.046210 
0.462778 0.987749 0.462022 
0.057405 0.006255 0.491768 
0.009099 0.972704 0.009099 0.009099 
0.250000 0.250000 0.250000 0.250000 
 117
0.479817 0.005996 0.046210 
0.462778 0.987749 0.462022 
0.057405 0.006255 0.491768 
0.968106 0.013697 0.009099 0.009099 
0.250000 0.250000 0.250000 0.250000 
 118
0.479817 0.005996 0.046210 
0.462778 0.987749 0.462022 
0.057405 0.006255 0.491768 
0.972704 0.009099 0.009099 0.009099 
0.250000 0.250000 0.250000 0.250000 
 119
0.479817 0.005996 0.046210 
0.462778 0.987749 0.462022 
0.057405 0.006255 0.491768 
0.009099 0.009099 0.972704 0.009099 
0.250000 0.250000 0.250000 0.250000 
 120
0.479817 0.005996 0.046210 
0.462778 0.987749 0.462022 
0.057405 0.006255 0.491768 
0.018982 0.962821 0.009099 0.009099 
0.250000 0.250000 0.250000 0.250000 
 121
0.479817 0.005996 0.046210 
0.462778 0.987749 0.462022 
0.057405 0.006255 0.491768 
0.972704 0.009099 0.009099 0.009099 
0.250000 0.250000 0.250000 0.250000 
 122
0.479817 0.005996 0.046210 
0.462778 0.987749 0.462022 
0.057405 0.006255 0.491768 
0.009099 0.009099 0.009099 0.972704 
0.250000 0.250000 0.250000 0.250000 
 123
0.479817 0.005996 0.046210 
0.462778 0.987749 0.462022 
0.057405 0.006255 0.491768 
0.970434 0.011369 0.009099 0.009099 
0.250000 0.250000 0.250000 0.250000 
 124
0.479817 0.005996 0.046210 
0.462778 0.987749 0.462022 
0.057405 0.006255 0.491768 
0.009099 0.972704 0.009099 0.009099 
0.250000 0.250000 0.250000 0.250000 
 125
0.479817 0.005996 0.046210 
0.462778 0.987749 0.462022 
0.057405 0.006255 0.491768 
0.009099 0.009099 0.009099 0.972704 
0.250000 0.250000 0.250000 0.250000 
 126
0.479817 0.005996 0.046210 
0.462778 0.987749 0.462022 
0.057405 0.006255 0.491768 
0.009099 0.972704 0.009099 0.009099 
0.250000 0.250000 0.250000 0.250000 
 127
0.479817 0.005996 0.046210 
0.462778 0.987749 0.462022 
0.057405 0.006255 0.491768 
0.972704 0.009099 0.009099 0.009099 
0.250000 0.250000 0.250000 0.250000 
 128
0.479817 0.005996 0.046210 
0.462778 0.987749 0.462022 
0.057405 0.006255 0.491768 
0.972704 0.009099 0.009099 0.009099 
0.250000 0.250000 0.250000 0.250000 
 129
0.479817 0.005996 0.046210 
0.462778 0.987749 0.462022 
0.057405 0.006255 0.491768 
0.971228 0.010574 0.009099 0.009099 
0.250000 0.250000 0.250000 0.250000 
 130
0.479817 0.005996 0.046210 
0.462778 0.987749 0.462022 
0.057405 0.006255 0.491768 
0.972704 0.009099 0.009099 0.009099 
0.250000 0.250000 0.250000 0.250000 
 131
0.479817 0.005996 0.046210 
0.462778 0.987749 0.462022 
0.057405 0.006255 0.491768 
0.009099 0.009099 0.972704 0.009099 
0.250000 0.250000 0.250000 0.250000 
 132
0.479817 0.005996 0.046210 
0.462778 0.987749 0.462022 
0.057405 0.006255 0.491768 
0.972704 0.009099 0.009099 0.009099 
0.250000 0.250000 0.250000 0.250000 
 133
0.479817 0.005996 0.046210 
0.462778 0.987749 0.462022 
0.057405 0.006255 0.491768 
0.972704 0.009099 0.009099 0.009099 
0.250000 0.250000 0.250000 0.250000 
 134
0.479817 0.005996 0.046210 
0.462778 0.987749 0.462022 
0.057405 0.006255 0.491768 
0.009099 0.009099 0.009099 0.972704 
0.250000 0.250000 0.250000 0.250000 
 135
0.479817 0.005996 0.046210 
0.462778 0.987749 0.462022 
0.057405 0.006255 0.491768 
0.012652 0.009099 0.969150 0.009099 
0.250000 0.250000 0.250000 0.250000 
 136
0.479817 0.005996 0.046210 
0.462778 0.987749 0.462022 
0.057405 0.006255 0.491768 
0.957688 0.024115 0.009099 0.009099 
0.250000 0.250000 0.250000 0.250000 
 137
0.479817 0.005996 0.046210 
0.462778 0.987749 0.462022 
0.057405 0.006255 0.491768 
0.009099 0.009099 0.970645 0.011157 
0.250000 0.250000 0.250000 0.250000 
 138
0.479817 0.005996 0.046210 
0.462778 0.987749 0.462022 
0.057405 0.006255 0.491768 
0.012040 0.928342 0.009099 0.050519 
0.250000 0.250000 0.250000 0.250000 
 139
0.479817 0.005996 0.046210 
0.462778 0.987749 0.462022 
0.057405 0.006255 0.491768 
0.963568 0.018235 0.009099 0.009099 
0.250000 0.250000 0.250000 0.250000 
 140
0.479817 0.005996 0.046210 
0.462778 0.987749 0.462022 
0.057405 0.006255 0.491768 
0.968322 0.013481 0.009099 0.009099 
0.250000 0.250000 0.250000 0.250000 
 141
0.479817 0.005996 0.046210 
0.462778 0.987749 0.462022 
0.057405 0.006255 0.491768 
0.009099 0.009099 0.009099 0.972704 
0.250000 0.250000 0.250000 0.250000 
 142
0.479817 0.005996 0.046210 
0.462778 0.987749 0.462022 
0.057405 0.006255 0.491768 
0.009099 0.972704 0.009099 0.009099 
0.250000 0.250000 0.250000 0.250000 
 143
0.479817 0.005996 0.046210 
0.462778 0.987749 0.462022 
0.057405 0.006255 0.491768 
0.972704 0.009099 0.009099 0.009099 
0.250000 0.250000 0.250000 0.250000 
 144
0.479817 0.005996 0.046210 
0.462778 0.987749 0.462022 
0.057405 0.006255 0.491768 
0.009099 0.009099 0.972704 0.009099 
0.250000 0.250000 0.250000 0.250000 
 145
0.479817 0.005996 0.046210 
0.462778 0.987749 0.462022 
0.057405 0.006255 0.491768 
0.009099 0.009099 0.972704 0.009099 
0.250000 0.250000 0.250000 0.250000 
 146
0.479817 0.005996 0.046210 
0.462778 0.987749 0.462022 
0.057405 0.006255 0.491768 
0.971237 0.010566 0.009099 0.009099 
0.250000 0.250000 0.250000 0.250000 
 147
0.479817 0.005996 0.046210 
0.462778 0.987749 0.462022 
0.057405 0.006255 0.491768 
0.970914 0.010888 0.009099 0.009099 
0.250000 0.250000 0.250000 0.250000 
 148
0.479817 0.005996 0.046210 
0.462778 0.987749 0.462022 
0.057405 0.006255 0.491768 
0.972704 0.009099 0.009099 0.009099 
0.250000 0.250000 0.250000 0.250000 
 149
0.479817 0.005996 0.046210 
0.462778 0.987749 0.462022 
0.057405 0.006255 0.491768 
0.009099 0.009099 0.009099 0.972704 
0.250000 0.250000 0.250000 0.250000 
 150
0.479817 0.005996 0.046210 
0.462778 0.987749 0.462022 
0.057405 0.006255 0.491768 
0.009099 0.009099 0.009099 0.972704 
0.250000 0.250000 0.250000 0.250000 
 151
0.479817 0.005996 0.046210 
0.462778 0.987749 0.462022 
0.057405 0.006255 0.491768 
0.009099 0.972704 0.009099 0.009099 
0.250000 0.250000 0.250000 0.250000 
 152
0.479817 0.005996 0.046210 
0.462778 0.987749 0.462022 
0.057405 0.006255 0.491768 
0.972704 0.009099 0.009099 0.009099 
0.250000 0.250000 0.250000 0.250000 
 153
0.479817 0.005996 0.046210 
0.462778 0.987749 0.462022 
0.057405 0.006255 0.491768 
0.969522 0.012281 0.009099 0.009099 
0.250000 0.250000 0.250000 0.250000 
 154
0.479817 0.005996 0.046210 
0.462778 0.987749 0.462022 
0.057405 0.006255 0.491768 
0.009099 0.972704 0.009099 0.009099 
0.250000 0.250000 0.250000 0.250000 
 155
0.479817 0.005996 0.046210 
0.462778 0.987749 0.462022 
0.057405 0.006255 0.491768 
0.009099 0.009099 0.009099 0.972704 
0.250000 0.250000 0.250000 0.250000 
 156
0.479817 0.005996 0.046210 
0.462778 0.987749 0.462022 
0.057405 0.006255 0.491768 
0.009099 0.009099 0.016473 0.965330 
0.250000 0.250000 0.250000 0.250000 
 157
0.479817 0.005996 0.046210 
0.462778 0.987749 0.462022 
0.057405 0.006255 0.491768 
0.972704 0.009099 0.009099 0.009099 
0.250000 0.250000 0.250000 0.250000 
 158
0.479817 0.005996 0.046210 
0.462778 0.987749 0.462022 
0.057405 0.006255 0.491768 
0.009099 0.009099 0.972704 0.009099 
0.250000 0.250000 0.250000 0.250000 
 159
0.479817 0.005996 0.046210 
0.462778 0.987749 0.462022 
0.057405 0.006255 0.491768 
0.009099 0.009099 0.010876 0.970927 
0.250000 0.250000 0.250000 0.250000 
 160
0.479817 0.005996 0.046210 
0.462778 0.987749 0.462022 
0.057405 0.006255 0.491768 
0.972704 0.009099 0.009099 0.009099 
0.250000 0.250000 0.250000 0.250000 
 161
0.479817 0.005996 0.046210 
0.462778 0.987749 0.462022 
0.057405 0.006255 0.491768 
0.972704 0.009099 0.009099 0.009099 
0.250000 0.250000 0.250000 0.250000 
 162
0.479817 0.005996 0.046210 
0.462778 0.987749 0.462022 
0.057405 0.006255 0.491768 
0.009099 0.009099 0.010783 0.971020 
0.250000 0.250000 0.250000 0.250000 
 163
0.479817 0.005996 0.046210 
0.462778 0.987749 0.462022 
0.057405 0.006255 0.491768 
0.009099 0.972704 0.009099 0.009099 
0.250000 0.250000 0.250000 0.250000 
 164
0.479817 0.005996 0.046210 
0.462778 0.987749 0.462022 
0.057405 0.006255 0.491768 
0.009099 0.009099 0.972704 0.009099 
0.250000 0.250000 0.250000 0.250000 
 165
0.479817 0.005996 0.046210 
0.462778 0.987749 0.462022 
0.057405 0.006255 0.491768 
0.009099 0.009099 0.017491 0.964311 
0.250000 0.250000 0.250000 0.250000 
 166
0.479817 0.005996 0.046210 
0.462778 0.987749 0.462022 
0.057405 0.006255 0.491768 
0.972704 0.009099 0.009099 0.009099 
0.250000 0.250000 0.250000 0.250000 
 167
0.479817 0.005996 0.046210 
0.462778 0.987749 0.462022 
0.057405 0.006255 0.491768 
0.009099 0.009099 0.972704 0.009099 
0.250000 0.250000 0.250000 0.250000 
 168
0.479817 0.005996 0.046210 
0.462778 0.987749 0.462022 
0.057405 0.006255 0.491768 
0.009099 0.009099 0.010539 0.971263 
0.250000 0.250000 0.250000 0.250000 
 169
0.479817 0.005996 0.046210 
0.462778 0.987749 0.462022 
0.057405 0.006255 0.491768 
0.009099 0.972704 0.009099 0.009099 
0.250000 0.250000 0.250000 0.250000 
 170
0.479817 0.005996 0.046210 
0.462778 0.987749 0.462022 
0.057405 0.006255 0.491768 
0.972704 0.009099 0.009099 0.009099 
0.250000 0.250000 0.250000 0.250000 
 171
0.479817 0.005996 0.046210 
0.462778 0.987749 0.462022 
0.057405 0.006255 0.491768 
0.050312 0.931491 0.009099 0.009099 
0.250000 0.250000 0.250000 0.250000 
 172
0.479817 0.005996 0.046210 
0.462778 0.987749 0.462022 
0.057405 0.006255 0.491768 
0.009099 0.009099 0.969753 0.012049 
0.250000 0.250000 0.250000 0.250000 
 173
0.479817 0.005996 0.046210 
0.462778 0.987749 0.462022 
0.057405 0.006255 0.491768 
0.009099 0.009099 0.009099 0.972704 
0.250000 0.250000 0.250000 0.250000 
 174
0.479817 0.005996 0.046210 
0.462778 0.987749 0.462022 
0.057405 0.006255 0.491768 
0.009099 0.970509 0.009099 0.011294 
0.250000 0.250000 0.250000 0.250000 
 175
0.479817 0.005996 0.046210 
0.462778 0.987749 0.462022 
0.057405 0.006255 0.491768 
0.011293 0.970510 0.009099 0.009099 
0.250000 0.250000 0.250000 0.250000 
 176
0.479817 0.005996 0.046210 
0.462778 0.987749 0.462022 
0.057405 0.006255 0.491768 
0.009099 0.009099 0.009099 0.972704 
0.250000 0.250000 0.250000 0.250000 
 177
0.479817 0.005996 0.046210 
0.462778 0.987749 0.462022 
0.057405 0.006255 0.491768 
0.011678 0.009099 0.009099 0.970125 
0.250000 0.250000 0.250000 0.250000 
 178
0.479817 0.005996 0.046210 
0.462778 0.987749 0.462022 
0.057405 0.006255 0.491768 
0.009099 0.009099 0.972704 0.009099 
0.250000 0.250000 0.250000 0.250000 
 179
0.479817 0.005996 0.046210 
0.462778 0.987749 0.462022 
0.057405 0.006255 0.491768 
0.972704 0.009099 0.009099 0.009099 
0.250000 0.250000 0.250000 0.250000 
 180
0.479817 0.005996 0.046210 
0.462778 0.987749 0.462022 
0.057405 0.006255 0.491768 
0.018393 0.963410 0.009099 0.009099 
0.250000 0.250000 0.250000 0.250000 
 181
0.479817 0.005996 0.046210 
0.462778 0.987749 0.462022 
0.057405 0.006255 0.491768 
0.965224 0.016558 0.009109 0.009109 
0.250000 0.250000 0.250000 0.250000 
 182
0.479817 0.005996 0.046210 
0.462778 0.987749 0.462022 
0.057405 0.006255 0.491768 
0.014838 0.959646 0.009111 0.016405 
0.250000 0.250000 0.250000 0.250000 
 183
0.479817 0.005996 0.046210 
0.462778 0.987749 0.462022 
0.057405 0.006255 0.491768 
0.009110 0.009110 0.016700 0.965081 
0.250000 0.250000 0.250000 0.250000 
 184
0.479817 0.005996 0.046210 
0.462778 0.987749 0.462022 
0.057405 0.006255 0.491768 
0.009099 0.009099 0.009099 0.972704 
0.250000 0.250000 0.250000 0.250000 
 185
0.479817 0.005996 0.046210 
0.462778 0.987749 0.462022 
0.057405 0.006255 0.491768 
0.009099 0.009099 0.971238 0.010564 
0.250000 0.250000 0.250000 0.250000 
 186
0.479817 0.005996 0.046210 
0.462778 0.987749 0.462022 
0.057405 0.006255 0.491768 
0.009099 0.009099 0.972704 0.009099 
0.250000 0.250000 0.250000 0.250000 
 187
0.479817 0.005996 0.046210 
0.462778 0.987749 0.462022 
0.057405 0.006255 0.491768 
0.009099 0.009099 0.009099 0.972704 
0.250000 0.250000 0.250000 0.250000 
 188
0.479817 0.005996 0.046210 
0.462778 0.987749 0.462022 
0.057405 0.006255 0.491768 
0.009099 0.009099 0.972704 0.009099 
0.250000 0.250000 0.250000 0.250000 
 189
0.479817 0.005996 0.046210 
0.462778 0.987749 0.462022 
0.057405 0.006255 0.491768 
0.970619 0.009099 0.011183 0.009099 
0.250000 0.250000 0.250000 0.250000 
 190
0.479817 0.005996 0.046210 
0.462778 0.987749 0.462022 
0.057405 0.006255 0.491768 
0.970945 0.010857 0.009099 0.009099 
0.250000 0.250000 0.250000 0.250000 
 191
0.479817 0.005996 0.046210 
0.462778 0.987749 0.462022 
0.057405 0.006255 0.491768 
0.010486 0.009099 0.970029 0.010386 
0.250000 0.250000 0.250000 0.250000 
 192
0.479817 0.005996 0.046210 
0.462778 0.987749 0.462022 
0.057405 0.006255 0.491768 
0.972704 0.009099 0.009099 0.009099 
0.250000 0.250000 0.250000 0.250000 
 193
0.479817 0.005996 0.046210 
0.462778 0.987749 0.462022 
0.057405 0.006255 0.491768 
0.009099 0.972704 0.009099 0.009099 
0.250000 0.250000 0.250000 0.250000 
 194
0.479817 0.005996 0.046210 
0.462778 0.987749 0.462022 
0.057405 0.006255 0.491768 
0.009110 0.972671 0.009110 0.009110 
0.250000 0.250000 0.250000 0.250000 
 195
0.479817 0.005996 0.046210 
0.462778 0.987749 0.462022 
0.057405 0.006255 0.491768 
0.009099 0.009099 0.009099 0.972704 
0.250000 0.250000 0.250000 0.250000 
 196
0.479817 0.005996 0.046210 
0.462778 0.987749 0.462022 
0.057405 0.006255 0.491768 
0.009099 0.972704 0.009099 0.009099 
0.250000 0.250000 0.250000 0.250000 
 197
0.479817 0.005996 0.046210 
0.462778 0.987749 0.462022 
0.057405 0.006255 0.491768 
0.972704 0.009099 0.009099 0.009099 
0.250000 0.250000 0.250000 0.250000 
 198
0.479817 0.005996 0.046210 
0.462778 0.987749 0.462022 
0.057405 0.006255 0.491768 
0.970541 0.011262 0.009099 0.009099 
0.250000 0.250000 0.250000 0.250000 
 199
0.479817 0.005996 0.046210 
0.462778 0.987749 0.462022 
0.057405 0.006255 0.491768 
0.971063 0.009099 0.010740 0.009099 
0.250000 0.250000 0.250000 0.250000 
 200
0.479817 0.005996 0.046210 
0.462778 0.987749 0.462022 
0.057405 0.006255 0.491768 
0.009099 0.009099 0.009099 0.972704 
0.250000 0.250000 0.250000 0.250000 
 201
0.479817 0.005996 0.046210 
0.462778 0.987749 0.462022 
0.057405 0.006255 0.491768 
0.969791 0.009099 0.010480 0.010630 
0.250000 0.250000 0.250000 0.250000 
 202
0.479817 0.005996 0.046210 
0.462778 0.987749 0.462022 
0.057405 0.006255 0.491768 
0.009099 0.009099 0.009099 0.972704 
0.250000 0.250000 0.250000 0.250000 
 203
0.479817 0.005996 0.046210 
0.462778 0.987749 0.462022 
0.057405 0.006255 0.491768 
0.009099 0.972704 0.009099 0.009099 
0.250000 0.250000 0.250000 0.250000 
 204
0.479817 0.005996 0.046210 
0.462778 0.987749 0.462022 
0.057405 0.006255 0.491768 
0.009099 0.009099 0.969646 0.012157 
0.250000 0.250000 0.250000 0.250000 
 205
0.479817 0.005996 0.046210 
0.462778 0.987749 0.462022 
0.057405 0.006255 0.491768 
0.047837 0.933966 0.009099 0.009099 
0.250000 0.250000 0.250000 0.250000 
 206
0.479817 0.005996 0.046210 
0.462778 0.987749 0.462022 
0.057405 0.006255 0.491768 
0.971072 0.010703 0.009112 0.009112 
0.250000 0.250000 0.250000 0.250000 
 207
0.479817 0.005996 0.046210 
0.462778 0.987749 0.462022 
0.057405 0.006255 0.491768 
0.009099 0.009099 0.970455 0.011347 
0.250000 0.250000 0.250000 0.250000 
 208
0.479817 0.005996 0.046210 
0.462778 0.987749 0.462022 
0.057405 0.006255 0.491768 
0.954993 0.009099 0.026810 0.009099 
0.250000 0.250000 0.250000 0.250000 
 209
0.479817 0.005996 0.046210 
0.462778 0.987749 0.462022 
0.057405 0.006255 0.491768 
0.012011 0.969791 0.009099 0.009099 
0.250000 0.250000 0.250000 0.250000 
 210
0.479817 0.005996 0.046210 
0.462778 0.987749 0.462022 
0.057405 0.006255 0.491768 
0.009099 0.009099 0.016082 0.965721 
0.250000 0.250000 0.250000 0.250000 
 211
0.479817 0.005996 0.046210 
0.462778 0.987749 0.462022 
0.057405 0.006255 0.491768 
0.009099 0.009099 0.972704 0.009099 
0.250000 0.250000 0.250000 0.250000 
 212
0.479817 0.005996 0.046210 
0.462778 0.987749 0.462022 
0.057405 0.006255 0.491768 
0.009099 0.009099 0.972704 0.009099 
0.250000 0.250000 0.250000 0.250000 
 213
0.479817 0.005996 0.046210 
0.462778 0.987749 0.462022 
0.057405 0.006255 0.491768 
0.010386 0.009099 0.010598 0.969917 
0.250000 0.250000 0.250000 0.250000 
 214
0.479817 0.005996 0.046210 
0.462778 0.987749 0.462022 
0.057405 0.006255 0.491768 
0.010733 0.009099 0.971069 0.009099 
0.250000 0.250000 0.250000 0.250000 
 215
0.479817 0.005996 0.046210 
0.462778 0.987749 0.462022 
0.057405 0.006255 0.491768 
0.972704 0.009099 0.009099 0.009099 
0.250000 0.250000 0.250000 0.250000 
 216
0.479817 0.005996 0.046210 
0.462778 0.987749 0.462022 
0.057405 0.006255 0.491768 
0.009099 0.009099 0.009099 0.972704 
0.250000 0.250000 0.250000 0.250000 
 217
0.479817 0.005996 0.046210 
0.462778 0.987749 0.462022 
0.057405 0.006255 0.491768 
0.013730 0.009099 0.968073 0.009099 
0.250000 0.250000 0.250000 0.250000 
 218
0.479817 0.005996 0.046210 
0.462778 0.987749 0.462022 
0.057405 0.006255 0.491768 
0.972704 0.009099 0.009099 0.009099 
0.250000 0.250000 0.250000 0.250000 
 219
0.479817 0.005996 0.046210 
0.462778 0.987749 0.462022 
0.057405 0.006255 0.491768 
0.016746 0.958874 0.009099 0.015281 
0.250000 0.250000 0.250000 0.250000 
 220
0.479817 0.005996 0.046210 
0.462778 0.987749 0.462022 
0.057405 0.006255 0.491768 
0.969960 0.011843 0.009099 0.009099 
0.250000 0.250000 0.250000 0.250000 
 221
0.479817 0.005996 0.046210 
0.462778 0.987749 0.462022 
0.057405 0.006255 0.491768 
0.009099 0.009099 0.009099 0.972704 
0.250000 0.250000 0.250000 0.250000 
 222
0.479817 0.005996 0.046210 
0.462778 0.987749 0.462022 
0.057405 0.006255 0.491768 
0.010685 0.009099 0.969172 0.011045 
0.250000 0.250000 0.250000 0.250000 
 223
0.479817 0.005996 0.046210 
0.462778 0.987749 0.462022 
0.057405 0.006255 0.491768 
0.010590 0.009099 0.971212 0.009099 
0.250000 0.250000 0.250000 0.250000 
 224
0.479817 0.005996 0.046210 
0.462778 0.987749 0.462022 
0.057405 0.006255 0.491768 
0.009099 0.009099 0.009099 0.972704 
0.250000 0.250000 0.250000 0.250000 
 225
0.479817 0.005996 0.046210 
0.462778 0.987749 0.462022 
0.057405 0.006255 0.491768 
0.009099 0.009099 0.010624 0.971179 
0.250000 0.250000 0.250000 0.250000 
 226
0.479817 0.005996 0.046210 
0.462778 0.987749 0.462022 
0.057405 0.006255 0.491768 
0.009099 0.972704 0.009099 0.009099 
0.250000 0.250000 0.250000 0.250000 
 227
0.479817 0.005996 0.046210 
0.462778 0.987749 0.462022 
0.057405 0.006255 0.491768 
0.972704 0.009099 0.009099 0.009099 
0.250000 0.250000 0.250000 0.250000 
 228
0.479817 0.005996 0.046210 
0.462778 0.987749 0.462022 
0.057405 0.006255 0.491768 
0.009099 0.009099 0.010683 0.971119 
0.250000 0.250000 0.250000 0.250000 
 229
0.479817 0.005996 0.046210 
0.462778 0.987749 0.462022 
0.057405 0.006255 0.491768 
0.009099 0.972704 0.009099 0.009099 
0.250000 0.250000 0.250000 0.250000 
 230
0.479817 0.005996 0.046210 
0.462778 0.987749 0.462022 
0.057405 0.006255 0.491768 
0.009099 0.972704 0.009099 0.009099 
0.250000 0.250000 0.250000 0.250000 
 231
0.479817 0.005996 0.046210 
0.462778 0.987749 0.462022 
0.057405 0.006255 0.491768 
0.968767 0.013036 0.009099 0.009099 
0.250000 0.250000 0.250000 0.250000 
 232
0.479817 0.005996 0.046210 
0.462778 0.987749 0.462022 
0.057405 0.006255 0.491768 
0.027615 0.954188 0.009099 0.009099 
0.250000 0.250000 0.250000 0.250000 
 233
0.479817 0.005996 0.046210 
0.462778 0.987749 0.462022 
0.057405 0.006255 0.491768 
0.891499 0.009099 0.010516 0.088885 
