%  SAM: /scicomp/home/vfn4/Tools/LABEL_RES/scripts/modelfromalign v3.5 (July 15, 2005) compiled 12/08/06_16:15:55
%  (c) 1992-2001 Regents of the University of California, Santa Cruz
%
%          Sequence Alignment and Modeling Software System
%         http://www.cse.ucsc.edu/research/compbio/sam.html
%
% ----------------- Citations (SAM, SAM-T2K, HMMs) --------------------
% R. Hughey, A. Krogh, Hidden Markov models for sequence analysis:
%  Extension and analysis of the basic method, CABIOS 12:95-107, 1996.
% K. Karplus, et al., What is the value added by human intervention in protein
%  structure prediction, Proteins: Stucture, Function, Genetics 45(S5):86--91, 2001.
% A. Krogh et al., Hidden Markov models in computational biology:
%  Applications to protein modeling, JMB 235:1501-1531, Feb 1994.
% ---------------------------------------------------------------------
%  c-3-4-7-VIC_hmm   Host: login.aspen.biotech.cdc.gov    Fri Jan 30 15:31:32 2015
%  vfn4              Dir:  /scicomp/home/vfn4/fluA/HA_H3/H3prerelease1/c-3-4-5-6-7-VIC
% ---------------------------------------------------------------------
%  Alignment weights from internal calc.  Total (38.42) Max (0.34) Min (0.02)
%  Weights from alignment method 1 (karplus), b=-1.000000, e=0.500000
MODEL --  Model from alignment file /scicomp/home/vfn4/Tools/LABEL_RES/training_data/H3prerelease1/c-3-4-5-6-7-VIC/c-3-4-7-VIC.fasta
alphabet DNA
FREQAVE
0.000000 0.000000 0.000000 
0.000000 0.000000 0.000000 
0.000000 0.000000 0.000000 
0.339117 0.221763 0.197897 0.241223 
0.339117 0.221763 0.197897 0.241223 
Begin
0.000000 0.000000 0.000000 
0.000000 0.000000 0.000000 
0.000000 0.004884 0.491768 
0.250000 0.250000 0.250000 0.250000 
0.250000 0.250000 0.250000 0.250000 
   1
0.000000 0.041878 0.046210 
0.000000 0.953238 0.462022 
0.037888 0.005072 0.491768 
0.979943 0.006686 0.006686 0.006686 
0.250000 0.250000 0.250000 0.250000 
   2
0.656671 0.004862 0.046210 
0.305441 0.990066 0.462022 
0.037888 0.005072 0.491768 
0.006686 0.006686 0.006686 0.979943 
0.250000 0.250000 0.250000 0.250000 
   3
0.656671 0.004862 0.046210 
0.305441 0.990066 0.462022 
0.037888 0.005072 0.491768 
0.006686 0.979943 0.006686 0.006686 
0.250000 0.250000 0.250000 0.250000 
   4
0.656671 0.004862 0.046210 
0.305441 0.990066 0.462022 
0.037888 0.005072 0.491768 
0.979943 0.006686 0.006686 0.006686 
0.250000 0.250000 0.250000 0.250000 
   5
0.652303 0.004862 0.046210 
0.309808 0.990066 0.462022 
0.038055 0.005070 0.491768 
0.979957 0.006681 0.006681 0.006681 
0.250000 0.250000 0.250000 0.250000 
   6
0.647668 0.004860 0.046210 
0.314277 0.990071 0.462022 
0.038342 0.005065 0.491768 
0.007640 0.979014 0.006673 0.006673 
0.250000 0.250000 0.250000 0.250000 
   7
0.649453 0.004856 0.046210 
0.312205 0.990079 0.462022 
0.038461 0.005064 0.491768 
0.977360 0.009301 0.006670 0.006670 
0.250000 0.250000 0.250000 0.250000 
   8
0.651477 0.004854 0.046210 
0.310061 0.990082 0.462022 
0.038461 0.005064 0.491768 
0.006670 0.006670 0.978835 0.007825 
0.250000 0.250000 0.250000 0.250000 
   9
0.646701 0.004854 0.046210 
0.314837 0.990082 0.462022 
0.038646 0.005061 0.491768 
0.007307 0.007570 0.055528 0.929595 
0.250000 0.250000 0.250000 0.250000 
  10
0.644965 0.004851 0.046210 
0.316389 0.990088 0.462022 
0.038834 0.005058 0.491768 
0.973085 0.013595 0.006660 0.006660 
0.250000 0.250000 0.250000 0.250000 
  11
0.642878 0.004849 0.046210 
0.318288 0.990093 0.462022 
0.039038 0.005055 0.491768 
0.006655 0.006655 0.013550 0.973141 
0.250000 0.250000 0.250000 0.250000 
  12
0.639176 0.004846 0.046210 
0.321786 0.990099 0.462022 
0.039316 0.005051 0.491768 
0.007927 0.006647 0.977997 0.007429 
0.250000 0.250000 0.250000 0.250000 
  13
0.643732 0.004842 0.046210 
0.316952 0.990106 0.462022 
0.039316 0.005051 0.491768 
0.977918 0.007508 0.007927 0.006647 
0.250000 0.250000 0.250000 0.250000 
  14
0.626844 0.004842 0.046210 
0.333840 0.990106 0.462022 
0.039992 0.005042 0.491768 
0.007907 0.006630 0.007314 0.978149 
0.250000 0.250000 0.250000 0.250000 
  15
0.637612 0.004833 0.046210 
0.322396 0.990125 0.462022 
0.039992 0.005042 0.491768 
0.012835 0.006630 0.008063 0.972471 
0.250000 0.250000 0.250000 0.250000 
  16
0.628956 0.004833 0.046210 
0.331052 0.990125 0.462022 
0.040341 0.005038 0.491768 
0.006622 0.980135 0.006622 0.006622 
0.250000 0.250000 0.250000 0.250000 
  17
0.634448 0.004829 0.046210 
0.325211 0.990134 0.462022 
0.040341 0.005038 0.491768 
0.006622 0.006622 0.980135 0.006622 
0.250000 0.250000 0.250000 0.250000 
  18
0.634448 0.004829 0.046210 
0.325211 0.990134 0.462022 
0.040341 0.005038 0.491768 
0.006622 0.006622 0.006622 0.980135 
0.250000 0.250000 0.250000 0.250000 
  19
0.634448 0.004829 0.046210 
0.325211 0.990134 0.462022 
0.040341 0.005038 0.491768 
0.006622 0.006622 0.007752 0.979005 
0.250000 0.250000 0.250000 0.250000 
  20
0.619646 0.004829 0.046210 
0.340013 0.990134 0.462022 
0.040947 0.005030 0.491768 
0.006607 0.007401 0.006607 0.979385 
0.250000 0.250000 0.250000 0.250000 
  21
0.611673 0.004821 0.046210 
0.347380 0.990149 0.462022 
0.041667 0.005021 0.491768 
0.008360 0.978459 0.006591 0.006591 
0.250000 0.250000 0.250000 0.250000 
  22
0.612187 0.004812 0.046210 
0.346146 0.990167 0.462022 
0.042098 0.005015 0.491768 
0.978306 0.008532 0.006581 0.006581 
0.250000 0.250000 0.250000 0.250000 
  23
0.613877 0.004807 0.046210 
0.344024 0.990177 0.462022 
0.042295 0.005013 0.491768 
0.007669 0.979178 0.006577 0.006577 
0.250000 0.250000 0.250000 0.250000 
  24
0.616742 0.004805 0.046210 
0.340963 0.990182 0.462022 
0.042295 0.005013 0.491768 
0.006577 0.006577 0.980270 0.006577 
0.250000 0.250000 0.250000 0.250000 
  25
0.616742 0.004805 0.046210 
0.340963 0.990182 0.462022 
0.042295 0.005013 0.491768 
0.006577 0.006577 0.015989 0.970858 
0.250000 0.250000 0.250000 0.250000 
  26
0.606783 0.004805 0.046210 
0.350923 0.990182 0.462022 
0.042720 0.005008 0.491768 
0.977984 0.008881 0.006567 0.006567 
0.250000 0.250000 0.250000 0.250000 
  27
0.562664 0.004800 0.046210 
0.394616 0.990192 0.462022 
0.044979 0.004983 0.491768 
0.006522 0.006522 0.979648 0.007308 
0.250000 0.250000 0.250000 0.250000 
  28
0.592417 0.004777 0.046210 
0.362604 0.990240 0.462022 
0.044979 0.004983 0.491768 
0.977415 0.008736 0.007327 0.006522 
0.250000 0.250000 0.250000 0.250000 
  29
0.592417 0.004777 0.046210 
0.362604 0.990240 0.462022 
0.044979 0.004983 0.491768 
0.006522 0.006522 0.008704 0.978253 
0.250000 0.250000 0.250000 0.250000 
  30
0.575746 0.004777 0.046210 
0.379275 0.990240 0.462022 
0.045742 0.004975 0.491768 
0.006508 0.006508 0.009206 0.977779 
0.250000 0.250000 0.250000 0.250000 
  31
0.585507 0.004769 0.046210 
0.368751 0.990256 0.462022 
0.045742 0.004975 0.491768 
0.009825 0.006508 0.972433 0.011235 
0.250000 0.250000 0.250000 0.250000 
  32
0.585507 0.004769 0.046210 
0.368751 0.990256 0.462022 
0.045742 0.004975 0.491768 
0.006508 0.006508 0.006508 0.980477 
0.250000 0.250000 0.250000 0.250000 
  33
0.585507 0.004769 0.046210 
0.368751 0.990256 0.462022 
0.045742 0.004975 0.491768 
0.979448 0.007536 0.006508 0.006508 
0.250000 0.250000 0.250000 0.250000 
  34
0.585507 0.004769 0.046210 
0.368751 0.990256 0.462022 
0.045742 0.004975 0.491768 
0.006508 0.006508 0.006508 0.980477 
0.250000 0.250000 0.250000 0.250000 
  35
0.576904 0.004769 0.046210 
0.377355 0.990256 0.462022 
0.046139 0.004971 0.491768 
0.008080 0.978919 0.006501 0.006501 
0.250000 0.250000 0.250000 0.250000 
  36
0.581910 0.004765 0.046210 
0.371951 0.990263 0.462022 
0.046139 0.004971 0.491768 
0.006501 0.006501 0.009036 0.977963 
0.250000 0.250000 0.250000 0.250000 
  37
0.581910 0.004765 0.046210 
0.371951 0.990263 0.462022 
0.046139 0.004971 0.491768 
0.009217 0.006501 0.974135 0.010148 
0.250000 0.250000 0.250000 0.250000 
  38
0.581910 0.004765 0.046210 
0.371951 0.990263 0.462022 
0.046139 0.004971 0.491768 
0.006501 0.015504 0.006501 0.971495 
0.250000 0.250000 0.250000 0.250000 
  39
0.581910 0.004765 0.046210 
0.371951 0.990263 0.462022 
0.046139 0.004971 0.491768 
0.031602 0.954653 0.006501 0.007244 
0.250000 0.250000 0.250000 0.250000 
  40
0.581910 0.004765 0.046210 
0.371951 0.990263 0.462022 
0.046139 0.004971 0.491768 
0.008559 0.978434 0.006504 0.006504 
0.250000 0.250000 0.250000 0.250000 
  41
0.581910 0.004765 0.046210 
0.371951 0.990263 0.462022 
0.046139 0.004971 0.491768 
0.006501 0.007179 0.019805 0.966516 
0.250000 0.250000 0.250000 0.250000 
  42
0.581910 0.004765 0.046210 
0.371951 0.990263 0.462022 
0.046139 0.004971 0.491768 
0.006501 0.006501 0.008446 0.978553 
0.250000 0.250000 0.250000 0.250000 
  43
0.581910 0.004765 0.046210 
0.371951 0.990263 0.462022 
0.046139 0.004971 0.491768 
0.007175 0.006501 0.007269 0.979056 
0.250000 0.250000 0.250000 0.250000 
  44
0.581910 0.004765 0.046210 
0.371951 0.990263 0.462022 
0.046139 0.004971 0.491768 
0.007380 0.006501 0.007201 0.978918 
0.250000 0.250000 0.250000 0.250000 
  45
0.581910 0.004765 0.046210 
0.371951 0.990263 0.462022 
0.046139 0.004971 0.491768 
0.007797 0.006501 0.975759 0.009944 
0.250000 0.250000 0.250000 0.250000 
  46
0.578055 0.004765 0.046210 
0.375806 0.990263 0.462022 
0.046317 0.004970 0.491768 
0.016785 0.970221 0.006497 0.006497 
0.250000 0.250000 0.250000 0.250000 
  47
0.580292 0.004764 0.046210 
0.373391 0.990267 0.462022 
0.046317 0.004970 0.491768 
0.006497 0.006497 0.980508 0.006497 
0.250000 0.250000 0.250000 0.250000 
  48
0.580292 0.004764 0.046210 
0.373391 0.990267 0.462022 
0.046317 0.004970 0.491768 
0.006497 0.006497 0.035053 0.951952 
0.250000 0.250000 0.250000 0.250000 
  49
0.415595 0.004764 0.046210 
0.538087 0.990267 0.462022 
0.055450 0.004896 0.491768 
0.007325 0.006365 0.979946 0.006365 
0.250000 0.250000 0.250000 0.250000 
  50
0.497538 0.004693 0.046210 
0.447012 0.990411 0.462022 
0.055450 0.004896 0.491768 
0.980906 0.006365 0.006365 0.006365 
0.250000 0.250000 0.250000 0.250000 
  51
0.497538 0.004693 0.046210 
0.447012 0.990411 0.462022 
0.055450 0.004896 0.491768 
0.979137 0.008134 0.006365 0.006365 
0.250000 0.250000 0.250000 0.250000 
  52
0.497538 0.004693 0.046210 
0.447012 0.990411 0.462022 
0.055450 0.004896 0.491768 
0.977155 0.008608 0.007872 0.006365 
0.250000 0.250000 0.250000 0.250000 
  53
0.497538 0.004693 0.046210 
0.447012 0.990411 0.462022 
0.055450 0.004896 0.491768 
0.980906 0.006365 0.006365 0.006365 
0.250000 0.250000 0.250000 0.250000 
  54
0.497538 0.004693 0.046210 
0.447012 0.990411 0.462022 
0.055450 0.004896 0.491768 
0.973358 0.011649 0.008629 0.006365 
0.250000 0.250000 0.250000 0.250000 
  55
0.497538 0.004693 0.046210 
0.447012 0.990411 0.462022 
0.055450 0.004896 0.491768 
0.047054 0.006365 0.925392 0.021189 
0.250000 0.250000 0.250000 0.250000 
  56
0.497538 0.004693 0.046210 
0.447012 0.990411 0.462022 
0.055450 0.004896 0.491768 
0.006365 0.006365 0.007318 0.979953 
0.250000 0.250000 0.250000 0.250000 
  57
0.497538 0.004693 0.046210 
0.447012 0.990411 0.462022 
0.055450 0.004896 0.491768 
0.006365 0.006365 0.011918 0.975353 
0.250000 0.250000 0.250000 0.250000 
  58
0.497538 0.004693 0.046210 
0.447012 0.990411 0.462022 
0.055450 0.004896 0.491768 
0.007395 0.006365 0.979876 0.006365 
0.250000 0.250000 0.250000 0.250000 
  59
0.497538 0.004693 0.046210 
0.447012 0.990411 0.462022 
0.055450 0.004896 0.491768 
0.006365 0.006365 0.980906 0.006365 
0.250000 0.250000 0.250000 0.250000 
  60
0.497538 0.004693 0.046210 
0.447012 0.990411 0.462022 
0.055450 0.004896 0.491768 
0.008036 0.006365 0.006365 0.979235 
0.250000 0.250000 0.250000 0.250000 
  61
0.497538 0.004693 0.046210 
0.447012 0.990411 0.462022 
0.055450 0.004896 0.491768 
0.009156 0.978115 0.006365 0.006365 
0.250000 0.250000 0.250000 0.250000 
  62
0.497538 0.004693 0.046210 
0.447012 0.990411 0.462022 
0.055450 0.004896 0.491768 
0.053393 0.932946 0.006365 0.007297 
0.250000 0.250000 0.250000 0.250000 
  63
0.483902 0.004693 0.046210 
0.460648 0.990411 0.462022 
0.056216 0.004891 0.491768 
0.973577 0.013712 0.006356 0.006356 
0.250000 0.250000 0.250000 0.250000 
  64
0.490592 0.004688 0.046210 
0.453192 0.990421 0.462022 
0.056216 0.004891 0.491768 
0.977701 0.009588 0.006356 0.006356 
0.250000 0.250000 0.250000 0.250000 
  65
0.490592 0.004688 0.046210 
0.453192 0.990421 0.462022 
0.056216 0.004891 0.491768 
0.980933 0.006356 0.006356 0.006356 
0.250000 0.250000 0.250000 0.250000 
  66
0.485793 0.004688 0.046210 
0.457991 0.990421 0.462022 
0.056487 0.004889 0.491768 
0.006352 0.006352 0.007113 0.980182 
0.250000 0.250000 0.250000 0.250000 
  67
0.488136 0.004687 0.046210 
0.455377 0.990424 0.462022 
0.056487 0.004889 0.491768 
0.006352 0.980014 0.006352 0.007281 
0.250000 0.250000 0.250000 0.250000 
  68
0.488136 0.004687 0.046210 
0.455377 0.990424 0.462022 
0.056487 0.004889 0.491768 
0.980943 0.006352 0.006352 0.006352 
0.250000 0.250000 0.250000 0.250000 
  69
0.488136 0.004687 0.046210 
0.455377 0.990424 0.462022 
0.056487 0.004889 0.491768 
0.009560 0.006352 0.976996 0.007092 
0.250000 0.250000 0.250000 0.250000 
  70
0.488136 0.004687 0.046210 
0.455377 0.990424 0.462022 
0.056487 0.004889 0.491768 
0.977050 0.009081 0.006352 0.007517 
0.250000 0.250000 0.250000 0.250000 
  71
0.488136 0.004687 0.046210 
0.455377 0.990424 0.462022 
0.056487 0.004889 0.491768 
0.980943 0.006352 0.006352 0.006352 
0.250000 0.250000 0.250000 0.250000 
  72
0.488136 0.004687 0.046210 
0.455377 0.990424 0.462022 
0.056487 0.004889 0.491768 
0.006356 0.006356 0.979897 0.007392 
0.250000 0.250000 0.250000 0.250000 
  73
0.488136 0.004687 0.046210 
0.455377 0.990424 0.462022 
0.056487 0.004889 0.491768 
0.980943 0.006352 0.006352 0.006352 
0.250000 0.250000 0.250000 0.250000 
  74
0.488136 0.004687 0.046210 
0.455377 0.990424 0.462022 
0.056487 0.004889 0.491768 
0.011085 0.975524 0.006352 0.007038 
0.250000 0.250000 0.250000 0.250000 
  75
0.488136 0.004687 0.046210 
0.455377 0.990424 0.462022 
0.056487 0.004889 0.491768 
0.006352 0.006352 0.980943 0.006352 
0.250000 0.250000 0.250000 0.250000 
  76
0.488136 0.004687 0.046210 
0.455377 0.990424 0.462022 
0.056487 0.004889 0.491768 
0.976363 0.010923 0.006357 0.006357 
0.250000 0.250000 0.250000 0.250000 
  77
0.488136 0.004687 0.046210 
0.455377 0.990424 0.462022 
0.056487 0.004889 0.491768 
0.007577 0.006352 0.976070 0.010000 
0.250000 0.250000 0.250000 0.250000 
  78
0.488136 0.004687 0.046210 
0.455377 0.990424 0.462022 
0.056487 0.004889 0.491768 
0.010429 0.972963 0.006352 0.010256 
0.250000 0.250000 0.250000 0.250000 
  79
0.488136 0.004687 0.046210 
0.455377 0.990424 0.462022 
0.056487 0.004889 0.491768 
0.006352 0.980943 0.006352 0.006352 
0.250000 0.250000 0.250000 0.250000 
  80
0.488136 0.004687 0.046210 
0.455377 0.990424 0.462022 
0.056487 0.004889 0.491768 
0.006352 0.006352 0.980943 0.006352 
0.250000 0.250000 0.250000 0.250000 
  81
0.488136 0.004687 0.046210 
0.455377 0.990424 0.462022 
0.056487 0.004889 0.491768 
0.978767 0.006352 0.007809 0.007072 
0.250000 0.250000 0.250000 0.250000 
  82
0.488136 0.004687 0.046210 
0.455377 0.990424 0.462022 
0.056487 0.004889 0.491768 
0.974318 0.012977 0.006352 0.006352 
0.250000 0.250000 0.250000 0.250000 
  83
0.488136 0.004687 0.046210 
0.455377 0.990424 0.462022 
0.056487 0.004889 0.491768 
0.006352 0.006352 0.980943 0.006352 
0.250000 0.250000 0.250000 0.250000 
  84
0.488136 0.004687 0.046210 
0.455377 0.990424 0.462022 
0.056487 0.004889 0.491768 
0.008391 0.978904 0.006352 0.006352 
0.250000 0.250000 0.250000 0.250000 
  85
0.488136 0.004687 0.046210 
0.455377 0.990424 0.462022 
0.056487 0.004889 0.491768 
0.006352 0.006352 0.977915 0.009380 
0.250000 0.250000 0.250000 0.250000 
  86
0.480903 0.004687 0.046210 
0.462610 0.990424 0.462022 
0.056899 0.004887 0.491768 
0.006348 0.006348 0.006348 0.980957 
0.250000 0.250000 0.250000 0.250000 
  87
0.484406 0.004684 0.046210 
0.458695 0.990429 0.462022 
0.056899 0.004887 0.491768 
0.011485 0.971479 0.006348 0.010688 
0.250000 0.250000 0.250000 0.250000 
  88
0.484406 0.004684 0.046210 
0.458695 0.990429 0.462022 
0.056899 0.004887 0.491768 
0.006348 0.006348 0.006348 0.980957 
0.250000 0.250000 0.250000 0.250000 
  89
0.484406 0.004684 0.046210 
0.458695 0.990429 0.462022 
0.056899 0.004887 0.491768 
0.006348 0.980957 0.006348 0.006348 
0.250000 0.250000 0.250000 0.250000 
  90
0.484406 0.004684 0.046210 
0.458695 0.990429 0.462022 
0.056899 0.004887 0.491768 
0.006348 0.006348 0.975979 0.011325 
0.250000 0.250000 0.250000 0.250000 
  91
0.484406 0.004684 0.046210 
0.458695 0.990429 0.462022 
0.056899 0.004887 0.491768 
0.006348 0.006348 0.980957 0.006348 
0.250000 0.250000 0.250000 0.250000 
  92
0.484406 0.004684 0.046210 
0.458695 0.990429 0.462022 
0.056899 0.004887 0.491768 
0.006348 0.006348 0.006348 0.980957 
0.250000 0.250000 0.250000 0.250000 
  93
0.484406 0.004684 0.046210 
0.458695 0.990429 0.462022 
0.056899 0.004887 0.491768 
0.006348 0.010535 0.006348 0.976769 
0.250000 0.250000 0.250000 0.250000 
  94
0.484406 0.004684 0.046210 
0.458695 0.990429 0.462022 
0.056899 0.004887 0.491768 
0.006348 0.980957 0.006348 0.006348 
0.250000 0.250000 0.250000 0.250000 
  95
0.484406 0.004684 0.046210 
0.458695 0.990429 0.462022 
0.056899 0.004887 0.491768 
0.006348 0.976022 0.006348 0.011283 
0.250000 0.250000 0.250000 0.250000 
  96
0.484406 0.004684 0.046210 
0.458695 0.990429 0.462022 
0.056899 0.004887 0.491768 
0.010986 0.974763 0.007201 0.007050 
0.250000 0.250000 0.250000 0.250000 
  97
0.484406 0.004684 0.046210 
0.458695 0.990429 0.462022 
0.056899 0.004887 0.491768 
0.006348 0.006348 0.980957 0.006348 
0.250000 0.250000 0.250000 0.250000 
  98
0.484406 0.004684 0.046210 
0.458695 0.990429 0.462022 
0.056899 0.004887 0.491768 
0.976874 0.010431 0.006348 0.006348 
0.250000 0.250000 0.250000 0.250000 
  99
0.484406 0.004684 0.046210 
0.458695 0.990429 0.462022 
0.056899 0.004887 0.491768 
0.006348 0.006348 0.977915 0.009390 
0.250000 0.250000 0.250000 0.250000 
 100
0.484406 0.004684 0.046210 
0.458695 0.990429 0.462022 
0.056899 0.004887 0.491768 
0.006348 0.006348 0.980056 0.007249 
0.250000 0.250000 0.250000 0.250000 
 101
0.484406 0.004684 0.046210 
0.458695 0.990429 0.462022 
0.056899 0.004887 0.491768 
0.980957 0.006348 0.006348 0.006348 
0.250000 0.250000 0.250000 0.250000 
 102
0.484406 0.004684 0.046210 
0.458695 0.990429 0.462022 
0.056899 0.004887 0.491768 
0.006348 0.006348 0.006348 0.980957 
0.250000 0.250000 0.250000 0.250000 
 103
0.484406 0.004684 0.046210 
0.458695 0.990429 0.462022 
0.056899 0.004887 0.491768 
0.006348 0.980957 0.006348 0.006348 
0.250000 0.250000 0.250000 0.250000 
 104
0.484406 0.004684 0.046210 
0.458695 0.990429 0.462022 
0.056899 0.004887 0.491768 
0.006348 0.006348 0.980957 0.006348 
0.250000 0.250000 0.250000 0.250000 
 105
0.484406 0.004684 0.046210 
0.458695 0.990429 0.462022 
0.056899 0.004887 0.491768 
0.980155 0.006348 0.006348 0.007150 
0.250000 0.250000 0.250000 0.250000 
 106
0.484406 0.004684 0.046210 
0.458695 0.990429 0.462022 
0.056899 0.004887 0.491768 
0.006348 0.980957 0.006348 0.006348 
0.250000 0.250000 0.250000 0.250000 
 107
0.484406 0.004684 0.046210 
0.458695 0.990429 0.462022 
0.056899 0.004887 0.491768 
0.006348 0.007786 0.006348 0.979518 
0.250000 0.250000 0.250000 0.250000 
 108
0.484406 0.004684 0.046210 
0.458695 0.990429 0.462022 
0.056899 0.004887 0.491768 
0.978542 0.007845 0.007265 0.006348 
0.250000 0.250000 0.250000 0.250000 
 109
0.484406 0.004684 0.046210 
0.458695 0.990429 0.462022 
0.056899 0.004887 0.491768 
0.006348 0.006348 0.976700 0.010604 
0.250000 0.250000 0.250000 0.250000 
 110
0.484406 0.004684 0.046210 
0.458695 0.990429 0.462022 
0.056899 0.004887 0.491768 
0.006348 0.006348 0.980957 0.006348 
0.250000 0.250000 0.250000 0.250000 
 111
0.484406 0.004684 0.046210 
0.458695 0.990429 0.462022 
0.056899 0.004887 0.491768 
0.977549 0.009756 0.006348 0.006348 
0.250000 0.250000 0.250000 0.250000 
 112
0.484406 0.004684 0.046210 
0.458695 0.990429 0.462022 
0.056899 0.004887 0.491768 
0.980957 0.006348 0.006348 0.006348 
0.250000 0.250000 0.250000 0.250000 
 113
0.484406 0.004684 0.046210 
0.458695 0.990429 0.462022 
0.056899 0.004887 0.491768 
0.980957 0.006348 0.006348 0.006348 
0.250000 0.250000 0.250000 0.250000 
 114
0.484406 0.004684 0.046210 
0.458695 0.990429 0.462022 
0.056899 0.004887 0.491768 
0.006348 0.006348 0.970936 0.016368 
0.250000 0.250000 0.250000 0.250000 
 115
0.484406 0.004684 0.046210 
0.458695 0.990429 0.462022 
0.056899 0.004887 0.491768 
0.006348 0.980957 0.006348 0.006348 
0.250000 0.250000 0.250000 0.250000 
 116
0.484406 0.004684 0.046210 
0.458695 0.990429 0.462022 
0.056899 0.004887 0.491768 
0.006348 0.980957 0.006348 0.006348 
0.250000 0.250000 0.250000 0.250000 
 117
0.484406 0.004684 0.046210 
0.458695 0.990429 0.462022 
0.056899 0.004887 0.491768 
0.975681 0.011623 0.006348 0.006348 
0.250000 0.250000 0.250000 0.250000 
 118
0.484406 0.004684 0.046210 
0.458695 0.990429 0.462022 
0.056899 0.004887 0.491768 
0.980957 0.006348 0.006348 0.006348 
0.250000 0.250000 0.250000 0.250000 
 119
0.484406 0.004684 0.046210 
0.458695 0.990429 0.462022 
0.056899 0.004887 0.491768 
0.006348 0.006348 0.980957 0.006348 
0.250000 0.250000 0.250000 0.250000 
 120
0.484406 0.004684 0.046210 
0.458695 0.990429 0.462022 
0.056899 0.004887 0.491768 
0.020213 0.965567 0.006348 0.007872 
0.250000 0.250000 0.250000 0.250000 
 121
0.484406 0.004684 0.046210 
0.458695 0.990429 0.462022 
0.056899 0.004887 0.491768 
0.980129 0.007176 0.006348 0.006348 
0.250000 0.250000 0.250000 0.250000 
 122
0.484406 0.004684 0.046210 
0.458695 0.990429 0.462022 
0.056899 0.004887 0.491768 
0.006348 0.006348 0.006348 0.980957 
0.250000 0.250000 0.250000 0.250000 
 123
0.484406 0.004684 0.046210 
0.458695 0.990429 0.462022 
0.056899 0.004887 0.491768 
0.977497 0.008794 0.006348 0.007361 
0.250000 0.250000 0.250000 0.250000 
 124
0.475584 0.004684 0.046210 
0.467517 0.990429 0.462022 
0.057405 0.004884 0.491768 
0.006342 0.980974 0.006342 0.006342 
0.250000 0.250000 0.250000 0.250000 
 125
0.479817 0.004681 0.046210 
0.462778 0.990435 0.462022 
0.057405 0.004884 0.491768 
0.006342 0.006342 0.006342 0.980974 
0.250000 0.250000 0.250000 0.250000 
 126
0.479817 0.004681 0.046210 
0.462778 0.990435 0.462022 
0.057405 0.004884 0.491768 
0.015611 0.970999 0.006342 0.007048 
0.250000 0.250000 0.250000 0.250000 
 127
0.479817 0.004681 0.046210 
0.462778 0.990435 0.462022 
0.057405 0.004884 0.491768 
0.980974 0.006342 0.006342 0.006342 
0.250000 0.250000 0.250000 0.250000 
 128
0.479817 0.004681 0.046210 
0.462778 0.990435 0.462022 
0.057405 0.004884 0.491768 
0.980974 0.006342 0.006342 0.006342 
0.250000 0.250000 0.250000 0.250000 
 129
0.479817 0.004681 0.046210 
0.462778 0.990435 0.462022 
0.057405 0.004884 0.491768 
0.978254 0.009062 0.006342 0.006342 
0.250000 0.250000 0.250000 0.250000 
 130
0.479817 0.004681 0.046210 
0.462778 0.990435 0.462022 
0.057405 0.004884 0.491768 
0.980974 0.006342 0.006342 0.006342 
0.250000 0.250000 0.250000 0.250000 
 131
0.479817 0.004681 0.046210 
0.462778 0.990435 0.462022 
0.057405 0.004884 0.491768 
0.006342 0.006342 0.980974 0.006342 
0.250000 0.250000 0.250000 0.250000 
 132
0.479817 0.004681 0.046210 
0.462778 0.990435 0.462022 
0.057405 0.004884 0.491768 
0.980974 0.006342 0.006342 0.006342 
0.250000 0.250000 0.250000 0.250000 
 133
0.479817 0.004681 0.046210 
0.462778 0.990435 0.462022 
0.057405 0.004884 0.491768 
0.980974 0.006342 0.006342 0.006342 
0.250000 0.250000 0.250000 0.250000 
 134
0.479817 0.004681 0.046210 
0.462778 0.990435 0.462022 
0.057405 0.004884 0.491768 
0.006342 0.006342 0.006342 0.980974 
0.250000 0.250000 0.250000 0.250000 
 135
0.479817 0.004681 0.046210 
0.462778 0.990435 0.462022 
0.057405 0.004884 0.491768 
0.007087 0.006342 0.967344 0.019228 
0.250000 0.250000 0.250000 0.250000 
 136
0.479817 0.004681 0.046210 
0.462778 0.990435 0.462022 
0.057405 0.004884 0.491768 
0.973221 0.014095 0.006342 0.006342 
0.250000 0.250000 0.250000 0.250000 
 137
0.479817 0.004681 0.046210 
0.462778 0.990435 0.462022 
0.057405 0.004884 0.491768 
0.006342 0.006342 0.979884 0.007432 
0.250000 0.250000 0.250000 0.250000 
 138
0.479817 0.004681 0.046210 
0.462778 0.990435 0.462022 
0.057405 0.004884 0.491768 
0.018079 0.948558 0.006342 0.027020 
0.250000 0.250000 0.250000 0.250000 
 139
0.479817 0.004681 0.046210 
0.462778 0.990435 0.462022 
0.057405 0.004884 0.491768 
0.968704 0.017570 0.007384 0.006342 
0.250000 0.250000 0.250000 0.250000 
 140
0.479817 0.004681 0.046210 
0.462778 0.990435 0.462022 
0.057405 0.004884 0.491768 
0.976939 0.010376 0.006342 0.006342 
0.250000 0.250000 0.250000 0.250000 
 141
0.479817 0.004681 0.046210 
0.462778 0.990435 0.462022 
0.057405 0.004884 0.491768 
0.006342 0.006342 0.006342 0.980974 
0.250000 0.250000 0.250000 0.250000 
 142
0.479817 0.004681 0.046210 
0.462778 0.990435 0.462022 
0.057405 0.004884 0.491768 
0.006342 0.980974 0.006342 0.006342 
0.250000 0.250000 0.250000 0.250000 
 143
0.479817 0.004681 0.046210 
0.462778 0.990435 0.462022 
0.057405 0.004884 0.491768 
0.980015 0.007300 0.006342 0.006342 
0.250000 0.250000 0.250000 0.250000 
 144
0.479817 0.004681 0.046210 
0.462778 0.990435 0.462022 
0.057405 0.004884 0.491768 
0.012999 0.006342 0.974317 0.006342 
0.250000 0.250000 0.250000 0.250000 
 145
0.479817 0.004681 0.046210 
0.462778 0.990435 0.462022 
0.057405 0.004884 0.491768 
0.006342 0.006342 0.980974 0.006342 
0.250000 0.250000 0.250000 0.250000 
 146
0.479817 0.004681 0.046210 
0.462778 0.990435 0.462022 
0.057405 0.004884 0.491768 
0.980159 0.007156 0.006342 0.006342 
0.250000 0.250000 0.250000 0.250000 
 147
0.479817 0.004681 0.046210 
0.462778 0.990435 0.462022 
0.057405 0.004884 0.491768 
0.975941 0.011375 0.006342 0.006342 
0.250000 0.250000 0.250000 0.250000 
 148
0.479817 0.004681 0.046210 
0.462778 0.990435 0.462022 
0.057405 0.004884 0.491768 
0.977957 0.009359 0.006342 0.006342 
0.250000 0.250000 0.250000 0.250000 
 149
0.479817 0.004681 0.046210 
0.462778 0.990435 0.462022 
0.057405 0.004884 0.491768 
0.006342 0.006342 0.006342 0.980974 
0.250000 0.250000 0.250000 0.250000 
 150
0.479817 0.004681 0.046210 
0.462778 0.990435 0.462022 
0.057405 0.004884 0.491768 
0.008265 0.006342 0.006342 0.979051 
0.250000 0.250000 0.250000 0.250000 
 151
0.479817 0.004681 0.046210 
0.462778 0.990435 0.462022 
0.057405 0.004884 0.491768 
0.006342 0.980974 0.006342 0.006342 
0.250000 0.250000 0.250000 0.250000 
 152
0.479817 0.004681 0.046210 
0.462778 0.990435 0.462022 
0.057405 0.004884 0.491768 
0.980974 0.006342 0.006342 0.006342 
0.250000 0.250000 0.250000 0.250000 
 153
0.479817 0.004681 0.046210 
0.462778 0.990435 0.462022 
0.057405 0.004884 0.491768 
0.977921 0.009381 0.006349 0.006349 
0.250000 0.250000 0.250000 0.250000 
 154
0.479817 0.004681 0.046210 
0.462778 0.990435 0.462022 
0.057405 0.004884 0.491768 
0.006342 0.980974 0.006342 0.006342 
0.250000 0.250000 0.250000 0.250000 
 155
0.479817 0.004681 0.046210 
0.462778 0.990435 0.462022 
0.057405 0.004884 0.491768 
0.006342 0.006342 0.006342 0.980974 
0.250000 0.250000 0.250000 0.250000 
 156
0.479817 0.004681 0.046210 
0.462778 0.990435 0.462022 
0.057405 0.004884 0.491768 
0.006342 0.006342 0.009131 0.978185 
0.250000 0.250000 0.250000 0.250000 
 157
0.479817 0.004681 0.046210 
0.462778 0.990435 0.462022 
0.057405 0.004884 0.491768 
0.980974 0.006342 0.006342 0.006342 
0.250000 0.250000 0.250000 0.250000 
 158
0.479817 0.004681 0.046210 
0.462778 0.990435 0.462022 
0.057405 0.004884 0.491768 
0.006342 0.006342 0.980974 0.006342 
0.250000 0.250000 0.250000 0.250000 
 159
0.479817 0.004681 0.046210 
0.462778 0.990435 0.462022 
0.057405 0.004884 0.491768 
0.006342 0.006342 0.010605 0.976711 
0.250000 0.250000 0.250000 0.250000 
 160
0.479817 0.004681 0.046210 
0.462778 0.990435 0.462022 
0.057405 0.004884 0.491768 
0.980974 0.006342 0.006342 0.006342 
0.250000 0.250000 0.250000 0.250000 
 161
0.479817 0.004681 0.046210 
0.462778 0.990435 0.462022 
0.057405 0.004884 0.491768 
0.980223 0.006342 0.007092 0.006342 
0.250000 0.250000 0.250000 0.250000 
 162
0.479817 0.004681 0.046210 
0.462778 0.990435 0.462022 
0.057405 0.004884 0.491768 
0.006342 0.006342 0.009674 0.977641 
0.250000 0.250000 0.250000 0.250000 
 163
0.479817 0.004681 0.046210 
0.462778 0.990435 0.462022 
0.057405 0.004884 0.491768 
0.006342 0.980974 0.006342 0.006342 
0.250000 0.250000 0.250000 0.250000 
 164
0.479817 0.004681 0.046210 
0.462778 0.990435 0.462022 
0.057405 0.004884 0.491768 
0.006342 0.006342 0.980974 0.006342 
0.250000 0.250000 0.250000 0.250000 
 165
0.479817 0.004681 0.046210 
0.462778 0.990435 0.462022 
0.057405 0.004884 0.491768 
0.006342 0.007786 0.012684 0.973187 
0.250000 0.250000 0.250000 0.250000 
 166
0.479817 0.004681 0.046210 
0.462778 0.990435 0.462022 
0.057405 0.004884 0.491768 
0.980974 0.006342 0.006342 0.006342 
0.250000 0.250000 0.250000 0.250000 
 167
0.479817 0.004681 0.046210 
0.462778 0.990435 0.462022 
0.057405 0.004884 0.491768 
0.006342 0.006342 0.980974 0.006342 
0.250000 0.250000 0.250000 0.250000 
 168
0.479817 0.004681 0.046210 
0.462778 0.990435 0.462022 
0.057405 0.004884 0.491768 
0.007083 0.007117 0.008117 0.977684 
0.250000 0.250000 0.250000 0.250000 
 169
0.479817 0.004681 0.046210 
0.462778 0.990435 0.462022 
0.057405 0.004884 0.491768 
0.006342 0.980974 0.006342 0.006342 
0.250000 0.250000 0.250000 0.250000 
 170
0.479817 0.004681 0.046210 
0.462778 0.990435 0.462022 
0.057405 0.004884 0.491768 
0.980974 0.006342 0.006342 0.006342 
0.250000 0.250000 0.250000 0.250000 
 171
0.479817 0.004681 0.046210 
0.462778 0.990435 0.462022 
0.057405 0.004884 0.491768 
0.022061 0.965255 0.006342 0.006342 
0.250000 0.250000 0.250000 0.250000 
 172
0.479817 0.004681 0.046210 
0.462778 0.990435 0.462022 
0.057405 0.004884 0.491768 
0.006342 0.006342 0.977682 0.009634 
0.250000 0.250000 0.250000 0.250000 
 173
0.479817 0.004681 0.046210 
0.462778 0.990435 0.462022 
0.057405 0.004884 0.491768 
0.006342 0.006342 0.006342 0.980974 
0.250000 0.250000 0.250000 0.250000 
 174
0.479817 0.004681 0.046210 
0.462778 0.990435 0.462022 
0.057405 0.004884 0.491768 
0.009073 0.978242 0.006342 0.006342 
0.250000 0.250000 0.250000 0.250000 
 175
0.479817 0.004681 0.046210 
0.462778 0.990435 0.462022 
0.057405 0.004884 0.491768 
0.009086 0.978230 0.006342 0.006342 
0.250000 0.250000 0.250000 0.250000 
 176
0.479817 0.004681 0.046210 
0.462778 0.990435 0.462022 
0.057405 0.004884 0.491768 
0.006342 0.006342 0.006342 0.980974 
0.250000 0.250000 0.250000 0.250000 
 177
0.479817 0.004681 0.046210 
0.462778 0.990435 0.462022 
0.057405 0.004884 0.491768 
0.007007 0.006342 0.014809 0.971843 
0.250000 0.250000 0.250000 0.250000 
 178
0.479817 0.004681 0.046210 
0.462778 0.990435 0.462022 
0.057405 0.004884 0.491768 
0.007268 0.006342 0.980047 0.006342 
0.250000 0.250000 0.250000 0.250000 
 179
0.479817 0.004681 0.046210 
0.462778 0.990435 0.462022 
0.057405 0.004884 0.491768 
0.979419 0.007897 0.006342 0.006342 
0.250000 0.250000 0.250000 0.250000 
 180
0.479817 0.004681 0.046210 
0.462778 0.990435 0.462022 
0.057405 0.004884 0.491768 
0.012750 0.974566 0.006342 0.006342 
0.250000 0.250000 0.250000 0.250000 
 181
0.479817 0.004681 0.046210 
0.462778 0.990435 0.462022 
0.057405 0.004884 0.491768 
0.977776 0.009533 0.006345 0.006345 
0.250000 0.250000 0.250000 0.250000 
 182
0.479817 0.004681 0.046210 
0.462778 0.990435 0.462022 
0.057405 0.004884 0.491768 
0.150749 0.833183 0.006346 0.009722 
0.250000 0.250000 0.250000 0.250000 
 183
0.479817 0.004681 0.046210 
0.462778 0.990435 0.462022 
0.057405 0.004884 0.491768 
0.006346 0.006346 0.013259 0.974050 
0.250000 0.250000 0.250000 0.250000 
 184
0.479817 0.004681 0.046210 
0.462778 0.990435 0.462022 
0.057405 0.004884 0.491768 
0.006342 0.006342 0.006342 0.980974 
0.250000 0.250000 0.250000 0.250000 
 185
0.479817 0.004681 0.046210 
0.462778 0.990435 0.462022 
0.057405 0.004884 0.491768 
0.006342 0.006342 0.979281 0.008035 
0.250000 0.250000 0.250000 0.250000 
 186
0.479817 0.004681 0.046210 
0.462778 0.990435 0.462022 
0.057405 0.004884 0.491768 
0.007343 0.006342 0.977558 0.008757 
0.250000 0.250000 0.250000 0.250000 
 187
0.479817 0.004681 0.046210 
0.462778 0.990435 0.462022 
0.057405 0.004884 0.491768 
0.006342 0.006342 0.007170 0.980146 
0.250000 0.250000 0.250000 0.250000 
 188
0.479817 0.004681 0.046210 
0.462778 0.990435 0.462022 
0.057405 0.004884 0.491768 
0.006342 0.006342 0.980974 0.006342 
0.250000 0.250000 0.250000 0.250000 
 189
0.479817 0.004681 0.046210 
0.462778 0.990435 0.462022 
0.057405 0.004884 0.491768 
0.979021 0.006342 0.007533 0.007104 
0.250000 0.250000 0.250000 0.250000 
 190
0.479817 0.004681 0.046210 
0.462778 0.990435 0.462022 
0.057405 0.004884 0.491768 
0.887648 0.099668 0.006342 0.006342 
0.250000 0.250000 0.250000 0.250000 
 191
0.479817 0.004681 0.046210 
0.462778 0.990435 0.462022 
0.057405 0.004884 0.491768 
0.007048 0.006342 0.979613 0.006997 
0.250000 0.250000 0.250000 0.250000 
 192
0.479817 0.004681 0.046210 
0.462778 0.990435 0.462022 
0.057405 0.004884 0.491768 
0.978187 0.007056 0.006342 0.008415 
0.250000 0.250000 0.250000 0.250000 
 193
0.479817 0.004681 0.046210 
0.462778 0.990435 0.462022 
0.057405 0.004884 0.491768 
0.007230 0.980085 0.006342 0.006342 
0.250000 0.250000 0.250000 0.250000 
 194
0.479817 0.004681 0.046210 
0.462778 0.990435 0.462022 
0.057405 0.004884 0.491768 
0.006345 0.980964 0.006345 0.006345 
0.250000 0.250000 0.250000 0.250000 
 195
0.479817 0.004681 0.046210 
0.462778 0.990435 0.462022 
0.057405 0.004884 0.491768 
0.006342 0.006342 0.019213 0.968102 
0.250000 0.250000 0.250000 0.250000 
 196
0.479817 0.004681 0.046210 
0.462778 0.990435 0.462022 
0.057405 0.004884 0.491768 
0.007201 0.980114 0.006342 0.006342 
0.250000 0.250000 0.250000 0.250000 
 197
0.479817 0.004681 0.046210 
0.462778 0.990435 0.462022 
0.057405 0.004884 0.491768 
0.979501 0.007814 0.006342 0.006342 
0.250000 0.250000 0.250000 0.250000 
 198
0.479817 0.004681 0.046210 
0.462778 0.990435 0.462022 
0.057405 0.004884 0.491768 
0.980974 0.006342 0.006342 0.006342 
0.250000 0.250000 0.250000 0.250000 
 199
0.479817 0.004681 0.046210 
0.462778 0.990435 0.462022 
0.057405 0.004884 0.491768 
0.979976 0.006342 0.007339 0.006342 
0.250000 0.250000 0.250000 0.250000 
 200
0.479817 0.004681 0.046210 
0.462778 0.990435 0.462022 
0.057405 0.004884 0.491768 
0.006342 0.006342 0.006342 0.980974 
0.250000 0.250000 0.250000 0.250000 
 201
0.479817 0.004681 0.046210 
0.462778 0.990435 0.462022 
0.057405 0.004884 0.491768 
0.978894 0.006342 0.007604 0.007160 
0.250000 0.250000 0.250000 0.250000 
 202
0.479817 0.004681 0.046210 
0.462778 0.990435 0.462022 
0.057405 0.004884 0.491768 
0.006342 0.006342 0.006342 0.980974 
0.250000 0.250000 0.250000 0.250000 
 203
0.479817 0.004681 0.046210 
0.462778 0.990435 0.462022 
0.057405 0.004884 0.491768 
0.006342 0.980974 0.006342 0.006342 
0.250000 0.250000 0.250000 0.250000 
 204
0.479817 0.004681 0.046210 
0.462778 0.990435 0.462022 
0.057405 0.004884 0.491768 
0.006342 0.006342 0.974106 0.013210 
0.250000 0.250000 0.250000 0.250000 
 205
0.479817 0.004681 0.046210 
0.462778 0.990435 0.462022 
0.057405 0.004884 0.491768 
0.049268 0.936998 0.007388 0.006346 
0.250000 0.250000 0.250000 0.250000 
 206
0.479817 0.004681 0.046210 
0.462778 0.990435 0.462022 
0.057405 0.004884 0.491768 
0.974797 0.012508 0.006347 0.006347 
0.250000 0.250000 0.250000 0.250000 
 207
0.479817 0.004681 0.046210 
0.462778 0.990435 0.462022 
0.057405 0.004884 0.491768 
0.011288 0.006342 0.974344 0.008026 
0.250000 0.250000 0.250000 0.250000 
 208
0.479817 0.004681 0.046210 
0.462778 0.990435 0.462022 
0.057405 0.004884 0.491768 
0.970776 0.007574 0.015308 0.006342 
0.250000 0.250000 0.250000 0.250000 
 209
0.479817 0.004681 0.046210 
0.462778 0.990435 0.462022 
0.057405 0.004884 0.491768 
0.009180 0.978135 0.006342 0.006342 
0.250000 0.250000 0.250000 0.250000 
 210
0.479817 0.004681 0.046210 
0.462778 0.990435 0.462022 
0.057405 0.004884 0.491768 
0.006342 0.006342 0.013801 0.973515 
0.250000 0.250000 0.250000 0.250000 
 211
0.479817 0.004681 0.046210 
0.462778 0.990435 0.462022 
0.057405 0.004884 0.491768 
0.006342 0.006342 0.980974 0.006342 
0.250000 0.250000 0.250000 0.250000 
 212
0.479817 0.004681 0.046210 
0.462778 0.990435 0.462022 
0.057405 0.004884 0.491768 
0.006342 0.006342 0.980974 0.006342 
0.250000 0.250000 0.250000 0.250000 
 213
0.479817 0.004681 0.046210 
0.462778 0.990435 0.462022 
0.057405 0.004884 0.491768 
0.006997 0.006342 0.009304 0.977357 
0.250000 0.250000 0.250000 0.250000 
 214
0.479817 0.004681 0.046210 
0.462778 0.990435 0.462022 
0.057405 0.004884 0.491768 
0.007342 0.006342 0.979973 0.006342 
0.250000 0.250000 0.250000 0.250000 
 215
0.479817 0.004681 0.046210 
0.462778 0.990435 0.462022 
0.057405 0.004884 0.491768 
0.979783 0.006342 0.006342 0.007533 
0.250000 0.250000 0.250000 0.250000 
 216
0.479817 0.004681 0.046210 
0.462778 0.990435 0.462022 
0.057405 0.004884 0.491768 
0.006342 0.006342 0.017824 0.969492 
0.250000 0.250000 0.250000 0.250000 
 217
0.479817 0.004681 0.046210 
0.462778 0.990435 0.462022 
0.057405 0.004884 0.491768 
0.008215 0.006342 0.979101 0.006342 
0.250000 0.250000 0.250000 0.250000 
 218
0.479817 0.004681 0.046210 
0.462778 0.990435 0.462022 
0.057405 0.004884 0.491768 
0.973048 0.007292 0.006342 0.013318 
0.250000 0.250000 0.250000 0.250000 
 219
0.479817 0.004681 0.046210 
0.462778 0.990435 0.462022 
0.057405 0.004884 0.491768 
0.023415 0.916220 0.006342 0.054023 
0.250000 0.250000 0.250000 0.250000 
 220
0.479817 0.004681 0.046210 
0.462778 0.990435 0.462022 
0.057405 0.004884 0.491768 
0.977877 0.009438 0.006342 0.006342 
0.250000 0.250000 0.250000 0.250000 
 221
0.479817 0.004681 0.046210 
0.462778 0.990435 0.462022 
0.057405 0.004884 0.491768 
0.006342 0.006342 0.006342 0.980974 
0.250000 0.250000 0.250000 0.250000 
 222
0.479817 0.004681 0.046210 
0.462778 0.990435 0.462022 
0.057405 0.004884 0.491768 
0.008871 0.006342 0.977486 0.007300 
0.250000 0.250000 0.250000 0.250000 
 223
0.479817 0.004681 0.046210 
0.462778 0.990435 0.462022 
0.057405 0.004884 0.491768 
0.024087 0.006342 0.963228 0.006342 
0.250000 0.250000 0.250000 0.250000 
 224
0.479817 0.004681 0.046210 
0.462778 0.990435 0.462022 
0.057405 0.004884 0.491768 
0.006342 0.006342 0.006342 0.980974 
0.250000 0.250000 0.250000 0.250000 
 225
0.479817 0.004681 0.046210 
0.462778 0.990435 0.462022 
0.057405 0.004884 0.491768 
0.006342 0.007196 0.008590 0.977872 
0.250000 0.250000 0.250000 0.250000 
 226
0.479817 0.004681 0.046210 
0.462778 0.990435 0.462022 
0.057405 0.004884 0.491768 
0.006342 0.980974 0.006342 0.006342 
0.250000 0.250000 0.250000 0.250000 
 227
0.479817 0.004681 0.046210 
0.462778 0.990435 0.462022 
0.057405 0.004884 0.491768 
0.980974 0.006342 0.006342 0.006342 
0.250000 0.250000 0.250000 0.250000 
 228
0.479817 0.004681 0.046210 
0.462778 0.990435 0.462022 
0.057405 0.004884 0.491768 
0.006342 0.006342 0.007724 0.979591 
0.250000 0.250000 0.250000 0.250000 
 229
0.479817 0.004681 0.046210 
0.462778 0.990435 0.462022 
0.057405 0.004884 0.491768 
0.006342 0.980974 0.006342 0.006342 
0.250000 0.250000 0.250000 0.250000 
 230
0.479817 0.004681 0.046210 
0.462778 0.990435 0.462022 
0.057405 0.004884 0.491768 
0.006342 0.980974 0.006342 0.006342 
0.250000 0.250000 0.250000 0.250000 
 231
0.479817 0.004681 0.046210 
0.462778 0.990435 0.462022 
0.057405 0.004884 0.491768 
0.975511 0.011805 0.006342 0.006342 
0.250000 0.250000 0.250000 0.250000 
 232
0.479817 0.004681 0.046210 
0.462778 0.990435 0.462022 
0.057405 0.004884 0.491768 
0.015296 0.972019 0.006342 0.006342 
0.250000 0.250000 0.250000 0.250000 
 233
0.479817 0.004681 0.046210 
0.462778 0.990435 0.462022 
0.057405 0.004884 0.491768 
0.941970 0.009416 0.006342 0.042272 
0.250000 0.250000 0.250000 0.250000 
 234
0.479817 0.004681 0.046210 
0.462778 0.990435 0.462022 
0.057405 0.004884 0.491768 
0.979014 0.008301 0.006342 0.006342 
0.250000 0.250000 0.250000 0.250000 
 235
0.479817 0.004681 0.046210 
0.462778 0.990435 0.462022 
0.057405 0.004884 0.491768 
