%  SAM: /scicomp/groups/OID/NCIRD/ID-OD/ID_nomenclatures/label/LABEL_RES/scripts/modelfromalign_Linux v3.5 (July 15, 2005) compiled 12/08/06_16:15:55
%  (c) 1992-2001 Regents of the University of California, Santa Cruz
%
%          Sequence Alignment and Modeling Software System
%         http://www.cse.ucsc.edu/research/compbio/sam.html
%
% ----------------- Citations (SAM, SAM-T2K, HMMs) --------------------
% R. Hughey, A. Krogh, Hidden Markov models for sequence analysis:
%  Extension and analysis of the basic method, CABIOS 12:95-107, 1996.
% K. Karplus, et al., What is the value added by human intervention in protein
%  structure prediction, Proteins: Stucture, Function, Genetics 45(S5):86--91, 2001.
% A. Krogh et al., Hidden Markov models in computational biology:
%  Applications to protein modeling, JMB 235:1501-1531, Feb 1994.
% ---------------------------------------------------------------------
%  c-3C.2_hmm   Host: node16.hpc.biotech.cdc.gov    Wed Nov  2 14:28:57 2016
%  vfn4         Dir:  /scicomp/groups/OID/NCIRD/ID-OD/ID_nomenclatures/H3/versions/H3v2016R2/c-3C/alt1
% ---------------------------------------------------------------------
%  Alignment weights from internal calc.  Total (63.59) Max (0.07) Min (0.01)
%  Weights from alignment method 1 (karplus), b=-1.000000, e=0.500000
MODEL --  Model from alignment file /scicomp/groups/OID/NCIRD/ID-OD/ID_nomenclatures/label/LABEL_RES/training_data/H3v2016R2/c-3C/c-3C.2.fasta
alphabet DNA
FREQAVE
0.000000 0.000000 0.000000 
0.000000 0.000000 0.000000 
0.000000 0.000000 0.000000 
0.340323 0.222275 0.193937 0.243464 
0.340323 0.222275 0.193937 0.243464 
Begin
0.000000 0.000000 0.000000 
0.000000 0.000000 0.000000 
0.000000 0.003340 0.491768 
0.250000 0.250000 0.250000 0.250000 
0.250000 0.250000 0.250000 0.250000 
   1
0.000000 0.006566 0.046210 
0.000000 0.990094 0.462022 
0.053743 0.003351 0.491768 
0.988340 0.003887 0.003887 0.003887 
0.250000 0.250000 0.250000 0.250000 
   2
0.512998 0.003212 0.046210 
0.433258 0.993437 0.462022 
0.053743 0.003351 0.491768 
0.003887 0.003887 0.003887 0.988340 
0.250000 0.250000 0.250000 0.250000 
   3
0.512998 0.003212 0.046210 
0.433258 0.993437 0.462022 
0.053743 0.003351 0.491768 
0.003887 0.988340 0.003887 0.003887 
0.250000 0.250000 0.250000 0.250000 
   4
0.489885 0.003212 0.046210 
0.456371 0.993437 0.462022 
0.055015 0.003347 0.491768 
0.987491 0.004393 0.004235 0.003881 
0.250000 0.250000 0.250000 0.250000 
   5
0.501476 0.003208 0.046210 
0.443509 0.993445 0.462022 
0.055015 0.003347 0.491768 
0.987300 0.004938 0.003881 0.003881 
0.250000 0.250000 0.250000 0.250000 
   6
0.501476 0.003208 0.046210 
0.443509 0.993445 0.462022 
0.055015 0.003347 0.491768 
0.004769 0.987470 0.003881 0.003881 
0.250000 0.250000 0.250000 0.250000 
   7
0.501476 0.003208 0.046210 
0.443509 0.993445 0.462022 
0.055015 0.003347 0.491768 
0.986194 0.006045 0.003881 0.003881 
0.250000 0.250000 0.250000 0.250000 
   8
0.501476 0.003208 0.046210 
0.443509 0.993445 0.462022 
0.055015 0.003347 0.491768 
0.004488 0.003881 0.986197 0.005434 
0.250000 0.250000 0.250000 0.250000 
   9
0.501476 0.003208 0.046210 
0.443509 0.993445 0.462022 
0.055015 0.003347 0.491768 
0.004614 0.006451 0.010751 0.978185 
0.250000 0.250000 0.250000 0.250000 
  10
0.498774 0.003208 0.046210 
0.446211 0.993445 0.462022 
0.055164 0.003347 0.491768 
0.986294 0.005413 0.004413 0.003880 
0.250000 0.250000 0.250000 0.250000 
  11
0.500125 0.003208 0.046210 
0.444711 0.993446 0.462022 
0.055164 0.003347 0.491768 
0.003880 0.003880 0.005452 0.986788 
0.250000 0.250000 0.250000 0.250000 
  12
0.500125 0.003208 0.046210 
0.444711 0.993446 0.462022 
0.055164 0.003347 0.491768 
0.004499 0.003880 0.984865 0.006756 
0.250000 0.250000 0.250000 0.250000 
  13
0.495911 0.003208 0.046210 
0.448925 0.993446 0.462022 
0.055397 0.003346 0.491768 
0.987833 0.004409 0.003879 0.003879 
0.250000 0.250000 0.250000 0.250000 
  14
0.498010 0.003207 0.046210 
0.446593 0.993447 0.462022 
0.055397 0.003346 0.491768 
0.003879 0.003879 0.003879 0.988363 
0.250000 0.250000 0.250000 0.250000 
  15
0.492299 0.003207 0.046210 
0.452304 0.993447 0.462022 
0.055716 0.003345 0.491768 
0.005363 0.003878 0.005564 0.985195 
0.250000 0.250000 0.250000 0.250000 
  16
0.495126 0.003206 0.046210 
0.449158 0.993449 0.462022 
0.055716 0.003345 0.491768 
0.004339 0.987906 0.003878 0.003878 
0.250000 0.250000 0.250000 0.250000 
  17
0.495126 0.003206 0.046210 
0.449158 0.993449 0.462022 
0.055716 0.003345 0.491768 
0.003878 0.003878 0.988367 0.003878 
0.250000 0.250000 0.250000 0.250000 
  18
0.495126 0.003206 0.046210 
0.449158 0.993449 0.462022 
0.055716 0.003345 0.491768 
0.005036 0.004523 0.133786 0.856655 
0.250000 0.250000 0.250000 0.250000 
  19
0.491689 0.003206 0.046210 
0.452596 0.993449 0.462022 
0.055908 0.003344 0.491768 
0.004253 0.004420 0.005988 0.985339 
0.250000 0.250000 0.250000 0.250000 
  20
0.493385 0.003206 0.046210 
0.450707 0.993450 0.462022 
0.055908 0.003344 0.491768 
0.003877 0.003877 0.004352 0.987895 
0.250000 0.250000 0.250000 0.250000 
  21
0.493385 0.003206 0.046210 
0.450707 0.993450 0.462022 
0.055908 0.003344 0.491768 
0.007813 0.984064 0.003879 0.004244 
0.250000 0.250000 0.250000 0.250000 
  22
0.493385 0.003206 0.046210 
0.450707 0.993450 0.462022 
0.055908 0.003344 0.491768 
0.975573 0.016672 0.003877 0.003877 
0.250000 0.250000 0.250000 0.250000 
  23
0.493385 0.003206 0.046210 
0.450707 0.993450 0.462022 
0.055908 0.003344 0.491768 
0.004833 0.987413 0.003877 0.003877 
0.250000 0.250000 0.250000 0.250000 
  24
0.493385 0.003206 0.046210 
0.450707 0.993450 0.462022 
0.055908 0.003344 0.491768 
0.003877 0.004257 0.987060 0.004806 
0.250000 0.250000 0.250000 0.250000 
  25
0.493385 0.003206 0.046210 
0.450707 0.993450 0.462022 
0.055908 0.003344 0.491768 
0.003877 0.004247 0.021082 0.970794 
0.250000 0.250000 0.250000 0.250000 
  26
0.493385 0.003206 0.046210 
0.450707 0.993450 0.462022 
0.055908 0.003344 0.491768 
0.987229 0.005017 0.003877 0.003877 
0.250000 0.250000 0.250000 0.250000 
  27
0.493385 0.003206 0.046210 
0.450707 0.993450 0.462022 
0.055908 0.003344 0.491768 
0.003877 0.003877 0.988370 0.003877 
0.250000 0.250000 0.250000 0.250000 
  28
0.493385 0.003206 0.046210 
0.450707 0.993450 0.462022 
0.055908 0.003344 0.491768 
0.987001 0.004229 0.003877 0.004893 
0.250000 0.250000 0.250000 0.250000 
  29
0.493385 0.003206 0.046210 
0.450707 0.993450 0.462022 
0.055908 0.003344 0.491768 
0.003877 0.003877 0.005903 0.986343 
0.250000 0.250000 0.250000 0.250000 
  30
0.493385 0.003206 0.046210 
0.450707 0.993450 0.462022 
0.055908 0.003344 0.491768 
0.003877 0.003877 0.005409 0.986838 
0.250000 0.250000 0.250000 0.250000 
  31
0.493385 0.003206 0.046210 
0.450707 0.993450 0.462022 
0.055908 0.003344 0.491768 
0.003877 0.003877 0.987591 0.004656 
0.250000 0.250000 0.250000 0.250000 
  32
0.493385 0.003206 0.046210 
0.450707 0.993450 0.462022 
0.055908 0.003344 0.491768 
0.003877 0.004833 0.004254 0.987037 
0.250000 0.250000 0.250000 0.250000 
  33
0.493385 0.003206 0.046210 
0.450707 0.993450 0.462022 
0.055908 0.003344 0.491768 
0.987788 0.004459 0.003877 0.003877 
0.250000 0.250000 0.250000 0.250000 
  34
0.493385 0.003206 0.046210 
0.450707 0.993450 0.462022 
0.055908 0.003344 0.491768 
0.004485 0.004697 0.005219 0.985599 
0.250000 0.250000 0.250000 0.250000 
  35
0.493385 0.003206 0.046210 
0.450707 0.993450 0.462022 
0.055908 0.003344 0.491768 
0.005569 0.986240 0.004313 0.003878 
0.250000 0.250000 0.250000 0.250000 
  36
0.493385 0.003206 0.046210 
0.450707 0.993450 0.462022 
0.055908 0.003344 0.491768 
0.003877 0.003877 0.007151 0.985096 
0.250000 0.250000 0.250000 0.250000 
  37
0.493385 0.003206 0.046210 
0.450707 0.993450 0.462022 
0.055908 0.003344 0.491768 
0.009162 0.003878 0.980771 0.006189 
0.250000 0.250000 0.250000 0.250000 
  38
0.493385 0.003206 0.046210 
0.450707 0.993450 0.462022 
0.055908 0.003344 0.491768 
0.005735 0.004421 0.004437 0.985407 
0.250000 0.250000 0.250000 0.250000 
  39
0.493385 0.003206 0.046210 
0.450707 0.993450 0.462022 
0.055908 0.003344 0.491768 
0.005739 0.985966 0.003878 0.004417 
0.250000 0.250000 0.250000 0.250000 
  40
0.493385 0.003206 0.046210 
0.450707 0.993450 0.462022 
0.055908 0.003344 0.491768 
0.005357 0.986890 0.003877 0.003877 
0.250000 0.250000 0.250000 0.250000 
  41
0.493385 0.003206 0.046210 
0.450707 0.993450 0.462022 
0.055908 0.003344 0.491768 
0.003877 0.009037 0.006198 0.980888 
0.250000 0.250000 0.250000 0.250000 
  42
0.493385 0.003206 0.046210 
0.450707 0.993450 0.462022 
0.055908 0.003344 0.491768 
0.003878 0.003878 0.004358 0.987887 
0.250000 0.250000 0.250000 0.250000 
  43
0.493385 0.003206 0.046210 
0.450707 0.993450 0.462022 
0.055908 0.003344 0.491768 
0.004378 0.004204 0.004396 0.987021 
0.250000 0.250000 0.250000 0.250000 
  44
0.493385 0.003206 0.046210 
0.450707 0.993450 0.462022 
0.055908 0.003344 0.491768 
0.005300 0.004230 0.015059 0.975412 
0.250000 0.250000 0.250000 0.250000 
  45
0.493385 0.003206 0.046210 
0.450707 0.993450 0.462022 
0.055908 0.003344 0.491768 
0.004391 0.003877 0.984301 0.007431 
0.250000 0.250000 0.250000 0.250000 
  46
0.493385 0.003206 0.046210 
0.450707 0.993450 0.462022 
0.055908 0.003344 0.491768 
0.014146 0.976453 0.003877 0.005524 
0.250000 0.250000 0.250000 0.250000 
  47
0.493385 0.003206 0.046210 
0.450707 0.993450 0.462022 
0.055908 0.003344 0.491768 
0.003877 0.003877 0.988370 0.003877 
0.250000 0.250000 0.250000 0.250000 
  48
0.493385 0.003206 0.046210 
0.450707 0.993450 0.462022 
0.055908 0.003344 0.491768 
0.005247 0.003877 0.008077 0.982799 
0.250000 0.250000 0.250000 0.250000 
  49
0.467302 0.003206 0.046210 
0.476790 0.993450 0.462022 
0.057405 0.003340 0.491768 
0.003870 0.003870 0.988389 0.003870 
0.250000 0.250000 0.250000 0.250000 
  50
0.479817 0.003201 0.046210 
0.462778 0.993459 0.462022 
0.057405 0.003340 0.491768 
0.987749 0.004510 0.003870 0.003870 
0.250000 0.250000 0.250000 0.250000 
  51
0.479817 0.003201 0.046210 
0.462778 0.993459 0.462022 
0.057405 0.003340 0.491768 
0.986736 0.005171 0.004221 0.003871 
0.250000 0.250000 0.250000 0.250000 
  52
0.479817 0.003201 0.046210 
0.462778 0.993459 0.462022 
0.057405 0.003340 0.491768 
0.985625 0.006634 0.003870 0.003870 
0.250000 0.250000 0.250000 0.250000 
  53
0.479817 0.003201 0.046210 
0.462778 0.993459 0.462022 
0.057405 0.003340 0.491768 
0.986904 0.005354 0.003871 0.003871 
0.250000 0.250000 0.250000 0.250000 
  54
0.479817 0.003201 0.046210 
0.462778 0.993459 0.462022 
0.057405 0.003340 0.491768 
0.985366 0.006531 0.003870 0.004232 
0.250000 0.250000 0.250000 0.250000 
  55
0.479817 0.003742 0.046210 
0.462778 0.992918 0.462022 
0.056783 0.003342 0.491768 
0.979174 0.004876 0.011718 0.004231 
0.250000 0.250000 0.250000 0.250000 
  56
0.474619 0.003203 0.046210 
0.468598 0.993455 0.462022 
0.057405 0.003340 0.491768 
0.004729 0.005513 0.007235 0.982523 
0.250000 0.250000 0.250000 0.250000 
  57
0.479817 0.003201 0.046210 
0.462778 0.993459 0.462022 
0.057405 0.003340 0.491768 
0.004408 0.003870 0.007397 0.984324 
0.250000 0.250000 0.250000 0.250000 
  58
0.479817 0.003201 0.046210 
0.462778 0.993459 0.462022 
0.057405 0.003340 0.491768 
0.003871 0.003871 0.987769 0.004489 
0.250000 0.250000 0.250000 0.250000 
  59
0.479817 0.003201 0.046210 
0.462778 0.993459 0.462022 
0.057405 0.003340 0.491768 
0.004683 0.003870 0.987217 0.004230 
0.250000 0.250000 0.250000 0.250000 
  60
0.479817 0.003201 0.046210 
0.462778 0.993459 0.462022 
0.057405 0.003340 0.491768 
0.004261 0.004486 0.007205 0.984048 
0.250000 0.250000 0.250000 0.250000 
  61
0.479817 0.003201 0.046210 
0.462778 0.993459 0.462022 
0.057405 0.003340 0.491768 
0.004521 0.987738 0.003870 0.003870 
0.250000 0.250000 0.250000 0.250000 
  62
0.479817 0.003201 0.046210 
0.462778 0.993459 0.462022 
0.057405 0.003340 0.491768 
0.005784 0.986118 0.003870 0.004228 
0.250000 0.250000 0.250000 0.250000 
  63
0.479817 0.003201 0.046210 
0.462778 0.993459 0.462022 
0.057405 0.003340 0.491768 
0.984215 0.008045 0.003870 0.003870 
0.250000 0.250000 0.250000 0.250000 
  64
0.479817 0.003201 0.046210 
0.462778 0.993459 0.462022 
0.057405 0.003340 0.491768 
0.986463 0.005796 0.003870 0.003870 
0.250000 0.250000 0.250000 0.250000 
  65
0.479817 0.003201 0.046210 
0.462778 0.993459 0.462022 
0.057405 0.003340 0.491768 
0.987842 0.004417 0.003870 0.003870 
0.250000 0.250000 0.250000 0.250000 
  66
0.479817 0.003201 0.046210 
0.462778 0.993459 0.462022 
0.057405 0.003340 0.491768 
0.003870 0.004381 0.003870 0.987879 
0.250000 0.250000 0.250000 0.250000 
  67
0.479817 0.003201 0.046210 
0.462778 0.993459 0.462022 
0.057405 0.003340 0.491768 
0.004837 0.987056 0.003870 0.004236 
0.250000 0.250000 0.250000 0.250000 
  68
0.479817 0.003201 0.046210 
0.462778 0.993459 0.462022 
0.057405 0.003340 0.491768 
0.986922 0.005337 0.003870 0.003870 
0.250000 0.250000 0.250000 0.250000 
  69
0.479817 0.003201 0.046210 
0.462778 0.993459 0.462022 
0.057405 0.003340 0.491768 
0.004233 0.003870 0.986565 0.005331 
0.250000 0.250000 0.250000 0.250000 
  70
0.479817 0.003201 0.046210 
0.462778 0.993459 0.462022 
0.057405 0.003340 0.491768 
0.986247 0.005515 0.004367 0.003870 
0.250000 0.250000 0.250000 0.250000 
  71
0.479817 0.003201 0.046210 
0.462778 0.993459 0.462022 
0.057405 0.003340 0.491768 
0.987941 0.003870 0.004319 0.003870 
0.250000 0.250000 0.250000 0.250000 
  72
0.479817 0.003201 0.046210 
0.462778 0.993459 0.462022 
0.057405 0.003340 0.491768 
0.003870 0.003870 0.006911 0.985348 
0.250000 0.250000 0.250000 0.250000 
  73
0.479817 0.003201 0.046210 
0.462778 0.993459 0.462022 
0.057405 0.003340 0.491768 
0.987611 0.004648 0.003870 0.003870 
0.250000 0.250000 0.250000 0.250000 
  74
0.479817 0.003201 0.046210 
0.462778 0.993459 0.462022 
0.057405 0.003340 0.491768 
0.006207 0.985682 0.003871 0.004240 
0.250000 0.250000 0.250000 0.250000 
  75
0.479817 0.003201 0.046210 
0.462778 0.993459 0.462022 
0.057405 0.003340 0.491768 
0.003871 0.003871 0.984425 0.007833 
0.250000 0.250000 0.250000 0.250000 
  76
0.479817 0.003201 0.046210 
0.462778 0.993459 0.462022 
0.057405 0.003340 0.491768 
0.987504 0.004279 0.003870 0.004346 
0.250000 0.250000 0.250000 0.250000 
  77
0.479817 0.003201 0.046210 
0.462778 0.993459 0.462022 
0.057405 0.003340 0.491768 
0.004394 0.003872 0.985669 0.006065 
0.250000 0.250000 0.250000 0.250000 
  78
0.479817 0.003201 0.046210 
0.462778 0.993459 0.462022 
0.057405 0.003340 0.491768 
0.010556 0.980104 0.003871 0.005468 
0.250000 0.250000 0.250000 0.250000 
  79
0.479817 0.003201 0.046210 
0.462778 0.993459 0.462022 
0.057405 0.003340 0.491768 
0.003870 0.988389 0.003870 0.003870 
0.250000 0.250000 0.250000 0.250000 
  80
0.479817 0.003201 0.046210 
0.462778 0.993459 0.462022 
0.057405 0.003340 0.491768 
0.003870 0.003870 0.988389 0.003870 
0.250000 0.250000 0.250000 0.250000 
  81
0.479817 0.003201 0.046210 
0.462778 0.993459 0.462022 
0.057405 0.003340 0.491768 
0.985635 0.005320 0.003871 0.005174 
0.250000 0.250000 0.250000 0.250000 
  82
0.479817 0.003201 0.046210 
0.462778 0.993459 0.462022 
0.057405 0.003340 0.491768 
0.987917 0.004341 0.003871 0.003871 
0.250000 0.250000 0.250000 0.250000 
  83
0.479817 0.003201 0.046210 
0.462778 0.993459 0.462022 
0.057405 0.003340 0.491768 
0.003870 0.003870 0.987517 0.004742 
0.250000 0.250000 0.250000 0.250000 
  84
0.479817 0.003201 0.046210 
0.462778 0.993459 0.462022 
0.057405 0.003340 0.491768 
0.019564 0.969767 0.003871 0.006798 
0.250000 0.250000 0.250000 0.250000 
  85
0.479817 0.003201 0.046210 
0.462778 0.993459 0.462022 
0.057405 0.003340 0.491768 
0.003870 0.003870 0.982027 0.010232 
0.250000 0.250000 0.250000 0.250000 
  86
0.479817 0.003201 0.046210 
0.462778 0.993459 0.462022 
0.057405 0.003340 0.491768 
0.003870 0.003870 0.003870 0.988389 
0.250000 0.250000 0.250000 0.250000 
  87
0.479817 0.003201 0.046210 
0.462778 0.993459 0.462022 
0.057405 0.003340 0.491768 
0.005982 0.985894 0.003870 0.004253 
0.250000 0.250000 0.250000 0.250000 
  88
0.479817 0.003201 0.046210 
0.462778 0.993459 0.462022 
0.057405 0.003340 0.491768 
0.003870 0.003870 0.003870 0.988389 
0.250000 0.250000 0.250000 0.250000 
  89
0.479817 0.003201 0.046210 
0.462778 0.993459 0.462022 
0.057405 0.003340 0.491768 
0.003870 0.988389 0.003870 0.003870 
0.250000 0.250000 0.250000 0.250000 
  90
0.479817 0.003201 0.046210 
0.462778 0.993459 0.462022 
0.057405 0.003340 0.491768 
0.003874 0.003874 0.982338 0.009914 
0.250000 0.250000 0.250000 0.250000 
  91
0.479817 0.003201 0.046210 
0.462778 0.993459 0.462022 
0.057405 0.003340 0.491768 
0.004565 0.003870 0.987695 0.003870 
0.250000 0.250000 0.250000 0.250000 
  92
0.479817 0.003201 0.046210 
0.462778 0.993459 0.462022 
0.057405 0.003340 0.491768 
0.003870 0.003870 0.003870 0.988389 
0.250000 0.250000 0.250000 0.250000 
  93
0.479817 0.003201 0.046210 
0.462778 0.993459 0.462022 
0.057405 0.003340 0.491768 
0.003870 0.003870 0.004321 0.987938 
0.250000 0.250000 0.250000 0.250000 
  94
0.479817 0.003201 0.046210 
0.462778 0.993459 0.462022 
0.057405 0.003340 0.491768 
0.003870 0.988389 0.003870 0.003870 
0.250000 0.250000 0.250000 0.250000 
  95
0.479817 0.003201 0.046210 
0.462778 0.993459 0.462022 
0.057405 0.003340 0.491768 
0.003870 0.988389 0.003870 0.003870 
0.250000 0.250000 0.250000 0.250000 
  96
0.479817 0.003201 0.046210 
0.462778 0.993459 0.462022 
0.057405 0.003340 0.491768 
0.013245 0.979014 0.003870 0.003870 
0.250000 0.250000 0.250000 0.250000 
  97
0.479817 0.003201 0.046210 
0.462778 0.993459 0.462022 
0.057405 0.003340 0.491768 
0.003870 0.003870 0.988389 0.003870 
0.250000 0.250000 0.250000 0.250000 
  98
0.479817 0.003201 0.046210 
0.462778 0.993459 0.462022 
0.057405 0.003340 0.491768 
0.987931 0.004328 0.003870 0.003870 
0.250000 0.250000 0.250000 0.250000 
  99
0.479817 0.003201 0.046210 
0.462778 0.993459 0.462022 
0.057405 0.003340 0.491768 
0.003870 0.003870 0.983153 0.009106 
0.250000 0.250000 0.250000 0.250000 
 100
0.479817 0.003201 0.046210 
0.462778 0.993459 0.462022 
0.057405 0.003340 0.491768 
0.003870 0.003870 0.987277 0.004982 
0.250000 0.250000 0.250000 0.250000 
 101
0.479817 0.003201 0.046210 
0.462778 0.993459 0.462022 
0.057405 0.003340 0.491768 
0.988389 0.003870 0.003870 0.003870 
0.250000 0.250000 0.250000 0.250000 
 102
0.479817 0.003201 0.046210 
0.462778 0.993459 0.462022 
0.057405 0.003340 0.491768 
0.003870 0.003870 0.004965 0.987294 
0.250000 0.250000 0.250000 0.250000 
 103
0.479817 0.003201 0.046210 
0.462778 0.993459 0.462022 
0.057405 0.003340 0.491768 
0.003870 0.987422 0.003870 0.004837 
0.250000 0.250000 0.250000 0.250000 
 104
0.479817 0.003201 0.046210 
0.462778 0.993459 0.462022 
0.057405 0.003340 0.491768 
0.003870 0.003870 0.988389 0.003870 
0.250000 0.250000 0.250000 0.250000 
 105
0.479817 0.003201 0.046210 
0.462778 0.993459 0.462022 
0.057405 0.003340 0.491768 
0.986848 0.005037 0.004244 0.003870 
0.250000 0.250000 0.250000 0.250000 
 106
0.479817 0.003201 0.046210 
0.462778 0.993459 0.462022 
0.057405 0.003340 0.491768 
0.004328 0.987931 0.003870 0.003870 
0.250000 0.250000 0.250000 0.250000 
 107
0.479817 0.003201 0.046210 
0.462778 0.993459 0.462022 
0.057405 0.003340 0.491768 
0.003870 0.003870 0.004825 0.987434 
0.250000 0.250000 0.250000 0.250000 
 108
0.479817 0.003201 0.046210 
0.462778 0.993459 0.462022 
0.057405 0.003340 0.491768 
0.980311 0.011948 0.003870 0.003870 
0.250000 0.250000 0.250000 0.250000 
 109
0.479817 0.003201 0.046210 
0.462778 0.993459 0.462022 
0.057405 0.003340 0.491768 
0.003871 0.003871 0.987654 0.004604 
0.250000 0.250000 0.250000 0.250000 
 110
0.479817 0.003201 0.046210 
0.462778 0.993459 0.462022 
0.057405 0.003340 0.491768 
0.004825 0.003870 0.987082 0.004222 
0.250000 0.250000 0.250000 0.250000 
 111
0.479817 0.003201 0.046210 
0.462778 0.993459 0.462022 
0.057405 0.003340 0.491768 
0.986905 0.004917 0.004308 0.003870 
0.250000 0.250000 0.250000 0.250000 
 112
0.479817 0.003201 0.046210 
0.462778 0.993459 0.462022 
0.057405 0.003340 0.491768 
0.988389 0.003870 0.003870 0.003870 
0.250000 0.250000 0.250000 0.250000 
 113
0.479817 0.003201 0.046210 
0.462778 0.993459 0.462022 
0.057405 0.003340 0.491768 
0.988389 0.003870 0.003870 0.003870 
0.250000 0.250000 0.250000 0.250000 
 114
0.479817 0.003201 0.046210 
0.462778 0.993459 0.462022 
0.057405 0.003340 0.491768 
0.003871 0.003871 0.977515 0.014742 
0.250000 0.250000 0.250000 0.250000 
 115
0.479817 0.003201 0.046210 
0.462778 0.993459 0.462022 
0.057405 0.003340 0.491768 
0.003870 0.988389 0.003870 0.003870 
0.250000 0.250000 0.250000 0.250000 
 116
0.479817 0.003201 0.046210 
0.462778 0.993459 0.462022 
0.057405 0.003340 0.491768 
0.003870 0.988389 0.003870 0.003870 
0.250000 0.250000 0.250000 0.250000 
 117
0.479817 0.003201 0.046210 
0.462778 0.993459 0.462022 
0.057405 0.003340 0.491768 
0.983914 0.007989 0.003871 0.004226 
0.250000 0.250000 0.250000 0.250000 
 118
0.479817 0.003201 0.046210 
0.462778 0.993459 0.462022 
0.057405 0.003340 0.491768 
0.988386 0.003871 0.003871 0.003871 
0.250000 0.250000 0.250000 0.250000 
 119
0.479817 0.003201 0.046210 
0.462778 0.993459 0.462022 
0.057405 0.003340 0.491768 
0.003872 0.003872 0.987913 0.004344 
0.250000 0.250000 0.250000 0.250000 
 120
0.479817 0.003201 0.046210 
0.462778 0.993459 0.462022 
0.057405 0.003340 0.491768 
0.018981 0.960127 0.003871 0.017021 
0.250000 0.250000 0.250000 0.250000 
 121
0.479817 0.003201 0.046210 
0.462778 0.993459 0.462022 
0.057405 0.003340 0.491768 
0.983324 0.008932 0.003872 0.003872 
0.250000 0.250000 0.250000 0.250000 
 122
0.479817 0.003201 0.046210 
0.462778 0.993459 0.462022 
0.057405 0.003340 0.491768 
0.003870 0.003870 0.004709 0.987550 
0.250000 0.250000 0.250000 0.250000 
 123
0.479817 0.003201 0.046210 
0.462778 0.993459 0.462022 
0.057405 0.003340 0.491768 
0.985970 0.005640 0.004211 0.004179 
0.250000 0.250000 0.250000 0.250000 
 124
0.479817 0.003201 0.046210 
0.462778 0.993459 0.462022 
0.057405 0.003340 0.491768 
0.003871 0.988386 0.003871 0.003871 
0.250000 0.250000 0.250000 0.250000 
 125
0.479817 0.003201 0.046210 
0.462778 0.993459 0.462022 
0.057405 0.003340 0.491768 
0.003870 0.003870 0.003870 0.988389 
0.250000 0.250000 0.250000 0.250000 
 126
0.479817 0.003201 0.046210 
0.462778 0.993459 0.462022 
0.057405 0.003340 0.491768 
0.007891 0.984002 0.003870 0.004237 
0.250000 0.250000 0.250000 0.250000 
 127
0.479817 0.003201 0.046210 
0.462778 0.993459 0.462022 
0.057405 0.003340 0.491768 
0.988389 0.003870 0.003870 0.003870 
0.250000 0.250000 0.250000 0.250000 
 128
0.479817 0.003201 0.046210 
0.462778 0.993459 0.462022 
0.057405 0.003340 0.491768 
0.986610 0.005299 0.004221 0.003870 
0.250000 0.250000 0.250000 0.250000 
 129
0.479817 0.003201 0.046210 
0.462778 0.993459 0.462022 
0.057405 0.003340 0.491768 
0.987010 0.005249 0.003870 0.003870 
0.250000 0.250000 0.250000 0.250000 
 130
0.479817 0.003201 0.046210 
0.462778 0.993459 0.462022 
0.057405 0.003340 0.491768 
0.987582 0.004677 0.003870 0.003870 
0.250000 0.250000 0.250000 0.250000 
 131
0.479817 0.003201 0.046210 
0.462778 0.993459 0.462022 
0.057405 0.003340 0.491768 
0.003870 0.003870 0.988389 0.003870 
0.250000 0.250000 0.250000 0.250000 
 132
0.479817 0.003201 0.046210 
0.462778 0.993459 0.462022 
0.057405 0.003340 0.491768 
0.986431 0.005267 0.003870 0.004432 
0.250000 0.250000 0.250000 0.250000 
 133
0.479817 0.003201 0.046210 
0.462778 0.993459 0.462022 
0.057405 0.003340 0.491768 
0.988389 0.003870 0.003870 0.003870 
0.250000 0.250000 0.250000 0.250000 
 134
0.479817 0.003201 0.046210 
0.462778 0.993459 0.462022 
0.057405 0.003340 0.491768 
0.003870 0.003870 0.003870 0.988389 
0.250000 0.250000 0.250000 0.250000 
 135
0.479817 0.003201 0.046210 
0.462778 0.993459 0.462022 
0.057405 0.003340 0.491768 
0.005404 0.003871 0.985663 0.005062 
0.250000 0.250000 0.250000 0.250000 
 136
0.479817 0.003201 0.046210 
0.462778 0.993459 0.462022 
0.057405 0.003340 0.491768 
0.987911 0.004348 0.003870 0.003870 
0.250000 0.250000 0.250000 0.250000 
 137
0.479817 0.003201 0.046210 
0.462778 0.993459 0.462022 
0.057405 0.003340 0.491768 
0.003870 0.003870 0.987893 0.004366 
0.250000 0.250000 0.250000 0.250000 
 138
0.479817 0.003201 0.046210 
0.462778 0.993459 0.462022 
0.057405 0.003340 0.491768 
0.899800 0.091654 0.003871 0.004675 
0.250000 0.250000 0.250000 0.250000 
 139
0.479817 0.003201 0.046210 
0.462778 0.993459 0.462022 
0.057405 0.003340 0.491768 
0.985360 0.006145 0.004181 0.004314 
0.250000 0.250000 0.250000 0.250000 
 140
0.479817 0.003201 0.046210 
0.462778 0.993459 0.462022 
0.057405 0.003340 0.491768 
0.984014 0.008244 0.003871 0.003871 
0.250000 0.250000 0.250000 0.250000 
 141
0.479817 0.003201 0.046210 
0.462778 0.993459 0.462022 
0.057405 0.003340 0.491768 
0.003870 0.003870 0.009703 0.982557 
0.250000 0.250000 0.250000 0.250000 
 142
0.479817 0.003201 0.046210 
0.462778 0.993459 0.462022 
0.057405 0.003340 0.491768 
0.004817 0.987442 0.003870 0.003870 
0.250000 0.250000 0.250000 0.250000 
 143
0.479817 0.003201 0.046210 
0.462778 0.993459 0.462022 
0.057405 0.003340 0.491768 
0.987215 0.005044 0.003870 0.003870 
0.250000 0.250000 0.250000 0.250000 
 144
0.479817 0.003201 0.046210 
0.462778 0.993459 0.462022 
0.057405 0.003340 0.491768 
0.005247 0.003871 0.984357 0.006525 
0.250000 0.250000 0.250000 0.250000 
 145
0.479817 0.003201 0.046210 
0.462778 0.993459 0.462022 
0.057405 0.003340 0.491768 
0.006218 0.003871 0.986040 0.003871 
0.250000 0.250000 0.250000 0.250000 
 146
0.479817 0.003201 0.046210 
0.462778 0.993459 0.462022 
0.057405 0.003340 0.491768 
0.013621 0.978240 0.003871 0.004267 
0.250000 0.250000 0.250000 0.250000 
 147
0.479817 0.003201 0.046210 
0.462778 0.993459 0.462022 
0.057405 0.003340 0.491768 
0.980301 0.011958 0.003870 0.003870 
0.250000 0.250000 0.250000 0.250000 
 148
0.479817 0.003201 0.046210 
0.462778 0.993459 0.462022 
0.057405 0.003340 0.491768 
0.986855 0.005403 0.003871 0.003871 
0.250000 0.250000 0.250000 0.250000 
 149
0.479817 0.003201 0.046210 
0.462778 0.993459 0.462022 
0.057405 0.003340 0.491768 
0.003870 0.003870 0.004363 0.987896 
0.250000 0.250000 0.250000 0.250000 
 150
0.479817 0.003201 0.046210 
0.462778 0.993459 0.462022 
0.057405 0.003340 0.491768 
0.004626 0.003870 0.005261 0.986242 
0.250000 0.250000 0.250000 0.250000 
 151
0.479817 0.003201 0.046210 
0.462778 0.993459 0.462022 
0.057405 0.003340 0.491768 
0.003870 0.988389 0.003870 0.003870 
0.250000 0.250000 0.250000 0.250000 
 152
0.479817 0.003201 0.046210 
0.462778 0.993459 0.462022 
0.057405 0.003340 0.491768 
0.988389 0.003870 0.003870 0.003870 
0.250000 0.250000 0.250000 0.250000 
 153
0.479817 0.003201 0.046210 
0.462778 0.993459 0.462022 
0.057405 0.003340 0.491768 
0.984566 0.007693 0.003870 0.003870 
0.250000 0.250000 0.250000 0.250000 
 154
0.479817 0.003201 0.046210 
0.462778 0.993459 0.462022 
0.057405 0.003340 0.491768 
0.003870 0.988389 0.003870 0.003870 
0.250000 0.250000 0.250000 0.250000 
 155
0.479817 0.003201 0.046210 
0.462778 0.993459 0.462022 
0.057405 0.003340 0.491768 
0.003870 0.003870 0.003870 0.988389 
0.250000 0.250000 0.250000 0.250000 
 156
0.479817 0.003201 0.046210 
0.462778 0.993459 0.462022 
0.057405 0.003340 0.491768 
0.004755 0.003870 0.008899 0.982475 
0.250000 0.250000 0.250000 0.250000 
 157
0.479817 0.003201 0.046210 
0.462778 0.993459 0.462022 
0.057405 0.003340 0.491768 
0.988389 0.003870 0.003870 0.003870 
0.250000 0.250000 0.250000 0.250000 
 158
0.479817 0.003201 0.046210 
0.462778 0.993459 0.462022 
0.057405 0.003340 0.491768 
0.003870 0.003870 0.988389 0.003870 
0.250000 0.250000 0.250000 0.250000 
 159
0.479817 0.003201 0.046210 
0.462778 0.993459 0.462022 
0.057405 0.003340 0.491768 
0.003871 0.004345 0.008956 0.982827 
0.250000 0.250000 0.250000 0.250000 
 160
0.479817 0.003201 0.046210 
0.462778 0.993459 0.462022 
0.057405 0.003340 0.491768 
0.988389 0.003870 0.003870 0.003870 
0.250000 0.250000 0.250000 0.250000 
 161
0.479817 0.003201 0.046210 
0.462778 0.993459 0.462022 
0.057405 0.003340 0.491768 
0.988387 0.003871 0.003871 0.003871 
0.250000 0.250000 0.250000 0.250000 
 162
0.479817 0.003201 0.046210 
0.462778 0.993459 0.462022 
0.057405 0.003340 0.491768 
0.003870 0.003870 0.004690 0.987569 
0.250000 0.250000 0.250000 0.250000 
 163
0.479817 0.003201 0.046210 
0.462778 0.993459 0.462022 
0.057405 0.003340 0.491768 
0.003870 0.988389 0.003870 0.003870 
0.250000 0.250000 0.250000 0.250000 
 164
0.479817 0.003201 0.046210 
0.462778 0.993459 0.462022 
0.057405 0.003340 0.491768 
0.003870 0.003870 0.988389 0.003870 
0.250000 0.250000 0.250000 0.250000 
 165
0.479817 0.003201 0.046210 
0.462778 0.993459 0.462022 
0.057405 0.003340 0.491768 
0.005640 0.004214 0.011625 0.978521 
0.250000 0.250000 0.250000 0.250000 
 166
0.479817 0.003201 0.046210 
0.462778 0.993459 0.462022 
0.057405 0.003340 0.491768 
0.988389 0.003870 0.003870 0.003870 
0.250000 0.250000 0.250000 0.250000 
 167
0.479817 0.003201 0.046210 
0.462778 0.993459 0.462022 
0.057405 0.003340 0.491768 
0.003872 0.003872 0.988383 0.003872 
0.250000 0.250000 0.250000 0.250000 
 168
0.479817 0.003201 0.046210 
0.462778 0.993459 0.462022 
0.057405 0.003340 0.491768 
0.004243 0.003871 0.005172 0.986713 
0.250000 0.250000 0.250000 0.250000 
 169
0.479817 0.003201 0.046210 
0.462778 0.993459 0.462022 
0.057405 0.003340 0.491768 
0.003870 0.988389 0.003870 0.003870 
0.250000 0.250000 0.250000 0.250000 
 170
0.479817 0.003201 0.046210 
0.462778 0.993459 0.462022 
0.057405 0.003340 0.491768 
0.988389 0.003870 0.003870 0.003870 
0.250000 0.250000 0.250000 0.250000 
 171
0.479817 0.003201 0.046210 
0.462778 0.993459 0.462022 
0.057405 0.003340 0.491768 
0.015270 0.976988 0.003871 0.003871 
0.250000 0.250000 0.250000 0.250000 
 172
0.479817 0.003201 0.046210 
0.462778 0.993459 0.462022 
0.057405 0.003340 0.491768 
0.003870 0.003870 0.637189 0.355070 
0.250000 0.250000 0.250000 0.250000 
 173
0.479817 0.003201 0.046210 
0.462778 0.993459 0.462022 
0.057405 0.003340 0.491768 
0.003870 0.003870 0.003870 0.988389 
0.250000 0.250000 0.250000 0.250000 
 174
0.479817 0.003201 0.046210 
0.462778 0.993459 0.462022 
0.057405 0.003340 0.491768 
0.008210 0.980334 0.003870 0.007586 
0.250000 0.250000 0.250000 0.250000 
 175
0.479817 0.003201 0.046210 
0.462778 0.993459 0.462022 
0.057405 0.003340 0.491768 
0.004713 0.987546 0.003870 0.003870 
0.250000 0.250000 0.250000 0.250000 
 176
0.479817 0.003201 0.046210 
0.462778 0.993459 0.462022 
0.057405 0.003340 0.491768 
0.003870 0.003870 0.003870 0.988389 
0.250000 0.250000 0.250000 0.250000 
 177
0.479817 0.003201 0.046210 
0.462778 0.993459 0.462022 
0.057405 0.003340 0.491768 
0.003870 0.003870 0.005909 0.986350 
0.250000 0.250000 0.250000 0.250000 
 178
0.479817 0.003201 0.046210 
0.462778 0.993459 0.462022 
0.057405 0.003340 0.491768 
0.003870 0.003870 0.988389 0.003870 
0.250000 0.250000 0.250000 0.250000 
 179
0.479817 0.003201 0.046210 
0.462778 0.993459 0.462022 
0.057405 0.003340 0.491768 
0.988389 0.003870 0.003870 0.003870 
0.250000 0.250000 0.250000 0.250000 
 180
0.479817 0.003201 0.046210 
0.462778 0.993459 0.462022 
0.057405 0.003340 0.491768 
0.008322 0.983270 0.003872 0.004537 
0.250000 0.250000 0.250000 0.250000 
 181
0.479817 0.003201 0.046210 
0.462778 0.993459 0.462022 
0.057405 0.003340 0.491768 
0.986832 0.005054 0.004244 0.003870 
0.250000 0.250000 0.250000 0.250000 
 182
0.479817 0.003201 0.046210 
0.462778 0.993459 0.462022 
0.057405 0.003340 0.491768 
0.987261 0.004625 0.004244 0.003870 
0.250000 0.250000 0.250000 0.250000 
 183
0.479817 0.003201 0.046210 
0.462778 0.993459 0.462022 
0.057405 0.003340 0.491768 
0.004289 0.003870 0.006117 0.985724 
0.250000 0.250000 0.250000 0.250000 
 184
0.479817 0.003201 0.046210 
0.462778 0.993459 0.462022 
0.057405 0.003340 0.491768 
0.004323 0.003870 0.004545 0.987261 
0.250000 0.250000 0.250000 0.250000 
 185
0.479817 0.003201 0.046210 
0.462778 0.993459 0.462022 
0.057405 0.003340 0.491768 
0.004820 0.003870 0.986890 0.004420 
0.250000 0.250000 0.250000 0.250000 
 186
0.479817 0.003201 0.046210 
0.462778 0.993459 0.462022 
0.057405 0.003340 0.491768 
0.004824 0.003870 0.986437 0.004868 
0.250000 0.250000 0.250000 0.250000 
 187
0.479817 0.003201 0.046210 
0.462778 0.993459 0.462022 
0.057405 0.003340 0.491768 
0.005573 0.003870 0.004625 0.985932 
0.250000 0.250000 0.250000 0.250000 
 188
0.479817 0.003201 0.046210 
0.462778 0.993459 0.462022 
0.057405 0.003340 0.491768 
0.003870 0.003870 0.987878 0.004381 
0.250000 0.250000 0.250000 0.250000 
 189
0.479817 0.003201 0.046210 
0.462778 0.993459 0.462022 
0.057405 0.003340 0.491768 
0.986347 0.005273 0.004509 0.003871 
0.250000 0.250000 0.250000 0.250000 
 190
0.479817 0.003201 0.046210 
0.462778 0.993459 0.462022 
0.057405 0.003340 0.491768 
0.986982 0.004894 0.003870 0.004253 
0.250000 0.250000 0.250000 0.250000 
 191
0.479817 0.003201 0.046210 
0.462778 0.993459 0.462022 
0.057405 0.003340 0.491768 
0.003870 0.003870 0.010390 0.981869 
0.250000 0.250000 0.250000 0.250000 
 192
0.479817 0.003201 0.046210 
0.462778 0.993459 0.462022 
0.057405 0.003340 0.491768 
0.984884 0.006536 0.004208 0.004372 
0.250000 0.250000 0.250000 0.250000 
 193
0.479817 0.003201 0.046210 
0.462778 0.993459 0.462022 
0.057405 0.003340 0.491768 
0.004405 0.987488 0.003871 0.004236 
0.250000 0.250000 0.250000 0.250000 
 194
0.479817 0.003201 0.046210 
0.462778 0.993459 0.462022 
0.057405 0.003340 0.491768 
0.005096 0.987164 0.003870 0.003870 
0.250000 0.250000 0.250000 0.250000 
 195
0.479817 0.003201 0.046210 
0.462778 0.993459 0.462022 
0.057405 0.003340 0.491768 
0.021236 0.004198 0.004463 0.970103 
0.250000 0.250000 0.250000 0.250000 
 196
0.479817 0.003201 0.046210 
0.462778 0.993459 0.462022 
0.057405 0.003340 0.491768 
0.005495 0.986764 0.003870 0.003870 
0.250000 0.250000 0.250000 0.250000 
 197
0.479817 0.003201 0.046210 
0.462778 0.993459 0.462022 
0.057405 0.003340 0.491768 
0.986043 0.004448 0.004183 0.005326 
0.250000 0.250000 0.250000 0.250000 
 198
0.479817 0.003201 0.046210 
0.462778 0.993459 0.462022 
0.057405 0.003340 0.491768 
0.987096 0.005164 0.003870 0.003870 
0.250000 0.250000 0.250000 0.250000 
 199
0.479817 0.003201 0.046210 
0.462778 0.993459 0.462022 
0.057405 0.003340 0.491768 
0.987425 0.004834 0.003870 0.003870 
0.250000 0.250000 0.250000 0.250000 
 200
0.479817 0.003201 0.046210 
0.462778 0.993459 0.462022 
0.057405 0.003340 0.491768 
0.003870 0.003870 0.003870 0.988389 
0.250000 0.250000 0.250000 0.250000 
 201
0.479817 0.003201 0.046210 
0.462778 0.993459 0.462022 
0.057405 0.003340 0.491768 
0.986752 0.004258 0.005120 0.003870 
0.250000 0.250000 0.250000 0.250000 
 202
0.479817 0.003201 0.046210 
0.462778 0.993459 0.462022 
0.057405 0.003340 0.491768 
0.003870 0.003870 0.003870 0.988389 
0.250000 0.250000 0.250000 0.250000 
 203
0.479817 0.003201 0.046210 
0.462778 0.993459 0.462022 
0.057405 0.003340 0.491768 
0.003870 0.988389 0.003870 0.003870 
0.250000 0.250000 0.250000 0.250000 
 204
0.479817 0.003201 0.046210 
0.462778 0.993459 0.462022 
0.057405 0.003340 0.491768 
0.003871 0.003871 0.975277 0.016980 
0.250000 0.250000 0.250000 0.250000 
 205
0.479817 0.003201 0.046210 
0.462778 0.993459 0.462022 
0.057405 0.003340 0.491768 
0.030272 0.961538 0.003870 0.004320 
0.250000 0.250000 0.250000 0.250000 
 206
0.479817 0.003201 0.046210 
0.462778 0.993459 0.462022 
0.057405 0.003340 0.491768 
0.987675 0.004582 0.003871 0.003871 
0.250000 0.250000 0.250000 0.250000 
 207
0.479817 0.003201 0.046210 
0.462778 0.993459 0.462022 
0.057405 0.003340 0.491768 
0.004416 0.003870 0.987108 0.004606 
0.250000 0.250000 0.250000 0.250000 
 208
0.479817 0.003201 0.046210 
0.462778 0.993459 0.462022 
0.057405 0.003340 0.491768 
0.987885 0.003870 0.004374 0.003870 
0.250000 0.250000 0.250000 0.250000 
 209
0.479817 0.003201 0.046210 
0.462778 0.993459 0.462022 
0.057405 0.003340 0.491768 
0.005512 0.986747 0.003870 0.003870 
0.250000 0.250000 0.250000 0.250000 
 210
0.479817 0.003201 0.046210 
0.462778 0.993459 0.462022 
0.057405 0.003340 0.491768 
0.003870 0.003870 0.011403 0.980856 
0.250000 0.250000 0.250000 0.250000 
 211
0.479817 0.003201 0.046210 
0.462778 0.993459 0.462022 
0.057405 0.003340 0.491768 
0.003870 0.003870 0.988389 0.003870 
0.250000 0.250000 0.250000 0.250000 
 212
0.479817 0.003201 0.046210 
0.462778 0.993459 0.462022 
0.057405 0.003340 0.491768 
0.003870 0.003870 0.988389 0.003870 
0.250000 0.250000 0.250000 0.250000 
 213
0.479817 0.003201 0.046210 
0.462778 0.993459 0.462022 
0.057405 0.003340 0.491768 
0.005231 0.003870 0.026103 0.964796 
0.250000 0.250000 0.250000 0.250000 
 214
0.479817 0.003201 0.046210 
0.462778 0.993459 0.462022 
0.057405 0.003340 0.491768 
0.003870 0.003870 0.987668 0.004591 
0.250000 0.250000 0.250000 0.250000 
 215
0.479817 0.003201 0.046210 
0.462778 0.993459 0.462022 
0.057405 0.003340 0.491768 
0.987267 0.004318 0.003870 0.004545 
0.250000 0.250000 0.250000 0.250000 
 216
0.479817 0.003201 0.046210 
0.462778 0.993459 0.462022 
0.057405 0.003340 0.491768 
0.003870 0.003870 0.009562 0.982697 
0.250000 0.250000 0.250000 0.250000 
 217
0.479817 0.003201 0.046210 
0.462778 0.993459 0.462022 
0.057405 0.003340 0.491768 
0.017158 0.003871 0.975100 0.003871 
0.250000 0.250000 0.250000 0.250000 
 218
0.479817 0.003201 0.046210 
0.462778 0.993459 0.462022 
0.057405 0.003340 0.491768 
0.982596 0.007151 0.003870 0.006382 
0.250000 0.250000 0.250000 0.250000 
 219
0.479817 0.003201 0.046210 
0.462778 0.993459 0.462022 
0.057405 0.003340 0.491768 
0.006891 0.984116 0.003871 0.005121 
0.250000 0.250000 0.250000 0.250000 
 220
0.479817 0.003201 0.046210 
0.462778 0.993459 0.462022 
0.057405 0.003340 0.491768 
0.985161 0.007098 0.003870 0.003870 
0.250000 0.250000 0.250000 0.250000 
 221
0.479817 0.003201 0.046210 
0.462778 0.993459 0.462022 
0.057405 0.003340 0.491768 
0.003870 0.003870 0.003870 0.988389 
0.250000 0.250000 0.250000 0.250000 
 222
0.479817 0.003201 0.046210 
0.462778 0.993459 0.462022 
0.057405 0.003340 0.491768 
0.004895 0.003870 0.985958 0.005277 
0.250000 0.250000 0.250000 0.250000 
 223
0.479817 0.003201 0.046210 
0.462778 0.993459 0.462022 
0.057405 0.003340 0.491768 
0.004547 0.003871 0.987710 0.003871 
0.250000 0.250000 0.250000 0.250000 
 224
0.479817 0.003201 0.046210 
0.462778 0.993459 0.462022 
0.057405 0.003340 0.491768 
0.003870 0.003870 0.003870 0.988389 
0.250000 0.250000 0.250000 0.250000 
 225
0.479817 0.003201 0.046210 
0.462778 0.993459 0.462022 
0.057405 0.003340 0.491768 
0.004224 0.003870 0.005267 0.986639 
0.250000 0.250000 0.250000 0.250000 
 226
0.479817 0.003201 0.046210 
0.462778 0.993459 0.462022 
0.057405 0.003340 0.491768 
0.003870 0.988389 0.003870 0.003870 
0.250000 0.250000 0.250000 0.250000 
 227
0.479817 0.003201 0.046210 
0.462778 0.993459 0.462022 
0.057405 0.003340 0.491768 
0.988389 0.003870 0.003870 0.003870 
0.250000 0.250000 0.250000 0.250000 
 228
0.479817 0.003201 0.046210 
0.462778 0.993459 0.462022 
0.057405 0.003340 0.491768 
0.003870 0.003870 0.004561 0.987698 
0.250000 0.250000 0.250000 0.250000 
 229
0.479817 0.003201 0.046210 
0.462778 0.993459 0.462022 
0.057405 0.003340 0.491768 
0.003870 0.988389 0.003870 0.003870 
0.250000 0.250000 0.250000 0.250000 
 230
0.479817 0.003201 0.046210 
0.462778 0.993459 0.462022 
0.057405 0.003340 0.491768 
0.003870 0.988389 0.003870 0.003870 
0.250000 0.250000 0.250000 0.250000 
 231
0.479817 0.003201 0.046210 
0.462778 0.993459 0.462022 
0.057405 0.003340 0.491768 
0.984311 0.006522 0.004556 0.004611 
0.250000 0.250000 0.250000 0.250000 
 232
0.479817 0.003201 0.046210 
0.462778 0.993459 0.462022 
0.057405 0.003340 0.491768 
0.008703 0.983551 0.003873 0.003873 
0.250000 0.250000 0.250000 0.250000 
 233
0.479817 0.003201 0.046210 
0.462778 0.993459 0.462022 
0.057405 0.003340 0.491768 
0.985243 0.007016 0.003870 0.003870 
0.250000 0.250000 0.250000 0.250000 
 234
0.479817 0.003201 0.046210 
0.462778 0.993459 0.462022 
0.057405 0.003340 0.491768 
0.908436 0.083824 0.003870 0.003870 
0.250000 0.250000 0.250000 0.250000 
 235
0.479817 0.003201 0.046210 
