%  SAM: /scicomp/home/yfa9/CDC_projects/Mol_genetic_analysis/Nomenclature/H1_Nomenclature/R2/From_R1/1-Variants/3_GenGrp-files/1-Groupwise-fasta/v-1/3-All/v-4/label/LABEL_RES/scripts/modelfromalign_Linux v3.5 (July 15, 2005) compiled 12/08/06_16:15:55
%  (c) 1992-2001 Regents of the University of California, Santa Cruz
%
%          Sequence Alignment and Modeling Software System
%         http://www.cse.ucsc.edu/research/compbio/sam.html
%
% ----------------- Citations (SAM, SAM-T2K, HMMs) --------------------
% R. Hughey, A. Krogh, Hidden Markov models for sequence analysis:
%  Extension and analysis of the basic method, CABIOS 12:95-107, 1996.
% K. Karplus, et al., What is the value added by human intervention in protein
%  structure prediction, Proteins: Stucture, Function, Genetics 45(S5):86--91, 2001.
% A. Krogh et al., Hidden Markov models in computational biology:
%  Applications to protein modeling, JMB 235:1501-1531, Feb 1994.
% ---------------------------------------------------------------------
%  c-6A-6-6like_hmm   Host: login01.aspen.biotech.cdc.gov    Fri Dec  8 13:38:03 2017
%  yfa9               Dir:  /scicomp/home/yfa9/CDC_projects/Mol_genetic_analysis/Nomenclature/H1_Nomenclature/R2/From_R1/1-Variants/3_GenGrp-files/1-Groupwise-fasta/v-1/3-All/v-4/R2-v1/c-1-8-Old/c-1-to-6-8-Old/c-non-6C/c-non-5
% ---------------------------------------------------------------------
%  Alignment weights from internal calc.  Total (30.71) Max (0.12) Min (0.02)
%  Weights from alignment method 1 (karplus), b=-1.000000, e=0.500000
MODEL --  Model from alignment file /scicomp/home/yfa9/CDC_projects/Mol_genetic_analysis/Nomenclature/H1_Nomenclature/R2/From_R1/1-Variants/3_GenGrp-files/1-Groupwise-fasta/v-1/3-All/v-4/label/LABEL_RES/training_data/H1pdm09R2-v2017/c-1-8-Old/c-1-to-6-8-Old/c-non-6C/c-non-5/c-6A-6-6like.fasta
alphabet DNA
FREQAVE
0.000000 0.000000 0.000000 
0.000000 0.000000 0.000000 
0.000000 0.000000 0.000000 
0.353056 0.221493 0.186213 0.239238 
0.353056 0.221493 0.186213 0.239238 
Begin
0.000000 0.000000 0.000000 
0.000000 0.000000 0.000000 
0.000000 0.005689 0.491768 
0.250000 0.250000 0.250000 0.250000 
0.250000 0.250000 0.250000 0.250000 
   1
0.000000 0.005453 0.046210 
0.000000 0.988858 0.462022 
0.057405 0.005689 0.491768 
0.976347 0.007884 0.007884 0.007884 
0.250000 0.250000 0.250000 0.250000 
   2
0.479817 0.005453 0.046210 
0.462778 0.988858 0.462022 
0.057405 0.005689 0.491768 
0.007884 0.007884 0.007884 0.976347 
0.250000 0.250000 0.250000 0.250000 
   3
0.479817 0.005453 0.046210 
0.462778 0.988858 0.462022 
0.057405 0.005689 0.491768 
0.007884 0.976347 0.007884 0.007884 
0.250000 0.250000 0.250000 0.250000 
   4
0.479817 0.005453 0.046210 
0.462778 0.988858 0.462022 
0.057405 0.005689 0.491768 
0.973010 0.011221 0.007884 0.007884 
0.250000 0.250000 0.250000 0.250000 
   5
0.479817 0.005453 0.046210 
0.462778 0.988858 0.462022 
0.057405 0.005689 0.491768 
0.971084 0.010324 0.010708 0.007884 
0.250000 0.250000 0.250000 0.250000 
   6
0.479817 0.005453 0.046210 
0.462778 0.988858 0.462022 
0.057405 0.005689 0.491768 
0.007884 0.976347 0.007884 0.007884 
0.250000 0.250000 0.250000 0.250000 
   7
0.479817 0.005453 0.046210 
0.462778 0.988858 0.462022 
0.057405 0.005689 0.491768 
0.007884 0.973907 0.010324 0.007884 
0.250000 0.250000 0.250000 0.250000 
   8
0.479817 0.005453 0.046210 
0.462778 0.988858 0.462022 
0.057405 0.005689 0.491768 
0.010324 0.007884 0.967772 0.014020 
0.250000 0.250000 0.250000 0.250000 
   9
0.479817 0.005453 0.046210 
0.462778 0.988858 0.462022 
0.057405 0.005689 0.491768 
0.974928 0.009303 0.007884 0.007884 
0.250000 0.250000 0.250000 0.250000 
  10
0.479817 0.005453 0.046210 
0.462778 0.988858 0.462022 
0.057405 0.005689 0.491768 
0.976347 0.007884 0.007884 0.007884 
0.250000 0.250000 0.250000 0.250000 
  11
0.479817 0.005453 0.046210 
0.462778 0.988858 0.462022 
0.057405 0.005689 0.491768 
0.007884 0.007884 0.008926 0.975305 
0.250000 0.250000 0.250000 0.250000 
  12
0.479817 0.005453 0.046210 
0.462778 0.988858 0.462022 
0.057405 0.005689 0.491768 
0.976347 0.007884 0.007884 0.007884 
0.250000 0.250000 0.250000 0.250000 
  13
0.479817 0.005453 0.046210 
0.462778 0.988858 0.462022 
0.057405 0.005689 0.491768 
0.007884 0.007884 0.974641 0.009591 
0.250000 0.250000 0.250000 0.250000 
  14
0.479817 0.005453 0.046210 
0.462778 0.988858 0.462022 
0.057405 0.005689 0.491768 
0.007884 0.007884 0.009143 0.975088 
0.250000 0.250000 0.250000 0.250000 
  15
0.479817 0.005453 0.046210 
0.462778 0.988858 0.462022 
0.057405 0.005689 0.491768 
0.974317 0.009915 0.007884 0.007884 
0.250000 0.250000 0.250000 0.250000 
  16
0.479817 0.005453 0.046210 
0.462778 0.988858 0.462022 
0.057405 0.005689 0.491768 
0.010607 0.951229 0.007884 0.030280 
0.250000 0.250000 0.250000 0.250000 
  17
0.479817 0.005453 0.046210 
0.462778 0.988858 0.462022 
0.057405 0.005689 0.491768 
0.007884 0.007884 0.055970 0.928261 
0.250000 0.250000 0.250000 0.250000 
  18
0.479817 0.005453 0.046210 
0.462778 0.988858 0.462022 
0.057405 0.005689 0.491768 
0.976347 0.007884 0.007884 0.007884 
0.250000 0.250000 0.250000 0.250000 
  19
0.479817 0.005453 0.046210 
0.462778 0.988858 0.462022 
0.057405 0.005689 0.491768 
0.009719 0.974512 0.007884 0.007884 
0.250000 0.250000 0.250000 0.250000 
  20
0.479817 0.005453 0.046210 
0.462778 0.988858 0.462022 
0.057405 0.005689 0.491768 
0.007884 0.007884 0.009591 0.974641 
0.250000 0.250000 0.250000 0.250000 
  21
0.479817 0.005453 0.046210 
0.462778 0.988858 0.462022 
0.057405 0.005689 0.491768 
0.007884 0.010490 0.013288 0.968337 
0.250000 0.250000 0.250000 0.250000 
  22
0.479817 0.005453 0.046210 
0.462778 0.988858 0.462022 
0.057405 0.005689 0.491768 
0.009121 0.007884 0.971743 0.011252 
0.250000 0.250000 0.250000 0.250000 
  23
0.479817 0.005453 0.046210 
0.462778 0.988858 0.462022 
0.057405 0.005689 0.491768 
0.007884 0.007884 0.007884 0.976347 
0.250000 0.250000 0.250000 0.250000 
  24
0.479817 0.005453 0.046210 
0.462778 0.988858 0.462022 
0.057405 0.005689 0.491768 
0.013518 0.965416 0.007884 0.013181 
0.250000 0.250000 0.250000 0.250000 
  25
0.479817 0.005453 0.046210 
0.462778 0.988858 0.462022 
0.057405 0.005689 0.491768 
0.007884 0.009210 0.975021 0.007884 
0.250000 0.250000 0.250000 0.250000 
  26
0.479817 0.005453 0.046210 
0.462778 0.988858 0.462022 
0.057405 0.005689 0.491768 
0.007884 0.007884 0.009519 0.974712 
0.250000 0.250000 0.250000 0.250000 
  27
0.479817 0.005453 0.046210 
0.462778 0.988858 0.462022 
0.057405 0.005689 0.491768 
0.973922 0.007884 0.010309 0.007884 
0.250000 0.250000 0.250000 0.250000 
  28
0.479817 0.005453 0.046210 
0.462778 0.988858 0.462022 
0.057405 0.005689 0.491768 
0.007884 0.007884 0.010160 0.974071 
0.250000 0.250000 0.250000 0.250000 
  29
0.479817 0.005453 0.046210 
0.462778 0.988858 0.462022 
0.057405 0.005689 0.491768 
0.964650 0.009056 0.007884 0.018409 
0.250000 0.250000 0.250000 0.250000 
  30
0.479817 0.005453 0.046210 
0.462778 0.988858 0.462022 
0.057405 0.005689 0.491768 
0.007884 0.007884 0.014971 0.969260 
0.250000 0.250000 0.250000 0.250000 
  31
0.479817 0.005453 0.046210 
0.462778 0.988858 0.462022 
0.057405 0.005689 0.491768 
0.976347 0.007884 0.007884 0.007884 
0.250000 0.250000 0.250000 0.250000 
  32
0.479817 0.005453 0.046210 
0.462778 0.988858 0.462022 
0.057405 0.005689 0.491768 
0.007884 0.007884 0.976347 0.007884 
0.250000 0.250000 0.250000 0.250000 
  33
0.479817 0.005453 0.046210 
0.462778 0.988858 0.462022 
0.057405 0.005689 0.491768 
0.975246 0.008985 0.007884 0.007884 
0.250000 0.250000 0.250000 0.250000 
  34
0.479817 0.005453 0.046210 
0.462778 0.988858 0.462022 
0.057405 0.005689 0.491768 
0.010372 0.009356 0.011765 0.968507 
0.250000 0.250000 0.250000 0.250000 
  35
0.479817 0.005453 0.046210 
0.462778 0.988858 0.462022 
0.057405 0.005689 0.491768 
0.007884 0.008999 0.008959 0.974158 
0.250000 0.250000 0.250000 0.250000 
  36
0.479817 0.005453 0.046210 
0.462778 0.988858 0.462022 
0.057405 0.005689 0.491768 
0.008982 0.007884 0.010490 0.972643 
0.250000 0.250000 0.250000 0.250000 
  37
0.479817 0.005453 0.046210 
0.462778 0.988858 0.462022 
0.057405 0.005689 0.491768 
0.015279 0.968953 0.007884 0.007884 
0.250000 0.250000 0.250000 0.250000 
  38
0.479817 0.005453 0.046210 
0.462778 0.988858 0.462022 
0.057405 0.005689 0.491768 
0.007890 0.009509 0.972112 0.010489 
0.250000 0.250000 0.250000 0.250000 
  39
0.479817 0.005453 0.046210 
0.462778 0.988858 0.462022 
0.057405 0.005689 0.491768 
0.976347 0.007884 0.007884 0.007884 
0.250000 0.250000 0.250000 0.250000 
  40
0.479817 0.005453 0.046210 
0.462778 0.988858 0.462022 
0.057405 0.005689 0.491768 
0.949197 0.035034 0.007884 0.007884 
0.250000 0.250000 0.250000 0.250000 
  41
0.479817 0.005453 0.046210 
0.462778 0.988858 0.462022 
0.057405 0.005689 0.491768 
0.007884 0.007884 0.958150 0.026081 
0.250000 0.250000 0.250000 0.250000 
  42
0.479817 0.005453 0.046210 
0.462778 0.988858 0.462022 
0.057405 0.005689 0.491768 
0.009356 0.007884 0.970890 0.011869 
0.250000 0.250000 0.250000 0.250000 
  43
0.479817 0.005453 0.046210 
0.462778 0.988858 0.462022 
0.057405 0.005689 0.491768 
0.014830 0.969402 0.007884 0.007884 
0.250000 0.250000 0.250000 0.250000 
  44
0.479817 0.005453 0.046210 
0.462778 0.988858 0.462022 
0.057405 0.005689 0.491768 
0.007884 0.007884 0.975012 0.009219 
0.250000 0.250000 0.250000 0.250000 
  45
0.479817 0.005453 0.046210 
0.462778 0.988858 0.462022 
0.057405 0.005689 0.491768 
0.973122 0.007884 0.011109 0.007884 
0.250000 0.250000 0.250000 0.250000 
  46
0.479817 0.005453 0.046210 
0.462778 0.988858 0.462022 
0.057405 0.005689 0.491768 
0.971658 0.011448 0.007884 0.009009 
0.250000 0.250000 0.250000 0.250000 
  47
0.479817 0.005453 0.046210 
0.462778 0.988858 0.462022 
0.057405 0.005689 0.491768 
0.969682 0.013508 0.008925 0.007884 
0.250000 0.250000 0.250000 0.250000 
  48
0.479817 0.005453 0.046210 
0.462778 0.988858 0.462022 
0.057405 0.005689 0.491768 
0.011643 0.009114 0.010150 0.969093 
0.250000 0.250000 0.250000 0.250000 
  49
0.479817 0.005453 0.046210 
0.462778 0.988858 0.462022 
0.057405 0.005689 0.491768 
0.011580 0.972651 0.007884 0.007884 
0.250000 0.250000 0.250000 0.250000 
  50
0.479817 0.005453 0.046210 
0.462778 0.988858 0.462022 
0.057405 0.005689 0.491768 
0.007884 0.007884 0.976347 0.007884 
0.250000 0.250000 0.250000 0.250000 
  51
0.479817 0.005453 0.046210 
0.462778 0.988858 0.462022 
0.057405 0.005689 0.491768 
0.973634 0.007884 0.010597 0.007884 
0.250000 0.250000 0.250000 0.250000 
  52
0.479817 0.005453 0.046210 
0.462778 0.988858 0.462022 
0.057405 0.005689 0.491768 
0.007884 0.976347 0.007884 0.007884 
0.250000 0.250000 0.250000 0.250000 
  53
0.479817 0.005453 0.046210 
0.462778 0.988858 0.462022 
0.057405 0.005689 0.491768 
0.976347 0.007884 0.007884 0.007884 
0.250000 0.250000 0.250000 0.250000 
  54
0.479817 0.005453 0.046210 
0.462778 0.988858 0.462022 
0.057405 0.005689 0.491768 
0.007884 0.007884 0.975306 0.008925 
0.250000 0.250000 0.250000 0.250000 
  55
0.479817 0.005453 0.046210 
0.462778 0.988858 0.462022 
0.057405 0.005689 0.491768 
0.976347 0.007884 0.007884 0.007884 
0.250000 0.250000 0.250000 0.250000 
  56
0.479817 0.005453 0.046210 
0.462778 0.988858 0.462022 
0.057405 0.005689 0.491768 
0.007892 0.007892 0.976323 0.007892 
0.250000 0.250000 0.250000 0.250000 
  57
0.479817 0.005453 0.046210 
0.462778 0.988858 0.462022 
0.057405 0.005689 0.491768 
0.976347 0.007884 0.007884 0.007884 
0.250000 0.250000 0.250000 0.250000 
  58
0.479817 0.005453 0.046210 
0.462778 0.988858 0.462022 
0.057405 0.005689 0.491768 
0.007884 0.007884 0.012990 0.971241 
0.250000 0.250000 0.250000 0.250000 
  59
0.479817 0.005453 0.046210 
0.462778 0.988858 0.462022 
0.057405 0.005689 0.491768 
0.007884 0.007884 0.007884 0.976347 
0.250000 0.250000 0.250000 0.250000 
  60
0.479817 0.005453 0.046210 
0.462778 0.988858 0.462022 
0.057405 0.005689 0.491768 
0.917145 0.067086 0.007884 0.007884 
0.250000 0.250000 0.250000 0.250000 
  61
0.479817 0.005453 0.046210 
0.462778 0.988858 0.462022 
0.057405 0.005689 0.491768 
0.007884 0.007884 0.007884 0.976347 
0.250000 0.250000 0.250000 0.250000 
  62
0.479817 0.005453 0.046210 
0.462778 0.988858 0.462022 
0.057405 0.005689 0.491768 
0.007884 0.976347 0.007884 0.007884 
0.250000 0.250000 0.250000 0.250000 
  63
0.479817 0.005453 0.046210 
0.462778 0.988858 0.462022 
0.057405 0.005689 0.491768 
0.007884 0.007884 0.010979 0.973252 
0.250000 0.250000 0.250000 0.250000 
  64
0.479817 0.005453 0.046210 
0.462778 0.988858 0.462022 
0.057405 0.005689 0.491768 
0.976347 0.007884 0.007884 0.007884 
0.250000 0.250000 0.250000 0.250000 
  65
0.479817 0.005453 0.046210 
0.462778 0.988858 0.462022 
0.057405 0.005689 0.491768 
0.007884 0.007884 0.009481 0.974751 
0.250000 0.250000 0.250000 0.250000 
  66
0.479817 0.005453 0.046210 
0.462778 0.988858 0.462022 
0.057405 0.005689 0.491768 
0.974038 0.007884 0.010193 0.007884 
0.250000 0.250000 0.250000 0.250000 
  67
0.479817 0.005453 0.046210 
0.462778 0.988858 0.462022 
0.057405 0.005689 0.491768 
0.007884 0.976347 0.007884 0.007884 
0.250000 0.250000 0.250000 0.250000 
  68
0.479817 0.005453 0.046210 
0.462778 0.988858 0.462022 
0.057405 0.005689 0.491768 
0.007884 0.976347 0.007884 0.007884 
0.250000 0.250000 0.250000 0.250000 
  69
0.479817 0.005453 0.046210 
0.462778 0.988858 0.462022 
0.057405 0.005689 0.491768 
0.007884 0.009048 0.007884 0.975183 
0.250000 0.250000 0.250000 0.250000 
  70
0.479817 0.005453 0.046210 
0.462778 0.988858 0.462022 
0.057405 0.005689 0.491768 
0.007884 0.007884 0.010696 0.973535 
0.250000 0.250000 0.250000 0.250000 
  71
0.479817 0.005453 0.046210 
0.462778 0.988858 0.462022 
0.057405 0.005689 0.491768 
0.974569 0.007884 0.007884 0.009662 
0.250000 0.250000 0.250000 0.250000 
  72
0.479817 0.005453 0.046210 
0.462778 0.988858 0.462022 
0.057405 0.005689 0.491768 
0.007884 0.007884 0.015790 0.968441 
0.250000 0.250000 0.250000 0.250000 
  73
0.479817 0.005453 0.046210 
0.462778 0.988858 0.462022 
0.057405 0.005689 0.491768 
0.007884 0.007884 0.976347 0.007884 
0.250000 0.250000 0.250000 0.250000 
  74
0.479817 0.005453 0.046210 
0.462778 0.988858 0.462022 
0.057405 0.005689 0.491768 
0.976347 0.007884 0.007884 0.007884 
0.250000 0.250000 0.250000 0.250000 
  75
0.479817 0.005453 0.046210 
0.462778 0.988858 0.462022 
0.057405 0.005689 0.491768 
0.007884 0.007884 0.010254 0.973978 
0.250000 0.250000 0.250000 0.250000 
  76
0.479817 0.005453 0.046210 
0.462778 0.988858 0.462022 
0.057405 0.005689 0.491768 
0.009366 0.974814 0.007910 0.007910 
0.250000 0.250000 0.250000 0.250000 
  77
0.479817 0.005453 0.046210 
0.462778 0.988858 0.462022 
0.057405 0.005689 0.491768 
0.007891 0.008838 0.974425 0.008846 
0.250000 0.250000 0.250000 0.250000 
  78
0.479817 0.005453 0.046210 
0.462778 0.988858 0.462022 
0.057405 0.005689 0.491768 
0.025023 0.959208 0.007884 0.007884 
0.250000 0.250000 0.250000 0.250000 
  79
0.479817 0.005453 0.046210 
0.462778 0.988858 0.462022 
0.057405 0.005689 0.491768 
0.975245 0.008986 0.007884 0.007884 
0.250000 0.250000 0.250000 0.250000 
  80
0.479817 0.005453 0.046210 
0.462778 0.988858 0.462022 
0.057405 0.005689 0.491768 
0.976347 0.007884 0.007884 0.007884 
0.250000 0.250000 0.250000 0.250000 
  81
0.479817 0.005453 0.046210 
0.462778 0.988858 0.462022 
0.057405 0.005689 0.491768 
0.007884 0.007884 0.973230 0.011001 
0.250000 0.250000 0.250000 0.250000 
  82
0.479817 0.005453 0.046210 
0.462778 0.988858 0.462022 
0.057405 0.005689 0.491768 
0.976347 0.007884 0.007884 0.007884 
0.250000 0.250000 0.250000 0.250000 
  83
0.479817 0.005453 0.046210 
0.462778 0.988858 0.462022 
0.057405 0.005689 0.491768 
0.974867 0.009364 0.007884 0.007884 
0.250000 0.250000 0.250000 0.250000 
  84
0.479817 0.005453 0.046210 
0.462778 0.988858 0.462022 
0.057405 0.005689 0.491768 
0.007884 0.007884 0.010113 0.974118 
0.250000 0.250000 0.250000 0.250000 
  85
0.479817 0.005453 0.046210 
0.462778 0.988858 0.462022 
0.057405 0.005689 0.491768 
0.007884 0.007884 0.007884 0.976347 
0.250000 0.250000 0.250000 0.250000 
  86
0.479817 0.005453 0.046210 
0.462778 0.988858 0.462022 
0.057405 0.005689 0.491768 
0.007884 0.007884 0.976347 0.007884 
0.250000 0.250000 0.250000 0.250000 
  87
0.479817 0.005453 0.046210 
0.462778 0.988858 0.462022 
0.057405 0.005689 0.491768 
0.975273 0.008958 0.007884 0.007884 
0.250000 0.250000 0.250000 0.250000 
  88
0.479817 0.005453 0.046210 
0.462778 0.988858 0.462022 
0.057405 0.005689 0.491768 
0.974491 0.007884 0.007884 0.009741 
0.250000 0.250000 0.250000 0.250000 
  89
0.479817 0.005453 0.046210 
0.462778 0.988858 0.462022 
0.057405 0.005689 0.491768 
0.007884 0.007884 0.976347 0.007884 
0.250000 0.250000 0.250000 0.250000 
  90
0.479817 0.005453 0.046210 
0.462778 0.988858 0.462022 
0.057405 0.005689 0.491768 
0.976347 0.007884 0.007884 0.007884 
0.250000 0.250000 0.250000 0.250000 
  91
0.479817 0.005453 0.046210 
0.462778 0.988858 0.462022 
0.057405 0.005689 0.491768 
0.010291 0.973940 0.007884 0.007884 
0.250000 0.250000 0.250000 0.250000 
  92
0.479817 0.005453 0.046210 
0.462778 0.988858 0.462022 
0.057405 0.005689 0.491768 
0.975180 0.009051 0.007884 0.007884 
0.250000 0.250000 0.250000 0.250000 
  93
0.479817 0.005453 0.046210 
0.462778 0.988858 0.462022 
0.057405 0.005689 0.491768 
0.007884 0.007884 0.976347 0.007884 
0.250000 0.250000 0.250000 0.250000 
  94
0.479817 0.005453 0.046210 
0.462778 0.988858 0.462022 
0.057405 0.005689 0.491768 
0.976347 0.007884 0.007884 0.007884 
0.250000 0.250000 0.250000 0.250000 
  95
0.479817 0.005453 0.046210 
0.462778 0.988858 0.462022 
0.057405 0.005689 0.491768 
0.007884 0.007884 0.976347 0.007884 
0.250000 0.250000 0.250000 0.250000 
  96
0.479817 0.005453 0.046210 
0.462778 0.988858 0.462022 
0.057405 0.005689 0.491768 
0.008928 0.007884 0.008866 0.974322 
0.250000 0.250000 0.250000 0.250000 
  97
0.479817 0.005453 0.046210 
0.462778 0.988858 0.462022 
0.057405 0.005689 0.491768 
0.007884 0.976347 0.007884 0.007884 
0.250000 0.250000 0.250000 0.250000 
  98
0.479817 0.005453 0.046210 
0.462778 0.988858 0.462022 
0.057405 0.005689 0.491768 
0.007884 0.009209 0.007884 0.975022 
0.250000 0.250000 0.250000 0.250000 
  99
0.479817 0.005453 0.046210 
0.462778 0.988858 0.462022 
0.057405 0.005689 0.491768 
0.970002 0.014215 0.007891 0.007891 
0.250000 0.250000 0.250000 0.250000 
 100
0.479817 0.005453 0.046210 
0.462778 0.988858 0.462022 
0.057405 0.005689 0.491768 
0.007884 0.976347 0.007884 0.007884 
0.250000 0.250000 0.250000 0.250000 
 101
0.479817 0.005453 0.046210 
0.462778 0.988858 0.462022 
0.057405 0.005689 0.491768 
0.976347 0.007884 0.007884 0.007884 
0.250000 0.250000 0.250000 0.250000 
 102
0.479817 0.005453 0.046210 
0.462778 0.988858 0.462022 
0.057405 0.005689 0.491768 
0.007884 0.007884 0.975028 0.009203 
0.250000 0.250000 0.250000 0.250000 
 103
0.479817 0.005453 0.046210 
0.462778 0.988858 0.462022 
0.057405 0.005689 0.491768 
0.976347 0.007884 0.007884 0.007884 
0.250000 0.250000 0.250000 0.250000 
 104
0.479817 0.005453 0.046210 
0.462778 0.988858 0.462022 
0.057405 0.005689 0.491768 
0.007884 0.007884 0.976347 0.007884 
0.250000 0.250000 0.250000 0.250000 
 105
0.479817 0.005453 0.046210 
0.462778 0.988858 0.462022 
0.057405 0.005689 0.491768 
0.971188 0.011915 0.009013 0.007884 
0.250000 0.250000 0.250000 0.250000 
 106
0.479817 0.005453 0.046210 
0.462778 0.988858 0.462022 
0.057405 0.005689 0.491768 
0.009974 0.974257 0.007884 0.007884 
0.250000 0.250000 0.250000 0.250000 
 107
0.479817 0.005453 0.046210 
0.462778 0.988858 0.462022 
0.057405 0.005689 0.491768 
0.007884 0.007884 0.007884 0.976347 
0.250000 0.250000 0.250000 0.250000 
 108
0.479817 0.005453 0.046210 
0.462778 0.988858 0.462022 
0.057405 0.005689 0.491768 
0.969661 0.012052 0.007884 0.010403 
0.250000 0.250000 0.250000 0.250000 
 109
0.479817 0.005453 0.046210 
0.462778 0.988858 0.462022 
0.057405 0.005689 0.491768 
0.009307 0.007884 0.968558 0.014250 
0.250000 0.250000 0.250000 0.250000 
 110
0.479817 0.005453 0.046210 
0.462778 0.988858 0.462022 
0.057405 0.005689 0.491768 
0.007884 0.007884 0.007884 0.976347 
0.250000 0.250000 0.250000 0.250000 
 111
0.479817 0.005453 0.046210 
0.462778 0.988858 0.462022 
0.057405 0.005689 0.491768 
0.973498 0.010733 0.007884 0.007884 
0.250000 0.250000 0.250000 0.250000 
 112
0.479817 0.005453 0.046210 
0.462778 0.988858 0.462022 
0.057405 0.005689 0.491768 
0.007884 0.976347 0.007884 0.007884 
0.250000 0.250000 0.250000 0.250000 
 113
0.479817 0.005453 0.046210 
0.462778 0.988858 0.462022 
0.057405 0.005689 0.491768 
0.975207 0.009024 0.007884 0.007884 
0.250000 0.250000 0.250000 0.250000 
 114
0.479817 0.005453 0.046210 
0.462778 0.988858 0.462022 
0.057405 0.005689 0.491768 
0.940946 0.043286 0.007884 0.007884 
0.250000 0.250000 0.250000 0.250000 
 115
0.479817 0.005453 0.046210 
0.462778 0.988858 0.462022 
0.057405 0.005689 0.491768 
0.976347 0.007884 0.007884 0.007884 
0.250000 0.250000 0.250000 0.250000 
 116
0.479817 0.005453 0.046210 
0.462778 0.988858 0.462022 
0.057405 0.005689 0.491768 
0.975257 0.008975 0.007884 0.007884 
0.250000 0.250000 0.250000 0.250000 
 117
0.479817 0.005453 0.046210 
0.462778 0.988858 0.462022 
0.057405 0.005689 0.491768 
0.012427 0.971804 0.007884 0.007884 
0.250000 0.250000 0.250000 0.250000 
 118
0.479817 0.005453 0.046210 
0.462778 0.988858 0.462022 
0.057405 0.005689 0.491768 
0.976347 0.007884 0.007884 0.007884 
0.250000 0.250000 0.250000 0.250000 
 119
0.479817 0.005453 0.046210 
0.462778 0.988858 0.462022 
0.057405 0.005689 0.491768 
0.976347 0.007884 0.007884 0.007884 
0.250000 0.250000 0.250000 0.250000 
 120
0.479817 0.005453 0.046210 
0.462778 0.988858 0.462022 
0.057405 0.005689 0.491768 
0.007884 0.007884 0.009720 0.974511 
0.250000 0.250000 0.250000 0.250000 
 121
0.479817 0.005453 0.046210 
0.462778 0.988858 0.462022 
0.057405 0.005689 0.491768 
0.007884 0.975208 0.007884 0.009024 
0.250000 0.250000 0.250000 0.250000 
 122
0.479817 0.005453 0.046210 
0.462778 0.988858 0.462022 
0.057405 0.005689 0.491768 
0.007884 0.007884 0.007884 0.976347 
0.250000 0.250000 0.250000 0.250000 
 123
0.479817 0.005453 0.046210 
0.462778 0.988858 0.462022 
0.057405 0.005689 0.491768 
0.976347 0.007884 0.007884 0.007884 
0.250000 0.250000 0.250000 0.250000 
 124
0.479817 0.005453 0.046210 
0.462778 0.988858 0.462022 
0.057405 0.005689 0.491768 
0.976347 0.007884 0.007884 0.007884 
0.250000 0.250000 0.250000 0.250000 
 125
0.479817 0.005453 0.046210 
0.462778 0.988858 0.462022 
0.057405 0.005689 0.491768 
0.007884 0.007884 0.976347 0.007884 
0.250000 0.250000 0.250000 0.250000 
 126
0.479817 0.005453 0.046210 
0.462778 0.988858 0.462022 
0.057405 0.005689 0.491768 
0.974879 0.007884 0.007884 0.009352 
0.250000 0.250000 0.250000 0.250000 
 127
0.479817 0.005453 0.046210 
0.462778 0.988858 0.462022 
0.057405 0.005689 0.491768 
0.009352 0.974879 0.007884 0.007884 
0.250000 0.250000 0.250000 0.250000 
 128
0.479817 0.005453 0.046210 
0.462778 0.988858 0.462022 
0.057405 0.005689 0.491768 
0.007884 0.007884 0.007884 0.976347 
0.250000 0.250000 0.250000 0.250000 
 129
0.479817 0.005453 0.046210 
0.462778 0.988858 0.462022 
0.057405 0.005689 0.491768 
0.976347 0.007884 0.007884 0.007884 
0.250000 0.250000 0.250000 0.250000 
 130
0.479817 0.005453 0.046210 
0.462778 0.988858 0.462022 
0.057405 0.005689 0.491768 
0.976347 0.007884 0.007884 0.007884 
0.250000 0.250000 0.250000 0.250000 
 131
0.479817 0.005453 0.046210 
0.462778 0.988858 0.462022 
0.057405 0.005689 0.491768 
0.007884 0.007884 0.976347 0.007884 
0.250000 0.250000 0.250000 0.250000 
 132
0.479817 0.005453 0.046210 
0.462778 0.988858 0.462022 
0.057405 0.005689 0.491768 
0.846063 0.007884 0.007884 0.138169 
0.250000 0.250000 0.250000 0.250000 
 133
0.479817 0.005453 0.046210 
0.462778 0.988858 0.462022 
0.057405 0.005689 0.491768 
0.007884 0.007884 0.976347 0.007884 
0.250000 0.250000 0.250000 0.250000 
 134
0.479817 0.005453 0.046210 
0.462778 0.988858 0.462022 
0.057405 0.005689 0.491768 
0.976347 0.007884 0.007884 0.007884 
0.250000 0.250000 0.250000 0.250000 
 135
0.479817 0.005453 0.046210 
0.462778 0.988858 0.462022 
0.057405 0.005689 0.491768 
0.007884 0.007884 0.972088 0.012143 
0.250000 0.250000 0.250000 0.250000 
 136
0.479817 0.005453 0.046210 
0.462778 0.988858 0.462022 
0.057405 0.005689 0.491768 
0.007884 0.008925 0.007884 0.975306 
0.250000 0.250000 0.250000 0.250000 
 137
0.479817 0.005453 0.046210 
0.462778 0.988858 0.462022 
0.057405 0.005689 0.491768 
0.007884 0.007884 0.976347 0.007884 
0.250000 0.250000 0.250000 0.250000 
 138
0.479817 0.005453 0.046210 
0.462778 0.988858 0.462022 
0.057405 0.005689 0.491768 
0.008862 0.007884 0.015461 0.967792 
0.250000 0.250000 0.250000 0.250000 
 139
0.479817 0.005453 0.046210 
0.462778 0.988858 0.462022 
0.057405 0.005689 0.491768 
0.009180 0.975035 0.007893 0.007893 
0.250000 0.250000 0.250000 0.250000 
 140
0.479817 0.005453 0.046210 
0.462778 0.988858 0.462022 
0.057405 0.005689 0.491768 
0.007884 0.007884 0.007884 0.976347 
0.250000 0.250000 0.250000 0.250000 
 141
0.479817 0.005453 0.046210 
0.462778 0.988858 0.462022 
0.057405 0.005689 0.491768 
0.007884 0.007884 0.014257 0.969974 
0.250000 0.250000 0.250000 0.250000 
 142
0.479817 0.005453 0.046210 
0.462778 0.988858 0.462022 
0.057405 0.005689 0.491768 
0.975135 0.009096 0.007884 0.007884 
0.250000 0.250000 0.250000 0.250000 
 143
0.479817 0.005453 0.046210 
0.462778 0.988858 0.462022 
0.057405 0.005689 0.491768 
0.976347 0.007884 0.007884 0.007884 
0.250000 0.250000 0.250000 0.250000 
 144
0.479817 0.005453 0.046210 
0.462778 0.988858 0.462022 
0.057405 0.005689 0.491768 
0.007884 0.007884 0.968755 0.015476 
0.250000 0.250000 0.250000 0.250000 
 145
0.479817 0.005453 0.046210 
0.462778 0.988858 0.462022 
0.057405 0.005689 0.491768 
0.007884 0.007884 0.976347 0.007884 
0.250000 0.250000 0.250000 0.250000 
 146
0.479817 0.005453 0.046210 
0.462778 0.988858 0.462022 
0.057405 0.005689 0.491768 
0.007884 0.007884 0.007884 0.976347 
0.250000 0.250000 0.250000 0.250000 
 147
0.479817 0.005453 0.046210 
0.462778 0.988858 0.462022 
0.057405 0.005689 0.491768 
0.007884 0.007884 0.007884 0.976347 
0.250000 0.250000 0.250000 0.250000 
 148
0.479817 0.005453 0.046210 
0.462778 0.988858 0.462022 
0.057405 0.005689 0.491768 
0.007890 0.007890 0.974964 0.009255 
0.250000 0.250000 0.250000 0.250000 
 149
0.479817 0.005453 0.046210 
0.462778 0.988858 0.462022 
0.057405 0.005689 0.491768 
0.007884 0.007884 0.007884 0.976347 
0.250000 0.250000 0.250000 0.250000 
 150
0.479817 0.005453 0.046210 
0.462778 0.988858 0.462022 
0.057405 0.005689 0.491768 
0.973593 0.007884 0.010638 0.007884 
0.250000 0.250000 0.250000 0.250000 
 151
0.479817 0.005453 0.046210 
0.462778 0.988858 0.462022 
0.057405 0.005689 0.491768 
0.007884 0.976347 0.007884 0.007884 
0.250000 0.250000 0.250000 0.250000 
 152
0.479817 0.005453 0.046210 
0.462778 0.988858 0.462022 
0.057405 0.005689 0.491768 
0.976347 0.007884 0.007884 0.007884 
0.250000 0.250000 0.250000 0.250000 
 153
0.479817 0.005453 0.046210 
0.462778 0.988858 0.462022 
0.057405 0.005689 0.491768 
0.973938 0.010293 0.007884 0.007884 
0.250000 0.250000 0.250000 0.250000 
 154
0.479817 0.005453 0.046210 
0.462778 0.988858 0.462022 
0.057405 0.005689 0.491768 
0.015634 0.968583 0.007891 0.007891 
0.250000 0.250000 0.250000 0.250000 
 155
0.479817 0.005453 0.046210 
0.462778 0.988858 0.462022 
0.057405 0.005689 0.491768 
0.974313 0.008882 0.007884 0.008920 
0.250000 0.250000 0.250000 0.250000 
 156
0.479817 0.005453 0.046210 
0.462778 0.988858 0.462022 
0.057405 0.005689 0.491768 
0.007884 0.007884 0.975129 0.009102 
0.250000 0.250000 0.250000 0.250000 
 157
0.479817 0.005453 0.046210 
0.462778 0.988858 0.462022 
0.057405 0.005689 0.491768 
0.975011 0.009220 0.007884 0.007884 
0.250000 0.250000 0.250000 0.250000 
 158
0.479817 0.005453 0.046210 
0.462778 0.988858 0.462022 
0.057405 0.005689 0.491768 
0.973677 0.010554 0.007884 0.007884 
0.250000 0.250000 0.250000 0.250000 
 159
0.479817 0.005453 0.046210 
0.462778 0.988858 0.462022 
0.057405 0.005689 0.491768 
0.021599 0.957771 0.007884 0.012745 
0.250000 0.250000 0.250000 0.250000 
 160
0.479817 0.005453 0.046210 
0.462778 0.988858 0.462022 
0.057405 0.005689 0.491768 
0.007884 0.007884 0.976347 0.007884 
0.250000 0.250000 0.250000 0.250000 
 161
0.479817 0.005453 0.046210 
0.462778 0.988858 0.462022 
0.057405 0.005689 0.491768 
0.976347 0.007884 0.007884 0.007884 
0.250000 0.250000 0.250000 0.250000 
 162
0.479817 0.005453 0.046210 
0.462778 0.988858 0.462022 
0.057405 0.005689 0.491768 
0.007884 0.007884 0.014023 0.970208 
0.250000 0.250000 0.250000 0.250000 
 163
0.479817 0.005453 0.046210 
0.462778 0.988858 0.462022 
0.057405 0.005689 0.491768 
0.942171 0.042025 0.007902 0.007902 
0.250000 0.250000 0.250000 0.250000 
 164
0.479817 0.005453 0.046210 
0.462778 0.988858 0.462022 
0.057405 0.005689 0.491768 
0.975271 0.008961 0.007884 0.007884 
0.250000 0.250000 0.250000 0.250000 
 165
0.479817 0.005453 0.046210 
0.462778 0.988858 0.462022 
0.057405 0.005689 0.491768 
0.007884 0.007884 0.881940 0.102291 
0.250000 0.250000 0.250000 0.250000 
 166
0.479817 0.005453 0.046210 
0.462778 0.988858 0.462022 
0.057405 0.005689 0.491768 
0.013371 0.970861 0.007884 0.007884 
0.250000 0.250000 0.250000 0.250000 
 167
0.479817 0.005453 0.046210 
0.462778 0.988858 0.462022 
0.057405 0.005689 0.491768 
0.008975 0.975256 0.007884 0.007884 
0.250000 0.250000 0.250000 0.250000 
 168
0.479817 0.005453 0.046210 
0.462778 0.988858 0.462022 
0.057405 0.005689 0.491768 
0.011282 0.970652 0.007884 0.010182 
0.250000 0.250000 0.250000 0.250000 
 169
0.479817 0.005453 0.046210 
0.462778 0.988858 0.462022 
0.057405 0.005689 0.491768 
0.976347 0.007884 0.007884 0.007884 
0.250000 0.250000 0.250000 0.250000 
 170
0.479817 0.005453 0.046210 
0.462778 0.988858 0.462022 
0.057405 0.005689 0.491768 
0.973346 0.010885 0.007884 0.007884 
0.250000 0.250000 0.250000 0.250000 
 171
0.479817 0.005453 0.046210 
0.462778 0.988858 0.462022 
0.057405 0.005689 0.491768 
0.975018 0.009213 0.007884 0.007884 
0.250000 0.250000 0.250000 0.250000 
 172
0.479817 0.005453 0.046210 
0.462778 0.988858 0.462022 
0.057405 0.005689 0.491768 
0.007901 0.007901 0.965851 0.018347 
0.250000 0.250000 0.250000 0.250000 
 173
0.479817 0.005453 0.046210 
0.462778 0.988858 0.462022 
0.057405 0.005689 0.491768 
0.007884 0.007884 0.007884 0.976347 
0.250000 0.250000 0.250000 0.250000 
 174
0.479817 0.005453 0.046210 
0.462778 0.988858 0.462022 
0.057405 0.005689 0.491768 
0.976347 0.007884 0.007884 0.007884 
0.250000 0.250000 0.250000 0.250000 
 175
0.479817 0.005453 0.046210 
0.462778 0.988858 0.462022 
0.057405 0.005689 0.491768 
0.007884 0.007884 0.007884 0.976347 
0.250000 0.250000 0.250000 0.250000 
 176
0.479817 0.005453 0.046210 
0.462778 0.988858 0.462022 
0.057405 0.005689 0.491768 
0.007884 0.976347 0.007884 0.007884 
0.250000 0.250000 0.250000 0.250000 
 177
0.479817 0.005453 0.046210 
0.462778 0.988858 0.462022 
0.057405 0.005689 0.491768 
0.007884 0.007884 0.976347 0.007884 
0.250000 0.250000 0.250000 0.250000 
 178
0.479817 0.005453 0.046210 
0.462778 0.988858 0.462022 
0.057405 0.005689 0.491768 
0.976347 0.007884 0.007884 0.007884 
0.250000 0.250000 0.250000 0.250000 
 179
0.479817 0.005453 0.046210 
0.462778 0.988858 0.462022 
0.057405 0.005689 0.491768 
0.973968 0.010263 0.007884 0.007884 
0.250000 0.250000 0.250000 0.250000 
 180
0.479817 0.005453 0.046210 
0.462778 0.988858 0.462022 
0.057405 0.005689 0.491768 
0.965029 0.019190 0.007891 0.007891 
0.250000 0.250000 0.250000 0.250000 
 181
0.479817 0.005453 0.046210 
0.462778 0.988858 0.462022 
0.057405 0.005689 0.491768 
0.007884 0.007884 0.971766 0.012466 
0.250000 0.250000 0.250000 0.250000 
 182
0.479817 0.005453 0.046210 
0.462778 0.988858 0.462022 
0.057405 0.005689 0.491768 
0.007884 0.007884 0.007884 0.976347 
0.250000 0.250000 0.250000 0.250000 
 183
0.479817 0.005453 0.046210 
0.462778 0.988858 0.462022 
0.057405 0.005689 0.491768 
0.972407 0.011824 0.007884 0.007884 
0.250000 0.250000 0.250000 0.250000 
 184
0.479817 0.005453 0.046210 
0.462778 0.988858 0.462022 
0.057405 0.005689 0.491768 
0.969787 0.014430 0.007891 0.007891 
0.250000 0.250000 0.250000 0.250000 
 185
0.479817 0.005453 0.046210 
0.462778 0.988858 0.462022 
0.057405 0.005689 0.491768 
0.030392 0.953826 0.007891 0.007891 
0.250000 0.250000 0.250000 0.250000 
 186
0.479817 0.005453 0.046210 
0.462778 0.988858 0.462022 
0.057405 0.005689 0.491768 
0.976316 0.007895 0.007895 0.007895 
0.250000 0.250000 0.250000 0.250000 
 187
0.479817 0.005453 0.046210 
0.462778 0.988858 0.462022 
0.057405 0.005689 0.491768 
0.007895 0.976316 0.007895 0.007895 
0.250000 0.250000 0.250000 0.250000 
 188
0.479817 0.005453 0.046210 
0.462778 0.988858 0.462022 
0.057405 0.005689 0.491768 
0.007884 0.976347 0.007884 0.007884 
0.250000 0.250000 0.250000 0.250000 
 189
0.479817 0.005453 0.046210 
0.462778 0.988858 0.462022 
0.057405 0.005689 0.491768 
0.015350 0.967470 0.007884 0.009296 
0.250000 0.250000 0.250000 0.250000 
 190
0.479817 0.005453 0.046210 
0.462778 0.988858 0.462022 
0.057405 0.005689 0.491768 
0.033148 0.951084 0.007884 0.007884 
0.250000 0.250000 0.250000 0.250000 
 191
0.479817 0.005453 0.046210 
0.462778 0.988858 0.462022 
0.057405 0.005689 0.491768 
0.007884 0.007884 0.014338 0.969893 
0.250000 0.250000 0.250000 0.250000 
 192
0.479817 0.005453 0.046210 
0.462778 0.988858 0.462022 
0.057405 0.005689 0.491768 
0.974066 0.007884 0.007884 0.010165 
0.250000 0.250000 0.250000 0.250000 
 193
0.479817 0.005453 0.046210 
0.462778 0.988858 0.462022 
0.057405 0.005689 0.491768 
0.025817 0.957068 0.009230 0.007884 
0.250000 0.250000 0.250000 0.250000 
 194
0.479817 0.005453 0.046210 
0.462778 0.988858 0.462022 
0.057405 0.005689 0.491768 
0.009066 0.007884 0.973463 0.009587 
0.250000 0.250000 0.250000 0.250000 
 195
0.479817 0.005453 0.046210 
0.462778 0.988858 0.462022 
0.057405 0.005689 0.491768 
0.007884 0.007884 0.975276 0.008955 
0.250000 0.250000 0.250000 0.250000 
 196
0.479817 0.005453 0.046210 
0.462778 0.988858 0.462022 
0.057405 0.005689 0.491768 
0.007884 0.007884 0.976347 0.007884 
0.250000 0.250000 0.250000 0.250000 
 197
0.479817 0.005453 0.046210 
0.462778 0.988858 0.462022 
0.057405 0.005689 0.491768 
0.007884 0.007884 0.975306 0.008926 
0.250000 0.250000 0.250000 0.250000 
 198
0.479817 0.005453 0.046210 
0.462778 0.988858 0.462022 
0.057405 0.005689 0.491768 
0.973396 0.009417 0.007884 0.009303 
0.250000 0.250000 0.250000 0.250000 
 199
0.479817 0.005453 0.046210 
0.462778 0.988858 0.462022 
0.057405 0.005689 0.491768 
0.007890 0.007890 0.012192 0.972027 
0.250000 0.250000 0.250000 0.250000 
 200
0.479817 0.005453 0.046210 
0.462778 0.988858 0.462022 
0.057405 0.005689 0.491768 
0.007884 0.007884 0.007884 0.976347 
0.250000 0.250000 0.250000 0.250000 
 201
0.479817 0.005453 0.046210 
0.462778 0.988858 0.462022 
0.057405 0.005689 0.491768 
0.012659 0.971572 0.007884 0.007884 
0.250000 0.250000 0.250000 0.250000 
 202
0.479817 0.005453 0.046210 
0.462778 0.988858 0.462022 
0.057405 0.005689 0.491768 
0.007884 0.007884 0.976347 0.007884 
0.250000 0.250000 0.250000 0.250000 
 203
0.479817 0.005453 0.046210 
0.462778 0.988858 0.462022 
0.057405 0.005689 0.491768 
0.976347 0.007884 0.007884 0.007884 
0.250000 0.250000 0.250000 0.250000 
 204
0.479817 0.005453 0.046210 
0.462778 0.988858 0.462022 
0.057405 0.005689 0.491768 
0.007884 0.007884 0.007884 0.976347 
0.250000 0.250000 0.250000 0.250000 
 205
0.479817 0.005453 0.046210 
0.462778 0.988858 0.462022 
0.057405 0.005689 0.491768 
0.007884 0.007884 0.010526 0.973705 
0.250000 0.250000 0.250000 0.250000 
 206
0.479817 0.005453 0.046210 
0.462778 0.988858 0.462022 
0.057405 0.005689 0.491768 
0.007884 0.007884 0.007884 0.976347 
0.250000 0.250000 0.250000 0.250000 
 207
0.479817 0.005453 0.046210 
0.462778 0.988858 0.462022 
0.057405 0.005689 0.491768 
0.040293 0.943938 0.007884 0.007884 
0.250000 0.250000 0.250000 0.250000 
 208
0.479817 0.005453 0.046210 
0.462778 0.988858 0.462022 
0.057405 0.005689 0.491768 
0.007884 0.976347 0.007884 0.007884 
0.250000 0.250000 0.250000 0.250000 
 209
0.479817 0.005453 0.046210 
0.462778 0.988858 0.462022 
0.057405 0.005689 0.491768 
0.009091 0.975140 0.007884 0.007884 
0.250000 0.250000 0.250000 0.250000 
 210
0.479817 0.005453 0.046210 
0.462778 0.988858 0.462022 
0.057405 0.005689 0.491768 
0.007884 0.007884 0.009597 0.974634 
0.250000 0.250000 0.250000 0.250000 
 211
0.479817 0.005453 0.046210 
0.462778 0.988858 0.462022 
0.057405 0.005689 0.491768 
0.975306 0.008926 0.007884 0.007884 
0.250000 0.250000 0.250000 0.250000 
 212
0.479817 0.005453 0.046210 
0.462778 0.988858 0.462022 
0.057405 0.005689 0.491768 
0.976321 0.007893 0.007893 0.007893 
0.250000 0.250000 0.250000 0.250000 
 213
0.479817 0.005453 0.046210 
0.462778 0.988858 0.462022 
0.057405 0.005689 0.491768 
0.976347 0.007884 0.007884 0.007884 
0.250000 0.250000 0.250000 0.250000 
 214
0.479817 0.005453 0.046210 
0.462778 0.988858 0.462022 
0.057405 0.005689 0.491768 
0.007884 0.007884 0.007884 0.976347 
0.250000 0.250000 0.250000 0.250000 
 215
0.479817 0.005453 0.046210 
0.462778 0.988858 0.462022 
0.057405 0.005689 0.491768 
0.007884 0.976347 0.007884 0.007884 
0.250000 0.250000 0.250000 0.250000 
 216
0.479817 0.005453 0.046210 
0.462778 0.988858 0.462022 
0.057405 0.005689 0.491768 
0.007884 0.007884 0.010968 0.973263 
0.250000 0.250000 0.250000 0.250000 
 217
0.479817 0.005453 0.046210 
0.462778 0.988858 0.462022 
0.057405 0.005689 0.491768 
0.974236 0.009995 0.007884 0.007884 
0.250000 0.250000 0.250000 0.250000 
 218
0.479817 0.005453 0.046210 
0.462778 0.988858 0.462022 
0.057405 0.005689 0.491768 
0.944583 0.038655 0.008879 0.007884 
0.250000 0.250000 0.250000 0.250000 
 219
0.479817 0.005453 0.046210 
0.462778 0.988858 0.462022 
0.057405 0.005689 0.491768 
0.007884 0.007884 0.975035 0.009197 
0.250000 0.250000 0.250000 0.250000 
 220
0.479817 0.005453 0.046210 
0.462778 0.988858 0.462022 
0.057405 0.005689 0.491768 
0.976347 0.007884 0.007884 0.007884 
0.250000 0.250000 0.250000 0.250000 
 221
0.479817 0.005453 0.046210 
0.462778 0.988858 0.462022 
0.057405 0.005689 0.491768 
0.007884 0.007884 0.007884 0.976347 
0.250000 0.250000 0.250000 0.250000 
 222
0.479817 0.005453 0.046210 
0.462778 0.988858 0.462022 
0.057405 0.005689 0.491768 
0.011725 0.007884 0.007884 0.972506 
0.250000 0.250000 0.250000 0.250000 
 223
0.479817 0.005453 0.046210 
0.462778 0.988858 0.462022 
0.057405 0.005689 0.491768 
0.007884 0.976347 0.007884 0.007884 
0.250000 0.250000 0.250000 0.250000 
 224
0.479817 0.005453 0.046210 
0.462778 0.988858 0.462022 
0.057405 0.005689 0.491768 
0.007884 0.007884 0.976347 0.007884 
0.250000 0.250000 0.250000 0.250000 
 225
0.479817 0.005453 0.046210 
0.462778 0.988858 0.462022 
0.057405 0.005689 0.491768 
0.007884 0.167887 0.009129 0.815100 
0.250000 0.250000 0.250000 0.250000 
 226
0.479817 0.005453 0.046210 
0.462778 0.988858 0.462022 
0.057405 0.005689 0.491768 
0.007884 0.976347 0.007884 0.007884 
0.250000 0.250000 0.250000 0.250000 
 227
0.479817 0.005453 0.046210 
0.462778 0.988858 0.462022 
0.057405 0.005689 0.491768 
0.007884 0.976347 0.007884 0.007884 
0.250000 0.250000 0.250000 0.250000 
 228
0.479817 0.005453 0.046210 
0.462778 0.988858 0.462022 
0.057405 0.005689 0.491768 
0.010415 0.008955 0.971245 0.009385 
0.250000 0.250000 0.250000 0.250000 
 229
0.479817 0.005453 0.046210 
0.462778 0.988858 0.462022 
0.057405 0.005689 0.491768 
0.007884 0.007884 0.007884 0.976347 
0.250000 0.250000 0.250000 0.250000 
 230
0.479817 0.005453 0.046210 
0.462778 0.988858 0.462022 
0.057405 0.005689 0.491768 
0.007884 0.976347 0.007884 0.007884 
0.250000 0.250000 0.250000 0.250000 
 231
0.479817 0.005453 0.046210 
0.462778 0.988858 0.462022 
0.057405 0.005689 0.491768 
0.007884 0.976347 0.007884 0.007884 
0.250000 0.250000 0.250000 0.250000 
 232
0.479817 0.005453 0.046210 
0.462778 0.988858 0.462022 
0.057405 0.005689 0.491768 
0.976347 0.007884 0.007884 0.007884 
