%  SAM: /scicomp/home/vfn4/nomen/label/LABEL_RES/scripts/modelfromalign_Linux v3.5 (July 15, 2005) compiled 12/08/06_16:15:55
%  (c) 1992-2001 Regents of the University of California, Santa Cruz
%
%          Sequence Alignment and Modeling Software System
%         http://www.cse.ucsc.edu/research/compbio/sam.html
%
% ----------------- Citations (SAM, SAM-T2K, HMMs) --------------------
% R. Hughey, A. Krogh, Hidden Markov models for sequence analysis:
%  Extension and analysis of the basic method, CABIOS 12:95-107, 1996.
% K. Karplus, et al., What is the value added by human intervention in protein
%  structure prediction, Proteins: Stucture, Function, Genetics 45(S5):86--91, 2001.
% A. Krogh et al., Hidden Markov models in computational biology:
%  Applications to protein modeling, JMB 235:1501-1531, Feb 1994.
% ---------------------------------------------------------------------
%  Old_hmm   Host: node70.hpc.biotech.cdc.gov    Tue Feb  6 10:52:19 2018
%  vfn4      Dir:  /scicomp/groups/OID/NCIRD/ID-OD/ID_nomenclatures/H1/H1pdm09v2018R3/base/c-otherwise/c-1-to-6-8-Old/c-non-6C/c-non-5/c-1-2-3-4-8-Old/c-1-3-4-8-Old/c-1-3-4-Old/c-3-4-Old/c-4-Old
% ---------------------------------------------------------------------
%  Alignment weights from internal calc.  Total (19.70) Max (0.08) Min (0.04)
%  Weights from alignment method 1 (karplus), b=-1.000000, e=0.500000
MODEL --  Model from alignment file /scicomp/home/vfn4/nomen/label/LABEL_RES/training_data/H1pdm09v2018R3/c-otherwise/c-1-to-6-8-Old/c-non-6C/c-non-5/c-1-2-3-4-8-Old/c-1-3-4-8-Old/c-1-3-4-Old/c-3-4-Old/c-4-Old/Old.fasta
alphabet DNA
FREQAVE
0.000000 0.000000 0.000000 
0.000000 0.000000 0.000000 
0.000000 0.000000 0.000000 
0.352960 0.222414 0.185220 0.239406 
0.352960 0.222414 0.185220 0.239406 
Begin
0.000000 0.000000 0.000000 
0.000000 0.000000 0.000000 
0.000000 0.007442 0.491768 
0.250000 0.250000 0.250000 0.250000 
0.250000 0.250000 0.250000 0.250000 
   1
0.000000 0.009676 0.046210 
0.000000 0.982882 0.462022 
0.056109 0.007461 0.491768 
0.963604 0.012132 0.012132 0.012132 
0.250000 0.250000 0.250000 0.250000 
   2
0.491566 0.007151 0.046210 
0.452326 0.985388 0.462022 
0.056109 0.007461 0.491768 
0.012132 0.012132 0.012132 0.963604 
0.250000 0.250000 0.250000 0.250000 
   3
0.480451 0.007151 0.046210 
0.463440 0.985388 0.462022 
0.056739 0.007451 0.491768 
0.012106 0.963683 0.012106 0.012106 
0.250000 0.250000 0.250000 0.250000 
   4
0.485851 0.007143 0.046210 
0.457410 0.985406 0.462022 
0.056739 0.007451 0.491768 
0.963683 0.012106 0.012106 0.012106 
0.250000 0.250000 0.250000 0.250000 
   5
0.474252 0.007143 0.046210 
0.469009 0.985406 0.462022 
0.057405 0.007442 0.491768 
0.963764 0.012079 0.012079 0.012079 
0.250000 0.250000 0.250000 0.250000 
   6
0.479817 0.007133 0.046210 
0.462778 0.985425 0.462022 
0.057405 0.007442 0.491768 
0.012079 0.963764 0.012079 0.012079 
0.250000 0.250000 0.250000 0.250000 
   7
0.479817 0.007133 0.046210 
0.462778 0.985425 0.462022 
0.057405 0.007442 0.491768 
0.012079 0.963764 0.012079 0.012079 
0.250000 0.250000 0.250000 0.250000 
   8
0.479817 0.007133 0.046210 
0.462778 0.985425 0.462022 
0.057405 0.007442 0.491768 
0.012079 0.012079 0.960669 0.015174 
0.250000 0.250000 0.250000 0.250000 
   9
0.479817 0.007133 0.046210 
0.462778 0.985425 0.462022 
0.057405 0.007442 0.491768 
0.963764 0.012079 0.012079 0.012079 
0.250000 0.250000 0.250000 0.250000 
  10
0.479817 0.007133 0.046210 
0.462778 0.985425 0.462022 
0.057405 0.007442 0.491768 
0.963764 0.012079 0.012079 0.012079 
0.250000 0.250000 0.250000 0.250000 
  11
0.479817 0.007133 0.046210 
0.462778 0.985425 0.462022 
0.057405 0.007442 0.491768 
0.012079 0.012079 0.014821 0.961022 
0.250000 0.250000 0.250000 0.250000 
  12
0.479817 0.007133 0.046210 
0.462778 0.985425 0.462022 
0.057405 0.007442 0.491768 
0.957951 0.014738 0.012079 0.015232 
0.250000 0.250000 0.250000 0.250000 
  13
0.479817 0.007133 0.046210 
0.462778 0.985425 0.462022 
0.057405 0.007442 0.491768 
0.012079 0.012079 0.963764 0.012079 
0.250000 0.250000 0.250000 0.250000 
  14
0.479817 0.007133 0.046210 
0.462778 0.985425 0.462022 
0.057405 0.007442 0.491768 
0.012079 0.012079 0.012079 0.963764 
0.250000 0.250000 0.250000 0.250000 
  15
0.479817 0.007133 0.046210 
0.462778 0.985425 0.462022 
0.057405 0.007442 0.491768 
0.953767 0.022076 0.012079 0.012079 
0.250000 0.250000 0.250000 0.250000 
  16
0.479817 0.007133 0.046210 
0.462778 0.985425 0.462022 
0.057405 0.007442 0.491768 
0.019743 0.956099 0.012079 0.012079 
0.250000 0.250000 0.250000 0.250000 
  17
0.479817 0.007133 0.046210 
0.462778 0.985425 0.462022 
0.057405 0.007442 0.491768 
0.012079 0.012079 0.017921 0.957922 
0.250000 0.250000 0.250000 0.250000 
  18
0.479817 0.007133 0.046210 
0.462778 0.985425 0.462022 
0.057405 0.007442 0.491768 
0.963764 0.012079 0.012079 0.012079 
0.250000 0.250000 0.250000 0.250000 
  19
0.479817 0.007133 0.046210 
0.462778 0.985425 0.462022 
0.057405 0.007442 0.491768 
0.012079 0.963764 0.012079 0.012079 
0.250000 0.250000 0.250000 0.250000 
  20
0.479817 0.007133 0.046210 
0.462778 0.985425 0.462022 
0.057405 0.007442 0.491768 
0.012079 0.012079 0.012079 0.963764 
0.250000 0.250000 0.250000 0.250000 
  21
0.479817 0.007133 0.046210 
0.462778 0.985425 0.462022 
0.057405 0.007442 0.491768 
0.012079 0.012079 0.012079 0.963764 
0.250000 0.250000 0.250000 0.250000 
  22
0.479817 0.007133 0.046210 
0.462778 0.985425 0.462022 
0.057405 0.007442 0.491768 
0.012079 0.012079 0.960412 0.015431 
0.250000 0.250000 0.250000 0.250000 
  23
0.479817 0.007133 0.046210 
0.462778 0.985425 0.462022 
0.057405 0.007442 0.491768 
0.012079 0.012079 0.012079 0.963764 
0.250000 0.250000 0.250000 0.250000 
  24
0.479817 0.007133 0.046210 
0.462778 0.985425 0.462022 
0.057405 0.007442 0.491768 
0.019891 0.955951 0.012079 0.012079 
0.250000 0.250000 0.250000 0.250000 
  25
0.479817 0.007133 0.046210 
0.462778 0.985425 0.462022 
0.057405 0.007442 0.491768 
0.012079 0.012079 0.958906 0.016936 
0.250000 0.250000 0.250000 0.250000 
  26
0.479817 0.007133 0.046210 
0.462778 0.985425 0.462022 
0.057405 0.007442 0.491768 
0.012079 0.012079 0.012079 0.963764 
0.250000 0.250000 0.250000 0.250000 
  27
0.479817 0.007133 0.046210 
0.462778 0.985425 0.462022 
0.057405 0.007442 0.491768 
0.958995 0.016848 0.012079 0.012079 
0.250000 0.250000 0.250000 0.250000 
  28
0.479817 0.007133 0.046210 
0.462778 0.985425 0.462022 
0.057405 0.007442 0.491768 
0.012079 0.012079 0.012079 0.963764 
0.250000 0.250000 0.250000 0.250000 
  29
0.479817 0.007133 0.046210 
0.462778 0.985425 0.462022 
0.057405 0.007442 0.491768 
0.963764 0.012079 0.012079 0.012079 
0.250000 0.250000 0.250000 0.250000 
  30
0.479817 0.007133 0.046210 
0.462778 0.985425 0.462022 
0.057405 0.007442 0.491768 
0.012079 0.012079 0.141937 0.833905 
0.250000 0.250000 0.250000 0.250000 
  31
0.479817 0.007133 0.046210 
0.462778 0.985425 0.462022 
0.057405 0.007442 0.491768 
0.961267 0.014575 0.012079 0.012079 
0.250000 0.250000 0.250000 0.250000 
  32
0.479817 0.007133 0.046210 
0.462778 0.985425 0.462022 
0.057405 0.007442 0.491768 
0.012079 0.012079 0.952246 0.023597 
0.250000 0.250000 0.250000 0.250000 
  33
0.479817 0.007133 0.046210 
0.462778 0.985425 0.462022 
0.057405 0.007442 0.491768 
0.961323 0.014520 0.012079 0.012079 
0.250000 0.250000 0.250000 0.250000 
  34
0.479817 0.007133 0.046210 
0.462778 0.985425 0.462022 
0.057405 0.007442 0.491768 
0.012079 0.012079 0.012079 0.963764 
0.250000 0.250000 0.250000 0.250000 
  35
0.479817 0.007133 0.046210 
0.462778 0.985425 0.462022 
0.057405 0.007442 0.491768 
0.012079 0.012079 0.012079 0.963764 
0.250000 0.250000 0.250000 0.250000 
  36
0.479817 0.007133 0.046210 
0.462778 0.985425 0.462022 
0.057405 0.007442 0.491768 
0.012079 0.012079 0.012079 0.963764 
0.250000 0.250000 0.250000 0.250000 
  37
0.479817 0.007133 0.046210 
0.462778 0.985425 0.462022 
0.057405 0.007442 0.491768 
0.012079 0.963764 0.012079 0.012079 
0.250000 0.250000 0.250000 0.250000 
  38
0.479817 0.007133 0.046210 
0.462778 0.985425 0.462022 
0.057405 0.007442 0.491768 
0.012079 0.012079 0.954004 0.021839 
0.250000 0.250000 0.250000 0.250000 
  39
0.479817 0.007133 0.046210 
0.462778 0.985425 0.462022 
0.057405 0.007442 0.491768 
0.963764 0.012079 0.012079 0.012079 
0.250000 0.250000 0.250000 0.250000 
  40
0.479817 0.007133 0.046210 
0.462778 0.985425 0.462022 
0.057405 0.007442 0.491768 
0.944085 0.031757 0.012079 0.012079 
0.250000 0.250000 0.250000 0.250000 
  41
0.479817 0.007133 0.046210 
0.462778 0.985425 0.462022 
0.057405 0.007442 0.491768 
0.012079 0.012079 0.963764 0.012079 
0.250000 0.250000 0.250000 0.250000 
  42
0.479817 0.007133 0.046210 
0.462778 0.985425 0.462022 
0.057405 0.007442 0.491768 
0.012079 0.012079 0.960513 0.015330 
0.250000 0.250000 0.250000 0.250000 
  43
0.479817 0.007133 0.046210 
0.462778 0.985425 0.462022 
0.057405 0.007442 0.491768 
0.019117 0.951880 0.012079 0.016924 
0.250000 0.250000 0.250000 0.250000 
  44
0.479817 0.007133 0.046210 
0.462778 0.985425 0.462022 
0.057405 0.007442 0.491768 
0.012079 0.012079 0.951548 0.024295 
0.250000 0.250000 0.250000 0.250000 
  45
0.479817 0.007133 0.046210 
0.462778 0.985425 0.462022 
0.057405 0.007442 0.491768 
0.963764 0.012079 0.012079 0.012079 
0.250000 0.250000 0.250000 0.250000 
  46
0.479817 0.007133 0.046210 
0.462778 0.985425 0.462022 
0.057405 0.007442 0.491768 
0.963764 0.012079 0.012079 0.012079 
0.250000 0.250000 0.250000 0.250000 
  47
0.479817 0.007133 0.046210 
0.462778 0.985425 0.462022 
0.057405 0.007442 0.491768 
0.963764 0.012079 0.012079 0.012079 
0.250000 0.250000 0.250000 0.250000 
  48
0.479817 0.007133 0.046210 
0.462778 0.985425 0.462022 
0.057405 0.007442 0.491768 
0.012079 0.012079 0.012079 0.963764 
0.250000 0.250000 0.250000 0.250000 
  49
0.479817 0.007133 0.046210 
0.462778 0.985425 0.462022 
0.057405 0.007442 0.491768 
0.012079 0.961221 0.012079 0.014622 
0.250000 0.250000 0.250000 0.250000 
  50
0.479817 0.007133 0.046210 
0.462778 0.985425 0.462022 
0.057405 0.007442 0.491768 
0.012079 0.012079 0.963764 0.012079 
0.250000 0.250000 0.250000 0.250000 
  51
0.479817 0.007133 0.046210 
0.462778 0.985425 0.462022 
0.057405 0.007442 0.491768 
0.946952 0.028891 0.012079 0.012079 
0.250000 0.250000 0.250000 0.250000 
  52
0.479817 0.007133 0.046210 
0.462778 0.985425 0.462022 
0.057405 0.007442 0.491768 
0.012079 0.963764 0.012079 0.012079 
0.250000 0.250000 0.250000 0.250000 
  53
0.479817 0.007133 0.046210 
0.462778 0.985425 0.462022 
0.057405 0.007442 0.491768 
0.963764 0.012079 0.012079 0.012079 
0.250000 0.250000 0.250000 0.250000 
  54
0.479817 0.007133 0.046210 
0.462778 0.985425 0.462022 
0.057405 0.007442 0.491768 
0.012079 0.012079 0.961335 0.014508 
0.250000 0.250000 0.250000 0.250000 
  55
0.479817 0.007133 0.046210 
0.462778 0.985425 0.462022 
0.057405 0.007442 0.491768 
0.963764 0.012079 0.012079 0.012079 
0.250000 0.250000 0.250000 0.250000 
  56
0.479817 0.007133 0.046210 
0.462778 0.985425 0.462022 
0.057405 0.007442 0.491768 
0.012079 0.012079 0.963764 0.012079 
0.250000 0.250000 0.250000 0.250000 
  57
0.479817 0.007133 0.046210 
0.462778 0.985425 0.462022 
0.057405 0.007442 0.491768 
0.963764 0.012079 0.012079 0.012079 
0.250000 0.250000 0.250000 0.250000 
  58
0.479817 0.007133 0.046210 
0.462778 0.985425 0.462022 
0.057405 0.007442 0.491768 
0.012079 0.012079 0.015431 0.960412 
0.250000 0.250000 0.250000 0.250000 
  59
0.479817 0.007133 0.046210 
0.462778 0.985425 0.462022 
0.057405 0.007442 0.491768 
0.012079 0.012079 0.012079 0.963764 
0.250000 0.250000 0.250000 0.250000 
  60
0.479817 0.007133 0.046210 
0.462778 0.985425 0.462022 
0.057405 0.007442 0.491768 
0.963764 0.012079 0.012079 0.012079 
0.250000 0.250000 0.250000 0.250000 
  61
0.479817 0.007133 0.046210 
0.462778 0.985425 0.462022 
0.057405 0.007442 0.491768 
0.012079 0.012079 0.012079 0.963764 
0.250000 0.250000 0.250000 0.250000 
  62
0.479817 0.007133 0.046210 
0.462778 0.985425 0.462022 
0.057405 0.007442 0.491768 
0.012079 0.963764 0.012079 0.012079 
0.250000 0.250000 0.250000 0.250000 
  63
0.479817 0.007133 0.046210 
0.462778 0.985425 0.462022 
0.057405 0.007442 0.491768 
0.012079 0.014669 0.015228 0.958024 
0.250000 0.250000 0.250000 0.250000 
  64
0.479817 0.007133 0.046210 
0.462778 0.985425 0.462022 
0.057405 0.007442 0.491768 
0.963764 0.012079 0.012079 0.012079 
0.250000 0.250000 0.250000 0.250000 
  65
0.479817 0.007133 0.046210 
0.462778 0.985425 0.462022 
0.057405 0.007442 0.491768 
0.012079 0.012079 0.012079 0.963764 
0.250000 0.250000 0.250000 0.250000 
  66
0.479817 0.007133 0.046210 
0.462778 0.985425 0.462022 
0.057405 0.007442 0.491768 
0.963764 0.012079 0.012079 0.012079 
0.250000 0.250000 0.250000 0.250000 
  67
0.479817 0.007133 0.046210 
0.462778 0.985425 0.462022 
0.057405 0.007442 0.491768 
0.012079 0.963764 0.012079 0.012079 
0.250000 0.250000 0.250000 0.250000 
  68
0.479817 0.007133 0.046210 
0.462778 0.985425 0.462022 
0.057405 0.007442 0.491768 
0.012079 0.963764 0.012079 0.012079 
0.250000 0.250000 0.250000 0.250000 
  69
0.479817 0.007133 0.046210 
0.462778 0.985425 0.462022 
0.057405 0.007442 0.491768 
0.012079 0.012079 0.012079 0.963764 
0.250000 0.250000 0.250000 0.250000 
  70
0.479817 0.007133 0.046210 
0.462778 0.985425 0.462022 
0.057405 0.007442 0.491768 
0.012079 0.012079 0.014623 0.961220 
0.250000 0.250000 0.250000 0.250000 
  71
0.479817 0.007133 0.046210 
0.462778 0.985425 0.462022 
0.057405 0.007442 0.491768 
0.963764 0.012079 0.012079 0.012079 
0.250000 0.250000 0.250000 0.250000 
  72
0.479817 0.007133 0.046210 
0.462778 0.985425 0.462022 
0.057405 0.007442 0.491768 
0.012079 0.012079 0.017856 0.957987 
0.250000 0.250000 0.250000 0.250000 
  73
0.479817 0.007133 0.046210 
0.462778 0.985425 0.462022 
0.057405 0.007442 0.491768 
0.012079 0.012079 0.963764 0.012079 
0.250000 0.250000 0.250000 0.250000 
  74
0.479817 0.007133 0.046210 
0.462778 0.985425 0.462022 
0.057405 0.007442 0.491768 
0.963764 0.012079 0.012079 0.012079 
0.250000 0.250000 0.250000 0.250000 
  75
0.479817 0.007133 0.046210 
0.462778 0.985425 0.462022 
0.057405 0.007442 0.491768 
0.012079 0.012079 0.014748 0.961094 
0.250000 0.250000 0.250000 0.250000 
  76
0.479817 0.007133 0.046210 
0.462778 0.985425 0.462022 
0.057405 0.007442 0.491768 
0.016792 0.959051 0.012079 0.012079 
0.250000 0.250000 0.250000 0.250000 
  77
0.479817 0.007133 0.046210 
0.462778 0.985425 0.462022 
0.057405 0.007442 0.491768 
0.012079 0.012079 0.963764 0.012079 
0.250000 0.250000 0.250000 0.250000 
  78
0.479817 0.007133 0.046210 
0.462778 0.985425 0.462022 
0.057405 0.007442 0.491768 
0.032602 0.943241 0.012079 0.012079 
0.250000 0.250000 0.250000 0.250000 
  79
0.479817 0.007133 0.046210 
0.462778 0.985425 0.462022 
0.057405 0.007442 0.491768 
0.963764 0.012079 0.012079 0.012079 
0.250000 0.250000 0.250000 0.250000 
  80
0.479817 0.007133 0.046210 
0.462778 0.985425 0.462022 
0.057405 0.007442 0.491768 
0.963764 0.012079 0.012079 0.012079 
0.250000 0.250000 0.250000 0.250000 
  81
0.479817 0.007133 0.046210 
0.462778 0.985425 0.462022 
0.057405 0.007442 0.491768 
0.012079 0.012079 0.961295 0.014548 
0.250000 0.250000 0.250000 0.250000 
  82
0.479817 0.007133 0.046210 
0.462778 0.985425 0.462022 
0.057405 0.007442 0.491768 
0.963764 0.012079 0.012079 0.012079 
0.250000 0.250000 0.250000 0.250000 
  83
0.479817 0.007133 0.046210 
0.462778 0.985425 0.462022 
0.057405 0.007442 0.491768 
0.963764 0.012079 0.012079 0.012079 
0.250000 0.250000 0.250000 0.250000 
  84
0.479817 0.007133 0.046210 
0.462778 0.985425 0.462022 
0.057405 0.007442 0.491768 
0.012079 0.012079 0.012079 0.963764 
0.250000 0.250000 0.250000 0.250000 
  85
0.479817 0.007133 0.046210 
0.462778 0.985425 0.462022 
0.057405 0.007442 0.491768 
0.012079 0.012079 0.012079 0.963764 
0.250000 0.250000 0.250000 0.250000 
  86
0.479817 0.007133 0.046210 
0.462778 0.985425 0.462022 
0.057405 0.007442 0.491768 
0.012079 0.012079 0.963764 0.012079 
0.250000 0.250000 0.250000 0.250000 
  87
0.479817 0.007133 0.046210 
0.462778 0.985425 0.462022 
0.057405 0.007442 0.491768 
0.961174 0.014669 0.012079 0.012079 
0.250000 0.250000 0.250000 0.250000 
  88
0.479817 0.007133 0.046210 
0.462778 0.985425 0.462022 
0.057405 0.007442 0.491768 
0.961252 0.012079 0.014591 0.012079 
0.250000 0.250000 0.250000 0.250000 
  89
0.479817 0.007133 0.046210 
0.462778 0.985425 0.462022 
0.057405 0.007442 0.491768 
0.012079 0.012079 0.963764 0.012079 
0.250000 0.250000 0.250000 0.250000 
  90
0.479817 0.007133 0.046210 
0.462778 0.985425 0.462022 
0.057405 0.007442 0.491768 
0.963764 0.012079 0.012079 0.012079 
0.250000 0.250000 0.250000 0.250000 
  91
0.479817 0.007133 0.046210 
0.462778 0.985425 0.462022 
0.057405 0.007442 0.491768 
0.014889 0.960953 0.012079 0.012079 
0.250000 0.250000 0.250000 0.250000 
  92
0.479817 0.007133 0.046210 
0.462778 0.985425 0.462022 
0.057405 0.007442 0.491768 
0.963764 0.012079 0.012079 0.012079 
0.250000 0.250000 0.250000 0.250000 
  93
0.479817 0.007133 0.046210 
0.462778 0.985425 0.462022 
0.057405 0.007442 0.491768 
0.017130 0.012079 0.958713 0.012079 
0.250000 0.250000 0.250000 0.250000 
  94
0.479817 0.007133 0.046210 
0.462778 0.985425 0.462022 
0.057405 0.007442 0.491768 
0.963764 0.012079 0.012079 0.012079 
0.250000 0.250000 0.250000 0.250000 
  95
0.479817 0.007133 0.046210 
0.462778 0.985425 0.462022 
0.057405 0.007442 0.491768 
0.012079 0.012079 0.963764 0.012079 
0.250000 0.250000 0.250000 0.250000 
  96
0.479817 0.007133 0.046210 
0.462778 0.985425 0.462022 
0.057405 0.007442 0.491768 
0.012079 0.012079 0.019272 0.956571 
0.250000 0.250000 0.250000 0.250000 
  97
0.479817 0.007133 0.046210 
0.462778 0.985425 0.462022 
0.057405 0.007442 0.491768 
0.012079 0.963764 0.012079 0.012079 
0.250000 0.250000 0.250000 0.250000 
  98
0.479817 0.007133 0.046210 
0.462778 0.985425 0.462022 
0.057405 0.007442 0.491768 
0.012079 0.012079 0.012079 0.963764 
0.250000 0.250000 0.250000 0.250000 
  99
0.479817 0.007133 0.046210 
0.462778 0.985425 0.462022 
0.057405 0.007442 0.491768 
0.963764 0.012079 0.012079 0.012079 
0.250000 0.250000 0.250000 0.250000 
 100
0.479817 0.007133 0.046210 
0.462778 0.985425 0.462022 
0.057405 0.007442 0.491768 
0.012079 0.963764 0.012079 0.012079 
0.250000 0.250000 0.250000 0.250000 
 101
0.479817 0.007133 0.046210 
0.462778 0.985425 0.462022 
0.057405 0.007442 0.491768 
0.963764 0.012079 0.012079 0.012079 
0.250000 0.250000 0.250000 0.250000 
 102
0.479817 0.007133 0.046210 
0.462778 0.985425 0.462022 
0.057405 0.007442 0.491768 
0.012079 0.012079 0.963764 0.012079 
0.250000 0.250000 0.250000 0.250000 
 103
0.479817 0.007133 0.046210 
0.462778 0.985425 0.462022 
0.057405 0.007442 0.491768 
0.963764 0.012079 0.012079 0.012079 
0.250000 0.250000 0.250000 0.250000 
 104
0.479817 0.007133 0.046210 
0.462778 0.985425 0.462022 
0.057405 0.007442 0.491768 
0.012079 0.012079 0.963764 0.012079 
0.250000 0.250000 0.250000 0.250000 
 105
0.479817 0.007133 0.046210 
0.462778 0.985425 0.462022 
0.057405 0.007442 0.491768 
0.963764 0.012079 0.012079 0.012079 
0.250000 0.250000 0.250000 0.250000 
 106
0.479817 0.007133 0.046210 
0.462778 0.985425 0.462022 
0.057405 0.007442 0.491768 
0.012079 0.963764 0.012079 0.012079 
0.250000 0.250000 0.250000 0.250000 
 107
0.479817 0.007133 0.046210 
0.462778 0.985425 0.462022 
0.057405 0.007442 0.491768 
0.012079 0.012079 0.012079 0.963764 
0.250000 0.250000 0.250000 0.250000 
 108
0.479817 0.007133 0.046210 
0.462778 0.985425 0.462022 
0.057405 0.007442 0.491768 
0.963764 0.012079 0.012079 0.012079 
0.250000 0.250000 0.250000 0.250000 
 109
0.479817 0.007133 0.046210 
0.462778 0.985425 0.462022 
0.057405 0.007442 0.491768 
0.012079 0.012079 0.960880 0.014963 
0.250000 0.250000 0.250000 0.250000 
 110
0.479817 0.007133 0.046210 
0.462778 0.985425 0.462022 
0.057405 0.007442 0.491768 
0.012079 0.012079 0.012079 0.963764 
0.250000 0.250000 0.250000 0.250000 
 111
0.479817 0.007133 0.046210 
0.462778 0.985425 0.462022 
0.057405 0.007442 0.491768 
0.963764 0.012079 0.012079 0.012079 
0.250000 0.250000 0.250000 0.250000 
 112
0.479817 0.007133 0.046210 
0.462778 0.985425 0.462022 
0.057405 0.007442 0.491768 
0.014583 0.961260 0.012079 0.012079 
0.250000 0.250000 0.250000 0.250000 
 113
0.479817 0.007133 0.046210 
0.462778 0.985425 0.462022 
0.057405 0.007442 0.491768 
0.963764 0.012079 0.012079 0.012079 
0.250000 0.250000 0.250000 0.250000 
 114
0.479817 0.007133 0.046210 
0.462778 0.985425 0.462022 
0.057405 0.007442 0.491768 
0.952659 0.020574 0.014688 0.012079 
0.250000 0.250000 0.250000 0.250000 
 115
0.479817 0.007133 0.046210 
0.462778 0.985425 0.462022 
0.057405 0.007442 0.491768 
0.963764 0.012079 0.012079 0.012079 
0.250000 0.250000 0.250000 0.250000 
 116
0.479817 0.007133 0.046210 
0.462778 0.985425 0.462022 
0.057405 0.007442 0.491768 
0.963764 0.012079 0.012079 0.012079 
0.250000 0.250000 0.250000 0.250000 
 117
0.479817 0.007133 0.046210 
0.462778 0.985425 0.462022 
0.057405 0.007442 0.491768 
0.012079 0.963764 0.012079 0.012079 
0.250000 0.250000 0.250000 0.250000 
 118
0.479817 0.007133 0.046210 
0.462778 0.985425 0.462022 
0.057405 0.007442 0.491768 
0.963764 0.012079 0.012079 0.012079 
0.250000 0.250000 0.250000 0.250000 
 119
0.479817 0.007133 0.046210 
0.462778 0.985425 0.462022 
0.057405 0.007442 0.491768 
0.963764 0.012079 0.012079 0.012079 
0.250000 0.250000 0.250000 0.250000 
 120
0.479817 0.007133 0.046210 
0.462778 0.985425 0.462022 
0.057405 0.007442 0.491768 
0.012079 0.012079 0.012079 0.963764 
0.250000 0.250000 0.250000 0.250000 
 121
0.479817 0.007133 0.046210 
0.462778 0.985425 0.462022 
0.057405 0.007442 0.491768 
0.014686 0.961157 0.012079 0.012079 
0.250000 0.250000 0.250000 0.250000 
 122
0.479817 0.007133 0.046210 
0.462778 0.985425 0.462022 
0.057405 0.007442 0.491768 
0.012079 0.012079 0.012079 0.963764 
0.250000 0.250000 0.250000 0.250000 
 123
0.479817 0.007133 0.046210 
0.462778 0.985425 0.462022 
0.057405 0.007442 0.491768 
0.960695 0.015096 0.012104 0.012104 
0.250000 0.250000 0.250000 0.250000 
 124
0.479817 0.007133 0.046210 
0.462778 0.985425 0.462022 
0.057405 0.007442 0.491768 
0.963764 0.012079 0.012079 0.012079 
0.250000 0.250000 0.250000 0.250000 
 125
0.479817 0.007133 0.046210 
0.462778 0.985425 0.462022 
0.057405 0.007442 0.491768 
0.014629 0.012079 0.961214 0.012079 
0.250000 0.250000 0.250000 0.250000 
 126
0.479817 0.007133 0.046210 
0.462778 0.985425 0.462022 
0.057405 0.007442 0.491768 
0.963764 0.012079 0.012079 0.012079 
0.250000 0.250000 0.250000 0.250000 
 127
0.479817 0.007133 0.046210 
0.462778 0.985425 0.462022 
0.057405 0.007442 0.491768 
0.012079 0.963764 0.012079 0.012079 
0.250000 0.250000 0.250000 0.250000 
 128
0.479817 0.007133 0.046210 
0.462778 0.985425 0.462022 
0.057405 0.007442 0.491768 
0.012079 0.012079 0.012079 0.963764 
0.250000 0.250000 0.250000 0.250000 
 129
0.479817 0.007133 0.046210 
0.462778 0.985425 0.462022 
0.057405 0.007442 0.491768 
0.963764 0.012079 0.012079 0.012079 
0.250000 0.250000 0.250000 0.250000 
 130
0.479817 0.007133 0.046210 
0.462778 0.985425 0.462022 
0.057405 0.007442 0.491768 
0.963764 0.012079 0.012079 0.012079 
0.250000 0.250000 0.250000 0.250000 
 131
0.479817 0.007133 0.046210 
0.462778 0.985425 0.462022 
0.057405 0.007442 0.491768 
0.012079 0.012079 0.963764 0.012079 
0.250000 0.250000 0.250000 0.250000 
 132
0.479817 0.007133 0.046210 
0.462778 0.985425 0.462022 
0.057405 0.007442 0.491768 
0.963764 0.012079 0.012079 0.012079 
0.250000 0.250000 0.250000 0.250000 
 133
0.479817 0.007133 0.046210 
0.462778 0.985425 0.462022 
0.057405 0.007442 0.491768 
0.012079 0.012079 0.963764 0.012079 
0.250000 0.250000 0.250000 0.250000 
 134
0.479817 0.007133 0.046210 
0.462778 0.985425 0.462022 
0.057405 0.007442 0.491768 
0.963764 0.012079 0.012079 0.012079 
0.250000 0.250000 0.250000 0.250000 
 135
0.479817 0.007133 0.046210 
0.462778 0.985425 0.462022 
0.057405 0.007442 0.491768 
0.012079 0.012079 0.963764 0.012079 
0.250000 0.250000 0.250000 0.250000 
 136
0.479817 0.007133 0.046210 
0.462778 0.985425 0.462022 
0.057405 0.007442 0.491768 
0.012079 0.012079 0.012079 0.963764 
0.250000 0.250000 0.250000 0.250000 
 137
0.479817 0.007133 0.046210 
0.462778 0.985425 0.462022 
0.057405 0.007442 0.491768 
0.012079 0.012079 0.963764 0.012079 
0.250000 0.250000 0.250000 0.250000 
 138
0.479817 0.007133 0.046210 
0.462778 0.985425 0.462022 
0.057405 0.007442 0.491768 
0.012079 0.014788 0.012079 0.961055 
0.250000 0.250000 0.250000 0.250000 
 139
0.479817 0.007133 0.046210 
0.462778 0.985425 0.462022 
0.057405 0.007442 0.491768 
0.017352 0.958491 0.012079 0.012079 
0.250000 0.250000 0.250000 0.250000 
 140
0.479817 0.007133 0.046210 
0.462778 0.985425 0.462022 
0.057405 0.007442 0.491768 
0.012079 0.012079 0.060289 0.915554 
0.250000 0.250000 0.250000 0.250000 
 141
0.479817 0.007133 0.046210 
0.462778 0.985425 0.462022 
0.057405 0.007442 0.491768 
0.012079 0.012079 0.019337 0.956506 
0.250000 0.250000 0.250000 0.250000 
 142
0.479817 0.007133 0.046210 
0.462778 0.985425 0.462022 
0.057405 0.007442 0.491768 
0.963668 0.012111 0.012111 0.012111 
0.250000 0.250000 0.250000 0.250000 
 143
0.479817 0.007133 0.046210 
0.462778 0.985425 0.462022 
0.057405 0.007442 0.491768 
0.963764 0.012079 0.012079 0.012079 
0.250000 0.250000 0.250000 0.250000 
 144
0.479817 0.007133 0.046210 
0.462778 0.985425 0.462022 
0.057405 0.007442 0.491768 
0.012079 0.012079 0.955238 0.020604 
0.250000 0.250000 0.250000 0.250000 
 145
0.479817 0.007133 0.046210 
0.462778 0.985425 0.462022 
0.057405 0.007442 0.491768 
0.012079 0.012079 0.963764 0.012079 
0.250000 0.250000 0.250000 0.250000 
 146
0.479817 0.007133 0.046210 
0.462778 0.985425 0.462022 
0.057405 0.007442 0.491768 
0.012079 0.012079 0.012079 0.963764 
0.250000 0.250000 0.250000 0.250000 
 147
0.479817 0.007133 0.046210 
0.462778 0.985425 0.462022 
0.057405 0.007442 0.491768 
0.012079 0.012079 0.012079 0.963764 
0.250000 0.250000 0.250000 0.250000 
 148
0.479817 0.007133 0.046210 
0.462778 0.985425 0.462022 
0.057405 0.007442 0.491768 
0.012079 0.012079 0.957922 0.017921 
0.250000 0.250000 0.250000 0.250000 
 149
0.479817 0.007133 0.046210 
0.462778 0.985425 0.462022 
0.057405 0.007442 0.491768 
0.012079 0.012079 0.012079 0.963764 
0.250000 0.250000 0.250000 0.250000 
 150
0.479817 0.007133 0.046210 
0.462778 0.985425 0.462022 
0.057405 0.007442 0.491768 
0.963764 0.012079 0.012079 0.012079 
0.250000 0.250000 0.250000 0.250000 
 151
0.479817 0.007133 0.046210 
0.462778 0.985425 0.462022 
0.057405 0.007442 0.491768 
0.012079 0.963764 0.012079 0.012079 
0.250000 0.250000 0.250000 0.250000 
 152
0.479817 0.007133 0.046210 
0.462778 0.985425 0.462022 
0.057405 0.007442 0.491768 
0.963764 0.012079 0.012079 0.012079 
0.250000 0.250000 0.250000 0.250000 
 153
0.479817 0.007133 0.046210 
0.462778 0.985425 0.462022 
0.057405 0.007442 0.491768 
0.963764 0.012079 0.012079 0.012079 
0.250000 0.250000 0.250000 0.250000 
 154
0.479817 0.007133 0.046210 
0.462778 0.985425 0.462022 
0.057405 0.007442 0.491768 
0.015346 0.960497 0.012079 0.012079 
0.250000 0.250000 0.250000 0.250000 
 155
0.479817 0.007133 0.046210 
0.462778 0.985425 0.462022 
0.057405 0.007442 0.491768 
0.963764 0.012079 0.012079 0.012079 
0.250000 0.250000 0.250000 0.250000 
 156
0.479817 0.007133 0.046210 
0.462778 0.985425 0.462022 
0.057405 0.007442 0.491768 
0.014548 0.012079 0.961295 0.012079 
0.250000 0.250000 0.250000 0.250000 
 157
0.479817 0.007133 0.046210 
0.462778 0.985425 0.462022 
0.057405 0.007442 0.491768 
0.963764 0.012079 0.012079 0.012079 
0.250000 0.250000 0.250000 0.250000 
 158
0.479817 0.007133 0.046210 
0.462778 0.985425 0.462022 
0.057405 0.007442 0.491768 
0.963764 0.012079 0.012079 0.012079 
0.250000 0.250000 0.250000 0.250000 
 159
0.479817 0.007133 0.046210 
0.462778 0.985425 0.462022 
0.057405 0.007442 0.491768 
0.016926 0.956219 0.012079 0.014776 
0.250000 0.250000 0.250000 0.250000 
 160
0.479817 0.007133 0.046210 
0.462778 0.985425 0.462022 
0.057405 0.007442 0.491768 
0.014708 0.012079 0.961134 0.012079 
0.250000 0.250000 0.250000 0.250000 
 161
0.479817 0.007133 0.046210 
0.462778 0.985425 0.462022 
0.057405 0.007442 0.491768 
0.963764 0.012079 0.012079 0.012079 
0.250000 0.250000 0.250000 0.250000 
 162
0.479817 0.007133 0.046210 
0.462778 0.985425 0.462022 
0.057405 0.007442 0.491768 
0.012079 0.012079 0.017200 0.958642 
0.250000 0.250000 0.250000 0.250000 
 163
0.479817 0.007133 0.046210 
0.462778 0.985425 0.462022 
0.057405 0.007442 0.491768 
0.960497 0.015346 0.012079 0.012079 
0.250000 0.250000 0.250000 0.250000 
 164
0.479817 0.007133 0.046210 
0.462778 0.985425 0.462022 
0.057405 0.007442 0.491768 
0.963764 0.012079 0.012079 0.012079 
0.250000 0.250000 0.250000 0.250000 
 165
0.479817 0.007133 0.046210 
0.462778 0.985425 0.462022 
0.057405 0.007442 0.491768 
0.012079 0.012079 0.963764 0.012079 
0.250000 0.250000 0.250000 0.250000 
 166
0.479817 0.007133 0.046210 
0.462778 0.985425 0.462022 
0.057405 0.007442 0.491768 
0.014725 0.961117 0.012079 0.012079 
0.250000 0.250000 0.250000 0.250000 
 167
0.479817 0.007133 0.046210 
0.462778 0.985425 0.462022 
0.057405 0.007442 0.491768 
0.012079 0.963764 0.012079 0.012079 
0.250000 0.250000 0.250000 0.250000 
 168
0.479817 0.007133 0.046210 
0.462778 0.985425 0.462022 
0.057405 0.007442 0.491768 
0.012079 0.963764 0.012079 0.012079 
0.250000 0.250000 0.250000 0.250000 
 169
0.479817 0.007133 0.046210 
0.462778 0.985425 0.462022 
0.057405 0.007442 0.491768 
0.963764 0.012079 0.012079 0.012079 
0.250000 0.250000 0.250000 0.250000 
 170
0.479817 0.007133 0.046210 
0.462778 0.985425 0.462022 
0.057405 0.007442 0.491768 
0.963764 0.012079 0.012079 0.012079 
0.250000 0.250000 0.250000 0.250000 
 171
0.479817 0.007133 0.046210 
0.462778 0.985425 0.462022 
0.057405 0.007442 0.491768 
0.963764 0.012079 0.012079 0.012079 
0.250000 0.250000 0.250000 0.250000 
 172
0.479817 0.007133 0.046210 
0.462778 0.985425 0.462022 
0.057405 0.007442 0.491768 
0.145000 0.145000 0.700000 0.010000 
0.250000 0.250000 0.250000 0.250000 
 173
0.479817 0.007133 0.046210 
0.462778 0.985425 0.462022 
0.057405 0.007442 0.491768 
0.012079 0.012079 0.012079 0.963764 
0.250000 0.250000 0.250000 0.250000 
 174
0.479817 0.007133 0.046210 
0.462778 0.985425 0.462022 
0.057405 0.007442 0.491768 
0.963764 0.012079 0.012079 0.012079 
0.250000 0.250000 0.250000 0.250000 
 175
0.479817 0.007133 0.046210 
0.462778 0.985425 0.462022 
0.057405 0.007442 0.491768 
0.012079 0.012079 0.012079 0.963764 
0.250000 0.250000 0.250000 0.250000 
 176
0.479817 0.007133 0.046210 
0.462778 0.985425 0.462022 
0.057405 0.007442 0.491768 
0.012079 0.963764 0.012079 0.012079 
0.250000 0.250000 0.250000 0.250000 
 177
0.479817 0.007133 0.046210 
0.462778 0.985425 0.462022 
0.057405 0.007442 0.491768 
0.012079 0.012079 0.963764 0.012079 
0.250000 0.250000 0.250000 0.250000 
 178
0.479817 0.007133 0.046210 
0.462778 0.985425 0.462022 
0.057405 0.007442 0.491768 
0.955942 0.017202 0.014777 0.012079 
0.250000 0.250000 0.250000 0.250000 
 179
0.479817 0.007133 0.046210 
0.462778 0.985425 0.462022 
0.057405 0.007442 0.491768 
0.963764 0.012079 0.012079 0.012079 
0.250000 0.250000 0.250000 0.250000 
 180
0.479817 0.007133 0.046210 
0.462778 0.985425 0.462022 
0.057405 0.007442 0.491768 
0.963764 0.012079 0.012079 0.012079 
0.250000 0.250000 0.250000 0.250000 
 181
0.479817 0.007133 0.046210 
0.462778 0.985425 0.462022 
0.057405 0.007442 0.491768 
0.012079 0.012079 0.963764 0.012079 
0.250000 0.250000 0.250000 0.250000 
 182
0.479817 0.007133 0.046210 
0.462778 0.985425 0.462022 
0.057405 0.007442 0.491768 
0.012079 0.012079 0.012079 0.963764 
0.250000 0.250000 0.250000 0.250000 
 183
0.479817 0.007133 0.046210 
0.462778 0.985425 0.462022 
0.057405 0.007442 0.491768 
0.961267 0.014576 0.012079 0.012079 
0.250000 0.250000 0.250000 0.250000 
 184
0.479817 0.007133 0.046210 
0.462778 0.985425 0.462022 
0.057405 0.007442 0.491768 
0.963764 0.012079 0.012079 0.012079 
0.250000 0.250000 0.250000 0.250000 
 185
0.479817 0.007133 0.046210 
0.462778 0.985425 0.462022 
0.057405 0.007442 0.491768 
0.012079 0.963764 0.012079 0.012079 
0.250000 0.250000 0.250000 0.250000 
 186
0.479817 0.007133 0.046210 
0.462778 0.985425 0.462022 
0.057405 0.007442 0.491768 
0.963764 0.012079 0.012079 0.012079 
0.250000 0.250000 0.250000 0.250000 
 187
0.479817 0.007133 0.046210 
0.462778 0.985425 0.462022 
0.057405 0.007442 0.491768 
0.012079 0.963764 0.012079 0.012079 
0.250000 0.250000 0.250000 0.250000 
 188
0.479817 0.007133 0.046210 
0.462778 0.985425 0.462022 
0.057405 0.007442 0.491768 
0.012079 0.963764 0.012079 0.012079 
0.250000 0.250000 0.250000 0.250000 
 189
0.479817 0.007133 0.046210 
0.462778 0.985425 0.462022 
0.057405 0.007442 0.491768 
0.019473 0.956370 0.012079 0.012079 
0.250000 0.250000 0.250000 0.250000 
 190
0.479817 0.007133 0.046210 
0.462778 0.985425 0.462022 
0.057405 0.007442 0.491768 
0.016898 0.958944 0.012079 0.012079 
0.250000 0.250000 0.250000 0.250000 
 191
0.479817 0.007133 0.046210 
0.462778 0.985425 0.462022 
0.057405 0.007442 0.491768 
0.012079 0.012079 0.017120 0.958723 
0.250000 0.250000 0.250000 0.250000 
 192
0.479817 0.007133 0.046210 
0.462778 0.985425 0.462022 
0.057405 0.007442 0.491768 
0.963764 0.012079 0.012079 0.012079 
0.250000 0.250000 0.250000 0.250000 
 193
0.479817 0.007133 0.046210 
0.462778 0.985425 0.462022 
0.057405 0.007442 0.491768 
0.012079 0.963764 0.012079 0.012079 
0.250000 0.250000 0.250000 0.250000 
 194
0.479817 0.007133 0.046210 
0.462778 0.985425 0.462022 
0.057405 0.007442 0.491768 
0.012079 0.012079 0.963764 0.012079 
0.250000 0.250000 0.250000 0.250000 
 195
0.479817 0.007133 0.046210 
0.462778 0.985425 0.462022 
0.057405 0.007442 0.491768 
0.012079 0.012079 0.963764 0.012079 
0.250000 0.250000 0.250000 0.250000 
 196
0.479817 0.007133 0.046210 
0.462778 0.985425 0.462022 
0.057405 0.007442 0.491768 
0.012079 0.012079 0.963764 0.012079 
0.250000 0.250000 0.250000 0.250000 
 197
0.479817 0.007133 0.046210 
0.462778 0.985425 0.462022 
0.057405 0.007442 0.491768 
0.012079 0.012079 0.963764 0.012079 
0.250000 0.250000 0.250000 0.250000 
 198
0.479817 0.007133 0.046210 
0.462778 0.985425 0.462022 
0.057405 0.007442 0.491768 
0.963764 0.012079 0.012079 0.012079 
0.250000 0.250000 0.250000 0.250000 
 199
0.479817 0.007133 0.046210 
0.462778 0.985425 0.462022 
0.057405 0.007442 0.491768 
0.012079 0.012079 0.012079 0.963764 
0.250000 0.250000 0.250000 0.250000 
 200
0.479817 0.007133 0.046210 
0.462778 0.985425 0.462022 
0.057405 0.007442 0.491768 
0.012079 0.012079 0.012079 0.963764 
0.250000 0.250000 0.250000 0.250000 
 201
0.479817 0.007133 0.046210 
0.462778 0.985425 0.462022 
0.057405 0.007442 0.491768 
0.014563 0.961279 0.012079 0.012079 
0.250000 0.250000 0.250000 0.250000 
 202
0.479817 0.007133 0.046210 
0.462778 0.985425 0.462022 
0.057405 0.007442 0.491768 
0.012079 0.012079 0.963764 0.012079 
0.250000 0.250000 0.250000 0.250000 
 203
0.479817 0.007133 0.046210 
0.462778 0.985425 0.462022 
0.057405 0.007442 0.491768 
0.963764 0.012079 0.012079 0.012079 
0.250000 0.250000 0.250000 0.250000 
 204
0.479817 0.007133 0.046210 
0.462778 0.985425 0.462022 
0.057405 0.007442 0.491768 
0.012079 0.012079 0.012079 0.963764 
0.250000 0.250000 0.250000 0.250000 
 205
0.479817 0.007133 0.046210 
0.462778 0.985425 0.462022 
0.057405 0.007442 0.491768 
0.012079 0.012079 0.012079 0.963764 
0.250000 0.250000 0.250000 0.250000 
 206
0.479817 0.007133 0.046210 
0.462778 0.985425 0.462022 
0.057405 0.007442 0.491768 
0.012079 0.012079 0.012079 0.963764 
0.250000 0.250000 0.250000 0.250000 
 207
0.479817 0.007133 0.046210 
0.462778 0.985425 0.462022 
0.057405 0.007442 0.491768 
0.017129 0.958713 0.012079 0.012079 
0.250000 0.250000 0.250000 0.250000 
 208
0.479817 0.007133 0.046210 
0.462778 0.985425 0.462022 
0.057405 0.007442 0.491768 
0.012079 0.963764 0.012079 0.012079 
0.250000 0.250000 0.250000 0.250000 
 209
0.479817 0.007133 0.046210 
0.462778 0.985425 0.462022 
0.057405 0.007442 0.491768 
0.014508 0.961335 0.012079 0.012079 
0.250000 0.250000 0.250000 0.250000 
 210
0.479817 0.007133 0.046210 
0.462778 0.985425 0.462022 
0.057405 0.007442 0.491768 
0.012079 0.012079 0.012079 0.963764 
0.250000 0.250000 0.250000 0.250000 
 211
0.479817 0.007133 0.046210 
0.462778 0.985425 0.462022 
0.057405 0.007442 0.491768 
0.963764 0.012079 0.012079 0.012079 
0.250000 0.250000 0.250000 0.250000 
 212
0.479817 0.007133 0.046210 
0.462778 0.985425 0.462022 
0.057405 0.007442 0.491768 
0.960538 0.015304 0.012079 0.012079 
0.250000 0.250000 0.250000 0.250000 
 213
0.479817 0.007133 0.046210 
0.462778 0.985425 0.462022 
0.057405 0.007442 0.491768 
0.961335 0.012079 0.012079 0.014508 
0.250000 0.250000 0.250000 0.250000 
 214
0.479817 0.007133 0.046210 
0.462778 0.985425 0.462022 
0.057405 0.007442 0.491768 
0.012079 0.012079 0.012079 0.963764 
0.250000 0.250000 0.250000 0.250000 
 215
0.479817 0.007133 0.046210 
0.462778 0.985425 0.462022 
0.057405 0.007442 0.491768 
0.012079 0.963764 0.012079 0.012079 
0.250000 0.250000 0.250000 0.250000 
 216
0.479817 0.007133 0.046210 
0.462778 0.985425 0.462022 
0.057405 0.007442 0.491768 
0.012079 0.012079 0.024536 0.951307 
0.250000 0.250000 0.250000 0.250000 
 217
0.479817 0.007133 0.046210 
0.462778 0.985425 0.462022 
0.057405 0.007442 0.491768 
0.958475 0.017367 0.012079 0.012079 
0.250000 0.250000 0.250000 0.250000 
 218
0.479817 0.007133 0.046210 
0.462778 0.985425 0.462022 
0.057405 0.007442 0.491768 
0.963764 0.012079 0.012079 0.012079 
0.250000 0.250000 0.250000 0.250000 
 219
0.479817 0.007133 0.046210 
0.462778 0.985425 0.462022 
0.057405 0.007442 0.491768 
0.012079 0.012079 0.963764 0.012079 
0.250000 0.250000 0.250000 0.250000 
 220
0.479817 0.007133 0.046210 
0.462778 0.985425 0.462022 
0.057405 0.007442 0.491768 
0.963764 0.012079 0.012079 0.012079 
0.250000 0.250000 0.250000 0.250000 
 221
0.479817 0.007133 0.046210 
0.462778 0.985425 0.462022 
0.057405 0.007442 0.491768 
0.012079 0.012079 0.012079 0.963764 
0.250000 0.250000 0.250000 0.250000 
 222
0.479817 0.007133 0.046210 
0.462778 0.985425 0.462022 
0.057405 0.007442 0.491768 
0.012079 0.012079 0.012079 0.963764 
0.250000 0.250000 0.250000 0.250000 
 223
0.479817 0.007133 0.046210 
0.462778 0.985425 0.462022 
0.057405 0.007442 0.491768 
0.012079 0.963764 0.012079 0.012079 
0.250000 0.250000 0.250000 0.250000 
 224
0.479817 0.007133 0.046210 
0.462778 0.985425 0.462022 
0.057405 0.007442 0.491768 
0.012079 0.012079 0.963764 0.012079 
0.250000 0.250000 0.250000 0.250000 
 225
0.479817 0.007133 0.046210 
0.462778 0.985425 0.462022 
0.057405 0.007442 0.491768 
0.012079 0.012079 0.012079 0.963764 
0.250000 0.250000 0.250000 0.250000 
 226
0.479817 0.007133 0.046210 
0.462778 0.985425 0.462022 
0.057405 0.007442 0.491768 
0.012079 0.963764 0.012079 0.012079 
0.250000 0.250000 0.250000 0.250000 
 227
0.479817 0.007133 0.046210 
0.462778 0.985425 0.462022 
0.057405 0.007442 0.491768 
0.012079 0.963764 0.012079 0.012079 
0.250000 0.250000 0.250000 0.250000 
 228
0.479817 0.007133 0.046210 
0.462778 0.985425 0.462022 
0.057405 0.007442 0.491768 
0.017032 0.012079 0.958811 0.012079 
0.250000 0.250000 0.250000 0.250000 
 229
0.479817 0.007133 0.046210 
0.462778 0.985425 0.462022 
0.057405 0.007442 0.491768 
0.012079 0.012079 0.012079 0.963764 
0.250000 0.250000 0.250000 0.250000 
 230
0.479817 0.007133 0.046210 
0.462778 0.985425 0.462022 
0.057405 0.007442 0.491768 
0.012079 0.963764 0.012079 0.012079 
0.250000 0.250000 0.250000 0.250000 
 231
0.479817 0.007133 0.046210 
0.462778 0.985425 0.462022 
0.057405 0.007442 0.491768 
0.012079 0.963764 0.012079 0.012079 
0.250000 0.250000 0.250000 0.250000 
 232
0.479817 0.007133 0.046210 
0.462778 0.985425 0.462022 
0.057405 0.007442 0.491768 
0.960687 0.015156 0.012079 0.012079 
0.250000 0.250000 0.250000 0.250000 
 233
0.479817 0.007133 0.046210 
0.462778 0.985425 0.462022 
0.057405 0.007442 0.491768 
0.012079 0.012079 0.012079 0.963764 
0.250000 0.250000 0.250000 0.250000 
 234
0.479817 0.007133 0.046210 
0.462778 0.985425 0.462022 
