%  SAM: /scicomp/home/vfn4/nomen/label/LABEL_RES/scripts/modelfromalign_Linux v3.5 (July 15, 2005) compiled 12/08/06_16:15:55
%  (c) 1992-2001 Regents of the University of California, Santa Cruz
%
%          Sequence Alignment and Modeling Software System
%         http://www.cse.ucsc.edu/research/compbio/sam.html
%
% ----------------- Citations (SAM, SAM-T2K, HMMs) --------------------
% R. Hughey, A. Krogh, Hidden Markov models for sequence analysis:
%  Extension and analysis of the basic method, CABIOS 12:95-107, 1996.
% K. Karplus, et al., What is the value added by human intervention in protein
%  structure prediction, Proteins: Stucture, Function, Genetics 45(S5):86--91, 2001.
% A. Krogh et al., Hidden Markov models in computational biology:
%  Applications to protein modeling, JMB 235:1501-1531, Feb 1994.
% ---------------------------------------------------------------------
%  6_hmm   Host: login01.aspen.biotech.cdc.gov    Wed Feb  7 10:48:47 2018
%  vfn4    Dir:  /scicomp/groups/OID/NCIRD/ID-OD/ID_nomenclatures/H1/H1pdm09v2018R3/base/c-otherwise/c-1-to-6-8-Old/c-non-6C/c-non-5/c-6A-6
% ---------------------------------------------------------------------
%  Alignment weights from internal calc.  Total (29.05) Max (0.12) Min (0.03)
%  Weights from alignment method 1 (karplus), b=-1.000000, e=0.500000
MODEL --  Model from alignment file /scicomp/home/vfn4/nomen/label/LABEL_RES/training_data/H1pdm09v2018R3/c-otherwise/c-1-to-6-8-Old/c-non-6C/c-non-5/c-6A-6/6.fasta
alphabet DNA
FREQAVE
0.000000 0.000000 0.000000 
0.000000 0.000000 0.000000 
0.000000 0.000000 0.000000 
0.352979 0.221671 0.186075 0.239274 
0.352979 0.221671 0.186075 0.239274 
Begin
0.000000 0.000000 0.000000 
0.000000 0.000000 0.000000 
0.000000 0.005898 0.491768 
0.250000 0.250000 0.250000 0.250000 
0.250000 0.250000 0.250000 0.250000 
   1
0.000000 0.005654 0.046210 
0.000000 0.988448 0.462022 
0.057405 0.005898 0.491768 
0.975043 0.008319 0.008319 0.008319 
0.250000 0.250000 0.250000 0.250000 
   2
0.479817 0.005654 0.046210 
0.462778 0.988448 0.462022 
0.057405 0.005898 0.491768 
0.008319 0.008319 0.008319 0.975043 
0.250000 0.250000 0.250000 0.250000 
   3
0.479817 0.005654 0.046210 
0.462778 0.988448 0.462022 
0.057405 0.005898 0.491768 
0.008319 0.975043 0.008319 0.008319 
0.250000 0.250000 0.250000 0.250000 
   4
0.479817 0.005654 0.046210 
0.462778 0.988448 0.462022 
0.057405 0.005898 0.491768 
0.971311 0.012051 0.008319 0.008319 
0.250000 0.250000 0.250000 0.250000 
   5
0.479817 0.005654 0.046210 
0.462778 0.988448 0.462022 
0.057405 0.005898 0.491768 
0.972834 0.008319 0.010528 0.008319 
0.250000 0.250000 0.250000 0.250000 
   6
0.479817 0.005654 0.046210 
0.462778 0.988448 0.462022 
0.057405 0.005898 0.491768 
0.008319 0.975043 0.008319 0.008319 
0.250000 0.250000 0.250000 0.250000 
   7
0.479817 0.005654 0.046210 
0.462778 0.988448 0.462022 
0.057405 0.005898 0.491768 
0.008319 0.975043 0.008319 0.008319 
0.250000 0.250000 0.250000 0.250000 
   8
0.479817 0.005654 0.046210 
0.462778 0.988448 0.462022 
0.057405 0.005898 0.491768 
0.008319 0.008319 0.968062 0.015300 
0.250000 0.250000 0.250000 0.250000 
   9
0.479817 0.005654 0.046210 
0.462778 0.988448 0.462022 
0.057405 0.005898 0.491768 
0.973368 0.009994 0.008319 0.008319 
0.250000 0.250000 0.250000 0.250000 
  10
0.479817 0.005654 0.046210 
0.462778 0.988448 0.462022 
0.057405 0.005898 0.491768 
0.975043 0.008319 0.008319 0.008319 
0.250000 0.250000 0.250000 0.250000 
  11
0.479817 0.005654 0.046210 
0.462778 0.988448 0.462022 
0.057405 0.005898 0.491768 
0.008319 0.008319 0.009472 0.973890 
0.250000 0.250000 0.250000 0.250000 
  12
0.479817 0.005654 0.046210 
0.462778 0.988448 0.462022 
0.057405 0.005898 0.491768 
0.975043 0.008319 0.008319 0.008319 
0.250000 0.250000 0.250000 0.250000 
  13
0.479817 0.005654 0.046210 
0.462778 0.988448 0.462022 
0.057405 0.005898 0.491768 
0.008319 0.008319 0.973455 0.009907 
0.250000 0.250000 0.250000 0.250000 
  14
0.479817 0.005654 0.046210 
0.462778 0.988448 0.462022 
0.057405 0.005898 0.491768 
0.008319 0.008319 0.009786 0.973576 
0.250000 0.250000 0.250000 0.250000 
  15
0.479817 0.005654 0.046210 
0.462778 0.988448 0.462022 
0.057405 0.005898 0.491768 
0.972738 0.010624 0.008319 0.008319 
0.250000 0.250000 0.250000 0.250000 
  16
0.479817 0.005654 0.046210 
0.462778 0.988448 0.462022 
0.057405 0.005898 0.491768 
0.011250 0.972112 0.008319 0.008319 
0.250000 0.250000 0.250000 0.250000 
  17
0.479817 0.005654 0.046210 
0.462778 0.988448 0.462022 
0.057405 0.005898 0.491768 
0.008319 0.008319 0.045381 0.937981 
0.250000 0.250000 0.250000 0.250000 
  18
0.479817 0.005654 0.046210 
0.462778 0.988448 0.462022 
0.057405 0.005898 0.491768 
0.975043 0.008319 0.008319 0.008319 
0.250000 0.250000 0.250000 0.250000 
  19
0.479817 0.005654 0.046210 
0.462778 0.988448 0.462022 
0.057405 0.005898 0.491768 
0.010371 0.972991 0.008319 0.008319 
0.250000 0.250000 0.250000 0.250000 
  20
0.479817 0.005654 0.046210 
0.462778 0.988448 0.462022 
0.057405 0.005898 0.491768 
0.008319 0.008319 0.009907 0.973455 
0.250000 0.250000 0.250000 0.250000 
  21
0.479817 0.005654 0.046210 
0.462778 0.988448 0.462022 
0.057405 0.005898 0.491768 
0.008319 0.011035 0.014489 0.966158 
0.250000 0.250000 0.250000 0.250000 
  22
0.479817 0.005654 0.046210 
0.462778 0.988448 0.462022 
0.057405 0.005898 0.491768 
0.009710 0.008319 0.969810 0.012160 
0.250000 0.250000 0.250000 0.250000 
  23
0.479817 0.005654 0.046210 
0.462778 0.988448 0.462022 
0.057405 0.005898 0.491768 
0.008319 0.008319 0.008319 0.975043 
0.250000 0.250000 0.250000 0.250000 
  24
0.479817 0.005654 0.046210 
0.462778 0.988448 0.462022 
0.057405 0.005898 0.491768 
0.014769 0.962687 0.008319 0.014225 
0.250000 0.250000 0.250000 0.250000 
  25
0.479817 0.005654 0.046210 
0.462778 0.988448 0.462022 
0.057405 0.005898 0.491768 
0.008319 0.009755 0.973607 0.008319 
0.250000 0.250000 0.250000 0.250000 
  26
0.479817 0.005654 0.046210 
0.462778 0.988448 0.462022 
0.057405 0.005898 0.491768 
0.008319 0.008319 0.010158 0.973204 
0.250000 0.250000 0.250000 0.250000 
  27
0.479817 0.005654 0.046210 
0.462778 0.988448 0.462022 
0.057405 0.005898 0.491768 
0.969509 0.011403 0.010770 0.008319 
0.250000 0.250000 0.250000 0.250000 
  28
0.479817 0.005654 0.046210 
0.462778 0.988448 0.462022 
0.057405 0.005898 0.491768 
0.008319 0.008319 0.010830 0.972532 
0.250000 0.250000 0.250000 0.250000 
  29
0.479817 0.005654 0.046210 
0.462778 0.988448 0.462022 
0.057405 0.005898 0.491768 
0.965005 0.008319 0.008319 0.018357 
0.250000 0.250000 0.250000 0.250000 
  30
0.479817 0.005654 0.046210 
0.462778 0.988448 0.462022 
0.057405 0.005898 0.491768 
0.008319 0.008319 0.024984 0.958378 
0.250000 0.250000 0.250000 0.250000 
  31
0.479817 0.005654 0.046210 
0.462778 0.988448 0.462022 
0.057405 0.005898 0.491768 
0.975043 0.008319 0.008319 0.008319 
0.250000 0.250000 0.250000 0.250000 
  32
0.479817 0.005654 0.046210 
0.462778 0.988448 0.462022 
0.057405 0.005898 0.491768 
0.008319 0.008319 0.975043 0.008319 
0.250000 0.250000 0.250000 0.250000 
  33
0.479817 0.005654 0.046210 
0.462778 0.988448 0.462022 
0.057405 0.005898 0.491768 
0.973817 0.009545 0.008319 0.008319 
0.250000 0.250000 0.250000 0.250000 
  34
0.479817 0.005654 0.046210 
0.462778 0.988448 0.462022 
0.057405 0.005898 0.491768 
0.011190 0.010058 0.010837 0.967914 
0.250000 0.250000 0.250000 0.250000 
  35
0.479817 0.005654 0.046210 
0.462778 0.988448 0.462022 
0.057405 0.005898 0.491768 
0.008319 0.009545 0.009504 0.972632 
0.250000 0.250000 0.250000 0.250000 
  36
0.479817 0.005654 0.046210 
0.462778 0.988448 0.462022 
0.057405 0.005898 0.491768 
0.008319 0.008319 0.011035 0.972327 
0.250000 0.250000 0.250000 0.250000 
  37
0.479817 0.005654 0.046210 
0.462778 0.988448 0.462022 
0.057405 0.005898 0.491768 
0.017079 0.966283 0.008319 0.008319 
0.250000 0.250000 0.250000 0.250000 
  38
0.479817 0.005654 0.046210 
0.462778 0.988448 0.462022 
0.057405 0.005898 0.491768 
0.008326 0.010245 0.970100 0.011329 
0.250000 0.250000 0.250000 0.250000 
  39
0.479817 0.005654 0.046210 
0.462778 0.988448 0.462022 
0.057405 0.005898 0.491768 
0.975043 0.008319 0.008319 0.008319 
0.250000 0.250000 0.250000 0.250000 
  40
0.479817 0.005654 0.046210 
0.462778 0.988448 0.462022 
0.057405 0.005898 0.491768 
0.943971 0.039391 0.008319 0.008319 
0.250000 0.250000 0.250000 0.250000 
  41
0.479817 0.005654 0.046210 
0.462778 0.988448 0.462022 
0.057405 0.005898 0.491768 
0.008319 0.008319 0.954621 0.028741 
0.250000 0.250000 0.250000 0.250000 
  42
0.479817 0.005654 0.046210 
0.462778 0.988448 0.462022 
0.057405 0.005898 0.491768 
0.010058 0.008319 0.968773 0.012850 
0.250000 0.250000 0.250000 0.250000 
  43
0.479817 0.005654 0.046210 
0.462778 0.988448 0.462022 
0.057405 0.005898 0.491768 
0.016886 0.966476 0.008319 0.008319 
0.250000 0.250000 0.250000 0.250000 
  44
0.479817 0.005654 0.046210 
0.462778 0.988448 0.462022 
0.057405 0.005898 0.491768 
0.008319 0.008319 0.973599 0.009763 
0.250000 0.250000 0.250000 0.250000 
  45
0.479817 0.005654 0.046210 
0.462778 0.988448 0.462022 
0.057405 0.005898 0.491768 
0.971397 0.008319 0.011965 0.008319 
0.250000 0.250000 0.250000 0.250000 
  46
0.479817 0.005654 0.046210 
0.462778 0.988448 0.462022 
0.057405 0.005898 0.491768 
0.972584 0.009540 0.008319 0.009557 
0.250000 0.250000 0.250000 0.250000 
  47
0.479817 0.005654 0.046210 
0.462778 0.988448 0.462022 
0.057405 0.005898 0.491768 
0.967578 0.014664 0.009439 0.008319 
0.250000 0.250000 0.250000 0.250000 
  48
0.479817 0.005654 0.046210 
0.462778 0.988448 0.462022 
0.057405 0.005898 0.491768 
0.018979 0.008319 0.011112 0.961590 
0.250000 0.250000 0.250000 0.250000 
  49
0.479817 0.005654 0.046210 
0.462778 0.988448 0.462022 
0.057405 0.005898 0.491768 
0.012425 0.970937 0.008319 0.008319 
0.250000 0.250000 0.250000 0.250000 
  50
0.479817 0.005654 0.046210 
0.462778 0.988448 0.462022 
0.057405 0.005898 0.491768 
0.008319 0.008319 0.975043 0.008319 
0.250000 0.250000 0.250000 0.250000 
  51
0.479817 0.005654 0.046210 
0.462778 0.988448 0.462022 
0.057405 0.005898 0.491768 
0.972081 0.008319 0.011281 0.008319 
0.250000 0.250000 0.250000 0.250000 
  52
0.479817 0.005654 0.046210 
0.462778 0.988448 0.462022 
0.057405 0.005898 0.491768 
0.008319 0.975043 0.008319 0.008319 
0.250000 0.250000 0.250000 0.250000 
  53
0.479817 0.005654 0.046210 
0.462778 0.988448 0.462022 
0.057405 0.005898 0.491768 
0.975043 0.008319 0.008319 0.008319 
0.250000 0.250000 0.250000 0.250000 
  54
0.479817 0.005654 0.046210 
0.462778 0.988448 0.462022 
0.057405 0.005898 0.491768 
0.008319 0.008319 0.973891 0.009471 
0.250000 0.250000 0.250000 0.250000 
  55
0.479817 0.005654 0.046210 
0.462778 0.988448 0.462022 
0.057405 0.005898 0.491768 
0.975043 0.008319 0.008319 0.008319 
0.250000 0.250000 0.250000 0.250000 
  56
0.479817 0.005654 0.046210 
0.462778 0.988448 0.462022 
0.057405 0.005898 0.491768 
0.008319 0.008319 0.975043 0.008319 
0.250000 0.250000 0.250000 0.250000 
  57
0.479817 0.005654 0.046210 
0.462778 0.988448 0.462022 
0.057405 0.005898 0.491768 
0.975043 0.008319 0.008319 0.008319 
0.250000 0.250000 0.250000 0.250000 
  58
0.479817 0.005654 0.046210 
0.462778 0.988448 0.462022 
0.057405 0.005898 0.491768 
0.008319 0.008319 0.010518 0.972844 
0.250000 0.250000 0.250000 0.250000 
  59
0.479817 0.005654 0.046210 
0.462778 0.988448 0.462022 
0.057405 0.005898 0.491768 
0.008319 0.008319 0.008319 0.975043 
0.250000 0.250000 0.250000 0.250000 
  60
0.479817 0.005654 0.046210 
0.462778 0.988448 0.462022 
0.057405 0.005898 0.491768 
0.908891 0.074471 0.008319 0.008319 
0.250000 0.250000 0.250000 0.250000 
  61
0.479817 0.005654 0.046210 
0.462778 0.988448 0.462022 
0.057405 0.005898 0.491768 
0.008319 0.008319 0.008319 0.975043 
0.250000 0.250000 0.250000 0.250000 
  62
0.479817 0.005654 0.046210 
0.462778 0.988448 0.462022 
0.057405 0.005898 0.491768 
0.008319 0.975043 0.008319 0.008319 
0.250000 0.250000 0.250000 0.250000 
  63
0.479817 0.005654 0.046210 
0.462778 0.988448 0.462022 
0.057405 0.005898 0.491768 
0.008319 0.008319 0.011746 0.971616 
0.250000 0.250000 0.250000 0.250000 
  64
0.479817 0.005654 0.046210 
0.462778 0.988448 0.462022 
0.057405 0.005898 0.491768 
0.975043 0.008319 0.008319 0.008319 
0.250000 0.250000 0.250000 0.250000 
  65
0.479817 0.005654 0.046210 
0.462778 0.988448 0.462022 
0.057405 0.005898 0.491768 
0.008319 0.008319 0.010320 0.973042 
0.250000 0.250000 0.250000 0.250000 
  66
0.479817 0.005654 0.046210 
0.462778 0.988448 0.462022 
0.057405 0.005898 0.491768 
0.972510 0.008319 0.010852 0.008319 
0.250000 0.250000 0.250000 0.250000 
  67
0.479817 0.005654 0.046210 
0.462778 0.988448 0.462022 
0.057405 0.005898 0.491768 
0.008319 0.975043 0.008319 0.008319 
0.250000 0.250000 0.250000 0.250000 
  68
0.479817 0.005654 0.046210 
0.462778 0.988448 0.462022 
0.057405 0.005898 0.491768 
0.008319 0.975043 0.008319 0.008319 
0.250000 0.250000 0.250000 0.250000 
  69
0.479817 0.005654 0.046210 
0.462778 0.988448 0.462022 
0.057405 0.005898 0.491768 
0.008319 0.009591 0.008319 0.973771 
0.250000 0.250000 0.250000 0.250000 
  70
0.479817 0.005654 0.046210 
0.462778 0.988448 0.462022 
0.057405 0.005898 0.491768 
0.008319 0.008319 0.011462 0.971900 
0.250000 0.250000 0.250000 0.250000 
  71
0.479817 0.005654 0.046210 
0.462778 0.988448 0.462022 
0.057405 0.005898 0.491768 
0.973033 0.008319 0.008319 0.010329 
0.250000 0.250000 0.250000 0.250000 
  72
0.479817 0.005654 0.046210 
0.462778 0.988448 0.462022 
0.057405 0.005898 0.491768 
0.008319 0.008319 0.015860 0.967502 
0.250000 0.250000 0.250000 0.250000 
  73
0.479817 0.005654 0.046210 
0.462778 0.988448 0.462022 
0.057405 0.005898 0.491768 
0.008319 0.008319 0.975043 0.008319 
0.250000 0.250000 0.250000 0.250000 
  74
0.479817 0.005654 0.046210 
0.462778 0.988448 0.462022 
0.057405 0.005898 0.491768 
0.975043 0.008319 0.008319 0.008319 
0.250000 0.250000 0.250000 0.250000 
  75
0.479817 0.005654 0.046210 
0.462778 0.988448 0.462022 
0.057405 0.005898 0.491768 
0.008319 0.008319 0.009764 0.973598 
0.250000 0.250000 0.250000 0.250000 
  76
0.479817 0.005654 0.046210 
0.462778 0.988448 0.462022 
0.057405 0.005898 0.491768 
0.009906 0.973415 0.008340 0.008340 
0.250000 0.250000 0.250000 0.250000 
  77
0.479817 0.005654 0.046210 
0.462778 0.988448 0.462022 
0.057405 0.005898 0.491768 
0.008327 0.009385 0.972894 0.009393 
0.250000 0.250000 0.250000 0.250000 
  78
0.479817 0.005654 0.046210 
0.462778 0.988448 0.462022 
0.057405 0.005898 0.491768 
0.024904 0.958458 0.008319 0.008319 
0.250000 0.250000 0.250000 0.250000 
  79
0.479817 0.005654 0.046210 
0.462778 0.988448 0.462022 
0.057405 0.005898 0.491768 
0.973816 0.009546 0.008319 0.008319 
0.250000 0.250000 0.250000 0.250000 
  80
0.479817 0.005654 0.046210 
0.462778 0.988448 0.462022 
0.057405 0.005898 0.491768 
0.975043 0.008319 0.008319 0.008319 
0.250000 0.250000 0.250000 0.250000 
  81
0.479817 0.005654 0.046210 
0.462778 0.988448 0.462022 
0.057405 0.005898 0.491768 
0.008319 0.008319 0.973140 0.010222 
0.250000 0.250000 0.250000 0.250000 
  82
0.479817 0.005654 0.046210 
0.462778 0.988448 0.462022 
0.057405 0.005898 0.491768 
0.975043 0.008319 0.008319 0.008319 
0.250000 0.250000 0.250000 0.250000 
  83
0.479817 0.005654 0.046210 
0.462778 0.988448 0.462022 
0.057405 0.005898 0.491768 
0.975043 0.008319 0.008319 0.008319 
0.250000 0.250000 0.250000 0.250000 
  84
0.479817 0.005654 0.046210 
0.462778 0.988448 0.462022 
0.057405 0.005898 0.491768 
0.008319 0.008319 0.010772 0.972590 
0.250000 0.250000 0.250000 0.250000 
  85
0.479817 0.005654 0.046210 
0.462778 0.988448 0.462022 
0.057405 0.005898 0.491768 
0.008319 0.008319 0.008319 0.975043 
0.250000 0.250000 0.250000 0.250000 
  86
0.479817 0.005654 0.046210 
0.462778 0.988448 0.462022 
0.057405 0.005898 0.491768 
0.008319 0.008319 0.975043 0.008319 
0.250000 0.250000 0.250000 0.250000 
  87
0.479817 0.005654 0.046210 
0.462778 0.988448 0.462022 
0.057405 0.005898 0.491768 
0.973858 0.009504 0.008319 0.008319 
0.250000 0.250000 0.250000 0.250000 
  88
0.479817 0.005654 0.046210 
0.462778 0.988448 0.462022 
0.057405 0.005898 0.491768 
0.975043 0.008319 0.008319 0.008319 
0.250000 0.250000 0.250000 0.250000 
  89
0.479817 0.005654 0.046210 
0.462778 0.988448 0.462022 
0.057405 0.005898 0.491768 
0.008319 0.008319 0.975043 0.008319 
0.250000 0.250000 0.250000 0.250000 
  90
0.479817 0.005654 0.046210 
0.462778 0.988448 0.462022 
0.057405 0.005898 0.491768 
0.975043 0.008319 0.008319 0.008319 
0.250000 0.250000 0.250000 0.250000 
  91
0.479817 0.005654 0.046210 
0.462778 0.988448 0.462022 
0.057405 0.005898 0.491768 
0.010932 0.972430 0.008319 0.008319 
0.250000 0.250000 0.250000 0.250000 
  92
0.479817 0.005654 0.046210 
0.462778 0.988448 0.462022 
0.057405 0.005898 0.491768 
0.973758 0.009604 0.008319 0.008319 
0.250000 0.250000 0.250000 0.250000 
  93
0.479817 0.005654 0.046210 
0.462778 0.988448 0.462022 
0.057405 0.005898 0.491768 
0.008319 0.008319 0.975043 0.008319 
0.250000 0.250000 0.250000 0.250000 
  94
0.479817 0.005654 0.046210 
0.462778 0.988448 0.462022 
0.057405 0.005898 0.491768 
0.975043 0.008319 0.008319 0.008319 
0.250000 0.250000 0.250000 0.250000 
  95
0.479817 0.005654 0.046210 
0.462778 0.988448 0.462022 
0.057405 0.005898 0.491768 
0.008319 0.008319 0.975043 0.008319 
0.250000 0.250000 0.250000 0.250000 
  96
0.479817 0.005654 0.046210 
0.462778 0.988448 0.462022 
0.057405 0.005898 0.491768 
0.009473 0.008319 0.009412 0.972796 
0.250000 0.250000 0.250000 0.250000 
  97
0.479817 0.005654 0.046210 
0.462778 0.988448 0.462022 
0.057405 0.005898 0.491768 
0.008319 0.975043 0.008319 0.008319 
0.250000 0.250000 0.250000 0.250000 
  98
0.479817 0.005654 0.046210 
0.462778 0.988448 0.462022 
0.057405 0.005898 0.491768 
0.008319 0.009737 0.008319 0.973625 
0.250000 0.250000 0.250000 0.250000 
  99
0.479817 0.005654 0.046210 
0.462778 0.988448 0.462022 
0.057405 0.005898 0.491768 
0.967810 0.015536 0.008327 0.008327 
0.250000 0.250000 0.250000 0.250000 
 100
0.479817 0.005654 0.046210 
0.462778 0.988448 0.462022 
0.057405 0.005898 0.491768 
0.008319 0.975043 0.008319 0.008319 
0.250000 0.250000 0.250000 0.250000 
 101
0.479817 0.005654 0.046210 
0.462778 0.988448 0.462022 
0.057405 0.005898 0.491768 
0.975043 0.008319 0.008319 0.008319 
0.250000 0.250000 0.250000 0.250000 
 102
0.479817 0.005654 0.046210 
0.462778 0.988448 0.462022 
0.057405 0.005898 0.491768 
0.008319 0.008319 0.975043 0.008319 
0.250000 0.250000 0.250000 0.250000 
 103
0.479817 0.005654 0.046210 
0.462778 0.988448 0.462022 
0.057405 0.005898 0.491768 
0.975043 0.008319 0.008319 0.008319 
0.250000 0.250000 0.250000 0.250000 
 104
0.479817 0.005654 0.046210 
0.462778 0.988448 0.462022 
0.057405 0.005898 0.491768 
0.008319 0.008319 0.975043 0.008319 
0.250000 0.250000 0.250000 0.250000 
 105
0.479817 0.005654 0.046210 
0.462778 0.988448 0.462022 
0.057405 0.005898 0.491768 
0.969267 0.012856 0.009558 0.008319 
0.250000 0.250000 0.250000 0.250000 
 106
0.479817 0.005654 0.046210 
0.462778 0.988448 0.462022 
0.057405 0.005898 0.491768 
0.009473 0.973889 0.008319 0.008319 
0.250000 0.250000 0.250000 0.250000 
 107
0.479817 0.005654 0.046210 
0.462778 0.988448 0.462022 
0.057405 0.005898 0.491768 
0.008319 0.008319 0.008319 0.975043 
0.250000 0.250000 0.250000 0.250000 
 108
0.479817 0.005654 0.046210 
0.462778 0.988448 0.462022 
0.057405 0.005898 0.491768 
0.966964 0.012822 0.008319 0.011895 
0.250000 0.250000 0.250000 0.250000 
 109
0.479817 0.005654 0.046210 
0.462778 0.988448 0.462022 
0.057405 0.005898 0.491768 
0.010018 0.008319 0.973344 0.008319 
0.250000 0.250000 0.250000 0.250000 
 110
0.479817 0.005654 0.046210 
0.462778 0.988448 0.462022 
0.057405 0.005898 0.491768 
0.008319 0.008319 0.008319 0.975043 
0.250000 0.250000 0.250000 0.250000 
 111
0.479817 0.005654 0.046210 
0.462778 0.988448 0.462022 
0.057405 0.005898 0.491768 
0.971859 0.011503 0.008319 0.008319 
0.250000 0.250000 0.250000 0.250000 
 112
0.479817 0.005654 0.046210 
0.462778 0.988448 0.462022 
0.057405 0.005898 0.491768 
0.008319 0.975043 0.008319 0.008319 
0.250000 0.250000 0.250000 0.250000 
 113
0.479817 0.005654 0.046210 
0.462778 0.988448 0.462022 
0.057405 0.005898 0.491768 
0.975043 0.008319 0.008319 0.008319 
0.250000 0.250000 0.250000 0.250000 
 114
0.479817 0.005654 0.046210 
0.462778 0.988448 0.462022 
0.057405 0.005898 0.491768 
0.935188 0.048174 0.008319 0.008319 
0.250000 0.250000 0.250000 0.250000 
 115
0.479817 0.005654 0.046210 
0.462778 0.988448 0.462022 
0.057405 0.005898 0.491768 
0.975043 0.008319 0.008319 0.008319 
0.250000 0.250000 0.250000 0.250000 
 116
0.479817 0.005654 0.046210 
0.462778 0.988448 0.462022 
0.057405 0.005898 0.491768 
0.975043 0.008319 0.008319 0.008319 
0.250000 0.250000 0.250000 0.250000 
 117
0.479817 0.005654 0.046210 
0.462778 0.988448 0.462022 
0.057405 0.005898 0.491768 
0.010863 0.972499 0.008319 0.008319 
0.250000 0.250000 0.250000 0.250000 
 118
0.479817 0.005654 0.046210 
0.462778 0.988448 0.462022 
0.057405 0.005898 0.491768 
0.972682 0.010680 0.008319 0.008319 
0.250000 0.250000 0.250000 0.250000 
 119
0.479817 0.005654 0.046210 
0.462778 0.988448 0.462022 
0.057405 0.005898 0.491768 
0.975043 0.008319 0.008319 0.008319 
0.250000 0.250000 0.250000 0.250000 
 120
0.479817 0.005654 0.046210 
0.462778 0.988448 0.462022 
0.057405 0.005898 0.491768 
0.008319 0.008319 0.008319 0.975043 
0.250000 0.250000 0.250000 0.250000 
 121
0.479817 0.005654 0.046210 
0.462778 0.988448 0.462022 
0.057405 0.005898 0.491768 
0.008319 0.973783 0.008319 0.009579 
0.250000 0.250000 0.250000 0.250000 
 122
0.479817 0.005654 0.046210 
0.462778 0.988448 0.462022 
0.057405 0.005898 0.491768 
0.008319 0.008319 0.008319 0.975043 
0.250000 0.250000 0.250000 0.250000 
 123
0.479817 0.005654 0.046210 
0.462778 0.988448 0.462022 
0.057405 0.005898 0.491768 
0.975043 0.008319 0.008319 0.008319 
0.250000 0.250000 0.250000 0.250000 
 124
0.479817 0.005654 0.046210 
0.462778 0.988448 0.462022 
0.057405 0.005898 0.491768 
0.975043 0.008319 0.008319 0.008319 
0.250000 0.250000 0.250000 0.250000 
 125
0.479817 0.005654 0.046210 
0.462778 0.988448 0.462022 
0.057405 0.005898 0.491768 
0.008319 0.008319 0.975043 0.008319 
0.250000 0.250000 0.250000 0.250000 
 126
0.479817 0.005654 0.046210 
0.462778 0.988448 0.462022 
0.057405 0.005898 0.491768 
0.975043 0.008319 0.008319 0.008319 
0.250000 0.250000 0.250000 0.250000 
 127
0.479817 0.005654 0.046210 
0.462778 0.988448 0.462022 
0.057405 0.005898 0.491768 
0.008319 0.975043 0.008319 0.008319 
0.250000 0.250000 0.250000 0.250000 
 128
0.479817 0.005654 0.046210 
0.462778 0.988448 0.462022 
0.057405 0.005898 0.491768 
0.008319 0.008319 0.008319 0.975043 
0.250000 0.250000 0.250000 0.250000 
 129
0.479817 0.005654 0.046210 
0.462778 0.988448 0.462022 
0.057405 0.005898 0.491768 
0.975043 0.008319 0.008319 0.008319 
0.250000 0.250000 0.250000 0.250000 
 130
0.479817 0.005654 0.046210 
0.462778 0.988448 0.462022 
0.057405 0.005898 0.491768 
0.975043 0.008319 0.008319 0.008319 
0.250000 0.250000 0.250000 0.250000 
 131
0.479817 0.005654 0.046210 
0.462778 0.988448 0.462022 
0.057405 0.005898 0.491768 
0.008319 0.008319 0.975043 0.008319 
0.250000 0.250000 0.250000 0.250000 
 132
0.479817 0.005654 0.046210 
0.462778 0.988448 0.462022 
0.057405 0.005898 0.491768 
0.972682 0.010680 0.008319 0.008319 
0.250000 0.250000 0.250000 0.250000 
 133
0.479817 0.005654 0.046210 
0.462778 0.988448 0.462022 
0.057405 0.005898 0.491768 
0.008319 0.008319 0.975043 0.008319 
0.250000 0.250000 0.250000 0.250000 
 134
0.479817 0.005654 0.046210 
0.462778 0.988448 0.462022 
0.057405 0.005898 0.491768 
0.975043 0.008319 0.008319 0.008319 
0.250000 0.250000 0.250000 0.250000 
 135
0.479817 0.005654 0.046210 
0.462778 0.988448 0.462022 
0.057405 0.005898 0.491768 
0.008319 0.008319 0.969992 0.013370 
0.250000 0.250000 0.250000 0.250000 
 136
0.479817 0.005654 0.046210 
0.462778 0.988448 0.462022 
0.057405 0.005898 0.491768 
0.008319 0.009471 0.008319 0.973891 
0.250000 0.250000 0.250000 0.250000 
 137
0.479817 0.005654 0.046210 
0.462778 0.988448 0.462022 
0.057405 0.005898 0.491768 
0.008319 0.008319 0.975043 0.008319 
0.250000 0.250000 0.250000 0.250000 
 138
0.479817 0.005654 0.046210 
0.462778 0.988448 0.462022 
0.057405 0.005898 0.491768 
0.009408 0.008319 0.018692 0.963581 
0.250000 0.250000 0.250000 0.250000 
 139
0.479817 0.005654 0.046210 
0.462778 0.988448 0.462022 
0.057405 0.005898 0.491768 
0.009729 0.973614 0.008329 0.008329 
0.250000 0.250000 0.250000 0.250000 
 140
0.479817 0.005654 0.046210 
0.462778 0.988448 0.462022 
0.057405 0.005898 0.491768 
0.008319 0.008319 0.008319 0.975043 
0.250000 0.250000 0.250000 0.250000 
 141
0.479817 0.005654 0.046210 
0.462778 0.988448 0.462022 
0.057405 0.005898 0.491768 
0.008319 0.008319 0.011877 0.971485 
0.250000 0.250000 0.250000 0.250000 
 142
0.479817 0.005654 0.046210 
0.462778 0.988448 0.462022 
0.057405 0.005898 0.491768 
0.973511 0.009852 0.008319 0.008319 
0.250000 0.250000 0.250000 0.250000 
 143
0.479817 0.005654 0.046210 
0.462778 0.988448 0.462022 
0.057405 0.005898 0.491768 
0.975043 0.008319 0.008319 0.008319 
0.250000 0.250000 0.250000 0.250000 
 144
0.479817 0.005654 0.046210 
0.462778 0.988448 0.462022 
0.057405 0.005898 0.491768 
0.008319 0.008319 0.971222 0.012140 
0.250000 0.250000 0.250000 0.250000 
 145
0.479817 0.005654 0.046210 
0.462778 0.988448 0.462022 
0.057405 0.005898 0.491768 
0.008319 0.008319 0.975043 0.008319 
0.250000 0.250000 0.250000 0.250000 
 146
0.479817 0.005654 0.046210 
0.462778 0.988448 0.462022 
0.057405 0.005898 0.491768 
0.008319 0.008319 0.008319 0.975043 
0.250000 0.250000 0.250000 0.250000 
 147
0.479817 0.005654 0.046210 
0.462778 0.988448 0.462022 
0.057405 0.005898 0.491768 
0.008319 0.008319 0.008319 0.975043 
0.250000 0.250000 0.250000 0.250000 
 148
0.479817 0.005654 0.046210 
0.462778 0.988448 0.462022 
0.057405 0.005898 0.491768 
0.008319 0.008319 0.973575 0.009787 
0.250000 0.250000 0.250000 0.250000 
 149
0.479817 0.005654 0.046210 
0.462778 0.988448 0.462022 
0.057405 0.005898 0.491768 
0.008319 0.008319 0.008319 0.975043 
0.250000 0.250000 0.250000 0.250000 
 150
0.479817 0.005654 0.046210 
0.462778 0.988448 0.462022 
0.057405 0.005898 0.491768 
0.971884 0.008319 0.011478 0.008319 
0.250000 0.250000 0.250000 0.250000 
 151
0.479817 0.005654 0.046210 
0.462778 0.988448 0.462022 
0.057405 0.005898 0.491768 
0.008319 0.975043 0.008319 0.008319 
0.250000 0.250000 0.250000 0.250000 
 152
0.479817 0.005654 0.046210 
0.462778 0.988448 0.462022 
0.057405 0.005898 0.491768 
0.975043 0.008319 0.008319 0.008319 
0.250000 0.250000 0.250000 0.250000 
 153
0.479817 0.005654 0.046210 
0.462778 0.988448 0.462022 
0.057405 0.005898 0.491768 
0.973710 0.009652 0.008319 0.008319 
0.250000 0.250000 0.250000 0.250000 
 154
0.479817 0.005654 0.046210 
0.462778 0.988448 0.462022 
0.057405 0.005898 0.491768 
0.018461 0.964884 0.008328 0.008328 
0.250000 0.250000 0.250000 0.250000 
 155
0.479817 0.005654 0.046210 
0.462778 0.988448 0.462022 
0.057405 0.005898 0.491768 
0.972736 0.009427 0.008319 0.009518 
0.250000 0.250000 0.250000 0.250000 
 156
0.479817 0.005654 0.046210 
0.462778 0.988448 0.462022 
0.057405 0.005898 0.491768 
0.008319 0.008319 0.973738 0.009624 
0.250000 0.250000 0.250000 0.250000 
 157
0.479817 0.005654 0.046210 
0.462778 0.988448 0.462022 
0.057405 0.005898 0.491768 
0.973596 0.009766 0.008319 0.008319 
0.250000 0.250000 0.250000 0.250000 
 158
0.479817 0.005654 0.046210 
0.462778 0.988448 0.462022 
0.057405 0.005898 0.491768 
0.975043 0.008319 0.008319 0.008319 
0.250000 0.250000 0.250000 0.250000 
 159
0.479817 0.005654 0.046210 
0.462778 0.988448 0.462022 
0.057405 0.005898 0.491768 
0.022531 0.958453 0.008319 0.010697 
0.250000 0.250000 0.250000 0.250000 
 160
0.479817 0.005654 0.046210 
0.462778 0.988448 0.462022 
0.057405 0.005898 0.491768 
0.008319 0.008319 0.975043 0.008319 
0.250000 0.250000 0.250000 0.250000 
 161
0.479817 0.005654 0.046210 
0.462778 0.988448 0.462022 
0.057405 0.005898 0.491768 
0.975043 0.008319 0.008319 0.008319 
0.250000 0.250000 0.250000 0.250000 
 162
0.479817 0.005654 0.046210 
0.462778 0.988448 0.462022 
0.057405 0.005898 0.491768 
0.008319 0.008319 0.015601 0.967761 
0.250000 0.250000 0.250000 0.250000 
 163
0.479817 0.005654 0.046210 
0.462778 0.988448 0.462022 
0.057405 0.005898 0.491768 
0.936360 0.046958 0.008341 0.008341 
0.250000 0.250000 0.250000 0.250000 
 164
0.479817 0.005654 0.046210 
0.462778 0.988448 0.462022 
0.057405 0.005898 0.491768 
0.973860 0.009502 0.008319 0.008319 
0.250000 0.250000 0.250000 0.250000 
 165
0.479817 0.005654 0.046210 
0.462778 0.988448 0.462022 
0.057405 0.005898 0.491768 
0.008319 0.008319 0.871571 0.111791 
0.250000 0.250000 0.250000 0.250000 
 166
0.479817 0.005654 0.046210 
0.462778 0.988448 0.462022 
0.057405 0.005898 0.491768 
0.013354 0.970008 0.008319 0.008319 
0.250000 0.250000 0.250000 0.250000 
 167
0.479817 0.005654 0.046210 
0.462778 0.988448 0.462022 
0.057405 0.005898 0.491768 
0.009520 0.973842 0.008319 0.008319 
0.250000 0.250000 0.250000 0.250000 
 168
0.479817 0.005654 0.046210 
0.462778 0.988448 0.462022 
0.057405 0.005898 0.491768 
0.009855 0.971046 0.008319 0.010780 
0.250000 0.250000 0.250000 0.250000 
 169
0.479817 0.005654 0.046210 
0.462778 0.988448 0.462022 
0.057405 0.005898 0.491768 
0.975043 0.008319 0.008319 0.008319 
0.250000 0.250000 0.250000 0.250000 
 170
0.479817 0.005654 0.046210 
0.462778 0.988448 0.462022 
0.057405 0.005898 0.491768 
0.971582 0.011780 0.008319 0.008319 
0.250000 0.250000 0.250000 0.250000 
 171
0.479817 0.005654 0.046210 
0.462778 0.988448 0.462022 
0.057405 0.005898 0.491768 
0.973604 0.009758 0.008319 0.008319 
0.250000 0.250000 0.250000 0.250000 
 172
0.479817 0.005654 0.046210 
0.462778 0.988448 0.462022 
0.057405 0.005898 0.491768 
0.008338 0.008338 0.972187 0.011137 
0.250000 0.250000 0.250000 0.250000 
 173
0.479817 0.005654 0.046210 
0.462778 0.988448 0.462022 
0.057405 0.005898 0.491768 
0.008319 0.008319 0.008319 0.975043 
0.250000 0.250000 0.250000 0.250000 
 174
0.479817 0.005654 0.046210 
0.462778 0.988448 0.462022 
0.057405 0.005898 0.491768 
0.975043 0.008319 0.008319 0.008319 
0.250000 0.250000 0.250000 0.250000 
 175
0.479817 0.005654 0.046210 
0.462778 0.988448 0.462022 
0.057405 0.005898 0.491768 
0.008319 0.008319 0.008319 0.975043 
0.250000 0.250000 0.250000 0.250000 
 176
0.479817 0.005654 0.046210 
0.462778 0.988448 0.462022 
0.057405 0.005898 0.491768 
0.008319 0.975043 0.008319 0.008319 
0.250000 0.250000 0.250000 0.250000 
 177
0.479817 0.005654 0.046210 
0.462778 0.988448 0.462022 
0.057405 0.005898 0.491768 
0.008319 0.008319 0.975043 0.008319 
0.250000 0.250000 0.250000 0.250000 
 178
0.479817 0.005654 0.046210 
0.462778 0.988448 0.462022 
0.057405 0.005898 0.491768 
0.975043 0.008319 0.008319 0.008319 
0.250000 0.250000 0.250000 0.250000 
 179
0.479817 0.005654 0.046210 
0.462778 0.988448 0.462022 
0.057405 0.005898 0.491768 
0.969972 0.013390 0.008319 0.008319 
0.250000 0.250000 0.250000 0.250000 
 180
0.479817 0.005654 0.046210 
0.462778 0.988448 0.462022 
0.057405 0.005898 0.491768 
0.953696 0.029651 0.008326 0.008326 
0.250000 0.250000 0.250000 0.250000 
 181
0.479817 0.005654 0.046210 
0.462778 0.988448 0.462022 
0.057405 0.005898 0.491768 
0.008319 0.008319 0.969465 0.013897 
0.250000 0.250000 0.250000 0.250000 
 182
0.479817 0.005654 0.046210 
0.462778 0.988448 0.462022 
0.057405 0.005898 0.491768 
0.008319 0.008319 0.008319 0.975043 
0.250000 0.250000 0.250000 0.250000 
 183
0.479817 0.005654 0.046210 
0.462778 0.988448 0.462022 
0.057405 0.005898 0.491768 
0.968441 0.014921 0.008319 0.008319 
0.250000 0.250000 0.250000 0.250000 
 184
0.479817 0.005654 0.046210 
0.462778 0.988448 0.462022 
0.057405 0.005898 0.491768 
0.968619 0.014727 0.008327 0.008327 
0.250000 0.250000 0.250000 0.250000 
 185
0.479817 0.005654 0.046210 
0.462778 0.988448 0.462022 
0.057405 0.005898 0.491768 
0.033851 0.949495 0.008327 0.008327 
0.250000 0.250000 0.250000 0.250000 
 186
0.479817 0.005654 0.046210 
0.462778 0.988448 0.462022 
0.057405 0.005898 0.491768 
0.975008 0.008331 0.008331 0.008331 
0.250000 0.250000 0.250000 0.250000 
 187
0.479817 0.005654 0.046210 
0.462778 0.988448 0.462022 
0.057405 0.005898 0.491768 
0.008331 0.975008 0.008331 0.008331 
0.250000 0.250000 0.250000 0.250000 
 188
0.479817 0.005654 0.046210 
0.462778 0.988448 0.462022 
0.057405 0.005898 0.491768 
0.008319 0.975043 0.008319 0.008319 
0.250000 0.250000 0.250000 0.250000 
 189
0.479817 0.005654 0.046210 
0.462778 0.988448 0.462022 
0.057405 0.005898 0.491768 
0.016764 0.965198 0.008319 0.009719 
0.250000 0.250000 0.250000 0.250000 
 190
0.479817 0.005654 0.046210 
0.462778 0.988448 0.462022 
0.057405 0.005898 0.491768 
0.032740 0.950622 0.008319 0.008319 
0.250000 0.250000 0.250000 0.250000 
 191
0.479817 0.005654 0.046210 
0.462778 0.988448 0.462022 
0.057405 0.005898 0.491768 
0.008319 0.008319 0.013431 0.969931 
0.250000 0.250000 0.250000 0.250000 
 192
0.479817 0.005654 0.046210 
0.462778 0.988448 0.462022 
0.057405 0.005898 0.491768 
0.975043 0.008319 0.008319 0.008319 
0.250000 0.250000 0.250000 0.250000 
 193
0.479817 0.005654 0.046210 
0.462778 0.988448 0.462022 
0.057405 0.005898 0.491768 
0.029442 0.952468 0.009771 0.008319 
0.250000 0.250000 0.250000 0.250000 
 194
0.479817 0.005654 0.046210 
0.462778 0.988448 0.462022 
0.057405 0.005898 0.491768 
0.010066 0.008319 0.971371 0.010244 
0.250000 0.250000 0.250000 0.250000 
 195
0.479817 0.005654 0.046210 
0.462778 0.988448 0.462022 
0.057405 0.005898 0.491768 
0.008319 0.008319 0.973862 0.009500 
0.250000 0.250000 0.250000 0.250000 
 196
0.479817 0.005654 0.046210 
0.462778 0.988448 0.462022 
0.057405 0.005898 0.491768 
0.008319 0.008319 0.975043 0.008319 
0.250000 0.250000 0.250000 0.250000 
 197
0.479817 0.005654 0.046210 
0.462778 0.988448 0.462022 
0.057405 0.005898 0.491768 
0.008319 0.008319 0.973891 0.009471 
0.250000 0.250000 0.250000 0.250000 
 198
0.479817 0.005654 0.046210 
0.462778 0.988448 0.462022 
0.057405 0.005898 0.491768 
0.971505 0.010181 0.008319 0.009994 
0.250000 0.250000 0.250000 0.250000 
 199
0.479817 0.005654 0.046210 
0.462778 0.988448 0.462022 
0.057405 0.005898 0.491768 
0.008326 0.008326 0.013031 0.970316 
0.250000 0.250000 0.250000 0.250000 
 200
0.479817 0.005654 0.046210 
0.462778 0.988448 0.462022 
0.057405 0.005898 0.491768 
0.008319 0.008319 0.008319 0.975043 
0.250000 0.250000 0.250000 0.250000 
 201
0.479817 0.005654 0.046210 
0.462778 0.988448 0.462022 
0.057405 0.005898 0.491768 
0.012337 0.971025 0.008319 0.008319 
0.250000 0.250000 0.250000 0.250000 
 202
0.479817 0.005654 0.046210 
0.462778 0.988448 0.462022 
0.057405 0.005898 0.491768 
0.008319 0.008319 0.975043 0.008319 
0.250000 0.250000 0.250000 0.250000 
 203
0.479817 0.005654 0.046210 
0.462778 0.988448 0.462022 
0.057405 0.005898 0.491768 
0.975043 0.008319 0.008319 0.008319 
0.250000 0.250000 0.250000 0.250000 
 204
0.479817 0.005654 0.046210 
0.462778 0.988448 0.462022 
0.057405 0.005898 0.491768 
0.008319 0.008319 0.008319 0.975043 
0.250000 0.250000 0.250000 0.250000 
 205
0.479817 0.005654 0.046210 
0.462778 0.988448 0.462022 
0.057405 0.005898 0.491768 
0.008319 0.008319 0.009994 0.973368 
0.250000 0.250000 0.250000 0.250000 
 206
0.479817 0.005654 0.046210 
0.462778 0.988448 0.462022 
0.057405 0.005898 0.491768 
0.008319 0.008319 0.008319 0.975043 
0.250000 0.250000 0.250000 0.250000 
 207
0.479817 0.005654 0.046210 
0.462778 0.988448 0.462022 
0.057405 0.005898 0.491768 
0.046498 0.936864 0.008319 0.008319 
0.250000 0.250000 0.250000 0.250000 
 208
0.479817 0.005654 0.046210 
0.462778 0.988448 0.462022 
0.057405 0.005898 0.491768 
0.008319 0.975043 0.008319 0.008319 
0.250000 0.250000 0.250000 0.250000 
 209
0.479817 0.005654 0.046210 
0.462778 0.988448 0.462022 
0.057405 0.005898 0.491768 
0.009803 0.973559 0.008319 0.008319 
0.250000 0.250000 0.250000 0.250000 
 210
0.479817 0.005654 0.046210 
0.462778 0.988448 0.462022 
0.057405 0.005898 0.491768 
0.008319 0.008319 0.010378 0.972984 
0.250000 0.250000 0.250000 0.250000 
 211
0.479817 0.005654 0.046210 
0.462778 0.988448 0.462022 
0.057405 0.005898 0.491768 
0.971908 0.011454 0.008319 0.008319 
0.250000 0.250000 0.250000 0.250000 
 212
0.479817 0.005654 0.046210 
0.462778 0.988448 0.462022 
0.057405 0.005898 0.491768 
0.975014 0.008329 0.008329 0.008329 
0.250000 0.250000 0.250000 0.250000 
 213
0.479817 0.005654 0.046210 
0.462778 0.988448 0.462022 
0.057405 0.005898 0.491768 
0.975043 0.008319 0.008319 0.008319 
0.250000 0.250000 0.250000 0.250000 
 214
0.479817 0.005654 0.046210 
0.462778 0.988448 0.462022 
0.057405 0.005898 0.491768 
0.008319 0.008319 0.008319 0.975043 
0.250000 0.250000 0.250000 0.250000 
 215
0.479817 0.005654 0.046210 
0.462778 0.988448 0.462022 
0.057405 0.005898 0.491768 
0.008319 0.975043 0.008319 0.008319 
0.250000 0.250000 0.250000 0.250000 
 216
0.479817 0.005654 0.046210 
0.462778 0.988448 0.462022 
0.057405 0.005898 0.491768 
0.008319 0.008319 0.010378 0.972984 
0.250000 0.250000 0.250000 0.250000 
 217
0.479817 0.005654 0.046210 
0.462778 0.988448 0.462022 
0.057405 0.005898 0.491768 
0.971780 0.011582 0.008319 0.008319 
0.250000 0.250000 0.250000 0.250000 
 218
0.479817 0.005654 0.046210 
0.462778 0.988448 0.462022 
0.057405 0.005898 0.491768 
0.937352 0.043682 0.010647 0.008319 
0.250000 0.250000 0.250000 0.250000 
 219
0.479817 0.005654 0.046210 
0.462778 0.988448 0.462022 
0.057405 0.005898 0.491768 
0.008319 0.008319 0.973583 0.009779 
0.250000 0.250000 0.250000 0.250000 
 220
0.479817 0.005654 0.046210 
0.462778 0.988448 0.462022 
0.057405 0.005898 0.491768 
0.975043 0.008319 0.008319 0.008319 
0.250000 0.250000 0.250000 0.250000 
 221
0.479817 0.005654 0.046210 
0.462778 0.988448 0.462022 
0.057405 0.005898 0.491768 
0.008319 0.008319 0.008319 0.975043 
0.250000 0.250000 0.250000 0.250000 
 222
0.479817 0.005654 0.046210 
0.462778 0.988448 0.462022 
0.057405 0.005898 0.491768 
0.014569 0.008319 0.008319 0.968793 
0.250000 0.250000 0.250000 0.250000 
 223
0.479817 0.005654 0.046210 
0.462778 0.988448 0.462022 
0.057405 0.005898 0.491768 
0.008319 0.975043 0.008319 0.008319 
0.250000 0.250000 0.250000 0.250000 
 224
0.479817 0.005654 0.046210 
0.462778 0.988448 0.462022 
0.057405 0.005898 0.491768 
0.008319 0.008319 0.975043 0.008319 
0.250000 0.250000 0.250000 0.250000 
 225
0.479817 0.005654 0.046210 
0.462778 0.988448 0.462022 
0.057405 0.005898 0.491768 
0.008319 0.008319 0.009769 0.973593 
0.250000 0.250000 0.250000 0.250000 
 226
0.479817 0.005654 0.046210 
0.462778 0.988448 0.462022 
0.057405 0.005898 0.491768 
0.008319 0.975043 0.008319 0.008319 
0.250000 0.250000 0.250000 0.250000 
 227
0.479817 0.005654 0.046210 
0.462778 0.988448 0.462022 
0.057405 0.005898 0.491768 
0.008319 0.975043 0.008319 0.008319 
0.250000 0.250000 0.250000 0.250000 
 228
0.479817 0.005654 0.046210 
0.462778 0.988448 0.462022 
0.057405 0.005898 0.491768 
0.012155 0.008319 0.969559 0.009967 
0.250000 0.250000 0.250000 0.250000 
 229
0.479817 0.005654 0.046210 
0.462778 0.988448 0.462022 
0.057405 0.005898 0.491768 
0.008319 0.008319 0.008319 0.975043 
0.250000 0.250000 0.250000 0.250000 
 230
0.479817 0.005654 0.046210 
0.462778 0.988448 0.462022 
0.057405 0.005898 0.491768 
0.008319 0.975043 0.008319 0.008319 
0.250000 0.250000 0.250000 0.250000 
 231
0.479817 0.005654 0.046210 
0.462778 0.988448 0.462022 
0.057405 0.005898 0.491768 
0.008319 0.975043 0.008319 0.008319 
0.250000 0.250000 0.250000 0.250000 
 232
0.479817 0.005654 0.046210 
0.462778 0.988448 0.462022 
0.057405 0.005898 0.491768 
0.975043 0.008319 0.008319 0.008319 
0.250000 0.250000 0.250000 0.250000 
 233
0.479817 0.005654 0.046210 
0.462778 0.988448 0.462022 
0.057405 0.005898 0.491768 
0.008319 0.008319 0.008319 0.975043 
0.250000 0.250000 0.250000 0.250000 
 234
0.479817 0.005654 0.046210 
0.462778 0.988448 0.462022 
0.057405 0.005898 0.491768 
0.008319 0.008319 0.965938 0.017424 
0.250000 0.250000 0.250000 0.250000 
 235
