%  SAM: modelfromalign v3.5 (July 15, 2005) compiled 03/03/09_11:47:37
%  (c) 1992-2001 Regents of the University of California, Santa Cruz
%
%          Sequence Alignment and Modeling Software System
%         http://www.cse.ucsc.edu/research/compbio/sam.html
%
% ----------------- Citations (SAM, SAM-T2K, HMMs) --------------------
% R. Hughey, A. Krogh, Hidden Markov models for sequence analysis:
%  Extension and analysis of the basic method, CABIOS 12:95-107, 1996.
% K. Karplus, et al., What is the value added by human intervention in protein
%  structure prediction, Proteins: Stucture, Function, Genetics 45(S5):86--91, 2001.
% A. Krogh et al., Hidden Markov models in computational biology:
%  Applications to protein modeling, JMB 235:1501-1531, Feb 1994.
% ---------------------------------------------------------------------
%  A_HA_H9_hmm   Host: m222714.cdc.gov    Wed May 21 18:06:32 2014
%  vfn4          Dir:  /Volumes/gf_atl_2012/Genotyping/IRMA/segments/HA
% ---------------------------------------------------------------------
%  Alignment weights from internal calc.  Total (39.47) Max (0.20) Min (0.01)
%  Weights from alignment method 1 (karplus), b=-1.000000, e=0.500000
MODEL --  Model from alignment file rev/A_HA_H9.fasta
alphabet DNA
FREQAVE
0.000000 0.000000 0.000000 
0.000000 0.000000 0.000000 
0.000000 0.000000 0.000000 
0.239513 0.190831 0.225843 0.343813 
0.239513 0.190831 0.225843 0.343813 
Begin
0.000000 0.000000 0.000000 
0.000000 0.000000 0.000000 
0.000000 0.004791 0.491768 
0.250000 0.250000 0.250000 0.250000 
0.250000 0.250000 0.250000 0.250000 
   1
0.000000 0.292853 0.046210 
0.000000 0.702356 0.462022 
0.011325 0.006731 0.491768 
0.012467 0.014324 0.066395 0.906814 
0.250000 0.250000 0.250000 0.250000 
   2
0.891203 0.006452 0.046210 
0.097472 0.986816 0.462022 
0.011395 0.006710 0.491768 
0.012272 0.016118 0.015019 0.956590 
0.250000 0.250000 0.250000 0.250000 
   3
0.879457 0.006432 0.046210 
0.109148 0.986857 0.462022 
0.011595 0.006653 0.491768 
0.953600 0.013988 0.014307 0.018105 
0.250000 0.250000 0.250000 0.250000 
   4
0.859691 0.006377 0.046210 
0.128713 0.986970 0.462022 
0.012019 0.006541 0.491768 
0.011907 0.017847 0.013613 0.956633 
0.250000 0.250000 0.250000 0.250000 
   5
0.888775 0.006270 0.046210 
0.099206 0.987190 0.462022 
0.012047 0.006534 0.491768 
0.962927 0.009741 0.009741 0.017590 
0.250000 0.250000 0.250000 0.250000 
   6
0.885308 0.006263 0.046210 
0.102645 0.987203 0.462022 
0.012114 0.006517 0.491768 
0.011839 0.009702 0.011712 0.966747 
0.250000 0.250000 0.250000 0.250000 
   7
0.883627 0.006247 0.046210 
0.104259 0.987236 0.462022 
0.012194 0.006498 0.491768 
0.954248 0.015310 0.010721 0.019721 
0.250000 0.250000 0.250000 0.250000 
   8
0.889500 0.006228 0.046210 
0.098306 0.987274 0.462022 
0.012194 0.006498 0.491768 
0.027375 0.009656 0.953313 0.009656 
0.250000 0.250000 0.250000 0.250000 
   9
0.814035 0.006228 0.046210 
0.173770 0.987274 0.462022 
0.013190 0.006283 0.491768 
0.956755 0.013089 0.016693 0.013463 
0.250000 0.250000 0.250000 0.250000 
  10
0.868910 0.006023 0.046210 
0.117900 0.987694 0.462022 
0.013344 0.006254 0.491768 
0.907754 0.042612 0.013976 0.035658 
0.250000 0.250000 0.250000 0.250000 
  11
0.875306 0.005995 0.046210 
0.111350 0.987751 0.462022 
0.013395 0.006245 0.491768 
0.963929 0.010439 0.012732 0.012900 
0.250000 0.250000 0.250000 0.250000 
  12
0.876186 0.005986 0.046210 
0.110419 0.987770 0.462022 
0.013427 0.006238 0.491768 
0.016128 0.009061 0.027660 0.947151 
0.250000 0.250000 0.250000 0.250000 
  13
0.872903 0.005980 0.046210 
0.113670 0.987782 0.462022 
0.013501 0.006225 0.491768 
0.012602 0.963199 0.009031 0.015167 
0.250000 0.250000 0.250000 0.250000 
  14
0.856390 0.005967 0.046210 
0.130110 0.987808 0.462022 
0.013794 0.006174 0.491768 
0.019686 0.018138 0.012297 0.949880 
0.250000 0.250000 0.250000 0.250000 
  15
0.872892 0.005918 0.046210 
0.113314 0.987908 0.462022 
0.013823 0.006169 0.491768 
0.008906 0.019772 0.008906 0.962417 
0.250000 0.250000 0.250000 0.250000 
  16
0.854749 0.005913 0.046210 
0.131428 0.987918 0.462022 
0.014105 0.006122 0.491768 
0.008803 0.970042 0.012352 0.008803 
0.250000 0.250000 0.250000 0.250000 
  17
0.867648 0.008053 0.046210 
0.118247 0.985825 0.462022 
0.014086 0.006126 0.491768 
0.012361 0.008810 0.970019 0.008810 
0.250000 0.250000 0.250000 0.250000 
  18
0.864535 0.005872 0.046210 
0.121380 0.988003 0.462022 
0.014197 0.006108 0.491768 
0.941761 0.034555 0.011367 0.012317 
0.250000 0.250000 0.250000 0.250000 
  19
0.871355 0.005855 0.046210 
0.114448 0.988037 0.462022 
0.014197 0.006108 0.491768 
0.012931 0.012337 0.234342 0.740391 
0.250000 0.250000 0.250000 0.250000 
  20
0.867531 0.005855 0.046210 
0.118272 0.988037 0.462022 
0.014251 0.006099 0.491768 
0.009647 0.018878 0.960900 0.010575 
0.250000 0.250000 0.250000 0.250000 
  21
0.863121 0.005847 0.046210 
0.122628 0.988054 0.462022 
0.014362 0.006082 0.491768 
0.012228 0.012076 0.008715 0.966980 
0.250000 0.250000 0.250000 0.250000 
  22
0.865373 0.005830 0.046210 
0.120264 0.988087 0.462022 
0.014427 0.006073 0.491768 
0.013316 0.969297 0.008694 0.008694 
0.250000 0.250000 0.250000 0.250000 
  23
0.865415 0.005821 0.046210 
0.120158 0.988107 0.462022 
0.014483 0.006064 0.491768 
0.008676 0.008676 0.972341 0.010308 
0.250000 0.250000 0.250000 0.250000 
  24
0.867746 0.006487 0.046210 
0.117771 0.987449 0.462022 
0.014470 0.006066 0.491768 
0.970583 0.009866 0.009932 0.009618 
0.250000 0.250000 0.250000 0.250000 
  25
0.867657 0.009851 0.046210 
0.117873 0.984083 0.462022 
0.014325 0.006088 0.491768 
0.842312 0.020240 0.019042 0.118406 
0.250000 0.250000 0.250000 0.250000 
  26
0.853555 0.005836 0.046210 
0.132120 0.988076 0.462022 
0.014567 0.006052 0.491768 
0.011244 0.971459 0.008648 0.008648 
0.250000 0.250000 0.250000 0.250000 
  27
0.861814 0.005801 0.046210 
0.123618 0.988147 0.462022 
0.014658 0.006039 0.491768 
0.965372 0.012592 0.008620 0.013416 
0.250000 0.250000 0.250000 0.250000 
  28
0.863829 0.005788 0.046210 
0.121512 0.988173 0.462022 
0.014707 0.006031 0.491768 
0.072351 0.027283 0.378702 0.521664 
0.250000 0.250000 0.250000 0.250000 
  29
0.863528 0.005782 0.046210 
0.121764 0.988187 0.462022 
0.014754 0.006025 0.491768 
0.008590 0.015041 0.962692 0.013677 
0.250000 0.250000 0.250000 0.250000 
  30
0.864506 0.005775 0.046210 
0.120739 0.988200 0.462022 
0.014781 0.006021 0.491768 
0.008582 0.011835 0.971001 0.008582 
0.250000 0.250000 0.250000 0.250000 
  31
0.863035 0.005771 0.046210 
0.122184 0.988207 0.462022 
0.014826 0.006015 0.491768 
0.892273 0.090590 0.008568 0.008568 
0.250000 0.250000 0.250000 0.250000 
  32
0.865654 0.005765 0.046210 
0.119520 0.988220 0.462022 
0.014826 0.006015 0.491768 
0.008568 0.009650 0.008568 0.973213 
0.250000 0.250000 0.250000 0.250000 
  33
0.865654 0.005765 0.046210 
0.119520 0.988220 0.462022 
0.014826 0.006015 0.491768 
0.008568 0.011816 0.008568 0.971047 
0.250000 0.250000 0.250000 0.250000 
  34
0.861499 0.005765 0.046210 
0.123675 0.988220 0.462022 
0.014888 0.006006 0.491768 
0.085692 0.858364 0.008550 0.047394 
0.250000 0.250000 0.250000 0.250000 
  35
0.865094 0.005757 0.046210 
0.120019 0.988237 0.462022 
0.014888 0.006006 0.491768 
0.011791 0.971109 0.008550 0.008550 
0.250000 0.250000 0.250000 0.250000 
  36
0.860112 0.005757 0.046210 
0.125001 0.988237 0.462022 
0.014962 0.005996 0.491768 
0.969493 0.010219 0.011761 0.008528 
0.250000 0.250000 0.250000 0.250000 
  37
0.854557 0.005747 0.046210 
0.130481 0.988257 0.462022 
0.015111 0.005976 0.491768 
0.013429 0.008485 0.969601 0.008485 
0.250000 0.250000 0.250000 0.250000 
  38
0.863068 0.005728 0.046210 
0.121821 0.988296 0.462022 
0.015111 0.005976 0.491768 
0.963007 0.009937 0.008485 0.018571 
0.250000 0.250000 0.250000 0.250000 
  39
0.862115 0.005728 0.046210 
0.122773 0.988296 0.462022 
0.015126 0.005974 0.491768 
0.008481 0.018562 0.008481 0.964477 
0.250000 0.250000 0.250000 0.250000 
  40
0.860118 0.005726 0.046210 
0.124756 0.988300 0.462022 
0.015168 0.005968 0.491768 
0.023855 0.954385 0.008469 0.013292 
0.250000 0.250000 0.250000 0.250000 
  41
0.862550 0.005721 0.046210 
0.122282 0.988311 0.462022 
0.015168 0.005968 0.491768 
0.031105 0.946111 0.014315 0.008469 
0.250000 0.250000 0.250000 0.250000 
  42
0.862550 0.005721 0.046210 
0.122282 0.988311 0.462022 
0.015168 0.005968 0.491768 
0.008469 0.012062 0.967570 0.011900 
0.250000 0.250000 0.250000 0.250000 
  43
0.861303 0.005721 0.046210 
0.123529 0.988311 0.462022 
0.015187 0.005966 0.491768 
0.008463 0.012054 0.971019 0.008463 
0.250000 0.250000 0.250000 0.250000 
  44
0.858683 0.005719 0.046210 
0.126129 0.988316 0.462022 
0.015244 0.005959 0.491768 
0.008448 0.008448 0.974657 0.008448 
0.250000 0.250000 0.250000 0.250000 
  45
0.860290 0.005712 0.046210 
0.124467 0.988330 0.462022 
0.015268 0.005955 0.491768 
0.973680 0.009438 0.008441 0.008441 
0.250000 0.250000 0.250000 0.250000 
  46
0.861649 0.005709 0.046210 
0.123083 0.988336 0.462022 
0.015268 0.005955 0.491768 
0.020412 0.957076 0.008441 0.014070 
0.250000 0.250000 0.250000 0.250000 
  47
0.861649 0.005709 0.046210 
0.123083 0.988336 0.462022 
0.015268 0.005955 0.491768 
0.973699 0.009419 0.008441 0.008441 
0.250000 0.250000 0.250000 0.250000 
  48
0.861649 0.005709 0.046210 
0.123083 0.988336 0.462022 
0.015268 0.005955 0.491768 
0.967881 0.008441 0.015237 0.008441 
0.250000 0.250000 0.250000 0.250000 
  49
0.858114 0.005709 0.046210 
0.126618 0.988336 0.462022 
0.015322 0.005948 0.491768 
0.086641 0.008426 0.806929 0.098004 
0.250000 0.250000 0.250000 0.250000 
  50
0.859782 0.005702 0.046210 
0.124896 0.988350 0.462022 
0.015343 0.005946 0.491768 
0.974739 0.008420 0.008420 0.008420 
0.250000 0.250000 0.250000 0.250000 
  51
0.859411 0.005699 0.046210 
0.125246 0.988355 0.462022 
0.015367 0.005943 0.491768 
0.728547 0.189275 0.008414 0.073765 
0.250000 0.250000 0.250000 0.250000 
  52
0.855496 0.005696 0.046210 
0.129137 0.988361 0.462022 
0.015448 0.005932 0.491768 
0.117628 0.864334 0.008392 0.009647 
0.250000 0.250000 0.250000 0.250000 
  53
0.858708 0.005687 0.046210 
0.125844 0.988381 0.462022 
0.015468 0.005930 0.491768 
0.974840 0.008387 0.008387 0.008387 
0.250000 0.250000 0.250000 0.250000 
  54
0.858621 0.005684 0.046210 
0.125910 0.988386 0.462022 
0.015487 0.005928 0.491768 
0.962656 0.013972 0.011814 0.011559 
0.250000 0.250000 0.250000 0.250000 
  55
0.857974 0.005682 0.046210 
0.126539 0.988390 0.462022 
0.015513 0.005924 0.491768 
0.008375 0.973706 0.008375 0.009545 
0.250000 0.250000 0.250000 0.250000 
  56
0.858187 0.005679 0.046210 
0.126300 0.988397 0.462022 
0.015533 0.005922 0.491768 
0.008370 0.974891 0.008370 0.008370 
0.250000 0.250000 0.250000 0.250000 
  57
0.859250 0.005677 0.046210 
0.125217 0.988401 0.462022 
0.015533 0.005922 0.491768 
0.008370 0.008370 0.974891 0.008370 
0.250000 0.250000 0.250000 0.250000 
  58
0.859250 0.005677 0.046210 
0.125217 0.988401 0.462022 
0.015533 0.005922 0.491768 
0.974891 0.008370 0.008370 0.008370 
0.250000 0.250000 0.250000 0.250000 
  59
0.859250 0.005677 0.046210 
0.125217 0.988401 0.462022 
0.015533 0.005922 0.491768 
0.008370 0.973316 0.008370 0.009944 
0.250000 0.250000 0.250000 0.250000 
  60
0.859250 0.005677 0.046210 
0.125217 0.988401 0.462022 
0.015533 0.005922 0.491768 
0.008370 0.008370 0.973698 0.009562 
0.250000 0.250000 0.250000 0.250000 
  61
0.859250 0.005677 0.046210 
0.125217 0.988401 0.462022 
0.015533 0.005922 0.491768 
0.900180 0.083081 0.008370 0.008370 
0.250000 0.250000 0.250000 0.250000 
  62
0.859250 0.005677 0.046210 
0.125217 0.988401 0.462022 
0.015533 0.005922 0.491768 
0.973319 0.009942 0.008370 0.008370 
0.250000 0.250000 0.250000 0.250000 
  63
0.856593 0.005677 0.046210 
0.127874 0.988401 0.462022 
0.015574 0.005917 0.491768 
0.945878 0.032074 0.013689 0.008359 
0.250000 0.250000 0.250000 0.250000 
  64
0.854624 0.005672 0.046210 
0.129802 0.988411 0.462022 
0.015640 0.005909 0.491768 
0.009250 0.008342 0.968266 0.014143 
0.250000 0.250000 0.250000 0.250000 
  65
0.843620 0.005664 0.046210 
0.140740 0.988427 0.462022 
0.015873 0.005881 0.491768 
0.011099 0.013807 0.966810 0.008283 
0.250000 0.250000 0.250000 0.250000 
  66
0.848623 0.005637 0.046210 
0.135504 0.988481 0.462022 
0.015994 0.005867 0.491768 
0.008254 0.008254 0.972710 0.010782 
0.250000 0.250000 0.250000 0.250000 
  67
0.853495 0.005624 0.046210 
0.130511 0.988509 0.462022 
0.016019 0.005864 0.491768 
0.008257 0.008257 0.889998 0.093487 
0.250000 0.250000 0.250000 0.250000 
  68
0.854843 0.005621 0.046210 
0.129138 0.988514 0.462022 
0.016019 0.005864 0.491768 
0.959721 0.018110 0.013921 0.008248 
0.250000 0.250000 0.250000 0.250000 
  69
0.854843 0.005621 0.046210 
0.129138 0.988514 0.462022 
0.016019 0.005864 0.491768 
0.011430 0.009305 0.024923 0.954342 
0.250000 0.250000 0.250000 0.250000 
  70
0.846839 0.005621 0.046210 
0.137143 0.988514 0.462022 
0.016148 0.005850 0.491768 
0.009512 0.008217 0.031074 0.951197 
0.250000 0.250000 0.250000 0.250000 
  71
0.853672 0.005607 0.046210 
0.130180 0.988543 0.462022 
0.016148 0.005850 0.491768 
0.010147 0.965564 0.008217 0.016072 
0.250000 0.250000 0.250000 0.250000 
  72
0.853672 0.005607 0.046210 
0.130180 0.988543 0.462022 
0.016148 0.005850 0.491768 
0.008217 0.016072 0.967493 0.008217 
0.250000 0.250000 0.250000 0.250000 
  73
0.853672 0.005607 0.046210 
0.130180 0.988543 0.462022 
0.016148 0.005850 0.491768 
0.940969 0.030776 0.016072 0.012183 
0.250000 0.250000 0.250000 0.250000 
  74
0.849208 0.005607 0.046210 
0.134644 0.988543 0.462022 
0.016221 0.005842 0.491768 
0.973699 0.009900 0.008200 0.008200 
0.250000 0.250000 0.250000 0.250000 
  75
0.853016 0.005600 0.046210 
0.130764 0.988559 0.462022 
0.016221 0.005842 0.491768 
0.008200 0.413660 0.045849 0.532291 
0.250000 0.250000 0.250000 0.250000 
  76
0.853016 0.005600 0.046210 
0.130764 0.988559 0.462022 
0.016221 0.005842 0.491768 
0.091867 0.010031 0.712603 0.185499 
0.250000 0.250000 0.250000 0.250000 
  77
0.744542 0.006376 0.046210 
0.239238 0.987782 0.462022 
0.018142 0.005659 0.491768 
0.968388 0.007822 0.011810 0.011980 
0.250000 0.250000 0.250000 0.250000 
  78
0.787776 0.005424 0.046210 
0.194082 0.988917 0.462022 
0.019054 0.005588 0.491768 
0.007679 0.007679 0.974129 0.010513 
0.250000 0.250000 0.250000 0.250000 
  79
0.528632 0.005356 0.046210 
0.452314 0.989056 0.462022 
0.027170 0.005201 0.491768 
0.941883 0.043494 0.007697 0.006926 
0.250000 0.250000 0.250000 0.250000 
  80
0.749307 0.004985 0.046210 
0.223524 0.989813 0.462022 
0.027292 0.005197 0.491768 
0.975279 0.008175 0.009628 0.006919 
0.250000 0.250000 0.250000 0.250000 
  81
0.752689 0.004982 0.046210 
0.220019 0.989821 0.462022 
0.027292 0.005197 0.491768 
0.010750 0.972194 0.006919 0.010137 
0.250000 0.250000 0.250000 0.250000 
  82
0.749908 0.004982 0.046210 
0.222800 0.989821 0.462022 
0.027368 0.005195 0.491768 
0.958274 0.020536 0.014275 0.006915 
0.250000 0.250000 0.250000 0.250000 
  83
0.751999 0.004980 0.046210 
0.220632 0.989825 0.462022 
0.027368 0.005195 0.491768 
0.006915 0.979256 0.006915 0.006915 
0.250000 0.250000 0.250000 0.250000 
  84
0.751999 0.004980 0.046210 
0.220632 0.989825 0.462022 
0.027368 0.005195 0.491768 
0.974217 0.011954 0.006915 0.006915 
0.250000 0.250000 0.250000 0.250000 
  85
0.748644 0.004980 0.046210 
0.223987 0.989825 0.462022 
0.027460 0.005192 0.491768 
0.008602 0.008303 0.028821 0.954274 
0.250000 0.250000 0.250000 0.250000 
  86
0.739613 0.004977 0.046210 
0.232926 0.989831 0.462022 
0.027781 0.005183 0.491768 
0.006891 0.977296 0.008922 0.006891 
0.250000 0.250000 0.250000 0.250000 
  87
0.741032 0.004968 0.046210 
0.231187 0.989850 0.462022 
0.027984 0.005177 0.491768 
0.977333 0.006880 0.006880 0.008907 
0.250000 0.250000 0.250000 0.250000 
  88
0.736209 0.004962 0.046210 
0.235807 0.989861 0.462022 
0.028272 0.005168 0.491768 
0.008039 0.975289 0.006865 0.009807 
0.250000 0.250000 0.250000 0.250000 
  89
0.741423 0.004954 0.046210 
0.230305 0.989878 0.462022 
0.028340 0.005166 0.491768 
0.007631 0.978647 0.006861 0.006861 
0.250000 0.250000 0.250000 0.250000 
  90
0.743195 0.004952 0.046210 
0.228465 0.989881 0.462022 
0.028340 0.005166 0.491768 
0.006861 0.012416 0.973862 0.006861 
0.250000 0.250000 0.250000 0.250000 
  91
0.738136 0.004952 0.046210 
0.233524 0.989881 0.462022 
0.028484 0.005162 0.491768 
0.037738 0.948556 0.006853 0.006853 
0.250000 0.250000 0.250000 0.250000 
  92
0.740007 0.004948 0.046210 
0.231509 0.989889 0.462022 
0.028538 0.005161 0.491768 
0.969698 0.014582 0.008869 0.006851 
0.250000 0.250000 0.250000 0.250000 
  93
0.741402 0.004947 0.046210 
0.230060 0.989892 0.462022 
0.028538 0.005161 0.491768 
0.006851 0.006851 0.979448 0.006851 
0.250000 0.250000 0.250000 0.250000 
  94
0.741402 0.004947 0.046210 
0.230060 0.989892 0.462022 
0.028538 0.005161 0.491768 
0.955264 0.029017 0.008869 0.006851 
0.250000 0.250000 0.250000 0.250000 
  95
0.741402 0.004947 0.046210 
0.230060 0.989892 0.462022 
0.028538 0.005161 0.491768 
0.010452 0.975847 0.006851 0.006851 
0.250000 0.250000 0.250000 0.250000 
  96
0.741402 0.004947 0.046210 
0.230060 0.989892 0.462022 
0.028538 0.005161 0.491768 
0.006851 0.006851 0.008433 0.977865 
0.250000 0.250000 0.250000 0.250000 
  97
0.741402 0.004947 0.046210 
0.230060 0.989892 0.462022 
0.028538 0.005161 0.491768 
0.022294 0.007749 0.907095 0.062862 
0.250000 0.250000 0.250000 0.250000 
  98
0.741402 0.004947 0.046210 
0.230060 0.989892 0.462022 
0.028538 0.005161 0.491768 
0.008650 0.977648 0.006851 0.006851 
0.250000 0.250000 0.250000 0.250000 
  99
0.737301 0.004947 0.046210 
0.234161 0.989892 0.462022 
0.028655 0.005158 0.491768 
0.977331 0.008087 0.006844 0.007738 
0.250000 0.250000 0.250000 0.250000 
 100
0.740338 0.004944 0.046210 
0.231007 0.989899 0.462022 
0.028655 0.005158 0.491768 
0.976413 0.009898 0.006844 0.006844 
0.250000 0.250000 0.250000 0.250000 
 101
0.740338 0.004944 0.046210 
0.231007 0.989899 0.462022 
0.028655 0.005158 0.491768 
0.006844 0.006844 0.006844 0.979467 
0.250000 0.250000 0.250000 0.250000 
 102
0.735615 0.004944 0.046210 
0.235730 0.989899 0.462022 
0.028791 0.005154 0.491768 
0.978291 0.008034 0.006838 0.006838 
0.250000 0.250000 0.250000 0.250000 
 103
0.680587 0.004940 0.046210 
0.290622 0.989906 0.462022 
0.030581 0.005108 0.491768 
0.971641 0.014854 0.006753 0.006753 
0.250000 0.250000 0.250000 0.250000 
 104
0.712513 0.004897 0.046210 
0.256906 0.989995 0.462022 
0.030901 0.005101 0.491768 
0.978911 0.007612 0.006739 0.006739 
0.250000 0.250000 0.250000 0.250000 
 105
0.717956 0.004890 0.046210 
0.251143 0.990009 0.462022 
0.030964 0.005100 0.491768 
0.006736 0.006736 0.006736 0.979792 
0.250000 0.250000 0.250000 0.250000 
 106
0.712726 0.004888 0.046210 
0.256310 0.990012 0.462022 
0.031173 0.005095 0.491768 
0.118297 0.855636 0.006732 0.019335 
0.250000 0.250000 0.250000 0.250000 
 107
0.715467 0.004884 0.046210 
0.253360 0.990022 0.462022 
0.031237 0.005093 0.491768 
0.006725 0.979826 0.006725 0.006725 
0.250000 0.250000 0.250000 0.250000 
 108
0.708915 0.004882 0.046210 
0.259848 0.990025 0.462022 
0.031490 0.005088 0.491768 
0.012339 0.006714 0.008151 0.972796 
0.250000 0.250000 0.250000 0.250000 
 109
0.714652 0.004877 0.046210 
0.253858 0.990036 0.462022 
0.031490 0.005088 0.491768 
0.221898 0.692896 0.014433 0.070773 
0.250000 0.250000 0.250000 0.250000 
 110
0.714652 0.004877 0.046210 
0.253858 0.990036 0.462022 
0.031490 0.005088 0.491768 
0.975380 0.006714 0.011192 0.006714 
0.250000 0.250000 0.250000 0.250000 
 111
0.712048 0.004877 0.046210 
0.256462 0.990036 0.462022 
0.031572 0.005086 0.491768 
0.007895 0.978684 0.006711 0.006711 
0.250000 0.250000 0.250000 0.250000 
 112
0.709448 0.004875 0.046210 
0.258980 0.990039 0.462022 
0.031713 0.005083 0.491768 
0.118633 0.834683 0.006710 0.039974 
0.250000 0.250000 0.250000 0.250000 
 113
0.703480 0.004872 0.046210 
0.264806 0.990045 0.462022 
0.032006 0.005076 0.491768 
0.978185 0.006693 0.007676 0.007446 
0.250000 0.250000 0.250000 0.250000 
 114
0.707125 0.004866 0.046210 
0.260869 0.990058 0.462022 
0.032098 0.005074 0.491768 
0.006690 0.006690 0.009858 0.976762 
0.250000 0.250000 0.250000 0.250000 
 115
0.702479 0.004864 0.046210 
0.265423 0.990061 0.462022 
0.032313 0.005070 0.491768 
0.006681 0.006681 0.110378 0.876260 
0.250000 0.250000 0.250000 0.250000 
 116
0.704478 0.004860 0.046210 
0.263209 0.990070 0.462022 
0.032401 0.005068 0.491768 
0.006678 0.006678 0.009925 0.976719 
0.250000 0.250000 0.250000 0.250000 
 117
0.706396 0.004858 0.046210 
0.261203 0.990074 0.462022 
0.032401 0.005068 0.491768 
0.006678 0.006678 0.006678 0.979966 
0.250000 0.250000 0.250000 0.250000 
 118
0.687159 0.004858 0.046210 
0.280440 0.990074 0.462022 
0.033036 0.005055 0.491768 
0.011151 0.975540 0.006654 0.006654 
0.250000 0.250000 0.250000 0.250000 
 119
0.700637 0.004846 0.046210 
0.266327 0.990099 0.462022 
0.033036 0.005055 0.491768 
0.006654 0.006654 0.006654 0.980038 
0.250000 0.250000 0.250000 0.250000 
 120
0.700637 0.004846 0.046210 
0.266327 0.990099 0.462022 
0.033036 0.005055 0.491768 
0.974217 0.012475 0.006654 0.006654 
0.250000 0.250000 0.250000 0.250000 
 121
0.529945 0.005228 0.046210 
0.437019 0.989717 0.462022 
0.039695 0.004947 0.491768 
0.879896 0.103527 0.007237 0.009340 
0.250000 0.250000 0.250000 0.250000 
 122
0.636763 0.004742 0.046210 
0.323541 0.990310 0.462022 
0.039836 0.004946 0.491768 
0.017330 0.969762 0.006454 0.006454 
0.250000 0.250000 0.250000 0.250000 
 123
0.635349 0.004741 0.046210 
0.324815 0.990314 0.462022 
0.039983 0.004944 0.491768 
0.006450 0.007923 0.010474 0.975153 
0.250000 0.250000 0.250000 0.250000 
 124
0.635058 0.004739 0.046210 
0.324959 0.990318 0.462022 
0.040088 0.004942 0.491768 
0.017566 0.022075 0.128312 0.832047 
0.250000 0.250000 0.250000 0.250000 
 125
0.636734 0.004737 0.046210 
0.323177 0.990320 0.462022 
0.040088 0.004942 0.491768 
0.006448 0.006448 0.963610 0.023494 
0.250000 0.250000 0.250000 0.250000 
 126
0.636734 0.004737 0.046210 
0.323177 0.990320 0.462022 
0.040088 0.004942 0.491768 
0.006448 0.006448 0.979306 0.007798 
0.250000 0.250000 0.250000 0.250000 
 127
0.636734 0.004737 0.046210 
0.323177 0.990320 0.462022 
0.040088 0.004942 0.491768 
0.010989 0.006448 0.249560 0.733003 
0.250000 0.250000 0.250000 0.250000 
 128
0.636734 0.004737 0.046210 
0.323177 0.990320 0.462022 
0.040088 0.004942 0.491768 
0.006448 0.006448 0.008324 0.978780 
0.250000 0.250000 0.250000 0.250000 
 129
0.636734 0.004737 0.046210 
0.323177 0.990320 0.462022 
0.040088 0.004942 0.491768 
0.006448 0.011668 0.975436 0.006448 
0.250000 0.250000 0.250000 0.250000 
 130
0.636734 0.004737 0.046210 
0.323177 0.990320 0.462022 
0.040088 0.004942 0.491768 
0.961885 0.016440 0.007997 0.013679 
0.250000 0.250000 0.250000 0.250000 
 131
0.631446 0.004737 0.046210 
0.328465 0.990320 0.462022 
0.040302 0.004940 0.491768 
0.013629 0.968490 0.010290 0.007592 
0.250000 0.250000 0.250000 0.250000 
 132
0.634803 0.004735 0.046210 
0.324895 0.990326 0.462022 
0.040302 0.004940 0.491768 
0.979054 0.008060 0.006443 0.006443 
0.250000 0.250000 0.250000 0.250000 
 133
0.634803 0.004735 0.046210 
0.324895 0.990326 0.462022 
0.040302 0.004940 0.491768 
0.009210 0.007056 0.121726 0.862008 
0.250000 0.250000 0.250000 0.250000 
 134
0.634803 0.004735 0.046210 
0.324895 0.990326 0.462022 
0.040302 0.004940 0.491768 
0.006443 0.006443 0.007467 0.979647 
0.250000 0.250000 0.250000 0.250000 
 135
0.634803 0.004735 0.046210 
0.324895 0.990326 0.462022 
0.040302 0.004940 0.491768 
0.006443 0.006443 0.978706 0.008409 
0.250000 0.250000 0.250000 0.250000 
 136
0.634803 0.004735 0.046210 
0.324895 0.990326 0.462022 
0.040302 0.004940 0.491768 
0.015506 0.006443 0.966540 0.011511 
0.250000 0.250000 0.250000 0.250000 
 137
0.634803 0.004735 0.046210 
0.324895 0.990326 0.462022 
0.040302 0.004940 0.491768 
0.974002 0.012432 0.006443 0.007123 
0.250000 0.250000 0.250000 0.250000 
 138
0.634803 0.004735 0.046210 
0.324895 0.990326 0.462022 
0.040302 0.004940 0.491768 
0.022725 0.964390 0.006443 0.006443 
0.250000 0.250000 0.250000 0.250000 
 139
0.634803 0.004735 0.046210 
0.324895 0.990326 0.462022 
0.040302 0.004940 0.491768 
0.006443 0.006443 0.694195 0.292919 
0.250000 0.250000 0.250000 0.250000 
 140
0.634803 0.004735 0.046210 
0.324895 0.990326 0.462022 
0.040302 0.004940 0.491768 
0.006443 0.006443 0.012261 0.974854 
0.250000 0.250000 0.250000 0.250000 
 141
0.634803 0.004735 0.046210 
0.324895 0.990326 0.462022 
0.040302 0.004940 0.491768 
0.006443 0.006443 0.006443 0.980671 
0.250000 0.250000 0.250000 0.250000 
 142
0.634803 0.004735 0.046210 
0.324895 0.990326 0.462022 
0.040302 0.004940 0.491768 
0.043890 0.766569 0.070245 0.119296 
0.250000 0.250000 0.250000 0.250000 
 143
0.634803 0.004735 0.046210 
0.324895 0.990326 0.462022 
0.040302 0.004940 0.491768 
0.978979 0.008136 0.006443 0.006443 
0.250000 0.250000 0.250000 0.250000 
 144
0.629057 0.004735 0.046210 
0.330641 0.990326 0.462022 
0.040534 0.004937 0.491768 
0.006438 0.006438 0.955910 0.031215 
0.250000 0.250000 0.250000 0.250000 
 145
0.548001 0.004732 0.046210 
0.411464 0.990331 0.462022 
0.044285 0.004894 0.491768 
0.008044 0.006360 0.949860 0.035735 
0.250000 0.250000 0.250000 0.250000 
 146
0.598706 0.004691 0.046210 
0.357008 0.990415 0.462022 
0.044285 0.004894 0.491768 
0.006360 0.006360 0.980919 0.006360 
0.250000 0.250000 0.250000 0.250000 
 147
0.598706 0.004691 0.046210 
0.357008 0.990415 0.462022 
0.044285 0.004894 0.491768 
0.006360 0.006360 0.974902 0.012378 
0.250000 0.250000 0.250000 0.250000 
 148
0.598706 0.004691 0.046210 
0.357008 0.990415 0.462022 
0.044285 0.004894 0.491768 
0.006360 0.013640 0.358571 0.621429 
0.250000 0.250000 0.250000 0.250000 
 149
0.598706 0.004691 0.046210 
0.357008 0.990415 0.462022 
0.044285 0.004894 0.491768 
0.006360 0.008044 0.007293 0.978303 
0.250000 0.250000 0.250000 0.250000 
 150
0.598706 0.004691 0.046210 
0.357008 0.990415 0.462022 
0.044285 0.004894 0.491768 
0.006360 0.009306 0.977974 0.006360 
0.250000 0.250000 0.250000 0.250000 
 151
0.598706 0.004691 0.046210 
0.357008 0.990415 0.462022 
0.044285 0.004894 0.491768 
0.024132 0.006360 0.006360 0.963147 
0.250000 0.250000 0.250000 0.250000 
 152
0.598706 0.004691 0.046210 
0.357008 0.990415 0.462022 
0.044285 0.004894 0.491768 
0.974086 0.006360 0.013194 0.006360 
0.250000 0.250000 0.250000 0.250000 
 153
0.598706 0.004691 0.046210 
0.357008 0.990415 0.462022 
0.044285 0.004894 0.491768 
0.006360 0.006360 0.010611 0.976669 
0.250000 0.250000 0.250000 0.250000 
 154
0.598706 0.004691 0.046210 
0.357008 0.990415 0.462022 
0.044285 0.004894 0.491768 
0.006360 0.006360 0.015841 0.971439 
0.250000 0.250000 0.250000 0.250000 
 155
0.598706 0.004691 0.046210 
0.357008 0.990415 0.462022 
0.044285 0.004894 0.491768 
0.006360 0.009681 0.063165 0.920794 
0.250000 0.250000 0.250000 0.250000 
 156
0.598706 0.004691 0.046210 
0.357008 0.990415 0.462022 
0.044285 0.004894 0.491768 
0.006360 0.008044 0.007007 0.978589 
0.250000 0.250000 0.250000 0.250000 
 157
0.598706 0.004691 0.046210 
0.357008 0.990415 0.462022 
0.044285 0.004894 0.491768 
0.006360 0.006360 0.960802 0.026477 
0.250000 0.250000 0.250000 0.250000 
 158
0.598706 0.004691 0.046210 
0.357008 0.990415 0.462022 
0.044285 0.004894 0.491768 
0.007347 0.009872 0.010010 0.972771 
0.250000 0.250000 0.250000 0.250000 
 159
0.598706 0.004691 0.046210 
0.357008 0.990415 0.462022 
0.044285 0.004894 0.491768 
0.006360 0.978105 0.009175 0.006360 
0.250000 0.250000 0.250000 0.250000 
 160
0.595866 0.004691 0.046210 
0.359849 0.990415 0.462022 
0.044411 0.004892 0.491768 
0.012593 0.009369 0.397365 0.580674 
0.250000 0.250000 0.250000 0.250000 
 161
0.597564 0.004690 0.046210 
0.358025 0.990418 0.462022 
0.044411 0.004892 0.491768 
0.006358 0.006358 0.976399 0.010885 
0.250000 0.250000 0.250000 0.250000 
 162
0.597564 0.004690 0.046210 
0.358025 0.990418 0.462022 
0.044411 0.004892 0.491768 
0.006358 0.025107 0.006358 0.962177 
0.250000 0.250000 0.250000 0.250000 
 163
0.597564 0.004690 0.046210 
0.358025 0.990418 0.462022 
0.044411 0.004892 0.491768 
0.006358 0.006358 0.136331 0.850953 
0.250000 0.250000 0.250000 0.250000 
 164
0.597564 0.004690 0.046210 
0.358025 0.990418 0.462022 
0.044411 0.004892 0.491768 
0.007823 0.006358 0.011835 0.973984 
0.250000 0.250000 0.250000 0.250000 
 165
0.597564 0.004690 0.046210 
0.358025 0.990418 0.462022 
0.044411 0.004892 0.491768 
0.006358 0.006358 0.977578 0.009707 
0.250000 0.250000 0.250000 0.250000 
 166
0.590417 0.004690 0.046210 
0.365172 0.990418 0.462022 
0.044731 0.004889 0.491768 
0.006352 0.006352 0.105368 0.881928 
0.250000 0.250000 0.250000 0.250000 
 167
0.594667 0.004687 0.046210 
0.360602 0.990424 0.462022 
0.044731 0.004889 0.491768 
0.980944 0.006352 0.006352 0.006352 
0.250000 0.250000 0.250000 0.250000 
 168
0.594667 0.004687 0.046210 
0.360602 0.990424 0.462022 
0.044731 0.004889 0.491768 
0.416775 0.563941 0.007213 0.012070 
0.250000 0.250000 0.250000 0.250000 
 169
0.594667 0.004687 0.046210 
0.360602 0.990424 0.462022 
0.044731 0.004889 0.491768 
0.013128 0.006352 0.030516 0.950004 
0.250000 0.250000 0.250000 0.250000 
 170
0.594667 0.004687 0.046210 
0.360602 0.990424 0.462022 
0.044731 0.004889 0.491768 
0.007385 0.006352 0.485277 0.500986 
0.250000 0.250000 0.250000 0.250000 
 171
0.594667 0.004687 0.046210 
0.360602 0.990424 0.462022 
0.044731 0.004889 0.491768 
0.006352 0.008580 0.006352 0.978716 
0.250000 0.250000 0.250000 0.250000 
 172
0.594667 0.004687 0.046210 
0.360602 0.990424 0.462022 
0.044731 0.004889 0.491768 
0.009584 0.036301 0.017721 0.936394 
0.250000 0.250000 0.250000 0.250000 
 173
0.594667 0.004687 0.046210 
0.360602 0.990424 0.462022 
0.044731 0.004889 0.491768 
0.019830 0.967466 0.006352 0.006352 
0.250000 0.250000 0.250000 0.250000 
 174
0.594667 0.004687 0.046210 
0.360602 0.990424 0.462022 
0.044731 0.004889 0.491768 
0.917383 0.013900 0.062365 0.006352 
0.250000 0.250000 0.250000 0.250000 
 175
0.594667 0.004687 0.046210 
0.360602 0.990424 0.462022 
0.044731 0.004889 0.491768 
0.006352 0.006352 0.045749 0.941547 
0.250000 0.250000 0.250000 0.250000 
 176
0.594667 0.004687 0.046210 
0.360602 0.990424 0.462022 
0.044731 0.004889 0.491768 
0.006924 0.006352 0.007275 0.979449 
0.250000 0.250000 0.250000 0.250000 
 177
0.594667 0.004687 0.046210 
0.360602 0.990424 0.462022 
0.044731 0.004889 0.491768 
0.006352 0.006352 0.980944 0.006352 
0.250000 0.250000 0.250000 0.250000 
 178
0.594667 0.004687 0.046210 
0.360602 0.990424 0.462022 
0.044731 0.004889 0.491768 
0.007878 0.006352 0.821439 0.164331 
0.250000 0.250000 0.250000 0.250000 
 179
0.594667 0.004687 0.046210 
0.360602 0.990424 0.462022 
0.044731 0.004889 0.491768 
0.006352 0.006352 0.006352 0.980944 
0.250000 0.250000 0.250000 0.250000 
 180
0.594667 0.004687 0.046210 
0.360602 0.990424 0.462022 
0.044731 0.004889 0.491768 
0.006352 0.006352 0.979508 0.007788 
0.250000 0.250000 0.250000 0.250000 
 181
0.594667 0.004687 0.046210 
0.360602 0.990424 0.462022 
0.044731 0.004889 0.491768 
0.013436 0.007506 0.061025 0.918033 
0.250000 0.250000 0.250000 0.250000 
 182
0.594667 0.004687 0.046210 
0.360602 0.990424 0.462022 
0.044731 0.004889 0.491768 
0.006352 0.014861 0.046620 0.932167 
0.250000 0.250000 0.250000 0.250000 
 183
0.594667 0.004687 0.046210 
0.360602 0.990424 0.462022 
0.044731 0.004889 0.491768 
0.006352 0.435149 0.021200 0.537300 
0.250000 0.250000 0.250000 0.250000 
 184
0.591489 0.004687 0.046210 
0.363780 0.990424 0.462022 
0.044873 0.004888 0.491768 
0.789684 0.197617 0.006349 0.006349 
0.250000 0.250000 0.250000 0.250000 
 185
0.593375 0.004685 0.046210 
0.361752 0.990427 0.462022 
0.044873 0.004888 0.491768 
0.007817 0.006349 0.006349 0.979484 
0.250000 0.250000 0.250000 0.250000 
 186
0.586434 0.004685 0.046210 
0.368692 0.990427 0.462022 
0.045187 0.004885 0.491768 
0.978913 0.007521 0.006344 0.007222 
0.250000 0.250000 0.250000 0.250000 
 187
0.590533 0.004682 0.046210 
0.364280 0.990433 0.462022 
0.045187 0.004885 0.491768 
0.006344 0.007305 0.909952 0.076399 
0.250000 0.250000 0.250000 0.250000 
 188
0.590533 0.004682 0.046210 
0.364280 0.990433 0.462022 
0.045187 0.004885 0.491768 
0.007519 0.006344 0.036097 0.950040 
0.250000 0.250000 0.250000 0.250000 
 189
0.590533 0.004682 0.046210 
0.364280 0.990433 0.462022 
0.045187 0.004885 0.491768 
0.006344 0.007668 0.010005 0.975984 
0.250000 0.250000 0.250000 0.250000 
 190
0.590533 0.004682 0.046210 
0.364280 0.990433 0.462022 
0.045187 0.004885 0.491768 
0.006344 0.006344 0.384023 0.603289 
0.250000 0.250000 0.250000 0.250000 
 191
0.590533 0.004682 0.046210 
0.364280 0.990433 0.462022 
0.045187 0.004885 0.491768 
0.053704 0.006344 0.817593 0.122359 
0.250000 0.250000 0.250000 0.250000 
 192
0.590533 0.004682 0.046210 
0.364280 0.990433 0.462022 
0.045187 0.004885 0.491768 
0.006344 0.133807 0.074833 0.785016 
0.250000 0.250000 0.250000 0.250000 
 193
0.590533 0.004682 0.046210 
0.364280 0.990433 0.462022 
0.045187 0.004885 0.491768 
0.006344 0.006344 0.862214 0.125098 
0.250000 0.250000 0.250000 0.250000 
 194
0.590533 0.004682 0.046210 
0.364280 0.990433 0.462022 
0.045187 0.004885 0.491768 
0.046409 0.006344 0.917077 0.030170 
0.250000 0.250000 0.250000 0.250000 
 195
0.590533 0.004682 0.046210 
0.364280 0.990433 0.462022 
0.045187 0.004885 0.491768 
0.006344 0.007054 0.006344 0.980258 
0.250000 0.250000 0.250000 0.250000 
 196
0.590533 0.004682 0.046210 
0.364280 0.990433 0.462022 
0.045187 0.004885 0.491768 
0.205884 0.776879 0.006344 0.010892 
0.250000 0.250000 0.250000 0.250000 
 197
0.590533 0.004682 0.046210 
0.364280 0.990433 0.462022 
0.045187 0.004885 0.491768 
0.006344 0.006344 0.045071 0.942241 
0.250000 0.250000 0.250000 0.250000 
 198
0.590533 0.004682 0.046210 
0.364280 0.990433 0.462022 
0.045187 0.004885 0.491768 
0.006344 0.006344 0.175659 0.811653 
0.250000 0.250000 0.250000 0.250000 
 199
0.587377 0.004682 0.046210 
0.367435 0.990433 0.462022 
0.045330 0.004883 0.491768 
0.558901 0.428416 0.006341 0.006341 
0.250000 0.250000 0.250000 0.250000 
 200
0.589237 0.004681 0.046210 
0.365433 0.990436 0.462022 
0.045330 0.004883 0.491768 
0.007516 0.006341 0.007268 0.978874 
0.250000 0.250000 0.250000 0.250000 
 201
0.589237 0.004681 0.046210 
0.365433 0.990436 0.462022 
0.045330 0.004883 0.491768 
0.980958 0.006347 0.006347 0.006347 
0.250000 0.250000 0.250000 0.250000 
 202
0.589237 0.004681 0.046210 
0.365433 0.990436 0.462022 
0.045330 0.004883 0.491768 
0.070925 0.850613 0.006341 0.072120 
0.250000 0.250000 0.250000 0.250000 
 203
0.589237 0.004681 0.046210 
0.365433 0.990436 0.462022 
0.045330 0.004883 0.491768 
0.007001 0.980316 0.006341 0.006341 
0.250000 0.250000 0.250000 0.250000 
 204
0.589237 0.004681 0.046210 
0.365433 0.990436 0.462022 
0.045330 0.004883 0.491768 
0.006341 0.006341 0.008652 0.978666 
0.250000 0.250000 0.250000 0.250000 
 205
0.567546 0.004681 0.046210 
0.387124 0.990436 0.462022 
0.046335 0.004873 0.491768 
0.006324 0.006324 0.830293 0.157059 
0.250000 0.250000 0.250000 0.250000 
 206
0.580130 0.004672 0.046210 
0.373535 0.990455 0.462022 
0.046335 0.004873 0.491768 
0.006324 0.006324 0.981028 0.006324 
0.250000 0.250000 0.250000 0.250000 
 207
0.580130 0.004672 0.046210 
0.373535 0.990455 0.462022 
0.046335 0.004873 0.491768 
0.006324 0.006324 0.981028 0.006324 
0.250000 0.250000 0.250000 0.250000 
 208
0.564730 0.004672 0.046210 
0.388934 0.990455 0.462022 
0.047060 0.004867 0.491768 
0.115690 0.871686 0.006312 0.006312 
0.250000 0.250000 0.250000 0.250000 
 209
0.573563 0.004665 0.046210 
0.379377 0.990468 0.462022 
0.047060 0.004867 0.491768 
0.007186 0.006312 0.006864 0.979639 
0.250000 0.250000 0.250000 0.250000 
 210
0.573563 0.004665 0.046210 
0.379377 0.990468 0.462022 
0.047060 0.004867 0.491768 
0.006312 0.006312 0.007229 0.980147 
0.250000 0.250000 0.250000 0.250000 
 211
0.573563 0.004665 0.046210 
0.379377 0.990468 0.462022 
0.047060 0.004867 0.491768 
0.006316 0.006316 0.671845 0.315523 
0.250000 0.250000 0.250000 0.250000 
 212
0.573563 0.004665 0.046210 
0.379377 0.990468 0.462022 
0.047060 0.004867 0.491768 
0.006312 0.007564 0.979059 0.007066 
0.250000 0.250000 0.250000 0.250000 
 213
0.573563 0.004665 0.046210 
0.379377 0.990468 0.462022 
0.047060 0.004867 0.491768 
0.006312 0.816029 0.007214 0.170444 
0.250000 0.250000 0.250000 0.250000 
 214
0.573563 0.004665 0.046210 
0.379377 0.990468 0.462022 
0.047060 0.004867 0.491768 
0.935589 0.049029 0.006312 0.009070 
0.250000 0.250000 0.250000 0.250000 
 215
0.573563 0.004665 0.046210 
0.379377 0.990468 0.462022 
0.047060 0.004867 0.491768 
0.978429 0.008946 0.006312 0.006312 
0.250000 0.250000 0.250000 0.250000 
 216
0.573563 0.004665 0.046210 
0.379377 0.990468 0.462022 
0.047060 0.004867 0.491768 
0.006312 0.006312 0.006312 0.981064 
0.250000 0.250000 0.250000 0.250000 
 217
0.573563 0.004665 0.046210 
0.379377 0.990468 0.462022 
0.047060 0.004867 0.491768 
0.027198 0.008312 0.134137 0.830352 
0.250000 0.250000 0.250000 0.250000 
 218
0.573563 0.004665 0.046210 
0.379377 0.990468 0.462022 
0.047060 0.004867 0.491768 
0.007261 0.980115 0.006312 0.006312 
0.250000 0.250000 0.250000 0.250000 
 219
0.573563 0.004665 0.046210 
0.379377 0.990468 0.462022 
0.047060 0.004867 0.491768 
0.006877 0.006312 0.009568 0.977244 
0.250000 0.250000 0.250000 0.250000 
 220
0.569403 0.004665 0.046210 
0.383537 0.990468 0.462022 
0.047256 0.004865 0.491768 
0.007588 0.006309 0.635082 0.351021 
0.250000 0.250000 0.250000 0.250000 
 221
0.571781 0.004663 0.046210 
0.380962 0.990472 0.462022 
0.047256 0.004865 0.491768 
0.007854 0.010550 0.008588 0.973008 
0.250000 0.250000 0.250000 0.250000 
 222
0.571781 0.004663 0.046210 
0.380962 0.990472 0.462022 
0.047256 0.004865 0.491768 
0.006309 0.006309 0.981073 0.006309 
0.250000 0.250000 0.250000 0.250000 
 223
0.571781 0.004663 0.046210 
0.380962 0.990472 0.462022 
0.047256 0.004865 0.491768 
0.007248 0.006309 0.980134 0.006309 
0.250000 0.250000 0.250000 0.250000 
 224
0.568322 0.004663 0.046210 
0.384422 0.990472 0.462022 
0.047420 0.004864 0.491768 
0.973238 0.008775 0.007475 0.010512 
0.250000 0.250000 0.250000 0.250000 
 225
0.570295 0.004662 0.046210 
0.382285 0.990474 0.462022 
0.047420 0.004864 0.491768 
0.006306 0.006306 0.007697 0.979691 
0.250000 0.250000 0.250000 0.250000 
 226
0.570295 0.004662 0.046210 
0.382285 0.990474 0.462022 
0.047420 0.004864 0.491768 
0.025767 0.961621 0.006306 0.006306 
0.250000 0.250000 0.250000 0.250000 
 227
0.570295 0.004662 0.046210 
0.382285 0.990474 0.462022 
0.047420 0.004864 0.491768 
0.009658 0.006306 0.977730 0.006306 
0.250000 0.250000 0.250000 0.250000 
 228
0.570295 0.004662 0.046210 
0.382285 0.990474 0.462022 
0.047420 0.004864 0.491768 
0.972310 0.007521 0.009658 0.010512 
0.250000 0.250000 0.250000 0.250000 
 229
0.570295 0.004662 0.046210 
0.382285 0.990474 0.462022 
0.047420 0.004864 0.491768 
0.013744 0.006306 0.683283 0.296667 
0.250000 0.250000 0.250000 0.250000 
 230
0.570295 0.004662 0.046210 
0.382285 0.990474 0.462022 
0.047420 0.004864 0.491768 
0.008659 0.006306 0.009090 0.975945 
0.250000 0.250000 0.250000 0.250000 
 231
0.570295 0.004662 0.046210 
0.382285 0.990474 0.462022 
0.047420 0.004864 0.491768 
0.006306 0.978383 0.006306 0.009005 
0.250000 0.250000 0.250000 0.250000 
 232
0.570295 0.004662 0.046210 
0.382285 0.990474 0.462022 
0.047420 0.004864 0.491768 
0.327663 0.658328 0.006306 0.007703 
0.250000 0.250000 0.250000 0.250000 
 233
0.570295 0.004662 0.046210 
0.382285 0.990474 0.462022 
0.047420 0.004864 0.491768 
0.007731 0.006306 0.006306 0.979656 
0.250000 0.250000 0.250000 0.250000 
 234
0.570295 0.004662 0.046210 
0.382285 0.990474 0.462022 
0.047420 0.004864 0.491768 
0.006306 0.006306 0.877559 0.109828 
0.250000 0.250000 0.250000 0.250000 
 235
0.570295 0.004662 0.046210 
0.382285 0.990474 0.462022 
0.047420 0.004864 0.491768 
0.967346 0.020042 0.006306 0.006306 
0.250000 0.250000 0.250000 0.250000 
 236
0.570295 0.004662 0.046210 
0.382285 0.990474 0.462022 
0.047420 0.004864 0.491768 
