%  SAM: modelfromalign v3.5 (July 15, 2005) compiled 03/03/09_11:47:37
%  (c) 1992-2001 Regents of the University of California, Santa Cruz
%
%          Sequence Alignment and Modeling Software System
%         http://www.cse.ucsc.edu/research/compbio/sam.html
%
% ----------------- Citations (SAM, SAM-T2K, HMMs) --------------------
% R. Hughey, A. Krogh, Hidden Markov models for sequence analysis:
%  Extension and analysis of the basic method, CABIOS 12:95-107, 1996.
% K. Karplus, et al., What is the value added by human intervention in protein
%  structure prediction, Proteins: Stucture, Function, Genetics 45(S5):86--91, 2001.
% A. Krogh et al., Hidden Markov models in computational biology:
%  Applications to protein modeling, JMB 235:1501-1531, Feb 1994.
% ---------------------------------------------------------------------
%  A_HA_H4_hmm   Host: m222714.cdc.gov    Wed May 21 18:06:19 2014
%  vfn4          Dir:  /Volumes/gf_atl_2012/Genotyping/IRMA/segments/HA
% ---------------------------------------------------------------------
%  Alignment weights from internal calc.  Total (30.40) Max (0.40) Min (0.02)
%  Weights from alignment method 1 (karplus), b=-1.000000, e=0.500000
MODEL --  Model from alignment file rev/A_HA_H4.fasta
alphabet DNA
FREQAVE
0.000000 0.000000 0.000000 
0.000000 0.000000 0.000000 
0.000000 0.000000 0.000000 
0.240053 0.199929 0.231316 0.328702 
0.240053 0.199929 0.231316 0.328702 
Begin
0.000000 0.000000 0.000000 
0.000000 0.000000 0.000000 
0.000000 0.005727 0.491768 
0.250000 0.250000 0.250000 0.250000 
0.250000 0.250000 0.250000 0.250000 
   1
0.000000 0.151705 0.046210 
0.000000 0.842568 0.462022 
0.021054 0.006708 0.491768 
0.010170 0.010170 0.562752 0.416907 
0.250000 0.250000 0.250000 0.250000 
   2
0.800557 0.006430 0.046210 
0.178389 0.986862 0.462022 
0.021238 0.006692 0.491768 
0.010121 0.010121 0.053796 0.925961 
0.250000 0.250000 0.250000 0.250000 
   3
0.680979 0.006415 0.046210 
0.297784 0.986893 0.462022 
0.024315 0.006473 0.491768 
0.965287 0.009599 0.009599 0.015516 
0.250000 0.250000 0.250000 0.250000 
   4
0.751053 0.006205 0.046210 
0.224632 0.987322 0.462022 
0.025032 0.006432 0.491768 
0.956947 0.015120 0.016004 0.011928 
0.250000 0.250000 0.250000 0.250000 
   5
0.752126 0.006165 0.046210 
0.222842 0.987403 0.462022 
0.025570 0.006402 0.491768 
0.970495 0.009434 0.009434 0.010638 
0.250000 0.250000 0.250000 0.250000 
   6
0.759039 0.006137 0.046210 
0.215391 0.987461 0.462022 
0.025809 0.006390 0.491768 
0.009405 0.009405 0.015841 0.965350 
0.250000 0.250000 0.250000 0.250000 
   7
0.758750 0.006125 0.046210 
0.215441 0.987486 0.462022 
0.026001 0.006380 0.491768 
0.121814 0.859423 0.009382 0.009382 
0.250000 0.250000 0.250000 0.250000 
   8
0.758901 0.006115 0.046210 
0.215099 0.987505 0.462022 
0.026144 0.006372 0.491768 
0.009365 0.009365 0.965496 0.015774 
0.250000 0.250000 0.250000 0.250000 
   9
0.757009 0.006108 0.046210 
0.216846 0.987519 0.462022 
0.026304 0.006364 0.491768 
0.971960 0.009347 0.009347 0.009347 
0.250000 0.250000 0.250000 0.250000 
  10
0.729832 0.006101 0.046210 
0.243864 0.987535 0.462022 
0.027168 0.006323 0.491768 
0.966443 0.013109 0.009252 0.011196 
0.250000 0.250000 0.250000 0.250000 
  11
0.644158 0.006752 0.046210 
0.328673 0.986925 0.462022 
0.030395 0.006193 0.491768 
0.964701 0.008960 0.008960 0.017379 
0.250000 0.250000 0.250000 0.250000 
  12
0.707767 0.005937 0.046210 
0.261838 0.987870 0.462022 
0.030915 0.006175 0.491768 
0.015024 0.010052 0.011197 0.963726 
0.250000 0.250000 0.250000 0.250000 
  13
0.715462 0.007881 0.046210 
0.253623 0.985944 0.462022 
0.030695 0.006183 0.491768 
0.008937 0.008937 0.956834 0.025293 
0.250000 0.250000 0.250000 0.250000 
  14
0.709001 0.005927 0.046210 
0.260304 0.987891 0.462022 
0.031094 0.006169 0.491768 
0.008906 0.008906 0.008906 0.973281 
0.250000 0.250000 0.250000 0.250000 
  15
0.710346 0.005914 0.046210 
0.258560 0.987917 0.462022 
0.031342 0.006161 0.491768 
0.011158 0.971066 0.008888 0.008888 
0.250000 0.250000 0.250000 0.250000 
  16
0.704266 0.005906 0.046210 
0.264392 0.987933 0.462022 
0.031714 0.006149 0.491768 
0.072376 0.902014 0.016747 0.008862 
0.250000 0.250000 0.250000 0.250000 
  17
0.695807 0.005894 0.046210 
0.272479 0.987957 0.462022 
0.032256 0.006132 0.491768 
0.008824 0.008824 0.973527 0.008824 
0.250000 0.250000 0.250000 0.250000 
  18
0.683463 0.005878 0.046210 
0.284281 0.987990 0.462022 
0.033058 0.006108 0.491768 
0.967682 0.014775 0.008772 0.008772 
0.250000 0.250000 0.250000 0.250000 
  19
0.694456 0.005855 0.046210 
0.272487 0.988037 0.462022 
0.033257 0.006102 0.491768 
0.008759 0.008759 0.972311 0.010171 
0.250000 0.250000 0.250000 0.250000 
  20
0.692083 0.005849 0.046210 
0.274660 0.988048 0.462022 
0.033476 0.006096 0.491768 
0.014731 0.008745 0.962002 0.014522 
0.250000 0.250000 0.250000 0.250000 
  21
0.684356 0.005844 0.046210 
0.282167 0.988060 0.462022 
0.033893 0.006085 0.491768 
0.008720 0.891383 0.014688 0.085209 
0.250000 0.250000 0.250000 0.250000 
  22
0.684161 0.005832 0.046210 
0.281946 0.988083 0.462022 
0.034191 0.006077 0.491768 
0.035395 0.945179 0.010723 0.008703 
0.250000 0.250000 0.250000 0.250000 
  23
0.690175 0.005825 0.046210 
0.275634 0.988099 0.462022 
0.034191 0.006077 0.491768 
0.971872 0.010723 0.008703 0.008703 
0.250000 0.250000 0.250000 0.250000 
  24
0.685280 0.005825 0.046210 
0.280529 0.988099 0.462022 
0.034359 0.006072 0.491768 
0.010711 0.017878 0.018185 0.953226 
0.250000 0.250000 0.250000 0.250000 
  25
0.683871 0.005820 0.046210 
0.281770 0.988108 0.462022 
0.034524 0.006068 0.491768 
0.010182 0.972451 0.008683 0.008683 
0.250000 0.250000 0.250000 0.250000 
  26
0.682211 0.005816 0.046210 
0.283265 0.988116 0.462022 
0.034696 0.006063 0.491768 
0.008674 0.008674 0.010332 0.972321 
0.250000 0.250000 0.250000 0.250000 
  27
0.662450 0.005812 0.046210 
0.302854 0.988125 0.462022 
0.035518 0.006042 0.491768 
0.008628 0.008628 0.009842 0.972901 
0.250000 0.250000 0.250000 0.250000 
  28
0.663021 0.009679 0.046210 
0.301461 0.984278 0.462022 
0.035104 0.006053 0.491768 
0.008651 0.008651 0.031683 0.951015 
0.250000 0.250000 0.250000 0.250000 
  29
0.681900 0.005802 0.046210 
0.282996 0.988145 0.462022 
0.035104 0.006053 0.491768 
0.008651 0.008651 0.972424 0.010274 
0.250000 0.250000 0.250000 0.250000 
  30
0.673282 0.005802 0.046210 
0.291614 0.988145 0.462022 
0.035409 0.006045 0.491768 
0.010660 0.008634 0.972071 0.008634 
0.250000 0.250000 0.250000 0.250000 
  31
0.668798 0.005795 0.046210 
0.295793 0.988160 0.462022 
0.035779 0.006036 0.491768 
0.702620 0.251749 0.014227 0.031404 
0.250000 0.250000 0.250000 0.250000 
  32
0.581578 0.005786 0.046210 
0.382642 0.988178 0.462022 
0.039500 0.005956 0.491768 
0.008442 0.012807 0.015160 0.963591 
0.250000 0.250000 0.250000 0.250000 
  33
0.631722 0.005709 0.046210 
0.328778 0.988335 0.462022 
0.039913 0.005948 0.491768 
0.008425 0.014191 0.008425 0.968959 
0.250000 0.250000 0.250000 0.250000 
  34
0.624662 0.005701 0.046210 
0.335425 0.988351 0.462022 
0.040466 0.005938 0.491768 
0.008403 0.008403 0.847952 0.135242 
0.250000 0.250000 0.250000 0.250000 
  35
0.629314 0.005692 0.046210 
0.330221 0.988371 0.462022 
0.040628 0.005935 0.491768 
0.008397 0.008397 0.014143 0.969063 
0.250000 0.250000 0.250000 0.250000 
  36
0.627830 0.005689 0.046210 
0.331541 0.988377 0.462022 
0.040792 0.005932 0.491768 
0.008390 0.974829 0.008390 0.008390 
0.250000 0.250000 0.250000 0.250000 
  37
0.617212 0.005686 0.046210 
0.341996 0.988382 0.462022 
0.041335 0.005922 0.491768 
0.932198 0.051062 0.008370 0.008370 
0.250000 0.250000 0.250000 0.250000 
  38
0.625434 0.005677 0.046210 
0.333230 0.988401 0.462022 
0.041335 0.005922 0.491768 
0.008370 0.008370 0.974890 0.008370 
0.250000 0.250000 0.250000 0.250000 
  39
0.619493 0.005677 0.046210 
0.339172 0.988401 0.462022 
0.041583 0.005918 0.491768 
0.974917 0.008361 0.008361 0.008361 
0.250000 0.250000 0.250000 0.250000 
  40
0.582326 0.005673 0.046210 
0.376091 0.988410 0.462022 
0.043354 0.005889 0.491768 
0.947364 0.028267 0.008299 0.016069 
0.250000 0.250000 0.250000 0.250000 
  41
0.607140 0.005645 0.046210 
0.349506 0.988467 0.462022 
0.043354 0.005889 0.491768 
0.021697 0.954097 0.015906 0.008299 
0.250000 0.250000 0.250000 0.250000 
  42
0.599219 0.005645 0.046210 
0.357427 0.988467 0.462022 
0.043701 0.005883 0.491768 
0.008288 0.008288 0.975136 0.008288 
0.250000 0.250000 0.250000 0.250000 
  43
0.604003 0.005640 0.046210 
0.352296 0.988477 0.462022 
0.043701 0.005883 0.491768 
0.013960 0.008288 0.969464 0.008288 
0.250000 0.250000 0.250000 0.250000 
  44
0.604003 0.005640 0.046210 
0.352296 0.988477 0.462022 
0.043701 0.005883 0.491768 
0.008288 0.008288 0.975136 0.008288 
0.250000 0.250000 0.250000 0.250000 
  45
0.604003 0.005640 0.046210 
0.352296 0.988477 0.462022 
0.043701 0.005883 0.491768 
0.973212 0.008288 0.010212 0.008288 
0.250000 0.250000 0.250000 0.250000 
  46
0.604003 0.010708 0.046210 
0.352296 0.983408 0.462022 
0.041844 0.005913 0.491768 
0.008351 0.008351 0.971988 0.011309 
0.250000 0.250000 0.250000 0.250000 
  47
0.620822 0.005668 0.046210 
0.337334 0.988418 0.462022 
0.041844 0.005913 0.491768 
0.972041 0.011256 0.008351 0.008351 
0.250000 0.250000 0.250000 0.250000 
  48
0.610063 0.005668 0.046210 
0.348092 0.988418 0.462022 
0.042300 0.005906 0.491768 
0.973479 0.009850 0.008335 0.008335 
0.250000 0.250000 0.250000 0.250000 
  49
0.616698 0.005661 0.046210 
0.341002 0.988433 0.462022 
0.042300 0.005906 0.491768 
0.939016 0.038859 0.013790 0.008335 
0.250000 0.250000 0.250000 0.250000 
  50
0.616698 0.005661 0.046210 
0.341002 0.988433 0.462022 
0.042300 0.005906 0.491768 
0.974994 0.008335 0.008335 0.008335 
0.250000 0.250000 0.250000 0.250000 
  51
0.616698 0.005661 0.046210 
0.341002 0.988433 0.462022 
0.042300 0.005906 0.491768 
0.008335 0.008335 0.035895 0.947435 
0.250000 0.250000 0.250000 0.250000 
  52
0.584640 0.005661 0.046210 
0.373060 0.988433 0.462022 
0.043701 0.005883 0.491768 
0.724521 0.258903 0.008288 0.008288 
0.250000 0.250000 0.250000 0.250000 
  53
0.604003 0.005640 0.046210 
0.352296 0.988477 0.462022 
0.043701 0.005883 0.491768 
0.975113 0.008296 0.008296 0.008296 
0.250000 0.250000 0.250000 0.250000 
  54
0.604003 0.005640 0.046210 
0.352296 0.988477 0.462022 
0.043701 0.005883 0.491768 
0.969464 0.008288 0.008288 0.013960 
0.250000 0.250000 0.250000 0.250000 
  55
0.604003 0.005640 0.046210 
0.352296 0.988477 0.462022 
0.043701 0.005883 0.491768 
0.010449 0.972975 0.008288 0.008288 
0.250000 0.250000 0.250000 0.250000 
  56
0.604003 0.005640 0.046210 
0.352296 0.988477 0.462022 
0.043701 0.005883 0.491768 
0.013960 0.969464 0.008288 0.008288 
0.250000 0.250000 0.250000 0.250000 
  57
0.604003 0.005640 0.046210 
0.352296 0.988477 0.462022 
0.043701 0.005883 0.491768 
0.008288 0.013960 0.959169 0.018583 
0.250000 0.250000 0.250000 0.250000 
  58
0.604003 0.005640 0.046210 
0.352296 0.988477 0.462022 
0.043701 0.005883 0.491768 
0.008288 0.008288 0.160682 0.822742 
0.250000 0.250000 0.250000 0.250000 
  59
0.604003 0.005640 0.046210 
0.352296 0.988477 0.462022 
0.043701 0.005883 0.491768 
0.969464 0.008288 0.013960 0.008288 
0.250000 0.250000 0.250000 0.250000 
  60
0.604003 0.005640 0.046210 
0.352296 0.988477 0.462022 
0.043701 0.005883 0.491768 
0.935379 0.039226 0.008288 0.017108 
0.250000 0.250000 0.250000 0.250000 
  61
0.604003 0.005640 0.046210 
0.352296 0.988477 0.462022 
0.043701 0.005883 0.491768 
0.954685 0.028739 0.008288 0.008288 
0.250000 0.250000 0.250000 0.250000 
  62
0.604003 0.005640 0.046210 
0.352296 0.988477 0.462022 
0.043701 0.005883 0.491768 
0.975136 0.008288 0.008288 0.008288 
0.250000 0.250000 0.250000 0.250000 
  63
0.604003 0.005640 0.046210 
0.352296 0.988477 0.462022 
0.043701 0.005883 0.491768 
0.023661 0.958523 0.008288 0.009528 
0.250000 0.250000 0.250000 0.250000 
  64
0.604003 0.005640 0.046210 
0.352296 0.988477 0.462022 
0.043701 0.005883 0.491768 
0.008288 0.008288 0.333360 0.650064 
0.250000 0.250000 0.250000 0.250000 
  65
0.604003 0.005640 0.046210 
0.352296 0.988477 0.462022 
0.043701 0.005883 0.491768 
0.975136 0.008288 0.008288 0.008288 
0.250000 0.250000 0.250000 0.250000 
  66
0.604003 0.005640 0.046210 
0.352296 0.988477 0.462022 
0.043701 0.005883 0.491768 
0.008288 0.975136 0.008288 0.008288 
0.250000 0.250000 0.250000 0.250000 
  67
0.604003 0.005640 0.046210 
0.352296 0.988477 0.462022 
0.043701 0.005883 0.491768 
0.008288 0.008288 0.019342 0.964082 
0.250000 0.250000 0.250000 0.250000 
  68
0.604003 0.005640 0.046210 
0.352296 0.988477 0.462022 
0.043701 0.005883 0.491768 
0.008288 0.975136 0.008288 0.008288 
0.250000 0.250000 0.250000 0.250000 
  69
0.604003 0.005640 0.046210 
0.352296 0.988477 0.462022 
0.043701 0.005883 0.491768 
0.008288 0.008288 0.975136 0.008288 
0.250000 0.250000 0.250000 0.250000 
  70
0.604003 0.005640 0.046210 
0.352296 0.988477 0.462022 
0.043701 0.005883 0.491768 
0.830823 0.020192 0.008288 0.140697 
0.250000 0.250000 0.250000 0.250000 
  71
0.604003 0.005640 0.046210 
0.352296 0.988477 0.462022 
0.043701 0.005883 0.491768 
0.946985 0.036439 0.008288 0.008288 
0.250000 0.250000 0.250000 0.250000 
  72
0.604003 0.005640 0.046210 
0.352296 0.988477 0.462022 
0.043701 0.005883 0.491768 
0.008288 0.008288 0.965329 0.018095 
0.250000 0.250000 0.250000 0.250000 
  73
0.604003 0.005640 0.046210 
0.352296 0.988477 0.462022 
0.043701 0.005883 0.491768 
0.049903 0.933521 0.008288 0.008288 
0.250000 0.250000 0.250000 0.250000 
  74
0.596237 0.005640 0.046210 
0.360062 0.988477 0.462022 
0.044043 0.005878 0.491768 
0.975169 0.008277 0.008277 0.008277 
0.250000 0.250000 0.250000 0.250000 
  75
0.600904 0.005635 0.046210 
0.355054 0.988487 0.462022 
0.044043 0.005878 0.491768 
0.032724 0.950722 0.008277 0.008277 
0.250000 0.250000 0.250000 0.250000 
  76
0.600904 0.005635 0.046210 
0.355054 0.988487 0.462022 
0.044043 0.005878 0.491768 
0.008277 0.008277 0.528531 0.454915 
0.250000 0.250000 0.250000 0.250000 
  77
0.600904 0.005635 0.046210 
0.355054 0.988487 0.462022 
0.044043 0.005878 0.491768 
0.975169 0.008277 0.008277 0.008277 
0.250000 0.250000 0.250000 0.250000 
  78
0.600904 0.005635 0.046210 
0.355054 0.988487 0.462022 
0.044043 0.005878 0.491768 
0.968618 0.014828 0.008277 0.008277 
0.250000 0.250000 0.250000 0.250000 
  79
0.600904 0.009416 0.046210 
0.355054 0.984706 0.462022 
0.042620 0.005901 0.491768 
0.690052 0.293300 0.008324 0.008324 
0.250000 0.250000 0.250000 0.250000 
  80
0.613795 0.005656 0.046210 
0.343585 0.988443 0.462022 
0.042620 0.005901 0.491768 
0.975028 0.008324 0.008324 0.008324 
0.250000 0.250000 0.250000 0.250000 
  81
0.581494 0.005656 0.046210 
0.375886 0.988443 0.462022 
0.044043 0.005878 0.491768 
0.975169 0.008277 0.008277 0.008277 
0.250000 0.250000 0.250000 0.250000 
  82
0.600904 0.005635 0.046210 
0.355054 0.988487 0.462022 
0.044043 0.005878 0.491768 
0.014138 0.969308 0.008277 0.008277 
0.250000 0.250000 0.250000 0.250000 
  83
0.600904 0.005635 0.046210 
0.355054 0.988487 0.462022 
0.044043 0.005878 0.491768 
0.008277 0.008277 0.975169 0.008277 
0.250000 0.250000 0.250000 0.250000 
  84
0.600904 0.005635 0.046210 
0.355054 0.988487 0.462022 
0.044043 0.005878 0.491768 
0.972126 0.008291 0.010044 0.009538 
0.250000 0.250000 0.250000 0.250000 
  85
0.600904 0.005635 0.046210 
0.355054 0.988487 0.462022 
0.044043 0.005878 0.491768 
0.009689 0.008277 0.008277 0.973758 
0.250000 0.250000 0.250000 0.250000 
  86
0.600904 0.005635 0.046210 
0.355054 0.988487 0.462022 
0.044043 0.005878 0.491768 
0.008277 0.975169 0.008277 0.008277 
0.250000 0.250000 0.250000 0.250000 
  87
0.600904 0.005635 0.046210 
0.355054 0.988487 0.462022 
0.044043 0.005878 0.491768 
0.975169 0.008277 0.008277 0.008277 
0.250000 0.250000 0.250000 0.250000 
  88
0.600904 0.005635 0.046210 
0.355054 0.988487 0.462022 
0.044043 0.005878 0.491768 
0.008277 0.008277 0.010748 0.972698 
0.250000 0.250000 0.250000 0.250000 
  89
0.600904 0.005635 0.046210 
0.355054 0.988487 0.462022 
0.044043 0.005878 0.491768 
0.971565 0.011881 0.008277 0.008277 
0.250000 0.250000 0.250000 0.250000 
  90
0.600904 0.005635 0.046210 
0.355054 0.988487 0.462022 
0.044043 0.005878 0.491768 
0.008277 0.021638 0.008277 0.961808 
0.250000 0.250000 0.250000 0.250000 
  91
0.600904 0.005635 0.046210 
0.355054 0.988487 0.462022 
0.044043 0.005878 0.491768 
0.008277 0.975169 0.008277 0.008277 
0.250000 0.250000 0.250000 0.250000 
  92
0.600904 0.005635 0.046210 
0.355054 0.988487 0.462022 
0.044043 0.005878 0.491768 
0.008277 0.975169 0.008277 0.008277 
0.250000 0.250000 0.250000 0.250000 
  93
0.600904 0.005635 0.046210 
0.355054 0.988487 0.462022 
0.044043 0.005878 0.491768 
0.961808 0.021638 0.008277 0.008277 
0.250000 0.250000 0.250000 0.250000 
  94
0.600904 0.005635 0.046210 
0.355054 0.988487 0.462022 
0.044043 0.005878 0.491768 
0.667588 0.315858 0.008277 0.008277 
0.250000 0.250000 0.250000 0.250000 
  95
0.600904 0.005635 0.046210 
0.355054 0.988487 0.462022 
0.044043 0.005878 0.491768 
0.961808 0.021638 0.008277 0.008277 
0.250000 0.250000 0.250000 0.250000 
  96
0.600904 0.005635 0.046210 
0.355054 0.988487 0.462022 
0.044043 0.005878 0.491768 
0.975169 0.008277 0.008277 0.008277 
0.250000 0.250000 0.250000 0.250000 
  97
0.600904 0.005635 0.046210 
0.355054 0.988487 0.462022 
0.044043 0.005878 0.491768 
0.009967 0.668558 0.130371 0.191104 
0.250000 0.250000 0.250000 0.250000 
  98
0.600904 0.005635 0.046210 
0.355054 0.988487 0.462022 
0.044043 0.005878 0.491768 
0.008277 0.975169 0.008277 0.008277 
0.250000 0.250000 0.250000 0.250000 
  99
0.600904 0.005635 0.046210 
0.355054 0.988487 0.462022 
0.044043 0.005878 0.491768 
0.959836 0.021638 0.008277 0.010249 
0.250000 0.250000 0.250000 0.250000 
 100
0.600904 0.005635 0.046210 
0.355054 0.988487 0.462022 
0.044043 0.005878 0.491768 
0.951488 0.031958 0.008277 0.008277 
0.250000 0.250000 0.250000 0.250000 
 101
0.600904 0.005635 0.046210 
0.355054 0.988487 0.462022 
0.044043 0.005878 0.491768 
0.975169 0.008277 0.008277 0.008277 
0.250000 0.250000 0.250000 0.250000 
 102
0.600904 0.005635 0.046210 
0.355054 0.988487 0.462022 
0.044043 0.005878 0.491768 
0.011741 0.008277 0.018558 0.961424 
0.250000 0.250000 0.250000 0.250000 
 103
0.600904 0.005635 0.046210 
0.355054 0.988487 0.462022 
0.044043 0.005878 0.491768 
0.008277 0.008277 0.975169 0.008277 
0.250000 0.250000 0.250000 0.250000 
 104
0.600904 0.005635 0.046210 
0.355054 0.988487 0.462022 
0.044043 0.005878 0.491768 
0.008277 0.008277 0.975169 0.008277 
0.250000 0.250000 0.250000 0.250000 
 105
0.595454 0.005635 0.046210 
0.360504 0.988487 0.462022 
0.044284 0.005875 0.491768 
0.975192 0.008269 0.008269 0.008269 
0.250000 0.250000 0.250000 0.250000 
 106
0.593389 0.005631 0.046210 
0.362327 0.988494 0.462022 
0.044521 0.005871 0.491768 
0.372075 0.597087 0.009699 0.021139 
0.250000 0.250000 0.250000 0.250000 
 107
0.596568 0.005628 0.046210 
0.358911 0.988501 0.462022 
0.044521 0.005871 0.491768 
0.975214 0.008262 0.008262 0.008262 
0.250000 0.250000 0.250000 0.250000 
 108
0.596568 0.005628 0.046210 
0.358911 0.988501 0.462022 
0.044521 0.005871 0.491768 
0.010606 0.972870 0.008262 0.008262 
0.250000 0.250000 0.250000 0.250000 
 109
0.596568 0.005628 0.046210 
0.358911 0.988501 0.462022 
0.044521 0.005871 0.491768 
0.729334 0.253115 0.008262 0.009289 
0.250000 0.250000 0.250000 0.250000 
 110
0.596568 0.005628 0.046210 
0.358911 0.988501 0.462022 
0.044521 0.005871 0.491768 
0.975214 0.008262 0.008262 0.008262 
0.250000 0.250000 0.250000 0.250000 
 111
0.596568 0.005628 0.046210 
0.358911 0.988501 0.462022 
0.044521 0.005871 0.491768 
0.022579 0.008262 0.008262 0.960897 
0.250000 0.250000 0.250000 0.250000 
 112
0.596568 0.005628 0.046210 
0.358911 0.988501 0.462022 
0.044521 0.005871 0.491768 
0.210367 0.746645 0.008262 0.034725 
0.250000 0.250000 0.250000 0.250000 
 113
0.596568 0.005628 0.046210 
0.358911 0.988501 0.462022 
0.044521 0.005871 0.491768 
0.972981 0.010495 0.008262 0.008262 
0.250000 0.250000 0.250000 0.250000 
 114
0.596568 0.005628 0.046210 
0.358911 0.988501 0.462022 
0.044521 0.005871 0.491768 
0.021599 0.011815 0.012568 0.954017 
0.250000 0.250000 0.250000 0.250000 
 115
0.596568 0.005628 0.046210 
0.358911 0.988501 0.462022 
0.044521 0.005871 0.491768 
0.030488 0.938608 0.008262 0.022642 
0.250000 0.250000 0.250000 0.250000 
 116
0.596568 0.005628 0.046210 
0.358911 0.988501 0.462022 
0.044521 0.005871 0.491768 
0.008262 0.021599 0.008262 0.961877 
0.250000 0.250000 0.250000 0.250000 
 117
0.596568 0.005628 0.046210 
0.358911 0.988501 0.462022 
0.044521 0.005871 0.491768 
0.008262 0.008262 0.959623 0.023853 
0.250000 0.250000 0.250000 0.250000 
 118
0.596568 0.005628 0.046210 
0.358911 0.988501 0.462022 
0.044521 0.005871 0.491768 
0.008262 0.008262 0.787834 0.195642 
0.250000 0.250000 0.250000 0.250000 
 119
0.596568 0.005628 0.046210 
0.358911 0.988501 0.462022 
0.044521 0.005871 0.491768 
0.008262 0.008262 0.008262 0.975214 
0.250000 0.250000 0.250000 0.250000 
 120
0.596568 0.005628 0.046210 
0.358911 0.988501 0.462022 
0.044521 0.005871 0.491768 
0.008262 0.008262 0.008262 0.975214 
0.250000 0.250000 0.250000 0.250000 
 121
0.596568 0.005628 0.046210 
0.358911 0.988501 0.462022 
0.044521 0.005871 0.491768 
0.046321 0.937155 0.008262 0.008262 
0.250000 0.250000 0.250000 0.250000 
 122
0.596568 0.005628 0.046210 
0.358911 0.988501 0.462022 
0.044521 0.005871 0.491768 
0.015997 0.008262 0.008262 0.967479 
0.250000 0.250000 0.250000 0.250000 
 123
0.596568 0.005628 0.046210 
0.358911 0.988501 0.462022 
0.044521 0.005871 0.491768 
0.975214 0.008262 0.008262 0.008262 
0.250000 0.250000 0.250000 0.250000 
 124
0.596568 0.005628 0.046210 
0.358911 0.988501 0.462022 
0.044521 0.005871 0.491768 
0.009877 0.008262 0.060788 0.921073 
0.250000 0.250000 0.250000 0.250000 
 125
0.596568 0.005628 0.046210 
0.358911 0.988501 0.462022 
0.044521 0.005871 0.491768 
0.008262 0.008262 0.975214 0.008262 
0.250000 0.250000 0.250000 0.250000 
 126
0.596568 0.005628 0.046210 
0.358911 0.988501 0.462022 
0.044521 0.005871 0.491768 
0.008262 0.008262 0.973838 0.009638 
0.250000 0.250000 0.250000 0.250000 
 127
0.596568 0.005628 0.046210 
0.358911 0.988501 0.462022 
0.044521 0.005871 0.491768 
0.008262 0.008262 0.337038 0.646438 
0.250000 0.250000 0.250000 0.250000 
 128
0.596568 0.005628 0.046210 
0.358911 0.988501 0.462022 
0.044521 0.005871 0.491768 
0.008262 0.008262 0.008262 0.975214 
0.250000 0.250000 0.250000 0.250000 
 129
0.596568 0.005628 0.046210 
0.358911 0.988501 0.462022 
0.044521 0.005871 0.491768 
0.008262 0.975214 0.008262 0.008262 
0.250000 0.250000 0.250000 0.250000 
 130
0.596568 0.005628 0.046210 
0.358911 0.988501 0.462022 
0.044521 0.005871 0.491768 
0.632977 0.345433 0.008262 0.013328 
0.250000 0.250000 0.250000 0.250000 
 131
0.596568 0.005628 0.046210 
0.358911 0.988501 0.462022 
0.044521 0.005871 0.491768 
0.021108 0.958593 0.009163 0.011136 
0.250000 0.250000 0.250000 0.250000 
 132
0.596568 0.005628 0.046210 
0.358911 0.988501 0.462022 
0.044521 0.005871 0.491768 
0.008262 0.008262 0.017494 0.965982 
0.250000 0.250000 0.250000 0.250000 
 133
0.596568 0.005628 0.046210 
0.358911 0.988501 0.462022 
0.044521 0.005871 0.491768 
0.008262 0.008262 0.958013 0.025463 
0.250000 0.250000 0.250000 0.250000 
 134
0.596568 0.005628 0.046210 
0.358911 0.988501 0.462022 
0.044521 0.005871 0.491768 
0.975214 0.008262 0.008262 0.008262 
0.250000 0.250000 0.250000 0.250000 
 135
0.596568 0.005628 0.046210 
0.358911 0.988501 0.462022 
0.044521 0.005871 0.491768 
0.948788 0.034688 0.008262 0.008262 
0.250000 0.250000 0.250000 0.250000 
 136
0.596568 0.005628 0.046210 
0.358911 0.988501 0.462022 
0.044521 0.005871 0.491768 
0.008262 0.008262 0.011751 0.971725 
0.250000 0.250000 0.250000 0.250000 
 137
0.596568 0.005628 0.046210 
0.358911 0.988501 0.462022 
0.044521 0.005871 0.491768 
0.008262 0.008262 0.023692 0.959784 
0.250000 0.250000 0.250000 0.250000 
 138
0.596568 0.005628 0.046210 
0.358911 0.988501 0.462022 
0.044521 0.005871 0.491768 
0.008262 0.008262 0.015997 0.967479 
0.250000 0.250000 0.250000 0.250000 
 139
0.596568 0.005628 0.046210 
0.358911 0.988501 0.462022 
0.044521 0.005871 0.491768 
0.305993 0.650682 0.010630 0.032694 
0.250000 0.250000 0.250000 0.250000 
 140
0.596568 0.005628 0.046210 
0.358911 0.988501 0.462022 
0.044521 0.005871 0.491768 
0.973764 0.008262 0.008262 0.009712 
0.250000 0.250000 0.250000 0.250000 
 141
0.596568 0.005628 0.046210 
0.358911 0.988501 0.462022 
0.044521 0.005871 0.491768 
0.008262 0.009529 0.963697 0.018512 
0.250000 0.250000 0.250000 0.250000 
 142
0.596568 0.005628 0.046210 
0.358911 0.988501 0.462022 
0.044521 0.005871 0.491768 
0.010163 0.008262 0.392672 0.588902 
0.250000 0.250000 0.250000 0.250000 
 143
0.596568 0.005628 0.046210 
0.358911 0.988501 0.462022 
0.044521 0.005871 0.491768 
0.008262 0.008262 0.975214 0.008262 
0.250000 0.250000 0.250000 0.250000 
 144
0.596568 0.005628 0.046210 
0.358911 0.988501 0.462022 
0.044521 0.005871 0.491768 
0.008262 0.008262 0.975214 0.008262 
0.250000 0.250000 0.250000 0.250000 
 145
0.596568 0.005628 0.046210 
0.358911 0.988501 0.462022 
0.044521 0.005871 0.491768 
0.008262 0.008262 0.224655 0.758821 
0.250000 0.250000 0.250000 0.250000 
 146
0.596568 0.005628 0.046210 
0.358911 0.988501 0.462022 
0.044521 0.005871 0.491768 
0.008262 0.008262 0.021599 0.961877 
0.250000 0.250000 0.250000 0.250000 
 147
0.596568 0.005628 0.046210 
0.358911 0.988501 0.462022 
0.044521 0.005871 0.491768 
0.008262 0.974109 0.008262 0.009367 
0.250000 0.250000 0.250000 0.250000 
 148
0.596568 0.005628 0.046210 
0.358911 0.988501 0.462022 
0.044521 0.005871 0.491768 
0.145889 0.052700 0.008262 0.793149 
0.250000 0.250000 0.250000 0.250000 
 149
0.596568 0.005628 0.046210 
0.358911 0.988501 0.462022 
0.044521 0.005871 0.491768 
0.975214 0.008262 0.008262 0.008262 
0.250000 0.250000 0.250000 0.250000 
 150
0.596568 0.005628 0.046210 
0.358911 0.988501 0.462022 
0.044521 0.005871 0.491768 
0.008262 0.008262 0.008262 0.975214 
0.250000 0.250000 0.250000 0.250000 
 151
0.596568 0.005628 0.046210 
0.358911 0.988501 0.462022 
0.044521 0.005871 0.491768 
0.008262 0.008262 0.678013 0.305463 
0.250000 0.250000 0.250000 0.250000 
 152
0.596568 0.005628 0.046210 
0.358911 0.988501 0.462022 
0.044521 0.005871 0.491768 
0.008262 0.008262 0.009429 0.974047 
0.250000 0.250000 0.250000 0.250000 
 153
0.596568 0.005628 0.046210 
0.358911 0.988501 0.462022 
0.044521 0.005871 0.491768 
0.008262 0.973922 0.008262 0.009554 
0.250000 0.250000 0.250000 0.250000 
 154
0.596568 0.005628 0.046210 
0.358911 0.988501 0.462022 
0.044521 0.005871 0.491768 
0.077814 0.905662 0.008262 0.008262 
0.250000 0.250000 0.250000 0.250000 
 155
0.596568 0.005628 0.046210 
0.358911 0.988501 0.462022 
0.044521 0.005871 0.491768 
0.975214 0.008262 0.008262 0.008262 
0.250000 0.250000 0.250000 0.250000 
 156
0.596568 0.005628 0.046210 
0.358911 0.988501 0.462022 
0.044521 0.005871 0.491768 
0.975214 0.008262 0.008262 0.008262 
0.250000 0.250000 0.250000 0.250000 
 157
0.596568 0.005628 0.046210 
0.358911 0.988501 0.462022 
0.044521 0.005871 0.491768 
0.008262 0.008262 0.066196 0.917280 
0.250000 0.250000 0.250000 0.250000 
 158
0.596568 0.005628 0.046210 
0.358911 0.988501 0.462022 
0.044521 0.005871 0.491768 
0.008262 0.008262 0.975214 0.008262 
0.250000 0.250000 0.250000 0.250000 
 159
0.596568 0.005628 0.046210 
0.358911 0.988501 0.462022 
0.044521 0.005871 0.491768 
0.008262 0.317080 0.008262 0.666396 
0.250000 0.250000 0.250000 0.250000 
 160
0.596568 0.005628 0.046210 
0.358911 0.988501 0.462022 
0.044521 0.005871 0.491768 
0.216744 0.752477 0.009948 0.020831 
0.250000 0.250000 0.250000 0.250000 
 161
0.596568 0.005628 0.046210 
0.358911 0.988501 0.462022 
0.044521 0.005871 0.491768 
0.008262 0.008262 0.012835 0.970641 
0.250000 0.250000 0.250000 0.250000 
 162
0.596568 0.005628 0.046210 
0.358911 0.988501 0.462022 
0.044521 0.005871 0.491768 
0.008262 0.008262 0.008262 0.975214 
0.250000 0.250000 0.250000 0.250000 
 163
0.596568 0.005628 0.046210 
0.358911 0.988501 0.462022 
0.044521 0.005871 0.491768 
0.651810 0.331666 0.008262 0.008262 
0.250000 0.250000 0.250000 0.250000 
 164
0.596568 0.005628 0.046210 
0.358911 0.988501 0.462022 
0.044521 0.005871 0.491768 
0.008262 0.008262 0.032047 0.951429 
0.250000 0.250000 0.250000 0.250000 
 165
0.596568 0.005628 0.046210 
0.358911 0.988501 0.462022 
0.044521 0.005871 0.491768 
0.008262 0.008262 0.008262 0.975214 
0.250000 0.250000 0.250000 0.250000 
 166
0.596568 0.005628 0.046210 
0.358911 0.988501 0.462022 
0.044521 0.005871 0.491768 
0.024818 0.943341 0.008262 0.023579 
0.250000 0.250000 0.250000 0.250000 
 167
0.596568 0.005628 0.046210 
0.358911 0.988501 0.462022 
0.044521 0.005871 0.491768 
0.975214 0.008262 0.008262 0.008262 
0.250000 0.250000 0.250000 0.250000 
 168
0.596568 0.005628 0.046210 
0.358911 0.988501 0.462022 
0.044521 0.005871 0.491768 
0.008262 0.008262 0.008262 0.975214 
0.250000 0.250000 0.250000 0.250000 
 169
0.596568 0.005628 0.046210 
0.358911 0.988501 0.462022 
0.044521 0.005871 0.491768 
0.017931 0.011836 0.294279 0.675954 
0.250000 0.250000 0.250000 0.250000 
 170
0.596568 0.005628 0.046210 
0.358911 0.988501 0.462022 
0.044521 0.005871 0.491768 
0.008262 0.975214 0.008262 0.008262 
0.250000 0.250000 0.250000 0.250000 
 171
0.596568 0.005628 0.046210 
0.358911 0.988501 0.462022 
0.044521 0.005871 0.491768 
0.008262 0.008262 0.975214 0.008262 
0.250000 0.250000 0.250000 0.250000 
 172
0.596568 0.005628 0.046210 
0.358911 0.988501 0.462022 
0.044521 0.005871 0.491768 
0.012066 0.008262 0.370580 0.609092 
0.250000 0.250000 0.250000 0.250000 
 173
0.596568 0.005628 0.046210 
0.358911 0.988501 0.462022 
0.044521 0.005871 0.491768 
0.008262 0.008262 0.009887 0.973589 
0.250000 0.250000 0.250000 0.250000 
 174
0.596568 0.005628 0.046210 
0.358911 0.988501 0.462022 
0.044521 0.005871 0.491768 
0.008262 0.008262 0.975214 0.008262 
0.250000 0.250000 0.250000 0.250000 
 175
0.596568 0.005628 0.046210 
0.358911 0.988501 0.462022 
0.044521 0.005871 0.491768 
0.365276 0.618201 0.008262 0.008262 
0.250000 0.250000 0.250000 0.250000 
 176
0.596568 0.005628 0.046210 
0.358911 0.988501 0.462022 
0.044521 0.005871 0.491768 
0.008262 0.008262 0.011570 0.971906 
0.250000 0.250000 0.250000 0.250000 
 177
0.596568 0.005628 0.046210 
0.358911 0.988501 0.462022 
0.044521 0.005871 0.491768 
0.008262 0.009500 0.963450 0.018789 
0.250000 0.250000 0.250000 0.250000 
 178
0.596568 0.005628 0.046210 
0.358911 0.988501 0.462022 
0.044521 0.005871 0.491768 
0.008262 0.008262 0.042539 0.940937 
0.250000 0.250000 0.250000 0.250000 
 179
0.596568 0.005628 0.046210 
0.358911 0.988501 0.462022 
0.044521 0.005871 0.491768 
0.008262 0.008262 0.975214 0.008262 
0.250000 0.250000 0.250000 0.250000 
 180
0.596568 0.005628 0.046210 
0.358911 0.988501 0.462022 
0.044521 0.005871 0.491768 
0.008262 0.008262 0.008262 0.975214 
0.250000 0.250000 0.250000 0.250000 
 181
0.596568 0.005628 0.046210 
0.358911 0.988501 0.462022 
0.044521 0.005871 0.491768 
0.255172 0.728305 0.008262 0.008262 
0.250000 0.250000 0.250000 0.250000 
 182
0.591745 0.005628 0.046210 
0.363734 0.988501 0.462022 
0.044737 0.005868 0.491768 
0.008255 0.008255 0.008255 0.975234 
0.250000 0.250000 0.250000 0.250000 
 183
0.594613 0.005625 0.046210 
0.360650 0.988507 0.462022 
0.044737 0.005868 0.491768 
0.975234 0.008255 0.008255 0.008255 
0.250000 0.250000 0.250000 0.250000 
 184
0.594613 0.005625 0.046210 
0.360650 0.988507 0.462022 
0.044737 0.005868 0.491768 
0.921830 0.061659 0.008255 0.008255 
0.250000 0.250000 0.250000 0.250000 
 185
0.594613 0.005625 0.046210 
0.360650 0.988507 0.462022 
0.044737 0.005868 0.491768 
0.972787 0.010702 0.008255 0.008255 
0.250000 0.250000 0.250000 0.250000 
 186
0.594613 0.005625 0.046210 
0.360650 0.988507 0.462022 
0.044737 0.005868 0.491768 
0.008255 0.008255 0.140873 0.842616 
0.250000 0.250000 0.250000 0.250000 
 187
0.594613 0.005625 0.046210 
0.360650 0.988507 0.462022 
0.044737 0.005868 0.491768 
0.768271 0.213976 0.009498 0.008255 
0.250000 0.250000 0.250000 0.250000 
 188
0.594613 0.005625 0.046210 
0.360650 0.988507 0.462022 
0.044737 0.005868 0.491768 
0.008255 0.008255 0.010152 0.973337 
0.250000 0.250000 0.250000 0.250000 
 189
0.594613 0.005625 0.046210 
0.360650 0.988507 0.462022 
0.044737 0.005868 0.491768 
0.008255 0.008255 0.945546 0.037944 
0.250000 0.250000 0.250000 0.250000 
 190
0.594613 0.005625 0.046210 
0.360650 0.988507 0.462022 
0.044737 0.005868 0.491768 
0.911238 0.072251 0.008255 0.008255 
0.250000 0.250000 0.250000 0.250000 
 191
0.594613 0.005625 0.046210 
0.360650 0.988507 0.462022 
0.044737 0.005868 0.491768 
0.008255 0.012293 0.008255 0.971197 
0.250000 0.250000 0.250000 0.250000 
 192
0.594613 0.005625 0.046210 
0.360650 0.988507 0.462022 
0.044737 0.005868 0.491768 
0.008255 0.975234 0.008255 0.008255 
0.250000 0.250000 0.250000 0.250000 
 193
0.594613 0.005625 0.046210 
0.360650 0.988507 0.462022 
0.044737 0.005868 0.491768 
0.306320 0.677170 0.008255 0.008255 
0.250000 0.250000 0.250000 0.250000 
 194
0.594613 0.005625 0.046210 
0.360650 0.988507 0.462022 
0.044737 0.005868 0.491768 
0.011086 0.008255 0.008255 0.972403 
0.250000 0.250000 0.250000 0.250000 
 195
0.594613 0.005625 0.046210 
0.360650 0.988507 0.462022 
0.044737 0.005868 0.491768 
0.008255 0.008255 0.930736 0.052754 
0.250000 0.250000 0.250000 0.250000 
 196
0.594613 0.005625 0.046210 
0.360650 0.988507 0.462022 
0.044737 0.005868 0.491768 
0.972145 0.011345 0.008255 0.008255 
0.250000 0.250000 0.250000 0.250000 
 197
0.594613 0.005625 0.046210 
0.360650 0.988507 0.462022 
0.044737 0.005868 0.491768 
0.008255 0.008255 0.008255 0.975234 
0.250000 0.250000 0.250000 0.250000 
 198
0.594613 0.005625 0.046210 
0.360650 0.988507 0.462022 
0.044737 0.005868 0.491768 
0.975234 0.008255 0.008255 0.008255 
0.250000 0.250000 0.250000 0.250000 
 199
0.594613 0.005625 0.046210 
0.360650 0.988507 0.462022 
0.044737 0.005868 0.491768 
0.158984 0.166095 0.011178 0.663742 
0.250000 0.250000 0.250000 0.250000 
 200
0.594613 0.005625 0.046210 
0.360650 0.988507 0.462022 
0.044737 0.005868 0.491768 
0.008255 0.973549 0.008255 0.009941 
0.250000 0.250000 0.250000 0.250000 
 201
0.594613 0.005625 0.046210 
0.360650 0.988507 0.462022 
0.044737 0.005868 0.491768 
0.008255 0.008255 0.008255 0.975234 
0.250000 0.250000 0.250000 0.250000 
 202
0.594613 0.005625 0.046210 
0.360650 0.988507 0.462022 
0.044737 0.005868 0.491768 
0.008255 0.008255 0.367814 0.615675 
0.250000 0.250000 0.250000 0.250000 
 203
0.594613 0.005625 0.046210 
0.360650 0.988507 0.462022 
0.044737 0.005868 0.491768 
0.008255 0.008255 0.972993 0.010497 
0.250000 0.250000 0.250000 0.250000 
 204
0.594613 0.005625 0.046210 
0.360650 0.988507 0.462022 
0.044737 0.005868 0.491768 
0.008255 0.008255 0.975234 0.008255 
0.250000 0.250000 0.250000 0.250000 
 205
0.594613 0.005625 0.046210 
0.360650 0.988507 0.462022 
0.044737 0.005868 0.491768 
0.787516 0.195973 0.008255 0.008255 
0.250000 0.250000 0.250000 0.250000 
 206
0.594613 0.005625 0.046210 
0.360650 0.988507 0.462022 
0.044737 0.005868 0.491768 
0.008255 0.008255 0.009680 0.973809 
0.250000 0.250000 0.250000 0.250000 
 207
0.594613 0.005625 0.046210 
0.360650 0.988507 0.462022 
0.044737 0.005868 0.491768 
0.008255 0.008255 0.009739 0.973751 
0.250000 0.250000 0.250000 0.250000 
 208
0.594613 0.005625 0.046210 
0.360650 0.988507 0.462022 
0.044737 0.005868 0.491768 
0.008255 0.008255 0.485071 0.498419 
0.250000 0.250000 0.250000 0.250000 
 209
0.594613 0.005625 0.046210 
0.360650 0.988507 0.462022 
0.044737 0.005868 0.491768 
0.008255 0.008255 0.975234 0.008255 
0.250000 0.250000 0.250000 0.250000 
 210
0.594613 0.005625 0.046210 
0.360650 0.988507 0.462022 
0.044737 0.005868 0.491768 
0.011045 0.314802 0.008255 0.665898 
0.250000 0.250000 0.250000 0.250000 
 211
0.594613 0.005625 0.046210 
0.360650 0.988507 0.462022 
0.044737 0.005868 0.491768 
0.168399 0.156680 0.008255 0.666666 
0.250000 0.250000 0.250000 0.250000 
 212
0.594613 0.005625 0.046210 
0.360650 0.988507 0.462022 
0.044737 0.005868 0.491768 
0.975234 0.008255 0.008255 0.008255 
0.250000 0.250000 0.250000 0.250000 
 213
0.594613 0.005625 0.046210 
0.360650 0.988507 0.462022 
0.044737 0.005868 0.491768 
0.008255 0.008255 0.008255 0.975234 
0.250000 0.250000 0.250000 0.250000 
 214
0.594613 0.005625 0.046210 
0.360650 0.988507 0.462022 
0.044737 0.005868 0.491768 
0.133905 0.849584 0.008255 0.008255 
0.250000 0.250000 0.250000 0.250000 
 215
0.594613 0.005625 0.046210 
0.360650 0.988507 0.462022 
0.044737 0.005868 0.491768 
0.008255 0.008255 0.975234 0.008255 
0.250000 0.250000 0.250000 0.250000 
 216
0.594613 0.005625 0.046210 
0.360650 0.988507 0.462022 
0.044737 0.005868 0.491768 
0.008255 0.008255 0.008255 0.975234 
0.250000 0.250000 0.250000 0.250000 
 217
0.594613 0.005625 0.046210 
0.360650 0.988507 0.462022 
0.044737 0.005868 0.491768 
0.008255 0.008255 0.186823 0.796667 
0.250000 0.250000 0.250000 0.250000 
 218
0.594613 0.005625 0.046210 
0.360650 0.988507 0.462022 
0.044737 0.005868 0.491768 
0.008255 0.008255 0.008255 0.975234 
0.250000 0.250000 0.250000 0.250000 
 219
0.594613 0.005625 0.046210 
0.360650 0.988507 0.462022 
0.044737 0.005868 0.491768 
0.008255 0.008255 0.975234 0.008255 
0.250000 0.250000 0.250000 0.250000 
 220
0.594613 0.005625 0.046210 
0.360650 0.988507 0.462022 
0.044737 0.005868 0.491768 
0.618303 0.365187 0.008255 0.008255 
0.250000 0.250000 0.250000 0.250000 
 221
0.594613 0.005625 0.046210 
0.360650 0.988507 0.462022 
0.044737 0.005868 0.491768 
0.975234 0.008255 0.008255 0.008255 
0.250000 0.250000 0.250000 0.250000 
 222
0.594613 0.005625 0.046210 
0.360650 0.988507 0.462022 
0.044737 0.005868 0.491768 
0.008255 0.008255 0.008255 0.975234 
0.250000 0.250000 0.250000 0.250000 
 223
0.594613 0.005625 0.046210 
0.360650 0.988507 0.462022 
0.044737 0.005868 0.491768 
0.073020 0.910470 0.008255 0.008255 
0.250000 0.250000 0.250000 0.250000 
 224
0.594613 0.005625 0.046210 
0.360650 0.988507 0.462022 
0.044737 0.005868 0.491768 
0.008255 0.008255 0.975234 0.008255 
0.250000 0.250000 0.250000 0.250000 
 225
0.594613 0.005625 0.046210 
0.360650 0.988507 0.462022 
0.044737 0.005868 0.491768 
0.975234 0.008255 0.008255 0.008255 
0.250000 0.250000 0.250000 0.250000 
 226
0.594613 0.005625 0.046210 
0.360650 0.988507 0.462022 
0.044737 0.005868 0.491768 
0.284354 0.669392 0.009330 0.036924 
0.250000 0.250000 0.250000 0.250000 
 227
0.594613 0.005625 0.046210 
0.360650 0.988507 0.462022 
0.044737 0.005868 0.491768 
0.008255 0.009461 0.153997 0.828287 
0.250000 0.250000 0.250000 0.250000 
 228
0.594613 0.005625 0.046210 
0.360650 0.988507 0.462022 
0.044737 0.005868 0.491768 
0.010883 0.008255 0.008255 0.972607 
0.250000 0.250000 0.250000 0.250000 
 229
0.594613 0.005625 0.046210 
0.360650 0.988507 0.462022 
0.044737 0.005868 0.491768 
0.012486 0.971003 0.008255 0.008255 
0.250000 0.250000 0.250000 0.250000 
 230
0.594613 0.005625 0.046210 
0.360650 0.988507 0.462022 
0.044737 0.005868 0.491768 
0.008255 0.008255 0.008255 0.975234 
0.250000 0.250000 0.250000 0.250000 
 231
0.594613 0.005625 0.046210 
0.360650 0.988507 0.462022 
0.044737 0.005868 0.491768 
0.010240 0.008255 0.009275 0.972230 
0.250000 0.250000 0.250000 0.250000 
 232
0.594613 0.005625 0.046210 
0.360650 0.988507 0.462022 
0.044737 0.005868 0.491768 
0.130726 0.852764 0.008255 0.008255 
0.250000 0.250000 0.250000 0.250000 
 233
0.594613 0.005625 0.046210 
0.360650 0.988507 0.462022 
0.044737 0.005868 0.491768 
0.008255 0.008255 0.009500 0.973990 
0.250000 0.250000 0.250000 0.250000 
 234
0.594613 0.005625 0.046210 
0.360650 0.988507 0.462022 
0.044737 0.005868 0.491768 
0.008255 0.008255 0.969173 0.014317 
0.250000 0.250000 0.250000 0.250000 
 235
0.594613 0.005625 0.046210 
0.360650 0.988507 0.462022 
0.044737 0.005868 0.491768 
0.939942 0.043547 0.008255 0.008255 
0.250000 0.250000 0.250000 0.250000 
 236
0.594613 0.005625 0.046210 
0.360650 0.988507 0.462022 
0.044737 0.005868 0.491768 
