%  SAM: modelfromalign v3.5 (July 15, 2005) compiled 03/03/09_11:47:37
%  (c) 1992-2001 Regents of the University of California, Santa Cruz
%
%          Sequence Alignment and Modeling Software System
%         http://www.cse.ucsc.edu/research/compbio/sam.html
%
% ----------------- Citations (SAM, SAM-T2K, HMMs) --------------------
% R. Hughey, A. Krogh, Hidden Markov models for sequence analysis:
%  Extension and analysis of the basic method, CABIOS 12:95-107, 1996.
% K. Karplus, et al., What is the value added by human intervention in protein
%  structure prediction, Proteins: Stucture, Function, Genetics 45(S5):86--91, 2001.
% A. Krogh et al., Hidden Markov models in computational biology:
%  Applications to protein modeling, JMB 235:1501-1531, Feb 1994.
% ---------------------------------------------------------------------
%  A_HA_H2_hmm   Host: m222714.cdc.gov    Wed May 21 18:06:11 2014
%  vfn4          Dir:  /Volumes/gf_atl_2012/Genotyping/IRMA/segments/HA
% ---------------------------------------------------------------------
%  Alignment weights from internal calc.  Total (17.97) Max (0.10) Min (0.04)
%  Weights from alignment method 1 (karplus), b=-1.000000, e=0.500000
MODEL --  Model from alignment file rev/A_HA_H2.fasta
alphabet DNA
FREQAVE
0.000000 0.000000 0.000000 
0.000000 0.000000 0.000000 
0.000000 0.000000 0.000000 
0.243744 0.177333 0.237883 0.341040 
0.243744 0.177333 0.237883 0.341040 
Begin
0.000000 0.000000 0.000000 
0.000000 0.000000 0.000000 
0.000000 0.007819 0.491768 
0.250000 0.250000 0.250000 0.250000 
0.250000 0.250000 0.250000 0.250000 
   1
0.000000 0.085840 0.046210 
0.000000 0.906341 0.462022 
0.034218 0.008484 0.491768 
0.015331 0.015331 0.015331 0.954008 
0.250000 0.250000 0.250000 0.250000 
   2
0.624443 0.011981 0.046210 
0.341339 0.979535 0.462022 
0.035913 0.008400 0.491768 
0.015043 0.015043 0.015043 0.954870 
0.250000 0.250000 0.250000 0.250000 
   3
0.664534 0.008052 0.046210 
0.299553 0.983547 0.462022 
0.036277 0.008384 0.491768 
0.933525 0.021599 0.014986 0.029890 
0.250000 0.250000 0.250000 0.250000 
   4
0.671270 0.008036 0.046210 
0.292453 0.983580 0.462022 
0.036277 0.008384 0.491768 
0.955041 0.014986 0.014986 0.014986 
0.250000 0.250000 0.250000 0.250000 
   5
0.580663 0.008036 0.046210 
0.383059 0.983580 0.462022 
0.039892 0.008237 0.491768 
0.014496 0.014496 0.017601 0.953406 
0.250000 0.250000 0.250000 0.250000 
   6
0.638517 0.007896 0.046210 
0.321591 0.983867 0.462022 
0.039892 0.008237 0.491768 
0.014496 0.014496 0.014496 0.956511 
0.250000 0.250000 0.250000 0.250000 
   7
0.638517 0.007896 0.046210 
0.321591 0.983867 0.462022 
0.039892 0.008237 0.491768 
0.956511 0.014496 0.014496 0.014496 
0.250000 0.250000 0.250000 0.250000 
   8
0.616825 0.010513 0.046210 
0.343284 0.981250 0.462022 
0.040163 0.008228 0.491768 
0.030357 0.014464 0.493683 0.461496 
0.250000 0.250000 0.250000 0.250000 
   9
0.591943 0.017115 0.046210 
0.367894 0.974658 0.462022 
0.039807 0.008240 0.491768 
0.956480 0.014507 0.014507 0.014507 
0.250000 0.250000 0.250000 0.250000 
  10
0.557011 0.007899 0.046210 
0.403182 0.983861 0.462022 
0.043375 0.008123 0.491768 
0.954284 0.014124 0.017468 0.014124 
0.250000 0.250000 0.250000 0.250000 
  11
0.563548 0.007786 0.046210 
0.393076 0.984091 0.462022 
0.045343 0.008067 0.491768 
0.958161 0.013946 0.013946 0.013946 
0.250000 0.250000 0.250000 0.250000 
  12
0.563065 0.007733 0.046210 
0.391592 0.984200 0.462022 
0.046556 0.008036 0.491768 
0.518793 0.037240 0.044721 0.399246 
0.250000 0.250000 0.250000 0.250000 
  13
0.568762 0.007703 0.046210 
0.384682 0.984262 0.462022 
0.046996 0.008025 0.491768 
0.013811 0.013811 0.036673 0.935705 
0.250000 0.250000 0.250000 0.250000 
  14
0.564182 0.007692 0.046210 
0.388822 0.984283 0.462022 
0.047469 0.008013 0.491768 
0.019931 0.952519 0.013775 0.013775 
0.250000 0.250000 0.250000 0.250000 
  15
0.569855 0.007681 0.046210 
0.382676 0.984306 0.462022 
0.047469 0.008013 0.491768 
0.949046 0.023404 0.013775 0.013775 
0.250000 0.250000 0.250000 0.250000 
  16
0.569855 0.007681 0.046210 
0.382676 0.984306 0.462022 
0.047469 0.008013 0.491768 
0.022623 0.013775 0.949827 0.013775 
0.250000 0.250000 0.250000 0.250000 
  17
0.569855 0.007681 0.046210 
0.382676 0.984306 0.462022 
0.047469 0.008013 0.491768 
0.017986 0.013775 0.013775 0.954464 
0.250000 0.250000 0.250000 0.250000 
  18
0.559704 0.007681 0.046210 
0.392827 0.984306 0.462022 
0.047956 0.008002 0.491768 
0.013738 0.328383 0.106075 0.551804 
0.250000 0.250000 0.250000 0.250000 
  19
0.565444 0.007670 0.046210 
0.386600 0.984329 0.462022 
0.047956 0.008002 0.491768 
0.958785 0.013738 0.013738 0.013738 
0.250000 0.250000 0.250000 0.250000 
  20
0.565444 0.007670 0.046210 
0.386600 0.984329 0.462022 
0.047956 0.008002 0.491768 
0.013738 0.013738 0.443567 0.528956 
0.250000 0.250000 0.250000 0.250000 
  21
0.565444 0.007670 0.046210 
0.386600 0.984329 0.462022 
0.047956 0.008002 0.491768 
0.941078 0.031446 0.013738 0.013738 
0.250000 0.250000 0.250000 0.250000 
  22
0.565444 0.007670 0.046210 
0.386600 0.984329 0.462022 
0.047956 0.008002 0.491768 
0.579921 0.392602 0.013738 0.013738 
0.250000 0.250000 0.250000 0.250000 
  23
0.400835 0.007670 0.046210 
0.551209 0.984329 0.462022 
0.057405 0.007819 0.491768 
0.013177 0.013177 0.013177 0.960468 
0.250000 0.250000 0.250000 0.250000 
  24
0.479817 0.007495 0.046210 
0.462778 0.984686 0.462022 
0.057405 0.007819 0.491768 
0.013177 0.013177 0.960468 0.013177 
0.250000 0.250000 0.250000 0.250000 
  25
0.479817 0.007495 0.046210 
0.462778 0.984686 0.462022 
0.057405 0.007819 0.491768 
0.960468 0.013177 0.013177 0.013177 
0.250000 0.250000 0.250000 0.250000 
  26
0.479817 0.007495 0.046210 
0.462778 0.984686 0.462022 
0.057405 0.007819 0.491768 
0.148685 0.013177 0.013177 0.824961 
0.250000 0.250000 0.250000 0.250000 
  27
0.479817 0.007495 0.046210 
0.462778 0.984686 0.462022 
0.057405 0.007819 0.491768 
0.960468 0.013177 0.013177 0.013177 
0.250000 0.250000 0.250000 0.250000 
  28
0.479817 0.007495 0.046210 
0.462778 0.984686 0.462022 
0.057405 0.007819 0.491768 
0.013177 0.013177 0.013177 0.960468 
0.250000 0.250000 0.250000 0.250000 
  29
0.479817 0.007495 0.046210 
0.462778 0.984686 0.462022 
0.057405 0.007819 0.491768 
0.013177 0.960468 0.013177 0.013177 
0.250000 0.250000 0.250000 0.250000 
  30
0.479817 0.007495 0.046210 
0.462778 0.984686 0.462022 
0.057405 0.007819 0.491768 
0.013177 0.013177 0.960468 0.013177 
0.250000 0.250000 0.250000 0.250000 
  31
0.479817 0.007495 0.046210 
0.462778 0.984686 0.462022 
0.057405 0.007819 0.491768 
0.960468 0.013177 0.013177 0.013177 
0.250000 0.250000 0.250000 0.250000 
  32
0.479817 0.007495 0.046210 
0.462778 0.984686 0.462022 
0.057405 0.007819 0.491768 
0.329678 0.643967 0.013177 0.013177 
0.250000 0.250000 0.250000 0.250000 
  33
0.479817 0.007495 0.046210 
0.462778 0.984686 0.462022 
0.057405 0.007819 0.491768 
0.960468 0.013177 0.013177 0.013177 
0.250000 0.250000 0.250000 0.250000 
  34
0.479817 0.007495 0.046210 
0.462778 0.984686 0.462022 
0.057405 0.007819 0.491768 
0.013177 0.013177 0.022984 0.950661 
0.250000 0.250000 0.250000 0.250000 
  35
0.479817 0.007495 0.046210 
0.462778 0.984686 0.462022 
0.057405 0.007819 0.491768 
0.013177 0.013177 0.327453 0.646193 
0.250000 0.250000 0.250000 0.250000 
  36
0.479817 0.007495 0.046210 
0.462778 0.984686 0.462022 
0.057405 0.007819 0.491768 
0.013212 0.013212 0.960364 0.013212 
0.250000 0.250000 0.250000 0.250000 
  37
0.479817 0.007495 0.046210 
0.462778 0.984686 0.462022 
0.057405 0.007819 0.491768 
0.013177 0.013177 0.013177 0.960468 
0.250000 0.250000 0.250000 0.250000 
  38
0.479817 0.007495 0.046210 
0.462778 0.984686 0.462022 
0.057405 0.007819 0.491768 
0.013177 0.960468 0.013177 0.013177 
0.250000 0.250000 0.250000 0.250000 
  39
0.479817 0.007495 0.046210 
0.462778 0.984686 0.462022 
0.057405 0.007819 0.491768 
0.016185 0.013177 0.957461 0.013177 
0.250000 0.250000 0.250000 0.250000 
  40
0.479817 0.007495 0.046210 
0.462778 0.984686 0.462022 
0.057405 0.007819 0.491768 
0.960468 0.013177 0.013177 0.013177 
0.250000 0.250000 0.250000 0.250000 
  41
0.479817 0.007495 0.046210 
0.462778 0.984686 0.462022 
0.057405 0.007819 0.491768 
0.013177 0.013177 0.283341 0.690304 
0.250000 0.250000 0.250000 0.250000 
  42
0.479817 0.007495 0.046210 
0.462778 0.984686 0.462022 
0.057405 0.007819 0.491768 
0.013177 0.013177 0.013177 0.960468 
0.250000 0.250000 0.250000 0.250000 
  43
0.479817 0.007495 0.046210 
0.462778 0.984686 0.462022 
0.057405 0.007819 0.491768 
0.013177 0.960468 0.013177 0.013177 
0.250000 0.250000 0.250000 0.250000 
  44
0.479817 0.007495 0.046210 
0.462778 0.984686 0.462022 
0.057405 0.007819 0.491768 
0.013177 0.013177 0.949414 0.024232 
0.250000 0.250000 0.250000 0.250000 
  45
0.479817 0.007495 0.046210 
0.462778 0.984686 0.462022 
0.057405 0.007819 0.491768 
0.960468 0.013177 0.013177 0.013177 
0.250000 0.250000 0.250000 0.250000 
  46
0.479817 0.007495 0.046210 
0.462778 0.984686 0.462022 
0.057405 0.007819 0.491768 
0.013177 0.960468 0.013177 0.013177 
0.250000 0.250000 0.250000 0.250000 
  47
0.479817 0.007495 0.046210 
0.462778 0.984686 0.462022 
0.057405 0.007819 0.491768 
0.951631 0.022014 0.013177 0.013177 
0.250000 0.250000 0.250000 0.250000 
  48
0.479817 0.007495 0.046210 
0.462778 0.984686 0.462022 
0.057405 0.007819 0.491768 
0.013177 0.960468 0.013177 0.013177 
0.250000 0.250000 0.250000 0.250000 
  49
0.479817 0.007495 0.046210 
0.462778 0.984686 0.462022 
0.057405 0.007819 0.491768 
0.960468 0.013177 0.013177 0.013177 
0.250000 0.250000 0.250000 0.250000 
  50
0.479817 0.007495 0.046210 
0.462778 0.984686 0.462022 
0.057405 0.007819 0.491768 
0.041092 0.013177 0.889618 0.056112 
0.250000 0.250000 0.250000 0.250000 
  51
0.479817 0.007495 0.046210 
0.462778 0.984686 0.462022 
0.057405 0.007819 0.491768 
0.013177 0.013177 0.960468 0.013177 
0.250000 0.250000 0.250000 0.250000 
  52
0.479817 0.007495 0.046210 
0.462778 0.984686 0.462022 
0.057405 0.007819 0.491768 
0.013177 0.013177 0.960468 0.013177 
0.250000 0.250000 0.250000 0.250000 
  53
0.479817 0.007495 0.046210 
0.462778 0.984686 0.462022 
0.057405 0.007819 0.491768 
0.460958 0.512688 0.013177 0.013177 
0.250000 0.250000 0.250000 0.250000 
  54
0.479817 0.007495 0.046210 
0.462778 0.984686 0.462022 
0.057405 0.007819 0.491768 
0.013177 0.013177 0.013177 0.960468 
0.250000 0.250000 0.250000 0.250000 
  55
0.479817 0.007495 0.046210 
0.462778 0.984686 0.462022 
0.057405 0.007819 0.491768 
0.013177 0.013177 0.013177 0.960468 
0.250000 0.250000 0.250000 0.250000 
  56
0.479817 0.007495 0.046210 
0.462778 0.984686 0.462022 
0.057405 0.007819 0.491768 
0.584761 0.388885 0.013177 0.013177 
0.250000 0.250000 0.250000 0.250000 
  57
0.479817 0.007495 0.046210 
0.462778 0.984686 0.462022 
0.057405 0.007819 0.491768 
0.013177 0.960468 0.013177 0.013177 
0.250000 0.250000 0.250000 0.250000 
  58
0.479817 0.007495 0.046210 
0.462778 0.984686 0.462022 
0.057405 0.007819 0.491768 
0.957391 0.013177 0.013177 0.016254 
0.250000 0.250000 0.250000 0.250000 
  59
0.479817 0.007495 0.046210 
0.462778 0.984686 0.462022 
0.057405 0.007819 0.491768 
0.428088 0.545558 0.013177 0.013177 
0.250000 0.250000 0.250000 0.250000 
  60
0.479817 0.007495 0.046210 
0.462778 0.984686 0.462022 
0.057405 0.007819 0.491768 
0.013177 0.013177 0.960468 0.013177 
0.250000 0.250000 0.250000 0.250000 
  61
0.479817 0.007495 0.046210 
0.462778 0.984686 0.462022 
0.057405 0.007819 0.491768 
0.960468 0.013177 0.013177 0.013177 
0.250000 0.250000 0.250000 0.250000 
  62
0.479817 0.007495 0.046210 
0.462778 0.984686 0.462022 
0.057405 0.007819 0.491768 
0.013177 0.013177 0.960468 0.013177 
0.250000 0.250000 0.250000 0.250000 
  63
0.479817 0.007495 0.046210 
0.462778 0.984686 0.462022 
0.057405 0.007819 0.491768 
0.960468 0.013177 0.013177 0.013177 
0.250000 0.250000 0.250000 0.250000 
  64
0.479817 0.007495 0.046210 
0.462778 0.984686 0.462022 
0.057405 0.007819 0.491768 
0.013177 0.013177 0.013177 0.960468 
0.250000 0.250000 0.250000 0.250000 
  65
0.479817 0.007495 0.046210 
0.462778 0.984686 0.462022 
0.057405 0.007819 0.491768 
0.013177 0.013177 0.960468 0.013177 
0.250000 0.250000 0.250000 0.250000 
  66
0.479817 0.007495 0.046210 
0.462778 0.984686 0.462022 
0.057405 0.007819 0.491768 
0.013177 0.013177 0.960468 0.013177 
0.250000 0.250000 0.250000 0.250000 
  67
0.479817 0.007495 0.046210 
0.462778 0.984686 0.462022 
0.057405 0.007819 0.491768 
0.960468 0.013177 0.013177 0.013177 
0.250000 0.250000 0.250000 0.250000 
  68
0.479817 0.007495 0.046210 
0.462778 0.984686 0.462022 
0.057405 0.007819 0.491768 
0.042195 0.626941 0.033381 0.297484 
0.250000 0.250000 0.250000 0.250000 
  69
0.479817 0.007495 0.046210 
0.462778 0.984686 0.462022 
0.057405 0.007819 0.491768 
0.960468 0.013177 0.013177 0.013177 
0.250000 0.250000 0.250000 0.250000 
  70
0.479817 0.007495 0.046210 
0.462778 0.984686 0.462022 
0.057405 0.007819 0.491768 
0.887390 0.028344 0.013177 0.071088 
0.250000 0.250000 0.250000 0.250000 
  71
0.479817 0.007495 0.046210 
0.462778 0.984686 0.462022 
0.057405 0.007819 0.491768 
0.782933 0.190712 0.013177 0.013177 
0.250000 0.250000 0.250000 0.250000 
  72
0.479817 0.007495 0.046210 
0.462778 0.984686 0.462022 
0.057405 0.007819 0.491768 
0.044339 0.929307 0.013177 0.013177 
0.250000 0.250000 0.250000 0.250000 
  73
0.479817 0.007495 0.046210 
0.462778 0.984686 0.462022 
0.057405 0.007819 0.491768 
0.960468 0.013177 0.013177 0.013177 
0.250000 0.250000 0.250000 0.250000 
  74
0.479817 0.007495 0.046210 
0.462778 0.984686 0.462022 
0.057405 0.007819 0.491768 
0.490916 0.482730 0.013177 0.013177 
0.250000 0.250000 0.250000 0.250000 
  75
0.479817 0.007495 0.046210 
0.462778 0.984686 0.462022 
0.057405 0.007819 0.491768 
0.960468 0.013177 0.013177 0.013177 
0.250000 0.250000 0.250000 0.250000 
  76
0.479817 0.007495 0.046210 
0.462778 0.984686 0.462022 
0.057405 0.007819 0.491768 
0.013177 0.013177 0.013177 0.960468 
0.250000 0.250000 0.250000 0.250000 
  77
0.479817 0.007495 0.046210 
0.462778 0.984686 0.462022 
0.057405 0.007819 0.491768 
0.013177 0.013177 0.960468 0.013177 
0.250000 0.250000 0.250000 0.250000 
  78
0.479817 0.007495 0.046210 
0.462778 0.984686 0.462022 
0.057405 0.007819 0.491768 
0.013177 0.013177 0.960468 0.013177 
0.250000 0.250000 0.250000 0.250000 
  79
0.479817 0.007495 0.046210 
0.462778 0.984686 0.462022 
0.057405 0.007819 0.491768 
0.013177 0.013177 0.960468 0.013177 
0.250000 0.250000 0.250000 0.250000 
  80
0.479817 0.007495 0.046210 
0.462778 0.984686 0.462022 
0.057405 0.007819 0.491768 
0.960468 0.013177 0.013177 0.013177 
0.250000 0.250000 0.250000 0.250000 
  81
0.479817 0.007495 0.046210 
0.462778 0.984686 0.462022 
0.057405 0.007819 0.491768 
0.013177 0.960468 0.013177 0.013177 
0.250000 0.250000 0.250000 0.250000 
  82
0.479817 0.007495 0.046210 
0.462778 0.984686 0.462022 
0.057405 0.007819 0.491768 
0.013177 0.013177 0.960468 0.013177 
0.250000 0.250000 0.250000 0.250000 
  83
0.479817 0.007495 0.046210 
0.462778 0.984686 0.462022 
0.057405 0.007819 0.491768 
0.013177 0.013177 0.252862 0.720783 
0.250000 0.250000 0.250000 0.250000 
  84
0.479817 0.007495 0.046210 
0.462778 0.984686 0.462022 
0.057405 0.007819 0.491768 
0.960468 0.013177 0.013177 0.013177 
0.250000 0.250000 0.250000 0.250000 
  85
0.479817 0.007495 0.046210 
0.462778 0.984686 0.462022 
0.057405 0.007819 0.491768 
0.013177 0.013177 0.030442 0.943204 
0.250000 0.250000 0.250000 0.250000 
  86
0.479817 0.007495 0.046210 
0.462778 0.984686 0.462022 
0.057405 0.007819 0.491768 
0.013177 0.013177 0.956015 0.017631 
0.250000 0.250000 0.250000 0.250000 
  87
0.479817 0.007495 0.046210 
0.462778 0.984686 0.462022 
0.057405 0.007819 0.491768 
0.960468 0.013177 0.013177 0.013177 
0.250000 0.250000 0.250000 0.250000 
  88
0.479817 0.007495 0.046210 
0.462778 0.984686 0.462022 
0.057405 0.007819 0.491768 
0.013177 0.013177 0.013177 0.960468 
0.250000 0.250000 0.250000 0.250000 
  89
0.479817 0.007495 0.046210 
0.462778 0.984686 0.462022 
0.057405 0.007819 0.491768 
0.013177 0.960468 0.013177 0.013177 
0.250000 0.250000 0.250000 0.250000 
  90
0.479817 0.007495 0.046210 
0.462778 0.984686 0.462022 
0.057405 0.007819 0.491768 
0.960468 0.013177 0.013177 0.013177 
0.250000 0.250000 0.250000 0.250000 
  91
0.479817 0.007495 0.046210 
0.462778 0.984686 0.462022 
0.057405 0.007819 0.491768 
0.013177 0.013177 0.013177 0.960468 
0.250000 0.250000 0.250000 0.250000 
  92
0.479817 0.007495 0.046210 
0.462778 0.984686 0.462022 
0.057405 0.007819 0.491768 
0.013177 0.013177 0.013177 0.960468 
0.250000 0.250000 0.250000 0.250000 
  93
0.479817 0.007495 0.046210 
0.462778 0.984686 0.462022 
0.057405 0.007819 0.491768 
0.013177 0.960468 0.013177 0.013177 
0.250000 0.250000 0.250000 0.250000 
  94
0.479817 0.007495 0.046210 
0.462778 0.984686 0.462022 
0.057405 0.007819 0.491768 
0.013177 0.013177 0.960468 0.013177 
0.250000 0.250000 0.250000 0.250000 
  95
0.479817 0.007495 0.046210 
0.462778 0.984686 0.462022 
0.057405 0.007819 0.491768 
0.013177 0.013177 0.960468 0.013177 
0.250000 0.250000 0.250000 0.250000 
  96
0.479817 0.007495 0.046210 
0.462778 0.984686 0.462022 
0.057405 0.007819 0.491768 
0.960468 0.013177 0.013177 0.013177 
0.250000 0.250000 0.250000 0.250000 
  97
0.479817 0.007495 0.046210 
0.462778 0.984686 0.462022 
0.057405 0.007819 0.491768 
0.041278 0.932368 0.013177 0.013177 
0.250000 0.250000 0.250000 0.250000 
  98
0.479817 0.007495 0.046210 
0.462778 0.984686 0.462022 
0.057405 0.007819 0.491768 
0.013177 0.013177 0.013177 0.960468 
0.250000 0.250000 0.250000 0.250000 
  99
0.479817 0.007495 0.046210 
0.462778 0.984686 0.462022 
0.057405 0.007819 0.491768 
0.013177 0.960468 0.013177 0.013177 
0.250000 0.250000 0.250000 0.250000 
 100
0.479817 0.007495 0.046210 
0.462778 0.984686 0.462022 
0.057405 0.007819 0.491768 
0.960468 0.013177 0.013177 0.013177 
0.250000 0.250000 0.250000 0.250000 
 101
0.479817 0.007495 0.046210 
0.462778 0.984686 0.462022 
0.057405 0.007819 0.491768 
0.013177 0.013177 0.952779 0.020867 
0.250000 0.250000 0.250000 0.250000 
 102
0.479817 0.007495 0.046210 
0.462778 0.984686 0.462022 
0.057405 0.007819 0.491768 
0.960468 0.013177 0.013177 0.013177 
0.250000 0.250000 0.250000 0.250000 
 103
0.479817 0.007495 0.046210 
0.462778 0.984686 0.462022 
0.057405 0.007819 0.491768 
0.458562 0.515083 0.013177 0.013177 
0.250000 0.250000 0.250000 0.250000 
 104
0.479817 0.007495 0.046210 
0.462778 0.984686 0.462022 
0.057405 0.007819 0.491768 
0.237409 0.736236 0.013177 0.013177 
0.250000 0.250000 0.250000 0.250000 
 105
0.479817 0.007495 0.046210 
0.462778 0.984686 0.462022 
0.057405 0.007819 0.491768 
0.013177 0.960468 0.013177 0.013177 
0.250000 0.250000 0.250000 0.250000 
 106
0.479817 0.007495 0.046210 
0.462778 0.984686 0.462022 
0.057405 0.007819 0.491768 
0.960468 0.013177 0.013177 0.013177 
0.250000 0.250000 0.250000 0.250000 
 107
0.479817 0.007495 0.046210 
0.462778 0.984686 0.462022 
0.057405 0.007819 0.491768 
0.375316 0.598330 0.013177 0.013177 
0.250000 0.250000 0.250000 0.250000 
 108
0.479817 0.007495 0.046210 
0.462778 0.984686 0.462022 
0.057405 0.007819 0.491768 
0.013177 0.013177 0.960468 0.013177 
0.250000 0.250000 0.250000 0.250000 
 109
0.479817 0.007495 0.046210 
0.462778 0.984686 0.462022 
0.057405 0.007819 0.491768 
0.013177 0.013177 0.960468 0.013177 
0.250000 0.250000 0.250000 0.250000 
 110
0.479817 0.007495 0.046210 
0.462778 0.984686 0.462022 
0.057405 0.007819 0.491768 
0.013177 0.013177 0.025879 0.947767 
0.250000 0.250000 0.250000 0.250000 
 111
0.479817 0.007495 0.046210 
0.462778 0.984686 0.462022 
0.057405 0.007819 0.491768 
0.013177 0.960468 0.013177 0.013177 
0.250000 0.250000 0.250000 0.250000 
 112
0.479817 0.007495 0.046210 
0.462778 0.984686 0.462022 
0.057405 0.007819 0.491768 
0.013177 0.013177 0.960468 0.013177 
0.250000 0.250000 0.250000 0.250000 
 113
0.479817 0.007495 0.046210 
0.462778 0.984686 0.462022 
0.057405 0.007819 0.491768 
0.280079 0.016301 0.252841 0.450779 
0.250000 0.250000 0.250000 0.250000 
 114
0.479817 0.007495 0.046210 
0.462778 0.984686 0.462022 
0.057405 0.007819 0.491768 
0.960468 0.013177 0.013177 0.013177 
0.250000 0.250000 0.250000 0.250000 
 115
0.479817 0.007495 0.046210 
0.462778 0.984686 0.462022 
0.057405 0.007819 0.491768 
0.013177 0.013177 0.957357 0.016288 
0.250000 0.250000 0.250000 0.250000 
 116
0.479817 0.007495 0.046210 
0.462778 0.984686 0.462022 
0.057405 0.007819 0.491768 
0.013177 0.013177 0.046820 0.926826 
0.250000 0.250000 0.250000 0.250000 
 117
0.479817 0.007495 0.046210 
0.462778 0.984686 0.462022 
0.057405 0.007819 0.491768 
0.013177 0.960468 0.013177 0.013177 
0.250000 0.250000 0.250000 0.250000 
 118
0.479817 0.007495 0.046210 
0.462778 0.984686 0.462022 
0.057405 0.007819 0.491768 
0.013177 0.013177 0.013177 0.960468 
0.250000 0.250000 0.250000 0.250000 
 119
0.479817 0.007495 0.046210 
0.462778 0.984686 0.462022 
0.057405 0.007819 0.491768 
0.941860 0.031785 0.013177 0.013177 
0.250000 0.250000 0.250000 0.250000 
 120
0.479817 0.007495 0.046210 
0.462778 0.984686 0.462022 
0.057405 0.007819 0.491768 
0.013177 0.960468 0.013177 0.013177 
0.250000 0.250000 0.250000 0.250000 
 121
0.479817 0.007495 0.046210 
0.462778 0.984686 0.462022 
0.057405 0.007819 0.491768 
0.017057 0.013177 0.956589 0.013177 
0.250000 0.250000 0.250000 0.250000 
 122
0.479817 0.007495 0.046210 
0.462778 0.984686 0.462022 
0.057405 0.007819 0.491768 
0.546895 0.426750 0.013177 0.013177 
0.250000 0.250000 0.250000 0.250000 
 123
0.479817 0.007495 0.046210 
0.462778 0.984686 0.462022 
0.057405 0.007819 0.491768 
0.013177 0.013177 0.013177 0.960468 
0.250000 0.250000 0.250000 0.250000 
 124
0.479817 0.007495 0.046210 
0.462778 0.984686 0.462022 
0.057405 0.007819 0.491768 
0.960468 0.013177 0.013177 0.013177 
0.250000 0.250000 0.250000 0.250000 
 125
0.479817 0.007495 0.046210 
0.462778 0.984686 0.462022 
0.057405 0.007819 0.491768 
0.449474 0.108224 0.013177 0.429125 
0.250000 0.250000 0.250000 0.250000 
 126
0.479817 0.007495 0.046210 
0.462778 0.984686 0.462022 
0.057405 0.007819 0.491768 
0.960468 0.013177 0.013177 0.013177 
0.250000 0.250000 0.250000 0.250000 
 127
0.479817 0.007495 0.046210 
0.462778 0.984686 0.462022 
0.057405 0.007819 0.491768 
0.013177 0.013177 0.013177 0.960468 
0.250000 0.250000 0.250000 0.250000 
 128
0.479817 0.007495 0.046210 
0.462778 0.984686 0.462022 
0.057405 0.007819 0.491768 
0.448170 0.342490 0.013177 0.196162 
0.250000 0.250000 0.250000 0.250000 
 129
0.479817 0.007495 0.046210 
0.462778 0.984686 0.462022 
0.057405 0.007819 0.491768 
0.016691 0.956955 0.013177 0.013177 
0.250000 0.250000 0.250000 0.250000 
 130
0.479817 0.007495 0.046210 
0.462778 0.984686 0.462022 
0.057405 0.007819 0.491768 
0.013177 0.013177 0.960468 0.013177 
0.250000 0.250000 0.250000 0.250000 
 131
0.479817 0.007495 0.046210 
0.462778 0.984686 0.462022 
0.057405 0.007819 0.491768 
0.960468 0.013177 0.013177 0.013177 
0.250000 0.250000 0.250000 0.250000 
 132
0.479817 0.007495 0.046210 
0.462778 0.984686 0.462022 
0.057405 0.007819 0.491768 
0.960468 0.013177 0.013177 0.013177 
0.250000 0.250000 0.250000 0.250000 
 133
0.479817 0.007495 0.046210 
0.462778 0.984686 0.462022 
0.057405 0.007819 0.491768 
0.013177 0.960468 0.013177 0.013177 
0.250000 0.250000 0.250000 0.250000 
 134
0.479817 0.007495 0.046210 
0.462778 0.984686 0.462022 
0.057405 0.007819 0.491768 
0.088612 0.444470 0.013177 0.453741 
0.250000 0.250000 0.250000 0.250000 
 135
0.479817 0.007495 0.046210 
0.462778 0.984686 0.462022 
0.057405 0.007819 0.491768 
0.960468 0.013177 0.013177 0.013177 
0.250000 0.250000 0.250000 0.250000 
 136
0.479817 0.007495 0.046210 
0.462778 0.984686 0.462022 
0.057405 0.007819 0.491768 
0.013177 0.013177 0.017790 0.955855 
0.250000 0.250000 0.250000 0.250000 
 137
0.479817 0.007495 0.046210 
0.462778 0.984686 0.462022 
0.057405 0.007819 0.491768 
0.013177 0.013177 0.020391 0.953254 
0.250000 0.250000 0.250000 0.250000 
 138
0.479817 0.007495 0.046210 
0.462778 0.984686 0.462022 
0.057405 0.007819 0.491768 
0.013177 0.013177 0.013177 0.960468 
0.250000 0.250000 0.250000 0.250000 
 139
0.479817 0.007495 0.046210 
0.462778 0.984686 0.462022 
0.057405 0.007819 0.491768 
0.013177 0.960468 0.013177 0.013177 
0.250000 0.250000 0.250000 0.250000 
 140
0.479817 0.007495 0.046210 
0.462778 0.984686 0.462022 
0.057405 0.007819 0.491768 
0.800038 0.173608 0.013177 0.013177 
0.250000 0.250000 0.250000 0.250000 
 141
0.479817 0.007495 0.046210 
0.462778 0.984686 0.462022 
0.057405 0.007819 0.491768 
0.013177 0.013177 0.013177 0.960468 
0.250000 0.250000 0.250000 0.250000 
 142
0.479817 0.007495 0.046210 
0.462778 0.984686 0.462022 
0.057405 0.007819 0.491768 
0.960468 0.013177 0.013177 0.013177 
0.250000 0.250000 0.250000 0.250000 
 143
0.479817 0.007495 0.046210 
0.462778 0.984686 0.462022 
0.057405 0.007819 0.491768 
0.844017 0.129629 0.013177 0.013177 
0.250000 0.250000 0.250000 0.250000 
 144
0.479817 0.007495 0.046210 
0.462778 0.984686 0.462022 
0.057405 0.007819 0.491768 
0.956840 0.016805 0.013177 0.013177 
0.250000 0.250000 0.250000 0.250000 
 145
0.479817 0.007495 0.046210 
0.462778 0.984686 0.462022 
0.057405 0.007819 0.491768 
0.013177 0.013177 0.900719 0.072926 
0.250000 0.250000 0.250000 0.250000 
 146
0.479817 0.007495 0.046210 
0.462778 0.984686 0.462022 
0.057405 0.007819 0.491768 
0.013177 0.013177 0.939215 0.034431 
0.250000 0.250000 0.250000 0.250000 
 147
0.479817 0.007495 0.046210 
0.462778 0.984686 0.462022 
0.057405 0.007819 0.491768 
0.013177 0.013177 0.960468 0.013177 
0.250000 0.250000 0.250000 0.250000 
 148
0.479817 0.007495 0.046210 
0.462778 0.984686 0.462022 
0.057405 0.007819 0.491768 
0.013177 0.013177 0.960468 0.013177 
0.250000 0.250000 0.250000 0.250000 
 149
0.479817 0.007495 0.046210 
0.462778 0.984686 0.462022 
0.057405 0.007819 0.491768 
0.013177 0.013177 0.960468 0.013177 
0.250000 0.250000 0.250000 0.250000 
 150
0.479817 0.007495 0.046210 
0.462778 0.984686 0.462022 
0.057405 0.007819 0.491768 
0.957144 0.016502 0.013177 0.013177 
0.250000 0.250000 0.250000 0.250000 
 151
0.479817 0.007495 0.046210 
0.462778 0.984686 0.462022 
0.057405 0.007819 0.491768 
0.013177 0.013177 0.013177 0.960468 
0.250000 0.250000 0.250000 0.250000 
 152
0.479817 0.007495 0.046210 
0.462778 0.984686 0.462022 
0.057405 0.007819 0.491768 
0.540278 0.433367 0.013177 0.013177 
0.250000 0.250000 0.250000 0.250000 
 153
0.479817 0.007495 0.046210 
0.462778 0.984686 0.462022 
0.057405 0.007819 0.491768 
0.016966 0.013177 0.210914 0.758943 
0.250000 0.250000 0.250000 0.250000 
 154
0.479817 0.007495 0.046210 
0.462778 0.984686 0.462022 
0.057405 0.007819 0.491768 
0.013177 0.013177 0.018878 0.954767 
0.250000 0.250000 0.250000 0.250000 
 155
0.479817 0.007495 0.046210 
0.462778 0.984686 0.462022 
0.057405 0.007819 0.491768 
0.027475 0.943435 0.015913 0.013177 
0.250000 0.250000 0.250000 0.250000 
 156
0.479817 0.007495 0.046210 
0.462778 0.984686 0.462022 
0.057405 0.007819 0.491768 
0.013177 0.013177 0.941571 0.032074 
0.250000 0.250000 0.250000 0.250000 
 157
0.479817 0.007495 0.046210 
0.462778 0.984686 0.462022 
0.057405 0.007819 0.491768 
0.013177 0.013177 0.013177 0.960468 
0.250000 0.250000 0.250000 0.250000 
 158
0.479817 0.007495 0.046210 
0.462778 0.984686 0.462022 
0.057405 0.007819 0.491768 
0.013177 0.013177 0.931410 0.042236 
0.250000 0.250000 0.250000 0.250000 
 159
0.479817 0.007495 0.046210 
0.462778 0.984686 0.462022 
0.057405 0.007819 0.491768 
0.960468 0.013177 0.013177 0.013177 
0.250000 0.250000 0.250000 0.250000 
 160
0.479817 0.007495 0.046210 
0.462778 0.984686 0.462022 
0.057405 0.007819 0.491768 
0.946776 0.026870 0.013177 0.013177 
0.250000 0.250000 0.250000 0.250000 
 161
0.479817 0.007495 0.046210 
0.462778 0.984686 0.462022 
0.057405 0.007819 0.491768 
0.013177 0.013177 0.020312 0.953334 
0.250000 0.250000 0.250000 0.250000 
 162
0.479817 0.007495 0.046210 
0.462778 0.984686 0.462022 
0.057405 0.007819 0.491768 
0.013177 0.013177 0.013177 0.960468 
0.250000 0.250000 0.250000 0.250000 
 163
0.479817 0.007495 0.046210 
0.462778 0.984686 0.462022 
0.057405 0.007819 0.491768 
0.013177 0.013177 0.016391 0.957254 
0.250000 0.250000 0.250000 0.250000 
 164
0.479817 0.007495 0.046210 
0.462778 0.984686 0.462022 
0.057405 0.007819 0.491768 
0.071088 0.040565 0.459846 0.428501 
0.250000 0.250000 0.250000 0.250000 
 165
0.479817 0.007495 0.046210 
0.462778 0.984686 0.462022 
0.057405 0.007819 0.491768 
0.960468 0.013177 0.013177 0.013177 
0.250000 0.250000 0.250000 0.250000 
 166
0.479817 0.007495 0.046210 
0.462778 0.984686 0.462022 
0.057405 0.007819 0.491768 
0.013177 0.016165 0.952868 0.017790 
0.250000 0.250000 0.250000 0.250000 
 167
0.479817 0.007495 0.046210 
0.462778 0.984686 0.462022 
0.057405 0.007819 0.491768 
0.013177 0.013177 0.386626 0.587020 
0.250000 0.250000 0.250000 0.250000 
 168
0.479817 0.007495 0.046210 
0.462778 0.984686 0.462022 
0.057405 0.007819 0.491768 
0.013177 0.013177 0.960468 0.013177 
0.250000 0.250000 0.250000 0.250000 
 169
0.479817 0.007495 0.046210 
0.462778 0.984686 0.462022 
0.057405 0.007819 0.491768 
0.013177 0.013177 0.960468 0.013177 
0.250000 0.250000 0.250000 0.250000 
 170
0.479817 0.007495 0.046210 
0.462778 0.984686 0.462022 
0.057405 0.007819 0.491768 
0.013177 0.013177 0.018713 0.954933 
0.250000 0.250000 0.250000 0.250000 
 171
0.479817 0.007495 0.046210 
0.462778 0.984686 0.462022 
0.057405 0.007819 0.491768 
0.013177 0.013177 0.016653 0.956992 
0.250000 0.250000 0.250000 0.250000 
 172
0.479817 0.007495 0.046210 
0.462778 0.984686 0.462022 
0.057405 0.007819 0.491768 
0.013177 0.013177 0.013177 0.960468 
0.250000 0.250000 0.250000 0.250000 
 173
0.479817 0.007495 0.046210 
0.462778 0.984686 0.462022 
0.057405 0.007819 0.491768 
0.013177 0.957481 0.013177 0.016165 
0.250000 0.250000 0.250000 0.250000 
 174
0.479817 0.007495 0.046210 
0.462778 0.984686 0.462022 
0.057405 0.007819 0.491768 
0.960468 0.013177 0.013177 0.013177 
0.250000 0.250000 0.250000 0.250000 
 175
0.479817 0.007495 0.046210 
0.462778 0.984686 0.462022 
0.057405 0.007819 0.491768 
0.013177 0.013177 0.013177 0.960468 
0.250000 0.250000 0.250000 0.250000 
 176
0.479817 0.007495 0.046210 
0.462778 0.984686 0.462022 
0.057405 0.007819 0.491768 
0.013177 0.013177 0.184879 0.788766 
0.250000 0.250000 0.250000 0.250000 
 177
0.479817 0.007495 0.046210 
0.462778 0.984686 0.462022 
0.057405 0.007819 0.491768 
0.013177 0.013177 0.013177 0.960468 
0.250000 0.250000 0.250000 0.250000 
 178
0.479817 0.007495 0.046210 
0.462778 0.984686 0.462022 
0.057405 0.007819 0.491768 
0.013177 0.013177 0.960468 0.013177 
0.250000 0.250000 0.250000 0.250000 
 179
0.479817 0.007495 0.046210 
0.462778 0.984686 0.462022 
0.057405 0.007819 0.491768 
0.568614 0.405032 0.013177 0.013177 
0.250000 0.250000 0.250000 0.250000 
 180
0.479817 0.007495 0.046210 
0.462778 0.984686 0.462022 
0.057405 0.007819 0.491768 
0.013177 0.088554 0.038788 0.859481 
0.250000 0.250000 0.250000 0.250000 
 181
0.479817 0.007495 0.046210 
0.462778 0.984686 0.462022 
0.057405 0.007819 0.491768 
0.013177 0.013177 0.013177 0.960468 
0.250000 0.250000 0.250000 0.250000 
 182
0.479817 0.007495 0.046210 
0.462778 0.984686 0.462022 
0.057405 0.007819 0.491768 
0.013177 0.013177 0.481240 0.492405 
0.250000 0.250000 0.250000 0.250000 
 183
0.479817 0.007495 0.046210 
0.462778 0.984686 0.462022 
0.057405 0.007819 0.491768 
0.013177 0.013177 0.954832 0.018814 
0.250000 0.250000 0.250000 0.250000 
 184
0.479817 0.007495 0.046210 
0.462778 0.984686 0.462022 
0.057405 0.007819 0.491768 
0.013177 0.013177 0.013177 0.960468 
0.250000 0.250000 0.250000 0.250000 
 185
0.479817 0.007495 0.046210 
0.462778 0.984686 0.462022 
0.057405 0.007819 0.491768 
0.274854 0.632990 0.078979 0.013177 
0.250000 0.250000 0.250000 0.250000 
 186
0.479817 0.007495 0.046210 
0.462778 0.984686 0.462022 
0.057405 0.007819 0.491768 
0.013177 0.013177 0.013177 0.960468 
0.250000 0.250000 0.250000 0.250000 
 187
0.479817 0.007495 0.046210 
0.462778 0.984686 0.462022 
0.057405 0.007819 0.491768 
0.013177 0.013177 0.013177 0.960468 
0.250000 0.250000 0.250000 0.250000 
 188
0.479817 0.007495 0.046210 
0.462778 0.984686 0.462022 
0.057405 0.007819 0.491768 
0.013177 0.016434 0.445693 0.524696 
0.250000 0.250000 0.250000 0.250000 
 189
0.479817 0.007495 0.046210 
0.462778 0.984686 0.462022 
0.057405 0.007819 0.491768 
0.960468 0.013177 0.013177 0.013177 
0.250000 0.250000 0.250000 0.250000 
 190
0.479817 0.007495 0.046210 
0.462778 0.984686 0.462022 
0.057405 0.007819 0.491768 
0.077134 0.896512 0.013177 0.013177 
0.250000 0.250000 0.250000 0.250000 
 191
0.479817 0.007495 0.046210 
0.462778 0.984686 0.462022 
0.057405 0.007819 0.491768 
0.016386 0.013177 0.422224 0.548212 
0.250000 0.250000 0.250000 0.250000 
 192
0.479817 0.007495 0.046210 
0.462778 0.984686 0.462022 
0.057405 0.007819 0.491768 
0.013177 0.013177 0.032109 0.941537 
0.250000 0.250000 0.250000 0.250000 
 193
0.479817 0.007495 0.046210 
0.462778 0.984686 0.462022 
0.057405 0.007819 0.491768 
0.013177 0.013177 0.013177 0.960468 
0.250000 0.250000 0.250000 0.250000 
 194
0.479817 0.007495 0.046210 
0.462778 0.984686 0.462022 
0.057405 0.007819 0.491768 
0.537451 0.436194 0.013177 0.013177 
0.250000 0.250000 0.250000 0.250000 
 195
0.479817 0.007495 0.046210 
0.462778 0.984686 0.462022 
0.057405 0.007819 0.491768 
0.013177 0.960468 0.013177 0.013177 
0.250000 0.250000 0.250000 0.250000 
 196
0.479817 0.007495 0.046210 
0.462778 0.984686 0.462022 
0.057405 0.007819 0.491768 
0.960468 0.013177 0.013177 0.013177 
0.250000 0.250000 0.250000 0.250000 
 197
0.479817 0.007495 0.046210 
0.462778 0.984686 0.462022 
0.057405 0.007819 0.491768 
0.013177 0.013177 0.601698 0.371948 
0.250000 0.250000 0.250000 0.250000 
 198
0.479817 0.007495 0.046210 
0.462778 0.984686 0.462022 
0.057405 0.007819 0.491768 
0.013177 0.013177 0.013177 0.960468 
0.250000 0.250000 0.250000 0.250000 
 199
0.479817 0.007495 0.046210 
0.462778 0.984686 0.462022 
0.057405 0.007819 0.491768 
0.013177 0.013177 0.960468 0.013177 
0.250000 0.250000 0.250000 0.250000 
 200
0.479817 0.007495 0.046210 
0.462778 0.984686 0.462022 
0.057405 0.007819 0.491768 
0.013177 0.013177 0.302013 0.671633 
0.250000 0.250000 0.250000 0.250000 
 201
0.479817 0.007495 0.046210 
0.462778 0.984686 0.462022 
0.057405 0.007819 0.491768 
0.013177 0.013177 0.013177 0.960468 
0.250000 0.250000 0.250000 0.250000 
 202
0.479817 0.007495 0.046210 
0.462778 0.984686 0.462022 
0.057405 0.007819 0.491768 
0.013177 0.013177 0.957567 0.016079 
0.250000 0.250000 0.250000 0.250000 
 203
0.479817 0.007495 0.046210 
0.462778 0.984686 0.462022 
0.057405 0.007819 0.491768 
0.013177 0.013177 0.025258 0.948388 
0.250000 0.250000 0.250000 0.250000 
 204
0.479817 0.007495 0.046210 
0.462778 0.984686 0.462022 
0.057405 0.007819 0.491768 
0.013177 0.016549 0.013177 0.957096 
0.250000 0.250000 0.250000 0.250000 
 205
0.479817 0.007495 0.046210 
0.462778 0.984686 0.462022 
0.057405 0.007819 0.491768 
0.013177 0.013177 0.960468 0.013177 
0.250000 0.250000 0.250000 0.250000 
 206
0.479817 0.007495 0.046210 
0.462778 0.984686 0.462022 
0.057405 0.007819 0.491768 
0.960468 0.013177 0.013177 0.013177 
0.250000 0.250000 0.250000 0.250000 
 207
0.479817 0.007495 0.046210 
0.462778 0.984686 0.462022 
0.057405 0.007819 0.491768 
0.013177 0.013177 0.013177 0.960468 
0.250000 0.250000 0.250000 0.250000 
 208
0.479817 0.007495 0.046210 
0.462778 0.984686 0.462022 
0.057405 0.007819 0.491768 
0.960468 0.013177 0.013177 0.013177 
0.250000 0.250000 0.250000 0.250000 
 209
0.479817 0.007495 0.046210 
0.462778 0.984686 0.462022 
0.057405 0.007819 0.491768 
0.013177 0.013177 0.477562 0.496083 
0.250000 0.250000 0.250000 0.250000 
 210
0.479817 0.007495 0.046210 
0.462778 0.984686 0.462022 
0.057405 0.007819 0.491768 
0.013177 0.013177 0.013177 0.960468 
0.250000 0.250000 0.250000 0.250000 
 211
0.479817 0.007495 0.046210 
0.462778 0.984686 0.462022 
0.057405 0.007819 0.491768 
0.013177 0.013177 0.013177 0.960468 
0.250000 0.250000 0.250000 0.250000 
 212
0.479817 0.007495 0.046210 
0.462778 0.984686 0.462022 
0.057405 0.007819 0.491768 
0.060769 0.894173 0.013177 0.031881 
0.250000 0.250000 0.250000 0.250000 
 213
0.479817 0.007495 0.046210 
0.462778 0.984686 0.462022 
0.057405 0.007819 0.491768 
0.016304 0.957341 0.013177 0.013177 
0.250000 0.250000 0.250000 0.250000 
 214
0.479817 0.007495 0.046210 
0.462778 0.984686 0.462022 
0.057405 0.007819 0.491768 
0.060701 0.909818 0.013177 0.016304 
0.250000 0.250000 0.250000 0.250000 
 215
0.479817 0.007495 0.046210 
0.462778 0.984686 0.462022 
0.057405 0.007819 0.491768 
0.955968 0.017677 0.013177 0.013177 
0.250000 0.250000 0.250000 0.250000 
 216
0.479817 0.007495 0.046210 
0.462778 0.984686 0.462022 
0.057405 0.007819 0.491768 
0.013177 0.013177 0.013177 0.960468 
0.250000 0.250000 0.250000 0.250000 
 217
0.479817 0.007495 0.046210 
0.462778 0.984686 0.462022 
0.057405 0.007819 0.491768 
0.960468 0.013177 0.013177 0.013177 
0.250000 0.250000 0.250000 0.250000 
 218
0.479817 0.007495 0.046210 
0.462778 0.984686 0.462022 
0.057405 0.007819 0.491768 
0.946776 0.026870 0.013177 0.013177 
0.250000 0.250000 0.250000 0.250000 
 219
0.479817 0.007495 0.046210 
0.462778 0.984686 0.462022 
0.057405 0.007819 0.491768 
0.013177 0.013177 0.013177 0.960468 
0.250000 0.250000 0.250000 0.250000 
 220
0.479817 0.007495 0.046210 
0.462778 0.984686 0.462022 
0.057405 0.007819 0.491768 
0.018194 0.013177 0.925927 0.042702 
0.250000 0.250000 0.250000 0.250000 
 221
0.479817 0.007495 0.046210 
0.462778 0.984686 0.462022 
0.057405 0.007819 0.491768 
0.960468 0.013177 0.013177 0.013177 
0.250000 0.250000 0.250000 0.250000 
 222
0.479817 0.007495 0.046210 
0.462778 0.984686 0.462022 
0.057405 0.007819 0.491768 
0.013177 0.013177 0.013177 0.960468 
0.250000 0.250000 0.250000 0.250000 
 223
0.479817 0.007495 0.046210 
0.462778 0.984686 0.462022 
0.057405 0.007819 0.491768 
0.960468 0.013177 0.013177 0.013177 
0.250000 0.250000 0.250000 0.250000 
 224
0.479817 0.007495 0.046210 
0.462778 0.984686 0.462022 
0.057405 0.007819 0.491768 
0.013177 0.013177 0.216602 0.757044 
0.250000 0.250000 0.250000 0.250000 
 225
0.479817 0.007495 0.046210 
0.462778 0.984686 0.462022 
0.057405 0.007819 0.491768 
0.013177 0.960468 0.013177 0.013177 
0.250000 0.250000 0.250000 0.250000 
 226
0.479817 0.007495 0.046210 
0.462778 0.984686 0.462022 
0.057405 0.007819 0.491768 
0.013177 0.013177 0.013177 0.960468 
0.250000 0.250000 0.250000 0.250000 
 227
0.479817 0.007495 0.046210 
0.462778 0.984686 0.462022 
0.057405 0.007819 0.491768 
0.013177 0.013177 0.705494 0.268151 
0.250000 0.250000 0.250000 0.250000 
 228
0.479817 0.007495 0.046210 
0.462778 0.984686 0.462022 
0.057405 0.007819 0.491768 
0.013177 0.013177 0.960468 0.013177 
0.250000 0.250000 0.250000 0.250000 
 229
0.479817 0.007495 0.046210 
0.462778 0.984686 0.462022 
0.057405 0.007819 0.491768 
0.013177 0.013177 0.960468 0.013177 
0.250000 0.250000 0.250000 0.250000 
 230
0.479817 0.007495 0.046210 
0.462778 0.984686 0.462022 
0.057405 0.007819 0.491768 
0.759849 0.213797 0.013177 0.013177 
0.250000 0.250000 0.250000 0.250000 
 231
0.479817 0.007495 0.046210 
0.462778 0.984686 0.462022 
0.057405 0.007819 0.491768 
0.013177 0.013177 0.013177 0.960468 
0.250000 0.250000 0.250000 0.250000 
 232
0.479817 0.007495 0.046210 
0.462778 0.984686 0.462022 
0.057405 0.007819 0.491768 
0.013177 0.013177 0.013177 0.960468 
0.250000 0.250000 0.250000 0.250000 
 233
0.479817 0.007495 0.046210 
0.462778 0.984686 0.462022 
0.057405 0.007819 0.491768 
0.013177 0.013177 0.748254 0.225392 
0.250000 0.250000 0.250000 0.250000 
 234
0.479817 0.007495 0.046210 
0.462778 0.984686 0.462022 
0.057405 0.007819 0.491768 
0.013177 0.013177 0.428190 0.545455 
0.250000 0.250000 0.250000 0.250000 
 235
0.479817 0.007495 0.046210 
0.462778 0.984686 0.462022 
0.057405 0.007819 0.491768 
0.013177 0.013177 0.013177 0.960468 
0.250000 0.250000 0.250000 0.250000 
 236
0.479817 0.007495 0.046210 
0.462778 0.984686 0.462022 
0.057405 0.007819 0.491768 
