%  SAM: modelfromalign v3.5 (July 15, 2005) compiled 03/03/09_11:47:37
%  (c) 1992-2001 Regents of the University of California, Santa Cruz
%
%          Sequence Alignment and Modeling Software System
%         http://www.cse.ucsc.edu/research/compbio/sam.html
%
% ----------------- Citations (SAM, SAM-T2K, HMMs) --------------------
% R. Hughey, A. Krogh, Hidden Markov models for sequence analysis:
%  Extension and analysis of the basic method, CABIOS 12:95-107, 1996.
% K. Karplus, et al., What is the value added by human intervention in protein
%  structure prediction, Proteins: Stucture, Function, Genetics 45(S5):86--91, 2001.
% A. Krogh et al., Hidden Markov models in computational biology:
%  Applications to protein modeling, JMB 235:1501-1531, Feb 1994.
% ---------------------------------------------------------------------
%  A_HA_H6_hmm   Host: m222714.cdc.gov    Wed May 21 18:06:29 2014
%  vfn4          Dir:  /Volumes/gf_atl_2012/Genotyping/IRMA/segments/HA
% ---------------------------------------------------------------------
%  Alignment weights from internal calc.  Total (36.44) Max (0.16) Min (0.02)
%  Weights from alignment method 1 (karplus), b=-1.000000, e=0.500000
MODEL --  Model from alignment file rev/A_HA_H6.fasta
alphabet DNA
FREQAVE
0.000000 0.000000 0.000000 
0.000000 0.000000 0.000000 
0.000000 0.000000 0.000000 
0.246764 0.176528 0.239394 0.337313 
0.246764 0.176528 0.239394 0.337313 
Begin
0.000000 0.000000 0.000000 
0.000000 0.000000 0.000000 
0.000000 0.005068 0.491768 
0.250000 0.250000 0.250000 0.250000 
0.250000 0.250000 0.250000 0.250000 
   1
0.000000 0.175584 0.046210 
0.000000 0.819349 0.462022 
0.017510 0.006111 0.491768 
0.008778 0.008778 0.028260 0.954185 
0.250000 0.250000 0.250000 0.250000 
   2
0.839498 0.005858 0.046210 
0.142992 0.988032 0.462022 
0.017542 0.006108 0.491768 
0.008770 0.008770 0.095118 0.887341 
0.250000 0.250000 0.250000 0.250000 
   3
0.830728 0.005854 0.046210 
0.151730 0.988038 0.462022 
0.017725 0.006089 0.491768 
0.971833 0.008730 0.010708 0.008730 
0.250000 0.250000 0.250000 0.250000 
   4
0.824421 0.006558 0.046210 
0.157854 0.987353 0.462022 
0.017949 0.006067 0.491768 
0.011260 0.008682 0.010810 0.969248 
0.250000 0.250000 0.250000 0.250000 
   5
0.833488 0.005815 0.046210 
0.148563 0.988118 0.462022 
0.018019 0.006060 0.491768 
0.970189 0.008667 0.008667 0.012477 
0.250000 0.250000 0.250000 0.250000 
   6
0.782734 0.005809 0.046210 
0.199248 0.988131 0.462022 
0.019047 0.005968 0.491768 
0.014706 0.008468 0.008468 0.968357 
0.250000 0.250000 0.250000 0.250000 
   7
0.815335 0.005721 0.046210 
0.165618 0.988311 0.462022 
0.019280 0.005949 0.491768 
0.971091 0.009987 0.008427 0.010494 
0.250000 0.250000 0.250000 0.250000 
   8
0.822974 0.005703 0.046210 
0.157747 0.988348 0.462022 
0.019325 0.005945 0.491768 
0.008420 0.008420 0.974741 0.008420 
0.250000 0.250000 0.250000 0.250000 
   9
0.824889 0.005699 0.046210 
0.155787 0.988355 0.462022 
0.019325 0.005945 0.491768 
0.972042 0.011119 0.008420 0.008420 
0.250000 0.250000 0.250000 0.250000 
  10
0.821410 0.005699 0.046210 
0.159265 0.988355 0.462022 
0.019392 0.005940 0.491768 
0.014528 0.008408 0.038446 0.938618 
0.250000 0.250000 0.250000 0.250000 
  11
0.824277 0.005694 0.046210 
0.156331 0.988366 0.462022 
0.019392 0.005940 0.491768 
0.972750 0.008408 0.008408 0.010434 
0.250000 0.250000 0.250000 0.250000 
  12
0.821027 0.005694 0.046210 
0.159581 0.988366 0.462022 
0.019455 0.005935 0.491768 
0.008398 0.008398 0.061861 0.921344 
0.250000 0.250000 0.250000 0.250000 
  13
0.818177 0.005689 0.046210 
0.162368 0.988376 0.462022 
0.019563 0.005927 0.491768 
0.037349 0.008380 0.868694 0.085578 
0.250000 0.250000 0.250000 0.250000 
  14
0.821070 0.005681 0.046210 
0.159367 0.988392 0.462022 
0.019596 0.005924 0.491768 
0.008374 0.008374 0.846510 0.136742 
0.250000 0.250000 0.250000 0.250000 
  15
0.822431 0.005679 0.046210 
0.157974 0.988397 0.462022 
0.019596 0.005924 0.491768 
0.008374 0.008374 0.008374 0.974877 
0.250000 0.250000 0.250000 0.250000 
  16
0.816358 0.005679 0.046210 
0.164046 0.988397 0.462022 
0.019716 0.005915 0.491768 
0.011176 0.972115 0.008355 0.008355 
0.250000 0.250000 0.250000 0.250000 
  17
0.819258 0.005670 0.046210 
0.161026 0.988415 0.462022 
0.019757 0.005912 0.491768 
0.008348 0.008348 0.974956 0.008348 
0.250000 0.250000 0.250000 0.250000 
  18
0.816828 0.005667 0.046210 
0.163415 0.988422 0.462022 
0.019839 0.005906 0.491768 
0.974996 0.008335 0.008335 0.008335 
0.250000 0.250000 0.250000 0.250000 
  19
0.804280 0.005661 0.046210 
0.175881 0.988434 0.462022 
0.020160 0.005882 0.491768 
0.008285 0.015091 0.469766 0.506858 
0.250000 0.250000 0.250000 0.250000 
  20
0.817314 0.005638 0.046210 
0.162526 0.988480 0.462022 
0.020160 0.005882 0.491768 
0.013692 0.010734 0.008285 0.967290 
0.250000 0.250000 0.250000 0.250000 
  21
0.815659 0.005638 0.046210 
0.164181 0.988480 0.462022 
0.020194 0.005879 0.491768 
0.008280 0.969758 0.008280 0.013683 
0.250000 0.250000 0.250000 0.250000 
  22
0.817011 0.005636 0.046210 
0.162795 0.988485 0.462022 
0.020194 0.005879 0.491768 
0.008280 0.008280 0.968976 0.014464 
0.250000 0.250000 0.250000 0.250000 
  23
0.814582 0.005636 0.046210 
0.165224 0.988485 0.462022 
0.020243 0.005876 0.491768 
0.969785 0.013671 0.008272 0.008272 
0.250000 0.250000 0.250000 0.250000 
  24
0.813453 0.005632 0.046210 
0.166304 0.988492 0.462022 
0.020306 0.005871 0.491768 
0.013655 0.008263 0.008263 0.969819 
0.250000 0.250000 0.250000 0.250000 
  25
0.807511 0.005628 0.046210 
0.172182 0.988501 0.462022 
0.020480 0.005859 0.491768 
0.008237 0.010683 0.025005 0.956075 
0.250000 0.250000 0.250000 0.250000 
  26
0.805724 0.005616 0.046210 
0.173796 0.988524 0.462022 
0.020660 0.005847 0.491768 
0.008211 0.970008 0.008211 0.013570 
0.250000 0.250000 0.250000 0.250000 
  27
0.812791 0.005605 0.046210 
0.166549 0.988549 0.462022 
0.020660 0.005847 0.491768 
0.968732 0.013570 0.008211 0.009487 
0.250000 0.250000 0.250000 0.250000 
  28
0.801159 0.005605 0.046210 
0.178182 0.988549 0.462022 
0.020903 0.005831 0.491768 
0.837727 0.144740 0.008177 0.009356 
0.250000 0.250000 0.250000 0.250000 
  29
0.807559 0.005589 0.046210 
0.171538 0.988581 0.462022 
0.020966 0.005826 0.491768 
0.013499 0.008168 0.970165 0.008168 
0.250000 0.250000 0.250000 0.250000 
  30
0.810012 0.005585 0.046210 
0.169022 0.988589 0.462022 
0.020966 0.005826 0.491768 
0.008168 0.008168 0.961690 0.021974 
0.250000 0.250000 0.250000 0.250000 
  31
0.801177 0.005585 0.046210 
0.177856 0.988589 0.462022 
0.021153 0.005814 0.491768 
0.961842 0.020607 0.009408 0.008143 
0.250000 0.250000 0.250000 0.250000 
  32
0.802439 0.005573 0.046210 
0.176407 0.988612 0.462022 
0.021278 0.005806 0.491768 
0.008126 0.009238 0.008126 0.974510 
0.250000 0.250000 0.250000 0.250000 
  33
0.792022 0.005566 0.046210 
0.186700 0.988628 0.462022 
0.021606 0.005786 0.491768 
0.008084 0.008084 0.008084 0.975748 
0.250000 0.250000 0.250000 0.250000 
  34
0.792945 0.005546 0.046210 
0.185450 0.988668 0.462022 
0.021852 0.005771 0.491768 
0.023606 0.008053 0.089935 0.878406 
0.250000 0.250000 0.250000 0.250000 
  35
0.799833 0.005532 0.046210 
0.178315 0.988697 0.462022 
0.021899 0.005768 0.491768 
0.013640 0.967988 0.008048 0.010324 
0.250000 0.250000 0.250000 0.250000 
  36
0.795462 0.005529 0.046210 
0.182638 0.988702 0.462022 
0.022034 0.005761 0.491768 
0.973634 0.010304 0.008031 0.008031 
0.250000 0.250000 0.250000 0.250000 
  37
0.785682 0.005522 0.046210 
0.192284 0.988718 0.462022 
0.022361 0.005742 0.491768 
0.864151 0.119864 0.007993 0.007993 
0.250000 0.250000 0.250000 0.250000 
  38
0.797370 0.005504 0.046210 
0.180268 0.988754 0.462022 
0.022361 0.005742 0.491768 
0.007993 0.007993 0.976022 0.007993 
0.250000 0.250000 0.250000 0.250000 
  39
0.794182 0.005504 0.046210 
0.183457 0.988754 0.462022 
0.022433 0.005738 0.491768 
0.976047 0.007984 0.007984 0.007984 
0.250000 0.250000 0.250000 0.250000 
  40
0.787422 0.005500 0.046210 
0.190146 0.988762 0.462022 
0.022643 0.005726 0.491768 
0.007961 0.007961 0.976118 0.007961 
0.250000 0.250000 0.250000 0.250000 
  41
0.792715 0.005489 0.046210 
0.184642 0.988785 0.462022 
0.022691 0.005724 0.491768 
0.973771 0.007955 0.010318 0.007955 
0.250000 0.250000 0.250000 0.250000 
  42
0.780722 0.005487 0.046210 
0.196587 0.988790 0.462022 
0.023005 0.005707 0.491768 
0.010273 0.007921 0.007921 0.973884 
0.250000 0.250000 0.250000 0.250000 
  43
0.761189 0.005471 0.046210 
0.215806 0.988822 0.462022 
0.023725 0.005671 0.491768 
0.007847 0.007847 0.976459 0.007847 
0.250000 0.250000 0.250000 0.250000 
  44
0.785011 0.005436 0.046210 
0.191264 0.988893 0.462022 
0.023725 0.005671 0.491768 
0.007847 0.007847 0.976459 0.007847 
0.250000 0.250000 0.250000 0.250000 
  45
0.785011 0.005436 0.046210 
0.191264 0.988893 0.462022 
0.023725 0.005671 0.491768 
0.976459 0.007847 0.007847 0.007847 
0.250000 0.250000 0.250000 0.250000 
  46
0.691930 0.005436 0.046210 
0.284344 0.988893 0.462022 
0.026160 0.005566 0.491768 
0.909668 0.075063 0.007635 0.007635 
0.250000 0.250000 0.250000 0.250000 
  47
0.762945 0.005335 0.046210 
0.210894 0.989099 0.462022 
0.026160 0.005566 0.491768 
0.977095 0.007635 0.007635 0.007635 
0.250000 0.250000 0.250000 0.250000 
  48
0.759308 0.005335 0.046210 
0.214532 0.989099 0.462022 
0.026256 0.005562 0.491768 
0.007628 0.905487 0.071320 0.015565 
0.250000 0.250000 0.250000 0.250000 
  49
0.713444 0.005332 0.046210 
0.260300 0.989106 0.462022 
0.027598 0.005514 0.491768 
0.970708 0.010599 0.011162 0.007531 
0.250000 0.250000 0.250000 0.250000 
  50
0.749917 0.005285 0.046210 
0.222485 0.989201 0.462022 
0.027598 0.005514 0.491768 
0.007531 0.007531 0.977406 0.007531 
0.250000 0.250000 0.250000 0.250000 
  51
0.749917 0.005285 0.046210 
0.222485 0.989201 0.462022 
0.027598 0.005514 0.491768 
0.007531 0.007531 0.975083 0.009854 
0.250000 0.250000 0.250000 0.250000 
  52
0.736630 0.005285 0.046210 
0.235772 0.989201 0.462022 
0.027970 0.005501 0.491768 
0.014503 0.007507 0.931356 0.046635 
0.250000 0.250000 0.250000 0.250000 
  53
0.746549 0.005273 0.046210 
0.225481 0.989225 0.462022 
0.027970 0.005501 0.491768 
0.975960 0.009027 0.007507 0.007507 
0.250000 0.250000 0.250000 0.250000 
  54
0.739105 0.005273 0.046210 
0.232925 0.989225 0.462022 
0.028180 0.005495 0.491768 
0.027167 0.012785 0.016471 0.943577 
0.250000 0.250000 0.250000 0.250000 
  55
0.739222 0.005267 0.046210 
0.232598 0.989239 0.462022 
0.028333 0.005490 0.491768 
0.010381 0.123157 0.010802 0.855660 
0.250000 0.250000 0.250000 0.250000 
  56
0.743255 0.005262 0.046210 
0.228411 0.989248 0.462022 
0.028333 0.005490 0.491768 
0.009869 0.975163 0.007484 0.007484 
0.250000 0.250000 0.250000 0.250000 
  57
0.743255 0.005262 0.046210 
0.228411 0.989248 0.462022 
0.028333 0.005490 0.491768 
0.011744 0.007484 0.969597 0.011175 
0.250000 0.250000 0.250000 0.250000 
  58
0.721334 0.005262 0.046210 
0.250333 0.989248 0.462022 
0.028968 0.005470 0.491768 
0.132498 0.010618 0.427641 0.429243 
0.250000 0.250000 0.250000 0.250000 
  59
0.737501 0.005243 0.046210 
0.233531 0.989287 0.462022 
0.028968 0.005470 0.491768 
0.969661 0.012203 0.010691 0.007445 
0.250000 0.250000 0.250000 0.250000 
  60
0.737501 0.005243 0.046210 
0.233531 0.989287 0.462022 
0.028968 0.005470 0.491768 
0.137792 0.012102 0.019910 0.830196 
0.250000 0.250000 0.250000 0.250000 
  61
0.717903 0.005243 0.046210 
0.253129 0.989287 0.462022 
0.029547 0.005453 0.491768 
0.049026 0.832113 0.009722 0.109139 
0.250000 0.250000 0.250000 0.250000 
  62
0.732253 0.005227 0.046210 
0.238199 0.989320 0.462022 
0.029547 0.005453 0.491768 
0.974535 0.007411 0.007411 0.010643 
0.250000 0.250000 0.250000 0.250000 
  63
0.732253 0.005227 0.046210 
0.238199 0.989320 0.462022 
0.029547 0.005453 0.491768 
0.007411 0.007411 0.022715 0.962463 
0.250000 0.250000 0.250000 0.250000 
  64
0.718149 0.005227 0.046210 
0.252303 0.989320 0.462022 
0.029970 0.005441 0.491768 
0.010609 0.007387 0.974616 0.007387 
0.250000 0.250000 0.250000 0.250000 
  65
0.728423 0.005215 0.046210 
0.241607 0.989344 0.462022 
0.029970 0.005441 0.491768 
0.972991 0.009012 0.007387 0.010609 
0.250000 0.250000 0.250000 0.250000 
  66
0.728423 0.005215 0.046210 
0.241607 0.989344 0.462022 
0.029970 0.005441 0.491768 
0.007387 0.977838 0.007387 0.007387 
0.250000 0.250000 0.250000 0.250000 
  67
0.728423 0.005215 0.046210 
0.241607 0.989344 0.462022 
0.029970 0.005441 0.491768 
0.016106 0.007387 0.834572 0.141934 
0.250000 0.250000 0.250000 0.250000 
  68
0.728423 0.005215 0.046210 
0.241607 0.989344 0.462022 
0.029970 0.005441 0.491768 
0.007387 0.007387 0.977838 0.007387 
0.250000 0.250000 0.250000 0.250000 
  69
0.728423 0.005215 0.046210 
0.241607 0.989344 0.462022 
0.029970 0.005441 0.491768 
0.007387 0.007387 0.977838 0.007387 
0.250000 0.250000 0.250000 0.250000 
  70
0.728423 0.005215 0.046210 
0.241607 0.989344 0.462022 
0.029970 0.005441 0.491768 
0.007387 0.007387 0.168695 0.816530 
0.250000 0.250000 0.250000 0.250000 
  71
0.725220 0.005215 0.046210 
0.244810 0.989344 0.462022 
0.030066 0.005438 0.491768 
0.975906 0.009329 0.007382 0.007382 
0.250000 0.250000 0.250000 0.250000 
  72
0.727550 0.005213 0.046210 
0.242383 0.989349 0.462022 
0.030066 0.005438 0.491768 
0.007382 0.007382 0.969931 0.015305 
0.250000 0.250000 0.250000 0.250000 
  73
0.727550 0.005213 0.046210 
0.242383 0.989349 0.462022 
0.030066 0.005438 0.491768 
0.007382 0.007382 0.971279 0.013957 
0.250000 0.250000 0.250000 0.250000 
  74
0.727550 0.005213 0.046210 
0.242383 0.989349 0.462022 
0.030066 0.005438 0.491768 
0.977854 0.007382 0.007382 0.007382 
0.250000 0.250000 0.250000 0.250000 
  75
0.727550 0.005213 0.046210 
0.242383 0.989349 0.462022 
0.030066 0.005438 0.491768 
0.966938 0.018298 0.007382 0.007382 
0.250000 0.250000 0.250000 0.250000 
  76
0.727550 0.005213 0.046210 
0.242383 0.989349 0.462022 
0.030066 0.005438 0.491768 
0.452275 0.366011 0.102362 0.079352 
0.250000 0.250000 0.250000 0.250000 
  77
0.727550 0.005213 0.046210 
0.242383 0.989349 0.462022 
0.030066 0.005438 0.491768 
0.977854 0.007382 0.007382 0.007382 
0.250000 0.250000 0.250000 0.250000 
  78
0.727550 0.005213 0.046210 
0.242383 0.989349 0.462022 
0.030066 0.005438 0.491768 
0.007382 0.007382 0.977854 0.007382 
0.250000 0.250000 0.250000 0.250000 
  79
0.712400 0.005213 0.046210 
0.257533 0.989349 0.462022 
0.030529 0.005425 0.491768 
0.007357 0.007357 0.321542 0.663744 
0.250000 0.250000 0.250000 0.250000 
  80
0.723359 0.005201 0.046210 
0.246112 0.989374 0.462022 
0.030529 0.005425 0.491768 
0.977928 0.007357 0.007357 0.007357 
0.250000 0.250000 0.250000 0.250000 
  81
0.723359 0.005201 0.046210 
0.246112 0.989374 0.462022 
0.030529 0.005425 0.491768 
0.007357 0.977928 0.007357 0.007357 
0.250000 0.250000 0.250000 0.250000 
  82
0.723359 0.005201 0.046210 
0.246112 0.989374 0.462022 
0.030529 0.005425 0.491768 
0.887153 0.098133 0.007357 0.007357 
0.250000 0.250000 0.250000 0.250000 
  83
0.723359 0.005201 0.046210 
0.246112 0.989374 0.462022 
0.030529 0.005425 0.491768 
0.007357 0.007357 0.977928 0.007357 
0.250000 0.250000 0.250000 0.250000 
  84
0.723359 0.005201 0.046210 
0.246112 0.989374 0.462022 
0.030529 0.005425 0.491768 
0.007357 0.007357 0.011468 0.973817 
0.250000 0.250000 0.250000 0.250000 
  85
0.723359 0.005201 0.046210 
0.246112 0.989374 0.462022 
0.030529 0.005425 0.491768 
0.007357 0.977928 0.007357 0.007357 
0.250000 0.250000 0.250000 0.250000 
  86
0.723359 0.005201 0.046210 
0.246112 0.989374 0.462022 
0.030529 0.005425 0.491768 
0.007357 0.007357 0.977928 0.007357 
0.250000 0.250000 0.250000 0.250000 
  87
0.723359 0.005201 0.046210 
0.246112 0.989374 0.462022 
0.030529 0.005425 0.491768 
0.007357 0.007357 0.007357 0.977928 
0.250000 0.250000 0.250000 0.250000 
  88
0.723359 0.005201 0.046210 
0.246112 0.989374 0.462022 
0.030529 0.005425 0.491768 
0.007357 0.007357 0.977928 0.007357 
0.250000 0.250000 0.250000 0.250000 
  89
0.723359 0.005201 0.046210 
0.246112 0.989374 0.462022 
0.030529 0.005425 0.491768 
0.007357 0.977928 0.007357 0.007357 
0.250000 0.250000 0.250000 0.250000 
  90
0.723359 0.005201 0.046210 
0.246112 0.989374 0.462022 
0.030529 0.005425 0.491768 
0.976145 0.009140 0.007357 0.007357 
0.250000 0.250000 0.250000 0.250000 
  91
0.723359 0.005201 0.046210 
0.246112 0.989374 0.462022 
0.030529 0.005425 0.491768 
0.009315 0.007357 0.017453 0.965875 
0.250000 0.250000 0.250000 0.250000 
  92
0.708098 0.005201 0.046210 
0.261373 0.989374 0.462022 
0.031002 0.005413 0.491768 
0.978001 0.007333 0.007333 0.007333 
0.250000 0.250000 0.250000 0.250000 
  93
0.719072 0.005189 0.046210 
0.249926 0.989398 0.462022 
0.031002 0.005413 0.491768 
0.007333 0.007333 0.967682 0.017652 
0.250000 0.250000 0.250000 0.250000 
  94
0.719072 0.005189 0.046210 
0.249926 0.989398 0.462022 
0.031002 0.005413 0.491768 
0.008947 0.007333 0.973721 0.009998 
0.250000 0.250000 0.250000 0.250000 
  95
0.719072 0.005189 0.046210 
0.249926 0.989398 0.462022 
0.031002 0.005413 0.491768 
0.007333 0.978001 0.007333 0.007333 
0.250000 0.250000 0.250000 0.250000 
  96
0.719072 0.005189 0.046210 
0.249926 0.989398 0.462022 
0.031002 0.005413 0.491768 
0.007333 0.007333 0.007333 0.978001 
0.250000 0.250000 0.250000 0.250000 
  97
0.719072 0.005189 0.046210 
0.249926 0.989398 0.462022 
0.031002 0.005413 0.491768 
0.975449 0.009885 0.007333 0.007333 
0.250000 0.250000 0.250000 0.250000 
  98
0.719072 0.005189 0.046210 
0.249926 0.989398 0.462022 
0.031002 0.005413 0.491768 
0.007333 0.007333 0.978001 0.007333 
0.250000 0.250000 0.250000 0.250000 
  99
0.712811 0.005189 0.046210 
0.256187 0.989398 0.462022 
0.031197 0.005408 0.491768 
0.007323 0.007323 0.007323 0.978030 
0.250000 0.250000 0.250000 0.250000 
 100
0.717302 0.005184 0.046210 
0.251501 0.989408 0.462022 
0.031197 0.005408 0.491768 
0.978030 0.007323 0.007323 0.007323 
0.250000 0.250000 0.250000 0.250000 
 101
0.717302 0.005184 0.046210 
0.251501 0.989408 0.462022 
0.031197 0.005408 0.491768 
0.008365 0.007323 0.007323 0.976988 
0.250000 0.250000 0.250000 0.250000 
 102
0.717302 0.005184 0.046210 
0.251501 0.989408 0.462022 
0.031197 0.005408 0.491768 
0.978030 0.007323 0.007323 0.007323 
0.250000 0.250000 0.250000 0.250000 
 103
0.717302 0.005184 0.046210 
0.251501 0.989408 0.462022 
0.031197 0.005408 0.491768 
0.892826 0.086470 0.007323 0.013381 
0.250000 0.250000 0.250000 0.250000 
 104
0.717302 0.005184 0.046210 
0.251501 0.989408 0.462022 
0.031197 0.005408 0.491768 
0.978030 0.007323 0.007323 0.007323 
0.250000 0.250000 0.250000 0.250000 
 105
0.717302 0.005184 0.046210 
0.251501 0.989408 0.462022 
0.031197 0.005408 0.491768 
0.007323 0.007323 0.007323 0.978030 
0.250000 0.250000 0.250000 0.250000 
 106
0.717302 0.005184 0.046210 
0.251501 0.989408 0.462022 
0.031197 0.005408 0.491768 
0.460717 0.524636 0.007323 0.007323 
0.250000 0.250000 0.250000 0.250000 
 107
0.717302 0.005184 0.046210 
0.251501 0.989408 0.462022 
0.031197 0.005408 0.491768 
0.007323 0.978030 0.007323 0.007323 
0.250000 0.250000 0.250000 0.250000 
 108
0.717302 0.005184 0.046210 
0.251501 0.989408 0.462022 
0.031197 0.005408 0.491768 
0.016451 0.007323 0.968902 0.007323 
0.250000 0.250000 0.250000 0.250000 
 109
0.714009 0.005184 0.046210 
0.254794 0.989408 0.462022 
0.031300 0.005405 0.491768 
0.965634 0.019730 0.007318 0.007318 
0.250000 0.250000 0.250000 0.250000 
 110
0.716368 0.005181 0.046210 
0.252332 0.989413 0.462022 
0.031300 0.005405 0.491768 
0.978046 0.007318 0.007318 0.007318 
0.250000 0.250000 0.250000 0.250000 
 111
0.716368 0.005181 0.046210 
0.252332 0.989413 0.462022 
0.031300 0.005405 0.491768 
0.007318 0.978046 0.007318 0.007318 
0.250000 0.250000 0.250000 0.250000 
 112
0.716368 0.005181 0.046210 
0.252332 0.989413 0.462022 
0.031300 0.005405 0.491768 
0.576476 0.399159 0.007318 0.017046 
0.250000 0.250000 0.250000 0.250000 
 113
0.716368 0.005181 0.046210 
0.252332 0.989413 0.462022 
0.031300 0.005405 0.491768 
0.976436 0.008928 0.007318 0.007318 
0.250000 0.250000 0.250000 0.250000 
 114
0.711010 0.005181 0.046210 
0.257689 0.989413 0.462022 
0.031469 0.005401 0.491768 
0.007310 0.007310 0.007310 0.978070 
0.250000 0.250000 0.250000 0.250000 
 115
0.714840 0.005177 0.046210 
0.253691 0.989422 0.462022 
0.031469 0.005401 0.491768 
0.007310 0.007310 0.027814 0.957566 
0.250000 0.250000 0.250000 0.250000 
 116
0.714840 0.005177 0.046210 
0.253691 0.989422 0.462022 
0.031469 0.005401 0.491768 
0.007310 0.007310 0.007310 0.978070 
0.250000 0.250000 0.250000 0.250000 
 117
0.714840 0.005177 0.046210 
0.253691 0.989422 0.462022 
0.031469 0.005401 0.491768 
0.007310 0.978070 0.007310 0.007310 
0.250000 0.250000 0.250000 0.250000 
 118
0.714840 0.005177 0.046210 
0.253691 0.989422 0.462022 
0.031469 0.005401 0.491768 
0.892080 0.093300 0.007310 0.007310 
0.250000 0.250000 0.250000 0.250000 
 119
0.714840 0.005177 0.046210 
0.253691 0.989422 0.462022 
0.031469 0.005401 0.491768 
0.007310 0.007310 0.007310 0.978070 
0.250000 0.250000 0.250000 0.250000 
 120
0.714840 0.005177 0.046210 
0.253691 0.989422 0.462022 
0.031469 0.005401 0.491768 
0.978070 0.007310 0.007310 0.007310 
0.250000 0.250000 0.250000 0.250000 
 121
0.714840 0.005177 0.046210 
0.253691 0.989422 0.462022 
0.031469 0.005401 0.491768 
0.037310 0.010493 0.822669 0.129528 
0.250000 0.250000 0.250000 0.250000 
 122
0.714840 0.005177 0.046210 
0.253691 0.989422 0.462022 
0.031469 0.005401 0.491768 
0.975560 0.009820 0.007310 0.007310 
0.250000 0.250000 0.250000 0.250000 
 123
0.714840 0.005177 0.046210 
0.253691 0.989422 0.462022 
0.031469 0.005401 0.491768 
0.009602 0.007310 0.962080 0.021008 
0.250000 0.250000 0.250000 0.250000 
 124
0.714840 0.005177 0.046210 
0.253691 0.989422 0.462022 
0.031469 0.005401 0.491768 
0.679919 0.211947 0.008412 0.099722 
0.250000 0.250000 0.250000 0.250000 
 125
0.714840 0.005177 0.046210 
0.253691 0.989422 0.462022 
0.031469 0.005401 0.491768 
0.007310 0.007310 0.828479 0.156902 
0.250000 0.250000 0.250000 0.250000 
 126
0.711940 0.005177 0.046210 
0.256591 0.989422 0.462022 
0.031561 0.005399 0.491768 
0.007305 0.007305 0.978084 0.007305 
0.250000 0.250000 0.250000 0.250000 
 127
0.714011 0.005175 0.046210 
0.254429 0.989426 0.462022 
0.031561 0.005399 0.491768 
0.847740 0.017287 0.104239 0.030734 
0.250000 0.250000 0.250000 0.250000 
 128
0.710320 0.005175 0.046210 
0.258120 0.989426 0.462022 
0.031677 0.005396 0.491768 
0.974834 0.008083 0.009784 0.007300 
0.250000 0.250000 0.250000 0.250000 
 129
0.712951 0.005172 0.046210 
0.255371 0.989432 0.462022 
0.031677 0.005396 0.491768 
0.242955 0.737055 0.007300 0.012690 
0.250000 0.250000 0.250000 0.250000 
 130
0.712951 0.005172 0.046210 
0.255371 0.989432 0.462022 
0.031677 0.005396 0.491768 
0.727462 0.218952 0.042513 0.011072 
0.250000 0.250000 0.250000 0.250000 
 131
0.712951 0.005172 0.046210 
0.255371 0.989432 0.462022 
0.031677 0.005396 0.491768 
0.009784 0.011062 0.055927 0.923227 
0.250000 0.250000 0.250000 0.250000 
 132
0.712951 0.005172 0.046210 
0.255371 0.989432 0.462022 
0.031677 0.005396 0.491768 
0.007300 0.009954 0.051367 0.931379 
0.250000 0.250000 0.250000 0.250000 
 133
0.710214 0.005172 0.046210 
0.258109 0.989432 0.462022 
0.031764 0.005394 0.491768 
0.012373 0.025387 0.562396 0.399844 
0.250000 0.250000 0.250000 0.250000 
 134
0.712163 0.005170 0.046210 
0.256072 0.989436 0.462022 
0.031764 0.005394 0.491768 
0.007296 0.007296 0.008242 0.977167 
0.250000 0.250000 0.250000 0.250000 
 135
0.712163 0.005170 0.046210 
0.256072 0.989436 0.462022 
0.031764 0.005394 0.491768 
0.007296 0.007296 0.975631 0.009778 
0.250000 0.250000 0.250000 0.250000 
 136
0.712163 0.005170 0.046210 
0.256072 0.989436 0.462022 
0.031764 0.005394 0.491768 
0.007296 0.007296 0.444433 0.540976 
0.250000 0.250000 0.250000 0.250000 
 137
0.712163 0.005170 0.046210 
0.256072 0.989436 0.462022 
0.031764 0.005394 0.491768 
0.978113 0.007296 0.007296 0.007296 
0.250000 0.250000 0.250000 0.250000 
 138
0.708305 0.005170 0.046210 
0.259930 0.989436 0.462022 
0.031887 0.005391 0.491768 
0.029989 0.955432 0.007290 0.007290 
0.250000 0.250000 0.250000 0.250000 
 139
0.711049 0.005167 0.046210 
0.257064 0.989442 0.462022 
0.031887 0.005391 0.491768 
0.007290 0.007290 0.545784 0.439637 
0.250000 0.250000 0.250000 0.250000 
 140
0.711049 0.005167 0.046210 
0.257064 0.989442 0.462022 
0.031887 0.005391 0.491768 
0.100547 0.007290 0.010037 0.882127 
0.250000 0.250000 0.250000 0.250000 
 141
0.711049 0.005167 0.046210 
0.257064 0.989442 0.462022 
0.031887 0.005391 0.491768 
0.007290 0.007290 0.008243 0.977177 
0.250000 0.250000 0.250000 0.250000 
 142
0.711049 0.005167 0.046210 
0.257064 0.989442 0.462022 
0.031887 0.005391 0.491768 
0.007290 0.007290 0.327442 0.657978 
0.250000 0.250000 0.250000 0.250000 
 143
0.711049 0.005167 0.046210 
0.257064 0.989442 0.462022 
0.031887 0.005391 0.491768 
0.977009 0.008411 0.007290 0.007290 
0.250000 0.250000 0.250000 0.250000 
 144
0.711049 0.005167 0.046210 
0.257064 0.989442 0.462022 
0.031887 0.005391 0.491768 
0.007290 0.007290 0.975662 0.009759 
0.250000 0.250000 0.250000 0.250000 
 145
0.711049 0.005167 0.046210 
0.257064 0.989442 0.462022 
0.031887 0.005391 0.491768 
0.012195 0.009770 0.686479 0.291556 
0.250000 0.250000 0.250000 0.250000 
 146
0.708005 0.005167 0.046210 
0.260107 0.989442 0.462022 
0.031985 0.005388 0.491768 
0.008501 0.976929 0.007285 0.007285 
0.250000 0.250000 0.250000 0.250000 
 147
0.710167 0.005165 0.046210 
0.257849 0.989446 0.462022 
0.031985 0.005388 0.491768 
0.921879 0.007285 0.063551 0.007285 
0.250000 0.250000 0.250000 0.250000 
 148
0.710167 0.005165 0.046210 
0.257849 0.989446 0.462022 
0.031985 0.005388 0.491768 
0.031723 0.012711 0.068579 0.886987 
0.250000 0.250000 0.250000 0.250000 
 149
0.710167 0.005165 0.046210 
0.257849 0.989446 0.462022 
0.031985 0.005388 0.491768 
0.008150 0.008480 0.011792 0.971578 
0.250000 0.250000 0.250000 0.250000 
 150
0.710167 0.005165 0.046210 
0.257849 0.989446 0.462022 
0.031985 0.005388 0.491768 
0.007285 0.007285 0.884310 0.101120 
0.250000 0.250000 0.250000 0.250000 
 151
0.710167 0.005165 0.046210 
0.257849 0.989446 0.462022 
0.031985 0.005388 0.491768 
0.007285 0.015845 0.007285 0.969584 
0.250000 0.250000 0.250000 0.250000 
 152
0.710167 0.005165 0.046210 
0.257849 0.989446 0.462022 
0.031985 0.005388 0.491768 
0.978144 0.007285 0.007285 0.007285 
0.250000 0.250000 0.250000 0.250000 
 153
0.710167 0.005165 0.046210 
0.257849 0.989446 0.462022 
0.031985 0.005388 0.491768 
0.007285 0.007285 0.026521 0.958909 
0.250000 0.250000 0.250000 0.250000 
 154
0.710167 0.005165 0.046210 
0.257849 0.989446 0.462022 
0.031985 0.005388 0.491768 
0.007285 0.007285 0.053216 0.932213 
0.250000 0.250000 0.250000 0.250000 
 155
0.710167 0.005165 0.046210 
0.257849 0.989446 0.462022 
0.031985 0.005388 0.491768 
0.008132 0.074679 0.048909 0.868280 
0.250000 0.250000 0.250000 0.250000 
 156
0.710167 0.005165 0.046210 
0.257849 0.989446 0.462022 
0.031985 0.005388 0.491768 
0.007285 0.007285 0.553933 0.431496 
0.250000 0.250000 0.250000 0.250000 
 157
0.710167 0.005165 0.046210 
0.257849 0.989446 0.462022 
0.031985 0.005388 0.491768 
0.015743 0.008075 0.843324 0.132857 
0.250000 0.250000 0.250000 0.250000 
 158
0.710167 0.005165 0.046210 
0.257849 0.989446 0.462022 
0.031985 0.005388 0.491768 
0.106120 0.007285 0.007285 0.879310 
0.250000 0.250000 0.250000 0.250000 
 159
0.710167 0.005165 0.046210 
0.257849 0.989446 0.462022 
0.031985 0.005388 0.491768 
0.007285 0.978144 0.007285 0.007285 
0.250000 0.250000 0.250000 0.250000 
 160
0.710167 0.005165 0.046210 
0.257849 0.989446 0.462022 
0.031985 0.005388 0.491768 
0.007285 0.007285 0.680189 0.305241 
0.250000 0.250000 0.250000 0.250000 
 161
0.710167 0.005165 0.046210 
0.257849 0.989446 0.462022 
0.031985 0.005388 0.491768 
0.007285 0.007285 0.872220 0.113210 
0.250000 0.250000 0.250000 0.250000 
 162
0.710167 0.005165 0.046210 
0.257849 0.989446 0.462022 
0.031985 0.005388 0.491768 
0.007285 0.017546 0.007285 0.967884 
0.250000 0.250000 0.250000 0.250000 
 163
0.710167 0.005165 0.046210 
0.257849 0.989446 0.462022 
0.031985 0.005388 0.491768 
0.087023 0.895872 0.007285 0.009820 
0.250000 0.250000 0.250000 0.250000 
 164
0.710167 0.005165 0.046210 
0.257849 0.989446 0.462022 
0.031985 0.005388 0.491768 
0.007285 0.008084 0.010105 0.974525 
0.250000 0.250000 0.250000 0.250000 
 165
0.710167 0.005165 0.046210 
0.257849 0.989446 0.462022 
0.031985 0.005388 0.491768 
0.007285 0.007285 0.007285 0.978144 
0.250000 0.250000 0.250000 0.250000 
 166
0.710167 0.005165 0.046210 
0.257849 0.989446 0.462022 
0.031985 0.005388 0.491768 
0.125244 0.007285 0.142568 0.724903 
0.250000 0.250000 0.250000 0.250000 
 167
0.710167 0.005165 0.046210 
0.257849 0.989446 0.462022 
0.031985 0.005388 0.491768 
0.978144 0.007285 0.007285 0.007285 
0.250000 0.250000 0.250000 0.250000 
 168
0.710167 0.005165 0.046210 
0.257849 0.989446 0.462022 
0.031985 0.005388 0.491768 
0.845521 0.137439 0.007285 0.009755 
0.250000 0.250000 0.250000 0.250000 
 169
0.710167 0.005165 0.046210 
0.257849 0.989446 0.462022 
0.031985 0.005388 0.491768 
0.007285 0.007285 0.062007 0.923422 
0.250000 0.250000 0.250000 0.250000 
 170
0.710167 0.005165 0.046210 
0.257849 0.989446 0.462022 
0.031985 0.005388 0.491768 
0.008614 0.007285 0.397647 0.586454 
0.250000 0.250000 0.250000 0.250000 
 171
0.710167 0.005165 0.046210 
0.257849 0.989446 0.462022 
0.031985 0.005388 0.491768 
0.007285 0.008179 0.007285 0.977250 
0.250000 0.250000 0.250000 0.250000 
 172
0.710167 0.005165 0.046210 
0.257849 0.989446 0.462022 
0.031985 0.005388 0.491768 
0.592421 0.393009 0.007285 0.007285 
0.250000 0.250000 0.250000 0.250000 
 173
0.704713 0.005165 0.046210 
0.263302 0.989446 0.462022 
0.032160 0.005384 0.491768 
0.007277 0.007277 0.978169 0.007277 
0.250000 0.250000 0.250000 0.250000 
 174
0.708577 0.005161 0.046210 
0.259263 0.989455 0.462022 
0.032160 0.005384 0.491768 
0.007277 0.007277 0.007277 0.978169 
0.250000 0.250000 0.250000 0.250000 
 175
0.708577 0.005161 0.046210 
0.259263 0.989455 0.462022 
0.032160 0.005384 0.491768 
0.007277 0.007277 0.720604 0.264842 
0.250000 0.250000 0.250000 0.250000 
 176
0.708577 0.005161 0.046210 
0.259263 0.989455 0.462022 
0.032160 0.005384 0.491768 
0.007277 0.007277 0.007277 0.978169 
0.250000 0.250000 0.250000 0.250000 
 177
0.708577 0.005161 0.046210 
0.259263 0.989455 0.462022 
0.032160 0.005384 0.491768 
0.007277 0.007277 0.978169 0.007277 
0.250000 0.250000 0.250000 0.250000 
 178
0.708577 0.005161 0.046210 
0.259263 0.989455 0.462022 
0.032160 0.005384 0.491768 
0.587540 0.248736 0.019913 0.143810 
0.250000 0.250000 0.250000 0.250000 
 179
0.708577 0.005161 0.046210 
0.259263 0.989455 0.462022 
0.032160 0.005384 0.491768 
0.009528 0.268785 0.057234 0.664452 
0.250000 0.250000 0.250000 0.250000 
 180
0.708577 0.005161 0.046210 
0.259263 0.989455 0.462022 
0.032160 0.005384 0.491768 
0.007277 0.007277 0.874733 0.110713 
0.250000 0.250000 0.250000 0.250000 
 181
0.708577 0.005161 0.046210 
0.259263 0.989455 0.462022 
0.032160 0.005384 0.491768 
0.015714 0.007277 0.624323 0.352685 
0.250000 0.250000 0.250000 0.250000 
 182
0.708577 0.005161 0.046210 
0.259263 0.989455 0.462022 
0.032160 0.005384 0.491768 
0.007277 0.007277 0.007277 0.978169 
0.250000 0.250000 0.250000 0.250000 
 183
0.708577 0.005161 0.046210 
0.259263 0.989455 0.462022 
0.032160 0.005384 0.491768 
0.007277 0.977221 0.007277 0.008224 
0.250000 0.250000 0.250000 0.250000 
 184
0.708577 0.005161 0.046210 
0.259263 0.989455 0.462022 
0.032160 0.005384 0.491768 
0.275532 0.709914 0.007277 0.007277 
0.250000 0.250000 0.250000 0.250000 
 185
0.708577 0.005161 0.046210 
0.259263 0.989455 0.462022 
0.032160 0.005384 0.491768 
0.008398 0.007277 0.007277 0.977048 
0.250000 0.250000 0.250000 0.250000 
 186
0.704188 0.005161 0.046210 
0.263652 0.989455 0.462022 
0.032302 0.005381 0.491768 
0.978188 0.007271 0.007271 0.007271 
0.250000 0.250000 0.250000 0.250000 
 187
0.707292 0.005158 0.046210 
0.260406 0.989461 0.462022 
0.032302 0.005381 0.491768 
0.007271 0.007271 0.286767 0.698691 
0.250000 0.250000 0.250000 0.250000 
 188
0.707292 0.005158 0.046210 
0.260406 0.989461 0.462022 
0.032302 0.005381 0.491768 
0.007271 0.007271 0.008319 0.977140 
0.250000 0.250000 0.250000 0.250000 
 189
0.707292 0.005158 0.046210 
0.260406 0.989461 0.462022 
0.032302 0.005381 0.491768 
0.007271 0.008239 0.007271 0.977220 
0.250000 0.250000 0.250000 0.250000 
 190
0.707292 0.005158 0.046210 
0.260406 0.989461 0.462022 
0.032302 0.005381 0.491768 
0.031970 0.819724 0.007271 0.141036 
0.250000 0.250000 0.250000 0.250000 
 191
0.707292 0.005158 0.046210 
0.260406 0.989461 0.462022 
0.032302 0.005381 0.491768 
0.008071 0.976556 0.007271 0.008103 
0.250000 0.250000 0.250000 0.250000 
 192
0.707292 0.005158 0.046210 
0.260406 0.989461 0.462022 
0.032302 0.005381 0.491768 
0.008965 0.974857 0.007271 0.008908 
0.250000 0.250000 0.250000 0.250000 
 193
0.707292 0.005158 0.046210 
0.260406 0.989461 0.462022 
0.032302 0.005381 0.491768 
0.837331 0.148128 0.007271 0.007271 
0.250000 0.250000 0.250000 0.250000 
 194
0.707292 0.005158 0.046210 
0.260406 0.989461 0.462022 
0.032302 0.005381 0.491768 
0.007271 0.007271 0.007271 0.978188 
0.250000 0.250000 0.250000 0.250000 
 195
0.707292 0.005158 0.046210 
0.260406 0.989461 0.462022 
0.032302 0.005381 0.491768 
0.978188 0.007271 0.007271 0.007271 
0.250000 0.250000 0.250000 0.250000 
 196
0.707292 0.005158 0.046210 
0.260406 0.989461 0.462022 
0.032302 0.005381 0.491768 
0.082145 0.902451 0.007271 0.008133 
0.250000 0.250000 0.250000 0.250000 
 197
0.707292 0.005158 0.046210 
0.260406 0.989461 0.462022 
0.032302 0.005381 0.491768 
0.007271 0.007271 0.007271 0.978188 
0.250000 0.250000 0.250000 0.250000 
 198
0.707292 0.005158 0.046210 
0.260406 0.989461 0.462022 
0.032302 0.005381 0.491768 
0.007271 0.007271 0.800913 0.184546 
0.250000 0.250000 0.250000 0.250000 
 199
0.707292 0.005158 0.046210 
0.260406 0.989461 0.462022 
0.032302 0.005381 0.491768 
0.881736 0.103723 0.007271 0.007271 
0.250000 0.250000 0.250000 0.250000 
 200
0.707292 0.005158 0.046210 
0.260406 0.989461 0.462022 
0.032302 0.005381 0.491768 
0.007271 0.008394 0.007271 0.977065 
0.250000 0.250000 0.250000 0.250000 
 201
0.707292 0.005158 0.046210 
0.260406 0.989461 0.462022 
0.032302 0.005381 0.491768 
0.974174 0.011285 0.007271 0.007271 
0.250000 0.250000 0.250000 0.250000 
 202
0.707292 0.005158 0.046210 
0.260406 0.989461 0.462022 
0.032302 0.005381 0.491768 
0.111289 0.614123 0.025641 0.248946 
0.250000 0.250000 0.250000 0.250000 
 203
0.707292 0.005158 0.046210 
0.260406 0.989461 0.462022 
0.032302 0.005381 0.491768 
0.007271 0.977361 0.008098 0.007271 
0.250000 0.250000 0.250000 0.250000 
 204
0.707292 0.005158 0.046210 
0.260406 0.989461 0.462022 
0.032302 0.005381 0.491768 
0.007271 0.007271 0.007271 0.978188 
0.250000 0.250000 0.250000 0.250000 
 205
0.707292 0.005158 0.046210 
0.260406 0.989461 0.462022 
0.032302 0.005381 0.491768 
0.789047 0.188714 0.011702 0.010537 
0.250000 0.250000 0.250000 0.250000 
 206
0.707292 0.005158 0.046210 
0.260406 0.989461 0.462022 
0.032302 0.005381 0.491768 
0.007271 0.007271 0.978188 0.007271 
0.250000 0.250000 0.250000 0.250000 
 207
0.707292 0.005158 0.046210 
0.260406 0.989461 0.462022 
0.032302 0.005381 0.491768 
0.007271 0.007271 0.978188 0.007271 
0.250000 0.250000 0.250000 0.250000 
 208
0.707292 0.005158 0.046210 
0.260406 0.989461 0.462022 
0.032302 0.005381 0.491768 
0.954930 0.020968 0.007271 0.016831 
0.250000 0.250000 0.250000 0.250000 
 209
0.707292 0.005158 0.046210 
0.260406 0.989461 0.462022 
0.032302 0.005381 0.491768 
0.007271 0.007271 0.007271 0.978188 
0.250000 0.250000 0.250000 0.250000 
 210
0.707292 0.005158 0.046210 
0.260406 0.989461 0.462022 
0.032302 0.005381 0.491768 
0.007271 0.007271 0.008379 0.977080 
0.250000 0.250000 0.250000 0.250000 
 211
0.707292 0.005158 0.046210 
0.260406 0.989461 0.462022 
0.032302 0.005381 0.491768 
0.007271 0.007271 0.159582 0.825877 
0.250000 0.250000 0.250000 0.250000 
 212
0.707292 0.005158 0.046210 
0.260406 0.989461 0.462022 
0.032302 0.005381 0.491768 
0.007271 0.009744 0.011900 0.971085 
0.250000 0.250000 0.250000 0.250000 
 213
0.707292 0.005158 0.046210 
0.260406 0.989461 0.462022 
0.032302 0.005381 0.491768 
0.007271 0.007271 0.009392 0.976067 
0.250000 0.250000 0.250000 0.250000 
 214
0.707292 0.005158 0.046210 
0.260406 0.989461 0.462022 
0.032302 0.005381 0.491768 
0.125095 0.848698 0.013409 0.012798 
0.250000 0.250000 0.250000 0.250000 
 215
0.707292 0.005158 0.046210 
0.260406 0.989461 0.462022 
0.032302 0.005381 0.491768 
0.977246 0.007271 0.007271 0.008213 
0.250000 0.250000 0.250000 0.250000 
 216
0.707292 0.005158 0.046210 
0.260406 0.989461 0.462022 
0.032302 0.005381 0.491768 
0.007271 0.007271 0.976710 0.008749 
0.250000 0.250000 0.250000 0.250000 
 217
0.707292 0.005158 0.046210 
0.260406 0.989461 0.462022 
0.032302 0.005381 0.491768 
0.822757 0.008407 0.048773 0.120063 
0.250000 0.250000 0.250000 0.250000 
 218
0.707292 0.005158 0.046210 
0.260406 0.989461 0.462022 
0.032302 0.005381 0.491768 
0.007271 0.978188 0.007271 0.007271 
0.250000 0.250000 0.250000 0.250000 
 219
0.707292 0.005158 0.046210 
0.260406 0.989461 0.462022 
0.032302 0.005381 0.491768 
0.978188 0.007271 0.007271 0.007271 
0.250000 0.250000 0.250000 0.250000 
 220
0.707292 0.005158 0.046210 
0.260406 0.989461 0.462022 
0.032302 0.005381 0.491768 
0.014318 0.096428 0.765913 0.123340 
0.250000 0.250000 0.250000 0.250000 
 221
0.707292 0.005158 0.046210 
0.260406 0.989461 0.462022 
0.032302 0.005381 0.491768 
0.007271 0.007271 0.007271 0.978188 
0.250000 0.250000 0.250000 0.250000 
 222
0.707292 0.005158 0.046210 
0.260406 0.989461 0.462022 
0.032302 0.005381 0.491768 
0.007271 0.007271 0.860467 0.124992 
0.250000 0.250000 0.250000 0.250000 
 223
0.707292 0.005158 0.046210 
0.260406 0.989461 0.462022 
0.032302 0.005381 0.491768 
0.013557 0.191160 0.294094 0.501189 
0.250000 0.250000 0.250000 0.250000 
 224
0.707292 0.005158 0.046210 
0.260406 0.989461 0.462022 
0.032302 0.005381 0.491768 
0.978188 0.007271 0.007271 0.007271 
0.250000 0.250000 0.250000 0.250000 
 225
0.707292 0.005158 0.046210 
0.260406 0.989461 0.462022 
0.032302 0.005381 0.491768 
0.007271 0.007271 0.007271 0.978188 
0.250000 0.250000 0.250000 0.250000 
 226
0.707292 0.005158 0.046210 
0.260406 0.989461 0.462022 
0.032302 0.005381 0.491768 
0.312511 0.672948 0.007271 0.007271 
0.250000 0.250000 0.250000 0.250000 
 227
0.707292 0.005158 0.046210 
0.260406 0.989461 0.462022 
0.032302 0.005381 0.491768 
0.007271 0.007271 0.978188 0.007271 
0.250000 0.250000 0.250000 0.250000 
 228
0.707292 0.005158 0.046210 
0.260406 0.989461 0.462022 
0.032302 0.005381 0.491768 
0.978188 0.007271 0.007271 0.007271 
0.250000 0.250000 0.250000 0.250000 
 229
0.707292 0.005158 0.046210 
0.260406 0.989461 0.462022 
0.032302 0.005381 0.491768 
0.018938 0.031160 0.269877 0.680025 
0.250000 0.250000 0.250000 0.250000 
 230
0.707292 0.005158 0.046210 
0.260406 0.989461 0.462022 
0.032302 0.005381 0.491768 
0.007271 0.007271 0.007271 0.978188 
0.250000 0.250000 0.250000 0.250000 
 231
0.707292 0.005158 0.046210 
0.260406 0.989461 0.462022 
0.032302 0.005381 0.491768 
0.007271 0.007271 0.978188 0.007271 
0.250000 0.250000 0.250000 0.250000 
 232
0.707292 0.005158 0.046210 
0.260406 0.989461 0.462022 
0.032302 0.005381 0.491768 
0.957281 0.028178 0.007271 0.007271 
0.250000 0.250000 0.250000 0.250000 
 233
0.707292 0.005158 0.046210 
0.260406 0.989461 0.462022 
0.032302 0.005381 0.491768 
0.007271 0.007271 0.007271 0.978188 
0.250000 0.250000 0.250000 0.250000 
 234
0.707292 0.005158 0.046210 
0.260406 0.989461 0.462022 
0.032302 0.005381 0.491768 
0.007271 0.007271 0.095905 0.889554 
0.250000 0.250000 0.250000 0.250000 
 235
0.707292 0.005158 0.046210 
0.260406 0.989461 0.462022 
0.032302 0.005381 0.491768 
0.115324 0.870134 0.007271 0.007271 
0.250000 0.250000 0.250000 0.250000 
 236
0.707292 0.005158 0.046210 
0.260406 0.989461 0.462022 
0.032302 0.005381 0.491768 
