%  SAM: modelfromalign v3.5 (July 15, 2005) compiled 03/03/09_11:47:37
%  (c) 1992-2001 Regents of the University of California, Santa Cruz
%
%          Sequence Alignment and Modeling Software System
%         http://www.cse.ucsc.edu/research/compbio/sam.html
%
% ----------------- Citations (SAM, SAM-T2K, HMMs) --------------------
% R. Hughey, A. Krogh, Hidden Markov models for sequence analysis:
%  Extension and analysis of the basic method, CABIOS 12:95-107, 1996.
% K. Karplus, et al., What is the value added by human intervention in protein
%  structure prediction, Proteins: Stucture, Function, Genetics 45(S5):86--91, 2001.
% A. Krogh et al., Hidden Markov models in computational biology:
%  Applications to protein modeling, JMB 235:1501-1531, Feb 1994.
% ---------------------------------------------------------------------
%  A_HA_H13_hmm   Host: m222714.cdc.gov    Wed May 21 18:06:11 2014
%  vfn4           Dir:  /Volumes/gf_atl_2012/Genotyping/IRMA/segments/HA
% ---------------------------------------------------------------------
%  Alignment weights from internal calc.  Total (9.06) Max (0.21) Min (0.10)
%  Weights from alignment method 1 (karplus), b=-1.000000, e=0.500000
MODEL --  Model from alignment file rev/A_HA_H13.fasta
alphabet DNA
FREQAVE
0.000000 0.000000 0.000000 
0.000000 0.000000 0.000000 
0.000000 0.000000 0.000000 
0.244814 0.178501 0.242493 0.334192 
0.244814 0.178501 0.242493 0.334192 
Begin
0.000000 0.000000 0.000000 
0.000000 0.000000 0.000000 
0.000000 0.010597 0.491768 
0.250000 0.250000 0.250000 0.250000 
0.250000 0.250000 0.250000 0.250000 
   1
0.000000 0.139243 0.046210 
0.000000 0.850159 0.462022 
0.031476 0.012168 0.491768 
0.036680 0.036680 0.099200 0.827439 
0.250000 0.250000 0.250000 0.250000 
   2
0.701297 0.011664 0.046210 
0.267227 0.976168 0.462022 
0.031906 0.012114 0.491768 
0.036167 0.036167 0.084153 0.843513 
0.250000 0.250000 0.250000 0.250000 
   3
0.666221 0.011612 0.046210 
0.301873 0.976273 0.462022 
0.033397 0.011943 0.491768 
0.896242 0.034586 0.034586 0.034586 
0.250000 0.250000 0.250000 0.250000 
   4
0.681909 0.011448 0.046210 
0.284694 0.976610 0.462022 
0.033922 0.011887 0.491768 
0.034093 0.034093 0.034093 0.897720 
0.250000 0.250000 0.250000 0.250000 
   5
0.692615 0.011394 0.046210 
0.273464 0.976719 0.462022 
0.033922 0.011887 0.491768 
0.897720 0.034093 0.034093 0.034093 
0.250000 0.250000 0.250000 0.250000 
   6
0.560359 0.011394 0.046210 
0.405719 0.976719 0.462022 
0.039092 0.011437 0.491768 
0.030439 0.030439 0.030439 0.908682 
0.250000 0.250000 0.250000 0.250000 
   7
0.628241 0.010963 0.046210 
0.332667 0.977600 0.462022 
0.039789 0.011387 0.491768 
0.843787 0.030069 0.030069 0.096075 
0.250000 0.250000 0.250000 0.250000 
   8
0.639447 0.010915 0.046210 
0.320764 0.977697 0.462022 
0.039789 0.011387 0.491768 
0.096075 0.030069 0.843787 0.030069 
0.250000 0.250000 0.250000 0.250000 
   9
0.621590 0.010915 0.046210 
0.338621 0.977697 0.462022 
0.040513 0.011338 0.491768 
0.845668 0.029707 0.094918 0.029707 
0.250000 0.250000 0.250000 0.250000 
  10
0.632891 0.010868 0.046210 
0.326596 0.977794 0.462022 
0.040513 0.011338 0.491768 
0.760518 0.180068 0.029707 0.029707 
0.250000 0.250000 0.250000 0.250000 
  11
0.632891 0.010868 0.046210 
0.326596 0.977794 0.462022 
0.040513 0.011338 0.491768 
0.910879 0.029707 0.029707 0.029707 
0.250000 0.250000 0.250000 0.250000 
  12
0.632891 0.010868 0.046210 
0.326596 0.977794 0.462022 
0.040513 0.011338 0.491768 
0.029707 0.029707 0.398936 0.541650 
0.250000 0.250000 0.250000 0.250000 
  13
0.632891 0.010868 0.046210 
0.326596 0.977794 0.462022 
0.040513 0.011338 0.491768 
0.910879 0.029707 0.029707 0.029707 
0.250000 0.250000 0.250000 0.250000 
  14
0.632891 0.010868 0.046210 
0.326596 0.977794 0.462022 
0.040513 0.011338 0.491768 
0.029707 0.029707 0.029707 0.910879 
0.250000 0.250000 0.250000 0.250000 
  15
0.632891 0.010868 0.046210 
0.326596 0.977794 0.462022 
0.040513 0.011338 0.491768 
0.029707 0.043624 0.029707 0.896962 
0.250000 0.250000 0.250000 0.250000 
  16
0.614713 0.010868 0.046210 
0.344775 0.977794 0.462022 
0.041263 0.011289 0.491768 
0.131002 0.810291 0.029354 0.029354 
0.250000 0.250000 0.250000 0.250000 
  17
0.626094 0.010821 0.046210 
0.332643 0.977889 0.462022 
0.041263 0.011289 0.491768 
0.911939 0.029354 0.029354 0.029354 
0.250000 0.250000 0.250000 0.250000 
  18
0.626094 0.010821 0.046210 
0.332643 0.977889 0.462022 
0.041263 0.011289 0.491768 
0.911939 0.029354 0.029354 0.029354 
0.250000 0.250000 0.250000 0.250000 
  19
0.602689 0.010821 0.046210 
0.356048 0.977889 0.462022 
0.042252 0.011228 0.491768 
0.131928 0.028919 0.293491 0.545662 
0.250000 0.250000 0.250000 0.250000 
  20
0.617133 0.010763 0.046210 
0.340615 0.978009 0.462022 
0.042252 0.011228 0.491768 
0.028919 0.028919 0.898431 0.043732 
0.250000 0.250000 0.250000 0.250000 
  21
0.617133 0.010763 0.046210 
0.340615 0.978009 0.462022 
0.042252 0.011228 0.491768 
0.028919 0.884056 0.043732 0.043294 
0.250000 0.250000 0.250000 0.250000 
  22
0.617133 0.010763 0.046210 
0.340615 0.978009 0.462022 
0.042252 0.011228 0.491768 
0.257054 0.685108 0.028919 0.028919 
0.250000 0.250000 0.250000 0.250000 
  23
0.617133 0.010763 0.046210 
0.340615 0.978009 0.462022 
0.042252 0.011228 0.491768 
0.028919 0.043732 0.898431 0.028919 
0.250000 0.250000 0.250000 0.250000 
  24
0.617133 0.010763 0.046210 
0.340615 0.978009 0.462022 
0.042252 0.011228 0.491768 
0.898431 0.028919 0.043732 0.028919 
0.250000 0.250000 0.250000 0.250000 
  25
0.595446 0.010763 0.046210 
0.362303 0.978009 0.462022 
0.043188 0.011174 0.491768 
0.618543 0.324385 0.028536 0.028536 
0.250000 0.250000 0.250000 0.250000 
  26
0.608646 0.010711 0.046210 
0.348166 0.978116 0.462022 
0.043188 0.011174 0.491768 
0.028536 0.028536 0.225970 0.716958 
0.250000 0.250000 0.250000 0.250000 
  27
0.608646 0.010711 0.046210 
0.348166 0.978116 0.462022 
0.043188 0.011174 0.491768 
0.028536 0.028536 0.028536 0.914391 
0.250000 0.250000 0.250000 0.250000 
  28
0.608646 0.010711 0.046210 
0.348166 0.978116 0.462022 
0.043188 0.011174 0.491768 
0.028536 0.613310 0.141181 0.216973 
0.250000 0.250000 0.250000 0.250000 
  29
0.608646 0.010711 0.046210 
0.348166 0.978116 0.462022 
0.043188 0.011174 0.491768 
0.028536 0.028536 0.914391 0.028536 
0.250000 0.250000 0.250000 0.250000 
  30
0.586718 0.010711 0.046210 
0.370094 0.978116 0.462022 
0.044156 0.011120 0.491768 
0.028168 0.028168 0.915497 0.028168 
0.250000 0.250000 0.250000 0.250000 
  31
0.576567 0.010659 0.046210 
0.379277 0.978221 0.462022 
0.045210 0.011065 0.491768 
0.916616 0.027795 0.027795 0.027795 
0.250000 0.250000 0.250000 0.250000 
  32
0.568228 0.010606 0.046210 
0.386562 0.978329 0.462022 
0.046232 0.011014 0.491768 
0.027458 0.027458 0.650402 0.294682 
0.250000 0.250000 0.250000 0.250000 
  33
0.581068 0.010558 0.046210 
0.372701 0.978428 0.462022 
0.046232 0.011014 0.491768 
0.027458 0.027458 0.027458 0.917627 
0.250000 0.250000 0.250000 0.250000 
  34
0.581068 0.010558 0.046210 
0.372701 0.978428 0.462022 
0.046232 0.011014 0.491768 
0.729972 0.215112 0.027458 0.027458 
0.250000 0.250000 0.250000 0.250000 
  35
0.581068 0.010558 0.046210 
0.372701 0.978428 0.462022 
0.046232 0.011014 0.491768 
0.027458 0.027458 0.742798 0.202286 
0.250000 0.250000 0.250000 0.250000 
  36
0.581068 0.010558 0.046210 
0.372701 0.978428 0.462022 
0.046232 0.011014 0.491768 
0.027458 0.027458 0.027458 0.917627 
0.250000 0.250000 0.250000 0.250000 
  37
0.581068 0.010558 0.046210 
0.372701 0.978428 0.462022 
0.046232 0.011014 0.491768 
0.645597 0.299488 0.027458 0.027458 
0.250000 0.250000 0.250000 0.250000 
  38
0.581068 0.010558 0.046210 
0.372701 0.978428 0.462022 
0.046232 0.011014 0.491768 
0.027458 0.027458 0.917627 0.027458 
0.250000 0.250000 0.250000 0.250000 
  39
0.581068 0.010558 0.046210 
0.372701 0.978428 0.462022 
0.046232 0.011014 0.491768 
0.917627 0.027458 0.027458 0.027458 
0.250000 0.250000 0.250000 0.250000 
  40
0.559555 0.010558 0.046210 
0.394214 0.978428 0.462022 
0.047248 0.010967 0.491768 
0.027145 0.303895 0.027145 0.641816 
0.250000 0.250000 0.250000 0.250000 
  41
0.571857 0.010512 0.046210 
0.380895 0.978521 0.462022 
0.047248 0.010967 0.491768 
0.027145 0.918566 0.027145 0.027145 
0.250000 0.250000 0.250000 0.250000 
  42
0.571857 0.010512 0.046210 
0.380895 0.978521 0.462022 
0.047248 0.010967 0.491768 
0.027145 0.027145 0.828518 0.117193 
0.250000 0.250000 0.250000 0.250000 
  43
0.571857 0.010512 0.046210 
0.380895 0.978521 0.462022 
0.047248 0.010967 0.491768 
0.027145 0.027145 0.918566 0.027145 
0.250000 0.250000 0.250000 0.250000 
  44
0.547597 0.010512 0.046210 
0.405155 0.978521 0.462022 
0.048423 0.010915 0.491768 
0.026807 0.026807 0.919579 0.026807 
0.250000 0.250000 0.250000 0.250000 
  45
0.561212 0.010462 0.046210 
0.390365 0.978623 0.462022 
0.048423 0.010915 0.491768 
0.919579 0.026807 0.026807 0.026807 
0.250000 0.250000 0.250000 0.250000 
  46
0.561212 0.010462 0.046210 
0.390365 0.978623 0.462022 
0.048423 0.010915 0.491768 
0.026807 0.026807 0.919579 0.026807 
0.250000 0.250000 0.250000 0.250000 
  47
0.561212 0.010462 0.046210 
0.390365 0.978623 0.462022 
0.048423 0.010915 0.491768 
0.919579 0.026807 0.026807 0.026807 
0.250000 0.250000 0.250000 0.250000 
  48
0.561212 0.010462 0.046210 
0.390365 0.978623 0.462022 
0.048423 0.010915 0.491768 
0.026807 0.026807 0.026807 0.919579 
0.250000 0.250000 0.250000 0.250000 
  49
0.561212 0.010462 0.046210 
0.390365 0.978623 0.462022 
0.048423 0.010915 0.491768 
0.038489 0.685600 0.026807 0.249103 
0.250000 0.250000 0.250000 0.250000 
  50
0.561212 0.010462 0.046210 
0.390365 0.978623 0.462022 
0.048423 0.010915 0.491768 
0.919579 0.026807 0.026807 0.026807 
0.250000 0.250000 0.250000 0.250000 
  51
0.561212 0.010462 0.046210 
0.390365 0.978623 0.462022 
0.048423 0.010915 0.491768 
0.026807 0.026807 0.026807 0.919579 
0.250000 0.250000 0.250000 0.250000 
  52
0.561212 0.010462 0.046210 
0.390365 0.978623 0.462022 
0.048423 0.010915 0.491768 
0.229006 0.717380 0.026807 0.026807 
0.250000 0.250000 0.250000 0.250000 
  53
0.561212 0.010462 0.046210 
0.390365 0.978623 0.462022 
0.048423 0.010915 0.491768 
0.919579 0.026807 0.026807 0.026807 
0.250000 0.250000 0.250000 0.250000 
  54
0.561212 0.010462 0.046210 
0.390365 0.978623 0.462022 
0.048423 0.010915 0.491768 
0.919579 0.026807 0.026807 0.026807 
0.250000 0.250000 0.250000 0.250000 
  55
0.561212 0.010462 0.046210 
0.390365 0.978623 0.462022 
0.048423 0.010915 0.491768 
0.319495 0.066353 0.026807 0.587344 
0.250000 0.250000 0.250000 0.250000 
  56
0.561212 0.010462 0.046210 
0.390365 0.978623 0.462022 
0.048423 0.010915 0.491768 
0.026807 0.919579 0.026807 0.026807 
0.250000 0.250000 0.250000 0.250000 
  57
0.561212 0.010462 0.046210 
0.390365 0.978623 0.462022 
0.048423 0.010915 0.491768 
0.359042 0.026807 0.575458 0.038694 
0.250000 0.250000 0.250000 0.250000 
  58
0.561212 0.010462 0.046210 
0.390365 0.978623 0.462022 
0.048423 0.010915 0.491768 
0.609716 0.336670 0.026807 0.026807 
0.250000 0.250000 0.250000 0.250000 
  59
0.561212 0.010462 0.046210 
0.390365 0.978623 0.462022 
0.048423 0.010915 0.491768 
0.919579 0.026807 0.026807 0.026807 
0.250000 0.250000 0.250000 0.250000 
  60
0.540023 0.010462 0.046210 
0.411554 0.978623 0.462022 
0.049471 0.010870 0.491768 
0.026526 0.920422 0.026526 0.026526 
0.250000 0.250000 0.250000 0.250000 
  61
0.551713 0.010420 0.046210 
0.398816 0.978710 0.462022 
0.049471 0.010870 0.491768 
0.026526 0.026526 0.026526 0.920422 
0.250000 0.250000 0.250000 0.250000 
  62
0.551713 0.010420 0.046210 
0.398816 0.978710 0.462022 
0.049471 0.010870 0.491768 
0.920422 0.026526 0.026526 0.026526 
0.250000 0.250000 0.250000 0.250000 
  63
0.530436 0.010420 0.046210 
0.420093 0.978710 0.462022 
0.050546 0.010828 0.491768 
0.026256 0.026256 0.026256 0.921233 
0.250000 0.250000 0.250000 0.250000 
  64
0.541968 0.010379 0.046210 
0.407486 0.978794 0.462022 
0.050546 0.010828 0.491768 
0.037700 0.909789 0.026256 0.026256 
0.250000 0.250000 0.250000 0.250000 
  65
0.541968 0.010379 0.046210 
0.407486 0.978794 0.462022 
0.050546 0.010828 0.491768 
0.921233 0.026256 0.026256 0.026256 
0.250000 0.250000 0.250000 0.250000 
  66
0.541968 0.010379 0.046210 
0.407486 0.978794 0.462022 
0.050546 0.010828 0.491768 
0.026256 0.921233 0.026256 0.026256 
0.250000 0.250000 0.250000 0.250000 
  67
0.541968 0.010379 0.046210 
0.407486 0.978794 0.462022 
0.050546 0.010828 0.491768 
0.026256 0.047263 0.209372 0.717109 
0.250000 0.250000 0.250000 0.250000 
  68
0.541968 0.010379 0.046210 
0.407486 0.978794 0.462022 
0.050546 0.010828 0.491768 
0.026256 0.026256 0.921233 0.026256 
0.250000 0.250000 0.250000 0.250000 
  69
0.541968 0.010379 0.046210 
0.407486 0.978794 0.462022 
0.050546 0.010828 0.491768 
0.026256 0.026256 0.921233 0.026256 
0.250000 0.250000 0.250000 0.250000 
  70
0.541968 0.010379 0.046210 
0.407486 0.978794 0.462022 
0.050546 0.010828 0.491768 
0.026256 0.026256 0.037771 0.909718 
0.250000 0.250000 0.250000 0.250000 
  71
0.541968 0.010379 0.046210 
0.407486 0.978794 0.462022 
0.050546 0.010828 0.491768 
0.921233 0.026256 0.026256 0.026256 
0.250000 0.250000 0.250000 0.250000 
  72
0.541968 0.010379 0.046210 
0.407486 0.978794 0.462022 
0.050546 0.010828 0.491768 
0.026256 0.026256 0.921233 0.026256 
0.250000 0.250000 0.250000 0.250000 
  73
0.518825 0.010379 0.046210 
0.430629 0.978794 0.462022 
0.051744 0.010782 0.491768 
0.025974 0.025974 0.266153 0.681900 
0.250000 0.250000 0.250000 0.250000 
  74
0.508656 0.010335 0.046210 
0.439600 0.978883 0.462022 
0.052933 0.010739 0.491768 
0.922864 0.025712 0.025712 0.025712 
0.250000 0.250000 0.250000 0.250000 
  75
0.520343 0.010294 0.046210 
0.426724 0.978966 0.462022 
0.052933 0.010739 0.491768 
0.551720 0.314907 0.025712 0.107661 
0.250000 0.250000 0.250000 0.250000 
  76
0.520343 0.010294 0.046210 
0.426724 0.978966 0.462022 
0.052933 0.010739 0.491768 
0.025712 0.025712 0.568194 0.380382 
0.250000 0.250000 0.250000 0.250000 
  77
0.520343 0.010294 0.046210 
0.426724 0.978966 0.462022 
0.052933 0.010739 0.491768 
0.922864 0.025712 0.025712 0.025712 
0.250000 0.250000 0.250000 0.250000 
  78
0.520343 0.010294 0.046210 
0.426724 0.978966 0.462022 
0.052933 0.010739 0.491768 
0.025712 0.025712 0.922864 0.025712 
0.250000 0.250000 0.250000 0.250000 
  79
0.520343 0.010294 0.046210 
0.426724 0.978966 0.462022 
0.052933 0.010739 0.491768 
0.922864 0.025712 0.025712 0.025712 
0.250000 0.250000 0.250000 0.250000 
  80
0.520343 0.010294 0.046210 
0.426724 0.978966 0.462022 
0.052933 0.010739 0.491768 
0.922864 0.025712 0.025712 0.025712 
0.250000 0.250000 0.250000 0.250000 
  81
0.520343 0.010294 0.046210 
0.426724 0.978966 0.462022 
0.052933 0.010739 0.491768 
0.025712 0.025712 0.578424 0.370152 
0.250000 0.250000 0.250000 0.250000 
  82
0.520343 0.010294 0.046210 
0.426724 0.978966 0.462022 
0.052933 0.010739 0.491768 
0.922864 0.025712 0.025712 0.025712 
0.250000 0.250000 0.250000 0.250000 
  83
0.520343 0.010294 0.046210 
0.426724 0.978966 0.462022 
0.052933 0.010739 0.491768 
0.025712 0.025712 0.922864 0.025712 
0.250000 0.250000 0.250000 0.250000 
  84
0.520343 0.010294 0.046210 
0.426724 0.978966 0.462022 
0.052933 0.010739 0.491768 
0.025712 0.025712 0.025712 0.922864 
0.250000 0.250000 0.250000 0.250000 
  85
0.520343 0.010294 0.046210 
0.426724 0.978966 0.462022 
0.052933 0.010739 0.491768 
0.049955 0.898621 0.025712 0.025712 
0.250000 0.250000 0.250000 0.250000 
  86
0.520343 0.010294 0.046210 
0.426724 0.978966 0.462022 
0.052933 0.010739 0.491768 
0.025712 0.025712 0.922864 0.025712 
0.250000 0.250000 0.250000 0.250000 
  87
0.520343 0.010294 0.046210 
0.426724 0.978966 0.462022 
0.052933 0.010739 0.491768 
0.025712 0.025712 0.025712 0.922864 
0.250000 0.250000 0.250000 0.250000 
  88
0.520343 0.010294 0.046210 
0.426724 0.978966 0.462022 
0.052933 0.010739 0.491768 
0.025712 0.025712 0.025712 0.922864 
0.250000 0.250000 0.250000 0.250000 
  89
0.520343 0.010294 0.046210 
0.426724 0.978966 0.462022 
0.052933 0.010739 0.491768 
0.025712 0.922864 0.025712 0.025712 
0.250000 0.250000 0.250000 0.250000 
  90
0.520343 0.010294 0.046210 
0.426724 0.978966 0.462022 
0.052933 0.010739 0.491768 
0.025712 0.025712 0.922864 0.025712 
0.250000 0.250000 0.250000 0.250000 
  91
0.520343 0.010294 0.046210 
0.426724 0.978966 0.462022 
0.052933 0.010739 0.491768 
0.910841 0.037735 0.025712 0.025712 
0.250000 0.250000 0.250000 0.250000 
  92
0.520343 0.010294 0.046210 
0.426724 0.978966 0.462022 
0.052933 0.010739 0.491768 
0.922864 0.025712 0.025712 0.025712 
0.250000 0.250000 0.250000 0.250000 
  93
0.520343 0.010294 0.046210 
0.426724 0.978966 0.462022 
0.052933 0.010739 0.491768 
0.025712 0.025712 0.025712 0.922864 
0.250000 0.250000 0.250000 0.250000 
  94
0.520343 0.010294 0.046210 
0.426724 0.978966 0.462022 
0.052933 0.010739 0.491768 
0.025712 0.922864 0.025712 0.025712 
0.250000 0.250000 0.250000 0.250000 
  95
0.520343 0.010294 0.046210 
0.426724 0.978966 0.462022 
0.052933 0.010739 0.491768 
0.025712 0.025712 0.922864 0.025712 
0.250000 0.250000 0.250000 0.250000 
  96
0.520343 0.010294 0.046210 
0.426724 0.978966 0.462022 
0.052933 0.010739 0.491768 
0.922864 0.025712 0.025712 0.025712 
0.250000 0.250000 0.250000 0.250000 
  97
0.520343 0.010294 0.046210 
0.426724 0.978966 0.462022 
0.052933 0.010739 0.491768 
0.257717 0.690859 0.025712 0.025712 
0.250000 0.250000 0.250000 0.250000 
  98
0.520343 0.010294 0.046210 
0.426724 0.978966 0.462022 
0.052933 0.010739 0.491768 
0.025712 0.025712 0.922864 0.025712 
0.250000 0.250000 0.250000 0.250000 
  99
0.520343 0.010294 0.046210 
0.426724 0.978966 0.462022 
0.052933 0.010739 0.491768 
0.025712 0.025712 0.025712 0.922864 
0.250000 0.250000 0.250000 0.250000 
 100
0.520343 0.010294 0.046210 
0.426724 0.978966 0.462022 
0.052933 0.010739 0.491768 
0.047169 0.901407 0.025712 0.025712 
0.250000 0.250000 0.250000 0.250000 
 101
0.520343 0.010294 0.046210 
0.426724 0.978966 0.462022 
0.052933 0.010739 0.491768 
0.025712 0.025712 0.025712 0.922864 
0.250000 0.250000 0.250000 0.250000 
 102
0.520343 0.010294 0.046210 
0.426724 0.978966 0.462022 
0.052933 0.010739 0.491768 
0.922864 0.025712 0.025712 0.025712 
0.250000 0.250000 0.250000 0.250000 
 103
0.520343 0.010294 0.046210 
0.426724 0.978966 0.462022 
0.052933 0.010739 0.491768 
0.396999 0.038987 0.025712 0.538302 
0.250000 0.250000 0.250000 0.250000 
 104
0.520343 0.010294 0.046210 
0.426724 0.978966 0.462022 
0.052933 0.010739 0.491768 
0.922864 0.025712 0.025712 0.025712 
0.250000 0.250000 0.250000 0.250000 
 105
0.520343 0.010294 0.046210 
0.426724 0.978966 0.462022 
0.052933 0.010739 0.491768 
0.025712 0.025712 0.025712 0.922864 
0.250000 0.250000 0.250000 0.250000 
 106
0.520343 0.010294 0.046210 
0.426724 0.978966 0.462022 
0.052933 0.010739 0.491768 
0.025712 0.025712 0.333713 0.614863 
0.250000 0.250000 0.250000 0.250000 
 107
0.520343 0.010294 0.046210 
0.426724 0.978966 0.462022 
0.052933 0.010739 0.491768 
0.025712 0.922864 0.025712 0.025712 
0.250000 0.250000 0.250000 0.250000 
 108
0.520343 0.010294 0.046210 
0.426724 0.978966 0.462022 
0.052933 0.010739 0.491768 
0.922864 0.025712 0.025712 0.025712 
0.250000 0.250000 0.250000 0.250000 
 109
0.520343 0.010294 0.046210 
0.426724 0.978966 0.462022 
0.052933 0.010739 0.491768 
0.025712 0.025712 0.282015 0.666561 
0.250000 0.250000 0.250000 0.250000 
 110
0.520343 0.010294 0.046210 
0.426724 0.978966 0.462022 
0.052933 0.010739 0.491768 
0.922864 0.025712 0.025712 0.025712 
0.250000 0.250000 0.250000 0.250000 
 111
0.520343 0.010294 0.046210 
0.426724 0.978966 0.462022 
0.052933 0.010739 0.491768 
0.618013 0.330563 0.025712 0.025712 
0.250000 0.250000 0.250000 0.250000 
 112
0.520343 0.010294 0.046210 
0.426724 0.978966 0.462022 
0.052933 0.010739 0.491768 
0.025712 0.025712 0.047169 0.901407 
0.250000 0.250000 0.250000 0.250000 
 113
0.520343 0.010294 0.046210 
0.426724 0.978966 0.462022 
0.052933 0.010739 0.491768 
0.025712 0.922864 0.025712 0.025712 
0.250000 0.250000 0.250000 0.250000 
 114
0.520343 0.010294 0.046210 
0.426724 0.978966 0.462022 
0.052933 0.010739 0.491768 
0.025712 0.025712 0.922864 0.025712 
0.250000 0.250000 0.250000 0.250000 
 115
0.520343 0.010294 0.046210 
0.426724 0.978966 0.462022 
0.052933 0.010739 0.491768 
0.025712 0.025712 0.225614 0.722962 
0.250000 0.250000 0.250000 0.250000 
 116
0.520343 0.010294 0.046210 
0.426724 0.978966 0.462022 
0.052933 0.010739 0.491768 
0.025712 0.025712 0.037375 0.911201 
0.250000 0.250000 0.250000 0.250000 
 117
0.520343 0.010294 0.046210 
0.426724 0.978966 0.462022 
0.052933 0.010739 0.491768 
0.025712 0.025712 0.025712 0.922864 
0.250000 0.250000 0.250000 0.250000 
 118
0.520343 0.010294 0.046210 
0.426724 0.978966 0.462022 
0.052933 0.010739 0.491768 
0.173573 0.775003 0.025712 0.025712 
0.250000 0.250000 0.250000 0.250000 
 119
0.520343 0.010294 0.046210 
0.426724 0.978966 0.462022 
0.052933 0.010739 0.491768 
0.025712 0.025712 0.025712 0.922864 
0.250000 0.250000 0.250000 0.250000 
 120
0.520343 0.010294 0.046210 
0.426724 0.978966 0.462022 
0.052933 0.010739 0.491768 
0.922864 0.025712 0.025712 0.025712 
0.250000 0.250000 0.250000 0.250000 
 121
0.520343 0.010294 0.046210 
0.426724 0.978966 0.462022 
0.052933 0.010739 0.491768 
0.785879 0.084281 0.092846 0.036994 
0.250000 0.250000 0.250000 0.250000 
 122
0.520343 0.010294 0.046210 
0.426724 0.978966 0.462022 
0.052933 0.010739 0.491768 
0.922864 0.025712 0.025712 0.025712 
0.250000 0.250000 0.250000 0.250000 
 123
0.520343 0.010294 0.046210 
0.426724 0.978966 0.462022 
0.052933 0.010739 0.491768 
0.025712 0.025712 0.922864 0.025712 
0.250000 0.250000 0.250000 0.250000 
 124
0.520343 0.010294 0.046210 
0.426724 0.978966 0.462022 
0.052933 0.010739 0.491768 
0.736998 0.211578 0.025712 0.025712 
0.250000 0.250000 0.250000 0.250000 
 125
0.520343 0.010294 0.046210 
0.426724 0.978966 0.462022 
0.052933 0.010739 0.491768 
0.025712 0.025712 0.246244 0.702333 
0.250000 0.250000 0.250000 0.250000 
 126
0.520343 0.010294 0.046210 
0.426724 0.978966 0.462022 
0.052933 0.010739 0.491768 
0.025712 0.025712 0.104128 0.844448 
0.250000 0.250000 0.250000 0.250000 
 127
0.520343 0.010294 0.046210 
0.426724 0.978966 0.462022 
0.052933 0.010739 0.491768 
0.218050 0.730526 0.025712 0.025712 
0.250000 0.250000 0.250000 0.250000 
 128
0.520343 0.010294 0.046210 
0.426724 0.978966 0.462022 
0.052933 0.010739 0.491768 
0.025712 0.025712 0.025712 0.922864 
0.250000 0.250000 0.250000 0.250000 
 129
0.520343 0.010294 0.046210 
0.426724 0.978966 0.462022 
0.052933 0.010739 0.491768 
0.025712 0.025712 0.922864 0.025712 
0.250000 0.250000 0.250000 0.250000 
 130
0.520343 0.010294 0.046210 
0.426724 0.978966 0.462022 
0.052933 0.010739 0.491768 
0.038987 0.297125 0.025712 0.638176 
0.250000 0.250000 0.250000 0.250000 
 131
0.520343 0.010294 0.046210 
0.426724 0.978966 0.462022 
0.052933 0.010739 0.491768 
0.025712 0.025712 0.025712 0.922864 
0.250000 0.250000 0.250000 0.250000 
 132
0.520343 0.010294 0.046210 
0.426724 0.978966 0.462022 
0.052933 0.010739 0.491768 
0.025712 0.025712 0.922864 0.025712 
0.250000 0.250000 0.250000 0.250000 
 133
0.520343 0.010294 0.046210 
0.426724 0.978966 0.462022 
0.052933 0.010739 0.491768 
0.025712 0.037859 0.025712 0.910717 
0.250000 0.250000 0.250000 0.250000 
 134
0.520343 0.010294 0.046210 
0.426724 0.978966 0.462022 
0.052933 0.010739 0.491768 
0.025712 0.922864 0.025712 0.025712 
0.250000 0.250000 0.250000 0.250000 
 135
0.520343 0.010294 0.046210 
0.426724 0.978966 0.462022 
0.052933 0.010739 0.491768 
0.922864 0.025712 0.025712 0.025712 
0.250000 0.250000 0.250000 0.250000 
 136
0.520343 0.010294 0.046210 
0.426724 0.978966 0.462022 
0.052933 0.010739 0.491768 
0.025712 0.025712 0.594458 0.354118 
0.250000 0.250000 0.250000 0.250000 
 137
0.520343 0.010294 0.046210 
0.426724 0.978966 0.462022 
0.052933 0.010739 0.491768 
0.025712 0.025712 0.025712 0.922864 
0.250000 0.250000 0.250000 0.250000 
 138
0.520343 0.010294 0.046210 
0.426724 0.978966 0.462022 
0.052933 0.010739 0.491768 
0.025712 0.025712 0.038711 0.909865 
0.250000 0.250000 0.250000 0.250000 
 139
0.520343 0.010294 0.046210 
0.426724 0.978966 0.462022 
0.052933 0.010739 0.491768 
0.225614 0.155101 0.593573 0.025712 
0.250000 0.250000 0.250000 0.250000 
 140
0.520343 0.010294 0.046210 
0.426724 0.978966 0.462022 
0.052933 0.010739 0.491768 
0.922864 0.025712 0.025712 0.025712 
0.250000 0.250000 0.250000 0.250000 
 141
0.520343 0.010294 0.046210 
0.426724 0.978966 0.462022 
0.052933 0.010739 0.491768 
0.025712 0.922864 0.025712 0.025712 
0.250000 0.250000 0.250000 0.250000 
 142
0.520343 0.010294 0.046210 
0.426724 0.978966 0.462022 
0.052933 0.010739 0.491768 
0.025712 0.025712 0.469034 0.479542 
0.250000 0.250000 0.250000 0.250000 
 143
0.520343 0.010294 0.046210 
0.426724 0.978966 0.462022 
0.052933 0.010739 0.491768 
0.025712 0.025712 0.037859 0.910717 
0.250000 0.250000 0.250000 0.250000 
 144
0.520343 0.010294 0.046210 
0.426724 0.978966 0.462022 
0.052933 0.010739 0.491768 
0.025712 0.025712 0.025712 0.922864 
0.250000 0.250000 0.250000 0.250000 
 145
0.520343 0.010294 0.046210 
0.426724 0.978966 0.462022 
0.052933 0.010739 0.491768 
0.025712 0.116978 0.025712 0.831598 
0.250000 0.250000 0.250000 0.250000 
 146
0.520343 0.010294 0.046210 
0.426724 0.978966 0.462022 
0.052933 0.010739 0.491768 
0.922864 0.025712 0.025712 0.025712 
0.250000 0.250000 0.250000 0.250000 
 147
0.520343 0.010294 0.046210 
0.426724 0.978966 0.462022 
0.052933 0.010739 0.491768 
0.025712 0.025712 0.037966 0.910610 
0.250000 0.250000 0.250000 0.250000 
 148
0.520343 0.010294 0.046210 
0.426724 0.978966 0.462022 
0.052933 0.010739 0.491768 
0.525213 0.104128 0.333546 0.037113 
0.250000 0.250000 0.250000 0.250000 
 149
0.520343 0.010294 0.046210 
0.426724 0.978966 0.462022 
0.052933 0.010739 0.491768 
0.025712 0.025712 0.922864 0.025712 
0.250000 0.250000 0.250000 0.250000 
 150
0.520343 0.010294 0.046210 
0.426724 0.978966 0.462022 
0.052933 0.010739 0.491768 
0.025712 0.025712 0.922864 0.025712 
0.250000 0.250000 0.250000 0.250000 
 151
0.520343 0.010294 0.046210 
0.426724 0.978966 0.462022 
0.052933 0.010739 0.491768 
0.355004 0.025712 0.230468 0.388817 
0.250000 0.250000 0.250000 0.250000 
 152
0.520343 0.010294 0.046210 
0.426724 0.978966 0.462022 
0.052933 0.010739 0.491768 
0.025712 0.025712 0.025712 0.922864 
0.250000 0.250000 0.250000 0.250000 
 153
0.520343 0.010294 0.046210 
0.426724 0.978966 0.462022 
0.052933 0.010739 0.491768 
0.025712 0.025712 0.639273 0.309303 
0.250000 0.250000 0.250000 0.250000 
 154
0.520343 0.010294 0.046210 
0.426724 0.978966 0.462022 
0.052933 0.010739 0.491768 
0.047362 0.333353 0.025712 0.593573 
0.250000 0.250000 0.250000 0.250000 
 155
0.520343 0.010294 0.046210 
0.426724 0.978966 0.462022 
0.052933 0.010739 0.491768 
0.922864 0.025712 0.025712 0.025712 
0.250000 0.250000 0.250000 0.250000 
 156
0.520343 0.010294 0.046210 
0.426724 0.978966 0.462022 
0.052933 0.010739 0.491768 
0.025712 0.025712 0.025712 0.922864 
0.250000 0.250000 0.250000 0.250000 
 157
0.520343 0.010294 0.046210 
0.426724 0.978966 0.462022 
0.052933 0.010739 0.491768 
0.025712 0.025712 0.036919 0.911657 
0.250000 0.250000 0.250000 0.250000 
 158
0.520343 0.010294 0.046210 
0.426724 0.978966 0.462022 
0.052933 0.010739 0.491768 
0.025712 0.025712 0.025712 0.922864 
0.250000 0.250000 0.250000 0.250000 
 159
0.520343 0.010294 0.046210 
0.426724 0.978966 0.462022 
0.052933 0.010739 0.491768 
0.025712 0.025712 0.922864 0.025712 
0.250000 0.250000 0.250000 0.250000 
 160
0.520343 0.010294 0.046210 
0.426724 0.978966 0.462022 
0.052933 0.010739 0.491768 
0.025712 0.025712 0.693865 0.254711 
0.250000 0.250000 0.250000 0.250000 
 161
0.520343 0.010294 0.046210 
0.426724 0.978966 0.462022 
0.052933 0.010739 0.491768 
0.025712 0.025712 0.025712 0.922864 
0.250000 0.250000 0.250000 0.250000 
 162
0.520343 0.010294 0.046210 
0.426724 0.978966 0.462022 
0.052933 0.010739 0.491768 
0.025712 0.922864 0.025712 0.025712 
0.250000 0.250000 0.250000 0.250000 
 163
0.520343 0.010294 0.046210 
0.426724 0.978966 0.462022 
0.052933 0.010739 0.491768 
0.025712 0.025712 0.346712 0.601864 
0.250000 0.250000 0.250000 0.250000 
 164
0.520343 0.010294 0.046210 
0.426724 0.978966 0.462022 
0.052933 0.010739 0.491768 
0.025712 0.025712 0.922864 0.025712 
0.250000 0.250000 0.250000 0.250000 
 165
0.520343 0.010294 0.046210 
0.426724 0.978966 0.462022 
0.052933 0.010739 0.491768 
0.025712 0.025712 0.025712 0.922864 
0.250000 0.250000 0.250000 0.250000 
 166
0.520343 0.010294 0.046210 
0.426724 0.978966 0.462022 
0.052933 0.010739 0.491768 
0.025712 0.025712 0.640302 0.308274 
0.250000 0.250000 0.250000 0.250000 
 167
0.520343 0.010294 0.046210 
0.426724 0.978966 0.462022 
0.052933 0.010739 0.491768 
0.025712 0.025712 0.025712 0.922864 
0.250000 0.250000 0.250000 0.250000 
 168
0.520343 0.010294 0.046210 
0.426724 0.978966 0.462022 
0.052933 0.010739 0.491768 
0.025712 0.025712 0.025712 0.922864 
0.250000 0.250000 0.250000 0.250000 
 169
0.520343 0.010294 0.046210 
0.426724 0.978966 0.462022 
0.052933 0.010739 0.491768 
0.025712 0.025712 0.416179 0.532398 
0.250000 0.250000 0.250000 0.250000 
 170
0.492947 0.010294 0.046210 
0.454120 0.978966 0.462022 
0.054424 0.010689 0.491768 
0.923780 0.025407 0.025407 0.025407 
0.250000 0.250000 0.250000 0.250000 
 171
0.506832 0.010246 0.046210 
0.438744 0.979065 0.462022 
0.054424 0.010689 0.491768 
0.746585 0.202602 0.025407 0.025407 
0.250000 0.250000 0.250000 0.250000 
 172
0.506832 0.010246 0.046210 
0.438744 0.979065 0.462022 
0.054424 0.010689 0.491768 
0.025407 0.025407 0.189930 0.759256 
0.250000 0.250000 0.250000 0.250000 
 173
0.506832 0.010246 0.046210 
0.438744 0.979065 0.462022 
0.054424 0.010689 0.491768 
0.025407 0.025407 0.025407 0.923780 
0.250000 0.250000 0.250000 0.250000 
 174
0.506832 0.010246 0.046210 
0.438744 0.979065 0.462022 
0.054424 0.010689 0.491768 
0.025407 0.025407 0.025407 0.923780 
0.250000 0.250000 0.250000 0.250000 
 175
0.506832 0.010246 0.046210 
0.438744 0.979065 0.462022 
0.054424 0.010689 0.491768 
0.025407 0.036672 0.203225 0.734697 
0.250000 0.250000 0.250000 0.250000 
 176
0.506832 0.010246 0.046210 
0.438744 0.979065 0.462022 
0.054424 0.010689 0.491768 
0.025407 0.923780 0.025407 0.025407 
0.250000 0.250000 0.250000 0.250000 
 177
0.506832 0.010246 0.046210 
0.438744 0.979065 0.462022 
0.054424 0.010689 0.491768 
0.923780 0.025407 0.025407 0.025407 
0.250000 0.250000 0.250000 0.250000 
 178
0.506832 0.010246 0.046210 
0.438744 0.979065 0.462022 
0.054424 0.010689 0.491768 
0.025407 0.025407 0.441928 0.507259 
0.250000 0.250000 0.250000 0.250000 
 179
0.506832 0.010246 0.046210 
0.438744 0.979065 0.462022 
0.054424 0.010689 0.491768 
0.025407 0.025407 0.025407 0.923780 
0.250000 0.250000 0.250000 0.250000 
 180
0.506832 0.010246 0.046210 
0.438744 0.979065 0.462022 
0.054424 0.010689 0.491768 
0.025407 0.025407 0.923780 0.025407 
0.250000 0.250000 0.250000 0.250000 
 181
0.506832 0.010246 0.046210 
0.438744 0.979065 0.462022 
0.054424 0.010689 0.491768 
0.025407 0.025407 0.399334 0.549853 
0.250000 0.250000 0.250000 0.250000 
 182
0.506832 0.010246 0.046210 
0.438744 0.979065 0.462022 
0.054424 0.010689 0.491768 
0.025407 0.025407 0.025407 0.923780 
0.250000 0.250000 0.250000 0.250000 
 183
0.506832 0.010246 0.046210 
0.438744 0.979065 0.462022 
0.054424 0.010689 0.491768 
0.025407 0.025407 0.923780 0.025407 
0.250000 0.250000 0.250000 0.250000 
 184
0.506832 0.010246 0.046210 
0.438744 0.979065 0.462022 
0.054424 0.010689 0.491768 
0.025407 0.025407 0.185160 0.764027 
0.250000 0.250000 0.250000 0.250000 
 185
0.506832 0.010246 0.046210 
0.438744 0.979065 0.462022 
0.054424 0.010689 0.491768 
0.025407 0.564987 0.025407 0.384200 
0.250000 0.250000 0.250000 0.250000 
 186
0.506832 0.010246 0.046210 
0.438744 0.979065 0.462022 
0.054424 0.010689 0.491768 
0.025407 0.025407 0.923780 0.025407 
0.250000 0.250000 0.250000 0.250000 
 187
0.506832 0.010246 0.046210 
0.438744 0.979065 0.462022 
0.054424 0.010689 0.491768 
0.923780 0.025407 0.025407 0.025407 
0.250000 0.250000 0.250000 0.250000 
 188
0.506832 0.010246 0.046210 
0.438744 0.979065 0.462022 
0.054424 0.010689 0.491768 
0.025407 0.025407 0.025407 0.923780 
0.250000 0.250000 0.250000 0.250000 
 189
0.506832 0.010246 0.046210 
0.438744 0.979065 0.462022 
0.054424 0.010689 0.491768 
0.923780 0.025407 0.025407 0.025407 
0.250000 0.250000 0.250000 0.250000 
 190
0.506832 0.010246 0.046210 
0.438744 0.979065 0.462022 
0.054424 0.010689 0.491768 
0.025407 0.025407 0.404927 0.544260 
0.250000 0.250000 0.250000 0.250000 
 191
0.506832 0.010246 0.046210 
0.438744 0.979065 0.462022 
0.054424 0.010689 0.491768 
0.025407 0.025407 0.025407 0.923780 
0.250000 0.250000 0.250000 0.250000 
 192
0.506832 0.010246 0.046210 
0.438744 0.979065 0.462022 
0.054424 0.010689 0.491768 
0.025407 0.025407 0.913012 0.036174 
0.250000 0.250000 0.250000 0.250000 
 193
0.506832 0.010246 0.046210 
0.438744 0.979065 0.462022 
0.054424 0.010689 0.491768 
0.589179 0.025407 0.025407 0.360008 
0.250000 0.250000 0.250000 0.250000 
 194
0.506832 0.010246 0.046210 
0.438744 0.979065 0.462022 
0.054424 0.010689 0.491768 
0.138940 0.810247 0.025407 0.025407 
0.250000 0.250000 0.250000 0.250000 
 195
0.506832 0.010246 0.046210 
0.438744 0.979065 0.462022 
0.054424 0.010689 0.491768 
0.038252 0.025407 0.214886 0.721456 
0.250000 0.250000 0.250000 0.250000 
 196
0.506832 0.010246 0.046210 
0.438744 0.979065 0.462022 
0.054424 0.010689 0.491768 
0.609930 0.339257 0.025407 0.025407 
0.250000 0.250000 0.250000 0.250000 
 197
0.506832 0.010246 0.046210 
0.438744 0.979065 0.462022 
0.054424 0.010689 0.491768 
0.025407 0.025407 0.025407 0.923780 
0.250000 0.250000 0.250000 0.250000 
 198
0.506832 0.010246 0.046210 
0.438744 0.979065 0.462022 
0.054424 0.010689 0.491768 
0.025407 0.923780 0.025407 0.025407 
0.250000 0.250000 0.250000 0.250000 
 199
0.506832 0.010246 0.046210 
0.438744 0.979065 0.462022 
0.054424 0.010689 0.491768 
0.271541 0.677646 0.025407 0.025407 
0.250000 0.250000 0.250000 0.250000 
 200
0.506832 0.010246 0.046210 
0.438744 0.979065 0.462022 
0.054424 0.010689 0.491768 
0.025407 0.025407 0.025407 0.923780 
0.250000 0.250000 0.250000 0.250000 
 201
0.506832 0.010246 0.046210 
0.438744 0.979065 0.462022 
0.054424 0.010689 0.491768 
0.025407 0.025407 0.257766 0.691421 
0.250000 0.250000 0.250000 0.250000 
 202
0.506832 0.010246 0.046210 
0.438744 0.979065 0.462022 
0.054424 0.010689 0.491768 
0.238122 0.711065 0.025407 0.025407 
0.250000 0.250000 0.250000 0.250000 
 203
0.506832 0.010246 0.046210 
0.438744 0.979065 0.462022 
0.054424 0.010689 0.491768 
0.025407 0.025407 0.025407 0.923780 
0.250000 0.250000 0.250000 0.250000 
 204
0.506832 0.010246 0.046210 
0.438744 0.979065 0.462022 
0.054424 0.010689 0.491768 
0.923780 0.025407 0.025407 0.025407 
0.250000 0.250000 0.250000 0.250000 
 205
0.506832 0.010246 0.046210 
0.438744 0.979065 0.462022 
0.054424 0.010689 0.491768 
0.315711 0.025407 0.242689 0.416193 
0.250000 0.250000 0.250000 0.250000 
 206
0.506832 0.010246 0.046210 
0.438744 0.979065 0.462022 
0.054424 0.010689 0.491768 
0.025407 0.923780 0.025407 0.025407 
0.250000 0.250000 0.250000 0.250000 
 207
0.506832 0.010246 0.046210 
0.438744 0.979065 0.462022 
0.054424 0.010689 0.491768 
0.025407 0.025407 0.025407 0.923780 
0.250000 0.250000 0.250000 0.250000 
 208
0.506832 0.010246 0.046210 
0.438744 0.979065 0.462022 
0.054424 0.010689 0.491768 
0.025407 0.025407 0.406520 0.542667 
0.250000 0.250000 0.250000 0.250000 
 209
0.506832 0.010246 0.046210 
0.438744 0.979065 0.462022 
0.054424 0.010689 0.491768 
0.025407 0.025407 0.923780 0.025407 
0.250000 0.250000 0.250000 0.250000 
 210
0.506832 0.010246 0.046210 
0.438744 0.979065 0.462022 
0.054424 0.010689 0.491768 
0.025407 0.025407 0.923780 0.025407 
0.250000 0.250000 0.250000 0.250000 
 211
0.506832 0.010246 0.046210 
0.438744 0.979065 0.462022 
0.054424 0.010689 0.491768 
0.844515 0.104672 0.025407 0.025407 
0.250000 0.250000 0.250000 0.250000 
 212
0.506832 0.010246 0.046210 
0.438744 0.979065 0.462022 
0.054424 0.010689 0.491768 
0.025407 0.025407 0.025407 0.923780 
0.250000 0.250000 0.250000 0.250000 
 213
0.506832 0.010246 0.046210 
0.438744 0.979065 0.462022 
0.054424 0.010689 0.491768 
0.025407 0.025407 0.025407 0.923780 
0.250000 0.250000 0.250000 0.250000 
 214
0.506832 0.010246 0.046210 
0.438744 0.979065 0.462022 
0.054424 0.010689 0.491768 
0.025407 0.025407 0.128012 0.821174 
0.250000 0.250000 0.250000 0.250000 
 215
0.506832 0.010246 0.046210 
0.438744 0.979065 0.462022 
0.054424 0.010689 0.491768 
0.025407 0.025407 0.923780 0.025407 
0.250000 0.250000 0.250000 0.250000 
 216
0.506832 0.010246 0.046210 
0.438744 0.979065 0.462022 
0.054424 0.010689 0.491768 
0.025407 0.025407 0.025407 0.923780 
0.250000 0.250000 0.250000 0.250000 
 217
0.506832 0.010246 0.046210 
0.438744 0.979065 0.462022 
0.054424 0.010689 0.491768 
0.025407 0.025407 0.025407 0.923780 
0.250000 0.250000 0.250000 0.250000 
 218
0.506832 0.010246 0.046210 
0.438744 0.979065 0.462022 
0.054424 0.010689 0.491768 
0.923780 0.025407 0.025407 0.025407 
0.250000 0.250000 0.250000 0.250000 
 219
0.506832 0.010246 0.046210 
0.438744 0.979065 0.462022 
0.054424 0.010689 0.491768 
0.025407 0.025407 0.025407 0.923780 
0.250000 0.250000 0.250000 0.250000 
 220
0.506832 0.010246 0.046210 
0.438744 0.979065 0.462022 
0.054424 0.010689 0.491768 
0.341460 0.046609 0.025407 0.586524 
0.250000 0.250000 0.250000 0.250000 
 221
0.506832 0.010246 0.046210 
0.438744 0.979065 0.462022 
0.054424 0.010689 0.491768 
0.025407 0.923780 0.025407 0.025407 
0.250000 0.250000 0.250000 0.250000 
 222
0.506832 0.010246 0.046210 
0.438744 0.979065 0.462022 
0.054424 0.010689 0.491768 
0.025407 0.025407 0.025407 0.923780 
0.250000 0.250000 0.250000 0.250000 
 223
0.506832 0.010246 0.046210 
0.438744 0.979065 0.462022 
0.054424 0.010689 0.491768 
0.037691 0.025407 0.497377 0.439525 
0.250000 0.250000 0.250000 0.250000 
 224
0.506832 0.010246 0.046210 
0.438744 0.979065 0.462022 
0.054424 0.010689 0.491768 
0.025407 0.025407 0.025407 0.923780 
0.250000 0.250000 0.250000 0.250000 
 225
0.506832 0.010246 0.046210 
0.438744 0.979065 0.462022 
0.054424 0.010689 0.491768 
0.025407 0.025407 0.923780 0.025407 
0.250000 0.250000 0.250000 0.250000 
 226
0.506832 0.010246 0.046210 
0.438744 0.979065 0.462022 
0.054424 0.010689 0.491768 
0.025407 0.025407 0.923780 0.025407 
0.250000 0.250000 0.250000 0.250000 
 227
0.506832 0.010246 0.046210 
0.438744 0.979065 0.462022 
0.054424 0.010689 0.491768 
0.923780 0.025407 0.025407 0.025407 
0.250000 0.250000 0.250000 0.250000 
 228
0.506832 0.010246 0.046210 
0.438744 0.979065 0.462022 
0.054424 0.010689 0.491768 
0.025407 0.025407 0.025407 0.923780 
0.250000 0.250000 0.250000 0.250000 
 229
0.506832 0.010246 0.046210 
0.438744 0.979065 0.462022 
0.054424 0.010689 0.491768 
0.174855 0.774331 0.025407 0.025407 
0.250000 0.250000 0.250000 0.250000 
 230
0.506832 0.010246 0.046210 
0.438744 0.979065 0.462022 
0.054424 0.010689 0.491768 
0.025407 0.025407 0.923780 0.025407 
0.250000 0.250000 0.250000 0.250000 
 231
0.506832 0.010246 0.046210 
0.438744 0.979065 0.462022 
0.054424 0.010689 0.491768 
0.923780 0.025407 0.025407 0.025407 
0.250000 0.250000 0.250000 0.250000 
 232
0.506832 0.010246 0.046210 
0.438744 0.979065 0.462022 
0.054424 0.010689 0.491768 
0.826520 0.122666 0.025407 0.025407 
0.250000 0.250000 0.250000 0.250000 
 233
0.506832 0.010246 0.046210 
0.438744 0.979065 0.462022 
0.054424 0.010689 0.491768 
0.025407 0.923780 0.025407 0.025407 
0.250000 0.250000 0.250000 0.250000 
 234
0.506832 0.010246 0.046210 
0.438744 0.979065 0.462022 
0.054424 0.010689 0.491768 
0.902578 0.025407 0.025407 0.046609 
0.250000 0.250000 0.250000 0.250000 
 235
0.506832 0.010246 0.046210 
0.438744 0.979065 0.462022 
0.054424 0.010689 0.491768 
0.049694 0.899493 0.025407 0.025407 
0.250000 0.250000 0.250000 0.250000 
 236
0.506832 0.010246 0.046210 
0.438744 0.979065 0.462022 
0.054424 0.010689 0.491768 
