%  SAM: modelfromalign v3.5 (July 15, 2005) compiled 03/03/09_11:47:37
%  (c) 1992-2001 Regents of the University of California, Santa Cruz
%
%          Sequence Alignment and Modeling Software System
%         http://www.cse.ucsc.edu/research/compbio/sam.html
%
% ----------------- Citations (SAM, SAM-T2K, HMMs) --------------------
% R. Hughey, A. Krogh, Hidden Markov models for sequence analysis:
%  Extension and analysis of the basic method, CABIOS 12:95-107, 1996.
% K. Karplus, et al., What is the value added by human intervention in protein
%  structure prediction, Proteins: Stucture, Function, Genetics 45(S5):86--91, 2001.
% A. Krogh et al., Hidden Markov models in computational biology:
%  Applications to protein modeling, JMB 235:1501-1531, Feb 1994.
% ---------------------------------------------------------------------
%  A_HA_H8_hmm   Host: m222714.cdc.gov    Wed May 21 18:06:32 2014
%  vfn4          Dir:  /Volumes/gf_atl_2012/Genotyping/IRMA/segments/HA
% ---------------------------------------------------------------------
%  Alignment weights from internal calc.  Total (10.82) Max (0.17) Min (0.08)
%  Weights from alignment method 1 (karplus), b=-1.000000, e=0.500000
MODEL --  Model from alignment file rev/A_HA_H8.fasta
alphabet DNA
FREQAVE
0.000000 0.000000 0.000000 
0.000000 0.000000 0.000000 
0.000000 0.000000 0.000000 
0.231328 0.185423 0.232486 0.350763 
0.231328 0.185423 0.232486 0.350763 
Begin
0.000000 0.000000 0.000000 
0.000000 0.000000 0.000000 
0.000000 0.009902 0.491768 
0.250000 0.250000 0.250000 0.250000 
0.250000 0.250000 0.250000 0.250000 
   1
0.000000 0.063162 0.046210 
0.000000 0.926936 0.462022 
0.042007 0.010464 0.491768 
0.024096 0.024096 0.024096 0.927712 
0.250000 0.250000 0.250000 0.250000 
   2
0.619345 0.010030 0.046210 
0.338648 0.979506 0.462022 
0.042007 0.010464 0.491768 
0.024096 0.024096 0.113653 0.838154 
0.250000 0.250000 0.250000 0.250000 
   3
0.589311 0.010030 0.046210 
0.368681 0.979506 0.462022 
0.043308 0.010398 0.491768 
0.928819 0.023727 0.023727 0.023727 
0.250000 0.250000 0.250000 0.250000 
   4
0.607558 0.009967 0.046210 
0.349133 0.979635 0.462022 
0.043308 0.010398 0.491768 
0.928819 0.023727 0.023727 0.023727 
0.250000 0.250000 0.250000 0.250000 
   5
0.607558 0.009967 0.046210 
0.349133 0.979635 0.462022 
0.043308 0.010398 0.491768 
0.928819 0.023727 0.023727 0.023727 
0.250000 0.250000 0.250000 0.250000 
   6
0.591744 0.009967 0.046210 
0.364948 0.979635 0.462022 
0.044004 0.010365 0.491768 
0.023543 0.023543 0.023543 0.929372 
0.250000 0.250000 0.250000 0.250000 
   7
0.585863 0.009935 0.046210 
0.370133 0.979701 0.462022 
0.044692 0.010333 0.491768 
0.897343 0.055919 0.023369 0.023369 
0.250000 0.250000 0.250000 0.250000 
   8
0.595020 0.009905 0.046210 
0.360288 0.979763 0.462022 
0.044692 0.010333 0.491768 
0.023369 0.023369 0.929893 0.023369 
0.250000 0.250000 0.250000 0.250000 
   9
0.595020 0.009905 0.046210 
0.360288 0.979763 0.462022 
0.044692 0.010333 0.491768 
0.929893 0.023369 0.023369 0.023369 
0.250000 0.250000 0.250000 0.250000 
  10
0.595020 0.009905 0.046210 
0.360288 0.979763 0.462022 
0.044692 0.010333 0.491768 
0.023369 0.929893 0.023369 0.023369 
0.250000 0.250000 0.250000 0.250000 
  11
0.595020 0.009905 0.046210 
0.360288 0.979763 0.462022 
0.044692 0.010333 0.491768 
0.929893 0.023369 0.023369 0.023369 
0.250000 0.250000 0.250000 0.250000 
  12
0.578859 0.009905 0.046210 
0.376449 0.979763 0.462022 
0.045426 0.010300 0.491768 
0.930424 0.023192 0.023192 0.023192 
0.250000 0.250000 0.250000 0.250000 
  13
0.588368 0.009873 0.046210 
0.366206 0.979827 0.462022 
0.045426 0.010300 0.491768 
0.023192 0.023192 0.930424 0.023192 
0.250000 0.250000 0.250000 0.250000 
  14
0.569317 0.009873 0.046210 
0.385257 0.979827 0.462022 
0.046308 0.010262 0.491768 
0.931030 0.022990 0.022990 0.022990 
0.250000 0.250000 0.250000 0.250000 
  15
0.580373 0.009837 0.046210 
0.373318 0.979900 0.462022 
0.046308 0.010262 0.491768 
0.022990 0.022990 0.022990 0.931030 
0.250000 0.250000 0.250000 0.250000 
  16
0.580373 0.009837 0.046210 
0.373318 0.979900 0.462022 
0.046308 0.010262 0.491768 
0.022990 0.931030 0.022990 0.022990 
0.250000 0.250000 0.250000 0.250000 
  17
0.580373 0.009837 0.046210 
0.373318 0.979900 0.462022 
0.046308 0.010262 0.491768 
0.022990 0.022990 0.931030 0.022990 
0.250000 0.250000 0.250000 0.250000 
  18
0.580373 0.009837 0.046210 
0.373318 0.979900 0.462022 
0.046308 0.010262 0.491768 
0.931030 0.022990 0.022990 0.022990 
0.250000 0.250000 0.250000 0.250000 
  19
0.580373 0.009837 0.046210 
0.373318 0.979900 0.462022 
0.046308 0.010262 0.491768 
0.022990 0.022990 0.022990 0.931030 
0.250000 0.250000 0.250000 0.250000 
  20
0.580373 0.009837 0.046210 
0.373318 0.979900 0.462022 
0.046308 0.010262 0.491768 
0.022990 0.022990 0.931030 0.022990 
0.250000 0.250000 0.250000 0.250000 
  21
0.580373 0.009837 0.046210 
0.373318 0.979900 0.462022 
0.046308 0.010262 0.491768 
0.022990 0.022990 0.022990 0.931030 
0.250000 0.250000 0.250000 0.250000 
  22
0.580373 0.009837 0.046210 
0.373318 0.979900 0.462022 
0.046308 0.010262 0.491768 
0.931030 0.022990 0.022990 0.022990 
0.250000 0.250000 0.250000 0.250000 
  23
0.580373 0.009837 0.046210 
0.373318 0.979900 0.462022 
0.046308 0.010262 0.491768 
0.022990 0.022990 0.918735 0.035285 
0.250000 0.250000 0.250000 0.250000 
  24
0.580373 0.009837 0.046210 
0.373318 0.979900 0.462022 
0.046308 0.010262 0.491768 
0.931030 0.022990 0.022990 0.022990 
0.250000 0.250000 0.250000 0.250000 
  25
0.580373 0.009837 0.046210 
0.373318 0.979900 0.462022 
0.046308 0.010262 0.491768 
0.931030 0.022990 0.022990 0.022990 
0.250000 0.250000 0.250000 0.250000 
  26
0.562815 0.009837 0.046210 
0.390877 0.979900 0.462022 
0.047136 0.010229 0.491768 
0.022811 0.931568 0.022811 0.022811 
0.250000 0.250000 0.250000 0.250000 
  27
0.572874 0.009805 0.046210 
0.379991 0.979967 0.462022 
0.047136 0.010229 0.491768 
0.931568 0.022811 0.022811 0.022811 
0.250000 0.250000 0.250000 0.250000 
  28
0.572874 0.009805 0.046210 
0.379991 0.979967 0.462022 
0.047136 0.010229 0.491768 
0.022811 0.022811 0.022811 0.931568 
0.250000 0.250000 0.250000 0.250000 
  29
0.572874 0.009805 0.046210 
0.379991 0.979967 0.462022 
0.047136 0.010229 0.491768 
0.022811 0.022811 0.931568 0.022811 
0.250000 0.250000 0.250000 0.250000 
  30
0.572874 0.009805 0.046210 
0.379991 0.979967 0.462022 
0.047136 0.010229 0.491768 
0.022811 0.022811 0.931568 0.022811 
0.250000 0.250000 0.250000 0.250000 
  31
0.572874 0.009805 0.046210 
0.379991 0.979967 0.462022 
0.047136 0.010229 0.491768 
0.922661 0.031718 0.022811 0.022811 
0.250000 0.250000 0.250000 0.250000 
  32
0.541496 0.009805 0.046210 
0.411368 0.979967 0.462022 
0.048663 0.010170 0.491768 
0.022502 0.022502 0.031978 0.923018 
0.250000 0.250000 0.250000 0.250000 
  33
0.559037 0.009748 0.046210 
0.392300 0.980082 0.462022 
0.048663 0.010170 0.491768 
0.022502 0.022502 0.022502 0.932494 
0.250000 0.250000 0.250000 0.250000 
  34
0.559037 0.009748 0.046210 
0.392300 0.980082 0.462022 
0.048663 0.010170 0.491768 
0.022502 0.022502 0.187362 0.767634 
0.250000 0.250000 0.250000 0.250000 
  35
0.559037 0.009748 0.046210 
0.392300 0.980082 0.462022 
0.048663 0.010170 0.491768 
0.022502 0.022502 0.022502 0.932494 
0.250000 0.250000 0.250000 0.250000 
  36
0.559037 0.009748 0.046210 
0.392300 0.980082 0.462022 
0.048663 0.010170 0.491768 
0.022502 0.932494 0.022502 0.022502 
0.250000 0.250000 0.250000 0.250000 
  37
0.559037 0.009748 0.046210 
0.392300 0.980082 0.462022 
0.048663 0.010170 0.491768 
0.022502 0.022502 0.932494 0.022502 
0.250000 0.250000 0.250000 0.250000 
  38
0.559037 0.009748 0.046210 
0.392300 0.980082 0.462022 
0.048663 0.010170 0.491768 
0.932494 0.022502 0.022502 0.022502 
0.250000 0.250000 0.250000 0.250000 
  39
0.540672 0.009748 0.046210 
0.410666 0.980082 0.462022 
0.049573 0.010137 0.491768 
0.022331 0.022331 0.022331 0.933008 
0.250000 0.250000 0.250000 0.250000 
  40
0.550787 0.009717 0.046210 
0.399640 0.980146 0.462022 
0.049573 0.010137 0.491768 
0.674753 0.280586 0.022331 0.022331 
0.250000 0.250000 0.250000 0.250000 
  41
0.550787 0.009717 0.046210 
0.399640 0.980146 0.462022 
0.049573 0.010137 0.491768 
0.022331 0.022331 0.933008 0.022331 
0.250000 0.250000 0.250000 0.250000 
  42
0.550787 0.009717 0.046210 
0.399640 0.980146 0.462022 
0.049573 0.010137 0.491768 
0.022331 0.022331 0.933008 0.022331 
0.250000 0.250000 0.250000 0.250000 
  43
0.532986 0.009717 0.046210 
0.417441 0.980146 0.462022 
0.050472 0.010106 0.491768 
0.022170 0.022170 0.933489 0.022170 
0.250000 0.250000 0.250000 0.250000 
  44
0.542646 0.009687 0.046210 
0.406883 0.980208 0.462022 
0.050472 0.010106 0.491768 
0.933489 0.022170 0.022170 0.022170 
0.250000 0.250000 0.250000 0.250000 
  45
0.542646 0.009687 0.046210 
0.406883 0.980208 0.462022 
0.050472 0.010106 0.491768 
0.022170 0.933489 0.022170 0.022170 
0.250000 0.250000 0.250000 0.250000 
  46
0.542646 0.009687 0.046210 
0.406883 0.980208 0.462022 
0.050472 0.010106 0.491768 
0.022170 0.933489 0.022170 0.022170 
0.250000 0.250000 0.250000 0.250000 
  47
0.524507 0.009687 0.046210 
0.425022 0.980208 0.462022 
0.051404 0.010075 0.491768 
0.933965 0.022012 0.022012 0.022012 
0.250000 0.250000 0.250000 0.250000 
  48
0.534196 0.009657 0.046210 
0.414400 0.980268 0.462022 
0.051404 0.010075 0.491768 
0.022012 0.022012 0.022012 0.933965 
0.250000 0.250000 0.250000 0.250000 
  49
0.534196 0.009657 0.046210 
0.414400 0.980268 0.462022 
0.051404 0.010075 0.491768 
0.022012 0.022012 0.022012 0.933965 
0.250000 0.250000 0.250000 0.250000 
  50
0.534196 0.009657 0.046210 
0.414400 0.980268 0.462022 
0.051404 0.010075 0.491768 
0.933965 0.022012 0.022012 0.022012 
0.250000 0.250000 0.250000 0.250000 
  51
0.534196 0.009657 0.046210 
0.414400 0.980268 0.462022 
0.051404 0.010075 0.491768 
0.796428 0.159549 0.022012 0.022012 
0.250000 0.250000 0.250000 0.250000 
  52
0.534196 0.009657 0.046210 
0.414400 0.980268 0.462022 
0.051404 0.010075 0.491768 
0.933965 0.022012 0.022012 0.022012 
0.250000 0.250000 0.250000 0.250000 
  53
0.534196 0.009657 0.046210 
0.414400 0.980268 0.462022 
0.051404 0.010075 0.491768 
0.022012 0.022012 0.933965 0.022012 
0.250000 0.250000 0.250000 0.250000 
  54
0.534196 0.009657 0.046210 
0.414400 0.980268 0.462022 
0.051404 0.010075 0.491768 
0.022012 0.022012 0.933965 0.022012 
0.250000 0.250000 0.250000 0.250000 
  55
0.534196 0.009657 0.046210 
0.414400 0.980268 0.462022 
0.051404 0.010075 0.491768 
0.022012 0.022012 0.022012 0.933965 
0.250000 0.250000 0.250000 0.250000 
  56
0.534196 0.009657 0.046210 
0.414400 0.980268 0.462022 
0.051404 0.010075 0.491768 
0.022012 0.022012 0.933965 0.022012 
0.250000 0.250000 0.250000 0.250000 
  57
0.534196 0.009657 0.046210 
0.414400 0.980268 0.462022 
0.051404 0.010075 0.491768 
0.022012 0.022012 0.933965 0.022012 
0.250000 0.250000 0.250000 0.250000 
  58
0.534196 0.009657 0.046210 
0.414400 0.980268 0.462022 
0.051404 0.010075 0.491768 
0.933965 0.022012 0.022012 0.022012 
0.250000 0.250000 0.250000 0.250000 
  59
0.534196 0.009657 0.046210 
0.414400 0.980268 0.462022 
0.051404 0.010075 0.491768 
0.022012 0.933965 0.022012 0.022012 
0.250000 0.250000 0.250000 0.250000 
  60
0.534196 0.009657 0.046210 
0.414400 0.980268 0.462022 
0.051404 0.010075 0.491768 
0.022012 0.022012 0.933965 0.022012 
0.250000 0.250000 0.250000 0.250000 
  61
0.534196 0.009657 0.046210 
0.414400 0.980268 0.462022 
0.051404 0.010075 0.491768 
0.933965 0.022012 0.022012 0.022012 
0.250000 0.250000 0.250000 0.250000 
  62
0.534196 0.009657 0.046210 
0.414400 0.980268 0.462022 
0.051404 0.010075 0.491768 
0.923080 0.032896 0.022012 0.022012 
0.250000 0.250000 0.250000 0.250000 
  63
0.534196 0.009657 0.046210 
0.414400 0.980268 0.462022 
0.051404 0.010075 0.491768 
0.022012 0.022012 0.029315 0.926661 
0.250000 0.250000 0.250000 0.250000 
  64
0.514971 0.009657 0.046210 
0.433624 0.980268 0.462022 
0.052412 0.010042 0.491768 
0.021849 0.021849 0.934452 0.021849 
0.250000 0.250000 0.250000 0.250000 
  65
0.525066 0.009626 0.046210 
0.422522 0.980331 0.462022 
0.052412 0.010042 0.491768 
0.934452 0.021849 0.021849 0.021849 
0.250000 0.250000 0.250000 0.250000 
  66
0.525066 0.009626 0.046210 
0.422522 0.980331 0.462022 
0.052412 0.010042 0.491768 
0.021849 0.934452 0.021849 0.021849 
0.250000 0.250000 0.250000 0.250000 
  67
0.525066 0.009626 0.046210 
0.422522 0.980331 0.462022 
0.052412 0.010042 0.491768 
0.021849 0.934452 0.021849 0.021849 
0.250000 0.250000 0.250000 0.250000 
  68
0.525066 0.009626 0.046210 
0.422522 0.980331 0.462022 
0.052412 0.010042 0.491768 
0.934452 0.021849 0.021849 0.021849 
0.250000 0.250000 0.250000 0.250000 
  69
0.525066 0.009626 0.046210 
0.422522 0.980331 0.462022 
0.052412 0.010042 0.491768 
0.021849 0.021849 0.033478 0.922823 
0.250000 0.250000 0.250000 0.250000 
  70
0.525066 0.009626 0.046210 
0.422522 0.980331 0.462022 
0.052412 0.010042 0.491768 
0.021849 0.021849 0.036409 0.919892 
0.250000 0.250000 0.250000 0.250000 
  71
0.525066 0.009626 0.046210 
0.422522 0.980331 0.462022 
0.052412 0.010042 0.491768 
0.021849 0.934452 0.021849 0.021849 
0.250000 0.250000 0.250000 0.250000 
  72
0.525066 0.009626 0.046210 
0.422522 0.980331 0.462022 
0.052412 0.010042 0.491768 
0.021849 0.021849 0.934452 0.021849 
0.250000 0.250000 0.250000 0.250000 
  73
0.525066 0.009626 0.046210 
0.422522 0.980331 0.462022 
0.052412 0.010042 0.491768 
0.021849 0.021849 0.934452 0.021849 
0.250000 0.250000 0.250000 0.250000 
  74
0.525066 0.009626 0.046210 
0.422522 0.980331 0.462022 
0.052412 0.010042 0.491768 
0.934452 0.021849 0.021849 0.021849 
0.250000 0.250000 0.250000 0.250000 
  75
0.525066 0.009626 0.046210 
0.422522 0.980331 0.462022 
0.052412 0.010042 0.491768 
0.934452 0.021849 0.021849 0.021849 
0.250000 0.250000 0.250000 0.250000 
  76
0.525066 0.009626 0.046210 
0.422522 0.980331 0.462022 
0.052412 0.010042 0.491768 
0.021849 0.934452 0.021849 0.021849 
0.250000 0.250000 0.250000 0.250000 
  77
0.525066 0.009626 0.046210 
0.422522 0.980331 0.462022 
0.052412 0.010042 0.491768 
0.021849 0.021849 0.934452 0.021849 
0.250000 0.250000 0.250000 0.250000 
  78
0.525066 0.009626 0.046210 
0.422522 0.980331 0.462022 
0.052412 0.010042 0.491768 
0.934452 0.021849 0.021849 0.021849 
0.250000 0.250000 0.250000 0.250000 
  79
0.525066 0.009626 0.046210 
0.422522 0.980331 0.462022 
0.052412 0.010042 0.491768 
0.263136 0.693166 0.021849 0.021849 
0.250000 0.250000 0.250000 0.250000 
  80
0.525066 0.009626 0.046210 
0.422522 0.980331 0.462022 
0.052412 0.010042 0.491768 
0.934452 0.021849 0.021849 0.021849 
0.250000 0.250000 0.250000 0.250000 
  81
0.525066 0.009626 0.046210 
0.422522 0.980331 0.462022 
0.052412 0.010042 0.491768 
0.021849 0.934452 0.021849 0.021849 
0.250000 0.250000 0.250000 0.250000 
  82
0.525066 0.009626 0.046210 
0.422522 0.980331 0.462022 
0.052412 0.010042 0.491768 
0.926573 0.029728 0.021849 0.021849 
0.250000 0.250000 0.250000 0.250000 
  83
0.525066 0.009626 0.046210 
0.422522 0.980331 0.462022 
0.052412 0.010042 0.491768 
0.021849 0.021849 0.934452 0.021849 
0.250000 0.250000 0.250000 0.250000 
  84
0.525066 0.009626 0.046210 
0.422522 0.980331 0.462022 
0.052412 0.010042 0.491768 
0.021849 0.021849 0.021849 0.934452 
0.250000 0.250000 0.250000 0.250000 
  85
0.525066 0.009626 0.046210 
0.422522 0.980331 0.462022 
0.052412 0.010042 0.491768 
0.021849 0.934452 0.021849 0.021849 
0.250000 0.250000 0.250000 0.250000 
  86
0.525066 0.009626 0.046210 
0.422522 0.980331 0.462022 
0.052412 0.010042 0.491768 
0.021849 0.934452 0.021849 0.021849 
0.250000 0.250000 0.250000 0.250000 
  87
0.525066 0.009626 0.046210 
0.422522 0.980331 0.462022 
0.052412 0.010042 0.491768 
0.021849 0.021849 0.934452 0.021849 
0.250000 0.250000 0.250000 0.250000 
  88
0.525066 0.009626 0.046210 
0.422522 0.980331 0.462022 
0.052412 0.010042 0.491768 
0.021849 0.021849 0.934452 0.021849 
0.250000 0.250000 0.250000 0.250000 
  89
0.525066 0.009626 0.046210 
0.422522 0.980331 0.462022 
0.052412 0.010042 0.491768 
0.021849 0.934452 0.021849 0.021849 
0.250000 0.250000 0.250000 0.250000 
  90
0.525066 0.009626 0.046210 
0.422522 0.980331 0.462022 
0.052412 0.010042 0.491768 
0.021849 0.021849 0.934452 0.021849 
0.250000 0.250000 0.250000 0.250000 
  91
0.525066 0.009626 0.046210 
0.422522 0.980331 0.462022 
0.052412 0.010042 0.491768 
0.021849 0.021849 0.934452 0.021849 
0.250000 0.250000 0.250000 0.250000 
  92
0.525066 0.009626 0.046210 
0.422522 0.980331 0.462022 
0.052412 0.010042 0.491768 
0.934452 0.021849 0.021849 0.021849 
0.250000 0.250000 0.250000 0.250000 
  93
0.525066 0.009626 0.046210 
0.422522 0.980331 0.462022 
0.052412 0.010042 0.491768 
0.021849 0.021849 0.934452 0.021849 
0.250000 0.250000 0.250000 0.250000 
  94
0.525066 0.009626 0.046210 
0.422522 0.980331 0.462022 
0.052412 0.010042 0.491768 
0.021849 0.021849 0.063221 0.893080 
0.250000 0.250000 0.250000 0.250000 
  95
0.525066 0.009626 0.046210 
0.422522 0.980331 0.462022 
0.052412 0.010042 0.491768 
0.021849 0.934452 0.021849 0.021849 
0.250000 0.250000 0.250000 0.250000 
  96
0.525066 0.009626 0.046210 
0.422522 0.980331 0.462022 
0.052412 0.010042 0.491768 
0.021849 0.021849 0.021849 0.934452 
0.250000 0.250000 0.250000 0.250000 
  97
0.525066 0.009626 0.046210 
0.422522 0.980331 0.462022 
0.052412 0.010042 0.491768 
0.934452 0.021849 0.021849 0.021849 
0.250000 0.250000 0.250000 0.250000 
  98
0.525066 0.009626 0.046210 
0.422522 0.980331 0.462022 
0.052412 0.010042 0.491768 
0.021849 0.021849 0.934452 0.021849 
0.250000 0.250000 0.250000 0.250000 
  99
0.525066 0.009626 0.046210 
0.422522 0.980331 0.462022 
0.052412 0.010042 0.491768 
0.021849 0.021849 0.021849 0.934452 
0.250000 0.250000 0.250000 0.250000 
 100
0.525066 0.009626 0.046210 
0.422522 0.980331 0.462022 
0.052412 0.010042 0.491768 
0.021849 0.934452 0.021849 0.021849 
0.250000 0.250000 0.250000 0.250000 
 101
0.525066 0.009626 0.046210 
0.422522 0.980331 0.462022 
0.052412 0.010042 0.491768 
0.021849 0.021849 0.021849 0.934452 
0.250000 0.250000 0.250000 0.250000 
 102
0.525066 0.009626 0.046210 
0.422522 0.980331 0.462022 
0.052412 0.010042 0.491768 
0.934452 0.021849 0.021849 0.021849 
0.250000 0.250000 0.250000 0.250000 
 103
0.525066 0.009626 0.046210 
0.422522 0.980331 0.462022 
0.052412 0.010042 0.491768 
0.841822 0.114479 0.021849 0.021849 
0.250000 0.250000 0.250000 0.250000 
 104
0.525066 0.009626 0.046210 
0.422522 0.980331 0.462022 
0.052412 0.010042 0.491768 
0.934452 0.021849 0.021849 0.021849 
0.250000 0.250000 0.250000 0.250000 
 105
0.525066 0.009626 0.046210 
0.422522 0.980331 0.462022 
0.052412 0.010042 0.491768 
0.021849 0.021849 0.021849 0.934452 
0.250000 0.250000 0.250000 0.250000 
 106
0.525066 0.009626 0.046210 
0.422522 0.980331 0.462022 
0.052412 0.010042 0.491768 
0.021849 0.934452 0.021849 0.021849 
0.250000 0.250000 0.250000 0.250000 
 107
0.525066 0.009626 0.046210 
0.422522 0.980331 0.462022 
0.052412 0.010042 0.491768 
0.021849 0.021849 0.934452 0.021849 
0.250000 0.250000 0.250000 0.250000 
 108
0.525066 0.009626 0.046210 
0.422522 0.980331 0.462022 
0.052412 0.010042 0.491768 
0.021849 0.021849 0.021849 0.934452 
0.250000 0.250000 0.250000 0.250000 
 109
0.525066 0.009626 0.046210 
0.422522 0.980331 0.462022 
0.052412 0.010042 0.491768 
0.379878 0.576423 0.021849 0.021849 
0.250000 0.250000 0.250000 0.250000 
 110
0.525066 0.009626 0.046210 
0.422522 0.980331 0.462022 
0.052412 0.010042 0.491768 
0.934452 0.021849 0.021849 0.021849 
0.250000 0.250000 0.250000 0.250000 
 111
0.525066 0.009626 0.046210 
0.422522 0.980331 0.462022 
0.052412 0.010042 0.491768 
0.021849 0.934452 0.021849 0.021849 
0.250000 0.250000 0.250000 0.250000 
 112
0.525066 0.009626 0.046210 
0.422522 0.980331 0.462022 
0.052412 0.010042 0.491768 
0.934452 0.021849 0.021849 0.021849 
0.250000 0.250000 0.250000 0.250000 
 113
0.525066 0.009626 0.046210 
0.422522 0.980331 0.462022 
0.052412 0.010042 0.491768 
0.934452 0.021849 0.021849 0.021849 
0.250000 0.250000 0.250000 0.250000 
 114
0.525066 0.009626 0.046210 
0.422522 0.980331 0.462022 
0.052412 0.010042 0.491768 
0.021849 0.021849 0.021849 0.934452 
0.250000 0.250000 0.250000 0.250000 
 115
0.525066 0.009626 0.046210 
0.422522 0.980331 0.462022 
0.052412 0.010042 0.491768 
0.021849 0.021849 0.021849 0.934452 
0.250000 0.250000 0.250000 0.250000 
 116
0.525066 0.009626 0.046210 
0.422522 0.980331 0.462022 
0.052412 0.010042 0.491768 
0.021849 0.021849 0.040815 0.915487 
0.250000 0.250000 0.250000 0.250000 
 117
0.525066 0.009626 0.046210 
0.422522 0.980331 0.462022 
0.052412 0.010042 0.491768 
0.021849 0.021849 0.021849 0.934452 
0.250000 0.250000 0.250000 0.250000 
 118
0.525066 0.009626 0.046210 
0.422522 0.980331 0.462022 
0.052412 0.010042 0.491768 
0.133009 0.823292 0.021849 0.021849 
0.250000 0.250000 0.250000 0.250000 
 119
0.525066 0.009626 0.046210 
0.422522 0.980331 0.462022 
0.052412 0.010042 0.491768 
0.021849 0.021849 0.021849 0.934452 
0.250000 0.250000 0.250000 0.250000 
 120
0.525066 0.009626 0.046210 
0.422522 0.980331 0.462022 
0.052412 0.010042 0.491768 
0.934452 0.021849 0.021849 0.021849 
0.250000 0.250000 0.250000 0.250000 
 121
0.525066 0.009626 0.046210 
0.422522 0.980331 0.462022 
0.052412 0.010042 0.491768 
0.782875 0.173426 0.021849 0.021849 
0.250000 0.250000 0.250000 0.250000 
 122
0.525066 0.009626 0.046210 
0.422522 0.980331 0.462022 
0.052412 0.010042 0.491768 
0.021849 0.926330 0.029971 0.021849 
0.250000 0.250000 0.250000 0.250000 
 123
0.525066 0.009626 0.046210 
0.422522 0.980331 0.462022 
0.052412 0.010042 0.491768 
0.021849 0.021849 0.021849 0.934452 
0.250000 0.250000 0.250000 0.250000 
 124
0.525066 0.009626 0.046210 
0.422522 0.980331 0.462022 
0.052412 0.010042 0.491768 
0.021849 0.934452 0.021849 0.021849 
0.250000 0.250000 0.250000 0.250000 
 125
0.525066 0.009626 0.046210 
0.422522 0.980331 0.462022 
0.052412 0.010042 0.491768 
0.021849 0.934452 0.021849 0.021849 
0.250000 0.250000 0.250000 0.250000 
 126
0.525066 0.009626 0.046210 
0.422522 0.980331 0.462022 
0.052412 0.010042 0.491768 
0.021849 0.021849 0.021849 0.934452 
0.250000 0.250000 0.250000 0.250000 
 127
0.525066 0.009626 0.046210 
0.422522 0.980331 0.462022 
0.052412 0.010042 0.491768 
0.173457 0.782844 0.021849 0.021849 
0.250000 0.250000 0.250000 0.250000 
 128
0.525066 0.009626 0.046210 
0.422522 0.980331 0.462022 
0.052412 0.010042 0.491768 
0.021849 0.021849 0.021849 0.934452 
0.250000 0.250000 0.250000 0.250000 
 129
0.525066 0.009626 0.046210 
0.422522 0.980331 0.462022 
0.052412 0.010042 0.491768 
0.021849 0.021849 0.021849 0.934452 
0.250000 0.250000 0.250000 0.250000 
 130
0.525066 0.009626 0.046210 
0.422522 0.980331 0.462022 
0.052412 0.010042 0.491768 
0.021849 0.021849 0.782969 0.173332 
0.250000 0.250000 0.250000 0.250000 
 131
0.525066 0.009626 0.046210 
0.422522 0.980331 0.462022 
0.052412 0.010042 0.491768 
0.021849 0.021849 0.021849 0.934452 
0.250000 0.250000 0.250000 0.250000 
 132
0.525066 0.009626 0.046210 
0.422522 0.980331 0.462022 
0.052412 0.010042 0.491768 
0.021849 0.021849 0.934452 0.021849 
0.250000 0.250000 0.250000 0.250000 
 133
0.525066 0.009626 0.046210 
0.422522 0.980331 0.462022 
0.052412 0.010042 0.491768 
0.021849 0.021849 0.181185 0.775116 
0.250000 0.250000 0.250000 0.250000 
 134
0.525066 0.009626 0.046210 
0.422522 0.980331 0.462022 
0.052412 0.010042 0.491768 
0.021849 0.021849 0.021849 0.934452 
0.250000 0.250000 0.250000 0.250000 
 135
0.525066 0.009626 0.046210 
0.422522 0.980331 0.462022 
0.052412 0.010042 0.491768 
0.021849 0.021849 0.934452 0.021849 
0.250000 0.250000 0.250000 0.250000 
 136
0.525066 0.009626 0.046210 
0.422522 0.980331 0.462022 
0.052412 0.010042 0.491768 
0.021849 0.021849 0.707458 0.248843 
0.250000 0.250000 0.250000 0.250000 
 137
0.525066 0.009626 0.046210 
0.422522 0.980331 0.462022 
0.052412 0.010042 0.491768 
0.934452 0.021849 0.021849 0.021849 
0.250000 0.250000 0.250000 0.250000 
 138
0.525066 0.009626 0.046210 
0.422522 0.980331 0.462022 
0.052412 0.010042 0.491768 
0.108700 0.847601 0.021849 0.021849 
0.250000 0.250000 0.250000 0.250000 
 139
0.525066 0.009626 0.046210 
0.422522 0.980331 0.462022 
0.052412 0.010042 0.491768 
0.021849 0.021849 0.121497 0.834805 
0.250000 0.250000 0.250000 0.250000 
 140
0.525066 0.009626 0.046210 
0.422522 0.980331 0.462022 
0.052412 0.010042 0.491768 
0.036904 0.021849 0.033478 0.907768 
0.250000 0.250000 0.250000 0.250000 
 141
0.525066 0.009626 0.046210 
0.422522 0.980331 0.462022 
0.052412 0.010042 0.491768 
0.021849 0.021849 0.021849 0.934452 
0.250000 0.250000 0.250000 0.250000 
 142
0.525066 0.009626 0.046210 
0.422522 0.980331 0.462022 
0.052412 0.010042 0.491768 
0.021849 0.021849 0.809822 0.146479 
0.250000 0.250000 0.250000 0.250000 
 143
0.525066 0.009626 0.046210 
0.422522 0.980331 0.462022 
0.052412 0.010042 0.491768 
0.934452 0.021849 0.021849 0.021849 
0.250000 0.250000 0.250000 0.250000 
 144
0.525066 0.009626 0.046210 
0.422522 0.980331 0.462022 
0.052412 0.010042 0.491768 
0.021849 0.021849 0.934452 0.021849 
0.250000 0.250000 0.250000 0.250000 
 145
0.525066 0.009626 0.046210 
0.422522 0.980331 0.462022 
0.052412 0.010042 0.491768 
0.021849 0.021849 0.215105 0.741197 
0.250000 0.250000 0.250000 0.250000 
 146
0.525066 0.009626 0.046210 
0.422522 0.980331 0.462022 
0.052412 0.010042 0.491768 
0.021849 0.021849 0.922767 0.033534 
0.250000 0.250000 0.250000 0.250000 
 147
0.525066 0.009626 0.046210 
0.422522 0.980331 0.462022 
0.052412 0.010042 0.491768 
0.021849 0.021849 0.934452 0.021849 
0.250000 0.250000 0.250000 0.250000 
 148
0.525066 0.009626 0.046210 
0.422522 0.980331 0.462022 
0.052412 0.010042 0.491768 
0.794383 0.161918 0.021849 0.021849 
0.250000 0.250000 0.250000 0.250000 
 149
0.525066 0.009626 0.046210 
0.422522 0.980331 0.462022 
0.052412 0.010042 0.491768 
0.021849 0.021849 0.021849 0.934452 
0.250000 0.250000 0.250000 0.250000 
 150
0.525066 0.009626 0.046210 
0.422522 0.980331 0.462022 
0.052412 0.010042 0.491768 
0.021849 0.021849 0.021849 0.934452 
0.250000 0.250000 0.250000 0.250000 
 151
0.525066 0.009626 0.046210 
0.422522 0.980331 0.462022 
0.052412 0.010042 0.491768 
0.158371 0.021849 0.021849 0.797930 
0.250000 0.250000 0.250000 0.250000 
 152
0.525066 0.009626 0.046210 
0.422522 0.980331 0.462022 
0.052412 0.010042 0.491768 
0.934452 0.021849 0.021849 0.021849 
0.250000 0.250000 0.250000 0.250000 
 153
0.525066 0.009626 0.046210 
0.422522 0.980331 0.462022 
0.052412 0.010042 0.491768 
0.021849 0.021849 0.021849 0.934452 
0.250000 0.250000 0.250000 0.250000 
 154
0.525066 0.009626 0.046210 
0.422522 0.980331 0.462022 
0.052412 0.010042 0.491768 
0.021849 0.021849 0.194674 0.761628 
0.250000 0.250000 0.250000 0.250000 
 155
0.525066 0.009626 0.046210 
0.422522 0.980331 0.462022 
0.052412 0.010042 0.491768 
0.021849 0.021849 0.033484 0.922818 
0.250000 0.250000 0.250000 0.250000 
 156
0.525066 0.009626 0.046210 
0.422522 0.980331 0.462022 
0.052412 0.010042 0.491768 
0.021849 0.021849 0.021849 0.934452 
0.250000 0.250000 0.250000 0.250000 
 157
0.525066 0.009626 0.046210 
0.422522 0.980331 0.462022 
0.052412 0.010042 0.491768 
0.021849 0.934452 0.021849 0.021849 
0.250000 0.250000 0.250000 0.250000 
 158
0.525066 0.009626 0.046210 
0.422522 0.980331 0.462022 
0.052412 0.010042 0.491768 
0.021849 0.021849 0.934452 0.021849 
0.250000 0.250000 0.250000 0.250000 
 159
0.525066 0.009626 0.046210 
0.422522 0.980331 0.462022 
0.052412 0.010042 0.491768 
0.021849 0.021849 0.021849 0.934452 
0.250000 0.250000 0.250000 0.250000 
 160
0.525066 0.009626 0.046210 
0.422522 0.980331 0.462022 
0.052412 0.010042 0.491768 
0.021849 0.021849 0.934452 0.021849 
0.250000 0.250000 0.250000 0.250000 
 161
0.525066 0.009626 0.046210 
0.422522 0.980331 0.462022 
0.052412 0.010042 0.491768 
0.021849 0.021849 0.913616 0.042685 
0.250000 0.250000 0.250000 0.250000 
 162
0.525066 0.009626 0.046210 
0.422522 0.980331 0.462022 
0.052412 0.010042 0.491768 
0.021849 0.021849 0.021849 0.934452 
0.250000 0.250000 0.250000 0.250000 
 163
0.525066 0.009626 0.046210 
0.422522 0.980331 0.462022 
0.052412 0.010042 0.491768 
0.021849 0.021849 0.032654 0.923648 
0.250000 0.250000 0.250000 0.250000 
 164
0.525066 0.009626 0.046210 
0.422522 0.980331 0.462022 
0.052412 0.010042 0.491768 
0.021849 0.021849 0.021849 0.934452 
0.250000 0.250000 0.250000 0.250000 
 165
0.525066 0.009626 0.046210 
0.422522 0.980331 0.462022 
0.052412 0.010042 0.491768 
0.021849 0.021849 0.934452 0.021849 
0.250000 0.250000 0.250000 0.250000 
 166
0.525066 0.009626 0.046210 
0.422522 0.980331 0.462022 
0.052412 0.010042 0.491768 
0.021849 0.021849 0.173426 0.782875 
0.250000 0.250000 0.250000 0.250000 
 167
0.525066 0.009626 0.046210 
0.422522 0.980331 0.462022 
0.052412 0.010042 0.491768 
0.934452 0.021849 0.021849 0.021849 
0.250000 0.250000 0.250000 0.250000 
 168
0.525066 0.009626 0.046210 
0.422522 0.980331 0.462022 
0.052412 0.010042 0.491768 
0.204768 0.751533 0.021849 0.021849 
0.250000 0.250000 0.250000 0.250000 
 169
0.525066 0.009626 0.046210 
0.422522 0.980331 0.462022 
0.052412 0.010042 0.491768 
0.021849 0.021849 0.188111 0.768190 
0.250000 0.250000 0.250000 0.250000 
 170
0.525066 0.009626 0.046210 
0.422522 0.980331 0.462022 
0.052412 0.010042 0.491768 
0.021849 0.021849 0.021849 0.934452 
0.250000 0.250000 0.250000 0.250000 
 171
0.525066 0.009626 0.046210 
0.422522 0.980331 0.462022 
0.052412 0.010042 0.491768 
0.021849 0.021849 0.021849 0.934452 
0.250000 0.250000 0.250000 0.250000 
 172
0.525066 0.009626 0.046210 
0.422522 0.980331 0.462022 
0.052412 0.010042 0.491768 
0.782875 0.173426 0.021849 0.021849 
0.250000 0.250000 0.250000 0.250000 
 173
0.525066 0.009626 0.046210 
0.422522 0.980331 0.462022 
0.052412 0.010042 0.491768 
0.021849 0.934452 0.021849 0.021849 
0.250000 0.250000 0.250000 0.250000 
 174
0.525066 0.009626 0.046210 
0.422522 0.980331 0.462022 
0.052412 0.010042 0.491768 
0.021849 0.021849 0.934452 0.021849 
0.250000 0.250000 0.250000 0.250000 
 175
0.525066 0.009626 0.046210 
0.422522 0.980331 0.462022 
0.052412 0.010042 0.491768 
0.021849 0.021849 0.321024 0.635278 
0.250000 0.250000 0.250000 0.250000 
 176
0.525066 0.009626 0.046210 
0.422522 0.980331 0.462022 
0.052412 0.010042 0.491768 
0.021849 0.021849 0.021849 0.934452 
0.250000 0.250000 0.250000 0.250000 
 177
0.525066 0.009626 0.046210 
0.422522 0.980331 0.462022 
0.052412 0.010042 0.491768 
0.021849 0.021849 0.934452 0.021849 
0.250000 0.250000 0.250000 0.250000 
 178
0.506027 0.009626 0.046210 
0.441562 0.980331 0.462022 
0.053429 0.010011 0.491768 
0.021694 0.021694 0.780314 0.176298 
0.250000 0.250000 0.250000 0.250000 
 179
0.515848 0.009597 0.046210 
0.430723 0.980392 0.462022 
0.053429 0.010011 0.491768 
0.021694 0.021694 0.021694 0.934918 
0.250000 0.250000 0.250000 0.250000 
 180
0.515848 0.009597 0.046210 
0.430723 0.980392 0.462022 
0.053429 0.010011 0.491768 
0.021694 0.021694 0.934918 0.021694 
0.250000 0.250000 0.250000 0.250000 
 181
0.515848 0.009597 0.046210 
0.430723 0.980392 0.462022 
0.053429 0.010011 0.491768 
0.021694 0.021694 0.147010 0.809602 
0.250000 0.250000 0.250000 0.250000 
 182
0.515848 0.009597 0.046210 
0.430723 0.980392 0.462022 
0.053429 0.010011 0.491768 
0.021694 0.021694 0.021694 0.934918 
0.250000 0.250000 0.250000 0.250000 
 183
0.515848 0.009597 0.046210 
0.430723 0.980392 0.462022 
0.053429 0.010011 0.491768 
0.021694 0.021694 0.934918 0.021694 
0.250000 0.250000 0.250000 0.250000 
 184
0.515848 0.009597 0.046210 
0.430723 0.980392 0.462022 
0.053429 0.010011 0.491768 
0.934918 0.021694 0.021694 0.021694 
0.250000 0.250000 0.250000 0.250000 
 185
0.515848 0.009597 0.046210 
0.430723 0.980392 0.462022 
0.053429 0.010011 0.491768 
0.021694 0.021694 0.021694 0.934918 
0.250000 0.250000 0.250000 0.250000 
 186
0.515848 0.009597 0.046210 
0.430723 0.980392 0.462022 
0.053429 0.010011 0.491768 
0.934918 0.021694 0.021694 0.021694 
0.250000 0.250000 0.250000 0.250000 
 187
0.515848 0.009597 0.046210 
0.430723 0.980392 0.462022 
0.053429 0.010011 0.491768 
0.046454 0.021694 0.463749 0.468103 
0.250000 0.250000 0.250000 0.250000 
 188
0.515848 0.009597 0.046210 
0.430723 0.980392 0.462022 
0.053429 0.010011 0.491768 
0.021694 0.021694 0.021694 0.934918 
0.250000 0.250000 0.250000 0.250000 
 189
0.515848 0.009597 0.046210 
0.430723 0.980392 0.462022 
0.053429 0.010011 0.491768 
0.021694 0.021694 0.934918 0.021694 
0.250000 0.250000 0.250000 0.250000 
 190
0.515848 0.009597 0.046210 
0.430723 0.980392 0.462022 
0.053429 0.010011 0.491768 
0.021694 0.021694 0.810919 0.145693 
0.250000 0.250000 0.250000 0.250000 
 191
0.515848 0.009597 0.046210 
0.430723 0.980392 0.462022 
0.053429 0.010011 0.491768 
0.021694 0.021694 0.021694 0.934918 
0.250000 0.250000 0.250000 0.250000 
 192
0.515848 0.009597 0.046210 
0.430723 0.980392 0.462022 
0.053429 0.010011 0.491768 
0.021694 0.021694 0.021694 0.934918 
0.250000 0.250000 0.250000 0.250000 
 193
0.515848 0.009597 0.046210 
0.430723 0.980392 0.462022 
0.053429 0.010011 0.491768 
0.904417 0.052196 0.021694 0.021694 
0.250000 0.250000 0.250000 0.250000 
 194
0.515848 0.009597 0.046210 
0.430723 0.980392 0.462022 
0.053429 0.010011 0.491768 
0.021694 0.021694 0.032909 0.923704 
0.250000 0.250000 0.250000 0.250000 
 195
0.515848 0.009597 0.046210 
0.430723 0.980392 0.462022 
0.053429 0.010011 0.491768 
0.021694 0.934918 0.021694 0.021694 
0.250000 0.250000 0.250000 0.250000 
 196
0.515848 0.009597 0.046210 
0.430723 0.980392 0.462022 
0.053429 0.010011 0.491768 
0.486718 0.469894 0.021694 0.021694 
0.250000 0.250000 0.250000 0.250000 
 197
0.515848 0.009597 0.046210 
0.430723 0.980392 0.462022 
0.053429 0.010011 0.491768 
0.021694 0.021694 0.021694 0.934918 
0.250000 0.250000 0.250000 0.250000 
 198
0.515848 0.009597 0.046210 
0.430723 0.980392 0.462022 
0.053429 0.010011 0.491768 
0.021694 0.021694 0.307232 0.649381 
0.250000 0.250000 0.250000 0.250000 
 199
0.515848 0.009597 0.046210 
0.430723 0.980392 0.462022 
0.053429 0.010011 0.491768 
0.190668 0.765945 0.021694 0.021694 
0.250000 0.250000 0.250000 0.250000 
 200
0.515848 0.009597 0.046210 
0.430723 0.980392 0.462022 
0.053429 0.010011 0.491768 
0.021694 0.021694 0.021694 0.934918 
0.250000 0.250000 0.250000 0.250000 
 201
0.515848 0.009597 0.046210 
0.430723 0.980392 0.462022 
0.053429 0.010011 0.491768 
0.934918 0.021694 0.021694 0.021694 
0.250000 0.250000 0.250000 0.250000 
 202
0.515848 0.009597 0.046210 
0.430723 0.980392 0.462022 
0.053429 0.010011 0.491768 
0.934918 0.021694 0.021694 0.021694 
0.250000 0.250000 0.250000 0.250000 
 203
0.515848 0.009597 0.046210 
0.430723 0.980392 0.462022 
0.053429 0.010011 0.491768 
0.021694 0.934918 0.021694 0.021694 
0.250000 0.250000 0.250000 0.250000 
 204
0.515848 0.009597 0.046210 
0.430723 0.980392 0.462022 
0.053429 0.010011 0.491768 
0.021694 0.021694 0.021694 0.934918 
0.250000 0.250000 0.250000 0.250000 
 205
0.515848 0.009597 0.046210 
0.430723 0.980392 0.462022 
0.053429 0.010011 0.491768 
0.021694 0.021694 0.883791 0.072821 
0.250000 0.250000 0.250000 0.250000 
 206
0.515848 0.009597 0.046210 
0.430723 0.980392 0.462022 
0.053429 0.010011 0.491768 
0.021694 0.021694 0.934918 0.021694 
0.250000 0.250000 0.250000 0.250000 
 207
0.515848 0.009597 0.046210 
0.430723 0.980392 0.462022 
0.053429 0.010011 0.491768 
0.021694 0.021694 0.934918 0.021694 
0.250000 0.250000 0.250000 0.250000 
 208
0.515848 0.009597 0.046210 
0.430723 0.980392 0.462022 
0.053429 0.010011 0.491768 
0.867319 0.089293 0.021694 0.021694 
0.250000 0.250000 0.250000 0.250000 
 209
0.515848 0.009597 0.046210 
0.430723 0.980392 0.462022 
0.053429 0.010011 0.491768 
0.021694 0.021694 0.021694 0.934918 
0.250000 0.250000 0.250000 0.250000 
 210
0.515848 0.009597 0.046210 
0.430723 0.980392 0.462022 
0.053429 0.010011 0.491768 
0.021694 0.021694 0.021694 0.934918 
0.250000 0.250000 0.250000 0.250000 
 211
0.515848 0.009597 0.046210 
0.430723 0.980392 0.462022 
0.053429 0.010011 0.491768 
0.021694 0.021694 0.934918 0.021694 
0.250000 0.250000 0.250000 0.250000 
 212
0.515848 0.009597 0.046210 
0.430723 0.980392 0.462022 
0.053429 0.010011 0.491768 
0.021694 0.021694 0.021694 0.934918 
0.250000 0.250000 0.250000 0.250000 
 213
0.515848 0.009597 0.046210 
0.430723 0.980392 0.462022 
0.053429 0.010011 0.491768 
0.021694 0.021694 0.021694 0.934918 
0.250000 0.250000 0.250000 0.250000 
 214
0.515848 0.009597 0.046210 
0.430723 0.980392 0.462022 
0.053429 0.010011 0.491768 
0.021694 0.021694 0.021694 0.934918 
0.250000 0.250000 0.250000 0.250000 
 215
0.515848 0.009597 0.046210 
0.430723 0.980392 0.462022 
0.053429 0.010011 0.491768 
0.934918 0.021694 0.021694 0.021694 
0.250000 0.250000 0.250000 0.250000 
 216
0.515848 0.009597 0.046210 
0.430723 0.980392 0.462022 
0.053429 0.010011 0.491768 
0.021694 0.021694 0.021694 0.934918 
0.250000 0.250000 0.250000 0.250000 
 217
0.515848 0.009597 0.046210 
0.430723 0.980392 0.462022 
0.053429 0.010011 0.491768 
0.790251 0.166361 0.021694 0.021694 
0.250000 0.250000 0.250000 0.250000 
 218
0.515848 0.009597 0.046210 
0.430723 0.980392 0.462022 
0.053429 0.010011 0.491768 
0.021694 0.934918 0.021694 0.021694 
0.250000 0.250000 0.250000 0.250000 
 219
0.515848 0.009597 0.046210 
0.430723 0.980392 0.462022 
0.053429 0.010011 0.491768 
0.021694 0.021694 0.021694 0.934918 
0.250000 0.250000 0.250000 0.250000 
 220
0.515848 0.009597 0.046210 
0.430723 0.980392 0.462022 
0.053429 0.010011 0.491768 
0.021694 0.021694 0.226478 0.730134 
0.250000 0.250000 0.250000 0.250000 
 221
0.515848 0.009597 0.046210 
0.430723 0.980392 0.462022 
0.053429 0.010011 0.491768 
0.021694 0.021694 0.021694 0.934918 
0.250000 0.250000 0.250000 0.250000 
 222
0.515848 0.009597 0.046210 
0.430723 0.980392 0.462022 
0.053429 0.010011 0.491768 
0.021694 0.021694 0.934918 0.021694 
0.250000 0.250000 0.250000 0.250000 
 223
0.515848 0.009597 0.046210 
0.430723 0.980392 0.462022 
0.053429 0.010011 0.491768 
0.029910 0.021694 0.926703 0.021694 
0.250000 0.250000 0.250000 0.250000 
 224
0.515848 0.009597 0.046210 
0.430723 0.980392 0.462022 
0.053429 0.010011 0.491768 
0.934918 0.021694 0.021694 0.021694 
0.250000 0.250000 0.250000 0.250000 
 225
0.515848 0.009597 0.046210 
0.430723 0.980392 0.462022 
0.053429 0.010011 0.491768 
0.021694 0.021694 0.021694 0.934918 
0.250000 0.250000 0.250000 0.250000 
 226
0.515848 0.009597 0.046210 
0.430723 0.980392 0.462022 
0.053429 0.010011 0.491768 
0.759512 0.197100 0.021694 0.021694 
0.250000 0.250000 0.250000 0.250000 
 227
0.515848 0.009597 0.046210 
0.430723 0.980392 0.462022 
0.053429 0.010011 0.491768 
0.021694 0.021694 0.934918 0.021694 
0.250000 0.250000 0.250000 0.250000 
 228
0.515848 0.009597 0.046210 
0.430723 0.980392 0.462022 
0.053429 0.010011 0.491768 
0.934918 0.021694 0.021694 0.021694 
0.250000 0.250000 0.250000 0.250000 
 229
0.515848 0.009597 0.046210 
0.430723 0.980392 0.462022 
0.053429 0.010011 0.491768 
0.021694 0.021694 0.625095 0.331517 
0.250000 0.250000 0.250000 0.250000 
 230
0.515848 0.009597 0.046210 
0.430723 0.980392 0.462022 
0.053429 0.010011 0.491768 
0.021694 0.021694 0.030811 0.925801 
0.250000 0.250000 0.250000 0.250000 
 231
0.515848 0.009597 0.046210 
0.430723 0.980392 0.462022 
0.053429 0.010011 0.491768 
0.021694 0.021694 0.922778 0.033835 
0.250000 0.250000 0.250000 0.250000 
 232
0.515848 0.009597 0.046210 
0.430723 0.980392 0.462022 
0.053429 0.010011 0.491768 
0.784421 0.172192 0.021694 0.021694 
0.250000 0.250000 0.250000 0.250000 
 233
0.515848 0.009597 0.046210 
0.430723 0.980392 0.462022 
0.053429 0.010011 0.491768 
0.021694 0.021694 0.021694 0.934918 
0.250000 0.250000 0.250000 0.250000 
 234
0.515848 0.009597 0.046210 
0.430723 0.980392 0.462022 
0.053429 0.010011 0.491768 
0.021694 0.021694 0.033447 0.923165 
0.250000 0.250000 0.250000 0.250000 
 235
0.515848 0.009597 0.046210 
0.430723 0.980392 0.462022 
0.053429 0.010011 0.491768 
0.171360 0.785252 0.021694 0.021694 
0.250000 0.250000 0.250000 0.250000 
 236
0.515848 0.009597 0.046210 
0.430723 0.980392 0.462022 
0.053429 0.010011 0.491768 
