%  SAM: modelfromalign v3.5 (July 15, 2005) compiled 03/03/09_11:47:37
%  (c) 1992-2001 Regents of the University of California, Santa Cruz
%
%          Sequence Alignment and Modeling Software System
%         http://www.cse.ucsc.edu/research/compbio/sam.html
%
% ----------------- Citations (SAM, SAM-T2K, HMMs) --------------------
% R. Hughey, A. Krogh, Hidden Markov models for sequence analysis:
%  Extension and analysis of the basic method, CABIOS 12:95-107, 1996.
% K. Karplus, et al., What is the value added by human intervention in protein
%  structure prediction, Proteins: Stucture, Function, Genetics 45(S5):86--91, 2001.
% A. Krogh et al., Hidden Markov models in computational biology:
%  Applications to protein modeling, JMB 235:1501-1531, Feb 1994.
% ---------------------------------------------------------------------
%  A_MP_hmm   Host: m222714.cdc.gov    Wed May 21 18:10:50 2014
%  vfn4       Dir:  /Volumes/gf_atl_2012/Genotyping/IRMA/segments/MP
% ---------------------------------------------------------------------
%  Alignment weights from internal calc.  Total (93.53) Max (0.25) Min (0.01)
%  Weights from alignment method 1 (karplus), b=-1.000000, e=0.500000
MODEL --  Model from alignment file rev/A_MP.fasta
alphabet DNA
FREQAVE
0.000000 0.000000 0.000000 
0.000000 0.000000 0.000000 
0.000000 0.000000 0.000000 
0.236515 0.213779 0.265249 0.284457 
0.236515 0.213779 0.265249 0.284457 
Begin
0.000000 0.000000 0.000000 
0.000000 0.000000 0.000000 
0.000000 0.002427 0.491768 
0.250000 0.250000 0.250000 0.250000 
0.250000 0.250000 0.250000 0.250000 
   1
0.000000 0.004570 0.046210 
0.000000 0.993003 0.462022 
0.054028 0.002433 0.491768 
0.002652 0.002652 0.005403 0.989294 
0.250000 0.250000 0.250000 0.250000 
   2
0.501871 0.002332 0.046210 
0.444100 0.995235 0.462022 
0.054494 0.002432 0.491768 
0.002651 0.002651 0.003466 0.991233 
0.250000 0.250000 0.250000 0.250000 
   3
0.506198 0.002331 0.046210 
0.439308 0.995237 0.462022 
0.054494 0.002432 0.491768 
0.992048 0.002651 0.002651 0.002651 
0.250000 0.250000 0.250000 0.250000 
   4
0.506198 0.002331 0.046210 
0.439308 0.995237 0.462022 
0.054494 0.002432 0.491768 
0.003221 0.003494 0.978354 0.014932 
0.250000 0.250000 0.250000 0.250000 
   5
0.503865 0.002331 0.046210 
0.441641 0.995237 0.462022 
0.054621 0.002432 0.491768 
0.002980 0.005365 0.004915 0.986741 
0.250000 0.250000 0.250000 0.250000 
   6
0.505043 0.002383 0.046210 
0.440335 0.995185 0.462022 
0.054546 0.002432 0.491768 
0.003728 0.002650 0.965579 0.028043 
0.250000 0.250000 0.250000 0.250000 
   7
0.501487 0.002331 0.046210 
0.443967 0.995237 0.462022 
0.054778 0.002431 0.491768 
0.003995 0.002995 0.695036 0.297973 
0.250000 0.250000 0.250000 0.250000 
   8
0.503622 0.002331 0.046210 
0.441600 0.995238 0.462022 
0.054778 0.002431 0.491768 
0.985502 0.007123 0.003035 0.004340 
0.250000 0.250000 0.250000 0.250000 
   9
0.476112 0.002331 0.046210 
0.469110 0.995238 0.462022 
0.056328 0.002429 0.491768 
0.214152 0.776393 0.003976 0.005478 
0.250000 0.250000 0.250000 0.250000 
  10
0.489580 0.002328 0.046210 
0.454092 0.995243 0.462022 
0.056328 0.002429 0.491768 
0.004245 0.003291 0.895028 0.097435 
0.250000 0.250000 0.250000 0.250000 
  11
0.489580 0.002328 0.046210 
0.454092 0.995243 0.462022 
0.056328 0.002429 0.491768 
0.068882 0.009341 0.004973 0.916804 
0.250000 0.250000 0.250000 0.250000 
  12
0.489580 0.002328 0.046210 
0.454092 0.995243 0.462022 
0.056328 0.002429 0.491768 
0.003490 0.005515 0.985509 0.005486 
0.250000 0.250000 0.250000 0.250000 
  13
0.489580 0.002328 0.046210 
0.454092 0.995243 0.462022 
0.056328 0.002429 0.491768 
0.002647 0.003042 0.004209 0.990102 
0.250000 0.250000 0.250000 0.250000 
  14
0.489580 0.002328 0.046210 
0.454092 0.995243 0.462022 
0.056328 0.002429 0.491768 
0.990746 0.003227 0.003070 0.002958 
0.250000 0.250000 0.250000 0.250000 
  15
0.489580 0.002328 0.046210 
0.454092 0.995243 0.462022 
0.056328 0.002429 0.491768 
0.002647 0.003183 0.003910 0.990260 
0.250000 0.250000 0.250000 0.250000 
  16
0.489580 0.002328 0.046210 
0.454092 0.995243 0.462022 
0.056328 0.002429 0.491768 
0.004532 0.990175 0.002647 0.002647 
0.250000 0.250000 0.250000 0.250000 
  17
0.489580 0.002328 0.046210 
0.454092 0.995243 0.462022 
0.056328 0.002429 0.491768 
0.003722 0.003803 0.258604 0.733870 
0.250000 0.250000 0.250000 0.250000 
  18
0.489580 0.002328 0.046210 
0.454092 0.995243 0.462022 
0.056328 0.002429 0.491768 
0.004103 0.004831 0.003778 0.987288 
0.250000 0.250000 0.250000 0.250000 
  19
0.489580 0.002328 0.046210 
0.454092 0.995243 0.462022 
0.056328 0.002429 0.491768 
0.003904 0.988700 0.003397 0.003999 
0.250000 0.250000 0.250000 0.250000 
  20
0.489580 0.002328 0.046210 
0.454092 0.995243 0.462022 
0.056328 0.002429 0.491768 
0.987519 0.005329 0.003755 0.003397 
0.250000 0.250000 0.250000 0.250000 
  21
0.489580 0.002328 0.046210 
0.454092 0.995243 0.462022 
0.056328 0.002429 0.491768 
0.004490 0.003867 0.988683 0.002961 
0.250000 0.250000 0.250000 0.250000 
  22
0.489580 0.002328 0.046210 
0.454092 0.995243 0.462022 
0.056328 0.002429 0.491768 
0.987052 0.003580 0.003988 0.005380 
0.250000 0.250000 0.250000 0.250000 
  23
0.489580 0.002328 0.046210 
0.454092 0.995243 0.462022 
0.056328 0.002429 0.491768 
0.991118 0.003588 0.002647 0.002647 
0.250000 0.250000 0.250000 0.250000 
  24
0.485851 0.002328 0.046210 
0.457822 0.995243 0.462022 
0.056539 0.002429 0.491768 
0.992061 0.002646 0.002646 0.002646 
0.250000 0.250000 0.250000 0.250000 
  25
0.487670 0.002328 0.046210 
0.455792 0.995243 0.462022 
0.056539 0.002429 0.491768 
0.988134 0.003029 0.005349 0.003488 
0.250000 0.250000 0.250000 0.250000 
  26
0.487670 0.002328 0.046210 
0.455792 0.995243 0.462022 
0.056539 0.002429 0.491768 
0.003081 0.003949 0.004736 0.988233 
0.250000 0.250000 0.250000 0.250000 
  27
0.487670 0.002328 0.046210 
0.455792 0.995243 0.462022 
0.056539 0.002429 0.491768 
0.004398 0.989196 0.002646 0.003761 
0.250000 0.250000 0.250000 0.250000 
  28
0.486089 0.002328 0.046210 
0.457373 0.995243 0.462022 
0.056628 0.002428 0.491768 
0.986350 0.007956 0.002646 0.003048 
0.250000 0.250000 0.250000 0.250000 
  29
0.486858 0.002328 0.046210 
0.456513 0.995244 0.462022 
0.056628 0.002428 0.491768 
0.009319 0.003215 0.937402 0.050063 
0.250000 0.250000 0.250000 0.250000 
  30
0.486858 0.002328 0.046210 
0.456513 0.995244 0.462022 
0.056628 0.002428 0.491768 
0.004554 0.003251 0.798914 0.193280 
0.250000 0.250000 0.250000 0.250000 
  31
0.486858 0.002328 0.046210 
0.456513 0.995244 0.462022 
0.056628 0.002428 0.491768 
0.804643 0.184338 0.003489 0.007530 
0.250000 0.250000 0.250000 0.250000 
  32
0.486858 0.002328 0.046210 
0.456513 0.995244 0.462022 
0.056628 0.002428 0.491768 
0.003887 0.003268 0.010703 0.982142 
0.250000 0.250000 0.250000 0.250000 
  33
0.486858 0.002328 0.046210 
0.456513 0.995244 0.462022 
0.056628 0.002428 0.491768 
0.006164 0.004690 0.972203 0.016943 
0.250000 0.250000 0.250000 0.250000 
  34
0.486858 0.002328 0.046210 
0.456513 0.995244 0.462022 
0.056628 0.002428 0.491768 
0.003434 0.989699 0.003575 0.003292 
0.250000 0.250000 0.250000 0.250000 
  35
0.486858 0.002328 0.046210 
0.456513 0.995244 0.462022 
0.056628 0.002428 0.491768 
0.003087 0.002646 0.003796 0.990470 
0.250000 0.250000 0.250000 0.250000 
  36
0.486858 0.002328 0.046210 
0.456513 0.995244 0.462022 
0.056628 0.002428 0.491768 
0.003135 0.002646 0.991152 0.003068 
0.250000 0.250000 0.250000 0.250000 
  37
0.486858 0.002328 0.046210 
0.456513 0.995244 0.462022 
0.056628 0.002428 0.491768 
0.989077 0.004590 0.003687 0.002646 
0.250000 0.250000 0.250000 0.250000 
  38
0.486858 0.002328 0.046210 
0.456513 0.995244 0.462022 
0.056628 0.002428 0.491768 
0.730417 0.263383 0.002646 0.003554 
0.250000 0.250000 0.250000 0.250000 
  39
0.483537 0.002328 0.046210 
0.459834 0.995244 0.462022 
0.056817 0.002428 0.491768 
0.003813 0.002646 0.988831 0.004710 
0.250000 0.250000 0.250000 0.250000 
  40
0.485149 0.002328 0.046210 
0.458035 0.995244 0.462022 
0.056817 0.002428 0.491768 
0.989054 0.004441 0.003035 0.003469 
0.250000 0.250000 0.250000 0.250000 
  41
0.485149 0.002328 0.046210 
0.458035 0.995244 0.462022 
0.056817 0.002428 0.491768 
0.002646 0.002646 0.010619 0.984089 
0.250000 0.250000 0.250000 0.250000 
  42
0.483644 0.002328 0.046210 
0.459539 0.995244 0.462022 
0.056902 0.002428 0.491768 
0.002646 0.003753 0.984235 0.009366 
0.250000 0.250000 0.250000 0.250000 
  43
0.484373 0.002327 0.046210 
0.458725 0.995244 0.462022 
0.056902 0.002428 0.491768 
0.006999 0.003493 0.979146 0.010362 
0.250000 0.250000 0.250000 0.250000 
  44
0.484373 0.002327 0.046210 
0.458725 0.995244 0.462022 
0.056902 0.002428 0.491768 
0.985920 0.006009 0.004993 0.003078 
0.250000 0.250000 0.250000 0.250000 
  45
0.484373 0.002327 0.046210 
0.458725 0.995244 0.462022 
0.056902 0.002428 0.491768 
0.003717 0.002646 0.990229 0.003408 
0.250000 0.250000 0.250000 0.250000 
  46
0.484373 0.002327 0.046210 
0.458725 0.995244 0.462022 
0.056902 0.002428 0.491768 
0.987680 0.003780 0.004248 0.004292 
0.250000 0.250000 0.250000 0.250000 
  47
0.484373 0.002327 0.046210 
0.458725 0.995244 0.462022 
0.056902 0.002428 0.491768 
0.005118 0.988956 0.002969 0.002958 
0.250000 0.250000 0.250000 0.250000 
  48
0.484373 0.002327 0.046210 
0.458725 0.995244 0.462022 
0.056902 0.002428 0.491768 
0.003786 0.002646 0.990189 0.003379 
0.250000 0.250000 0.250000 0.250000 
  49
0.484373 0.002327 0.046210 
0.458725 0.995244 0.462022 
0.056902 0.002428 0.491768 
0.988818 0.004808 0.003415 0.002959 
0.250000 0.250000 0.250000 0.250000 
  50
0.484373 0.002327 0.046210 
0.458725 0.995244 0.462022 
0.056902 0.002428 0.491768 
0.004016 0.002646 0.631103 0.362235 
0.250000 0.250000 0.250000 0.250000 
  51
0.484373 0.002327 0.046210 
0.458725 0.995244 0.462022 
0.056902 0.002428 0.491768 
0.003051 0.002646 0.005722 0.988581 
0.250000 0.250000 0.250000 0.250000 
  52
0.484373 0.002327 0.046210 
0.458725 0.995244 0.462022 
0.056902 0.002428 0.491768 
0.005648 0.002968 0.983693 0.007692 
0.250000 0.250000 0.250000 0.250000 
  53
0.484373 0.002327 0.046210 
0.458725 0.995244 0.462022 
0.056902 0.002428 0.491768 
0.003126 0.004905 0.005113 0.986855 
0.250000 0.250000 0.250000 0.250000 
  54
0.484373 0.002327 0.046210 
0.458725 0.995244 0.462022 
0.056902 0.002428 0.491768 
0.002646 0.991451 0.002646 0.003258 
0.250000 0.250000 0.250000 0.250000 
  55
0.484373 0.002327 0.046210 
0.458725 0.995244 0.462022 
0.056902 0.002428 0.491768 
0.003040 0.002646 0.969863 0.024451 
0.250000 0.250000 0.250000 0.250000 
  56
0.484373 0.002327 0.046210 
0.458725 0.995244 0.462022 
0.056902 0.002428 0.491768 
0.003135 0.003473 0.006844 0.986548 
0.250000 0.250000 0.250000 0.250000 
  57
0.484373 0.002327 0.046210 
0.458725 0.995244 0.462022 
0.056902 0.002428 0.491768 
0.002646 0.991426 0.002646 0.003283 
0.250000 0.250000 0.250000 0.250000 
  58
0.484373 0.002327 0.046210 
0.458725 0.995244 0.462022 
0.056902 0.002428 0.491768 
0.003159 0.002646 0.047094 0.947101 
0.250000 0.250000 0.250000 0.250000 
  59
0.484373 0.002327 0.046210 
0.458725 0.995244 0.462022 
0.056902 0.002428 0.491768 
0.002648 0.002648 0.003308 0.991397 
0.250000 0.250000 0.250000 0.250000 
  60
0.484373 0.002327 0.046210 
0.458725 0.995244 0.462022 
0.056902 0.002428 0.491768 
0.002646 0.002646 0.923497 0.071212 
0.250000 0.250000 0.250000 0.250000 
  61
0.484373 0.002327 0.046210 
0.458725 0.995244 0.462022 
0.056902 0.002428 0.491768 
0.004895 0.002646 0.985375 0.007085 
0.250000 0.250000 0.250000 0.250000 
  62
0.484373 0.002327 0.046210 
0.458725 0.995244 0.462022 
0.056902 0.002428 0.491768 
0.004932 0.004086 0.003870 0.987112 
0.250000 0.250000 0.250000 0.250000 
  63
0.484373 0.002327 0.046210 
0.458725 0.995244 0.462022 
0.056902 0.002428 0.491768 
0.002646 0.731993 0.081984 0.183377 
0.250000 0.250000 0.250000 0.250000 
  64
0.484373 0.002327 0.046210 
0.458725 0.995244 0.462022 
0.056902 0.002428 0.491768 
0.003119 0.002646 0.521466 0.472769 
0.250000 0.250000 0.250000 0.250000 
  65
0.484373 0.002327 0.046210 
0.458725 0.995244 0.462022 
0.056902 0.002428 0.491768 
0.003288 0.003654 0.813983 0.179075 
0.250000 0.250000 0.250000 0.250000 
  66
0.484373 0.002327 0.046210 
0.458725 0.995244 0.462022 
0.056902 0.002428 0.491768 
0.004365 0.987860 0.003739 0.004036 
0.250000 0.250000 0.250000 0.250000 
  67
0.484373 0.002327 0.046210 
0.458725 0.995244 0.462022 
0.056902 0.002428 0.491768 
0.918735 0.075974 0.002646 0.002646 
0.250000 0.250000 0.250000 0.250000 
  68
0.484373 0.002327 0.046210 
0.458725 0.995244 0.462022 
0.056902 0.002428 0.491768 
0.003805 0.002646 0.003134 0.990416 
0.250000 0.250000 0.250000 0.250000 
  69
0.484373 0.002327 0.046210 
0.458725 0.995244 0.462022 
0.056902 0.002428 0.491768 
0.991349 0.002646 0.002646 0.003360 
0.250000 0.250000 0.250000 0.250000 
  70
0.484373 0.002327 0.046210 
0.458725 0.995244 0.462022 
0.056902 0.002428 0.491768 
0.005568 0.002646 0.245324 0.746462 
0.250000 0.250000 0.250000 0.250000 
  71
0.484373 0.002327 0.046210 
0.458725 0.995244 0.462022 
0.056902 0.002428 0.491768 
0.002646 0.002646 0.003386 0.991322 
0.250000 0.250000 0.250000 0.250000 
  72
0.484373 0.002327 0.046210 
0.458725 0.995244 0.462022 
0.056902 0.002428 0.491768 
0.002646 0.004234 0.989860 0.003260 
0.250000 0.250000 0.250000 0.250000 
  73
0.484373 0.002327 0.046210 
0.458725 0.995244 0.462022 
0.056902 0.002428 0.491768 
0.003374 0.002646 0.030077 0.963902 
0.250000 0.250000 0.250000 0.250000 
  74
0.484373 0.002327 0.046210 
0.458725 0.995244 0.462022 
0.056902 0.002428 0.491768 
0.003015 0.003352 0.003040 0.990592 
0.250000 0.250000 0.250000 0.250000 
  75
0.484373 0.002327 0.046210 
0.458725 0.995244 0.462022 
0.056902 0.002428 0.491768 
0.002646 0.002646 0.990519 0.004190 
0.250000 0.250000 0.250000 0.250000 
  76
0.484373 0.002327 0.046210 
0.458725 0.995244 0.462022 
0.056902 0.002428 0.491768 
0.002646 0.002646 0.990592 0.004116 
0.250000 0.250000 0.250000 0.250000 
  77
0.484373 0.002327 0.046210 
0.458725 0.995244 0.462022 
0.056902 0.002428 0.491768 
0.003948 0.002648 0.987788 0.005616 
0.250000 0.250000 0.250000 0.250000 
  78
0.484373 0.002327 0.046210 
0.458725 0.995244 0.462022 
0.056902 0.002428 0.491768 
0.002646 0.003042 0.003168 0.991144 
0.250000 0.250000 0.250000 0.250000 
  79
0.484373 0.002327 0.046210 
0.458725 0.995244 0.462022 
0.056902 0.002428 0.491768 
0.003134 0.002978 0.990519 0.003369 
0.250000 0.250000 0.250000 0.250000 
  80
0.484373 0.002327 0.046210 
0.458725 0.995244 0.462022 
0.056902 0.002428 0.491768 
0.991038 0.003670 0.002646 0.002646 
0.250000 0.250000 0.250000 0.250000 
  81
0.484373 0.002327 0.046210 
0.458725 0.995244 0.462022 
0.056902 0.002428 0.491768 
0.003379 0.003026 0.003208 0.990387 
0.250000 0.250000 0.250000 0.250000 
  82
0.484373 0.002327 0.046210 
0.458725 0.995244 0.462022 
0.056902 0.002428 0.491768 
0.750754 0.241542 0.003334 0.004371 
0.250000 0.250000 0.250000 0.250000 
  83
0.484373 0.002327 0.046210 
0.458725 0.995244 0.462022 
0.056902 0.002428 0.491768 
0.004792 0.989915 0.002646 0.002646 
0.250000 0.250000 0.250000 0.250000 
  84
0.484373 0.002327 0.046210 
0.458725 0.995244 0.462022 
0.056902 0.002428 0.491768 
0.991463 0.003246 0.002646 0.002646 
0.250000 0.250000 0.250000 0.250000 
  85
0.484373 0.002327 0.046210 
0.458725 0.995244 0.462022 
0.056902 0.002428 0.491768 
0.005852 0.002956 0.960237 0.030955 
0.250000 0.250000 0.250000 0.250000 
  86
0.484373 0.002327 0.046210 
0.458725 0.995244 0.462022 
0.056902 0.002428 0.491768 
0.003134 0.003456 0.003975 0.989436 
0.250000 0.250000 0.250000 0.250000 
  87
0.484373 0.002327 0.046210 
0.458725 0.995244 0.462022 
0.056902 0.002428 0.491768 
0.002646 0.002646 0.981140 0.013568 
0.250000 0.250000 0.250000 0.250000 
  88
0.484373 0.002327 0.046210 
0.458725 0.995244 0.462022 
0.056902 0.002428 0.491768 
0.829597 0.005744 0.078246 0.086413 
0.250000 0.250000 0.250000 0.250000 
  89
0.484373 0.002327 0.046210 
0.458725 0.995244 0.462022 
0.056902 0.002428 0.491768 
0.003388 0.989682 0.004284 0.002646 
0.250000 0.250000 0.250000 0.250000 
  90
0.484373 0.002327 0.046210 
0.458725 0.995244 0.462022 
0.056902 0.002428 0.491768 
0.002646 0.992063 0.002646 0.002646 
0.250000 0.250000 0.250000 0.250000 
  91
0.484373 0.002327 0.046210 
0.458725 0.995244 0.462022 
0.056902 0.002428 0.491768 
0.003157 0.003263 0.599605 0.393975 
0.250000 0.250000 0.250000 0.250000 
  92
0.484373 0.002327 0.046210 
0.458725 0.995244 0.462022 
0.056902 0.002428 0.491768 
0.986704 0.008005 0.002646 0.002646 
0.250000 0.250000 0.250000 0.250000 
  93
0.484373 0.002327 0.046210 
0.458725 0.995244 0.462022 
0.056902 0.002428 0.491768 
0.005631 0.002994 0.971842 0.019532 
0.250000 0.250000 0.250000 0.250000 
  94
0.484373 0.002327 0.046210 
0.458725 0.995244 0.462022 
0.056902 0.002428 0.491768 
0.005119 0.003632 0.117488 0.873760 
0.250000 0.250000 0.250000 0.250000 
  95
0.484373 0.002327 0.046210 
0.458725 0.995244 0.462022 
0.056902 0.002428 0.491768 
0.002646 0.002646 0.992063 0.002646 
0.250000 0.250000 0.250000 0.250000 
  96
0.484373 0.002327 0.046210 
0.458725 0.995244 0.462022 
0.056902 0.002428 0.491768 
0.002646 0.002646 0.988714 0.005994 
0.250000 0.250000 0.250000 0.250000 
  97
0.484373 0.002327 0.046210 
0.458725 0.995244 0.462022 
0.056902 0.002428 0.491768 
0.003151 0.002646 0.006187 0.988017 
0.250000 0.250000 0.250000 0.250000 
  98
0.484373 0.002327 0.046210 
0.458725 0.995244 0.462022 
0.056902 0.002428 0.491768 
0.002646 0.038916 0.006451 0.951988 
0.250000 0.250000 0.250000 0.250000 
  99
0.484373 0.002327 0.046210 
0.458725 0.995244 0.462022 
0.056902 0.002428 0.491768 
0.002646 0.002646 0.986904 0.007804 
0.250000 0.250000 0.250000 0.250000 
 100
0.484373 0.002327 0.046210 
0.458725 0.995244 0.462022 
0.056902 0.002428 0.491768 
0.002646 0.003458 0.983169 0.010727 
0.250000 0.250000 0.250000 0.250000 
 101
0.484373 0.002327 0.046210 
0.458725 0.995244 0.462022 
0.056902 0.002428 0.491768 
0.008816 0.982639 0.003044 0.005501 
0.250000 0.250000 0.250000 0.250000 
 102
0.482906 0.002327 0.046210 
0.460192 0.995244 0.462022 
0.056986 0.002428 0.491768 
0.003049 0.002646 0.004511 0.989794 
0.250000 0.250000 0.250000 0.250000 
 103
0.483615 0.002327 0.046210 
0.459399 0.995245 0.462022 
0.056986 0.002428 0.491768 
0.985111 0.007872 0.002956 0.004061 
0.250000 0.250000 0.250000 0.250000 
 104
0.483615 0.002327 0.046210 
0.459399 0.995245 0.462022 
0.056986 0.002428 0.491768 
0.007088 0.983464 0.003553 0.005894 
0.250000 0.250000 0.250000 0.250000 
 105
0.483615 0.002327 0.046210 
0.459399 0.995245 0.462022 
0.056986 0.002428 0.491768 
0.976033 0.003878 0.016897 0.003191 
0.250000 0.250000 0.250000 0.250000 
 106
0.483615 0.002327 0.046210 
0.459399 0.995245 0.462022 
0.056986 0.002428 0.491768 
0.987089 0.007177 0.003089 0.002645 
0.250000 0.250000 0.250000 0.250000 
 107
0.483615 0.002327 0.046210 
0.459399 0.995245 0.462022 
0.056986 0.002428 0.491768 
0.003043 0.990899 0.002645 0.003412 
0.250000 0.250000 0.250000 0.250000 
 108
0.483615 0.002327 0.046210 
0.459399 0.995245 0.462022 
0.056986 0.002428 0.491768 
0.003117 0.990694 0.003188 0.003002 
0.250000 0.250000 0.250000 0.250000 
 109
0.483615 0.002327 0.046210 
0.459399 0.995245 0.462022 
0.056986 0.002428 0.491768 
0.008391 0.126824 0.851183 0.013602 
0.250000 0.250000 0.250000 0.250000 
 110
0.483615 0.002327 0.046210 
0.459399 0.995245 0.462022 
0.056986 0.002428 0.491768 
0.003551 0.002646 0.991158 0.002646 
0.250000 0.250000 0.250000 0.250000 
 111
0.483615 0.002327 0.046210 
0.459399 0.995245 0.462022 
0.056986 0.002428 0.491768 
0.002645 0.002645 0.989386 0.005323 
0.250000 0.250000 0.250000 0.250000 
 112
0.483615 0.002327 0.046210 
0.459399 0.995245 0.462022 
0.056986 0.002428 0.491768 
0.003035 0.003102 0.013128 0.980736 
0.250000 0.250000 0.250000 0.250000 
 113
0.483615 0.002327 0.046210 
0.459399 0.995245 0.462022 
0.056986 0.002428 0.491768 
0.003456 0.002645 0.978532 0.015367 
0.250000 0.250000 0.250000 0.250000 
 114
0.483615 0.002327 0.046210 
0.459399 0.995245 0.462022 
0.056986 0.002428 0.491768 
0.003185 0.006756 0.020869 0.969190 
0.250000 0.250000 0.250000 0.250000 
 115
0.483615 0.002327 0.046210 
0.459399 0.995245 0.462022 
0.056986 0.002428 0.491768 
0.003294 0.002646 0.008053 0.986007 
0.250000 0.250000 0.250000 0.250000 
 116
0.483615 0.002327 0.046210 
0.459399 0.995245 0.462022 
0.056986 0.002428 0.491768 
0.002646 0.003047 0.003914 0.990393 
0.250000 0.250000 0.250000 0.250000 
 117
0.483615 0.002327 0.046210 
0.459399 0.995245 0.462022 
0.056986 0.002428 0.491768 
0.002645 0.035959 0.003979 0.957417 
0.250000 0.250000 0.250000 0.250000 
 118
0.483615 0.002327 0.046210 
0.459399 0.995245 0.462022 
0.056986 0.002428 0.491768 
0.120751 0.004685 0.786960 0.087604 
0.250000 0.250000 0.250000 0.250000 
 119
0.483615 0.002327 0.046210 
0.459399 0.995245 0.462022 
0.056986 0.002428 0.491768 
0.984528 0.004323 0.008504 0.002645 
0.250000 0.250000 0.250000 0.250000 
 120
0.483615 0.002327 0.046210 
0.459399 0.995245 0.462022 
0.056986 0.002428 0.491768 
0.740932 0.252205 0.003057 0.003806 
0.250000 0.250000 0.250000 0.250000 
 121
0.483615 0.002327 0.046210 
0.459399 0.995245 0.462022 
0.056986 0.002428 0.491768 
0.761255 0.163781 0.051406 0.023558 
0.250000 0.250000 0.250000 0.250000 
 122
0.483615 0.002327 0.046210 
0.459399 0.995245 0.462022 
0.056986 0.002428 0.491768 
0.004927 0.003085 0.986270 0.005717 
0.250000 0.250000 0.250000 0.250000 
 123
0.483615 0.002327 0.046210 
0.459399 0.995245 0.462022 
0.056986 0.002428 0.491768 
0.002645 0.004376 0.988048 0.004931 
0.250000 0.250000 0.250000 0.250000 
 124
0.483615 0.002327 0.046210 
0.459399 0.995245 0.462022 
0.056986 0.002428 0.491768 
0.009344 0.984679 0.002958 0.003020 
0.250000 0.250000 0.250000 0.250000 
 125
0.483615 0.002327 0.046210 
0.459399 0.995245 0.462022 
0.056986 0.002428 0.491768 
0.002645 0.002645 0.004058 0.990651 
0.250000 0.250000 0.250000 0.250000 
 126
0.483615 0.002327 0.046210 
0.459399 0.995245 0.462022 
0.056986 0.002428 0.491768 
0.725790 0.264129 0.003731 0.006349 
0.250000 0.250000 0.250000 0.250000 
 127
0.483615 0.002327 0.046210 
0.459399 0.995245 0.462022 
0.056986 0.002428 0.491768 
0.002645 0.004153 0.006643 0.986559 
0.250000 0.250000 0.250000 0.250000 
 128
0.483615 0.002327 0.046210 
0.459399 0.995245 0.462022 
0.056986 0.002428 0.491768 
0.003726 0.003110 0.016892 0.976272 
0.250000 0.250000 0.250000 0.250000 
 129
0.483615 0.002327 0.046210 
0.459399 0.995245 0.462022 
0.056986 0.002428 0.491768 
0.002645 0.003046 0.016017 0.978292 
0.250000 0.250000 0.250000 0.250000 
 130
0.483615 0.002327 0.046210 
0.459399 0.995245 0.462022 
0.056986 0.002428 0.491768 
0.819831 0.174482 0.002646 0.003041 
0.250000 0.250000 0.250000 0.250000 
 131
0.483615 0.002327 0.046210 
0.459399 0.995245 0.462022 
0.056986 0.002428 0.491768 
0.990503 0.003359 0.002645 0.003493 
0.250000 0.250000 0.250000 0.250000 
 132
0.483615 0.002327 0.046210 
0.459399 0.995245 0.462022 
0.056986 0.002428 0.491768 
0.589360 0.401824 0.003114 0.005702 
0.250000 0.250000 0.250000 0.250000 
 133
0.483615 0.002327 0.046210 
0.459399 0.995245 0.462022 
0.056986 0.002428 0.491768 
0.025714 0.961622 0.005445 0.007219 
0.250000 0.250000 0.250000 0.250000 
 134
0.483615 0.002327 0.046210 
0.459399 0.995245 0.462022 
0.056986 0.002428 0.491768 
0.263132 0.003637 0.708140 0.025091 
0.250000 0.250000 0.250000 0.250000 
 135
0.483615 0.002327 0.046210 
0.459399 0.995245 0.462022 
0.056986 0.002428 0.491768 
0.024178 0.893728 0.003675 0.078419 
0.250000 0.250000 0.250000 0.250000 
 136
0.483615 0.002327 0.046210 
0.459399 0.995245 0.462022 
0.056986 0.002428 0.491768 
0.810237 0.013970 0.004586 0.171207 
0.250000 0.250000 0.250000 0.250000 
 137
0.483615 0.002327 0.046210 
0.459399 0.995245 0.462022 
0.056986 0.002428 0.491768 
0.002645 0.002645 0.983068 0.011641 
0.250000 0.250000 0.250000 0.250000 
 138
0.483615 0.002327 0.046210 
0.459399 0.995245 0.462022 
0.056986 0.002428 0.491768 
0.003624 0.990690 0.003041 0.002646 
0.250000 0.250000 0.250000 0.250000 
 139
0.483615 0.002327 0.046210 
0.459399 0.995245 0.462022 
0.056986 0.002428 0.491768 
0.905201 0.089507 0.002646 0.002646 
0.250000 0.250000 0.250000 0.250000 
 140
0.483615 0.002327 0.046210 
0.459399 0.995245 0.462022 
0.056986 0.002428 0.491768 
0.003983 0.004153 0.006148 0.985716 
0.250000 0.250000 0.250000 0.250000 
 141
0.483615 0.002327 0.046210 
0.459399 0.995245 0.462022 
0.056986 0.002428 0.491768 
0.982243 0.011067 0.002645 0.004044 
0.250000 0.250000 0.250000 0.250000 
 142
0.483615 0.002327 0.046210 
0.459399 0.995245 0.462022 
0.056986 0.002428 0.491768 
0.812860 0.180130 0.002645 0.004364 
0.250000 0.250000 0.250000 0.250000 
 143
0.483615 0.002327 0.046210 
0.459399 0.995245 0.462022 
0.056986 0.002428 0.491768 
0.988130 0.005241 0.002964 0.003665 
0.250000 0.250000 0.250000 0.250000 
 144
0.483615 0.002327 0.046210 
0.459399 0.995245 0.462022 
0.056986 0.002428 0.491768 
0.002646 0.004070 0.127601 0.865683 
0.250000 0.250000 0.250000 0.250000 
 145
0.483615 0.002327 0.046210 
0.459399 0.995245 0.462022 
0.056986 0.002428 0.491768 
0.245110 0.749196 0.002646 0.003048 
0.250000 0.250000 0.250000 0.250000 
 146
0.483615 0.002327 0.046210 
0.459399 0.995245 0.462022 
0.056986 0.002428 0.491768 
0.023568 0.003018 0.966572 0.006842 
0.250000 0.250000 0.250000 0.250000 
 147
0.483615 0.002327 0.046210 
0.459399 0.995245 0.462022 
0.056986 0.002428 0.491768 
0.920841 0.002645 0.003041 0.073473 
0.250000 0.250000 0.250000 0.250000 
 148
0.483615 0.002327 0.046210 
0.459399 0.995245 0.462022 
0.056986 0.002428 0.491768 
0.002645 0.003106 0.003544 0.990704 
0.250000 0.250000 0.250000 0.250000 
 149
0.483615 0.002327 0.046210 
0.459399 0.995245 0.462022 
0.056986 0.002428 0.491768 
0.002645 0.002645 0.003391 0.991318 
0.250000 0.250000 0.250000 0.250000 
 150
0.483615 0.002327 0.046210 
0.459399 0.995245 0.462022 
0.056986 0.002428 0.491768 
0.002645 0.005349 0.003056 0.988949 
0.250000 0.250000 0.250000 0.250000 
 151
0.483615 0.002327 0.046210 
0.459399 0.995245 0.462022 
0.056986 0.002428 0.491768 
0.011357 0.981822 0.002645 0.004176 
0.250000 0.250000 0.250000 0.250000 
 152
0.483615 0.002327 0.046210 
0.459399 0.995245 0.462022 
0.056986 0.002428 0.491768 
0.915820 0.078497 0.002645 0.003038 
0.250000 0.250000 0.250000 0.250000 
 153
0.483615 0.002327 0.046210 
0.459399 0.995245 0.462022 
0.056986 0.002428 0.491768 
0.988334 0.006375 0.002645 0.002645 
0.250000 0.250000 0.250000 0.250000 
 154
0.483615 0.002327 0.046210 
0.459399 0.995245 0.462022 
0.056986 0.002428 0.491768 
0.530425 0.462016 0.003100 0.004459 
0.250000 0.250000 0.250000 0.250000 
 155
0.483615 0.002327 0.046210 
0.459399 0.995245 0.462022 
0.056986 0.002428 0.491768 
0.990241 0.003913 0.002645 0.003200 
0.250000 0.250000 0.250000 0.250000 
 156
0.483615 0.002327 0.046210 
0.459399 0.995245 0.462022 
0.056986 0.002428 0.491768 
0.988681 0.006028 0.002645 0.002645 
0.250000 0.250000 0.250000 0.250000 
 157
0.483615 0.002327 0.046210 
0.459399 0.995245 0.462022 
0.056986 0.002428 0.491768 
0.985128 0.009581 0.002645 0.002645 
0.250000 0.250000 0.250000 0.250000 
 158
0.483615 0.002327 0.046210 
0.459399 0.995245 0.462022 
0.056986 0.002428 0.491768 
0.990124 0.004586 0.002645 0.002645 
0.250000 0.250000 0.250000 0.250000 
 159
0.483615 0.002327 0.046210 
0.459399 0.995245 0.462022 
0.056986 0.002428 0.491768 
0.003081 0.990992 0.002645 0.003282 
0.250000 0.250000 0.250000 0.250000 
 160
0.483615 0.002327 0.046210 
0.459399 0.995245 0.462022 
0.056986 0.002428 0.491768 
0.867035 0.114128 0.016192 0.002645 
0.250000 0.250000 0.250000 0.250000 
 161
0.483615 0.002327 0.046210 
0.459399 0.995245 0.462022 
0.056986 0.002428 0.491768 
0.003064 0.002645 0.984082 0.010209 
0.250000 0.250000 0.250000 0.250000 
 162
0.483615 0.002327 0.046210 
0.459399 0.995245 0.462022 
0.056986 0.002428 0.491768 
0.003207 0.991502 0.002645 0.002645 
0.250000 0.250000 0.250000 0.250000 
 163
0.483615 0.002327 0.046210 
0.459399 0.995245 0.462022 
0.056986 0.002428 0.491768 
0.990334 0.003768 0.002645 0.003252 
0.250000 0.250000 0.250000 0.250000 
 164
0.483615 0.002327 0.046210 
0.459399 0.995245 0.462022 
0.056986 0.002428 0.491768 
0.003129 0.003082 0.002645 0.991144 
0.250000 0.250000 0.250000 0.250000 
 165
0.483615 0.002327 0.046210 
0.459399 0.995245 0.462022 
0.056986 0.002428 0.491768 
0.003529 0.002645 0.987209 0.006617 
0.250000 0.250000 0.250000 0.250000 
 166
0.483615 0.002327 0.046210 
0.459399 0.995245 0.462022 
0.056986 0.002428 0.491768 
0.987196 0.007035 0.003124 0.002645 
0.250000 0.250000 0.250000 0.250000 
 167
0.483615 0.002327 0.046210 
0.459399 0.995245 0.462022 
0.056986 0.002428 0.491768 
0.844944 0.149765 0.002645 0.002645 
0.250000 0.250000 0.250000 0.250000 
 168
0.483615 0.002327 0.046210 
0.459399 0.995245 0.462022 
0.056986 0.002428 0.491768 
0.014563 0.753143 0.005533 0.226760 
0.250000 0.250000 0.250000 0.250000 
 169
0.483615 0.002327 0.046210 
0.459399 0.995245 0.462022 
0.056986 0.002428 0.491768 
0.979425 0.012565 0.004482 0.003528 
0.250000 0.250000 0.250000 0.250000 
 170
0.483615 0.002327 0.046210 
0.459399 0.995245 0.462022 
0.056986 0.002428 0.491768 
0.990183 0.004526 0.002645 0.002645 
0.250000 0.250000 0.250000 0.250000 
 171
0.483615 0.002327 0.046210 
0.459399 0.995245 0.462022 
0.056986 0.002428 0.491768 
0.002645 0.002645 0.004020 0.990689 
0.250000 0.250000 0.250000 0.250000 
 172
0.483615 0.002327 0.046210 
0.459399 0.995245 0.462022 
0.056986 0.002428 0.491768 
0.003632 0.002645 0.991077 0.002645 
0.250000 0.250000 0.250000 0.250000 
 173
0.483615 0.002327 0.046210 
0.459399 0.995245 0.462022 
0.056986 0.002428 0.491768 
0.003228 0.002645 0.991482 0.002645 
0.250000 0.250000 0.250000 0.250000 
 174
0.483615 0.002327 0.046210 
0.459399 0.995245 0.462022 
0.056986 0.002428 0.491768 
0.989126 0.002646 0.004135 0.004094 
0.250000 0.250000 0.250000 0.250000 
 175
0.483615 0.002327 0.046210 
0.459399 0.995245 0.462022 
0.056986 0.002428 0.491768 
0.002646 0.003104 0.982565 0.011685 
0.250000 0.250000 0.250000 0.250000 
 176
0.483615 0.002327 0.046210 
0.459399 0.995245 0.462022 
0.056986 0.002428 0.491768 
0.988530 0.005442 0.003383 0.002645 
0.250000 0.250000 0.250000 0.250000 
 177
0.483615 0.002327 0.046210 
0.459399 0.995245 0.462022 
0.056986 0.002428 0.491768 
0.982853 0.011136 0.002645 0.003365 
0.250000 0.250000 0.250000 0.250000 
 178
0.483615 0.002327 0.046210 
0.459399 0.995245 0.462022 
0.056986 0.002428 0.491768 
0.003046 0.002645 0.004616 0.989693 
0.250000 0.250000 0.250000 0.250000 
 179
0.483615 0.002327 0.046210 
0.459399 0.995245 0.462022 
0.056986 0.002428 0.491768 
0.985734 0.007292 0.002646 0.004328 
0.250000 0.250000 0.250000 0.250000 
 180
0.483615 0.002327 0.046210 
0.459399 0.995245 0.462022 
0.056986 0.002428 0.491768 
0.003040 0.002645 0.008192 0.986122 
0.250000 0.250000 0.250000 0.250000 
 181
0.483615 0.002327 0.046210 
0.459399 0.995245 0.462022 
0.056986 0.002428 0.491768 
0.004448 0.002645 0.989238 0.003669 
0.250000 0.250000 0.250000 0.250000 
 182
0.483615 0.002327 0.046210 
0.459399 0.995245 0.462022 
0.056986 0.002428 0.491768 
0.992064 0.002645 0.002645 0.002645 
0.250000 0.250000 0.250000 0.250000 
 183
0.483615 0.002327 0.046210 
0.459399 0.995245 0.462022 
0.056986 0.002428 0.491768 
0.719813 0.274896 0.002645 0.002645 
0.250000 0.250000 0.250000 0.250000 
 184
0.483615 0.002327 0.046210 
0.459399 0.995245 0.462022 
0.056986 0.002428 0.491768 
0.002650 0.989490 0.002650 0.005211 
0.250000 0.250000 0.250000 0.250000 
 185
0.483615 0.002327 0.046210 
0.459399 0.995245 0.462022 
0.056986 0.002428 0.491768 
0.002645 0.003091 0.003296 0.990968 
0.250000 0.250000 0.250000 0.250000 
 186
0.483615 0.002327 0.046210 
0.459399 0.995245 0.462022 
0.056986 0.002428 0.491768 
0.003040 0.991260 0.003054 0.002645 
0.250000 0.250000 0.250000 0.250000 
 187
0.483615 0.002327 0.046210 
0.459399 0.995245 0.462022 
0.056986 0.002428 0.491768 
0.002645 0.002645 0.991484 0.003225 
0.250000 0.250000 0.250000 0.250000 
 188
0.483615 0.002327 0.046210 
0.459399 0.995245 0.462022 
0.056986 0.002428 0.491768 
0.990616 0.002645 0.004093 0.002645 
0.250000 0.250000 0.250000 0.250000 
 189
0.483615 0.002327 0.046210 
0.459399 0.995245 0.462022 
0.056986 0.002428 0.491768 
0.911959 0.006650 0.076719 0.004672 
0.250000 0.250000 0.250000 0.250000 
 190
0.483615 0.002327 0.046210 
0.459399 0.995245 0.462022 
0.056986 0.002428 0.491768 
0.163244 0.756461 0.003738 0.076557 
0.250000 0.250000 0.250000 0.250000 
 191
0.483615 0.002327 0.046210 
0.459399 0.995245 0.462022 
0.056986 0.002428 0.491768 
0.991124 0.003585 0.002646 0.002646 
0.250000 0.250000 0.250000 0.250000 
 192
0.483615 0.002327 0.046210 
0.459399 0.995245 0.462022 
0.056986 0.002428 0.491768 
0.002645 0.002645 0.007626 0.987084 
0.250000 0.250000 0.250000 0.250000 
 193
0.483615 0.002327 0.046210 
0.459399 0.995245 0.462022 
0.056986 0.002428 0.491768 
0.006091 0.002646 0.950067 0.041196 
0.250000 0.250000 0.250000 0.250000 
 194
0.483615 0.002327 0.046210 
0.459399 0.995245 0.462022 
0.056986 0.002428 0.491768 
0.003046 0.002645 0.990712 0.003597 
0.250000 0.250000 0.250000 0.250000 
 195
0.483615 0.002327 0.046210 
0.459399 0.995245 0.462022 
0.056986 0.002428 0.491768 
0.002645 0.002645 0.992064 0.002645 
0.250000 0.250000 0.250000 0.250000 
 196
0.483615 0.002327 0.046210 
0.459399 0.995245 0.462022 
0.056986 0.002428 0.491768 
0.985271 0.009437 0.002646 0.002646 
0.250000 0.250000 0.250000 0.250000 
 197
0.483615 0.002327 0.046210 
0.459399 0.995245 0.462022 
0.056986 0.002428 0.491768 
0.992063 0.002646 0.002646 0.002646 
0.250000 0.250000 0.250000 0.250000 
 198
0.483615 0.002327 0.046210 
0.459399 0.995245 0.462022 
0.056986 0.002428 0.491768 
0.002645 0.003281 0.010602 0.983471 
0.250000 0.250000 0.250000 0.250000 
 199
0.483615 0.002327 0.046210 
0.459399 0.995245 0.462022 
0.056986 0.002428 0.491768 
0.038914 0.883851 0.002645 0.074589 
0.250000 0.250000 0.250000 0.250000 
 200
0.483615 0.002327 0.046210 
0.459399 0.995245 0.462022 
0.056986 0.002428 0.491768 
0.991262 0.003448 0.002645 0.002645 
0.250000 0.250000 0.250000 0.250000 
 201
0.483615 0.002327 0.046210 
0.459399 0.995245 0.462022 
0.056986 0.002428 0.491768 
0.003898 0.002645 0.031951 0.961506 
0.250000 0.250000 0.250000 0.250000 
 202
0.483615 0.002327 0.046210 
0.459399 0.995245 0.462022 
0.056986 0.002428 0.491768 
0.859368 0.134820 0.002646 0.003166 
0.250000 0.250000 0.250000 0.250000 
 203
0.483615 0.002327 0.046210 
0.459399 0.995245 0.462022 
0.056986 0.002428 0.491768 
0.002646 0.002646 0.665924 0.328785 
0.250000 0.250000 0.250000 0.250000 
 204
0.483615 0.002327 0.046210 
0.459399 0.995245 0.462022 
0.056986 0.002428 0.491768 
0.002645 0.002645 0.004688 0.990021 
0.250000 0.250000 0.250000 0.250000 
 205
0.483615 0.002327 0.046210 
0.459399 0.995245 0.462022 
0.056986 0.002428 0.491768 
0.005578 0.004365 0.198022 0.792036 
0.250000 0.250000 0.250000 0.250000 
 206
0.483615 0.002327 0.046210 
0.459399 0.995245 0.462022 
0.056986 0.002428 0.491768 
0.003125 0.990292 0.002645 0.003938 
0.250000 0.250000 0.250000 0.250000 
 207
0.483615 0.002327 0.046210 
0.459399 0.995245 0.462022 
0.056986 0.002428 0.491768 
0.005137 0.002646 0.987060 0.005156 
0.250000 0.250000 0.250000 0.250000 
 208
0.483615 0.002327 0.046210 
0.459399 0.995245 0.462022 
0.056986 0.002428 0.491768 
0.072042 0.629104 0.003958 0.294896 
0.250000 0.250000 0.250000 0.250000 
 209
0.483615 0.002327 0.046210 
0.459399 0.995245 0.462022 
0.056986 0.002428 0.491768 
0.008298 0.984945 0.004112 0.002646 
0.250000 0.250000 0.250000 0.250000 
 210
0.483615 0.002327 0.046210 
0.459399 0.995245 0.462022 
0.056986 0.002428 0.491768 
0.003053 0.002646 0.988938 0.005363 
0.250000 0.250000 0.250000 0.250000 
 211
0.483615 0.002327 0.046210 
0.459399 0.995245 0.462022 
0.056986 0.002428 0.491768 
0.976820 0.012077 0.005348 0.005755 
0.250000 0.250000 0.250000 0.250000 
 212
0.483615 0.002327 0.046210 
0.459399 0.995245 0.462022 
0.056986 0.002428 0.491768 
0.914530 0.049376 0.003546 0.032549 
0.250000 0.250000 0.250000 0.250000 
 213
0.483615 0.002327 0.046210 
0.459399 0.995245 0.462022 
0.056986 0.002428 0.491768 
0.011948 0.009306 0.508358 0.470389 
0.250000 0.250000 0.250000 0.250000 
 214
0.483615 0.002327 0.046210 
0.459399 0.995245 0.462022 
0.056986 0.002428 0.491768 
0.793163 0.198641 0.003571 0.004625 
0.250000 0.250000 0.250000 0.250000 
 215
0.483615 0.002327 0.046210 
0.459399 0.995245 0.462022 
0.056986 0.002428 0.491768 
0.966171 0.024054 0.007129 0.002646 
0.250000 0.250000 0.250000 0.250000 
 216
0.483615 0.002327 0.046210 
0.459399 0.995245 0.462022 
0.056986 0.002428 0.491768 
0.005189 0.003024 0.900323 0.091464 
0.250000 0.250000 0.250000 0.250000 
 217
0.483615 0.002327 0.046210 
0.459399 0.995245 0.462022 
0.056986 0.002428 0.491768 
0.393129 0.599196 0.002645 0.005029 
0.250000 0.250000 0.250000 0.250000 
 218
0.483615 0.002327 0.046210 
0.459399 0.995245 0.462022 
0.056986 0.002428 0.491768 
0.992064 0.002645 0.002645 0.002645 
0.250000 0.250000 0.250000 0.250000 
 219
0.483615 0.002327 0.046210 
0.459399 0.995245 0.462022 
0.056986 0.002428 0.491768 
0.007987 0.966394 0.002645 0.022973 
0.250000 0.250000 0.250000 0.250000 
 220
0.483615 0.002327 0.046210 
0.459399 0.995245 0.462022 
0.056986 0.002428 0.491768 
0.827925 0.006083 0.162173 0.003818 
0.250000 0.250000 0.250000 0.250000 
 221
0.483615 0.002327 0.046210 
0.459399 0.995245 0.462022 
0.056986 0.002428 0.491768 
0.007555 0.985496 0.002645 0.004304 
0.250000 0.250000 0.250000 0.250000 
 222
0.483615 0.002327 0.046210 
0.459399 0.995245 0.462022 
0.056986 0.002428 0.491768 
0.004722 0.981226 0.009956 0.004096 
0.250000 0.250000 0.250000 0.250000 
 223
0.483615 0.002327 0.046210 
0.459399 0.995245 0.462022 
0.056986 0.002428 0.491768 
0.801479 0.190711 0.002646 0.005165 
0.250000 0.250000 0.250000 0.250000 
 224
0.483615 0.002327 0.046210 
0.459399 0.995245 0.462022 
0.056986 0.002428 0.491768 
0.002645 0.002645 0.002645 0.992064 
0.250000 0.250000 0.250000 0.250000 
 225
0.483615 0.002327 0.046210 
0.459399 0.995245 0.462022 
0.056986 0.002428 0.491768 
0.002645 0.002645 0.984502 0.010207 
0.250000 0.250000 0.250000 0.250000 
 226
0.483615 0.002327 0.046210 
0.459399 0.995245 0.462022 
0.056986 0.002428 0.491768 
0.992064 0.002645 0.002645 0.002645 
0.250000 0.250000 0.250000 0.250000 
 227
0.483615 0.002327 0.046210 
0.459399 0.995245 0.462022 
0.056986 0.002428 0.491768 
0.002645 0.002645 0.971705 0.023005 
0.250000 0.250000 0.250000 0.250000 
 228
0.483615 0.002327 0.046210 
0.459399 0.995245 0.462022 
0.056986 0.002428 0.491768 
0.003535 0.002645 0.007532 0.986288 
0.250000 0.250000 0.250000 0.250000 
 229
0.483615 0.002327 0.046210 
0.459399 0.995245 0.462022 
0.056986 0.002428 0.491768 
0.002645 0.003854 0.003430 0.990070 
0.250000 0.250000 0.250000 0.250000 
 230
0.483615 0.002327 0.046210 
0.459399 0.995245 0.462022 
0.056986 0.002428 0.491768 
0.006013 0.988696 0.002645 0.002645 
0.250000 0.250000 0.250000 0.250000 
 231
0.483615 0.002327 0.046210 
0.459399 0.995245 0.462022 
0.056986 0.002428 0.491768 
0.992064 0.002645 0.002645 0.002645 
0.250000 0.250000 0.250000 0.250000 
 232
0.483615 0.002327 0.046210 
0.459399 0.995245 0.462022 
0.056986 0.002428 0.491768 
0.989767 0.004942 0.002645 0.002645 
0.250000 0.250000 0.250000 0.250000 
 233
0.483615 0.002327 0.046210 
0.459399 0.995245 0.462022 
0.056986 0.002428 0.491768 
0.003563 0.002645 0.045550 0.948241 
0.250000 0.250000 0.250000 0.250000 
 234
0.483615 0.002327 0.046210 
0.459399 0.995245 0.462022 
0.056986 0.002428 0.491768 
0.002645 0.002645 0.992064 0.002645 
0.250000 0.250000 0.250000 0.250000 
 235
0.483615 0.002327 0.046210 
0.459399 0.995245 0.462022 
0.056986 0.002428 0.491768 
0.002645 0.987186 0.002645 0.007523 
0.250000 0.250000 0.250000 0.250000 
 236
0.483615 0.002327 0.046210 
0.459399 0.995245 0.462022 
0.056986 0.002428 0.491768 
