%  SAM: modelfromalign v3.5 (July 15, 2005) compiled 03/03/09_11:47:37
%  (c) 1992-2001 Regents of the University of California, Santa Cruz
%
%          Sequence Alignment and Modeling Software System
%         http://www.cse.ucsc.edu/research/compbio/sam.html
%
% ----------------- Citations (SAM, SAM-T2K, HMMs) --------------------
% R. Hughey, A. Krogh, Hidden Markov models for sequence analysis:
%  Extension and analysis of the basic method, CABIOS 12:95-107, 1996.
% K. Karplus, et al., What is the value added by human intervention in protein
%  structure prediction, Proteins: Stucture, Function, Genetics 45(S5):86--91, 2001.
% A. Krogh et al., Hidden Markov models in computational biology:
%  Applications to protein modeling, JMB 235:1501-1531, Feb 1994.
% ---------------------------------------------------------------------
%  A_NA_N1_hmm   Host: m222714.cdc.gov    Wed May 21 18:13:30 2014
%  vfn4          Dir:  /Volumes/gf_atl_2012/Genotyping/IRMA/segments/NA
% ---------------------------------------------------------------------
%  Alignment weights from internal calc.  Total (86.88) Max (0.33) Min (0.01)
%  Weights from alignment method 1 (karplus), b=-1.000000, e=0.500000
MODEL --  Model from alignment file rev/A_NA_N1.fasta
alphabet DNA
FREQAVE
0.000000 0.000000 0.000000 
0.000000 0.000000 0.000000 
0.000000 0.000000 0.000000 
0.263916 0.182408 0.240653 0.313023 
0.263916 0.182408 0.240653 0.313023 
Begin
0.000000 0.000000 0.000000 
0.000000 0.000000 0.000000 
0.000000 0.002584 0.491768 
0.250000 0.250000 0.250000 0.250000 
0.250000 0.250000 0.250000 0.250000 
   1
0.000000 0.002477 0.046210 
0.000000 0.994939 0.462022 
0.057405 0.002584 0.491768 
0.002845 0.002845 0.580232 0.414079 
0.250000 0.250000 0.250000 0.250000 
   2
0.479817 0.002477 0.046210 
0.462778 0.994939 0.462022 
0.057405 0.002584 0.491768 
0.002845 0.002845 0.004894 0.989417 
0.250000 0.250000 0.250000 0.250000 
   3
0.479817 0.002477 0.046210 
0.462778 0.994939 0.462022 
0.057405 0.002584 0.491768 
0.991466 0.002845 0.002845 0.002845 
0.250000 0.250000 0.250000 0.250000 
   4
0.479817 0.002477 0.046210 
0.462778 0.994939 0.462022 
0.057405 0.002584 0.491768 
0.003742 0.002845 0.978343 0.015069 
0.250000 0.250000 0.250000 0.250000 
   5
0.479817 0.002477 0.046210 
0.462778 0.994939 0.462022 
0.057405 0.002584 0.491768 
0.003311 0.002845 0.008169 0.985675 
0.250000 0.250000 0.250000 0.250000 
   6
0.479817 0.002477 0.046210 
0.462778 0.994939 0.462022 
0.057405 0.002584 0.491768 
0.002845 0.004357 0.002845 0.989953 
0.250000 0.250000 0.250000 0.250000 
   7
0.479817 0.002477 0.046210 
0.462778 0.994939 0.462022 
0.057405 0.002584 0.491768 
0.003245 0.989943 0.002845 0.003967 
0.250000 0.250000 0.250000 0.250000 
   8
0.479817 0.002477 0.046210 
0.462778 0.994939 0.462022 
0.057405 0.002584 0.491768 
0.002845 0.004825 0.003214 0.989116 
0.250000 0.250000 0.250000 0.250000 
   9
0.479817 0.002477 0.046210 
0.462778 0.994939 0.462022 
0.057405 0.002584 0.491768 
0.002845 0.002845 0.990337 0.003973 
0.250000 0.250000 0.250000 0.250000 
  10
0.479817 0.002477 0.046210 
0.462778 0.994939 0.462022 
0.057405 0.002584 0.491768 
0.970291 0.021004 0.004279 0.004426 
0.250000 0.250000 0.250000 0.250000 
  11
0.479817 0.002477 0.046210 
0.462778 0.994939 0.462022 
0.057405 0.002584 0.491768 
0.989965 0.003683 0.002846 0.003506 
0.250000 0.250000 0.250000 0.250000 
  12
0.479817 0.002477 0.046210 
0.462778 0.994939 0.462022 
0.057405 0.002584 0.491768 
0.003686 0.002845 0.006796 0.986674 
0.250000 0.250000 0.250000 0.250000 
  13
0.479817 0.002477 0.046210 
0.462778 0.994939 0.462022 
0.057405 0.002584 0.491768 
0.017804 0.973817 0.002845 0.005534 
0.250000 0.250000 0.250000 0.250000 
  14
0.479817 0.002477 0.046210 
0.462778 0.994939 0.462022 
0.057405 0.002584 0.491768 
0.009828 0.982482 0.003249 0.004441 
0.250000 0.250000 0.250000 0.250000 
  15
0.479817 0.002477 0.046210 
0.462778 0.994939 0.462022 
0.057405 0.002584 0.491768 
0.003503 0.007460 0.006550 0.982486 
0.250000 0.250000 0.250000 0.250000 
  16
0.479817 0.002477 0.046210 
0.462778 0.994939 0.462022 
0.057405 0.002584 0.491768 
0.339085 0.654170 0.003646 0.003100 
0.250000 0.250000 0.250000 0.250000 
  17
0.479817 0.002477 0.046210 
0.462778 0.994939 0.462022 
0.057405 0.002584 0.491768 
0.990209 0.003337 0.002845 0.003610 
0.250000 0.250000 0.250000 0.250000 
  18
0.479817 0.002477 0.046210 
0.462778 0.994939 0.462022 
0.057405 0.002584 0.491768 
0.990540 0.003771 0.002845 0.002845 
0.250000 0.250000 0.250000 0.250000 
  19
0.479817 0.002477 0.046210 
0.462778 0.994939 0.462022 
0.057405 0.002584 0.491768 
0.003824 0.007990 0.194516 0.793670 
0.250000 0.250000 0.250000 0.250000 
  20
0.479817 0.002477 0.046210 
0.462778 0.994939 0.462022 
0.057405 0.002584 0.491768 
0.002845 0.991466 0.002845 0.002845 
0.250000 0.250000 0.250000 0.250000 
  21
0.479817 0.002477 0.046210 
0.462778 0.994939 0.462022 
0.057405 0.002584 0.491768 
0.002845 0.990575 0.002845 0.003736 
0.250000 0.250000 0.250000 0.250000 
  22
0.479817 0.002477 0.046210 
0.462778 0.994939 0.462022 
0.057405 0.002584 0.491768 
0.003657 0.003312 0.989593 0.003438 
0.250000 0.250000 0.250000 0.250000 
  23
0.479817 0.002477 0.046210 
0.462778 0.994939 0.462022 
0.057405 0.002584 0.491768 
0.990625 0.003219 0.003312 0.002845 
0.250000 0.250000 0.250000 0.250000 
  24
0.479817 0.002477 0.046210 
0.462778 0.994939 0.462022 
0.057405 0.002584 0.491768 
0.869876 0.103247 0.022079 0.004798 
0.250000 0.250000 0.250000 0.250000 
  25
0.479817 0.002477 0.046210 
0.462778 0.994939 0.462022 
0.057405 0.002584 0.491768 
0.094990 0.004986 0.883299 0.016725 
0.250000 0.250000 0.250000 0.250000 
  26
0.479817 0.002477 0.046210 
0.462778 0.994939 0.462022 
0.057405 0.002584 0.491768 
0.003243 0.002845 0.003673 0.990239 
0.250000 0.250000 0.250000 0.250000 
  27
0.479817 0.002477 0.046210 
0.462778 0.994939 0.462022 
0.057405 0.002584 0.491768 
0.002845 0.002845 0.987836 0.006475 
0.250000 0.250000 0.250000 0.250000 
  28
0.479817 0.002477 0.046210 
0.462778 0.994939 0.462022 
0.057405 0.002584 0.491768 
0.971134 0.023177 0.002845 0.002845 
0.250000 0.250000 0.250000 0.250000 
  29
0.479817 0.002477 0.046210 
0.462778 0.994939 0.462022 
0.057405 0.002584 0.491768 
0.003168 0.990846 0.002845 0.003141 
0.250000 0.250000 0.250000 0.250000 
  30
0.479817 0.002477 0.046210 
0.462778 0.994939 0.462022 
0.057405 0.002584 0.491768 
0.003814 0.002845 0.990192 0.003150 
0.250000 0.250000 0.250000 0.250000 
  31
0.479817 0.002477 0.046210 
0.462778 0.994939 0.462022 
0.057405 0.002584 0.491768 
0.897220 0.006375 0.017521 0.078885 
0.250000 0.250000 0.250000 0.250000 
  32
0.479817 0.002477 0.046210 
0.462778 0.994939 0.462022 
0.057405 0.002584 0.491768 
0.002845 0.002845 0.989508 0.004803 
0.250000 0.250000 0.250000 0.250000 
  33
0.479817 0.002477 0.046210 
0.462778 0.994939 0.462022 
0.057405 0.002584 0.491768 
0.002845 0.005387 0.986979 0.004789 
0.250000 0.250000 0.250000 0.250000 
  34
0.479817 0.002477 0.046210 
0.462778 0.994939 0.462022 
0.057405 0.002584 0.491768 
0.009416 0.984894 0.002845 0.002845 
0.250000 0.250000 0.250000 0.250000 
  35
0.479817 0.002477 0.046210 
0.462778 0.994939 0.462022 
0.057405 0.002584 0.491768 
0.002845 0.002845 0.003823 0.990488 
0.250000 0.250000 0.250000 0.250000 
  36
0.479817 0.002477 0.046210 
0.462778 0.994939 0.462022 
0.057405 0.002584 0.491768 
0.002846 0.004566 0.989379 0.003210 
0.250000 0.250000 0.250000 0.250000 
  37
0.479817 0.002477 0.046210 
0.462778 0.994939 0.462022 
0.057405 0.002584 0.491768 
0.003203 0.003147 0.013575 0.980076 
0.250000 0.250000 0.250000 0.250000 
  38
0.479817 0.002477 0.046210 
0.462778 0.994939 0.462022 
0.057405 0.002584 0.491768 
0.002845 0.991466 0.002845 0.002845 
0.250000 0.250000 0.250000 0.250000 
  39
0.479817 0.002477 0.046210 
0.462778 0.994939 0.462022 
0.057405 0.002584 0.491768 
0.004597 0.987872 0.004686 0.002845 
0.250000 0.250000 0.250000 0.250000 
  40
0.479817 0.002477 0.046210 
0.462778 0.994939 0.462022 
0.057405 0.002584 0.491768 
0.004565 0.003404 0.989186 0.002845 
0.250000 0.250000 0.250000 0.250000 
  41
0.479817 0.002477 0.046210 
0.462778 0.994939 0.462022 
0.057405 0.002584 0.491768 
0.002845 0.002845 0.991466 0.002845 
0.250000 0.250000 0.250000 0.250000 
  42
0.479817 0.002477 0.046210 
0.462778 0.994939 0.462022 
0.057405 0.002584 0.491768 
0.989973 0.003778 0.003404 0.002845 
0.250000 0.250000 0.250000 0.250000 
  43
0.479817 0.002477 0.046210 
0.462778 0.994939 0.462022 
0.057405 0.002584 0.491768 
0.891109 0.006896 0.004690 0.097305 
0.250000 0.250000 0.250000 0.250000 
  44
0.479817 0.002477 0.046210 
0.462778 0.994939 0.462022 
0.057405 0.002584 0.491768 
0.003822 0.990488 0.002845 0.002845 
0.250000 0.250000 0.250000 0.250000 
  45
0.479817 0.002477 0.046210 
0.462778 0.994939 0.462022 
0.057405 0.002584 0.491768 
0.990858 0.002845 0.003453 0.002845 
0.250000 0.250000 0.250000 0.250000 
  46
0.479817 0.002477 0.046210 
0.462778 0.994939 0.462022 
0.057405 0.002584 0.491768 
0.002845 0.002845 0.991466 0.002845 
0.250000 0.250000 0.250000 0.250000 
  47
0.479817 0.002477 0.046210 
0.462778 0.994939 0.462022 
0.057405 0.002584 0.491768 
0.002845 0.002845 0.991466 0.002845 
0.250000 0.250000 0.250000 0.250000 
  48
0.479817 0.002477 0.046210 
0.462778 0.994939 0.462022 
0.057405 0.002584 0.491768 
0.990447 0.002845 0.002845 0.003863 
0.250000 0.250000 0.250000 0.250000 
  49
0.479817 0.002477 0.046210 
0.462778 0.994939 0.462022 
0.057405 0.002584 0.491768 
0.693082 0.299905 0.004168 0.002845 
0.250000 0.250000 0.250000 0.250000 
  50
0.479817 0.002477 0.046210 
0.462778 0.994939 0.462022 
0.057405 0.002584 0.491768 
0.003082 0.003107 0.773819 0.219992 
0.250000 0.250000 0.250000 0.250000 
  51
0.479817 0.002477 0.046210 
0.462778 0.994939 0.462022 
0.057405 0.002584 0.491768 
0.002845 0.002845 0.559115 0.435195 
0.250000 0.250000 0.250000 0.250000 
  52
0.479817 0.002477 0.046210 
0.462778 0.994939 0.462022 
0.057405 0.002584 0.491768 
0.050234 0.003653 0.613087 0.333026 
0.250000 0.250000 0.250000 0.250000 
  53
0.479817 0.002477 0.046210 
0.462778 0.994939 0.462022 
0.057405 0.002584 0.491768 
0.693464 0.300083 0.003608 0.002845 
0.250000 0.250000 0.250000 0.250000 
  54
0.479817 0.002477 0.046210 
0.462778 0.994939 0.462022 
0.057405 0.002584 0.491768 
0.002845 0.002845 0.979115 0.015195 
0.250000 0.250000 0.250000 0.250000 
  55
0.479817 0.002477 0.046210 
0.462778 0.994939 0.462022 
0.057405 0.002584 0.491768 
0.884630 0.072595 0.003176 0.039599 
0.250000 0.250000 0.250000 0.250000 
  56
0.479817 0.002477 0.046210 
0.462778 0.994939 0.462022 
0.057405 0.002584 0.491768 
0.032908 0.961109 0.002845 0.003139 
0.250000 0.250000 0.250000 0.250000 
  57
0.479817 0.002477 0.046210 
0.462778 0.994939 0.462022 
0.057405 0.002584 0.491768 
0.003173 0.002845 0.006150 0.987832 
0.250000 0.250000 0.250000 0.250000 
  58
0.479817 0.002477 0.046210 
0.462778 0.994939 0.462022 
0.057405 0.002584 0.491768 
0.219904 0.685265 0.006951 0.087880 
0.250000 0.250000 0.250000 0.250000 
  59
0.479817 0.002477 0.046210 
0.462778 0.994939 0.462022 
0.057405 0.002584 0.491768 
0.002845 0.006018 0.028338 0.962799 
0.250000 0.250000 0.250000 0.250000 
  60
0.479817 0.002477 0.046210 
0.462778 0.994939 0.462022 
0.057405 0.002584 0.491768 
0.002847 0.002847 0.979154 0.015153 
0.250000 0.250000 0.250000 0.250000 
  61
0.479817 0.002477 0.046210 
0.462778 0.994939 0.462022 
0.057405 0.002584 0.491768 
0.939271 0.054693 0.002845 0.003192 
0.250000 0.250000 0.250000 0.250000 
  62
0.479817 0.002477 0.046210 
0.462778 0.994939 0.462022 
0.057405 0.002584 0.491768 
0.002845 0.003165 0.990203 0.003787 
0.250000 0.250000 0.250000 0.250000 
  63
0.479817 0.002477 0.046210 
0.462778 0.994939 0.462022 
0.057405 0.002584 0.491768 
0.002845 0.003142 0.031175 0.962838 
0.250000 0.250000 0.250000 0.250000 
  64
0.479817 0.002477 0.046210 
0.462778 0.994939 0.462022 
0.057405 0.002584 0.491768 
0.607252 0.386764 0.002845 0.003139 
0.250000 0.250000 0.250000 0.250000 
  65
0.479817 0.002477 0.046210 
0.462778 0.994939 0.462022 
0.057405 0.002584 0.491768 
0.002845 0.003466 0.025354 0.968335 
0.250000 0.250000 0.250000 0.250000 
  66
0.479817 0.002477 0.046210 
0.462778 0.994939 0.462022 
0.057405 0.002584 0.491768 
0.003129 0.003183 0.092991 0.900697 
0.250000 0.250000 0.250000 0.250000 
  67
0.479817 0.002477 0.046210 
0.462778 0.994939 0.462022 
0.057405 0.002584 0.491768 
0.182095 0.003657 0.100688 0.713560 
0.250000 0.250000 0.250000 0.250000 
  68
0.479817 0.002477 0.046210 
0.462778 0.994939 0.462022 
0.057405 0.002584 0.491768 
0.989713 0.002845 0.003399 0.004043 
0.250000 0.250000 0.250000 0.250000 
  69
0.479817 0.002477 0.046210 
0.462778 0.994939 0.462022 
0.057405 0.002584 0.491768 
0.003180 0.002845 0.987575 0.006400 
0.250000 0.250000 0.250000 0.250000 
  70
0.479817 0.002477 0.046210 
0.462778 0.994939 0.462022 
0.057405 0.002584 0.491768 
0.651460 0.297761 0.009407 0.041372 
0.250000 0.250000 0.250000 0.250000 
  71
0.479817 0.002477 0.046210 
0.462778 0.994939 0.462022 
0.057405 0.002584 0.491768 
0.002845 0.002845 0.991466 0.002845 
0.250000 0.250000 0.250000 0.250000 
  72
0.479817 0.002477 0.046210 
0.462778 0.994939 0.462022 
0.057405 0.002584 0.491768 
0.004096 0.002845 0.989829 0.003230 
0.250000 0.250000 0.250000 0.250000 
  73
0.479817 0.002477 0.046210 
0.462778 0.994939 0.462022 
0.057405 0.002584 0.491768 
0.972502 0.021808 0.002845 0.002845 
0.250000 0.250000 0.250000 0.250000 
  74
0.479817 0.002477 0.046210 
0.462778 0.994939 0.462022 
0.057405 0.002584 0.491768 
0.002846 0.002846 0.990211 0.004098 
0.250000 0.250000 0.250000 0.250000 
  75
0.479817 0.002477 0.046210 
0.462778 0.994939 0.462022 
0.057405 0.002584 0.491768 
0.990236 0.004074 0.002845 0.002845 
0.250000 0.250000 0.250000 0.250000 
  76
0.479817 0.002477 0.046210 
0.462778 0.994939 0.462022 
0.057405 0.002584 0.491768 
0.862025 0.130746 0.002846 0.004383 
0.250000 0.250000 0.250000 0.250000 
  77
0.479817 0.002477 0.046210 
0.462778 0.994939 0.462022 
0.057405 0.002584 0.491768 
0.990785 0.002845 0.002845 0.003526 
0.250000 0.250000 0.250000 0.250000 
  78
0.479817 0.002477 0.046210 
0.462778 0.994939 0.462022 
0.057405 0.002584 0.491768 
0.989920 0.003139 0.002845 0.004096 
0.250000 0.250000 0.250000 0.250000 
  79
0.479817 0.002477 0.046210 
0.462778 0.994939 0.462022 
0.057405 0.002584 0.491768 
0.486737 0.503720 0.002846 0.006697 
0.250000 0.250000 0.250000 0.250000 
  80
0.479817 0.002477 0.046210 
0.462778 0.994939 0.462022 
0.057405 0.002584 0.491768 
0.003974 0.988018 0.005164 0.002845 
0.250000 0.250000 0.250000 0.250000 
  81
0.479817 0.002477 0.046210 
0.462778 0.994939 0.462022 
0.057405 0.002584 0.491768 
0.991466 0.002845 0.002845 0.002845 
0.250000 0.250000 0.250000 0.250000 
  82
0.479817 0.002477 0.046210 
0.462778 0.994939 0.462022 
0.057405 0.002584 0.491768 
0.326968 0.032655 0.003848 0.636529 
0.250000 0.250000 0.250000 0.250000 
  83
0.479817 0.002477 0.046210 
0.462778 0.994939 0.462022 
0.057405 0.002584 0.491768 
0.990180 0.003485 0.003490 0.002845 
0.250000 0.250000 0.250000 0.250000 
  84
0.479817 0.002477 0.046210 
0.462778 0.994939 0.462022 
0.057405 0.002584 0.491768 
0.003141 0.002845 0.005973 0.988041 
0.250000 0.250000 0.250000 0.250000 
  85
0.479817 0.002477 0.046210 
0.462778 0.994939 0.462022 
0.057405 0.002584 0.491768 
0.033709 0.960601 0.002845 0.002845 
0.250000 0.250000 0.250000 0.250000 
  86
0.479817 0.002477 0.046210 
0.462778 0.994939 0.462022 
0.057405 0.002584 0.491768 
0.009351 0.002845 0.983406 0.004398 
0.250000 0.250000 0.250000 0.250000 
  87
0.479817 0.002477 0.046210 
0.462778 0.994939 0.462022 
0.057405 0.002584 0.491768 
0.003353 0.002845 0.003300 0.990502 
0.250000 0.250000 0.250000 0.250000 
  88
0.479817 0.002477 0.046210 
0.462778 0.994939 0.462022 
0.057405 0.002584 0.491768 
0.040987 0.953320 0.002846 0.002846 
0.250000 0.250000 0.250000 0.250000 
  89
0.479817 0.002477 0.046210 
0.462778 0.994939 0.462022 
0.057405 0.002584 0.491768 
0.002845 0.002845 0.991466 0.002845 
0.250000 0.250000 0.250000 0.250000 
  90
0.479817 0.002477 0.046210 
0.462778 0.994939 0.462022 
0.057405 0.002584 0.491768 
0.002845 0.002845 0.002845 0.991466 
0.250000 0.250000 0.250000 0.250000 
  91
0.479817 0.002477 0.046210 
0.462778 0.994939 0.462022 
0.057405 0.002584 0.491768 
0.003617 0.003221 0.859091 0.134071 
0.250000 0.250000 0.250000 0.250000 
  92
0.479817 0.002477 0.046210 
0.462778 0.994939 0.462022 
0.057405 0.002584 0.491768 
0.003140 0.007106 0.986909 0.002845 
0.250000 0.250000 0.250000 0.250000 
  93
0.479817 0.002477 0.046210 
0.462778 0.994939 0.462022 
0.057405 0.002584 0.491768 
0.002845 0.002845 0.991466 0.002845 
0.250000 0.250000 0.250000 0.250000 
  94
0.479817 0.002477 0.046210 
0.462778 0.994939 0.462022 
0.057405 0.002584 0.491768 
0.620026 0.374285 0.002845 0.002845 
0.250000 0.250000 0.250000 0.250000 
  95
0.479817 0.002477 0.046210 
0.462778 0.994939 0.462022 
0.057405 0.002584 0.491768 
0.002845 0.002845 0.991024 0.003287 
0.250000 0.250000 0.250000 0.250000 
  96
0.479817 0.002477 0.046210 
0.462778 0.994939 0.462022 
0.057405 0.002584 0.491768 
0.003174 0.002845 0.003189 0.990792 
0.250000 0.250000 0.250000 0.250000 
  97
0.479817 0.002477 0.046210 
0.462778 0.994939 0.462022 
0.057405 0.002584 0.491768 
0.907064 0.084493 0.004101 0.004342 
0.250000 0.250000 0.250000 0.250000 
  98
0.479817 0.002477 0.046210 
0.462778 0.994939 0.462022 
0.057405 0.002584 0.491768 
0.003438 0.990548 0.002845 0.003169 
0.250000 0.250000 0.250000 0.250000 
  99
0.479817 0.002477 0.046210 
0.462778 0.994939 0.462022 
0.057405 0.002584 0.491768 
0.003285 0.002845 0.029092 0.964778 
0.250000 0.250000 0.250000 0.250000 
 100
0.479817 0.002477 0.046210 
0.462778 0.994939 0.462022 
0.057405 0.002584 0.491768 
0.002845 0.002845 0.991466 0.002845 
0.250000 0.250000 0.250000 0.250000 
 101
0.479817 0.002477 0.046210 
0.462778 0.994939 0.462022 
0.057405 0.002584 0.491768 
0.002845 0.002845 0.991466 0.002845 
0.250000 0.250000 0.250000 0.250000 
 102
0.479817 0.002477 0.046210 
0.462778 0.994939 0.462022 
0.057405 0.002584 0.491768 
0.991466 0.002845 0.002845 0.002845 
0.250000 0.250000 0.250000 0.250000 
 103
0.479817 0.002477 0.046210 
0.462778 0.994939 0.462022 
0.057405 0.002584 0.491768 
0.251470 0.739423 0.003422 0.005684 
0.250000 0.250000 0.250000 0.250000 
 104
0.479817 0.002477 0.046210 
0.462778 0.994939 0.462022 
0.057405 0.002584 0.491768 
0.990131 0.004180 0.002845 0.002845 
0.250000 0.250000 0.250000 0.250000 
 105
0.479817 0.002477 0.046210 
0.462778 0.994939 0.462022 
0.057405 0.002584 0.491768 
0.002845 0.003220 0.016365 0.977570 
0.250000 0.250000 0.250000 0.250000 
 106
0.479817 0.002477 0.046210 
0.462778 0.994939 0.462022 
0.057405 0.002584 0.491768 
0.003989 0.006768 0.010779 0.978464 
0.250000 0.250000 0.250000 0.250000 
 107
0.479817 0.002477 0.046210 
0.462778 0.994939 0.462022 
0.057405 0.002584 0.491768 
0.002845 0.991466 0.002845 0.002845 
0.250000 0.250000 0.250000 0.250000 
 108
0.479817 0.002477 0.046210 
0.462778 0.994939 0.462022 
0.057405 0.002584 0.491768 
0.003211 0.002845 0.003799 0.990145 
0.250000 0.250000 0.250000 0.250000 
 109
0.479817 0.664839 0.046210 
0.462778 0.332577 0.462022 
0.003131 0.007653 0.491768 
0.017959 0.013863 0.070383 0.897796 
0.250000 0.250000 0.250000 0.250000 
 110
0.971630 0.011393 0.046210 
0.025240 0.980953 0.462022 
0.003125 0.007684 0.491768 
0.012775 0.959224 0.015225 0.012775 
0.250000 0.250000 0.250000 0.250000 
 111
0.971685 0.007366 0.046210 
0.025190 0.984950 0.462022 
0.003125 0.007684 0.491768 
0.012775 0.012775 0.025059 0.949390 
0.250000 0.250000 0.250000 0.250000 
 112
0.028069 0.007366 0.046210 
0.968806 0.984950 0.462022 
0.055418 0.002588 0.491768 
0.271957 0.685268 0.006890 0.035885 
0.250000 0.250000 0.250000 0.250000 
 113
0.463209 0.002480 0.046210 
0.481373 0.994932 0.462022 
0.057405 0.002584 0.491768 
0.002845 0.003658 0.309045 0.684452 
0.250000 0.250000 0.250000 0.250000 
 114
0.479817 0.002477 0.046210 
0.462778 0.994939 0.462022 
0.057405 0.002584 0.491768 
0.002846 0.003173 0.014001 0.979980 
0.250000 0.250000 0.250000 0.250000 
 115
0.479817 0.002477 0.046210 
0.462778 0.994939 0.462022 
0.057405 0.002584 0.491768 
0.002845 0.002845 0.733265 0.261045 
0.250000 0.250000 0.250000 0.250000 
 116
0.479817 0.002477 0.046210 
0.462778 0.994939 0.462022 
0.057405 0.002584 0.491768 
0.003334 0.002845 0.002845 0.990976 
0.250000 0.250000 0.250000 0.250000 
 117
0.479817 0.002477 0.046210 
0.462778 0.994939 0.462022 
0.057405 0.002584 0.491768 
0.002845 0.003901 0.990409 0.002845 
0.250000 0.250000 0.250000 0.250000 
 118
0.479817 0.002477 0.046210 
0.462778 0.994939 0.462022 
0.057405 0.002584 0.491768 
0.003572 0.003083 0.154113 0.839232 
0.250000 0.250000 0.250000 0.250000 
 119
0.479817 0.002477 0.046210 
0.462778 0.994939 0.462022 
0.057405 0.002584 0.491768 
0.002845 0.003295 0.201191 0.792670 
0.250000 0.250000 0.250000 0.250000 
 120
0.479817 0.002477 0.046210 
0.462778 0.994939 0.462022 
0.057405 0.002584 0.491768 
0.002845 0.008667 0.006519 0.981969 
0.250000 0.250000 0.250000 0.250000 
 121
0.479817 0.002477 0.046210 
0.462778 0.994939 0.462022 
0.057405 0.002584 0.491768 
0.252704 0.719544 0.002845 0.024908 
0.250000 0.250000 0.250000 0.250000 
 122
0.479817 0.002477 0.046210 
0.462778 0.994939 0.462022 
0.057405 0.002584 0.491768 
0.003139 0.990874 0.002845 0.003143 
0.250000 0.250000 0.250000 0.250000 
 123
0.479817 0.002477 0.046210 
0.462778 0.994939 0.462022 
0.057405 0.002584 0.491768 
0.003318 0.989967 0.003870 0.002845 
0.250000 0.250000 0.250000 0.250000 
 124
0.479817 0.002477 0.046210 
0.462778 0.994939 0.462022 
0.057405 0.002584 0.491768 
0.004201 0.002845 0.493133 0.499821 
0.250000 0.250000 0.250000 0.250000 
 125
0.479817 0.002477 0.046210 
0.462778 0.994939 0.462022 
0.057405 0.002584 0.491768 
0.202363 0.003650 0.676465 0.117523 
0.250000 0.250000 0.250000 0.250000 
 126
0.479817 0.002477 0.046210 
0.462778 0.994939 0.462022 
0.057405 0.002584 0.491768 
0.004240 0.914967 0.002845 0.077948 
0.250000 0.250000 0.250000 0.250000 
 127
0.479817 0.002477 0.046210 
0.462778 0.994939 0.462022 
0.057405 0.002584 0.491768 
0.005163 0.003643 0.813906 0.177289 
0.250000 0.250000 0.250000 0.250000 
 128
0.479817 0.002477 0.046210 
0.462778 0.994939 0.462022 
0.057405 0.002584 0.491768 
0.002845 0.003357 0.990452 0.003347 
0.250000 0.250000 0.250000 0.250000 
 129
0.479817 0.002477 0.046210 
0.462778 0.994939 0.462022 
0.057405 0.002584 0.491768 
0.002845 0.002845 0.991023 0.003288 
0.250000 0.250000 0.250000 0.250000 
 130
0.479817 0.002477 0.046210 
0.462778 0.994939 0.462022 
0.057405 0.002584 0.491768 
0.002845 0.002845 0.024273 0.970038 
0.250000 0.250000 0.250000 0.250000 
 131
0.479817 0.002477 0.046210 
0.462778 0.994939 0.462022 
0.057405 0.002584 0.491768 
0.002845 0.002845 0.991465 0.002845 
0.250000 0.250000 0.250000 0.250000 
 132
0.479817 0.002477 0.046210 
0.462778 0.994939 0.462022 
0.057405 0.002584 0.491768 
0.002845 0.002845 0.003514 0.990796 
0.250000 0.250000 0.250000 0.250000 
 133
0.479817 0.002477 0.046210 
0.462778 0.994939 0.462022 
0.057405 0.002584 0.491768 
0.009703 0.970914 0.002845 0.016539 
0.250000 0.250000 0.250000 0.250000 
 134
0.479817 0.002477 0.046210 
0.462778 0.994939 0.462022 
0.057405 0.002584 0.491768 
0.990963 0.003348 0.002845 0.002845 
0.250000 0.250000 0.250000 0.250000 
 135
0.479817 0.002477 0.046210 
0.462778 0.994939 0.462022 
0.057405 0.002584 0.491768 
0.006654 0.002845 0.214918 0.775583 
0.250000 0.250000 0.250000 0.250000 
 136
0.479817 0.002477 0.046210 
0.462778 0.994939 0.462022 
0.057405 0.002584 0.491768 
0.005383 0.004175 0.099955 0.890487 
0.250000 0.250000 0.250000 0.250000 
 137
0.479817 0.002477 0.046210 
0.462778 0.994939 0.462022 
0.057405 0.002584 0.491768 
0.991056 0.002845 0.002845 0.003254 
0.250000 0.250000 0.250000 0.250000 
 138
0.479817 0.002477 0.046210 
0.462778 0.994939 0.462022 
0.057405 0.002584 0.491768 
0.498258 0.495758 0.002845 0.003139 
0.250000 0.250000 0.250000 0.250000 
 139
0.479817 0.002477 0.046210 
0.462778 0.994939 0.462022 
0.057405 0.002584 0.491768 
0.002845 0.002845 0.550517 0.443794 
0.250000 0.250000 0.250000 0.250000 
 140
0.479817 0.002477 0.046210 
0.462778 0.994939 0.462022 
0.057405 0.002584 0.491768 
0.002845 0.002845 0.002845 0.991466 
0.250000 0.250000 0.250000 0.250000 
 141
0.479817 0.002477 0.046210 
0.462778 0.994939 0.462022 
0.057405 0.002584 0.491768 
0.002845 0.002845 0.991466 0.002845 
0.250000 0.250000 0.250000 0.250000 
 142
0.479817 0.002477 0.046210 
0.462778 0.994939 0.462022 
0.057405 0.002584 0.491768 
0.890855 0.012337 0.018373 0.078434 
0.250000 0.250000 0.250000 0.250000 
 143
0.479817 0.002477 0.046210 
0.462778 0.994939 0.462022 
0.057405 0.002584 0.491768 
0.991466 0.002845 0.002845 0.002845 
0.250000 0.250000 0.250000 0.250000 
 144
0.479817 0.002477 0.046210 
0.462778 0.994939 0.462022 
0.057405 0.002584 0.491768 
0.003357 0.002845 0.988298 0.005500 
0.250000 0.250000 0.250000 0.250000 
 145
0.479817 0.002477 0.046210 
0.462778 0.994939 0.462022 
0.057405 0.002584 0.491768 
0.002845 0.002845 0.991466 0.002845 
0.250000 0.250000 0.250000 0.250000 
 146
0.479817 0.002477 0.046210 
0.462778 0.994939 0.462022 
0.057405 0.002584 0.491768 
0.003242 0.004024 0.989889 0.002845 
0.250000 0.250000 0.250000 0.250000 
 147
0.479817 0.002477 0.046210 
0.462778 0.994939 0.462022 
0.057405 0.002584 0.491768 
0.990783 0.002845 0.002845 0.003528 
0.250000 0.250000 0.250000 0.250000 
 148
0.479817 0.002477 0.046210 
0.462778 0.994939 0.462022 
0.057405 0.002584 0.491768 
0.081167 0.912354 0.003166 0.003313 
0.250000 0.250000 0.250000 0.250000 
 149
0.479817 0.002477 0.046210 
0.462778 0.994939 0.462022 
0.057405 0.002584 0.491768 
0.990825 0.003485 0.002845 0.002845 
0.250000 0.250000 0.250000 0.250000 
 150
0.479817 0.002477 0.046210 
0.462778 0.994939 0.462022 
0.057405 0.002584 0.491768 
0.990489 0.002845 0.002845 0.003822 
0.250000 0.250000 0.250000 0.250000 
 151
0.479817 0.002477 0.046210 
0.462778 0.994939 0.462022 
0.057405 0.002584 0.491768 
0.321151 0.673160 0.002845 0.002845 
0.250000 0.250000 0.250000 0.250000 
 152
0.479817 0.002477 0.046210 
0.462778 0.994939 0.462022 
0.057405 0.002584 0.491768 
0.002845 0.002845 0.991466 0.002845 
0.250000 0.250000 0.250000 0.250000 
 153
0.479817 0.002477 0.046210 
0.462778 0.994939 0.462022 
0.057405 0.002584 0.491768 
0.990968 0.003343 0.002845 0.002845 
0.250000 0.250000 0.250000 0.250000 
 154
0.479817 0.002477 0.046210 
0.462778 0.994939 0.462022 
0.057405 0.002584 0.491768 
0.977218 0.014152 0.003239 0.005390 
0.250000 0.250000 0.250000 0.250000 
 155
0.479817 0.002477 0.046210 
0.462778 0.994939 0.462022 
0.057405 0.002584 0.491768 
0.002845 0.991466 0.002845 0.002845 
0.250000 0.250000 0.250000 0.250000 
 156
0.479817 0.002477 0.046210 
0.462778 0.994939 0.462022 
0.057405 0.002584 0.491768 
0.003656 0.990241 0.003258 0.002845 
0.250000 0.250000 0.250000 0.250000 
 157
0.479817 0.002477 0.046210 
0.462778 0.994939 0.462022 
0.057405 0.002584 0.491768 
0.002845 0.002845 0.154094 0.840217 
0.250000 0.250000 0.250000 0.250000 
 158
0.479817 0.002477 0.046210 
0.462778 0.994939 0.462022 
0.057405 0.002584 0.491768 
0.003698 0.003134 0.975404 0.017765 
0.250000 0.250000 0.250000 0.250000 
 159
0.479817 0.002477 0.046210 
0.462778 0.994939 0.462022 
0.057405 0.002584 0.491768 
0.002845 0.006692 0.002845 0.987619 
0.250000 0.250000 0.250000 0.250000 
 160
0.479817 0.002477 0.046210 
0.462778 0.994939 0.462022 
0.057405 0.002584 0.491768 
0.009390 0.005788 0.157983 0.826839 
0.250000 0.250000 0.250000 0.250000 
 161
0.479817 0.002477 0.046210 
0.462778 0.994939 0.462022 
0.057405 0.002584 0.491768 
0.991466 0.002845 0.002845 0.002845 
0.250000 0.250000 0.250000 0.250000 
 162
0.479817 0.002477 0.046210 
0.462778 0.994939 0.462022 
0.057405 0.002584 0.491768 
0.002845 0.002845 0.003996 0.990314 
0.250000 0.250000 0.250000 0.250000 
 163
0.479817 0.002477 0.046210 
0.462778 0.994939 0.462022 
0.057405 0.002584 0.491768 
0.572020 0.422291 0.002845 0.002845 
0.250000 0.250000 0.250000 0.250000 
 164
0.479817 0.002477 0.046210 
0.462778 0.994939 0.462022 
0.057405 0.002584 0.491768 
0.002845 0.002845 0.991466 0.002845 
0.250000 0.250000 0.250000 0.250000 
 165
0.479817 0.002477 0.046210 
0.462778 0.994939 0.462022 
0.057405 0.002584 0.491768 
0.990680 0.002845 0.003312 0.003163 
0.250000 0.250000 0.250000 0.250000 
 166
0.479817 0.002477 0.046210 
0.462778 0.994939 0.462022 
0.057405 0.002584 0.491768 
0.631157 0.362522 0.003098 0.003224 
0.250000 0.250000 0.250000 0.250000 
 167
0.479817 0.002477 0.046210 
0.462778 0.994939 0.462022 
0.057405 0.002584 0.491768 
0.004020 0.003430 0.006736 0.985814 
0.250000 0.250000 0.250000 0.250000 
 168
0.479817 0.002477 0.046210 
0.462778 0.994939 0.462022 
0.057405 0.002584 0.491768 
0.002845 0.002845 0.851389 0.142921 
0.250000 0.250000 0.250000 0.250000 
 169
0.479817 0.002477 0.046210 
0.462778 0.994939 0.462022 
0.057405 0.002584 0.491768 
0.003558 0.002845 0.702731 0.290867 
0.250000 0.250000 0.250000 0.250000 
 170
0.479817 0.002477 0.046210 
0.462778 0.994939 0.462022 
0.057405 0.002584 0.491768 
0.991040 0.002845 0.002845 0.003270 
0.250000 0.250000 0.250000 0.250000 
 171
0.479817 0.002477 0.046210 
0.462778 0.994939 0.462022 
0.057405 0.002584 0.491768 
0.476594 0.414426 0.005231 0.103749 
0.250000 0.250000 0.250000 0.250000 
 172
0.479817 0.002477 0.046210 
0.462778 0.994939 0.462022 
0.057405 0.002584 0.491768 
0.018007 0.003330 0.359507 0.619157 
0.250000 0.250000 0.250000 0.250000 
 173
0.479817 0.002477 0.046210 
0.462778 0.994939 0.462022 
0.057405 0.002584 0.491768 
0.002845 0.002845 0.990286 0.004024 
0.250000 0.250000 0.250000 0.250000 
 174
0.479817 0.002477 0.046210 
0.462778 0.994939 0.462022 
0.057405 0.002584 0.491768 
0.002845 0.002845 0.990850 0.003461 
0.250000 0.250000 0.250000 0.250000 
 175
0.479817 0.002477 0.046210 
0.462778 0.994939 0.462022 
0.057405 0.002584 0.491768 
0.009832 0.034037 0.030364 0.925767 
0.250000 0.250000 0.250000 0.250000 
 176
0.479817 0.002477 0.046210 
0.462778 0.994939 0.462022 
0.057405 0.002584 0.491768 
0.002845 0.991466 0.002845 0.002845 
0.250000 0.250000 0.250000 0.250000 
 177
0.479817 0.002477 0.046210 
0.462778 0.994939 0.462022 
0.057405 0.002584 0.491768 
0.002845 0.005108 0.002845 0.989203 
0.250000 0.250000 0.250000 0.250000 
 178
0.479817 0.002477 0.046210 
0.462778 0.994939 0.462022 
0.057405 0.002584 0.491768 
0.009120 0.002845 0.357865 0.630170 
0.250000 0.250000 0.250000 0.250000 
 179
0.479817 0.002477 0.046210 
0.462778 0.994939 0.462022 
0.057405 0.002584 0.491768 
0.991466 0.002845 0.002845 0.002845 
0.250000 0.250000 0.250000 0.250000 
 180
0.479817 0.002477 0.046210 
0.462778 0.994939 0.462022 
0.057405 0.002584 0.491768 
0.355156 0.629810 0.002845 0.012189 
0.250000 0.250000 0.250000 0.250000 
 181
0.479817 0.002477 0.046210 
0.462778 0.994939 0.462022 
0.057405 0.002584 0.491768 
0.002845 0.004024 0.218756 0.774375 
0.250000 0.250000 0.250000 0.250000 
 182
0.479817 0.002477 0.046210 
0.462778 0.994939 0.462022 
0.057405 0.002584 0.491768 
0.002845 0.003550 0.002845 0.990760 
0.250000 0.250000 0.250000 0.250000 
 183
0.479817 0.002477 0.046210 
0.462778 0.994939 0.462022 
0.057405 0.002584 0.491768 
0.002845 0.002845 0.989886 0.004424 
0.250000 0.250000 0.250000 0.250000 
 184
0.479817 0.002477 0.046210 
0.462778 0.994939 0.462022 
0.057405 0.002584 0.491768 
0.294600 0.020609 0.017077 0.667715 
0.250000 0.250000 0.250000 0.250000 
 185
0.479817 0.002477 0.046210 
0.462778 0.994939 0.462022 
0.057405 0.002584 0.491768 
0.002845 0.991466 0.002845 0.002845 
0.250000 0.250000 0.250000 0.250000 
 186
0.479817 0.002477 0.046210 
0.462778 0.994939 0.462022 
0.057405 0.002584 0.491768 
0.003255 0.991054 0.002845 0.002845 
0.250000 0.250000 0.250000 0.250000 
 187
0.479817 0.002477 0.046210 
0.462778 0.994939 0.462022 
0.057405 0.002584 0.491768 
0.948386 0.045612 0.003157 0.002845 
0.250000 0.250000 0.250000 0.250000 
 188
0.479817 0.002477 0.046210 
0.462778 0.994939 0.462022 
0.057405 0.002584 0.491768 
0.002845 0.002845 0.002845 0.991466 
0.250000 0.250000 0.250000 0.250000 
 189
0.479817 0.002477 0.046210 
0.462778 0.994939 0.462022 
0.057405 0.002584 0.491768 
0.002845 0.991466 0.002845 0.002845 
0.250000 0.250000 0.250000 0.250000 
 190
0.479817 0.002477 0.046210 
0.462778 0.994939 0.462022 
0.057405 0.002584 0.491768 
0.002845 0.003175 0.642085 0.351895 
0.250000 0.250000 0.250000 0.250000 
 191
0.479817 0.002477 0.046210 
0.462778 0.994939 0.462022 
0.057405 0.002584 0.491768 
0.002845 0.002845 0.002845 0.991464 
0.250000 0.250000 0.250000 0.250000 
 192
0.479817 0.002477 0.046210 
0.462778 0.994939 0.462022 
0.057405 0.002584 0.491768 
0.002845 0.989700 0.004303 0.003153 
0.250000 0.250000 0.250000 0.250000 
 193
0.479817 0.002477 0.046210 
0.462778 0.994939 0.462022 
0.057405 0.002584 0.491768 
0.474533 0.518690 0.003171 0.003606 
0.250000 0.250000 0.250000 0.250000 
 194
0.479817 0.002477 0.046210 
0.462778 0.994939 0.462022 
0.057405 0.002584 0.491768 
0.991466 0.002845 0.002845 0.002845 
0.250000 0.250000 0.250000 0.250000 
 195
0.479817 0.002477 0.046210 
0.462778 0.994939 0.462022 
0.057405 0.002584 0.491768 
0.002845 0.002845 0.962691 0.031618 
0.250000 0.250000 0.250000 0.250000 
 196
0.479817 0.002477 0.046210 
0.462778 0.994939 0.462022 
0.057405 0.002584 0.491768 
0.784828 0.207929 0.002845 0.004398 
0.250000 0.250000 0.250000 0.250000 
 197
0.479817 0.002477 0.046210 
0.462778 0.994939 0.462022 
0.057405 0.002584 0.491768 
0.990507 0.003313 0.002845 0.003336 
0.250000 0.250000 0.250000 0.250000 
 198
0.479817 0.002477 0.046210 
0.462778 0.994939 0.462022 
0.057405 0.002584 0.491768 
0.990795 0.002845 0.002845 0.003516 
0.250000 0.250000 0.250000 0.250000 
 199
0.479817 0.002477 0.046210 
0.462778 0.994939 0.462022 
0.057405 0.002584 0.491768 
0.978063 0.016248 0.002845 0.002845 
0.250000 0.250000 0.250000 0.250000 
 200
0.479817 0.002477 0.046210 
0.462778 0.994939 0.462022 
0.057405 0.002584 0.491768 
0.002845 0.003784 0.989264 0.004107 
0.250000 0.250000 0.250000 0.250000 
 201
0.479817 0.002477 0.046210 
0.462778 0.994939 0.462022 
0.057405 0.002584 0.491768 
0.002845 0.002845 0.003260 0.991051 
0.250000 0.250000 0.250000 0.250000 
 202
0.479817 0.002477 0.046210 
0.462778 0.994939 0.462022 
0.057405 0.002584 0.491768 
0.007983 0.005378 0.642859 0.343780 
0.250000 0.250000 0.250000 0.250000 
 203
0.479817 0.002477 0.046210 
0.462778 0.994939 0.462022 
0.057405 0.002584 0.491768 
0.002845 0.002845 0.991466 0.002845 
0.250000 0.250000 0.250000 0.250000 
 204
0.479817 0.002477 0.046210 
0.462778 0.994939 0.462022 
0.057405 0.002584 0.491768 
0.002845 0.003784 0.990233 0.003139 
0.250000 0.250000 0.250000 0.250000 
 205
0.479817 0.002477 0.046210 
0.462778 0.994939 0.462022 
0.057405 0.002584 0.491768 
0.165446 0.827925 0.002845 0.003784 
0.250000 0.250000 0.250000 0.250000 
 206
0.479817 0.002477 0.046210 
0.462778 0.994939 0.462022 
0.057405 0.002584 0.491768 
0.003899 0.002845 0.990411 0.002845 
0.250000 0.250000 0.250000 0.250000 
 207
0.479817 0.002477 0.046210 
0.462778 0.994939 0.462022 
0.057405 0.002584 0.491768 
0.002845 0.002845 0.002845 0.991466 
0.250000 0.250000 0.250000 0.250000 
 208
0.479817 0.002477 0.046210 
0.462778 0.994939 0.462022 
0.057405 0.002584 0.491768 
0.647009 0.347301 0.002845 0.002845 
0.250000 0.250000 0.250000 0.250000 
 209
0.479817 0.002477 0.046210 
0.462778 0.994939 0.462022 
0.057405 0.002584 0.491768 
0.004424 0.002845 0.002845 0.989886 
0.250000 0.250000 0.250000 0.250000 
 210
0.479817 0.002477 0.046210 
0.462778 0.994939 0.462022 
0.057405 0.002584 0.491768 
0.990301 0.004009 0.002845 0.002845 
0.250000 0.250000 0.250000 0.250000 
 211
0.479817 0.002477 0.046210 
0.462778 0.994939 0.462022 
0.057405 0.002584 0.491768 
0.004295 0.003636 0.227588 0.764481 
0.250000 0.250000 0.250000 0.250000 
 212
0.479817 0.002477 0.046210 
0.462778 0.994939 0.462022 
0.057405 0.002584 0.491768 
0.002845 0.002845 0.991466 0.002845 
0.250000 0.250000 0.250000 0.250000 
 213
0.479817 0.002477 0.046210 
0.462778 0.994939 0.462022 
0.057405 0.002584 0.491768 
0.002845 0.002845 0.989913 0.004398 
0.250000 0.250000 0.250000 0.250000 
 214
0.479817 0.002477 0.046210 
0.462778 0.994939 0.462022 
0.057405 0.002584 0.491768 
0.024252 0.003118 0.026663 0.945967 
0.250000 0.250000 0.250000 0.250000 
 215
0.479817 0.002477 0.046210 
0.462778 0.994939 0.462022 
0.057405 0.002584 0.491768 
0.002845 0.991466 0.002845 0.002845 
0.250000 0.250000 0.250000 0.250000 
 216
0.479817 0.002477 0.046210 
0.462778 0.994939 0.462022 
0.057405 0.002584 0.491768 
0.990865 0.002845 0.002845 0.003446 
0.250000 0.250000 0.250000 0.250000 
 217
0.479817 0.002477 0.046210 
0.462778 0.994939 0.462022 
0.057405 0.002584 0.491768 
0.002845 0.002845 0.991466 0.002845 
0.250000 0.250000 0.250000 0.250000 
 218
0.479817 0.002477 0.046210 
0.462778 0.994939 0.462022 
0.057405 0.002584 0.491768 
0.003802 0.002845 0.990509 0.002845 
0.250000 0.250000 0.250000 0.250000 
 219
0.479817 0.002477 0.046210 
0.462778 0.994939 0.462022 
0.057405 0.002584 0.491768 
0.989772 0.004539 0.002845 0.002845 
0.250000 0.250000 0.250000 0.250000 
 220
0.479817 0.002477 0.046210 
0.462778 0.994939 0.462022 
0.057405 0.002584 0.491768 
0.647596 0.034404 0.290243 0.027756 
0.250000 0.250000 0.250000 0.250000 
 221
0.479817 0.002477 0.046210 
0.462778 0.994939 0.462022 
0.057405 0.002584 0.491768 
0.002845 0.002845 0.004607 0.989703 
0.250000 0.250000 0.250000 0.250000 
 222
0.479817 0.002477 0.046210 
0.462778 0.994939 0.462022 
0.057405 0.002584 0.491768 
0.002845 0.002845 0.985893 0.008418 
0.250000 0.250000 0.250000 0.250000 
 223
0.479817 0.002477 0.046210 
0.462778 0.994939 0.462022 
0.057405 0.002584 0.491768 
0.980902 0.010538 0.004899 0.003661 
0.250000 0.250000 0.250000 0.250000 
 224
0.479817 0.002477 0.046210 
0.462778 0.994939 0.462022 
0.057405 0.002584 0.491768 
0.003390 0.671514 0.003702 0.321395 
0.250000 0.250000 0.250000 0.250000 
 225
0.479817 0.002583 0.046210 
0.462778 0.994833 0.462022 
0.057246 0.002584 0.491768 
0.004425 0.004667 0.005498 0.985409 
0.250000 0.250000 0.250000 0.250000 
 226
0.481263 0.002477 0.046210 
0.461491 0.994938 0.462022 
0.057246 0.002584 0.491768 
0.003537 0.003597 0.034326 0.958541 
0.250000 0.250000 0.250000 0.250000 
 227
0.481263 0.002477 0.046210 
0.461491 0.994938 0.462022 
0.057246 0.002584 0.491768 
0.977860 0.016139 0.002845 0.003157 
0.250000 0.250000 0.250000 0.250000 
 228
0.481263 0.002477 0.046210 
0.461491 0.994938 0.462022 
0.057246 0.002584 0.491768 
0.094593 0.004820 0.009028 0.891559 
0.250000 0.250000 0.250000 0.250000 
 229
0.481263 0.002477 0.046210 
0.461491 0.994938 0.462022 
0.057246 0.002584 0.491768 
0.017963 0.005930 0.011311 0.964796 
0.250000 0.250000 0.250000 0.250000 
 230
0.481263 0.002477 0.046210 
0.461491 0.994938 0.462022 
0.057246 0.002584 0.491768 
0.002846 0.635929 0.356110 0.005115 
0.250000 0.250000 0.250000 0.250000 
 231
0.478483 0.002477 0.046210 
0.464271 0.994938 0.462022 
0.057405 0.002584 0.491768 
0.007439 0.002845 0.980821 0.008896 
0.250000 0.250000 0.250000 0.250000 
 232
0.479817 0.002477 0.046210 
0.462778 0.994939 0.462022 
0.057405 0.002584 0.491768 
0.006671 0.003263 0.085124 0.904942 
0.250000 0.250000 0.250000 0.250000 
 233
0.479817 0.002477 0.046210 
0.462778 0.994939 0.462022 
0.057405 0.002584 0.491768 
0.990991 0.003320 0.002845 0.002845 
0.250000 0.250000 0.250000 0.250000 
 234
0.479817 0.002477 0.046210 
0.462778 0.994939 0.462022 
0.057405 0.002584 0.491768 
0.003678 0.003728 0.822296 0.170297 
0.250000 0.250000 0.250000 0.250000 
 235
0.479817 0.002477 0.046210 
0.462778 0.994939 0.462022 
0.057405 0.002584 0.491768 
0.327505 0.574652 0.002845 0.094999 
0.250000 0.250000 0.250000 0.250000 
 236
0.479817 0.002477 0.046210 
0.462778 0.994939 0.462022 
0.057405 0.002584 0.491768 
