%  SAM: modelfromalign v3.5 (July 15, 2005) compiled 03/03/09_11:47:37
%  (c) 1992-2001 Regents of the University of California, Santa Cruz
%
%          Sequence Alignment and Modeling Software System
%         http://www.cse.ucsc.edu/research/compbio/sam.html
%
% ----------------- Citations (SAM, SAM-T2K, HMMs) --------------------
% R. Hughey, A. Krogh, Hidden Markov models for sequence analysis:
%  Extension and analysis of the basic method, CABIOS 12:95-107, 1996.
% K. Karplus, et al., What is the value added by human intervention in protein
%  structure prediction, Proteins: Stucture, Function, Genetics 45(S5):86--91, 2001.
% A. Krogh et al., Hidden Markov models in computational biology:
%  Applications to protein modeling, JMB 235:1501-1531, Feb 1994.
% ---------------------------------------------------------------------
%  A_NS_hmm   Host: m222714.cdc.gov    Wed May 21 18:15:47 2014
%  vfn4       Dir:  /Volumes/gf_atl_2012/Genotyping/IRMA/segments/NS
% ---------------------------------------------------------------------
%  Alignment weights from internal calc.  Total (88.79) Max (0.28) Min (0.00)
%  Weights from alignment method 1 (karplus), b=-1.000000, e=0.500000
MODEL --  Model from alignment file rev/A_NS.fasta
alphabet DNA
FREQAVE
0.000000 0.000000 0.000000 
0.000000 0.000000 0.000000 
0.000000 0.000000 0.000000 
0.242842 0.197992 0.239249 0.319917 
0.242842 0.197992 0.239249 0.319917 
Begin
0.000000 0.000000 0.000000 
0.000000 0.000000 0.000000 
0.000000 0.002537 0.491768 
0.250000 0.250000 0.250000 0.250000 
0.250000 0.250000 0.250000 0.250000 
   1
0.000000 0.021346 0.046210 
0.000000 0.976116 0.462022 
0.038164 0.002586 0.491768 
0.002847 0.002847 0.155020 0.839286 
0.250000 0.250000 0.250000 0.250000 
   2
0.318990 0.002479 0.046210 
0.642846 0.994935 0.462022 
0.057405 0.002537 0.491768 
0.002784 0.002784 0.017267 0.977164 
0.250000 0.250000 0.250000 0.250000 
   3
0.479817 0.002432 0.046210 
0.462778 0.995031 0.462022 
0.057405 0.002537 0.491768 
0.991647 0.002784 0.002784 0.002784 
0.250000 0.250000 0.250000 0.250000 
   4
0.479817 0.002432 0.046210 
0.462778 0.995031 0.462022 
0.057405 0.002537 0.491768 
0.982266 0.007710 0.005961 0.004062 
0.250000 0.250000 0.250000 0.250000 
   5
0.479817 0.002432 0.046210 
0.462778 0.995031 0.462022 
0.057405 0.002537 0.491768 
0.989638 0.003680 0.003335 0.003347 
0.250000 0.250000 0.250000 0.250000 
   6
0.479817 0.002432 0.046210 
0.462778 0.995031 0.462022 
0.057405 0.002537 0.491768 
0.004186 0.002784 0.002784 0.990246 
0.250000 0.250000 0.250000 0.250000 
   7
0.479817 0.002432 0.046210 
0.462778 0.995031 0.462022 
0.057405 0.002537 0.491768 
0.981539 0.011979 0.002784 0.003697 
0.250000 0.250000 0.250000 0.250000 
   8
0.479817 0.002432 0.046210 
0.462778 0.995031 0.462022 
0.057405 0.002537 0.491768 
0.986771 0.003136 0.006520 0.003573 
0.250000 0.250000 0.250000 0.250000 
   9
0.479817 0.002432 0.046210 
0.462778 0.995031 0.462022 
0.057405 0.002537 0.491768 
0.022673 0.970862 0.002785 0.003680 
0.250000 0.250000 0.250000 0.250000 
  10
0.479817 0.002432 0.046210 
0.462778 0.995031 0.462022 
0.057405 0.002537 0.491768 
0.006772 0.002784 0.982913 0.007531 
0.250000 0.250000 0.250000 0.250000 
  11
0.479817 0.002432 0.046210 
0.462778 0.995031 0.462022 
0.057405 0.002537 0.491768 
0.002784 0.003282 0.003514 0.990419 
0.250000 0.250000 0.250000 0.250000 
  12
0.479817 0.002432 0.046210 
0.462778 0.995031 0.462022 
0.057405 0.002537 0.491768 
0.002785 0.991646 0.002785 0.002785 
0.250000 0.250000 0.250000 0.250000 
  13
0.479817 0.002432 0.046210 
0.462778 0.995031 0.462022 
0.057405 0.002537 0.491768 
0.986465 0.006107 0.002784 0.004643 
0.250000 0.250000 0.250000 0.250000 
  14
0.479817 0.002432 0.046210 
0.462778 0.995031 0.462022 
0.057405 0.002537 0.491768 
0.987699 0.002784 0.005016 0.004501 
0.250000 0.250000 0.250000 0.250000 
  15
0.479817 0.002432 0.046210 
0.462778 0.995031 0.462022 
0.057405 0.002537 0.491768 
0.987464 0.005362 0.004389 0.002784 
0.250000 0.250000 0.250000 0.250000 
  16
0.479817 0.002432 0.046210 
0.462778 0.995031 0.462022 
0.057405 0.002537 0.491768 
0.160783 0.008108 0.724853 0.106257 
0.250000 0.250000 0.250000 0.250000 
  17
0.479817 0.002432 0.046210 
0.462778 0.995031 0.462022 
0.057405 0.002537 0.491768 
0.003680 0.989902 0.003139 0.003279 
0.250000 0.250000 0.250000 0.250000 
  18
0.479817 0.002432 0.046210 
0.462778 0.995031 0.462022 
0.057405 0.002537 0.491768 
0.987765 0.005223 0.003159 0.003854 
0.250000 0.250000 0.250000 0.250000 
  19
0.479817 0.002432 0.046210 
0.462778 0.995031 0.462022 
0.057405 0.002537 0.491768 
0.170554 0.823423 0.002784 0.003239 
0.250000 0.250000 0.250000 0.250000 
  20
0.479817 0.002432 0.046210 
0.462778 0.995031 0.462022 
0.057405 0.002537 0.491768 
0.986470 0.006138 0.002784 0.004608 
0.250000 0.250000 0.250000 0.250000 
  21
0.479817 0.002432 0.046210 
0.462778 0.995031 0.462022 
0.057405 0.002537 0.491768 
0.988520 0.003907 0.002784 0.004789 
0.250000 0.250000 0.250000 0.250000 
  22
0.479817 0.002432 0.046210 
0.462778 0.995031 0.462022 
0.057405 0.002537 0.491768 
0.703142 0.118095 0.053072 0.125692 
0.250000 0.250000 0.250000 0.250000 
  23
0.479817 0.002432 0.046210 
0.462778 0.995031 0.462022 
0.057405 0.002537 0.491768 
0.006271 0.987641 0.002784 0.003304 
0.250000 0.250000 0.250000 0.250000 
  24
0.479817 0.002432 0.046210 
0.462778 0.995031 0.462022 
0.057405 0.002537 0.491768 
0.003640 0.005617 0.192672 0.798071 
0.250000 0.250000 0.250000 0.250000 
  25
0.479817 0.002432 0.046210 
0.462778 0.995031 0.462022 
0.057405 0.002537 0.491768 
0.003245 0.002785 0.191208 0.802762 
0.250000 0.250000 0.250000 0.250000 
  26
0.479817 0.002432 0.046210 
0.462778 0.995031 0.462022 
0.057405 0.002537 0.491768 
0.002784 0.003583 0.986784 0.006849 
0.250000 0.250000 0.250000 0.250000 
  27
0.479817 0.002432 0.046210 
0.462778 0.995031 0.462022 
0.057405 0.002537 0.491768 
0.002785 0.009733 0.003765 0.983717 
0.250000 0.250000 0.250000 0.250000 
  28
0.479817 0.002432 0.046210 
0.462778 0.995031 0.462022 
0.057405 0.002537 0.491768 
0.050016 0.005864 0.025092 0.919029 
0.250000 0.250000 0.250000 0.250000 
  29
0.479817 0.002432 0.046210 
0.462778 0.995031 0.462022 
0.057405 0.002537 0.491768 
0.990614 0.003320 0.003281 0.002784 
0.250000 0.250000 0.250000 0.250000 
  30
0.479817 0.002432 0.046210 
0.462778 0.995031 0.462022 
0.057405 0.002537 0.491768 
0.002784 0.002784 0.003433 0.990998 
0.250000 0.250000 0.250000 0.250000 
  31
0.479817 0.002432 0.046210 
0.462778 0.995031 0.462022 
0.057405 0.002537 0.491768 
0.004267 0.002784 0.978295 0.014654 
0.250000 0.250000 0.250000 0.250000 
  32
0.479817 0.002432 0.046210 
0.462778 0.995031 0.462022 
0.057405 0.002537 0.491768 
0.002784 0.002784 0.003852 0.990579 
0.250000 0.250000 0.250000 0.250000 
  33
0.479817 0.002432 0.046210 
0.462778 0.995031 0.462022 
0.057405 0.002537 0.491768 
0.002784 0.003457 0.990300 0.003459 
0.250000 0.250000 0.250000 0.250000 
  34
0.479817 0.002432 0.046210 
0.462778 0.995031 0.462022 
0.057405 0.002537 0.491768 
0.155679 0.004652 0.117330 0.722339 
0.250000 0.250000 0.250000 0.250000 
  35
0.479817 0.002432 0.046210 
0.462778 0.995031 0.462022 
0.057405 0.002537 0.491768 
0.003787 0.003771 0.154061 0.838381 
0.250000 0.250000 0.250000 0.250000 
  36
0.479817 0.002432 0.046210 
0.462778 0.995031 0.462022 
0.057405 0.002537 0.491768 
0.002784 0.836921 0.003637 0.156658 
0.250000 0.250000 0.250000 0.250000 
  37
0.479817 0.002432 0.046210 
0.462778 0.995031 0.462022 
0.057405 0.002537 0.491768 
0.003694 0.003196 0.545626 0.447484 
0.250000 0.250000 0.250000 0.250000 
  38
0.479817 0.002432 0.046210 
0.462778 0.995031 0.462022 
0.057405 0.002537 0.491768 
0.002784 0.003282 0.003942 0.989991 
0.250000 0.250000 0.250000 0.250000 
  39
0.479817 0.002432 0.046210 
0.462778 0.995031 0.462022 
0.057405 0.002537 0.491768 
0.002784 0.005993 0.985547 0.005676 
0.250000 0.250000 0.250000 0.250000 
  40
0.479817 0.002432 0.046210 
0.462778 0.995031 0.462022 
0.057405 0.002537 0.491768 
0.158640 0.004470 0.569360 0.267530 
0.250000 0.250000 0.250000 0.250000 
  41
0.479817 0.002432 0.046210 
0.462778 0.995031 0.462022 
0.057405 0.002537 0.491768 
0.985842 0.006905 0.003248 0.004005 
0.250000 0.250000 0.250000 0.250000 
  42
0.479817 0.002432 0.046210 
0.462778 0.995031 0.462022 
0.057405 0.002537 0.491768 
0.002784 0.004912 0.986502 0.005801 
0.250000 0.250000 0.250000 0.250000 
  43
0.479817 0.002432 0.046210 
0.462778 0.995031 0.462022 
0.057405 0.002537 0.491768 
0.003246 0.003139 0.025424 0.968191 
0.250000 0.250000 0.250000 0.250000 
  44
0.479817 0.002432 0.046210 
0.462778 0.995031 0.462022 
0.057405 0.002537 0.491768 
0.002784 0.002784 0.004353 0.990079 
0.250000 0.250000 0.250000 0.250000 
  45
0.479817 0.002432 0.046210 
0.462778 0.995031 0.462022 
0.057405 0.002537 0.491768 
0.002784 0.004419 0.989540 0.003257 
0.250000 0.250000 0.250000 0.250000 
  46
0.479817 0.002432 0.046210 
0.462778 0.995031 0.462022 
0.057405 0.002537 0.491768 
0.982595 0.009522 0.004261 0.003623 
0.250000 0.250000 0.250000 0.250000 
  47
0.479817 0.002432 0.046210 
0.462778 0.995031 0.462022 
0.057405 0.002537 0.491768 
0.988095 0.006337 0.002784 0.002784 
0.250000 0.250000 0.250000 0.250000 
  48
0.479817 0.002432 0.046210 
0.462778 0.995031 0.462022 
0.057405 0.002537 0.491768 
0.175199 0.818776 0.003241 0.002784 
0.250000 0.250000 0.250000 0.250000 
  49
0.479817 0.002432 0.046210 
0.462778 0.995031 0.462022 
0.057405 0.002537 0.491768 
0.003210 0.003690 0.776157 0.216942 
0.250000 0.250000 0.250000 0.250000 
  50
0.479817 0.002432 0.046210 
0.462778 0.995031 0.462022 
0.057405 0.002537 0.491768 
0.985666 0.006757 0.004169 0.003408 
0.250000 0.250000 0.250000 0.250000 
  51
0.479817 0.002432 0.046210 
0.462778 0.995031 0.462022 
0.057405 0.002537 0.491768 
0.460132 0.531202 0.005881 0.002785 
0.250000 0.250000 0.250000 0.250000 
  52
0.479817 0.002432 0.046210 
0.462778 0.995031 0.462022 
0.057405 0.002537 0.491768 
0.006211 0.153797 0.109334 0.730658 
0.250000 0.250000 0.250000 0.250000 
  53
0.479817 0.002432 0.046210 
0.462778 0.995031 0.462022 
0.057405 0.002537 0.491768 
0.990552 0.003314 0.002784 0.003350 
0.250000 0.250000 0.250000 0.250000 
  54
0.479817 0.002432 0.046210 
0.462778 0.995031 0.462022 
0.057405 0.002537 0.491768 
0.008330 0.984705 0.003145 0.003820 
0.250000 0.250000 0.250000 0.250000 
  55
0.479817 0.002432 0.046210 
0.462778 0.995031 0.462022 
0.057405 0.002537 0.491768 
0.003425 0.006974 0.131625 0.857977 
0.250000 0.250000 0.250000 0.250000 
  56
0.479817 0.002432 0.046210 
0.462778 0.995031 0.462022 
0.057405 0.002537 0.491768 
0.002785 0.005008 0.002785 0.989422 
0.250000 0.250000 0.250000 0.250000 
  57
0.479817 0.002432 0.046210 
0.462778 0.995031 0.462022 
0.057405 0.002537 0.491768 
0.002784 0.990889 0.002784 0.003542 
0.250000 0.250000 0.250000 0.250000 
  58
0.479817 0.002432 0.046210 
0.462778 0.995031 0.462022 
0.057405 0.002537 0.491768 
0.002784 0.002784 0.189746 0.804686 
0.250000 0.250000 0.250000 0.250000 
  59
0.479817 0.002432 0.046210 
0.462778 0.995031 0.462022 
0.057405 0.002537 0.491768 
0.988529 0.002784 0.005008 0.003678 
0.250000 0.250000 0.250000 0.250000 
  60
0.479817 0.002432 0.046210 
0.462778 0.995031 0.462022 
0.057405 0.002537 0.491768 
0.981688 0.008160 0.006474 0.003678 
0.250000 0.250000 0.250000 0.250000 
  61
0.479817 0.002432 0.046210 
0.462778 0.995031 0.462022 
0.057405 0.002537 0.491768 
0.020754 0.634391 0.003928 0.340927 
0.250000 0.250000 0.250000 0.250000 
  62
0.479817 0.002432 0.046210 
0.462778 0.995031 0.462022 
0.057405 0.002537 0.491768 
0.003249 0.990728 0.003238 0.002784 
0.250000 0.250000 0.250000 0.250000 
  63
0.479817 0.002432 0.046210 
0.462778 0.995031 0.462022 
0.057405 0.002537 0.491768 
0.004280 0.003140 0.983837 0.008743 
0.250000 0.250000 0.250000 0.250000 
  64
0.479817 0.002432 0.046210 
0.462778 0.995031 0.462022 
0.057405 0.002537 0.491768 
0.003641 0.002784 0.088251 0.905324 
0.250000 0.250000 0.250000 0.250000 
  65
0.479817 0.002432 0.046210 
0.462778 0.995031 0.462022 
0.057405 0.002537 0.491768 
0.005602 0.003553 0.004045 0.986799 
0.250000 0.250000 0.250000 0.250000 
  66
0.479817 0.002432 0.046210 
0.462778 0.995031 0.462022 
0.057405 0.002537 0.491768 
0.005008 0.988531 0.003676 0.002784 
0.250000 0.250000 0.250000 0.250000 
  67
0.479817 0.002432 0.046210 
0.462778 0.995031 0.462022 
0.057405 0.002537 0.491768 
0.011084 0.003948 0.964300 0.020667 
0.250000 0.250000 0.250000 0.250000 
  68
0.479817 0.002432 0.046210 
0.462778 0.995031 0.462022 
0.057405 0.002537 0.491768 
0.989076 0.003342 0.002784 0.004798 
0.250000 0.250000 0.250000 0.250000 
  69
0.479817 0.002432 0.046210 
0.462778 0.995031 0.462022 
0.057405 0.002537 0.491768 
0.155826 0.006994 0.006141 0.831039 
0.250000 0.250000 0.250000 0.250000 
  70
0.479817 0.002432 0.046210 
0.462778 0.995031 0.462022 
0.057405 0.002537 0.491768 
0.707738 0.283959 0.004798 0.003505 
0.250000 0.250000 0.250000 0.250000 
  71
0.479817 0.002432 0.046210 
0.462778 0.995031 0.462022 
0.057405 0.002537 0.491768 
0.990851 0.002784 0.002784 0.003581 
0.250000 0.250000 0.250000 0.250000 
  72
0.479817 0.002432 0.046210 
0.462778 0.995031 0.462022 
0.057405 0.002537 0.491768 
0.990759 0.003673 0.002784 0.002784 
0.250000 0.250000 0.250000 0.250000 
  73
0.479817 0.002432 0.046210 
0.462778 0.995031 0.462022 
0.057405 0.002537 0.491768 
0.026128 0.011951 0.305049 0.656872 
0.250000 0.250000 0.250000 0.250000 
  74
0.479817 0.002432 0.046210 
0.462778 0.995031 0.462022 
0.057405 0.002537 0.491768 
0.002784 0.988647 0.004318 0.004250 
0.250000 0.250000 0.250000 0.250000 
  75
0.479817 0.002432 0.046210 
0.462778 0.995031 0.462022 
0.057405 0.002537 0.491768 
0.002784 0.003560 0.003264 0.990392 
0.250000 0.250000 0.250000 0.250000 
  76
0.479817 0.002432 0.046210 
0.462778 0.995031 0.462022 
0.057405 0.002537 0.491768 
0.019586 0.007266 0.002784 0.970363 
0.250000 0.250000 0.250000 0.250000 
  77
0.479817 0.002432 0.046210 
0.462778 0.995031 0.462022 
0.057405 0.002537 0.491768 
0.988890 0.002784 0.002784 0.005541 
0.250000 0.250000 0.250000 0.250000 
  78
0.479817 0.002432 0.046210 
0.462778 0.995031 0.462022 
0.057405 0.002537 0.491768 
0.002784 0.002784 0.002784 0.991647 
0.250000 0.250000 0.250000 0.250000 
  79
0.479817 0.002432 0.046210 
0.462778 0.995031 0.462022 
0.057405 0.002537 0.491768 
0.003277 0.003140 0.350505 0.643077 
0.250000 0.250000 0.250000 0.250000 
  80
0.479817 0.002432 0.046210 
0.462778 0.995031 0.462022 
0.057405 0.002537 0.491768 
0.002784 0.002784 0.004380 0.990052 
0.250000 0.250000 0.250000 0.250000 
  81
0.479817 0.002432 0.046210 
0.462778 0.995031 0.462022 
0.057405 0.002537 0.491768 
0.002784 0.991647 0.002784 0.002784 
0.250000 0.250000 0.250000 0.250000 
  82
0.479817 0.002432 0.046210 
0.462778 0.995031 0.462022 
0.057405 0.002537 0.491768 
0.008104 0.003907 0.328495 0.659495 
0.250000 0.250000 0.250000 0.250000 
  83
0.479817 0.002432 0.046210 
0.462778 0.995031 0.462022 
0.057405 0.002537 0.491768 
0.002784 0.002784 0.003443 0.990988 
0.250000 0.250000 0.250000 0.250000 
  84
0.479817 0.002432 0.046210 
0.462778 0.995031 0.462022 
0.057405 0.002537 0.491768 
0.002784 0.004746 0.987168 0.005302 
0.250000 0.250000 0.250000 0.250000 
  85
0.479817 0.002432 0.046210 
0.462778 0.995031 0.462022 
0.057405 0.002537 0.491768 
0.483441 0.507895 0.002784 0.005880 
0.250000 0.250000 0.250000 0.250000 
  86
0.479817 0.002432 0.046210 
0.462778 0.995031 0.462022 
0.057405 0.002537 0.491768 
0.989816 0.003338 0.002784 0.004061 
0.250000 0.250000 0.250000 0.250000 
  87
0.479817 0.002432 0.046210 
0.462778 0.995031 0.462022 
0.057405 0.002537 0.491768 
0.991647 0.002784 0.002784 0.002784 
0.250000 0.250000 0.250000 0.250000 
  88
0.479817 0.002432 0.046210 
0.462778 0.995031 0.462022 
0.057405 0.002537 0.491768 
0.489118 0.505313 0.002784 0.002784 
0.250000 0.250000 0.250000 0.250000 
  89
0.479817 0.002432 0.046210 
0.462778 0.995031 0.462022 
0.057405 0.002537 0.491768 
0.002784 0.005302 0.989130 0.002784 
0.250000 0.250000 0.250000 0.250000 
  90
0.479817 0.002432 0.046210 
0.462778 0.995031 0.462022 
0.057405 0.002537 0.491768 
0.002785 0.003804 0.003979 0.989431 
0.250000 0.250000 0.250000 0.250000 
  91
0.479817 0.002432 0.046210 
0.462778 0.995031 0.462022 
0.057405 0.002537 0.491768 
0.628741 0.365690 0.002784 0.002784 
0.250000 0.250000 0.250000 0.250000 
  92
0.479817 0.002432 0.046210 
0.462778 0.995031 0.462022 
0.057405 0.002537 0.491768 
0.002784 0.003549 0.018408 0.975259 
0.250000 0.250000 0.250000 0.250000 
  93
0.479817 0.002432 0.046210 
0.462778 0.995031 0.462022 
0.057405 0.002537 0.491768 
0.002784 0.002784 0.010279 0.984152 
0.250000 0.250000 0.250000 0.250000 
  94
0.479817 0.002432 0.046210 
0.462778 0.995031 0.462022 
0.057405 0.002537 0.491768 
0.003732 0.003928 0.658029 0.334310 
0.250000 0.250000 0.250000 0.250000 
  95
0.479817 0.002432 0.046210 
0.462778 0.995031 0.462022 
0.057405 0.002537 0.491768 
0.003394 0.002784 0.004309 0.989513 
0.250000 0.250000 0.250000 0.250000 
  96
0.479817 0.002432 0.046210 
0.462778 0.995031 0.462022 
0.057405 0.002537 0.491768 
0.002784 0.003737 0.990694 0.002784 
0.250000 0.250000 0.250000 0.250000 
  97
0.479817 0.002432 0.046210 
0.462778 0.995031 0.462022 
0.057405 0.002537 0.491768 
0.261886 0.006057 0.024169 0.707888 
0.250000 0.250000 0.250000 0.250000 
  98
0.479817 0.002432 0.046210 
0.462778 0.995031 0.462022 
0.057405 0.002537 0.491768 
0.004304 0.990127 0.002784 0.002784 
0.250000 0.250000 0.250000 0.250000 
  99
0.479817 0.002432 0.046210 
0.462778 0.995031 0.462022 
0.057405 0.002537 0.491768 
0.002784 0.004116 0.004334 0.988766 
0.250000 0.250000 0.250000 0.250000 
 100
0.479817 0.002432 0.046210 
0.462778 0.995031 0.462022 
0.057405 0.002537 0.491768 
0.375706 0.034891 0.280876 0.308527 
0.250000 0.250000 0.250000 0.250000 
 101
0.479817 0.002432 0.046210 
0.462778 0.995031 0.462022 
0.057405 0.002537 0.491768 
0.467181 0.337521 0.008951 0.186347 
0.250000 0.250000 0.250000 0.250000 
 102
0.479817 0.002432 0.046210 
0.462778 0.995031 0.462022 
0.057405 0.002537 0.491768 
0.006222 0.003693 0.191748 0.798337 
0.250000 0.250000 0.250000 0.250000 
 103
0.479817 0.002432 0.046210 
0.462778 0.995031 0.462022 
0.057405 0.002537 0.491768 
0.005380 0.116929 0.323915 0.553776 
0.250000 0.250000 0.250000 0.250000 
 104
0.479817 0.002432 0.046210 
0.462778 0.995031 0.462022 
0.057405 0.002537 0.491768 
0.005757 0.156018 0.039041 0.799183 
0.250000 0.250000 0.250000 0.250000 
 105
0.479817 0.002432 0.046210 
0.462778 0.995031 0.462022 
0.057405 0.002537 0.491768 
0.002784 0.003717 0.003750 0.989748 
0.250000 0.250000 0.250000 0.250000 
 106
0.479817 0.002432 0.046210 
0.462778 0.995031 0.462022 
0.057405 0.002537 0.491768 
0.004860 0.003434 0.571682 0.420024 
0.250000 0.250000 0.250000 0.250000 
 107
0.479817 0.002432 0.046210 
0.462778 0.995031 0.462022 
0.057405 0.002537 0.491768 
0.988451 0.003371 0.005394 0.002784 
0.250000 0.250000 0.250000 0.250000 
 108
0.479817 0.002432 0.046210 
0.462778 0.995031 0.462022 
0.057405 0.002537 0.491768 
0.741553 0.252312 0.002784 0.003351 
0.250000 0.250000 0.250000 0.250000 
 109
0.479817 0.002432 0.046210 
0.462778 0.995031 0.462022 
0.057405 0.002537 0.491768 
0.003229 0.003543 0.037393 0.955834 
0.250000 0.250000 0.250000 0.250000 
 110
0.479817 0.002432 0.046210 
0.462778 0.995031 0.462022 
0.057405 0.002537 0.491768 
0.157563 0.005235 0.721035 0.116168 
0.250000 0.250000 0.250000 0.250000 
 111
0.479817 0.002432 0.046210 
0.462778 0.995031 0.462022 
0.057405 0.002537 0.491768 
0.002785 0.005584 0.007597 0.984034 
0.250000 0.250000 0.250000 0.250000 
 112
0.479817 0.002432 0.046210 
0.462778 0.995031 0.462022 
0.057405 0.002537 0.491768 
0.493380 0.497022 0.004554 0.005044 
0.250000 0.250000 0.250000 0.250000 
 113
0.479817 0.002432 0.046210 
0.462778 0.995031 0.462022 
0.057405 0.002537 0.491768 
0.005401 0.003818 0.020280 0.970500 
0.250000 0.250000 0.250000 0.250000 
 114
0.479817 0.002432 0.046210 
0.462778 0.995031 0.462022 
0.057405 0.002537 0.491768 
0.005169 0.831540 0.003596 0.159695 
0.250000 0.250000 0.250000 0.250000 
 115
0.479817 0.002432 0.046210 
0.462778 0.995031 0.462022 
0.057405 0.002537 0.491768 
0.005090 0.005123 0.284318 0.705469 
0.250000 0.250000 0.250000 0.250000 
 116
0.479817 0.002432 0.046210 
0.462778 0.995031 0.462022 
0.057405 0.002537 0.491768 
0.002784 0.002784 0.990504 0.003928 
0.250000 0.250000 0.250000 0.250000 
 117
0.479817 0.002432 0.046210 
0.462778 0.995031 0.462022 
0.057405 0.002537 0.491768 
0.002784 0.618467 0.002784 0.375964 
0.250000 0.250000 0.250000 0.250000 
 118
0.479817 0.002432 0.046210 
0.462778 0.995031 0.462022 
0.057405 0.002537 0.491768 
0.030981 0.133205 0.643083 0.192731 
0.250000 0.250000 0.250000 0.250000 
 119
0.479817 0.002432 0.046210 
0.462778 0.995031 0.462022 
0.057405 0.002537 0.491768 
0.836465 0.003603 0.157148 0.002784 
0.250000 0.250000 0.250000 0.250000 
 120
0.479817 0.002432 0.046210 
0.462778 0.995031 0.462022 
0.057405 0.002537 0.491768 
0.160937 0.004038 0.659844 0.175181 
0.250000 0.250000 0.250000 0.250000 
 121
0.479817 0.002432 0.046210 
0.462778 0.995031 0.462022 
0.057405 0.002537 0.491768 
0.003722 0.003293 0.092543 0.900441 
0.250000 0.250000 0.250000 0.250000 
 122
0.479817 0.002432 0.046210 
0.462778 0.995031 0.462022 
0.057405 0.002537 0.491768 
0.002784 0.002784 0.004044 0.990388 
0.250000 0.250000 0.250000 0.250000 
 123
0.479817 0.002432 0.046210 
0.462778 0.995031 0.462022 
0.057405 0.002537 0.491768 
0.002784 0.003529 0.990351 0.003336 
0.250000 0.250000 0.250000 0.250000 
 124
0.479817 0.002432 0.046210 
0.462778 0.995031 0.462022 
0.057405 0.002537 0.491768 
0.042783 0.006503 0.017845 0.932869 
0.250000 0.250000 0.250000 0.250000 
 125
0.479817 0.002432 0.046210 
0.462778 0.995031 0.462022 
0.057405 0.002537 0.491768 
0.002784 0.157148 0.005085 0.834982 
0.250000 0.250000 0.250000 0.250000 
 126
0.479817 0.002432 0.046210 
0.462778 0.995031 0.462022 
0.057405 0.002537 0.491768 
0.003540 0.002784 0.990237 0.003439 
0.250000 0.250000 0.250000 0.250000 
 127
0.479817 0.002432 0.046210 
0.462778 0.995031 0.462022 
0.057405 0.002537 0.491768 
0.978459 0.013887 0.003153 0.004501 
0.250000 0.250000 0.250000 0.250000 
 128
0.479817 0.002432 0.046210 
0.462778 0.995031 0.462022 
0.057405 0.002537 0.491768 
0.987112 0.007319 0.002784 0.002784 
0.250000 0.250000 0.250000 0.250000 
 129
0.479817 0.002432 0.046210 
0.462778 0.995031 0.462022 
0.057405 0.002537 0.491768 
0.003730 0.002784 0.005253 0.988233 
0.250000 0.250000 0.250000 0.250000 
 130
0.479817 0.002432 0.046210 
0.462778 0.995031 0.462022 
0.057405 0.002537 0.491768 
0.009915 0.038010 0.588005 0.364070 
0.250000 0.250000 0.250000 0.250000 
 131
0.479817 0.002432 0.046210 
0.462778 0.995031 0.462022 
0.057405 0.002537 0.491768 
0.990103 0.003612 0.003141 0.003144 
0.250000 0.250000 0.250000 0.250000 
 132
0.479817 0.002432 0.046210 
0.462778 0.995031 0.462022 
0.057405 0.002537 0.491768 
0.354557 0.635537 0.003189 0.006717 
0.250000 0.250000 0.250000 0.250000 
 133
0.479817 0.002432 0.046210 
0.462778 0.995031 0.462022 
0.057405 0.002537 0.491768 
0.002784 0.002784 0.991647 0.002784 
0.250000 0.250000 0.250000 0.250000 
 134
0.479817 0.002432 0.046210 
0.462778 0.995031 0.462022 
0.057405 0.002537 0.491768 
0.003600 0.002784 0.990831 0.002784 
0.250000 0.250000 0.250000 0.250000 
 135
0.479817 0.002432 0.046210 
0.462778 0.995031 0.462022 
0.057405 0.002537 0.491768 
0.990181 0.002784 0.004250 0.002784 
0.250000 0.250000 0.250000 0.250000 
 136
0.479817 0.002432 0.046210 
0.462778 0.995031 0.462022 
0.057405 0.002537 0.491768 
0.006236 0.002784 0.420189 0.570791 
0.250000 0.250000 0.250000 0.250000 
 137
0.479817 0.002432 0.046210 
0.462778 0.995031 0.462022 
0.057405 0.002537 0.491768 
0.005306 0.003187 0.972603 0.018904 
0.250000 0.250000 0.250000 0.250000 
 138
0.479817 0.002432 0.046210 
0.462778 0.995031 0.462022 
0.057405 0.002537 0.491768 
0.002784 0.006858 0.003238 0.987120 
0.250000 0.250000 0.250000 0.250000 
 139
0.479817 0.002432 0.046210 
0.462778 0.995031 0.462022 
0.057405 0.002537 0.491768 
0.008042 0.154408 0.009051 0.828499 
0.250000 0.250000 0.250000 0.250000 
 140
0.479817 0.002432 0.046210 
0.462778 0.995031 0.462022 
0.057405 0.002537 0.491768 
0.990298 0.003440 0.002784 0.003478 
0.250000 0.250000 0.250000 0.250000 
 141
0.479817 0.002432 0.046210 
0.462778 0.995031 0.462022 
0.057405 0.002537 0.491768 
0.002784 0.003697 0.025660 0.967858 
0.250000 0.250000 0.250000 0.250000 
 142
0.479817 0.002432 0.046210 
0.462778 0.995031 0.462022 
0.057405 0.002537 0.491768 
0.002784 0.002784 0.297358 0.697073 
0.250000 0.250000 0.250000 0.250000 
 143
0.479817 0.002432 0.046210 
0.462778 0.995031 0.462022 
0.057405 0.002537 0.491768 
0.002784 0.002784 0.002784 0.991647 
0.250000 0.250000 0.250000 0.250000 
 144
0.479817 0.002432 0.046210 
0.462778 0.995031 0.462022 
0.057405 0.002537 0.491768 
0.002784 0.003307 0.986047 0.007862 
0.250000 0.250000 0.250000 0.250000 
 145
0.479817 0.002432 0.046210 
0.462778 0.995031 0.462022 
0.057405 0.002537 0.491768 
0.003140 0.003211 0.260563 0.733087 
0.250000 0.250000 0.250000 0.250000 
 146
0.479817 0.002432 0.046210 
0.462778 0.995031 0.462022 
0.057405 0.002537 0.491768 
0.002784 0.002784 0.003906 0.990525 
0.250000 0.250000 0.250000 0.250000 
 147
0.479817 0.002432 0.046210 
0.462778 0.995031 0.462022 
0.057405 0.002537 0.491768 
0.002784 0.002784 0.990890 0.003541 
0.250000 0.250000 0.250000 0.250000 
 148
0.479817 0.002432 0.046210 
0.462778 0.995031 0.462022 
0.057405 0.002537 0.491768 
0.918746 0.075686 0.002784 0.002784 
0.250000 0.250000 0.250000 0.250000 
 149
0.479817 0.002432 0.046210 
0.462778 0.995031 0.462022 
0.057405 0.002537 0.491768 
0.990133 0.003843 0.002784 0.003240 
0.250000 0.250000 0.250000 0.250000 
 150
0.479817 0.002432 0.046210 
0.462778 0.995031 0.462022 
0.057405 0.002537 0.491768 
0.990828 0.003601 0.002785 0.002785 
0.250000 0.250000 0.250000 0.250000 
 151
0.479817 0.002432 0.046210 
0.462778 0.995031 0.462022 
0.057405 0.002537 0.491768 
0.003349 0.002784 0.723892 0.269975 
0.250000 0.250000 0.250000 0.250000 
 152
0.479817 0.002432 0.046210 
0.462778 0.995031 0.462022 
0.057405 0.002537 0.491768 
0.002784 0.003249 0.004841 0.989126 
0.250000 0.250000 0.250000 0.250000 
 153
0.479817 0.002432 0.046210 
0.462778 0.995031 0.462022 
0.057405 0.002537 0.491768 
0.002784 0.002784 0.003514 0.990917 
0.250000 0.250000 0.250000 0.250000 
 154
0.479817 0.002432 0.046210 
0.462778 0.995031 0.462022 
0.057405 0.002537 0.491768 
0.008033 0.002785 0.797955 0.191228 
0.250000 0.250000 0.250000 0.250000 
 155
0.479817 0.002432 0.046210 
0.462778 0.995031 0.462022 
0.057405 0.002537 0.491768 
0.003515 0.002784 0.004334 0.989367 
0.250000 0.250000 0.250000 0.250000 
 156
0.479817 0.002432 0.046210 
0.462778 0.995031 0.462022 
0.057405 0.002537 0.491768 
0.002784 0.991647 0.002784 0.002784 
0.250000 0.250000 0.250000 0.250000 
 157
0.479817 0.002432 0.046210 
0.462778 0.995031 0.462022 
0.057405 0.002537 0.491768 
0.664684 0.140040 0.006399 0.188877 
0.250000 0.250000 0.250000 0.250000 
 158
0.479817 0.002432 0.046210 
0.462778 0.995031 0.462022 
0.057405 0.002537 0.491768 
0.002785 0.002785 0.990302 0.004129 
0.250000 0.250000 0.250000 0.250000 
 159
0.479817 0.002432 0.046210 
0.462778 0.995031 0.462022 
0.057405 0.002537 0.491768 
0.002784 0.002784 0.447286 0.547145 
0.250000 0.250000 0.250000 0.250000 
 160
0.479817 0.002432 0.046210 
0.462778 0.995031 0.462022 
0.057405 0.002537 0.491768 
0.003237 0.002784 0.774901 0.219078 
0.250000 0.250000 0.250000 0.250000 
 161
0.479817 0.002432 0.046210 
0.462778 0.995031 0.462022 
0.057405 0.002537 0.491768 
0.991647 0.002784 0.002784 0.002784 
0.250000 0.250000 0.250000 0.250000 
 162
0.479817 0.002432 0.046210 
0.462778 0.995031 0.462022 
0.057405 0.002537 0.491768 
0.811254 0.182682 0.002784 0.003279 
0.250000 0.250000 0.250000 0.250000 
 163
0.479817 0.002432 0.046210 
0.462778 0.995031 0.462022 
0.057405 0.002537 0.491768 
0.002784 0.002784 0.284514 0.709917 
0.250000 0.250000 0.250000 0.250000 
 164
0.479817 0.002432 0.046210 
0.462778 0.995031 0.462022 
0.057405 0.002537 0.491768 
0.003599 0.002784 0.004427 0.989190 
0.250000 0.250000 0.250000 0.250000 
 165
0.479817 0.002432 0.046210 
0.462778 0.995031 0.462022 
0.057405 0.002537 0.491768 
0.002784 0.833343 0.157267 0.006605 
0.250000 0.250000 0.250000 0.250000 
 166
0.479817 0.002432 0.046210 
0.462778 0.995031 0.462022 
0.057405 0.002537 0.491768 
0.007295 0.038517 0.210961 0.743227 
0.250000 0.250000 0.250000 0.250000 
 167
0.479817 0.002432 0.046210 
0.462778 0.995031 0.462022 
0.057405 0.002537 0.491768 
0.002784 0.003275 0.007628 0.986313 
0.250000 0.250000 0.250000 0.250000 
 168
0.479817 0.002432 0.046210 
0.462778 0.995031 0.462022 
0.057405 0.002537 0.491768 
0.003556 0.005218 0.981079 0.010146 
0.250000 0.250000 0.250000 0.250000 
 169
0.479817 0.002432 0.046210 
0.462778 0.995031 0.462022 
0.057405 0.002537 0.491768 
0.004173 0.002784 0.089685 0.903358 
0.250000 0.250000 0.250000 0.250000 
 170
0.479817 0.002432 0.046210 
0.462778 0.995031 0.462022 
0.057405 0.002537 0.491768 
0.002784 0.002784 0.990933 0.003498 
0.250000 0.250000 0.250000 0.250000 
 171
0.479817 0.002432 0.046210 
0.462778 0.995031 0.462022 
0.057405 0.002537 0.491768 
0.002784 0.858075 0.002784 0.136356 
0.250000 0.250000 0.250000 0.250000 
 172
0.479817 0.002432 0.046210 
0.462778 0.995031 0.462022 
0.057405 0.002537 0.491768 
0.004764 0.005218 0.987233 0.002784 
0.250000 0.250000 0.250000 0.250000 
 173
0.479817 0.002432 0.046210 
0.462778 0.995031 0.462022 
0.057405 0.002537 0.491768 
0.002784 0.002784 0.991647 0.002784 
0.250000 0.250000 0.250000 0.250000 
 174
0.479817 0.002432 0.046210 
0.462778 0.995031 0.462022 
0.057405 0.002537 0.491768 
0.989519 0.002784 0.004912 0.002784 
0.250000 0.250000 0.250000 0.250000 
 175
0.479817 0.002432 0.046210 
0.462778 0.995031 0.462022 
0.057405 0.002537 0.491768 
0.006928 0.012055 0.208412 0.772606 
0.250000 0.250000 0.250000 0.250000 
 176
0.479817 0.002432 0.046210 
0.462778 0.995031 0.462022 
0.057405 0.002537 0.491768 
0.004418 0.158091 0.017847 0.819644 
0.250000 0.250000 0.250000 0.250000 
 177
0.479817 0.002432 0.046210 
0.462778 0.995031 0.462022 
0.057405 0.002537 0.491768 
0.002784 0.004575 0.014040 0.978601 
0.250000 0.250000 0.250000 0.250000 
 178
0.479817 0.002432 0.046210 
0.462778 0.995031 0.462022 
0.057405 0.002537 0.491768 
0.155680 0.008835 0.107583 0.727901 
0.250000 0.250000 0.250000 0.250000 
 179
0.479817 0.002432 0.046210 
0.462778 0.995031 0.462022 
0.057405 0.002537 0.491768 
0.004389 0.159059 0.584400 0.252152 
0.250000 0.250000 0.250000 0.250000 
 180
0.479817 0.002432 0.046210 
0.462778 0.995031 0.462022 
0.057405 0.002537 0.491768 
0.007272 0.004706 0.975306 0.012716 
0.250000 0.250000 0.250000 0.250000 
 181
0.479817 0.002432 0.046210 
0.462778 0.995031 0.462022 
0.057405 0.002537 0.491768 
0.240719 0.751279 0.002784 0.005218 
0.250000 0.250000 0.250000 0.250000 
 182
0.479817 0.002432 0.046210 
0.462778 0.995031 0.462022 
0.057405 0.002537 0.491768 
0.002784 0.009663 0.002784 0.984768 
0.250000 0.250000 0.250000 0.250000 
 183
0.479817 0.002432 0.046210 
0.462778 0.995031 0.462022 
0.057405 0.002537 0.491768 
0.002784 0.002784 0.002784 0.991647 
0.250000 0.250000 0.250000 0.250000 
 184
0.479817 0.002432 0.046210 
0.462778 0.995031 0.462022 
0.057405 0.002537 0.491768 
0.002784 0.002784 0.031554 0.962877 
0.250000 0.250000 0.250000 0.250000 
 185
0.479817 0.002432 0.046210 
0.462778 0.995031 0.462022 
0.057405 0.002537 0.491768 
0.002784 0.004912 0.979608 0.012695 
0.250000 0.250000 0.250000 0.250000 
 186
0.479817 0.002432 0.046210 
0.462778 0.995031 0.462022 
0.057405 0.002537 0.491768 
0.002784 0.003436 0.002784 0.990995 
0.250000 0.250000 0.250000 0.250000 
 187
0.479817 0.002432 0.046210 
0.462778 0.995031 0.462022 
0.057405 0.002537 0.491768 
0.080954 0.912580 0.002784 0.003682 
0.250000 0.250000 0.250000 0.250000 
 188
0.479817 0.002432 0.046210 
0.462778 0.995031 0.462022 
0.057405 0.002537 0.491768 
0.103516 0.020460 0.551099 0.324925 
0.250000 0.250000 0.250000 0.250000 
 189
0.479817 0.002432 0.046210 
0.462778 0.995031 0.462022 
0.057405 0.002537 0.491768 
0.003151 0.054908 0.004749 0.937192 
0.250000 0.250000 0.250000 0.250000 
 190
0.479817 0.002432 0.046210 
0.462778 0.995031 0.462022 
0.057405 0.002537 0.491768 
0.002784 0.002784 0.239165 0.755266 
0.250000 0.250000 0.250000 0.250000 
 191
0.479817 0.002432 0.046210 
0.462778 0.995031 0.462022 
0.057405 0.002537 0.491768 
0.003164 0.006852 0.004491 0.985493 
0.250000 0.250000 0.250000 0.250000 
 192
0.479817 0.002432 0.046210 
0.462778 0.995031 0.462022 
0.057405 0.002537 0.491768 
0.002784 0.991647 0.002784 0.002784 
0.250000 0.250000 0.250000 0.250000 
 193
0.479817 0.002432 0.046210 
0.462778 0.995031 0.462022 
0.057405 0.002537 0.491768 
0.045449 0.902008 0.007465 0.045078 
0.250000 0.250000 0.250000 0.250000 
 194
0.479817 0.002432 0.046210 
0.462778 0.995031 0.462022 
0.057405 0.002537 0.491768 
0.987708 0.006244 0.003264 0.002784 
0.250000 0.250000 0.250000 0.250000 
 195
0.479817 0.002432 0.046210 
0.462778 0.995031 0.462022 
0.057405 0.002537 0.491768 
0.024377 0.967539 0.003541 0.004543 
0.250000 0.250000 0.250000 0.250000 
 196
0.479817 0.002432 0.046210 
0.462778 0.995031 0.462022 
0.057405 0.002537 0.491768 
0.096420 0.708024 0.012362 0.183194 
0.250000 0.250000 0.250000 0.250000 
 197
0.479817 0.002432 0.046210 
0.462778 0.995031 0.462022 
0.057405 0.002537 0.491768 
0.124452 0.654684 0.003396 0.217468 
0.250000 0.250000 0.250000 0.250000 
 198
0.479817 0.002432 0.046210 
0.462778 0.995031 0.462022 
0.057405 0.002537 0.491768 
0.977777 0.013955 0.003172 0.005096 
0.250000 0.250000 0.250000 0.250000 
 199
0.479817 0.002432 0.046210 
0.462778 0.995031 0.462022 
0.057405 0.002537 0.491768 
0.124455 0.868720 0.003582 0.003243 
0.250000 0.250000 0.250000 0.250000 
 200
0.479817 0.002432 0.046210 
0.462778 0.995031 0.462022 
0.057405 0.002537 0.491768 
0.009716 0.002784 0.002784 0.984715 
0.250000 0.250000 0.250000 0.250000 
 201
0.479817 0.002432 0.046210 
0.462778 0.995031 0.462022 
0.057405 0.002537 0.491768 
0.012135 0.982296 0.002784 0.002784 
0.250000 0.250000 0.250000 0.250000 
 202
0.479817 0.002432 0.046210 
0.462778 0.995031 0.462022 
0.057405 0.002537 0.491768 
0.273155 0.716560 0.002784 0.007500 
0.250000 0.250000 0.250000 0.250000 
 203
0.479817 0.002432 0.046210 
0.462778 0.995031 0.462022 
0.057405 0.002537 0.491768 
0.987829 0.005218 0.003581 0.003371 
0.250000 0.250000 0.250000 0.250000 
 204
0.479817 0.002432 0.046210 
0.462778 0.995031 0.462022 
0.057405 0.002537 0.491768 
0.110570 0.880064 0.003800 0.005566 
0.250000 0.250000 0.250000 0.250000 
 205
0.479817 0.002432 0.046210 
0.462778 0.995031 0.462022 
0.057405 0.002537 0.491768 
0.029757 0.959683 0.007406 0.003154 
0.250000 0.250000 0.250000 0.250000 
 206
0.479817 0.002432 0.046210 
0.462778 0.995031 0.462022 
0.057405 0.002537 0.491768 
0.005880 0.002784 0.003858 0.987478 
0.250000 0.250000 0.250000 0.250000 
 207
0.479817 0.002432 0.046210 
0.462778 0.995031 0.462022 
0.057405 0.002537 0.491768 
0.002785 0.002785 0.989429 0.005002 
0.250000 0.250000 0.250000 0.250000 
 208
0.479817 0.002432 0.046210 
0.462778 0.995031 0.462022 
0.057405 0.002537 0.491768 
0.002785 0.004828 0.320768 0.671618 
0.250000 0.250000 0.250000 0.250000 
 209
0.479817 0.002432 0.046210 
0.462778 0.995031 0.462022 
0.057405 0.002537 0.491768 
0.002784 0.004912 0.989008 0.003296 
0.250000 0.250000 0.250000 0.250000 
 210
0.479817 0.002432 0.046210 
0.462778 0.995031 0.462022 
0.057405 0.002537 0.491768 
0.002784 0.002784 0.988711 0.005721 
0.250000 0.250000 0.250000 0.250000 
 211
0.479817 0.002432 0.046210 
0.462778 0.995031 0.462022 
0.057405 0.002537 0.491768 
0.004876 0.006520 0.932480 0.056123 
0.250000 0.250000 0.250000 0.250000 
 212
0.479817 0.002432 0.046210 
0.462778 0.995031 0.462022 
0.057405 0.002537 0.491768 
0.948640 0.044592 0.003594 0.003175 
0.250000 0.250000 0.250000 0.250000 
 213
0.479817 0.002432 0.046210 
0.462778 0.995031 0.462022 
0.057405 0.002537 0.491768 
0.005735 0.045574 0.034318 0.914373 
0.250000 0.250000 0.250000 0.250000 
 214
0.479817 0.002432 0.046210 
0.462778 0.995031 0.462022 
0.057405 0.002537 0.491768 
0.002785 0.004085 0.449877 0.543254 
0.250000 0.250000 0.250000 0.250000 
 215
0.479817 0.002432 0.046210 
0.462778 0.995031 0.462022 
0.057405 0.002537 0.491768 
0.002784 0.002784 0.988838 0.005593 
0.250000 0.250000 0.250000 0.250000 
 216
0.479817 0.002432 0.046210 
0.462778 0.995031 0.462022 
0.057405 0.002537 0.491768 
0.005880 0.002784 0.002784 0.988551 
0.250000 0.250000 0.250000 0.250000 
 217
0.479817 0.002432 0.046210 
0.462778 0.995031 0.462022 
0.057405 0.002537 0.491768 
0.002784 0.002784 0.988717 0.005715 
0.250000 0.250000 0.250000 0.250000 
 218
0.479817 0.002432 0.046210 
0.462778 0.995031 0.462022 
0.057405 0.002537 0.491768 
0.990415 0.003242 0.003558 0.002784 
0.250000 0.250000 0.250000 0.250000 
 219
0.479817 0.002432 0.046210 
0.462778 0.995031 0.462022 
0.057405 0.002537 0.491768 
0.002784 0.003754 0.009561 0.983900 
0.250000 0.250000 0.250000 0.250000 
 220
0.479817 0.002432 0.046210 
0.462778 0.995031 0.462022 
0.057405 0.002537 0.491768 
0.004290 0.034072 0.460153 0.501486 
0.250000 0.250000 0.250000 0.250000 
 221
0.479817 0.002505 0.046210 
0.462778 0.994958 0.462022 
0.057294 0.002537 0.491768 
0.932547 0.060716 0.002785 0.003952 
0.250000 0.250000 0.250000 0.250000 
 222
0.480822 0.002432 0.046210 
0.461884 0.995030 0.462022 
0.057294 0.002537 0.491768 
0.049683 0.013690 0.921159 0.015468 
0.250000 0.250000 0.250000 0.250000 
 223
0.480822 0.002432 0.046210 
0.461884 0.995030 0.462022 
0.057294 0.002537 0.491768 
0.156628 0.229745 0.010243 0.603384 
0.250000 0.250000 0.250000 0.250000 
 224
0.478891 0.002432 0.046210 
0.463815 0.995030 0.462022 
0.057405 0.002537 0.491768 
0.006291 0.985044 0.003310 0.005355 
0.250000 0.250000 0.250000 0.250000 
 225
0.479817 0.002432 0.046210 
0.462778 0.995031 0.462022 
0.057405 0.002537 0.491768 
0.166622 0.004086 0.634320 0.194972 
0.250000 0.250000 0.250000 0.250000 
 226
0.479817 0.002432 0.046210 
0.462778 0.995031 0.462022 
0.057405 0.002537 0.491768 
0.006363 0.003849 0.127725 0.862063 
0.250000 0.250000 0.250000 0.250000 
 227
0.479817 0.002508 0.046210 
0.462778 0.994954 0.462022 
0.057288 0.002537 0.491768 
0.002785 0.003310 0.007764 0.986141 
0.250000 0.250000 0.250000 0.250000 
 228
0.480876 0.002432 0.046210 
0.461836 0.995030 0.462022 
0.057288 0.002537 0.491768 
0.002785 0.002785 0.986590 0.007841 
0.250000 0.250000 0.250000 0.250000 
 229
0.480876 0.002432 0.046210 
0.461836 0.995030 0.462022 
0.057288 0.002537 0.491768 
0.005881 0.003361 0.193021 0.797737 
0.250000 0.250000 0.250000 0.250000 
 230
0.478841 0.002432 0.046210 
0.463871 0.995030 0.462022 
0.057405 0.002537 0.491768 
0.002784 0.002784 0.990402 0.004029 
0.250000 0.250000 0.250000 0.250000 
 231
0.479817 0.002432 0.046210 
0.462778 0.995031 0.462022 
0.057405 0.002537 0.491768 
0.002785 0.002785 0.991646 0.002785 
0.250000 0.250000 0.250000 0.250000 
 232
0.479817 0.002432 0.046210 
0.462778 0.995031 0.462022 
0.057405 0.002537 0.491768 
0.990359 0.004073 0.002784 0.002784 
0.250000 0.250000 0.250000 0.250000 
 233
0.479817 0.002432 0.046210 
0.462778 0.995031 0.462022 
0.057405 0.002537 0.491768 
0.990846 0.003585 0.002784 0.002784 
0.250000 0.250000 0.250000 0.250000 
 234
0.479817 0.002432 0.046210 
0.462778 0.995031 0.462022 
0.057405 0.002537 0.491768 
0.003395 0.989772 0.002784 0.004049 
0.250000 0.250000 0.250000 0.250000 
 235
0.479817 0.002432 0.046210 
0.462778 0.995031 0.462022 
0.057405 0.002537 0.491768 
0.004322 0.005218 0.957463 0.032997 
0.250000 0.250000 0.250000 0.250000 
 236
0.479817 0.002432 0.046210 
0.462778 0.995031 0.462022 
0.057405 0.002537 0.491768 
