%  SAM: modelfromalign v3.5 (July 15, 2005) compiled 03/03/09_11:47:37
%  (c) 1992-2001 Regents of the University of California, Santa Cruz
%
%          Sequence Alignment and Modeling Software System
%         http://www.cse.ucsc.edu/research/compbio/sam.html
%
% ----------------- Citations (SAM, SAM-T2K, HMMs) --------------------
% R. Hughey, A. Krogh, Hidden Markov models for sequence analysis:
%  Extension and analysis of the basic method, CABIOS 12:95-107, 1996.
% K. Karplus, et al., What is the value added by human intervention in protein
%  structure prediction, Proteins: Stucture, Function, Genetics 45(S5):86--91, 2001.
% A. Krogh et al., Hidden Markov models in computational biology:
%  Applications to protein modeling, JMB 235:1501-1531, Feb 1994.
% ---------------------------------------------------------------------
%  A_PB2_hmm   Host: m222714.cdc.gov    Wed May 21 18:07:25 2014
%  vfn4        Dir:  /Volumes/gf_atl_2012/Genotyping/IRMA/segments/PB2
% ---------------------------------------------------------------------
%  Alignment weights from internal calc.  Total (100.26) Max (0.40) Min (0.00)
%  Weights from alignment method 1 (karplus), b=-1.000000, e=0.500000
MODEL --  Model from alignment file rev/A_PB2.fasta
alphabet DNA
FREQAVE
0.000000 0.000000 0.000000 
0.000000 0.000000 0.000000 
0.000000 0.000000 0.000000 
0.219429 0.186889 0.254808 0.338874 
0.219429 0.186889 0.254808 0.338874 
Begin
0.000000 0.000000 0.000000 
0.000000 0.000000 0.000000 
0.000000 0.002287 0.491768 
0.250000 0.250000 0.250000 0.250000 
0.250000 0.250000 0.250000 0.250000 
   1
0.000000 0.002192 0.046210 
0.000000 0.995521 0.462022 
0.057405 0.002287 0.491768 
0.002469 0.002469 0.763342 0.231720 
0.250000 0.250000 0.250000 0.250000 
   2
0.479817 0.002192 0.046210 
0.462778 0.995521 0.462022 
0.057405 0.002287 0.491768 
0.002469 0.002469 0.003028 0.992034 
0.250000 0.250000 0.250000 0.250000 
   3
0.479817 0.002192 0.046210 
0.462778 0.995521 0.462022 
0.057405 0.002287 0.491768 
0.992594 0.002469 0.002469 0.002469 
0.250000 0.250000 0.250000 0.250000 
   4
0.479817 0.002192 0.046210 
0.462778 0.995521 0.462022 
0.057405 0.002287 0.491768 
0.986821 0.006123 0.002840 0.004217 
0.250000 0.250000 0.250000 0.250000 
   5
0.479817 0.002192 0.046210 
0.462778 0.995521 0.462022 
0.057405 0.002287 0.491768 
0.008290 0.002469 0.002829 0.986412 
0.250000 0.250000 0.250000 0.250000 
   6
0.479817 0.002192 0.046210 
0.462778 0.995521 0.462022 
0.057405 0.002287 0.491768 
0.016260 0.003492 0.002469 0.977779 
0.250000 0.250000 0.250000 0.250000 
   7
0.479817 0.002192 0.046210 
0.462778 0.995521 0.462022 
0.057405 0.002287 0.491768 
0.013670 0.980930 0.002932 0.002469 
0.250000 0.250000 0.250000 0.250000 
   8
0.479817 0.002192 0.046210 
0.462778 0.995521 0.462022 
0.057405 0.002287 0.491768 
0.986986 0.007424 0.002469 0.003121 
0.250000 0.250000 0.250000 0.250000 
   9
0.479817 0.002192 0.046210 
0.462778 0.995521 0.462022 
0.057405 0.002287 0.491768 
0.003502 0.002469 0.002958 0.991071 
0.250000 0.250000 0.250000 0.250000 
  10
0.479817 0.002192 0.046210 
0.462778 0.995521 0.462022 
0.057405 0.002287 0.491768 
0.006409 0.988654 0.002469 0.002469 
0.250000 0.250000 0.250000 0.250000 
  11
0.479817 0.002192 0.046210 
0.462778 0.995521 0.462022 
0.057405 0.002287 0.491768 
0.002872 0.990158 0.003900 0.003070 
0.250000 0.250000 0.250000 0.250000 
  12
0.479817 0.002192 0.046210 
0.462778 0.995521 0.462022 
0.057405 0.002287 0.491768 
0.002469 0.002748 0.991844 0.002939 
0.250000 0.250000 0.250000 0.250000 
  13
0.479817 0.002192 0.046210 
0.462778 0.995521 0.462022 
0.057405 0.002287 0.491768 
0.003517 0.003070 0.989671 0.003742 
0.250000 0.250000 0.250000 0.250000 
  14
0.479817 0.002192 0.046210 
0.462778 0.995521 0.462022 
0.057405 0.002287 0.491768 
0.989011 0.005723 0.002469 0.002798 
0.250000 0.250000 0.250000 0.250000 
  15
0.479817 0.002192 0.046210 
0.462778 0.995521 0.462022 
0.057405 0.002287 0.491768 
0.007681 0.002469 0.004702 0.985148 
0.250000 0.250000 0.250000 0.250000 
  16
0.479817 0.002192 0.046210 
0.462778 0.995521 0.462022 
0.057405 0.002287 0.491768 
0.002918 0.006513 0.915958 0.074612 
0.250000 0.250000 0.250000 0.250000 
  17
0.479817 0.002192 0.046210 
0.462778 0.995521 0.462022 
0.057405 0.002287 0.491768 
0.003475 0.002828 0.989107 0.004590 
0.250000 0.250000 0.250000 0.250000 
  18
0.479817 0.002192 0.046210 
0.462778 0.995521 0.462022 
0.057405 0.002287 0.491768 
0.002982 0.992080 0.002469 0.002469 
0.250000 0.250000 0.250000 0.250000 
  19
0.479817 0.002192 0.046210 
0.462778 0.995521 0.462022 
0.057405 0.002287 0.491768 
0.991145 0.003711 0.002469 0.002675 
0.250000 0.250000 0.250000 0.250000 
  20
0.479817 0.002192 0.046210 
0.462778 0.995521 0.462022 
0.057405 0.002287 0.491768 
0.991964 0.002469 0.003098 0.002469 
0.250000 0.250000 0.250000 0.250000 
  21
0.479817 0.002192 0.046210 
0.462778 0.995521 0.462022 
0.057405 0.002287 0.491768 
0.002781 0.018206 0.003487 0.975527 
0.250000 0.250000 0.250000 0.250000 
  22
0.479817 0.002192 0.046210 
0.462778 0.995521 0.462022 
0.057405 0.002287 0.491768 
0.003434 0.002469 0.128250 0.865848 
0.250000 0.250000 0.250000 0.250000 
  23
0.479817 0.002192 0.046210 
0.462778 0.995521 0.462022 
0.057405 0.002287 0.491768 
0.002469 0.002469 0.991659 0.003404 
0.250000 0.250000 0.250000 0.250000 
  24
0.479817 0.002192 0.046210 
0.462778 0.995521 0.462022 
0.057405 0.002287 0.491768 
0.002469 0.002890 0.002669 0.991972 
0.250000 0.250000 0.250000 0.250000 
  25
0.479817 0.002192 0.046210 
0.462778 0.995521 0.462022 
0.057405 0.002287 0.491768 
0.002469 0.004680 0.003490 0.989361 
0.250000 0.250000 0.250000 0.250000 
  26
0.479817 0.002192 0.046210 
0.462778 0.995521 0.462022 
0.057405 0.002287 0.491768 
0.002682 0.004680 0.003704 0.988933 
0.250000 0.250000 0.250000 0.250000 
  27
0.479817 0.002192 0.046210 
0.462778 0.995521 0.462022 
0.057405 0.002287 0.491768 
0.002469 0.003062 0.002469 0.992000 
0.250000 0.250000 0.250000 0.250000 
  28
0.479817 0.002192 0.046210 
0.462778 0.995521 0.462022 
0.057405 0.002287 0.491768 
0.002469 0.992594 0.002469 0.002469 
0.250000 0.250000 0.250000 0.250000 
  29
0.479817 0.002192 0.046210 
0.462778 0.995521 0.462022 
0.057405 0.002287 0.491768 
0.002469 0.987868 0.004680 0.004983 
0.250000 0.250000 0.250000 0.250000 
  30
0.479817 0.002192 0.046210 
0.462778 0.995521 0.462022 
0.057405 0.002287 0.491768 
0.003107 0.002469 0.004680 0.989744 
0.250000 0.250000 0.250000 0.250000 
  31
0.479817 0.002192 0.046210 
0.462778 0.995521 0.462022 
0.057405 0.002287 0.491768 
0.004835 0.002469 0.989892 0.002805 
0.250000 0.250000 0.250000 0.250000 
  32
0.479817 0.002192 0.046210 
0.462778 0.995521 0.462022 
0.057405 0.002287 0.491768 
0.006409 0.986442 0.002469 0.004680 
0.250000 0.250000 0.250000 0.250000 
  33
0.479817 0.002192 0.046210 
0.462778 0.995521 0.462022 
0.057405 0.002287 0.491768 
0.002469 0.002469 0.990382 0.004680 
0.250000 0.250000 0.250000 0.250000 
  34
0.479817 0.002192 0.046210 
0.462778 0.995521 0.462022 
0.057405 0.002287 0.491768 
0.002469 0.002469 0.003024 0.992038 
0.250000 0.250000 0.250000 0.250000 
  35
0.479817 0.002192 0.046210 
0.462778 0.995521 0.462022 
0.057405 0.002287 0.491768 
0.002469 0.992594 0.002469 0.002469 
0.250000 0.250000 0.250000 0.250000 
  36
0.479817 0.002192 0.046210 
0.462778 0.995521 0.462022 
0.057405 0.002287 0.491768 
0.002469 0.002469 0.004992 0.990071 
0.250000 0.250000 0.250000 0.250000 
  37
0.479817 0.002192 0.046210 
0.462778 0.995521 0.462022 
0.057405 0.002287 0.491768 
0.002900 0.002469 0.989951 0.004681 
0.250000 0.250000 0.250000 0.250000 
  38
0.479817 0.002192 0.046210 
0.462778 0.995521 0.462022 
0.057405 0.002287 0.491768 
0.002469 0.007195 0.006802 0.983534 
0.250000 0.250000 0.250000 0.250000 
  39
0.479817 0.002192 0.046210 
0.462778 0.995521 0.462022 
0.057405 0.002287 0.491768 
0.002469 0.992594 0.002469 0.002469 
0.250000 0.250000 0.250000 0.250000 
  40
0.479817 0.002192 0.046210 
0.462778 0.995521 0.462022 
0.057405 0.002287 0.491768 
0.032362 0.962414 0.002469 0.002755 
0.250000 0.250000 0.250000 0.250000 
  41
0.479817 0.002192 0.046210 
0.462778 0.995521 0.462022 
0.057405 0.002287 0.491768 
0.007002 0.002469 0.987182 0.003347 
0.250000 0.250000 0.250000 0.250000 
  42
0.479817 0.002192 0.046210 
0.462778 0.995521 0.462022 
0.057405 0.002287 0.491768 
0.002675 0.002656 0.002940 0.991729 
0.250000 0.250000 0.250000 0.250000 
  43
0.479817 0.002192 0.046210 
0.462778 0.995521 0.462022 
0.057405 0.002287 0.491768 
0.011685 0.981166 0.002469 0.004680 
0.250000 0.250000 0.250000 0.250000 
  44
0.479817 0.002192 0.046210 
0.462778 0.995521 0.462022 
0.057405 0.002287 0.491768 
0.002469 0.004680 0.002469 0.990382 
0.250000 0.250000 0.250000 0.250000 
  45
0.479817 0.002192 0.046210 
0.462778 0.995521 0.462022 
0.057405 0.002287 0.491768 
0.002469 0.002469 0.992594 0.002469 
0.250000 0.250000 0.250000 0.250000 
  46
0.479817 0.002192 0.046210 
0.462778 0.995521 0.462022 
0.057405 0.002287 0.491768 
0.988331 0.006732 0.002469 0.002469 
0.250000 0.250000 0.250000 0.250000 
  47
0.479817 0.002192 0.046210 
0.462778 0.995521 0.462022 
0.057405 0.002287 0.491768 
0.004651 0.990411 0.002469 0.002469 
0.250000 0.250000 0.250000 0.250000 
  48
0.479817 0.002192 0.046210 
0.462778 0.995521 0.462022 
0.057405 0.002287 0.491768 
0.002469 0.004323 0.002469 0.990740 
0.250000 0.250000 0.250000 0.250000 
  49
0.479817 0.002192 0.046210 
0.462778 0.995521 0.462022 
0.057405 0.002287 0.491768 
0.989839 0.002469 0.002469 0.005223 
0.250000 0.250000 0.250000 0.250000 
  50
0.479817 0.002192 0.046210 
0.462778 0.995521 0.462022 
0.057405 0.002287 0.491768 
0.992594 0.002469 0.002469 0.002469 
0.250000 0.250000 0.250000 0.250000 
  51
0.479817 0.002192 0.046210 
0.462778 0.995521 0.462022 
0.057405 0.002287 0.491768 
0.002680 0.990171 0.002469 0.004680 
0.250000 0.250000 0.250000 0.250000 
  52
0.479817 0.002192 0.046210 
0.462778 0.995521 0.462022 
0.057405 0.002287 0.491768 
0.002764 0.002469 0.002678 0.992089 
0.250000 0.250000 0.250000 0.250000 
  53
0.479817 0.002192 0.046210 
0.462778 0.995521 0.462022 
0.057405 0.002287 0.491768 
0.990700 0.003525 0.003306 0.002469 
0.250000 0.250000 0.250000 0.250000 
  54
0.479817 0.002192 0.046210 
0.462778 0.995521 0.462022 
0.057405 0.002287 0.491768 
0.004983 0.002940 0.002469 0.989608 
0.250000 0.250000 0.250000 0.250000 
  55
0.479817 0.002192 0.046210 
0.462778 0.995521 0.462022 
0.057405 0.002287 0.491768 
0.006981 0.988082 0.002469 0.002469 
0.250000 0.250000 0.250000 0.250000 
  56
0.479817 0.002192 0.046210 
0.462778 0.995521 0.462022 
0.057405 0.002287 0.491768 
0.002685 0.004983 0.989693 0.002639 
0.250000 0.250000 0.250000 0.250000 
  57
0.479817 0.002192 0.046210 
0.462778 0.995521 0.462022 
0.057405 0.002287 0.491768 
0.003041 0.002678 0.003063 0.991218 
0.250000 0.250000 0.250000 0.250000 
  58
0.479817 0.002192 0.046210 
0.462778 0.995521 0.462022 
0.057405 0.002287 0.491768 
0.939938 0.019963 0.004509 0.035589 
0.250000 0.250000 0.250000 0.250000 
  59
0.479817 0.002192 0.046210 
0.462778 0.995521 0.462022 
0.057405 0.002287 0.491768 
0.006457 0.988375 0.002469 0.002699 
0.250000 0.250000 0.250000 0.250000 
  60
0.479817 0.002192 0.046210 
0.462778 0.995521 0.462022 
0.057405 0.002287 0.491768 
0.991165 0.002469 0.003662 0.002704 
0.250000 0.250000 0.250000 0.250000 
  61
0.479817 0.002192 0.046210 
0.462778 0.995521 0.462022 
0.057405 0.002287 0.491768 
0.003347 0.991716 0.002469 0.002469 
0.250000 0.250000 0.250000 0.250000 
  62
0.479817 0.002192 0.046210 
0.462778 0.995521 0.462022 
0.057405 0.002287 0.491768 
0.002469 0.002469 0.002772 0.992289 
0.250000 0.250000 0.250000 0.250000 
  63
0.479817 0.002192 0.046210 
0.462778 0.995521 0.462022 
0.057405 0.002287 0.491768 
0.002469 0.002469 0.971141 0.023921 
0.250000 0.250000 0.250000 0.250000 
  64
0.479817 0.002192 0.046210 
0.462778 0.995521 0.462022 
0.057405 0.002287 0.491768 
0.012278 0.002469 0.967125 0.018128 
0.250000 0.250000 0.250000 0.250000 
  65
0.479817 0.002192 0.046210 
0.462778 0.995521 0.462022 
0.057405 0.002287 0.491768 
0.002469 0.005763 0.988483 0.003285 
0.250000 0.250000 0.250000 0.250000 
  66
0.479817 0.002192 0.046210 
0.462778 0.995521 0.462022 
0.057405 0.002287 0.491768 
0.002668 0.990465 0.002469 0.004397 
0.250000 0.250000 0.250000 0.250000 
  67
0.479817 0.002192 0.046210 
0.462778 0.995521 0.462022 
0.057405 0.002287 0.491768 
0.002469 0.002671 0.014018 0.980842 
0.250000 0.250000 0.250000 0.250000 
  68
0.479817 0.002192 0.046210 
0.462778 0.995521 0.462022 
0.057405 0.002287 0.491768 
0.003285 0.002469 0.003027 0.991219 
0.250000 0.250000 0.250000 0.250000 
  69
0.479817 0.002192 0.046210 
0.462778 0.995521 0.462022 
0.057405 0.002287 0.491768 
0.002469 0.002469 0.002929 0.992133 
0.250000 0.250000 0.250000 0.250000 
  70
0.479817 0.002192 0.046210 
0.462778 0.995521 0.462022 
0.057405 0.002287 0.491768 
0.003198 0.002469 0.579782 0.414551 
0.250000 0.250000 0.250000 0.250000 
  71
0.479817 0.002192 0.046210 
0.462778 0.995521 0.462022 
0.057405 0.002287 0.491768 
0.002962 0.005745 0.988053 0.003241 
0.250000 0.250000 0.250000 0.250000 
  72
0.479817 0.002192 0.046210 
0.462778 0.995521 0.462022 
0.057405 0.002287 0.491768 
0.002922 0.991866 0.002469 0.002744 
0.250000 0.250000 0.250000 0.250000 
  73
0.479817 0.002192 0.046210 
0.462778 0.995521 0.462022 
0.057405 0.002287 0.491768 
0.002469 0.002469 0.002823 0.992240 
0.250000 0.250000 0.250000 0.250000 
  74
0.479817 0.002192 0.046210 
0.462778 0.995521 0.462022 
0.057405 0.002287 0.491768 
0.002469 0.002469 0.003011 0.992052 
0.250000 0.250000 0.250000 0.250000 
  75
0.479817 0.002192 0.046210 
0.462778 0.995521 0.462022 
0.057405 0.002287 0.491768 
0.002469 0.002469 0.004983 0.990079 
0.250000 0.250000 0.250000 0.250000 
  76
0.479817 0.002192 0.046210 
0.462778 0.995521 0.462022 
0.057405 0.002287 0.491768 
0.004983 0.002469 0.990079 0.002469 
0.250000 0.250000 0.250000 0.250000 
  77
0.479817 0.002192 0.046210 
0.462778 0.995521 0.462022 
0.057405 0.002287 0.491768 
0.991804 0.002469 0.002469 0.003258 
0.250000 0.250000 0.250000 0.250000 
  78
0.479817 0.002192 0.046210 
0.462778 0.995521 0.462022 
0.057405 0.002287 0.491768 
0.002663 0.002977 0.002469 0.991892 
0.250000 0.250000 0.250000 0.250000 
  79
0.479817 0.002192 0.046210 
0.462778 0.995521 0.462022 
0.057405 0.002287 0.491768 
0.005230 0.004412 0.045310 0.945048 
0.250000 0.250000 0.250000 0.250000 
  80
0.479817 0.002192 0.046210 
0.462778 0.995521 0.462022 
0.057405 0.002287 0.491768 
0.991353 0.003355 0.002823 0.002469 
0.250000 0.250000 0.250000 0.250000 
  81
0.479817 0.002192 0.046210 
0.462778 0.995521 0.462022 
0.057405 0.002287 0.491768 
0.002469 0.002469 0.991115 0.003948 
0.250000 0.250000 0.250000 0.250000 
  82
0.479817 0.002192 0.046210 
0.462778 0.995521 0.462022 
0.057405 0.002287 0.491768 
0.002469 0.002469 0.984414 0.010648 
0.250000 0.250000 0.250000 0.250000 
  83
0.479817 0.002192 0.046210 
0.462778 0.995521 0.462022 
0.057405 0.002287 0.491768 
0.989886 0.002662 0.004983 0.002469 
0.250000 0.250000 0.250000 0.250000 
  84
0.479817 0.002192 0.046210 
0.462778 0.995521 0.462022 
0.057405 0.002287 0.491768 
0.982184 0.012683 0.002469 0.002664 
0.250000 0.250000 0.250000 0.250000 
  85
0.479817 0.002192 0.046210 
0.462778 0.995521 0.462022 
0.057405 0.002287 0.491768 
0.006778 0.002722 0.974824 0.015676 
0.250000 0.250000 0.250000 0.250000 
  86
0.479817 0.002192 0.046210 
0.462778 0.995521 0.462022 
0.057405 0.002287 0.491768 
0.991376 0.002470 0.002470 0.003684 
0.250000 0.250000 0.250000 0.250000 
  87
0.479817 0.002192 0.046210 
0.462778 0.995521 0.462022 
0.057405 0.002287 0.491768 
0.002469 0.002469 0.990752 0.004311 
0.250000 0.250000 0.250000 0.250000 
  88
0.479817 0.002192 0.046210 
0.462778 0.995521 0.462022 
0.057405 0.002287 0.491768 
0.019722 0.002469 0.560566 0.417243 
0.250000 0.250000 0.250000 0.250000 
  89
0.479817 0.002192 0.046210 
0.462778 0.995521 0.462022 
0.057405 0.002287 0.491768 
0.991986 0.003076 0.002469 0.002469 
0.250000 0.250000 0.250000 0.250000 
  90
0.479817 0.002192 0.046210 
0.462778 0.995521 0.462022 
0.057405 0.002287 0.491768 
0.005091 0.003062 0.967757 0.024090 
0.250000 0.250000 0.250000 0.250000 
  91
0.479817 0.002192 0.046210 
0.462778 0.995521 0.462022 
0.057405 0.002287 0.491768 
0.064009 0.931053 0.002469 0.002469 
0.250000 0.250000 0.250000 0.250000 
  92
0.479817 0.002192 0.046210 
0.462778 0.995521 0.462022 
0.057405 0.002287 0.491768 
0.002469 0.002469 0.002862 0.992200 
0.250000 0.250000 0.250000 0.250000 
  93
0.479817 0.002192 0.046210 
0.462778 0.995521 0.462022 
0.057405 0.002287 0.491768 
0.006409 0.002469 0.986139 0.004983 
0.250000 0.250000 0.250000 0.250000 
  94
0.479817 0.002192 0.046210 
0.462778 0.995521 0.462022 
0.057405 0.002287 0.491768 
0.006863 0.002469 0.262344 0.728324 
0.250000 0.250000 0.250000 0.250000 
  95
0.479817 0.002192 0.046210 
0.462778 0.995521 0.462022 
0.057405 0.002287 0.491768 
0.002469 0.002469 0.992594 0.002469 
0.250000 0.250000 0.250000 0.250000 
  96
0.479817 0.002192 0.046210 
0.462778 0.995521 0.462022 
0.057405 0.002287 0.491768 
0.006409 0.002469 0.988369 0.002753 
0.250000 0.250000 0.250000 0.250000 
  97
0.479817 0.002192 0.046210 
0.462778 0.995521 0.462022 
0.057405 0.002287 0.491768 
0.002469 0.002469 0.017160 0.977902 
0.250000 0.250000 0.250000 0.250000 
  98
0.479817 0.002192 0.046210 
0.462778 0.995521 0.462022 
0.057405 0.002287 0.491768 
0.002469 0.003293 0.002741 0.991497 
0.250000 0.250000 0.250000 0.250000 
  99
0.479817 0.002192 0.046210 
0.462778 0.995521 0.462022 
0.057405 0.002287 0.491768 
0.002469 0.990850 0.004212 0.002469 
0.250000 0.250000 0.250000 0.250000 
 100
0.479817 0.002192 0.046210 
0.462778 0.995521 0.462022 
0.057405 0.002287 0.491768 
0.003215 0.003289 0.917880 0.075617 
0.250000 0.250000 0.250000 0.250000 
 101
0.479817 0.002192 0.046210 
0.462778 0.995521 0.462022 
0.057405 0.002287 0.491768 
0.004634 0.002469 0.990428 0.002469 
0.250000 0.250000 0.250000 0.250000 
 102
0.479817 0.002192 0.046210 
0.462778 0.995521 0.462022 
0.057405 0.002287 0.491768 
0.002469 0.002795 0.985745 0.008991 
0.250000 0.250000 0.250000 0.250000 
 103
0.479817 0.002192 0.046210 
0.462778 0.995521 0.462022 
0.057405 0.002287 0.491768 
0.560978 0.094511 0.002708 0.341803 
0.250000 0.250000 0.250000 0.250000 
 104
0.479817 0.002192 0.046210 
0.462778 0.995521 0.462022 
0.057405 0.002287 0.491768 
0.991734 0.003329 0.002469 0.002469 
0.250000 0.250000 0.250000 0.250000 
 105
0.479817 0.002192 0.046210 
0.462778 0.995521 0.462022 
0.057405 0.002287 0.491768 
0.002469 0.006409 0.012824 0.978298 
0.250000 0.250000 0.250000 0.250000 
 106
0.479817 0.002192 0.046210 
0.462778 0.995521 0.462022 
0.057405 0.002287 0.491768 
0.015772 0.006513 0.356377 0.621338 
0.250000 0.250000 0.250000 0.250000 
 107
0.479817 0.002192 0.046210 
0.462778 0.995521 0.462022 
0.057405 0.002287 0.491768 
0.989789 0.004643 0.002469 0.003099 
0.250000 0.250000 0.250000 0.250000 
 108
0.479817 0.002192 0.046210 
0.462778 0.995521 0.462022 
0.057405 0.002287 0.491768 
0.177320 0.812506 0.002469 0.007706 
0.250000 0.250000 0.250000 0.250000 
 109
0.479817 0.002192 0.046210 
0.462778 0.995521 0.462022 
0.057405 0.002287 0.491768 
0.015101 0.002469 0.862926 0.119504 
0.250000 0.250000 0.250000 0.250000 
 110
0.479817 0.002192 0.046210 
0.462778 0.995521 0.462022 
0.057405 0.002287 0.491768 
0.990870 0.002469 0.002680 0.003981 
0.250000 0.250000 0.250000 0.250000 
 111
0.479817 0.002192 0.046210 
0.462778 0.995521 0.462022 
0.057405 0.002287 0.491768 
0.002469 0.002469 0.990521 0.004542 
0.250000 0.250000 0.250000 0.250000 
 112
0.479817 0.002192 0.046210 
0.462778 0.995521 0.462022 
0.057405 0.002287 0.491768 
0.940032 0.052728 0.002469 0.004771 
0.250000 0.250000 0.250000 0.250000 
 113
0.479817 0.002192 0.046210 
0.462778 0.995521 0.462022 
0.057405 0.002287 0.491768 
0.004983 0.002469 0.002469 0.990079 
0.250000 0.250000 0.250000 0.250000 
 114
0.479817 0.002192 0.046210 
0.462778 0.995521 0.462022 
0.057405 0.002287 0.491768 
0.002977 0.002469 0.002469 0.992085 
0.250000 0.250000 0.250000 0.250000 
 115
0.479817 0.002192 0.046210 
0.462778 0.995521 0.462022 
0.057405 0.002287 0.491768 
0.935291 0.044442 0.004465 0.015802 
0.250000 0.250000 0.250000 0.250000 
 116
0.479817 0.002192 0.046210 
0.462778 0.995521 0.462022 
0.057405 0.002287 0.491768 
0.003085 0.989376 0.004840 0.002699 
0.250000 0.250000 0.250000 0.250000 
 117
0.479817 0.002192 0.046210 
0.462778 0.995521 0.462022 
0.057405 0.002287 0.491768 
0.002803 0.002469 0.987426 0.007302 
0.250000 0.250000 0.250000 0.250000 
 118
0.479817 0.002192 0.046210 
0.462778 0.995521 0.462022 
0.057405 0.002287 0.491768 
0.003666 0.002974 0.474968 0.518392 
0.250000 0.250000 0.250000 0.250000 
 119
0.479817 0.002192 0.046210 
0.462778 0.995521 0.462022 
0.057405 0.002287 0.491768 
0.003061 0.002469 0.003451 0.991019 
0.250000 0.250000 0.250000 0.250000 
 120
0.479817 0.002192 0.046210 
0.462778 0.995521 0.462022 
0.057405 0.002287 0.491768 
0.002469 0.002469 0.003169 0.991894 
0.250000 0.250000 0.250000 0.250000 
 121
0.479817 0.002192 0.046210 
0.462778 0.995521 0.462022 
0.057405 0.002287 0.491768 
0.002469 0.002469 0.751809 0.243253 
0.250000 0.250000 0.250000 0.250000 
 122
0.479817 0.002192 0.046210 
0.462778 0.995521 0.462022 
0.057405 0.002287 0.491768 
0.002469 0.002469 0.003959 0.991103 
0.250000 0.250000 0.250000 0.250000 
 123
0.479817 0.002192 0.046210 
0.462778 0.995521 0.462022 
0.057405 0.002287 0.491768 
0.002469 0.002469 0.992328 0.002734 
0.250000 0.250000 0.250000 0.250000 
 124
0.479817 0.002192 0.046210 
0.462778 0.995521 0.462022 
0.057405 0.002287 0.491768 
0.003246 0.002469 0.538179 0.456106 
0.250000 0.250000 0.250000 0.250000 
 125
0.479817 0.002192 0.046210 
0.462778 0.995521 0.462022 
0.057405 0.002287 0.491768 
0.002469 0.002469 0.992594 0.002469 
0.250000 0.250000 0.250000 0.250000 
 126
0.479817 0.002192 0.046210 
0.462778 0.995521 0.462022 
0.057405 0.002287 0.491768 
0.002469 0.002469 0.992594 0.002469 
0.250000 0.250000 0.250000 0.250000 
 127
0.479817 0.002192 0.046210 
0.462778 0.995521 0.462022 
0.057405 0.002287 0.491768 
0.002896 0.002469 0.089436 0.905198 
0.250000 0.250000 0.250000 0.250000 
 128
0.479817 0.002192 0.046210 
0.462778 0.995521 0.462022 
0.057405 0.002287 0.491768 
0.002469 0.002469 0.011464 0.983598 
0.250000 0.250000 0.250000 0.250000 
 129
0.479817 0.002192 0.046210 
0.462778 0.995521 0.462022 
0.057405 0.002287 0.491768 
0.002469 0.002469 0.003682 0.991380 
0.250000 0.250000 0.250000 0.250000 
 130
0.479817 0.002192 0.046210 
0.462778 0.995521 0.462022 
0.057405 0.002287 0.491768 
0.004959 0.003858 0.283765 0.707419 
0.250000 0.250000 0.250000 0.250000 
 131
0.479817 0.002192 0.046210 
0.462778 0.995521 0.462022 
0.057405 0.002287 0.491768 
0.005900 0.989162 0.002469 0.002469 
0.250000 0.250000 0.250000 0.250000 
 132
0.479817 0.002192 0.046210 
0.462778 0.995521 0.462022 
0.057405 0.002287 0.491768 
0.003006 0.002469 0.951960 0.042565 
0.250000 0.250000 0.250000 0.250000 
 133
0.479817 0.002192 0.046210 
0.462778 0.995521 0.462022 
0.057405 0.002287 0.491768 
0.987358 0.007705 0.002469 0.002469 
0.250000 0.250000 0.250000 0.250000 
 134
0.479817 0.002192 0.046210 
0.462778 0.995521 0.462022 
0.057405 0.002287 0.491768 
0.991849 0.003214 0.002469 0.002469 
0.250000 0.250000 0.250000 0.250000 
 135
0.479817 0.002192 0.046210 
0.462778 0.995521 0.462022 
0.057405 0.002287 0.491768 
0.002836 0.991939 0.002469 0.002756 
0.250000 0.250000 0.250000 0.250000 
 136
0.479817 0.002192 0.046210 
0.462778 0.995521 0.462022 
0.057405 0.002287 0.491768 
0.742540 0.234414 0.006894 0.016153 
0.250000 0.250000 0.250000 0.250000 
 137
0.479817 0.002192 0.046210 
0.462778 0.995521 0.462022 
0.057405 0.002287 0.491768 
0.004983 0.003166 0.037191 0.954660 
0.250000 0.250000 0.250000 0.250000 
 138
0.479817 0.002192 0.046210 
0.462778 0.995521 0.462022 
0.057405 0.002287 0.491768 
0.002729 0.002922 0.004095 0.990254 
0.250000 0.250000 0.250000 0.250000 
 139
0.479817 0.002192 0.046210 
0.462778 0.995521 0.462022 
0.057405 0.002287 0.491768 
0.175394 0.818527 0.002469 0.003610 
0.250000 0.250000 0.250000 0.250000 
 140
0.479817 0.002192 0.046210 
0.462778 0.995521 0.462022 
0.057405 0.002287 0.491768 
0.004273 0.002469 0.989158 0.004100 
0.250000 0.250000 0.250000 0.250000 
 141
0.479817 0.002192 0.046210 
0.462778 0.995521 0.462022 
0.057405 0.002287 0.491768 
0.002698 0.003010 0.013395 0.980897 
0.250000 0.250000 0.250000 0.250000 
 142
0.479817 0.002192 0.046210 
0.462778 0.995521 0.462022 
0.057405 0.002287 0.491768 
0.005808 0.002469 0.952628 0.039094 
0.250000 0.250000 0.250000 0.250000 
 143
0.479817 0.002192 0.046210 
0.462778 0.995521 0.462022 
0.057405 0.002287 0.491768 
0.990079 0.002469 0.004983 0.002469 
0.250000 0.250000 0.250000 0.250000 
 144
0.479817 0.002192 0.046210 
0.462778 0.995521 0.462022 
0.057405 0.002287 0.491768 
0.230083 0.764349 0.002469 0.003099 
0.250000 0.250000 0.250000 0.250000 
 145
0.479817 0.002192 0.046210 
0.462778 0.995521 0.462022 
0.057405 0.002287 0.491768 
0.002469 0.002469 0.101356 0.893707 
0.250000 0.250000 0.250000 0.250000 
 146
0.479817 0.002192 0.046210 
0.462778 0.995521 0.462022 
0.057405 0.002287 0.491768 
0.002469 0.002469 0.002469 0.992594 
0.250000 0.250000 0.250000 0.250000 
 147
0.479817 0.002192 0.046210 
0.462778 0.995521 0.462022 
0.057405 0.002287 0.491768 
0.002469 0.002809 0.992253 0.002469 
0.250000 0.250000 0.250000 0.250000 
 148
0.479817 0.002192 0.046210 
0.462778 0.995521 0.462022 
0.057405 0.002287 0.491768 
0.894136 0.100709 0.002469 0.002686 
0.250000 0.250000 0.250000 0.250000 
 149
0.479817 0.002192 0.046210 
0.462778 0.995521 0.462022 
0.057405 0.002287 0.491768 
0.002469 0.002754 0.026212 0.968566 
0.250000 0.250000 0.250000 0.250000 
 150
0.479817 0.002192 0.046210 
0.462778 0.995521 0.462022 
0.057405 0.002287 0.491768 
0.002469 0.002469 0.004708 0.990354 
0.250000 0.250000 0.250000 0.250000 
 151
0.479817 0.002192 0.046210 
0.462778 0.995521 0.462022 
0.057405 0.002287 0.491768 
0.034398 0.953834 0.002469 0.009300 
0.250000 0.250000 0.250000 0.250000 
 152
0.479817 0.002192 0.046210 
0.462778 0.995521 0.462022 
0.057405 0.002287 0.491768 
0.992258 0.002804 0.002469 0.002469 
0.250000 0.250000 0.250000 0.250000 
 153
0.479817 0.002192 0.046210 
0.462778 0.995521 0.462022 
0.057405 0.002287 0.491768 
0.002469 0.002469 0.002469 0.992594 
0.250000 0.250000 0.250000 0.250000 
 154
0.479817 0.002192 0.046210 
0.462778 0.995521 0.462022 
0.057405 0.002287 0.491768 
0.060038 0.935024 0.002469 0.002469 
0.250000 0.250000 0.250000 0.250000 
 155
0.479817 0.002192 0.046210 
0.462778 0.995521 0.462022 
0.057405 0.002287 0.491768 
0.002667 0.002664 0.991215 0.003454 
0.250000 0.250000 0.250000 0.250000 
 156
0.479817 0.002192 0.046210 
0.462778 0.995521 0.462022 
0.057405 0.002287 0.491768 
0.002469 0.002469 0.002742 0.992321 
0.250000 0.250000 0.250000 0.250000 
 157
0.479817 0.002192 0.046210 
0.462778 0.995521 0.462022 
0.057405 0.002287 0.491768 
0.003447 0.006409 0.448068 0.542075 
0.250000 0.250000 0.250000 0.250000 
 158
0.479817 0.002192 0.046210 
0.462778 0.995521 0.462022 
0.057405 0.002287 0.491768 
0.988652 0.006410 0.002469 0.002469 
0.250000 0.250000 0.250000 0.250000 
 159
0.479817 0.002192 0.046210 
0.462778 0.995521 0.462022 
0.057405 0.002287 0.491768 
0.946327 0.048736 0.002469 0.002469 
0.250000 0.250000 0.250000 0.250000 
 160
0.479817 0.002192 0.046210 
0.462778 0.995521 0.462022 
0.057405 0.002287 0.491768 
0.003702 0.002764 0.024792 0.968742 
0.250000 0.250000 0.250000 0.250000 
 161
0.479817 0.002192 0.046210 
0.462778 0.995521 0.462022 
0.057405 0.002287 0.491768 
0.003225 0.991838 0.002469 0.002469 
0.250000 0.250000 0.250000 0.250000 
 162
0.479817 0.002192 0.046210 
0.462778 0.995521 0.462022 
0.057405 0.002287 0.491768 
0.003096 0.003682 0.990112 0.003110 
0.250000 0.250000 0.250000 0.250000 
 163
0.479817 0.002192 0.046210 
0.462778 0.995521 0.462022 
0.057405 0.002287 0.491768 
0.013444 0.025730 0.006834 0.953992 
0.250000 0.250000 0.250000 0.250000 
 164
0.479817 0.002192 0.046210 
0.462778 0.995521 0.462022 
0.057405 0.002287 0.491768 
0.007530 0.987533 0.002469 0.002469 
0.250000 0.250000 0.250000 0.250000 
 165
0.479817 0.002192 0.046210 
0.462778 0.995521 0.462022 
0.057405 0.002287 0.491768 
0.002849 0.992213 0.002469 0.002469 
0.250000 0.250000 0.250000 0.250000 
 166
0.479817 0.002192 0.046210 
0.462778 0.995521 0.462022 
0.057405 0.002287 0.491768 
0.030912 0.389404 0.118590 0.461093 
0.250000 0.250000 0.250000 0.250000 
 167
0.479817 0.002192 0.046210 
0.462778 0.995521 0.462022 
0.057405 0.002287 0.491768 
0.002469 0.003525 0.986477 0.007530 
0.250000 0.250000 0.250000 0.250000 
 168
0.479817 0.002192 0.046210 
0.462778 0.995521 0.462022 
0.057405 0.002287 0.491768 
0.002469 0.003051 0.991613 0.002867 
0.250000 0.250000 0.250000 0.250000 
 169
0.479817 0.002234 0.046210 
0.462778 0.995479 0.462022 
0.057333 0.002287 0.491768 
0.836982 0.158079 0.002469 0.002469 
0.250000 0.250000 0.250000 0.250000 
 170
0.480468 0.002192 0.046210 
0.462199 0.995521 0.462022 
0.057333 0.002287 0.491768 
0.003256 0.002469 0.002469 0.991806 
0.250000 0.250000 0.250000 0.250000 
 171
0.480468 0.002192 0.046210 
0.462199 0.995521 0.462022 
0.057333 0.002287 0.491768 
0.992327 0.002736 0.002469 0.002469 
0.250000 0.250000 0.250000 0.250000 
 172
0.480468 0.002192 0.046210 
0.462199 0.995521 0.462022 
0.057333 0.002287 0.491768 
0.002469 0.002469 0.075233 0.919829 
0.250000 0.250000 0.250000 0.250000 
 173
0.480468 0.002192 0.046210 
0.462199 0.995521 0.462022 
0.057333 0.002287 0.491768 
0.002469 0.002469 0.976716 0.018345 
0.250000 0.250000 0.250000 0.250000 
 174
0.480468 0.002192 0.046210 
0.462199 0.995521 0.462022 
0.057333 0.002287 0.491768 
0.002469 0.005384 0.002874 0.989273 
0.250000 0.250000 0.250000 0.250000 
 175
0.479217 0.002192 0.046210 
0.463449 0.995521 0.462022 
0.057405 0.002287 0.491768 
0.003831 0.002469 0.483497 0.510203 
0.250000 0.250000 0.250000 0.250000 
 176
0.479817 0.002192 0.046210 
0.462778 0.995521 0.462022 
0.057405 0.002287 0.491768 
0.002632 0.002826 0.231661 0.762881 
0.250000 0.250000 0.250000 0.250000 
 177
0.479817 0.002192 0.046210 
0.462778 0.995521 0.462022 
0.057405 0.002287 0.491768 
0.002469 0.003062 0.002669 0.991799 
0.250000 0.250000 0.250000 0.250000 
 178
0.479817 0.002192 0.046210 
0.462778 0.995521 0.462022 
0.057405 0.002287 0.491768 
0.111455 0.882598 0.002656 0.003291 
0.250000 0.250000 0.250000 0.250000 
 179
0.479817 0.002192 0.046210 
0.462778 0.995521 0.462022 
0.057405 0.002287 0.491768 
0.003327 0.002469 0.002469 0.991735 
0.250000 0.250000 0.250000 0.250000 
 180
0.479817 0.002192 0.046210 
0.462778 0.995521 0.462022 
0.057405 0.002287 0.491768 
0.002469 0.002469 0.945206 0.049857 
0.250000 0.250000 0.250000 0.250000 
 181
0.479817 0.002192 0.046210 
0.462778 0.995521 0.462022 
0.057405 0.002287 0.491768 
0.002469 0.002469 0.204527 0.790535 
0.250000 0.250000 0.250000 0.250000 
 182
0.479817 0.002192 0.046210 
0.462778 0.995521 0.462022 
0.057405 0.002287 0.491768 
0.003215 0.002469 0.003110 0.991206 
0.250000 0.250000 0.250000 0.250000 
 183
0.479817 0.002192 0.046210 
0.462778 0.995521 0.462022 
0.057405 0.002287 0.491768 
0.002469 0.002469 0.992328 0.002735 
0.250000 0.250000 0.250000 0.250000 
 184
0.479817 0.002192 0.046210 
0.462778 0.995521 0.462022 
0.057405 0.002287 0.491768 
0.003835 0.003027 0.345000 0.648138 
0.250000 0.250000 0.250000 0.250000 
 185
0.479817 0.002192 0.046210 
0.462778 0.995521 0.462022 
0.057405 0.002287 0.491768 
0.002823 0.003607 0.035930 0.957640 
0.250000 0.250000 0.250000 0.250000 
 186
0.479817 0.002192 0.046210 
0.462778 0.995521 0.462022 
0.057405 0.002287 0.491768 
0.002469 0.002978 0.003607 0.990946 
0.250000 0.250000 0.250000 0.250000 
 187
0.479817 0.002192 0.046210 
0.462778 0.995521 0.462022 
0.057405 0.002287 0.491768 
0.174925 0.776648 0.012647 0.035780 
0.250000 0.250000 0.250000 0.250000 
 188
0.479817 0.002192 0.046210 
0.462778 0.995521 0.462022 
0.057405 0.002287 0.491768 
0.002469 0.002469 0.986261 0.008802 
0.250000 0.250000 0.250000 0.250000 
 189
0.479817 0.002192 0.046210 
0.462778 0.995521 0.462022 
0.057405 0.002287 0.491768 
0.003607 0.002469 0.990204 0.003720 
0.250000 0.250000 0.250000 0.250000 
 190
0.479817 0.002192 0.046210 
0.462778 0.995521 0.462022 
0.057405 0.002287 0.491768 
0.005935 0.037711 0.490164 0.466190 
0.250000 0.250000 0.250000 0.250000 
 191
0.479817 0.002192 0.046210 
0.462778 0.995521 0.462022 
0.057405 0.002287 0.491768 
0.991085 0.003978 0.002469 0.002469 
0.250000 0.250000 0.250000 0.250000 
 192
0.479817 0.002192 0.046210 
0.462778 0.995521 0.462022 
0.057405 0.002287 0.491768 
0.488245 0.395678 0.002469 0.113608 
0.250000 0.250000 0.250000 0.250000 
 193
0.479817 0.002192 0.046210 
0.462778 0.995521 0.462022 
0.057405 0.002287 0.491768 
0.864062 0.121113 0.002469 0.012356 
0.250000 0.250000 0.250000 0.250000 
 194
0.479817 0.002192 0.046210 
0.462778 0.995521 0.462022 
0.057405 0.002287 0.491768 
0.991455 0.002469 0.002469 0.003607 
0.250000 0.250000 0.250000 0.250000 
 195
0.479817 0.002192 0.046210 
0.462778 0.995521 0.462022 
0.057405 0.002287 0.491768 
0.002469 0.002469 0.003091 0.991971 
0.250000 0.250000 0.250000 0.250000 
 196
0.479817 0.002192 0.046210 
0.462778 0.995521 0.462022 
0.057405 0.002287 0.491768 
0.027335 0.630669 0.024159 0.317838 
0.250000 0.250000 0.250000 0.250000 
 197
0.479817 0.002192 0.046210 
0.462778 0.995521 0.462022 
0.057405 0.002287 0.491768 
0.990251 0.004812 0.002469 0.002469 
0.250000 0.250000 0.250000 0.250000 
 198
0.479817 0.002192 0.046210 
0.462778 0.995521 0.462022 
0.057405 0.002287 0.491768 
0.033771 0.959437 0.002469 0.004323 
0.250000 0.250000 0.250000 0.250000 
 199
0.479817 0.002192 0.046210 
0.462778 0.995521 0.462022 
0.057405 0.002287 0.491768 
0.494272 0.500791 0.002469 0.002469 
0.250000 0.250000 0.250000 0.250000 
 200
0.479817 0.002192 0.046210 
0.462778 0.995521 0.462022 
0.057405 0.002287 0.491768 
0.991973 0.002469 0.003089 0.002469 
0.250000 0.250000 0.250000 0.250000 
 201
0.479817 0.002192 0.046210 
0.462778 0.995521 0.462022 
0.057405 0.002287 0.491768 
0.989960 0.003343 0.003089 0.003607 
0.250000 0.250000 0.250000 0.250000 
 202
0.479817 0.002192 0.046210 
0.462778 0.995521 0.462022 
0.057405 0.002287 0.491768 
0.012292 0.003993 0.174427 0.809289 
0.250000 0.250000 0.250000 0.250000 
 203
0.479817 0.002192 0.046210 
0.462778 0.995521 0.462022 
0.057405 0.002287 0.491768 
0.002469 0.002469 0.992594 0.002469 
0.250000 0.250000 0.250000 0.250000 
 204
0.479817 0.002192 0.046210 
0.462778 0.995521 0.462022 
0.057405 0.002287 0.491768 
0.002469 0.002469 0.992594 0.002469 
0.250000 0.250000 0.250000 0.250000 
 205
0.479817 0.002192 0.046210 
0.462778 0.995521 0.462022 
0.057405 0.002287 0.491768 
0.002469 0.002469 0.285946 0.709116 
0.250000 0.250000 0.250000 0.250000 
 206
0.479817 0.002192 0.046210 
0.462778 0.995521 0.462022 
0.057405 0.002287 0.491768 
0.002469 0.002469 0.992069 0.002994 
0.250000 0.250000 0.250000 0.250000 
 207
0.479817 0.002192 0.046210 
0.462778 0.995521 0.462022 
0.057405 0.002287 0.491768 
0.002469 0.006181 0.003868 0.987482 
0.250000 0.250000 0.250000 0.250000 
 208
0.479817 0.002192 0.046210 
0.462778 0.995521 0.462022 
0.057405 0.002287 0.491768 
0.003931 0.003474 0.759671 0.232924 
0.250000 0.250000 0.250000 0.250000 
 209
0.479817 0.002192 0.046210 
0.462778 0.995521 0.462022 
0.057405 0.002287 0.491768 
0.991081 0.003981 0.002469 0.002469 
0.250000 0.250000 0.250000 0.250000 
 210
0.479817 0.002192 0.046210 
0.462778 0.995521 0.462022 
0.057405 0.002287 0.491768 
0.409353 0.585253 0.002925 0.002469 
0.250000 0.250000 0.250000 0.250000 
 211
0.479817 0.002192 0.046210 
0.462778 0.995521 0.462022 
0.057405 0.002287 0.491768 
0.255839 0.380332 0.029535 0.334294 
0.250000 0.250000 0.250000 0.250000 
 212
0.479817 0.002192 0.046210 
0.462778 0.995521 0.462022 
0.057405 0.002287 0.491768 
0.988654 0.006409 0.002469 0.002469 
0.250000 0.250000 0.250000 0.250000 
 213
0.479817 0.002192 0.046210 
0.462778 0.995521 0.462022 
0.057405 0.002287 0.491768 
0.002469 0.002942 0.991598 0.002991 
0.250000 0.250000 0.250000 0.250000 
 214
0.479817 0.002192 0.046210 
0.462778 0.995521 0.462022 
0.057405 0.002287 0.491768 
0.555300 0.075598 0.138046 0.231056 
0.250000 0.250000 0.250000 0.250000 
 215
0.479817 0.002192 0.046210 
0.462778 0.995521 0.462022 
0.057405 0.002287 0.491768 
0.002469 0.992091 0.002972 0.002469 
0.250000 0.250000 0.250000 0.250000 
 216
0.479817 0.002192 0.046210 
0.462778 0.995521 0.462022 
0.057405 0.002287 0.491768 
0.002469 0.004655 0.990407 0.002469 
0.250000 0.250000 0.250000 0.250000 
 217
0.479817 0.002192 0.046210 
0.462778 0.995521 0.462022 
0.057405 0.002287 0.491768 
0.816600 0.169254 0.003592 0.010554 
0.250000 0.250000 0.250000 0.250000 
 218
0.479817 0.002192 0.046210 
0.462778 0.995521 0.462022 
0.057405 0.002287 0.491768 
0.006500 0.988347 0.002469 0.002684 
0.250000 0.250000 0.250000 0.250000 
 219
0.479817 0.002192 0.046210 
0.462778 0.995521 0.462022 
0.057405 0.002287 0.491768 
0.991941 0.002859 0.002731 0.002469 
0.250000 0.250000 0.250000 0.250000 
 220
0.479817 0.002192 0.046210 
0.462778 0.995521 0.462022 
0.057405 0.002287 0.491768 
0.002469 0.002469 0.606904 0.388159 
0.250000 0.250000 0.250000 0.250000 
 221
0.479817 0.002192 0.046210 
0.462778 0.995521 0.462022 
0.057405 0.002287 0.491768 
0.002469 0.002469 0.002469 0.992594 
0.250000 0.250000 0.250000 0.250000 
 222
0.479817 0.002192 0.046210 
0.462778 0.995521 0.462022 
0.057405 0.002287 0.491768 
0.002469 0.002469 0.992594 0.002469 
0.250000 0.250000 0.250000 0.250000 
 223
0.479817 0.002192 0.046210 
0.462778 0.995521 0.462022 
0.057405 0.002287 0.491768 
0.020965 0.004064 0.805237 0.169733 
0.250000 0.250000 0.250000 0.250000 
 224
0.479817 0.002192 0.046210 
0.462778 0.995521 0.462022 
0.057405 0.002287 0.491768 
0.991905 0.002808 0.002818 0.002469 
0.250000 0.250000 0.250000 0.250000 
 225
0.479817 0.002192 0.046210 
0.462778 0.995521 0.462022 
0.057405 0.002287 0.491768 
0.002924 0.002469 0.987887 0.006720 
0.250000 0.250000 0.250000 0.250000 
 226
0.479817 0.002192 0.046210 
0.462778 0.995521 0.462022 
0.057405 0.002287 0.491768 
0.003645 0.002638 0.235929 0.757788 
0.250000 0.250000 0.250000 0.250000 
 227
0.479817 0.002192 0.046210 
0.462778 0.995521 0.462022 
0.057405 0.002287 0.491768 
0.002662 0.002469 0.988330 0.006539 
0.250000 0.250000 0.250000 0.250000 
 228
0.479817 0.002192 0.046210 
0.462778 0.995521 0.462022 
0.057405 0.002287 0.491768 
0.002469 0.003174 0.991628 0.002729 
0.250000 0.250000 0.250000 0.250000 
 229
0.479817 0.002192 0.046210 
0.462778 0.995521 0.462022 
0.057405 0.002287 0.491768 
0.555566 0.293381 0.009407 0.141646 
0.250000 0.250000 0.250000 0.250000 
 230
0.479817 0.002192 0.046210 
0.462778 0.995521 0.462022 
0.057405 0.002287 0.491768 
0.003636 0.974749 0.017112 0.004503 
0.250000 0.250000 0.250000 0.250000 
 231
0.479817 0.002192 0.046210 
0.462778 0.995521 0.462022 
0.057405 0.002287 0.491768 
0.322142 0.002693 0.649905 0.025260 
0.250000 0.250000 0.250000 0.250000 
 232
0.479817 0.002192 0.046210 
0.462778 0.995521 0.462022 
0.057405 0.002287 0.491768 
0.008959 0.005349 0.051522 0.934170 
0.250000 0.250000 0.250000 0.250000 
 233
0.479817 0.002192 0.046210 
0.462778 0.995521 0.462022 
0.057405 0.002287 0.491768 
0.005824 0.984423 0.003405 0.006348 
0.250000 0.250000 0.250000 0.250000 
 234
0.479817 0.002192 0.046210 
0.462778 0.995521 0.462022 
0.057405 0.002287 0.491768 
0.004621 0.002699 0.019535 0.973145 
0.250000 0.250000 0.250000 0.250000 
 235
0.479817 0.002192 0.046210 
0.462778 0.995521 0.462022 
0.057405 0.002287 0.491768 
0.023814 0.594180 0.116099 0.265906 
0.250000 0.250000 0.250000 0.250000 
 236
0.479817 0.002192 0.046210 
0.462778 0.995521 0.462022 
0.057405 0.002287 0.491768 
