%  SAM: modelfromalign v3.5 (July 15, 2005) compiled 03/03/09_11:47:37
%  (c) 1992-2001 Regents of the University of California, Santa Cruz
%
%          Sequence Alignment and Modeling Software System
%         http://www.cse.ucsc.edu/research/compbio/sam.html
%
% ----------------- Citations (SAM, SAM-T2K, HMMs) --------------------
% R. Hughey, A. Krogh, Hidden Markov models for sequence analysis:
%  Extension and analysis of the basic method, CABIOS 12:95-107, 1996.
% K. Karplus, et al., What is the value added by human intervention in protein
%  structure prediction, Proteins: Stucture, Function, Genetics 45(S5):86--91, 2001.
% A. Krogh et al., Hidden Markov models in computational biology:
%  Applications to protein modeling, JMB 235:1501-1531, Feb 1994.
% ---------------------------------------------------------------------
%  B_NS_hmm   Host: m222714.cdc.gov    Wed May 21 18:15:51 2014
%  vfn4       Dir:  /Volumes/gf_atl_2012/Genotyping/IRMA/segments/NS
% ---------------------------------------------------------------------
%  Alignment weights from internal calc.  Total (41.21) Max (0.31) Min (0.02)
%  Weights from alignment method 1 (karplus), b=-1.000000, e=0.500000
MODEL --  Model from alignment file rev/B_NS.fasta
alphabet DNA
FREQAVE
0.000000 0.000000 0.000000 
0.000000 0.000000 0.000000 
0.000000 0.000000 0.000000 
0.232607 0.179412 0.230249 0.357733 
0.232607 0.179412 0.230249 0.357733 
Begin
0.000000 0.000000 0.000000 
0.000000 0.000000 0.000000 
0.000000 0.004646 0.491768 
0.250000 0.250000 0.250000 0.250000 
0.250000 0.250000 0.250000 0.250000 
   1
0.000000 0.129822 0.046210 
0.000000 0.865533 0.462022 
0.020320 0.005312 0.491768 
0.007137 0.007137 0.008332 0.977394 
0.250000 0.250000 0.250000 0.250000 
   2
0.796393 0.005092 0.046210 
0.183287 0.989597 0.462022 
0.020724 0.005289 0.491768 
0.007093 0.007093 0.967753 0.018061 
0.250000 0.250000 0.250000 0.250000 
   3
0.810679 0.005070 0.046210 
0.168597 0.989641 0.462022 
0.020756 0.005287 0.491768 
0.978721 0.007093 0.007093 0.007093 
0.250000 0.250000 0.250000 0.250000 
   4
0.802946 0.005068 0.046210 
0.176299 0.989645 0.462022 
0.020944 0.005277 0.491768 
0.007370 0.007370 0.963173 0.022087 
0.250000 0.250000 0.250000 0.250000 
   5
0.768687 0.005058 0.046210 
0.210369 0.989665 0.462022 
0.021851 0.005230 0.491768 
0.979055 0.006982 0.006982 0.006982 
0.250000 0.250000 0.250000 0.250000 
   6
0.792826 0.005014 0.046210 
0.185323 0.989756 0.462022 
0.022053 0.005221 0.491768 
0.979110 0.006963 0.006963 0.006963 
0.250000 0.250000 0.250000 0.250000 
   7
0.793311 0.005004 0.046210 
0.184636 0.989775 0.462022 
0.022205 0.005214 0.491768 
0.007942 0.978158 0.006950 0.006950 
0.250000 0.250000 0.250000 0.250000 
   8
0.796969 0.004997 0.046210 
0.180826 0.989789 0.462022 
0.022246 0.005212 0.491768 
0.006946 0.008215 0.977892 0.006946 
0.250000 0.250000 0.250000 0.250000 
   9
0.778319 0.004996 0.046210 
0.199435 0.989793 0.462022 
0.022702 0.005191 0.491768 
0.978275 0.006907 0.007911 0.006907 
0.250000 0.250000 0.250000 0.250000 
  10
0.792483 0.004976 0.046210 
0.184815 0.989833 0.462022 
0.022743 0.005189 0.491768 
0.006904 0.006904 0.976794 0.009398 
0.250000 0.250000 0.250000 0.250000 
  11
0.762523 0.004974 0.046210 
0.214734 0.989837 0.462022 
0.023480 0.005158 0.491768 
0.006852 0.006852 0.006852 0.979443 
0.250000 0.250000 0.250000 0.250000 
  12
0.773938 0.004944 0.046210 
0.202582 0.989898 0.462022 
0.023796 0.005145 0.491768 
0.006821 0.979538 0.006821 0.006821 
0.250000 0.250000 0.250000 0.250000 
  13
0.777997 0.005282 0.046210 
0.198207 0.989573 0.462022 
0.023903 0.005141 0.491768 
0.006817 0.006817 0.977810 0.008556 
0.250000 0.250000 0.250000 0.250000 
  14
0.764690 0.004928 0.046210 
0.211407 0.989932 0.462022 
0.024359 0.005123 0.491768 
0.006780 0.006780 0.978640 0.007799 
0.250000 0.250000 0.250000 0.250000 
  15
0.766471 0.004911 0.046210 
0.209171 0.989966 0.462022 
0.024675 0.005112 0.491768 
0.006759 0.006759 0.006759 0.979724 
0.250000 0.250000 0.250000 0.250000 
  16
0.760365 0.004900 0.046210 
0.214961 0.989989 0.462022 
0.025077 0.005097 0.491768 
0.006732 0.979804 0.006732 0.006732 
0.250000 0.250000 0.250000 0.250000 
  17
0.768958 0.004886 0.046210 
0.205966 0.990017 0.462022 
0.025173 0.005094 0.491768 
0.006726 0.006726 0.979823 0.006726 
0.250000 0.250000 0.250000 0.250000 
  18
0.765919 0.004883 0.046210 
0.208908 0.990023 0.462022 
0.025324 0.005089 0.491768 
0.006716 0.006716 0.006716 0.979852 
0.250000 0.250000 0.250000 0.250000 
  19
0.765906 0.004878 0.046210 
0.208770 0.990034 0.462022 
0.025442 0.005085 0.491768 
0.006709 0.979874 0.006709 0.006709 
0.250000 0.250000 0.250000 0.250000 
  20
0.762842 0.004874 0.046210 
0.211716 0.990041 0.462022 
0.025611 0.005079 0.491768 
0.006698 0.006698 0.006698 0.979906 
0.250000 0.250000 0.250000 0.250000 
  21
0.764040 0.004868 0.046210 
0.210349 0.990053 0.462022 
0.025711 0.005076 0.491768 
0.978339 0.008277 0.006692 0.006692 
0.250000 0.250000 0.250000 0.250000 
  22
0.767019 0.004865 0.046210 
0.207271 0.990059 0.462022 
0.025711 0.005076 0.491768 
0.007590 0.006692 0.968024 0.017694 
0.250000 0.250000 0.250000 0.250000 
  23
0.752589 0.004865 0.046210 
0.221701 0.990059 0.462022 
0.026087 0.005063 0.491768 
0.978504 0.008151 0.006672 0.006672 
0.250000 0.250000 0.250000 0.250000 
  24
0.738494 0.004854 0.046210 
0.235419 0.990083 0.462022 
0.026759 0.005042 0.491768 
0.007423 0.006631 0.977754 0.008192 
0.250000 0.250000 0.250000 0.250000 
  25
0.737507 0.004834 0.046210 
0.235734 0.990124 0.462022 
0.027306 0.005026 0.491768 
0.006601 0.006601 0.013931 0.972867 
0.250000 0.250000 0.250000 0.250000 
  26
0.749985 0.004818 0.046210 
0.222709 0.990156 0.462022 
0.027376 0.005024 0.491768 
0.006598 0.006598 0.006598 0.980207 
0.250000 0.250000 0.250000 0.250000 
  27
0.751926 0.004816 0.046210 
0.220698 0.990159 0.462022 
0.027376 0.005024 0.491768 
0.006598 0.006598 0.980207 0.006598 
0.250000 0.250000 0.250000 0.250000 
  28
0.745247 0.004816 0.046210 
0.227377 0.990159 0.462022 
0.027560 0.005019 0.491768 
0.969106 0.009575 0.014731 0.006588 
0.250000 0.250000 0.250000 0.250000 
  29
0.739506 0.004811 0.046210 
0.232934 0.990170 0.462022 
0.027860 0.005011 0.491768 
0.978454 0.007412 0.007561 0.006573 
0.250000 0.250000 0.250000 0.250000 
  30
0.745503 0.004803 0.046210 
0.226637 0.990186 0.462022 
0.027917 0.005009 0.491768 
0.008351 0.007402 0.887143 0.097105 
0.250000 0.250000 0.250000 0.250000 
  31
0.742915 0.004802 0.046210 
0.229168 0.990189 0.462022 
0.028032 0.005006 0.491768 
0.006564 0.006564 0.903308 0.083564 
0.250000 0.250000 0.250000 0.250000 
  32
0.745983 0.004799 0.046210 
0.225985 0.990195 0.462022 
0.028032 0.005006 0.491768 
0.979356 0.006564 0.007515 0.006564 
0.250000 0.250000 0.250000 0.250000 
  33
0.745983 0.004799 0.046210 
0.225985 0.990195 0.462022 
0.028032 0.005006 0.491768 
0.007579 0.006569 0.979283 0.006569 
0.250000 0.250000 0.250000 0.250000 
  34
0.745983 0.004799 0.046210 
0.225985 0.990195 0.462022 
0.028032 0.005006 0.491768 
0.979362 0.007510 0.006564 0.006564 
0.250000 0.250000 0.250000 0.250000 
  35
0.742707 0.004799 0.046210 
0.229261 0.990195 0.462022 
0.028124 0.005004 0.491768 
0.006560 0.006560 0.006560 0.980321 
0.250000 0.250000 0.250000 0.250000 
  36
0.745148 0.004796 0.046210 
0.226728 0.990200 0.462022 
0.028124 0.005004 0.491768 
0.006560 0.007406 0.978698 0.007336 
0.250000 0.250000 0.250000 0.250000 
  37
0.740950 0.004796 0.046210 
0.230926 0.990200 0.462022 
0.028243 0.005000 0.491768 
0.006554 0.006554 0.964523 0.022370 
0.250000 0.250000 0.250000 0.250000 
  38
0.741894 0.004793 0.046210 
0.229863 0.990206 0.462022 
0.028305 0.004999 0.491768 
0.006551 0.006551 0.013614 0.973285 
0.250000 0.250000 0.250000 0.250000 
  39
0.743514 0.004792 0.046210 
0.228181 0.990209 0.462022 
0.028305 0.004999 0.491768 
0.006551 0.006551 0.006551 0.980348 
0.250000 0.250000 0.250000 0.250000 
  40
0.736673 0.004792 0.046210 
0.235022 0.990209 0.462022 
0.028500 0.004994 0.491768 
0.006541 0.006541 0.979064 0.007854 
0.250000 0.250000 0.250000 0.250000 
  41
0.741748 0.004787 0.046210 
0.229753 0.990220 0.462022 
0.028500 0.004994 0.491768 
0.980376 0.006541 0.006541 0.006541 
0.250000 0.250000 0.250000 0.250000 
  42
0.741748 0.004787 0.046210 
0.229753 0.990220 0.462022 
0.028500 0.004994 0.491768 
0.006541 0.006541 0.006541 0.980376 
0.250000 0.250000 0.250000 0.250000 
  43
0.741748 0.004787 0.046210 
0.229753 0.990220 0.462022 
0.028500 0.004994 0.491768 
0.006541 0.006541 0.017096 0.969821 
0.250000 0.250000 0.250000 0.250000 
  44
0.741748 0.004787 0.046210 
0.229753 0.990220 0.462022 
0.028500 0.004994 0.491768 
0.006541 0.006541 0.006541 0.980376 
0.250000 0.250000 0.250000 0.250000 
  45
0.736217 0.004787 0.046210 
0.235283 0.990220 0.462022 
0.028658 0.004990 0.491768 
0.006534 0.006534 0.980398 0.006534 
0.250000 0.250000 0.250000 0.250000 
  46
0.740312 0.004783 0.046210 
0.231030 0.990228 0.462022 
0.028658 0.004990 0.491768 
0.980398 0.006534 0.006534 0.006534 
0.250000 0.250000 0.250000 0.250000 
  47
0.740312 0.004783 0.046210 
0.231030 0.990228 0.462022 
0.028658 0.004990 0.491768 
0.006534 0.006534 0.006534 0.980398 
0.250000 0.250000 0.250000 0.250000 
  48
0.740312 0.004783 0.046210 
0.231030 0.990228 0.462022 
0.028658 0.004990 0.491768 
0.980398 0.006534 0.006534 0.006534 
0.250000 0.250000 0.250000 0.250000 
  49
0.740312 0.004783 0.046210 
0.231030 0.990228 0.462022 
0.028658 0.004990 0.491768 
0.006538 0.006538 0.978432 0.008492 
0.250000 0.250000 0.250000 0.250000 
  50
0.740312 0.004783 0.046210 
0.231030 0.990228 0.462022 
0.028658 0.004990 0.491768 
0.980398 0.006534 0.006534 0.006534 
0.250000 0.250000 0.250000 0.250000 
  51
0.738226 0.004783 0.046210 
0.233116 0.990228 0.462022 
0.028718 0.004988 0.491768 
0.969419 0.017519 0.006531 0.006531 
0.250000 0.250000 0.250000 0.250000 
  52
0.739769 0.004781 0.046210 
0.231513 0.990231 0.462022 
0.028718 0.004988 0.491768 
0.006531 0.006531 0.006531 0.980407 
0.250000 0.250000 0.250000 0.250000 
  53
0.739769 0.004781 0.046210 
0.231513 0.990231 0.462022 
0.028718 0.004988 0.491768 
0.006531 0.980407 0.006531 0.006531 
0.250000 0.250000 0.250000 0.250000 
  54
0.739769 0.004781 0.046210 
0.231513 0.990231 0.462022 
0.028718 0.004988 0.491768 
0.006531 0.006531 0.006531 0.980407 
0.250000 0.250000 0.250000 0.250000 
  55
0.739769 0.004781 0.046210 
0.231513 0.990231 0.462022 
0.028718 0.004988 0.491768 
0.006531 0.006531 0.006531 0.980407 
0.250000 0.250000 0.250000 0.250000 
  56
0.739769 0.004781 0.046210 
0.231513 0.990231 0.462022 
0.028718 0.004988 0.491768 
0.006531 0.006531 0.006531 0.980407 
0.250000 0.250000 0.250000 0.250000 
  57
0.739769 0.004781 0.046210 
0.231513 0.990231 0.462022 
0.028718 0.004988 0.491768 
0.006531 0.006531 0.979194 0.007744 
0.250000 0.250000 0.250000 0.250000 
  58
0.739769 0.005543 0.046210 
0.231513 0.989469 0.462022 
0.028570 0.004992 0.491768 
0.006541 0.006541 0.086729 0.900190 
0.250000 0.250000 0.250000 0.250000 
  59
0.733795 0.004785 0.046210 
0.237635 0.990223 0.462022 
0.028781 0.004986 0.491768 
0.979204 0.006528 0.006528 0.007740 
0.250000 0.250000 0.250000 0.250000 
  60
0.739199 0.004780 0.046210 
0.232020 0.990234 0.462022 
0.028781 0.004986 0.491768 
0.973422 0.013522 0.006528 0.006528 
0.250000 0.250000 0.250000 0.250000 
  61
0.739199 0.004780 0.046210 
0.232020 0.990234 0.462022 
0.028781 0.004986 0.491768 
0.006528 0.006528 0.023529 0.963415 
0.250000 0.250000 0.250000 0.250000 
  62
0.739199 0.004780 0.046210 
0.232020 0.990234 0.462022 
0.028781 0.004986 0.491768 
0.980415 0.006528 0.006528 0.006528 
0.250000 0.250000 0.250000 0.250000 
  63
0.739199 0.004780 0.046210 
0.232020 0.990234 0.462022 
0.028781 0.004986 0.491768 
0.976293 0.010651 0.006528 0.006528 
0.250000 0.250000 0.250000 0.250000 
  64
0.739199 0.004780 0.046210 
0.232020 0.990234 0.462022 
0.028781 0.004986 0.491768 
0.006528 0.007903 0.006528 0.979041 
0.250000 0.250000 0.250000 0.250000 
  65
0.739199 0.004780 0.046210 
0.232020 0.990234 0.462022 
0.028781 0.004986 0.491768 
0.006528 0.980415 0.006528 0.006528 
0.250000 0.250000 0.250000 0.250000 
  66
0.739199 0.004780 0.046210 
0.232020 0.990234 0.462022 
0.028781 0.004986 0.491768 
0.980415 0.006528 0.006528 0.006528 
0.250000 0.250000 0.250000 0.250000 
  67
0.739199 0.004780 0.046210 
0.232020 0.990234 0.462022 
0.028781 0.004986 0.491768 
0.006531 0.006531 0.015739 0.971199 
0.250000 0.250000 0.250000 0.250000 
  68
0.739199 0.004780 0.046210 
0.232020 0.990234 0.462022 
0.028781 0.004986 0.491768 
0.980415 0.006528 0.006528 0.006528 
0.250000 0.250000 0.250000 0.250000 
  69
0.739199 0.004780 0.046210 
0.232020 0.990234 0.462022 
0.028781 0.004986 0.491768 
0.978014 0.008929 0.006528 0.006528 
0.250000 0.250000 0.250000 0.250000 
  70
0.739199 0.004780 0.046210 
0.232020 0.990234 0.462022 
0.028781 0.004986 0.491768 
0.019339 0.006528 0.007982 0.966151 
0.250000 0.250000 0.250000 0.250000 
  71
0.739199 0.004780 0.046210 
0.232020 0.990234 0.462022 
0.028781 0.004986 0.491768 
0.006528 0.980415 0.006528 0.006528 
0.250000 0.250000 0.250000 0.250000 
  72
0.739199 0.004780 0.046210 
0.232020 0.990234 0.462022 
0.028781 0.004986 0.491768 
0.980415 0.006528 0.006528 0.006528 
0.250000 0.250000 0.250000 0.250000 
  73
0.739199 0.004780 0.046210 
0.232020 0.990234 0.462022 
0.028781 0.004986 0.491768 
0.006531 0.006531 0.008992 0.977946 
0.250000 0.250000 0.250000 0.250000 
  74
0.739199 0.004780 0.046210 
0.232020 0.990234 0.462022 
0.028781 0.004986 0.491768 
0.980415 0.006528 0.006528 0.006528 
0.250000 0.250000 0.250000 0.250000 
  75
0.739199 0.004780 0.046210 
0.232020 0.990234 0.462022 
0.028781 0.004986 0.491768 
0.006528 0.006528 0.980415 0.006528 
0.250000 0.250000 0.250000 0.250000 
  76
0.739199 0.004780 0.046210 
0.232020 0.990234 0.462022 
0.028781 0.004986 0.491768 
0.979448 0.007496 0.006528 0.006528 
0.250000 0.250000 0.250000 0.250000 
  77
0.739199 0.004780 0.046210 
0.232020 0.990234 0.462022 
0.028781 0.004986 0.491768 
0.980415 0.006528 0.006528 0.006528 
0.250000 0.250000 0.250000 0.250000 
  78
0.739199 0.004780 0.046210 
0.232020 0.990234 0.462022 
0.028781 0.004986 0.491768 
0.006528 0.006528 0.892914 0.094029 
0.250000 0.250000 0.250000 0.250000 
  79
0.739199 0.004780 0.046210 
0.232020 0.990234 0.462022 
0.028781 0.004986 0.491768 
0.006528 0.006528 0.980415 0.006528 
0.250000 0.250000 0.250000 0.250000 
  80
0.739199 0.004780 0.046210 
0.232020 0.990234 0.462022 
0.028781 0.004986 0.491768 
0.980415 0.006528 0.006528 0.006528 
0.250000 0.250000 0.250000 0.250000 
  81
0.739199 0.004780 0.046210 
0.232020 0.990234 0.462022 
0.028781 0.004986 0.491768 
0.006528 0.006528 0.006528 0.980415 
0.250000 0.250000 0.250000 0.250000 
  82
0.739199 0.004780 0.046210 
0.232020 0.990234 0.462022 
0.028781 0.004986 0.491768 
0.018941 0.967225 0.006528 0.007306 
0.250000 0.250000 0.250000 0.250000 
  83
0.739199 0.004780 0.046210 
0.232020 0.990234 0.462022 
0.028781 0.004986 0.491768 
0.006528 0.006528 0.006528 0.980415 
0.250000 0.250000 0.250000 0.250000 
  84
0.739199 0.004780 0.046210 
0.232020 0.990234 0.462022 
0.028781 0.004986 0.491768 
0.006528 0.006528 0.980415 0.006528 
0.250000 0.250000 0.250000 0.250000 
  85
0.739199 0.004780 0.046210 
0.232020 0.990234 0.462022 
0.028781 0.004986 0.491768 
0.976234 0.010710 0.006528 0.006528 
0.250000 0.250000 0.250000 0.250000 
  86
0.739199 0.004780 0.046210 
0.232020 0.990234 0.462022 
0.028781 0.004986 0.491768 
0.006528 0.980415 0.006528 0.006528 
0.250000 0.250000 0.250000 0.250000 
  87
0.739199 0.004780 0.046210 
0.232020 0.990234 0.462022 
0.028781 0.004986 0.491768 
0.006528 0.006528 0.980415 0.006528 
0.250000 0.250000 0.250000 0.250000 
  88
0.739199 0.004780 0.046210 
0.232020 0.990234 0.462022 
0.028781 0.004986 0.491768 
0.023503 0.006531 0.007437 0.962530 
0.250000 0.250000 0.250000 0.250000 
  89
0.739199 0.004780 0.046210 
0.232020 0.990234 0.462022 
0.028781 0.004986 0.491768 
0.980415 0.006528 0.006528 0.006528 
0.250000 0.250000 0.250000 0.250000 
  90
0.739199 0.004780 0.046210 
0.232020 0.990234 0.462022 
0.028781 0.004986 0.491768 
0.006528 0.006528 0.010666 0.976278 
0.250000 0.250000 0.250000 0.250000 
  91
0.739199 0.004780 0.046210 
0.232020 0.990234 0.462022 
0.028781 0.004986 0.491768 
0.006528 0.006528 0.010378 0.976566 
0.250000 0.250000 0.250000 0.250000 
  92
0.739199 0.004780 0.046210 
0.232020 0.990234 0.462022 
0.028781 0.004986 0.491768 
0.979465 0.007479 0.006528 0.006528 
0.250000 0.250000 0.250000 0.250000 
  93
0.739199 0.004780 0.046210 
0.232020 0.990234 0.462022 
0.028781 0.004986 0.491768 
0.006540 0.006540 0.010052 0.976868 
0.250000 0.250000 0.250000 0.250000 
  94
0.739199 0.004780 0.046210 
0.232020 0.990234 0.462022 
0.028781 0.004986 0.491768 
0.016408 0.960392 0.006528 0.016672 
0.250000 0.250000 0.250000 0.250000 
  95
0.739199 0.004780 0.046210 
0.232020 0.990234 0.462022 
0.028781 0.004986 0.491768 
0.007947 0.978997 0.006528 0.006528 
0.250000 0.250000 0.250000 0.250000 
  96
0.739199 0.004780 0.046210 
0.232020 0.990234 0.462022 
0.028781 0.004986 0.491768 
0.978008 0.008936 0.006528 0.006528 
0.250000 0.250000 0.250000 0.250000 
  97
0.739199 0.004780 0.046210 
0.232020 0.990234 0.462022 
0.028781 0.004986 0.491768 
0.007548 0.979396 0.006528 0.006528 
0.250000 0.250000 0.250000 0.250000 
  98
0.739199 0.004780 0.046210 
0.232020 0.990234 0.462022 
0.028781 0.004986 0.491768 
0.006528 0.006528 0.980415 0.006528 
0.250000 0.250000 0.250000 0.250000 
  99
0.739199 0.004780 0.046210 
0.232020 0.990234 0.462022 
0.028781 0.004986 0.491768 
0.006528 0.006528 0.006528 0.980415 
0.250000 0.250000 0.250000 0.250000 
 100
0.739199 0.004780 0.046210 
0.232020 0.990234 0.462022 
0.028781 0.004986 0.491768 
0.007473 0.979471 0.006528 0.006528 
0.250000 0.250000 0.250000 0.250000 
 101
0.739199 0.004780 0.046210 
0.232020 0.990234 0.462022 
0.028781 0.004986 0.491768 
0.006528 0.006528 0.006528 0.980415 
0.250000 0.250000 0.250000 0.250000 
 102
0.739199 0.004780 0.046210 
0.232020 0.990234 0.462022 
0.028781 0.004986 0.491768 
0.006528 0.006528 0.007769 0.979175 
0.250000 0.250000 0.250000 0.250000 
 103
0.739199 0.004780 0.046210 
0.232020 0.990234 0.462022 
0.028781 0.004986 0.491768 
0.929955 0.052847 0.006528 0.010670 
0.250000 0.250000 0.250000 0.250000 
 104
0.739199 0.004780 0.046210 
0.232020 0.990234 0.462022 
0.028781 0.004986 0.491768 
0.007911 0.979033 0.006528 0.006528 
0.250000 0.250000 0.250000 0.250000 
 105
0.739199 0.004780 0.046210 
0.232020 0.990234 0.462022 
0.028781 0.004986 0.491768 
0.006528 0.006528 0.978834 0.008110 
0.250000 0.250000 0.250000 0.250000 
 106
0.739199 0.004780 0.046210 
0.232020 0.990234 0.462022 
0.028781 0.004986 0.491768 
0.006528 0.006528 0.011415 0.975529 
0.250000 0.250000 0.250000 0.250000 
 107
0.739199 0.004780 0.046210 
0.232020 0.990234 0.462022 
0.028781 0.004986 0.491768 
0.980415 0.006528 0.006528 0.006528 
0.250000 0.250000 0.250000 0.250000 
 108
0.739199 0.004780 0.046210 
0.232020 0.990234 0.462022 
0.028781 0.004986 0.491768 
0.006528 0.006528 0.009223 0.977721 
0.250000 0.250000 0.250000 0.250000 
 109
0.739199 0.004780 0.046210 
0.232020 0.990234 0.462022 
0.028781 0.004986 0.491768 
0.006528 0.007508 0.142544 0.843420 
0.250000 0.250000 0.250000 0.250000 
 110
0.739199 0.004780 0.046210 
0.232020 0.990234 0.462022 
0.028781 0.004986 0.491768 
0.976007 0.010937 0.006528 0.006528 
0.250000 0.250000 0.250000 0.250000 
 111
0.739199 0.004780 0.046210 
0.232020 0.990234 0.462022 
0.028781 0.004986 0.491768 
0.007801 0.006528 0.873867 0.111804 
0.250000 0.250000 0.250000 0.250000 
 112
0.739199 0.004780 0.046210 
0.232020 0.990234 0.462022 
0.028781 0.004986 0.491768 
0.007446 0.006528 0.105300 0.880726 
0.250000 0.250000 0.250000 0.250000 
 113
0.739199 0.004780 0.046210 
0.232020 0.990234 0.462022 
0.028781 0.004986 0.491768 
0.006528 0.978488 0.006528 0.008456 
0.250000 0.250000 0.250000 0.250000 
 114
0.739199 0.004780 0.046210 
0.232020 0.990234 0.462022 
0.028781 0.004986 0.491768 
0.006528 0.006528 0.012635 0.974308 
0.250000 0.250000 0.250000 0.250000 
 115
0.739199 0.004780 0.046210 
0.232020 0.990234 0.462022 
0.028781 0.004986 0.491768 
0.006528 0.006528 0.009745 0.977199 
0.250000 0.250000 0.250000 0.250000 
 116
0.739199 0.004780 0.046210 
0.232020 0.990234 0.462022 
0.028781 0.004986 0.491768 
0.006528 0.006528 0.009223 0.977721 
0.250000 0.250000 0.250000 0.250000 
 117
0.739199 0.004780 0.046210 
0.232020 0.990234 0.462022 
0.028781 0.004986 0.491768 
0.006528 0.006528 0.006528 0.980415 
0.250000 0.250000 0.250000 0.250000 
 118
0.739199 0.004780 0.046210 
0.232020 0.990234 0.462022 
0.028781 0.004986 0.491768 
0.018068 0.968876 0.006528 0.006528 
0.250000 0.250000 0.250000 0.250000 
 119
0.739199 0.004780 0.046210 
0.232020 0.990234 0.462022 
0.028781 0.004986 0.491768 
0.006528 0.006528 0.006528 0.980415 
0.250000 0.250000 0.250000 0.250000 
 120
0.739199 0.004780 0.046210 
0.232020 0.990234 0.462022 
0.028781 0.004986 0.491768 
0.006528 0.980415 0.006528 0.006528 
0.250000 0.250000 0.250000 0.250000 
 121
0.739199 0.004780 0.046210 
0.232020 0.990234 0.462022 
0.028781 0.004986 0.491768 
0.035550 0.951394 0.006528 0.006528 
0.250000 0.250000 0.250000 0.250000 
 122
0.739199 0.004780 0.046210 
0.232020 0.990234 0.462022 
0.028781 0.004986 0.491768 
0.979471 0.007472 0.006528 0.006528 
0.250000 0.250000 0.250000 0.250000 
 123
0.739199 0.004780 0.046210 
0.232020 0.990234 0.462022 
0.028781 0.004986 0.491768 
0.978504 0.008440 0.006528 0.006528 
0.250000 0.250000 0.250000 0.250000 
 124
0.739199 0.004780 0.046210 
0.232020 0.990234 0.462022 
0.028781 0.004986 0.491768 
0.006528 0.006528 0.600734 0.386210 
0.250000 0.250000 0.250000 0.250000 
 125
0.739199 0.004780 0.046210 
0.232020 0.990234 0.462022 
0.028781 0.004986 0.491768 
0.980415 0.006528 0.006528 0.006528 
0.250000 0.250000 0.250000 0.250000 
 126
0.739199 0.004780 0.046210 
0.232020 0.990234 0.462022 
0.028781 0.004986 0.491768 
0.655280 0.330621 0.007571 0.006528 
0.250000 0.250000 0.250000 0.250000 
 127
0.739199 0.004780 0.046210 
0.232020 0.990234 0.462022 
0.028781 0.004986 0.491768 
0.006528 0.006528 0.006528 0.980415 
0.250000 0.250000 0.250000 0.250000 
 128
0.739199 0.004780 0.046210 
0.232020 0.990234 0.462022 
0.028781 0.004986 0.491768 
0.980415 0.006528 0.006528 0.006528 
0.250000 0.250000 0.250000 0.250000 
 129
0.739199 0.004780 0.046210 
0.232020 0.990234 0.462022 
0.028781 0.004986 0.491768 
0.006528 0.006528 0.006528 0.980415 
0.250000 0.250000 0.250000 0.250000 
 130
0.739199 0.004780 0.046210 
0.232020 0.990234 0.462022 
0.028781 0.004986 0.491768 
0.028960 0.957984 0.006528 0.006528 
0.250000 0.250000 0.250000 0.250000 
 131
0.739199 0.004780 0.046210 
0.232020 0.990234 0.462022 
0.028781 0.004986 0.491768 
0.006528 0.006528 0.018803 0.968140 
0.250000 0.250000 0.250000 0.250000 
 132
0.739199 0.004780 0.046210 
0.232020 0.990234 0.462022 
0.028781 0.004986 0.491768 
0.006528 0.006528 0.008968 0.977976 
0.250000 0.250000 0.250000 0.250000 
 133
0.739199 0.004780 0.046210 
0.232020 0.990234 0.462022 
0.028781 0.004986 0.491768 
0.970400 0.015746 0.006528 0.007325 
0.250000 0.250000 0.250000 0.250000 
 134
0.739199 0.004780 0.046210 
0.232020 0.990234 0.462022 
0.028781 0.004986 0.491768 
0.006528 0.006528 0.006528 0.980415 
0.250000 0.250000 0.250000 0.250000 
 135
0.691218 0.004780 0.046210 
0.280001 0.990234 0.462022 
0.030231 0.004952 0.491768 
0.006465 0.006465 0.979140 0.007931 
0.250000 0.250000 0.250000 0.250000 
 136
0.726055 0.004746 0.046210 
0.243714 0.990302 0.462022 
0.030231 0.004952 0.491768 
0.978977 0.007222 0.007336 0.006465 
0.250000 0.250000 0.250000 0.250000 
 137
0.723662 0.004746 0.046210 
0.246107 0.990302 0.462022 
0.030304 0.004950 0.491768 
0.006462 0.006462 0.006462 0.980615 
0.250000 0.250000 0.250000 0.250000 
 138
0.725398 0.004745 0.046210 
0.244298 0.990305 0.462022 
0.030304 0.004950 0.491768 
0.006462 0.006462 0.980615 0.006462 
0.250000 0.250000 0.250000 0.250000 
 139
0.725398 0.004745 0.046210 
0.244298 0.990305 0.462022 
0.030304 0.004950 0.491768 
0.968613 0.017621 0.006462 0.007305 
0.250000 0.250000 0.250000 0.250000 
 140
0.725398 0.004745 0.046210 
0.244298 0.990305 0.462022 
0.030304 0.004950 0.491768 
0.980615 0.006462 0.006462 0.006462 
0.250000 0.250000 0.250000 0.250000 
 141
0.725398 0.004745 0.046210 
0.244298 0.990305 0.462022 
0.030304 0.004950 0.491768 
0.006471 0.006471 0.006471 0.980586 
0.250000 0.250000 0.250000 0.250000 
 142
0.725398 0.004745 0.046210 
0.244298 0.990305 0.462022 
0.030304 0.004950 0.491768 
0.006462 0.006462 0.008973 0.978103 
0.250000 0.250000 0.250000 0.250000 
 143
0.725398 0.004745 0.046210 
0.244298 0.990305 0.462022 
0.030304 0.004950 0.491768 
0.006462 0.006462 0.980615 0.006462 
0.250000 0.250000 0.250000 0.250000 
 144
0.725398 0.004745 0.046210 
0.244298 0.990305 0.462022 
0.030304 0.004950 0.491768 
0.006462 0.006462 0.006462 0.980615 
0.250000 0.250000 0.250000 0.250000 
 145
0.725398 0.004745 0.046210 
0.244298 0.990305 0.462022 
0.030304 0.004950 0.491768 
0.006465 0.006465 0.006465 0.980604 
0.250000 0.250000 0.250000 0.250000 
 146
0.725398 0.004745 0.046210 
0.244298 0.990305 0.462022 
0.030304 0.004950 0.491768 
0.006462 0.006462 0.006462 0.980615 
0.250000 0.250000 0.250000 0.250000 
 147
0.725398 0.004745 0.046210 
0.244298 0.990305 0.462022 
0.030304 0.004950 0.491768 
0.006462 0.006462 0.006462 0.980615 
0.250000 0.250000 0.250000 0.250000 
 148
0.725398 0.004745 0.046210 
0.244298 0.990305 0.462022 
0.030304 0.004950 0.491768 
0.976471 0.010606 0.006462 0.006462 
0.250000 0.250000 0.250000 0.250000 
 149
0.725398 0.004745 0.046210 
0.244298 0.990305 0.462022 
0.030304 0.004950 0.491768 
0.006462 0.006462 0.977635 0.009442 
0.250000 0.250000 0.250000 0.250000 
 150
0.725398 0.004745 0.046210 
0.244298 0.990305 0.462022 
0.030304 0.004950 0.491768 
0.006462 0.006462 0.006462 0.980615 
0.250000 0.250000 0.250000 0.250000 
 151
0.725398 0.004745 0.046210 
0.244298 0.990305 0.462022 
0.030304 0.004950 0.491768 
0.006462 0.006462 0.022908 0.964169 
0.250000 0.250000 0.250000 0.250000 
 152
0.725398 0.004745 0.046210 
0.244298 0.990305 0.462022 
0.030304 0.004950 0.491768 
0.980615 0.006462 0.006462 0.006462 
0.250000 0.250000 0.250000 0.250000 
 153
0.725398 0.004745 0.046210 
0.244298 0.990305 0.462022 
0.030304 0.004950 0.491768 
0.978329 0.008747 0.006462 0.006462 
0.250000 0.250000 0.250000 0.250000 
 154
0.725398 0.004745 0.046210 
0.244298 0.990305 0.462022 
0.030304 0.004950 0.491768 
0.967285 0.019792 0.006462 0.006462 
0.250000 0.250000 0.250000 0.250000 
 155
0.725398 0.004745 0.046210 
0.244298 0.990305 0.462022 
0.030304 0.004950 0.491768 
0.980615 0.006462 0.006462 0.006462 
0.250000 0.250000 0.250000 0.250000 
 156
0.725398 0.004745 0.046210 
0.244298 0.990305 0.462022 
0.030304 0.004950 0.491768 
0.007740 0.978571 0.006462 0.007227 
0.250000 0.250000 0.250000 0.250000 
 157
0.725398 0.004745 0.046210 
0.244298 0.990305 0.462022 
0.030304 0.004950 0.491768 
0.976972 0.010105 0.006462 0.006462 
0.250000 0.250000 0.250000 0.250000 
 158
0.725398 0.004745 0.046210 
0.244298 0.990305 0.462022 
0.030304 0.004950 0.491768 
0.006462 0.006462 0.006462 0.980615 
0.250000 0.250000 0.250000 0.250000 
 159
0.725398 0.004745 0.046210 
0.244298 0.990305 0.462022 
0.030304 0.004950 0.491768 
0.977544 0.009533 0.006462 0.006462 
0.250000 0.250000 0.250000 0.250000 
 160
0.725398 0.004745 0.046210 
0.244298 0.990305 0.462022 
0.030304 0.004950 0.491768 
0.974896 0.012180 0.006462 0.006462 
0.250000 0.250000 0.250000 0.250000 
 161
0.725398 0.004745 0.046210 
0.244298 0.990305 0.462022 
0.030304 0.004950 0.491768 
0.980615 0.006462 0.006462 0.006462 
0.250000 0.250000 0.250000 0.250000 
 162
0.725398 0.004745 0.046210 
0.244298 0.990305 0.462022 
0.030304 0.004950 0.491768 
0.006462 0.980615 0.006462 0.006462 
0.250000 0.250000 0.250000 0.250000 
 163
0.725398 0.004745 0.046210 
0.244298 0.990305 0.462022 
0.030304 0.004950 0.491768 
0.006462 0.006462 0.008498 0.978578 
0.250000 0.250000 0.250000 0.250000 
 164
0.725398 0.004745 0.046210 
0.244298 0.990305 0.462022 
0.030304 0.004950 0.491768 
0.006462 0.006462 0.006462 0.980615 
0.250000 0.250000 0.250000 0.250000 
 165
0.725398 0.004745 0.046210 
0.244298 0.990305 0.462022 
0.030304 0.004950 0.491768 
0.006468 0.006468 0.980595 0.006468 
0.250000 0.250000 0.250000 0.250000 
 166
0.725398 0.004745 0.046210 
0.244298 0.990305 0.462022 
0.030304 0.004950 0.491768 
0.006462 0.006462 0.008545 0.978532 
0.250000 0.250000 0.250000 0.250000 
 167
0.725398 0.004745 0.046210 
0.244298 0.990305 0.462022 
0.030304 0.004950 0.491768 
0.006462 0.006462 0.007919 0.979158 
0.250000 0.250000 0.250000 0.250000 
 168
0.725398 0.004745 0.046210 
0.244298 0.990305 0.462022 
0.030304 0.004950 0.491768 
0.006462 0.006462 0.979158 0.007919 
0.250000 0.250000 0.250000 0.250000 
 169
0.725398 0.004745 0.046210 
0.244298 0.990305 0.462022 
0.030304 0.004950 0.491768 
0.009637 0.006462 0.919663 0.064238 
0.250000 0.250000 0.250000 0.250000 
 170
0.725398 0.004745 0.046210 
0.244298 0.990305 0.462022 
0.030304 0.004950 0.491768 
0.007428 0.979648 0.006462 0.006462 
0.250000 0.250000 0.250000 0.250000 
 171
0.725398 0.004745 0.046210 
0.244298 0.990305 0.462022 
0.030304 0.004950 0.491768 
0.006462 0.006462 0.006462 0.980615 
0.250000 0.250000 0.250000 0.250000 
 172
0.725398 0.004745 0.046210 
0.244298 0.990305 0.462022 
0.030304 0.004950 0.491768 
0.067932 0.914975 0.006462 0.010632 
0.250000 0.250000 0.250000 0.250000 
 173
0.725398 0.004745 0.046210 
0.244298 0.990305 0.462022 
0.030304 0.004950 0.491768 
0.966129 0.020948 0.006462 0.006462 
0.250000 0.250000 0.250000 0.250000 
 174
0.725398 0.004745 0.046210 
0.244298 0.990305 0.462022 
0.030304 0.004950 0.491768 
0.006462 0.006462 0.979610 0.007467 
0.250000 0.250000 0.250000 0.250000 
 175
0.725398 0.004745 0.046210 
0.244298 0.990305 0.462022 
0.030304 0.004950 0.491768 
0.006462 0.006462 0.872384 0.114693 
0.250000 0.250000 0.250000 0.250000 
 176
0.725398 0.004745 0.046210 
0.244298 0.990305 0.462022 
0.030304 0.004950 0.491768 
0.980615 0.006462 0.006462 0.006462 
0.250000 0.250000 0.250000 0.250000 
 177
0.725398 0.004745 0.046210 
0.244298 0.990305 0.462022 
0.030304 0.004950 0.491768 
0.013163 0.973017 0.006462 0.007358 
0.250000 0.250000 0.250000 0.250000 
 178
0.725398 0.004745 0.046210 
0.244298 0.990305 0.462022 
0.030304 0.004950 0.491768 
0.006462 0.006462 0.006462 0.980615 
0.250000 0.250000 0.250000 0.250000 
 179
0.352358 0.004745 0.046210 
0.617339 0.990305 0.462022 
0.048335 0.004706 0.491768 
0.006029 0.006029 0.966968 0.020975 
0.250000 0.250000 0.250000 0.250000 
 180
0.562010 0.004511 0.046210 
0.389655 0.990782 0.462022 
0.048335 0.004706 0.491768 
0.006029 0.006029 0.011664 0.976278 
0.250000 0.250000 0.250000 0.250000 
 181
0.562010 0.004511 0.046210 
0.389655 0.990782 0.462022 
0.048335 0.004706 0.491768 
0.981914 0.006029 0.006029 0.006029 
0.250000 0.250000 0.250000 0.250000 
 182
0.422983 0.004511 0.046210 
0.528682 0.990782 0.462022 
0.056140 0.004653 0.491768 
0.982193 0.005936 0.005936 0.005936 
0.250000 0.250000 0.250000 0.250000 
 183
0.491285 0.004460 0.046210 
0.452576 0.990887 0.462022 
0.056140 0.004653 0.491768 
0.005936 0.005936 0.005936 0.982193 
0.250000 0.250000 0.250000 0.250000 
 184
0.491285 0.004460 0.046210 
0.452576 0.990887 0.462022 
0.056140 0.004653 0.491768 
0.008976 0.011348 0.007231 0.972445 
0.250000 0.250000 0.250000 0.250000 
 185
0.491285 0.004460 0.046210 
0.452576 0.990887 0.462022 
0.056140 0.004653 0.491768 
0.005936 0.982193 0.005936 0.005936 
0.250000 0.250000 0.250000 0.250000 
 186
0.491285 0.004460 0.046210 
0.452576 0.990887 0.462022 
0.056140 0.004653 0.491768 
0.005936 0.005936 0.005936 0.982193 
0.250000 0.250000 0.250000 0.250000 
 187
0.491285 0.004460 0.046210 
0.452576 0.990887 0.462022 
0.056140 0.004653 0.491768 
0.005936 0.005936 0.980460 0.007669 
0.250000 0.250000 0.250000 0.250000 
 188
0.491285 0.004460 0.046210 
0.452576 0.990887 0.462022 
0.056140 0.004653 0.491768 
0.005936 0.005936 0.006810 0.981319 
0.250000 0.250000 0.250000 0.250000 
 189
0.491285 0.004460 0.046210 
0.452576 0.990887 0.462022 
0.056140 0.004653 0.491768 
0.005936 0.005936 0.981346 0.006783 
0.250000 0.250000 0.250000 0.250000 
 190
0.491285 0.004460 0.046210 
0.452576 0.990887 0.462022 
0.056140 0.004653 0.491768 
0.005936 0.005936 0.942367 0.045762 
0.250000 0.250000 0.250000 0.250000 
 191
0.491285 0.004460 0.046210 
0.452576 0.990887 0.462022 
0.056140 0.004653 0.491768 
0.005941 0.005941 0.982178 0.005941 
0.250000 0.250000 0.250000 0.250000 
 192
0.491285 0.004460 0.046210 
0.452576 0.990887 0.462022 
0.056140 0.004653 0.491768 
0.005936 0.005936 0.005936 0.982193 
0.250000 0.250000 0.250000 0.250000 
 193
0.491285 0.004460 0.046210 
0.452576 0.990887 0.462022 
0.056140 0.004653 0.491768 
0.005936 0.005936 0.982193 0.005936 
0.250000 0.250000 0.250000 0.250000 
 194
0.491285 0.004460 0.046210 
0.452576 0.990887 0.462022 
0.056140 0.004653 0.491768 
0.005936 0.005936 0.020191 0.967937 
0.250000 0.250000 0.250000 0.250000 
 195
0.491285 0.004460 0.046210 
0.452576 0.990887 0.462022 
0.056140 0.004653 0.491768 
0.005936 0.005936 0.005936 0.982193 
0.250000 0.250000 0.250000 0.250000 
 196
0.491285 0.004460 0.046210 
0.452576 0.990887 0.462022 
0.056140 0.004653 0.491768 
0.005939 0.005939 0.982183 0.005939 
0.250000 0.250000 0.250000 0.250000 
 197
0.491285 0.004460 0.046210 
0.452576 0.990887 0.462022 
0.056140 0.004653 0.491768 
0.007568 0.014396 0.005939 0.972097 
0.250000 0.250000 0.250000 0.250000 
 198
0.491285 0.004460 0.046210 
0.452576 0.990887 0.462022 
0.056140 0.004653 0.491768 
0.005936 0.982193 0.005936 0.005936 
0.250000 0.250000 0.250000 0.250000 
 199
0.491285 0.004460 0.046210 
0.452576 0.990887 0.462022 
0.056140 0.004653 0.491768 
0.011984 0.976144 0.005936 0.005936 
0.250000 0.250000 0.250000 0.250000 
 200
0.491285 0.004460 0.046210 
0.452576 0.990887 0.462022 
0.056140 0.004653 0.491768 
0.005936 0.011348 0.005936 0.976781 
0.250000 0.250000 0.250000 0.250000 
 201
0.491285 0.004460 0.046210 
0.452576 0.990887 0.462022 
0.056140 0.004653 0.491768 
0.005936 0.982193 0.005936 0.005936 
0.250000 0.250000 0.250000 0.250000 
 202
0.491285 0.004460 0.046210 
0.452576 0.990887 0.462022 
0.056140 0.004653 0.491768 
0.982193 0.005936 0.005936 0.005936 
0.250000 0.250000 0.250000 0.250000 
 203
0.491285 0.004460 0.046210 
0.452576 0.990887 0.462022 
0.056140 0.004653 0.491768 
0.005936 0.005936 0.005936 0.982193 
0.250000 0.250000 0.250000 0.250000 
 204
0.491285 0.004460 0.046210 
0.452576 0.990887 0.462022 
0.056140 0.004653 0.491768 
0.982193 0.005936 0.005936 0.005936 
0.250000 0.250000 0.250000 0.250000 
 205
0.491285 0.004460 0.046210 
0.452576 0.990887 0.462022 
0.056140 0.004653 0.491768 
0.980903 0.007225 0.005936 0.005936 
0.250000 0.250000 0.250000 0.250000 
 206
0.491285 0.004460 0.046210 
0.452576 0.990887 0.462022 
0.056140 0.004653 0.491768 
0.005936 0.005936 0.005936 0.982193 
0.250000 0.250000 0.250000 0.250000 
 207
0.491285 0.004460 0.046210 
0.452576 0.990887 0.462022 
0.056140 0.004653 0.491768 
0.005936 0.005936 0.980821 0.007308 
0.250000 0.250000 0.250000 0.250000 
 208
0.491285 0.004460 0.046210 
0.452576 0.990887 0.462022 
0.056140 0.004653 0.491768 
0.005936 0.981105 0.005936 0.007024 
0.250000 0.250000 0.250000 0.250000 
 209
0.491285 0.004460 0.046210 
0.452576 0.990887 0.462022 
0.056140 0.004653 0.491768 
0.009031 0.979098 0.005936 0.005936 
0.250000 0.250000 0.250000 0.250000 
 210
0.491285 0.004460 0.046210 
0.452576 0.990887 0.462022 
0.056140 0.004653 0.491768 
0.005936 0.012054 0.005936 0.976075 
0.250000 0.250000 0.250000 0.250000 
 211
0.491285 0.004460 0.046210 
0.452576 0.990887 0.462022 
0.056140 0.004653 0.491768 
0.012305 0.975824 0.005936 0.005936 
0.250000 0.250000 0.250000 0.250000 
 212
0.491285 0.004460 0.046210 
0.452576 0.990887 0.462022 
0.056140 0.004653 0.491768 
0.005936 0.005936 0.982193 0.005936 
0.250000 0.250000 0.250000 0.250000 
 213
0.491285 0.004460 0.046210 
0.452576 0.990887 0.462022 
0.056140 0.004653 0.491768 
0.005936 0.005936 0.005936 0.982193 
0.250000 0.250000 0.250000 0.250000 
 214
0.491285 0.004460 0.046210 
0.452576 0.990887 0.462022 
0.056140 0.004653 0.491768 
0.005936 0.005936 0.980179 0.007950 
0.250000 0.250000 0.250000 0.250000 
 215
0.491285 0.004460 0.046210 
0.452576 0.990887 0.462022 
0.056140 0.004653 0.491768 
0.005936 0.005936 0.008452 0.979677 
0.250000 0.250000 0.250000 0.250000 
 216
0.491285 0.004460 0.046210 
0.452576 0.990887 0.462022 
0.056140 0.004653 0.491768 
0.005936 0.005936 0.005936 0.982193 
0.250000 0.250000 0.250000 0.250000 
 217
0.491285 0.004460 0.046210 
0.452576 0.990887 0.462022 
0.056140 0.004653 0.491768 
0.005936 0.982193 0.005936 0.005936 
0.250000 0.250000 0.250000 0.250000 
 218
0.491285 0.004460 0.046210 
0.452576 0.990887 0.462022 
0.056140 0.004653 0.491768 
0.982193 0.005936 0.005936 0.005936 
0.250000 0.250000 0.250000 0.250000 
 219
0.491285 0.004460 0.046210 
0.452576 0.990887 0.462022 
0.056140 0.004653 0.491768 
0.005936 0.005936 0.982193 0.005936 
0.250000 0.250000 0.250000 0.250000 
 220
0.491285 0.004460 0.046210 
0.452576 0.990887 0.462022 
0.056140 0.004653 0.491768 
0.005936 0.005936 0.982193 0.005936 
0.250000 0.250000 0.250000 0.250000 
 221
0.491285 0.004460 0.046210 
0.452576 0.990887 0.462022 
0.056140 0.004653 0.491768 
0.981204 0.006925 0.005936 0.005936 
0.250000 0.250000 0.250000 0.250000 
 222
0.491285 0.004460 0.046210 
0.452576 0.990887 0.462022 
0.056140 0.004653 0.491768 
0.982193 0.005936 0.005936 0.005936 
0.250000 0.250000 0.250000 0.250000 
 223
0.491285 0.004460 0.046210 
0.452576 0.990887 0.462022 
0.056140 0.004653 0.491768 
0.982193 0.005936 0.005936 0.005936 
0.250000 0.250000 0.250000 0.250000 
 224
0.491285 0.004460 0.046210 
0.452576 0.990887 0.462022 
0.056140 0.004653 0.491768 
0.005936 0.005936 0.005936 0.982193 
0.250000 0.250000 0.250000 0.250000 
 225
0.491285 0.004460 0.046210 
0.452576 0.990887 0.462022 
0.056140 0.004653 0.491768 
0.005936 0.005936 0.005936 0.982193 
0.250000 0.250000 0.250000 0.250000 
 226
0.491285 0.004460 0.046210 
0.452576 0.990887 0.462022 
0.056140 0.004653 0.491768 
0.005936 0.982193 0.005936 0.005936 
0.250000 0.250000 0.250000 0.250000 
 227
0.491285 0.004460 0.046210 
0.452576 0.990887 0.462022 
0.056140 0.004653 0.491768 
0.005936 0.981003 0.005936 0.007126 
0.250000 0.250000 0.250000 0.250000 
 228
0.491285 0.004460 0.046210 
0.452576 0.990887 0.462022 
0.056140 0.004653 0.491768 
0.005936 0.982193 0.005936 0.005936 
0.250000 0.250000 0.250000 0.250000 
 229
0.491285 0.004460 0.046210 
0.452576 0.990887 0.462022 
0.056140 0.004653 0.491768 
0.982193 0.005936 0.005936 0.005936 
0.250000 0.250000 0.250000 0.250000 
 230
0.491285 0.004460 0.046210 
0.452576 0.990887 0.462022 
0.056140 0.004653 0.491768 
0.005936 0.005936 0.005936 0.982193 
0.250000 0.250000 0.250000 0.250000 
 231
0.491285 0.004460 0.046210 
0.452576 0.990887 0.462022 
0.056140 0.004653 0.491768 
0.982193 0.005936 0.005936 0.005936 
0.250000 0.250000 0.250000 0.250000 
 232
0.491285 0.004460 0.046210 
0.452576 0.990887 0.462022 
0.056140 0.004653 0.491768 
0.852071 0.136058 0.005936 0.005936 
0.250000 0.250000 0.250000 0.250000 
 233
0.491285 0.004460 0.046210 
0.452576 0.990887 0.462022 
0.056140 0.004653 0.491768 
0.005938 0.980674 0.005938 0.007450 
0.250000 0.250000 0.250000 0.250000 
 234
0.491285 0.004460 0.046210 
0.452576 0.990887 0.462022 
0.056140 0.004653 0.491768 
0.982193 0.005936 0.005936 0.005936 
0.250000 0.250000 0.250000 0.250000 
 235
0.491285 0.004460 0.046210 
0.452576 0.990887 0.462022 
0.056140 0.004653 0.491768 
0.005936 0.005936 0.982193 0.005936 
0.250000 0.250000 0.250000 0.250000 
 236
0.491285 0.004460 0.046210 
0.452576 0.990887 0.462022 
0.056140 0.004653 0.491768 
