%  SAM: /scicomp/home/vfn4/nomen/label/LABEL_RES/scripts/modelfromalign_Linux v3.5 (July 15, 2005) compiled 12/08/06_16:15:55
%  (c) 1992-2001 Regents of the University of California, Santa Cruz
%
%          Sequence Alignment and Modeling Software System
%         http://www.cse.ucsc.edu/research/compbio/sam.html
%
% ----------------- Citations (SAM, SAM-T2K, HMMs) --------------------
% R. Hughey, A. Krogh, Hidden Markov models for sequence analysis:
%  Extension and analysis of the basic method, CABIOS 12:95-107, 1996.
% K. Karplus, et al., What is the value added by human intervention in protein
%  structure prediction, Proteins: Stucture, Function, Genetics 45(S5):86--91, 2001.
% A. Krogh et al., Hidden Markov models in computational biology:
%  Applications to protein modeling, JMB 235:1501-1531, Feb 1994.
% ---------------------------------------------------------------------
%  3C.2a1a_hmm   Host: id-dev-03    Tue Dec  3 12:54:02 2019
%  vfn4          Dir:  /scicomp/groups/OID/NCIRD/ID-OD/ID_nomenclatures/H3/training/H3v2019R1/stub6r1/c-3C.2a1a
% ---------------------------------------------------------------------
%  Alignment weights from internal calc.  Total (33.42) Max (0.07) Min (0.02)
%  Weights from alignment method 1 (karplus), b=-1.000000, e=0.500000
MODEL --  Model from alignment file /scicomp/home/vfn4/nomen/label/LABEL_RES/training_data/stub6/c-3C.2a1a/3C.2a1a.fasta
alphabet DNA
FREQAVE
0.000000 0.000000 0.000000 
0.000000 0.000000 0.000000 
0.000000 0.000000 0.000000 
0.346820 0.222081 0.192329 0.238770 
0.346820 0.222081 0.192329 0.238770 
Begin
0.000000 0.000000 0.000000 
0.000000 0.000000 0.000000 
0.000000 0.005377 0.491768 
0.250000 0.250000 0.250000 0.250000 
0.250000 0.250000 0.250000 0.250000 
   1
0.000000 0.010093 0.046210 
0.000000 0.984530 0.462022 
0.054048 0.005404 0.491768 
0.010133 0.007315 0.975238 0.007315 
0.250000 0.250000 0.250000 0.250000 
   2
0.510240 0.005180 0.046210 
0.435712 0.989417 0.462022 
0.054048 0.005404 0.491768 
0.978056 0.007315 0.007315 0.007315 
0.250000 0.250000 0.250000 0.250000 
   3
0.510240 0.005180 0.046210 
0.435712 0.989417 0.462022 
0.054048 0.005404 0.491768 
0.977053 0.008318 0.007315 0.007315 
0.250000 0.250000 0.250000 0.250000 
   4
0.510240 0.005180 0.046210 
0.435712 0.989417 0.462022 
0.054048 0.005404 0.491768 
0.975605 0.008862 0.008211 0.007321 
0.250000 0.250000 0.250000 0.250000 
   5
0.500998 0.005180 0.046210 
0.444954 0.989417 0.462022 
0.054552 0.005399 0.491768 
0.978080 0.007307 0.007307 0.007307 
0.250000 0.250000 0.250000 0.250000 
   6
0.505672 0.005176 0.046210 
0.439776 0.989425 0.462022 
0.054552 0.005399 0.491768 
0.976429 0.008958 0.007307 0.007307 
0.250000 0.250000 0.250000 0.250000 
   7
0.505672 0.005176 0.046210 
0.439776 0.989425 0.462022 
0.054552 0.005399 0.491768 
0.976823 0.008521 0.007328 0.007328 
0.250000 0.250000 0.250000 0.250000 
   8
0.505672 0.005176 0.046210 
0.439776 0.989425 0.462022 
0.054552 0.005399 0.491768 
0.007307 0.007307 0.007307 0.978080 
0.250000 0.250000 0.250000 0.250000 
   9
0.505672 0.005176 0.046210 
0.439776 0.989425 0.462022 
0.054552 0.005399 0.491768 
0.007307 0.007307 0.007307 0.978080 
0.250000 0.250000 0.250000 0.250000 
  10
0.505672 0.005176 0.046210 
0.439776 0.989425 0.462022 
0.054552 0.005399 0.491768 
0.007307 0.007307 0.978080 0.007307 
0.250000 0.250000 0.250000 0.250000 
  11
0.505672 0.005176 0.046210 
0.439776 0.989425 0.462022 
0.054552 0.005399 0.491768 
0.008291 0.007307 0.977096 0.007307 
0.250000 0.250000 0.250000 0.250000 
  12
0.505672 0.005176 0.046210 
0.439776 0.989425 0.462022 
0.054552 0.005399 0.491768 
0.007307 0.007307 0.008282 0.977105 
0.250000 0.250000 0.250000 0.250000 
  13
0.493980 0.005176 0.046210 
0.451468 0.989425 0.462022 
0.055197 0.005394 0.491768 
0.008270 0.977137 0.007296 0.007296 
0.250000 0.250000 0.250000 0.250000 
  14
0.499824 0.005171 0.046210 
0.444979 0.989435 0.462022 
0.055197 0.005394 0.491768 
0.011879 0.973529 0.007296 0.007296 
0.250000 0.250000 0.250000 0.250000 
  15
0.499824 0.005171 0.046210 
0.444979 0.989435 0.462022 
0.055197 0.005394 0.491768 
0.977078 0.008329 0.007296 0.007296 
0.250000 0.250000 0.250000 0.250000 
  16
0.499824 0.005171 0.046210 
0.444979 0.989435 0.462022 
0.055197 0.005394 0.491768 
0.977111 0.008297 0.007296 0.007296 
0.250000 0.250000 0.250000 0.250000 
  17
0.499824 0.005171 0.046210 
0.444979 0.989435 0.462022 
0.055197 0.005394 0.491768 
0.976003 0.009405 0.007296 0.007296 
0.250000 0.250000 0.250000 0.250000 
  18
0.499824 0.005171 0.046210 
0.444979 0.989435 0.462022 
0.055197 0.005394 0.491768 
0.007304 0.007304 0.008472 0.976920 
0.250000 0.250000 0.250000 0.250000 
  19
0.499824 0.005171 0.046210 
0.444979 0.989435 0.462022 
0.055197 0.005394 0.491768 
0.009130 0.976277 0.007296 0.007296 
0.250000 0.250000 0.250000 0.250000 
  20
0.499824 0.005171 0.046210 
0.444979 0.989435 0.462022 
0.055197 0.005394 0.491768 
0.978111 0.007296 0.007296 0.007296 
0.250000 0.250000 0.250000 0.250000 
  21
0.492465 0.005171 0.046210 
0.452337 0.989435 0.462022 
0.055606 0.005391 0.491768 
0.008824 0.007290 0.976596 0.007290 
0.250000 0.250000 0.250000 0.250000 
  22
0.496116 0.005167 0.046210 
0.448278 0.989442 0.462022 
0.055606 0.005391 0.491768 
0.978131 0.007290 0.007290 0.007290 
0.250000 0.250000 0.250000 0.250000 
  23
0.496116 0.005167 0.046210 
0.448278 0.989442 0.462022 
0.055606 0.005391 0.491768 
0.978131 0.007290 0.007290 0.007290 
0.250000 0.250000 0.250000 0.250000 
  24
0.496116 0.005167 0.046210 
0.448278 0.989442 0.462022 
0.055606 0.005391 0.491768 
0.008147 0.009209 0.016548 0.966096 
0.250000 0.250000 0.250000 0.250000 
  25
0.496116 0.005167 0.046210 
0.448278 0.989442 0.462022 
0.055606 0.005391 0.491768 
0.974792 0.010628 0.007290 0.007290 
0.250000 0.250000 0.250000 0.250000 
  26
0.496116 0.005167 0.046210 
0.448278 0.989442 0.462022 
0.055606 0.005391 0.491768 
0.008240 0.976188 0.007290 0.008283 
0.250000 0.250000 0.250000 0.250000 
  27
0.496116 0.005167 0.046210 
0.448278 0.989442 0.462022 
0.055606 0.005391 0.491768 
0.007290 0.007290 0.976424 0.008996 
0.250000 0.250000 0.250000 0.250000 
  28
0.496116 0.005167 0.046210 
0.448278 0.989442 0.462022 
0.055606 0.005391 0.491768 
0.973431 0.011990 0.007290 0.007290 
0.250000 0.250000 0.250000 0.250000 
  29
0.496116 0.005167 0.046210 
0.448278 0.989442 0.462022 
0.055606 0.005391 0.491768 
0.009004 0.007290 0.976416 0.007290 
0.250000 0.250000 0.250000 0.250000 
  30
0.496116 0.005167 0.046210 
0.448278 0.989442 0.462022 
0.055606 0.005391 0.491768 
0.014525 0.969145 0.007290 0.009040 
0.250000 0.250000 0.250000 0.250000 
  31
0.496116 0.005167 0.046210 
0.448278 0.989442 0.462022 
0.055606 0.005391 0.491768 
0.007290 0.978131 0.007290 0.007290 
0.250000 0.250000 0.250000 0.250000 
  32
0.496116 0.005167 0.046210 
0.448278 0.989442 0.462022 
0.055606 0.005391 0.491768 
0.007290 0.007290 0.978131 0.007290 
0.250000 0.250000 0.250000 0.250000 
  33
0.496116 0.005167 0.046210 
0.448278 0.989442 0.462022 
0.055606 0.005391 0.491768 
0.978131 0.007290 0.007290 0.007290 
0.250000 0.250000 0.250000 0.250000 
  34
0.496116 0.005167 0.046210 
0.448278 0.989442 0.462022 
0.055606 0.005391 0.491768 
0.978131 0.007290 0.007290 0.007290 
0.250000 0.250000 0.250000 0.250000 
  35
0.496116 0.005167 0.046210 
0.448278 0.989442 0.462022 
0.055606 0.005391 0.491768 
0.007290 0.007290 0.978131 0.007290 
0.250000 0.250000 0.250000 0.250000 
  36
0.496116 0.005167 0.046210 
0.448278 0.989442 0.462022 
0.055606 0.005391 0.491768 
0.010034 0.975386 0.007290 0.007290 
0.250000 0.250000 0.250000 0.250000 
  37
0.496116 0.005167 0.046210 
0.448278 0.989442 0.462022 
0.055606 0.005391 0.491768 
0.007290 0.007290 0.974735 0.010686 
0.250000 0.250000 0.250000 0.250000 
  38
0.496116 0.005167 0.046210 
0.448278 0.989442 0.462022 
0.055606 0.005391 0.491768 
0.007290 0.007290 0.007290 0.978131 
0.250000 0.250000 0.250000 0.250000 
  39
0.496116 0.005167 0.046210 
0.448278 0.989442 0.462022 
0.055606 0.005391 0.491768 
0.009176 0.976244 0.007290 0.007290 
0.250000 0.250000 0.250000 0.250000 
  40
0.496116 0.005167 0.046210 
0.448278 0.989442 0.462022 
0.055606 0.005391 0.491768 
0.007290 0.007290 0.007290 0.978131 
0.250000 0.250000 0.250000 0.250000 
  41
0.496116 0.005167 0.046210 
0.448278 0.989442 0.462022 
0.055606 0.005391 0.491768 
0.007290 0.978131 0.007290 0.007290 
0.250000 0.250000 0.250000 0.250000 
  42
0.496116 0.005167 0.046210 
0.448278 0.989442 0.462022 
0.055606 0.005391 0.491768 
0.007290 0.007290 0.965493 0.019927 
0.250000 0.250000 0.250000 0.250000 
  43
0.496116 0.005167 0.046210 
0.448278 0.989442 0.462022 
0.055606 0.005391 0.491768 
0.008347 0.007290 0.977073 0.007290 
0.250000 0.250000 0.250000 0.250000 
  44
0.496116 0.005167 0.046210 
0.448278 0.989442 0.462022 
0.055606 0.005391 0.491768 
0.007290 0.007290 0.007290 0.978131 
0.250000 0.250000 0.250000 0.250000 
  45
0.496116 0.005167 0.046210 
0.448278 0.989442 0.462022 
0.055606 0.005391 0.491768 
0.007290 0.007290 0.007290 0.978131 
0.250000 0.250000 0.250000 0.250000 
  46
0.496116 0.005167 0.046210 
0.448278 0.989442 0.462022 
0.055606 0.005391 0.491768 
0.007290 0.978131 0.007290 0.007290 
0.250000 0.250000 0.250000 0.250000 
  47
0.496116 0.005167 0.046210 
0.448278 0.989442 0.462022 
0.055606 0.005391 0.491768 
0.007290 0.978131 0.007290 0.007290 
0.250000 0.250000 0.250000 0.250000 
  48
0.490307 0.005167 0.046210 
0.454087 0.989442 0.462022 
0.055931 0.005388 0.491768 
0.022892 0.959179 0.010645 0.007285 
0.250000 0.250000 0.250000 0.250000 
  49
0.493172 0.005165 0.046210 
0.450897 0.989447 0.462022 
0.055931 0.005388 0.491768 
0.007285 0.007285 0.978146 0.007285 
0.250000 0.250000 0.250000 0.250000 
  50
0.493172 0.005165 0.046210 
0.450897 0.989447 0.462022 
0.055931 0.005388 0.491768 
0.978146 0.007285 0.007285 0.007285 
0.250000 0.250000 0.250000 0.250000 
  51
0.493172 0.005165 0.046210 
0.450897 0.989447 0.462022 
0.055931 0.005388 0.491768 
0.007285 0.007285 0.924523 0.060907 
0.250000 0.250000 0.250000 0.250000 
  52
0.486697 0.005165 0.046210 
0.457372 0.989447 0.462022 
0.056296 0.005385 0.491768 
0.007279 0.007279 0.978162 0.007279 
0.250000 0.250000 0.250000 0.250000 
  53
0.489868 0.005162 0.046210 
0.453836 0.989452 0.462022 
0.056296 0.005385 0.491768 
0.978162 0.007279 0.007279 0.007279 
0.250000 0.250000 0.250000 0.250000 
  54
0.489868 0.005162 0.046210 
0.453836 0.989452 0.462022 
0.056296 0.005385 0.491768 
0.007279 0.007279 0.008322 0.977120 
0.250000 0.250000 0.250000 0.250000 
  55
0.489868 0.005162 0.046210 
0.453836 0.989452 0.462022 
0.056296 0.005385 0.491768 
0.007279 0.978162 0.007279 0.007279 
0.250000 0.250000 0.250000 0.250000 
  56
0.477325 0.005162 0.046210 
0.466379 0.989452 0.462022 
0.057011 0.005380 0.491768 
0.007269 0.007269 0.978194 0.007269 
0.250000 0.250000 0.250000 0.250000 
  57
0.483389 0.005157 0.046210 
0.459600 0.989463 0.462022 
0.057011 0.005380 0.491768 
0.978194 0.007269 0.007269 0.007269 
0.250000 0.250000 0.250000 0.250000 
  58
0.483389 0.005157 0.046210 
0.459600 0.989463 0.462022 
0.057011 0.005380 0.491768 
0.008245 0.977217 0.007269 0.007269 
0.250000 0.250000 0.250000 0.250000 
  59
0.483389 0.005157 0.046210 
0.459600 0.989463 0.462022 
0.057011 0.005380 0.491768 
0.007269 0.007269 0.007269 0.978194 
0.250000 0.250000 0.250000 0.250000 
  60
0.483389 0.005157 0.046210 
0.459600 0.989463 0.462022 
0.057011 0.005380 0.491768 
0.977128 0.007269 0.007269 0.008335 
0.250000 0.250000 0.250000 0.250000 
  61
0.483389 0.005157 0.046210 
0.459600 0.989463 0.462022 
0.057011 0.005380 0.491768 
0.007274 0.007274 0.972513 0.012939 
0.250000 0.250000 0.250000 0.250000 
  62
0.483389 0.005157 0.046210 
0.459600 0.989463 0.462022 
0.057011 0.005380 0.491768 
0.008456 0.007269 0.977006 0.007269 
0.250000 0.250000 0.250000 0.250000 
  63
0.483389 0.005157 0.046210 
0.459600 0.989463 0.462022 
0.057011 0.005380 0.491768 
0.976310 0.009152 0.007269 0.007269 
0.250000 0.250000 0.250000 0.250000 
  64
0.483389 0.005157 0.046210 
0.459600 0.989463 0.462022 
0.057011 0.005380 0.491768 
0.978194 0.007269 0.007269 0.007269 
0.250000 0.250000 0.250000 0.250000 
  65
0.483389 0.005157 0.046210 
0.459600 0.989463 0.462022 
0.057011 0.005380 0.491768 
0.978194 0.007269 0.007269 0.007269 
0.250000 0.250000 0.250000 0.250000 
  66
0.483389 0.005157 0.046210 
0.459600 0.989463 0.462022 
0.057011 0.005380 0.491768 
0.007274 0.007274 0.008251 0.977202 
0.250000 0.250000 0.250000 0.250000 
  67
0.483389 0.005157 0.046210 
0.459600 0.989463 0.462022 
0.057011 0.005380 0.491768 
0.007269 0.978194 0.007269 0.007269 
0.250000 0.250000 0.250000 0.250000 
  68
0.483389 0.005157 0.046210 
0.459600 0.989463 0.462022 
0.057011 0.005380 0.491768 
0.007269 0.978194 0.007269 0.007269 
0.250000 0.250000 0.250000 0.250000 
  69
0.483389 0.005157 0.046210 
0.459600 0.989463 0.462022 
0.057011 0.005380 0.491768 
0.961244 0.024218 0.007269 0.007269 
0.250000 0.250000 0.250000 0.250000 
  70
0.483389 0.005157 0.046210 
0.459600 0.989463 0.462022 
0.057011 0.005380 0.491768 
0.978169 0.007277 0.007277 0.007277 
0.250000 0.250000 0.250000 0.250000 
  71
0.483389 0.005157 0.046210 
0.459600 0.989463 0.462022 
0.057011 0.005380 0.491768 
0.007269 0.007269 0.978194 0.007269 
0.250000 0.250000 0.250000 0.250000 
  72
0.483389 0.005157 0.046210 
0.459600 0.989463 0.462022 
0.057011 0.005380 0.491768 
0.017045 0.967118 0.007269 0.008568 
0.250000 0.250000 0.250000 0.250000 
  73
0.483389 0.005157 0.046210 
0.459600 0.989463 0.462022 
0.057011 0.005380 0.491768 
0.977035 0.008428 0.007269 0.007269 
0.250000 0.250000 0.250000 0.250000 
  74
0.483389 0.005157 0.046210 
0.459600 0.989463 0.462022 
0.057011 0.005380 0.491768 
0.007269 0.007269 0.007269 0.978194 
0.250000 0.250000 0.250000 0.250000 
  75
0.483389 0.005157 0.046210 
0.459600 0.989463 0.462022 
0.057011 0.005380 0.491768 
0.977225 0.008238 0.007269 0.007269 
0.250000 0.250000 0.250000 0.250000 
  76
0.483389 0.005157 0.046210 
0.459600 0.989463 0.462022 
0.057011 0.005380 0.491768 
0.007269 0.978194 0.007269 0.007269 
0.250000 0.250000 0.250000 0.250000 
  77
0.483389 0.005157 0.046210 
0.459600 0.989463 0.462022 
0.057011 0.005380 0.491768 
0.007269 0.007269 0.007269 0.978194 
0.250000 0.250000 0.250000 0.250000 
  78
0.483389 0.005157 0.046210 
0.459600 0.989463 0.462022 
0.057011 0.005380 0.491768 
0.008848 0.976615 0.007269 0.007269 
0.250000 0.250000 0.250000 0.250000 
  79
0.483389 0.005157 0.046210 
0.459600 0.989463 0.462022 
0.057011 0.005380 0.491768 
0.978194 0.007269 0.007269 0.007269 
0.250000 0.250000 0.250000 0.250000 
  80
0.483389 0.005157 0.046210 
0.459600 0.989463 0.462022 
0.057011 0.005380 0.491768 
0.977147 0.008316 0.007269 0.007269 
0.250000 0.250000 0.250000 0.250000 
  81
0.483389 0.005157 0.046210 
0.459600 0.989463 0.462022 
0.057011 0.005380 0.491768 
0.977151 0.008312 0.007269 0.007269 
0.250000 0.250000 0.250000 0.250000 
  82
0.483389 0.005157 0.046210 
0.459600 0.989463 0.462022 
0.057011 0.005380 0.491768 
0.978194 0.007269 0.007269 0.007269 
0.250000 0.250000 0.250000 0.250000 
  83
0.483389 0.005157 0.046210 
0.459600 0.989463 0.462022 
0.057011 0.005380 0.491768 
0.007269 0.007269 0.978194 0.007269 
0.250000 0.250000 0.250000 0.250000 
  84
0.483389 0.005157 0.046210 
0.459600 0.989463 0.462022 
0.057011 0.005380 0.491768 
0.976920 0.008543 0.007269 0.007269 
0.250000 0.250000 0.250000 0.250000 
  85
0.483389 0.005157 0.046210 
0.459600 0.989463 0.462022 
0.057011 0.005380 0.491768 
0.973607 0.007269 0.011855 0.007269 
0.250000 0.250000 0.250000 0.250000 
  86
0.483389 0.005157 0.046210 
0.459600 0.989463 0.462022 
0.057011 0.005380 0.491768 
0.007269 0.007269 0.007269 0.978194 
0.250000 0.250000 0.250000 0.250000 
  87
0.483389 0.005157 0.046210 
0.459600 0.989463 0.462022 
0.057011 0.005380 0.491768 
0.009754 0.007269 0.973459 0.009518 
0.250000 0.250000 0.250000 0.250000 
  88
0.483389 0.005157 0.046210 
0.459600 0.989463 0.462022 
0.057011 0.005380 0.491768 
0.977109 0.008354 0.007269 0.007269 
0.250000 0.250000 0.250000 0.250000 
  89
0.483389 0.005157 0.046210 
0.459600 0.989463 0.462022 
0.057011 0.005380 0.491768 
0.007269 0.007269 0.978194 0.007269 
0.250000 0.250000 0.250000 0.250000 
  90
0.483389 0.005157 0.046210 
0.459600 0.989463 0.462022 
0.057011 0.005380 0.491768 
0.978194 0.007269 0.007269 0.007269 
0.250000 0.250000 0.250000 0.250000 
  91
0.483389 0.005157 0.046210 
0.459600 0.989463 0.462022 
0.057011 0.005380 0.491768 
0.966073 0.019390 0.007269 0.007269 
0.250000 0.250000 0.250000 0.250000 
  92
0.483389 0.005157 0.046210 
0.459600 0.989463 0.462022 
0.057011 0.005380 0.491768 
0.974309 0.009124 0.009298 0.007269 
0.250000 0.250000 0.250000 0.250000 
  93
0.483389 0.005157 0.046210 
0.459600 0.989463 0.462022 
0.057011 0.005380 0.491768 
0.007269 0.007269 0.007269 0.978194 
0.250000 0.250000 0.250000 0.250000 
  94
0.483389 0.005157 0.046210 
0.459600 0.989463 0.462022 
0.057011 0.005380 0.491768 
0.008375 0.977088 0.007269 0.007269 
0.250000 0.250000 0.250000 0.250000 
  95
0.483389 0.005157 0.046210 
0.459600 0.989463 0.462022 
0.057011 0.005380 0.491768 
0.975828 0.009620 0.007276 0.007276 
0.250000 0.250000 0.250000 0.250000 
  96
0.483389 0.005157 0.046210 
0.459600 0.989463 0.462022 
0.057011 0.005380 0.491768 
0.007269 0.007269 0.977184 0.008278 
0.250000 0.250000 0.250000 0.250000 
  97
0.476523 0.005157 0.046210 
0.466466 0.989463 0.462022 
0.057405 0.005377 0.491768 
0.007263 0.007263 0.978211 0.007263 
0.250000 0.250000 0.250000 0.250000 
  98
0.479817 0.005154 0.046210 
0.462778 0.989469 0.462022 
0.057405 0.005377 0.491768 
0.013325 0.972149 0.007263 0.007263 
0.250000 0.250000 0.250000 0.250000 
  99
0.479817 0.005154 0.046210 
0.462778 0.989469 0.462022 
0.057405 0.005377 0.491768 
0.978211 0.007263 0.007263 0.007263 
0.250000 0.250000 0.250000 0.250000 
 100
0.479817 0.005154 0.046210 
0.462778 0.989469 0.462022 
0.057405 0.005377 0.491768 
0.975561 0.009914 0.007263 0.007263 
0.250000 0.250000 0.250000 0.250000 
 101
0.479817 0.005154 0.046210 
0.462778 0.989469 0.462022 
0.057405 0.005377 0.491768 
0.007263 0.007263 0.007263 0.978211 
0.250000 0.250000 0.250000 0.250000 
 102
0.479817 0.005154 0.046210 
0.462778 0.989469 0.462022 
0.057405 0.005377 0.491768 
0.007263 0.007263 0.007263 0.978211 
0.250000 0.250000 0.250000 0.250000 
 103
0.479817 0.005154 0.046210 
0.462778 0.989469 0.462022 
0.057405 0.005377 0.491768 
0.007263 0.978211 0.007263 0.007263 
0.250000 0.250000 0.250000 0.250000 
 104
0.479817 0.005154 0.046210 
0.462778 0.989469 0.462022 
0.057405 0.005377 0.491768 
0.978211 0.007263 0.007263 0.007263 
0.250000 0.250000 0.250000 0.250000 
 105
0.479817 0.005154 0.046210 
0.462778 0.989469 0.462022 
0.057405 0.005377 0.491768 
0.978211 0.007263 0.007263 0.007263 
0.250000 0.250000 0.250000 0.250000 
 106
0.479817 0.005154 0.046210 
0.462778 0.989469 0.462022 
0.057405 0.005377 0.491768 
0.007263 0.978211 0.007263 0.007263 
0.250000 0.250000 0.250000 0.250000 
 107
0.479817 0.005154 0.046210 
0.462778 0.989469 0.462022 
0.057405 0.005377 0.491768 
0.007263 0.007263 0.007263 0.978211 
0.250000 0.250000 0.250000 0.250000 
 108
0.479817 0.005154 0.046210 
0.462778 0.989469 0.462022 
0.057405 0.005377 0.491768 
0.007263 0.007263 0.009211 0.976263 
0.250000 0.250000 0.250000 0.250000 
 109
0.479817 0.005154 0.046210 
0.462778 0.989469 0.462022 
0.057405 0.005377 0.491768 
0.978211 0.007263 0.007263 0.007263 
0.250000 0.250000 0.250000 0.250000 
 110
0.479817 0.005154 0.046210 
0.462778 0.989469 0.462022 
0.057405 0.005377 0.491768 
0.007263 0.007263 0.978211 0.007263 
0.250000 0.250000 0.250000 0.250000 
 111
0.479817 0.005154 0.046210 
0.462778 0.989469 0.462022 
0.057405 0.005377 0.491768 
0.007263 0.007263 0.078461 0.907013 
0.250000 0.250000 0.250000 0.250000 
 112
0.479817 0.005154 0.046210 
0.462778 0.989469 0.462022 
0.057405 0.005377 0.491768 
0.978211 0.007263 0.007263 0.007263 
0.250000 0.250000 0.250000 0.250000 
 113
0.479817 0.005154 0.046210 
0.462778 0.989469 0.462022 
0.057405 0.005377 0.491768 
0.978211 0.007263 0.007263 0.007263 
0.250000 0.250000 0.250000 0.250000 
 114
0.479817 0.005154 0.046210 
0.462778 0.989469 0.462022 
0.057405 0.005377 0.491768 
0.007263 0.007263 0.022601 0.962873 
0.250000 0.250000 0.250000 0.250000 
 115
0.479817 0.005154 0.046210 
0.462778 0.989469 0.462022 
0.057405 0.005377 0.491768 
0.007263 0.978211 0.007263 0.007263 
0.250000 0.250000 0.250000 0.250000 
 116
0.479817 0.005154 0.046210 
0.462778 0.989469 0.462022 
0.057405 0.005377 0.491768 
0.007263 0.007263 0.978211 0.007263 
0.250000 0.250000 0.250000 0.250000 
 117
0.479817 0.005154 0.046210 
0.462778 0.989469 0.462022 
0.057405 0.005377 0.491768 
0.008136 0.007263 0.010588 0.974013 
0.250000 0.250000 0.250000 0.250000 
 118
0.479817 0.005154 0.046210 
0.462778 0.989469 0.462022 
0.057405 0.005377 0.491768 
0.978211 0.007263 0.007263 0.007263 
0.250000 0.250000 0.250000 0.250000 
 119
0.479817 0.005154 0.046210 
0.462778 0.989469 0.462022 
0.057405 0.005377 0.491768 
0.007263 0.007263 0.978211 0.007263 
0.250000 0.250000 0.250000 0.250000 
 120
0.479817 0.005154 0.046210 
0.462778 0.989469 0.462022 
0.057405 0.005377 0.491768 
0.008152 0.007263 0.008239 0.976346 
0.250000 0.250000 0.250000 0.250000 
 121
0.479817 0.005154 0.046210 
0.462778 0.989469 0.462022 
0.057405 0.005377 0.491768 
0.007263 0.978211 0.007263 0.007263 
0.250000 0.250000 0.250000 0.250000 
 122
0.479817 0.005154 0.046210 
0.462778 0.989469 0.462022 
0.057405 0.005377 0.491768 
0.978211 0.007263 0.007263 0.007263 
0.250000 0.250000 0.250000 0.250000 
 123
0.479817 0.005154 0.046210 
0.462778 0.989469 0.462022 
0.057405 0.005377 0.491768 
0.015398 0.970076 0.007263 0.007263 
0.250000 0.250000 0.250000 0.250000 
 124
0.479817 0.005154 0.046210 
0.462778 0.989469 0.462022 
0.057405 0.005377 0.491768 
0.007263 0.008766 0.008248 0.975723 
0.250000 0.250000 0.250000 0.250000 
 125
0.479817 0.005154 0.046210 
0.462778 0.989469 0.462022 
0.057405 0.005377 0.491768 
0.007263 0.007263 0.007263 0.978211 
0.250000 0.250000 0.250000 0.250000 
 126
0.479817 0.005154 0.046210 
0.462778 0.989469 0.462022 
0.057405 0.005377 0.491768 
0.010712 0.974762 0.007263 0.007263 
0.250000 0.250000 0.250000 0.250000 
 127
0.479817 0.005154 0.046210 
0.462778 0.989469 0.462022 
0.057405 0.005377 0.491768 
0.009226 0.976248 0.007263 0.007263 
0.250000 0.250000 0.250000 0.250000 
 128
0.479817 0.005154 0.046210 
0.462778 0.989469 0.462022 
0.057405 0.005377 0.491768 
0.007263 0.007263 0.007263 0.978211 
0.250000 0.250000 0.250000 0.250000 
 129
0.479817 0.005154 0.046210 
0.462778 0.989469 0.462022 
0.057405 0.005377 0.491768 
0.008887 0.007263 0.012025 0.971826 
0.250000 0.250000 0.250000 0.250000 
 130
0.479817 0.005154 0.046210 
0.462778 0.989469 0.462022 
0.057405 0.005377 0.491768 
0.007263 0.007263 0.978211 0.007263 
0.250000 0.250000 0.250000 0.250000 
 131
0.479817 0.005154 0.046210 
0.462778 0.989469 0.462022 
0.057405 0.005377 0.491768 
0.978211 0.007263 0.007263 0.007263 
0.250000 0.250000 0.250000 0.250000 
 132
0.479817 0.005154 0.046210 
0.462778 0.989469 0.462022 
0.057405 0.005377 0.491768 
0.050096 0.935379 0.007263 0.007263 
0.250000 0.250000 0.250000 0.250000 
 133
0.479817 0.005154 0.046210 
0.462778 0.989469 0.462022 
0.057405 0.005377 0.491768 
0.978211 0.007263 0.007263 0.007263 
0.250000 0.250000 0.250000 0.250000 
 134
0.479817 0.005154 0.046210 
0.462778 0.989469 0.462022 
0.057405 0.005377 0.491768 
0.978211 0.007263 0.007263 0.007263 
0.250000 0.250000 0.250000 0.250000 
 135
0.479817 0.005154 0.046210 
0.462778 0.989469 0.462022 
0.057405 0.005377 0.491768 
0.007263 0.007263 0.007263 0.978211 
0.250000 0.250000 0.250000 0.250000 
 136
0.479817 0.005154 0.046210 
0.462778 0.989469 0.462022 
0.057405 0.005377 0.491768 
0.191685 0.007268 0.007268 0.793779 
0.250000 0.250000 0.250000 0.250000 
 137
0.479817 0.005154 0.046210 
0.462778 0.989469 0.462022 
0.057405 0.005377 0.491768 
0.008248 0.007263 0.974602 0.009887 
0.250000 0.250000 0.250000 0.250000 
 138
0.479817 0.005154 0.046210 
0.462778 0.989469 0.462022 
0.057405 0.005377 0.491768 
0.007263 0.007263 0.977232 0.008242 
0.250000 0.250000 0.250000 0.250000 
 139
0.479817 0.005154 0.046210 
0.462778 0.989469 0.462022 
0.057405 0.005377 0.491768 
0.007263 0.011846 0.008425 0.972466 
0.250000 0.250000 0.250000 0.250000 
 140
0.479817 0.005154 0.046210 
0.462778 0.989469 0.462022 
0.057405 0.005377 0.491768 
0.007263 0.007263 0.978211 0.007263 
0.250000 0.250000 0.250000 0.250000 
 141
0.479817 0.005154 0.046210 
0.462778 0.989469 0.462022 
0.057405 0.005377 0.491768 
0.978211 0.007263 0.007263 0.007263 
0.250000 0.250000 0.250000 0.250000 
 142
0.479817 0.005154 0.046210 
0.462778 0.989469 0.462022 
0.057405 0.005377 0.491768 
0.976701 0.007263 0.007263 0.008773 
0.250000 0.250000 0.250000 0.250000 
 143
0.479817 0.005154 0.046210 
0.462778 0.989469 0.462022 
0.057405 0.005377 0.491768 
0.007263 0.007263 0.008466 0.977009 
0.250000 0.250000 0.250000 0.250000 
 144
0.479817 0.005154 0.046210 
0.462778 0.989469 0.462022 
0.057405 0.005377 0.491768 
0.977231 0.008243 0.007263 0.007263 
0.250000 0.250000 0.250000 0.250000 
 145
0.479817 0.005154 0.046210 
0.462778 0.989469 0.462022 
0.057405 0.005377 0.491768 
0.009021 0.976453 0.007263 0.007263 
0.250000 0.250000 0.250000 0.250000 
 146
0.479817 0.005154 0.046210 
0.462778 0.989469 0.462022 
0.057405 0.005377 0.491768 
0.009670 0.975804 0.007263 0.007263 
0.250000 0.250000 0.250000 0.250000 
 147
0.479817 0.005154 0.046210 
0.462778 0.989469 0.462022 
0.057405 0.005377 0.491768 
0.007263 0.007263 0.008295 0.977179 
0.250000 0.250000 0.250000 0.250000 
 148
0.479817 0.005154 0.046210 
0.462778 0.989469 0.462022 
0.057405 0.005377 0.491768 
0.008525 0.976950 0.007263 0.007263 
0.250000 0.250000 0.250000 0.250000 
 149
0.479817 0.005154 0.046210 
0.462778 0.989469 0.462022 
0.057405 0.005377 0.491768 
0.978211 0.007263 0.007263 0.007263 
0.250000 0.250000 0.250000 0.250000 
 150
0.479817 0.005154 0.046210 
0.462778 0.989469 0.462022 
0.057405 0.005377 0.491768 
0.977232 0.008243 0.007263 0.007263 
0.250000 0.250000 0.250000 0.250000 
 151
0.479817 0.005154 0.046210 
0.462778 0.989469 0.462022 
0.057405 0.005377 0.491768 
0.977238 0.007263 0.008236 0.007263 
0.250000 0.250000 0.250000 0.250000 
 152
0.479817 0.005154 0.046210 
0.462778 0.989469 0.462022 
0.057405 0.005377 0.491768 
0.007263 0.007263 0.007263 0.978211 
0.250000 0.250000 0.250000 0.250000 
 153
0.479817 0.005154 0.046210 
0.462778 0.989469 0.462022 
0.057405 0.005377 0.491768 
0.976044 0.007274 0.009409 0.007274 
0.250000 0.250000 0.250000 0.250000 
 154
0.479817 0.005154 0.046210 
0.462778 0.989469 0.462022 
0.057405 0.005377 0.491768 
0.007263 0.007263 0.007263 0.978211 
0.250000 0.250000 0.250000 0.250000 
 155
0.479817 0.005154 0.046210 
0.462778 0.989469 0.462022 
0.057405 0.005377 0.491768 
0.007263 0.978211 0.007263 0.007263 
0.250000 0.250000 0.250000 0.250000 
 156
0.479817 0.005154 0.046210 
0.462778 0.989469 0.462022 
0.057405 0.005377 0.491768 
0.007263 0.007263 0.975001 0.010474 
0.250000 0.250000 0.250000 0.250000 
 157
0.479817 0.005154 0.046210 
0.462778 0.989469 0.462022 
0.057405 0.005377 0.491768 
0.015074 0.970400 0.007263 0.007263 
0.250000 0.250000 0.250000 0.250000 
 158
0.479817 0.005154 0.046210 
0.462778 0.989469 0.462022 
0.057405 0.005377 0.491768 
0.976262 0.009212 0.007263 0.007263 
0.250000 0.250000 0.250000 0.250000 
 159
0.479817 0.005154 0.046210 
0.462778 0.989469 0.462022 
0.057405 0.005377 0.491768 
0.007263 0.007263 0.976552 0.008922 
0.250000 0.250000 0.250000 0.250000 
 160
0.479817 0.005154 0.046210 
0.462778 0.989469 0.462022 
0.057405 0.005377 0.491768 
0.976266 0.007263 0.009208 0.007263 
0.250000 0.250000 0.250000 0.250000 
 161
0.479817 0.005154 0.046210 
0.462778 0.989469 0.462022 
0.057405 0.005377 0.491768 
0.008241 0.977233 0.007263 0.007263 
0.250000 0.250000 0.250000 0.250000 
 162
0.479817 0.005154 0.046210 
0.462778 0.989469 0.462022 
0.057405 0.005377 0.491768 
0.007263 0.007263 0.009216 0.976258 
0.250000 0.250000 0.250000 0.250000 
 163
0.479817 0.005154 0.046210 
0.462778 0.989469 0.462022 
0.057405 0.005377 0.491768 
0.007263 0.007263 0.978211 0.007263 
0.250000 0.250000 0.250000 0.250000 
 164
0.479817 0.005154 0.046210 
0.462778 0.989469 0.462022 
0.057405 0.005377 0.491768 
0.007263 0.007263 0.978211 0.007263 
0.250000 0.250000 0.250000 0.250000 
 165
0.479817 0.005154 0.046210 
0.462778 0.989469 0.462022 
0.057405 0.005377 0.491768 
0.007263 0.007263 0.008678 0.976796 
0.250000 0.250000 0.250000 0.250000 
 166
0.479817 0.005154 0.046210 
0.462778 0.989469 0.462022 
0.057405 0.005377 0.491768 
0.007263 0.007263 0.978211 0.007263 
0.250000 0.250000 0.250000 0.250000 
 167
0.479817 0.005154 0.046210 
0.462778 0.989469 0.462022 
0.057405 0.005377 0.491768 
0.978211 0.007263 0.007263 0.007263 
0.250000 0.250000 0.250000 0.250000 
 168
0.479817 0.005154 0.046210 
0.462778 0.989469 0.462022 
0.057405 0.005377 0.491768 
0.007263 0.007263 0.012314 0.973161 
0.250000 0.250000 0.250000 0.250000 
 169
0.479817 0.005154 0.046210 
0.462778 0.989469 0.462022 
0.057405 0.005377 0.491768 
0.008493 0.007263 0.976981 0.007263 
0.250000 0.250000 0.250000 0.250000 
 170
0.479817 0.005154 0.046210 
0.462778 0.989469 0.462022 
0.057405 0.005377 0.491768 
0.978211 0.007263 0.007263 0.007263 
0.250000 0.250000 0.250000 0.250000 
 171
0.479817 0.005154 0.046210 
0.462778 0.989469 0.462022 
0.057405 0.005377 0.491768 
0.010666 0.972284 0.007263 0.009787 
0.250000 0.250000 0.250000 0.250000 
 172
0.479817 0.005154 0.046210 
0.462778 0.989469 0.462022 
0.057405 0.005377 0.491768 
0.976137 0.009338 0.007263 0.007263 
0.250000 0.250000 0.250000 0.250000 
 173
0.479817 0.005154 0.046210 
0.462778 0.989469 0.462022 
0.057405 0.005377 0.491768 
0.007263 0.007263 0.007263 0.978211 
0.250000 0.250000 0.250000 0.250000 
 174
0.479817 0.005154 0.046210 
0.462778 0.989469 0.462022 
0.057405 0.005377 0.491768 
0.007263 0.007263 0.975870 0.009605 
0.250000 0.250000 0.250000 0.250000 
 175
0.479817 0.005154 0.046210 
0.462778 0.989469 0.462022 
0.057405 0.005377 0.491768 
0.007263 0.007263 0.978211 0.007263 
0.250000 0.250000 0.250000 0.250000 
 176
0.479817 0.005154 0.046210 
0.462778 0.989469 0.462022 
0.057405 0.005377 0.491768 
0.007263 0.007263 0.007263 0.978211 
0.250000 0.250000 0.250000 0.250000 
 177
0.479817 0.005154 0.046210 
0.462778 0.989469 0.462022 
0.057405 0.005377 0.491768 
0.007263 0.007263 0.007263 0.978211 
0.250000 0.250000 0.250000 0.250000 
 178
0.479817 0.005154 0.046210 
0.462778 0.989469 0.462022 
0.057405 0.005377 0.491768 
0.007263 0.978211 0.007263 0.007263 
0.250000 0.250000 0.250000 0.250000 
 179
0.479817 0.005154 0.046210 
0.462778 0.989469 0.462022 
0.057405 0.005377 0.491768 
0.978211 0.007263 0.007263 0.007263 
0.250000 0.250000 0.250000 0.250000 
 180
0.479817 0.005154 0.046210 
0.462778 0.989469 0.462022 
0.057405 0.005377 0.491768 
0.007263 0.007263 0.008808 0.976666 
0.250000 0.250000 0.250000 0.250000 
 181
0.479817 0.005154 0.046210 
0.462778 0.989469 0.462022 
0.057405 0.005377 0.491768 
0.007263 0.978211 0.007263 0.007263 
0.250000 0.250000 0.250000 0.250000 
 182
0.479817 0.005154 0.046210 
0.462778 0.989469 0.462022 
0.057405 0.005377 0.491768 
0.007263 0.978211 0.007263 0.007263 
0.250000 0.250000 0.250000 0.250000 
 183
0.479817 0.005154 0.046210 
0.462778 0.989469 0.462022 
0.057405 0.005377 0.491768 
0.965222 0.018537 0.008117 0.008125 
0.250000 0.250000 0.250000 0.250000 
 184
0.479817 0.005154 0.046210 
0.462778 0.989469 0.462022 
0.057405 0.005377 0.491768 
0.007263 0.978211 0.007263 0.007263 
0.250000 0.250000 0.250000 0.250000 
 185
0.479817 0.005154 0.046210 
0.462778 0.989469 0.462022 
0.057405 0.005377 0.491768 
0.978211 0.007263 0.007263 0.007263 
0.250000 0.250000 0.250000 0.250000 
 186
0.479817 0.005154 0.046210 
0.462778 0.989469 0.462022 
0.057405 0.005377 0.491768 
0.010822 0.974653 0.007263 0.007263 
0.250000 0.250000 0.250000 0.250000 
 187
0.479817 0.005154 0.046210 
0.462778 0.989469 0.462022 
0.057405 0.005377 0.491768 
0.977097 0.008377 0.007263 0.007263 
0.250000 0.250000 0.250000 0.250000 
 188
0.479817 0.005154 0.046210 
0.462778 0.989469 0.462022 
0.057405 0.005377 0.491768 
0.978211 0.007263 0.007263 0.007263 
0.250000 0.250000 0.250000 0.250000 
 189
0.479817 0.005154 0.046210 
0.462778 0.989469 0.462022 
0.057405 0.005377 0.491768 
0.008308 0.007263 0.976223 0.008207 
0.250000 0.250000 0.250000 0.250000 
 190
0.479817 0.005154 0.046210 
0.462778 0.989469 0.462022 
0.057405 0.005377 0.491768 
0.007263 0.007263 0.007263 0.978211 
0.250000 0.250000 0.250000 0.250000 
 191
0.479817 0.005154 0.046210 
0.462778 0.989469 0.462022 
0.057405 0.005377 0.491768 
0.007263 0.978211 0.007263 0.007263 
0.250000 0.250000 0.250000 0.250000 
 192
0.479817 0.005154 0.046210 
0.462778 0.989469 0.462022 
0.057405 0.005377 0.491768 
0.007263 0.007263 0.976950 0.008525 
0.250000 0.250000 0.250000 0.250000 
 193
0.479817 0.005154 0.046210 
0.462778 0.989469 0.462022 
0.057405 0.005377 0.491768 
0.978211 0.007263 0.007263 0.007263 
0.250000 0.250000 0.250000 0.250000 
 194
0.479817 0.005154 0.046210 
0.462778 0.989469 0.462022 
0.057405 0.005377 0.491768 
0.008841 0.007263 0.976633 0.007263 
0.250000 0.250000 0.250000 0.250000 
 195
0.479817 0.005154 0.046210 
0.462778 0.989469 0.462022 
0.057405 0.005377 0.491768 
0.973285 0.010250 0.009201 0.007263 
0.250000 0.250000 0.250000 0.250000 
 196
0.479817 0.005154 0.046210 
0.462778 0.989469 0.462022 
0.057405 0.005377 0.491768 
0.007263 0.007263 0.978211 0.007263 
0.250000 0.250000 0.250000 0.250000 
 197
0.479817 0.005154 0.046210 
0.462778 0.989469 0.462022 
0.057405 0.005377 0.491768 
0.007263 0.007263 0.007263 0.978211 
0.250000 0.250000 0.250000 0.250000 
 198
0.479817 0.005154 0.046210 
0.462778 0.989469 0.462022 
0.057405 0.005377 0.491768 
0.976996 0.007263 0.007263 0.008478 
0.250000 0.250000 0.250000 0.250000 
 199
0.479817 0.005154 0.046210 
0.462778 0.989469 0.462022 
0.057405 0.005377 0.491768 
0.978211 0.007263 0.007263 0.007263 
0.250000 0.250000 0.250000 0.250000 
 200
0.479817 0.005154 0.046210 
0.462778 0.989469 0.462022 
0.057405 0.005377 0.491768 
0.007263 0.007263 0.007263 0.978211 
0.250000 0.250000 0.250000 0.250000 
 201
0.479817 0.005154 0.046210 
0.462778 0.989469 0.462022 
0.057405 0.005377 0.491768 
0.784088 0.008137 0.007263 0.200512 
0.250000 0.250000 0.250000 0.250000 
 202
0.479817 0.005154 0.046210 
0.462778 0.989469 0.462022 
0.057405 0.005377 0.491768 
0.007263 0.978211 0.007263 0.007263 
0.250000 0.250000 0.250000 0.250000 
 203
0.479817 0.005154 0.046210 
0.462778 0.989469 0.462022 
0.057405 0.005377 0.491768 
0.978211 0.007263 0.007263 0.007263 
0.250000 0.250000 0.250000 0.250000 
 204
0.479817 0.005154 0.046210 
0.462778 0.989469 0.462022 
0.057405 0.005377 0.491768 
0.007263 0.007263 0.008529 0.976945 
0.250000 0.250000 0.250000 0.250000 
 205
0.479817 0.005154 0.046210 
0.462778 0.989469 0.462022 
0.057405 0.005377 0.491768 
0.007263 0.978211 0.007263 0.007263 
0.250000 0.250000 0.250000 0.250000 
 206
0.479817 0.005154 0.046210 
0.462778 0.989469 0.462022 
0.057405 0.005377 0.491768 
0.007263 0.007263 0.978211 0.007263 
0.250000 0.250000 0.250000 0.250000 
 207
0.479817 0.005154 0.046210 
0.462778 0.989469 0.462022 
0.057405 0.005377 0.491768 
0.011598 0.007268 0.767574 0.213560 
0.250000 0.250000 0.250000 0.250000 
 208
0.479817 0.005154 0.046210 
0.462778 0.989469 0.462022 
0.057405 0.005377 0.491768 
0.007268 0.007268 0.906273 0.079191 
0.250000 0.250000 0.250000 0.250000 
 209
0.479817 0.005154 0.046210 
0.462778 0.989469 0.462022 
0.057405 0.005377 0.491768 
0.007263 0.007263 0.007263 0.978211 
0.250000 0.250000 0.250000 0.250000 
 210
0.479817 0.005154 0.046210 
0.462778 0.989469 0.462022 
0.057405 0.005377 0.491768 
0.978211 0.007263 0.007263 0.007263 
0.250000 0.250000 0.250000 0.250000 
 211
0.479817 0.005154 0.046210 
0.462778 0.989469 0.462022 
0.057405 0.005377 0.491768 
0.008285 0.007263 0.007263 0.977189 
0.250000 0.250000 0.250000 0.250000 
 212
0.479817 0.005154 0.046210 
0.462778 0.989469 0.462022 
0.057405 0.005377 0.491768 
0.007263 0.007263 0.007263 0.978211 
0.250000 0.250000 0.250000 0.250000 
 213
0.479817 0.005154 0.046210 
0.462778 0.989469 0.462022 
0.057405 0.005377 0.491768 
0.012172 0.973303 0.007263 0.007263 
0.250000 0.250000 0.250000 0.250000 
 214
0.479817 0.005154 0.046210 
0.462778 0.989469 0.462022 
0.057405 0.005377 0.491768 
0.007263 0.978211 0.007263 0.007263 
0.250000 0.250000 0.250000 0.250000 
 215
0.479817 0.005154 0.046210 
0.462778 0.989469 0.462022 
0.057405 0.005377 0.491768 
0.007263 0.978211 0.007263 0.007263 
0.250000 0.250000 0.250000 0.250000 
 216
0.479817 0.005154 0.046210 
0.462778 0.989469 0.462022 
0.057405 0.005377 0.491768 
0.973906 0.011568 0.007263 0.007263 
0.250000 0.250000 0.250000 0.250000 
 217
0.479817 0.005154 0.046210 
0.462778 0.989469 0.462022 
0.057405 0.005377 0.491768 
0.007263 0.978211 0.007263 0.007263 
0.250000 0.250000 0.250000 0.250000 
 218
0.479817 0.005154 0.046210 
0.462778 0.989469 0.462022 
0.057405 0.005377 0.491768 
0.978211 0.007263 0.007263 0.007263 
0.250000 0.250000 0.250000 0.250000 
 219
0.479817 0.005154 0.046210 
0.462778 0.989469 0.462022 
0.057405 0.005377 0.491768 
0.007263 0.007263 0.975782 0.009693 
0.250000 0.250000 0.250000 0.250000 
 220
0.479817 0.005154 0.046210 
0.462778 0.989469 0.462022 
0.057405 0.005377 0.491768 
0.007263 0.007263 0.978211 0.007263 
0.250000 0.250000 0.250000 0.250000 
 221
0.479817 0.005154 0.046210 
0.462778 0.989469 0.462022 
0.057405 0.005377 0.491768 
0.007263 0.007263 0.978211 0.007263 
0.250000 0.250000 0.250000 0.250000 
 222
0.479817 0.005154 0.046210 
0.462778 0.989469 0.462022 
0.057405 0.005377 0.491768 
0.009138 0.007269 0.009118 0.974474 
0.250000 0.250000 0.250000 0.250000 
 223
0.479817 0.005154 0.046210 
0.462778 0.989469 0.462022 
0.057405 0.005377 0.491768 
0.007263 0.007263 0.978211 0.007263 
0.250000 0.250000 0.250000 0.250000 
 224
0.479817 0.005154 0.046210 
0.462778 0.989469 0.462022 
0.057405 0.005377 0.491768 
0.978211 0.007263 0.007263 0.007263 
0.250000 0.250000 0.250000 0.250000 
 225
0.479817 0.005154 0.046210 
0.462778 0.989469 0.462022 
0.057405 0.005377 0.491768 
0.007263 0.977160 0.007263 0.008314 
0.250000 0.250000 0.250000 0.250000 
 226
0.479817 0.005154 0.046210 
0.462778 0.989469 0.462022 
0.057405 0.005377 0.491768 
0.007263 0.007263 0.007263 0.978211 
0.250000 0.250000 0.250000 0.250000 
 227
0.479817 0.005154 0.046210 
0.462778 0.989469 0.462022 
0.057405 0.005377 0.491768 
0.007263 0.978211 0.007263 0.007263 
0.250000 0.250000 0.250000 0.250000 
 228
0.479817 0.005154 0.046210 
0.462778 0.989469 0.462022 
0.057405 0.005377 0.491768 
0.007263 0.007263 0.007263 0.978211 
0.250000 0.250000 0.250000 0.250000 
 229
0.479817 0.005154 0.046210 
0.462778 0.989469 0.462022 
0.057405 0.005377 0.491768 
0.007263 0.978211 0.007263 0.007263 
0.250000 0.250000 0.250000 0.250000 
 230
0.479817 0.005154 0.046210 
0.462778 0.989469 0.462022 
0.057405 0.005377 0.491768 
0.978211 0.007263 0.007263 0.007263 
0.250000 0.250000 0.250000 0.250000 
 231
0.479817 0.005154 0.046210 
0.462778 0.989469 0.462022 
0.057405 0.005377 0.491768 
0.008473 0.007263 0.007263 0.977001 
0.250000 0.250000 0.250000 0.250000 
 232
0.479817 0.005154 0.046210 
0.462778 0.989469 0.462022 
0.057405 0.005377 0.491768 
0.007263 0.978211 0.007263 0.007263 
0.250000 0.250000 0.250000 0.250000 
 233
0.479817 0.005154 0.046210 
0.462778 0.989469 0.462022 
0.057405 0.005377 0.491768 
0.131067 0.854407 0.007263 0.007263 
0.250000 0.250000 0.250000 0.250000 
 234
0.479817 0.005154 0.046210 
0.462778 0.989469 0.462022 
0.057405 0.005377 0.491768 
0.007263 0.007263 0.978211 0.007263 
0.250000 0.250000 0.250000 0.250000 
 235
0.479817 0.005154 0.046210 
0.462778 0.989469 0.462022 
0.057405 0.005377 0.491768 
