%  SAM: /scicomp/home/vfn4/nomen/label/LABEL_RES/scripts/modelfromalign_Linux v3.5 (July 15, 2005) compiled 12/08/06_16:15:55
%  (c) 1992-2001 Regents of the University of California, Santa Cruz
%
%          Sequence Alignment and Modeling Software System
%         http://www.cse.ucsc.edu/research/compbio/sam.html
%
% ----------------- Citations (SAM, SAM-T2K, HMMs) --------------------
% R. Hughey, A. Krogh, Hidden Markov models for sequence analysis:
%  Extension and analysis of the basic method, CABIOS 12:95-107, 1996.
% K. Karplus, et al., What is the value added by human intervention in protein
%  structure prediction, Proteins: Stucture, Function, Genetics 45(S5):86--91, 2001.
% A. Krogh et al., Hidden Markov models in computational biology:
%  Applications to protein modeling, JMB 235:1501-1531, Feb 1994.
% ---------------------------------------------------------------------
%  3C.2a1_hmm   Host: id-dev-03    Tue Dec  3 12:54:03 2019
%  vfn4         Dir:  /scicomp/groups/OID/NCIRD/ID-OD/ID_nomenclatures/H3/training/H3v2019R1/stub6r1/c-3C.2a1a
% ---------------------------------------------------------------------
%  Alignment weights from internal calc.  Total (60.11) Max (0.22) Min (0.01)
%  Weights from alignment method 1 (karplus), b=-1.000000, e=0.500000
MODEL --  Model from alignment file /scicomp/home/vfn4/nomen/label/LABEL_RES/training_data/stub6/c-3C.2a1a/3C.2a1.fasta
alphabet DNA
FREQAVE
0.000000 0.000000 0.000000 
0.000000 0.000000 0.000000 
0.000000 0.000000 0.000000 
0.344687 0.222753 0.193974 0.238585 
0.344687 0.222753 0.193974 0.238585 
Begin
0.000000 0.000000 0.000000 
0.000000 0.000000 0.000000 
0.000000 0.003493 0.491768 
0.250000 0.250000 0.250000 0.250000 
0.250000 0.250000 0.250000 0.250000 
   1
0.000000 0.017461 0.046210 
0.000000 0.979047 0.462022 
0.045085 0.003543 0.491768 
0.004637 0.004165 0.987032 0.004165 
0.250000 0.250000 0.250000 0.250000 
   2
0.575255 0.003396 0.046210 
0.379660 0.993062 0.462022 
0.045827 0.003539 0.491768 
0.986583 0.004532 0.004159 0.004726 
0.250000 0.250000 0.250000 0.250000 
   3
0.584731 0.003392 0.046210 
0.369442 0.993069 0.462022 
0.045827 0.003539 0.491768 
0.985421 0.005695 0.004726 0.004159 
0.250000 0.250000 0.250000 0.250000 
   4
0.576769 0.003392 0.046210 
0.377403 0.993069 0.462022 
0.046195 0.003537 0.491768 
0.977362 0.005021 0.013457 0.004160 
0.250000 0.250000 0.250000 0.250000 
   5
0.550044 0.003390 0.046210 
0.403761 0.993073 0.462022 
0.047690 0.003530 0.491768 
0.963290 0.028417 0.004146 0.004146 
0.250000 0.250000 0.250000 0.250000 
   6
0.560481 0.003383 0.046210 
0.391828 0.993087 0.462022 
0.048044 0.003528 0.491768 
0.985079 0.006635 0.004143 0.004143 
0.250000 0.250000 0.250000 0.250000 
   7
0.564641 0.003382 0.046210 
0.387315 0.993090 0.462022 
0.048044 0.003528 0.491768 
0.984650 0.005365 0.005841 0.004144 
0.250000 0.250000 0.250000 0.250000 
   8
0.559578 0.003382 0.046210 
0.392378 0.993090 0.462022 
0.048289 0.003527 0.491768 
0.005523 0.005070 0.004902 0.984505 
0.250000 0.250000 0.250000 0.250000 
   9
0.562426 0.003381 0.046210 
0.389286 0.993092 0.462022 
0.048289 0.003527 0.491768 
0.004523 0.004141 0.006653 0.984683 
0.250000 0.250000 0.250000 0.250000 
  10
0.554048 0.003381 0.046210 
0.397663 0.993092 0.462022 
0.048697 0.003525 0.491768 
0.008038 0.004139 0.983277 0.004546 
0.250000 0.250000 0.250000 0.250000 
  11
0.556489 0.003379 0.046210 
0.394814 0.993096 0.462022 
0.048806 0.003525 0.491768 
0.004622 0.004139 0.986051 0.005189 
0.250000 0.250000 0.250000 0.250000 
  12
0.557738 0.003379 0.046210 
0.393456 0.993097 0.462022 
0.048806 0.003525 0.491768 
0.008090 0.004138 0.011911 0.975861 
0.250000 0.250000 0.250000 0.250000 
  13
0.545975 0.003379 0.046210 
0.405219 0.993097 0.462022 
0.049387 0.003522 0.491768 
0.004789 0.986942 0.004134 0.004134 
0.250000 0.250000 0.250000 0.250000 
  14
0.552474 0.003376 0.046210 
0.398139 0.993102 0.462022 
0.049387 0.003522 0.491768 
0.007954 0.983307 0.004134 0.004605 
0.250000 0.250000 0.250000 0.250000 
  15
0.549701 0.003376 0.046210 
0.400912 0.993102 0.462022 
0.049524 0.003522 0.491768 
0.984083 0.007268 0.004133 0.004516 
0.250000 0.250000 0.250000 0.250000 
  16
0.551230 0.003376 0.046210 
0.399246 0.993103 0.462022 
0.049524 0.003522 0.491768 
0.983680 0.008053 0.004133 0.004133 
0.250000 0.250000 0.250000 0.250000 
  17
0.548886 0.003376 0.046210 
0.401590 0.993103 0.462022 
0.049641 0.003521 0.491768 
0.987599 0.004134 0.004134 0.004134 
0.250000 0.250000 0.250000 0.250000 
  18
0.550175 0.003375 0.046210 
0.400184 0.993104 0.462022 
0.049641 0.003521 0.491768 
0.004133 0.004503 0.005189 0.986175 
0.250000 0.250000 0.250000 0.250000 
  19
0.545031 0.003375 0.046210 
0.405329 0.993104 0.462022 
0.049897 0.003520 0.491768 
0.005071 0.986293 0.004131 0.004504 
0.250000 0.250000 0.250000 0.250000 
  20
0.545487 0.003374 0.046210 
0.404616 0.993106 0.462022 
0.050016 0.003520 0.491768 
0.987609 0.004130 0.004130 0.004130 
0.250000 0.250000 0.250000 0.250000 
  21
0.527624 0.003374 0.046210 
0.422361 0.993107 0.462022 
0.050992 0.003515 0.491768 
0.004993 0.004124 0.986376 0.004507 
0.250000 0.250000 0.250000 0.250000 
  22
0.535624 0.003370 0.046210 
0.413383 0.993115 0.462022 
0.051110 0.003515 0.491768 
0.986826 0.004550 0.004124 0.004500 
0.250000 0.250000 0.250000 0.250000 
  23
0.536861 0.003369 0.046210 
0.412029 0.993116 0.462022 
0.051110 0.003515 0.491768 
0.986545 0.005207 0.004124 0.004124 
0.250000 0.250000 0.250000 0.250000 
  24
0.536861 0.003369 0.046210 
0.412029 0.993116 0.462022 
0.051110 0.003515 0.491768 
0.004124 0.004848 0.020023 0.971005 
0.250000 0.250000 0.250000 0.250000 
  25
0.518704 0.003369 0.046210 
0.430186 0.993116 0.462022 
0.052055 0.003511 0.491768 
0.986832 0.004932 0.004118 0.004118 
0.250000 0.250000 0.250000 0.250000 
  26
0.528296 0.003366 0.046210 
0.419648 0.993123 0.462022 
0.052055 0.003511 0.491768 
0.005470 0.985888 0.004118 0.004524 
0.250000 0.250000 0.250000 0.250000 
  27
0.515018 0.003366 0.046210 
0.432927 0.993123 0.462022 
0.052756 0.003509 0.491768 
0.004862 0.004114 0.986251 0.004772 
0.250000 0.250000 0.250000 0.250000 
  28
0.521949 0.003363 0.046210 
0.425296 0.993128 0.462022 
0.052756 0.003509 0.491768 
0.987182 0.004589 0.004114 0.004114 
0.250000 0.250000 0.250000 0.250000 
  29
0.519554 0.003363 0.046210 
0.427690 0.993128 0.462022 
0.052882 0.003508 0.491768 
0.004445 0.004480 0.985277 0.005798 
0.250000 0.250000 0.250000 0.250000 
  30
0.510113 0.003363 0.046210 
0.437005 0.993129 0.462022 
0.053454 0.003506 0.491768 
0.010473 0.979067 0.004111 0.006349 
0.250000 0.250000 0.250000 0.250000 
  31
0.515624 0.003361 0.046210 
0.430922 0.993133 0.462022 
0.053454 0.003506 0.491768 
0.004111 0.987668 0.004111 0.004111 
0.250000 0.250000 0.250000 0.250000 
  32
0.515624 0.003361 0.046210 
0.430922 0.993133 0.462022 
0.053454 0.003506 0.491768 
0.004111 0.004111 0.987668 0.004111 
0.250000 0.250000 0.250000 0.250000 
  33
0.512281 0.003361 0.046210 
0.434265 0.993133 0.462022 
0.053633 0.003505 0.491768 
0.983860 0.005973 0.004110 0.006057 
0.250000 0.250000 0.250000 0.250000 
  34
0.502721 0.003360 0.046210 
0.443646 0.993134 0.462022 
0.054245 0.003503 0.491768 
0.987680 0.004106 0.004106 0.004106 
0.250000 0.250000 0.250000 0.250000 
  35
0.508456 0.003358 0.046210 
0.437300 0.993139 0.462022 
0.054245 0.003503 0.491768 
0.004106 0.004106 0.985955 0.005832 
0.250000 0.250000 0.250000 0.250000 
  36
0.508456 0.003358 0.046210 
0.437300 0.993139 0.462022 
0.054245 0.003503 0.491768 
0.007161 0.982487 0.006244 0.004107 
0.250000 0.250000 0.250000 0.250000 
  37
0.503020 0.003358 0.046210 
0.442735 0.993139 0.462022 
0.054541 0.003502 0.491768 
0.004105 0.004105 0.986414 0.005376 
0.250000 0.250000 0.250000 0.250000 
  38
0.505769 0.003357 0.046210 
0.439690 0.993141 0.462022 
0.054541 0.003502 0.491768 
0.004105 0.004105 0.004105 0.987685 
0.250000 0.250000 0.250000 0.250000 
  39
0.505769 0.003357 0.046210 
0.439690 0.993141 0.462022 
0.054541 0.003502 0.491768 
0.011048 0.979434 0.004105 0.005413 
0.250000 0.250000 0.250000 0.250000 
  40
0.498240 0.003357 0.046210 
0.447219 0.993141 0.462022 
0.054955 0.003501 0.491768 
0.004103 0.004103 0.004103 0.987691 
0.250000 0.250000 0.250000 0.250000 
  41
0.502020 0.003356 0.046210 
0.443025 0.993144 0.462022 
0.054955 0.003501 0.491768 
0.004103 0.987691 0.004103 0.004103 
0.250000 0.250000 0.250000 0.250000 
  42
0.502020 0.003356 0.046210 
0.443025 0.993144 0.462022 
0.054955 0.003501 0.491768 
0.004104 0.004104 0.985946 0.005845 
0.250000 0.250000 0.250000 0.250000 
  43
0.485133 0.003356 0.046210 
0.459912 0.993144 0.462022 
0.055899 0.003498 0.491768 
0.005481 0.004098 0.986322 0.004098 
0.250000 0.250000 0.250000 0.250000 
  44
0.488498 0.003353 0.046210 
0.455603 0.993150 0.462022 
0.056178 0.003497 0.491768 
0.004097 0.004097 0.004097 0.987709 
0.250000 0.250000 0.250000 0.250000 
  45
0.490937 0.003352 0.046210 
0.452885 0.993152 0.462022 
0.056178 0.003497 0.491768 
0.005453 0.005675 0.005424 0.983448 
0.250000 0.250000 0.250000 0.250000 
  46
0.488226 0.003352 0.046210 
0.455596 0.993152 0.462022 
0.056331 0.003496 0.491768 
0.004096 0.987712 0.004096 0.004096 
0.250000 0.250000 0.250000 0.250000 
  47
0.482903 0.003351 0.046210 
0.460766 0.993153 0.462022 
0.056708 0.003495 0.491768 
0.004094 0.987717 0.004094 0.004094 
0.250000 0.250000 0.250000 0.250000 
  48
0.486136 0.003350 0.046210 
0.457156 0.993155 0.462022 
0.056708 0.003495 0.491768 
0.015393 0.976017 0.004495 0.004095 
0.250000 0.250000 0.250000 0.250000 
  49
0.486136 0.003350 0.046210 
0.457156 0.993155 0.462022 
0.056708 0.003495 0.491768 
0.004094 0.004094 0.987717 0.004094 
0.250000 0.250000 0.250000 0.250000 
  50
0.486136 0.003350 0.046210 
0.457156 0.993155 0.462022 
0.056708 0.003495 0.491768 
0.980886 0.004094 0.010926 0.004094 
0.250000 0.250000 0.250000 0.250000 
  51
0.486136 0.003350 0.046210 
0.457156 0.993155 0.462022 
0.056708 0.003495 0.491768 
0.004094 0.004094 0.979585 0.012226 
0.250000 0.250000 0.250000 0.250000 
  52
0.486136 0.003350 0.046210 
0.457156 0.993155 0.462022 
0.056708 0.003495 0.491768 
0.004094 0.004094 0.986399 0.005412 
0.250000 0.250000 0.250000 0.250000 
  53
0.483018 0.003350 0.046210 
0.460274 0.993155 0.462022 
0.056885 0.003494 0.491768 
0.985170 0.004094 0.004094 0.006643 
0.250000 0.250000 0.250000 0.250000 
  54
0.484529 0.003349 0.046210 
0.458586 0.993156 0.462022 
0.056885 0.003494 0.491768 
0.007666 0.004094 0.005344 0.982897 
0.250000 0.250000 0.250000 0.250000 
  55
0.484529 0.003349 0.046210 
0.458586 0.993156 0.462022 
0.056885 0.003494 0.491768 
0.004526 0.986219 0.004094 0.005161 
0.250000 0.250000 0.250000 0.250000 
  56
0.484529 0.003349 0.046210 
0.458586 0.993156 0.462022 
0.056885 0.003494 0.491768 
0.004094 0.004094 0.987717 0.004094 
0.250000 0.250000 0.250000 0.250000 
  57
0.484529 0.003349 0.046210 
0.458586 0.993156 0.462022 
0.056885 0.003494 0.491768 
0.987238 0.004094 0.004575 0.004094 
0.250000 0.250000 0.250000 0.250000 
  58
0.484529 0.003349 0.046210 
0.458586 0.993156 0.462022 
0.056885 0.003494 0.491768 
0.004740 0.987073 0.004094 0.004094 
0.250000 0.250000 0.250000 0.250000 
  59
0.484529 0.003349 0.046210 
0.458586 0.993156 0.462022 
0.056885 0.003494 0.491768 
0.004094 0.004094 0.004094 0.987719 
0.250000 0.250000 0.250000 0.250000 
  60
0.484529 0.003349 0.046210 
0.458586 0.993156 0.462022 
0.056885 0.003494 0.491768 
0.985516 0.005930 0.004461 0.004094 
0.250000 0.250000 0.250000 0.250000 
  61
0.484529 0.003349 0.046210 
0.458586 0.993156 0.462022 
0.056885 0.003494 0.491768 
0.004094 0.004094 0.987006 0.004807 
0.250000 0.250000 0.250000 0.250000 
  62
0.484529 0.003349 0.046210 
0.458586 0.993156 0.462022 
0.056885 0.003494 0.491768 
0.005491 0.004094 0.985591 0.004824 
0.250000 0.250000 0.250000 0.250000 
  63
0.484529 0.003349 0.046210 
0.458586 0.993156 0.462022 
0.056885 0.003494 0.491768 
0.982132 0.005622 0.008150 0.004096 
0.250000 0.250000 0.250000 0.250000 
  64
0.484529 0.003349 0.046210 
0.458586 0.993156 0.462022 
0.056885 0.003494 0.491768 
0.987719 0.004094 0.004094 0.004094 
0.250000 0.250000 0.250000 0.250000 
  65
0.484529 0.003349 0.046210 
0.458586 0.993156 0.462022 
0.056885 0.003494 0.491768 
0.986879 0.004522 0.004505 0.004094 
0.250000 0.250000 0.250000 0.250000 
  66
0.484529 0.003349 0.046210 
0.458586 0.993156 0.462022 
0.056885 0.003494 0.491768 
0.004094 0.004094 0.771555 0.220258 
0.250000 0.250000 0.250000 0.250000 
  67
0.481792 0.003349 0.046210 
0.461323 0.993156 0.462022 
0.057041 0.003494 0.491768 
0.004093 0.987722 0.004093 0.004093 
0.250000 0.250000 0.250000 0.250000 
  68
0.483114 0.003349 0.046210 
0.459845 0.993157 0.462022 
0.057041 0.003494 0.491768 
0.004093 0.987722 0.004093 0.004093 
0.250000 0.250000 0.250000 0.250000 
  69
0.483114 0.003349 0.046210 
0.459845 0.993157 0.462022 
0.057041 0.003494 0.491768 
0.984570 0.007243 0.004094 0.004094 
0.250000 0.250000 0.250000 0.250000 
  70
0.483114 0.003349 0.046210 
0.459845 0.993157 0.462022 
0.057041 0.003494 0.491768 
0.987719 0.004094 0.004094 0.004094 
0.250000 0.250000 0.250000 0.250000 
  71
0.483114 0.003349 0.046210 
0.459845 0.993157 0.462022 
0.057041 0.003494 0.491768 
0.004093 0.004093 0.987722 0.004093 
0.250000 0.250000 0.250000 0.250000 
  72
0.483114 0.003349 0.046210 
0.459845 0.993157 0.462022 
0.057041 0.003494 0.491768 
0.059657 0.931429 0.004094 0.004820 
0.250000 0.250000 0.250000 0.250000 
  73
0.483114 0.003349 0.046210 
0.459845 0.993157 0.462022 
0.057041 0.003494 0.491768 
0.985206 0.006609 0.004093 0.004093 
0.250000 0.250000 0.250000 0.250000 
  74
0.483114 0.003349 0.046210 
0.459845 0.993157 0.462022 
0.057041 0.003494 0.491768 
0.004093 0.004093 0.005208 0.986607 
0.250000 0.250000 0.250000 0.250000 
  75
0.483114 0.003349 0.046210 
0.459845 0.993157 0.462022 
0.057041 0.003494 0.491768 
0.985708 0.006106 0.004093 0.004093 
0.250000 0.250000 0.250000 0.250000 
  76
0.483114 0.003349 0.046210 
0.459845 0.993157 0.462022 
0.057041 0.003494 0.491768 
0.004093 0.987722 0.004093 0.004093 
0.250000 0.250000 0.250000 0.250000 
  77
0.483114 0.003349 0.046210 
0.459845 0.993157 0.462022 
0.057041 0.003494 0.491768 
0.004093 0.004093 0.004093 0.987722 
0.250000 0.250000 0.250000 0.250000 
  78
0.479525 0.003349 0.046210 
0.463434 0.993157 0.462022 
0.057247 0.003493 0.491768 
0.007678 0.984135 0.004094 0.004094 
0.250000 0.250000 0.250000 0.250000 
  79
0.481252 0.003348 0.046210 
0.461501 0.993158 0.462022 
0.057247 0.003493 0.491768 
0.987724 0.004092 0.004092 0.004092 
0.250000 0.250000 0.250000 0.250000 
  80
0.481252 0.003348 0.046210 
0.461501 0.993158 0.462022 
0.057247 0.003493 0.491768 
0.986581 0.005235 0.004092 0.004092 
0.250000 0.250000 0.250000 0.250000 
  81
0.481252 0.003348 0.046210 
0.461501 0.993158 0.462022 
0.057247 0.003493 0.491768 
0.985248 0.006568 0.004092 0.004092 
0.250000 0.250000 0.250000 0.250000 
  82
0.481252 0.003348 0.046210 
0.461501 0.993158 0.462022 
0.057247 0.003493 0.491768 
0.986418 0.004093 0.005397 0.004093 
0.250000 0.250000 0.250000 0.250000 
  83
0.481252 0.003348 0.046210 
0.461501 0.993158 0.462022 
0.057247 0.003493 0.491768 
0.004092 0.004092 0.987724 0.004092 
0.250000 0.250000 0.250000 0.250000 
  84
0.481252 0.003348 0.046210 
0.461501 0.993158 0.462022 
0.057247 0.003493 0.491768 
0.985224 0.004834 0.004092 0.005850 
0.250000 0.250000 0.250000 0.250000 
  85
0.481252 0.003348 0.046210 
0.461501 0.993158 0.462022 
0.057247 0.003493 0.491768 
0.986052 0.004092 0.004460 0.005396 
0.250000 0.250000 0.250000 0.250000 
  86
0.481252 0.003348 0.046210 
0.461501 0.993158 0.462022 
0.057247 0.003493 0.491768 
0.004092 0.004092 0.004092 0.987724 
0.250000 0.250000 0.250000 0.250000 
  87
0.481252 0.003348 0.046210 
0.461501 0.993158 0.462022 
0.057247 0.003493 0.491768 
0.006484 0.004092 0.983330 0.006094 
0.250000 0.250000 0.250000 0.250000 
  88
0.481252 0.003348 0.046210 
0.461501 0.993158 0.462022 
0.057247 0.003493 0.491768 
0.987724 0.004092 0.004092 0.004092 
0.250000 0.250000 0.250000 0.250000 
  89
0.478494 0.003348 0.046210 
0.464260 0.993158 0.462022 
0.057405 0.003493 0.491768 
0.004708 0.004092 0.987107 0.004092 
0.250000 0.250000 0.250000 0.250000 
  90
0.479817 0.003348 0.046210 
0.462778 0.993159 0.462022 
0.057405 0.003493 0.491768 
0.985744 0.004987 0.004706 0.004562 
0.250000 0.250000 0.250000 0.250000 
  91
0.479817 0.003348 0.046210 
0.462778 0.993159 0.462022 
0.057405 0.003493 0.491768 
0.984746 0.007072 0.004091 0.004091 
0.250000 0.250000 0.250000 0.250000 
  92
0.479817 0.003348 0.046210 
0.462778 0.993159 0.462022 
0.057405 0.003493 0.491768 
0.948809 0.043008 0.004092 0.004092 
0.250000 0.250000 0.250000 0.250000 
  93
0.479817 0.003348 0.046210 
0.462778 0.993159 0.462022 
0.057405 0.003493 0.491768 
0.004091 0.004091 0.005057 0.986761 
0.250000 0.250000 0.250000 0.250000 
  94
0.479817 0.003348 0.046210 
0.462778 0.993159 0.462022 
0.057405 0.003493 0.491768 
0.004091 0.987727 0.004091 0.004091 
0.250000 0.250000 0.250000 0.250000 
  95
0.479817 0.003348 0.046210 
0.462778 0.993159 0.462022 
0.057405 0.003493 0.491768 
0.987019 0.004799 0.004091 0.004091 
0.250000 0.250000 0.250000 0.250000 
  96
0.479817 0.003348 0.046210 
0.462778 0.993159 0.462022 
0.057405 0.003493 0.491768 
0.004092 0.004092 0.982035 0.009781 
0.250000 0.250000 0.250000 0.250000 
  97
0.479817 0.003348 0.046210 
0.462778 0.993159 0.462022 
0.057405 0.003493 0.491768 
0.004753 0.004091 0.987065 0.004091 
0.250000 0.250000 0.250000 0.250000 
  98
0.479817 0.003348 0.046210 
0.462778 0.993159 0.462022 
0.057405 0.003493 0.491768 
0.020053 0.971393 0.004092 0.004462 
0.250000 0.250000 0.250000 0.250000 
  99
0.479817 0.003348 0.046210 
0.462778 0.993159 0.462022 
0.057405 0.003493 0.491768 
0.986172 0.005646 0.004091 0.004091 
0.250000 0.250000 0.250000 0.250000 
 100
0.479817 0.003348 0.046210 
0.462778 0.993159 0.462022 
0.057405 0.003493 0.491768 
0.977165 0.013830 0.004421 0.004585 
0.250000 0.250000 0.250000 0.250000 
 101
0.479817 0.003348 0.046210 
0.462778 0.993159 0.462022 
0.057405 0.003493 0.491768 
0.004091 0.004091 0.004736 0.987082 
0.250000 0.250000 0.250000 0.250000 
 102
0.479817 0.003348 0.046210 
0.462778 0.993159 0.462022 
0.057405 0.003493 0.491768 
0.004674 0.004091 0.004580 0.986655 
0.250000 0.250000 0.250000 0.250000 
 103
0.479817 0.003348 0.046210 
0.462778 0.993159 0.462022 
0.057405 0.003493 0.491768 
0.004091 0.987727 0.004091 0.004091 
0.250000 0.250000 0.250000 0.250000 
 104
0.479817 0.003348 0.046210 
0.462778 0.993159 0.462022 
0.057405 0.003493 0.491768 
0.987727 0.004091 0.004091 0.004091 
0.250000 0.250000 0.250000 0.250000 
 105
0.479817 0.003348 0.046210 
0.462778 0.993159 0.462022 
0.057405 0.003493 0.491768 
0.985881 0.005932 0.004093 0.004093 
0.250000 0.250000 0.250000 0.250000 
 106
0.479817 0.003348 0.046210 
0.462778 0.993159 0.462022 
0.057405 0.003493 0.491768 
0.004091 0.987727 0.004091 0.004091 
0.250000 0.250000 0.250000 0.250000 
 107
0.479817 0.003348 0.046210 
0.462778 0.993159 0.462022 
0.057405 0.003493 0.491768 
0.004091 0.004091 0.004091 0.987727 
0.250000 0.250000 0.250000 0.250000 
 108
0.479817 0.003348 0.046210 
0.462778 0.993159 0.462022 
0.057405 0.003493 0.491768 
0.004092 0.004471 0.056722 0.934715 
0.250000 0.250000 0.250000 0.250000 
 109
0.479817 0.003348 0.046210 
0.462778 0.993159 0.462022 
0.057405 0.003493 0.491768 
0.987727 0.004091 0.004091 0.004091 
0.250000 0.250000 0.250000 0.250000 
 110
0.479817 0.003348 0.046210 
0.462778 0.993159 0.462022 
0.057405 0.003493 0.491768 
0.004091 0.004091 0.987165 0.004653 
0.250000 0.250000 0.250000 0.250000 
 111
0.479817 0.003348 0.046210 
0.462778 0.993159 0.462022 
0.057405 0.003493 0.491768 
0.004092 0.004092 0.007914 0.983901 
0.250000 0.250000 0.250000 0.250000 
 112
0.479817 0.003348 0.046210 
0.462778 0.993159 0.462022 
0.057405 0.003493 0.491768 
0.987727 0.004091 0.004091 0.004091 
0.250000 0.250000 0.250000 0.250000 
 113
0.479817 0.003348 0.046210 
0.462778 0.993159 0.462022 
0.057405 0.003493 0.491768 
0.987727 0.004091 0.004091 0.004091 
0.250000 0.250000 0.250000 0.250000 
 114
0.479817 0.003348 0.046210 
0.462778 0.993159 0.462022 
0.057405 0.003493 0.491768 
0.004091 0.004091 0.004728 0.987090 
0.250000 0.250000 0.250000 0.250000 
 115
0.479817 0.003348 0.046210 
0.462778 0.993159 0.462022 
0.057405 0.003493 0.491768 
0.004091 0.987727 0.004091 0.004091 
0.250000 0.250000 0.250000 0.250000 
 116
0.479817 0.003348 0.046210 
0.462778 0.993159 0.462022 
0.057405 0.003493 0.491768 
0.004091 0.004091 0.987727 0.004091 
0.250000 0.250000 0.250000 0.250000 
 117
0.479817 0.003348 0.046210 
0.462778 0.993159 0.462022 
0.057405 0.003493 0.491768 
0.004820 0.004091 0.005223 0.985866 
0.250000 0.250000 0.250000 0.250000 
 118
0.479817 0.003348 0.046210 
0.462778 0.993159 0.462022 
0.057405 0.003493 0.491768 
0.987727 0.004091 0.004091 0.004091 
0.250000 0.250000 0.250000 0.250000 
 119
0.479817 0.003348 0.046210 
0.462778 0.993159 0.462022 
0.057405 0.003493 0.491768 
0.004091 0.004091 0.986362 0.005456 
0.250000 0.250000 0.250000 0.250000 
 120
0.479817 0.003348 0.046210 
0.462778 0.993159 0.462022 
0.057405 0.003493 0.491768 
0.004091 0.004484 0.005307 0.986118 
0.250000 0.250000 0.250000 0.250000 
 121
0.479817 0.003348 0.046210 
0.462778 0.993159 0.462022 
0.057405 0.003493 0.491768 
0.004091 0.987727 0.004091 0.004091 
0.250000 0.250000 0.250000 0.250000 
 122
0.479817 0.003348 0.046210 
0.462778 0.993159 0.462022 
0.057405 0.003493 0.491768 
0.987727 0.004091 0.004091 0.004091 
0.250000 0.250000 0.250000 0.250000 
 123
0.479817 0.003348 0.046210 
0.462778 0.993159 0.462022 
0.057405 0.003493 0.491768 
0.024564 0.963678 0.004093 0.007665 
0.250000 0.250000 0.250000 0.250000 
 124
0.479817 0.003348 0.046210 
0.462778 0.993159 0.462022 
0.057405 0.003493 0.491768 
0.004091 0.005211 0.006341 0.984357 
0.250000 0.250000 0.250000 0.250000 
 125
0.479817 0.003348 0.046210 
0.462778 0.993159 0.462022 
0.057405 0.003493 0.491768 
0.004091 0.004091 0.007661 0.984157 
0.250000 0.250000 0.250000 0.250000 
 126
0.479817 0.003348 0.046210 
0.462778 0.993159 0.462022 
0.057405 0.003493 0.491768 
0.009264 0.982554 0.004091 0.004091 
0.250000 0.250000 0.250000 0.250000 
 127
0.479817 0.003348 0.046210 
0.462778 0.993159 0.462022 
0.057405 0.003493 0.491768 
0.004905 0.983003 0.004092 0.008000 
0.250000 0.250000 0.250000 0.250000 
 128
0.479817 0.003348 0.046210 
0.462778 0.993159 0.462022 
0.057405 0.003493 0.491768 
0.004091 0.004091 0.007661 0.984157 
0.250000 0.250000 0.250000 0.250000 
 129
0.479817 0.003348 0.046210 
0.462778 0.993159 0.462022 
0.057405 0.003493 0.491768 
0.004091 0.004519 0.007604 0.983786 
0.250000 0.250000 0.250000 0.250000 
 130
0.479817 0.003348 0.046210 
0.462778 0.993159 0.462022 
0.057405 0.003493 0.491768 
0.004092 0.004092 0.987724 0.004092 
0.250000 0.250000 0.250000 0.250000 
 131
0.479817 0.003348 0.046210 
0.462778 0.993159 0.462022 
0.057405 0.003493 0.491768 
0.987223 0.004595 0.004091 0.004091 
0.250000 0.250000 0.250000 0.250000 
 132
0.479817 0.003348 0.046210 
0.462778 0.993159 0.462022 
0.057405 0.003493 0.491768 
0.008496 0.982496 0.004092 0.004916 
0.250000 0.250000 0.250000 0.250000 
 133
0.479817 0.003348 0.046210 
0.462778 0.993159 0.462022 
0.057405 0.003493 0.491768 
0.986970 0.004848 0.004091 0.004091 
0.250000 0.250000 0.250000 0.250000 
 134
0.479817 0.003348 0.046210 
0.462778 0.993159 0.462022 
0.057405 0.003493 0.491768 
0.987105 0.004713 0.004091 0.004091 
0.250000 0.250000 0.250000 0.250000 
 135
0.479817 0.003348 0.046210 
0.462778 0.993159 0.462022 
0.057405 0.003493 0.491768 
0.004091 0.004091 0.009238 0.982579 
0.250000 0.250000 0.250000 0.250000 
 136
0.479817 0.003348 0.046210 
0.462778 0.993159 0.462022 
0.057405 0.003493 0.491768 
0.004643 0.004092 0.004092 0.987173 
0.250000 0.250000 0.250000 0.250000 
 137
0.479817 0.003348 0.046210 
0.462778 0.993159 0.462022 
0.057405 0.003493 0.491768 
0.005192 0.004091 0.985779 0.004938 
0.250000 0.250000 0.250000 0.250000 
 138
0.479817 0.003348 0.046210 
0.462778 0.993159 0.462022 
0.057405 0.003493 0.491768 
0.004879 0.004091 0.986483 0.004547 
0.250000 0.250000 0.250000 0.250000 
 139
0.479817 0.003348 0.046210 
0.462778 0.993159 0.462022 
0.057405 0.003493 0.491768 
0.061401 0.004091 0.004091 0.930417 
0.250000 0.250000 0.250000 0.250000 
 140
0.479817 0.003348 0.046210 
0.462778 0.993159 0.462022 
0.057405 0.003493 0.491768 
0.004091 0.004091 0.987727 0.004091 
0.250000 0.250000 0.250000 0.250000 
 141
0.479817 0.003348 0.046210 
0.462778 0.993159 0.462022 
0.057405 0.003493 0.491768 
0.986856 0.004091 0.004962 0.004091 
0.250000 0.250000 0.250000 0.250000 
 142
0.479817 0.003348 0.046210 
0.462778 0.993159 0.462022 
0.057405 0.003493 0.491768 
0.986866 0.004574 0.004468 0.004092 
0.250000 0.250000 0.250000 0.250000 
 143
0.479817 0.003348 0.046210 
0.462778 0.993159 0.462022 
0.057405 0.003493 0.491768 
0.005121 0.004091 0.004459 0.986329 
0.250000 0.250000 0.250000 0.250000 
 144
0.479817 0.003348 0.046210 
0.462778 0.993159 0.462022 
0.057405 0.003493 0.491768 
0.984710 0.005223 0.004555 0.005512 
0.250000 0.250000 0.250000 0.250000 
 145
0.479817 0.003348 0.046210 
0.462778 0.993159 0.462022 
0.057405 0.003493 0.491768 
0.004836 0.986612 0.004091 0.004461 
0.250000 0.250000 0.250000 0.250000 
 146
0.479817 0.003348 0.046210 
0.462778 0.993159 0.462022 
0.057405 0.003493 0.491768 
0.004770 0.986594 0.004091 0.004544 
0.250000 0.250000 0.250000 0.250000 
 147
0.479817 0.003348 0.046210 
0.462778 0.993159 0.462022 
0.057405 0.003493 0.491768 
0.005469 0.006221 0.004092 0.984219 
0.250000 0.250000 0.250000 0.250000 
 148
0.479817 0.003348 0.046210 
0.462778 0.993159 0.462022 
0.057405 0.003493 0.491768 
0.007033 0.984785 0.004091 0.004091 
0.250000 0.250000 0.250000 0.250000 
 149
0.479817 0.003348 0.046210 
0.462778 0.993159 0.462022 
0.057405 0.003493 0.491768 
0.986830 0.004491 0.004092 0.004587 
0.250000 0.250000 0.250000 0.250000 
 150
0.479817 0.003348 0.046210 
0.462778 0.993159 0.462022 
0.057405 0.003493 0.491768 
0.987074 0.004744 0.004091 0.004091 
0.250000 0.250000 0.250000 0.250000 
 151
0.479817 0.003348 0.046210 
0.462778 0.993159 0.462022 
0.057405 0.003493 0.491768 
0.987727 0.004091 0.004091 0.004091 
0.250000 0.250000 0.250000 0.250000 
 152
0.479817 0.003348 0.046210 
0.462778 0.993159 0.462022 
0.057405 0.003493 0.491768 
0.004091 0.004091 0.004091 0.987727 
0.250000 0.250000 0.250000 0.250000 
 153
0.479817 0.003348 0.046210 
0.462778 0.993159 0.462022 
0.057405 0.003493 0.491768 
0.987240 0.004578 0.004091 0.004091 
0.250000 0.250000 0.250000 0.250000 
 154
0.479817 0.003348 0.046210 
0.462778 0.993159 0.462022 
0.057405 0.003493 0.491768 
0.004091 0.004091 0.004091 0.987727 
0.250000 0.250000 0.250000 0.250000 
 155
0.479817 0.003348 0.046210 
0.462778 0.993159 0.462022 
0.057405 0.003493 0.491768 
0.004091 0.987727 0.004091 0.004091 
0.250000 0.250000 0.250000 0.250000 
 156
0.479817 0.003348 0.046210 
0.462778 0.993159 0.462022 
0.057405 0.003493 0.491768 
0.004091 0.004091 0.971474 0.020344 
0.250000 0.250000 0.250000 0.250000 
 157
0.479817 0.003348 0.046210 
0.462778 0.993159 0.462022 
0.057405 0.003493 0.491768 
0.027669 0.960602 0.004092 0.007638 
0.250000 0.250000 0.250000 0.250000 
 158
0.479817 0.003348 0.046210 
0.462778 0.993159 0.462022 
0.057405 0.003493 0.491768 
0.986900 0.004468 0.004540 0.004092 
0.250000 0.250000 0.250000 0.250000 
 159
0.479817 0.003348 0.046210 
0.462778 0.993159 0.462022 
0.057405 0.003493 0.491768 
0.004091 0.004091 0.986237 0.005581 
0.250000 0.250000 0.250000 0.250000 
 160
0.479817 0.003348 0.046210 
0.462778 0.993159 0.462022 
0.057405 0.003493 0.491768 
0.983760 0.005085 0.007065 0.004091 
0.250000 0.250000 0.250000 0.250000 
 161
0.479817 0.003348 0.046210 
0.462778 0.993159 0.462022 
0.057405 0.003493 0.491768 
0.004971 0.986847 0.004091 0.004091 
0.250000 0.250000 0.250000 0.250000 
 162
0.479817 0.003348 0.046210 
0.462778 0.993159 0.462022 
0.057405 0.003493 0.491768 
0.004790 0.004094 0.008565 0.982552 
0.250000 0.250000 0.250000 0.250000 
 163
0.479817 0.003348 0.046210 
0.462778 0.993159 0.462022 
0.057405 0.003493 0.491768 
0.004091 0.004091 0.987727 0.004091 
0.250000 0.250000 0.250000 0.250000 
 164
0.479817 0.003348 0.046210 
0.462778 0.993159 0.462022 
0.057405 0.003493 0.491768 
0.004091 0.004091 0.987727 0.004091 
0.250000 0.250000 0.250000 0.250000 
 165
0.479817 0.003348 0.046210 
0.462778 0.993159 0.462022 
0.057405 0.003493 0.491768 
0.004418 0.004643 0.007213 0.983725 
0.250000 0.250000 0.250000 0.250000 
 166
0.479817 0.003348 0.046210 
0.462778 0.993159 0.462022 
0.057405 0.003493 0.491768 
0.004091 0.004091 0.985930 0.005888 
0.250000 0.250000 0.250000 0.250000 
 167
0.479817 0.003348 0.046210 
0.462778 0.993159 0.462022 
0.057405 0.003493 0.491768 
0.984753 0.007065 0.004091 0.004091 
0.250000 0.250000 0.250000 0.250000 
 168
0.479817 0.003348 0.046210 
0.462778 0.993159 0.462022 
0.057405 0.003493 0.491768 
0.004091 0.004091 0.011359 0.980458 
0.250000 0.250000 0.250000 0.250000 
 169
0.479817 0.003348 0.046210 
0.462778 0.993159 0.462022 
0.057405 0.003493 0.491768 
0.005812 0.004091 0.986006 0.004091 
0.250000 0.250000 0.250000 0.250000 
 170
0.479817 0.003348 0.046210 
0.462778 0.993159 0.462022 
0.057405 0.003493 0.491768 
0.984753 0.007065 0.004091 0.004091 
0.250000 0.250000 0.250000 0.250000 
 171
0.479817 0.003348 0.046210 
0.462778 0.993159 0.462022 
0.057405 0.003493 0.491768 
0.005092 0.986079 0.004091 0.004738 
0.250000 0.250000 0.250000 0.250000 
 172
0.479817 0.003348 0.046210 
0.462778 0.993159 0.462022 
0.057405 0.003493 0.491768 
0.982799 0.009017 0.004092 0.004092 
0.250000 0.250000 0.250000 0.250000 
 173
0.479817 0.003348 0.046210 
0.462778 0.993159 0.462022 
0.057405 0.003493 0.491768 
0.004091 0.004091 0.004091 0.987727 
0.250000 0.250000 0.250000 0.250000 
 174
0.479817 0.003348 0.046210 
0.462778 0.993159 0.462022 
0.057405 0.003493 0.491768 
0.005229 0.004091 0.985912 0.004768 
0.250000 0.250000 0.250000 0.250000 
 175
0.479817 0.003348 0.046210 
0.462778 0.993159 0.462022 
0.057405 0.003493 0.491768 
0.005000 0.004091 0.986817 0.004091 
0.250000 0.250000 0.250000 0.250000 
 176
0.479817 0.003348 0.046210 
0.462778 0.993159 0.462022 
0.057405 0.003493 0.491768 
0.004091 0.004091 0.004091 0.987727 
0.250000 0.250000 0.250000 0.250000 
 177
0.479817 0.003348 0.046210 
0.462778 0.993159 0.462022 
0.057405 0.003493 0.491768 
0.004091 0.004820 0.004609 0.986480 
0.250000 0.250000 0.250000 0.250000 
 178
0.479817 0.003348 0.046210 
0.462778 0.993159 0.462022 
0.057405 0.003493 0.491768 
0.004091 0.987727 0.004091 0.004091 
0.250000 0.250000 0.250000 0.250000 
 179
0.479817 0.003348 0.046210 
0.462778 0.993159 0.462022 
0.057405 0.003493 0.491768 
0.987727 0.004091 0.004091 0.004091 
0.250000 0.250000 0.250000 0.250000 
 180
0.479817 0.003348 0.046210 
0.462778 0.993159 0.462022 
0.057405 0.003493 0.491768 
0.004091 0.004091 0.005117 0.986700 
0.250000 0.250000 0.250000 0.250000 
 181
0.479817 0.003348 0.046210 
0.462778 0.993159 0.462022 
0.057405 0.003493 0.491768 
0.004091 0.987727 0.004091 0.004091 
0.250000 0.250000 0.250000 0.250000 
 182
0.479817 0.003348 0.046210 
0.462778 0.993159 0.462022 
0.057405 0.003493 0.491768 
0.004091 0.987727 0.004091 0.004091 
0.250000 0.250000 0.250000 0.250000 
 183
0.479817 0.003348 0.046210 
0.462778 0.993159 0.462022 
0.057405 0.003493 0.491768 
0.965220 0.023790 0.006543 0.004447 
0.250000 0.250000 0.250000 0.250000 
 184
0.479817 0.003348 0.046210 
0.462778 0.993159 0.462022 
0.057405 0.003493 0.491768 
0.006575 0.985242 0.004092 0.004092 
0.250000 0.250000 0.250000 0.250000 
 185
0.479817 0.003348 0.046210 
0.462778 0.993159 0.462022 
0.057405 0.003493 0.491768 
0.983724 0.007696 0.004092 0.004488 
0.250000 0.250000 0.250000 0.250000 
 186
0.479817 0.003348 0.046210 
0.462778 0.993159 0.462022 
0.057405 0.003493 0.491768 
0.020525 0.971286 0.004095 0.004095 
0.250000 0.250000 0.250000 0.250000 
 187
0.479817 0.003348 0.046210 
0.462778 0.993159 0.462022 
0.057405 0.003493 0.491768 
0.987247 0.004570 0.004091 0.004091 
0.250000 0.250000 0.250000 0.250000 
 188
0.479817 0.003348 0.046210 
0.462778 0.993159 0.462022 
0.057405 0.003493 0.491768 
0.987727 0.004091 0.004091 0.004091 
0.250000 0.250000 0.250000 0.250000 
 189
0.479817 0.003348 0.046210 
0.462778 0.993159 0.462022 
0.057405 0.003493 0.491768 
0.004817 0.004091 0.986421 0.004671 
0.250000 0.250000 0.250000 0.250000 
 190
0.479817 0.003348 0.046210 
0.462778 0.993159 0.462022 
0.057405 0.003493 0.491768 
0.004091 0.004091 0.004091 0.987727 
0.250000 0.250000 0.250000 0.250000 
 191
0.479817 0.003348 0.046210 
0.462778 0.993159 0.462022 
0.057405 0.003493 0.491768 
0.004091 0.987727 0.004091 0.004091 
0.250000 0.250000 0.250000 0.250000 
 192
0.479817 0.003348 0.046210 
0.462778 0.993159 0.462022 
0.057405 0.003493 0.491768 
0.004091 0.004091 0.985864 0.005954 
0.250000 0.250000 0.250000 0.250000 
 193
0.479817 0.003348 0.046210 
0.462778 0.993159 0.462022 
0.057405 0.003493 0.491768 
0.985718 0.004092 0.005167 0.005024 
0.250000 0.250000 0.250000 0.250000 
 194
0.479817 0.003348 0.046210 
0.462778 0.993159 0.462022 
0.057405 0.003493 0.491768 
0.004091 0.004091 0.987727 0.004091 
0.250000 0.250000 0.250000 0.250000 
 195
0.479817 0.003348 0.046210 
0.462778 0.993159 0.462022 
0.057405 0.003493 0.491768 
0.987727 0.004091 0.004091 0.004091 
0.250000 0.250000 0.250000 0.250000 
 196
0.479817 0.003348 0.046210 
0.462778 0.993159 0.462022 
0.057405 0.003493 0.491768 
0.004843 0.004091 0.985906 0.005160 
0.250000 0.250000 0.250000 0.250000 
 197
0.479817 0.003348 0.046210 
0.462778 0.993159 0.462022 
0.057405 0.003493 0.491768 
0.004091 0.004091 0.004091 0.987727 
0.250000 0.250000 0.250000 0.250000 
 198
0.479817 0.003348 0.046210 
0.462778 0.993159 0.462022 
0.057405 0.003493 0.491768 
0.986300 0.005513 0.004093 0.004093 
0.250000 0.250000 0.250000 0.250000 
 199
0.479817 0.003348 0.046210 
0.462778 0.993159 0.462022 
0.057405 0.003493 0.491768 
0.987119 0.004699 0.004091 0.004091 
0.250000 0.250000 0.250000 0.250000 
 200
0.479817 0.003348 0.046210 
0.462778 0.993159 0.462022 
0.057405 0.003493 0.491768 
0.004091 0.004091 0.004091 0.987727 
0.250000 0.250000 0.250000 0.250000 
 201
0.479817 0.003348 0.046210 
0.462778 0.993159 0.462022 
0.057405 0.003493 0.491768 
0.983201 0.007466 0.005243 0.004091 
0.250000 0.250000 0.250000 0.250000 
 202
0.479817 0.003348 0.046210 
0.462778 0.993159 0.462022 
0.057405 0.003493 0.491768 
0.004091 0.980831 0.008139 0.006939 
0.250000 0.250000 0.250000 0.250000 
 203
0.479817 0.003348 0.046210 
0.462778 0.993159 0.462022 
0.057405 0.003493 0.491768 
0.987727 0.004091 0.004091 0.004091 
0.250000 0.250000 0.250000 0.250000 
 204
0.479817 0.003348 0.046210 
0.462778 0.993159 0.462022 
0.057405 0.003493 0.491768 
0.004091 0.004091 0.004091 0.987727 
0.250000 0.250000 0.250000 0.250000 
 205
0.479817 0.003348 0.046210 
0.462778 0.993159 0.462022 
0.057405 0.003493 0.491768 
0.004091 0.987727 0.004091 0.004091 
0.250000 0.250000 0.250000 0.250000 
 206
0.479817 0.003348 0.046210 
0.462778 0.993159 0.462022 
0.057405 0.003493 0.491768 
0.004091 0.004091 0.987727 0.004091 
0.250000 0.250000 0.250000 0.250000 
 207
0.479817 0.003348 0.046210 
0.462778 0.993159 0.462022 
0.057405 0.003493 0.491768 
0.004091 0.004472 0.007207 0.984230 
0.250000 0.250000 0.250000 0.250000 
 208
0.479817 0.003348 0.046210 
0.462778 0.993159 0.462022 
0.057405 0.003493 0.491768 
0.004461 0.004091 0.982578 0.008870 
0.250000 0.250000 0.250000 0.250000 
 209
0.479817 0.003348 0.046210 
0.462778 0.993159 0.462022 
0.057405 0.003493 0.491768 
0.004091 0.004091 0.004091 0.987727 
0.250000 0.250000 0.250000 0.250000 
 210
0.479817 0.003348 0.046210 
0.462778 0.993159 0.462022 
0.057405 0.003493 0.491768 
0.986094 0.005724 0.004091 0.004091 
0.250000 0.250000 0.250000 0.250000 
 211
0.479817 0.003348 0.046210 
0.462778 0.993159 0.462022 
0.057405 0.003493 0.491768 
0.004091 0.004091 0.025526 0.966292 
0.250000 0.250000 0.250000 0.250000 
 212
0.479817 0.003348 0.046210 
0.462778 0.993159 0.462022 
0.057405 0.003493 0.491768 
0.004091 0.004091 0.004091 0.987727 
0.250000 0.250000 0.250000 0.250000 
 213
0.479817 0.003348 0.046210 
0.462778 0.993159 0.462022 
0.057405 0.003493 0.491768 
0.005805 0.986013 0.004091 0.004091 
0.250000 0.250000 0.250000 0.250000 
 214
0.479817 0.003348 0.046210 
0.462778 0.993159 0.462022 
0.057405 0.003493 0.491768 
0.004091 0.987727 0.004091 0.004091 
0.250000 0.250000 0.250000 0.250000 
 215
0.479817 0.003348 0.046210 
0.462778 0.993159 0.462022 
0.057405 0.003493 0.491768 
0.004091 0.987727 0.004091 0.004091 
0.250000 0.250000 0.250000 0.250000 
 216
0.479817 0.003348 0.046210 
0.462778 0.993159 0.462022 
0.057405 0.003493 0.491768 
0.985298 0.005878 0.004091 0.004732 
0.250000 0.250000 0.250000 0.250000 
 217
0.479817 0.003348 0.046210 
0.462778 0.993159 0.462022 
0.057405 0.003493 0.491768 
0.004091 0.987727 0.004091 0.004091 
0.250000 0.250000 0.250000 0.250000 
 218
0.479817 0.003348 0.046210 
0.462778 0.993159 0.462022 
0.057405 0.003493 0.491768 
0.987727 0.004091 0.004091 0.004091 
0.250000 0.250000 0.250000 0.250000 
 219
0.479817 0.003348 0.046210 
0.462778 0.993159 0.462022 
0.057405 0.003493 0.491768 
0.004091 0.004091 0.984661 0.007157 
0.250000 0.250000 0.250000 0.250000 
 220
0.479817 0.003348 0.046210 
0.462778 0.993159 0.462022 
0.057405 0.003493 0.491768 
0.004091 0.004091 0.987727 0.004091 
0.250000 0.250000 0.250000 0.250000 
 221
0.479817 0.003348 0.046210 
0.462778 0.993159 0.462022 
0.057405 0.003493 0.491768 
0.004091 0.004091 0.987727 0.004091 
0.250000 0.250000 0.250000 0.250000 
 222
0.479817 0.003348 0.046210 
0.462778 0.993159 0.462022 
0.057405 0.003493 0.491768 
0.005465 0.004091 0.011640 0.978804 
0.250000 0.250000 0.250000 0.250000 
 223
0.479817 0.003348 0.046210 
0.462778 0.993159 0.462022 
0.057405 0.003493 0.491768 
0.004759 0.004091 0.987059 0.004091 
0.250000 0.250000 0.250000 0.250000 
 224
0.479817 0.003348 0.046210 
0.462778 0.993159 0.462022 
0.057405 0.003493 0.491768 
0.983679 0.004091 0.008139 0.004091 
0.250000 0.250000 0.250000 0.250000 
 225
0.479817 0.003348 0.046210 
0.462778 0.993159 0.462022 
0.057405 0.003493 0.491768 
0.005760 0.971849 0.004094 0.018297 
0.250000 0.250000 0.250000 0.250000 
 226
0.479817 0.003348 0.046210 
0.462778 0.993159 0.462022 
0.057405 0.003493 0.491768 
0.004091 0.004091 0.004091 0.987727 
0.250000 0.250000 0.250000 0.250000 
 227
0.479817 0.003348 0.046210 
0.462778 0.993159 0.462022 
0.057405 0.003493 0.491768 
0.004091 0.987727 0.004091 0.004091 
0.250000 0.250000 0.250000 0.250000 
 228
0.479817 0.003348 0.046210 
0.462778 0.993159 0.462022 
0.057405 0.003493 0.491768 
0.004091 0.006219 0.006663 0.983026 
0.250000 0.250000 0.250000 0.250000 
 229
0.479817 0.003348 0.046210 
0.462778 0.993159 0.462022 
0.057405 0.003493 0.491768 
0.004091 0.987727 0.004091 0.004091 
0.250000 0.250000 0.250000 0.250000 
 230
0.479817 0.003348 0.046210 
0.462778 0.993159 0.462022 
0.057405 0.003493 0.491768 
0.987727 0.004091 0.004091 0.004091 
0.250000 0.250000 0.250000 0.250000 
 231
0.479817 0.003348 0.046210 
0.462778 0.993159 0.462022 
0.057405 0.003493 0.491768 
0.005212 0.009390 0.006423 0.978974 
0.250000 0.250000 0.250000 0.250000 
 232
0.479817 0.003348 0.046210 
0.462778 0.993159 0.462022 
0.057405 0.003493 0.491768 
0.063090 0.927916 0.004095 0.004900 
0.250000 0.250000 0.250000 0.250000 
 233
0.479817 0.003348 0.046210 
0.462778 0.993159 0.462022 
0.057405 0.003493 0.491768 
0.007346 0.984470 0.004092 0.004092 
0.250000 0.250000 0.250000 0.250000 
 234
0.479817 0.003348 0.046210 
0.462778 0.993159 0.462022 
0.057405 0.003493 0.491768 
0.004740 0.004091 0.983974 0.007194 
0.250000 0.250000 0.250000 0.250000 
 235
0.479817 0.003348 0.046210 
0.462778 0.993159 0.462022 
0.057405 0.003493 0.491768 
