%  SAM: /scicomp/home/vfn4/Tools/LABEL_RES/scripts/modelfromalign v3.5 (July 15, 2005) compiled 12/08/06_16:15:55
%  (c) 1992-2001 Regents of the University of California, Santa Cruz
%
%          Sequence Alignment and Modeling Software System
%         http://www.cse.ucsc.edu/research/compbio/sam.html
%
% ----------------- Citations (SAM, SAM-T2K, HMMs) --------------------
% R. Hughey, A. Krogh, Hidden Markov models for sequence analysis:
%  Extension and analysis of the basic method, CABIOS 12:95-107, 1996.
% K. Karplus, et al., What is the value added by human intervention in protein
%  structure prediction, Proteins: Stucture, Function, Genetics 45(S5):86--91, 2001.
% A. Krogh et al., Hidden Markov models in computational biology:
%  Applications to protein modeling, JMB 235:1501-1531, Feb 1994.
% ---------------------------------------------------------------------
%  c-3C.3_hmm   Host: node5.aspen.biotech.cdc.gov    Tue Jan  6 13:33:22 2015
%  vfn4         Dir:  /scicomp/home/vfn4/fluA/HA_H3/H3prerelease1/c-3C
% ---------------------------------------------------------------------
%  Alignment weights from internal calc.  Total (43.54) Max (0.08) Min (0.02)
%  Weights from alignment method 1 (karplus), b=-1.000000, e=0.500000
MODEL --  Model from alignment file /scicomp/home/vfn4/Tools/LABEL_RES/training_data/H3prerelease1/c-3C/c-3C.3.fasta
alphabet DNA
FREQAVE
0.000000 0.000000 0.000000 
0.000000 0.000000 0.000000 
0.000000 0.000000 0.000000 
0.338690 0.223526 0.195447 0.242337 
0.338690 0.223526 0.195447 0.242337 
Begin
0.000000 0.000000 0.000000 
0.000000 0.000000 0.000000 
0.000000 0.004464 0.491768 
0.250000 0.250000 0.250000 0.250000 
0.250000 0.250000 0.250000 0.250000 
   1
0.000000 0.037866 0.046210 
0.000000 0.957670 0.462022 
0.038045 0.004619 0.491768 
0.982370 0.005877 0.005877 0.005877 
0.250000 0.250000 0.250000 0.250000 
   2
0.655254 0.004427 0.046210 
0.306701 0.990954 0.462022 
0.038045 0.004619 0.491768 
0.005877 0.005877 0.005877 0.982370 
0.250000 0.250000 0.250000 0.250000 
   3
0.655254 0.004427 0.046210 
0.306701 0.990954 0.462022 
0.038045 0.004619 0.491768 
0.005877 0.982370 0.005877 0.005877 
0.250000 0.250000 0.250000 0.250000 
   4
0.644540 0.004427 0.046210 
0.317416 0.990954 0.462022 
0.038457 0.004614 0.491768 
0.982397 0.005868 0.005868 0.005868 
0.250000 0.250000 0.250000 0.250000 
   5
0.639790 0.004422 0.046210 
0.321753 0.990964 0.462022 
0.038913 0.004608 0.491768 
0.981545 0.006739 0.005858 0.005858 
0.250000 0.250000 0.250000 0.250000 
   6
0.647384 0.004417 0.046210 
0.313703 0.990975 0.462022 
0.038913 0.004608 0.491768 
0.007625 0.980037 0.005858 0.006480 
0.250000 0.250000 0.250000 0.250000 
   7
0.647384 0.004417 0.046210 
0.313703 0.990975 0.462022 
0.038913 0.004608 0.491768 
0.979016 0.009268 0.005858 0.005858 
0.250000 0.250000 0.250000 0.250000 
   8
0.647384 0.004417 0.046210 
0.313703 0.990975 0.462022 
0.038913 0.004608 0.491768 
0.007018 0.005858 0.980092 0.007031 
0.250000 0.250000 0.250000 0.250000 
   9
0.644293 0.004417 0.046210 
0.316793 0.990975 0.462022 
0.039034 0.004607 0.491768 
0.006512 0.005856 0.022460 0.965172 
0.250000 0.250000 0.250000 0.250000 
  10
0.637900 0.004416 0.046210 
0.323067 0.990977 0.462022 
0.039364 0.004603 0.491768 
0.981609 0.006693 0.005849 0.005849 
0.250000 0.250000 0.250000 0.250000 
  11
0.613641 0.004412 0.046210 
0.346994 0.990985 0.462022 
0.040567 0.004589 0.491768 
0.005826 0.005826 0.008086 0.980262 
0.250000 0.250000 0.250000 0.250000 
  12
0.632396 0.004399 0.046210 
0.327037 0.991012 0.462022 
0.040567 0.004589 0.491768 
0.005826 0.005826 0.978988 0.009360 
0.250000 0.250000 0.250000 0.250000 
  13
0.607187 0.004399 0.046210 
0.352246 0.991012 0.462022 
0.041616 0.004578 0.491768 
0.982579 0.005807 0.005807 0.005807 
0.250000 0.250000 0.250000 0.250000 
  14
0.559616 0.004389 0.046210 
0.398768 0.991033 0.462022 
0.044427 0.004551 0.491768 
0.005761 0.005761 0.006740 0.981737 
0.250000 0.250000 0.250000 0.250000 
  15
0.536835 0.004363 0.046210 
0.418738 0.991086 0.462022 
0.047292 0.004528 0.491768 
0.005721 0.005721 0.006649 0.981910 
0.250000 0.250000 0.250000 0.250000 
  16
0.567918 0.004340 0.046210 
0.384790 0.991133 0.462022 
0.047460 0.004526 0.491768 
0.005718 0.982845 0.005718 0.005718 
0.250000 0.250000 0.250000 0.250000 
  17
0.569933 0.004339 0.046210 
0.382606 0.991135 0.462022 
0.047460 0.004526 0.491768 
0.005718 0.006638 0.981925 0.005718 
0.250000 0.250000 0.250000 0.250000 
  18
0.560263 0.004339 0.046210 
0.392277 0.991135 0.462022 
0.047924 0.004523 0.491768 
0.006631 0.006536 0.008428 0.978405 
0.250000 0.250000 0.250000 0.250000 
  19
0.565734 0.004335 0.046210 
0.386342 0.991142 0.462022 
0.047924 0.004523 0.491768 
0.005712 0.007158 0.006481 0.980648 
0.250000 0.250000 0.250000 0.250000 
  20
0.565734 0.004335 0.046210 
0.386342 0.991142 0.462022 
0.047924 0.004523 0.491768 
0.005712 0.005712 0.006507 0.982069 
0.250000 0.250000 0.250000 0.250000 
  21
0.565734 0.004335 0.046210 
0.386342 0.991142 0.462022 
0.047924 0.004523 0.491768 
0.008157 0.980419 0.005712 0.005712 
0.250000 0.250000 0.250000 0.250000 
  22
0.565734 0.004335 0.046210 
0.386342 0.991142 0.462022 
0.047924 0.004523 0.491768 
0.976298 0.005712 0.005712 0.012278 
0.250000 0.250000 0.250000 0.250000 
  23
0.565734 0.004335 0.046210 
0.386342 0.991142 0.462022 
0.047924 0.004523 0.491768 
0.005712 0.982863 0.005712 0.005712 
0.250000 0.250000 0.250000 0.250000 
  24
0.565734 0.004335 0.046210 
0.386342 0.991142 0.462022 
0.047924 0.004523 0.491768 
0.005712 0.005712 0.982863 0.005712 
0.250000 0.250000 0.250000 0.250000 
  25
0.565734 0.004335 0.046210 
0.386342 0.991142 0.462022 
0.047924 0.004523 0.491768 
0.006321 0.005712 0.006855 0.981111 
0.250000 0.250000 0.250000 0.250000 
  26
0.557763 0.004335 0.046210 
0.394313 0.991142 0.462022 
0.048309 0.004520 0.491768 
0.973894 0.014691 0.005707 0.005707 
0.250000 0.250000 0.250000 0.250000 
  27
0.557642 0.004332 0.046210 
0.394049 0.991148 0.462022 
0.048532 0.004518 0.491768 
0.005705 0.005705 0.982011 0.006579 
0.250000 0.250000 0.250000 0.250000 
  28
0.560220 0.004331 0.046210 
0.391248 0.991151 0.462022 
0.048532 0.004518 0.491768 
0.980701 0.007253 0.005705 0.006341 
0.250000 0.250000 0.250000 0.250000 
  29
0.556663 0.004331 0.046210 
0.394805 0.991151 0.462022 
0.048705 0.004517 0.491768 
0.005702 0.005702 0.008324 0.980271 
0.250000 0.250000 0.250000 0.250000 
  30
0.551673 0.004330 0.046210 
0.399621 0.991153 0.462022 
0.049048 0.004514 0.491768 
0.005698 0.006295 0.006742 0.981264 
0.250000 0.250000 0.250000 0.250000 
  31
0.555549 0.004327 0.046210 
0.395403 0.991158 0.462022 
0.049048 0.004514 0.491768 
0.006382 0.006426 0.980928 0.006263 
0.250000 0.250000 0.250000 0.250000 
  32
0.555549 0.004327 0.046210 
0.395403 0.991158 0.462022 
0.049048 0.004514 0.491768 
0.005698 0.005698 0.007125 0.981478 
0.250000 0.250000 0.250000 0.250000 
  33
0.555549 0.004327 0.046210 
0.395403 0.991158 0.462022 
0.049048 0.004514 0.491768 
0.981692 0.006911 0.005698 0.005698 
0.250000 0.250000 0.250000 0.250000 
  34
0.555549 0.004327 0.046210 
0.395403 0.991158 0.462022 
0.049048 0.004514 0.491768 
0.007607 0.005698 0.010537 0.976157 
0.250000 0.250000 0.250000 0.250000 
  35
0.551949 0.004327 0.046210 
0.399004 0.991158 0.462022 
0.049225 0.004513 0.491768 
0.007715 0.980893 0.005696 0.005696 
0.250000 0.250000 0.250000 0.250000 
  36
0.553943 0.004326 0.046210 
0.396832 0.991161 0.462022 
0.049225 0.004513 0.491768 
0.005696 0.005696 0.008835 0.979773 
0.250000 0.250000 0.250000 0.250000 
  37
0.553943 0.004326 0.046210 
0.396832 0.991161 0.462022 
0.049225 0.004513 0.491768 
0.006789 0.005696 0.974092 0.013423 
0.250000 0.250000 0.250000 0.250000 
  38
0.553943 0.004326 0.046210 
0.396832 0.991161 0.462022 
0.049225 0.004513 0.491768 
0.006876 0.005696 0.005696 0.981732 
0.250000 0.250000 0.250000 0.250000 
  39
0.553943 0.004326 0.046210 
0.396832 0.991161 0.462022 
0.049225 0.004513 0.491768 
0.010078 0.977742 0.005696 0.006483 
0.250000 0.250000 0.250000 0.250000 
  40
0.553943 0.004326 0.046210 
0.396832 0.991161 0.462022 
0.049225 0.004513 0.491768 
0.007208 0.981400 0.005696 0.005696 
0.250000 0.250000 0.250000 0.250000 
  41
0.553943 0.004326 0.046210 
0.396832 0.991161 0.462022 
0.049225 0.004513 0.491768 
0.005696 0.007108 0.010183 0.977013 
0.250000 0.250000 0.250000 0.250000 
  42
0.553943 0.004326 0.046210 
0.396832 0.991161 0.462022 
0.049225 0.004513 0.491768 
0.005696 0.005696 0.008725 0.979883 
0.250000 0.250000 0.250000 0.250000 
  43
0.546071 0.004326 0.046210 
0.404705 0.991161 0.462022 
0.049616 0.004510 0.491768 
0.009688 0.005691 0.008178 0.976443 
0.250000 0.250000 0.250000 0.250000 
  44
0.550404 0.004323 0.046210 
0.399981 0.991166 0.462022 
0.049616 0.004510 0.491768 
0.005691 0.006444 0.007594 0.980270 
0.250000 0.250000 0.250000 0.250000 
  45
0.550404 0.004323 0.046210 
0.399981 0.991166 0.462022 
0.049616 0.004510 0.491768 
0.005691 0.005691 0.972796 0.015821 
0.250000 0.250000 0.250000 0.250000 
  46
0.550404 0.004323 0.046210 
0.399981 0.991166 0.462022 
0.049616 0.004510 0.491768 
0.011117 0.976520 0.005699 0.006664 
0.250000 0.250000 0.250000 0.250000 
  47
0.550404 0.004323 0.046210 
0.399981 0.991166 0.462022 
0.049616 0.004510 0.491768 
0.005691 0.005691 0.982926 0.005691 
0.250000 0.250000 0.250000 0.250000 
  48
0.550404 0.004323 0.046210 
0.399981 0.991166 0.462022 
0.049616 0.004510 0.491768 
0.005691 0.005691 0.008128 0.980489 
0.250000 0.250000 0.250000 0.250000 
  49
0.443486 0.004323 0.046210 
0.506898 0.991166 0.462022 
0.055555 0.004473 0.491768 
0.006685 0.005629 0.982057 0.005629 
0.250000 0.250000 0.250000 0.250000 
  50
0.496579 0.004288 0.046210 
0.447866 0.991238 0.462022 
0.055555 0.004473 0.491768 
0.983113 0.005629 0.005629 0.005629 
0.250000 0.250000 0.250000 0.250000 
  51
0.496579 0.004288 0.046210 
0.447866 0.991238 0.462022 
0.055555 0.004473 0.491768 
0.981954 0.006788 0.005629 0.005629 
0.250000 0.250000 0.250000 0.250000 
  52
0.496579 0.004288 0.046210 
0.447866 0.991238 0.462022 
0.055555 0.004473 0.491768 
0.982056 0.006685 0.005629 0.005629 
0.250000 0.250000 0.250000 0.250000 
  53
0.496579 0.004288 0.046210 
0.447866 0.991238 0.462022 
0.055555 0.004473 0.491768 
0.983113 0.005629 0.005629 0.005629 
0.250000 0.250000 0.250000 0.250000 
  54
0.496579 0.004288 0.046210 
0.447866 0.991238 0.462022 
0.055555 0.004473 0.491768 
0.977532 0.009880 0.006959 0.005629 
0.250000 0.250000 0.250000 0.250000 
  55
0.496579 0.004288 0.046210 
0.447866 0.991238 0.462022 
0.055555 0.004473 0.491768 
0.020787 0.006290 0.962958 0.009965 
0.250000 0.250000 0.250000 0.250000 
  56
0.492485 0.004288 0.046210 
0.451959 0.991238 0.462022 
0.055784 0.004472 0.491768 
0.005627 0.005627 0.008195 0.980551 
0.250000 0.250000 0.250000 0.250000 
  57
0.494510 0.004287 0.046210 
0.449706 0.991241 0.462022 
0.055784 0.004472 0.491768 
0.005627 0.005627 0.008201 0.980545 
0.250000 0.250000 0.250000 0.250000 
  58
0.494510 0.004287 0.046210 
0.449706 0.991241 0.462022 
0.055784 0.004472 0.491768 
0.006395 0.005627 0.981705 0.006272 
0.250000 0.250000 0.250000 0.250000 
  59
0.494510 0.004287 0.046210 
0.449706 0.991241 0.462022 
0.055784 0.004472 0.491768 
0.006398 0.005627 0.982348 0.005627 
0.250000 0.250000 0.250000 0.250000 
  60
0.494510 0.004287 0.046210 
0.449706 0.991241 0.462022 
0.055784 0.004472 0.491768 
0.007532 0.006173 0.009846 0.976449 
0.250000 0.250000 0.250000 0.250000 
  61
0.494510 0.004287 0.046210 
0.449706 0.991241 0.462022 
0.055784 0.004472 0.491768 
0.007115 0.979945 0.007310 0.005629 
0.250000 0.250000 0.250000 0.250000 
  62
0.494510 0.004287 0.046210 
0.449706 0.991241 0.462022 
0.055784 0.004472 0.491768 
0.013652 0.975089 0.005629 0.005629 
0.250000 0.250000 0.250000 0.250000 
  63
0.494510 0.004287 0.046210 
0.449706 0.991241 0.462022 
0.055784 0.004472 0.491768 
0.978211 0.008855 0.005627 0.007306 
0.250000 0.250000 0.250000 0.250000 
  64
0.494510 0.004287 0.046210 
0.449706 0.991241 0.462022 
0.055784 0.004472 0.491768 
0.978217 0.008850 0.005627 0.007306 
0.250000 0.250000 0.250000 0.250000 
  65
0.494510 0.004287 0.046210 
0.449706 0.991241 0.462022 
0.055784 0.004472 0.491768 
0.980185 0.006881 0.005627 0.007306 
0.250000 0.250000 0.250000 0.250000 
  66
0.494510 0.004287 0.046210 
0.449706 0.991241 0.462022 
0.055784 0.004472 0.491768 
0.007306 0.005627 0.007111 0.979956 
0.250000 0.250000 0.250000 0.250000 
  67
0.494510 0.004287 0.046210 
0.449706 0.991241 0.462022 
0.055784 0.004472 0.491768 
0.008116 0.980630 0.005627 0.005627 
0.250000 0.250000 0.250000 0.250000 
  68
0.494510 0.004287 0.046210 
0.449706 0.991241 0.462022 
0.055784 0.004472 0.491768 
0.982452 0.006294 0.005627 0.005627 
0.250000 0.250000 0.250000 0.250000 
  69
0.494510 0.004287 0.046210 
0.449706 0.991241 0.462022 
0.055784 0.004472 0.491768 
0.008818 0.006487 0.977941 0.006754 
0.250000 0.250000 0.250000 0.250000 
  70
0.494510 0.004287 0.046210 
0.449706 0.991241 0.462022 
0.055784 0.004472 0.491768 
0.981895 0.006851 0.005627 0.005627 
0.250000 0.250000 0.250000 0.250000 
  71
0.494510 0.004287 0.046210 
0.449706 0.991241 0.462022 
0.055784 0.004472 0.491768 
0.983119 0.005627 0.005627 0.005627 
0.250000 0.250000 0.250000 0.250000 
  72
0.494510 0.004287 0.046210 
0.449706 0.991241 0.462022 
0.055784 0.004472 0.491768 
0.005627 0.009533 0.010120 0.974720 
0.250000 0.250000 0.250000 0.250000 
  73
0.494510 0.004287 0.046210 
0.449706 0.991241 0.462022 
0.055784 0.004472 0.491768 
0.982381 0.006365 0.005627 0.005627 
0.250000 0.250000 0.250000 0.250000 
  74
0.494510 0.004287 0.046210 
0.449706 0.991241 0.462022 
0.055784 0.004472 0.491768 
0.007569 0.980458 0.005627 0.006346 
0.250000 0.250000 0.250000 0.250000 
  75
0.494510 0.004287 0.046210 
0.449706 0.991241 0.462022 
0.055784 0.004472 0.491768 
0.005627 0.007289 0.980716 0.006368 
0.250000 0.250000 0.250000 0.250000 
  76
0.494510 0.004287 0.046210 
0.449706 0.991241 0.462022 
0.055784 0.004472 0.491768 
0.982423 0.005627 0.006323 0.005627 
0.250000 0.250000 0.250000 0.250000 
  77
0.494510 0.004287 0.046210 
0.449706 0.991241 0.462022 
0.055784 0.004472 0.491768 
0.006196 0.005627 0.980328 0.007849 
0.250000 0.250000 0.250000 0.250000 
  78
0.494510 0.004287 0.046210 
0.449706 0.991241 0.462022 
0.055784 0.004472 0.491768 
0.010469 0.976474 0.005627 0.007430 
0.250000 0.250000 0.250000 0.250000 
  79
0.494510 0.004287 0.046210 
0.449706 0.991241 0.462022 
0.055784 0.004472 0.491768 
0.005627 0.983119 0.005627 0.005627 
0.250000 0.250000 0.250000 0.250000 
  80
0.494510 0.004287 0.046210 
0.449706 0.991241 0.462022 
0.055784 0.004472 0.491768 
0.005627 0.005627 0.983119 0.005627 
0.250000 0.250000 0.250000 0.250000 
  81
0.494510 0.004287 0.046210 
0.449706 0.991241 0.462022 
0.055784 0.004472 0.491768 
0.977524 0.006222 0.005627 0.010627 
0.250000 0.250000 0.250000 0.250000 
  82
0.494510 0.004287 0.046210 
0.449706 0.991241 0.462022 
0.055784 0.004472 0.491768 
0.983119 0.005627 0.005627 0.005627 
0.250000 0.250000 0.250000 0.250000 
  83
0.494510 0.004287 0.046210 
0.449706 0.991241 0.462022 
0.055784 0.004472 0.491768 
0.006241 0.005627 0.979366 0.008766 
0.250000 0.250000 0.250000 0.250000 
  84
0.494510 0.004287 0.046210 
0.449706 0.991241 0.462022 
0.055784 0.004472 0.491768 
0.011284 0.976814 0.005627 0.006275 
0.250000 0.250000 0.250000 0.250000 
  85
0.484781 0.004287 0.046210 
0.459435 0.991241 0.462022 
0.056332 0.004469 0.491768 
0.005622 0.005622 0.980562 0.008194 
0.250000 0.250000 0.250000 0.250000 
  86
0.489544 0.004284 0.046210 
0.454125 0.991247 0.462022 
0.056332 0.004469 0.491768 
0.005622 0.005622 0.005622 0.983134 
0.250000 0.250000 0.250000 0.250000 
  87
0.489544 0.004284 0.046210 
0.454125 0.991247 0.462022 
0.056332 0.004469 0.491768 
0.006755 0.981283 0.005622 0.006340 
0.250000 0.250000 0.250000 0.250000 
  88
0.489544 0.004284 0.046210 
0.454125 0.991247 0.462022 
0.056332 0.004469 0.491768 
0.005622 0.005622 0.005622 0.983134 
0.250000 0.250000 0.250000 0.250000 
  89
0.489544 0.004284 0.046210 
0.454125 0.991247 0.462022 
0.056332 0.004469 0.491768 
0.005622 0.983134 0.005622 0.005622 
0.250000 0.250000 0.250000 0.250000 
  90
0.489544 0.004284 0.046210 
0.454125 0.991247 0.462022 
0.056332 0.004469 0.491768 
0.005622 0.005622 0.980635 0.008121 
0.250000 0.250000 0.250000 0.250000 
  91
0.483362 0.004284 0.046210 
0.460307 0.991247 0.462022 
0.056682 0.004467 0.491768 
0.005623 0.005623 0.983131 0.005623 
0.250000 0.250000 0.250000 0.250000 
  92
0.486368 0.004282 0.046210 
0.456949 0.991250 0.462022 
0.056682 0.004467 0.491768 
0.005619 0.005619 0.005619 0.983143 
0.250000 0.250000 0.250000 0.250000 
  93
0.486368 0.004282 0.046210 
0.456949 0.991250 0.462022 
0.056682 0.004467 0.491768 
0.005619 0.006212 0.008498 0.979671 
0.250000 0.250000 0.250000 0.250000 
  94
0.486368 0.004282 0.046210 
0.456949 0.991250 0.462022 
0.056682 0.004467 0.491768 
0.005619 0.983143 0.005619 0.005619 
0.250000 0.250000 0.250000 0.250000 
  95
0.486368 0.004282 0.046210 
0.456949 0.991250 0.462022 
0.056682 0.004467 0.491768 
0.005619 0.983143 0.005619 0.005619 
0.250000 0.250000 0.250000 0.250000 
  96
0.486368 0.004282 0.046210 
0.456949 0.991250 0.462022 
0.056682 0.004467 0.491768 
0.014658 0.974104 0.005619 0.005619 
0.250000 0.250000 0.250000 0.250000 
  97
0.486368 0.004282 0.046210 
0.456949 0.991250 0.462022 
0.056682 0.004467 0.491768 
0.005619 0.005619 0.983143 0.005619 
0.250000 0.250000 0.250000 0.250000 
  98
0.486368 0.004282 0.046210 
0.456949 0.991250 0.462022 
0.056682 0.004467 0.491768 
0.983143 0.005619 0.005619 0.005619 
0.250000 0.250000 0.250000 0.250000 
  99
0.486368 0.004282 0.046210 
0.456949 0.991250 0.462022 
0.056682 0.004467 0.491768 
0.005619 0.005619 0.976877 0.011885 
0.250000 0.250000 0.250000 0.250000 
 100
0.486368 0.004282 0.046210 
0.456949 0.991250 0.462022 
0.056682 0.004467 0.491768 
0.005619 0.005619 0.982112 0.006650 
0.250000 0.250000 0.250000 0.250000 
 101
0.480645 0.004282 0.046210 
0.462673 0.991250 0.462022 
0.057008 0.004466 0.491768 
0.983152 0.005616 0.005616 0.005616 
0.250000 0.250000 0.250000 0.250000 
 102
0.483412 0.004281 0.046210 
0.459580 0.991254 0.462022 
0.057008 0.004466 0.491768 
0.005616 0.005616 0.007292 0.981476 
0.250000 0.250000 0.250000 0.250000 
 103
0.483412 0.004281 0.046210 
0.459580 0.991254 0.462022 
0.057008 0.004466 0.491768 
0.005616 0.980994 0.005616 0.007774 
0.250000 0.250000 0.250000 0.250000 
 104
0.483412 0.004281 0.046210 
0.459580 0.991254 0.462022 
0.057008 0.004466 0.491768 
0.005616 0.005616 0.983152 0.005616 
0.250000 0.250000 0.250000 0.250000 
 105
0.483412 0.004281 0.046210 
0.459580 0.991254 0.462022 
0.057008 0.004466 0.491768 
0.982386 0.006382 0.005616 0.005616 
0.250000 0.250000 0.250000 0.250000 
 106
0.483412 0.004281 0.046210 
0.459580 0.991254 0.462022 
0.057008 0.004466 0.491768 
0.005618 0.983146 0.005618 0.005618 
0.250000 0.250000 0.250000 0.250000 
 107
0.483412 0.004281 0.046210 
0.459580 0.991254 0.462022 
0.057008 0.004466 0.491768 
0.005616 0.005616 0.005616 0.983152 
0.250000 0.250000 0.250000 0.250000 
 108
0.483412 0.004281 0.046210 
0.459580 0.991254 0.462022 
0.057008 0.004466 0.491768 
0.975843 0.011241 0.007301 0.005616 
0.250000 0.250000 0.250000 0.250000 
 109
0.483412 0.004281 0.046210 
0.459580 0.991254 0.462022 
0.057008 0.004466 0.491768 
0.005616 0.006276 0.981726 0.006382 
0.250000 0.250000 0.250000 0.250000 
 110
0.483412 0.004281 0.046210 
0.459580 0.991254 0.462022 
0.057008 0.004466 0.491768 
0.006519 0.005616 0.981622 0.006243 
0.250000 0.250000 0.250000 0.250000 
 111
0.483412 0.004281 0.046210 
0.459580 0.991254 0.462022 
0.057008 0.004466 0.491768 
0.980293 0.007471 0.006620 0.005616 
0.250000 0.250000 0.250000 0.250000 
 112
0.483412 0.004281 0.046210 
0.459580 0.991254 0.462022 
0.057008 0.004466 0.491768 
0.983152 0.005616 0.005616 0.005616 
0.250000 0.250000 0.250000 0.250000 
 113
0.483412 0.004281 0.046210 
0.459580 0.991254 0.462022 
0.057008 0.004466 0.491768 
0.983152 0.005616 0.005616 0.005616 
0.250000 0.250000 0.250000 0.250000 
 114
0.483412 0.004281 0.046210 
0.459580 0.991254 0.462022 
0.057008 0.004466 0.491768 
0.005616 0.005616 0.952556 0.036212 
0.250000 0.250000 0.250000 0.250000 
 115
0.483412 0.004281 0.046210 
0.459580 0.991254 0.462022 
0.057008 0.004466 0.491768 
0.005616 0.983152 0.005616 0.005616 
0.250000 0.250000 0.250000 0.250000 
 116
0.483412 0.004281 0.046210 
0.459580 0.991254 0.462022 
0.057008 0.004466 0.491768 
0.005616 0.983152 0.005616 0.005616 
0.250000 0.250000 0.250000 0.250000 
 117
0.483412 0.004281 0.046210 
0.459580 0.991254 0.462022 
0.057008 0.004466 0.491768 
0.980995 0.007773 0.005616 0.005616 
0.250000 0.250000 0.250000 0.250000 
 118
0.483412 0.004281 0.046210 
0.459580 0.991254 0.462022 
0.057008 0.004466 0.491768 
0.982346 0.006422 0.005616 0.005616 
0.250000 0.250000 0.250000 0.250000 
 119
0.483412 0.004281 0.046210 
0.459580 0.991254 0.462022 
0.057008 0.004466 0.491768 
0.005616 0.005616 0.983152 0.005616 
0.250000 0.250000 0.250000 0.250000 
 120
0.483412 0.004281 0.046210 
0.459580 0.991254 0.462022 
0.057008 0.004466 0.491768 
0.024528 0.964240 0.005616 0.005616 
0.250000 0.250000 0.250000 0.250000 
 121
0.483412 0.004281 0.046210 
0.459580 0.991254 0.462022 
0.057008 0.004466 0.491768 
0.968289 0.020479 0.005616 0.005616 
0.250000 0.250000 0.250000 0.250000 
 122
0.483412 0.004281 0.046210 
0.459580 0.991254 0.462022 
0.057008 0.004466 0.491768 
0.005616 0.005616 0.006984 0.981784 
0.250000 0.250000 0.250000 0.250000 
 123
0.483412 0.004281 0.046210 
0.459580 0.991254 0.462022 
0.057008 0.004466 0.491768 
0.982370 0.006398 0.005616 0.005616 
0.250000 0.250000 0.250000 0.250000 
 124
0.483412 0.004281 0.046210 
0.459580 0.991254 0.462022 
0.057008 0.004466 0.491768 
0.005616 0.983152 0.005616 0.005616 
0.250000 0.250000 0.250000 0.250000 
 125
0.483412 0.004281 0.046210 
0.459580 0.991254 0.462022 
0.057008 0.004466 0.491768 
0.005616 0.005616 0.005616 0.983152 
0.250000 0.250000 0.250000 0.250000 
 126
0.483412 0.004281 0.046210 
0.459580 0.991254 0.462022 
0.057008 0.004466 0.491768 
0.005616 0.981937 0.006202 0.006245 
0.250000 0.250000 0.250000 0.250000 
 127
0.483412 0.004281 0.046210 
0.459580 0.991254 0.462022 
0.057008 0.004466 0.491768 
0.982486 0.006282 0.005616 0.005616 
0.250000 0.250000 0.250000 0.250000 
 128
0.483412 0.004281 0.046210 
0.459580 0.991254 0.462022 
0.057008 0.004466 0.491768 
0.975680 0.013083 0.005618 0.005618 
0.250000 0.250000 0.250000 0.250000 
 129
0.483412 0.004281 0.046210 
0.459580 0.991254 0.462022 
0.057008 0.004466 0.491768 
0.982041 0.006727 0.005616 0.005616 
0.250000 0.250000 0.250000 0.250000 
 130
0.483412 0.004281 0.046210 
0.459580 0.991254 0.462022 
0.057008 0.004466 0.491768 
0.983152 0.005616 0.005616 0.005616 
0.250000 0.250000 0.250000 0.250000 
 131
0.483412 0.004281 0.046210 
0.459580 0.991254 0.462022 
0.057008 0.004466 0.491768 
0.005616 0.005616 0.983152 0.005616 
0.250000 0.250000 0.250000 0.250000 
 132
0.483412 0.004281 0.046210 
0.459580 0.991254 0.462022 
0.057008 0.004466 0.491768 
0.980525 0.008243 0.005616 0.005616 
0.250000 0.250000 0.250000 0.250000 
 133
0.483412 0.004281 0.046210 
0.459580 0.991254 0.462022 
0.057008 0.004466 0.491768 
0.983152 0.005616 0.005616 0.005616 
0.250000 0.250000 0.250000 0.250000 
 134
0.483412 0.004281 0.046210 
0.459580 0.991254 0.462022 
0.057008 0.004466 0.491768 
0.005616 0.005616 0.005616 0.983152 
0.250000 0.250000 0.250000 0.250000 
 135
0.483412 0.004281 0.046210 
0.459580 0.991254 0.462022 
0.057008 0.004466 0.491768 
0.006568 0.005616 0.978667 0.009149 
0.250000 0.250000 0.250000 0.250000 
 136
0.483412 0.004281 0.046210 
0.459580 0.991254 0.462022 
0.057008 0.004466 0.491768 
0.979254 0.009514 0.005616 0.005616 
0.250000 0.250000 0.250000 0.250000 
 137
0.483412 0.004281 0.046210 
0.459580 0.991254 0.462022 
0.057008 0.004466 0.491768 
0.005616 0.005616 0.982087 0.006681 
0.250000 0.250000 0.250000 0.250000 
 138
0.483412 0.004281 0.046210 
0.459580 0.991254 0.462022 
0.057008 0.004466 0.491768 
0.011803 0.976396 0.005616 0.006185 
0.250000 0.250000 0.250000 0.250000 
 139
0.483412 0.004281 0.046210 
0.459580 0.991254 0.462022 
0.057008 0.004466 0.491768 
0.982193 0.006575 0.005616 0.005616 
0.250000 0.250000 0.250000 0.250000 
 140
0.483412 0.004281 0.046210 
0.459580 0.991254 0.462022 
0.057008 0.004466 0.491768 
0.978650 0.010118 0.005616 0.005616 
0.250000 0.250000 0.250000 0.250000 
 141
0.483412 0.004281 0.046210 
0.459580 0.991254 0.462022 
0.057008 0.004466 0.491768 
0.005616 0.005616 0.006781 0.981987 
0.250000 0.250000 0.250000 0.250000 
 142
0.483412 0.004281 0.046210 
0.459580 0.991254 0.462022 
0.057008 0.004466 0.491768 
0.005616 0.983152 0.005616 0.005616 
0.250000 0.250000 0.250000 0.250000 
 143
0.483412 0.004281 0.046210 
0.459580 0.991254 0.462022 
0.057008 0.004466 0.491768 
0.982480 0.006288 0.005616 0.005616 
0.250000 0.250000 0.250000 0.250000 
 144
0.483412 0.004281 0.046210 
0.459580 0.991254 0.462022 
0.057008 0.004466 0.491768 
0.007400 0.005616 0.978973 0.008011 
0.250000 0.250000 0.250000 0.250000 
 145
0.483412 0.004281 0.046210 
0.459580 0.991254 0.462022 
0.057008 0.004466 0.491768 
0.007463 0.005616 0.981305 0.005616 
0.250000 0.250000 0.250000 0.250000 
 146
0.483412 0.004281 0.046210 
0.459580 0.991254 0.462022 
0.057008 0.004466 0.491768 
0.037321 0.951443 0.005618 0.005618 
0.250000 0.250000 0.250000 0.250000 
 147
0.483412 0.004281 0.046210 
0.459580 0.991254 0.462022 
0.057008 0.004466 0.491768 
0.978027 0.010741 0.005616 0.005616 
0.250000 0.250000 0.250000 0.250000 
 148
0.483412 0.004281 0.046210 
0.459580 0.991254 0.462022 
0.057008 0.004466 0.491768 
0.983152 0.005616 0.005616 0.005616 
0.250000 0.250000 0.250000 0.250000 
 149
0.483412 0.004281 0.046210 
0.459580 0.991254 0.462022 
0.057008 0.004466 0.491768 
0.005616 0.005616 0.005616 0.983152 
0.250000 0.250000 0.250000 0.250000 
 150
0.483412 0.004281 0.046210 
0.459580 0.991254 0.462022 
0.057008 0.004466 0.491768 
0.006531 0.005616 0.009639 0.978214 
0.250000 0.250000 0.250000 0.250000 
 151
0.483412 0.004281 0.046210 
0.459580 0.991254 0.462022 
0.057008 0.004466 0.491768 
0.005616 0.983152 0.005616 0.005616 
0.250000 0.250000 0.250000 0.250000 
 152
0.483412 0.004281 0.046210 
0.459580 0.991254 0.462022 
0.057008 0.004466 0.491768 
0.983152 0.005616 0.005616 0.005616 
0.250000 0.250000 0.250000 0.250000 
 153
0.483412 0.004281 0.046210 
0.459580 0.991254 0.462022 
0.057008 0.004466 0.491768 
0.982494 0.006274 0.005616 0.005616 
0.250000 0.250000 0.250000 0.250000 
 154
0.483412 0.004281 0.046210 
0.459580 0.991254 0.462022 
0.057008 0.004466 0.491768 
0.005616 0.983152 0.005616 0.005616 
0.250000 0.250000 0.250000 0.250000 
 155
0.476502 0.004281 0.046210 
0.466490 0.991254 0.462022 
0.057405 0.004464 0.491768 
0.005613 0.005613 0.005613 0.983162 
0.250000 0.250000 0.250000 0.250000 
 156
0.479817 0.004279 0.046210 
0.462778 0.991258 0.462022 
0.057405 0.004464 0.491768 
0.005613 0.016681 0.026974 0.950732 
0.250000 0.250000 0.250000 0.250000 
 157
0.479817 0.004279 0.046210 
0.462778 0.991258 0.462022 
0.057405 0.004464 0.491768 
0.983162 0.005613 0.005613 0.005613 
0.250000 0.250000 0.250000 0.250000 
 158
0.479817 0.004279 0.046210 
0.462778 0.991258 0.462022 
0.057405 0.004464 0.491768 
0.005613 0.005613 0.983162 0.005613 
0.250000 0.250000 0.250000 0.250000 
 159
0.479817 0.004279 0.046210 
0.462778 0.991258 0.462022 
0.057405 0.004464 0.491768 
0.006335 0.005616 0.009174 0.978875 
0.250000 0.250000 0.250000 0.250000 
 160
0.479817 0.004279 0.046210 
0.462778 0.991258 0.462022 
0.057405 0.004464 0.491768 
0.983162 0.005613 0.005613 0.005613 
0.250000 0.250000 0.250000 0.250000 
 161
0.479817 0.004279 0.046210 
0.462778 0.991258 0.462022 
0.057405 0.004464 0.491768 
0.983162 0.005613 0.005613 0.005613 
0.250000 0.250000 0.250000 0.250000 
 162
0.479817 0.004279 0.046210 
0.462778 0.991258 0.462022 
0.057405 0.004464 0.491768 
0.005613 0.005613 0.006356 0.982419 
0.250000 0.250000 0.250000 0.250000 
 163
0.479817 0.004279 0.046210 
0.462778 0.991258 0.462022 
0.057405 0.004464 0.491768 
0.005613 0.983162 0.005613 0.005613 
0.250000 0.250000 0.250000 0.250000 
 164
0.479817 0.004279 0.046210 
0.462778 0.991258 0.462022 
0.057405 0.004464 0.491768 
0.005613 0.005613 0.983162 0.005613 
0.250000 0.250000 0.250000 0.250000 
 165
0.479817 0.004279 0.046210 
0.462778 0.991258 0.462022 
0.057405 0.004464 0.491768 
0.005613 0.005613 0.008721 0.980054 
0.250000 0.250000 0.250000 0.250000 
 166
0.479817 0.004279 0.046210 
0.462778 0.991258 0.462022 
0.057405 0.004464 0.491768 
0.983162 0.005613 0.005613 0.005613 
0.250000 0.250000 0.250000 0.250000 
 167
0.479817 0.004279 0.046210 
0.462778 0.991258 0.462022 
0.057405 0.004464 0.491768 
0.005613 0.005613 0.982482 0.006293 
0.250000 0.250000 0.250000 0.250000 
 168
0.479817 0.004279 0.046210 
0.462778 0.991258 0.462022 
0.057405 0.004464 0.491768 
0.009510 0.005613 0.008254 0.976624 
0.250000 0.250000 0.250000 0.250000 
 169
0.479817 0.004279 0.046210 
0.462778 0.991258 0.462022 
0.057405 0.004464 0.491768 
0.005613 0.983162 0.005613 0.005613 
0.250000 0.250000 0.250000 0.250000 
 170
0.479817 0.004279 0.046210 
0.462778 0.991258 0.462022 
0.057405 0.004464 0.491768 
0.983162 0.005613 0.005613 0.005613 
0.250000 0.250000 0.250000 0.250000 
 171
0.479817 0.004279 0.046210 
0.462778 0.991258 0.462022 
0.057405 0.004464 0.491768 
0.013234 0.975541 0.005613 0.005613 
0.250000 0.250000 0.250000 0.250000 
 172
0.479817 0.004279 0.046210 
0.462778 0.991258 0.462022 
0.057405 0.004464 0.491768 
0.005613 0.005613 0.981879 0.006896 
0.250000 0.250000 0.250000 0.250000 
 173
0.479817 0.004279 0.046210 
0.462778 0.991258 0.462022 
0.057405 0.004464 0.491768 
0.005613 0.005613 0.005613 0.983162 
0.250000 0.250000 0.250000 0.250000 
 174
0.479817 0.004279 0.046210 
0.462778 0.991258 0.462022 
0.057405 0.004464 0.491768 
0.008018 0.978141 0.005613 0.008228 
0.250000 0.250000 0.250000 0.250000 
 175
0.479817 0.004279 0.046210 
0.462778 0.991258 0.462022 
0.057405 0.004464 0.491768 
0.006423 0.982352 0.005613 0.005613 
0.250000 0.250000 0.250000 0.250000 
 176
0.479817 0.004279 0.046210 
0.462778 0.991258 0.462022 
0.057405 0.004464 0.491768 
0.005613 0.005613 0.005613 0.983162 
0.250000 0.250000 0.250000 0.250000 
 177
0.479817 0.004279 0.046210 
0.462778 0.991258 0.462022 
0.057405 0.004464 0.491768 
0.005613 0.005613 0.006383 0.982392 
0.250000 0.250000 0.250000 0.250000 
 178
0.479817 0.004279 0.046210 
0.462778 0.991258 0.462022 
0.057405 0.004464 0.491768 
0.005613 0.005613 0.983162 0.005613 
0.250000 0.250000 0.250000 0.250000 
 179
0.479817 0.004279 0.046210 
0.462778 0.991258 0.462022 
0.057405 0.004464 0.491768 
0.983162 0.005613 0.005613 0.005613 
0.250000 0.250000 0.250000 0.250000 
 180
0.479817 0.004279 0.046210 
0.462778 0.991258 0.462022 
0.057405 0.004464 0.491768 
0.008937 0.979838 0.005613 0.005613 
0.250000 0.250000 0.250000 0.250000 
 181
0.479817 0.004279 0.046210 
0.462778 0.991258 0.462022 
0.057405 0.004464 0.491768 
0.981678 0.007097 0.005613 0.005613 
0.250000 0.250000 0.250000 0.250000 
 182
0.479817 0.004279 0.046210 
0.462778 0.991258 0.462022 
0.057405 0.004464 0.491768 
0.982458 0.006317 0.005613 0.005613 
0.250000 0.250000 0.250000 0.250000 
 183
0.479817 0.004279 0.046210 
0.462778 0.991258 0.462022 
0.057405 0.004464 0.491768 
0.006365 0.005613 0.012265 0.975757 
0.250000 0.250000 0.250000 0.250000 
 184
0.479817 0.004279 0.046210 
0.462778 0.991258 0.462022 
0.057405 0.004464 0.491768 
0.005613 0.005613 0.006304 0.982471 
0.250000 0.250000 0.250000 0.250000 
 185
0.479817 0.004279 0.046210 
0.462778 0.991258 0.462022 
0.057405 0.004464 0.491768 
0.006259 0.005613 0.981939 0.006189 
0.250000 0.250000 0.250000 0.250000 
 186
0.479817 0.004279 0.046210 
0.462778 0.991258 0.462022 
0.057405 0.004464 0.491768 
0.005613 0.005613 0.937780 0.050995 
0.250000 0.250000 0.250000 0.250000 
 187
0.479817 0.004279 0.046210 
0.462778 0.991258 0.462022 
0.057405 0.004464 0.491768 
0.008378 0.005613 0.005613 0.980397 
0.250000 0.250000 0.250000 0.250000 
 188
0.479817 0.004279 0.046210 
0.462778 0.991258 0.462022 
0.057405 0.004464 0.491768 
0.005613 0.005613 0.983162 0.005613 
0.250000 0.250000 0.250000 0.250000 
 189
0.479817 0.004279 0.046210 
0.462778 0.991258 0.462022 
0.057405 0.004464 0.491768 
0.979459 0.009316 0.005613 0.005613 
0.250000 0.250000 0.250000 0.250000 
 190
0.479817 0.004279 0.046210 
0.462778 0.991258 0.462022 
0.057405 0.004464 0.491768 
0.983162 0.005613 0.005613 0.005613 
0.250000 0.250000 0.250000 0.250000 
 191
0.479817 0.004279 0.046210 
0.462778 0.991258 0.462022 
0.057405 0.004464 0.491768 
0.006378 0.005613 0.009691 0.978318 
0.250000 0.250000 0.250000 0.250000 
 192
0.479817 0.004279 0.046210 
0.462778 0.991258 0.462022 
0.057405 0.004464 0.491768 
0.976434 0.010816 0.005613 0.007138 
0.250000 0.250000 0.250000 0.250000 
 193
0.479817 0.004279 0.046210 
0.462778 0.991258 0.462022 
0.057405 0.004464 0.491768 
0.007601 0.981174 0.005613 0.005613 
0.250000 0.250000 0.250000 0.250000 
 194
0.479817 0.004279 0.046210 
0.462778 0.991258 0.462022 
0.057405 0.004464 0.491768 
0.006909 0.981866 0.005613 0.005613 
0.250000 0.250000 0.250000 0.250000 
 195
0.479817 0.004279 0.046210 
0.462778 0.991258 0.462022 
0.057405 0.004464 0.491768 
0.006179 0.005613 0.006871 0.981337 
0.250000 0.250000 0.250000 0.250000 
 196
0.479817 0.004279 0.046210 
0.462778 0.991258 0.462022 
0.057405 0.004464 0.491768 
0.010105 0.978670 0.005613 0.005613 
0.250000 0.250000 0.250000 0.250000 
 197
0.479817 0.004279 0.046210 
0.462778 0.991258 0.462022 
0.057405 0.004464 0.491768 
0.983162 0.005613 0.005613 0.005613 
0.250000 0.250000 0.250000 0.250000 
 198
0.479817 0.004279 0.046210 
0.462778 0.991258 0.462022 
0.057405 0.004464 0.491768 
0.980609 0.007470 0.006308 0.005613 
0.250000 0.250000 0.250000 0.250000 
 199
0.479817 0.004279 0.046210 
0.462778 0.991258 0.462022 
0.057405 0.004464 0.491768 
0.983162 0.005613 0.005613 0.005613 
0.250000 0.250000 0.250000 0.250000 
 200
0.479817 0.004279 0.046210 
0.462778 0.991258 0.462022 
0.057405 0.004464 0.491768 
0.005613 0.005613 0.005613 0.983162 
0.250000 0.250000 0.250000 0.250000 
 201
0.479817 0.004279 0.046210 
0.462778 0.991258 0.462022 
0.057405 0.004464 0.491768 
0.968516 0.006295 0.005613 0.019576 
0.250000 0.250000 0.250000 0.250000 
 202
0.479817 0.004279 0.046210 
0.462778 0.991258 0.462022 
0.057405 0.004464 0.491768 
0.005613 0.005613 0.005613 0.983162 
0.250000 0.250000 0.250000 0.250000 
 203
0.479817 0.004279 0.046210 
0.462778 0.991258 0.462022 
0.057405 0.004464 0.491768 
0.005613 0.983162 0.005613 0.005613 
0.250000 0.250000 0.250000 0.250000 
 204
0.479817 0.004279 0.046210 
0.462778 0.991258 0.462022 
0.057405 0.004464 0.491768 
0.005613 0.005613 0.970189 0.018586 
0.250000 0.250000 0.250000 0.250000 
 205
0.479817 0.004279 0.046210 
0.462778 0.991258 0.462022 
0.057405 0.004464 0.491768 
0.028593 0.960182 0.005613 0.005613 
0.250000 0.250000 0.250000 0.250000 
 206
0.479817 0.004279 0.046210 
0.462778 0.991258 0.462022 
0.057405 0.004464 0.491768 
0.980401 0.008374 0.005613 0.005613 
0.250000 0.250000 0.250000 0.250000 
 207
0.479817 0.004279 0.046210 
0.462778 0.991258 0.462022 
0.057405 0.004464 0.491768 
0.006250 0.005613 0.979055 0.009082 
0.250000 0.250000 0.250000 0.250000 
 208
0.479817 0.004279 0.046210 
0.462778 0.991258 0.462022 
0.057405 0.004464 0.491768 
0.980747 0.007400 0.006241 0.005613 
0.250000 0.250000 0.250000 0.250000 
 209
0.479817 0.004279 0.046210 
0.462778 0.991258 0.462022 
0.057405 0.004464 0.491768 
0.008083 0.980692 0.005613 0.005613 
0.250000 0.250000 0.250000 0.250000 
 210
0.479817 0.004279 0.046210 
0.462778 0.991258 0.462022 
0.057405 0.004464 0.491768 
0.007725 0.011275 0.007559 0.973441 
0.250000 0.250000 0.250000 0.250000 
 211
0.479817 0.004279 0.046210 
0.462778 0.991258 0.462022 
0.057405 0.004464 0.491768 
0.005613 0.005613 0.983162 0.005613 
0.250000 0.250000 0.250000 0.250000 
 212
0.479817 0.004279 0.046210 
0.462778 0.991258 0.462022 
0.057405 0.004464 0.491768 
0.005613 0.005613 0.983162 0.005613 
0.250000 0.250000 0.250000 0.250000 
 213
0.479817 0.004279 0.046210 
0.462778 0.991258 0.462022 
0.057405 0.004464 0.491768 
0.006624 0.005613 0.005613 0.982151 
0.250000 0.250000 0.250000 0.250000 
 214
0.479817 0.004279 0.046210 
0.462778 0.991258 0.462022 
0.057405 0.004464 0.491768 
0.005613 0.005613 0.983162 0.005613 
0.250000 0.250000 0.250000 0.250000 
 215
0.479817 0.004279 0.046210 
0.462778 0.991258 0.462022 
0.057405 0.004464 0.491768 
0.983162 0.005613 0.005613 0.005613 
0.250000 0.250000 0.250000 0.250000 
 216
0.479817 0.004279 0.046210 
0.462778 0.991258 0.462022 
0.057405 0.004464 0.491768 
0.005613 0.005613 0.008233 0.980541 
0.250000 0.250000 0.250000 0.250000 
 217
0.479817 0.004279 0.046210 
0.462778 0.991258 0.462022 
0.057405 0.004464 0.491768 
0.008647 0.005613 0.980128 0.005613 
0.250000 0.250000 0.250000 0.250000 
 218
0.479817 0.004279 0.046210 
0.462778 0.991258 0.462022 
0.057405 0.004464 0.491768 
0.983162 0.005613 0.005613 0.005613 
0.250000 0.250000 0.250000 0.250000 
 219
0.479817 0.004279 0.046210 
0.462778 0.991258 0.462022 
0.057405 0.004464 0.491768 
0.011411 0.975273 0.005615 0.007701 
0.250000 0.250000 0.250000 0.250000 
 220
0.479817 0.004279 0.046210 
0.462778 0.991258 0.462022 
0.057405 0.004464 0.491768 
0.980658 0.008117 0.005613 0.005613 
0.250000 0.250000 0.250000 0.250000 
 221
0.479817 0.004279 0.046210 
0.462778 0.991258 0.462022 
0.057405 0.004464 0.491768 
0.005613 0.005613 0.005613 0.983162 
0.250000 0.250000 0.250000 0.250000 
 222
0.479817 0.004279 0.046210 
0.462778 0.991258 0.462022 
0.057405 0.004464 0.491768 
0.006496 0.005613 0.977362 0.010529 
0.250000 0.250000 0.250000 0.250000 
 223
0.479817 0.004279 0.046210 
0.462778 0.991258 0.462022 
0.057405 0.004464 0.491768 
0.007847 0.005613 0.980928 0.005613 
0.250000 0.250000 0.250000 0.250000 
 224
0.479817 0.004279 0.046210 
0.462778 0.991258 0.462022 
0.057405 0.004464 0.491768 
0.005613 0.005613 0.005613 0.983162 
0.250000 0.250000 0.250000 0.250000 
 225
0.479817 0.004279 0.046210 
0.462778 0.991258 0.462022 
0.057405 0.004464 0.491768 
0.007201 0.005613 0.007187 0.979999 
0.250000 0.250000 0.250000 0.250000 
 226
0.479817 0.004279 0.046210 
0.462778 0.991258 0.462022 
0.057405 0.004464 0.491768 
0.005613 0.983162 0.005613 0.005613 
0.250000 0.250000 0.250000 0.250000 
 227
0.479817 0.004279 0.046210 
0.462778 0.991258 0.462022 
0.057405 0.004464 0.491768 
0.983162 0.005613 0.005613 0.005613 
0.250000 0.250000 0.250000 0.250000 
 228
0.479817 0.004279 0.046210 
0.462778 0.991258 0.462022 
0.057405 0.004464 0.491768 
0.005613 0.005613 0.006329 0.982446 
0.250000 0.250000 0.250000 0.250000 
 229
0.479817 0.004279 0.046210 
0.462778 0.991258 0.462022 
0.057405 0.004464 0.491768 
0.005613 0.983162 0.005613 0.005613 
0.250000 0.250000 0.250000 0.250000 
 230
0.479817 0.004279 0.046210 
0.462778 0.991258 0.462022 
0.057405 0.004464 0.491768 
0.006656 0.982119 0.005613 0.005613 
0.250000 0.250000 0.250000 0.250000 
 231
0.479817 0.004279 0.046210 
0.462778 0.991258 0.462022 
0.057405 0.004464 0.491768 
0.976991 0.010298 0.006487 0.006224 
0.250000 0.250000 0.250000 0.250000 
 232
0.479817 0.004279 0.046210 
0.462778 0.991258 0.462022 
0.057405 0.004464 0.491768 
0.050469 0.938306 0.005613 0.005613 
0.250000 0.250000 0.250000 0.250000 
 233
0.479817 0.004279 0.046210 
0.462778 0.991258 0.462022 
0.057405 0.004464 0.491768 
0.982129 0.006646 0.005613 0.005613 
0.250000 0.250000 0.250000 0.250000 
 234
0.479817 0.004279 0.046210 
0.462778 0.991258 0.462022 
0.057405 0.004464 0.491768 
0.980269 0.008506 0.005613 0.005613 
0.250000 0.250000 0.250000 0.250000 
 235
0.479817 0.004279 0.046210 
0.462778 0.991258 0.462022 
0.057405 0.004464 0.491768 
0.983162 0.005613 0.005613 0.005613 
