%  SAM: /scicomp/home/vfn4/Tools/LABEL_RES/scripts/modelfromalign v3.5 (July 15, 2005) compiled 12/08/06_16:15:55
%  (c) 1992-2001 Regents of the University of California, Santa Cruz
%
%          Sequence Alignment and Modeling Software System
%         http://www.cse.ucsc.edu/research/compbio/sam.html
%
% ----------------- Citations (SAM, SAM-T2K, HMMs) --------------------
% R. Hughey, A. Krogh, Hidden Markov models for sequence analysis:
%  Extension and analysis of the basic method, CABIOS 12:95-107, 1996.
% K. Karplus, et al., What is the value added by human intervention in protein
%  structure prediction, Proteins: Stucture, Function, Genetics 45(S5):86--91, 2001.
% A. Krogh et al., Hidden Markov models in computational biology:
%  Applications to protein modeling, JMB 235:1501-1531, Feb 1994.
% ---------------------------------------------------------------------
%  c-3C.1_hmm   Host: node5.aspen.biotech.cdc.gov    Tue Jan  6 13:33:21 2015
%  vfn4         Dir:  /scicomp/home/vfn4/fluA/HA_H3/H3prerelease1/c-3C
% ---------------------------------------------------------------------
%  Alignment weights from internal calc.  Total (32.60) Max (0.07) Min (0.02)
%  Weights from alignment method 1 (karplus), b=-1.000000, e=0.500000
MODEL --  Model from alignment file /scicomp/home/vfn4/Tools/LABEL_RES/training_data/H3prerelease1/c-3C/c-3C.1.fasta
alphabet DNA
FREQAVE
0.000000 0.000000 0.000000 
0.000000 0.000000 0.000000 
0.000000 0.000000 0.000000 
0.339729 0.221857 0.195452 0.242963 
0.339729 0.221857 0.195452 0.242963 
Begin
0.000000 0.000000 0.000000 
0.000000 0.000000 0.000000 
0.000000 0.005467 0.491768 
0.250000 0.250000 0.250000 0.250000 
0.250000 0.250000 0.250000 0.250000 
   1
0.000000 0.027996 0.046210 
0.000000 0.966536 0.462022 
0.044796 0.005595 0.491768 
0.976921 0.007693 0.007693 0.007693 
0.250000 0.250000 0.250000 0.250000 
   2
0.594076 0.005363 0.046210 
0.361128 0.989042 0.462022 
0.044796 0.005595 0.491768 
0.007693 0.007693 0.007693 0.976921 
0.250000 0.250000 0.250000 0.250000 
   3
0.594076 0.005363 0.046210 
0.361128 0.989042 0.462022 
0.044796 0.005595 0.491768 
0.007693 0.976921 0.007693 0.007693 
0.250000 0.250000 0.250000 0.250000 
   4
0.594076 0.005363 0.046210 
0.361128 0.989042 0.462022 
0.044796 0.005595 0.491768 
0.976921 0.007693 0.007693 0.007693 
0.250000 0.250000 0.250000 0.250000 
   5
0.583662 0.005363 0.046210 
0.371542 0.989042 0.462022 
0.045267 0.005589 0.491768 
0.975805 0.008820 0.007687 0.007687 
0.250000 0.250000 0.250000 0.250000 
   6
0.589804 0.005357 0.046210 
0.364928 0.989055 0.462022 
0.045267 0.005589 0.491768 
0.008989 0.975650 0.007681 0.007681 
0.250000 0.250000 0.250000 0.250000 
   7
0.589804 0.005357 0.046210 
0.364928 0.989055 0.462022 
0.045267 0.005589 0.491768 
0.976958 0.007681 0.007681 0.007681 
0.250000 0.250000 0.250000 0.250000 
   8
0.589804 0.005357 0.046210 
0.364928 0.989055 0.462022 
0.045267 0.005589 0.491768 
0.009914 0.007681 0.974725 0.007681 
0.250000 0.250000 0.250000 0.250000 
   9
0.583450 0.005357 0.046210 
0.371283 0.989055 0.462022 
0.045557 0.005585 0.491768 
0.007679 0.007679 0.020703 0.963939 
0.250000 0.250000 0.250000 0.250000 
  10
0.578086 0.005353 0.046210 
0.376357 0.989062 0.462022 
0.045975 0.005580 0.491768 
0.974181 0.010494 0.007663 0.007663 
0.250000 0.250000 0.250000 0.250000 
  11
0.577163 0.005348 0.046210 
0.376862 0.989072 0.462022 
0.046263 0.005576 0.491768 
0.007675 0.007675 0.010206 0.974443 
0.250000 0.250000 0.250000 0.250000 
  12
0.580781 0.005345 0.046210 
0.372956 0.989079 0.462022 
0.046263 0.005576 0.491768 
0.007655 0.007655 0.975108 0.009581 
0.250000 0.250000 0.250000 0.250000 
  13
0.580781 0.005345 0.046210 
0.372956 0.989079 0.462022 
0.046263 0.005576 0.491768 
0.975627 0.007662 0.007662 0.009050 
0.250000 0.250000 0.250000 0.250000 
  14
0.540461 0.005345 0.046210 
0.413275 0.989079 0.462022 
0.048207 0.005553 0.491768 
0.007623 0.007623 0.008678 0.976076 
0.250000 0.250000 0.250000 0.250000 
  15
0.549478 0.005323 0.046210 
0.402315 0.989124 0.462022 
0.048876 0.005546 0.491768 
0.007595 0.007595 0.007595 0.977216 
0.250000 0.250000 0.250000 0.250000 
  16
0.557105 0.005316 0.046210 
0.394019 0.989139 0.462022 
0.048876 0.005546 0.491768 
0.007595 0.977216 0.007595 0.007595 
0.250000 0.250000 0.250000 0.250000 
  17
0.557105 0.005316 0.046210 
0.394019 0.989139 0.462022 
0.048876 0.005546 0.491768 
0.007595 0.007595 0.977216 0.007595 
0.250000 0.250000 0.250000 0.250000 
  18
0.557105 0.005316 0.046210 
0.394019 0.989139 0.462022 
0.048876 0.005546 0.491768 
0.007595 0.007595 0.042532 0.942279 
0.250000 0.250000 0.250000 0.250000 
  19
0.551742 0.005316 0.046210 
0.399382 0.989139 0.462022 
0.049140 0.005543 0.491768 
0.007589 0.008598 0.010135 0.973677 
0.250000 0.250000 0.250000 0.250000 
  20
0.554717 0.005313 0.046210 
0.396144 0.989144 0.462022 
0.049140 0.005543 0.491768 
0.007589 0.007589 0.007589 0.977233 
0.250000 0.250000 0.250000 0.250000 
  21
0.554717 0.005313 0.046210 
0.396144 0.989144 0.462022 
0.049140 0.005543 0.491768 
0.010135 0.973147 0.007589 0.009129 
0.250000 0.250000 0.250000 0.250000 
  22
0.549612 0.005313 0.046210 
0.401248 0.989144 0.462022 
0.049392 0.005540 0.491768 
0.969244 0.014539 0.007584 0.008633 
0.250000 0.250000 0.250000 0.250000 
  23
0.552432 0.005310 0.046210 
0.398176 0.989149 0.462022 
0.049392 0.005540 0.491768 
0.009122 0.975710 0.007584 0.007584 
0.250000 0.250000 0.250000 0.250000 
  24
0.552432 0.005310 0.046210 
0.398176 0.989149 0.462022 
0.049392 0.005540 0.491768 
0.007584 0.007584 0.977249 0.007584 
0.250000 0.250000 0.250000 0.250000 
  25
0.552432 0.005310 0.046210 
0.398176 0.989149 0.462022 
0.049392 0.005540 0.491768 
0.007584 0.007584 0.010024 0.974809 
0.250000 0.250000 0.250000 0.250000 
  26
0.552432 0.005310 0.046210 
0.398176 0.989149 0.462022 
0.049392 0.005540 0.491768 
0.972795 0.010524 0.007584 0.009098 
0.250000 0.250000 0.250000 0.250000 
  27
0.524963 0.005310 0.046210 
0.425645 0.989149 0.462022 
0.050787 0.005526 0.491768 
0.007555 0.007555 0.977335 0.007555 
0.250000 0.250000 0.250000 0.250000 
  28
0.539791 0.005297 0.046210 
0.409423 0.989178 0.462022 
0.050787 0.005526 0.491768 
0.972836 0.008473 0.007555 0.011136 
0.250000 0.250000 0.250000 0.250000 
  29
0.539791 0.005297 0.046210 
0.409423 0.989178 0.462022 
0.050787 0.005526 0.491768 
0.007555 0.007555 0.009786 0.975104 
0.250000 0.250000 0.250000 0.250000 
  30
0.539791 0.005297 0.046210 
0.409423 0.989178 0.462022 
0.050787 0.005526 0.491768 
0.007560 0.007560 0.009144 0.975735 
0.250000 0.250000 0.250000 0.250000 
  31
0.530636 0.005297 0.046210 
0.418577 0.989178 0.462022 
0.051256 0.005521 0.491768 
0.007546 0.007546 0.976356 0.008553 
0.250000 0.250000 0.250000 0.250000 
  32
0.535539 0.005292 0.046210 
0.413205 0.989187 0.462022 
0.051256 0.005521 0.491768 
0.007546 0.007546 0.007546 0.977363 
0.250000 0.250000 0.250000 0.250000 
  33
0.535539 0.005292 0.046210 
0.413205 0.989187 0.462022 
0.051256 0.005521 0.491768 
0.971805 0.007546 0.013103 0.007546 
0.250000 0.250000 0.250000 0.250000 
  34
0.535539 0.005292 0.046210 
0.413205 0.989187 0.462022 
0.051256 0.005521 0.491768 
0.008774 0.007546 0.051328 0.932353 
0.250000 0.250000 0.250000 0.250000 
  35
0.535539 0.005292 0.046210 
0.413205 0.989187 0.462022 
0.051256 0.005521 0.491768 
0.008647 0.976262 0.007546 0.007546 
0.250000 0.250000 0.250000 0.250000 
  36
0.535539 0.005292 0.046210 
0.413205 0.989187 0.462022 
0.051256 0.005521 0.491768 
0.007551 0.007551 0.014714 0.970184 
0.250000 0.250000 0.250000 0.250000 
  37
0.535539 0.005292 0.046210 
0.413205 0.989187 0.462022 
0.051256 0.005521 0.491768 
0.008715 0.007546 0.973743 0.009996 
0.250000 0.250000 0.250000 0.250000 
  38
0.535539 0.005292 0.046210 
0.413205 0.989187 0.462022 
0.051256 0.005521 0.491768 
0.008624 0.007546 0.007546 0.976284 
0.250000 0.250000 0.250000 0.250000 
  39
0.535539 0.005292 0.046210 
0.413205 0.989187 0.462022 
0.051256 0.005521 0.491768 
0.031011 0.953897 0.007546 0.007546 
0.250000 0.250000 0.250000 0.250000 
  40
0.535539 0.005292 0.046210 
0.413205 0.989187 0.462022 
0.051256 0.005521 0.491768 
0.015396 0.969512 0.007546 0.007546 
0.250000 0.250000 0.250000 0.250000 
  41
0.535539 0.005292 0.046210 
0.413205 0.989187 0.462022 
0.051256 0.005521 0.491768 
0.007546 0.008680 0.010495 0.973280 
0.250000 0.250000 0.250000 0.250000 
  42
0.535539 0.005292 0.046210 
0.413205 0.989187 0.462022 
0.051256 0.005521 0.491768 
0.007546 0.007546 0.007546 0.977363 
0.250000 0.250000 0.250000 0.250000 
  43
0.535539 0.005292 0.046210 
0.413205 0.989187 0.462022 
0.051256 0.005521 0.491768 
0.007546 0.011441 0.008874 0.972139 
0.250000 0.250000 0.250000 0.250000 
  44
0.535539 0.005292 0.046210 
0.413205 0.989187 0.462022 
0.051256 0.005521 0.491768 
0.008684 0.007546 0.007546 0.976225 
0.250000 0.250000 0.250000 0.250000 
  45
0.535539 0.005292 0.046210 
0.413205 0.989187 0.462022 
0.051256 0.005521 0.491768 
0.007546 0.007546 0.974357 0.010552 
0.250000 0.250000 0.250000 0.250000 
  46
0.535539 0.005292 0.046210 
0.413205 0.989187 0.462022 
0.051256 0.005521 0.491768 
0.010610 0.972348 0.007546 0.009497 
0.250000 0.250000 0.250000 0.250000 
  47
0.535539 0.005292 0.046210 
0.413205 0.989187 0.462022 
0.051256 0.005521 0.491768 
0.007546 0.007546 0.977363 0.007546 
0.250000 0.250000 0.250000 0.250000 
  48
0.535539 0.005292 0.046210 
0.413205 0.989187 0.462022 
0.051256 0.005521 0.491768 
0.007546 0.008544 0.012316 0.971594 
0.250000 0.250000 0.250000 0.250000 
  49
0.434520 0.005292 0.046210 
0.514224 0.989187 0.462022 
0.057016 0.005470 0.491768 
0.007446 0.007446 0.977663 0.007446 
0.250000 0.250000 0.250000 0.250000 
  50
0.483347 0.005244 0.046210 
0.459637 0.989286 0.462022 
0.057016 0.005470 0.491768 
0.976571 0.008538 0.007446 0.007446 
0.250000 0.250000 0.250000 0.250000 
  51
0.483347 0.005244 0.046210 
0.459637 0.989286 0.462022 
0.057016 0.005470 0.491768 
0.974067 0.011025 0.007454 0.007454 
0.250000 0.250000 0.250000 0.250000 
  52
0.476561 0.005244 0.046210 
0.466423 0.989286 0.462022 
0.057405 0.005467 0.491768 
0.973251 0.007440 0.011870 0.007440 
0.250000 0.250000 0.250000 0.250000 
  53
0.479817 0.005241 0.046210 
0.462778 0.989292 0.462022 
0.057405 0.005467 0.491768 
0.977681 0.007440 0.007440 0.007440 
0.250000 0.250000 0.250000 0.250000 
  54
0.479817 0.005241 0.046210 
0.462778 0.989292 0.462022 
0.057405 0.005467 0.491768 
0.975403 0.009717 0.007440 0.007440 
0.250000 0.250000 0.250000 0.250000 
  55
0.479817 0.005241 0.046210 
0.462778 0.989292 0.462022 
0.057405 0.005467 0.491768 
0.075311 0.007440 0.902235 0.015015 
0.250000 0.250000 0.250000 0.250000 
  56
0.479817 0.005241 0.046210 
0.462778 0.989292 0.462022 
0.057405 0.005467 0.491768 
0.008412 0.007440 0.008750 0.975398 
0.250000 0.250000 0.250000 0.250000 
  57
0.479817 0.005241 0.046210 
0.462778 0.989292 0.462022 
0.057405 0.005467 0.491768 
0.007440 0.007440 0.010971 0.974150 
0.250000 0.250000 0.250000 0.250000 
  58
0.479817 0.005241 0.046210 
0.462778 0.989292 0.462022 
0.057405 0.005467 0.491768 
0.007440 0.007440 0.976617 0.008504 
0.250000 0.250000 0.250000 0.250000 
  59
0.479817 0.005241 0.046210 
0.462778 0.989292 0.462022 
0.057405 0.005467 0.491768 
0.007440 0.007440 0.977681 0.007440 
0.250000 0.250000 0.250000 0.250000 
  60
0.479817 0.005241 0.046210 
0.462778 0.989292 0.462022 
0.057405 0.005467 0.491768 
0.007440 0.007440 0.009142 0.975979 
0.250000 0.250000 0.250000 0.250000 
  61
0.479817 0.005241 0.046210 
0.462778 0.989292 0.462022 
0.057405 0.005467 0.491768 
0.007440 0.977681 0.007440 0.007440 
0.250000 0.250000 0.250000 0.250000 
  62
0.479817 0.005241 0.046210 
0.462778 0.989292 0.462022 
0.057405 0.005467 0.491768 
0.013050 0.972071 0.007440 0.007440 
0.250000 0.250000 0.250000 0.250000 
  63
0.479817 0.005241 0.046210 
0.462778 0.989292 0.462022 
0.057405 0.005467 0.491768 
0.974043 0.011077 0.007440 0.007440 
0.250000 0.250000 0.250000 0.250000 
  64
0.479817 0.005241 0.046210 
0.462778 0.989292 0.462022 
0.057405 0.005467 0.491768 
0.976669 0.008451 0.007440 0.007440 
0.250000 0.250000 0.250000 0.250000 
  65
0.479817 0.005241 0.046210 
0.462778 0.989292 0.462022 
0.057405 0.005467 0.491768 
0.975934 0.009186 0.007440 0.007440 
0.250000 0.250000 0.250000 0.250000 
  66
0.479817 0.005241 0.046210 
0.462778 0.989292 0.462022 
0.057405 0.005467 0.491768 
0.007440 0.007440 0.007440 0.977681 
0.250000 0.250000 0.250000 0.250000 
  67
0.479817 0.005241 0.046210 
0.462778 0.989292 0.462022 
0.057405 0.005467 0.491768 
0.007440 0.975141 0.007440 0.009980 
0.250000 0.250000 0.250000 0.250000 
  68
0.479817 0.005241 0.046210 
0.462778 0.989292 0.462022 
0.057405 0.005467 0.491768 
0.976598 0.008523 0.007440 0.007440 
0.250000 0.250000 0.250000 0.250000 
  69
0.479817 0.005241 0.046210 
0.462778 0.989292 0.462022 
0.057405 0.005467 0.491768 
0.007440 0.007440 0.977681 0.007440 
0.250000 0.250000 0.250000 0.250000 
  70
0.479817 0.005241 0.046210 
0.462778 0.989292 0.462022 
0.057405 0.005467 0.491768 
0.975505 0.008660 0.008396 0.007440 
0.250000 0.250000 0.250000 0.250000 
  71
0.479817 0.005241 0.046210 
0.462778 0.989292 0.462022 
0.057405 0.005467 0.491768 
0.975482 0.009639 0.007440 0.007440 
0.250000 0.250000 0.250000 0.250000 
  72
0.479817 0.005241 0.046210 
0.462778 0.989292 0.462022 
0.057405 0.005467 0.491768 
0.007440 0.007440 0.168606 0.816514 
0.250000 0.250000 0.250000 0.250000 
  73
0.479817 0.005241 0.046210 
0.462778 0.989292 0.462022 
0.057405 0.005467 0.491768 
0.977681 0.007440 0.007440 0.007440 
0.250000 0.250000 0.250000 0.250000 
  74
0.479817 0.005241 0.046210 
0.462778 0.989292 0.462022 
0.057405 0.005467 0.491768 
0.008435 0.976686 0.007440 0.007440 
0.250000 0.250000 0.250000 0.250000 
  75
0.479817 0.005241 0.046210 
0.462778 0.989292 0.462022 
0.057405 0.005467 0.491768 
0.007440 0.007440 0.976293 0.008828 
0.250000 0.250000 0.250000 0.250000 
  76
0.479817 0.005241 0.046210 
0.462778 0.989292 0.462022 
0.057405 0.005467 0.491768 
0.977681 0.007440 0.007440 0.007440 
0.250000 0.250000 0.250000 0.250000 
  77
0.479817 0.005241 0.046210 
0.462778 0.989292 0.462022 
0.057405 0.005467 0.491768 
0.009074 0.007446 0.952266 0.031213 
0.250000 0.250000 0.250000 0.250000 
  78
0.479817 0.005241 0.046210 
0.462778 0.989292 0.462022 
0.057405 0.005467 0.491768 
0.010663 0.973050 0.007440 0.008847 
0.250000 0.250000 0.250000 0.250000 
  79
0.479817 0.005241 0.046210 
0.462778 0.989292 0.462022 
0.057405 0.005467 0.491768 
0.007440 0.977681 0.007440 0.007440 
0.250000 0.250000 0.250000 0.250000 
  80
0.479817 0.005241 0.046210 
0.462778 0.989292 0.462022 
0.057405 0.005467 0.491768 
0.007440 0.007440 0.977681 0.007440 
0.250000 0.250000 0.250000 0.250000 
  81
0.479817 0.005241 0.046210 
0.462778 0.989292 0.462022 
0.057405 0.005467 0.491768 
0.967715 0.016212 0.007440 0.008633 
0.250000 0.250000 0.250000 0.250000 
  82
0.479817 0.005241 0.046210 
0.462778 0.989292 0.462022 
0.057405 0.005467 0.491768 
0.975302 0.009819 0.007440 0.007440 
0.250000 0.250000 0.250000 0.250000 
  83
0.479817 0.005241 0.046210 
0.462778 0.989292 0.462022 
0.057405 0.005467 0.491768 
0.007440 0.007440 0.973908 0.011213 
0.250000 0.250000 0.250000 0.250000 
  84
0.479817 0.005241 0.046210 
0.462778 0.989292 0.462022 
0.057405 0.005467 0.491768 
0.008423 0.976697 0.007440 0.007440 
0.250000 0.250000 0.250000 0.250000 
  85
0.479817 0.005241 0.046210 
0.462778 0.989292 0.462022 
0.057405 0.005467 0.491768 
0.007440 0.007440 0.976583 0.008538 
0.250000 0.250000 0.250000 0.250000 
  86
0.479817 0.005241 0.046210 
0.462778 0.989292 0.462022 
0.057405 0.005467 0.491768 
0.007440 0.007440 0.007440 0.977681 
0.250000 0.250000 0.250000 0.250000 
  87
0.479817 0.005241 0.046210 
0.462778 0.989292 0.462022 
0.057405 0.005467 0.491768 
0.011247 0.972203 0.007440 0.009110 
0.250000 0.250000 0.250000 0.250000 
  88
0.479817 0.005241 0.046210 
0.462778 0.989292 0.462022 
0.057405 0.005467 0.491768 
0.007440 0.007440 0.007440 0.977681 
0.250000 0.250000 0.250000 0.250000 
  89
0.479817 0.005241 0.046210 
0.462778 0.989292 0.462022 
0.057405 0.005467 0.491768 
0.007440 0.977681 0.007440 0.007440 
0.250000 0.250000 0.250000 0.250000 
  90
0.479817 0.005241 0.046210 
0.462778 0.989292 0.462022 
0.057405 0.005467 0.491768 
0.007440 0.007440 0.976072 0.009049 
0.250000 0.250000 0.250000 0.250000 
  91
0.479817 0.005241 0.046210 
0.462778 0.989292 0.462022 
0.057405 0.005467 0.491768 
0.008663 0.007440 0.976457 0.007440 
0.250000 0.250000 0.250000 0.250000 
  92
0.479817 0.005241 0.046210 
0.462778 0.989292 0.462022 
0.057405 0.005467 0.491768 
0.007440 0.007440 0.007440 0.977681 
0.250000 0.250000 0.250000 0.250000 
  93
0.479817 0.005241 0.046210 
0.462778 0.989292 0.462022 
0.057405 0.005467 0.491768 
0.007440 0.011562 0.011953 0.969045 
0.250000 0.250000 0.250000 0.250000 
  94
0.479817 0.005241 0.046210 
0.462778 0.989292 0.462022 
0.057405 0.005467 0.491768 
0.007440 0.977681 0.007440 0.007440 
0.250000 0.250000 0.250000 0.250000 
  95
0.479817 0.005241 0.046210 
0.462778 0.989292 0.462022 
0.057405 0.005467 0.491768 
0.007440 0.977681 0.007440 0.007440 
0.250000 0.250000 0.250000 0.250000 
  96
0.479817 0.005241 0.046210 
0.462778 0.989292 0.462022 
0.057405 0.005467 0.491768 
0.010839 0.972490 0.008333 0.008338 
0.250000 0.250000 0.250000 0.250000 
  97
0.479817 0.005241 0.046210 
0.462778 0.989292 0.462022 
0.057405 0.005467 0.491768 
0.007440 0.007440 0.977681 0.007440 
0.250000 0.250000 0.250000 0.250000 
  98
0.479817 0.005241 0.046210 
0.462778 0.989292 0.462022 
0.057405 0.005467 0.491768 
0.977681 0.007440 0.007440 0.007440 
0.250000 0.250000 0.250000 0.250000 
  99
0.479817 0.005241 0.046210 
0.462778 0.989292 0.462022 
0.057405 0.005467 0.491768 
0.007440 0.007440 0.973648 0.011473 
0.250000 0.250000 0.250000 0.250000 
 100
0.479817 0.005241 0.046210 
0.462778 0.989292 0.462022 
0.057405 0.005467 0.491768 
0.007440 0.007440 0.977681 0.007440 
0.250000 0.250000 0.250000 0.250000 
 101
0.479817 0.005241 0.046210 
0.462778 0.989292 0.462022 
0.057405 0.005467 0.491768 
0.977660 0.007447 0.007447 0.007447 
0.250000 0.250000 0.250000 0.250000 
 102
0.479817 0.005241 0.046210 
0.462778 0.989292 0.462022 
0.057405 0.005467 0.491768 
0.007440 0.007440 0.008482 0.976638 
0.250000 0.250000 0.250000 0.250000 
 103
0.479817 0.005241 0.046210 
0.462778 0.989292 0.462022 
0.057405 0.005467 0.491768 
0.007440 0.977681 0.007440 0.007440 
0.250000 0.250000 0.250000 0.250000 
 104
0.479817 0.005241 0.046210 
0.462778 0.989292 0.462022 
0.057405 0.005467 0.491768 
0.007440 0.007440 0.977681 0.007440 
0.250000 0.250000 0.250000 0.250000 
 105
0.479817 0.005241 0.046210 
0.462778 0.989292 0.462022 
0.057405 0.005467 0.491768 
0.977681 0.007440 0.007440 0.007440 
0.250000 0.250000 0.250000 0.250000 
 106
0.479817 0.005241 0.046210 
0.462778 0.989292 0.462022 
0.057405 0.005467 0.491768 
0.008727 0.976394 0.007440 0.007440 
0.250000 0.250000 0.250000 0.250000 
 107
0.479817 0.005241 0.046210 
0.462778 0.989292 0.462022 
0.057405 0.005467 0.491768 
0.007440 0.007440 0.007440 0.977681 
0.250000 0.250000 0.250000 0.250000 
 108
0.479817 0.005241 0.046210 
0.462778 0.989292 0.462022 
0.057405 0.005467 0.491768 
0.969371 0.015750 0.007440 0.007440 
0.250000 0.250000 0.250000 0.250000 
 109
0.479817 0.005241 0.046210 
0.462778 0.989292 0.462022 
0.057405 0.005467 0.491768 
0.007440 0.007440 0.977681 0.007440 
0.250000 0.250000 0.250000 0.250000 
 110
0.479817 0.005241 0.046210 
0.462778 0.989292 0.462022 
0.057405 0.005467 0.491768 
0.007440 0.007440 0.977681 0.007440 
0.250000 0.250000 0.250000 0.250000 
 111
0.479817 0.005241 0.046210 
0.462778 0.989292 0.462022 
0.057405 0.005467 0.491768 
0.976644 0.008476 0.007440 0.007440 
0.250000 0.250000 0.250000 0.250000 
 112
0.479817 0.005241 0.046210 
0.462778 0.989292 0.462022 
0.057405 0.005467 0.491768 
0.977681 0.007440 0.007440 0.007440 
0.250000 0.250000 0.250000 0.250000 
 113
0.479817 0.005241 0.046210 
0.462778 0.989292 0.462022 
0.057405 0.005467 0.491768 
0.977681 0.007440 0.007440 0.007440 
0.250000 0.250000 0.250000 0.250000 
 114
0.479817 0.005241 0.046210 
0.462778 0.989292 0.462022 
0.057405 0.005467 0.491768 
0.008471 0.007440 0.964911 0.019179 
0.250000 0.250000 0.250000 0.250000 
 115
0.479817 0.005241 0.046210 
0.462778 0.989292 0.462022 
0.057405 0.005467 0.491768 
0.007440 0.977681 0.007440 0.007440 
0.250000 0.250000 0.250000 0.250000 
 116
0.479817 0.005241 0.046210 
0.462778 0.989292 0.462022 
0.057405 0.005467 0.491768 
0.007440 0.977681 0.007440 0.007440 
0.250000 0.250000 0.250000 0.250000 
 117
0.479817 0.005241 0.046210 
0.462778 0.989292 0.462022 
0.057405 0.005467 0.491768 
0.976078 0.009026 0.007448 0.007448 
0.250000 0.250000 0.250000 0.250000 
 118
0.479817 0.005241 0.046210 
0.462778 0.989292 0.462022 
0.057405 0.005467 0.491768 
0.977681 0.007440 0.007440 0.007440 
0.250000 0.250000 0.250000 0.250000 
 119
0.479817 0.005241 0.046210 
0.462778 0.989292 0.462022 
0.057405 0.005467 0.491768 
0.007440 0.007440 0.976345 0.008776 
0.250000 0.250000 0.250000 0.250000 
 120
0.479817 0.005241 0.046210 
0.462778 0.989292 0.462022 
0.057405 0.005467 0.491768 
0.009627 0.974500 0.007440 0.008433 
0.250000 0.250000 0.250000 0.250000 
 121
0.479817 0.005241 0.046210 
0.462778 0.989292 0.462022 
0.057405 0.005467 0.491768 
0.971442 0.013678 0.007440 0.007440 
0.250000 0.250000 0.250000 0.250000 
 122
0.479817 0.005241 0.046210 
0.462778 0.989292 0.462022 
0.057405 0.005467 0.491768 
0.007440 0.007440 0.007440 0.977681 
0.250000 0.250000 0.250000 0.250000 
 123
0.479817 0.005241 0.046210 
0.462778 0.989292 0.462022 
0.057405 0.005467 0.491768 
0.968069 0.017040 0.007446 0.007446 
0.250000 0.250000 0.250000 0.250000 
 124
0.479817 0.005241 0.046210 
0.462778 0.989292 0.462022 
0.057405 0.005467 0.491768 
0.007440 0.977681 0.007440 0.007440 
0.250000 0.250000 0.250000 0.250000 
 125
0.479817 0.005241 0.046210 
0.462778 0.989292 0.462022 
0.057405 0.005467 0.491768 
0.007440 0.007440 0.007440 0.977681 
0.250000 0.250000 0.250000 0.250000 
 126
0.479817 0.005241 0.046210 
0.462778 0.989292 0.462022 
0.057405 0.005467 0.491768 
0.008622 0.976499 0.007440 0.007440 
0.250000 0.250000 0.250000 0.250000 
 127
0.479817 0.005241 0.046210 
0.462778 0.989292 0.462022 
0.057405 0.005467 0.491768 
0.977681 0.007440 0.007440 0.007440 
0.250000 0.250000 0.250000 0.250000 
 128
0.479817 0.005241 0.046210 
0.462778 0.989292 0.462022 
0.057405 0.005467 0.491768 
0.977681 0.007440 0.007440 0.007440 
0.250000 0.250000 0.250000 0.250000 
 129
0.479817 0.005241 0.046210 
0.462778 0.989292 0.462022 
0.057405 0.005467 0.491768 
0.975592 0.008418 0.008545 0.007445 
0.250000 0.250000 0.250000 0.250000 
 130
0.479817 0.005241 0.046210 
0.462778 0.989292 0.462022 
0.057405 0.005467 0.491768 
0.977681 0.007440 0.007440 0.007440 
0.250000 0.250000 0.250000 0.250000 
 131
0.479817 0.005241 0.046210 
0.462778 0.989292 0.462022 
0.057405 0.005467 0.491768 
0.007440 0.007440 0.977681 0.007440 
0.250000 0.250000 0.250000 0.250000 
 132
0.479817 0.005241 0.046210 
0.462778 0.989292 0.462022 
0.057405 0.005467 0.491768 
0.975484 0.009637 0.007440 0.007440 
0.250000 0.250000 0.250000 0.250000 
 133
0.479817 0.005241 0.046210 
0.462778 0.989292 0.462022 
0.057405 0.005467 0.491768 
0.977681 0.007440 0.007440 0.007440 
0.250000 0.250000 0.250000 0.250000 
 134
0.479817 0.005241 0.046210 
0.462778 0.989292 0.462022 
0.057405 0.005467 0.491768 
0.007440 0.007440 0.007440 0.977681 
0.250000 0.250000 0.250000 0.250000 
 135
0.479817 0.005241 0.046210 
0.462778 0.989292 0.462022 
0.057405 0.005467 0.491768 
0.008866 0.007440 0.976255 0.007440 
0.250000 0.250000 0.250000 0.250000 
 136
0.479817 0.005241 0.046210 
0.462778 0.989292 0.462022 
0.057405 0.005467 0.491768 
0.976196 0.008925 0.007440 0.007440 
0.250000 0.250000 0.250000 0.250000 
 137
0.479817 0.005241 0.046210 
0.462778 0.989292 0.462022 
0.057405 0.005467 0.491768 
0.007440 0.007440 0.976219 0.008901 
0.250000 0.250000 0.250000 0.250000 
 138
0.479817 0.005241 0.046210 
0.462778 0.989292 0.462022 
0.057405 0.005467 0.491768 
0.013514 0.965570 0.007440 0.013477 
0.250000 0.250000 0.250000 0.250000 
 139
0.479817 0.005241 0.046210 
0.462778 0.989292 0.462022 
0.057405 0.005467 0.491768 
0.976273 0.007440 0.008847 0.007440 
0.250000 0.250000 0.250000 0.250000 
 140
0.479817 0.005241 0.046210 
0.462778 0.989292 0.462022 
0.057405 0.005467 0.491768 
0.972691 0.012430 0.007440 0.007440 
0.250000 0.250000 0.250000 0.250000 
 141
0.479817 0.005241 0.046210 
0.462778 0.989292 0.462022 
0.057405 0.005467 0.491768 
0.007440 0.007440 0.007440 0.977681 
0.250000 0.250000 0.250000 0.250000 
 142
0.479817 0.005241 0.046210 
0.462778 0.989292 0.462022 
0.057405 0.005467 0.491768 
0.007440 0.977681 0.007440 0.007440 
0.250000 0.250000 0.250000 0.250000 
 143
0.479817 0.005241 0.046210 
0.462778 0.989292 0.462022 
0.057405 0.005467 0.491768 
0.977681 0.007440 0.007440 0.007440 
0.250000 0.250000 0.250000 0.250000 
 144
0.479817 0.005241 0.046210 
0.462778 0.989292 0.462022 
0.057405 0.005467 0.491768 
0.007440 0.007440 0.975696 0.009424 
0.250000 0.250000 0.250000 0.250000 
 145
0.479817 0.005241 0.046210 
0.462778 0.989292 0.462022 
0.057405 0.005467 0.491768 
0.009009 0.007440 0.976112 0.007440 
0.250000 0.250000 0.250000 0.250000 
 146
0.479817 0.005241 0.046210 
0.462778 0.989292 0.462022 
0.057405 0.005467 0.491768 
0.187229 0.797892 0.007440 0.007440 
0.250000 0.250000 0.250000 0.250000 
 147
0.479817 0.005241 0.046210 
0.462778 0.989292 0.462022 
0.057405 0.005467 0.491768 
0.973082 0.012039 0.007440 0.007440 
0.250000 0.250000 0.250000 0.250000 
 148
0.479817 0.005241 0.046210 
0.462778 0.989292 0.462022 
0.057405 0.005467 0.491768 
0.975641 0.009479 0.007440 0.007440 
0.250000 0.250000 0.250000 0.250000 
 149
0.479817 0.005241 0.046210 
0.462778 0.989292 0.462022 
0.057405 0.005467 0.491768 
0.007440 0.007440 0.008429 0.976692 
0.250000 0.250000 0.250000 0.250000 
 150
0.479817 0.005241 0.046210 
0.462778 0.989292 0.462022 
0.057405 0.005467 0.491768 
0.007440 0.007440 0.008475 0.976646 
0.250000 0.250000 0.250000 0.250000 
 151
0.479817 0.005241 0.046210 
0.462778 0.989292 0.462022 
0.057405 0.005467 0.491768 
0.007440 0.977681 0.007440 0.007440 
0.250000 0.250000 0.250000 0.250000 
 152
0.479817 0.005241 0.046210 
0.462778 0.989292 0.462022 
0.057405 0.005467 0.491768 
0.977681 0.007440 0.007440 0.007440 
0.250000 0.250000 0.250000 0.250000 
 153
0.479817 0.005241 0.046210 
0.462778 0.989292 0.462022 
0.057405 0.005467 0.491768 
0.976430 0.008691 0.007440 0.007440 
0.250000 0.250000 0.250000 0.250000 
 154
0.479817 0.005241 0.046210 
0.462778 0.989292 0.462022 
0.057405 0.005467 0.491768 
0.007440 0.977681 0.007440 0.007440 
0.250000 0.250000 0.250000 0.250000 
 155
0.479817 0.005241 0.046210 
0.462778 0.989292 0.462022 
0.057405 0.005467 0.491768 
0.007440 0.007440 0.007440 0.977681 
0.250000 0.250000 0.250000 0.250000 
 156
0.479817 0.005241 0.046210 
0.462778 0.989292 0.462022 
0.057405 0.005467 0.491768 
0.007440 0.007440 0.007440 0.977681 
0.250000 0.250000 0.250000 0.250000 
 157
0.479817 0.005241 0.046210 
0.462778 0.989292 0.462022 
0.057405 0.005467 0.491768 
0.977681 0.007440 0.007440 0.007440 
0.250000 0.250000 0.250000 0.250000 
 158
0.479817 0.005241 0.046210 
0.462778 0.989292 0.462022 
0.057405 0.005467 0.491768 
0.007440 0.007440 0.977681 0.007440 
0.250000 0.250000 0.250000 0.250000 
 159
0.479817 0.005241 0.046210 
0.462778 0.989292 0.462022 
0.057405 0.005467 0.491768 
0.007440 0.007440 0.011758 0.973363 
0.250000 0.250000 0.250000 0.250000 
 160
0.479817 0.005241 0.046210 
0.462778 0.989292 0.462022 
0.057405 0.005467 0.491768 
0.977681 0.007440 0.007440 0.007440 
0.250000 0.250000 0.250000 0.250000 
 161
0.479817 0.005241 0.046210 
0.462778 0.989292 0.462022 
0.057405 0.005467 0.491768 
0.977681 0.007440 0.007440 0.007440 
0.250000 0.250000 0.250000 0.250000 
 162
0.479817 0.005241 0.046210 
0.462778 0.989292 0.462022 
0.057405 0.005467 0.491768 
0.007440 0.007440 0.013363 0.971758 
0.250000 0.250000 0.250000 0.250000 
 163
0.479817 0.005241 0.046210 
0.462778 0.989292 0.462022 
0.057405 0.005467 0.491768 
0.007440 0.977681 0.007440 0.007440 
0.250000 0.250000 0.250000 0.250000 
 164
0.479817 0.005241 0.046210 
0.462778 0.989292 0.462022 
0.057405 0.005467 0.491768 
0.007440 0.007440 0.977681 0.007440 
0.250000 0.250000 0.250000 0.250000 
 165
0.479817 0.005241 0.046210 
0.462778 0.989292 0.462022 
0.057405 0.005467 0.491768 
0.008719 0.007440 0.013274 0.970567 
0.250000 0.250000 0.250000 0.250000 
 166
0.479817 0.005241 0.046210 
0.462778 0.989292 0.462022 
0.057405 0.005467 0.491768 
0.977681 0.007440 0.007440 0.007440 
0.250000 0.250000 0.250000 0.250000 
 167
0.479817 0.005241 0.046210 
0.462778 0.989292 0.462022 
0.057405 0.005467 0.491768 
0.007440 0.007440 0.977681 0.007440 
0.250000 0.250000 0.250000 0.250000 
 168
0.479817 0.005241 0.046210 
0.462778 0.989292 0.462022 
0.057405 0.005467 0.491768 
0.009484 0.010972 0.008653 0.970891 
0.250000 0.250000 0.250000 0.250000 
 169
0.479817 0.005241 0.046210 
0.462778 0.989292 0.462022 
0.057405 0.005467 0.491768 
0.007440 0.977681 0.007440 0.007440 
0.250000 0.250000 0.250000 0.250000 
 170
0.479817 0.005241 0.046210 
0.462778 0.989292 0.462022 
0.057405 0.005467 0.491768 
0.977681 0.007440 0.007440 0.007440 
0.250000 0.250000 0.250000 0.250000 
 171
0.479817 0.005241 0.046210 
0.462778 0.989292 0.462022 
0.057405 0.005467 0.491768 
0.020538 0.964583 0.007440 0.007440 
0.250000 0.250000 0.250000 0.250000 
 172
0.479817 0.005241 0.046210 
0.462778 0.989292 0.462022 
0.057405 0.005467 0.491768 
0.007440 0.007440 0.976294 0.008827 
0.250000 0.250000 0.250000 0.250000 
 173
0.479817 0.005241 0.046210 
0.462778 0.989292 0.462022 
0.057405 0.005467 0.491768 
0.007440 0.007440 0.007440 0.977681 
0.250000 0.250000 0.250000 0.250000 
 174
0.479817 0.005241 0.046210 
0.462778 0.989292 0.462022 
0.057405 0.005467 0.491768 
0.010447 0.973703 0.007440 0.008410 
0.250000 0.250000 0.250000 0.250000 
 175
0.479817 0.005241 0.046210 
0.462778 0.989292 0.462022 
0.057405 0.005467 0.491768 
0.007440 0.977681 0.007440 0.007440 
0.250000 0.250000 0.250000 0.250000 
 176
0.479817 0.005241 0.046210 
0.462778 0.989292 0.462022 
0.057405 0.005467 0.491768 
0.007440 0.007440 0.007440 0.977681 
0.250000 0.250000 0.250000 0.250000 
 177
0.479817 0.005241 0.046210 
0.462778 0.989292 0.462022 
0.057405 0.005467 0.491768 
0.007440 0.007440 0.007440 0.977681 
0.250000 0.250000 0.250000 0.250000 
 178
0.479817 0.005241 0.046210 
0.462778 0.989292 0.462022 
0.057405 0.005467 0.491768 
0.007440 0.007440 0.977681 0.007440 
0.250000 0.250000 0.250000 0.250000 
 179
0.479817 0.005241 0.046210 
0.462778 0.989292 0.462022 
0.057405 0.005467 0.491768 
0.977681 0.007440 0.007440 0.007440 
0.250000 0.250000 0.250000 0.250000 
 180
0.479817 0.005241 0.046210 
0.462778 0.989292 0.462022 
0.057405 0.005467 0.491768 
0.007440 0.977681 0.007440 0.007440 
0.250000 0.250000 0.250000 0.250000 
 181
0.479817 0.005241 0.046210 
0.462778 0.989292 0.462022 
0.057405 0.005467 0.491768 
0.976508 0.008613 0.007440 0.007440 
0.250000 0.250000 0.250000 0.250000 
 182
0.479817 0.005241 0.046210 
0.462778 0.989292 0.462022 
0.057405 0.005467 0.491768 
0.975897 0.007440 0.007440 0.009223 
0.250000 0.250000 0.250000 0.250000 
 183
0.479817 0.005241 0.046210 
0.462778 0.989292 0.462022 
0.057405 0.005467 0.491768 
0.007440 0.007440 0.010470 0.974650 
0.250000 0.250000 0.250000 0.250000 
 184
0.479817 0.005241 0.046210 
0.462778 0.989292 0.462022 
0.057405 0.005467 0.491768 
0.007440 0.007440 0.007440 0.977681 
0.250000 0.250000 0.250000 0.250000 
 185
0.479817 0.005241 0.046210 
0.462778 0.989292 0.462022 
0.057405 0.005467 0.491768 
0.007440 0.007440 0.975567 0.009553 
0.250000 0.250000 0.250000 0.250000 
 186
0.479817 0.005241 0.046210 
0.462778 0.989292 0.462022 
0.057405 0.005467 0.491768 
0.008609 0.007440 0.974255 0.009697 
0.250000 0.250000 0.250000 0.250000 
 187
0.479817 0.005241 0.046210 
0.462778 0.989292 0.462022 
0.057405 0.005467 0.491768 
0.019928 0.007440 0.011863 0.960769 
0.250000 0.250000 0.250000 0.250000 
 188
0.479817 0.005241 0.046210 
0.462778 0.989292 0.462022 
0.057405 0.005467 0.491768 
0.007440 0.007440 0.977681 0.007440 
0.250000 0.250000 0.250000 0.250000 
 189
0.479817 0.005241 0.046210 
0.462778 0.989292 0.462022 
0.057405 0.005467 0.491768 
0.973547 0.011573 0.007440 0.007440 
0.250000 0.250000 0.250000 0.250000 
 190
0.479817 0.005241 0.046210 
0.462778 0.989292 0.462022 
0.057405 0.005467 0.491768 
0.976410 0.008711 0.007440 0.007440 
0.250000 0.250000 0.250000 0.250000 
 191
0.479817 0.005241 0.046210 
0.462778 0.989292 0.462022 
0.057405 0.005467 0.491768 
0.007440 0.007440 0.007440 0.977681 
0.250000 0.250000 0.250000 0.250000 
 192
0.479817 0.005241 0.046210 
0.462778 0.989292 0.462022 
0.057405 0.005467 0.491768 
0.975732 0.009389 0.007440 0.007440 
0.250000 0.250000 0.250000 0.250000 
 193
0.479817 0.005241 0.046210 
0.462778 0.989292 0.462022 
0.057405 0.005467 0.491768 
0.008439 0.976681 0.007440 0.007440 
0.250000 0.250000 0.250000 0.250000 
 194
0.479817 0.005241 0.046210 
0.462778 0.989292 0.462022 
0.057405 0.005467 0.491768 
0.008998 0.976123 0.007440 0.007440 
0.250000 0.250000 0.250000 0.250000 
 195
0.479817 0.005241 0.046210 
0.462778 0.989292 0.462022 
0.057405 0.005467 0.491768 
0.011825 0.007440 0.008409 0.972326 
0.250000 0.250000 0.250000 0.250000 
 196
0.479817 0.005241 0.046210 
0.462778 0.989292 0.462022 
0.057405 0.005467 0.491768 
0.008790 0.976330 0.007440 0.007440 
0.250000 0.250000 0.250000 0.250000 
 197
0.479817 0.005241 0.046210 
0.462778 0.989292 0.462022 
0.057405 0.005467 0.491768 
0.975575 0.009545 0.007440 0.007440 
0.250000 0.250000 0.250000 0.250000 
 198
0.479817 0.005241 0.046210 
0.462778 0.989292 0.462022 
0.057405 0.005467 0.491768 
0.976418 0.008702 0.007440 0.007440 
0.250000 0.250000 0.250000 0.250000 
 199
0.479817 0.005241 0.046210 
0.462778 0.989292 0.462022 
0.057405 0.005467 0.491768 
0.977681 0.007440 0.007440 0.007440 
0.250000 0.250000 0.250000 0.250000 
 200
0.479817 0.005241 0.046210 
0.462778 0.989292 0.462022 
0.057405 0.005467 0.491768 
0.007440 0.007440 0.007440 0.977681 
0.250000 0.250000 0.250000 0.250000 
 201
0.479817 0.005241 0.046210 
0.462778 0.989292 0.462022 
0.057405 0.005467 0.491768 
0.976392 0.008729 0.007440 0.007440 
0.250000 0.250000 0.250000 0.250000 
 202
0.479817 0.005241 0.046210 
0.462778 0.989292 0.462022 
0.057405 0.005467 0.491768 
0.007440 0.007440 0.007440 0.977681 
0.250000 0.250000 0.250000 0.250000 
 203
0.479817 0.005241 0.046210 
0.462778 0.989292 0.462022 
0.057405 0.005467 0.491768 
0.007440 0.977681 0.007440 0.007440 
0.250000 0.250000 0.250000 0.250000 
 204
0.479817 0.005241 0.046210 
0.462778 0.989292 0.462022 
0.057405 0.005467 0.491768 
0.007440 0.007440 0.975037 0.010084 
0.250000 0.250000 0.250000 0.250000 
 205
0.479817 0.005241 0.046210 
0.462778 0.989292 0.462022 
0.057405 0.005467 0.491768 
0.065830 0.919291 0.007440 0.007440 
0.250000 0.250000 0.250000 0.250000 
 206
0.479817 0.005241 0.046210 
0.462778 0.989292 0.462022 
0.057405 0.005467 0.491768 
0.973832 0.010077 0.008651 0.007440 
0.250000 0.250000 0.250000 0.250000 
 207
0.479817 0.005241 0.046210 
0.462778 0.989292 0.462022 
0.057405 0.005467 0.491768 
0.007440 0.007440 0.975690 0.009430 
0.250000 0.250000 0.250000 0.250000 
 208
0.479817 0.005241 0.046210 
0.462778 0.989292 0.462022 
0.057405 0.005467 0.491768 
0.973587 0.011534 0.007440 0.007440 
0.250000 0.250000 0.250000 0.250000 
 209
0.479817 0.005241 0.046210 
0.462778 0.989292 0.462022 
0.057405 0.005467 0.491768 
0.009669 0.975452 0.007440 0.007440 
0.250000 0.250000 0.250000 0.250000 
 210
0.479817 0.005241 0.046210 
0.462778 0.989292 0.462022 
0.057405 0.005467 0.491768 
0.007440 0.007440 0.025426 0.959695 
0.250000 0.250000 0.250000 0.250000 
 211
0.479817 0.005241 0.046210 
0.462778 0.989292 0.462022 
0.057405 0.005467 0.491768 
0.007440 0.007440 0.977681 0.007440 
0.250000 0.250000 0.250000 0.250000 
 212
0.479817 0.005241 0.046210 
0.462778 0.989292 0.462022 
0.057405 0.005467 0.491768 
0.007440 0.007440 0.977681 0.007440 
0.250000 0.250000 0.250000 0.250000 
 213
0.479817 0.005241 0.046210 
0.462778 0.989292 0.462022 
0.057405 0.005467 0.491768 
0.007440 0.007440 0.010581 0.974539 
0.250000 0.250000 0.250000 0.250000 
 214
0.479817 0.005241 0.046210 
0.462778 0.989292 0.462022 
0.057405 0.005467 0.491768 
0.007440 0.007440 0.976519 0.008601 
0.250000 0.250000 0.250000 0.250000 
 215
0.479817 0.005241 0.046210 
0.462778 0.989292 0.462022 
0.057405 0.005467 0.491768 
0.977681 0.007440 0.007440 0.007440 
0.250000 0.250000 0.250000 0.250000 
 216
0.479817 0.005241 0.046210 
0.462778 0.989292 0.462022 
0.057405 0.005467 0.491768 
0.007440 0.007440 0.007440 0.977681 
0.250000 0.250000 0.250000 0.250000 
 217
0.479817 0.005241 0.046210 
0.462778 0.989292 0.462022 
0.057405 0.005467 0.491768 
0.008764 0.007440 0.976357 0.007440 
0.250000 0.250000 0.250000 0.250000 
 218
0.479817 0.005241 0.046210 
0.462778 0.989292 0.462022 
0.057405 0.005467 0.491768 
0.977681 0.007440 0.007440 0.007440 
0.250000 0.250000 0.250000 0.250000 
 219
0.479817 0.005241 0.046210 
0.462778 0.989292 0.462022 
0.057405 0.005467 0.491768 
0.044326 0.940794 0.007440 0.007440 
0.250000 0.250000 0.250000 0.250000 
 220
0.479817 0.005241 0.046210 
0.462778 0.989292 0.462022 
0.057405 0.005467 0.491768 
0.968686 0.016435 0.007440 0.007440 
0.250000 0.250000 0.250000 0.250000 
 221
0.479817 0.005241 0.046210 
0.462778 0.989292 0.462022 
0.057405 0.005467 0.491768 
0.007440 0.007440 0.007440 0.977681 
0.250000 0.250000 0.250000 0.250000 
 222
0.479817 0.005241 0.046210 
0.462778 0.989292 0.462022 
0.057405 0.005467 0.491768 
0.007440 0.007440 0.972892 0.012228 
0.250000 0.250000 0.250000 0.250000 
 223
0.479817 0.005241 0.046210 
0.462778 0.989292 0.462022 
0.057405 0.005467 0.491768 
0.009653 0.007440 0.975468 0.007440 
0.250000 0.250000 0.250000 0.250000 
 224
0.479817 0.005241 0.046210 
0.462778 0.989292 0.462022 
0.057405 0.005467 0.491768 
0.007440 0.007440 0.007440 0.977681 
0.250000 0.250000 0.250000 0.250000 
 225
0.479817 0.005241 0.046210 
0.462778 0.989292 0.462022 
0.057405 0.005467 0.491768 
0.009382 0.007445 0.009941 0.973232 
0.250000 0.250000 0.250000 0.250000 
 226
0.479817 0.005241 0.046210 
0.462778 0.989292 0.462022 
0.057405 0.005467 0.491768 
0.007440 0.977681 0.007440 0.007440 
0.250000 0.250000 0.250000 0.250000 
 227
0.479817 0.005241 0.046210 
0.462778 0.989292 0.462022 
0.057405 0.005467 0.491768 
0.977681 0.007440 0.007440 0.007440 
0.250000 0.250000 0.250000 0.250000 
 228
0.479817 0.005241 0.046210 
0.462778 0.989292 0.462022 
0.057405 0.005467 0.491768 
0.007440 0.007440 0.009745 0.975376 
0.250000 0.250000 0.250000 0.250000 
 229
0.479817 0.005241 0.046210 
0.462778 0.989292 0.462022 
0.057405 0.005467 0.491768 
0.007440 0.977681 0.007440 0.007440 
0.250000 0.250000 0.250000 0.250000 
 230
0.479817 0.005241 0.046210 
0.462778 0.989292 0.462022 
0.057405 0.005467 0.491768 
0.007440 0.977681 0.007440 0.007440 
0.250000 0.250000 0.250000 0.250000 
 231
0.479817 0.005241 0.046210 
0.462778 0.989292 0.462022 
0.057405 0.005467 0.491768 
0.974709 0.009521 0.007440 0.008331 
0.250000 0.250000 0.250000 0.250000 
 232
0.479817 0.005241 0.046210 
0.462778 0.989292 0.462022 
0.057405 0.005467 0.491768 
0.009049 0.976072 0.007440 0.007440 
0.250000 0.250000 0.250000 0.250000 
 233
0.479817 0.005241 0.046210 
0.462778 0.989292 0.462022 
0.057405 0.005467 0.491768 
0.975596 0.009525 0.007440 0.007440 
0.250000 0.250000 0.250000 0.250000 
 234
0.479817 0.005241 0.046210 
0.462778 0.989292 0.462022 
0.057405 0.005467 0.491768 
0.977681 0.007440 0.007440 0.007440 
0.250000 0.250000 0.250000 0.250000 
 235
0.479817 0.005241 0.046210 
0.462778 0.989292 0.462022 
0.057405 0.005467 0.491768 
0.977681 0.007440 0.007440 0.007440 
