%  SAM: /scicomp/home/vfn4/Tools/LABEL_RES/scripts/modelfromalign v3.5 (July 15, 2005) compiled 12/08/06_16:15:55
%  (c) 1992-2001 Regents of the University of California, Santa Cruz
%
%          Sequence Alignment and Modeling Software System
%         http://www.cse.ucsc.edu/research/compbio/sam.html
%
% ----------------- Citations (SAM, SAM-T2K, HMMs) --------------------
% R. Hughey, A. Krogh, Hidden Markov models for sequence analysis:
%  Extension and analysis of the basic method, CABIOS 12:95-107, 1996.
% K. Karplus, et al., What is the value added by human intervention in protein
%  structure prediction, Proteins: Stucture, Function, Genetics 45(S5):86--91, 2001.
% A. Krogh et al., Hidden Markov models in computational biology:
%  Applications to protein modeling, JMB 235:1501-1531, Feb 1994.
% ---------------------------------------------------------------------
%  c-3C.2_hmm   Host: node5.aspen.biotech.cdc.gov    Tue Jan  6 13:33:22 2015
%  vfn4         Dir:  /scicomp/home/vfn4/fluA/HA_H3/H3prerelease1/c-3C
% ---------------------------------------------------------------------
%  Alignment weights from internal calc.  Total (30.97) Max (0.15) Min (0.03)
%  Weights from alignment method 1 (karplus), b=-1.000000, e=0.500000
MODEL --  Model from alignment file /scicomp/home/vfn4/Tools/LABEL_RES/training_data/H3prerelease1/c-3C/c-3C.2.fasta
alphabet DNA
FREQAVE
0.000000 0.000000 0.000000 
0.000000 0.000000 0.000000 
0.000000 0.000000 0.000000 
0.340307 0.221953 0.194474 0.243266 
0.340307 0.221953 0.194474 0.243266 
Begin
0.000000 0.000000 0.000000 
0.000000 0.000000 0.000000 
0.000000 0.005658 0.491768 
0.250000 0.250000 0.250000 0.250000 
0.250000 0.250000 0.250000 0.250000 
   1
0.000000 0.032159 0.046210 
0.000000 0.962183 0.462022 
0.043502 0.005813 0.491768 
0.975579 0.008140 0.008140 0.008140 
0.250000 0.250000 0.250000 0.250000 
   2
0.605801 0.005572 0.046210 
0.350697 0.988615 0.462022 
0.043502 0.005813 0.491768 
0.008140 0.008140 0.008140 0.975579 
0.250000 0.250000 0.250000 0.250000 
   3
0.605801 0.005572 0.046210 
0.350697 0.988615 0.462022 
0.043502 0.005813 0.491768 
0.008140 0.975579 0.008140 0.008140 
0.250000 0.250000 0.250000 0.250000 
   4
0.598982 0.005572 0.046210 
0.357516 0.988615 0.462022 
0.043801 0.005809 0.491768 
0.972129 0.011609 0.008131 0.008131 
0.250000 0.250000 0.250000 0.250000 
   5
0.603095 0.005568 0.046210 
0.353105 0.988623 0.462022 
0.043801 0.005809 0.491768 
0.974439 0.009299 0.008131 0.008131 
0.250000 0.250000 0.250000 0.250000 
   6
0.603095 0.005568 0.046210 
0.353105 0.988623 0.462022 
0.043801 0.005809 0.491768 
0.010708 0.973030 0.008131 0.008131 
0.250000 0.250000 0.250000 0.250000 
   7
0.603095 0.005568 0.046210 
0.353105 0.988623 0.462022 
0.043801 0.005809 0.491768 
0.974451 0.008131 0.008131 0.009287 
0.250000 0.250000 0.250000 0.250000 
   8
0.603095 0.005568 0.046210 
0.353105 0.988623 0.462022 
0.043801 0.005809 0.491768 
0.008131 0.008131 0.975607 0.008131 
0.250000 0.250000 0.250000 0.250000 
   9
0.603095 0.005568 0.046210 
0.353105 0.988623 0.462022 
0.043801 0.005809 0.491768 
0.009620 0.008131 0.013069 0.969180 
0.250000 0.250000 0.250000 0.250000 
  10
0.597860 0.005568 0.046210 
0.358339 0.988623 0.462022 
0.044031 0.005805 0.491768 
0.975628 0.008124 0.008124 0.008124 
0.250000 0.250000 0.250000 0.250000 
  11
0.601006 0.005565 0.046210 
0.354963 0.988630 0.462022 
0.044031 0.005805 0.491768 
0.008124 0.008124 0.009312 0.974440 
0.250000 0.250000 0.250000 0.250000 
  12
0.601006 0.005565 0.046210 
0.354963 0.988630 0.462022 
0.044031 0.005805 0.491768 
0.008124 0.008124 0.969629 0.014124 
0.250000 0.250000 0.250000 0.250000 
  13
0.589815 0.005565 0.046210 
0.366153 0.988630 0.462022 
0.044530 0.005798 0.491768 
0.975673 0.008109 0.008109 0.008109 
0.250000 0.250000 0.250000 0.250000 
  14
0.562630 0.005558 0.046210 
0.392840 0.988644 0.462022 
0.046090 0.005776 0.491768 
0.008064 0.008064 0.008064 0.975808 
0.250000 0.250000 0.250000 0.250000 
  15
0.528701 0.005537 0.046210 
0.425209 0.988687 0.462022 
0.048703 0.005744 0.491768 
0.010281 0.007996 0.007996 0.973727 
0.250000 0.250000 0.250000 0.250000 
  16
0.551701 0.005505 0.046210 
0.399596 0.988751 0.462022 
0.049045 0.005740 0.491768 
0.007988 0.976036 0.007988 0.007988 
0.250000 0.250000 0.250000 0.250000 
  17
0.555574 0.005502 0.046210 
0.395381 0.988759 0.462022 
0.049045 0.005740 0.491768 
0.007988 0.007988 0.976036 0.007988 
0.250000 0.250000 0.250000 0.250000 
  18
0.555574 0.005502 0.046210 
0.395381 0.988759 0.462022 
0.049045 0.005740 0.491768 
0.007988 0.007988 0.031666 0.952358 
0.250000 0.250000 0.250000 0.250000 
  19
0.550043 0.005502 0.046210 
0.400912 0.988759 0.462022 
0.049318 0.005736 0.491768 
0.007981 0.007981 0.007981 0.976056 
0.250000 0.250000 0.250000 0.250000 
  20
0.553102 0.005499 0.046210 
0.397580 0.988765 0.462022 
0.049318 0.005736 0.491768 
0.007981 0.007981 0.009373 0.974664 
0.250000 0.250000 0.250000 0.250000 
  21
0.547089 0.005499 0.046210 
0.403594 0.988765 0.462022 
0.049616 0.005733 0.491768 
0.011992 0.972059 0.007974 0.007974 
0.250000 0.250000 0.250000 0.250000 
  22
0.550399 0.005495 0.046210 
0.399985 0.988772 0.462022 
0.049616 0.005733 0.491768 
0.974124 0.009927 0.007974 0.007974 
0.250000 0.250000 0.250000 0.250000 
  23
0.544795 0.005495 0.046210 
0.405589 0.988772 0.462022 
0.049896 0.005730 0.491768 
0.007968 0.976096 0.007968 0.007968 
0.250000 0.250000 0.250000 0.250000 
  24
0.547865 0.005492 0.046210 
0.402239 0.988778 0.462022 
0.049896 0.005730 0.491768 
0.007968 0.007968 0.976096 0.007968 
0.250000 0.250000 0.250000 0.250000 
  25
0.547865 0.005492 0.046210 
0.402239 0.988778 0.462022 
0.049896 0.005730 0.491768 
0.009503 0.007968 0.011418 0.971111 
0.250000 0.250000 0.250000 0.250000 
  26
0.547865 0.005492 0.046210 
0.402239 0.988778 0.462022 
0.049896 0.005730 0.491768 
0.974561 0.007968 0.007968 0.009503 
0.250000 0.250000 0.250000 0.250000 
  27
0.547865 0.005492 0.046210 
0.402239 0.988778 0.462022 
0.049896 0.005730 0.491768 
0.007968 0.007968 0.976096 0.007968 
0.250000 0.250000 0.250000 0.250000 
  28
0.547865 0.005492 0.046210 
0.402239 0.988778 0.462022 
0.049896 0.005730 0.491768 
0.974317 0.007968 0.009748 0.007968 
0.250000 0.250000 0.250000 0.250000 
  29
0.547865 0.005492 0.046210 
0.402239 0.988778 0.462022 
0.049896 0.005730 0.491768 
0.007968 0.007968 0.011509 0.972556 
0.250000 0.250000 0.250000 0.250000 
  30
0.547865 0.005492 0.046210 
0.402239 0.988778 0.462022 
0.049896 0.005730 0.491768 
0.007968 0.007968 0.007968 0.976096 
0.250000 0.250000 0.250000 0.250000 
  31
0.547865 0.005492 0.046210 
0.402239 0.988778 0.462022 
0.049896 0.005730 0.491768 
0.007968 0.007968 0.968694 0.015370 
0.250000 0.250000 0.250000 0.250000 
  32
0.547865 0.005492 0.046210 
0.402239 0.988778 0.462022 
0.049896 0.005730 0.491768 
0.007968 0.007968 0.007968 0.976096 
0.250000 0.250000 0.250000 0.250000 
  33
0.547865 0.005492 0.046210 
0.402239 0.988778 0.462022 
0.049896 0.005730 0.491768 
0.974886 0.009179 0.007968 0.007968 
0.250000 0.250000 0.250000 0.250000 
  34
0.547865 0.005492 0.046210 
0.402239 0.988778 0.462022 
0.049896 0.005730 0.491768 
0.007968 0.007968 0.007968 0.976096 
0.250000 0.250000 0.250000 0.250000 
  35
0.547865 0.005492 0.046210 
0.402239 0.988778 0.462022 
0.049896 0.005730 0.491768 
0.009558 0.974479 0.007981 0.007981 
0.250000 0.250000 0.250000 0.250000 
  36
0.547865 0.005492 0.046210 
0.402239 0.988778 0.462022 
0.049896 0.005730 0.491768 
0.007968 0.007968 0.009088 0.974977 
0.250000 0.250000 0.250000 0.250000 
  37
0.547865 0.005492 0.046210 
0.402239 0.988778 0.462022 
0.049896 0.005730 0.491768 
0.007968 0.007968 0.974944 0.009120 
0.250000 0.250000 0.250000 0.250000 
  38
0.547865 0.005492 0.046210 
0.402239 0.988778 0.462022 
0.049896 0.005730 0.491768 
0.007968 0.009312 0.007968 0.974752 
0.250000 0.250000 0.250000 0.250000 
  39
0.547865 0.005492 0.046210 
0.402239 0.988778 0.462022 
0.049896 0.005730 0.491768 
0.007968 0.974705 0.007968 0.009359 
0.250000 0.250000 0.250000 0.250000 
  40
0.547865 0.005492 0.046210 
0.402239 0.988778 0.462022 
0.049896 0.005730 0.491768 
0.009166 0.974898 0.007968 0.007968 
0.250000 0.250000 0.250000 0.250000 
  41
0.547865 0.005492 0.046210 
0.402239 0.988778 0.462022 
0.049896 0.005730 0.491768 
0.007968 0.012028 0.009543 0.970461 
0.250000 0.250000 0.250000 0.250000 
  42
0.547865 0.005492 0.046210 
0.402239 0.988778 0.462022 
0.049896 0.005730 0.491768 
0.007968 0.007968 0.007968 0.976096 
0.250000 0.250000 0.250000 0.250000 
  43
0.547865 0.005492 0.046210 
0.402239 0.988778 0.462022 
0.049896 0.005730 0.491768 
0.007968 0.007968 0.007968 0.976096 
0.250000 0.250000 0.250000 0.250000 
  44
0.547865 0.005492 0.046210 
0.402239 0.988778 0.462022 
0.049896 0.005730 0.491768 
0.007968 0.007968 0.009185 0.974879 
0.250000 0.250000 0.250000 0.250000 
  45
0.547865 0.005492 0.046210 
0.402239 0.988778 0.462022 
0.049896 0.005730 0.491768 
0.007968 0.007968 0.970981 0.013084 
0.250000 0.250000 0.250000 0.250000 
  46
0.547865 0.005492 0.046210 
0.402239 0.988778 0.462022 
0.049896 0.005730 0.491768 
0.011611 0.971453 0.007968 0.008968 
0.250000 0.250000 0.250000 0.250000 
  47
0.547865 0.005492 0.046210 
0.402239 0.988778 0.462022 
0.049896 0.005730 0.491768 
0.007968 0.007968 0.976096 0.007968 
0.250000 0.250000 0.250000 0.250000 
  48
0.547865 0.005492 0.046210 
0.402239 0.988778 0.462022 
0.049896 0.005730 0.491768 
0.007968 0.007968 0.009726 0.974338 
0.250000 0.250000 0.250000 0.250000 
  49
0.431072 0.005492 0.046210 
0.519033 0.988778 0.462022 
0.056494 0.005665 0.491768 
0.007836 0.007836 0.976492 0.007836 
0.250000 0.250000 0.250000 0.250000 
  50
0.488076 0.005431 0.046210 
0.455431 0.988904 0.462022 
0.056494 0.005665 0.491768 
0.976492 0.007836 0.007836 0.007836 
0.250000 0.250000 0.250000 0.250000 
  51
0.488076 0.005431 0.046210 
0.455431 0.988904 0.462022 
0.056494 0.005665 0.491768 
0.974861 0.009468 0.007836 0.007836 
0.250000 0.250000 0.250000 0.250000 
  52
0.488076 0.005431 0.046210 
0.455431 0.988904 0.462022 
0.056494 0.005665 0.491768 
0.975412 0.008916 0.007836 0.007836 
0.250000 0.250000 0.250000 0.250000 
  53
0.488076 0.005431 0.046210 
0.455431 0.988904 0.462022 
0.056494 0.005665 0.491768 
0.976492 0.007836 0.007836 0.007836 
0.250000 0.250000 0.250000 0.250000 
  54
0.488076 0.005431 0.046210 
0.455431 0.988904 0.462022 
0.056494 0.005665 0.491768 
0.976492 0.007836 0.007836 0.007836 
0.250000 0.250000 0.250000 0.250000 
  55
0.488076 0.005431 0.046210 
0.455431 0.988904 0.462022 
0.056494 0.005665 0.491768 
0.396190 0.008774 0.586118 0.008918 
0.250000 0.250000 0.250000 0.250000 
  56
0.488076 0.005431 0.046210 
0.455431 0.988904 0.462022 
0.056494 0.005665 0.491768 
0.007836 0.007836 0.007836 0.976492 
0.250000 0.250000 0.250000 0.250000 
  57
0.488076 0.005431 0.046210 
0.455431 0.988904 0.462022 
0.056494 0.005665 0.491768 
0.008856 0.007836 0.029119 0.954189 
0.250000 0.250000 0.250000 0.250000 
  58
0.488076 0.005431 0.046210 
0.455431 0.988904 0.462022 
0.056494 0.005665 0.491768 
0.007836 0.007836 0.974409 0.009919 
0.250000 0.250000 0.250000 0.250000 
  59
0.488076 0.005431 0.046210 
0.455431 0.988904 0.462022 
0.056494 0.005665 0.491768 
0.008940 0.007836 0.975388 0.007836 
0.250000 0.250000 0.250000 0.250000 
  60
0.488076 0.005431 0.046210 
0.455431 0.988904 0.462022 
0.056494 0.005665 0.491768 
0.007836 0.008848 0.014180 0.969136 
0.250000 0.250000 0.250000 0.250000 
  61
0.488076 0.005431 0.046210 
0.455431 0.988904 0.462022 
0.056494 0.005665 0.491768 
0.008917 0.975411 0.007836 0.007836 
0.250000 0.250000 0.250000 0.250000 
  62
0.488076 0.005431 0.046210 
0.455431 0.988904 0.462022 
0.056494 0.005665 0.491768 
0.012119 0.972209 0.007836 0.007836 
0.250000 0.250000 0.250000 0.250000 
  63
0.488076 0.005431 0.046210 
0.455431 0.988904 0.462022 
0.056494 0.005665 0.491768 
0.970772 0.013533 0.007848 0.007848 
0.250000 0.250000 0.250000 0.250000 
  64
0.488076 0.005431 0.046210 
0.455431 0.988904 0.462022 
0.056494 0.005665 0.491768 
0.971936 0.009760 0.009385 0.008919 
0.250000 0.250000 0.250000 0.250000 
  65
0.488076 0.005431 0.046210 
0.455431 0.988904 0.462022 
0.056494 0.005665 0.491768 
0.976492 0.007836 0.007836 0.007836 
0.250000 0.250000 0.250000 0.250000 
  66
0.488076 0.005431 0.046210 
0.455431 0.988904 0.462022 
0.056494 0.005665 0.491768 
0.007836 0.007836 0.009828 0.974500 
0.250000 0.250000 0.250000 0.250000 
  67
0.488076 0.005431 0.046210 
0.455431 0.988904 0.462022 
0.056494 0.005665 0.491768 
0.007836 0.976492 0.007836 0.007836 
0.250000 0.250000 0.250000 0.250000 
  68
0.488076 0.005431 0.046210 
0.455431 0.988904 0.462022 
0.056494 0.005665 0.491768 
0.975314 0.009014 0.007836 0.007836 
0.250000 0.250000 0.250000 0.250000 
  69
0.488076 0.005431 0.046210 
0.455431 0.988904 0.462022 
0.056494 0.005665 0.491768 
0.008842 0.007836 0.973045 0.010277 
0.250000 0.250000 0.250000 0.250000 
  70
0.488076 0.005431 0.046210 
0.455431 0.988904 0.462022 
0.056494 0.005665 0.491768 
0.976492 0.007836 0.007836 0.007836 
0.250000 0.250000 0.250000 0.250000 
  71
0.488076 0.005431 0.046210 
0.455431 0.988904 0.462022 
0.056494 0.005665 0.491768 
0.976492 0.007836 0.007836 0.007836 
0.250000 0.250000 0.250000 0.250000 
  72
0.488076 0.005431 0.046210 
0.455431 0.988904 0.462022 
0.056494 0.005665 0.491768 
0.007836 0.007836 0.018529 0.965799 
0.250000 0.250000 0.250000 0.250000 
  73
0.488076 0.005431 0.046210 
0.455431 0.988904 0.462022 
0.056494 0.005665 0.491768 
0.975179 0.009149 0.007836 0.007836 
0.250000 0.250000 0.250000 0.250000 
  74
0.488076 0.005431 0.046210 
0.455431 0.988904 0.462022 
0.056494 0.005665 0.491768 
0.012755 0.971573 0.007836 0.007836 
0.250000 0.250000 0.250000 0.250000 
  75
0.488076 0.005431 0.046210 
0.455431 0.988904 0.462022 
0.056494 0.005665 0.491768 
0.011022 0.007836 0.971823 0.009320 
0.250000 0.250000 0.250000 0.250000 
  76
0.488076 0.005431 0.046210 
0.455431 0.988904 0.462022 
0.056494 0.005665 0.491768 
0.976492 0.007836 0.007836 0.007836 
0.250000 0.250000 0.250000 0.250000 
  77
0.488076 0.005431 0.046210 
0.455431 0.988904 0.462022 
0.056494 0.005665 0.491768 
0.008831 0.007844 0.972820 0.010505 
0.250000 0.250000 0.250000 0.250000 
  78
0.488076 0.005431 0.046210 
0.455431 0.988904 0.462022 
0.056494 0.005665 0.491768 
0.009882 0.969024 0.007836 0.013258 
0.250000 0.250000 0.250000 0.250000 
  79
0.488076 0.005431 0.046210 
0.455431 0.988904 0.462022 
0.056494 0.005665 0.491768 
0.007836 0.976492 0.007836 0.007836 
0.250000 0.250000 0.250000 0.250000 
  80
0.488076 0.005431 0.046210 
0.455431 0.988904 0.462022 
0.056494 0.005665 0.491768 
0.007836 0.007836 0.976492 0.007836 
0.250000 0.250000 0.250000 0.250000 
  81
0.488076 0.005431 0.046210 
0.455431 0.988904 0.462022 
0.056494 0.005665 0.491768 
0.973817 0.010512 0.007836 0.007836 
0.250000 0.250000 0.250000 0.250000 
  82
0.488076 0.005431 0.046210 
0.455431 0.988904 0.462022 
0.056494 0.005665 0.491768 
0.976492 0.007836 0.007836 0.007836 
0.250000 0.250000 0.250000 0.250000 
  83
0.488076 0.005431 0.046210 
0.455431 0.988904 0.462022 
0.056494 0.005665 0.491768 
0.008820 0.007836 0.973266 0.010079 
0.250000 0.250000 0.250000 0.250000 
  84
0.488076 0.005431 0.046210 
0.455431 0.988904 0.462022 
0.056494 0.005665 0.491768 
0.015632 0.968696 0.007836 0.007836 
0.250000 0.250000 0.250000 0.250000 
  85
0.488076 0.005431 0.046210 
0.455431 0.988904 0.462022 
0.056494 0.005665 0.491768 
0.007836 0.007836 0.975319 0.009009 
0.250000 0.250000 0.250000 0.250000 
  86
0.488076 0.005431 0.046210 
0.455431 0.988904 0.462022 
0.056494 0.005665 0.491768 
0.007836 0.007836 0.007836 0.976492 
0.250000 0.250000 0.250000 0.250000 
  87
0.488076 0.005431 0.046210 
0.455431 0.988904 0.462022 
0.056494 0.005665 0.491768 
0.007842 0.976473 0.007842 0.007842 
0.250000 0.250000 0.250000 0.250000 
  88
0.488076 0.005431 0.046210 
0.455431 0.988904 0.462022 
0.056494 0.005665 0.491768 
0.007836 0.007836 0.007836 0.976492 
0.250000 0.250000 0.250000 0.250000 
  89
0.488076 0.005431 0.046210 
0.455431 0.988904 0.462022 
0.056494 0.005665 0.491768 
0.007836 0.976492 0.007836 0.007836 
0.250000 0.250000 0.250000 0.250000 
  90
0.488076 0.005431 0.046210 
0.455431 0.988904 0.462022 
0.056494 0.005665 0.491768 
0.007836 0.007836 0.976492 0.007836 
0.250000 0.250000 0.250000 0.250000 
  91
0.481069 0.005431 0.046210 
0.462437 0.988904 0.462022 
0.056892 0.005662 0.491768 
0.007829 0.007829 0.976513 0.007829 
0.250000 0.250000 0.250000 0.250000 
  92
0.484464 0.005427 0.046210 
0.458644 0.988911 0.462022 
0.056892 0.005662 0.491768 
0.007829 0.007829 0.007829 0.976513 
0.250000 0.250000 0.250000 0.250000 
  93
0.484464 0.005427 0.046210 
0.458644 0.988911 0.462022 
0.056892 0.005662 0.491768 
0.009060 0.015248 0.007829 0.967863 
0.250000 0.250000 0.250000 0.250000 
  94
0.484464 0.005427 0.046210 
0.458644 0.988911 0.462022 
0.056892 0.005662 0.491768 
0.007829 0.976513 0.007829 0.007829 
0.250000 0.250000 0.250000 0.250000 
  95
0.484464 0.005427 0.046210 
0.458644 0.988911 0.462022 
0.056892 0.005662 0.491768 
0.007829 0.976513 0.007829 0.007829 
0.250000 0.250000 0.250000 0.250000 
  96
0.484464 0.005427 0.046210 
0.458644 0.988911 0.462022 
0.056892 0.005662 0.491768 
0.016844 0.967498 0.007829 0.007829 
0.250000 0.250000 0.250000 0.250000 
  97
0.484464 0.005427 0.046210 
0.458644 0.988911 0.462022 
0.056892 0.005662 0.491768 
0.007829 0.007829 0.976513 0.007829 
0.250000 0.250000 0.250000 0.250000 
  98
0.484464 0.005427 0.046210 
0.458644 0.988911 0.462022 
0.056892 0.005662 0.491768 
0.976513 0.007829 0.007829 0.007829 
0.250000 0.250000 0.250000 0.250000 
  99
0.484464 0.005427 0.046210 
0.458644 0.988911 0.462022 
0.056892 0.005662 0.491768 
0.007829 0.007829 0.973405 0.010937 
0.250000 0.250000 0.250000 0.250000 
 100
0.484464 0.005427 0.046210 
0.458644 0.988911 0.462022 
0.056892 0.005662 0.491768 
0.007829 0.007829 0.975127 0.009215 
0.250000 0.250000 0.250000 0.250000 
 101
0.484464 0.005427 0.046210 
0.458644 0.988911 0.462022 
0.056892 0.005662 0.491768 
0.976513 0.007829 0.007829 0.007829 
0.250000 0.250000 0.250000 0.250000 
 102
0.484464 0.005427 0.046210 
0.458644 0.988911 0.462022 
0.056892 0.005662 0.491768 
0.007829 0.007829 0.007829 0.976513 
0.250000 0.250000 0.250000 0.250000 
 103
0.484464 0.005427 0.046210 
0.458644 0.988911 0.462022 
0.056892 0.005662 0.491768 
0.007829 0.976513 0.007829 0.007829 
0.250000 0.250000 0.250000 0.250000 
 104
0.484464 0.005427 0.046210 
0.458644 0.988911 0.462022 
0.056892 0.005662 0.491768 
0.007829 0.007829 0.976513 0.007829 
0.250000 0.250000 0.250000 0.250000 
 105
0.484464 0.005427 0.046210 
0.458644 0.988911 0.462022 
0.056892 0.005662 0.491768 
0.976513 0.007829 0.007829 0.007829 
0.250000 0.250000 0.250000 0.250000 
 106
0.484464 0.005427 0.046210 
0.458644 0.988911 0.462022 
0.056892 0.005662 0.491768 
0.007829 0.976513 0.007829 0.007829 
0.250000 0.250000 0.250000 0.250000 
 107
0.484464 0.005427 0.046210 
0.458644 0.988911 0.462022 
0.056892 0.005662 0.491768 
0.007829 0.007829 0.007829 0.976513 
0.250000 0.250000 0.250000 0.250000 
 108
0.484464 0.005427 0.046210 
0.458644 0.988911 0.462022 
0.056892 0.005662 0.491768 
0.964500 0.019842 0.007829 0.007829 
0.250000 0.250000 0.250000 0.250000 
 109
0.484464 0.005427 0.046210 
0.458644 0.988911 0.462022 
0.056892 0.005662 0.491768 
0.007829 0.007829 0.976513 0.007829 
0.250000 0.250000 0.250000 0.250000 
 110
0.484464 0.005427 0.046210 
0.458644 0.988911 0.462022 
0.056892 0.005662 0.491768 
0.007829 0.007829 0.976513 0.007829 
0.250000 0.250000 0.250000 0.250000 
 111
0.484464 0.005427 0.046210 
0.458644 0.988911 0.462022 
0.056892 0.005662 0.491768 
0.976513 0.007829 0.007829 0.007829 
0.250000 0.250000 0.250000 0.250000 
 112
0.484464 0.005427 0.046210 
0.458644 0.988911 0.462022 
0.056892 0.005662 0.491768 
0.976513 0.007829 0.007829 0.007829 
0.250000 0.250000 0.250000 0.250000 
 113
0.484464 0.005427 0.046210 
0.458644 0.988911 0.462022 
0.056892 0.005662 0.491768 
0.976513 0.007829 0.007829 0.007829 
0.250000 0.250000 0.250000 0.250000 
 114
0.484464 0.005427 0.046210 
0.458644 0.988911 0.462022 
0.056892 0.005662 0.491768 
0.007836 0.007836 0.967646 0.016683 
0.250000 0.250000 0.250000 0.250000 
 115
0.484464 0.005427 0.046210 
0.458644 0.988911 0.462022 
0.056892 0.005662 0.491768 
0.007829 0.976513 0.007829 0.007829 
0.250000 0.250000 0.250000 0.250000 
 116
0.484464 0.005427 0.046210 
0.458644 0.988911 0.462022 
0.056892 0.005662 0.491768 
0.007829 0.976513 0.007829 0.007829 
0.250000 0.250000 0.250000 0.250000 
 117
0.484464 0.005427 0.046210 
0.458644 0.988911 0.462022 
0.056892 0.005662 0.491768 
0.973952 0.009377 0.007829 0.008843 
0.250000 0.250000 0.250000 0.250000 
 118
0.484464 0.005427 0.046210 
0.458644 0.988911 0.462022 
0.056892 0.005662 0.491768 
0.976513 0.007829 0.007829 0.007829 
0.250000 0.250000 0.250000 0.250000 
 119
0.484464 0.005427 0.046210 
0.458644 0.988911 0.462022 
0.056892 0.005662 0.491768 
0.007829 0.007829 0.976513 0.007829 
0.250000 0.250000 0.250000 0.250000 
 120
0.484464 0.005427 0.046210 
0.458644 0.988911 0.462022 
0.056892 0.005662 0.491768 
0.011511 0.970901 0.007829 0.009759 
0.250000 0.250000 0.250000 0.250000 
 121
0.484464 0.005427 0.046210 
0.458644 0.988911 0.462022 
0.056892 0.005662 0.491768 
0.967311 0.010692 0.014168 0.007829 
0.250000 0.250000 0.250000 0.250000 
 122
0.484464 0.005427 0.046210 
0.458644 0.988911 0.462022 
0.056892 0.005662 0.491768 
0.007829 0.007829 0.007829 0.976513 
0.250000 0.250000 0.250000 0.250000 
 123
0.484464 0.005427 0.046210 
0.458644 0.988911 0.462022 
0.056892 0.005662 0.491768 
0.974533 0.009795 0.007836 0.007836 
0.250000 0.250000 0.250000 0.250000 
 124
0.484464 0.005427 0.046210 
0.458644 0.988911 0.462022 
0.056892 0.005662 0.491768 
0.007829 0.976513 0.007829 0.007829 
0.250000 0.250000 0.250000 0.250000 
 125
0.484464 0.005427 0.046210 
0.458644 0.988911 0.462022 
0.056892 0.005662 0.491768 
0.007829 0.007829 0.007829 0.976513 
0.250000 0.250000 0.250000 0.250000 
 126
0.484464 0.005427 0.046210 
0.458644 0.988911 0.462022 
0.056892 0.005662 0.491768 
0.010937 0.973392 0.007836 0.007836 
0.250000 0.250000 0.250000 0.250000 
 127
0.484464 0.005427 0.046210 
0.458644 0.988911 0.462022 
0.056892 0.005662 0.491768 
0.976513 0.007829 0.007829 0.007829 
0.250000 0.250000 0.250000 0.250000 
 128
0.484464 0.005427 0.046210 
0.458644 0.988911 0.462022 
0.056892 0.005662 0.491768 
0.971798 0.011547 0.008827 0.007829 
0.250000 0.250000 0.250000 0.250000 
 129
0.484464 0.005427 0.046210 
0.458644 0.988911 0.462022 
0.056892 0.005662 0.491768 
0.976513 0.007829 0.007829 0.007829 
0.250000 0.250000 0.250000 0.250000 
 130
0.484464 0.005427 0.046210 
0.458644 0.988911 0.462022 
0.056892 0.005662 0.491768 
0.975431 0.008911 0.007829 0.007829 
0.250000 0.250000 0.250000 0.250000 
 131
0.484464 0.005427 0.046210 
0.458644 0.988911 0.462022 
0.056892 0.005662 0.491768 
0.007829 0.007829 0.976513 0.007829 
0.250000 0.250000 0.250000 0.250000 
 132
0.484464 0.005427 0.046210 
0.458644 0.988911 0.462022 
0.056892 0.005662 0.491768 
0.974311 0.010030 0.007829 0.007829 
0.250000 0.250000 0.250000 0.250000 
 133
0.484464 0.005427 0.046210 
0.458644 0.988911 0.462022 
0.056892 0.005662 0.491768 
0.976513 0.007829 0.007829 0.007829 
0.250000 0.250000 0.250000 0.250000 
 134
0.484464 0.005427 0.046210 
0.458644 0.988911 0.462022 
0.056892 0.005662 0.491768 
0.007829 0.007829 0.007829 0.976513 
0.250000 0.250000 0.250000 0.250000 
 135
0.484464 0.005427 0.046210 
0.458644 0.988911 0.462022 
0.056892 0.005662 0.491768 
0.008816 0.007829 0.974107 0.009248 
0.250000 0.250000 0.250000 0.250000 
 136
0.484464 0.005427 0.046210 
0.458644 0.988911 0.462022 
0.056892 0.005662 0.491768 
0.976513 0.007829 0.007829 0.007829 
0.250000 0.250000 0.250000 0.250000 
 137
0.484464 0.005427 0.046210 
0.458644 0.988911 0.462022 
0.056892 0.005662 0.491768 
0.007829 0.007829 0.976513 0.007829 
0.250000 0.250000 0.250000 0.250000 
 138
0.484464 0.005427 0.046210 
0.458644 0.988911 0.462022 
0.056892 0.005662 0.491768 
0.123887 0.859470 0.007829 0.008814 
0.250000 0.250000 0.250000 0.250000 
 139
0.484464 0.005427 0.046210 
0.458644 0.988911 0.462022 
0.056892 0.005662 0.491768 
0.974029 0.008870 0.007829 0.009272 
0.250000 0.250000 0.250000 0.250000 
 140
0.484464 0.005427 0.046210 
0.458644 0.988911 0.462022 
0.056892 0.005662 0.491768 
0.973888 0.010454 0.007829 0.007829 
0.250000 0.250000 0.250000 0.250000 
 141
0.484464 0.005427 0.046210 
0.458644 0.988911 0.462022 
0.056892 0.005662 0.491768 
0.007829 0.007829 0.011709 0.972633 
0.250000 0.250000 0.250000 0.250000 
 142
0.484464 0.005427 0.046210 
0.458644 0.988911 0.462022 
0.056892 0.005662 0.491768 
0.007829 0.976513 0.007829 0.007829 
0.250000 0.250000 0.250000 0.250000 
 143
0.484464 0.005427 0.046210 
0.458644 0.988911 0.462022 
0.056892 0.005662 0.491768 
0.976513 0.007829 0.007829 0.007829 
0.250000 0.250000 0.250000 0.250000 
 144
0.484464 0.005427 0.046210 
0.458644 0.988911 0.462022 
0.056892 0.005662 0.491768 
0.007829 0.007829 0.976513 0.007829 
0.250000 0.250000 0.250000 0.250000 
 145
0.484464 0.005427 0.046210 
0.458644 0.988911 0.462022 
0.056892 0.005662 0.491768 
0.007829 0.007829 0.976513 0.007829 
0.250000 0.250000 0.250000 0.250000 
 146
0.484464 0.005427 0.046210 
0.458644 0.988911 0.462022 
0.056892 0.005662 0.491768 
0.019295 0.965047 0.007829 0.007829 
0.250000 0.250000 0.250000 0.250000 
 147
0.484464 0.005427 0.046210 
0.458644 0.988911 0.462022 
0.056892 0.005662 0.491768 
0.974278 0.010064 0.007829 0.007829 
0.250000 0.250000 0.250000 0.250000 
 148
0.484464 0.005427 0.046210 
0.458644 0.988911 0.462022 
0.056892 0.005662 0.491768 
0.976513 0.007829 0.007829 0.007829 
0.250000 0.250000 0.250000 0.250000 
 149
0.484464 0.005427 0.046210 
0.458644 0.988911 0.462022 
0.056892 0.005662 0.491768 
0.007829 0.007829 0.007829 0.976513 
0.250000 0.250000 0.250000 0.250000 
 150
0.484464 0.005427 0.046210 
0.458644 0.988911 0.462022 
0.056892 0.005662 0.491768 
0.007829 0.007829 0.009028 0.975313 
0.250000 0.250000 0.250000 0.250000 
 151
0.475531 0.005427 0.046210 
0.467576 0.988911 0.462022 
0.057405 0.005658 0.491768 
0.007820 0.976539 0.007820 0.007820 
0.250000 0.250000 0.250000 0.250000 
 152
0.479817 0.005423 0.046210 
0.462778 0.988919 0.462022 
0.057405 0.005658 0.491768 
0.976539 0.007820 0.007820 0.007820 
0.250000 0.250000 0.250000 0.250000 
 153
0.479817 0.005423 0.046210 
0.462778 0.988919 0.462022 
0.057405 0.005658 0.491768 
0.971027 0.013332 0.007820 0.007820 
0.250000 0.250000 0.250000 0.250000 
 154
0.479817 0.005423 0.046210 
0.462778 0.988919 0.462022 
0.057405 0.005658 0.491768 
0.007820 0.976539 0.007820 0.007820 
0.250000 0.250000 0.250000 0.250000 
 155
0.479817 0.005423 0.046210 
0.462778 0.988919 0.462022 
0.057405 0.005658 0.491768 
0.007820 0.007820 0.007820 0.976539 
0.250000 0.250000 0.250000 0.250000 
 156
0.479817 0.005423 0.046210 
0.462778 0.988919 0.462022 
0.057405 0.005658 0.491768 
0.007820 0.012636 0.017166 0.962378 
0.250000 0.250000 0.250000 0.250000 
 157
0.479817 0.005423 0.046210 
0.462778 0.988919 0.462022 
0.057405 0.005658 0.491768 
0.976539 0.007820 0.007820 0.007820 
0.250000 0.250000 0.250000 0.250000 
 158
0.479817 0.005423 0.046210 
0.462778 0.988919 0.462022 
0.057405 0.005658 0.491768 
0.007820 0.007820 0.976539 0.007820 
0.250000 0.250000 0.250000 0.250000 
 159
0.479817 0.005423 0.046210 
0.462778 0.988919 0.462022 
0.057405 0.005658 0.491768 
0.007820 0.007820 0.009736 0.974624 
0.250000 0.250000 0.250000 0.250000 
 160
0.479817 0.005423 0.046210 
0.462778 0.988919 0.462022 
0.057405 0.005658 0.491768 
0.976539 0.007820 0.007820 0.007820 
0.250000 0.250000 0.250000 0.250000 
 161
0.479817 0.005423 0.046210 
0.462778 0.988919 0.462022 
0.057405 0.005658 0.491768 
0.976539 0.007820 0.007820 0.007820 
0.250000 0.250000 0.250000 0.250000 
 162
0.479817 0.005423 0.046210 
0.462778 0.988919 0.462022 
0.057405 0.005658 0.491768 
0.007820 0.007820 0.009096 0.975263 
0.250000 0.250000 0.250000 0.250000 
 163
0.479817 0.005423 0.046210 
0.462778 0.988919 0.462022 
0.057405 0.005658 0.491768 
0.007820 0.976539 0.007820 0.007820 
0.250000 0.250000 0.250000 0.250000 
 164
0.479817 0.005423 0.046210 
0.462778 0.988919 0.462022 
0.057405 0.005658 0.491768 
0.007820 0.007820 0.976539 0.007820 
0.250000 0.250000 0.250000 0.250000 
 165
0.479817 0.005423 0.046210 
0.462778 0.988919 0.462022 
0.057405 0.005658 0.491768 
0.007820 0.007820 0.063757 0.920602 
0.250000 0.250000 0.250000 0.250000 
 166
0.479817 0.005423 0.046210 
0.462778 0.988919 0.462022 
0.057405 0.005658 0.491768 
0.976539 0.007820 0.007820 0.007820 
0.250000 0.250000 0.250000 0.250000 
 167
0.479817 0.005423 0.046210 
0.462778 0.988919 0.462022 
0.057405 0.005658 0.491768 
0.007820 0.007820 0.976539 0.007820 
0.250000 0.250000 0.250000 0.250000 
 168
0.479817 0.005423 0.046210 
0.462778 0.988919 0.462022 
0.057405 0.005658 0.491768 
0.008900 0.007820 0.012854 0.970425 
0.250000 0.250000 0.250000 0.250000 
 169
0.479817 0.005423 0.046210 
0.462778 0.988919 0.462022 
0.057405 0.005658 0.491768 
0.007820 0.976539 0.007820 0.007820 
0.250000 0.250000 0.250000 0.250000 
 170
0.479817 0.005423 0.046210 
0.462778 0.988919 0.462022 
0.057405 0.005658 0.491768 
0.976539 0.007820 0.007820 0.007820 
0.250000 0.250000 0.250000 0.250000 
 171
0.479817 0.005423 0.046210 
0.462778 0.988919 0.462022 
0.057405 0.005658 0.491768 
0.014258 0.970101 0.007820 0.007820 
0.250000 0.250000 0.250000 0.250000 
 172
0.479817 0.005423 0.046210 
0.462778 0.988919 0.462022 
0.057405 0.005658 0.491768 
0.007820 0.007820 0.962048 0.022311 
0.250000 0.250000 0.250000 0.250000 
 173
0.479817 0.005423 0.046210 
0.462778 0.988919 0.462022 
0.057405 0.005658 0.491768 
0.007820 0.007820 0.007820 0.976539 
0.250000 0.250000 0.250000 0.250000 
 174
0.479817 0.005423 0.046210 
0.462778 0.988919 0.462022 
0.057405 0.005658 0.491768 
0.009953 0.974406 0.007820 0.007820 
0.250000 0.250000 0.250000 0.250000 
 175
0.479817 0.005423 0.046210 
0.462778 0.988919 0.462022 
0.057405 0.005658 0.491768 
0.007820 0.976539 0.007820 0.007820 
0.250000 0.250000 0.250000 0.250000 
 176
0.479817 0.005423 0.046210 
0.462778 0.988919 0.462022 
0.057405 0.005658 0.491768 
0.007820 0.007820 0.007820 0.976539 
0.250000 0.250000 0.250000 0.250000 
 177
0.479817 0.005423 0.046210 
0.462778 0.988919 0.462022 
0.057405 0.005658 0.491768 
0.007820 0.007820 0.007820 0.976539 
0.250000 0.250000 0.250000 0.250000 
 178
0.479817 0.005423 0.046210 
0.462778 0.988919 0.462022 
0.057405 0.005658 0.491768 
0.007820 0.007820 0.976539 0.007820 
0.250000 0.250000 0.250000 0.250000 
 179
0.479817 0.005423 0.046210 
0.462778 0.988919 0.462022 
0.057405 0.005658 0.491768 
0.976539 0.007820 0.007820 0.007820 
0.250000 0.250000 0.250000 0.250000 
 180
0.479817 0.005423 0.046210 
0.462778 0.988919 0.462022 
0.057405 0.005658 0.491768 
0.017748 0.966599 0.007827 0.007827 
0.250000 0.250000 0.250000 0.250000 
 181
0.479817 0.005423 0.046210 
0.462778 0.988919 0.462022 
0.057405 0.005658 0.491768 
0.974043 0.010317 0.007820 0.007820 
0.250000 0.250000 0.250000 0.250000 
 182
0.479817 0.005423 0.046210 
0.462778 0.988919 0.462022 
0.057405 0.005658 0.491768 
0.974912 0.009447 0.007820 0.007820 
0.250000 0.250000 0.250000 0.250000 
 183
0.479817 0.005423 0.046210 
0.462778 0.988919 0.462022 
0.057405 0.005658 0.491768 
0.007820 0.007820 0.009752 0.974608 
0.250000 0.250000 0.250000 0.250000 
 184
0.479817 0.005423 0.046210 
0.462778 0.988919 0.462022 
0.057405 0.005658 0.491768 
0.007820 0.007820 0.007820 0.976539 
0.250000 0.250000 0.250000 0.250000 
 185
0.479817 0.005423 0.046210 
0.462778 0.988919 0.462022 
0.057405 0.005658 0.491768 
0.007820 0.007820 0.976539 0.007820 
0.250000 0.250000 0.250000 0.250000 
 186
0.479817 0.005423 0.046210 
0.462778 0.988919 0.462022 
0.057405 0.005658 0.491768 
0.007820 0.007820 0.975200 0.009159 
0.250000 0.250000 0.250000 0.250000 
 187
0.479817 0.005423 0.046210 
0.462778 0.988919 0.462022 
0.057405 0.005658 0.491768 
0.007820 0.007820 0.008928 0.975431 
0.250000 0.250000 0.250000 0.250000 
 188
0.479817 0.005423 0.046210 
0.462778 0.988919 0.462022 
0.057405 0.005658 0.491768 
0.007820 0.007820 0.976539 0.007820 
0.250000 0.250000 0.250000 0.250000 
 189
0.479817 0.005423 0.046210 
0.462778 0.988919 0.462022 
0.057405 0.005658 0.491768 
0.972343 0.012016 0.007820 0.007820 
0.250000 0.250000 0.250000 0.250000 
 190
0.479817 0.005423 0.046210 
0.462778 0.988919 0.462022 
0.057405 0.005658 0.491768 
0.976539 0.007820 0.007820 0.007820 
0.250000 0.250000 0.250000 0.250000 
 191
0.479817 0.005423 0.046210 
0.462778 0.988919 0.462022 
0.057405 0.005658 0.491768 
0.007820 0.007820 0.007820 0.976539 
0.250000 0.250000 0.250000 0.250000 
 192
0.479817 0.005423 0.046210 
0.462778 0.988919 0.462022 
0.057405 0.005658 0.491768 
0.976539 0.007820 0.007820 0.007820 
0.250000 0.250000 0.250000 0.250000 
 193
0.479817 0.005423 0.046210 
0.462778 0.988919 0.462022 
0.057405 0.005658 0.491768 
0.007820 0.976539 0.007820 0.007820 
0.250000 0.250000 0.250000 0.250000 
 194
0.479817 0.005423 0.046210 
0.462778 0.988919 0.462022 
0.057405 0.005658 0.491768 
0.009835 0.974524 0.007820 0.007820 
0.250000 0.250000 0.250000 0.250000 
 195
0.479817 0.005423 0.046210 
0.462778 0.988919 0.462022 
0.057405 0.005658 0.491768 
0.007820 0.007820 0.007820 0.976539 
0.250000 0.250000 0.250000 0.250000 
 196
0.479817 0.005423 0.046210 
0.462778 0.988919 0.462022 
0.057405 0.005658 0.491768 
0.012075 0.972284 0.007820 0.007820 
0.250000 0.250000 0.250000 0.250000 
 197
0.479817 0.005423 0.046210 
0.462778 0.988919 0.462022 
0.057405 0.005658 0.491768 
0.976539 0.007820 0.007820 0.007820 
0.250000 0.250000 0.250000 0.250000 
 198
0.479817 0.005423 0.046210 
0.462778 0.988919 0.462022 
0.057405 0.005658 0.491768 
0.976539 0.007820 0.007820 0.007820 
0.250000 0.250000 0.250000 0.250000 
 199
0.479817 0.005423 0.046210 
0.462778 0.988919 0.462022 
0.057405 0.005658 0.491768 
0.976539 0.007820 0.007820 0.007820 
0.250000 0.250000 0.250000 0.250000 
 200
0.479817 0.005423 0.046210 
0.462778 0.988919 0.462022 
0.057405 0.005658 0.491768 
0.007820 0.007820 0.007820 0.976539 
0.250000 0.250000 0.250000 0.250000 
 201
0.479817 0.005423 0.046210 
0.462778 0.988919 0.462022 
0.057405 0.005658 0.491768 
0.974631 0.007820 0.009728 0.007820 
0.250000 0.250000 0.250000 0.250000 
 202
0.479817 0.005423 0.046210 
0.462778 0.988919 0.462022 
0.057405 0.005658 0.491768 
0.007820 0.007820 0.007820 0.976539 
0.250000 0.250000 0.250000 0.250000 
 203
0.479817 0.005423 0.046210 
0.462778 0.988919 0.462022 
0.057405 0.005658 0.491768 
0.007820 0.976539 0.007820 0.007820 
0.250000 0.250000 0.250000 0.250000 
 204
0.479817 0.005423 0.046210 
0.462778 0.988919 0.462022 
0.057405 0.005658 0.491768 
0.007820 0.007820 0.974589 0.009770 
0.250000 0.250000 0.250000 0.250000 
 205
0.479817 0.005423 0.046210 
0.462778 0.988919 0.462022 
0.057405 0.005658 0.491768 
0.040803 0.942398 0.007820 0.008979 
0.250000 0.250000 0.250000 0.250000 
 206
0.479817 0.005423 0.046210 
0.462778 0.988919 0.462022 
0.057405 0.005658 0.491768 
0.973985 0.010361 0.007827 0.007827 
0.250000 0.250000 0.250000 0.250000 
 207
0.479817 0.005423 0.046210 
0.462778 0.988919 0.462022 
0.057405 0.005658 0.491768 
0.007820 0.007820 0.976539 0.007820 
0.250000 0.250000 0.250000 0.250000 
 208
0.479817 0.005423 0.046210 
0.462778 0.988919 0.462022 
0.057405 0.005658 0.491768 
0.976539 0.007820 0.007820 0.007820 
0.250000 0.250000 0.250000 0.250000 
 209
0.479817 0.005423 0.046210 
0.462778 0.988919 0.462022 
0.057405 0.005658 0.491768 
0.010253 0.974106 0.007820 0.007820 
0.250000 0.250000 0.250000 0.250000 
 210
0.479817 0.005423 0.046210 
0.462778 0.988919 0.462022 
0.057405 0.005658 0.491768 
0.007820 0.007820 0.017977 0.966382 
0.250000 0.250000 0.250000 0.250000 
 211
0.479817 0.005423 0.046210 
0.462778 0.988919 0.462022 
0.057405 0.005658 0.491768 
0.007820 0.007820 0.976539 0.007820 
0.250000 0.250000 0.250000 0.250000 
 212
0.479817 0.005423 0.046210 
0.462778 0.988919 0.462022 
0.057405 0.005658 0.491768 
0.007820 0.007820 0.976539 0.007820 
0.250000 0.250000 0.250000 0.250000 
 213
0.479817 0.005423 0.046210 
0.462778 0.988919 0.462022 
0.057405 0.005658 0.491768 
0.007820 0.007820 0.013121 0.971239 
0.250000 0.250000 0.250000 0.250000 
 214
0.479817 0.005423 0.046210 
0.462778 0.988919 0.462022 
0.057405 0.005658 0.491768 
0.007820 0.007820 0.976539 0.007820 
0.250000 0.250000 0.250000 0.250000 
 215
0.479817 0.005423 0.046210 
0.462778 0.988919 0.462022 
0.057405 0.005658 0.491768 
0.976539 0.007820 0.007820 0.007820 
0.250000 0.250000 0.250000 0.250000 
 216
0.479817 0.005423 0.046210 
0.462778 0.988919 0.462022 
0.057405 0.005658 0.491768 
0.007820 0.007820 0.009078 0.975281 
0.250000 0.250000 0.250000 0.250000 
 217
0.479817 0.005423 0.046210 
0.462778 0.988919 0.462022 
0.057405 0.005658 0.491768 
0.007820 0.007820 0.976539 0.007820 
0.250000 0.250000 0.250000 0.250000 
 218
0.479817 0.005423 0.046210 
0.462778 0.988919 0.462022 
0.057405 0.005658 0.491768 
0.971678 0.010666 0.007820 0.009836 
0.250000 0.250000 0.250000 0.250000 
 219
0.479817 0.005423 0.046210 
0.462778 0.988919 0.462022 
0.057405 0.005658 0.491768 
0.010386 0.971111 0.008964 0.009539 
0.250000 0.250000 0.250000 0.250000 
 220
0.479817 0.005423 0.046210 
0.462778 0.988919 0.462022 
0.057405 0.005658 0.491768 
0.974451 0.009908 0.007820 0.007820 
0.250000 0.250000 0.250000 0.250000 
 221
0.479817 0.005423 0.046210 
0.462778 0.988919 0.462022 
0.057405 0.005658 0.491768 
0.007820 0.007820 0.009532 0.974827 
0.250000 0.250000 0.250000 0.250000 
 222
0.479817 0.005423 0.046210 
0.462778 0.988919 0.462022 
0.057405 0.005658 0.491768 
0.009292 0.007820 0.811604 0.171284 
0.250000 0.250000 0.250000 0.250000 
 223
0.479817 0.005423 0.046210 
0.462778 0.988919 0.462022 
0.057405 0.005658 0.491768 
0.007820 0.007820 0.976539 0.007820 
0.250000 0.250000 0.250000 0.250000 
 224
0.479817 0.005423 0.046210 
0.462778 0.988919 0.462022 
0.057405 0.005658 0.491768 
0.007820 0.007820 0.007820 0.976539 
0.250000 0.250000 0.250000 0.250000 
 225
0.479817 0.005423 0.046210 
0.462778 0.988919 0.462022 
0.057405 0.005658 0.491768 
0.007820 0.007820 0.007820 0.976539 
0.250000 0.250000 0.250000 0.250000 
 226
0.479817 0.005423 0.046210 
0.462778 0.988919 0.462022 
0.057405 0.005658 0.491768 
0.007820 0.976539 0.007820 0.007820 
0.250000 0.250000 0.250000 0.250000 
 227
0.479817 0.005423 0.046210 
0.462778 0.988919 0.462022 
0.057405 0.005658 0.491768 
0.976539 0.007820 0.007820 0.007820 
0.250000 0.250000 0.250000 0.250000 
 228
0.479817 0.005423 0.046210 
0.462778 0.988919 0.462022 
0.057405 0.005658 0.491768 
0.007820 0.007820 0.007820 0.976539 
0.250000 0.250000 0.250000 0.250000 
 229
0.479817 0.005423 0.046210 
0.462778 0.988919 0.462022 
0.057405 0.005658 0.491768 
0.007820 0.976539 0.007820 0.007820 
0.250000 0.250000 0.250000 0.250000 
 230
0.479817 0.005423 0.046210 
0.462778 0.988919 0.462022 
0.057405 0.005658 0.491768 
0.007820 0.976539 0.007820 0.007820 
0.250000 0.250000 0.250000 0.250000 
 231
0.479817 0.005423 0.046210 
0.462778 0.988919 0.462022 
0.057405 0.005658 0.491768 
0.970161 0.014198 0.007820 0.007820 
0.250000 0.250000 0.250000 0.250000 
 232
0.479817 0.005423 0.046210 
0.462778 0.988919 0.462022 
0.057405 0.005658 0.491768 
0.010793 0.973553 0.007827 0.007827 
0.250000 0.250000 0.250000 0.250000 
 233
0.479817 0.005423 0.046210 
0.462778 0.988919 0.462022 
0.057405 0.005658 0.491768 
0.973383 0.010976 0.007820 0.007820 
0.250000 0.250000 0.250000 0.250000 
 234
0.479817 0.005423 0.046210 
0.462778 0.988919 0.462022 
0.057405 0.005658 0.491768 
0.971448 0.011820 0.008912 0.007820 
0.250000 0.250000 0.250000 0.250000 
 235
0.479817 0.005423 0.046210 
0.462778 0.988919 0.462022 
0.057405 0.005658 0.491768 
0.976539 0.007820 0.007820 0.007820 
