%  SAM: /scicomp/groups/OID/NCIRD/ID-OD/ID_nomenclatures/label/LABEL_RES/scripts/modelfromalign_Linux v3.5 (July 15, 2005) compiled 12/08/06_16:15:55
%  (c) 1992-2001 Regents of the University of California, Santa Cruz
%
%          Sequence Alignment and Modeling Software System
%         http://www.cse.ucsc.edu/research/compbio/sam.html
%
% ----------------- Citations (SAM, SAM-T2K, HMMs) --------------------
% R. Hughey, A. Krogh, Hidden Markov models for sequence analysis:
%  Extension and analysis of the basic method, CABIOS 12:95-107, 1996.
% K. Karplus, et al., What is the value added by human intervention in protein
%  structure prediction, Proteins: Stucture, Function, Genetics 45(S5):86--91, 2001.
% A. Krogh et al., Hidden Markov models in computational biology:
%  Applications to protein modeling, JMB 235:1501-1531, Feb 1994.
% ---------------------------------------------------------------------
%  3C.2a_hmm   Host: node16.hpc.biotech.cdc.gov    Fri Nov  4 15:38:00 2016
%  vfn4        Dir:  /scicomp/groups/OID/NCIRD/ID-OD/ID_nomenclatures/H3/versions/H3v2016R2/c-3C/alt1/c-3C.2/c-3C.2x
% ---------------------------------------------------------------------
%  Alignment weights from internal calc.  Total (60.56) Max (0.07) Min (0.01)
%  Weights from alignment method 1 (karplus), b=-1.000000, e=0.500000
MODEL --  Model from alignment file /scicomp/groups/OID/NCIRD/ID-OD/ID_nomenclatures/label/LABEL_RES/training_data/H3v2016R2/c-3C/c-3C.2/c-3C.2x/3C.2a.fasta
alphabet DNA
FREQAVE
0.000000 0.000000 0.000000 
0.000000 0.000000 0.000000 
0.000000 0.000000 0.000000 
0.340296 0.222251 0.194026 0.243426 
0.340296 0.222251 0.194026 0.243426 
Begin
0.000000 0.000000 0.000000 
0.000000 0.000000 0.000000 
0.000000 0.003472 0.491768 
0.250000 0.250000 0.250000 0.250000 
0.250000 0.250000 0.250000 0.250000 
   1
0.000000 0.006769 0.046210 
0.000000 0.989759 0.462022 
0.053799 0.003484 0.491768 
0.987765 0.004078 0.004078 0.004078 
0.250000 0.250000 0.250000 0.250000 
   2
0.512493 0.003339 0.046210 
0.433707 0.993177 0.462022 
0.053799 0.003484 0.491768 
0.004078 0.004078 0.004078 0.987765 
0.250000 0.250000 0.250000 0.250000 
   3
0.512493 0.003339 0.046210 
0.433707 0.993177 0.462022 
0.053799 0.003484 0.491768 
0.004078 0.987765 0.004078 0.004078 
0.250000 0.250000 0.250000 0.250000 
   4
0.488608 0.003339 0.046210 
0.457593 0.993177 0.462022 
0.055116 0.003479 0.491768 
0.986736 0.004748 0.004444 0.004072 
0.250000 0.250000 0.250000 0.250000 
   5
0.500564 0.003335 0.046210 
0.444320 0.993186 0.462022 
0.055116 0.003479 0.491768 
0.986672 0.005185 0.004072 0.004072 
0.250000 0.250000 0.250000 0.250000 
   6
0.500564 0.003335 0.046210 
0.444320 0.993186 0.462022 
0.055116 0.003479 0.491768 
0.005022 0.986835 0.004072 0.004072 
0.250000 0.250000 0.250000 0.250000 
   7
0.500564 0.003335 0.046210 
0.444320 0.993186 0.462022 
0.055116 0.003479 0.491768 
0.985430 0.006427 0.004072 0.004072 
0.250000 0.250000 0.250000 0.250000 
   8
0.500564 0.003335 0.046210 
0.444320 0.993186 0.462022 
0.055116 0.003479 0.491768 
0.004716 0.004072 0.985465 0.005747 
0.250000 0.250000 0.250000 0.250000 
   9
0.500564 0.003335 0.046210 
0.444320 0.993186 0.462022 
0.055116 0.003479 0.491768 
0.004840 0.007080 0.011484 0.976595 
0.250000 0.250000 0.250000 0.250000 
  10
0.497681 0.003335 0.046210 
0.447203 0.993186 0.462022 
0.055275 0.003479 0.491768 
0.985618 0.005670 0.004641 0.004071 
0.250000 0.250000 0.250000 0.250000 
  11
0.499120 0.003335 0.046210 
0.445605 0.993187 0.462022 
0.055275 0.003479 0.491768 
0.004071 0.004071 0.005931 0.985927 
0.250000 0.250000 0.250000 0.250000 
  12
0.499120 0.003335 0.046210 
0.445605 0.993187 0.462022 
0.055275 0.003479 0.491768 
0.004734 0.004071 0.984215 0.006980 
0.250000 0.250000 0.250000 0.250000 
  13
0.499120 0.003335 0.046210 
0.445605 0.993187 0.462022 
0.055275 0.003479 0.491768 
0.987208 0.004650 0.004071 0.004071 
0.250000 0.250000 0.250000 0.250000 
  14
0.499120 0.003335 0.046210 
0.445605 0.993187 0.462022 
0.055275 0.003479 0.491768 
0.004071 0.004071 0.004071 0.987787 
0.250000 0.250000 0.250000 0.250000 
  15
0.493119 0.003335 0.046210 
0.451606 0.993187 0.462022 
0.055609 0.003478 0.491768 
0.004705 0.004070 0.005437 0.985788 
0.250000 0.250000 0.250000 0.250000 
  16
0.496096 0.003334 0.046210 
0.448295 0.993189 0.462022 
0.055609 0.003478 0.491768 
0.004549 0.987313 0.004069 0.004069 
0.250000 0.250000 0.250000 0.250000 
  17
0.496096 0.003334 0.046210 
0.448295 0.993189 0.462022 
0.055609 0.003478 0.491768 
0.004069 0.004069 0.987792 0.004069 
0.250000 0.250000 0.250000 0.250000 
  18
0.496096 0.003334 0.046210 
0.448295 0.993189 0.462022 
0.055609 0.003478 0.491768 
0.005298 0.004741 0.146691 0.843270 
0.250000 0.250000 0.250000 0.250000 
  19
0.490895 0.003334 0.046210 
0.453497 0.993189 0.462022 
0.055899 0.003477 0.491768 
0.004463 0.004652 0.006421 0.984464 
0.250000 0.250000 0.250000 0.250000 
  20
0.493461 0.003333 0.046210 
0.450639 0.993191 0.462022 
0.055899 0.003477 0.491768 
0.004068 0.004068 0.004571 0.987293 
0.250000 0.250000 0.250000 0.250000 
  21
0.493461 0.003333 0.046210 
0.450639 0.993191 0.462022 
0.055899 0.003477 0.491768 
0.007996 0.983481 0.004069 0.004454 
0.250000 0.250000 0.250000 0.250000 
  22
0.493461 0.003333 0.046210 
0.450639 0.993191 0.462022 
0.055899 0.003477 0.491768 
0.973890 0.017973 0.004069 0.004069 
0.250000 0.250000 0.250000 0.250000 
  23
0.493461 0.003333 0.046210 
0.450639 0.993191 0.462022 
0.055899 0.003477 0.491768 
0.004068 0.987797 0.004068 0.004068 
0.250000 0.250000 0.250000 0.250000 
  24
0.493461 0.003333 0.046210 
0.450639 0.993191 0.462022 
0.055899 0.003477 0.491768 
0.004068 0.004466 0.986374 0.005092 
0.250000 0.250000 0.250000 0.250000 
  25
0.493461 0.003333 0.046210 
0.450639 0.993191 0.462022 
0.055899 0.003477 0.491768 
0.004069 0.004455 0.022341 0.969136 
0.250000 0.250000 0.250000 0.250000 
  26
0.493461 0.003333 0.046210 
0.450639 0.993191 0.462022 
0.055899 0.003477 0.491768 
0.986545 0.005318 0.004069 0.004069 
0.250000 0.250000 0.250000 0.250000 
  27
0.493461 0.003333 0.046210 
0.450639 0.993191 0.462022 
0.055899 0.003477 0.491768 
0.004068 0.004068 0.987797 0.004068 
0.250000 0.250000 0.250000 0.250000 
  28
0.493461 0.003333 0.046210 
0.450639 0.993191 0.462022 
0.055899 0.003477 0.491768 
0.986301 0.004437 0.004068 0.005194 
0.250000 0.250000 0.250000 0.250000 
  29
0.493461 0.003333 0.046210 
0.450639 0.993191 0.462022 
0.055899 0.003477 0.491768 
0.004068 0.004068 0.006233 0.985632 
0.250000 0.250000 0.250000 0.250000 
  30
0.493461 0.003333 0.046210 
0.450639 0.993191 0.462022 
0.055899 0.003477 0.491768 
0.004068 0.004068 0.005710 0.986154 
0.250000 0.250000 0.250000 0.250000 
  31
0.493461 0.003333 0.046210 
0.450639 0.993191 0.462022 
0.055899 0.003477 0.491768 
0.004068 0.004068 0.986960 0.004905 
0.250000 0.250000 0.250000 0.250000 
  32
0.493461 0.003333 0.046210 
0.450639 0.993191 0.462022 
0.055899 0.003477 0.491768 
0.004068 0.004068 0.004561 0.987303 
0.250000 0.250000 0.250000 0.250000 
  33
0.493461 0.003333 0.046210 
0.450639 0.993191 0.462022 
0.055899 0.003477 0.491768 
0.987193 0.004672 0.004068 0.004068 
0.250000 0.250000 0.250000 0.250000 
  34
0.493461 0.003333 0.046210 
0.450639 0.993191 0.462022 
0.055899 0.003477 0.491768 
0.004068 0.004995 0.005596 0.985341 
0.250000 0.250000 0.250000 0.250000 
  35
0.493461 0.003333 0.046210 
0.450639 0.993191 0.462022 
0.055899 0.003477 0.491768 
0.005358 0.986043 0.004530 0.004069 
0.250000 0.250000 0.250000 0.250000 
  36
0.493461 0.003333 0.046210 
0.450639 0.993191 0.462022 
0.055899 0.003477 0.491768 
0.004068 0.004068 0.007311 0.984553 
0.250000 0.250000 0.250000 0.250000 
  37
0.493461 0.003333 0.046210 
0.450639 0.993191 0.462022 
0.055899 0.003477 0.491768 
0.009802 0.004069 0.980117 0.006013 
0.250000 0.250000 0.250000 0.250000 
  38
0.493461 0.003333 0.046210 
0.450639 0.993191 0.462022 
0.055899 0.003477 0.491768 
0.005484 0.004068 0.004436 0.986012 
0.250000 0.250000 0.250000 0.250000 
  39
0.493461 0.003333 0.046210 
0.450639 0.993191 0.462022 
0.055899 0.003477 0.491768 
0.006077 0.985207 0.004070 0.004647 
0.250000 0.250000 0.250000 0.250000 
  40
0.493461 0.003333 0.046210 
0.450639 0.993191 0.462022 
0.055899 0.003477 0.491768 
0.005661 0.986203 0.004068 0.004068 
0.250000 0.250000 0.250000 0.250000 
  41
0.493461 0.003333 0.046210 
0.450639 0.993191 0.462022 
0.055899 0.003477 0.491768 
0.004068 0.008739 0.006530 0.980663 
0.250000 0.250000 0.250000 0.250000 
  42
0.493461 0.003333 0.046210 
0.450639 0.993191 0.462022 
0.055899 0.003477 0.491768 
0.004069 0.004069 0.004578 0.987285 
0.250000 0.250000 0.250000 0.250000 
  43
0.493461 0.003333 0.046210 
0.450639 0.993191 0.462022 
0.055899 0.003477 0.491768 
0.004659 0.004413 0.004623 0.986305 
0.250000 0.250000 0.250000 0.250000 
  44
0.493461 0.003333 0.046210 
0.450639 0.993191 0.462022 
0.055899 0.003477 0.491768 
0.005633 0.004441 0.016538 0.973388 
0.250000 0.250000 0.250000 0.250000 
  45
0.493461 0.003333 0.046210 
0.450639 0.993191 0.462022 
0.055899 0.003477 0.491768 
0.004600 0.004068 0.983279 0.008053 
0.250000 0.250000 0.250000 0.250000 
  46
0.493461 0.003333 0.046210 
0.450639 0.993191 0.462022 
0.055899 0.003477 0.491768 
0.013563 0.976513 0.004068 0.005856 
0.250000 0.250000 0.250000 0.250000 
  47
0.493461 0.003333 0.046210 
0.450639 0.993191 0.462022 
0.055899 0.003477 0.491768 
0.004068 0.004068 0.987797 0.004068 
0.250000 0.250000 0.250000 0.250000 
  48
0.493461 0.003333 0.046210 
0.450639 0.993191 0.462022 
0.055899 0.003477 0.491768 
0.005473 0.004068 0.008676 0.981783 
0.250000 0.250000 0.250000 0.250000 
  49
0.467232 0.003333 0.046210 
0.476869 0.993191 0.462022 
0.057405 0.003472 0.491768 
0.004061 0.004061 0.987818 0.004061 
0.250000 0.250000 0.250000 0.250000 
  50
0.479817 0.003328 0.046210 
0.462778 0.993200 0.462022 
0.057405 0.003472 0.491768 
0.987161 0.004718 0.004061 0.004061 
0.250000 0.250000 0.250000 0.250000 
  51
0.479817 0.003328 0.046210 
0.462778 0.993200 0.462022 
0.057405 0.003472 0.491768 
0.986035 0.005474 0.004429 0.004062 
0.250000 0.250000 0.250000 0.250000 
  52
0.479817 0.003328 0.046210 
0.462778 0.993200 0.462022 
0.057405 0.003472 0.491768 
0.984851 0.007028 0.004061 0.004061 
0.250000 0.250000 0.250000 0.250000 
  53
0.479817 0.003328 0.046210 
0.462778 0.993200 0.462022 
0.057405 0.003472 0.491768 
0.986405 0.005471 0.004062 0.004062 
0.250000 0.250000 0.250000 0.250000 
  54
0.479817 0.003328 0.046210 
0.462778 0.993200 0.462022 
0.057405 0.003472 0.491768 
0.984826 0.006673 0.004061 0.004440 
0.250000 0.250000 0.250000 0.250000 
  55
0.479817 0.004045 0.046210 
0.462778 0.992483 0.462022 
0.056615 0.003474 0.491768 
0.977864 0.005140 0.012549 0.004446 
0.250000 0.250000 0.250000 0.250000 
  56
0.473211 0.003330 0.046210 
0.470175 0.993195 0.462022 
0.057405 0.003472 0.491768 
0.004999 0.005819 0.007745 0.981437 
0.250000 0.250000 0.250000 0.250000 
  57
0.479817 0.003328 0.046210 
0.462778 0.993200 0.462022 
0.057405 0.003472 0.491768 
0.004637 0.004061 0.007578 0.983724 
0.250000 0.250000 0.250000 0.250000 
  58
0.479817 0.003328 0.046210 
0.462778 0.993200 0.462022 
0.057405 0.003472 0.491768 
0.004062 0.004062 0.987341 0.004536 
0.250000 0.250000 0.250000 0.250000 
  59
0.479817 0.003328 0.046210 
0.462778 0.993200 0.462022 
0.057405 0.003472 0.491768 
0.004975 0.004061 0.986527 0.004437 
0.250000 0.250000 0.250000 0.250000 
  60
0.479817 0.003328 0.046210 
0.462778 0.993200 0.462022 
0.057405 0.003472 0.491768 
0.004481 0.004696 0.006414 0.984409 
0.250000 0.250000 0.250000 0.250000 
  61
0.479817 0.003328 0.046210 
0.462778 0.993200 0.462022 
0.057405 0.003472 0.491768 
0.004749 0.987130 0.004061 0.004061 
0.250000 0.250000 0.250000 0.250000 
  62
0.479817 0.003328 0.046210 
0.462778 0.993200 0.462022 
0.057405 0.003472 0.491768 
0.005959 0.985545 0.004061 0.004435 
0.250000 0.250000 0.250000 0.250000 
  63
0.479817 0.003328 0.046210 
0.462778 0.993200 0.462022 
0.057405 0.003472 0.491768 
0.983284 0.008594 0.004061 0.004061 
0.250000 0.250000 0.250000 0.250000 
  64
0.479817 0.003328 0.046210 
0.462778 0.993200 0.462022 
0.057405 0.003472 0.491768 
0.986640 0.005239 0.004061 0.004061 
0.250000 0.250000 0.250000 0.250000 
  65
0.479817 0.003328 0.046210 
0.462778 0.993200 0.462022 
0.057405 0.003472 0.491768 
0.987254 0.004624 0.004061 0.004061 
0.250000 0.250000 0.250000 0.250000 
  66
0.479817 0.003328 0.046210 
0.462778 0.993200 0.462022 
0.057405 0.003472 0.491768 
0.004061 0.004596 0.004061 0.987282 
0.250000 0.250000 0.250000 0.250000 
  67
0.479817 0.003328 0.046210 
0.462778 0.993200 0.462022 
0.057405 0.003472 0.491768 
0.005110 0.986377 0.004061 0.004452 
0.250000 0.250000 0.250000 0.250000 
  68
0.479817 0.003328 0.046210 
0.462778 0.993200 0.462022 
0.057405 0.003472 0.491768 
0.986232 0.005646 0.004061 0.004061 
0.250000 0.250000 0.250000 0.250000 
  69
0.479817 0.003328 0.046210 
0.462778 0.993200 0.462022 
0.057405 0.003472 0.491768 
0.004441 0.004061 0.985887 0.005611 
0.250000 0.250000 0.250000 0.250000 
  70
0.479817 0.003328 0.046210 
0.462778 0.993200 0.462022 
0.057405 0.003472 0.491768 
0.985509 0.005807 0.004623 0.004061 
0.250000 0.250000 0.250000 0.250000 
  71
0.479817 0.003328 0.046210 
0.462778 0.993200 0.462022 
0.057405 0.003472 0.491768 
0.987352 0.004061 0.004526 0.004061 
0.250000 0.250000 0.250000 0.250000 
  72
0.479817 0.003328 0.046210 
0.462778 0.993200 0.462022 
0.057405 0.003472 0.491768 
0.004061 0.004061 0.006635 0.985243 
0.250000 0.250000 0.250000 0.250000 
  73
0.479817 0.003328 0.046210 
0.462778 0.993200 0.462022 
0.057405 0.003472 0.491768 
0.986994 0.004884 0.004061 0.004061 
0.250000 0.250000 0.250000 0.250000 
  74
0.479817 0.003328 0.046210 
0.462778 0.993200 0.462022 
0.057405 0.003472 0.491768 
0.006610 0.984881 0.004062 0.004448 
0.250000 0.250000 0.250000 0.250000 
  75
0.479817 0.003328 0.046210 
0.462778 0.993200 0.462022 
0.057405 0.003472 0.491768 
0.004062 0.004062 0.983553 0.008324 
0.250000 0.250000 0.250000 0.250000 
  76
0.479817 0.003328 0.046210 
0.462778 0.993200 0.462022 
0.057405 0.003472 0.491768 
0.986886 0.004488 0.004061 0.004565 
0.250000 0.250000 0.250000 0.250000 
  77
0.479817 0.003328 0.046210 
0.462778 0.993200 0.462022 
0.057405 0.003472 0.491768 
0.004621 0.004062 0.984883 0.006434 
0.250000 0.250000 0.250000 0.250000 
  78
0.479817 0.003328 0.046210 
0.462778 0.993200 0.462022 
0.057405 0.003472 0.491768 
0.010315 0.979807 0.004062 0.005816 
0.250000 0.250000 0.250000 0.250000 
  79
0.479817 0.003328 0.046210 
0.462778 0.993200 0.462022 
0.057405 0.003472 0.491768 
0.004061 0.987818 0.004061 0.004061 
0.250000 0.250000 0.250000 0.250000 
  80
0.479817 0.003328 0.046210 
0.462778 0.993200 0.462022 
0.057405 0.003472 0.491768 
0.004061 0.004061 0.987818 0.004061 
0.250000 0.250000 0.250000 0.250000 
  81
0.479817 0.003328 0.046210 
0.462778 0.993200 0.462022 
0.057405 0.003472 0.491768 
0.986119 0.005758 0.004062 0.004062 
0.250000 0.250000 0.250000 0.250000 
  82
0.479817 0.003328 0.046210 
0.462778 0.993200 0.462022 
0.057405 0.003472 0.491768 
0.987310 0.004567 0.004062 0.004062 
0.250000 0.250000 0.250000 0.250000 
  83
0.479817 0.003328 0.046210 
0.462778 0.993200 0.462022 
0.057405 0.003472 0.491768 
0.004061 0.004061 0.986871 0.005007 
0.250000 0.250000 0.250000 0.250000 
  84
0.479817 0.003328 0.046210 
0.462778 0.993200 0.462022 
0.057405 0.003472 0.491768 
0.020029 0.968473 0.004061 0.007437 
0.250000 0.250000 0.250000 0.250000 
  85
0.479817 0.003328 0.046210 
0.462778 0.993200 0.462022 
0.057405 0.003472 0.491768 
0.004061 0.004061 0.981214 0.010665 
0.250000 0.250000 0.250000 0.250000 
  86
0.479817 0.003328 0.046210 
0.462778 0.993200 0.462022 
0.057405 0.003472 0.491768 
0.004061 0.004061 0.004061 0.987818 
0.250000 0.250000 0.250000 0.250000 
  87
0.479817 0.003328 0.046210 
0.462778 0.993200 0.462022 
0.057405 0.003472 0.491768 
0.005762 0.985715 0.004061 0.004462 
0.250000 0.250000 0.250000 0.250000 
  88
0.479817 0.003328 0.046210 
0.462778 0.993200 0.462022 
0.057405 0.003472 0.491768 
0.004061 0.004061 0.004061 0.987818 
0.250000 0.250000 0.250000 0.250000 
  89
0.479817 0.003328 0.046210 
0.462778 0.993200 0.462022 
0.057405 0.003472 0.491768 
0.004061 0.987818 0.004061 0.004061 
0.250000 0.250000 0.250000 0.250000 
  90
0.479817 0.003328 0.046210 
0.462778 0.993200 0.462022 
0.057405 0.003472 0.491768 
0.004064 0.004064 0.981721 0.010152 
0.250000 0.250000 0.250000 0.250000 
  91
0.479817 0.003328 0.046210 
0.462778 0.993200 0.462022 
0.057405 0.003472 0.491768 
0.004790 0.004061 0.987089 0.004061 
0.250000 0.250000 0.250000 0.250000 
  92
0.479817 0.003328 0.046210 
0.462778 0.993200 0.462022 
0.057405 0.003472 0.491768 
0.004061 0.004061 0.004061 0.987818 
0.250000 0.250000 0.250000 0.250000 
  93
0.479817 0.003328 0.046210 
0.462778 0.993200 0.462022 
0.057405 0.003472 0.491768 
0.004061 0.004061 0.004061 0.987818 
0.250000 0.250000 0.250000 0.250000 
  94
0.479817 0.003328 0.046210 
0.462778 0.993200 0.462022 
0.057405 0.003472 0.491768 
0.004061 0.987818 0.004061 0.004061 
0.250000 0.250000 0.250000 0.250000 
  95
0.479817 0.003328 0.046210 
0.462778 0.993200 0.462022 
0.057405 0.003472 0.491768 
0.004061 0.987818 0.004061 0.004061 
0.250000 0.250000 0.250000 0.250000 
  96
0.479817 0.003328 0.046210 
0.462778 0.993200 0.462022 
0.057405 0.003472 0.491768 
0.013598 0.978281 0.004061 0.004061 
0.250000 0.250000 0.250000 0.250000 
  97
0.479817 0.003328 0.046210 
0.462778 0.993200 0.462022 
0.057405 0.003472 0.491768 
0.004061 0.004061 0.987818 0.004061 
0.250000 0.250000 0.250000 0.250000 
  98
0.479817 0.003328 0.046210 
0.462778 0.993200 0.462022 
0.057405 0.003472 0.491768 
0.987342 0.004536 0.004061 0.004061 
0.250000 0.250000 0.250000 0.250000 
  99
0.479817 0.003328 0.046210 
0.462778 0.993200 0.462022 
0.057405 0.003472 0.491768 
0.004061 0.004061 0.982674 0.009204 
0.250000 0.250000 0.250000 0.250000 
 100
0.479817 0.003328 0.046210 
0.462778 0.993200 0.462022 
0.057405 0.003472 0.491768 
0.004061 0.004061 0.986865 0.005013 
0.250000 0.250000 0.250000 0.250000 
 101
0.479817 0.003328 0.046210 
0.462778 0.993200 0.462022 
0.057405 0.003472 0.491768 
0.987818 0.004061 0.004061 0.004061 
0.250000 0.250000 0.250000 0.250000 
 102
0.479817 0.003328 0.046210 
0.462778 0.993200 0.462022 
0.057405 0.003472 0.491768 
0.004061 0.004061 0.005024 0.986855 
0.250000 0.250000 0.250000 0.250000 
 103
0.479817 0.003328 0.046210 
0.462778 0.993200 0.462022 
0.057405 0.003472 0.491768 
0.004061 0.986779 0.004061 0.005099 
0.250000 0.250000 0.250000 0.250000 
 104
0.479817 0.003328 0.046210 
0.462778 0.993200 0.462022 
0.057405 0.003472 0.491768 
0.004061 0.004061 0.987818 0.004061 
0.250000 0.250000 0.250000 0.250000 
 105
0.479817 0.003328 0.046210 
0.462778 0.993200 0.462022 
0.057405 0.003472 0.491768 
0.986440 0.005439 0.004061 0.004061 
0.250000 0.250000 0.250000 0.250000 
 106
0.479817 0.003328 0.046210 
0.462778 0.993200 0.462022 
0.057405 0.003472 0.491768 
0.004536 0.987342 0.004061 0.004061 
0.250000 0.250000 0.250000 0.250000 
 107
0.479817 0.003328 0.046210 
0.462778 0.993200 0.462022 
0.057405 0.003472 0.491768 
0.004061 0.004061 0.004061 0.987818 
0.250000 0.250000 0.250000 0.250000 
 108
0.479817 0.003328 0.046210 
0.462778 0.993200 0.462022 
0.057405 0.003472 0.491768 
0.980310 0.011568 0.004061 0.004061 
0.250000 0.250000 0.250000 0.250000 
 109
0.479817 0.003328 0.046210 
0.462778 0.993200 0.462022 
0.057405 0.003472 0.491768 
0.004061 0.004061 0.987290 0.004589 
0.250000 0.250000 0.250000 0.250000 
 110
0.479817 0.003328 0.046210 
0.462778 0.993200 0.462022 
0.057405 0.003472 0.491768 
0.005091 0.004061 0.986419 0.004430 
0.250000 0.250000 0.250000 0.250000 
 111
0.479817 0.003328 0.046210 
0.462778 0.993200 0.462022 
0.057405 0.003472 0.491768 
0.986416 0.005001 0.004522 0.004061 
0.250000 0.250000 0.250000 0.250000 
 112
0.479817 0.003328 0.046210 
0.462778 0.993200 0.462022 
0.057405 0.003472 0.491768 
0.987818 0.004061 0.004061 0.004061 
0.250000 0.250000 0.250000 0.250000 
 113
0.479817 0.003328 0.046210 
0.462778 0.993200 0.462022 
0.057405 0.003472 0.491768 
0.987818 0.004061 0.004061 0.004061 
0.250000 0.250000 0.250000 0.250000 
 114
0.479817 0.003328 0.046210 
0.462778 0.993200 0.462022 
0.057405 0.003472 0.491768 
0.004062 0.004062 0.980466 0.011410 
0.250000 0.250000 0.250000 0.250000 
 115
0.479817 0.003328 0.046210 
0.462778 0.993200 0.462022 
0.057405 0.003472 0.491768 
0.004061 0.987818 0.004061 0.004061 
0.250000 0.250000 0.250000 0.250000 
 116
0.479817 0.003328 0.046210 
0.462778 0.993200 0.462022 
0.057405 0.003472 0.491768 
0.004061 0.987818 0.004061 0.004061 
0.250000 0.250000 0.250000 0.250000 
 117
0.479817 0.003328 0.046210 
0.462778 0.993200 0.462022 
0.057405 0.003472 0.491768 
0.983400 0.008106 0.004061 0.004433 
0.250000 0.250000 0.250000 0.250000 
 118
0.479817 0.003328 0.046210 
0.462778 0.993200 0.462022 
0.057405 0.003472 0.491768 
0.987814 0.004062 0.004062 0.004062 
0.250000 0.250000 0.250000 0.250000 
 119
0.479817 0.003328 0.046210 
0.462778 0.993200 0.462022 
0.057405 0.003472 0.491768 
0.004062 0.004062 0.987324 0.004552 
0.250000 0.250000 0.250000 0.250000 
 120
0.479817 0.003328 0.046210 
0.462778 0.993200 0.462022 
0.057405 0.003472 0.491768 
0.019744 0.957587 0.004062 0.018607 
0.250000 0.250000 0.250000 0.250000 
 121
0.479817 0.003328 0.046210 
0.462778 0.993200 0.462022 
0.057405 0.003472 0.491768 
0.982293 0.009583 0.004062 0.004062 
0.250000 0.250000 0.250000 0.250000 
 122
0.479817 0.003328 0.046210 
0.462778 0.993200 0.462022 
0.057405 0.003472 0.491768 
0.004061 0.004061 0.004754 0.987124 
0.250000 0.250000 0.250000 0.250000 
 123
0.479817 0.003328 0.046210 
0.462778 0.993200 0.462022 
0.057405 0.003472 0.491768 
0.985217 0.005977 0.004419 0.004387 
0.250000 0.250000 0.250000 0.250000 
 124
0.479817 0.003328 0.046210 
0.462778 0.993200 0.462022 
0.057405 0.003472 0.491768 
0.004062 0.987814 0.004062 0.004062 
0.250000 0.250000 0.250000 0.250000 
 125
0.479817 0.003328 0.046210 
0.462778 0.993200 0.462022 
0.057405 0.003472 0.491768 
0.004061 0.004061 0.004061 0.987818 
0.250000 0.250000 0.250000 0.250000 
 126
0.479817 0.003328 0.046210 
0.462778 0.993200 0.462022 
0.057405 0.003472 0.491768 
0.007810 0.983683 0.004061 0.004446 
0.250000 0.250000 0.250000 0.250000 
 127
0.479817 0.003328 0.046210 
0.462778 0.993200 0.462022 
0.057405 0.003472 0.491768 
0.987818 0.004061 0.004061 0.004061 
0.250000 0.250000 0.250000 0.250000 
 128
0.479817 0.003328 0.046210 
0.462778 0.993200 0.462022 
0.057405 0.003472 0.491768 
0.985764 0.005747 0.004428 0.004061 
0.250000 0.250000 0.250000 0.250000 
 129
0.479817 0.003328 0.046210 
0.462778 0.993200 0.462022 
0.057405 0.003472 0.491768 
0.986573 0.005305 0.004061 0.004061 
0.250000 0.250000 0.250000 0.250000 
 130
0.479817 0.003328 0.046210 
0.462778 0.993200 0.462022 
0.057405 0.003472 0.491768 
0.986952 0.004926 0.004061 0.004061 
0.250000 0.250000 0.250000 0.250000 
 131
0.479817 0.003328 0.046210 
0.462778 0.993200 0.462022 
0.057405 0.003472 0.491768 
0.004061 0.004061 0.987818 0.004061 
0.250000 0.250000 0.250000 0.250000 
 132
0.479817 0.003328 0.046210 
0.462778 0.993200 0.462022 
0.057405 0.003472 0.491768 
0.986211 0.005249 0.004061 0.004479 
0.250000 0.250000 0.250000 0.250000 
 133
0.479817 0.003328 0.046210 
0.462778 0.993200 0.462022 
0.057405 0.003472 0.491768 
0.987818 0.004061 0.004061 0.004061 
0.250000 0.250000 0.250000 0.250000 
 134
0.479817 0.003328 0.046210 
0.462778 0.993200 0.462022 
0.057405 0.003472 0.491768 
0.004061 0.004061 0.004061 0.987818 
0.250000 0.250000 0.250000 0.250000 
 135
0.479817 0.003328 0.046210 
0.462778 0.993200 0.462022 
0.057405 0.003472 0.491768 
0.005471 0.004062 0.985114 0.005353 
0.250000 0.250000 0.250000 0.250000 
 136
0.479817 0.003328 0.046210 
0.462778 0.993200 0.462022 
0.057405 0.003472 0.491768 
0.987319 0.004559 0.004061 0.004061 
0.250000 0.250000 0.250000 0.250000 
 137
0.479817 0.003328 0.046210 
0.462778 0.993200 0.462022 
0.057405 0.003472 0.491768 
0.004061 0.004061 0.987275 0.004603 
0.250000 0.250000 0.250000 0.250000 
 138
0.479817 0.003328 0.046210 
0.462778 0.993200 0.462022 
0.057405 0.003472 0.491768 
0.901868 0.089151 0.004062 0.004920 
0.250000 0.250000 0.250000 0.250000 
 139
0.479817 0.003328 0.046210 
0.462778 0.993200 0.462022 
0.057405 0.003472 0.491768 
0.984850 0.006239 0.004389 0.004522 
0.250000 0.250000 0.250000 0.250000 
 140
0.479817 0.003328 0.046210 
0.462778 0.993200 0.462022 
0.057405 0.003472 0.491768 
0.983526 0.008352 0.004061 0.004061 
0.250000 0.250000 0.250000 0.250000 
 141
0.479817 0.003328 0.046210 
0.462778 0.993200 0.462022 
0.057405 0.003472 0.491768 
0.004061 0.004061 0.010404 0.981474 
0.250000 0.250000 0.250000 0.250000 
 142
0.479817 0.003328 0.046210 
0.462778 0.993200 0.462022 
0.057405 0.003472 0.491768 
0.005092 0.986787 0.004061 0.004061 
0.250000 0.250000 0.250000 0.250000 
 143
0.479817 0.003328 0.046210 
0.462778 0.993200 0.462022 
0.057405 0.003472 0.491768 
0.986568 0.005310 0.004061 0.004061 
0.250000 0.250000 0.250000 0.250000 
 144
0.479817 0.003328 0.046210 
0.462778 0.993200 0.462022 
0.057405 0.003472 0.491768 
0.005531 0.004062 0.984859 0.005548 
0.250000 0.250000 0.250000 0.250000 
 145
0.479817 0.003328 0.046210 
0.462778 0.993200 0.462022 
0.057405 0.003472 0.491768 
0.006283 0.004062 0.985594 0.004062 
0.250000 0.250000 0.250000 0.250000 
 146
0.479817 0.003328 0.046210 
0.462778 0.993200 0.462022 
0.057405 0.003472 0.491768 
0.013519 0.977942 0.004062 0.004478 
0.250000 0.250000 0.250000 0.250000 
 147
0.479817 0.003328 0.046210 
0.462778 0.993200 0.462022 
0.057405 0.003472 0.491768 
0.978900 0.012978 0.004061 0.004061 
0.250000 0.250000 0.250000 0.250000 
 148
0.479817 0.003328 0.046210 
0.462778 0.993200 0.462022 
0.057405 0.003472 0.491768 
0.987104 0.004773 0.004062 0.004062 
0.250000 0.250000 0.250000 0.250000 
 149
0.479817 0.003328 0.046210 
0.462778 0.993200 0.462022 
0.057405 0.003472 0.491768 
0.004061 0.004061 0.004573 0.987306 
0.250000 0.250000 0.250000 0.250000 
 150
0.479817 0.003328 0.046210 
0.462778 0.993200 0.462022 
0.057405 0.003472 0.491768 
0.004879 0.004061 0.005239 0.985821 
0.250000 0.250000 0.250000 0.250000 
 151
0.479817 0.003328 0.046210 
0.462778 0.993200 0.462022 
0.057405 0.003472 0.491768 
0.004061 0.987818 0.004061 0.004061 
0.250000 0.250000 0.250000 0.250000 
 152
0.479817 0.003328 0.046210 
0.462778 0.993200 0.462022 
0.057405 0.003472 0.491768 
0.987818 0.004061 0.004061 0.004061 
0.250000 0.250000 0.250000 0.250000 
 153
0.479817 0.003328 0.046210 
0.462778 0.993200 0.462022 
0.057405 0.003472 0.491768 
0.983656 0.008222 0.004061 0.004061 
0.250000 0.250000 0.250000 0.250000 
 154
0.479817 0.003328 0.046210 
0.462778 0.993200 0.462022 
0.057405 0.003472 0.491768 
0.004061 0.987818 0.004061 0.004061 
0.250000 0.250000 0.250000 0.250000 
 155
0.479817 0.003328 0.046210 
0.462778 0.993200 0.462022 
0.057405 0.003472 0.491768 
0.004061 0.004061 0.004061 0.987818 
0.250000 0.250000 0.250000 0.250000 
 156
0.479817 0.003328 0.046210 
0.462778 0.993200 0.462022 
0.057405 0.003472 0.491768 
0.004987 0.004061 0.009461 0.981490 
0.250000 0.250000 0.250000 0.250000 
 157
0.479817 0.003328 0.046210 
0.462778 0.993200 0.462022 
0.057405 0.003472 0.491768 
0.987818 0.004061 0.004061 0.004061 
0.250000 0.250000 0.250000 0.250000 
 158
0.479817 0.003328 0.046210 
0.462778 0.993200 0.462022 
0.057405 0.003472 0.491768 
0.004061 0.004061 0.987818 0.004061 
0.250000 0.250000 0.250000 0.250000 
 159
0.479817 0.003328 0.046210 
0.462778 0.993200 0.462022 
0.057405 0.003472 0.491768 
0.004062 0.004555 0.008910 0.982473 
0.250000 0.250000 0.250000 0.250000 
 160
0.479817 0.003328 0.046210 
0.462778 0.993200 0.462022 
0.057405 0.003472 0.491768 
0.987818 0.004061 0.004061 0.004061 
0.250000 0.250000 0.250000 0.250000 
 161
0.479817 0.003328 0.046210 
0.462778 0.993200 0.462022 
0.057405 0.003472 0.491768 
0.987815 0.004062 0.004062 0.004062 
0.250000 0.250000 0.250000 0.250000 
 162
0.479817 0.003328 0.046210 
0.462778 0.993200 0.462022 
0.057405 0.003472 0.491768 
0.004061 0.004061 0.004935 0.986944 
0.250000 0.250000 0.250000 0.250000 
 163
0.479817 0.003328 0.046210 
0.462778 0.993200 0.462022 
0.057405 0.003472 0.491768 
0.004061 0.987818 0.004061 0.004061 
0.250000 0.250000 0.250000 0.250000 
 164
0.479817 0.003328 0.046210 
0.462778 0.993200 0.462022 
0.057405 0.003472 0.491768 
0.004061 0.004061 0.987818 0.004061 
0.250000 0.250000 0.250000 0.250000 
 165
0.479817 0.003328 0.046210 
0.462778 0.993200 0.462022 
0.057405 0.003472 0.491768 
0.006005 0.004423 0.012238 0.977334 
0.250000 0.250000 0.250000 0.250000 
 166
0.479817 0.003328 0.046210 
0.462778 0.993200 0.462022 
0.057405 0.003472 0.491768 
0.987818 0.004061 0.004061 0.004061 
0.250000 0.250000 0.250000 0.250000 
 167
0.479817 0.003328 0.046210 
0.462778 0.993200 0.462022 
0.057405 0.003472 0.491768 
0.004063 0.004063 0.987812 0.004063 
0.250000 0.250000 0.250000 0.250000 
 168
0.479817 0.003328 0.046210 
0.462778 0.993200 0.462022 
0.057405 0.003472 0.491768 
0.004453 0.004062 0.005472 0.986013 
0.250000 0.250000 0.250000 0.250000 
 169
0.479817 0.003328 0.046210 
0.462778 0.993200 0.462022 
0.057405 0.003472 0.491768 
0.004061 0.987818 0.004061 0.004061 
0.250000 0.250000 0.250000 0.250000 
 170
0.479817 0.003328 0.046210 
0.462778 0.993200 0.462022 
0.057405 0.003472 0.491768 
0.987818 0.004061 0.004061 0.004061 
0.250000 0.250000 0.250000 0.250000 
 171
0.479817 0.003328 0.046210 
0.462778 0.993200 0.462022 
0.057405 0.003472 0.491768 
0.016359 0.975518 0.004062 0.004062 
0.250000 0.250000 0.250000 0.250000 
 172
0.479817 0.003328 0.046210 
0.462778 0.993200 0.462022 
0.057405 0.003472 0.491768 
0.004061 0.004061 0.688412 0.303466 
0.250000 0.250000 0.250000 0.250000 
 173
0.479817 0.003328 0.046210 
0.462778 0.993200 0.462022 
0.057405 0.003472 0.491768 
0.004061 0.004061 0.004061 0.987818 
0.250000 0.250000 0.250000 0.250000 
 174
0.479817 0.003328 0.046210 
0.462778 0.993200 0.462022 
0.057405 0.003472 0.491768 
0.008262 0.979505 0.004061 0.008172 
0.250000 0.250000 0.250000 0.250000 
 175
0.479817 0.003328 0.046210 
0.462778 0.993200 0.462022 
0.057405 0.003472 0.491768 
0.004860 0.987018 0.004061 0.004061 
0.250000 0.250000 0.250000 0.250000 
 176
0.479817 0.003328 0.046210 
0.462778 0.993200 0.462022 
0.057405 0.003472 0.491768 
0.004061 0.004061 0.004061 0.987818 
0.250000 0.250000 0.250000 0.250000 
 177
0.479817 0.003328 0.046210 
0.462778 0.993200 0.462022 
0.057405 0.003472 0.491768 
0.004061 0.004061 0.006319 0.985560 
0.250000 0.250000 0.250000 0.250000 
 178
0.479817 0.003328 0.046210 
0.462778 0.993200 0.462022 
0.057405 0.003472 0.491768 
0.004061 0.004061 0.987818 0.004061 
0.250000 0.250000 0.250000 0.250000 
 179
0.479817 0.003328 0.046210 
0.462778 0.993200 0.462022 
0.057405 0.003472 0.491768 
0.987818 0.004061 0.004061 0.004061 
0.250000 0.250000 0.250000 0.250000 
 180
0.479817 0.003328 0.046210 
0.462778 0.993200 0.462022 
0.057405 0.003472 0.491768 
0.008686 0.982508 0.004062 0.004744 
0.250000 0.250000 0.250000 0.250000 
 181
0.479817 0.003328 0.046210 
0.462778 0.993200 0.462022 
0.057405 0.003472 0.491768 
0.986346 0.005140 0.004453 0.004061 
0.250000 0.250000 0.250000 0.250000 
 182
0.479817 0.003328 0.046210 
0.462778 0.993200 0.462022 
0.057405 0.003472 0.491768 
0.986639 0.004849 0.004451 0.004061 
0.250000 0.250000 0.250000 0.250000 
 183
0.479817 0.003328 0.046210 
0.462778 0.993200 0.462022 
0.057405 0.003472 0.491768 
0.004497 0.004061 0.006544 0.984898 
0.250000 0.250000 0.250000 0.250000 
 184
0.479817 0.003328 0.046210 
0.462778 0.993200 0.462022 
0.057405 0.003472 0.491768 
0.004534 0.004061 0.004854 0.986551 
0.250000 0.250000 0.250000 0.250000 
 185
0.479817 0.003328 0.046210 
0.462778 0.993200 0.462022 
0.057405 0.003472 0.491768 
0.004854 0.004061 0.986434 0.004650 
0.250000 0.250000 0.250000 0.250000 
 186
0.479817 0.003328 0.046210 
0.462778 0.993200 0.462022 
0.057405 0.003472 0.491768 
0.005086 0.004061 0.985692 0.005161 
0.250000 0.250000 0.250000 0.250000 
 187
0.479817 0.003328 0.046210 
0.462778 0.993200 0.462022 
0.057405 0.003472 0.491768 
0.004061 0.004061 0.004947 0.986932 
0.250000 0.250000 0.250000 0.250000 
 188
0.479817 0.003328 0.046210 
0.462778 0.993200 0.462022 
0.057405 0.003472 0.491768 
0.004061 0.004061 0.987289 0.004589 
0.250000 0.250000 0.250000 0.250000 
 189
0.479817 0.003328 0.046210 
0.462778 0.993200 0.462022 
0.057405 0.003472 0.491768 
0.985596 0.005586 0.004756 0.004062 
0.250000 0.250000 0.250000 0.250000 
 190
0.479817 0.003328 0.046210 
0.462778 0.993200 0.462022 
0.057405 0.003472 0.491768 
0.986305 0.005173 0.004061 0.004462 
0.250000 0.250000 0.250000 0.250000 
 191
0.479817 0.003328 0.046210 
0.462778 0.993200 0.462022 
0.057405 0.003472 0.491768 
0.004061 0.004061 0.011130 0.980749 
0.250000 0.250000 0.250000 0.250000 
 192
0.479817 0.003328 0.046210 
0.462778 0.993200 0.462022 
0.057405 0.003472 0.491768 
0.984027 0.006955 0.004415 0.004603 
0.250000 0.250000 0.250000 0.250000 
 193
0.479817 0.003328 0.046210 
0.462778 0.993200 0.462022 
0.057405 0.003472 0.491768 
0.004631 0.986862 0.004062 0.004445 
0.250000 0.250000 0.250000 0.250000 
 194
0.479817 0.003328 0.046210 
0.462778 0.993200 0.462022 
0.057405 0.003472 0.491768 
0.005399 0.986479 0.004061 0.004061 
0.250000 0.250000 0.250000 0.250000 
 195
0.479817 0.003328 0.046210 
0.462778 0.993200 0.462022 
0.057405 0.003472 0.491768 
0.023093 0.004415 0.004687 0.967805 
0.250000 0.250000 0.250000 0.250000 
 196
0.479817 0.003328 0.046210 
0.462778 0.993200 0.462022 
0.057405 0.003472 0.491768 
0.005854 0.986024 0.004061 0.004061 
0.250000 0.250000 0.250000 0.250000 
 197
0.479817 0.003328 0.046210 
0.462778 0.993200 0.462022 
0.057405 0.003472 0.491768 
0.985679 0.004675 0.004392 0.005254 
0.250000 0.250000 0.250000 0.250000 
 198
0.479817 0.003328 0.046210 
0.462778 0.993200 0.462022 
0.057405 0.003472 0.491768 
0.986422 0.005456 0.004061 0.004061 
0.250000 0.250000 0.250000 0.250000 
 199
0.479817 0.003328 0.046210 
0.462778 0.993200 0.462022 
0.057405 0.003472 0.491768 
0.986797 0.005081 0.004061 0.004061 
0.250000 0.250000 0.250000 0.250000 
 200
0.479817 0.003328 0.046210 
0.462778 0.993200 0.462022 
0.057405 0.003472 0.491768 
0.004061 0.004061 0.004061 0.987818 
0.250000 0.250000 0.250000 0.250000 
 201
0.479817 0.003328 0.046210 
0.462778 0.993200 0.462022 
0.057405 0.003472 0.491768 
0.986070 0.004465 0.005404 0.004061 
0.250000 0.250000 0.250000 0.250000 
 202
0.479817 0.003328 0.046210 
0.462778 0.993200 0.462022 
0.057405 0.003472 0.491768 
0.004061 0.004061 0.004061 0.987818 
0.250000 0.250000 0.250000 0.250000 
 203
0.479817 0.003328 0.046210 
0.462778 0.993200 0.462022 
0.057405 0.003472 0.491768 
0.004061 0.987818 0.004061 0.004061 
0.250000 0.250000 0.250000 0.250000 
 204
0.479817 0.003328 0.046210 
0.462778 0.993200 0.462022 
0.057405 0.003472 0.491768 
0.004062 0.004062 0.980412 0.011465 
0.250000 0.250000 0.250000 0.250000 
 205
0.479817 0.003328 0.046210 
0.462778 0.993200 0.462022 
0.057405 0.003472 0.491768 
0.027947 0.963460 0.004061 0.004532 
0.250000 0.250000 0.250000 0.250000 
 206
0.479817 0.003328 0.046210 
0.462778 0.993200 0.462022 
0.057405 0.003472 0.491768 
0.987065 0.004812 0.004062 0.004062 
0.250000 0.250000 0.250000 0.250000 
 207
0.479817 0.003328 0.046210 
0.462778 0.993200 0.462022 
0.057405 0.003472 0.491768 
0.004623 0.004061 0.986461 0.004854 
0.250000 0.250000 0.250000 0.250000 
 208
0.479817 0.003328 0.046210 
0.462778 0.993200 0.462022 
0.057405 0.003472 0.491768 
0.987294 0.004061 0.004584 0.004061 
0.250000 0.250000 0.250000 0.250000 
 209
0.479817 0.003328 0.046210 
0.462778 0.993200 0.462022 
0.057405 0.003472 0.491768 
0.005529 0.986349 0.004061 0.004061 
0.250000 0.250000 0.250000 0.250000 
 210
0.479817 0.003328 0.046210 
0.462778 0.993200 0.462022 
0.057405 0.003472 0.491768 
0.004061 0.004061 0.012330 0.979549 
0.250000 0.250000 0.250000 0.250000 
 211
0.479817 0.003328 0.046210 
0.462778 0.993200 0.462022 
0.057405 0.003472 0.491768 
0.004061 0.004061 0.987818 0.004061 
0.250000 0.250000 0.250000 0.250000 
 212
0.479817 0.003328 0.046210 
0.462778 0.993200 0.462022 
0.057405 0.003472 0.491768 
0.004061 0.004061 0.987818 0.004061 
0.250000 0.250000 0.250000 0.250000 
 213
0.479817 0.003328 0.046210 
0.462778 0.993200 0.462022 
0.057405 0.003472 0.491768 
0.005311 0.004061 0.028464 0.962164 
0.250000 0.250000 0.250000 0.250000 
 214
0.479817 0.003328 0.046210 
0.462778 0.993200 0.462022 
0.057405 0.003472 0.491768 
0.004061 0.004061 0.987061 0.004817 
0.250000 0.250000 0.250000 0.250000 
 215
0.479817 0.003328 0.046210 
0.462778 0.993200 0.462022 
0.057405 0.003472 0.491768 
0.986535 0.004550 0.004061 0.004854 
0.250000 0.250000 0.250000 0.250000 
 216
0.479817 0.003328 0.046210 
0.462778 0.993200 0.462022 
0.057405 0.003472 0.491768 
0.004061 0.004061 0.009967 0.981911 
0.250000 0.250000 0.250000 0.250000 
 217
0.479817 0.003328 0.046210 
0.462778 0.993200 0.462022 
0.057405 0.003472 0.491768 
0.018507 0.004062 0.973370 0.004062 
0.250000 0.250000 0.250000 0.250000 
 218
0.479817 0.003328 0.046210 
0.462778 0.993200 0.462022 
0.057405 0.003472 0.491768 
0.981524 0.007617 0.004061 0.006798 
0.250000 0.250000 0.250000 0.250000 
 219
0.479817 0.003328 0.046210 
0.462778 0.993200 0.462022 
0.057405 0.003472 0.491768 
0.007367 0.983142 0.004062 0.005429 
0.250000 0.250000 0.250000 0.250000 
 220
0.479817 0.003328 0.046210 
0.462778 0.993200 0.462022 
0.057405 0.003472 0.491768 
0.984905 0.006973 0.004061 0.004061 
0.250000 0.250000 0.250000 0.250000 
 221
0.479817 0.003328 0.046210 
0.462778 0.993200 0.462022 
0.057405 0.003472 0.491768 
0.004061 0.004061 0.004061 0.987818 
0.250000 0.250000 0.250000 0.250000 
 222
0.479817 0.003328 0.046210 
0.462778 0.993200 0.462022 
0.057405 0.003472 0.491768 
0.005167 0.004061 0.985212 0.005560 
0.250000 0.250000 0.250000 0.250000 
 223
0.479817 0.003328 0.046210 
0.462778 0.993200 0.462022 
0.057405 0.003472 0.491768 
0.004772 0.004062 0.987104 0.004062 
0.250000 0.250000 0.250000 0.250000 
 224
0.479817 0.003328 0.046210 
0.462778 0.993200 0.462022 
0.057405 0.003472 0.491768 
0.004061 0.004061 0.004061 0.987818 
0.250000 0.250000 0.250000 0.250000 
 225
0.479817 0.003328 0.046210 
0.462778 0.993200 0.462022 
0.057405 0.003472 0.491768 
0.004432 0.004061 0.005542 0.985966 
0.250000 0.250000 0.250000 0.250000 
 226
0.479817 0.003328 0.046210 
0.462778 0.993200 0.462022 
0.057405 0.003472 0.491768 
0.004061 0.987818 0.004061 0.004061 
0.250000 0.250000 0.250000 0.250000 
 227
0.479817 0.003328 0.046210 
0.462778 0.993200 0.462022 
0.057405 0.003472 0.491768 
0.987818 0.004061 0.004061 0.004061 
0.250000 0.250000 0.250000 0.250000 
 228
0.479817 0.003328 0.046210 
0.462778 0.993200 0.462022 
0.057405 0.003472 0.491768 
0.004061 0.004061 0.004768 0.987110 
0.250000 0.250000 0.250000 0.250000 
 229
0.479817 0.003328 0.046210 
0.462778 0.993200 0.462022 
0.057405 0.003472 0.491768 
0.004061 0.987818 0.004061 0.004061 
0.250000 0.250000 0.250000 0.250000 
 230
0.479817 0.003328 0.046210 
0.462778 0.993200 0.462022 
0.057405 0.003472 0.491768 
0.004061 0.987818 0.004061 0.004061 
0.250000 0.250000 0.250000 0.250000 
 231
0.479817 0.003328 0.046210 
0.462778 0.993200 0.462022 
0.057405 0.003472 0.491768 
0.984432 0.006598 0.004062 0.004909 
0.250000 0.250000 0.250000 0.250000 
 232
0.479817 0.003328 0.046210 
0.462778 0.993200 0.462022 
0.057405 0.003472 0.491768 
0.009429 0.982444 0.004064 0.004064 
0.250000 0.250000 0.250000 0.250000 
 233
0.479817 0.003328 0.046210 
0.462778 0.993200 0.462022 
0.057405 0.003472 0.491768 
0.985772 0.006106 0.004061 0.004061 
0.250000 0.250000 0.250000 0.250000 
 234
0.479817 0.003328 0.046210 
0.462778 0.993200 0.462022 
0.057405 0.003472 0.491768 
0.986430 0.005449 0.004061 0.004061 
0.250000 0.250000 0.250000 0.250000 
 235
