%  SAM: /scicomp/home/yfa9/CDC_projects/Mol_genetic_analysis/Nomenclature/H1_Nomenclature/R2/From_R1/1-Variants/3_GenGrp-files/1-Groupwise-fasta/v-1/3-All/v-4/label/LABEL_RES/scripts/modelfromalign_Linux v3.5 (July 15, 2005) compiled 12/08/06_16:15:55
%  (c) 1992-2001 Regents of the University of California, Santa Cruz
%
%          Sequence Alignment and Modeling Software System
%         http://www.cse.ucsc.edu/research/compbio/sam.html
%
% ----------------- Citations (SAM, SAM-T2K, HMMs) --------------------
% R. Hughey, A. Krogh, Hidden Markov models for sequence analysis:
%  Extension and analysis of the basic method, CABIOS 12:95-107, 1996.
% K. Karplus, et al., What is the value added by human intervention in protein
%  structure prediction, Proteins: Stucture, Function, Genetics 45(S5):86--91, 2001.
% A. Krogh et al., Hidden Markov models in computational biology:
%  Applications to protein modeling, JMB 235:1501-1531, Feb 1994.
% ---------------------------------------------------------------------
%  c-non-5_hmm   Host: login01.aspen.biotech.cdc.gov    Thu Nov 30 13:17:35 2017
%  yfa9          Dir:  /scicomp/home/yfa9/CDC_projects/Mol_genetic_analysis/Nomenclature/H1_Nomenclature/R2/From_R1/1-Variants/3_GenGrp-files/1-Groupwise-fasta/v-1/3-All/v-4/R2-v1/c-1-8-Old/c-1-to-6-8-Old/c-non-6C
% ---------------------------------------------------------------------
%  Alignment weights from internal calc.  Total (84.23) Max (0.16) Min (0.01)
%  Weights from alignment method 1 (karplus), b=-1.000000, e=0.500000
MODEL --  Model from alignment file /scicomp/home/yfa9/CDC_projects/Mol_genetic_analysis/Nomenclature/H1_Nomenclature/R2/From_R1/1-Variants/3_GenGrp-files/1-Groupwise-fasta/v-1/3-All/v-4/label/LABEL_RES/training_data/H1pdm09R2-v2017/c-1-8-Old/c-1-to-6-8-Old/c-non-6C/c-non-5.fasta
alphabet DNA
FREQAVE
0.000000 0.000000 0.000000 
0.000000 0.000000 0.000000 
0.000000 0.000000 0.000000 
0.352439 0.222706 0.185182 0.239674 
0.352439 0.222706 0.185182 0.239674 
Begin
0.000000 0.000000 0.000000 
0.000000 0.000000 0.000000 
0.000000 0.002653 0.491768 
0.250000 0.250000 0.250000 0.250000 
0.250000 0.250000 0.250000 0.250000 
   1
0.000000 0.002619 0.046210 
0.000000 0.994729 0.462022 
0.057294 0.002653 0.491768 
0.991199 0.002934 0.002934 0.002934 
0.250000 0.250000 0.250000 0.250000 
   2
0.480825 0.002543 0.046210 
0.461881 0.994804 0.462022 
0.057294 0.002653 0.491768 
0.002934 0.002934 0.002934 0.991199 
0.250000 0.250000 0.250000 0.250000 
   3
0.478888 0.002543 0.046210 
0.463818 0.994804 0.462022 
0.057405 0.002653 0.491768 
0.002933 0.991200 0.002933 0.002933 
0.250000 0.250000 0.250000 0.250000 
   4
0.479817 0.002543 0.046210 
0.462778 0.994805 0.462022 
0.057405 0.002653 0.491768 
0.966686 0.027447 0.002934 0.002934 
0.250000 0.250000 0.250000 0.250000 
   5
0.479817 0.002543 0.046210 
0.462778 0.994805 0.462022 
0.057405 0.002653 0.491768 
0.989663 0.003988 0.003416 0.002933 
0.250000 0.250000 0.250000 0.250000 
   6
0.479817 0.002543 0.046210 
0.462778 0.994805 0.462022 
0.057405 0.002653 0.491768 
0.007179 0.985959 0.002934 0.003928 
0.250000 0.250000 0.250000 0.250000 
   7
0.479817 0.002543 0.046210 
0.462778 0.994805 0.462022 
0.057405 0.002653 0.491768 
0.005886 0.987410 0.003771 0.002933 
0.250000 0.250000 0.250000 0.250000 
   8
0.479817 0.002543 0.046210 
0.462778 0.994805 0.462022 
0.057405 0.002653 0.491768 
0.004233 0.002933 0.988450 0.004384 
0.250000 0.250000 0.250000 0.250000 
   9
0.479817 0.002543 0.046210 
0.462778 0.994805 0.462022 
0.057405 0.002653 0.491768 
0.990050 0.003542 0.002933 0.003475 
0.250000 0.250000 0.250000 0.250000 
  10
0.479817 0.002543 0.046210 
0.462778 0.994805 0.462022 
0.057405 0.002653 0.491768 
0.989722 0.004411 0.002933 0.002933 
0.250000 0.250000 0.250000 0.250000 
  11
0.479817 0.002543 0.046210 
0.462778 0.994805 0.462022 
0.057405 0.002653 0.491768 
0.003174 0.003295 0.005360 0.988171 
0.250000 0.250000 0.250000 0.250000 
  12
0.479817 0.002543 0.046210 
0.462778 0.994805 0.462022 
0.057405 0.002653 0.491768 
0.990286 0.003558 0.002933 0.003223 
0.250000 0.250000 0.250000 0.250000 
  13
0.479817 0.002543 0.046210 
0.462778 0.994805 0.462022 
0.057405 0.002653 0.491768 
0.003657 0.002934 0.987621 0.005788 
0.250000 0.250000 0.250000 0.250000 
  14
0.479817 0.002543 0.046210 
0.462778 0.994805 0.462022 
0.057405 0.002653 0.491768 
0.002933 0.003635 0.003961 0.989471 
0.250000 0.250000 0.250000 0.250000 
  15
0.479817 0.002543 0.046210 
0.462778 0.994805 0.462022 
0.057405 0.002653 0.491768 
0.989445 0.004275 0.003347 0.002933 
0.250000 0.250000 0.250000 0.250000 
  16
0.479817 0.002543 0.046210 
0.462778 0.994805 0.462022 
0.057405 0.002653 0.491768 
0.009755 0.979533 0.003168 0.007544 
0.250000 0.250000 0.250000 0.250000 
  17
0.479817 0.002543 0.046210 
0.462778 0.994805 0.462022 
0.057405 0.002653 0.491768 
0.002935 0.003683 0.015327 0.978055 
0.250000 0.250000 0.250000 0.250000 
  18
0.479817 0.002543 0.046210 
0.462778 0.994805 0.462022 
0.057405 0.002653 0.491768 
0.990520 0.003613 0.002933 0.002933 
0.250000 0.250000 0.250000 0.250000 
  19
0.479817 0.002543 0.046210 
0.462778 0.994805 0.462022 
0.057405 0.002653 0.491768 
0.004160 0.987954 0.002933 0.004953 
0.250000 0.250000 0.250000 0.250000 
  20
0.479817 0.002543 0.046210 
0.462778 0.994805 0.462022 
0.057405 0.002653 0.491768 
0.002933 0.003558 0.004257 0.989252 
0.250000 0.250000 0.250000 0.250000 
  21
0.479817 0.002543 0.046210 
0.462778 0.994805 0.462022 
0.057405 0.002653 0.491768 
0.003179 0.003677 0.004494 0.988650 
0.250000 0.250000 0.250000 0.250000 
  22
0.479817 0.002543 0.046210 
0.462778 0.994805 0.462022 
0.057405 0.002653 0.491768 
0.007866 0.002938 0.983433 0.005763 
0.250000 0.250000 0.250000 0.250000 
  23
0.479817 0.002543 0.046210 
0.462778 0.994805 0.462022 
0.057405 0.002653 0.491768 
0.002934 0.002934 0.002934 0.991199 
0.250000 0.250000 0.250000 0.250000 
  24
0.479817 0.002543 0.046210 
0.462778 0.994805 0.462022 
0.057405 0.002653 0.491768 
0.005444 0.987614 0.002933 0.004008 
0.250000 0.250000 0.250000 0.250000 
  25
0.479817 0.002543 0.046210 
0.462778 0.994805 0.462022 
0.057405 0.002653 0.491768 
0.003334 0.003161 0.988726 0.004780 
0.250000 0.250000 0.250000 0.250000 
  26
0.479817 0.002543 0.046210 
0.462778 0.994805 0.462022 
0.057405 0.002653 0.491768 
0.002933 0.002933 0.003438 0.990695 
0.250000 0.250000 0.250000 0.250000 
  27
0.479817 0.002543 0.046210 
0.462778 0.994805 0.462022 
0.057405 0.002653 0.491768 
0.989059 0.004312 0.003696 0.002934 
0.250000 0.250000 0.250000 0.250000 
  28
0.479817 0.002543 0.046210 
0.462778 0.994805 0.462022 
0.057405 0.002653 0.491768 
0.002933 0.002933 0.004234 0.989899 
0.250000 0.250000 0.250000 0.250000 
  29
0.479817 0.002543 0.046210 
0.462778 0.994805 0.462022 
0.057405 0.002653 0.491768 
0.987480 0.004176 0.002933 0.005410 
0.250000 0.250000 0.250000 0.250000 
  30
0.479817 0.002543 0.046210 
0.462778 0.994805 0.462022 
0.057405 0.002653 0.491768 
0.002933 0.002933 0.013913 0.980220 
0.250000 0.250000 0.250000 0.250000 
  31
0.479817 0.002543 0.046210 
0.462778 0.994805 0.462022 
0.057405 0.002653 0.491768 
0.990809 0.003325 0.002933 0.002933 
0.250000 0.250000 0.250000 0.250000 
  32
0.479817 0.002543 0.046210 
0.462778 0.994805 0.462022 
0.057405 0.002653 0.491768 
0.003562 0.002933 0.988622 0.004883 
0.250000 0.250000 0.250000 0.250000 
  33
0.479817 0.002543 0.046210 
0.462778 0.994805 0.462022 
0.057405 0.002653 0.491768 
0.989999 0.003647 0.002933 0.003421 
0.250000 0.250000 0.250000 0.250000 
  34
0.479817 0.002543 0.046210 
0.462778 0.994805 0.462022 
0.057405 0.002653 0.491768 
0.004708 0.003555 0.004831 0.986905 
0.250000 0.250000 0.250000 0.250000 
  35
0.479817 0.002543 0.046210 
0.462778 0.994805 0.462022 
0.057405 0.002653 0.491768 
0.003589 0.003276 0.003286 0.989849 
0.250000 0.250000 0.250000 0.250000 
  36
0.479817 0.002543 0.046210 
0.462778 0.994805 0.462022 
0.057405 0.002653 0.491768 
0.004917 0.002934 0.004695 0.987453 
0.250000 0.250000 0.250000 0.250000 
  37
0.479817 0.002543 0.046210 
0.462778 0.994805 0.462022 
0.057405 0.002653 0.491768 
0.011618 0.982053 0.002933 0.003396 
0.250000 0.250000 0.250000 0.250000 
  38
0.479817 0.002543 0.046210 
0.462778 0.994805 0.462022 
0.057405 0.002653 0.491768 
0.003643 0.005141 0.986413 0.004803 
0.250000 0.250000 0.250000 0.250000 
  39
0.479817 0.002543 0.046210 
0.462778 0.994805 0.462022 
0.057405 0.002653 0.491768 
0.989944 0.003389 0.003196 0.003471 
0.250000 0.250000 0.250000 0.250000 
  40
0.479817 0.002543 0.046210 
0.462778 0.994805 0.462022 
0.057405 0.002653 0.491768 
0.983995 0.008713 0.002934 0.004358 
0.250000 0.250000 0.250000 0.250000 
  41
0.479817 0.002543 0.046210 
0.462778 0.994805 0.462022 
0.057405 0.002653 0.491768 
0.002934 0.002934 0.983676 0.010457 
0.250000 0.250000 0.250000 0.250000 
  42
0.479817 0.002543 0.046210 
0.462778 0.994805 0.462022 
0.057405 0.002653 0.491768 
0.006154 0.003152 0.981568 0.009126 
0.250000 0.250000 0.250000 0.250000 
  43
0.479817 0.002543 0.046210 
0.462778 0.994805 0.462022 
0.057405 0.002653 0.491768 
0.016022 0.977046 0.002934 0.003999 
0.250000 0.250000 0.250000 0.250000 
  44
0.479817 0.002543 0.046210 
0.462778 0.994805 0.462022 
0.057405 0.002653 0.491768 
0.002933 0.002933 0.989516 0.004617 
0.250000 0.250000 0.250000 0.250000 
  45
0.479817 0.002543 0.046210 
0.462778 0.994805 0.462022 
0.057405 0.002653 0.491768 
0.987762 0.004838 0.003453 0.003946 
0.250000 0.250000 0.250000 0.250000 
  46
0.479817 0.002543 0.046210 
0.462778 0.994805 0.462022 
0.057405 0.002653 0.491768 
0.988738 0.004774 0.003183 0.003305 
0.250000 0.250000 0.250000 0.250000 
  47
0.479817 0.002543 0.046210 
0.462778 0.994805 0.462022 
0.057405 0.002653 0.491768 
0.988084 0.005708 0.003274 0.002934 
0.250000 0.250000 0.250000 0.250000 
  48
0.479817 0.002543 0.046210 
0.462778 0.994805 0.462022 
0.057405 0.002653 0.491768 
0.005221 0.004080 0.005377 0.985322 
0.250000 0.250000 0.250000 0.250000 
  49
0.479817 0.002543 0.046210 
0.462778 0.994805 0.462022 
0.057405 0.002653 0.491768 
0.005219 0.988034 0.003151 0.003597 
0.250000 0.250000 0.250000 0.250000 
  50
0.479817 0.002543 0.046210 
0.462778 0.994805 0.462022 
0.057405 0.002653 0.491768 
0.002933 0.002933 0.991200 0.002933 
0.250000 0.250000 0.250000 0.250000 
  51
0.479817 0.002543 0.046210 
0.462778 0.994805 0.462022 
0.057405 0.002653 0.491768 
0.988182 0.004462 0.004207 0.003150 
0.250000 0.250000 0.250000 0.250000 
  52
0.479817 0.002543 0.046210 
0.462778 0.994805 0.462022 
0.057405 0.002653 0.491768 
0.003219 0.990487 0.002933 0.003361 
0.250000 0.250000 0.250000 0.250000 
  53
0.479817 0.002543 0.046210 
0.462778 0.994805 0.462022 
0.057405 0.002653 0.491768 
0.990579 0.003257 0.003231 0.002934 
0.250000 0.250000 0.250000 0.250000 
  54
0.479817 0.002543 0.046210 
0.462778 0.994805 0.462022 
0.057405 0.002653 0.491768 
0.002933 0.002933 0.990748 0.003385 
0.250000 0.250000 0.250000 0.250000 
  55
0.479817 0.002543 0.046210 
0.462778 0.994805 0.462022 
0.057405 0.002653 0.491768 
0.991200 0.002933 0.002933 0.002933 
0.250000 0.250000 0.250000 0.250000 
  56
0.479817 0.002543 0.046210 
0.462778 0.994805 0.462022 
0.057405 0.002653 0.491768 
0.002934 0.002934 0.990046 0.004086 
0.250000 0.250000 0.250000 0.250000 
  57
0.479817 0.002543 0.046210 
0.462778 0.994805 0.462022 
0.057405 0.002653 0.491768 
0.989197 0.003666 0.002933 0.004204 
0.250000 0.250000 0.250000 0.250000 
  58
0.479817 0.002543 0.046210 
0.462778 0.994805 0.462022 
0.057405 0.002653 0.491768 
0.003451 0.002933 0.006480 0.987135 
0.250000 0.250000 0.250000 0.250000 
  59
0.479817 0.002543 0.046210 
0.462778 0.994805 0.462022 
0.057405 0.002653 0.491768 
0.002933 0.002933 0.002933 0.991200 
0.250000 0.250000 0.250000 0.250000 
  60
0.479817 0.002543 0.046210 
0.462778 0.994805 0.462022 
0.057405 0.002653 0.491768 
0.978989 0.015145 0.002933 0.002933 
0.250000 0.250000 0.250000 0.250000 
  61
0.479817 0.002543 0.046210 
0.462778 0.994805 0.462022 
0.057405 0.002653 0.491768 
0.003436 0.002933 0.003588 0.990043 
0.250000 0.250000 0.250000 0.250000 
  62
0.479817 0.002543 0.046210 
0.462778 0.994805 0.462022 
0.057405 0.002653 0.491768 
0.002933 0.991200 0.002933 0.002933 
0.250000 0.250000 0.250000 0.250000 
  63
0.479817 0.002543 0.046210 
0.462778 0.994805 0.462022 
0.057405 0.002653 0.491768 
0.002933 0.003519 0.007558 0.985989 
0.250000 0.250000 0.250000 0.250000 
  64
0.479817 0.002543 0.046210 
0.462778 0.994805 0.462022 
0.057405 0.002653 0.491768 
0.987132 0.005940 0.003995 0.002933 
0.250000 0.250000 0.250000 0.250000 
  65
0.479817 0.002543 0.046210 
0.462778 0.994805 0.462022 
0.057405 0.002653 0.491768 
0.002933 0.003995 0.003435 0.989637 
0.250000 0.250000 0.250000 0.250000 
  66
0.479817 0.002543 0.046210 
0.462778 0.994805 0.462022 
0.057405 0.002653 0.491768 
0.989184 0.003291 0.003531 0.003995 
0.250000 0.250000 0.250000 0.250000 
  67
0.479817 0.002543 0.046210 
0.462778 0.994805 0.462022 
0.057405 0.002653 0.491768 
0.002934 0.991198 0.002934 0.002934 
0.250000 0.250000 0.250000 0.250000 
  68
0.479817 0.002543 0.046210 
0.462778 0.994805 0.462022 
0.057405 0.002653 0.491768 
0.002933 0.991200 0.002933 0.002933 
0.250000 0.250000 0.250000 0.250000 
  69
0.479817 0.002543 0.046210 
0.462778 0.994805 0.462022 
0.057405 0.002653 0.491768 
0.002933 0.003227 0.004491 0.989349 
0.250000 0.250000 0.250000 0.250000 
  70
0.479817 0.002543 0.046210 
0.462778 0.994805 0.462022 
0.057405 0.002653 0.491768 
0.002935 0.002935 0.004444 0.989685 
0.250000 0.250000 0.250000 0.250000 
  71
0.479817 0.002543 0.046210 
0.462778 0.994805 0.462022 
0.057405 0.002653 0.491768 
0.989272 0.003995 0.002933 0.003800 
0.250000 0.250000 0.250000 0.250000 
  72
0.479817 0.002543 0.046210 
0.462778 0.994805 0.462022 
0.057405 0.002653 0.491768 
0.002933 0.003995 0.006480 0.986592 
0.250000 0.250000 0.250000 0.250000 
  73
0.479817 0.002543 0.046210 
0.462778 0.994805 0.462022 
0.057405 0.002653 0.491768 
0.002933 0.002933 0.991200 0.002933 
0.250000 0.250000 0.250000 0.250000 
  74
0.479817 0.002543 0.046210 
0.462778 0.994805 0.462022 
0.057405 0.002653 0.491768 
0.990835 0.003297 0.002934 0.002934 
0.250000 0.250000 0.250000 0.250000 
  75
0.479817 0.002543 0.046210 
0.462778 0.994805 0.462022 
0.057405 0.002653 0.491768 
0.003207 0.002933 0.004184 0.989675 
0.250000 0.250000 0.250000 0.250000 
  76
0.479817 0.002543 0.046210 
0.462778 0.994805 0.462022 
0.057405 0.002653 0.491768 
0.003801 0.990328 0.002935 0.002935 
0.250000 0.250000 0.250000 0.250000 
  77
0.479817 0.002543 0.046210 
0.462778 0.994805 0.462022 
0.057405 0.002653 0.491768 
0.002934 0.003384 0.990477 0.003205 
0.250000 0.250000 0.250000 0.250000 
  78
0.479817 0.002543 0.046210 
0.462778 0.994805 0.462022 
0.057405 0.002653 0.491768 
0.013069 0.980423 0.002934 0.003574 
0.250000 0.250000 0.250000 0.250000 
  79
0.479817 0.002543 0.046210 
0.462778 0.994805 0.462022 
0.057405 0.002653 0.491768 
0.990421 0.003712 0.002933 0.002933 
0.250000 0.250000 0.250000 0.250000 
  80
0.479817 0.002543 0.046210 
0.462778 0.994805 0.462022 
0.057405 0.002653 0.491768 
0.989096 0.003246 0.004724 0.002934 
0.250000 0.250000 0.250000 0.250000 
  81
0.479817 0.002543 0.046210 
0.462778 0.994805 0.462022 
0.057405 0.002653 0.491768 
0.002934 0.002934 0.989892 0.004241 
0.250000 0.250000 0.250000 0.250000 
  82
0.479817 0.002543 0.046210 
0.462778 0.994805 0.462022 
0.057405 0.002653 0.491768 
0.990793 0.002934 0.002934 0.003340 
0.250000 0.250000 0.250000 0.250000 
  83
0.479817 0.002543 0.046210 
0.462778 0.994805 0.462022 
0.057405 0.002653 0.491768 
0.990731 0.003402 0.002933 0.002933 
0.250000 0.250000 0.250000 0.250000 
  84
0.479817 0.002543 0.046210 
0.462778 0.994805 0.462022 
0.057405 0.002653 0.491768 
0.002933 0.002933 0.005894 0.988239 
0.250000 0.250000 0.250000 0.250000 
  85
0.479817 0.002543 0.046210 
0.462778 0.994805 0.462022 
0.057405 0.002653 0.491768 
0.002933 0.002933 0.002933 0.991200 
0.250000 0.250000 0.250000 0.250000 
  86
0.479817 0.002543 0.046210 
0.462778 0.994805 0.462022 
0.057405 0.002653 0.491768 
0.002934 0.002934 0.991198 0.002934 
0.250000 0.250000 0.250000 0.250000 
  87
0.479817 0.002543 0.046210 
0.462778 0.994805 0.462022 
0.057405 0.002653 0.491768 
0.989968 0.003799 0.002933 0.003300 
0.250000 0.250000 0.250000 0.250000 
  88
0.479817 0.002543 0.046210 
0.462778 0.994805 0.462022 
0.057405 0.002653 0.491768 
0.989852 0.003693 0.003164 0.003292 
0.250000 0.250000 0.250000 0.250000 
  89
0.479817 0.002543 0.046210 
0.462778 0.994805 0.462022 
0.057405 0.002653 0.491768 
0.002933 0.002933 0.990733 0.003400 
0.250000 0.250000 0.250000 0.250000 
  90
0.479817 0.002543 0.046210 
0.462778 0.994805 0.462022 
0.057405 0.002653 0.491768 
0.986501 0.004467 0.002934 0.006099 
0.250000 0.250000 0.250000 0.250000 
  91
0.479817 0.002543 0.046210 
0.462778 0.994805 0.462022 
0.057405 0.002653 0.491768 
0.003671 0.990462 0.002933 0.002933 
0.250000 0.250000 0.250000 0.250000 
  92
0.479817 0.002543 0.046210 
0.462778 0.994805 0.462022 
0.057405 0.002653 0.491768 
0.990813 0.003320 0.002933 0.002933 
0.250000 0.250000 0.250000 0.250000 
  93
0.479817 0.002543 0.046210 
0.462778 0.994805 0.462022 
0.057405 0.002653 0.491768 
0.003670 0.003152 0.989620 0.003559 
0.250000 0.250000 0.250000 0.250000 
  94
0.479817 0.002543 0.046210 
0.462778 0.994805 0.462022 
0.057405 0.002653 0.491768 
0.991200 0.002933 0.002933 0.002933 
0.250000 0.250000 0.250000 0.250000 
  95
0.479817 0.002543 0.046210 
0.462778 0.994805 0.462022 
0.057405 0.002653 0.491768 
0.002933 0.002933 0.990838 0.003296 
0.250000 0.250000 0.250000 0.250000 
  96
0.479817 0.002543 0.046210 
0.462778 0.994805 0.462022 
0.057405 0.002653 0.491768 
0.003665 0.002933 0.004386 0.989016 
0.250000 0.250000 0.250000 0.250000 
  97
0.479817 0.002543 0.046210 
0.462778 0.994805 0.462022 
0.057405 0.002653 0.491768 
0.004500 0.989633 0.002933 0.002933 
0.250000 0.250000 0.250000 0.250000 
  98
0.479817 0.002543 0.046210 
0.462778 0.994805 0.462022 
0.057405 0.002653 0.491768 
0.003235 0.003392 0.002933 0.990440 
0.250000 0.250000 0.250000 0.250000 
  99
0.479817 0.002543 0.046210 
0.462778 0.994805 0.462022 
0.057405 0.002653 0.491768 
0.987496 0.005944 0.002934 0.003626 
0.250000 0.250000 0.250000 0.250000 
 100
0.479817 0.002543 0.046210 
0.462778 0.994805 0.462022 
0.057405 0.002653 0.491768 
0.003253 0.990584 0.002934 0.003229 
0.250000 0.250000 0.250000 0.250000 
 101
0.479817 0.002543 0.046210 
0.462778 0.994805 0.462022 
0.057405 0.002653 0.491768 
0.991199 0.002934 0.002934 0.002934 
0.250000 0.250000 0.250000 0.250000 
 102
0.479817 0.002543 0.046210 
0.462778 0.994805 0.462022 
0.057405 0.002653 0.491768 
0.002934 0.003383 0.988989 0.004694 
0.250000 0.250000 0.250000 0.250000 
 103
0.479817 0.002543 0.046210 
0.462778 0.994805 0.462022 
0.057405 0.002653 0.491768 
0.991200 0.002933 0.002933 0.002933 
0.250000 0.250000 0.250000 0.250000 
 104
0.479817 0.002543 0.046210 
0.462778 0.994805 0.462022 
0.057405 0.002653 0.491768 
0.002933 0.002933 0.991200 0.002933 
0.250000 0.250000 0.250000 0.250000 
 105
0.479817 0.002543 0.046210 
0.462778 0.994805 0.462022 
0.057405 0.002653 0.491768 
0.987016 0.005090 0.004314 0.003581 
0.250000 0.250000 0.250000 0.250000 
 106
0.479817 0.002543 0.046210 
0.462778 0.994805 0.462022 
0.057405 0.002653 0.491768 
0.022776 0.968937 0.002934 0.005353 
0.250000 0.250000 0.250000 0.250000 
 107
0.479817 0.002543 0.046210 
0.462778 0.994805 0.462022 
0.057405 0.002653 0.491768 
0.002933 0.002933 0.002933 0.991200 
0.250000 0.250000 0.250000 0.250000 
 108
0.479817 0.002543 0.046210 
0.462778 0.994805 0.462022 
0.057405 0.002653 0.491768 
0.985765 0.007898 0.002933 0.003403 
0.250000 0.250000 0.250000 0.250000 
 109
0.479817 0.002543 0.046210 
0.462778 0.994805 0.462022 
0.057405 0.002653 0.491768 
0.003426 0.002934 0.986697 0.006944 
0.250000 0.250000 0.250000 0.250000 
 110
0.479817 0.002543 0.046210 
0.462778 0.994805 0.462022 
0.057405 0.002653 0.491768 
0.002933 0.002933 0.002933 0.991200 
0.250000 0.250000 0.250000 0.250000 
 111
0.479817 0.002543 0.046210 
0.462778 0.994805 0.462022 
0.057405 0.002653 0.491768 
0.989262 0.004518 0.003286 0.002933 
0.250000 0.250000 0.250000 0.250000 
 112
0.479817 0.002543 0.046210 
0.462778 0.994805 0.462022 
0.057405 0.002653 0.491768 
0.004400 0.989733 0.002933 0.002933 
0.250000 0.250000 0.250000 0.250000 
 113
0.479817 0.002543 0.046210 
0.462778 0.994805 0.462022 
0.057405 0.002653 0.491768 
0.990608 0.003222 0.003237 0.002933 
0.250000 0.250000 0.250000 0.250000 
 114
0.479817 0.002543 0.046210 
0.462778 0.994805 0.462022 
0.057405 0.002653 0.491768 
0.982487 0.011183 0.003397 0.002934 
0.250000 0.250000 0.250000 0.250000 
 115
0.479817 0.002543 0.046210 
0.462778 0.994805 0.462022 
0.057405 0.002653 0.491768 
0.990722 0.003411 0.002933 0.002933 
0.250000 0.250000 0.250000 0.250000 
 116
0.479817 0.002543 0.046210 
0.462778 0.994805 0.462022 
0.057405 0.002653 0.491768 
0.986565 0.007248 0.002933 0.003254 
0.250000 0.250000 0.250000 0.250000 
 117
0.479817 0.002543 0.046210 
0.462778 0.994805 0.462022 
0.057405 0.002653 0.491768 
0.004803 0.989330 0.002933 0.002933 
0.250000 0.250000 0.250000 0.250000 
 118
0.479817 0.002543 0.046210 
0.462778 0.994805 0.462022 
0.057405 0.002653 0.491768 
0.990714 0.003419 0.002933 0.002933 
0.250000 0.250000 0.250000 0.250000 
 119
0.479817 0.002543 0.046210 
0.462778 0.994805 0.462022 
0.057405 0.002653 0.491768 
0.991200 0.002933 0.002933 0.002933 
0.250000 0.250000 0.250000 0.250000 
 120
0.479817 0.002543 0.046210 
0.462778 0.994805 0.462022 
0.057405 0.002653 0.491768 
0.003554 0.002933 0.005080 0.988432 
0.250000 0.250000 0.250000 0.250000 
 121
0.479817 0.002543 0.046210 
0.462778 0.994805 0.462022 
0.057405 0.002653 0.491768 
0.003638 0.990191 0.002933 0.003238 
0.250000 0.250000 0.250000 0.250000 
 122
0.479817 0.002543 0.046210 
0.462778 0.994805 0.462022 
0.057405 0.002653 0.491768 
0.002933 0.002933 0.003487 0.990646 
0.250000 0.250000 0.250000 0.250000 
 123
0.479817 0.002543 0.046210 
0.462778 0.994805 0.462022 
0.057405 0.002653 0.491768 
0.987977 0.005137 0.003953 0.002934 
0.250000 0.250000 0.250000 0.250000 
 124
0.479817 0.002543 0.046210 
0.462778 0.994805 0.462022 
0.057405 0.002653 0.491768 
0.990206 0.003218 0.003643 0.002933 
0.250000 0.250000 0.250000 0.250000 
 125
0.479817 0.002543 0.046210 
0.462778 0.994805 0.462022 
0.057405 0.002653 0.491768 
0.003208 0.002933 0.990433 0.003426 
0.250000 0.250000 0.250000 0.250000 
 126
0.479817 0.002543 0.046210 
0.462778 0.994805 0.462022 
0.057405 0.002653 0.491768 
0.989465 0.003825 0.003170 0.003540 
0.250000 0.250000 0.250000 0.250000 
 127
0.479817 0.002543 0.046210 
0.462778 0.994805 0.462022 
0.057405 0.002653 0.491768 
0.003540 0.990593 0.002933 0.002933 
0.250000 0.250000 0.250000 0.250000 
 128
0.479817 0.002543 0.046210 
0.462778 0.994805 0.462022 
0.057405 0.002653 0.491768 
0.002934 0.002934 0.003296 0.990837 
0.250000 0.250000 0.250000 0.250000 
 129
0.479817 0.002543 0.046210 
0.462778 0.994805 0.462022 
0.057405 0.002653 0.491768 
0.988472 0.005099 0.002934 0.003496 
0.250000 0.250000 0.250000 0.250000 
 130
0.479817 0.002543 0.046210 
0.462778 0.994805 0.462022 
0.057405 0.002653 0.491768 
0.991200 0.002933 0.002933 0.002933 
0.250000 0.250000 0.250000 0.250000 
 131
0.479817 0.002543 0.046210 
0.462778 0.994805 0.462022 
0.057405 0.002653 0.491768 
0.002933 0.002933 0.991200 0.002933 
0.250000 0.250000 0.250000 0.250000 
 132
0.479817 0.002543 0.046210 
0.462778 0.994805 0.462022 
0.057405 0.002653 0.491768 
0.968690 0.003467 0.002933 0.024910 
0.250000 0.250000 0.250000 0.250000 
 133
0.479817 0.002543 0.046210 
0.462778 0.994805 0.462022 
0.057405 0.002653 0.491768 
0.002933 0.002933 0.990817 0.003316 
0.250000 0.250000 0.250000 0.250000 
 134
0.479817 0.002543 0.046210 
0.462778 0.994805 0.462022 
0.057405 0.002653 0.491768 
0.990752 0.003381 0.002933 0.002933 
0.250000 0.250000 0.250000 0.250000 
 135
0.479817 0.002543 0.046210 
0.462778 0.994805 0.462022 
0.057405 0.002653 0.491768 
0.004060 0.002933 0.983852 0.009155 
0.250000 0.250000 0.250000 0.250000 
 136
0.479817 0.002543 0.046210 
0.462778 0.994805 0.462022 
0.057405 0.002653 0.491768 
0.002933 0.003297 0.002933 0.990836 
0.250000 0.250000 0.250000 0.250000 
 137
0.479817 0.002543 0.046210 
0.462778 0.994805 0.462022 
0.057405 0.002653 0.491768 
0.002934 0.002934 0.991199 0.002934 
0.250000 0.250000 0.250000 0.250000 
 138
0.479817 0.002543 0.046210 
0.462778 0.994805 0.462022 
0.057405 0.002653 0.491768 
0.003328 0.003627 0.006112 0.986933 
0.250000 0.250000 0.250000 0.250000 
 139
0.479817 0.002543 0.046210 
0.462778 0.994805 0.462022 
0.057405 0.002653 0.491768 
0.004116 0.989239 0.002934 0.003712 
0.250000 0.250000 0.250000 0.250000 
 140
0.479817 0.002543 0.046210 
0.462778 0.994805 0.462022 
0.057405 0.002653 0.491768 
0.002934 0.002934 0.007173 0.986960 
0.250000 0.250000 0.250000 0.250000 
 141
0.479817 0.002543 0.046210 
0.462778 0.994805 0.462022 
0.057405 0.002653 0.491768 
0.003538 0.002933 0.005728 0.987800 
0.250000 0.250000 0.250000 0.250000 
 142
0.479817 0.002543 0.046210 
0.462778 0.994805 0.462022 
0.057405 0.002653 0.491768 
0.978856 0.014839 0.003371 0.002934 
0.250000 0.250000 0.250000 0.250000 
 143
0.479817 0.002543 0.046210 
0.462778 0.994805 0.462022 
0.057405 0.002653 0.491768 
0.990655 0.003478 0.002934 0.002934 
0.250000 0.250000 0.250000 0.250000 
 144
0.479817 0.002543 0.046210 
0.462778 0.994805 0.462022 
0.057405 0.002653 0.491768 
0.002934 0.002934 0.984047 0.010086 
0.250000 0.250000 0.250000 0.250000 
 145
0.479817 0.002543 0.046210 
0.462778 0.994805 0.462022 
0.057405 0.002653 0.491768 
0.042751 0.002934 0.951381 0.002934 
0.250000 0.250000 0.250000 0.250000 
 146
0.479817 0.002543 0.046210 
0.462778 0.994805 0.462022 
0.057405 0.002653 0.491768 
0.002933 0.002933 0.002933 0.991200 
0.250000 0.250000 0.250000 0.250000 
 147
0.479817 0.002543 0.046210 
0.462778 0.994805 0.462022 
0.057405 0.002653 0.491768 
0.002933 0.003205 0.003875 0.989987 
0.250000 0.250000 0.250000 0.250000 
 148
0.479817 0.002543 0.046210 
0.462778 0.994805 0.462022 
0.057405 0.002653 0.491768 
0.003217 0.002934 0.988120 0.005729 
0.250000 0.250000 0.250000 0.250000 
 149
0.479817 0.002543 0.046210 
0.462778 0.994805 0.462022 
0.057405 0.002653 0.491768 
0.002933 0.002933 0.002933 0.991200 
0.250000 0.250000 0.250000 0.250000 
 150
0.479817 0.002543 0.046210 
0.462778 0.994805 0.462022 
0.057405 0.002653 0.491768 
0.989756 0.003763 0.003547 0.002934 
0.250000 0.250000 0.250000 0.250000 
 151
0.479817 0.002543 0.046210 
0.462778 0.994805 0.462022 
0.057405 0.002653 0.491768 
0.003644 0.990488 0.002934 0.002934 
0.250000 0.250000 0.250000 0.250000 
 152
0.479817 0.002543 0.046210 
0.462778 0.994805 0.462022 
0.057405 0.002653 0.491768 
0.990833 0.003300 0.002933 0.002933 
0.250000 0.250000 0.250000 0.250000 
 153
0.479817 0.002543 0.046210 
0.462778 0.994805 0.462022 
0.057405 0.002653 0.491768 
0.990509 0.003625 0.002933 0.002933 
0.250000 0.250000 0.250000 0.250000 
 154
0.479817 0.002543 0.046210 
0.462778 0.994805 0.462022 
0.057405 0.002653 0.491768 
0.007092 0.985957 0.002934 0.004017 
0.250000 0.250000 0.250000 0.250000 
 155
0.479817 0.002543 0.046210 
0.462778 0.994805 0.462022 
0.057405 0.002653 0.491768 
0.988163 0.005459 0.002933 0.003444 
0.250000 0.250000 0.250000 0.250000 
 156
0.479817 0.002543 0.046210 
0.462778 0.994805 0.462022 
0.057405 0.002653 0.491768 
0.003780 0.002933 0.989311 0.003975 
0.250000 0.250000 0.250000 0.250000 
 157
0.479817 0.002543 0.046210 
0.462778 0.994805 0.462022 
0.057405 0.002653 0.491768 
0.989289 0.004522 0.003255 0.002933 
0.250000 0.250000 0.250000 0.250000 
 158
0.479817 0.002543 0.046210 
0.462778 0.994805 0.462022 
0.057405 0.002653 0.491768 
0.988981 0.004820 0.002934 0.003265 
0.250000 0.250000 0.250000 0.250000 
 159
0.479817 0.002543 0.046210 
0.462778 0.994805 0.462022 
0.057405 0.002653 0.491768 
0.012941 0.979342 0.002935 0.004783 
0.250000 0.250000 0.250000 0.250000 
 160
0.479817 0.002543 0.046210 
0.462778 0.994805 0.462022 
0.057405 0.002653 0.491768 
0.004142 0.002933 0.989346 0.003579 
0.250000 0.250000 0.250000 0.250000 
 161
0.479817 0.002543 0.046210 
0.462778 0.994805 0.462022 
0.057405 0.002653 0.491768 
0.988642 0.002933 0.005491 0.002933 
0.250000 0.250000 0.250000 0.250000 
 162
0.479817 0.002543 0.046210 
0.462778 0.994805 0.462022 
0.057405 0.002653 0.491768 
0.003199 0.002933 0.005462 0.988406 
0.250000 0.250000 0.250000 0.250000 
 163
0.479817 0.002543 0.046210 
0.462778 0.994805 0.462022 
0.057405 0.002653 0.491768 
0.981835 0.012029 0.002934 0.003202 
0.250000 0.250000 0.250000 0.250000 
 164
0.479817 0.002543 0.046210 
0.462778 0.994805 0.462022 
0.057405 0.002653 0.491768 
0.989823 0.004001 0.003243 0.002933 
0.250000 0.250000 0.250000 0.250000 
 165
0.479817 0.002543 0.046210 
0.462778 0.994805 0.462022 
0.057405 0.002653 0.491768 
0.003222 0.002934 0.969728 0.024116 
0.250000 0.250000 0.250000 0.250000 
 166
0.479817 0.002543 0.046210 
0.462778 0.994805 0.462022 
0.057405 0.002653 0.491768 
0.005052 0.988557 0.002933 0.003458 
0.250000 0.250000 0.250000 0.250000 
 167
0.479817 0.002543 0.046210 
0.462778 0.994805 0.462022 
0.057405 0.002653 0.491768 
0.007074 0.985635 0.002933 0.004358 
0.250000 0.250000 0.250000 0.250000 
 168
0.479817 0.002543 0.046210 
0.462778 0.994805 0.462022 
0.057405 0.002653 0.491768 
0.008475 0.984891 0.002933 0.003701 
0.250000 0.250000 0.250000 0.250000 
 169
0.479817 0.002543 0.046210 
0.462778 0.994805 0.462022 
0.057405 0.002653 0.491768 
0.990827 0.003306 0.002933 0.002933 
0.250000 0.250000 0.250000 0.250000 
 170
0.479817 0.002543 0.046210 
0.462778 0.994805 0.462022 
0.057405 0.002653 0.491768 
0.990448 0.003401 0.003217 0.002933 
0.250000 0.250000 0.250000 0.250000 
 171
0.479817 0.002543 0.046210 
0.462778 0.994805 0.462022 
0.057405 0.002653 0.491768 
0.986416 0.007717 0.002933 0.002933 
0.250000 0.250000 0.250000 0.250000 
 172
0.479817 0.002543 0.046210 
0.462778 0.994805 0.462022 
0.057405 0.002653 0.491768 
0.002934 0.002934 0.973353 0.020780 
0.250000 0.250000 0.250000 0.250000 
 173
0.479817 0.002543 0.046210 
0.462778 0.994805 0.462022 
0.057405 0.002653 0.491768 
0.002933 0.002933 0.002933 0.991200 
0.250000 0.250000 0.250000 0.250000 
 174
0.479817 0.002543 0.046210 
0.462778 0.994805 0.462022 
0.057405 0.002653 0.491768 
0.990400 0.003468 0.003199 0.002933 
0.250000 0.250000 0.250000 0.250000 
 175
0.479817 0.002543 0.046210 
0.462778 0.994805 0.462022 
0.057405 0.002653 0.491768 
0.002933 0.002933 0.002933 0.991200 
0.250000 0.250000 0.250000 0.250000 
 176
0.479817 0.002543 0.046210 
0.462778 0.994805 0.462022 
0.057405 0.002653 0.491768 
0.002933 0.991200 0.002933 0.002933 
0.250000 0.250000 0.250000 0.250000 
 177
0.479817 0.002543 0.046210 
0.462778 0.994805 0.462022 
0.057405 0.002653 0.491768 
0.002934 0.002934 0.990112 0.004021 
0.250000 0.250000 0.250000 0.250000 
 178
0.479817 0.002543 0.046210 
0.462778 0.994805 0.462022 
0.057405 0.002653 0.491768 
0.989785 0.003355 0.003926 0.002933 
0.250000 0.250000 0.250000 0.250000 
 179
0.479817 0.002543 0.046210 
0.462778 0.994805 0.462022 
0.057405 0.002653 0.491768 
0.988889 0.004975 0.002933 0.003203 
0.250000 0.250000 0.250000 0.250000 
 180
0.479817 0.002543 0.046210 
0.462778 0.994805 0.462022 
0.057405 0.002653 0.491768 
0.988488 0.005645 0.002934 0.002934 
0.250000 0.250000 0.250000 0.250000 
 181
0.479817 0.002543 0.046210 
0.462778 0.994805 0.462022 
0.057405 0.002653 0.491768 
0.003422 0.002934 0.988247 0.005398 
0.250000 0.250000 0.250000 0.250000 
 182
0.479817 0.002543 0.046210 
0.462778 0.994805 0.462022 
0.057405 0.002653 0.491768 
0.002934 0.002934 0.003530 0.990602 
0.250000 0.250000 0.250000 0.250000 
 183
0.479817 0.002543 0.046210 
0.462778 0.994805 0.462022 
0.057405 0.002653 0.491768 
0.989182 0.004570 0.002934 0.003314 
0.250000 0.250000 0.250000 0.250000 
 184
0.479817 0.002543 0.046210 
0.462778 0.994805 0.462022 
0.057405 0.002653 0.491768 
0.986904 0.007227 0.002935 0.002935 
0.250000 0.250000 0.250000 0.250000 
 185
0.479817 0.002543 0.046210 
0.462778 0.994805 0.462022 
0.057405 0.002653 0.491768 
0.012564 0.981107 0.003179 0.003151 
0.250000 0.250000 0.250000 0.250000 
 186
0.479817 0.002543 0.046210 
0.462778 0.994805 0.462022 
0.057405 0.002653 0.491768 
0.989634 0.004183 0.002935 0.003248 
0.250000 0.250000 0.250000 0.250000 
 187
0.479817 0.002543 0.046210 
0.462778 0.994805 0.462022 
0.057405 0.002653 0.491768 
0.002935 0.991196 0.002935 0.002935 
0.250000 0.250000 0.250000 0.250000 
 188
0.479817 0.002543 0.046210 
0.462778 0.994805 0.462022 
0.057405 0.002653 0.491768 
0.003927 0.990205 0.002934 0.002934 
0.250000 0.250000 0.250000 0.250000 
 189
0.479817 0.002543 0.046210 
0.462778 0.994805 0.462022 
0.057405 0.002653 0.491768 
0.009124 0.984568 0.002933 0.003375 
0.250000 0.250000 0.250000 0.250000 
 190
0.479817 0.002543 0.046210 
0.462778 0.994805 0.462022 
0.057405 0.002653 0.491768 
0.012676 0.981192 0.002933 0.003199 
0.250000 0.250000 0.250000 0.250000 
 191
0.479817 0.002543 0.046210 
0.462778 0.994805 0.462022 
0.057405 0.002653 0.491768 
0.004396 0.003364 0.004616 0.987624 
0.250000 0.250000 0.250000 0.250000 
 192
0.479817 0.002543 0.046210 
0.462778 0.994805 0.462022 
0.057405 0.002653 0.491768 
0.989222 0.004372 0.002936 0.003470 
0.250000 0.250000 0.250000 0.250000 
 193
0.479817 0.002543 0.046210 
0.462778 0.994805 0.462022 
0.057405 0.002653 0.491768 
0.006649 0.983483 0.003740 0.006128 
0.250000 0.250000 0.250000 0.250000 
 194
0.479817 0.002543 0.046210 
0.462778 0.994805 0.462022 
0.057405 0.002653 0.491768 
0.003255 0.002934 0.989329 0.004483 
0.250000 0.250000 0.250000 0.250000 
 195
0.479817 0.002543 0.046210 
0.462778 0.994805 0.462022 
0.057405 0.002653 0.491768 
0.002933 0.002933 0.990404 0.003729 
0.250000 0.250000 0.250000 0.250000 
 196
0.479817 0.002543 0.046210 
0.462778 0.994805 0.462022 
0.057405 0.002653 0.491768 
0.002934 0.002934 0.990766 0.003367 
0.250000 0.250000 0.250000 0.250000 
 197
0.479817 0.002543 0.046210 
0.462778 0.994805 0.462022 
0.057405 0.002653 0.491768 
0.003204 0.002933 0.990662 0.003200 
0.250000 0.250000 0.250000 0.250000 
 198
0.479817 0.002543 0.046210 
0.462778 0.994805 0.462022 
0.057405 0.002653 0.491768 
0.989470 0.003452 0.003296 0.003782 
0.250000 0.250000 0.250000 0.250000 
 199
0.479817 0.002543 0.046210 
0.462778 0.994805 0.462022 
0.057405 0.002653 0.491768 
0.002934 0.002934 0.004971 0.989162 
0.250000 0.250000 0.250000 0.250000 
 200
0.479817 0.002543 0.046210 
0.462778 0.994805 0.462022 
0.057405 0.002653 0.491768 
0.002933 0.002933 0.002933 0.991200 
0.250000 0.250000 0.250000 0.250000 
 201
0.479817 0.002543 0.046210 
0.462778 0.994805 0.462022 
0.057405 0.002653 0.491768 
0.005638 0.988495 0.002934 0.002934 
0.250000 0.250000 0.250000 0.250000 
 202
0.479817 0.002543 0.046210 
0.462778 0.994805 0.462022 
0.057405 0.002653 0.491768 
0.002933 0.002933 0.991200 0.002933 
0.250000 0.250000 0.250000 0.250000 
 203
0.479817 0.002543 0.046210 
0.462778 0.994805 0.462022 
0.057405 0.002653 0.491768 
0.990123 0.004010 0.002933 0.002933 
0.250000 0.250000 0.250000 0.250000 
 204
0.479817 0.002543 0.046210 
0.462778 0.994805 0.462022 
0.057405 0.002653 0.491768 
0.003266 0.002933 0.003937 0.989863 
0.250000 0.250000 0.250000 0.250000 
 205
0.479817 0.002543 0.046210 
0.462778 0.994805 0.462022 
0.057405 0.002653 0.491768 
0.002933 0.002933 0.003969 0.990164 
0.250000 0.250000 0.250000 0.250000 
 206
0.479817 0.002543 0.046210 
0.462778 0.994805 0.462022 
0.057405 0.002653 0.491768 
0.002933 0.002933 0.002933 0.991200 
0.250000 0.250000 0.250000 0.250000 
 207
0.479817 0.002543 0.046210 
0.462778 0.994805 0.462022 
0.057405 0.002653 0.491768 
0.011853 0.982280 0.002934 0.002934 
0.250000 0.250000 0.250000 0.250000 
 208
0.479817 0.002543 0.046210 
0.462778 0.994805 0.462022 
0.057405 0.002653 0.491768 
0.003437 0.990696 0.002933 0.002933 
0.250000 0.250000 0.250000 0.250000 
 209
0.479817 0.002543 0.046210 
0.462778 0.994805 0.462022 
0.057405 0.002653 0.491768 
0.003854 0.990279 0.002933 0.002933 
0.250000 0.250000 0.250000 0.250000 
 210
0.479817 0.002543 0.046210 
0.462778 0.994805 0.462022 
0.057405 0.002653 0.491768 
0.003609 0.003188 0.008252 0.984951 
0.250000 0.250000 0.250000 0.250000 
 211
0.479817 0.002543 0.046210 
0.462778 0.994805 0.462022 
0.057405 0.002653 0.491768 
0.988706 0.005427 0.002933 0.002933 
0.250000 0.250000 0.250000 0.250000 
 212
0.479817 0.002543 0.046210 
0.462778 0.994805 0.462022 
0.057405 0.002653 0.491768 
0.989549 0.004061 0.003158 0.003232 
0.250000 0.250000 0.250000 0.250000 
 213
0.479817 0.002543 0.046210 
0.462778 0.994805 0.462022 
0.057405 0.002653 0.491768 
0.989129 0.003771 0.003831 0.003269 
0.250000 0.250000 0.250000 0.250000 
 214
0.479817 0.002543 0.046210 
0.462778 0.994805 0.462022 
0.057405 0.002653 0.491768 
0.002933 0.002933 0.002933 0.991200 
0.250000 0.250000 0.250000 0.250000 
 215
0.479817 0.002543 0.046210 
0.462778 0.994805 0.462022 
0.057405 0.002653 0.491768 
0.002933 0.991200 0.002933 0.002933 
0.250000 0.250000 0.250000 0.250000 
 216
0.479817 0.002543 0.046210 
0.462778 0.994805 0.462022 
0.057405 0.002653 0.491768 
0.002934 0.002934 0.007135 0.986998 
0.250000 0.250000 0.250000 0.250000 
 217
0.479817 0.002543 0.046210 
0.462778 0.994805 0.462022 
0.057405 0.002653 0.491768 
0.988817 0.005316 0.002933 0.002933 
0.250000 0.250000 0.250000 0.250000 
 218
0.479817 0.002543 0.046210 
0.462778 0.994805 0.462022 
0.057405 0.002653 0.491768 
0.986372 0.007306 0.003389 0.002933 
0.250000 0.250000 0.250000 0.250000 
 219
0.479817 0.002543 0.046210 
0.462778 0.994805 0.462022 
0.057405 0.002653 0.491768 
0.003220 0.002933 0.989457 0.004389 
0.250000 0.250000 0.250000 0.250000 
 220
0.479817 0.002543 0.046210 
0.462778 0.994805 0.462022 
0.057405 0.002653 0.491768 
0.990825 0.003308 0.002933 0.002933 
0.250000 0.250000 0.250000 0.250000 
 221
0.479817 0.002543 0.046210 
0.462778 0.994805 0.462022 
0.057405 0.002653 0.491768 
0.002933 0.002933 0.003853 0.990280 
0.250000 0.250000 0.250000 0.250000 
 222
0.479817 0.002543 0.046210 
0.462778 0.994805 0.462022 
0.057405 0.002653 0.491768 
0.012673 0.002934 0.010457 0.973936 
0.250000 0.250000 0.250000 0.250000 
 223
0.479817 0.002543 0.046210 
0.462778 0.994805 0.462022 
0.057405 0.002653 0.491768 
0.002933 0.991200 0.002933 0.002933 
0.250000 0.250000 0.250000 0.250000 
 224
0.479817 0.002543 0.046210 
0.462778 0.994805 0.462022 
0.057405 0.002653 0.491768 
0.002934 0.002934 0.991199 0.002934 
0.250000 0.250000 0.250000 0.250000 
 225
0.479817 0.002543 0.046210 
0.462778 0.994805 0.462022 
0.057405 0.002653 0.491768 
0.004805 0.030836 0.003684 0.960675 
0.250000 0.250000 0.250000 0.250000 
 226
0.479817 0.002543 0.046210 
0.462778 0.994805 0.462022 
0.057405 0.002653 0.491768 
0.003384 0.990749 0.002933 0.002933 
0.250000 0.250000 0.250000 0.250000 
 227
0.479817 0.002543 0.046210 
0.462778 0.994805 0.462022 
0.057405 0.002653 0.491768 
0.002933 0.991200 0.002933 0.002933 
0.250000 0.250000 0.250000 0.250000 
 228
0.479817 0.002543 0.046210 
0.462778 0.994805 0.462022 
0.057405 0.002653 0.491768 
0.004925 0.003208 0.987288 0.004579 
0.250000 0.250000 0.250000 0.250000 
 229
0.479817 0.002543 0.046210 
0.462778 0.994805 0.462022 
0.057405 0.002653 0.491768 
0.003800 0.002933 0.003348 0.989918 
0.250000 0.250000 0.250000 0.250000 
 230
0.479817 0.002543 0.046210 
0.462778 0.994805 0.462022 
0.057405 0.002653 0.491768 
0.002933 0.991200 0.002933 0.002933 
0.250000 0.250000 0.250000 0.250000 
 231
0.479817 0.002543 0.046210 
0.462778 0.994805 0.462022 
0.057405 0.002653 0.491768 
0.002933 0.991200 0.002933 0.002933 
0.250000 0.250000 0.250000 0.250000 
 232
0.479817 0.002543 0.046210 
0.462778 0.994805 0.462022 
0.057405 0.002653 0.491768 
0.990506 0.003357 0.002933 0.003204 
0.250000 0.250000 0.250000 0.250000 
 233
