%  SAM: /scicomp/groups/OID/NCIRD/ID-OD/ID_nomenclatures/label/LABEL_RES/scripts/modelfromalign_Linux v3.5 (July 15, 2005) compiled 12/08/06_16:15:55
%  (c) 1992-2001 Regents of the University of California, Santa Cruz
%
%          Sequence Alignment and Modeling Software System
%         http://www.cse.ucsc.edu/research/compbio/sam.html
%
% ----------------- Citations (SAM, SAM-T2K, HMMs) --------------------
% R. Hughey, A. Krogh, Hidden Markov models for sequence analysis:
%  Extension and analysis of the basic method, CABIOS 12:95-107, 1996.
% K. Karplus, et al., What is the value added by human intervention in protein
%  structure prediction, Proteins: Stucture, Function, Genetics 45(S5):86--91, 2001.
% A. Krogh et al., Hidden Markov models in computational biology:
%  Applications to protein modeling, JMB 235:1501-1531, Feb 1994.
% ---------------------------------------------------------------------
%  3C.2_hmm   Host: node16.hpc.biotech.cdc.gov    Fri Nov  4 17:43:01 2016
%  vfn4       Dir:  /scicomp/groups/OID/NCIRD/ID-OD/ID_nomenclatures/H3/versions/H3v2016R2/c-3C/alt1/c-3C.x
% ---------------------------------------------------------------------
%  Alignment weights from internal calc.  Total (26.13) Max (0.07) Min (0.03)
%  Weights from alignment method 1 (karplus), b=-1.000000, e=0.500000
MODEL --  Model from alignment file /scicomp/groups/OID/NCIRD/ID-OD/ID_nomenclatures/label/LABEL_RES/training_data/H3v2016R2/c-3C/c-3C.x/3C.2.fasta
alphabet DNA
FREQAVE
0.000000 0.000000 0.000000 
0.000000 0.000000 0.000000 
0.000000 0.000000 0.000000 
0.340488 0.221342 0.194986 0.243184 
0.340488 0.221342 0.194986 0.243184 
Begin
0.000000 0.000000 0.000000 
0.000000 0.000000 0.000000 
0.000000 0.006306 0.491768 
0.250000 0.250000 0.250000 0.250000 
0.250000 0.250000 0.250000 0.250000 
   1
0.000000 0.030455 0.046210 
0.000000 0.963239 0.462022 
0.045495 0.006464 0.491768 
0.971270 0.009577 0.009577 0.009577 
0.250000 0.250000 0.250000 0.250000 
   2
0.587743 0.006196 0.046210 
0.366762 0.987340 0.462022 
0.045495 0.006464 0.491768 
0.009577 0.009577 0.009577 0.971270 
0.250000 0.250000 0.250000 0.250000 
   3
0.587743 0.006196 0.046210 
0.366762 0.987340 0.462022 
0.045495 0.006464 0.491768 
0.009577 0.971270 0.009577 0.009577 
0.250000 0.250000 0.250000 0.250000 
   4
0.587743 0.006196 0.046210 
0.366762 0.987340 0.462022 
0.045495 0.006464 0.491768 
0.967113 0.013733 0.009577 0.009577 
0.250000 0.250000 0.250000 0.250000 
   5
0.587743 0.006196 0.046210 
0.366762 0.987340 0.462022 
0.045495 0.006464 0.491768 
0.969745 0.011102 0.009577 0.009577 
0.250000 0.250000 0.250000 0.250000 
   6
0.587743 0.006196 0.046210 
0.366762 0.987340 0.462022 
0.045495 0.006464 0.491768 
0.012922 0.967924 0.009577 0.009577 
0.250000 0.250000 0.250000 0.250000 
   7
0.587743 0.006196 0.046210 
0.366762 0.987340 0.462022 
0.045495 0.006464 0.491768 
0.969741 0.009577 0.009577 0.011105 
0.250000 0.250000 0.250000 0.250000 
   8
0.587743 0.006196 0.046210 
0.366762 0.987340 0.462022 
0.045495 0.006464 0.491768 
0.009577 0.009577 0.969489 0.011357 
0.250000 0.250000 0.250000 0.250000 
   9
0.587743 0.006196 0.046210 
0.366762 0.987340 0.462022 
0.045495 0.006464 0.491768 
0.011441 0.009577 0.012399 0.966583 
0.250000 0.250000 0.250000 0.250000 
  10
0.587743 0.006196 0.046210 
0.366762 0.987340 0.462022 
0.045495 0.006464 0.491768 
0.969489 0.009577 0.009577 0.011357 
0.250000 0.250000 0.250000 0.250000 
  11
0.587743 0.006196 0.046210 
0.366762 0.987340 0.462022 
0.045495 0.006464 0.491768 
0.009577 0.009577 0.011165 0.969681 
0.250000 0.250000 0.250000 0.250000 
  12
0.587743 0.006196 0.046210 
0.366762 0.987340 0.462022 
0.045495 0.006464 0.491768 
0.009577 0.009577 0.960485 0.020362 
0.250000 0.250000 0.250000 0.250000 
  13
0.580891 0.006196 0.046210 
0.373614 0.987340 0.462022 
0.045809 0.006458 0.491768 
0.971307 0.009564 0.009564 0.009564 
0.250000 0.250000 0.250000 0.250000 
  14
0.547502 0.006191 0.046210 
0.406689 0.987351 0.462022 
0.047588 0.006430 0.491768 
0.009497 0.009497 0.009497 0.971508 
0.250000 0.250000 0.250000 0.250000 
  15
0.511719 0.006163 0.046210 
0.440693 0.987407 0.462022 
0.050468 0.006388 0.491768 
0.009401 0.009401 0.009401 0.971798 
0.250000 0.250000 0.250000 0.250000 
  16
0.534639 0.006123 0.046210 
0.414894 0.987489 0.462022 
0.050877 0.006382 0.491768 
0.009388 0.971836 0.009388 0.009388 
0.250000 0.250000 0.250000 0.250000 
  17
0.538973 0.006118 0.046210 
0.410150 0.987500 0.462022 
0.050877 0.006382 0.491768 
0.009388 0.009388 0.971836 0.009388 
0.250000 0.250000 0.250000 0.250000 
  18
0.538973 0.006118 0.046210 
0.410150 0.987500 0.462022 
0.050877 0.006382 0.491768 
0.009388 0.009388 0.009388 0.971836 
0.250000 0.250000 0.250000 0.250000 
  19
0.538973 0.006118 0.046210 
0.410150 0.987500 0.462022 
0.050877 0.006382 0.491768 
0.009388 0.009388 0.009388 0.971836 
0.250000 0.250000 0.250000 0.250000 
  20
0.538973 0.006118 0.046210 
0.410150 0.987500 0.462022 
0.050877 0.006382 0.491768 
0.009388 0.009388 0.011078 0.970146 
0.250000 0.250000 0.250000 0.250000 
  21
0.531502 0.006118 0.046210 
0.417621 0.987500 0.462022 
0.051260 0.006377 0.491768 
0.013884 0.967363 0.009376 0.009376 
0.250000 0.250000 0.250000 0.250000 
  22
0.535503 0.006113 0.046210 
0.413237 0.987510 0.462022 
0.051260 0.006377 0.491768 
0.969198 0.012049 0.009376 0.009376 
0.250000 0.250000 0.250000 0.250000 
  23
0.528403 0.006113 0.046210 
0.420337 0.987510 0.462022 
0.051626 0.006373 0.491768 
0.009365 0.971904 0.009365 0.009365 
0.250000 0.250000 0.250000 0.250000 
  24
0.532182 0.006108 0.046210 
0.416192 0.987519 0.462022 
0.051626 0.006373 0.491768 
0.009365 0.009365 0.971904 0.009365 
0.250000 0.250000 0.250000 0.250000 
  25
0.532182 0.006108 0.046210 
0.416192 0.987519 0.462022 
0.051626 0.006373 0.491768 
0.011254 0.009365 0.012442 0.966938 
0.250000 0.250000 0.250000 0.250000 
  26
0.532182 0.006108 0.046210 
0.416192 0.987519 0.462022 
0.051626 0.006373 0.491768 
0.970015 0.009365 0.009365 0.011254 
0.250000 0.250000 0.250000 0.250000 
  27
0.532182 0.006108 0.046210 
0.416192 0.987519 0.462022 
0.051626 0.006373 0.491768 
0.009365 0.009365 0.971904 0.009365 
0.250000 0.250000 0.250000 0.250000 
  28
0.532182 0.006108 0.046210 
0.416192 0.987519 0.462022 
0.051626 0.006373 0.491768 
0.969652 0.009365 0.011617 0.009365 
0.250000 0.250000 0.250000 0.250000 
  29
0.532182 0.006108 0.046210 
0.416192 0.987519 0.462022 
0.051626 0.006373 0.491768 
0.009365 0.009365 0.009365 0.971904 
0.250000 0.250000 0.250000 0.250000 
  30
0.532182 0.006108 0.046210 
0.416192 0.987519 0.462022 
0.051626 0.006373 0.491768 
0.009365 0.009365 0.011298 0.969971 
0.250000 0.250000 0.250000 0.250000 
  31
0.532182 0.006108 0.046210 
0.416192 0.987519 0.462022 
0.051626 0.006373 0.491768 
0.009365 0.009365 0.966503 0.014766 
0.250000 0.250000 0.250000 0.250000 
  32
0.532182 0.006108 0.046210 
0.416192 0.987519 0.462022 
0.051626 0.006373 0.491768 
0.009365 0.009365 0.009365 0.971904 
0.250000 0.250000 0.250000 0.250000 
  33
0.532182 0.006108 0.046210 
0.416192 0.987519 0.462022 
0.051626 0.006373 0.491768 
0.970345 0.010924 0.009365 0.009365 
0.250000 0.250000 0.250000 0.250000 
  34
0.532182 0.006108 0.046210 
0.416192 0.987519 0.462022 
0.051626 0.006373 0.491768 
0.009365 0.009365 0.009365 0.971904 
0.250000 0.250000 0.250000 0.250000 
  35
0.532182 0.006108 0.046210 
0.416192 0.987519 0.462022 
0.051626 0.006373 0.491768 
0.011297 0.969950 0.009376 0.009376 
0.250000 0.250000 0.250000 0.250000 
  36
0.532182 0.006108 0.046210 
0.416192 0.987519 0.462022 
0.051626 0.006373 0.491768 
0.009365 0.009365 0.009365 0.971904 
0.250000 0.250000 0.250000 0.250000 
  37
0.532182 0.006108 0.046210 
0.416192 0.987519 0.462022 
0.051626 0.006373 0.491768 
0.009365 0.009365 0.970365 0.010904 
0.250000 0.250000 0.250000 0.250000 
  38
0.532182 0.006108 0.046210 
0.416192 0.987519 0.462022 
0.051626 0.006373 0.491768 
0.009365 0.009365 0.009365 0.971904 
0.250000 0.250000 0.250000 0.250000 
  39
0.532182 0.006108 0.046210 
0.416192 0.987519 0.462022 
0.051626 0.006373 0.491768 
0.009365 0.970159 0.009365 0.011111 
0.250000 0.250000 0.250000 0.250000 
  40
0.532182 0.006108 0.046210 
0.416192 0.987519 0.462022 
0.051626 0.006373 0.491768 
0.011015 0.970255 0.009365 0.009365 
0.250000 0.250000 0.250000 0.250000 
  41
0.532182 0.006108 0.046210 
0.416192 0.987519 0.462022 
0.051626 0.006373 0.491768 
0.009365 0.017358 0.011360 0.961916 
0.250000 0.250000 0.250000 0.250000 
  42
0.532182 0.006108 0.046210 
0.416192 0.987519 0.462022 
0.051626 0.006373 0.491768 
0.009365 0.009365 0.009365 0.971904 
0.250000 0.250000 0.250000 0.250000 
  43
0.532182 0.006108 0.046210 
0.416192 0.987519 0.462022 
0.051626 0.006373 0.491768 
0.009365 0.009365 0.009365 0.971904 
0.250000 0.250000 0.250000 0.250000 
  44
0.532182 0.006108 0.046210 
0.416192 0.987519 0.462022 
0.051626 0.006373 0.491768 
0.009365 0.009365 0.010938 0.970331 
0.250000 0.250000 0.250000 0.250000 
  45
0.532182 0.006108 0.046210 
0.416192 0.987519 0.462022 
0.051626 0.006373 0.491768 
0.009365 0.009365 0.965858 0.015412 
0.250000 0.250000 0.250000 0.250000 
  46
0.532182 0.006108 0.046210 
0.416192 0.987519 0.462022 
0.051626 0.006373 0.491768 
0.011928 0.967984 0.009365 0.010723 
0.250000 0.250000 0.250000 0.250000 
  47
0.532182 0.006108 0.046210 
0.416192 0.987519 0.462022 
0.051626 0.006373 0.491768 
0.009365 0.009365 0.971904 0.009365 
0.250000 0.250000 0.250000 0.250000 
  48
0.532182 0.006108 0.046210 
0.416192 0.987519 0.462022 
0.051626 0.006373 0.491768 
0.009365 0.009365 0.011415 0.969854 
0.250000 0.250000 0.250000 0.250000 
  49
0.431516 0.006108 0.046210 
0.516857 0.987519 0.462022 
0.057405 0.006306 0.491768 
0.009213 0.009213 0.972360 0.009213 
0.250000 0.250000 0.250000 0.250000 
  50
0.479817 0.006045 0.046210 
0.462778 0.987649 0.462022 
0.057405 0.006306 0.491768 
0.972360 0.009213 0.009213 0.009213 
0.250000 0.250000 0.250000 0.250000 
  51
0.479817 0.006045 0.046210 
0.462778 0.987649 0.462022 
0.057405 0.006306 0.491768 
0.968480 0.013093 0.009213 0.009213 
0.250000 0.250000 0.250000 0.250000 
  52
0.479817 0.006045 0.046210 
0.462778 0.987649 0.462022 
0.057405 0.006306 0.491768 
0.972360 0.009213 0.009213 0.009213 
0.250000 0.250000 0.250000 0.250000 
  53
0.479817 0.006045 0.046210 
0.462778 0.987649 0.462022 
0.057405 0.006306 0.491768 
0.972360 0.009213 0.009213 0.009213 
0.250000 0.250000 0.250000 0.250000 
  54
0.479817 0.006045 0.046210 
0.462778 0.987649 0.462022 
0.057405 0.006306 0.491768 
0.972360 0.009213 0.009213 0.009213 
0.250000 0.250000 0.250000 0.250000 
  55
0.479817 0.006045 0.046210 
0.462778 0.987649 0.462022 
0.057405 0.006306 0.491768 
0.074349 0.009213 0.907224 0.009213 
0.250000 0.250000 0.250000 0.250000 
  56
0.479817 0.006045 0.046210 
0.462778 0.987649 0.462022 
0.057405 0.006306 0.491768 
0.009213 0.009213 0.009213 0.972360 
0.250000 0.250000 0.250000 0.250000 
  57
0.479817 0.006045 0.046210 
0.462778 0.987649 0.462022 
0.057405 0.006306 0.491768 
0.009213 0.009213 0.039879 0.941694 
0.250000 0.250000 0.250000 0.250000 
  58
0.479817 0.006045 0.046210 
0.462778 0.987649 0.462022 
0.057405 0.006306 0.491768 
0.009213 0.009213 0.968006 0.013567 
0.250000 0.250000 0.250000 0.250000 
  59
0.479817 0.006045 0.046210 
0.462778 0.987649 0.462022 
0.057405 0.006306 0.491768 
0.010674 0.009213 0.970899 0.009213 
0.250000 0.250000 0.250000 0.250000 
  60
0.479817 0.006045 0.046210 
0.462778 0.987649 0.462022 
0.057405 0.006306 0.491768 
0.009213 0.010575 0.011631 0.968581 
0.250000 0.250000 0.250000 0.250000 
  61
0.479817 0.006045 0.046210 
0.462778 0.987649 0.462022 
0.057405 0.006306 0.491768 
0.009213 0.972360 0.009213 0.009213 
0.250000 0.250000 0.250000 0.250000 
  62
0.479817 0.006045 0.046210 
0.462778 0.987649 0.462022 
0.057405 0.006306 0.491768 
0.009213 0.972360 0.009213 0.009213 
0.250000 0.250000 0.250000 0.250000 
  63
0.479817 0.006045 0.046210 
0.462778 0.987649 0.462022 
0.057405 0.006306 0.491768 
0.965599 0.015941 0.009230 0.009230 
0.250000 0.250000 0.250000 0.250000 
  64
0.479817 0.006045 0.046210 
0.462778 0.987649 0.462022 
0.057405 0.006306 0.491768 
0.968916 0.009213 0.011176 0.010694 
0.250000 0.250000 0.250000 0.250000 
  65
0.479817 0.006045 0.046210 
0.462778 0.987649 0.462022 
0.057405 0.006306 0.491768 
0.969957 0.009213 0.009213 0.011616 
0.250000 0.250000 0.250000 0.250000 
  66
0.479817 0.006045 0.046210 
0.462778 0.987649 0.462022 
0.057405 0.006306 0.491768 
0.009213 0.009213 0.012012 0.969561 
0.250000 0.250000 0.250000 0.250000 
  67
0.479817 0.006045 0.046210 
0.462778 0.987649 0.462022 
0.057405 0.006306 0.491768 
0.009213 0.972360 0.009213 0.009213 
0.250000 0.250000 0.250000 0.250000 
  68
0.479817 0.006045 0.046210 
0.462778 0.987649 0.462022 
0.057405 0.006306 0.491768 
0.970827 0.010747 0.009213 0.009213 
0.250000 0.250000 0.250000 0.250000 
  69
0.479817 0.006045 0.046210 
0.462778 0.987649 0.462022 
0.057405 0.006306 0.491768 
0.009213 0.009213 0.967411 0.014162 
0.250000 0.250000 0.250000 0.250000 
  70
0.479817 0.006045 0.046210 
0.462778 0.987649 0.462022 
0.057405 0.006306 0.491768 
0.966361 0.012810 0.009213 0.011616 
0.250000 0.250000 0.250000 0.250000 
  71
0.479817 0.006045 0.046210 
0.462778 0.987649 0.462022 
0.057405 0.006306 0.491768 
0.968057 0.009213 0.011114 0.011616 
0.250000 0.250000 0.250000 0.250000 
  72
0.479817 0.006045 0.046210 
0.462778 0.987649 0.462022 
0.057405 0.006306 0.491768 
0.009213 0.009213 0.019786 0.961787 
0.250000 0.250000 0.250000 0.250000 
  73
0.479817 0.006045 0.046210 
0.462778 0.987649 0.462022 
0.057405 0.006306 0.491768 
0.970697 0.010877 0.009213 0.009213 
0.250000 0.250000 0.250000 0.250000 
  74
0.479817 0.006045 0.046210 
0.462778 0.987649 0.462022 
0.057405 0.006306 0.491768 
0.013513 0.968060 0.009213 0.009213 
0.250000 0.250000 0.250000 0.250000 
  75
0.479817 0.006045 0.046210 
0.462778 0.987649 0.462022 
0.057405 0.006306 0.491768 
0.013504 0.009213 0.966276 0.011006 
0.250000 0.250000 0.250000 0.250000 
  76
0.479817 0.006045 0.046210 
0.462778 0.987649 0.462022 
0.057405 0.006306 0.491768 
0.969957 0.009213 0.009213 0.011616 
0.250000 0.250000 0.250000 0.250000 
  77
0.479817 0.006045 0.046210 
0.462778 0.987649 0.462022 
0.057405 0.006306 0.491768 
0.009227 0.009227 0.968813 0.012734 
0.250000 0.250000 0.250000 0.250000 
  78
0.479817 0.006045 0.046210 
0.462778 0.987649 0.462022 
0.057405 0.006306 0.491768 
0.010788 0.966815 0.009213 0.013184 
0.250000 0.250000 0.250000 0.250000 
  79
0.479817 0.006045 0.046210 
0.462778 0.987649 0.462022 
0.057405 0.006306 0.491768 
0.009213 0.972360 0.009213 0.009213 
0.250000 0.250000 0.250000 0.250000 
  80
0.479817 0.006045 0.046210 
0.462778 0.987649 0.462022 
0.057405 0.006306 0.491768 
0.009213 0.009213 0.972360 0.009213 
0.250000 0.250000 0.250000 0.250000 
  81
0.479817 0.006045 0.046210 
0.462778 0.987649 0.462022 
0.057405 0.006306 0.491768 
0.968867 0.012706 0.009213 0.009213 
0.250000 0.250000 0.250000 0.250000 
  82
0.479817 0.006045 0.046210 
0.462778 0.987649 0.462022 
0.057405 0.006306 0.491768 
0.972360 0.009213 0.009213 0.009213 
0.250000 0.250000 0.250000 0.250000 
  83
0.479817 0.006045 0.046210 
0.462778 0.987649 0.462022 
0.057405 0.006306 0.491768 
0.010549 0.009213 0.968037 0.012200 
0.250000 0.250000 0.250000 0.250000 
  84
0.479817 0.006045 0.046210 
0.462778 0.987649 0.462022 
0.057405 0.006306 0.491768 
0.019991 0.961582 0.009213 0.009213 
0.250000 0.250000 0.250000 0.250000 
  85
0.479817 0.006045 0.046210 
0.462778 0.987649 0.462022 
0.057405 0.006306 0.491768 
0.009213 0.009213 0.970788 0.010785 
0.250000 0.250000 0.250000 0.250000 
  86
0.479817 0.006045 0.046210 
0.462778 0.987649 0.462022 
0.057405 0.006306 0.491768 
0.009213 0.009213 0.009213 0.972360 
0.250000 0.250000 0.250000 0.250000 
  87
0.479817 0.006045 0.046210 
0.462778 0.987649 0.462022 
0.057405 0.006306 0.491768 
0.009224 0.972328 0.009224 0.009224 
0.250000 0.250000 0.250000 0.250000 
  88
0.479817 0.006045 0.046210 
0.462778 0.987649 0.462022 
0.057405 0.006306 0.491768 
0.009213 0.009213 0.009213 0.972360 
0.250000 0.250000 0.250000 0.250000 
  89
0.479817 0.006045 0.046210 
0.462778 0.987649 0.462022 
0.057405 0.006306 0.491768 
0.009213 0.972360 0.009213 0.009213 
0.250000 0.250000 0.250000 0.250000 
  90
0.479817 0.006045 0.046210 
0.462778 0.987649 0.462022 
0.057405 0.006306 0.491768 
0.009213 0.009213 0.972360 0.009213 
0.250000 0.250000 0.250000 0.250000 
  91
0.479817 0.006045 0.046210 
0.462778 0.987649 0.462022 
0.057405 0.006306 0.491768 
0.009213 0.009213 0.972360 0.009213 
0.250000 0.250000 0.250000 0.250000 
  92
0.479817 0.006045 0.046210 
0.462778 0.987649 0.462022 
0.057405 0.006306 0.491768 
0.009213 0.009213 0.009213 0.972360 
0.250000 0.250000 0.250000 0.250000 
  93
0.479817 0.006045 0.046210 
0.462778 0.987649 0.462022 
0.057405 0.006306 0.491768 
0.010896 0.013289 0.010858 0.964957 
0.250000 0.250000 0.250000 0.250000 
  94
0.479817 0.006045 0.046210 
0.462778 0.987649 0.462022 
0.057405 0.006306 0.491768 
0.009213 0.972360 0.009213 0.009213 
0.250000 0.250000 0.250000 0.250000 
  95
0.479817 0.006045 0.046210 
0.462778 0.987649 0.462022 
0.057405 0.006306 0.491768 
0.009213 0.972360 0.009213 0.009213 
0.250000 0.250000 0.250000 0.250000 
  96
0.479817 0.006045 0.046210 
0.462778 0.987649 0.462022 
0.057405 0.006306 0.491768 
0.015555 0.966018 0.009213 0.009213 
0.250000 0.250000 0.250000 0.250000 
  97
0.479817 0.006045 0.046210 
0.462778 0.987649 0.462022 
0.057405 0.006306 0.491768 
0.009213 0.009213 0.972360 0.009213 
0.250000 0.250000 0.250000 0.250000 
  98
0.479817 0.006045 0.046210 
0.462778 0.987649 0.462022 
0.057405 0.006306 0.491768 
0.972360 0.009213 0.009213 0.009213 
0.250000 0.250000 0.250000 0.250000 
  99
0.479817 0.006045 0.046210 
0.462778 0.987649 0.462022 
0.057405 0.006306 0.491768 
0.009213 0.009213 0.969361 0.012212 
0.250000 0.250000 0.250000 0.250000 
 100
0.479817 0.006045 0.046210 
0.462778 0.987649 0.462022 
0.057405 0.006306 0.491768 
0.009213 0.009213 0.969764 0.011809 
0.250000 0.250000 0.250000 0.250000 
 101
0.479817 0.006045 0.046210 
0.462778 0.987649 0.462022 
0.057405 0.006306 0.491768 
0.972360 0.009213 0.009213 0.009213 
0.250000 0.250000 0.250000 0.250000 
 102
0.479817 0.006045 0.046210 
0.462778 0.987649 0.462022 
0.057405 0.006306 0.491768 
0.009213 0.009213 0.009213 0.972360 
0.250000 0.250000 0.250000 0.250000 
 103
0.479817 0.006045 0.046210 
0.462778 0.987649 0.462022 
0.057405 0.006306 0.491768 
0.009213 0.972360 0.009213 0.009213 
0.250000 0.250000 0.250000 0.250000 
 104
0.479817 0.006045 0.046210 
0.462778 0.987649 0.462022 
0.057405 0.006306 0.491768 
0.009213 0.009213 0.972360 0.009213 
0.250000 0.250000 0.250000 0.250000 
 105
0.479817 0.006045 0.046210 
0.462778 0.987649 0.462022 
0.057405 0.006306 0.491768 
0.972360 0.009213 0.009213 0.009213 
0.250000 0.250000 0.250000 0.250000 
 106
0.479817 0.006045 0.046210 
0.462778 0.987649 0.462022 
0.057405 0.006306 0.491768 
0.009213 0.972360 0.009213 0.009213 
0.250000 0.250000 0.250000 0.250000 
 107
0.479817 0.006045 0.046210 
0.462778 0.987649 0.462022 
0.057405 0.006306 0.491768 
0.009213 0.009213 0.009213 0.972360 
0.250000 0.250000 0.250000 0.250000 
 108
0.479817 0.006045 0.046210 
0.462778 0.987649 0.462022 
0.057405 0.006306 0.491768 
0.962575 0.018998 0.009213 0.009213 
0.250000 0.250000 0.250000 0.250000 
 109
0.479817 0.006045 0.046210 
0.462778 0.987649 0.462022 
0.057405 0.006306 0.491768 
0.009213 0.009213 0.972360 0.009213 
0.250000 0.250000 0.250000 0.250000 
 110
0.479817 0.006045 0.046210 
0.462778 0.987649 0.462022 
0.057405 0.006306 0.491768 
0.009213 0.009213 0.972360 0.009213 
0.250000 0.250000 0.250000 0.250000 
 111
0.479817 0.006045 0.046210 
0.462778 0.987649 0.462022 
0.057405 0.006306 0.491768 
0.972360 0.009213 0.009213 0.009213 
0.250000 0.250000 0.250000 0.250000 
 112
0.479817 0.006045 0.046210 
0.462778 0.987649 0.462022 
0.057405 0.006306 0.491768 
0.972360 0.009213 0.009213 0.009213 
0.250000 0.250000 0.250000 0.250000 
 113
0.479817 0.006045 0.046210 
0.462778 0.987649 0.462022 
0.057405 0.006306 0.491768 
0.972360 0.009213 0.009213 0.009213 
0.250000 0.250000 0.250000 0.250000 
 114
0.479817 0.006045 0.046210 
0.462778 0.987649 0.462022 
0.057405 0.006306 0.491768 
0.009224 0.009224 0.961547 0.020004 
0.250000 0.250000 0.250000 0.250000 
 115
0.479817 0.006045 0.046210 
0.462778 0.987649 0.462022 
0.057405 0.006306 0.491768 
0.009213 0.972360 0.009213 0.009213 
0.250000 0.250000 0.250000 0.250000 
 116
0.479817 0.006045 0.046210 
0.462778 0.987649 0.462022 
0.057405 0.006306 0.491768 
0.009213 0.972360 0.009213 0.009213 
0.250000 0.250000 0.250000 0.250000 
 117
0.479817 0.006045 0.046210 
0.462778 0.987649 0.462022 
0.057405 0.006306 0.491768 
0.969010 0.011176 0.009213 0.010601 
0.250000 0.250000 0.250000 0.250000 
 118
0.479817 0.006045 0.046210 
0.462778 0.987649 0.462022 
0.057405 0.006306 0.491768 
0.972360 0.009213 0.009213 0.009213 
0.250000 0.250000 0.250000 0.250000 
 119
0.479817 0.006045 0.046210 
0.462778 0.987649 0.462022 
0.057405 0.006306 0.491768 
0.009213 0.009213 0.972360 0.009213 
0.250000 0.250000 0.250000 0.250000 
 120
0.479817 0.006045 0.046210 
0.462778 0.987649 0.462022 
0.057405 0.006306 0.491768 
0.013376 0.968197 0.009213 0.009213 
0.250000 0.250000 0.250000 0.250000 
 121
0.479817 0.006045 0.046210 
0.462778 0.987649 0.462022 
0.057405 0.006306 0.491768 
0.969942 0.009213 0.011631 0.009213 
0.250000 0.250000 0.250000 0.250000 
 122
0.479817 0.006045 0.046210 
0.462778 0.987649 0.462022 
0.057405 0.006306 0.491768 
0.009213 0.009213 0.009213 0.972360 
0.250000 0.250000 0.250000 0.250000 
 123
0.479817 0.006045 0.046210 
0.462778 0.987649 0.462022 
0.057405 0.006306 0.491768 
0.969719 0.011854 0.009213 0.009213 
0.250000 0.250000 0.250000 0.250000 
 124
0.479817 0.006045 0.046210 
0.462778 0.987649 0.462022 
0.057405 0.006306 0.491768 
0.009213 0.972360 0.009213 0.009213 
0.250000 0.250000 0.250000 0.250000 
 125
0.479817 0.006045 0.046210 
0.462778 0.987649 0.462022 
0.057405 0.006306 0.491768 
0.009213 0.009213 0.009213 0.972360 
0.250000 0.250000 0.250000 0.250000 
 126
0.479817 0.006045 0.046210 
0.462778 0.987649 0.462022 
0.057405 0.006306 0.491768 
0.013007 0.968543 0.009225 0.009225 
0.250000 0.250000 0.250000 0.250000 
 127
0.479817 0.006045 0.046210 
0.462778 0.987649 0.462022 
0.057405 0.006306 0.491768 
0.972360 0.009213 0.009213 0.009213 
0.250000 0.250000 0.250000 0.250000 
 128
0.479817 0.006045 0.046210 
0.462778 0.987649 0.462022 
0.057405 0.006306 0.491768 
0.969622 0.011951 0.009213 0.009213 
0.250000 0.250000 0.250000 0.250000 
 129
0.479817 0.006045 0.046210 
0.462778 0.987649 0.462022 
0.057405 0.006306 0.491768 
0.972360 0.009213 0.009213 0.009213 
0.250000 0.250000 0.250000 0.250000 
 130
0.479817 0.006045 0.046210 
0.462778 0.987649 0.462022 
0.057405 0.006306 0.491768 
0.972360 0.009213 0.009213 0.009213 
0.250000 0.250000 0.250000 0.250000 
 131
0.479817 0.006045 0.046210 
0.462778 0.987649 0.462022 
0.057405 0.006306 0.491768 
0.009213 0.009213 0.972360 0.009213 
0.250000 0.250000 0.250000 0.250000 
 132
0.479817 0.006045 0.046210 
0.462778 0.987649 0.462022 
0.057405 0.006306 0.491768 
0.972360 0.009213 0.009213 0.009213 
0.250000 0.250000 0.250000 0.250000 
 133
0.479817 0.006045 0.046210 
0.462778 0.987649 0.462022 
0.057405 0.006306 0.491768 
0.972360 0.009213 0.009213 0.009213 
0.250000 0.250000 0.250000 0.250000 
 134
0.479817 0.006045 0.046210 
0.462778 0.987649 0.462022 
0.057405 0.006306 0.491768 
0.009213 0.009213 0.009213 0.972360 
0.250000 0.250000 0.250000 0.250000 
 135
0.479817 0.006045 0.046210 
0.462778 0.987649 0.462022 
0.057405 0.006306 0.491768 
0.009213 0.009213 0.970490 0.011083 
0.250000 0.250000 0.250000 0.250000 
 136
0.479817 0.006045 0.046210 
0.462778 0.987649 0.462022 
0.057405 0.006306 0.491768 
0.972360 0.009213 0.009213 0.009213 
0.250000 0.250000 0.250000 0.250000 
 137
0.479817 0.006045 0.046210 
0.462778 0.987649 0.462022 
0.057405 0.006306 0.491768 
0.009213 0.009213 0.972360 0.009213 
0.250000 0.250000 0.250000 0.250000 
 138
0.479817 0.006045 0.046210 
0.462778 0.987649 0.462022 
0.057405 0.006306 0.491768 
0.014274 0.967299 0.009213 0.009213 
0.250000 0.250000 0.250000 0.250000 
 139
0.479817 0.006045 0.046210 
0.462778 0.987649 0.462022 
0.057405 0.006306 0.491768 
0.968326 0.013247 0.009213 0.009213 
0.250000 0.250000 0.250000 0.250000 
 140
0.479817 0.006045 0.046210 
0.462778 0.987649 0.462022 
0.057405 0.006306 0.491768 
0.972360 0.009213 0.009213 0.009213 
0.250000 0.250000 0.250000 0.250000 
 141
0.479817 0.006045 0.046210 
0.462778 0.987649 0.462022 
0.057405 0.006306 0.491768 
0.009213 0.009213 0.012064 0.969510 
0.250000 0.250000 0.250000 0.250000 
 142
0.479817 0.006045 0.046210 
0.462778 0.987649 0.462022 
0.057405 0.006306 0.491768 
0.009213 0.972360 0.009213 0.009213 
0.250000 0.250000 0.250000 0.250000 
 143
0.479817 0.006045 0.046210 
0.462778 0.987649 0.462022 
0.057405 0.006306 0.491768 
0.972360 0.009213 0.009213 0.009213 
0.250000 0.250000 0.250000 0.250000 
 144
0.479817 0.006045 0.046210 
0.462778 0.987649 0.462022 
0.057405 0.006306 0.491768 
0.009213 0.009213 0.972360 0.009213 
0.250000 0.250000 0.250000 0.250000 
 145
0.479817 0.006045 0.046210 
0.462778 0.987649 0.462022 
0.057405 0.006306 0.491768 
0.009213 0.009213 0.972360 0.009213 
0.250000 0.250000 0.250000 0.250000 
 146
0.479817 0.006045 0.046210 
0.462778 0.987649 0.462022 
0.057405 0.006306 0.491768 
0.034402 0.947172 0.009213 0.009213 
0.250000 0.250000 0.250000 0.250000 
 147
0.479817 0.006045 0.046210 
0.462778 0.987649 0.462022 
0.057405 0.006306 0.491768 
0.972360 0.009213 0.009213 0.009213 
0.250000 0.250000 0.250000 0.250000 
 148
0.479817 0.006045 0.046210 
0.462778 0.987649 0.462022 
0.057405 0.006306 0.491768 
0.972360 0.009213 0.009213 0.009213 
0.250000 0.250000 0.250000 0.250000 
 149
0.479817 0.006045 0.046210 
0.462778 0.987649 0.462022 
0.057405 0.006306 0.491768 
0.009213 0.009213 0.009213 0.972360 
0.250000 0.250000 0.250000 0.250000 
 150
0.479817 0.006045 0.046210 
0.462778 0.987649 0.462022 
0.057405 0.006306 0.491768 
0.009213 0.009213 0.009213 0.972360 
0.250000 0.250000 0.250000 0.250000 
 151
0.479817 0.006045 0.046210 
0.462778 0.987649 0.462022 
0.057405 0.006306 0.491768 
0.009213 0.972360 0.009213 0.009213 
0.250000 0.250000 0.250000 0.250000 
 152
0.479817 0.006045 0.046210 
0.462778 0.987649 0.462022 
0.057405 0.006306 0.491768 
0.972360 0.009213 0.009213 0.009213 
0.250000 0.250000 0.250000 0.250000 
 153
0.479817 0.006045 0.046210 
0.462778 0.987649 0.462022 
0.057405 0.006306 0.491768 
0.969024 0.012549 0.009213 0.009213 
0.250000 0.250000 0.250000 0.250000 
 154
0.479817 0.006045 0.046210 
0.462778 0.987649 0.462022 
0.057405 0.006306 0.491768 
0.009213 0.972360 0.009213 0.009213 
0.250000 0.250000 0.250000 0.250000 
 155
0.479817 0.006045 0.046210 
0.462778 0.987649 0.462022 
0.057405 0.006306 0.491768 
0.009213 0.009213 0.009213 0.972360 
0.250000 0.250000 0.250000 0.250000 
 156
0.479817 0.006045 0.046210 
0.462778 0.987649 0.462022 
0.057405 0.006306 0.491768 
0.009213 0.009213 0.016386 0.965187 
0.250000 0.250000 0.250000 0.250000 
 157
0.479817 0.006045 0.046210 
0.462778 0.987649 0.462022 
0.057405 0.006306 0.491768 
0.972360 0.009213 0.009213 0.009213 
0.250000 0.250000 0.250000 0.250000 
 158
0.479817 0.006045 0.046210 
0.462778 0.987649 0.462022 
0.057405 0.006306 0.491768 
0.009213 0.009213 0.972360 0.009213 
0.250000 0.250000 0.250000 0.250000 
 159
0.479817 0.006045 0.046210 
0.462778 0.987649 0.462022 
0.057405 0.006306 0.491768 
0.009213 0.009213 0.013310 0.968264 
0.250000 0.250000 0.250000 0.250000 
 160
0.479817 0.006045 0.046210 
0.462778 0.987649 0.462022 
0.057405 0.006306 0.491768 
0.972360 0.009213 0.009213 0.009213 
0.250000 0.250000 0.250000 0.250000 
 161
0.479817 0.006045 0.046210 
0.462778 0.987649 0.462022 
0.057405 0.006306 0.491768 
0.972360 0.009213 0.009213 0.009213 
0.250000 0.250000 0.250000 0.250000 
 162
0.479817 0.006045 0.046210 
0.462778 0.987649 0.462022 
0.057405 0.006306 0.491768 
0.009213 0.009213 0.009213 0.972360 
0.250000 0.250000 0.250000 0.250000 
 163
0.479817 0.006045 0.046210 
0.462778 0.987649 0.462022 
0.057405 0.006306 0.491768 
0.009213 0.972360 0.009213 0.009213 
0.250000 0.250000 0.250000 0.250000 
 164
0.479817 0.006045 0.046210 
0.462778 0.987649 0.462022 
0.057405 0.006306 0.491768 
0.009213 0.009213 0.972360 0.009213 
0.250000 0.250000 0.250000 0.250000 
 165
0.479817 0.006045 0.046210 
0.462778 0.987649 0.462022 
0.057405 0.006306 0.491768 
0.009213 0.009213 0.081778 0.899795 
0.250000 0.250000 0.250000 0.250000 
 166
0.479817 0.006045 0.046210 
0.462778 0.987649 0.462022 
0.057405 0.006306 0.491768 
0.972360 0.009213 0.009213 0.009213 
0.250000 0.250000 0.250000 0.250000 
 167
0.479817 0.006045 0.046210 
0.462778 0.987649 0.462022 
0.057405 0.006306 0.491768 
0.009213 0.009213 0.972360 0.009213 
0.250000 0.250000 0.250000 0.250000 
 168
0.479817 0.006045 0.046210 
0.462778 0.987649 0.462022 
0.057405 0.006306 0.491768 
0.009213 0.009213 0.012529 0.969045 
0.250000 0.250000 0.250000 0.250000 
 169
0.479817 0.006045 0.046210 
0.462778 0.987649 0.462022 
0.057405 0.006306 0.491768 
0.009213 0.972360 0.009213 0.009213 
0.250000 0.250000 0.250000 0.250000 
 170
0.479817 0.006045 0.046210 
0.462778 0.987649 0.462022 
0.057405 0.006306 0.491768 
0.972360 0.009213 0.009213 0.009213 
0.250000 0.250000 0.250000 0.250000 
 171
0.479817 0.006045 0.046210 
0.462778 0.987649 0.462022 
0.057405 0.006306 0.491768 
0.019553 0.962020 0.009213 0.009213 
0.250000 0.250000 0.250000 0.250000 
 172
0.479817 0.006045 0.046210 
0.462778 0.987649 0.462022 
0.057405 0.006306 0.491768 
0.009213 0.009213 0.972360 0.009213 
0.250000 0.250000 0.250000 0.250000 
 173
0.479817 0.006045 0.046210 
0.462778 0.987649 0.462022 
0.057405 0.006306 0.491768 
0.009213 0.009213 0.009213 0.972360 
0.250000 0.250000 0.250000 0.250000 
 174
0.479817 0.006045 0.046210 
0.462778 0.987649 0.462022 
0.057405 0.006306 0.491768 
0.010783 0.970790 0.009213 0.009213 
0.250000 0.250000 0.250000 0.250000 
 175
0.479817 0.006045 0.046210 
0.462778 0.987649 0.462022 
0.057405 0.006306 0.491768 
0.009213 0.972360 0.009213 0.009213 
0.250000 0.250000 0.250000 0.250000 
 176
0.479817 0.006045 0.046210 
0.462778 0.987649 0.462022 
0.057405 0.006306 0.491768 
0.009213 0.009213 0.009213 0.972360 
0.250000 0.250000 0.250000 0.250000 
 177
0.479817 0.006045 0.046210 
0.462778 0.987649 0.462022 
0.057405 0.006306 0.491768 
0.009213 0.009213 0.009213 0.972360 
0.250000 0.250000 0.250000 0.250000 
 178
0.479817 0.006045 0.046210 
0.462778 0.987649 0.462022 
0.057405 0.006306 0.491768 
0.009213 0.009213 0.972360 0.009213 
0.250000 0.250000 0.250000 0.250000 
 179
0.479817 0.006045 0.046210 
0.462778 0.987649 0.462022 
0.057405 0.006306 0.491768 
0.972360 0.009213 0.009213 0.009213 
0.250000 0.250000 0.250000 0.250000 
 180
0.479817 0.006045 0.046210 
0.462778 0.987649 0.462022 
0.057405 0.006306 0.491768 
0.023852 0.957721 0.009213 0.009213 
0.250000 0.250000 0.250000 0.250000 
 181
0.479817 0.006045 0.046210 
0.462778 0.987649 0.462022 
0.057405 0.006306 0.491768 
0.969153 0.012420 0.009213 0.009213 
0.250000 0.250000 0.250000 0.250000 
 182
0.479817 0.006045 0.046210 
0.462778 0.987649 0.462022 
0.057405 0.006306 0.491768 
0.972360 0.009213 0.009213 0.009213 
0.250000 0.250000 0.250000 0.250000 
 183
0.479817 0.006045 0.046210 
0.462778 0.987649 0.462022 
0.057405 0.006306 0.491768 
0.009213 0.009213 0.013186 0.968387 
0.250000 0.250000 0.250000 0.250000 
 184
0.479817 0.006045 0.046210 
0.462778 0.987649 0.462022 
0.057405 0.006306 0.491768 
0.009213 0.009213 0.009213 0.972360 
0.250000 0.250000 0.250000 0.250000 
 185
0.479817 0.006045 0.046210 
0.462778 0.987649 0.462022 
0.057405 0.006306 0.491768 
0.009213 0.009213 0.972360 0.009213 
0.250000 0.250000 0.250000 0.250000 
 186
0.479817 0.006045 0.046210 
0.462778 0.987649 0.462022 
0.057405 0.006306 0.491768 
0.009213 0.009213 0.970625 0.010948 
0.250000 0.250000 0.250000 0.250000 
 187
0.479817 0.006045 0.046210 
0.462778 0.987649 0.462022 
0.057405 0.006306 0.491768 
0.009213 0.009213 0.012104 0.969469 
0.250000 0.250000 0.250000 0.250000 
 188
0.479817 0.006045 0.046210 
0.462778 0.987649 0.462022 
0.057405 0.006306 0.491768 
0.009213 0.009213 0.972360 0.009213 
0.250000 0.250000 0.250000 0.250000 
 189
0.479817 0.006045 0.046210 
0.462778 0.987649 0.462022 
0.057405 0.006306 0.491768 
0.966771 0.014803 0.009213 0.009213 
0.250000 0.250000 0.250000 0.250000 
 190
0.479817 0.006045 0.046210 
0.462778 0.987649 0.462022 
0.057405 0.006306 0.491768 
0.972360 0.009213 0.009213 0.009213 
0.250000 0.250000 0.250000 0.250000 
 191
0.479817 0.006045 0.046210 
0.462778 0.987649 0.462022 
0.057405 0.006306 0.491768 
0.009213 0.009213 0.009213 0.972360 
0.250000 0.250000 0.250000 0.250000 
 192
0.479817 0.006045 0.046210 
0.462778 0.987649 0.462022 
0.057405 0.006306 0.491768 
0.972360 0.009213 0.009213 0.009213 
0.250000 0.250000 0.250000 0.250000 
 193
0.479817 0.006045 0.046210 
0.462778 0.987649 0.462022 
0.057405 0.006306 0.491768 
0.009213 0.972360 0.009213 0.009213 
0.250000 0.250000 0.250000 0.250000 
 194
0.479817 0.006045 0.046210 
0.462778 0.987649 0.462022 
0.057405 0.006306 0.491768 
0.011662 0.969911 0.009213 0.009213 
0.250000 0.250000 0.250000 0.250000 
 195
0.479817 0.006045 0.046210 
0.462778 0.987649 0.462022 
0.057405 0.006306 0.491768 
0.009213 0.009213 0.009213 0.972360 
0.250000 0.250000 0.250000 0.250000 
 196
0.479817 0.006045 0.046210 
0.462778 0.987649 0.462022 
0.057405 0.006306 0.491768 
0.014880 0.966693 0.009213 0.009213 
0.250000 0.250000 0.250000 0.250000 
 197
0.479817 0.006045 0.046210 
0.462778 0.987649 0.462022 
0.057405 0.006306 0.491768 
0.972360 0.009213 0.009213 0.009213 
0.250000 0.250000 0.250000 0.250000 
 198
0.479817 0.006045 0.046210 
0.462778 0.987649 0.462022 
0.057405 0.006306 0.491768 
0.972360 0.009213 0.009213 0.009213 
0.250000 0.250000 0.250000 0.250000 
 199
0.479817 0.006045 0.046210 
0.462778 0.987649 0.462022 
0.057405 0.006306 0.491768 
0.972360 0.009213 0.009213 0.009213 
0.250000 0.250000 0.250000 0.250000 
 200
0.479817 0.006045 0.046210 
0.462778 0.987649 0.462022 
0.057405 0.006306 0.491768 
0.009213 0.009213 0.009213 0.972360 
0.250000 0.250000 0.250000 0.250000 
 201
0.479817 0.006045 0.046210 
0.462778 0.987649 0.462022 
0.057405 0.006306 0.491768 
0.972360 0.009213 0.009213 0.009213 
0.250000 0.250000 0.250000 0.250000 
 202
0.479817 0.006045 0.046210 
0.462778 0.987649 0.462022 
0.057405 0.006306 0.491768 
0.009213 0.009213 0.009213 0.972360 
0.250000 0.250000 0.250000 0.250000 
 203
0.479817 0.006045 0.046210 
0.462778 0.987649 0.462022 
0.057405 0.006306 0.491768 
0.009213 0.972360 0.009213 0.009213 
0.250000 0.250000 0.250000 0.250000 
 204
0.479817 0.006045 0.046210 
0.462778 0.987649 0.462022 
0.057405 0.006306 0.491768 
0.009213 0.009213 0.968261 0.013312 
0.250000 0.250000 0.250000 0.250000 
 205
0.479817 0.006045 0.046210 
0.462778 0.987649 0.462022 
0.057405 0.006306 0.491768 
0.031302 0.948804 0.009213 0.010680 
0.250000 0.250000 0.250000 0.250000 
 206
0.479817 0.006045 0.046210 
0.462778 0.987649 0.462022 
0.057405 0.006306 0.491768 
0.967524 0.014026 0.009225 0.009225 
0.250000 0.250000 0.250000 0.250000 
 207
0.479817 0.006045 0.046210 
0.462778 0.987649 0.462022 
0.057405 0.006306 0.491768 
0.009213 0.009213 0.972360 0.009213 
0.250000 0.250000 0.250000 0.250000 
 208
0.479817 0.006045 0.046210 
0.462778 0.987649 0.462022 
0.057405 0.006306 0.491768 
0.972360 0.009213 0.009213 0.009213 
0.250000 0.250000 0.250000 0.250000 
 209
0.479817 0.006045 0.046210 
0.462778 0.987649 0.462022 
0.057405 0.006306 0.491768 
0.010753 0.970820 0.009213 0.009213 
0.250000 0.250000 0.250000 0.250000 
 210
0.479817 0.006045 0.046210 
0.462778 0.987649 0.462022 
0.057405 0.006306 0.491768 
0.009213 0.009213 0.029752 0.951822 
0.250000 0.250000 0.250000 0.250000 
 211
0.479817 0.006045 0.046210 
0.462778 0.987649 0.462022 
0.057405 0.006306 0.491768 
0.009213 0.009213 0.972360 0.009213 
0.250000 0.250000 0.250000 0.250000 
 212
0.479817 0.006045 0.046210 
0.462778 0.987649 0.462022 
0.057405 0.006306 0.491768 
0.009213 0.009213 0.972360 0.009213 
0.250000 0.250000 0.250000 0.250000 
 213
0.479817 0.006045 0.046210 
0.462778 0.987649 0.462022 
0.057405 0.006306 0.491768 
0.009213 0.009213 0.013167 0.968406 
0.250000 0.250000 0.250000 0.250000 
 214
0.479817 0.006045 0.046210 
0.462778 0.987649 0.462022 
0.057405 0.006306 0.491768 
0.009213 0.009213 0.972360 0.009213 
0.250000 0.250000 0.250000 0.250000 
 215
0.479817 0.006045 0.046210 
0.462778 0.987649 0.462022 
0.057405 0.006306 0.491768 
0.972360 0.009213 0.009213 0.009213 
0.250000 0.250000 0.250000 0.250000 
 216
0.479817 0.006045 0.046210 
0.462778 0.987649 0.462022 
0.057405 0.006306 0.491768 
0.009213 0.009213 0.009213 0.972360 
0.250000 0.250000 0.250000 0.250000 
 217
0.479817 0.006045 0.046210 
0.462778 0.987649 0.462022 
0.057405 0.006306 0.491768 
0.009213 0.009213 0.972360 0.009213 
0.250000 0.250000 0.250000 0.250000 
 218
0.479817 0.006045 0.046210 
0.462778 0.987649 0.462022 
0.057405 0.006306 0.491768 
0.972360 0.009213 0.009213 0.009213 
0.250000 0.250000 0.250000 0.250000 
 219
0.479817 0.006045 0.046210 
0.462778 0.987649 0.462022 
0.057405 0.006306 0.491768 
0.012453 0.964075 0.010727 0.012745 
0.250000 0.250000 0.250000 0.250000 
 220
0.479817 0.006045 0.046210 
0.462778 0.987649 0.462022 
0.057405 0.006306 0.491768 
0.970788 0.010785 0.009213 0.009213 
0.250000 0.250000 0.250000 0.250000 
 221
0.479817 0.006045 0.046210 
0.462778 0.987649 0.462022 
0.057405 0.006306 0.491768 
0.009213 0.009213 0.011229 0.970344 
0.250000 0.250000 0.250000 0.250000 
 222
0.479817 0.006045 0.046210 
0.462778 0.987649 0.462022 
0.057405 0.006306 0.491768 
0.011154 0.009213 0.727847 0.251786 
0.250000 0.250000 0.250000 0.250000 
 223
0.479817 0.006045 0.046210 
0.462778 0.987649 0.462022 
0.057405 0.006306 0.491768 
0.009213 0.009213 0.972360 0.009213 
0.250000 0.250000 0.250000 0.250000 
 224
0.479817 0.006045 0.046210 
0.462778 0.987649 0.462022 
0.057405 0.006306 0.491768 
0.009213 0.009213 0.009213 0.972360 
0.250000 0.250000 0.250000 0.250000 
 225
0.479817 0.006045 0.046210 
0.462778 0.987649 0.462022 
0.057405 0.006306 0.491768 
0.009213 0.009213 0.010889 0.970685 
0.250000 0.250000 0.250000 0.250000 
 226
0.479817 0.006045 0.046210 
0.462778 0.987649 0.462022 
0.057405 0.006306 0.491768 
0.009213 0.972360 0.009213 0.009213 
0.250000 0.250000 0.250000 0.250000 
 227
0.479817 0.006045 0.046210 
0.462778 0.987649 0.462022 
0.057405 0.006306 0.491768 
0.972360 0.009213 0.009213 0.009213 
0.250000 0.250000 0.250000 0.250000 
 228
0.479817 0.006045 0.046210 
0.462778 0.987649 0.462022 
0.057405 0.006306 0.491768 
0.009213 0.009213 0.010923 0.970650 
0.250000 0.250000 0.250000 0.250000 
 229
0.479817 0.006045 0.046210 
0.462778 0.987649 0.462022 
0.057405 0.006306 0.491768 
0.009213 0.972360 0.009213 0.009213 
0.250000 0.250000 0.250000 0.250000 
 230
0.479817 0.006045 0.046210 
0.462778 0.987649 0.462022 
0.057405 0.006306 0.491768 
0.009213 0.972360 0.009213 0.009213 
0.250000 0.250000 0.250000 0.250000 
 231
0.479817 0.006045 0.046210 
0.462778 0.987649 0.462022 
0.057405 0.006306 0.491768 
0.964782 0.016791 0.009213 0.009213 
0.250000 0.250000 0.250000 0.250000 
 232
0.479817 0.006045 0.046210 
0.462778 0.987649 0.462022 
0.057405 0.006306 0.491768 
0.011324 0.970249 0.009213 0.009213 
0.250000 0.250000 0.250000 0.250000 
 233
0.479817 0.006045 0.046210 
0.462778 0.987649 0.462022 
0.057405 0.006306 0.491768 
0.969389 0.012184 0.009213 0.009213 
0.250000 0.250000 0.250000 0.250000 
 234
0.479817 0.006045 0.046210 
0.462778 0.987649 0.462022 
0.057405 0.006306 0.491768 
0.969360 0.010684 0.010743 0.009213 
0.250000 0.250000 0.250000 0.250000 
 235
0.479817 0.006045 0.046210 
