%  SAM: /scicomp/groups/OID/NCIRD/ID-OD/ID_nomenclatures/label/LABEL_RES/scripts/modelfromalign_Linux v3.5 (July 15, 2005) compiled 12/08/06_16:15:55
%  (c) 1992-2001 Regents of the University of California, Santa Cruz
%
%          Sequence Alignment and Modeling Software System
%         http://www.cse.ucsc.edu/research/compbio/sam.html
%
% ----------------- Citations (SAM, SAM-T2K, HMMs) --------------------
% R. Hughey, A. Krogh, Hidden Markov models for sequence analysis:
%  Extension and analysis of the basic method, CABIOS 12:95-107, 1996.
% K. Karplus, et al., What is the value added by human intervention in protein
%  structure prediction, Proteins: Stucture, Function, Genetics 45(S5):86--91, 2001.
% A. Krogh et al., Hidden Markov models in computational biology:
%  Applications to protein modeling, JMB 235:1501-1531, Feb 1994.
% ---------------------------------------------------------------------
%  c-3C.3_hmm   Host: node16.hpc.biotech.cdc.gov    Fri Nov  4 17:43:04 2016
%  vfn4         Dir:  /scicomp/groups/OID/NCIRD/ID-OD/ID_nomenclatures/H3/versions/H3v2016R2/c-3C/alt1/c-3C.x
% ---------------------------------------------------------------------
%  Alignment weights from internal calc.  Total (47.49) Max (0.08) Min (0.01)
%  Weights from alignment method 1 (karplus), b=-1.000000, e=0.500000
MODEL --  Model from alignment file /scicomp/groups/OID/NCIRD/ID-OD/ID_nomenclatures/label/LABEL_RES/training_data/H3v2016R2/c-3C/c-3C.x/c-3C.3.fasta
alphabet DNA
FREQAVE
0.000000 0.000000 0.000000 
0.000000 0.000000 0.000000 
0.000000 0.000000 0.000000 
0.338655 0.223237 0.195725 0.242383 
0.338655 0.223237 0.195725 0.242383 
Begin
0.000000 0.000000 0.000000 
0.000000 0.000000 0.000000 
0.000000 0.004187 0.491768 
0.250000 0.250000 0.250000 0.250000 
0.250000 0.250000 0.250000 0.250000 
   1
0.000000 0.027458 0.046210 
0.000000 0.968355 0.462022 
0.041636 0.004287 0.491768 
0.984042 0.005319 0.005319 0.005319 
0.250000 0.250000 0.250000 0.250000 
   2
0.622710 0.004109 0.046210 
0.335654 0.991604 0.462022 
0.041636 0.004287 0.491768 
0.005319 0.005319 0.005319 0.984042 
0.250000 0.250000 0.250000 0.250000 
   3
0.622710 0.004109 0.046210 
0.335654 0.991604 0.462022 
0.041636 0.004287 0.491768 
0.005319 0.984042 0.005319 0.005319 
0.250000 0.250000 0.250000 0.250000 
   4
0.610395 0.004109 0.046210 
0.347969 0.991604 0.462022 
0.042155 0.004282 0.491768 
0.984064 0.005312 0.005312 0.005312 
0.250000 0.250000 0.250000 0.250000 
   5
0.614877 0.004105 0.046210 
0.342968 0.991613 0.462022 
0.042288 0.004281 0.491768 
0.983321 0.006059 0.005310 0.005310 
0.250000 0.250000 0.250000 0.250000 
   6
0.616807 0.004104 0.046210 
0.340906 0.991615 0.462022 
0.042288 0.004281 0.491768 
0.007200 0.981641 0.005310 0.005848 
0.250000 0.250000 0.250000 0.250000 
   7
0.616807 0.004104 0.046210 
0.340906 0.991615 0.462022 
0.042288 0.004281 0.491768 
0.981657 0.007723 0.005310 0.005310 
0.250000 0.250000 0.250000 0.250000 
   8
0.616807 0.004104 0.046210 
0.340906 0.991615 0.462022 
0.042288 0.004281 0.491768 
0.006306 0.005310 0.982055 0.006329 
0.250000 0.250000 0.250000 0.250000 
   9
0.614010 0.004104 0.046210 
0.343703 0.991615 0.462022 
0.042406 0.004280 0.491768 
0.005875 0.005308 0.024843 0.963974 
0.250000 0.250000 0.250000 0.250000 
  10
0.608270 0.004103 0.046210 
0.349324 0.991617 0.462022 
0.042725 0.004278 0.491768 
0.982145 0.007248 0.005304 0.005304 
0.250000 0.250000 0.250000 0.250000 
  11
0.591121 0.004100 0.046210 
0.366154 0.991622 0.462022 
0.043674 0.004270 0.491768 
0.005293 0.005293 0.007614 0.981800 
0.250000 0.250000 0.250000 0.250000 
  12
0.604246 0.004093 0.046210 
0.352080 0.991638 0.462022 
0.043674 0.004270 0.491768 
0.005291 0.005291 0.980800 0.008618 
0.250000 0.250000 0.250000 0.250000 
  13
0.577421 0.004093 0.046210 
0.378905 0.991638 0.462022 
0.044878 0.004260 0.491768 
0.983485 0.005965 0.005275 0.005275 
0.250000 0.250000 0.250000 0.250000 
  14
0.536913 0.004084 0.046210 
0.418210 0.991656 0.462022 
0.047561 0.004241 0.491768 
0.005244 0.005244 0.006088 0.983424 
0.250000 0.250000 0.250000 0.250000 
  15
0.510286 0.004065 0.046210 
0.442153 0.991694 0.462022 
0.050529 0.004222 0.491768 
0.005214 0.005214 0.006030 0.983543 
0.250000 0.250000 0.250000 0.250000 
  16
0.538787 0.004047 0.046210 
0.410684 0.991731 0.462022 
0.050698 0.004221 0.491768 
0.005212 0.984364 0.005212 0.005212 
0.250000 0.250000 0.250000 0.250000 
  17
0.540592 0.004046 0.046210 
0.408709 0.991733 0.462022 
0.050698 0.004221 0.491768 
0.005212 0.005212 0.984364 0.005212 
0.250000 0.250000 0.250000 0.250000 
  18
0.540592 0.004046 0.046210 
0.408709 0.991733 0.462022 
0.050698 0.004221 0.491768 
0.005212 0.005856 0.008332 0.980600 
0.250000 0.250000 0.250000 0.250000 
  19
0.540592 0.004046 0.046210 
0.408709 0.991733 0.462022 
0.050698 0.004221 0.491768 
0.005214 0.005751 0.005867 0.983168 
0.250000 0.250000 0.250000 0.250000 
  20
0.540592 0.004046 0.046210 
0.408709 0.991733 0.462022 
0.050698 0.004221 0.491768 
0.005212 0.005212 0.005894 0.983682 
0.250000 0.250000 0.250000 0.250000 
  21
0.540592 0.004046 0.046210 
0.408709 0.991733 0.462022 
0.050698 0.004221 0.491768 
0.007844 0.981218 0.005212 0.005726 
0.250000 0.250000 0.250000 0.250000 
  22
0.540592 0.004046 0.046210 
0.408709 0.991733 0.462022 
0.050698 0.004221 0.491768 
0.978630 0.005212 0.005212 0.010946 
0.250000 0.250000 0.250000 0.250000 
  23
0.540592 0.004046 0.046210 
0.408709 0.991733 0.462022 
0.050698 0.004221 0.491768 
0.005212 0.984364 0.005212 0.005212 
0.250000 0.250000 0.250000 0.250000 
  24
0.540592 0.004046 0.046210 
0.408709 0.991733 0.462022 
0.050698 0.004221 0.491768 
0.005212 0.005212 0.984364 0.005212 
0.250000 0.250000 0.250000 0.250000 
  25
0.540592 0.004046 0.046210 
0.408709 0.991733 0.462022 
0.050698 0.004221 0.491768 
0.005744 0.005212 0.007310 0.981734 
0.250000 0.250000 0.250000 0.250000 
  26
0.537293 0.004046 0.046210 
0.412008 0.991733 0.462022 
0.050866 0.004220 0.491768 
0.974796 0.014784 0.005210 0.005210 
0.250000 0.250000 0.250000 0.250000 
  27
0.534798 0.004045 0.046210 
0.414336 0.991735 0.462022 
0.051084 0.004219 0.491768 
0.005208 0.005208 0.983650 0.005934 
0.250000 0.250000 0.250000 0.250000 
  28
0.537094 0.004044 0.046210 
0.411822 0.991737 0.462022 
0.051084 0.004219 0.491768 
0.982895 0.006142 0.005208 0.005755 
0.250000 0.250000 0.250000 0.250000 
  29
0.533765 0.004044 0.046210 
0.415150 0.991737 0.462022 
0.051255 0.004218 0.491768 
0.005207 0.005207 0.007165 0.982422 
0.250000 0.250000 0.250000 0.250000 
  30
0.535548 0.004043 0.046210 
0.413197 0.991739 0.462022 
0.051255 0.004218 0.491768 
0.005207 0.005730 0.006081 0.982983 
0.250000 0.250000 0.250000 0.250000 
  31
0.535548 0.004043 0.046210 
0.413197 0.991739 0.462022 
0.051255 0.004218 0.491768 
0.005792 0.005804 0.982019 0.006385 
0.250000 0.250000 0.250000 0.250000 
  32
0.535548 0.004043 0.046210 
0.413197 0.991739 0.462022 
0.051255 0.004218 0.491768 
0.005207 0.005207 0.006408 0.983179 
0.250000 0.250000 0.250000 0.250000 
  33
0.535548 0.004043 0.046210 
0.413197 0.991739 0.462022 
0.051255 0.004218 0.491768 
0.983370 0.006216 0.005207 0.005207 
0.250000 0.250000 0.250000 0.250000 
  34
0.535548 0.004043 0.046210 
0.413197 0.991739 0.462022 
0.051255 0.004218 0.491768 
0.006873 0.005207 0.009501 0.978420 
0.250000 0.250000 0.250000 0.250000 
  35
0.532203 0.004043 0.046210 
0.416542 0.991739 0.462022 
0.051427 0.004217 0.491768 
0.006953 0.982636 0.005205 0.005205 
0.250000 0.250000 0.250000 0.250000 
  36
0.533989 0.004042 0.046210 
0.414584 0.991741 0.462022 
0.051427 0.004217 0.491768 
0.005205 0.005205 0.008008 0.981582 
0.250000 0.250000 0.250000 0.250000 
  37
0.533989 0.004042 0.046210 
0.414584 0.991741 0.462022 
0.051427 0.004217 0.491768 
0.007295 0.005205 0.973112 0.014388 
0.250000 0.250000 0.250000 0.250000 
  38
0.533989 0.004042 0.046210 
0.414584 0.991741 0.462022 
0.051427 0.004217 0.491768 
0.005813 0.005205 0.005205 0.983777 
0.250000 0.250000 0.250000 0.250000 
  39
0.533989 0.004042 0.046210 
0.414584 0.991741 0.462022 
0.051427 0.004217 0.491768 
0.009656 0.979232 0.005205 0.005907 
0.250000 0.250000 0.250000 0.250000 
  40
0.533989 0.004042 0.046210 
0.414584 0.991741 0.462022 
0.051427 0.004217 0.491768 
0.006327 0.983255 0.005209 0.005209 
0.250000 0.250000 0.250000 0.250000 
  41
0.533989 0.004042 0.046210 
0.414584 0.991741 0.462022 
0.051427 0.004217 0.491768 
0.005205 0.006398 0.007990 0.980407 
0.250000 0.250000 0.250000 0.250000 
  42
0.533989 0.004042 0.046210 
0.414584 0.991741 0.462022 
0.051427 0.004217 0.491768 
0.005205 0.005205 0.008265 0.981325 
0.250000 0.250000 0.250000 0.250000 
  43
0.533989 0.004042 0.046210 
0.414584 0.991741 0.462022 
0.051427 0.004217 0.491768 
0.008008 0.005205 0.007427 0.979360 
0.250000 0.250000 0.250000 0.250000 
  44
0.533989 0.004042 0.046210 
0.414584 0.991741 0.462022 
0.051427 0.004217 0.491768 
0.005205 0.005205 0.008336 0.981253 
0.250000 0.250000 0.250000 0.250000 
  45
0.533989 0.004042 0.046210 
0.414584 0.991741 0.462022 
0.051427 0.004217 0.491768 
0.005712 0.005205 0.976634 0.012448 
0.250000 0.250000 0.250000 0.250000 
  46
0.533989 0.004042 0.046210 
0.414584 0.991741 0.462022 
0.051427 0.004217 0.491768 
0.011201 0.977868 0.005211 0.005721 
0.250000 0.250000 0.250000 0.250000 
  47
0.533989 0.004042 0.046210 
0.414584 0.991741 0.462022 
0.051427 0.004217 0.491768 
0.005205 0.005205 0.984385 0.005205 
0.250000 0.250000 0.250000 0.250000 
  48
0.533989 0.004042 0.046210 
0.414584 0.991741 0.462022 
0.051427 0.004217 0.491768 
0.005205 0.005205 0.007641 0.981949 
0.250000 0.250000 0.250000 0.250000 
  49
0.433218 0.004042 0.046210 
0.515355 0.991741 0.462022 
0.057190 0.004188 0.491768 
0.005769 0.005158 0.983915 0.005158 
0.250000 0.250000 0.250000 0.250000 
  50
0.481766 0.004014 0.046210 
0.461044 0.991799 0.462022 
0.057190 0.004188 0.491768 
0.984527 0.005158 0.005158 0.005158 
0.250000 0.250000 0.250000 0.250000 
  51
0.481766 0.004014 0.046210 
0.461044 0.991799 0.462022 
0.057190 0.004188 0.491768 
0.982057 0.007628 0.005158 0.005158 
0.250000 0.250000 0.250000 0.250000 
  52
0.481766 0.004014 0.046210 
0.461044 0.991799 0.462022 
0.057190 0.004188 0.491768 
0.983936 0.005749 0.005158 0.005158 
0.250000 0.250000 0.250000 0.250000 
  53
0.481766 0.004014 0.046210 
0.461044 0.991799 0.462022 
0.057190 0.004188 0.491768 
0.983470 0.006215 0.005158 0.005158 
0.250000 0.250000 0.250000 0.250000 
  54
0.481766 0.004014 0.046210 
0.461044 0.991799 0.462022 
0.057190 0.004188 0.491768 
0.928631 0.055487 0.006223 0.009659 
0.250000 0.250000 0.250000 0.250000 
  55
0.481766 0.004014 0.046210 
0.461044 0.991799 0.462022 
0.057190 0.004188 0.491768 
0.021340 0.006168 0.963246 0.009247 
0.250000 0.250000 0.250000 0.250000 
  56
0.478020 0.004014 0.046210 
0.464790 0.991799 0.462022 
0.057405 0.004187 0.491768 
0.005156 0.005156 0.007326 0.982362 
0.250000 0.250000 0.250000 0.250000 
  57
0.479817 0.004013 0.046210 
0.462778 0.991800 0.462022 
0.057405 0.004187 0.491768 
0.005156 0.005156 0.007587 0.982100 
0.250000 0.250000 0.250000 0.250000 
  58
0.479817 0.004013 0.046210 
0.462778 0.991800 0.462022 
0.057405 0.004187 0.491768 
0.005793 0.005156 0.983322 0.005729 
0.250000 0.250000 0.250000 0.250000 
  59
0.479817 0.004013 0.046210 
0.462778 0.991800 0.462022 
0.057405 0.004187 0.491768 
0.005156 0.005156 0.983931 0.005757 
0.250000 0.250000 0.250000 0.250000 
  60
0.479817 0.004013 0.046210 
0.462778 0.991800 0.462022 
0.057405 0.004187 0.491768 
0.007098 0.005635 0.009403 0.977864 
0.250000 0.250000 0.250000 0.250000 
  61
0.479817 0.004013 0.046210 
0.462778 0.991800 0.462022 
0.057405 0.004187 0.491768 
0.006051 0.982029 0.006762 0.005158 
0.250000 0.250000 0.250000 0.250000 
  62
0.479817 0.004013 0.046210 
0.462778 0.991800 0.462022 
0.057405 0.004187 0.491768 
0.067231 0.922453 0.005158 0.005158 
0.250000 0.250000 0.250000 0.250000 
  63
0.479817 0.004013 0.046210 
0.462778 0.991800 0.462022 
0.057405 0.004187 0.491768 
0.980735 0.007350 0.005156 0.006759 
0.250000 0.250000 0.250000 0.250000 
  64
0.479817 0.004013 0.046210 
0.462778 0.991800 0.462022 
0.057405 0.004187 0.491768 
0.980205 0.007880 0.005156 0.006759 
0.250000 0.250000 0.250000 0.250000 
  65
0.479817 0.004013 0.046210 
0.462778 0.991800 0.462022 
0.057405 0.004187 0.491768 
0.981349 0.006736 0.005156 0.006759 
0.250000 0.250000 0.250000 0.250000 
  66
0.479817 0.004013 0.046210 
0.462778 0.991800 0.462022 
0.057405 0.004187 0.491768 
0.006759 0.005156 0.006437 0.981648 
0.250000 0.250000 0.250000 0.250000 
  67
0.479817 0.004013 0.046210 
0.462778 0.991800 0.462022 
0.057405 0.004187 0.491768 
0.006373 0.982752 0.005156 0.005719 
0.250000 0.250000 0.250000 0.250000 
  68
0.479817 0.004013 0.046210 
0.462778 0.991800 0.462022 
0.057405 0.004187 0.491768 
0.983936 0.005752 0.005156 0.005156 
0.250000 0.250000 0.250000 0.250000 
  69
0.479817 0.004013 0.046210 
0.462778 0.991800 0.462022 
0.057405 0.004187 0.491768 
0.007397 0.005827 0.980280 0.006496 
0.250000 0.250000 0.250000 0.250000 
  70
0.479817 0.004013 0.046210 
0.462778 0.991800 0.462022 
0.057405 0.004187 0.491768 
0.983852 0.005836 0.005156 0.005156 
0.250000 0.250000 0.250000 0.250000 
  71
0.479817 0.004013 0.046210 
0.462778 0.991800 0.462022 
0.057405 0.004187 0.491768 
0.984532 0.005156 0.005156 0.005156 
0.250000 0.250000 0.250000 0.250000 
  72
0.479817 0.004013 0.046210 
0.462778 0.991800 0.462022 
0.057405 0.004187 0.491768 
0.005156 0.008386 0.009228 0.977229 
0.250000 0.250000 0.250000 0.250000 
  73
0.479817 0.004013 0.046210 
0.462778 0.991800 0.462022 
0.057405 0.004187 0.491768 
0.983427 0.006260 0.005156 0.005156 
0.250000 0.250000 0.250000 0.250000 
  74
0.479817 0.004013 0.046210 
0.462778 0.991800 0.462022 
0.057405 0.004187 0.491768 
0.007494 0.981538 0.005156 0.005812 
0.250000 0.250000 0.250000 0.250000 
  75
0.479817 0.004013 0.046210 
0.462778 0.991800 0.462022 
0.057405 0.004187 0.491768 
0.005156 0.006632 0.982442 0.005769 
0.250000 0.250000 0.250000 0.250000 
  76
0.479817 0.004013 0.046210 
0.462778 0.991800 0.462022 
0.057405 0.004187 0.491768 
0.981849 0.007839 0.005156 0.005156 
0.250000 0.250000 0.250000 0.250000 
  77
0.479817 0.004013 0.046210 
0.462778 0.991800 0.462022 
0.057405 0.004187 0.491768 
0.006748 0.005156 0.979206 0.008890 
0.250000 0.250000 0.250000 0.250000 
  78
0.479817 0.004013 0.046210 
0.462778 0.991800 0.462022 
0.057405 0.004187 0.491768 
0.011391 0.976199 0.005734 0.006676 
0.250000 0.250000 0.250000 0.250000 
  79
0.479817 0.004013 0.046210 
0.462778 0.991800 0.462022 
0.057405 0.004187 0.491768 
0.005156 0.984532 0.005156 0.005156 
0.250000 0.250000 0.250000 0.250000 
  80
0.479817 0.004013 0.046210 
0.462778 0.991800 0.462022 
0.057405 0.004187 0.491768 
0.005156 0.005156 0.984532 0.005156 
0.250000 0.250000 0.250000 0.250000 
  81
0.479817 0.004013 0.046210 
0.462778 0.991800 0.462022 
0.057405 0.004187 0.491768 
0.978074 0.006000 0.005156 0.010770 
0.250000 0.250000 0.250000 0.250000 
  82
0.479817 0.004013 0.046210 
0.462778 0.991800 0.462022 
0.057405 0.004187 0.491768 
0.984532 0.005156 0.005156 0.005156 
0.250000 0.250000 0.250000 0.250000 
  83
0.479817 0.004013 0.046210 
0.462778 0.991800 0.462022 
0.057405 0.004187 0.491768 
0.005690 0.005156 0.978582 0.010573 
0.250000 0.250000 0.250000 0.250000 
  84
0.479817 0.004013 0.046210 
0.462778 0.991800 0.462022 
0.057405 0.004187 0.491768 
0.010878 0.977037 0.005156 0.006929 
0.250000 0.250000 0.250000 0.250000 
  85
0.479817 0.004013 0.046210 
0.462778 0.991800 0.462022 
0.057405 0.004187 0.491768 
0.005156 0.005156 0.982549 0.007139 
0.250000 0.250000 0.250000 0.250000 
  86
0.479817 0.004013 0.046210 
0.462778 0.991800 0.462022 
0.057405 0.004187 0.491768 
0.005156 0.005156 0.005156 0.984532 
0.250000 0.250000 0.250000 0.250000 
  87
0.479817 0.004013 0.046210 
0.462778 0.991800 0.462022 
0.057405 0.004187 0.491768 
0.006975 0.982079 0.005156 0.005789 
0.250000 0.250000 0.250000 0.250000 
  88
0.479817 0.004013 0.046210 
0.462778 0.991800 0.462022 
0.057405 0.004187 0.491768 
0.005156 0.005156 0.005156 0.984532 
0.250000 0.250000 0.250000 0.250000 
  89
0.479817 0.004013 0.046210 
0.462778 0.991800 0.462022 
0.057405 0.004187 0.491768 
0.005156 0.984532 0.005156 0.005156 
0.250000 0.250000 0.250000 0.250000 
  90
0.479817 0.004013 0.046210 
0.462778 0.991800 0.462022 
0.057405 0.004187 0.491768 
0.005156 0.005156 0.982365 0.007323 
0.250000 0.250000 0.250000 0.250000 
  91
0.479817 0.004013 0.046210 
0.462778 0.991800 0.462022 
0.057405 0.004187 0.491768 
0.005751 0.005159 0.983931 0.005159 
0.250000 0.250000 0.250000 0.250000 
  92
0.479817 0.004013 0.046210 
0.462778 0.991800 0.462022 
0.057405 0.004187 0.491768 
0.005156 0.005156 0.005156 0.984532 
0.250000 0.250000 0.250000 0.250000 
  93
0.479817 0.004013 0.046210 
0.462778 0.991800 0.462022 
0.057405 0.004187 0.491768 
0.005156 0.006023 0.007610 0.981211 
0.250000 0.250000 0.250000 0.250000 
  94
0.479817 0.004013 0.046210 
0.462778 0.991800 0.462022 
0.057405 0.004187 0.491768 
0.005156 0.984532 0.005156 0.005156 
0.250000 0.250000 0.250000 0.250000 
  95
0.479817 0.004013 0.046210 
0.462778 0.991800 0.462022 
0.057405 0.004187 0.491768 
0.005156 0.984532 0.005156 0.005156 
0.250000 0.250000 0.250000 0.250000 
  96
0.479817 0.004013 0.046210 
0.462778 0.991800 0.462022 
0.057405 0.004187 0.491768 
0.013349 0.976339 0.005156 0.005156 
0.250000 0.250000 0.250000 0.250000 
  97
0.479817 0.004013 0.046210 
0.462778 0.991800 0.462022 
0.057405 0.004187 0.491768 
0.005156 0.005156 0.984532 0.005156 
0.250000 0.250000 0.250000 0.250000 
  98
0.479817 0.004013 0.046210 
0.462778 0.991800 0.462022 
0.057405 0.004187 0.491768 
0.984532 0.005156 0.005156 0.005156 
0.250000 0.250000 0.250000 0.250000 
  99
0.479817 0.004013 0.046210 
0.462778 0.991800 0.462022 
0.057405 0.004187 0.491768 
0.005156 0.005156 0.976479 0.013209 
0.250000 0.250000 0.250000 0.250000 
 100
0.479817 0.004013 0.046210 
0.462778 0.991800 0.462022 
0.057405 0.004187 0.491768 
0.005156 0.005156 0.983638 0.006050 
0.250000 0.250000 0.250000 0.250000 
 101
0.479817 0.004013 0.046210 
0.462778 0.991800 0.462022 
0.057405 0.004187 0.491768 
0.984532 0.005156 0.005156 0.005156 
0.250000 0.250000 0.250000 0.250000 
 102
0.479817 0.004013 0.046210 
0.462778 0.991800 0.462022 
0.057405 0.004187 0.491768 
0.005156 0.005156 0.006759 0.982929 
0.250000 0.250000 0.250000 0.250000 
 103
0.479817 0.004013 0.046210 
0.462778 0.991800 0.462022 
0.057405 0.004187 0.491768 
0.005156 0.983929 0.005156 0.005759 
0.250000 0.250000 0.250000 0.250000 
 104
0.479817 0.004013 0.046210 
0.462778 0.991800 0.462022 
0.057405 0.004187 0.491768 
0.005156 0.005156 0.984532 0.005156 
0.250000 0.250000 0.250000 0.250000 
 105
0.479817 0.004013 0.046210 
0.462778 0.991800 0.462022 
0.057405 0.004187 0.491768 
0.983857 0.005831 0.005156 0.005156 
0.250000 0.250000 0.250000 0.250000 
 106
0.479817 0.004013 0.046210 
0.462778 0.991800 0.462022 
0.057405 0.004187 0.491768 
0.005158 0.983833 0.005158 0.005852 
0.250000 0.250000 0.250000 0.250000 
 107
0.479817 0.004013 0.046210 
0.462778 0.991800 0.462022 
0.057405 0.004187 0.491768 
0.005156 0.005156 0.005156 0.984532 
0.250000 0.250000 0.250000 0.250000 
 108
0.479817 0.004013 0.046210 
0.462778 0.991800 0.462022 
0.057405 0.004187 0.491768 
0.978224 0.010384 0.006236 0.005156 
0.250000 0.250000 0.250000 0.250000 
 109
0.479817 0.004013 0.046210 
0.462778 0.991800 0.462022 
0.057405 0.004187 0.491768 
0.005156 0.005759 0.983230 0.005855 
0.250000 0.250000 0.250000 0.250000 
 110
0.479817 0.004013 0.046210 
0.462778 0.991800 0.462022 
0.057405 0.004187 0.491768 
0.006211 0.005156 0.982916 0.005717 
0.250000 0.250000 0.250000 0.250000 
 111
0.479817 0.004013 0.046210 
0.462778 0.991800 0.462022 
0.057405 0.004187 0.491768 
0.982900 0.006788 0.005156 0.005156 
0.250000 0.250000 0.250000 0.250000 
 112
0.479817 0.004013 0.046210 
0.462778 0.991800 0.462022 
0.057405 0.004187 0.491768 
0.984532 0.005156 0.005156 0.005156 
0.250000 0.250000 0.250000 0.250000 
 113
0.479817 0.004013 0.046210 
0.462778 0.991800 0.462022 
0.057405 0.004187 0.491768 
0.984532 0.005156 0.005156 0.005156 
0.250000 0.250000 0.250000 0.250000 
 114
0.479817 0.004013 0.046210 
0.462778 0.991800 0.462022 
0.057405 0.004187 0.491768 
0.005158 0.005158 0.939804 0.049879 
0.250000 0.250000 0.250000 0.250000 
 115
0.479817 0.004013 0.046210 
0.462778 0.991800 0.462022 
0.057405 0.004187 0.491768 
0.005156 0.984532 0.005156 0.005156 
0.250000 0.250000 0.250000 0.250000 
 116
0.479817 0.004013 0.046210 
0.462778 0.991800 0.462022 
0.057405 0.004187 0.491768 
0.005156 0.984532 0.005156 0.005156 
0.250000 0.250000 0.250000 0.250000 
 117
0.479817 0.004013 0.046210 
0.462778 0.991800 0.462022 
0.057405 0.004187 0.491768 
0.982298 0.007390 0.005156 0.005156 
0.250000 0.250000 0.250000 0.250000 
 118
0.479817 0.004013 0.046210 
0.462778 0.991800 0.462022 
0.057405 0.004187 0.491768 
0.983229 0.006459 0.005156 0.005156 
0.250000 0.250000 0.250000 0.250000 
 119
0.479817 0.004013 0.046210 
0.462778 0.991800 0.462022 
0.057405 0.004187 0.491768 
0.005156 0.005156 0.983925 0.005763 
0.250000 0.250000 0.250000 0.250000 
 120
0.479817 0.004013 0.046210 
0.462778 0.991800 0.462022 
0.057405 0.004187 0.491768 
0.021651 0.967167 0.005156 0.006026 
0.250000 0.250000 0.250000 0.250000 
 121
0.479817 0.004013 0.046210 
0.462778 0.991800 0.462022 
0.057405 0.004187 0.491768 
0.969597 0.019249 0.005998 0.005156 
0.250000 0.250000 0.250000 0.250000 
 122
0.479817 0.004013 0.046210 
0.462778 0.991800 0.462022 
0.057405 0.004187 0.491768 
0.005156 0.005156 0.006722 0.982966 
0.250000 0.250000 0.250000 0.250000 
 123
0.479817 0.004013 0.046210 
0.462778 0.991800 0.462022 
0.057405 0.004187 0.491768 
0.980740 0.008948 0.005156 0.005156 
0.250000 0.250000 0.250000 0.250000 
 124
0.479817 0.004013 0.046210 
0.462778 0.991800 0.462022 
0.057405 0.004187 0.491768 
0.005156 0.984532 0.005156 0.005156 
0.250000 0.250000 0.250000 0.250000 
 125
0.479817 0.004013 0.046210 
0.462778 0.991800 0.462022 
0.057405 0.004187 0.491768 
0.005156 0.005156 0.005156 0.984532 
0.250000 0.250000 0.250000 0.250000 
 126
0.479817 0.004013 0.046210 
0.462778 0.991800 0.462022 
0.057405 0.004187 0.491768 
0.011275 0.977023 0.005630 0.006071 
0.250000 0.250000 0.250000 0.250000 
 127
0.479817 0.004013 0.046210 
0.462778 0.991800 0.462022 
0.057405 0.004187 0.491768 
0.983934 0.005754 0.005156 0.005156 
0.250000 0.250000 0.250000 0.250000 
 128
0.479817 0.004013 0.046210 
0.462778 0.991800 0.462022 
0.057405 0.004187 0.491768 
0.978337 0.011348 0.005158 0.005158 
0.250000 0.250000 0.250000 0.250000 
 129
0.479817 0.004013 0.046210 
0.462778 0.991800 0.462022 
0.057405 0.004187 0.491768 
0.982436 0.007252 0.005156 0.005156 
0.250000 0.250000 0.250000 0.250000 
 130
0.479817 0.004013 0.046210 
0.462778 0.991800 0.462022 
0.057405 0.004187 0.491768 
0.984532 0.005156 0.005156 0.005156 
0.250000 0.250000 0.250000 0.250000 
 131
0.479817 0.004013 0.046210 
0.462778 0.991800 0.462022 
0.057405 0.004187 0.491768 
0.005156 0.005156 0.984532 0.005156 
0.250000 0.250000 0.250000 0.250000 
 132
0.479817 0.004013 0.046210 
0.462778 0.991800 0.462022 
0.057405 0.004187 0.491768 
0.981516 0.008172 0.005156 0.005156 
0.250000 0.250000 0.250000 0.250000 
 133
0.479817 0.004013 0.046210 
0.462778 0.991800 0.462022 
0.057405 0.004187 0.491768 
0.983934 0.005753 0.005156 0.005156 
0.250000 0.250000 0.250000 0.250000 
 134
0.479817 0.004013 0.046210 
0.462778 0.991800 0.462022 
0.057405 0.004187 0.491768 
0.005156 0.005156 0.005156 0.984532 
0.250000 0.250000 0.250000 0.250000 
 135
0.479817 0.004013 0.046210 
0.462778 0.991800 0.462022 
0.057405 0.004187 0.491768 
0.005983 0.005156 0.981700 0.007161 
0.250000 0.250000 0.250000 0.250000 
 136
0.479817 0.004013 0.046210 
0.462778 0.991800 0.462022 
0.057405 0.004187 0.491768 
0.981273 0.008415 0.005156 0.005156 
0.250000 0.250000 0.250000 0.250000 
 137
0.479817 0.004013 0.046210 
0.462778 0.991800 0.462022 
0.057405 0.004187 0.491768 
0.005156 0.005156 0.983109 0.006579 
0.250000 0.250000 0.250000 0.250000 
 138
0.479817 0.004013 0.046210 
0.462778 0.991800 0.462022 
0.057405 0.004187 0.491768 
0.013285 0.976403 0.005156 0.005156 
0.250000 0.250000 0.250000 0.250000 
 139
0.479817 0.004013 0.046210 
0.462778 0.991800 0.462022 
0.057405 0.004187 0.491768 
0.982765 0.006922 0.005156 0.005156 
0.250000 0.250000 0.250000 0.250000 
 140
0.479817 0.004013 0.046210 
0.462778 0.991800 0.462022 
0.057405 0.004187 0.491768 
0.929312 0.060376 0.005156 0.005156 
0.250000 0.250000 0.250000 0.250000 
 141
0.479817 0.004013 0.046210 
0.462778 0.991800 0.462022 
0.057405 0.004187 0.491768 
0.005156 0.005156 0.006127 0.983561 
0.250000 0.250000 0.250000 0.250000 
 142
0.479817 0.004013 0.046210 
0.462778 0.991800 0.462022 
0.057405 0.004187 0.491768 
0.005156 0.984532 0.005156 0.005156 
0.250000 0.250000 0.250000 0.250000 
 143
0.479817 0.004013 0.046210 
0.462778 0.991800 0.462022 
0.057405 0.004187 0.491768 
0.983927 0.005761 0.005156 0.005156 
0.250000 0.250000 0.250000 0.250000 
 144
0.479817 0.004013 0.046210 
0.462778 0.991800 0.462022 
0.057405 0.004187 0.491768 
0.006217 0.005156 0.981052 0.007575 
0.250000 0.250000 0.250000 0.250000 
 145
0.479817 0.004013 0.046210 
0.462778 0.991800 0.462022 
0.057405 0.004187 0.491768 
0.008095 0.005156 0.981593 0.005156 
0.250000 0.250000 0.250000 0.250000 
 146
0.479817 0.004013 0.046210 
0.462778 0.991800 0.462022 
0.057405 0.004187 0.491768 
0.049982 0.939700 0.005159 0.005159 
0.250000 0.250000 0.250000 0.250000 
 147
0.479817 0.004013 0.046210 
0.462778 0.991800 0.462022 
0.057405 0.004187 0.491768 
0.980577 0.009111 0.005156 0.005156 
0.250000 0.250000 0.250000 0.250000 
 148
0.479817 0.004013 0.046210 
0.462778 0.991800 0.462022 
0.057405 0.004187 0.491768 
0.984532 0.005156 0.005156 0.005156 
0.250000 0.250000 0.250000 0.250000 
 149
0.479817 0.004013 0.046210 
0.462778 0.991800 0.462022 
0.057405 0.004187 0.491768 
0.005156 0.005156 0.005156 0.984532 
0.250000 0.250000 0.250000 0.250000 
 150
0.479817 0.004013 0.046210 
0.462778 0.991800 0.462022 
0.057405 0.004187 0.491768 
0.005998 0.005156 0.008267 0.980579 
0.250000 0.250000 0.250000 0.250000 
 151
0.479817 0.004013 0.046210 
0.462778 0.991800 0.462022 
0.057405 0.004187 0.491768 
0.005156 0.984532 0.005156 0.005156 
0.250000 0.250000 0.250000 0.250000 
 152
0.479817 0.004013 0.046210 
0.462778 0.991800 0.462022 
0.057405 0.004187 0.491768 
0.984532 0.005156 0.005156 0.005156 
0.250000 0.250000 0.250000 0.250000 
 153
0.479817 0.004013 0.046210 
0.462778 0.991800 0.462022 
0.057405 0.004187 0.491768 
0.983542 0.006145 0.005156 0.005156 
0.250000 0.250000 0.250000 0.250000 
 154
0.479817 0.004013 0.046210 
0.462778 0.991800 0.462022 
0.057405 0.004187 0.491768 
0.005156 0.984532 0.005156 0.005156 
0.250000 0.250000 0.250000 0.250000 
 155
0.479817 0.004013 0.046210 
0.462778 0.991800 0.462022 
0.057405 0.004187 0.491768 
0.005156 0.005156 0.005156 0.984532 
0.250000 0.250000 0.250000 0.250000 
 156
0.479817 0.004013 0.046210 
0.462778 0.991800 0.462022 
0.057405 0.004187 0.491768 
0.005156 0.015737 0.023269 0.955838 
0.250000 0.250000 0.250000 0.250000 
 157
0.479817 0.004013 0.046210 
0.462778 0.991800 0.462022 
0.057405 0.004187 0.491768 
0.984532 0.005156 0.005156 0.005156 
0.250000 0.250000 0.250000 0.250000 
 158
0.479817 0.004013 0.046210 
0.462778 0.991800 0.462022 
0.057405 0.004187 0.491768 
0.005156 0.005156 0.984532 0.005156 
0.250000 0.250000 0.250000 0.250000 
 159
0.479817 0.004013 0.046210 
0.462778 0.991800 0.462022 
0.057405 0.004187 0.491768 
0.005770 0.005160 0.012589 0.976481 
0.250000 0.250000 0.250000 0.250000 
 160
0.479817 0.004013 0.046210 
0.462778 0.991800 0.462022 
0.057405 0.004187 0.491768 
0.984532 0.005156 0.005156 0.005156 
0.250000 0.250000 0.250000 0.250000 
 161
0.479817 0.004013 0.046210 
0.462778 0.991800 0.462022 
0.057405 0.004187 0.491768 
0.983072 0.006616 0.005156 0.005156 
0.250000 0.250000 0.250000 0.250000 
 162
0.479817 0.004013 0.046210 
0.462778 0.991800 0.462022 
0.057405 0.004187 0.491768 
0.005156 0.005156 0.005828 0.983860 
0.250000 0.250000 0.250000 0.250000 
 163
0.479817 0.004013 0.046210 
0.462778 0.991800 0.462022 
0.057405 0.004187 0.491768 
0.005156 0.984532 0.005156 0.005156 
0.250000 0.250000 0.250000 0.250000 
 164
0.479817 0.004013 0.046210 
0.462778 0.991800 0.462022 
0.057405 0.004187 0.491768 
0.005156 0.005156 0.984532 0.005156 
0.250000 0.250000 0.250000 0.250000 
 165
0.479817 0.004013 0.046210 
0.462778 0.991800 0.462022 
0.057405 0.004187 0.491768 
0.005156 0.005156 0.007336 0.982351 
0.250000 0.250000 0.250000 0.250000 
 166
0.479817 0.004013 0.046210 
0.462778 0.991800 0.462022 
0.057405 0.004187 0.491768 
0.984532 0.005156 0.005156 0.005156 
0.250000 0.250000 0.250000 0.250000 
 167
0.479817 0.004013 0.046210 
0.462778 0.991800 0.462022 
0.057405 0.004187 0.491768 
0.005156 0.005156 0.983918 0.005770 
0.250000 0.250000 0.250000 0.250000 
 168
0.479817 0.004013 0.046210 
0.462778 0.991800 0.462022 
0.057405 0.004187 0.491768 
0.008918 0.005156 0.009122 0.976804 
0.250000 0.250000 0.250000 0.250000 
 169
0.479817 0.004013 0.046210 
0.462778 0.991800 0.462022 
0.057405 0.004187 0.491768 
0.005156 0.984532 0.005156 0.005156 
0.250000 0.250000 0.250000 0.250000 
 170
0.479817 0.004013 0.046210 
0.462778 0.991800 0.462022 
0.057405 0.004187 0.491768 
0.984532 0.005156 0.005156 0.005156 
0.250000 0.250000 0.250000 0.250000 
 171
0.479817 0.004013 0.046210 
0.462778 0.991800 0.462022 
0.057405 0.004187 0.491768 
0.017311 0.972372 0.005158 0.005158 
0.250000 0.250000 0.250000 0.250000 
 172
0.479817 0.004013 0.046210 
0.462778 0.991800 0.462022 
0.057405 0.004187 0.491768 
0.005156 0.005156 0.982783 0.006905 
0.250000 0.250000 0.250000 0.250000 
 173
0.479817 0.004013 0.046210 
0.462778 0.991800 0.462022 
0.057405 0.004187 0.491768 
0.005156 0.005156 0.005156 0.984532 
0.250000 0.250000 0.250000 0.250000 
 174
0.479817 0.004013 0.046210 
0.462778 0.991800 0.462022 
0.057405 0.004187 0.491768 
0.010074 0.977344 0.005156 0.007426 
0.250000 0.250000 0.250000 0.250000 
 175
0.479817 0.004013 0.046210 
0.462778 0.991800 0.462022 
0.057405 0.004187 0.491768 
0.006496 0.983192 0.005156 0.005156 
0.250000 0.250000 0.250000 0.250000 
 176
0.479817 0.004013 0.046210 
0.462778 0.991800 0.462022 
0.057405 0.004187 0.491768 
0.005156 0.005156 0.005156 0.984532 
0.250000 0.250000 0.250000 0.250000 
 177
0.479817 0.004013 0.046210 
0.462778 0.991800 0.462022 
0.057405 0.004187 0.491768 
0.005156 0.005156 0.006773 0.982915 
0.250000 0.250000 0.250000 0.250000 
 178
0.479817 0.004013 0.046210 
0.462778 0.991800 0.462022 
0.057405 0.004187 0.491768 
0.005156 0.005156 0.984532 0.005156 
0.250000 0.250000 0.250000 0.250000 
 179
0.479817 0.004013 0.046210 
0.462778 0.991800 0.462022 
0.057405 0.004187 0.491768 
0.983775 0.005913 0.005156 0.005156 
0.250000 0.250000 0.250000 0.250000 
 180
0.479817 0.004013 0.046210 
0.462778 0.991800 0.462022 
0.057405 0.004187 0.491768 
0.009677 0.980010 0.005156 0.005156 
0.250000 0.250000 0.250000 0.250000 
 181
0.479817 0.004013 0.046210 
0.462778 0.991800 0.462022 
0.057405 0.004187 0.491768 
0.983566 0.006122 0.005156 0.005156 
0.250000 0.250000 0.250000 0.250000 
 182
0.479817 0.004013 0.046210 
0.462778 0.991800 0.462022 
0.057405 0.004187 0.491768 
0.983448 0.006239 0.005156 0.005156 
0.250000 0.250000 0.250000 0.250000 
 183
0.479817 0.004013 0.046210 
0.462778 0.991800 0.462022 
0.057405 0.004187 0.491768 
0.005794 0.005156 0.009681 0.979369 
0.250000 0.250000 0.250000 0.250000 
 184
0.479817 0.004013 0.046210 
0.462778 0.991800 0.462022 
0.057405 0.004187 0.491768 
0.005156 0.005156 0.005775 0.983913 
0.250000 0.250000 0.250000 0.250000 
 185
0.479817 0.004013 0.046210 
0.462778 0.991800 0.462022 
0.057405 0.004187 0.491768 
0.005733 0.005156 0.983447 0.005663 
0.250000 0.250000 0.250000 0.250000 
 186
0.479817 0.004013 0.046210 
0.462778 0.991800 0.462022 
0.057405 0.004187 0.491768 
0.005908 0.005156 0.949114 0.039822 
0.250000 0.250000 0.250000 0.250000 
 187
0.479817 0.004013 0.046210 
0.462778 0.991800 0.462022 
0.057405 0.004187 0.491768 
0.007442 0.005156 0.005691 0.981711 
0.250000 0.250000 0.250000 0.250000 
 188
0.479817 0.004013 0.046210 
0.462778 0.991800 0.462022 
0.057405 0.004187 0.491768 
0.005156 0.005156 0.984532 0.005156 
0.250000 0.250000 0.250000 0.250000 
 189
0.479817 0.004013 0.046210 
0.462778 0.991800 0.462022 
0.057405 0.004187 0.491768 
0.984532 0.005156 0.005156 0.005156 
0.250000 0.250000 0.250000 0.250000 
 190
0.479817 0.004013 0.046210 
0.462778 0.991800 0.462022 
0.057405 0.004187 0.491768 
0.984532 0.005156 0.005156 0.005156 
0.250000 0.250000 0.250000 0.250000 
 191
0.479817 0.004013 0.046210 
0.462778 0.991800 0.462022 
0.057405 0.004187 0.491768 
0.005813 0.005156 0.008798 0.980233 
0.250000 0.250000 0.250000 0.250000 
 192
0.479817 0.004013 0.046210 
0.462778 0.991800 0.462022 
0.057405 0.004187 0.491768 
0.978624 0.009613 0.005156 0.006607 
0.250000 0.250000 0.250000 0.250000 
 193
0.479817 0.004013 0.046210 
0.462778 0.991800 0.462022 
0.057405 0.004187 0.491768 
0.007162 0.982526 0.005156 0.005156 
0.250000 0.250000 0.250000 0.250000 
 194
0.479817 0.004013 0.046210 
0.462778 0.991800 0.462022 
0.057405 0.004187 0.491768 
0.006903 0.982785 0.005156 0.005156 
0.250000 0.250000 0.250000 0.250000 
 195
0.479817 0.004013 0.046210 
0.462778 0.991800 0.462022 
0.057405 0.004187 0.491768 
0.005657 0.005156 0.006232 0.982955 
0.250000 0.250000 0.250000 0.250000 
 196
0.479817 0.004013 0.046210 
0.462778 0.991800 0.462022 
0.057405 0.004187 0.491768 
0.008536 0.981152 0.005156 0.005156 
0.250000 0.250000 0.250000 0.250000 
 197
0.479817 0.004013 0.046210 
0.462778 0.991800 0.462022 
0.057405 0.004187 0.491768 
0.984532 0.005156 0.005156 0.005156 
0.250000 0.250000 0.250000 0.250000 
 198
0.479817 0.004013 0.046210 
0.462778 0.991800 0.462022 
0.057405 0.004187 0.491768 
0.982575 0.006518 0.005752 0.005156 
0.250000 0.250000 0.250000 0.250000 
 199
0.479817 0.004013 0.046210 
0.462778 0.991800 0.462022 
0.057405 0.004187 0.491768 
0.984532 0.005156 0.005156 0.005156 
0.250000 0.250000 0.250000 0.250000 
 200
0.479817 0.004013 0.046210 
0.462778 0.991800 0.462022 
0.057405 0.004187 0.491768 
0.005156 0.005156 0.005156 0.984532 
0.250000 0.250000 0.250000 0.250000 
 201
0.479817 0.004013 0.046210 
0.462778 0.991800 0.462022 
0.057405 0.004187 0.491768 
0.971364 0.005714 0.005785 0.017137 
0.250000 0.250000 0.250000 0.250000 
 202
0.479817 0.004013 0.046210 
0.462778 0.991800 0.462022 
0.057405 0.004187 0.491768 
0.005156 0.005156 0.005156 0.984532 
0.250000 0.250000 0.250000 0.250000 
 203
0.479817 0.004013 0.046210 
0.462778 0.991800 0.462022 
0.057405 0.004187 0.491768 
0.005156 0.984532 0.005156 0.005156 
0.250000 0.250000 0.250000 0.250000 
 204
0.479817 0.004013 0.046210 
0.462778 0.991800 0.462022 
0.057405 0.004187 0.491768 
0.005156 0.005156 0.972166 0.017522 
0.250000 0.250000 0.250000 0.250000 
 205
0.479817 0.004013 0.046210 
0.462778 0.991800 0.462022 
0.057405 0.004187 0.491768 
0.033630 0.956058 0.005156 0.005156 
0.250000 0.250000 0.250000 0.250000 
 206
0.479817 0.004013 0.046210 
0.462778 0.991800 0.462022 
0.057405 0.004187 0.491768 
0.982283 0.007405 0.005156 0.005156 
0.250000 0.250000 0.250000 0.250000 
 207
0.479817 0.004013 0.046210 
0.462778 0.991800 0.462022 
0.057405 0.004187 0.491768 
0.005683 0.005156 0.980318 0.008843 
0.250000 0.250000 0.250000 0.250000 
 208
0.479817 0.004013 0.046210 
0.462778 0.991800 0.462022 
0.057405 0.004187 0.491768 
0.983451 0.005677 0.005716 0.005156 
0.250000 0.250000 0.250000 0.250000 
 209
0.479817 0.004013 0.046210 
0.462778 0.991800 0.462022 
0.057405 0.004187 0.491768 
0.007622 0.982066 0.005156 0.005156 
0.250000 0.250000 0.250000 0.250000 
 210
0.479817 0.004013 0.046210 
0.462778 0.991800 0.462022 
0.057405 0.004187 0.491768 
0.006806 0.011194 0.007371 0.974629 
0.250000 0.250000 0.250000 0.250000 
 211
0.479817 0.004013 0.046210 
0.462778 0.991800 0.462022 
0.057405 0.004187 0.491768 
0.005156 0.005156 0.984532 0.005156 
0.250000 0.250000 0.250000 0.250000 
 212
0.479817 0.004013 0.046210 
0.462778 0.991800 0.462022 
0.057405 0.004187 0.491768 
0.005156 0.005156 0.984532 0.005156 
0.250000 0.250000 0.250000 0.250000 
 213
0.479817 0.004013 0.046210 
0.462778 0.991800 0.462022 
0.057405 0.004187 0.491768 
0.005968 0.005156 0.005685 0.983191 
0.250000 0.250000 0.250000 0.250000 
 214
0.479817 0.004013 0.046210 
0.462778 0.991800 0.462022 
0.057405 0.004187 0.491768 
0.005156 0.005156 0.984532 0.005156 
0.250000 0.250000 0.250000 0.250000 
 215
0.479817 0.004013 0.046210 
0.462778 0.991800 0.462022 
0.057405 0.004187 0.491768 
0.984532 0.005156 0.005156 0.005156 
0.250000 0.250000 0.250000 0.250000 
 216
0.479817 0.004013 0.046210 
0.462778 0.991800 0.462022 
0.057405 0.004187 0.491768 
0.005156 0.005156 0.008551 0.981137 
0.250000 0.250000 0.250000 0.250000 
 217
0.479817 0.004013 0.046210 
0.462778 0.991800 0.462022 
0.057405 0.004187 0.491768 
0.007296 0.005156 0.982392 0.005156 
0.250000 0.250000 0.250000 0.250000 
 218
0.479817 0.004013 0.046210 
0.462778 0.991800 0.462022 
0.057405 0.004187 0.491768 
0.984532 0.005156 0.005156 0.005156 
0.250000 0.250000 0.250000 0.250000 
 219
0.479817 0.004013 0.046210 
0.462778 0.991800 0.462022 
0.057405 0.004187 0.491768 
0.009176 0.978663 0.005160 0.007001 
0.250000 0.250000 0.250000 0.250000 
 220
0.479817 0.004013 0.046210 
0.462778 0.991800 0.462022 
0.057405 0.004187 0.491768 
0.981580 0.008108 0.005156 0.005156 
0.250000 0.250000 0.250000 0.250000 
 221
0.479817 0.004013 0.046210 
0.462778 0.991800 0.462022 
0.057405 0.004187 0.491768 
0.005156 0.005156 0.005156 0.984532 
0.250000 0.250000 0.250000 0.250000 
 222
0.479817 0.004013 0.046210 
0.462778 0.991800 0.462022 
0.057405 0.004187 0.491768 
0.005727 0.005156 0.974730 0.014387 
0.250000 0.250000 0.250000 0.250000 
 223
0.479817 0.004013 0.046210 
0.462778 0.991800 0.462022 
0.057405 0.004187 0.491768 
0.007443 0.005156 0.982245 0.005156 
0.250000 0.250000 0.250000 0.250000 
 224
0.479817 0.004013 0.046210 
0.462778 0.991800 0.462022 
0.057405 0.004187 0.491768 
0.005156 0.005156 0.005156 0.984532 
0.250000 0.250000 0.250000 0.250000 
 225
0.479817 0.004013 0.046210 
0.462778 0.991800 0.462022 
0.057405 0.004187 0.491768 
0.007334 0.005156 0.006829 0.980681 
0.250000 0.250000 0.250000 0.250000 
 226
0.479817 0.004013 0.046210 
0.462778 0.991800 0.462022 
0.057405 0.004187 0.491768 
0.005156 0.984532 0.005156 0.005156 
0.250000 0.250000 0.250000 0.250000 
 227
0.479817 0.004013 0.046210 
0.462778 0.991800 0.462022 
0.057405 0.004187 0.491768 
0.984532 0.005156 0.005156 0.005156 
0.250000 0.250000 0.250000 0.250000 
 228
0.479817 0.004013 0.046210 
0.462778 0.991800 0.462022 
0.057405 0.004187 0.491768 
0.005156 0.005156 0.005805 0.983883 
0.250000 0.250000 0.250000 0.250000 
 229
0.479817 0.004013 0.046210 
0.462778 0.991800 0.462022 
0.057405 0.004187 0.491768 
0.005156 0.984532 0.005156 0.005156 
0.250000 0.250000 0.250000 0.250000 
 230
0.479817 0.004013 0.046210 
0.462778 0.991800 0.462022 
0.057405 0.004187 0.491768 
0.006098 0.983590 0.005156 0.005156 
0.250000 0.250000 0.250000 0.250000 
 231
0.479817 0.004013 0.046210 
0.462778 0.991800 0.462022 
0.057405 0.004187 0.491768 
0.975629 0.012829 0.005859 0.005684 
0.250000 0.250000 0.250000 0.250000 
 232
0.479817 0.004013 0.046210 
0.462778 0.991800 0.462022 
0.057405 0.004187 0.491768 
0.202519 0.787169 0.005156 0.005156 
0.250000 0.250000 0.250000 0.250000 
 233
0.479817 0.004013 0.046210 
0.462778 0.991800 0.462022 
0.057405 0.004187 0.491768 
0.983634 0.006054 0.005156 0.005156 
0.250000 0.250000 0.250000 0.250000 
 234
0.479817 0.004013 0.046210 
0.462778 0.991800 0.462022 
0.057405 0.004187 0.491768 
0.982030 0.007658 0.005156 0.005156 
0.250000 0.250000 0.250000 0.250000 
 235
0.479817 0.004013 0.046210 
