%  SAM: /Volumes/gf_atl_2012/Tools/LABEL_RES/scripts/modelfromalign v3.5 (July 15, 2005) compiled 03/03/09_11:47:37
%  (c) 1992-2001 Regents of the University of California, Santa Cruz
%
%          Sequence Alignment and Modeling Software System
%         http://www.cse.ucsc.edu/research/compbio/sam.html
%
% ----------------- Citations (SAM, SAM-T2K, HMMs) --------------------
% R. Hughey, A. Krogh, Hidden Markov models for sequence analysis:
%  Extension and analysis of the basic method, CABIOS 12:95-107, 1996.
% K. Karplus, et al., What is the value added by human intervention in protein
%  structure prediction, Proteins: Stucture, Function, Genetics 45(S5):86--91, 2001.
% A. Krogh et al., Hidden Markov models in computational biology:
%  Applications to protein modeling, JMB 235:1501-1531, Feb 1994.
% ---------------------------------------------------------------------
%  A3_avEA_GB963_hmm   Host: m222714.cdc.gov    Tue Apr  9 14:39:03 2013
%  vfn4                Dir:  /Volumes/gf_atl_2012/Genotyping/H7/set_2013-04-05/base/c-A3_avEA
% ---------------------------------------------------------------------
%  Alignment weights from internal calc.  Total (6.16) Max (0.22) Min (0.15)
%  Weights from alignment method 1 (karplus), b=-1.000000, e=0.500000
MODEL --  Model from alignment file /Volumes/gf_atl_2012/Tools/LABEL_RES/training_data/H7/c-A3_avEA/A3_avEA_GB963.fasta
alphabet DNA
FREQAVE
0.000000 0.000000 0.000000 
0.000000 0.000000 0.000000 
0.000000 0.000000 0.000000 
0.332367 0.254070 0.180983 0.232581 
0.332367 0.254070 0.180983 0.232581 
Begin
0.000000 0.000000 0.000000 
0.000000 0.000000 0.000000 
0.000000 0.011977 0.491768 
0.250000 0.250000 0.250000 0.250000 
0.250000 0.250000 0.250000 0.250000 
   1
0.000000 0.011481 0.046210 
0.000000 0.976543 0.462022 
0.057405 0.011977 0.491768 
0.034895 0.895316 0.034895 0.034895 
0.250000 0.250000 0.250000 0.250000 
   2
0.479817 0.011481 0.046210 
0.462778 0.976543 0.462022 
0.057405 0.011977 0.491768 
0.895316 0.034895 0.034895 0.034895 
0.250000 0.250000 0.250000 0.250000 
   3
0.479817 0.011481 0.046210 
0.462778 0.976543 0.462022 
0.057405 0.011977 0.491768 
0.034895 0.034895 0.699247 0.230963 
0.250000 0.250000 0.250000 0.250000 
   4
0.479817 0.011481 0.046210 
0.462778 0.976543 0.462022 
0.057405 0.011977 0.491768 
0.895316 0.034895 0.034895 0.034895 
0.250000 0.250000 0.250000 0.250000 
   5
0.479817 0.011481 0.046210 
0.462778 0.976543 0.462022 
0.057405 0.011977 0.491768 
0.895316 0.034895 0.034895 0.034895 
0.250000 0.250000 0.250000 0.250000 
   6
0.479817 0.011481 0.046210 
0.462778 0.976543 0.462022 
0.057405 0.011977 0.491768 
0.895316 0.034895 0.034895 0.034895 
0.250000 0.250000 0.250000 0.250000 
   7
0.479817 0.011481 0.046210 
0.462778 0.976543 0.462022 
0.057405 0.011977 0.491768 
0.895316 0.034895 0.034895 0.034895 
0.250000 0.250000 0.250000 0.250000 
   8
0.479817 0.011481 0.046210 
0.462778 0.976543 0.462022 
0.057405 0.011977 0.491768 
0.034895 0.034895 0.034895 0.895316 
0.250000 0.250000 0.250000 0.250000 
   9
0.479817 0.011481 0.046210 
0.462778 0.976543 0.462022 
0.057405 0.011977 0.491768 
0.034895 0.034895 0.034895 0.895316 
0.250000 0.250000 0.250000 0.250000 
  10
0.479817 0.011481 0.046210 
0.462778 0.976543 0.462022 
0.057405 0.011977 0.491768 
0.034895 0.034895 0.034895 0.895316 
0.250000 0.250000 0.250000 0.250000 
  11
0.479817 0.011481 0.046210 
0.462778 0.976543 0.462022 
0.057405 0.011977 0.491768 
0.034895 0.895316 0.034895 0.034895 
0.250000 0.250000 0.250000 0.250000 
  12
0.479817 0.011481 0.046210 
0.462778 0.976543 0.462022 
0.057405 0.011977 0.491768 
0.034895 0.034895 0.895316 0.034895 
0.250000 0.250000 0.250000 0.250000 
  13
0.479817 0.011481 0.046210 
0.462778 0.976543 0.462022 
0.057405 0.011977 0.491768 
0.034895 0.034895 0.895316 0.034895 
0.250000 0.250000 0.250000 0.250000 
  14
0.479817 0.011481 0.046210 
0.462778 0.976543 0.462022 
0.057405 0.011977 0.491768 
0.034895 0.034895 0.034895 0.895316 
0.250000 0.250000 0.250000 0.250000 
  15
0.479817 0.011481 0.046210 
0.462778 0.976543 0.462022 
0.057405 0.011977 0.491768 
0.034895 0.034895 0.034895 0.895316 
0.250000 0.250000 0.250000 0.250000 
  16
0.479817 0.011481 0.046210 
0.462778 0.976543 0.462022 
0.057405 0.011977 0.491768 
0.034895 0.895316 0.034895 0.034895 
0.250000 0.250000 0.250000 0.250000 
  17
0.479817 0.011481 0.046210 
0.462778 0.976543 0.462022 
0.057405 0.011977 0.491768 
0.034895 0.895316 0.034895 0.034895 
0.250000 0.250000 0.250000 0.250000 
  18
0.479817 0.011481 0.046210 
0.462778 0.976543 0.462022 
0.057405 0.011977 0.491768 
0.172102 0.758108 0.034895 0.034895 
0.250000 0.250000 0.250000 0.250000 
  19
0.479817 0.011481 0.046210 
0.462778 0.976543 0.462022 
0.057405 0.011977 0.491768 
0.034895 0.034895 0.895316 0.034895 
0.250000 0.250000 0.250000 0.250000 
  20
0.479817 0.011481 0.046210 
0.462778 0.976543 0.462022 
0.057405 0.011977 0.491768 
0.895316 0.034895 0.034895 0.034895 
0.250000 0.250000 0.250000 0.250000 
  21
0.479817 0.011481 0.046210 
0.462778 0.976543 0.462022 
0.057405 0.011977 0.491768 
0.034895 0.034895 0.034895 0.895316 
0.250000 0.250000 0.250000 0.250000 
  22
0.479817 0.011481 0.046210 
0.462778 0.976543 0.462022 
0.057405 0.011977 0.491768 
0.034895 0.034895 0.895316 0.034895 
0.250000 0.250000 0.250000 0.250000 
  23
0.479817 0.011481 0.046210 
0.462778 0.976543 0.462022 
0.057405 0.011977 0.491768 
0.895316 0.034895 0.034895 0.034895 
0.250000 0.250000 0.250000 0.250000 
  24
0.479817 0.011481 0.046210 
0.462778 0.976543 0.462022 
0.057405 0.011977 0.491768 
0.034895 0.034895 0.079535 0.850676 
0.250000 0.250000 0.250000 0.250000 
  25
0.479817 0.011481 0.046210 
0.462778 0.976543 0.462022 
0.057405 0.011977 0.491768 
0.034895 0.895316 0.034895 0.034895 
0.250000 0.250000 0.250000 0.250000 
  26
0.479817 0.011481 0.046210 
0.462778 0.976543 0.462022 
0.057405 0.011977 0.491768 
0.034895 0.034895 0.895316 0.034895 
0.250000 0.250000 0.250000 0.250000 
  27
0.479817 0.011481 0.046210 
0.462778 0.976543 0.462022 
0.057405 0.011977 0.491768 
0.034895 0.034895 0.579759 0.350452 
0.250000 0.250000 0.250000 0.250000 
  28
0.479817 0.011481 0.046210 
0.462778 0.976543 0.462022 
0.057405 0.011977 0.491768 
0.034895 0.895316 0.034895 0.034895 
0.250000 0.250000 0.250000 0.250000 
  29
0.479817 0.011481 0.046210 
0.462778 0.976543 0.462022 
0.057405 0.011977 0.491768 
0.034895 0.034895 0.034895 0.895316 
0.250000 0.250000 0.250000 0.250000 
  30
0.479817 0.011481 0.046210 
0.462778 0.976543 0.462022 
0.057405 0.011977 0.491768 
0.058682 0.871528 0.034895 0.034895 
0.250000 0.250000 0.250000 0.250000 
  31
0.479817 0.011481 0.046210 
0.462778 0.976543 0.462022 
0.057405 0.011977 0.491768 
0.034895 0.034895 0.034895 0.895316 
0.250000 0.250000 0.250000 0.250000 
  32
0.479817 0.011481 0.046210 
0.462778 0.976543 0.462022 
0.057405 0.011977 0.491768 
0.034895 0.034895 0.895316 0.034895 
0.250000 0.250000 0.250000 0.250000 
  33
0.479817 0.011481 0.046210 
0.462778 0.976543 0.462022 
0.057405 0.011977 0.491768 
0.807647 0.122564 0.034895 0.034895 
0.250000 0.250000 0.250000 0.250000 
  34
0.479817 0.011481 0.046210 
0.462778 0.976543 0.462022 
0.057405 0.011977 0.491768 
0.895316 0.034895 0.034895 0.034895 
0.250000 0.250000 0.250000 0.250000 
  35
0.479817 0.011481 0.046210 
0.462778 0.976543 0.462022 
0.057405 0.011977 0.491768 
0.895316 0.034895 0.034895 0.034895 
0.250000 0.250000 0.250000 0.250000 
  36
0.479817 0.011481 0.046210 
0.462778 0.976543 0.462022 
0.057405 0.011977 0.491768 
0.034895 0.034895 0.804635 0.125575 
0.250000 0.250000 0.250000 0.250000 
  37
0.479817 0.011481 0.046210 
0.462778 0.976543 0.462022 
0.057405 0.011977 0.491768 
0.034895 0.895316 0.034895 0.034895 
0.250000 0.250000 0.250000 0.250000 
  38
0.479817 0.011481 0.046210 
0.462778 0.976543 0.462022 
0.057405 0.011977 0.491768 
0.034895 0.895316 0.034895 0.034895 
0.250000 0.250000 0.250000 0.250000 
  39
0.479817 0.011481 0.046210 
0.462778 0.976543 0.462022 
0.057405 0.011977 0.491768 
0.895316 0.034895 0.034895 0.034895 
0.250000 0.250000 0.250000 0.250000 
  40
0.479817 0.011481 0.046210 
0.462778 0.976543 0.462022 
0.057405 0.011977 0.491768 
0.895316 0.034895 0.034895 0.034895 
0.250000 0.250000 0.250000 0.250000 
  41
0.479817 0.011481 0.046210 
0.462778 0.976543 0.462022 
0.057405 0.011977 0.491768 
0.034895 0.034895 0.895316 0.034895 
0.250000 0.250000 0.250000 0.250000 
  42
0.479817 0.011481 0.046210 
0.462778 0.976543 0.462022 
0.057405 0.011977 0.491768 
0.034895 0.034895 0.248901 0.681309 
0.250000 0.250000 0.250000 0.250000 
  43
0.479817 0.011481 0.046210 
0.462778 0.976543 0.462022 
0.057405 0.011977 0.491768 
0.895316 0.034895 0.034895 0.034895 
0.250000 0.250000 0.250000 0.250000 
  44
0.479817 0.011481 0.046210 
0.462778 0.976543 0.462022 
0.057405 0.011977 0.491768 
0.895316 0.034895 0.034895 0.034895 
0.250000 0.250000 0.250000 0.250000 
  45
0.479817 0.011481 0.046210 
0.462778 0.976543 0.462022 
0.057405 0.011977 0.491768 
0.168941 0.761269 0.034895 0.034895 
0.250000 0.250000 0.250000 0.250000 
  46
0.479817 0.011481 0.046210 
0.462778 0.976543 0.462022 
0.057405 0.011977 0.491768 
0.147685 0.782525 0.034895 0.034895 
0.250000 0.250000 0.250000 0.250000 
  47
0.479817 0.011481 0.046210 
0.462778 0.976543 0.462022 
0.057405 0.011977 0.491768 
0.034895 0.034895 0.034895 0.895316 
0.250000 0.250000 0.250000 0.250000 
  48
0.479817 0.011481 0.046210 
0.462778 0.976543 0.462022 
0.057405 0.011977 0.491768 
0.807647 0.122564 0.034895 0.034895 
0.250000 0.250000 0.250000 0.250000 
  49
0.479817 0.011481 0.046210 
0.462778 0.976543 0.462022 
0.057405 0.011977 0.491768 
0.895316 0.034895 0.034895 0.034895 
0.250000 0.250000 0.250000 0.250000 
  50
0.479817 0.011481 0.046210 
0.462778 0.976543 0.462022 
0.057405 0.011977 0.491768 
0.895316 0.034895 0.034895 0.034895 
0.250000 0.250000 0.250000 0.250000 
  51
0.479817 0.011481 0.046210 
0.462778 0.976543 0.462022 
0.057405 0.011977 0.491768 
0.034895 0.034895 0.895316 0.034895 
0.250000 0.250000 0.250000 0.250000 
  52
0.479817 0.011481 0.046210 
0.462778 0.976543 0.462022 
0.057405 0.011977 0.491768 
0.895316 0.034895 0.034895 0.034895 
0.250000 0.250000 0.250000 0.250000 
  53
0.479817 0.011481 0.046210 
0.462778 0.976543 0.462022 
0.057405 0.011977 0.491768 
0.034895 0.034895 0.895316 0.034895 
0.250000 0.250000 0.250000 0.250000 
  54
0.479817 0.011481 0.046210 
0.462778 0.976543 0.462022 
0.057405 0.011977 0.491768 
0.895316 0.034895 0.034895 0.034895 
0.250000 0.250000 0.250000 0.250000 
  55
0.479817 0.011481 0.046210 
0.462778 0.976543 0.462022 
0.057405 0.011977 0.491768 
0.034895 0.034895 0.850418 0.079793 
0.250000 0.250000 0.250000 0.250000 
  56
0.479817 0.011481 0.046210 
0.462778 0.976543 0.462022 
0.057405 0.011977 0.491768 
0.065917 0.034895 0.034895 0.864293 
0.250000 0.250000 0.250000 0.250000 
  57
0.479817 0.011481 0.046210 
0.462778 0.976543 0.462022 
0.057405 0.011977 0.491768 
0.840506 0.034895 0.058682 0.065917 
0.250000 0.250000 0.250000 0.250000 
  58
0.479817 0.011481 0.046210 
0.462778 0.976543 0.462022 
0.057405 0.011977 0.491768 
0.895316 0.034895 0.034895 0.034895 
0.250000 0.250000 0.250000 0.250000 
  59
0.479817 0.011481 0.046210 
0.462778 0.976543 0.462022 
0.057405 0.011977 0.491768 
0.034895 0.034895 0.895316 0.034895 
0.250000 0.250000 0.250000 0.250000 
  60
0.479817 0.011481 0.046210 
0.462778 0.976543 0.462022 
0.057405 0.011977 0.491768 
0.034895 0.034895 0.034895 0.895316 
0.250000 0.250000 0.250000 0.250000 
  61
0.479817 0.011481 0.046210 
0.462778 0.976543 0.462022 
0.057405 0.011977 0.491768 
0.034895 0.895316 0.034895 0.034895 
0.250000 0.250000 0.250000 0.250000 
  62
0.479817 0.011481 0.046210 
0.462778 0.976543 0.462022 
0.057405 0.011977 0.491768 
0.895316 0.034895 0.034895 0.034895 
0.250000 0.250000 0.250000 0.250000 
  63
0.479817 0.011481 0.046210 
0.462778 0.976543 0.462022 
0.057405 0.011977 0.491768 
0.253276 0.676935 0.034895 0.034895 
0.250000 0.250000 0.250000 0.250000 
  64
0.479817 0.011481 0.046210 
0.462778 0.976543 0.462022 
0.057405 0.011977 0.491768 
0.895316 0.034895 0.034895 0.034895 
0.250000 0.250000 0.250000 0.250000 
  65
0.479817 0.011481 0.046210 
0.462778 0.976543 0.462022 
0.057405 0.011977 0.491768 
0.034895 0.895316 0.034895 0.034895 
0.250000 0.250000 0.250000 0.250000 
  66
0.479817 0.011481 0.046210 
0.462778 0.976543 0.462022 
0.057405 0.011977 0.491768 
0.895316 0.034895 0.034895 0.034895 
0.250000 0.250000 0.250000 0.250000 
  67
0.479817 0.011481 0.046210 
0.462778 0.976543 0.462022 
0.057405 0.011977 0.491768 
0.034895 0.895316 0.034895 0.034895 
0.250000 0.250000 0.250000 0.250000 
  68
0.479817 0.011481 0.046210 
0.462778 0.976543 0.462022 
0.057405 0.011977 0.491768 
0.034895 0.895316 0.034895 0.034895 
0.250000 0.250000 0.250000 0.250000 
  69
0.479817 0.011481 0.046210 
0.462778 0.976543 0.462022 
0.057405 0.011977 0.491768 
0.684154 0.246057 0.034895 0.034895 
0.250000 0.250000 0.250000 0.250000 
  70
0.479817 0.011481 0.046210 
0.462778 0.976543 0.462022 
0.057405 0.011977 0.491768 
0.539728 0.390483 0.034895 0.034895 
0.250000 0.250000 0.250000 0.250000 
  71
0.479817 0.011481 0.046210 
0.462778 0.976543 0.462022 
0.057405 0.011977 0.491768 
0.034895 0.034895 0.034895 0.895316 
0.250000 0.250000 0.250000 0.250000 
  72
0.479817 0.011481 0.046210 
0.462778 0.976543 0.462022 
0.057405 0.011977 0.491768 
0.676935 0.253276 0.034895 0.034895 
0.250000 0.250000 0.250000 0.250000 
  73
0.479817 0.011481 0.046210 
0.462778 0.976543 0.462022 
0.057405 0.011977 0.491768 
0.034895 0.895316 0.034895 0.034895 
0.250000 0.250000 0.250000 0.250000 
  74
0.479817 0.011481 0.046210 
0.462778 0.976543 0.462022 
0.057405 0.011977 0.491768 
0.895316 0.034895 0.034895 0.034895 
0.250000 0.250000 0.250000 0.250000 
  75
0.479817 0.011481 0.046210 
0.462778 0.976543 0.462022 
0.057405 0.011977 0.491768 
0.782525 0.147685 0.034895 0.034895 
0.250000 0.250000 0.250000 0.250000 
  76
0.479817 0.011481 0.046210 
0.462778 0.976543 0.462022 
0.057405 0.011977 0.491768 
0.034895 0.895316 0.034895 0.034895 
0.250000 0.250000 0.250000 0.250000 
  77
0.479817 0.011481 0.046210 
0.462778 0.976543 0.462022 
0.057405 0.011977 0.491768 
0.034895 0.034895 0.034895 0.895316 
0.250000 0.250000 0.250000 0.250000 
  78
0.479817 0.011481 0.046210 
0.462778 0.976543 0.462022 
0.057405 0.011977 0.491768 
0.034895 0.034895 0.034895 0.895316 
0.250000 0.250000 0.250000 0.250000 
  79
0.479817 0.011481 0.046210 
0.462778 0.976543 0.462022 
0.057405 0.011977 0.491768 
0.034895 0.895316 0.034895 0.034895 
0.250000 0.250000 0.250000 0.250000 
  80
0.479817 0.011481 0.046210 
0.462778 0.976543 0.462022 
0.057405 0.011977 0.491768 
0.034895 0.034895 0.034895 0.895316 
0.250000 0.250000 0.250000 0.250000 
  81
0.479817 0.011481 0.046210 
0.462778 0.976543 0.462022 
0.057405 0.011977 0.491768 
0.034895 0.034895 0.895316 0.034895 
0.250000 0.250000 0.250000 0.250000 
  82
0.479817 0.011481 0.046210 
0.462778 0.976543 0.462022 
0.057405 0.011977 0.491768 
0.895316 0.034895 0.034895 0.034895 
0.250000 0.250000 0.250000 0.250000 
  83
0.479817 0.011481 0.046210 
0.462778 0.976543 0.462022 
0.057405 0.011977 0.491768 
0.895316 0.034895 0.034895 0.034895 
0.250000 0.250000 0.250000 0.250000 
  84
0.479817 0.011481 0.046210 
0.462778 0.976543 0.462022 
0.057405 0.011977 0.491768 
0.034895 0.034895 0.172102 0.758108 
0.250000 0.250000 0.250000 0.250000 
  85
0.479817 0.011481 0.046210 
0.462778 0.976543 0.462022 
0.057405 0.011977 0.491768 
0.034895 0.895316 0.034895 0.034895 
0.250000 0.250000 0.250000 0.250000 
  86
0.479817 0.011481 0.046210 
0.462778 0.976543 0.462022 
0.057405 0.011977 0.491768 
0.034895 0.034895 0.895316 0.034895 
0.250000 0.250000 0.250000 0.250000 
  87
0.479817 0.011481 0.046210 
0.462778 0.976543 0.462022 
0.057405 0.011977 0.491768 
0.895316 0.034895 0.034895 0.034895 
0.250000 0.250000 0.250000 0.250000 
  88
0.479817 0.011481 0.046210 
0.462778 0.976543 0.462022 
0.057405 0.011977 0.491768 
0.895316 0.034895 0.034895 0.034895 
0.250000 0.250000 0.250000 0.250000 
  89
0.479817 0.011481 0.046210 
0.462778 0.976543 0.462022 
0.057405 0.011977 0.491768 
0.034895 0.034895 0.895316 0.034895 
0.250000 0.250000 0.250000 0.250000 
  90
0.479817 0.011481 0.046210 
0.462778 0.976543 0.462022 
0.057405 0.011977 0.491768 
0.079535 0.034895 0.034895 0.850676 
0.250000 0.250000 0.250000 0.250000 
  91
0.479817 0.011481 0.046210 
0.462778 0.976543 0.462022 
0.057405 0.011977 0.491768 
0.034895 0.895316 0.034895 0.034895 
0.250000 0.250000 0.250000 0.250000 
  92
0.479817 0.011481 0.046210 
0.462778 0.976543 0.462022 
0.057405 0.011977 0.491768 
0.895316 0.034895 0.034895 0.034895 
0.250000 0.250000 0.250000 0.250000 
  93
0.479817 0.011481 0.046210 
0.462778 0.976543 0.462022 
0.057405 0.011977 0.491768 
0.847808 0.082402 0.034895 0.034895 
0.250000 0.250000 0.250000 0.250000 
  94
0.479817 0.011481 0.046210 
0.462778 0.976543 0.462022 
0.057405 0.011977 0.491768 
0.895316 0.034895 0.034895 0.034895 
0.250000 0.250000 0.250000 0.250000 
  95
0.479817 0.011481 0.046210 
0.462778 0.976543 0.462022 
0.057405 0.011977 0.491768 
0.034895 0.034895 0.895316 0.034895 
0.250000 0.250000 0.250000 0.250000 
  96
0.479817 0.011481 0.046210 
0.462778 0.976543 0.462022 
0.057405 0.011977 0.491768 
0.823184 0.107027 0.034895 0.034895 
0.250000 0.250000 0.250000 0.250000 
  97
0.479817 0.011481 0.046210 
0.462778 0.976543 0.462022 
0.057405 0.011977 0.491768 
0.034895 0.895316 0.034895 0.034895 
0.250000 0.250000 0.250000 0.250000 
  98
0.479817 0.011481 0.046210 
0.462778 0.976543 0.462022 
0.057405 0.011977 0.491768 
0.034895 0.034895 0.034895 0.895316 
0.250000 0.250000 0.250000 0.250000 
  99
0.479817 0.011481 0.046210 
0.462778 0.976543 0.462022 
0.057405 0.011977 0.491768 
0.034895 0.895316 0.034895 0.034895 
0.250000 0.250000 0.250000 0.250000 
 100
0.479817 0.011481 0.046210 
0.462778 0.976543 0.462022 
0.057405 0.011977 0.491768 
0.034895 0.895316 0.034895 0.034895 
0.250000 0.250000 0.250000 0.250000 
 101
0.479817 0.011481 0.046210 
0.462778 0.976543 0.462022 
0.057405 0.011977 0.491768 
0.895316 0.034895 0.034895 0.034895 
0.250000 0.250000 0.250000 0.250000 
 102
0.479817 0.011481 0.046210 
0.462778 0.976543 0.462022 
0.057405 0.011977 0.491768 
0.058682 0.871528 0.034895 0.034895 
0.250000 0.250000 0.250000 0.250000 
 103
0.479817 0.011481 0.046210 
0.462778 0.976543 0.462022 
0.057405 0.011977 0.491768 
0.163881 0.034895 0.766330 0.034895 
0.250000 0.250000 0.250000 0.250000 
 104
0.479817 0.011481 0.046210 
0.462778 0.976543 0.462022 
0.057405 0.011977 0.491768 
0.034895 0.895316 0.034895 0.034895 
0.250000 0.250000 0.250000 0.250000 
 105
0.479817 0.011481 0.046210 
0.462778 0.976543 0.462022 
0.057405 0.011977 0.491768 
0.895316 0.034895 0.034895 0.034895 
0.250000 0.250000 0.250000 0.250000 
 106
0.479817 0.011481 0.046210 
0.462778 0.976543 0.462022 
0.057405 0.011977 0.491768 
0.744195 0.186016 0.034895 0.034895 
0.250000 0.250000 0.250000 0.250000 
 107
0.479817 0.011481 0.046210 
0.462778 0.976543 0.462022 
0.057405 0.011977 0.491768 
0.034895 0.034895 0.895316 0.034895 
0.250000 0.250000 0.250000 0.250000 
 108
0.479817 0.011481 0.046210 
0.462778 0.976543 0.462022 
0.057405 0.011977 0.491768 
0.895316 0.034895 0.034895 0.034895 
0.250000 0.250000 0.250000 0.250000 
 109
0.479817 0.011481 0.046210 
0.462778 0.976543 0.462022 
0.057405 0.011977 0.491768 
0.895316 0.034895 0.034895 0.034895 
0.250000 0.250000 0.250000 0.250000 
 110
0.479817 0.011481 0.046210 
0.462778 0.976543 0.462022 
0.057405 0.011977 0.491768 
0.895316 0.034895 0.034895 0.034895 
0.250000 0.250000 0.250000 0.250000 
 111
0.479817 0.011481 0.046210 
0.462778 0.976543 0.462022 
0.057405 0.011977 0.491768 
0.034895 0.034895 0.895316 0.034895 
0.250000 0.250000 0.250000 0.250000 
 112
0.479817 0.011481 0.046210 
0.462778 0.976543 0.462022 
0.057405 0.011977 0.491768 
0.758108 0.034895 0.172102 0.034895 
0.250000 0.250000 0.250000 0.250000 
 113
0.479817 0.011481 0.046210 
0.462778 0.976543 0.462022 
0.057405 0.011977 0.491768 
0.034895 0.034895 0.079535 0.850676 
0.250000 0.250000 0.250000 0.250000 
 114
0.479817 0.011481 0.046210 
0.462778 0.976543 0.462022 
0.057405 0.011977 0.491768 
0.034895 0.034895 0.163881 0.766330 
0.250000 0.250000 0.250000 0.250000 
 115
0.479817 0.011481 0.046210 
0.462778 0.976543 0.462022 
0.057405 0.011977 0.491768 
0.034895 0.034895 0.895316 0.034895 
0.250000 0.250000 0.250000 0.250000 
 116
0.479817 0.011481 0.046210 
0.462778 0.976543 0.462022 
0.057405 0.011977 0.491768 
0.034895 0.034895 0.895316 0.034895 
0.250000 0.250000 0.250000 0.250000 
 117
0.479817 0.011481 0.046210 
0.462778 0.976543 0.462022 
0.057405 0.011977 0.491768 
0.034895 0.034895 0.869550 0.060661 
0.250000 0.250000 0.250000 0.250000 
 118
0.479817 0.011481 0.046210 
0.462778 0.976543 0.462022 
0.057405 0.011977 0.491768 
0.895316 0.034895 0.034895 0.034895 
0.250000 0.250000 0.250000 0.250000 
 119
0.479817 0.011481 0.046210 
0.462778 0.976543 0.462022 
0.057405 0.011977 0.491768 
0.174919 0.755291 0.034895 0.034895 
0.250000 0.250000 0.250000 0.250000 
 120
0.479817 0.011481 0.046210 
0.462778 0.976543 0.462022 
0.057405 0.011977 0.491768 
0.361484 0.568726 0.034895 0.034895 
0.250000 0.250000 0.250000 0.250000 
 121
0.479817 0.011481 0.046210 
0.462778 0.976543 0.462022 
0.057405 0.011977 0.491768 
0.895316 0.034895 0.034895 0.034895 
0.250000 0.250000 0.250000 0.250000 
 122
0.479817 0.011481 0.046210 
0.462778 0.976543 0.462022 
0.057405 0.011977 0.491768 
0.034895 0.034895 0.034895 0.895316 
0.250000 0.250000 0.250000 0.250000 
 123
0.479817 0.011481 0.046210 
0.462778 0.976543 0.462022 
0.057405 0.011977 0.491768 
0.172102 0.034895 0.758108 0.034895 
0.250000 0.250000 0.250000 0.250000 
 124
0.479817 0.011481 0.046210 
0.462778 0.976543 0.462022 
0.057405 0.011977 0.491768 
0.034895 0.034895 0.034895 0.895316 
0.250000 0.250000 0.250000 0.250000 
 125
0.479817 0.011481 0.046210 
0.462778 0.976543 0.462022 
0.057405 0.011977 0.491768 
0.034895 0.895316 0.034895 0.034895 
0.250000 0.250000 0.250000 0.250000 
 126
0.479817 0.011481 0.046210 
0.462778 0.976543 0.462022 
0.057405 0.011977 0.491768 
0.034895 0.034895 0.691845 0.238366 
0.250000 0.250000 0.250000 0.250000 
 127
0.479817 0.011481 0.046210 
0.462778 0.976543 0.462022 
0.057405 0.011977 0.491768 
0.034895 0.034895 0.034895 0.895316 
0.250000 0.250000 0.250000 0.250000 
 128
0.479817 0.011481 0.046210 
0.462778 0.976543 0.462022 
0.057405 0.011977 0.491768 
0.034895 0.034895 0.895316 0.034895 
0.250000 0.250000 0.250000 0.250000 
 129
0.479817 0.011481 0.046210 
0.462778 0.976543 0.462022 
0.057405 0.011977 0.491768 
0.895316 0.034895 0.034895 0.034895 
0.250000 0.250000 0.250000 0.250000 
 130
0.479817 0.011481 0.046210 
0.462778 0.976543 0.462022 
0.057405 0.011977 0.491768 
0.821362 0.034895 0.108849 0.034895 
0.250000 0.250000 0.250000 0.250000 
 131
0.479817 0.011481 0.046210 
0.462778 0.976543 0.462022 
0.057405 0.011977 0.491768 
0.895316 0.034895 0.034895 0.034895 
0.250000 0.250000 0.250000 0.250000 
 132
0.479817 0.011481 0.046210 
0.462778 0.976543 0.462022 
0.057405 0.011977 0.491768 
0.850418 0.034895 0.079793 0.034895 
0.250000 0.250000 0.250000 0.250000 
 133
0.479817 0.011481 0.046210 
0.462778 0.976543 0.462022 
0.057405 0.011977 0.491768 
0.034895 0.895316 0.034895 0.034895 
0.250000 0.250000 0.250000 0.250000 
 134
0.479817 0.011481 0.046210 
0.462778 0.976543 0.462022 
0.057405 0.011977 0.491768 
0.034895 0.895316 0.034895 0.034895 
0.250000 0.250000 0.250000 0.250000 
 135
0.479817 0.011481 0.046210 
0.462778 0.976543 0.462022 
0.057405 0.011977 0.491768 
0.253276 0.676935 0.034895 0.034895 
0.250000 0.250000 0.250000 0.250000 
 136
0.479817 0.011481 0.046210 
0.462778 0.976543 0.462022 
0.057405 0.011977 0.491768 
0.895316 0.034895 0.034895 0.034895 
0.250000 0.250000 0.250000 0.250000 
 137
0.479817 0.011481 0.046210 
0.462778 0.976543 0.462022 
0.057405 0.011977 0.491768 
0.895316 0.034895 0.034895 0.034895 
0.250000 0.250000 0.250000 0.250000 
 138
0.479817 0.011481 0.046210 
0.462778 0.976543 0.462022 
0.057405 0.011977 0.491768 
0.895316 0.034895 0.034895 0.034895 
0.250000 0.250000 0.250000 0.250000 
 139
0.479817 0.011481 0.046210 
0.462778 0.976543 0.462022 
0.057405 0.011977 0.491768 
0.864293 0.065917 0.034895 0.034895 
0.250000 0.250000 0.250000 0.250000 
 140
0.479817 0.011481 0.046210 
0.462778 0.976543 0.462022 
0.057405 0.011977 0.491768 
0.057030 0.873181 0.034895 0.034895 
0.250000 0.250000 0.250000 0.250000 
 141
0.479817 0.011481 0.046210 
0.462778 0.976543 0.462022 
0.057405 0.011977 0.491768 
0.366504 0.563706 0.034895 0.034895 
0.250000 0.250000 0.250000 0.250000 
 142
0.479817 0.011481 0.046210 
0.462778 0.976543 0.462022 
0.057405 0.011977 0.491768 
0.895316 0.034895 0.034895 0.034895 
0.250000 0.250000 0.250000 0.250000 
 143
0.479817 0.011481 0.046210 
0.462778 0.976543 0.462022 
0.057405 0.011977 0.491768 
0.034895 0.034895 0.895316 0.034895 
0.250000 0.250000 0.250000 0.250000 
 144
0.479817 0.011481 0.046210 
0.462778 0.976543 0.462022 
0.057405 0.011977 0.491768 
0.895316 0.034895 0.034895 0.034895 
0.250000 0.250000 0.250000 0.250000 
 145
0.479817 0.011481 0.046210 
0.462778 0.976543 0.462022 
0.057405 0.011977 0.491768 
0.844122 0.086088 0.034895 0.034895 
0.250000 0.250000 0.250000 0.250000 
 146
0.479817 0.011481 0.046210 
0.462778 0.976543 0.462022 
0.057405 0.011977 0.491768 
0.034895 0.034895 0.062129 0.868082 
0.250000 0.250000 0.250000 0.250000 
 147
0.479817 0.011481 0.046210 
0.462778 0.976543 0.462022 
0.057405 0.011977 0.491768 
0.034895 0.034895 0.799224 0.130987 
0.250000 0.250000 0.250000 0.250000 
 148
0.479817 0.011481 0.046210 
0.462778 0.976543 0.462022 
0.057405 0.011977 0.491768 
0.034895 0.895316 0.034895 0.034895 
0.250000 0.250000 0.250000 0.250000 
 149
0.479817 0.011481 0.046210 
0.462778 0.976543 0.462022 
0.057405 0.011977 0.491768 
0.895316 0.034895 0.034895 0.034895 
0.250000 0.250000 0.250000 0.250000 
 150
0.479817 0.011481 0.046210 
0.462778 0.976543 0.462022 
0.057405 0.011977 0.491768 
0.034895 0.034895 0.804635 0.125575 
0.250000 0.250000 0.250000 0.250000 
 151
0.479817 0.011481 0.046210 
0.462778 0.976543 0.462022 
0.057405 0.011977 0.491768 
0.034895 0.034895 0.895316 0.034895 
0.250000 0.250000 0.250000 0.250000 
 152
0.479817 0.011481 0.046210 
0.462778 0.976543 0.462022 
0.057405 0.011977 0.491768 
0.034895 0.034895 0.034895 0.895316 
0.250000 0.250000 0.250000 0.250000 
 153
0.479817 0.011481 0.046210 
0.462778 0.976543 0.462022 
0.057405 0.011977 0.491768 
0.034895 0.034895 0.090334 0.839877 
0.250000 0.250000 0.250000 0.250000 
 154
0.479817 0.011481 0.046210 
0.462778 0.976543 0.462022 
0.057405 0.011977 0.491768 
0.058284 0.871927 0.034895 0.034895 
0.250000 0.250000 0.250000 0.250000 
 155
0.479817 0.011481 0.046210 
0.462778 0.976543 0.462022 
0.057405 0.011977 0.491768 
0.034895 0.895316 0.034895 0.034895 
0.250000 0.250000 0.250000 0.250000 
 156
0.479817 0.011481 0.046210 
0.462778 0.976543 0.462022 
0.057405 0.011977 0.491768 
0.034895 0.034895 0.787056 0.143155 
0.250000 0.250000 0.250000 0.250000 
 157
0.479817 0.011481 0.046210 
0.462778 0.976543 0.462022 
0.057405 0.011977 0.491768 
0.034895 0.034895 0.895316 0.034895 
0.250000 0.250000 0.250000 0.250000 
 158
0.479817 0.011481 0.046210 
0.462778 0.976543 0.462022 
0.057405 0.011977 0.491768 
0.871528 0.058682 0.034895 0.034895 
0.250000 0.250000 0.250000 0.250000 
 159
0.479817 0.011481 0.046210 
0.462778 0.976543 0.462022 
0.057405 0.011977 0.491768 
0.758108 0.172102 0.034895 0.034895 
0.250000 0.250000 0.250000 0.250000 
 160
0.479817 0.011481 0.046210 
0.462778 0.976543 0.462022 
0.057405 0.011977 0.491768 
0.034895 0.034895 0.065917 0.864293 
0.250000 0.250000 0.250000 0.250000 
 161
0.479817 0.011481 0.046210 
0.462778 0.976543 0.462022 
0.057405 0.011977 0.491768 
0.034895 0.895316 0.034895 0.034895 
0.250000 0.250000 0.250000 0.250000 
 162
0.479817 0.011481 0.046210 
0.462778 0.976543 0.462022 
0.057405 0.011977 0.491768 
0.034895 0.034895 0.034895 0.895316 
0.250000 0.250000 0.250000 0.250000 
 163
0.479817 0.011481 0.046210 
0.462778 0.976543 0.462022 
0.057405 0.011977 0.491768 
0.034895 0.895316 0.034895 0.034895 
0.250000 0.250000 0.250000 0.250000 
 164
0.479817 0.011481 0.046210 
0.462778 0.976543 0.462022 
0.057405 0.011977 0.491768 
0.034895 0.895316 0.034895 0.034895 
0.250000 0.250000 0.250000 0.250000 
 165
0.479817 0.011481 0.046210 
0.462778 0.976543 0.462022 
0.057405 0.011977 0.491768 
0.850418 0.079793 0.034895 0.034895 
0.250000 0.250000 0.250000 0.250000 
 166
0.479817 0.011481 0.046210 
0.462778 0.976543 0.462022 
0.057405 0.011977 0.491768 
0.034895 0.034895 0.895316 0.034895 
0.250000 0.250000 0.250000 0.250000 
 167
0.479817 0.011481 0.046210 
0.462778 0.976543 0.462022 
0.057405 0.011977 0.491768 
0.034895 0.034895 0.034895 0.895316 
0.250000 0.250000 0.250000 0.250000 
 168
0.479817 0.011481 0.046210 
0.462778 0.976543 0.462022 
0.057405 0.011977 0.491768 
0.059312 0.870899 0.034895 0.034895 
0.250000 0.250000 0.250000 0.250000 
 169
0.479817 0.011481 0.046210 
0.462778 0.976543 0.462022 
0.057405 0.011977 0.491768 
0.034895 0.034895 0.758108 0.172102 
0.250000 0.250000 0.250000 0.250000 
 170
0.479817 0.011481 0.046210 
0.462778 0.976543 0.462022 
0.057405 0.011977 0.491768 
0.034895 0.034895 0.034895 0.895316 
0.250000 0.250000 0.250000 0.250000 
 171
0.479817 0.011481 0.046210 
0.462778 0.976543 0.462022 
0.057405 0.011977 0.491768 
0.034895 0.895316 0.034895 0.034895 
0.250000 0.250000 0.250000 0.250000 
 172
0.479817 0.011481 0.046210 
0.462778 0.976543 0.462022 
0.057405 0.011977 0.491768 
0.034895 0.895316 0.034895 0.034895 
0.250000 0.250000 0.250000 0.250000 
 173
0.479817 0.011481 0.046210 
0.462778 0.976543 0.462022 
0.057405 0.011977 0.491768 
0.034895 0.895316 0.034895 0.034895 
0.250000 0.250000 0.250000 0.250000 
 174
0.479817 0.011481 0.046210 
0.462778 0.976543 0.462022 
0.057405 0.011977 0.491768 
0.757802 0.146980 0.060323 0.034895 
0.250000 0.250000 0.250000 0.250000 
 175
0.479817 0.011481 0.046210 
0.462778 0.976543 0.462022 
0.057405 0.011977 0.491768 
0.895316 0.034895 0.034895 0.034895 
0.250000 0.250000 0.250000 0.250000 
 176
0.479817 0.011481 0.046210 
0.462778 0.976543 0.462022 
0.057405 0.011977 0.491768 
0.034895 0.034895 0.895316 0.034895 
0.250000 0.250000 0.250000 0.250000 
 177
0.479817 0.011481 0.046210 
0.462778 0.976543 0.462022 
0.057405 0.011977 0.491768 
0.850418 0.034895 0.034895 0.079793 
0.250000 0.250000 0.250000 0.250000 
 178
0.479817 0.011481 0.046210 
0.462778 0.976543 0.462022 
0.057405 0.011977 0.491768 
0.758108 0.172102 0.034895 0.034895 
0.250000 0.250000 0.250000 0.250000 
 179
0.479817 0.011481 0.046210 
0.462778 0.976543 0.462022 
0.057405 0.011977 0.491768 
0.034895 0.034895 0.034895 0.895316 
0.250000 0.250000 0.250000 0.250000 
 180
0.479817 0.011481 0.046210 
0.462778 0.976543 0.462022 
0.057405 0.011977 0.491768 
0.034895 0.034895 0.895316 0.034895 
0.250000 0.250000 0.250000 0.250000 
 181
0.479817 0.011481 0.046210 
0.462778 0.976543 0.462022 
0.057405 0.011977 0.491768 
0.895316 0.034895 0.034895 0.034895 
0.250000 0.250000 0.250000 0.250000 
 182
0.479817 0.011481 0.046210 
0.462778 0.976543 0.462022 
0.057405 0.011977 0.491768 
0.034895 0.034895 0.895316 0.034895 
0.250000 0.250000 0.250000 0.250000 
 183
0.479817 0.011481 0.046210 
0.462778 0.976543 0.462022 
0.057405 0.011977 0.491768 
0.034895 0.034895 0.034895 0.895316 
0.250000 0.250000 0.250000 0.250000 
 184
0.479817 0.011481 0.046210 
0.462778 0.976543 0.462022 
0.057405 0.011977 0.491768 
0.034895 0.895316 0.034895 0.034895 
0.250000 0.250000 0.250000 0.250000 
 185
0.479817 0.011481 0.046210 
0.462778 0.976543 0.462022 
0.057405 0.011977 0.491768 
0.034895 0.895316 0.034895 0.034895 
0.250000 0.250000 0.250000 0.250000 
 186
0.479817 0.011481 0.046210 
0.462778 0.976543 0.462022 
0.057405 0.011977 0.491768 
0.802083 0.128127 0.034895 0.034895 
0.250000 0.250000 0.250000 0.250000 
 187
0.479817 0.011481 0.046210 
0.462778 0.976543 0.462022 
0.057405 0.011977 0.491768 
0.034895 0.034895 0.895316 0.034895 
0.250000 0.250000 0.250000 0.250000 
 188
0.479817 0.011481 0.046210 
0.462778 0.976543 0.462022 
0.057405 0.011977 0.491768 
0.034895 0.034895 0.895316 0.034895 
0.250000 0.250000 0.250000 0.250000 
 189
0.479817 0.011481 0.046210 
0.462778 0.976543 0.462022 
0.057405 0.011977 0.491768 
0.895316 0.034895 0.034895 0.034895 
0.250000 0.250000 0.250000 0.250000 
 190
0.479817 0.011481 0.046210 
0.462778 0.976543 0.462022 
0.057405 0.011977 0.491768 
0.034895 0.034895 0.895316 0.034895 
0.250000 0.250000 0.250000 0.250000 
 191
0.479817 0.011481 0.046210 
0.462778 0.976543 0.462022 
0.057405 0.011977 0.491768 
0.034895 0.034895 0.895316 0.034895 
0.250000 0.250000 0.250000 0.250000 
 192
0.479817 0.011481 0.046210 
0.462778 0.976543 0.462022 
0.057405 0.011977 0.491768 
0.034895 0.034895 0.503550 0.426661 
0.250000 0.250000 0.250000 0.250000 
 193
0.479817 0.011481 0.046210 
0.462778 0.976543 0.462022 
0.057405 0.011977 0.491768 
0.034895 0.034895 0.895316 0.034895 
0.250000 0.250000 0.250000 0.250000 
 194
0.479817 0.011481 0.046210 
0.462778 0.976543 0.462022 
0.057405 0.011977 0.491768 
0.895316 0.034895 0.034895 0.034895 
0.250000 0.250000 0.250000 0.250000 
 195
0.479817 0.011481 0.046210 
0.462778 0.976543 0.462022 
0.057405 0.011977 0.491768 
0.782525 0.147685 0.034895 0.034895 
0.250000 0.250000 0.250000 0.250000 
 196
0.479817 0.011481 0.046210 
0.462778 0.976543 0.462022 
0.057405 0.011977 0.491768 
0.034895 0.034895 0.034895 0.895316 
0.250000 0.250000 0.250000 0.250000 
 197
0.479817 0.011481 0.046210 
0.462778 0.976543 0.462022 
0.057405 0.011977 0.491768 
0.034895 0.895316 0.034895 0.034895 
0.250000 0.250000 0.250000 0.250000 
 198
0.479817 0.011481 0.046210 
0.462778 0.976543 0.462022 
0.057405 0.011977 0.491768 
0.034895 0.034895 0.034895 0.895316 
0.250000 0.250000 0.250000 0.250000 
 199
0.479817 0.011481 0.046210 
0.462778 0.976543 0.462022 
0.057405 0.011977 0.491768 
0.034895 0.895316 0.034895 0.034895 
0.250000 0.250000 0.250000 0.250000 
 200
0.479817 0.011481 0.046210 
0.462778 0.976543 0.462022 
0.057405 0.011977 0.491768 
0.895316 0.034895 0.034895 0.034895 
0.250000 0.250000 0.250000 0.250000 
 201
0.479817 0.011481 0.046210 
0.462778 0.976543 0.462022 
0.057405 0.011977 0.491768 
0.034895 0.034895 0.737627 0.192584 
0.250000 0.250000 0.250000 0.250000 
 202
0.479817 0.011481 0.046210 
0.462778 0.976543 0.462022 
0.057405 0.011977 0.491768 
0.034895 0.034895 0.895316 0.034895 
0.250000 0.250000 0.250000 0.250000 
 203
0.479817 0.011481 0.046210 
0.462778 0.976543 0.462022 
0.057405 0.011977 0.491768 
0.895316 0.034895 0.034895 0.034895 
0.250000 0.250000 0.250000 0.250000 
 204
0.479817 0.011481 0.046210 
0.462778 0.976543 0.462022 
0.057405 0.011977 0.491768 
0.895316 0.034895 0.034895 0.034895 
0.250000 0.250000 0.250000 0.250000 
 205
0.479817 0.011481 0.046210 
0.462778 0.976543 0.462022 
0.057405 0.011977 0.491768 
0.034895 0.034895 0.034895 0.895316 
0.250000 0.250000 0.250000 0.250000 
 206
0.479817 0.011481 0.046210 
0.462778 0.976543 0.462022 
0.057405 0.011977 0.491768 
0.034895 0.034895 0.034895 0.895316 
0.250000 0.250000 0.250000 0.250000 
 207
0.479817 0.011481 0.046210 
0.462778 0.976543 0.462022 
0.057405 0.011977 0.491768 
0.034895 0.034895 0.804635 0.125575 
0.250000 0.250000 0.250000 0.250000 
 208
0.479817 0.011481 0.046210 
0.462778 0.976543 0.462022 
0.057405 0.011977 0.491768 
0.034895 0.034895 0.895316 0.034895 
0.250000 0.250000 0.250000 0.250000 
 209
0.479817 0.011481 0.046210 
0.462778 0.976543 0.462022 
0.057405 0.011977 0.491768 
0.034895 0.034895 0.034895 0.895316 
0.250000 0.250000 0.250000 0.250000 
 210
0.479817 0.011481 0.046210 
0.462778 0.976543 0.462022 
0.057405 0.011977 0.491768 
0.870899 0.034895 0.034895 0.059312 
0.250000 0.250000 0.250000 0.250000 
 211
0.479817 0.011481 0.046210 
0.462778 0.976543 0.462022 
0.057405 0.011977 0.491768 
0.034895 0.895316 0.034895 0.034895 
0.250000 0.250000 0.250000 0.250000 
 212
0.479817 0.011481 0.046210 
0.462778 0.976543 0.462022 
0.057405 0.011977 0.491768 
0.895316 0.034895 0.034895 0.034895 
0.250000 0.250000 0.250000 0.250000 
 213
0.479817 0.011481 0.046210 
0.462778 0.976543 0.462022 
0.057405 0.011977 0.491768 
0.895316 0.034895 0.034895 0.034895 
0.250000 0.250000 0.250000 0.250000 
 214
0.479817 0.011481 0.046210 
0.462778 0.976543 0.462022 
0.057405 0.011977 0.491768 
0.034895 0.034895 0.034895 0.895316 
0.250000 0.250000 0.250000 0.250000 
 215
0.479817 0.011481 0.046210 
0.462778 0.976543 0.462022 
0.057405 0.011977 0.491768 
0.034895 0.034895 0.034895 0.895316 
0.250000 0.250000 0.250000 0.250000 
 216
0.479817 0.011481 0.046210 
0.462778 0.976543 0.462022 
0.057405 0.011977 0.491768 
0.034895 0.034895 0.820402 0.109808 
0.250000 0.250000 0.250000 0.250000 
 217
0.479817 0.011481 0.046210 
0.462778 0.976543 0.462022 
0.057405 0.011977 0.491768 
0.034895 0.034895 0.034895 0.895316 
0.250000 0.250000 0.250000 0.250000 
 218
0.479817 0.011481 0.046210 
0.462778 0.976543 0.462022 
0.057405 0.011977 0.491768 
0.034895 0.034895 0.895316 0.034895 
0.250000 0.250000 0.250000 0.250000 
 219
0.479817 0.011481 0.046210 
0.462778 0.976543 0.462022 
0.057405 0.011977 0.491768 
0.767461 0.162749 0.034895 0.034895 
0.250000 0.250000 0.250000 0.250000 
 220
0.479817 0.011481 0.046210 
0.462778 0.976543 0.462022 
0.057405 0.011977 0.491768 
0.034895 0.895316 0.034895 0.034895 
0.250000 0.250000 0.250000 0.250000 
 221
0.479817 0.011481 0.046210 
0.462778 0.976543 0.462022 
0.057405 0.011977 0.491768 
0.034895 0.034895 0.895316 0.034895 
0.250000 0.250000 0.250000 0.250000 
 222
0.479817 0.011481 0.046210 
0.462778 0.976543 0.462022 
0.057405 0.011977 0.491768 
0.062129 0.034895 0.034895 0.868082 
0.250000 0.250000 0.250000 0.250000 
 223
0.479817 0.011481 0.046210 
0.462778 0.976543 0.462022 
0.057405 0.011977 0.491768 
0.034895 0.895316 0.034895 0.034895 
0.250000 0.250000 0.250000 0.250000 
 224
0.479817 0.011481 0.046210 
0.462778 0.976543 0.462022 
0.057405 0.011977 0.491768 
0.895316 0.034895 0.034895 0.034895 
0.250000 0.250000 0.250000 0.250000 
 225
0.479817 0.011481 0.046210 
0.462778 0.976543 0.462022 
0.057405 0.011977 0.491768 
0.034895 0.034895 0.034895 0.895316 
0.250000 0.250000 0.250000 0.250000 
 226
0.479817 0.011481 0.046210 
0.462778 0.976543 0.462022 
0.057405 0.011977 0.491768 
0.034895 0.034895 0.034895 0.895316 
0.250000 0.250000 0.250000 0.250000 
 227
0.479817 0.011481 0.046210 
0.462778 0.976543 0.462022 
0.057405 0.011977 0.491768 
0.034895 0.034895 0.034895 0.895316 
0.250000 0.250000 0.250000 0.250000 
 228
0.479817 0.011481 0.046210 
0.462778 0.976543 0.462022 
0.057405 0.011977 0.491768 
0.034895 0.895316 0.034895 0.034895 
0.250000 0.250000 0.250000 0.250000 
 229
0.479817 0.011481 0.046210 
0.462778 0.976543 0.462022 
0.057405 0.011977 0.491768 
0.895316 0.034895 0.034895 0.034895 
0.250000 0.250000 0.250000 0.250000 
 230
0.479817 0.011481 0.046210 
0.462778 0.976543 0.462022 
0.057405 0.011977 0.491768 
0.034895 0.034895 0.034895 0.895316 
0.250000 0.250000 0.250000 0.250000 
 231
0.479817 0.011481 0.046210 
0.462778 0.976543 0.462022 
0.057405 0.011977 0.491768 
0.034895 0.034895 0.821362 0.108849 
0.250000 0.250000 0.250000 0.250000 
 232
0.479817 0.011481 0.046210 
0.462778 0.976543 0.462022 
0.057405 0.011977 0.491768 
0.895316 0.034895 0.034895 0.034895 
0.250000 0.250000 0.250000 0.250000 
 233
0.479817 0.011481 0.046210 
0.462778 0.976543 0.462022 
0.057405 0.011977 0.491768 
0.034895 0.034895 0.034895 0.895316 
0.250000 0.250000 0.250000 0.250000 
 234
0.479817 0.011481 0.046210 
0.462778 0.976543 0.462022 
0.057405 0.011977 0.491768 
0.034895 0.034895 0.289560 0.640651 
0.250000 0.250000 0.250000 0.250000 
 235
0.479817 0.011481 0.046210 
0.462778 0.976543 0.462022 
0.057405 0.011977 0.491768 
