%  SAM: /Volumes/gf_atl_2012/Tools/LABEL_RES/scripts/modelfromalign v3.5 (July 15, 2005) compiled 03/03/09_11:47:37
%  (c) 1992-2001 Regents of the University of California, Santa Cruz
%
%          Sequence Alignment and Modeling Software System
%         http://www.cse.ucsc.edu/research/compbio/sam.html
%
% ----------------- Citations (SAM, SAM-T2K, HMMs) --------------------
% R. Hughey, A. Krogh, Hidden Markov models for sequence analysis:
%  Extension and analysis of the basic method, CABIOS 12:95-107, 1996.
% K. Karplus, et al., What is the value added by human intervention in protein
%  structure prediction, Proteins: Stucture, Function, Genetics 45(S5):86--91, 2001.
% A. Krogh et al., Hidden Markov models in computational biology:
%  Applications to protein modeling, JMB 235:1501-1531, Feb 1994.
% ---------------------------------------------------------------------
%  A3C4_avEA_IT001_hmm   Host: m222714.cdc.gov    Tue Apr  9 14:39:02 2013
%  vfn4                  Dir:  /Volumes/gf_atl_2012/Genotyping/H7/set_2013-04-05/base/c-A3_avEA
% ---------------------------------------------------------------------
%  Alignment weights from internal calc.  Total (13.38) Max (0.12) Min (0.06)
%  Weights from alignment method 1 (karplus), b=-1.000000, e=0.500000
MODEL --  Model from alignment file /Volumes/gf_atl_2012/Tools/LABEL_RES/training_data/H7/c-A3_avEA/A3C4_avEA_IT001.fasta
alphabet DNA
FREQAVE
0.000000 0.000000 0.000000 
0.000000 0.000000 0.000000 
0.000000 0.000000 0.000000 
0.334330 0.252826 0.186776 0.226068 
0.334330 0.252826 0.186776 0.226068 
Begin
0.000000 0.000000 0.000000 
0.000000 0.000000 0.000000 
0.000000 0.009040 0.491768 
0.250000 0.250000 0.250000 0.250000 
0.250000 0.250000 0.250000 0.250000 
   1
0.000000 0.017609 0.046210 
0.000000 0.973352 0.462022 
0.053805 0.009122 0.491768 
0.034181 0.930398 0.017710 0.017710 
0.250000 0.250000 0.250000 0.250000 
   2
0.512438 0.008743 0.046210 
0.433757 0.982135 0.462022 
0.053805 0.009122 0.491768 
0.946869 0.017710 0.017710 0.017710 
0.250000 0.250000 0.250000 0.250000 
   3
0.512438 0.008743 0.046210 
0.433757 0.982135 0.462022 
0.053805 0.009122 0.491768 
0.017710 0.017710 0.936151 0.028428 
0.250000 0.250000 0.250000 0.250000 
   4
0.512438 0.008743 0.046210 
0.433757 0.982135 0.462022 
0.053805 0.009122 0.491768 
0.946869 0.017710 0.017710 0.017710 
0.250000 0.250000 0.250000 0.250000 
   5
0.512438 0.008743 0.046210 
0.433757 0.982135 0.462022 
0.053805 0.009122 0.491768 
0.946869 0.017710 0.017710 0.017710 
0.250000 0.250000 0.250000 0.250000 
   6
0.512438 0.008743 0.046210 
0.433757 0.982135 0.462022 
0.053805 0.009122 0.491768 
0.034181 0.930398 0.017710 0.017710 
0.250000 0.250000 0.250000 0.250000 
   7
0.512438 0.008743 0.046210 
0.433757 0.982135 0.462022 
0.053805 0.009122 0.491768 
0.946869 0.017710 0.017710 0.017710 
0.250000 0.250000 0.250000 0.250000 
   8
0.512438 0.008743 0.046210 
0.433757 0.982135 0.462022 
0.053805 0.009122 0.491768 
0.017710 0.017710 0.017710 0.946869 
0.250000 0.250000 0.250000 0.250000 
   9
0.512438 0.008743 0.046210 
0.433757 0.982135 0.462022 
0.053805 0.009122 0.491768 
0.017710 0.017710 0.937202 0.027377 
0.250000 0.250000 0.250000 0.250000 
  10
0.512438 0.008743 0.046210 
0.433757 0.982135 0.462022 
0.053805 0.009122 0.491768 
0.017710 0.042639 0.017710 0.921940 
0.250000 0.250000 0.250000 0.250000 
  11
0.512438 0.008743 0.046210 
0.433757 0.982135 0.462022 
0.053805 0.009122 0.491768 
0.017710 0.946869 0.017710 0.017710 
0.250000 0.250000 0.250000 0.250000 
  12
0.512438 0.008743 0.046210 
0.433757 0.982135 0.462022 
0.053805 0.009122 0.491768 
0.017710 0.017710 0.934443 0.030136 
0.250000 0.250000 0.250000 0.250000 
  13
0.512438 0.008743 0.046210 
0.433757 0.982135 0.462022 
0.053805 0.009122 0.491768 
0.017710 0.017710 0.946869 0.017710 
0.250000 0.250000 0.250000 0.250000 
  14
0.512438 0.008743 0.046210 
0.433757 0.982135 0.462022 
0.053805 0.009122 0.491768 
0.017710 0.017710 0.017710 0.946869 
0.250000 0.250000 0.250000 0.250000 
  15
0.512438 0.008743 0.046210 
0.433757 0.982135 0.462022 
0.053805 0.009122 0.491768 
0.017710 0.024959 0.025561 0.931769 
0.250000 0.250000 0.250000 0.250000 
  16
0.512438 0.008743 0.046210 
0.433757 0.982135 0.462022 
0.053805 0.009122 0.491768 
0.017710 0.946869 0.017710 0.017710 
0.250000 0.250000 0.250000 0.250000 
  17
0.512438 0.008743 0.046210 
0.433757 0.982135 0.462022 
0.053805 0.009122 0.491768 
0.017710 0.946869 0.017710 0.017710 
0.250000 0.250000 0.250000 0.250000 
  18
0.512438 0.008743 0.046210 
0.433757 0.982135 0.462022 
0.053805 0.009122 0.491768 
0.070037 0.894542 0.017710 0.017710 
0.250000 0.250000 0.250000 0.250000 
  19
0.512438 0.008743 0.046210 
0.433757 0.982135 0.462022 
0.053805 0.009122 0.491768 
0.017710 0.017710 0.946869 0.017710 
0.250000 0.250000 0.250000 0.250000 
  20
0.512438 0.008743 0.046210 
0.433757 0.982135 0.462022 
0.053805 0.009122 0.491768 
0.946869 0.017710 0.017710 0.017710 
0.250000 0.250000 0.250000 0.250000 
  21
0.512438 0.008743 0.046210 
0.433757 0.982135 0.462022 
0.053805 0.009122 0.491768 
0.017710 0.017710 0.702335 0.262244 
0.250000 0.250000 0.250000 0.250000 
  22
0.512438 0.008743 0.046210 
0.433757 0.982135 0.462022 
0.053805 0.009122 0.491768 
0.017710 0.017710 0.946869 0.017710 
0.250000 0.250000 0.250000 0.250000 
  23
0.512438 0.008743 0.046210 
0.433757 0.982135 0.462022 
0.053805 0.009122 0.491768 
0.946869 0.017710 0.017710 0.017710 
0.250000 0.250000 0.250000 0.250000 
  24
0.512438 0.008743 0.046210 
0.433757 0.982135 0.462022 
0.053805 0.009122 0.491768 
0.017710 0.017710 0.025110 0.939470 
0.250000 0.250000 0.250000 0.250000 
  25
0.512438 0.008743 0.046210 
0.433757 0.982135 0.462022 
0.053805 0.009122 0.491768 
0.017710 0.946869 0.017710 0.017710 
0.250000 0.250000 0.250000 0.250000 
  26
0.512438 0.008743 0.046210 
0.433757 0.982135 0.462022 
0.053805 0.009122 0.491768 
0.017710 0.017710 0.946869 0.017710 
0.250000 0.250000 0.250000 0.250000 
  27
0.512438 0.008743 0.046210 
0.433757 0.982135 0.462022 
0.053805 0.009122 0.491768 
0.017710 0.017710 0.941170 0.023409 
0.250000 0.250000 0.250000 0.250000 
  28
0.512438 0.008743 0.046210 
0.433757 0.982135 0.462022 
0.053805 0.009122 0.491768 
0.017710 0.946869 0.017710 0.017710 
0.250000 0.250000 0.250000 0.250000 
  29
0.512438 0.008743 0.046210 
0.433757 0.982135 0.462022 
0.053805 0.009122 0.491768 
0.017710 0.017710 0.017710 0.946869 
0.250000 0.250000 0.250000 0.250000 
  30
0.512438 0.008743 0.046210 
0.433757 0.982135 0.462022 
0.053805 0.009122 0.491768 
0.041079 0.923500 0.017710 0.017710 
0.250000 0.250000 0.250000 0.250000 
  31
0.512438 0.008743 0.046210 
0.433757 0.982135 0.462022 
0.053805 0.009122 0.491768 
0.033383 0.017710 0.017710 0.931196 
0.250000 0.250000 0.250000 0.250000 
  32
0.512438 0.008743 0.046210 
0.433757 0.982135 0.462022 
0.053805 0.009122 0.491768 
0.017710 0.017710 0.946869 0.017710 
0.250000 0.250000 0.250000 0.250000 
  33
0.512438 0.008743 0.046210 
0.433757 0.982135 0.462022 
0.053805 0.009122 0.491768 
0.946869 0.017710 0.017710 0.017710 
0.250000 0.250000 0.250000 0.250000 
  34
0.512438 0.008743 0.046210 
0.433757 0.982135 0.462022 
0.053805 0.009122 0.491768 
0.946869 0.017710 0.017710 0.017710 
0.250000 0.250000 0.250000 0.250000 
  35
0.512438 0.008743 0.046210 
0.433757 0.982135 0.462022 
0.053805 0.009122 0.491768 
0.946869 0.017710 0.017710 0.017710 
0.250000 0.250000 0.250000 0.250000 
  36
0.512438 0.008743 0.046210 
0.433757 0.982135 0.462022 
0.053805 0.009122 0.491768 
0.017710 0.017710 0.822353 0.142226 
0.250000 0.250000 0.250000 0.250000 
  37
0.512438 0.008743 0.046210 
0.433757 0.982135 0.462022 
0.053805 0.009122 0.491768 
0.017710 0.946869 0.017710 0.017710 
0.250000 0.250000 0.250000 0.250000 
  38
0.512438 0.008743 0.046210 
0.433757 0.982135 0.462022 
0.053805 0.009122 0.491768 
0.017710 0.946869 0.017710 0.017710 
0.250000 0.250000 0.250000 0.250000 
  39
0.512438 0.008743 0.046210 
0.433757 0.982135 0.462022 
0.053805 0.009122 0.491768 
0.213954 0.750625 0.017710 0.017710 
0.250000 0.250000 0.250000 0.250000 
  40
0.494239 0.008743 0.046210 
0.451955 0.982135 0.462022 
0.054803 0.009098 0.491768 
0.947155 0.017615 0.017615 0.017615 
0.250000 0.250000 0.250000 0.250000 
  41
0.503401 0.008721 0.046210 
0.441797 0.982182 0.462022 
0.054803 0.009098 0.491768 
0.017615 0.017615 0.947155 0.017615 
0.250000 0.250000 0.250000 0.250000 
  42
0.503401 0.008721 0.046210 
0.441797 0.982182 0.462022 
0.054803 0.009098 0.491768 
0.017615 0.017615 0.158228 0.806541 
0.250000 0.250000 0.250000 0.250000 
  43
0.503401 0.008721 0.046210 
0.441797 0.982182 0.462022 
0.054803 0.009098 0.491768 
0.947155 0.017615 0.017615 0.017615 
0.250000 0.250000 0.250000 0.250000 
  44
0.503401 0.008721 0.046210 
0.441797 0.982182 0.462022 
0.054803 0.009098 0.491768 
0.947155 0.017615 0.017615 0.017615 
0.250000 0.250000 0.250000 0.250000 
  45
0.503401 0.008721 0.046210 
0.441797 0.982182 0.462022 
0.054803 0.009098 0.491768 
0.947155 0.017615 0.017615 0.017615 
0.250000 0.250000 0.250000 0.250000 
  46
0.503401 0.008721 0.046210 
0.441797 0.982182 0.462022 
0.054803 0.009098 0.491768 
0.017615 0.947155 0.017615 0.017615 
0.250000 0.250000 0.250000 0.250000 
  47
0.503401 0.008721 0.046210 
0.441797 0.982182 0.462022 
0.054803 0.009098 0.491768 
0.017615 0.017615 0.017615 0.947155 
0.250000 0.250000 0.250000 0.250000 
  48
0.503401 0.008721 0.046210 
0.441797 0.982182 0.462022 
0.054803 0.009098 0.491768 
0.938808 0.025962 0.017615 0.017615 
0.250000 0.250000 0.250000 0.250000 
  49
0.503401 0.008721 0.046210 
0.441797 0.982182 0.462022 
0.054803 0.009098 0.491768 
0.940802 0.023968 0.017615 0.017615 
0.250000 0.250000 0.250000 0.250000 
  50
0.503401 0.008721 0.046210 
0.441797 0.982182 0.462022 
0.054803 0.009098 0.491768 
0.947155 0.017615 0.017615 0.017615 
0.250000 0.250000 0.250000 0.250000 
  51
0.503401 0.008721 0.046210 
0.441797 0.982182 0.462022 
0.054803 0.009098 0.491768 
0.017615 0.017615 0.934020 0.030750 
0.250000 0.250000 0.250000 0.250000 
  52
0.503401 0.008721 0.046210 
0.441797 0.982182 0.462022 
0.054803 0.009098 0.491768 
0.947155 0.017615 0.017615 0.017615 
0.250000 0.250000 0.250000 0.250000 
  53
0.503401 0.008721 0.046210 
0.441797 0.982182 0.462022 
0.054803 0.009098 0.491768 
0.017615 0.017615 0.947155 0.017615 
0.250000 0.250000 0.250000 0.250000 
  54
0.503401 0.008721 0.046210 
0.441797 0.982182 0.462022 
0.054803 0.009098 0.491768 
0.930351 0.034419 0.017615 0.017615 
0.250000 0.250000 0.250000 0.250000 
  55
0.503401 0.008721 0.046210 
0.441797 0.982182 0.462022 
0.054803 0.009098 0.491768 
0.017615 0.017615 0.074878 0.889891 
0.250000 0.250000 0.250000 0.250000 
  56
0.503401 0.008721 0.046210 
0.441797 0.982182 0.462022 
0.054803 0.009098 0.491768 
0.017615 0.017615 0.017615 0.947155 
0.250000 0.250000 0.250000 0.250000 
  57
0.503401 0.008721 0.046210 
0.441797 0.982182 0.462022 
0.054803 0.009098 0.491768 
0.934020 0.030750 0.017615 0.017615 
0.250000 0.250000 0.250000 0.250000 
  58
0.503401 0.008721 0.046210 
0.441797 0.982182 0.462022 
0.054803 0.009098 0.491768 
0.947155 0.017615 0.017615 0.017615 
0.250000 0.250000 0.250000 0.250000 
  59
0.503401 0.008721 0.046210 
0.441797 0.982182 0.462022 
0.054803 0.009098 0.491768 
0.017615 0.017615 0.947155 0.017615 
0.250000 0.250000 0.250000 0.250000 
  60
0.503401 0.008721 0.046210 
0.441797 0.982182 0.462022 
0.054803 0.009098 0.491768 
0.017615 0.017615 0.025424 0.939346 
0.250000 0.250000 0.250000 0.250000 
  61
0.503401 0.008721 0.046210 
0.441797 0.982182 0.462022 
0.054803 0.009098 0.491768 
0.017615 0.947155 0.017615 0.017615 
0.250000 0.250000 0.250000 0.250000 
  62
0.503401 0.008721 0.046210 
0.441797 0.982182 0.462022 
0.054803 0.009098 0.491768 
0.938815 0.025955 0.017615 0.017615 
0.250000 0.250000 0.250000 0.250000 
  63
0.503401 0.008721 0.046210 
0.441797 0.982182 0.462022 
0.054803 0.009098 0.491768 
0.947155 0.017615 0.017615 0.017615 
0.250000 0.250000 0.250000 0.250000 
  64
0.503401 0.008721 0.046210 
0.441797 0.982182 0.462022 
0.054803 0.009098 0.491768 
0.941487 0.017615 0.023283 0.017615 
0.250000 0.250000 0.250000 0.250000 
  65
0.503401 0.008721 0.046210 
0.441797 0.982182 0.462022 
0.054803 0.009098 0.491768 
0.035718 0.929052 0.017615 0.017615 
0.250000 0.250000 0.250000 0.250000 
  66
0.503401 0.008721 0.046210 
0.441797 0.982182 0.462022 
0.054803 0.009098 0.491768 
0.781253 0.183517 0.017615 0.017615 
0.250000 0.250000 0.250000 0.250000 
  67
0.503401 0.008721 0.046210 
0.441797 0.982182 0.462022 
0.054803 0.009098 0.491768 
0.017615 0.947155 0.017615 0.017615 
0.250000 0.250000 0.250000 0.250000 
  68
0.503401 0.008721 0.046210 
0.441797 0.982182 0.462022 
0.054803 0.009098 0.491768 
0.028624 0.936146 0.017615 0.017615 
0.250000 0.250000 0.250000 0.250000 
  69
0.503401 0.008721 0.046210 
0.441797 0.982182 0.462022 
0.054803 0.009098 0.491768 
0.918519 0.046251 0.017615 0.017615 
0.250000 0.250000 0.250000 0.250000 
  70
0.503401 0.008721 0.046210 
0.441797 0.982182 0.462022 
0.054803 0.009098 0.491768 
0.017615 0.947155 0.017615 0.017615 
0.250000 0.250000 0.250000 0.250000 
  71
0.503401 0.008721 0.046210 
0.441797 0.982182 0.462022 
0.054803 0.009098 0.491768 
0.017615 0.017615 0.017615 0.947155 
0.250000 0.250000 0.250000 0.250000 
  72
0.503401 0.008721 0.046210 
0.441797 0.982182 0.462022 
0.054803 0.009098 0.491768 
0.215050 0.749720 0.017615 0.017615 
0.250000 0.250000 0.250000 0.250000 
  73
0.503401 0.008721 0.046210 
0.441797 0.982182 0.462022 
0.054803 0.009098 0.491768 
0.026028 0.938742 0.017615 0.017615 
0.250000 0.250000 0.250000 0.250000 
  74
0.503401 0.008721 0.046210 
0.441797 0.982182 0.462022 
0.054803 0.009098 0.491768 
0.947155 0.017615 0.017615 0.017615 
0.250000 0.250000 0.250000 0.250000 
  75
0.503401 0.008721 0.046210 
0.441797 0.982182 0.462022 
0.054803 0.009098 0.491768 
0.902950 0.061820 0.017615 0.017615 
0.250000 0.250000 0.250000 0.250000 
  76
0.503401 0.008721 0.046210 
0.441797 0.982182 0.462022 
0.054803 0.009098 0.491768 
0.017615 0.938753 0.017615 0.026017 
0.250000 0.250000 0.250000 0.250000 
  77
0.503401 0.008721 0.046210 
0.441797 0.982182 0.462022 
0.054803 0.009098 0.491768 
0.017615 0.017615 0.017615 0.947155 
0.250000 0.250000 0.250000 0.250000 
  78
0.503401 0.008721 0.046210 
0.441797 0.982182 0.462022 
0.054803 0.009098 0.491768 
0.039810 0.017615 0.901883 0.040692 
0.250000 0.250000 0.250000 0.250000 
  79
0.503401 0.008721 0.046210 
0.441797 0.982182 0.462022 
0.054803 0.009098 0.491768 
0.045886 0.894089 0.017615 0.042410 
0.250000 0.250000 0.250000 0.250000 
  80
0.503401 0.008721 0.046210 
0.441797 0.982182 0.462022 
0.054803 0.009098 0.491768 
0.017615 0.017615 0.017615 0.947155 
0.250000 0.250000 0.250000 0.250000 
  81
0.503401 0.008721 0.046210 
0.441797 0.982182 0.462022 
0.054803 0.009098 0.491768 
0.017615 0.017615 0.119856 0.844914 
0.250000 0.250000 0.250000 0.250000 
  82
0.503401 0.008721 0.046210 
0.441797 0.982182 0.462022 
0.054803 0.009098 0.491768 
0.947155 0.017615 0.017615 0.017615 
0.250000 0.250000 0.250000 0.250000 
  83
0.503401 0.008721 0.046210 
0.441797 0.982182 0.462022 
0.054803 0.009098 0.491768 
0.947155 0.017615 0.017615 0.017615 
0.250000 0.250000 0.250000 0.250000 
  84
0.503401 0.008721 0.046210 
0.441797 0.982182 0.462022 
0.054803 0.009098 0.491768 
0.017615 0.017615 0.476995 0.487775 
0.250000 0.250000 0.250000 0.250000 
  85
0.503401 0.008721 0.046210 
0.441797 0.982182 0.462022 
0.054803 0.009098 0.491768 
0.017615 0.947155 0.017615 0.017615 
0.250000 0.250000 0.250000 0.250000 
  86
0.503401 0.008721 0.046210 
0.441797 0.982182 0.462022 
0.054803 0.009098 0.491768 
0.017615 0.017615 0.947155 0.017615 
0.250000 0.250000 0.250000 0.250000 
  87
0.503401 0.008721 0.046210 
0.441797 0.982182 0.462022 
0.054803 0.009098 0.491768 
0.938815 0.025955 0.017615 0.017615 
0.250000 0.250000 0.250000 0.250000 
  88
0.503401 0.008721 0.046210 
0.441797 0.982182 0.462022 
0.054803 0.009098 0.491768 
0.947155 0.017615 0.017615 0.017615 
0.250000 0.250000 0.250000 0.250000 
  89
0.503401 0.008721 0.046210 
0.441797 0.982182 0.462022 
0.054803 0.009098 0.491768 
0.017615 0.017615 0.947155 0.017615 
0.250000 0.250000 0.250000 0.250000 
  90
0.503401 0.008721 0.046210 
0.441797 0.982182 0.462022 
0.054803 0.009098 0.491768 
0.017615 0.017615 0.017615 0.947155 
0.250000 0.250000 0.250000 0.250000 
  91
0.503401 0.008721 0.046210 
0.441797 0.982182 0.462022 
0.054803 0.009098 0.491768 
0.017615 0.947155 0.017615 0.017615 
0.250000 0.250000 0.250000 0.250000 
  92
0.503401 0.008721 0.046210 
0.441797 0.982182 0.462022 
0.054803 0.009098 0.491768 
0.947155 0.017615 0.017615 0.017615 
0.250000 0.250000 0.250000 0.250000 
  93
0.503401 0.008721 0.046210 
0.441797 0.982182 0.462022 
0.054803 0.009098 0.491768 
0.941125 0.017615 0.017615 0.023644 
0.250000 0.250000 0.250000 0.250000 
  94
0.503401 0.008721 0.046210 
0.441797 0.982182 0.462022 
0.054803 0.009098 0.491768 
0.947155 0.017615 0.017615 0.017615 
0.250000 0.250000 0.250000 0.250000 
  95
0.503401 0.008721 0.046210 
0.441797 0.982182 0.462022 
0.054803 0.009098 0.491768 
0.017615 0.017615 0.947155 0.017615 
0.250000 0.250000 0.250000 0.250000 
  96
0.503401 0.008721 0.046210 
0.441797 0.982182 0.462022 
0.054803 0.009098 0.491768 
0.032142 0.932628 0.017615 0.017615 
0.250000 0.250000 0.250000 0.250000 
  97
0.503401 0.008721 0.046210 
0.441797 0.982182 0.462022 
0.054803 0.009098 0.491768 
0.017615 0.947155 0.017615 0.017615 
0.250000 0.250000 0.250000 0.250000 
  98
0.503401 0.008721 0.046210 
0.441797 0.982182 0.462022 
0.054803 0.009098 0.491768 
0.017615 0.017615 0.017615 0.947155 
0.250000 0.250000 0.250000 0.250000 
  99
0.503401 0.008721 0.046210 
0.441797 0.982182 0.462022 
0.054803 0.009098 0.491768 
0.017615 0.941681 0.017615 0.023089 
0.250000 0.250000 0.250000 0.250000 
 100
0.503401 0.008721 0.046210 
0.441797 0.982182 0.462022 
0.054803 0.009098 0.491768 
0.017615 0.947155 0.017615 0.017615 
0.250000 0.250000 0.250000 0.250000 
 101
0.503401 0.008721 0.046210 
0.441797 0.982182 0.462022 
0.054803 0.009098 0.491768 
0.947155 0.017615 0.017615 0.017615 
0.250000 0.250000 0.250000 0.250000 
 102
0.503401 0.008721 0.046210 
0.441797 0.982182 0.462022 
0.054803 0.009098 0.491768 
0.934350 0.030420 0.017615 0.017615 
0.250000 0.250000 0.250000 0.250000 
 103
0.503401 0.008721 0.046210 
0.441797 0.982182 0.462022 
0.054803 0.009098 0.491768 
0.017615 0.017615 0.947155 0.017615 
0.250000 0.250000 0.250000 0.250000 
 104
0.503401 0.008721 0.046210 
0.441797 0.982182 0.462022 
0.054803 0.009098 0.491768 
0.032308 0.924060 0.026017 0.017615 
0.250000 0.250000 0.250000 0.250000 
 105
0.503401 0.008721 0.046210 
0.441797 0.982182 0.462022 
0.054803 0.009098 0.491768 
0.919877 0.044893 0.017615 0.017615 
0.250000 0.250000 0.250000 0.250000 
 106
0.503401 0.008721 0.046210 
0.441797 0.982182 0.462022 
0.054803 0.009098 0.491768 
0.947155 0.017615 0.017615 0.017615 
0.250000 0.250000 0.250000 0.250000 
 107
0.503401 0.008721 0.046210 
0.441797 0.982182 0.462022 
0.054803 0.009098 0.491768 
0.017615 0.017615 0.947155 0.017615 
0.250000 0.250000 0.250000 0.250000 
 108
0.503401 0.008721 0.046210 
0.441797 0.982182 0.462022 
0.054803 0.009098 0.491768 
0.947155 0.017615 0.017615 0.017615 
0.250000 0.250000 0.250000 0.250000 
 109
0.503401 0.008721 0.046210 
0.441797 0.982182 0.462022 
0.054803 0.009098 0.491768 
0.947155 0.017615 0.017615 0.017615 
0.250000 0.250000 0.250000 0.250000 
 110
0.503401 0.008721 0.046210 
0.441797 0.982182 0.462022 
0.054803 0.009098 0.491768 
0.941212 0.023558 0.017615 0.017615 
0.250000 0.250000 0.250000 0.250000 
 111
0.503401 0.008721 0.046210 
0.441797 0.982182 0.462022 
0.054803 0.009098 0.491768 
0.017615 0.017615 0.533746 0.431023 
0.250000 0.250000 0.250000 0.250000 
 112
0.503401 0.008721 0.046210 
0.441797 0.982182 0.462022 
0.054803 0.009098 0.491768 
0.029159 0.935611 0.017615 0.017615 
0.250000 0.250000 0.250000 0.250000 
 113
0.503401 0.008721 0.046210 
0.441797 0.982182 0.462022 
0.054803 0.009098 0.491768 
0.017615 0.017615 0.017615 0.947155 
0.250000 0.250000 0.250000 0.250000 
 114
0.503401 0.008721 0.046210 
0.441797 0.982182 0.462022 
0.054803 0.009098 0.491768 
0.017615 0.017615 0.925438 0.039332 
0.250000 0.250000 0.250000 0.250000 
 115
0.503401 0.008721 0.046210 
0.441797 0.982182 0.462022 
0.054803 0.009098 0.491768 
0.017615 0.017615 0.947155 0.017615 
0.250000 0.250000 0.250000 0.250000 
 116
0.503401 0.008721 0.046210 
0.441797 0.982182 0.462022 
0.054803 0.009098 0.491768 
0.017615 0.017615 0.947155 0.017615 
0.250000 0.250000 0.250000 0.250000 
 117
0.503401 0.008721 0.046210 
0.441797 0.982182 0.462022 
0.054803 0.009098 0.491768 
0.023783 0.017615 0.940986 0.017615 
0.250000 0.250000 0.250000 0.250000 
 118
0.503401 0.008721 0.046210 
0.441797 0.982182 0.462022 
0.054803 0.009098 0.491768 
0.947155 0.017615 0.017615 0.017615 
0.250000 0.250000 0.250000 0.250000 
 119
0.503401 0.008721 0.046210 
0.441797 0.982182 0.462022 
0.054803 0.009098 0.491768 
0.017697 0.941982 0.017697 0.022624 
0.250000 0.250000 0.250000 0.250000 
 120
0.503401 0.008721 0.046210 
0.441797 0.982182 0.462022 
0.054803 0.009098 0.491768 
0.027812 0.936958 0.017615 0.017615 
0.250000 0.250000 0.250000 0.250000 
 121
0.503401 0.008721 0.046210 
0.441797 0.982182 0.462022 
0.054803 0.009098 0.491768 
0.937540 0.017615 0.027230 0.017615 
0.250000 0.250000 0.250000 0.250000 
 122
0.503401 0.008721 0.046210 
0.441797 0.982182 0.462022 
0.054803 0.009098 0.491768 
0.017615 0.017615 0.017615 0.947155 
0.250000 0.250000 0.250000 0.250000 
 123
0.503401 0.008721 0.046210 
0.441797 0.982182 0.462022 
0.054803 0.009098 0.491768 
0.017615 0.017615 0.947155 0.017615 
0.250000 0.250000 0.250000 0.250000 
 124
0.503401 0.008721 0.046210 
0.441797 0.982182 0.462022 
0.054803 0.009098 0.491768 
0.017615 0.017615 0.017615 0.947155 
0.250000 0.250000 0.250000 0.250000 
 125
0.503401 0.008721 0.046210 
0.441797 0.982182 0.462022 
0.054803 0.009098 0.491768 
0.017615 0.947155 0.017615 0.017615 
0.250000 0.250000 0.250000 0.250000 
 126
0.503401 0.008721 0.046210 
0.441797 0.982182 0.462022 
0.054803 0.009098 0.491768 
0.017615 0.017615 0.938815 0.025955 
0.250000 0.250000 0.250000 0.250000 
 127
0.503401 0.008721 0.046210 
0.441797 0.982182 0.462022 
0.054803 0.009098 0.491768 
0.023718 0.017615 0.017615 0.941051 
0.250000 0.250000 0.250000 0.250000 
 128
0.503401 0.008721 0.046210 
0.441797 0.982182 0.462022 
0.054803 0.009098 0.491768 
0.017615 0.017615 0.947155 0.017615 
0.250000 0.250000 0.250000 0.250000 
 129
0.503401 0.008721 0.046210 
0.441797 0.982182 0.462022 
0.054803 0.009098 0.491768 
0.941420 0.023350 0.017615 0.017615 
0.250000 0.250000 0.250000 0.250000 
 130
0.503401 0.008721 0.046210 
0.441797 0.982182 0.462022 
0.054803 0.009098 0.491768 
0.947155 0.017615 0.017615 0.017615 
0.250000 0.250000 0.250000 0.250000 
 131
0.503401 0.008721 0.046210 
0.441797 0.982182 0.462022 
0.054803 0.009098 0.491768 
0.947155 0.017615 0.017615 0.017615 
0.250000 0.250000 0.250000 0.250000 
 132
0.503401 0.008721 0.046210 
0.441797 0.982182 0.462022 
0.054803 0.009098 0.491768 
0.947155 0.017615 0.017615 0.017615 
0.250000 0.250000 0.250000 0.250000 
 133
0.503401 0.008721 0.046210 
0.441797 0.982182 0.462022 
0.054803 0.009098 0.491768 
0.017615 0.947155 0.017615 0.017615 
0.250000 0.250000 0.250000 0.250000 
 134
0.503401 0.008721 0.046210 
0.441797 0.982182 0.462022 
0.054803 0.009098 0.491768 
0.017615 0.947155 0.017615 0.017615 
0.250000 0.250000 0.250000 0.250000 
 135
0.503401 0.008721 0.046210 
0.441797 0.982182 0.462022 
0.054803 0.009098 0.491768 
0.072965 0.891804 0.017615 0.017615 
0.250000 0.250000 0.250000 0.250000 
 136
0.503401 0.008721 0.046210 
0.441797 0.982182 0.462022 
0.054803 0.009098 0.491768 
0.947155 0.017615 0.017615 0.017615 
0.250000 0.250000 0.250000 0.250000 
 137
0.503401 0.008721 0.046210 
0.441797 0.982182 0.462022 
0.054803 0.009098 0.491768 
0.947155 0.017615 0.017615 0.017615 
0.250000 0.250000 0.250000 0.250000 
 138
0.503401 0.008721 0.046210 
0.441797 0.982182 0.462022 
0.054803 0.009098 0.491768 
0.938815 0.025955 0.017615 0.017615 
0.250000 0.250000 0.250000 0.250000 
 139
0.503401 0.008721 0.046210 
0.441797 0.982182 0.462022 
0.054803 0.009098 0.491768 
0.947155 0.017615 0.017615 0.017615 
0.250000 0.250000 0.250000 0.250000 
 140
0.503401 0.008721 0.046210 
0.441797 0.982182 0.462022 
0.054803 0.009098 0.491768 
0.083991 0.875617 0.017693 0.022699 
0.250000 0.250000 0.250000 0.250000 
 141
0.503401 0.008721 0.046210 
0.441797 0.982182 0.462022 
0.054803 0.009098 0.491768 
0.349926 0.614844 0.017615 0.017615 
0.250000 0.250000 0.250000 0.250000 
 142
0.503401 0.008721 0.046210 
0.441797 0.982182 0.462022 
0.054803 0.009098 0.491768 
0.939346 0.025424 0.017615 0.017615 
0.250000 0.250000 0.250000 0.250000 
 143
0.503401 0.008721 0.046210 
0.441797 0.982182 0.462022 
0.054803 0.009098 0.491768 
0.017615 0.017615 0.947155 0.017615 
0.250000 0.250000 0.250000 0.250000 
 144
0.503401 0.008721 0.046210 
0.441797 0.982182 0.462022 
0.054803 0.009098 0.491768 
0.844604 0.120166 0.017615 0.017615 
0.250000 0.250000 0.250000 0.250000 
 145
0.503401 0.008721 0.046210 
0.441797 0.982182 0.462022 
0.054803 0.009098 0.491768 
0.111795 0.852974 0.017615 0.017615 
0.250000 0.250000 0.250000 0.250000 
 146
0.503401 0.008721 0.046210 
0.441797 0.982182 0.462022 
0.054803 0.009098 0.491768 
0.017615 0.017615 0.017615 0.947155 
0.250000 0.250000 0.250000 0.250000 
 147
0.503401 0.008721 0.046210 
0.441797 0.982182 0.462022 
0.054803 0.009098 0.491768 
0.017615 0.017615 0.032090 0.932679 
0.250000 0.250000 0.250000 0.250000 
 148
0.503401 0.008721 0.046210 
0.441797 0.982182 0.462022 
0.054803 0.009098 0.491768 
0.017615 0.947155 0.017615 0.017615 
0.250000 0.250000 0.250000 0.250000 
 149
0.503401 0.008721 0.046210 
0.441797 0.982182 0.462022 
0.054803 0.009098 0.491768 
0.947155 0.017615 0.017615 0.017615 
0.250000 0.250000 0.250000 0.250000 
 150
0.503401 0.008721 0.046210 
0.441797 0.982182 0.462022 
0.054803 0.009098 0.491768 
0.017615 0.017615 0.947155 0.017615 
0.250000 0.250000 0.250000 0.250000 
 151
0.503401 0.008721 0.046210 
0.441797 0.982182 0.462022 
0.054803 0.009098 0.491768 
0.017615 0.017615 0.947155 0.017615 
0.250000 0.250000 0.250000 0.250000 
 152
0.503401 0.008721 0.046210 
0.441797 0.982182 0.462022 
0.054803 0.009098 0.491768 
0.017615 0.017615 0.017615 0.947155 
0.250000 0.250000 0.250000 0.250000 
 153
0.503401 0.008721 0.046210 
0.441797 0.982182 0.462022 
0.054803 0.009098 0.491768 
0.017615 0.017615 0.939945 0.024825 
0.250000 0.250000 0.250000 0.250000 
 154
0.503401 0.008721 0.046210 
0.441797 0.982182 0.462022 
0.054803 0.009098 0.491768 
0.017615 0.947155 0.017615 0.017615 
0.250000 0.250000 0.250000 0.250000 
 155
0.503401 0.008721 0.046210 
0.441797 0.982182 0.462022 
0.054803 0.009098 0.491768 
0.017615 0.947155 0.017615 0.017615 
0.250000 0.250000 0.250000 0.250000 
 156
0.503401 0.008721 0.046210 
0.441797 0.982182 0.462022 
0.054803 0.009098 0.491768 
0.017615 0.017615 0.043943 0.920827 
0.250000 0.250000 0.250000 0.250000 
 157
0.503401 0.008721 0.046210 
0.441797 0.982182 0.462022 
0.054803 0.009098 0.491768 
0.023385 0.017615 0.941384 0.017615 
0.250000 0.250000 0.250000 0.250000 
 158
0.503401 0.008721 0.046210 
0.441797 0.982182 0.462022 
0.054803 0.009098 0.491768 
0.947155 0.017615 0.017615 0.017615 
0.250000 0.250000 0.250000 0.250000 
 159
0.503401 0.008721 0.046210 
0.441797 0.982182 0.462022 
0.054803 0.009098 0.491768 
0.947155 0.017615 0.017615 0.017615 
0.250000 0.250000 0.250000 0.250000 
 160
0.503401 0.008721 0.046210 
0.441797 0.982182 0.462022 
0.054803 0.009098 0.491768 
0.017615 0.017615 0.017615 0.947155 
0.250000 0.250000 0.250000 0.250000 
 161
0.503401 0.008721 0.046210 
0.441797 0.982182 0.462022 
0.054803 0.009098 0.491768 
0.017615 0.947155 0.017615 0.017615 
0.250000 0.250000 0.250000 0.250000 
 162
0.503401 0.008721 0.046210 
0.441797 0.982182 0.462022 
0.054803 0.009098 0.491768 
0.017615 0.017615 0.023083 0.941687 
0.250000 0.250000 0.250000 0.250000 
 163
0.503401 0.008721 0.046210 
0.441797 0.982182 0.462022 
0.054803 0.009098 0.491768 
0.017615 0.947155 0.017615 0.017615 
0.250000 0.250000 0.250000 0.250000 
 164
0.503401 0.008721 0.046210 
0.441797 0.982182 0.462022 
0.054803 0.009098 0.491768 
0.017615 0.947155 0.017615 0.017615 
0.250000 0.250000 0.250000 0.250000 
 165
0.503401 0.008721 0.046210 
0.441797 0.982182 0.462022 
0.054803 0.009098 0.491768 
0.827180 0.137590 0.017615 0.017615 
0.250000 0.250000 0.250000 0.250000 
 166
0.503401 0.008721 0.046210 
0.441797 0.982182 0.462022 
0.054803 0.009098 0.491768 
0.017615 0.017615 0.947155 0.017615 
0.250000 0.250000 0.250000 0.250000 
 167
0.503401 0.008721 0.046210 
0.441797 0.982182 0.462022 
0.054803 0.009098 0.491768 
0.017615 0.017615 0.017615 0.947155 
0.250000 0.250000 0.250000 0.250000 
 168
0.503401 0.008721 0.046210 
0.441797 0.982182 0.462022 
0.054803 0.009098 0.491768 
0.017615 0.017615 0.033755 0.931015 
0.250000 0.250000 0.250000 0.250000 
 169
0.503401 0.008721 0.046210 
0.441797 0.982182 0.462022 
0.054803 0.009098 0.491768 
0.017696 0.017696 0.939518 0.025090 
0.250000 0.250000 0.250000 0.250000 
 170
0.503401 0.008721 0.046210 
0.441797 0.982182 0.462022 
0.054803 0.009098 0.491768 
0.017615 0.034008 0.017615 0.930761 
0.250000 0.250000 0.250000 0.250000 
 171
0.503401 0.008721 0.046210 
0.441797 0.982182 0.462022 
0.054803 0.009098 0.491768 
0.025424 0.939346 0.017615 0.017615 
0.250000 0.250000 0.250000 0.250000 
 172
0.503401 0.008721 0.046210 
0.441797 0.982182 0.462022 
0.054803 0.009098 0.491768 
0.017615 0.947155 0.017615 0.017615 
0.250000 0.250000 0.250000 0.250000 
 173
0.503401 0.008721 0.046210 
0.441797 0.982182 0.462022 
0.054803 0.009098 0.491768 
0.017615 0.947155 0.017615 0.017615 
0.250000 0.250000 0.250000 0.250000 
 174
0.503401 0.008721 0.046210 
0.441797 0.982182 0.462022 
0.054803 0.009098 0.491768 
0.814423 0.145181 0.022781 0.017615 
0.250000 0.250000 0.250000 0.250000 
 175
0.503401 0.008721 0.046210 
0.441797 0.982182 0.462022 
0.054803 0.009098 0.491768 
0.947155 0.017615 0.017615 0.017615 
0.250000 0.250000 0.250000 0.250000 
 176
0.503401 0.008721 0.046210 
0.441797 0.982182 0.462022 
0.054803 0.009098 0.491768 
0.017615 0.017615 0.947155 0.017615 
0.250000 0.250000 0.250000 0.250000 
 177
0.503401 0.008721 0.046210 
0.441797 0.982182 0.462022 
0.054803 0.009098 0.491768 
0.786944 0.171896 0.017615 0.023545 
0.250000 0.250000 0.250000 0.250000 
 178
0.503401 0.008721 0.046210 
0.441797 0.982182 0.462022 
0.054803 0.009098 0.491768 
0.947155 0.017615 0.017615 0.017615 
0.250000 0.250000 0.250000 0.250000 
 179
0.503401 0.008721 0.046210 
0.441797 0.982182 0.462022 
0.054803 0.009098 0.491768 
0.017615 0.017615 0.017615 0.947155 
0.250000 0.250000 0.250000 0.250000 
 180
0.503401 0.008721 0.046210 
0.441797 0.982182 0.462022 
0.054803 0.009098 0.491768 
0.025000 0.017615 0.939769 0.017615 
0.250000 0.250000 0.250000 0.250000 
 181
0.503401 0.008721 0.046210 
0.441797 0.982182 0.462022 
0.054803 0.009098 0.491768 
0.947155 0.017615 0.017615 0.017615 
0.250000 0.250000 0.250000 0.250000 
 182
0.503401 0.008721 0.046210 
0.441797 0.982182 0.462022 
0.054803 0.009098 0.491768 
0.017615 0.017615 0.935846 0.028924 
0.250000 0.250000 0.250000 0.250000 
 183
0.503401 0.008721 0.046210 
0.441797 0.982182 0.462022 
0.054803 0.009098 0.491768 
0.017615 0.017615 0.017615 0.947155 
0.250000 0.250000 0.250000 0.250000 
 184
0.503401 0.008721 0.046210 
0.441797 0.982182 0.462022 
0.054803 0.009098 0.491768 
0.017615 0.947155 0.017615 0.017615 
0.250000 0.250000 0.250000 0.250000 
 185
0.503401 0.008721 0.046210 
0.441797 0.982182 0.462022 
0.054803 0.009098 0.491768 
0.017615 0.947155 0.017615 0.017615 
0.250000 0.250000 0.250000 0.250000 
 186
0.503401 0.008721 0.046210 
0.441797 0.982182 0.462022 
0.054803 0.009098 0.491768 
0.391491 0.573278 0.017615 0.017615 
0.250000 0.250000 0.250000 0.250000 
 187
0.503401 0.008721 0.046210 
0.441797 0.982182 0.462022 
0.054803 0.009098 0.491768 
0.017615 0.017615 0.947155 0.017615 
0.250000 0.250000 0.250000 0.250000 
 188
0.503401 0.008721 0.046210 
0.441797 0.982182 0.462022 
0.054803 0.009098 0.491768 
0.017615 0.017615 0.947155 0.017615 
0.250000 0.250000 0.250000 0.250000 
 189
0.503401 0.008721 0.046210 
0.441797 0.982182 0.462022 
0.054803 0.009098 0.491768 
0.888481 0.017615 0.076289 0.017615 
0.250000 0.250000 0.250000 0.250000 
 190
0.503401 0.008721 0.046210 
0.441797 0.982182 0.462022 
0.054803 0.009098 0.491768 
0.017615 0.017615 0.947155 0.017615 
0.250000 0.250000 0.250000 0.250000 
 191
0.503401 0.008721 0.046210 
0.441797 0.982182 0.462022 
0.054803 0.009098 0.491768 
0.017615 0.017615 0.947155 0.017615 
0.250000 0.250000 0.250000 0.250000 
 192
0.503401 0.008721 0.046210 
0.441797 0.982182 0.462022 
0.054803 0.009098 0.491768 
0.017615 0.017615 0.947155 0.017615 
0.250000 0.250000 0.250000 0.250000 
 193
0.503401 0.008721 0.046210 
0.441797 0.982182 0.462022 
0.054803 0.009098 0.491768 
0.017615 0.017615 0.947155 0.017615 
0.250000 0.250000 0.250000 0.250000 
 194
0.503401 0.008721 0.046210 
0.441797 0.982182 0.462022 
0.054803 0.009098 0.491768 
0.947155 0.017615 0.017615 0.017615 
0.250000 0.250000 0.250000 0.250000 
 195
0.503401 0.008721 0.046210 
0.441797 0.982182 0.462022 
0.054803 0.009098 0.491768 
0.938808 0.025962 0.017615 0.017615 
0.250000 0.250000 0.250000 0.250000 
 196
0.503401 0.008721 0.046210 
0.441797 0.982182 0.462022 
0.054803 0.009098 0.491768 
0.017615 0.017615 0.017615 0.947155 
0.250000 0.250000 0.250000 0.250000 
 197
0.503401 0.008721 0.046210 
0.441797 0.982182 0.462022 
0.054803 0.009098 0.491768 
0.017615 0.947155 0.017615 0.017615 
0.250000 0.250000 0.250000 0.250000 
 198
0.503401 0.008721 0.046210 
0.441797 0.982182 0.462022 
0.054803 0.009098 0.491768 
0.017615 0.017615 0.017615 0.947155 
0.250000 0.250000 0.250000 0.250000 
 199
0.503401 0.008721 0.046210 
0.441797 0.982182 0.462022 
0.054803 0.009098 0.491768 
0.017615 0.947155 0.017615 0.017615 
0.250000 0.250000 0.250000 0.250000 
 200
0.503401 0.008721 0.046210 
0.441797 0.982182 0.462022 
0.054803 0.009098 0.491768 
0.947155 0.017615 0.017615 0.017615 
0.250000 0.250000 0.250000 0.250000 
 201
0.503401 0.008721 0.046210 
0.441797 0.982182 0.462022 
0.054803 0.009098 0.491768 
0.017615 0.017615 0.929508 0.035262 
0.250000 0.250000 0.250000 0.250000 
 202
0.503401 0.008721 0.046210 
0.441797 0.982182 0.462022 
0.054803 0.009098 0.491768 
0.017615 0.017615 0.947155 0.017615 
0.250000 0.250000 0.250000 0.250000 
 203
0.503401 0.008721 0.046210 
0.441797 0.982182 0.462022 
0.054803 0.009098 0.491768 
0.941285 0.023485 0.017615 0.017615 
0.250000 0.250000 0.250000 0.250000 
 204
0.503401 0.008721 0.046210 
0.441797 0.982182 0.462022 
0.054803 0.009098 0.491768 
0.947155 0.017615 0.017615 0.017615 
0.250000 0.250000 0.250000 0.250000 
 205
0.503401 0.008721 0.046210 
0.441797 0.982182 0.462022 
0.054803 0.009098 0.491768 
0.017615 0.017615 0.017615 0.947155 
0.250000 0.250000 0.250000 0.250000 
 206
0.503401 0.008721 0.046210 
0.441797 0.982182 0.462022 
0.054803 0.009098 0.491768 
0.017615 0.017615 0.017615 0.947155 
0.250000 0.250000 0.250000 0.250000 
 207
0.503401 0.008721 0.046210 
0.441797 0.982182 0.462022 
0.054803 0.009098 0.491768 
0.024175 0.017615 0.917209 0.041001 
0.250000 0.250000 0.250000 0.250000 
 208
0.503401 0.008721 0.046210 
0.441797 0.982182 0.462022 
0.054803 0.009098 0.491768 
0.017615 0.017615 0.947155 0.017615 
0.250000 0.250000 0.250000 0.250000 
 209
0.503401 0.008721 0.046210 
0.441797 0.982182 0.462022 
0.054803 0.009098 0.491768 
0.017615 0.017615 0.017615 0.947155 
0.250000 0.250000 0.250000 0.250000 
 210
0.503401 0.008721 0.046210 
0.441797 0.982182 0.462022 
0.054803 0.009098 0.491768 
0.947155 0.017615 0.017615 0.017615 
0.250000 0.250000 0.250000 0.250000 
 211
0.503401 0.008721 0.046210 
0.441797 0.982182 0.462022 
0.054803 0.009098 0.491768 
0.034008 0.930761 0.017615 0.017615 
0.250000 0.250000 0.250000 0.250000 
 212
0.503401 0.008721 0.046210 
0.441797 0.982182 0.462022 
0.054803 0.009098 0.491768 
0.947155 0.017615 0.017615 0.017615 
0.250000 0.250000 0.250000 0.250000 
 213
0.503401 0.008721 0.046210 
0.441797 0.982182 0.462022 
0.054803 0.009098 0.491768 
0.924120 0.035202 0.017615 0.023063 
0.250000 0.250000 0.250000 0.250000 
 214
0.503401 0.008721 0.046210 
0.441797 0.982182 0.462022 
0.054803 0.009098 0.491768 
0.017615 0.017615 0.017615 0.947155 
0.250000 0.250000 0.250000 0.250000 
 215
0.503401 0.008721 0.046210 
0.441797 0.982182 0.462022 
0.054803 0.009098 0.491768 
0.017615 0.017615 0.017615 0.947155 
0.250000 0.250000 0.250000 0.250000 
 216
0.503401 0.008721 0.046210 
0.441797 0.982182 0.462022 
0.054803 0.009098 0.491768 
0.017615 0.017615 0.028991 0.935779 
0.250000 0.250000 0.250000 0.250000 
 217
0.503401 0.008721 0.046210 
0.441797 0.982182 0.462022 
0.054803 0.009098 0.491768 
0.017615 0.017615 0.017615 0.947155 
0.250000 0.250000 0.250000 0.250000 
 218
0.503401 0.008721 0.046210 
0.441797 0.982182 0.462022 
0.054803 0.009098 0.491768 
0.017615 0.017615 0.947155 0.017615 
0.250000 0.250000 0.250000 0.250000 
 219
0.503401 0.008721 0.046210 
0.441797 0.982182 0.462022 
0.054803 0.009098 0.491768 
0.776528 0.036154 0.017615 0.169703 
0.250000 0.250000 0.250000 0.250000 
 220
0.503401 0.008721 0.046210 
0.441797 0.982182 0.462022 
0.054803 0.009098 0.491768 
0.017615 0.930761 0.034008 0.017615 
0.250000 0.250000 0.250000 0.250000 
 221
0.503401 0.008721 0.046210 
0.441797 0.982182 0.462022 
0.054803 0.009098 0.491768 
0.017615 0.017615 0.947155 0.017615 
0.250000 0.250000 0.250000 0.250000 
 222
0.503401 0.008721 0.046210 
0.441797 0.982182 0.462022 
0.054803 0.009098 0.491768 
0.023783 0.017615 0.897877 0.060725 
0.250000 0.250000 0.250000 0.250000 
 223
0.503401 0.008721 0.046210 
0.441797 0.982182 0.462022 
0.054803 0.009098 0.491768 
0.026028 0.938742 0.017615 0.017615 
0.250000 0.250000 0.250000 0.250000 
 224
0.503401 0.008721 0.046210 
0.441797 0.982182 0.462022 
0.054803 0.009098 0.491768 
0.947155 0.017615 0.017615 0.017615 
0.250000 0.250000 0.250000 0.250000 
 225
0.503401 0.008721 0.046210 
0.441797 0.982182 0.462022 
0.054803 0.009098 0.491768 
0.017615 0.017615 0.017615 0.947155 
0.250000 0.250000 0.250000 0.250000 
 226
0.503401 0.008721 0.046210 
0.441797 0.982182 0.462022 
0.054803 0.009098 0.491768 
0.017615 0.017615 0.148144 0.816626 
0.250000 0.250000 0.250000 0.250000 
 227
0.503401 0.008721 0.046210 
0.441797 0.982182 0.462022 
0.054803 0.009098 0.491768 
0.017615 0.017615 0.017615 0.947155 
0.250000 0.250000 0.250000 0.250000 
 228
0.503401 0.008721 0.046210 
0.441797 0.982182 0.462022 
0.054803 0.009098 0.491768 
0.935779 0.028991 0.017615 0.017615 
0.250000 0.250000 0.250000 0.250000 
 229
0.503401 0.008721 0.046210 
0.441797 0.982182 0.462022 
0.054803 0.009098 0.491768 
0.938942 0.025828 0.017615 0.017615 
0.250000 0.250000 0.250000 0.250000 
 230
0.503401 0.008721 0.046210 
0.441797 0.982182 0.462022 
0.054803 0.009098 0.491768 
0.017615 0.017615 0.017615 0.947155 
0.250000 0.250000 0.250000 0.250000 
 231
0.503401 0.008721 0.046210 
0.441797 0.982182 0.462022 
0.054803 0.009098 0.491768 
0.017615 0.017615 0.120166 0.844604 
0.250000 0.250000 0.250000 0.250000 
 232
0.503401 0.008721 0.046210 
0.441797 0.982182 0.462022 
0.054803 0.009098 0.491768 
0.935611 0.029159 0.017615 0.017615 
0.250000 0.250000 0.250000 0.250000 
 233
0.503401 0.008721 0.046210 
0.441797 0.982182 0.462022 
0.054803 0.009098 0.491768 
0.017615 0.017615 0.017615 0.947155 
0.250000 0.250000 0.250000 0.250000 
 234
0.503401 0.008721 0.046210 
0.441797 0.982182 0.462022 
0.054803 0.009098 0.491768 
0.017615 0.017615 0.017615 0.947155 
0.250000 0.250000 0.250000 0.250000 
 235
0.503401 0.008721 0.046210 
0.441797 0.982182 0.462022 
0.054803 0.009098 0.491768 
