%  SAM: /scicomp/groups/OID/NCIRD/ID-OD/ID_nomenclatures/label/LABEL_RES/scripts/modelfromalign_Linux v3.5 (July 15, 2005) compiled 12/08/06_16:15:55
%  (c) 1992-2001 Regents of the University of California, Santa Cruz
%
%          Sequence Alignment and Modeling Software System
%         http://www.cse.ucsc.edu/research/compbio/sam.html
%
% ----------------- Citations (SAM, SAM-T2K, HMMs) --------------------
% R. Hughey, A. Krogh, Hidden Markov models for sequence analysis:
%  Extension and analysis of the basic method, CABIOS 12:95-107, 1996.
% K. Karplus, et al., What is the value added by human intervention in protein
%  structure prediction, Proteins: Stucture, Function, Genetics 45(S5):86--91, 2001.
% A. Krogh et al., Hidden Markov models in computational biology:
%  Applications to protein modeling, JMB 235:1501-1531, Feb 1994.
% ---------------------------------------------------------------------
%  3C.2a1_hmm   Host: node5.hpc.biotech.cdc.gov    Mon Feb 27 16:11:38 2017
%  vfn4         Dir:  /scicomp/groups/OID/NCIRD/ID-OD/ID_nomenclatures/H3/training/H3v2016R3/c-3C/c-3C.2
% ---------------------------------------------------------------------
%  Alignment weights from internal calc.  Total (28.62) Max (0.07) Min (0.03)
%  Weights from alignment method 1 (karplus), b=-1.000000, e=0.500000
MODEL --  Model from alignment file /scicomp/groups/OID/NCIRD/ID-OD/ID_nomenclatures/label/LABEL_RES/training_data/H3v2016R3/c-3C/c-3C.2//3C.2a1.fasta
alphabet DNA
FREQAVE
0.000000 0.000000 0.000000 
0.000000 0.000000 0.000000 
0.000000 0.000000 0.000000 
0.341194 0.222420 0.192630 0.243755 
0.341194 0.222420 0.192630 0.243755 
Begin
0.000000 0.000000 0.000000 
0.000000 0.000000 0.000000 
0.000000 0.005955 0.491768 
0.250000 0.250000 0.250000 0.250000 
0.250000 0.250000 0.250000 0.250000 
   1
0.000000 0.005708 0.046210 
0.000000 0.988336 0.462022 
0.057405 0.005955 0.491768 
0.974678 0.008441 0.008441 0.008441 
0.250000 0.250000 0.250000 0.250000 
   2
0.479817 0.005708 0.046210 
0.462778 0.988336 0.462022 
0.057405 0.005955 0.491768 
0.008441 0.008441 0.008441 0.974678 
0.250000 0.250000 0.250000 0.250000 
   3
0.479817 0.005708 0.046210 
0.462778 0.988336 0.462022 
0.057405 0.005955 0.491768 
0.008441 0.974678 0.008441 0.008441 
0.250000 0.250000 0.250000 0.250000 
   4
0.479817 0.005708 0.046210 
0.462778 0.988336 0.462022 
0.057405 0.005955 0.491768 
0.974678 0.008441 0.008441 0.008441 
0.250000 0.250000 0.250000 0.250000 
   5
0.479817 0.005708 0.046210 
0.462778 0.988336 0.462022 
0.057405 0.005955 0.491768 
0.974678 0.008441 0.008441 0.008441 
0.250000 0.250000 0.250000 0.250000 
   6
0.479817 0.005708 0.046210 
0.462778 0.988336 0.462022 
0.057405 0.005955 0.491768 
0.009985 0.973134 0.008441 0.008441 
0.250000 0.250000 0.250000 0.250000 
   7
0.479817 0.005708 0.046210 
0.462778 0.988336 0.462022 
0.057405 0.005955 0.491768 
0.974678 0.008441 0.008441 0.008441 
0.250000 0.250000 0.250000 0.250000 
   8
0.479817 0.005708 0.046210 
0.462778 0.988336 0.462022 
0.057405 0.005955 0.491768 
0.008441 0.008441 0.974678 0.008441 
0.250000 0.250000 0.250000 0.250000 
   9
0.479817 0.005708 0.046210 
0.462778 0.988336 0.462022 
0.057405 0.005955 0.491768 
0.009645 0.008441 0.009798 0.972116 
0.250000 0.250000 0.250000 0.250000 
  10
0.479817 0.005708 0.046210 
0.462778 0.988336 0.462022 
0.057405 0.005955 0.491768 
0.956907 0.026211 0.008441 0.008441 
0.250000 0.250000 0.250000 0.250000 
  11
0.479817 0.005708 0.046210 
0.462778 0.988336 0.462022 
0.057405 0.005955 0.491768 
0.008441 0.008441 0.008441 0.974678 
0.250000 0.250000 0.250000 0.250000 
  12
0.479817 0.005708 0.046210 
0.462778 0.988336 0.462022 
0.057405 0.005955 0.491768 
0.008441 0.008441 0.971312 0.011806 
0.250000 0.250000 0.250000 0.250000 
  13
0.479817 0.005708 0.046210 
0.462778 0.988336 0.462022 
0.057405 0.005955 0.491768 
0.974678 0.008441 0.008441 0.008441 
0.250000 0.250000 0.250000 0.250000 
  14
0.479817 0.005708 0.046210 
0.462778 0.988336 0.462022 
0.057405 0.005955 0.491768 
0.008441 0.008441 0.008441 0.974678 
0.250000 0.250000 0.250000 0.250000 
  15
0.479817 0.005708 0.046210 
0.462778 0.988336 0.462022 
0.057405 0.005955 0.491768 
0.027820 0.008441 0.011150 0.952589 
0.250000 0.250000 0.250000 0.250000 
  16
0.479817 0.005708 0.046210 
0.462778 0.988336 0.462022 
0.057405 0.005955 0.491768 
0.008441 0.974678 0.008441 0.008441 
0.250000 0.250000 0.250000 0.250000 
  17
0.479817 0.005708 0.046210 
0.462778 0.988336 0.462022 
0.057405 0.005955 0.491768 
0.008441 0.008441 0.974678 0.008441 
0.250000 0.250000 0.250000 0.250000 
  18
0.479817 0.005708 0.046210 
0.462778 0.988336 0.462022 
0.057405 0.005955 0.491768 
0.008441 0.008441 0.011970 0.971149 
0.250000 0.250000 0.250000 0.250000 
  19
0.479817 0.005708 0.046210 
0.462778 0.988336 0.462022 
0.057405 0.005955 0.491768 
0.008441 0.008441 0.008441 0.974678 
0.250000 0.250000 0.250000 0.250000 
  20
0.479817 0.005708 0.046210 
0.462778 0.988336 0.462022 
0.057405 0.005955 0.491768 
0.008441 0.008441 0.008441 0.974678 
0.250000 0.250000 0.250000 0.250000 
  21
0.479817 0.005708 0.046210 
0.462778 0.988336 0.462022 
0.057405 0.005955 0.491768 
0.012689 0.970405 0.008453 0.008453 
0.250000 0.250000 0.250000 0.250000 
  22
0.479817 0.005708 0.046210 
0.462778 0.988336 0.462022 
0.057405 0.005955 0.491768 
0.974678 0.008441 0.008441 0.008441 
0.250000 0.250000 0.250000 0.250000 
  23
0.479817 0.005708 0.046210 
0.462778 0.988336 0.462022 
0.057405 0.005955 0.491768 
0.008441 0.974678 0.008441 0.008441 
0.250000 0.250000 0.250000 0.250000 
  24
0.479817 0.005708 0.046210 
0.462778 0.988336 0.462022 
0.057405 0.005955 0.491768 
0.008441 0.008441 0.974678 0.008441 
0.250000 0.250000 0.250000 0.250000 
  25
0.479817 0.005708 0.046210 
0.462778 0.988336 0.462022 
0.057405 0.005955 0.491768 
0.010188 0.008441 0.018557 0.962815 
0.250000 0.250000 0.250000 0.250000 
  26
0.479817 0.005708 0.046210 
0.462778 0.988336 0.462022 
0.057405 0.005955 0.491768 
0.974678 0.008441 0.008441 0.008441 
0.250000 0.250000 0.250000 0.250000 
  27
0.479817 0.005708 0.046210 
0.462778 0.988336 0.462022 
0.057405 0.005955 0.491768 
0.008441 0.008441 0.974678 0.008441 
0.250000 0.250000 0.250000 0.250000 
  28
0.479817 0.005708 0.046210 
0.462778 0.988336 0.462022 
0.057405 0.005955 0.491768 
0.974678 0.008441 0.008441 0.008441 
0.250000 0.250000 0.250000 0.250000 
  29
0.479817 0.005708 0.046210 
0.462778 0.988336 0.462022 
0.057405 0.005955 0.491768 
0.008441 0.008441 0.008441 0.974678 
0.250000 0.250000 0.250000 0.250000 
  30
0.479817 0.005708 0.046210 
0.462778 0.988336 0.462022 
0.057405 0.005955 0.491768 
0.008441 0.008441 0.008441 0.974678 
0.250000 0.250000 0.250000 0.250000 
  31
0.479817 0.005708 0.046210 
0.462778 0.988336 0.462022 
0.057405 0.005955 0.491768 
0.008441 0.008441 0.974678 0.008441 
0.250000 0.250000 0.250000 0.250000 
  32
0.479817 0.005708 0.046210 
0.462778 0.988336 0.462022 
0.057405 0.005955 0.491768 
0.008441 0.008441 0.008441 0.974678 
0.250000 0.250000 0.250000 0.250000 
  33
0.479817 0.005708 0.046210 
0.462778 0.988336 0.462022 
0.057405 0.005955 0.491768 
0.974644 0.008452 0.008452 0.008452 
0.250000 0.250000 0.250000 0.250000 
  34
0.479817 0.005708 0.046210 
0.462778 0.988336 0.462022 
0.057405 0.005955 0.491768 
0.012293 0.008441 0.008441 0.970825 
0.250000 0.250000 0.250000 0.250000 
  35
0.479817 0.005708 0.046210 
0.462778 0.988336 0.462022 
0.057405 0.005955 0.491768 
0.011270 0.971848 0.008441 0.008441 
0.250000 0.250000 0.250000 0.250000 
  36
0.479817 0.005708 0.046210 
0.462778 0.988336 0.462022 
0.057405 0.005955 0.491768 
0.008441 0.008441 0.009941 0.973178 
0.250000 0.250000 0.250000 0.250000 
  37
0.479817 0.005708 0.046210 
0.462778 0.988336 0.462022 
0.057405 0.005955 0.491768 
0.056115 0.008441 0.924319 0.011125 
0.250000 0.250000 0.250000 0.250000 
  38
0.479817 0.005708 0.046210 
0.462778 0.988336 0.462022 
0.057405 0.005955 0.491768 
0.010985 0.009680 0.010069 0.969266 
0.250000 0.250000 0.250000 0.250000 
  39
0.479817 0.005708 0.046210 
0.462778 0.988336 0.462022 
0.057405 0.005955 0.491768 
0.009942 0.973176 0.008441 0.008441 
0.250000 0.250000 0.250000 0.250000 
  40
0.479817 0.005708 0.046210 
0.462778 0.988336 0.462022 
0.057405 0.005955 0.491768 
0.009821 0.973298 0.008441 0.008441 
0.250000 0.250000 0.250000 0.250000 
  41
0.479817 0.005708 0.046210 
0.462778 0.988336 0.462022 
0.057405 0.005955 0.491768 
0.008441 0.013379 0.009606 0.968575 
0.250000 0.250000 0.250000 0.250000 
  42
0.479817 0.005708 0.046210 
0.462778 0.988336 0.462022 
0.057405 0.005955 0.491768 
0.008441 0.008441 0.008441 0.974678 
0.250000 0.250000 0.250000 0.250000 
  43
0.479817 0.005708 0.046210 
0.462778 0.988336 0.462022 
0.057405 0.005955 0.491768 
0.008441 0.008441 0.009997 0.973121 
0.250000 0.250000 0.250000 0.250000 
  44
0.479817 0.005708 0.046210 
0.462778 0.988336 0.462022 
0.057405 0.005955 0.491768 
0.008441 0.008441 0.008441 0.974678 
0.250000 0.250000 0.250000 0.250000 
  45
0.479817 0.005708 0.046210 
0.462778 0.988336 0.462022 
0.057405 0.005955 0.491768 
0.008441 0.008441 0.974678 0.008441 
0.250000 0.250000 0.250000 0.250000 
  46
0.479817 0.005708 0.046210 
0.462778 0.988336 0.462022 
0.057405 0.005955 0.491768 
0.027286 0.955832 0.008441 0.008441 
0.250000 0.250000 0.250000 0.250000 
  47
0.479817 0.005708 0.046210 
0.462778 0.988336 0.462022 
0.057405 0.005955 0.491768 
0.008441 0.008441 0.974678 0.008441 
0.250000 0.250000 0.250000 0.250000 
  48
0.479817 0.005708 0.046210 
0.462778 0.988336 0.462022 
0.057405 0.005955 0.491768 
0.011272 0.008441 0.008441 0.971846 
0.250000 0.250000 0.250000 0.250000 
  49
0.479817 0.005708 0.046210 
0.462778 0.988336 0.462022 
0.057405 0.005955 0.491768 
0.010914 0.008441 0.972205 0.008441 
0.250000 0.250000 0.250000 0.250000 
  50
0.479817 0.005708 0.046210 
0.462778 0.988336 0.462022 
0.057405 0.005955 0.491768 
0.974678 0.008441 0.008441 0.008441 
0.250000 0.250000 0.250000 0.250000 
  51
0.479817 0.005708 0.046210 
0.462778 0.988336 0.462022 
0.057405 0.005955 0.491768 
0.974678 0.008441 0.008441 0.008441 
0.250000 0.250000 0.250000 0.250000 
  52
0.479817 0.005708 0.046210 
0.462778 0.988336 0.462022 
0.057405 0.005955 0.491768 
0.974678 0.008441 0.008441 0.008441 
0.250000 0.250000 0.250000 0.250000 
  53
0.479817 0.005708 0.046210 
0.462778 0.988336 0.462022 
0.057405 0.005955 0.491768 
0.951893 0.031225 0.008441 0.008441 
0.250000 0.250000 0.250000 0.250000 
  54
0.479817 0.005708 0.046210 
0.462778 0.988336 0.462022 
0.057405 0.005955 0.491768 
0.969489 0.013630 0.008441 0.008441 
0.250000 0.250000 0.250000 0.250000 
  55
0.479817 0.005708 0.046210 
0.462778 0.988336 0.462022 
0.057405 0.005955 0.491768 
0.973145 0.009973 0.008441 0.008441 
0.250000 0.250000 0.250000 0.250000 
  56
0.479817 0.005708 0.046210 
0.462778 0.988336 0.462022 
0.057405 0.005955 0.491768 
0.008441 0.008441 0.009816 0.973302 
0.250000 0.250000 0.250000 0.250000 
  57
0.479817 0.005708 0.046210 
0.462778 0.988336 0.462022 
0.057405 0.005955 0.491768 
0.009882 0.008441 0.010775 0.970902 
0.250000 0.250000 0.250000 0.250000 
  58
0.479817 0.005708 0.046210 
0.462778 0.988336 0.462022 
0.057405 0.005955 0.491768 
0.008441 0.008441 0.973438 0.009681 
0.250000 0.250000 0.250000 0.250000 
  59
0.479817 0.005708 0.046210 
0.462778 0.988336 0.462022 
0.057405 0.005955 0.491768 
0.008441 0.008441 0.974678 0.008441 
0.250000 0.250000 0.250000 0.250000 
  60
0.479817 0.005708 0.046210 
0.462778 0.988336 0.462022 
0.057405 0.005955 0.491768 
0.008441 0.008441 0.015641 0.967477 
0.250000 0.250000 0.250000 0.250000 
  61
0.479817 0.005708 0.046210 
0.462778 0.988336 0.462022 
0.057405 0.005955 0.491768 
0.009713 0.973405 0.008441 0.008441 
0.250000 0.250000 0.250000 0.250000 
  62
0.479817 0.005708 0.046210 
0.462778 0.988336 0.462022 
0.057405 0.005955 0.491768 
0.013391 0.969727 0.008441 0.008441 
0.250000 0.250000 0.250000 0.250000 
  63
0.479817 0.005708 0.046210 
0.462778 0.988336 0.462022 
0.057405 0.005955 0.491768 
0.973360 0.009759 0.008441 0.008441 
0.250000 0.250000 0.250000 0.250000 
  64
0.479817 0.005708 0.046210 
0.462778 0.988336 0.462022 
0.057405 0.005955 0.491768 
0.966562 0.016556 0.008441 0.008441 
0.250000 0.250000 0.250000 0.250000 
  65
0.479817 0.005708 0.046210 
0.462778 0.988336 0.462022 
0.057405 0.005955 0.491768 
0.972890 0.008441 0.008441 0.010229 
0.250000 0.250000 0.250000 0.250000 
  66
0.479817 0.005708 0.046210 
0.462778 0.988336 0.462022 
0.057405 0.005955 0.491768 
0.008441 0.008441 0.008441 0.974678 
0.250000 0.250000 0.250000 0.250000 
  67
0.479817 0.005708 0.046210 
0.462778 0.988336 0.462022 
0.057405 0.005955 0.491768 
0.008441 0.974678 0.008441 0.008441 
0.250000 0.250000 0.250000 0.250000 
  68
0.479817 0.005708 0.046210 
0.462778 0.988336 0.462022 
0.057405 0.005955 0.491768 
0.974678 0.008441 0.008441 0.008441 
0.250000 0.250000 0.250000 0.250000 
  69
0.479817 0.005708 0.046210 
0.462778 0.988336 0.462022 
0.057405 0.005955 0.491768 
0.008441 0.008441 0.974678 0.008441 
0.250000 0.250000 0.250000 0.250000 
  70
0.479817 0.005708 0.046210 
0.462778 0.988336 0.462022 
0.057405 0.005955 0.491768 
0.973370 0.008441 0.008441 0.009749 
0.250000 0.250000 0.250000 0.250000 
  71
0.479817 0.005708 0.046210 
0.462778 0.988336 0.462022 
0.057405 0.005955 0.491768 
0.974678 0.008441 0.008441 0.008441 
0.250000 0.250000 0.250000 0.250000 
  72
0.479817 0.005708 0.046210 
0.462778 0.988336 0.462022 
0.057405 0.005955 0.491768 
0.009686 0.008441 0.013592 0.968282 
0.250000 0.250000 0.250000 0.250000 
  73
0.479817 0.005708 0.046210 
0.462778 0.988336 0.462022 
0.057405 0.005955 0.491768 
0.974678 0.008441 0.008441 0.008441 
0.250000 0.250000 0.250000 0.250000 
  74
0.479817 0.005708 0.046210 
0.462778 0.988336 0.462022 
0.057405 0.005955 0.491768 
0.008450 0.974651 0.008450 0.008450 
0.250000 0.250000 0.250000 0.250000 
  75
0.479817 0.005708 0.046210 
0.462778 0.988336 0.462022 
0.057405 0.005955 0.491768 
0.010283 0.008441 0.972835 0.008441 
0.250000 0.250000 0.250000 0.250000 
  76
0.479817 0.005708 0.046210 
0.462778 0.988336 0.462022 
0.057405 0.005955 0.491768 
0.973366 0.009752 0.008441 0.008441 
0.250000 0.250000 0.250000 0.250000 
  77
0.479817 0.005708 0.046210 
0.462778 0.988336 0.462022 
0.057405 0.005955 0.491768 
0.008441 0.008441 0.974678 0.008441 
0.250000 0.250000 0.250000 0.250000 
  78
0.479817 0.005708 0.046210 
0.462778 0.988336 0.462022 
0.057405 0.005955 0.491768 
0.014627 0.968491 0.008441 0.008441 
0.250000 0.250000 0.250000 0.250000 
  79
0.479817 0.005708 0.046210 
0.462778 0.988336 0.462022 
0.057405 0.005955 0.491768 
0.008441 0.974678 0.008441 0.008441 
0.250000 0.250000 0.250000 0.250000 
  80
0.479817 0.005708 0.046210 
0.462778 0.988336 0.462022 
0.057405 0.005955 0.491768 
0.008441 0.008441 0.974678 0.008441 
0.250000 0.250000 0.250000 0.250000 
  81
0.479817 0.005708 0.046210 
0.462778 0.988336 0.462022 
0.057405 0.005955 0.491768 
0.967920 0.008441 0.008441 0.015199 
0.250000 0.250000 0.250000 0.250000 
  82
0.479817 0.005708 0.046210 
0.462778 0.988336 0.462022 
0.057405 0.005955 0.491768 
0.974678 0.008441 0.008441 0.008441 
0.250000 0.250000 0.250000 0.250000 
  83
0.479817 0.005708 0.046210 
0.462778 0.988336 0.462022 
0.057405 0.005955 0.491768 
0.008441 0.008441 0.973306 0.009812 
0.250000 0.250000 0.250000 0.250000 
  84
0.479817 0.005708 0.046210 
0.462778 0.988336 0.462022 
0.057405 0.005955 0.491768 
0.015180 0.967905 0.008457 0.008457 
0.250000 0.250000 0.250000 0.250000 
  85
0.479817 0.005708 0.046210 
0.462778 0.988336 0.462022 
0.057405 0.005955 0.491768 
0.008441 0.008441 0.971840 0.011278 
0.250000 0.250000 0.250000 0.250000 
  86
0.479817 0.005708 0.046210 
0.462778 0.988336 0.462022 
0.057405 0.005955 0.491768 
0.008441 0.008441 0.008441 0.974678 
0.250000 0.250000 0.250000 0.250000 
  87
0.479817 0.005708 0.046210 
0.462778 0.988336 0.462022 
0.057405 0.005955 0.491768 
0.012578 0.970525 0.008449 0.008449 
0.250000 0.250000 0.250000 0.250000 
  88
0.479817 0.005708 0.046210 
0.462778 0.988336 0.462022 
0.057405 0.005955 0.491768 
0.008441 0.008441 0.008441 0.974678 
0.250000 0.250000 0.250000 0.250000 
  89
0.479817 0.005708 0.046210 
0.462778 0.988336 0.462022 
0.057405 0.005955 0.491768 
0.008441 0.974678 0.008441 0.008441 
0.250000 0.250000 0.250000 0.250000 
  90
0.479817 0.005708 0.046210 
0.462778 0.988336 0.462022 
0.057405 0.005955 0.491768 
0.008449 0.008449 0.969337 0.013764 
0.250000 0.250000 0.250000 0.250000 
  91
0.479817 0.005708 0.046210 
0.462778 0.988336 0.462022 
0.057405 0.005955 0.491768 
0.011778 0.008441 0.971340 0.008441 
0.250000 0.250000 0.250000 0.250000 
  92
0.479817 0.005708 0.046210 
0.462778 0.988336 0.462022 
0.057405 0.005955 0.491768 
0.008441 0.008441 0.008441 0.974678 
0.250000 0.250000 0.250000 0.250000 
  93
0.479817 0.005708 0.046210 
0.462778 0.988336 0.462022 
0.057405 0.005955 0.491768 
0.008441 0.008441 0.009681 0.973438 
0.250000 0.250000 0.250000 0.250000 
  94
0.479817 0.005708 0.046210 
0.462778 0.988336 0.462022 
0.057405 0.005955 0.491768 
0.008441 0.974678 0.008441 0.008441 
0.250000 0.250000 0.250000 0.250000 
  95
0.479817 0.005708 0.046210 
0.462778 0.988336 0.462022 
0.057405 0.005955 0.491768 
0.008441 0.974678 0.008441 0.008441 
0.250000 0.250000 0.250000 0.250000 
  96
0.479817 0.005708 0.046210 
0.462778 0.988336 0.462022 
0.057405 0.005955 0.491768 
0.017380 0.965738 0.008441 0.008441 
0.250000 0.250000 0.250000 0.250000 
  97
0.479817 0.005708 0.046210 
0.462778 0.988336 0.462022 
0.057405 0.005955 0.491768 
0.008441 0.008441 0.974678 0.008441 
0.250000 0.250000 0.250000 0.250000 
  98
0.479817 0.005708 0.046210 
0.462778 0.988336 0.462022 
0.057405 0.005955 0.491768 
0.974678 0.008441 0.008441 0.008441 
0.250000 0.250000 0.250000 0.250000 
  99
0.479817 0.005708 0.046210 
0.462778 0.988336 0.462022 
0.057405 0.005955 0.491768 
0.008441 0.008441 0.969700 0.013419 
0.250000 0.250000 0.250000 0.250000 
 100
0.479817 0.005708 0.046210 
0.462778 0.988336 0.462022 
0.057405 0.005955 0.491768 
0.008441 0.008441 0.973296 0.009823 
0.250000 0.250000 0.250000 0.250000 
 101
0.479817 0.005708 0.046210 
0.462778 0.988336 0.462022 
0.057405 0.005955 0.491768 
0.974678 0.008441 0.008441 0.008441 
0.250000 0.250000 0.250000 0.250000 
 102
0.479817 0.005708 0.046210 
0.462778 0.988336 0.462022 
0.057405 0.005955 0.491768 
0.008441 0.008441 0.011381 0.971738 
0.250000 0.250000 0.250000 0.250000 
 103
0.479817 0.005708 0.046210 
0.462778 0.988336 0.462022 
0.057405 0.005955 0.491768 
0.009890 0.973228 0.008441 0.008441 
0.250000 0.250000 0.250000 0.250000 
 104
0.479817 0.005708 0.046210 
0.462778 0.988336 0.462022 
0.057405 0.005955 0.491768 
0.008441 0.008441 0.974678 0.008441 
0.250000 0.250000 0.250000 0.250000 
 105
0.479817 0.005708 0.046210 
0.462778 0.988336 0.462022 
0.057405 0.005955 0.491768 
0.973153 0.008441 0.009966 0.008441 
0.250000 0.250000 0.250000 0.250000 
 106
0.479817 0.005708 0.046210 
0.462778 0.988336 0.462022 
0.057405 0.005955 0.491768 
0.008441 0.974678 0.008441 0.008441 
0.250000 0.250000 0.250000 0.250000 
 107
0.479817 0.005708 0.046210 
0.462778 0.988336 0.462022 
0.057405 0.005955 0.491768 
0.008441 0.008441 0.008441 0.974678 
0.250000 0.250000 0.250000 0.250000 
 108
0.479817 0.005708 0.046210 
0.462778 0.988336 0.462022 
0.057405 0.005955 0.491768 
0.972187 0.010931 0.008441 0.008441 
0.250000 0.250000 0.250000 0.250000 
 109
0.479817 0.005708 0.046210 
0.462778 0.988336 0.462022 
0.057405 0.005955 0.491768 
0.008459 0.008459 0.972104 0.010979 
0.250000 0.250000 0.250000 0.250000 
 110
0.479817 0.005708 0.046210 
0.462778 0.988336 0.462022 
0.057405 0.005955 0.491768 
0.008441 0.008441 0.974678 0.008441 
0.250000 0.250000 0.250000 0.250000 
 111
0.479817 0.005708 0.046210 
0.462778 0.988336 0.462022 
0.057405 0.005955 0.491768 
0.973416 0.009702 0.008441 0.008441 
0.250000 0.250000 0.250000 0.250000 
 112
0.479817 0.005708 0.046210 
0.462778 0.988336 0.462022 
0.057405 0.005955 0.491768 
0.974678 0.008441 0.008441 0.008441 
0.250000 0.250000 0.250000 0.250000 
 113
0.479817 0.005708 0.046210 
0.462778 0.988336 0.462022 
0.057405 0.005955 0.491768 
0.974678 0.008441 0.008441 0.008441 
0.250000 0.250000 0.250000 0.250000 
 114
0.479817 0.005708 0.046210 
0.462778 0.988336 0.462022 
0.057405 0.005955 0.491768 
0.008441 0.008441 0.803110 0.180009 
0.250000 0.250000 0.250000 0.250000 
 115
0.479817 0.005708 0.046210 
0.462778 0.988336 0.462022 
0.057405 0.005955 0.491768 
0.008441 0.974678 0.008441 0.008441 
0.250000 0.250000 0.250000 0.250000 
 116
0.479817 0.005708 0.046210 
0.462778 0.988336 0.462022 
0.057405 0.005955 0.491768 
0.008441 0.974678 0.008441 0.008441 
0.250000 0.250000 0.250000 0.250000 
 117
0.479817 0.005708 0.046210 
0.462778 0.988336 0.462022 
0.057405 0.005955 0.491768 
0.966471 0.016631 0.008449 0.008449 
0.250000 0.250000 0.250000 0.250000 
 118
0.479817 0.005708 0.046210 
0.462778 0.988336 0.462022 
0.057405 0.005955 0.491768 
0.974678 0.008441 0.008441 0.008441 
0.250000 0.250000 0.250000 0.250000 
 119
0.479817 0.005708 0.046210 
0.462778 0.988336 0.462022 
0.057405 0.005955 0.491768 
0.008441 0.008441 0.974678 0.008441 
0.250000 0.250000 0.250000 0.250000 
 120
0.479817 0.005708 0.046210 
0.462778 0.988336 0.462022 
0.057405 0.005955 0.491768 
0.039048 0.944071 0.008441 0.008441 
0.250000 0.250000 0.250000 0.250000 
 121
0.479817 0.005708 0.046210 
0.462778 0.988336 0.462022 
0.057405 0.005955 0.491768 
0.972033 0.011085 0.008441 0.008441 
0.250000 0.250000 0.250000 0.250000 
 122
0.479817 0.005708 0.046210 
0.462778 0.988336 0.462022 
0.057405 0.005955 0.491768 
0.008441 0.008441 0.009737 0.973381 
0.250000 0.250000 0.250000 0.250000 
 123
0.479817 0.005708 0.046210 
0.462778 0.988336 0.462022 
0.057405 0.005955 0.491768 
0.974651 0.008450 0.008450 0.008450 
0.250000 0.250000 0.250000 0.250000 
 124
0.479817 0.005708 0.046210 
0.462778 0.988336 0.462022 
0.057405 0.005955 0.491768 
0.008441 0.974678 0.008441 0.008441 
0.250000 0.250000 0.250000 0.250000 
 125
0.479817 0.005708 0.046210 
0.462778 0.988336 0.462022 
0.057405 0.005955 0.491768 
0.008441 0.008441 0.008441 0.974678 
0.250000 0.250000 0.250000 0.250000 
 126
0.479817 0.005708 0.046210 
0.462778 0.988336 0.462022 
0.057405 0.005955 0.491768 
0.011727 0.971392 0.008441 0.008441 
0.250000 0.250000 0.250000 0.250000 
 127
0.479817 0.005708 0.046210 
0.462778 0.988336 0.462022 
0.057405 0.005955 0.491768 
0.974678 0.008441 0.008441 0.008441 
0.250000 0.250000 0.250000 0.250000 
 128
0.479817 0.005708 0.046210 
0.462778 0.988336 0.462022 
0.057405 0.005955 0.491768 
0.974678 0.008441 0.008441 0.008441 
0.250000 0.250000 0.250000 0.250000 
 129
0.479817 0.005708 0.046210 
0.462778 0.988336 0.462022 
0.057405 0.005955 0.491768 
0.972931 0.010188 0.008441 0.008441 
0.250000 0.250000 0.250000 0.250000 
 130
0.479817 0.005708 0.046210 
0.462778 0.988336 0.462022 
0.057405 0.005955 0.491768 
0.974678 0.008441 0.008441 0.008441 
0.250000 0.250000 0.250000 0.250000 
 131
0.479817 0.005708 0.046210 
0.462778 0.988336 0.462022 
0.057405 0.005955 0.491768 
0.008441 0.008441 0.974678 0.008441 
0.250000 0.250000 0.250000 0.250000 
 132
0.479817 0.005708 0.046210 
0.462778 0.988336 0.462022 
0.057405 0.005955 0.491768 
0.972214 0.009758 0.008441 0.009587 
0.250000 0.250000 0.250000 0.250000 
 133
0.479817 0.005708 0.046210 
0.462778 0.988336 0.462022 
0.057405 0.005955 0.491768 
0.974678 0.008441 0.008441 0.008441 
0.250000 0.250000 0.250000 0.250000 
 134
0.479817 0.005708 0.046210 
0.462778 0.988336 0.462022 
0.057405 0.005955 0.491768 
0.008441 0.008441 0.008441 0.974678 
0.250000 0.250000 0.250000 0.250000 
 135
0.479817 0.005708 0.046210 
0.462778 0.988336 0.462022 
0.057405 0.005955 0.491768 
0.011269 0.008441 0.970490 0.009800 
0.250000 0.250000 0.250000 0.250000 
 136
0.479817 0.005708 0.046210 
0.462778 0.988336 0.462022 
0.057405 0.005955 0.491768 
0.974678 0.008441 0.008441 0.008441 
0.250000 0.250000 0.250000 0.250000 
 137
0.479817 0.005708 0.046210 
0.462778 0.988336 0.462022 
0.057405 0.005955 0.491768 
0.008441 0.008441 0.974678 0.008441 
0.250000 0.250000 0.250000 0.250000 
 138
0.479817 0.005708 0.046210 
0.462778 0.988336 0.462022 
0.057405 0.005955 0.491768 
0.973296 0.009822 0.008441 0.008441 
0.250000 0.250000 0.250000 0.250000 
 139
0.479817 0.005708 0.046210 
0.462778 0.988336 0.462022 
0.057405 0.005955 0.491768 
0.965883 0.017236 0.008441 0.008441 
0.250000 0.250000 0.250000 0.250000 
 140
0.479817 0.005708 0.046210 
0.462778 0.988336 0.462022 
0.057405 0.005955 0.491768 
0.951080 0.032022 0.008449 0.008449 
0.250000 0.250000 0.250000 0.250000 
 141
0.479817 0.005708 0.046210 
0.462778 0.988336 0.462022 
0.057405 0.005955 0.491768 
0.010229 0.008441 0.008441 0.972890 
0.250000 0.250000 0.250000 0.250000 
 142
0.479817 0.005708 0.046210 
0.462778 0.988336 0.462022 
0.057405 0.005955 0.491768 
0.008441 0.974678 0.008441 0.008441 
0.250000 0.250000 0.250000 0.250000 
 143
0.479817 0.005708 0.046210 
0.462778 0.988336 0.462022 
0.057405 0.005955 0.491768 
0.974678 0.008441 0.008441 0.008441 
0.250000 0.250000 0.250000 0.250000 
 144
0.479817 0.005708 0.046210 
0.462778 0.988336 0.462022 
0.057405 0.005955 0.491768 
0.008441 0.008441 0.967826 0.015292 
0.250000 0.250000 0.250000 0.250000 
 145
0.479817 0.005708 0.046210 
0.462778 0.988336 0.462022 
0.057405 0.005955 0.491768 
0.010099 0.008441 0.973019 0.008441 
0.250000 0.250000 0.250000 0.250000 
 146
0.479817 0.005708 0.046210 
0.462778 0.988336 0.462022 
0.057405 0.005955 0.491768 
0.018654 0.964465 0.008441 0.008441 
0.250000 0.250000 0.250000 0.250000 
 147
0.479817 0.005708 0.046210 
0.462778 0.988336 0.462022 
0.057405 0.005955 0.491768 
0.969498 0.013621 0.008441 0.008441 
0.250000 0.250000 0.250000 0.250000 
 148
0.479817 0.005708 0.046210 
0.462778 0.988336 0.462022 
0.057405 0.005955 0.491768 
0.957257 0.025861 0.008441 0.008441 
0.250000 0.250000 0.250000 0.250000 
 149
0.479817 0.005708 0.046210 
0.462778 0.988336 0.462022 
0.057405 0.005955 0.491768 
0.008441 0.008441 0.009739 0.973380 
0.250000 0.250000 0.250000 0.250000 
 150
0.479817 0.005708 0.046210 
0.462778 0.988336 0.462022 
0.057405 0.005955 0.491768 
0.008441 0.008441 0.010314 0.972804 
0.250000 0.250000 0.250000 0.250000 
 151
0.479817 0.005708 0.046210 
0.462778 0.988336 0.462022 
0.057405 0.005955 0.491768 
0.008441 0.974678 0.008441 0.008441 
0.250000 0.250000 0.250000 0.250000 
 152
0.479817 0.005708 0.046210 
0.462778 0.988336 0.462022 
0.057405 0.005955 0.491768 
0.974678 0.008441 0.008441 0.008441 
0.250000 0.250000 0.250000 0.250000 
 153
0.479817 0.005708 0.046210 
0.462778 0.988336 0.462022 
0.057405 0.005955 0.491768 
0.973228 0.009891 0.008441 0.008441 
0.250000 0.250000 0.250000 0.250000 
 154
0.479817 0.005708 0.046210 
0.462778 0.988336 0.462022 
0.057405 0.005955 0.491768 
0.008441 0.974678 0.008441 0.008441 
0.250000 0.250000 0.250000 0.250000 
 155
0.479817 0.005708 0.046210 
0.462778 0.988336 0.462022 
0.057405 0.005955 0.491768 
0.008441 0.008441 0.008441 0.974678 
0.250000 0.250000 0.250000 0.250000 
 156
0.479817 0.005708 0.046210 
0.462778 0.988336 0.462022 
0.057405 0.005955 0.491768 
0.008441 0.008441 0.027121 0.955998 
0.250000 0.250000 0.250000 0.250000 
 157
0.479817 0.005708 0.046210 
0.462778 0.988336 0.462022 
0.057405 0.005955 0.491768 
0.974678 0.008441 0.008441 0.008441 
0.250000 0.250000 0.250000 0.250000 
 158
0.479817 0.005708 0.046210 
0.462778 0.988336 0.462022 
0.057405 0.005955 0.491768 
0.008441 0.008441 0.974678 0.008441 
0.250000 0.250000 0.250000 0.250000 
 159
0.479817 0.005708 0.046210 
0.462778 0.988336 0.462022 
0.057405 0.005955 0.491768 
0.008441 0.008441 0.018868 0.964250 
0.250000 0.250000 0.250000 0.250000 
 160
0.479817 0.005708 0.046210 
0.462778 0.988336 0.462022 
0.057405 0.005955 0.491768 
0.974678 0.008441 0.008441 0.008441 
0.250000 0.250000 0.250000 0.250000 
 161
0.479817 0.005708 0.046210 
0.462778 0.988336 0.462022 
0.057405 0.005955 0.491768 
0.974678 0.008441 0.008441 0.008441 
0.250000 0.250000 0.250000 0.250000 
 162
0.479817 0.005708 0.046210 
0.462778 0.988336 0.462022 
0.057405 0.005955 0.491768 
0.008441 0.008441 0.008441 0.974678 
0.250000 0.250000 0.250000 0.250000 
 163
0.479817 0.005708 0.046210 
0.462778 0.988336 0.462022 
0.057405 0.005955 0.491768 
0.008441 0.974678 0.008441 0.008441 
0.250000 0.250000 0.250000 0.250000 
 164
0.479817 0.005708 0.046210 
0.462778 0.988336 0.462022 
0.057405 0.005955 0.491768 
0.008441 0.008441 0.974678 0.008441 
0.250000 0.250000 0.250000 0.250000 
 165
0.479817 0.005708 0.046210 
0.462778 0.988336 0.462022 
0.057405 0.005955 0.491768 
0.008441 0.008441 0.012044 0.971075 
0.250000 0.250000 0.250000 0.250000 
 166
0.479817 0.005708 0.046210 
0.462778 0.988336 0.462022 
0.057405 0.005955 0.491768 
0.974678 0.008441 0.008441 0.008441 
0.250000 0.250000 0.250000 0.250000 
 167
0.479817 0.005708 0.046210 
0.462778 0.988336 0.462022 
0.057405 0.005955 0.491768 
0.008441 0.008441 0.974678 0.008441 
0.250000 0.250000 0.250000 0.250000 
 168
0.479817 0.005708 0.046210 
0.462778 0.988336 0.462022 
0.057405 0.005955 0.491768 
0.008441 0.008441 0.008441 0.974678 
0.250000 0.250000 0.250000 0.250000 
 169
0.479817 0.005708 0.046210 
0.462778 0.988336 0.462022 
0.057405 0.005955 0.491768 
0.008441 0.974678 0.008441 0.008441 
0.250000 0.250000 0.250000 0.250000 
 170
0.479817 0.005708 0.046210 
0.462778 0.988336 0.462022 
0.057405 0.005955 0.491768 
0.974678 0.008441 0.008441 0.008441 
0.250000 0.250000 0.250000 0.250000 
 171
0.479817 0.005708 0.046210 
0.462778 0.988336 0.462022 
0.057405 0.005955 0.491768 
0.019938 0.963181 0.008441 0.008441 
0.250000 0.250000 0.250000 0.250000 
 172
0.479817 0.005708 0.046210 
0.462778 0.988336 0.462022 
0.057405 0.005955 0.491768 
0.008441 0.008441 0.008441 0.974678 
0.250000 0.250000 0.250000 0.250000 
 173
0.479817 0.005708 0.046210 
0.462778 0.988336 0.462022 
0.057405 0.005955 0.491768 
0.008441 0.008441 0.008441 0.974678 
0.250000 0.250000 0.250000 0.250000 
 174
0.479817 0.005708 0.046210 
0.462778 0.988336 0.462022 
0.057405 0.005955 0.491768 
0.012994 0.970125 0.008441 0.008441 
0.250000 0.250000 0.250000 0.250000 
 175
0.479817 0.005708 0.046210 
0.462778 0.988336 0.462022 
0.057405 0.005955 0.491768 
0.010908 0.972210 0.008441 0.008441 
0.250000 0.250000 0.250000 0.250000 
 176
0.479817 0.005708 0.046210 
0.462778 0.988336 0.462022 
0.057405 0.005955 0.491768 
0.008441 0.008441 0.008441 0.974678 
0.250000 0.250000 0.250000 0.250000 
 177
0.479817 0.005708 0.046210 
0.462778 0.988336 0.462022 
0.057405 0.005955 0.491768 
0.008441 0.008441 0.009866 0.973253 
0.250000 0.250000 0.250000 0.250000 
 178
0.479817 0.005708 0.046210 
0.462778 0.988336 0.462022 
0.057405 0.005955 0.491768 
0.008441 0.008441 0.974678 0.008441 
0.250000 0.250000 0.250000 0.250000 
 179
0.479817 0.005708 0.046210 
0.462778 0.988336 0.462022 
0.057405 0.005955 0.491768 
0.974678 0.008441 0.008441 0.008441 
0.250000 0.250000 0.250000 0.250000 
 180
0.479817 0.005708 0.046210 
0.462778 0.988336 0.462022 
0.057405 0.005955 0.491768 
0.014358 0.968742 0.008450 0.008450 
0.250000 0.250000 0.250000 0.250000 
 181
0.479817 0.005708 0.046210 
0.462778 0.988336 0.462022 
0.057405 0.005955 0.491768 
0.973150 0.009969 0.008441 0.008441 
0.250000 0.250000 0.250000 0.250000 
 182
0.479817 0.005708 0.046210 
0.462778 0.988336 0.462022 
0.057405 0.005955 0.491768 
0.974678 0.008441 0.008441 0.008441 
0.250000 0.250000 0.250000 0.250000 
 183
0.479817 0.005708 0.046210 
0.462778 0.988336 0.462022 
0.057405 0.005955 0.491768 
0.008441 0.008441 0.008441 0.974678 
0.250000 0.250000 0.250000 0.250000 
 184
0.479817 0.005708 0.046210 
0.462778 0.988336 0.462022 
0.057405 0.005955 0.491768 
0.025149 0.008441 0.008441 0.957969 
0.250000 0.250000 0.250000 0.250000 
 185
0.479817 0.005708 0.046210 
0.462778 0.988336 0.462022 
0.057405 0.005955 0.491768 
0.009707 0.008441 0.973411 0.008441 
0.250000 0.250000 0.250000 0.250000 
 186
0.479817 0.005708 0.046210 
0.462778 0.988336 0.462022 
0.057405 0.005955 0.491768 
0.008441 0.008441 0.974678 0.008441 
0.250000 0.250000 0.250000 0.250000 
 187
0.479817 0.005708 0.046210 
0.462778 0.988336 0.462022 
0.057405 0.005955 0.491768 
0.041534 0.008441 0.008441 0.941584 
0.250000 0.250000 0.250000 0.250000 
 188
0.479817 0.005708 0.046210 
0.462778 0.988336 0.462022 
0.057405 0.005955 0.491768 
0.008441 0.008441 0.974678 0.008441 
0.250000 0.250000 0.250000 0.250000 
 189
0.479817 0.005708 0.046210 
0.462778 0.988336 0.462022 
0.057405 0.005955 0.491768 
0.974678 0.008441 0.008441 0.008441 
0.250000 0.250000 0.250000 0.250000 
 190
0.479817 0.005708 0.046210 
0.462778 0.988336 0.462022 
0.057405 0.005955 0.491768 
0.974678 0.008441 0.008441 0.008441 
0.250000 0.250000 0.250000 0.250000 
 191
0.479817 0.005708 0.046210 
0.462778 0.988336 0.462022 
0.057405 0.005955 0.491768 
0.008441 0.008441 0.009701 0.973418 
0.250000 0.250000 0.250000 0.250000 
 192
0.479817 0.005708 0.046210 
0.462778 0.988336 0.462022 
0.057405 0.005955 0.491768 
0.974678 0.008441 0.008441 0.008441 
0.250000 0.250000 0.250000 0.250000 
 193
0.479817 0.005708 0.046210 
0.462778 0.988336 0.462022 
0.057405 0.005955 0.491768 
0.010012 0.973106 0.008441 0.008441 
0.250000 0.250000 0.250000 0.250000 
 194
0.479817 0.005708 0.046210 
0.462778 0.988336 0.462022 
0.057405 0.005955 0.491768 
0.008441 0.974678 0.008441 0.008441 
0.250000 0.250000 0.250000 0.250000 
 195
0.479817 0.005708 0.046210 
0.462778 0.988336 0.462022 
0.057405 0.005955 0.491768 
0.008441 0.008441 0.008441 0.974678 
0.250000 0.250000 0.250000 0.250000 
 196
0.479817 0.005708 0.046210 
0.462778 0.988336 0.462022 
0.057405 0.005955 0.491768 
0.008441 0.974678 0.008441 0.008441 
0.250000 0.250000 0.250000 0.250000 
 197
0.479817 0.005708 0.046210 
0.462778 0.988336 0.462022 
0.057405 0.005955 0.491768 
0.972721 0.008441 0.008441 0.010398 
0.250000 0.250000 0.250000 0.250000 
 198
0.479817 0.005708 0.046210 
0.462778 0.988336 0.462022 
0.057405 0.005955 0.491768 
0.974678 0.008441 0.008441 0.008441 
0.250000 0.250000 0.250000 0.250000 
 199
0.479817 0.005708 0.046210 
0.462778 0.988336 0.462022 
0.057405 0.005955 0.491768 
0.974678 0.008441 0.008441 0.008441 
0.250000 0.250000 0.250000 0.250000 
 200
0.479817 0.005708 0.046210 
0.462778 0.988336 0.462022 
0.057405 0.005955 0.491768 
0.008441 0.008441 0.008441 0.974678 
0.250000 0.250000 0.250000 0.250000 
 201
0.479817 0.005708 0.046210 
0.462778 0.988336 0.462022 
0.057405 0.005955 0.491768 
0.973336 0.009783 0.008441 0.008441 
0.250000 0.250000 0.250000 0.250000 
 202
0.479817 0.005708 0.046210 
0.462778 0.988336 0.462022 
0.057405 0.005955 0.491768 
0.008441 0.008441 0.008441 0.974678 
0.250000 0.250000 0.250000 0.250000 
 203
0.479817 0.005708 0.046210 
0.462778 0.988336 0.462022 
0.057405 0.005955 0.491768 
0.008441 0.974678 0.008441 0.008441 
0.250000 0.250000 0.250000 0.250000 
 204
0.479817 0.005708 0.046210 
0.462778 0.988336 0.462022 
0.057405 0.005955 0.491768 
0.008441 0.008441 0.938955 0.044164 
0.250000 0.250000 0.250000 0.250000 
 205
0.479817 0.005708 0.046210 
0.462778 0.988336 0.462022 
0.057405 0.005955 0.491768 
0.025272 0.957847 0.008441 0.008441 
0.250000 0.250000 0.250000 0.250000 
 206
0.479817 0.005708 0.046210 
0.462778 0.988336 0.462022 
0.057405 0.005955 0.491768 
0.974678 0.008441 0.008441 0.008441 
0.250000 0.250000 0.250000 0.250000 
 207
0.479817 0.005708 0.046210 
0.462778 0.988336 0.462022 
0.057405 0.005955 0.491768 
0.011588 0.008441 0.971531 0.008441 
0.250000 0.250000 0.250000 0.250000 
 208
0.479817 0.005708 0.046210 
0.462778 0.988336 0.462022 
0.057405 0.005955 0.491768 
0.974678 0.008441 0.008441 0.008441 
0.250000 0.250000 0.250000 0.250000 
 209
0.479817 0.005708 0.046210 
0.462778 0.988336 0.462022 
0.057405 0.005955 0.491768 
0.009693 0.973426 0.008441 0.008441 
0.250000 0.250000 0.250000 0.250000 
 210
0.479817 0.005708 0.046210 
0.462778 0.988336 0.462022 
0.057405 0.005955 0.491768 
0.008441 0.008441 0.012146 0.970972 
0.250000 0.250000 0.250000 0.250000 
 211
0.479817 0.005708 0.046210 
0.462778 0.988336 0.462022 
0.057405 0.005955 0.491768 
0.008441 0.008441 0.974678 0.008441 
0.250000 0.250000 0.250000 0.250000 
 212
0.479817 0.005708 0.046210 
0.462778 0.988336 0.462022 
0.057405 0.005955 0.491768 
0.008441 0.008441 0.974678 0.008441 
0.250000 0.250000 0.250000 0.250000 
 213
0.479817 0.005708 0.046210 
0.462778 0.988336 0.462022 
0.057405 0.005955 0.491768 
0.009822 0.008441 0.011126 0.970611 
0.250000 0.250000 0.250000 0.250000 
 214
0.479817 0.005708 0.046210 
0.462778 0.988336 0.462022 
0.057405 0.005955 0.491768 
0.008441 0.008441 0.974678 0.008441 
0.250000 0.250000 0.250000 0.250000 
 215
0.479817 0.005708 0.046210 
0.462778 0.988336 0.462022 
0.057405 0.005955 0.491768 
0.974678 0.008441 0.008441 0.008441 
0.250000 0.250000 0.250000 0.250000 
 216
0.479817 0.005708 0.046210 
0.462778 0.988336 0.462022 
0.057405 0.005955 0.491768 
0.008441 0.008441 0.012505 0.970613 
0.250000 0.250000 0.250000 0.250000 
 217
0.479817 0.005708 0.046210 
0.462778 0.988336 0.462022 
0.057405 0.005955 0.491768 
0.008441 0.008441 0.974678 0.008441 
0.250000 0.250000 0.250000 0.250000 
 218
0.479817 0.005708 0.046210 
0.462778 0.988336 0.462022 
0.057405 0.005955 0.491768 
0.974678 0.008441 0.008441 0.008441 
0.250000 0.250000 0.250000 0.250000 
 219
0.479817 0.005708 0.046210 
0.462778 0.988336 0.462022 
0.057405 0.005955 0.491768 
0.011588 0.971531 0.008441 0.008441 
0.250000 0.250000 0.250000 0.250000 
 220
0.479817 0.005708 0.046210 
0.462778 0.988336 0.462022 
0.057405 0.005955 0.491768 
0.929348 0.053771 0.008441 0.008441 
0.250000 0.250000 0.250000 0.250000 
 221
0.479817 0.005708 0.046210 
0.462778 0.988336 0.462022 
0.057405 0.005955 0.491768 
0.008441 0.008441 0.008441 0.974678 
0.250000 0.250000 0.250000 0.250000 
 222
0.479817 0.005708 0.046210 
0.462778 0.988336 0.462022 
0.057405 0.005955 0.491768 
0.008441 0.008441 0.973418 0.009700 
0.250000 0.250000 0.250000 0.250000 
 223
0.479817 0.005708 0.046210 
0.462778 0.988336 0.462022 
0.057405 0.005955 0.491768 
0.008441 0.008441 0.974678 0.008441 
0.250000 0.250000 0.250000 0.250000 
 224
0.479817 0.005708 0.046210 
0.462778 0.988336 0.462022 
0.057405 0.005955 0.491768 
0.008441 0.008441 0.008441 0.974678 
0.250000 0.250000 0.250000 0.250000 
 225
0.479817 0.005708 0.046210 
0.462778 0.988336 0.462022 
0.057405 0.005955 0.491768 
0.008441 0.008441 0.010439 0.972680 
0.250000 0.250000 0.250000 0.250000 
 226
0.479817 0.005708 0.046210 
0.462778 0.988336 0.462022 
0.057405 0.005955 0.491768 
0.008441 0.974678 0.008441 0.008441 
0.250000 0.250000 0.250000 0.250000 
 227
0.479817 0.005708 0.046210 
0.462778 0.988336 0.462022 
0.057405 0.005955 0.491768 
0.974678 0.008441 0.008441 0.008441 
0.250000 0.250000 0.250000 0.250000 
 228
0.479817 0.005708 0.046210 
0.462778 0.988336 0.462022 
0.057405 0.005955 0.491768 
0.008441 0.008441 0.008441 0.974678 
0.250000 0.250000 0.250000 0.250000 
 229
0.479817 0.005708 0.046210 
0.462778 0.988336 0.462022 
0.057405 0.005955 0.491768 
0.008441 0.974678 0.008441 0.008441 
0.250000 0.250000 0.250000 0.250000 
 230
0.479817 0.005708 0.046210 
0.462778 0.988336 0.462022 
0.057405 0.005955 0.491768 
0.008441 0.974678 0.008441 0.008441 
0.250000 0.250000 0.250000 0.250000 
 231
0.479817 0.005708 0.046210 
0.462778 0.988336 0.462022 
0.057405 0.005955 0.491768 
0.967317 0.012532 0.011709 0.008441 
0.250000 0.250000 0.250000 0.250000 
 232
0.479817 0.005708 0.046210 
0.462778 0.988336 0.462022 
0.057405 0.005955 0.491768 
0.009719 0.973399 0.008441 0.008441 
0.250000 0.250000 0.250000 0.250000 
 233
0.479817 0.005708 0.046210 
0.462778 0.988336 0.462022 
0.057405 0.005955 0.491768 
0.968137 0.014981 0.008441 0.008441 
0.250000 0.250000 0.250000 0.250000 
 234
0.479817 0.005708 0.046210 
0.462778 0.988336 0.462022 
0.057405 0.005955 0.491768 
0.015776 0.967343 0.008441 0.008441 
0.250000 0.250000 0.250000 0.250000 
 235
0.479817 0.005708 0.046210 
