%  SAM: /scicomp/groups/OID/NCIRD/ID-OD/ID_nomenclatures/label/LABEL_RES/scripts/modelfromalign_Linux v3.5 (July 15, 2005) compiled 12/08/06_16:15:55
%  (c) 1992-2001 Regents of the University of California, Santa Cruz
%
%          Sequence Alignment and Modeling Software System
%         http://www.cse.ucsc.edu/research/compbio/sam.html
%
% ----------------- Citations (SAM, SAM-T2K, HMMs) --------------------
% R. Hughey, A. Krogh, Hidden Markov models for sequence analysis:
%  Extension and analysis of the basic method, CABIOS 12:95-107, 1996.
% K. Karplus, et al., What is the value added by human intervention in protein
%  structure prediction, Proteins: Stucture, Function, Genetics 45(S5):86--91, 2001.
% A. Krogh et al., Hidden Markov models in computational biology:
%  Applications to protein modeling, JMB 235:1501-1531, Feb 1994.
% ---------------------------------------------------------------------
%  3C.2a_hmm   Host: node5.hpc.biotech.cdc.gov    Mon Feb 27 16:11:39 2017
%  vfn4        Dir:  /scicomp/groups/OID/NCIRD/ID-OD/ID_nomenclatures/H3/training/H3v2016R3/c-3C/c-3C.2
% ---------------------------------------------------------------------
%  Alignment weights from internal calc.  Total (63.89) Max (0.06) Min (0.01)
%  Weights from alignment method 1 (karplus), b=-1.000000, e=0.500000
MODEL --  Model from alignment file /scicomp/groups/OID/NCIRD/ID-OD/ID_nomenclatures/label/LABEL_RES/training_data/H3v2016R3/c-3C/c-3C.2//3C.2a.fasta
alphabet DNA
FREQAVE
0.000000 0.000000 0.000000 
0.000000 0.000000 0.000000 
0.000000 0.000000 0.000000 
0.340427 0.222161 0.193981 0.243431 
0.340427 0.222161 0.193981 0.243431 
Begin
0.000000 0.000000 0.000000 
0.000000 0.000000 0.000000 
0.000000 0.003327 0.491768 
0.250000 0.250000 0.250000 0.250000 
0.250000 0.250000 0.250000 0.250000 
   1
0.000000 0.006342 0.046210 
0.000000 0.990331 0.462022 
0.053948 0.003338 0.491768 
0.988397 0.003868 0.003868 0.003868 
0.250000 0.250000 0.250000 0.250000 
   2
0.511141 0.003200 0.046210 
0.434910 0.993463 0.462022 
0.053948 0.003338 0.491768 
0.003868 0.003868 0.003868 0.988397 
0.250000 0.250000 0.250000 0.250000 
   3
0.511141 0.003200 0.046210 
0.434910 0.993463 0.462022 
0.053948 0.003338 0.491768 
0.003868 0.988397 0.003868 0.003868 
0.250000 0.250000 0.250000 0.250000 
   4
0.488136 0.003200 0.046210 
0.457915 0.993463 0.462022 
0.055219 0.003334 0.491768 
0.987551 0.004373 0.004214 0.003862 
0.250000 0.250000 0.250000 0.250000 
   5
0.499630 0.003196 0.046210 
0.445151 0.993470 0.462022 
0.055219 0.003334 0.491768 
0.987375 0.004901 0.003862 0.003862 
0.250000 0.250000 0.250000 0.250000 
   6
0.499630 0.003196 0.046210 
0.445151 0.993470 0.462022 
0.055219 0.003334 0.491768 
0.004744 0.987532 0.003862 0.003862 
0.250000 0.250000 0.250000 0.250000 
   7
0.499630 0.003196 0.046210 
0.445151 0.993470 0.462022 
0.055219 0.003334 0.491768 
0.986042 0.006234 0.003862 0.003862 
0.250000 0.250000 0.250000 0.250000 
   8
0.499630 0.003196 0.046210 
0.445151 0.993470 0.462022 
0.055219 0.003334 0.491768 
0.004434 0.003862 0.985875 0.005829 
0.250000 0.250000 0.250000 0.250000 
   9
0.499630 0.003196 0.046210 
0.445151 0.993470 0.462022 
0.055219 0.003334 0.491768 
0.004774 0.006545 0.010943 0.977738 
0.250000 0.250000 0.250000 0.250000 
  10
0.496900 0.003196 0.046210 
0.447881 0.993470 0.462022 
0.055370 0.003333 0.491768 
0.986308 0.005446 0.004384 0.003861 
0.250000 0.250000 0.250000 0.250000 
  11
0.498261 0.003195 0.046210 
0.446370 0.993471 0.462022 
0.055370 0.003333 0.491768 
0.003861 0.003861 0.006419 0.985859 
0.250000 0.250000 0.250000 0.250000 
  12
0.498261 0.003195 0.046210 
0.446370 0.993471 0.462022 
0.055370 0.003333 0.491768 
0.004682 0.003861 0.985149 0.006308 
0.250000 0.250000 0.250000 0.250000 
  13
0.498261 0.003195 0.046210 
0.446370 0.993471 0.462022 
0.055370 0.003333 0.491768 
0.987857 0.004420 0.003861 0.003861 
0.250000 0.250000 0.250000 0.250000 
  14
0.498261 0.003195 0.046210 
0.446370 0.993471 0.462022 
0.055370 0.003333 0.491768 
0.003861 0.003861 0.003861 0.988416 
0.250000 0.250000 0.250000 0.250000 
  15
0.492567 0.003195 0.046210 
0.452063 0.993471 0.462022 
0.055687 0.003332 0.491768 
0.004443 0.003860 0.005108 0.986588 
0.250000 0.250000 0.250000 0.250000 
  16
0.495387 0.003194 0.046210 
0.448926 0.993473 0.462022 
0.055687 0.003332 0.491768 
0.004319 0.987961 0.003860 0.003860 
0.250000 0.250000 0.250000 0.250000 
  17
0.495387 0.003194 0.046210 
0.448926 0.993473 0.462022 
0.055687 0.003332 0.491768 
0.003860 0.003860 0.988420 0.003860 
0.250000 0.250000 0.250000 0.250000 
  18
0.495387 0.003194 0.046210 
0.448926 0.993473 0.462022 
0.055687 0.003332 0.491768 
0.005008 0.004458 0.139339 0.851195 
0.250000 0.250000 0.250000 0.250000 
  19
0.490214 0.003194 0.046210 
0.454099 0.993473 0.462022 
0.055976 0.003332 0.491768 
0.004220 0.004393 0.006038 0.985349 
0.250000 0.250000 0.250000 0.250000 
  20
0.492763 0.003193 0.046210 
0.451260 0.993475 0.462022 
0.055976 0.003332 0.491768 
0.003859 0.003859 0.004342 0.987940 
0.250000 0.250000 0.250000 0.250000 
  21
0.492763 0.003193 0.046210 
0.451260 0.993475 0.462022 
0.055976 0.003332 0.491768 
0.007446 0.984471 0.003860 0.004223 
0.250000 0.250000 0.250000 0.250000 
  22
0.492763 0.003193 0.046210 
0.451260 0.993475 0.462022 
0.055976 0.003332 0.491768 
0.976003 0.016278 0.003859 0.003859 
0.250000 0.250000 0.250000 0.250000 
  23
0.492763 0.003193 0.046210 
0.451260 0.993475 0.462022 
0.055976 0.003332 0.491768 
0.003859 0.988424 0.003859 0.003859 
0.250000 0.250000 0.250000 0.250000 
  24
0.492763 0.003193 0.046210 
0.451260 0.993475 0.462022 
0.055976 0.003332 0.491768 
0.003859 0.004232 0.987089 0.004820 
0.250000 0.250000 0.250000 0.250000 
  25
0.492763 0.003193 0.046210 
0.451260 0.993475 0.462022 
0.055976 0.003332 0.491768 
0.003860 0.004224 0.020681 0.971235 
0.250000 0.250000 0.250000 0.250000 
  26
0.492763 0.003193 0.046210 
0.451260 0.993475 0.462022 
0.055976 0.003332 0.491768 
0.987134 0.005148 0.003859 0.003859 
0.250000 0.250000 0.250000 0.250000 
  27
0.492763 0.003193 0.046210 
0.451260 0.993475 0.462022 
0.055976 0.003332 0.491768 
0.003859 0.003859 0.988424 0.003859 
0.250000 0.250000 0.250000 0.250000 
  28
0.492763 0.003193 0.046210 
0.451260 0.993475 0.462022 
0.055976 0.003332 0.491768 
0.986648 0.004393 0.003859 0.005101 
0.250000 0.250000 0.250000 0.250000 
  29
0.492763 0.003193 0.046210 
0.451260 0.993475 0.462022 
0.055976 0.003332 0.491768 
0.003859 0.003859 0.005994 0.986289 
0.250000 0.250000 0.250000 0.250000 
  30
0.492763 0.003193 0.046210 
0.451260 0.993475 0.462022 
0.055976 0.003332 0.491768 
0.003859 0.003859 0.005359 0.986923 
0.250000 0.250000 0.250000 0.250000 
  31
0.492763 0.003193 0.046210 
0.451260 0.993475 0.462022 
0.055976 0.003332 0.491768 
0.003859 0.003859 0.987016 0.005267 
0.250000 0.250000 0.250000 0.250000 
  32
0.492763 0.003193 0.046210 
0.451260 0.993475 0.462022 
0.055976 0.003332 0.491768 
0.003859 0.003859 0.004332 0.987950 
0.250000 0.250000 0.250000 0.250000 
  33
0.492763 0.003193 0.046210 
0.451260 0.993475 0.462022 
0.055976 0.003332 0.491768 
0.987069 0.005214 0.003859 0.003859 
0.250000 0.250000 0.250000 0.250000 
  34
0.492763 0.003193 0.046210 
0.451260 0.993475 0.462022 
0.055976 0.003332 0.491768 
0.003859 0.004704 0.005231 0.986207 
0.250000 0.250000 0.250000 0.250000 
  35
0.492763 0.003193 0.046210 
0.451260 0.993475 0.462022 
0.055976 0.003332 0.491768 
0.004972 0.986456 0.004246 0.004326 
0.250000 0.250000 0.250000 0.250000 
  36
0.492763 0.003193 0.046210 
0.451260 0.993475 0.462022 
0.055976 0.003332 0.491768 
0.003859 0.003859 0.006750 0.985533 
0.250000 0.250000 0.250000 0.250000 
  37
0.492763 0.003193 0.046210 
0.451260 0.993475 0.462022 
0.055976 0.003332 0.491768 
0.009254 0.003859 0.981190 0.005696 
0.250000 0.250000 0.250000 0.250000 
  38
0.492763 0.003193 0.046210 
0.451260 0.993475 0.462022 
0.055976 0.003332 0.491768 
0.005647 0.003859 0.004207 0.986287 
0.250000 0.250000 0.250000 0.250000 
  39
0.492763 0.003193 0.046210 
0.451260 0.993475 0.462022 
0.055976 0.003332 0.491768 
0.005709 0.986038 0.003860 0.004393 
0.250000 0.250000 0.250000 0.250000 
  40
0.492763 0.003193 0.046210 
0.451260 0.993475 0.462022 
0.055976 0.003332 0.491768 
0.005573 0.986709 0.003859 0.003859 
0.250000 0.250000 0.250000 0.250000 
  41
0.492763 0.003193 0.046210 
0.451260 0.993475 0.462022 
0.055976 0.003332 0.491768 
0.003860 0.009701 0.006150 0.980288 
0.250000 0.250000 0.250000 0.250000 
  42
0.492763 0.003193 0.046210 
0.451260 0.993475 0.462022 
0.055976 0.003332 0.491768 
0.003859 0.003859 0.004349 0.987932 
0.250000 0.250000 0.250000 0.250000 
  43
0.492763 0.003193 0.046210 
0.451260 0.993475 0.462022 
0.055976 0.003332 0.491768 
0.004406 0.004183 0.004364 0.987047 
0.250000 0.250000 0.250000 0.250000 
  44
0.492763 0.003193 0.046210 
0.451260 0.993475 0.462022 
0.055976 0.003332 0.491768 
0.005304 0.004208 0.021250 0.969238 
0.250000 0.250000 0.250000 0.250000 
  45
0.492763 0.003193 0.046210 
0.451260 0.993475 0.462022 
0.055976 0.003332 0.491768 
0.004523 0.003859 0.984168 0.007450 
0.250000 0.250000 0.250000 0.250000 
  46
0.492763 0.003193 0.046210 
0.451260 0.993475 0.462022 
0.055976 0.003332 0.491768 
0.012942 0.977726 0.003859 0.005473 
0.250000 0.250000 0.250000 0.250000 
  47
0.492763 0.003193 0.046210 
0.451260 0.993475 0.462022 
0.055976 0.003332 0.491768 
0.003859 0.003859 0.988424 0.003859 
0.250000 0.250000 0.250000 0.250000 
  48
0.492763 0.003193 0.046210 
0.451260 0.993475 0.462022 
0.055976 0.003332 0.491768 
0.005174 0.004297 0.008755 0.981774 
0.250000 0.250000 0.250000 0.250000 
  49
0.467876 0.003193 0.046210 
0.476148 0.993475 0.462022 
0.057405 0.003327 0.491768 
0.003853 0.003853 0.988442 0.003853 
0.250000 0.250000 0.250000 0.250000 
  50
0.479817 0.003189 0.046210 
0.462778 0.993483 0.462022 
0.057405 0.003327 0.491768 
0.987805 0.004490 0.003853 0.003853 
0.250000 0.250000 0.250000 0.250000 
  51
0.479817 0.003189 0.046210 
0.462778 0.993483 0.462022 
0.057405 0.003327 0.491768 
0.986679 0.005112 0.004356 0.003853 
0.250000 0.250000 0.250000 0.250000 
  52
0.479817 0.003189 0.046210 
0.462778 0.993483 0.462022 
0.057405 0.003327 0.491768 
0.985503 0.006792 0.003853 0.003853 
0.250000 0.250000 0.250000 0.250000 
  53
0.479817 0.003189 0.046210 
0.462778 0.993483 0.462022 
0.057405 0.003327 0.491768 
0.986524 0.005769 0.003854 0.003854 
0.250000 0.250000 0.250000 0.250000 
  54
0.479817 0.003189 0.046210 
0.462778 0.993483 0.462022 
0.057405 0.003327 0.491768 
0.985307 0.006628 0.003853 0.004212 
0.250000 0.250000 0.250000 0.250000 
  55
0.479817 0.003860 0.046210 
0.462778 0.992813 0.462022 
0.056633 0.003330 0.491768 
0.979150 0.004844 0.011789 0.004217 
0.250000 0.250000 0.250000 0.250000 
  56
0.473366 0.003192 0.046210 
0.470000 0.993479 0.462022 
0.057405 0.003327 0.491768 
0.004691 0.005486 0.007125 0.982698 
0.250000 0.250000 0.250000 0.250000 
  57
0.479817 0.003189 0.046210 
0.462778 0.993483 0.462022 
0.057405 0.003327 0.491768 
0.004389 0.003853 0.008530 0.983228 
0.250000 0.250000 0.250000 0.250000 
  58
0.479817 0.003189 0.046210 
0.462778 0.993483 0.462022 
0.057405 0.003327 0.491768 
0.004366 0.003854 0.987568 0.004212 
0.250000 0.250000 0.250000 0.250000 
  59
0.479817 0.003189 0.046210 
0.462778 0.993483 0.462022 
0.057405 0.003327 0.491768 
0.004705 0.003853 0.987034 0.004408 
0.250000 0.250000 0.250000 0.250000 
  60
0.479817 0.003189 0.046210 
0.462778 0.993483 0.462022 
0.057405 0.003327 0.491768 
0.004407 0.004462 0.006131 0.985000 
0.250000 0.250000 0.250000 0.250000 
  61
0.479817 0.003189 0.046210 
0.462778 0.993483 0.462022 
0.057405 0.003327 0.491768 
0.004795 0.987499 0.003853 0.003853 
0.250000 0.250000 0.250000 0.250000 
  62
0.479817 0.003189 0.046210 
0.462778 0.993483 0.462022 
0.057405 0.003327 0.491768 
0.005585 0.986355 0.003853 0.004207 
0.250000 0.250000 0.250000 0.250000 
  63
0.479817 0.003189 0.046210 
0.462778 0.993483 0.462022 
0.057405 0.003327 0.491768 
0.981969 0.010325 0.003853 0.003853 
0.250000 0.250000 0.250000 0.250000 
  64
0.479817 0.003189 0.046210 
0.462778 0.993483 0.462022 
0.057405 0.003327 0.491768 
0.987354 0.004941 0.003853 0.003853 
0.250000 0.250000 0.250000 0.250000 
  65
0.479817 0.003189 0.046210 
0.462778 0.993483 0.462022 
0.057405 0.003327 0.491768 
0.987898 0.004397 0.003853 0.003853 
0.250000 0.250000 0.250000 0.250000 
  66
0.479817 0.003189 0.046210 
0.462778 0.993483 0.462022 
0.057405 0.003327 0.491768 
0.003853 0.004359 0.003853 0.987935 
0.250000 0.250000 0.250000 0.250000 
  67
0.479817 0.003189 0.046210 
0.462778 0.993483 0.462022 
0.057405 0.003327 0.491768 
0.004813 0.987116 0.003853 0.004218 
0.250000 0.250000 0.250000 0.250000 
  68
0.479817 0.003189 0.046210 
0.462778 0.993483 0.462022 
0.057405 0.003327 0.491768 
0.986975 0.005320 0.003853 0.003853 
0.250000 0.250000 0.250000 0.250000 
  69
0.479817 0.003189 0.046210 
0.462778 0.993483 0.462022 
0.057405 0.003327 0.491768 
0.004214 0.003853 0.986640 0.005293 
0.250000 0.250000 0.250000 0.250000 
  70
0.479817 0.003189 0.046210 
0.462778 0.993483 0.462022 
0.057405 0.003327 0.491768 
0.985944 0.005808 0.004395 0.003853 
0.250000 0.250000 0.250000 0.250000 
  71
0.479817 0.003189 0.046210 
0.462778 0.993483 0.462022 
0.057405 0.003327 0.491768 
0.987369 0.004576 0.004202 0.003853 
0.250000 0.250000 0.250000 0.250000 
  72
0.479817 0.003189 0.046210 
0.462778 0.993483 0.462022 
0.057405 0.003327 0.491768 
0.003853 0.003853 0.006206 0.986089 
0.250000 0.250000 0.250000 0.250000 
  73
0.479817 0.003189 0.046210 
0.462778 0.993483 0.462022 
0.057405 0.003327 0.491768 
0.987667 0.004628 0.003853 0.003853 
0.250000 0.250000 0.250000 0.250000 
  74
0.479817 0.003189 0.046210 
0.462778 0.993483 0.462022 
0.057405 0.003327 0.491768 
0.007995 0.983934 0.003853 0.004218 
0.250000 0.250000 0.250000 0.250000 
  75
0.479817 0.003189 0.046210 
0.462778 0.993483 0.462022 
0.057405 0.003327 0.491768 
0.003853 0.003853 0.984526 0.007767 
0.250000 0.250000 0.250000 0.250000 
  76
0.479817 0.003189 0.046210 
0.462778 0.993483 0.462022 
0.057405 0.003327 0.491768 
0.987601 0.004256 0.003853 0.004291 
0.250000 0.250000 0.250000 0.250000 
  77
0.479817 0.003189 0.046210 
0.462778 0.993483 0.462022 
0.057405 0.003327 0.491768 
0.004373 0.003854 0.977364 0.014409 
0.250000 0.250000 0.250000 0.250000 
  78
0.479817 0.003189 0.046210 
0.462778 0.993483 0.462022 
0.057405 0.003327 0.491768 
0.009554 0.980972 0.003854 0.005621 
0.250000 0.250000 0.250000 0.250000 
  79
0.479817 0.003189 0.046210 
0.462778 0.993483 0.462022 
0.057405 0.003327 0.491768 
0.003853 0.988442 0.003853 0.003853 
0.250000 0.250000 0.250000 0.250000 
  80
0.479817 0.003189 0.046210 
0.462778 0.993483 0.462022 
0.057405 0.003327 0.491768 
0.003853 0.003853 0.988442 0.003853 
0.250000 0.250000 0.250000 0.250000 
  81
0.479817 0.003189 0.046210 
0.462778 0.993483 0.462022 
0.057405 0.003327 0.491768 
0.985977 0.006316 0.003853 0.003853 
0.250000 0.250000 0.250000 0.250000 
  82
0.479817 0.003189 0.046210 
0.462778 0.993483 0.462022 
0.057405 0.003327 0.491768 
0.987961 0.004332 0.003853 0.003853 
0.250000 0.250000 0.250000 0.250000 
  83
0.479817 0.003189 0.046210 
0.462778 0.993483 0.462022 
0.057405 0.003327 0.491768 
0.003853 0.003853 0.987313 0.004982 
0.250000 0.250000 0.250000 0.250000 
  84
0.479817 0.003189 0.046210 
0.462778 0.993483 0.462022 
0.057405 0.003327 0.491768 
0.018685 0.970560 0.003853 0.006902 
0.250000 0.250000 0.250000 0.250000 
  85
0.479817 0.003189 0.046210 
0.462778 0.993483 0.462022 
0.057405 0.003327 0.491768 
0.003853 0.003853 0.980484 0.011811 
0.250000 0.250000 0.250000 0.250000 
  86
0.479817 0.003189 0.046210 
0.462778 0.993483 0.462022 
0.057405 0.003327 0.491768 
0.003853 0.003853 0.003853 0.988442 
0.250000 0.250000 0.250000 0.250000 
  87
0.479817 0.003189 0.046210 
0.462778 0.993483 0.462022 
0.057405 0.003327 0.491768 
0.005363 0.986551 0.003853 0.004233 
0.250000 0.250000 0.250000 0.250000 
  88
0.479817 0.003189 0.046210 
0.462778 0.993483 0.462022 
0.057405 0.003327 0.491768 
0.003853 0.003853 0.003853 0.988442 
0.250000 0.250000 0.250000 0.250000 
  89
0.479817 0.003189 0.046210 
0.462778 0.993483 0.462022 
0.057405 0.003327 0.491768 
0.003853 0.988442 0.003853 0.003853 
0.250000 0.250000 0.250000 0.250000 
  90
0.479817 0.003189 0.046210 
0.462778 0.993483 0.462022 
0.057405 0.003327 0.491768 
0.003855 0.003855 0.982964 0.009325 
0.250000 0.250000 0.250000 0.250000 
  91
0.479817 0.003189 0.046210 
0.462778 0.993483 0.462022 
0.057405 0.003327 0.491768 
0.004541 0.003853 0.987753 0.003853 
0.250000 0.250000 0.250000 0.250000 
  92
0.479817 0.003189 0.046210 
0.462778 0.993483 0.462022 
0.057405 0.003327 0.491768 
0.003853 0.003853 0.003853 0.988442 
0.250000 0.250000 0.250000 0.250000 
  93
0.479817 0.003189 0.046210 
0.462778 0.993483 0.462022 
0.057405 0.003327 0.491768 
0.003853 0.003853 0.004459 0.987836 
0.250000 0.250000 0.250000 0.250000 
  94
0.479817 0.003189 0.046210 
0.462778 0.993483 0.462022 
0.057405 0.003327 0.491768 
0.003853 0.988442 0.003853 0.003853 
0.250000 0.250000 0.250000 0.250000 
  95
0.479817 0.003189 0.046210 
0.462778 0.993483 0.462022 
0.057405 0.003327 0.491768 
0.003853 0.988442 0.003853 0.003853 
0.250000 0.250000 0.250000 0.250000 
  96
0.479817 0.003189 0.046210 
0.462778 0.993483 0.462022 
0.057405 0.003327 0.491768 
0.013174 0.979121 0.003853 0.003853 
0.250000 0.250000 0.250000 0.250000 
  97
0.479817 0.003189 0.046210 
0.462778 0.993483 0.462022 
0.057405 0.003327 0.491768 
0.003853 0.003853 0.988442 0.003853 
0.250000 0.250000 0.250000 0.250000 
  98
0.479817 0.003189 0.046210 
0.462778 0.993483 0.462022 
0.057405 0.003327 0.491768 
0.987987 0.004308 0.003853 0.003853 
0.250000 0.250000 0.250000 0.250000 
  99
0.479817 0.003189 0.046210 
0.462778 0.993483 0.462022 
0.057405 0.003327 0.491768 
0.003853 0.003853 0.983684 0.008611 
0.250000 0.250000 0.250000 0.250000 
 100
0.479817 0.003189 0.046210 
0.462778 0.993483 0.462022 
0.057405 0.003327 0.491768 
0.003854 0.003854 0.987550 0.004742 
0.250000 0.250000 0.250000 0.250000 
 101
0.479817 0.003189 0.046210 
0.462778 0.993483 0.462022 
0.057405 0.003327 0.491768 
0.988442 0.003853 0.003853 0.003853 
0.250000 0.250000 0.250000 0.250000 
 102
0.479817 0.003189 0.046210 
0.462778 0.993483 0.462022 
0.057405 0.003327 0.491768 
0.003853 0.003853 0.004737 0.987558 
0.250000 0.250000 0.250000 0.250000 
 103
0.479817 0.003189 0.046210 
0.462778 0.993483 0.462022 
0.057405 0.003327 0.491768 
0.004218 0.987216 0.003853 0.004713 
0.250000 0.250000 0.250000 0.250000 
 104
0.479817 0.003189 0.046210 
0.462778 0.993483 0.462022 
0.057405 0.003327 0.491768 
0.003853 0.003853 0.988442 0.003853 
0.250000 0.250000 0.250000 0.250000 
 105
0.479817 0.003189 0.046210 
0.462778 0.993483 0.462022 
0.057405 0.003327 0.491768 
0.987157 0.005138 0.003853 0.003853 
0.250000 0.250000 0.250000 0.250000 
 106
0.479817 0.003189 0.046210 
0.462778 0.993483 0.462022 
0.057405 0.003327 0.491768 
0.004308 0.987987 0.003853 0.003853 
0.250000 0.250000 0.250000 0.250000 
 107
0.479817 0.003189 0.046210 
0.462778 0.993483 0.462022 
0.057405 0.003327 0.491768 
0.003853 0.003853 0.003853 0.988442 
0.250000 0.250000 0.250000 0.250000 
 108
0.479817 0.003189 0.046210 
0.462778 0.993483 0.462022 
0.057405 0.003327 0.491768 
0.980446 0.011847 0.003853 0.003853 
0.250000 0.250000 0.250000 0.250000 
 109
0.479817 0.003189 0.046210 
0.462778 0.993483 0.462022 
0.057405 0.003327 0.491768 
0.003853 0.003853 0.987946 0.004349 
0.250000 0.250000 0.250000 0.250000 
 110
0.479817 0.003189 0.046210 
0.462778 0.993483 0.462022 
0.057405 0.003327 0.491768 
0.004802 0.003853 0.987144 0.004202 
0.250000 0.250000 0.250000 0.250000 
 111
0.479817 0.003189 0.046210 
0.462778 0.993483 0.462022 
0.057405 0.003327 0.491768 
0.986955 0.004913 0.004279 0.003853 
0.250000 0.250000 0.250000 0.250000 
 112
0.479817 0.003189 0.046210 
0.462778 0.993483 0.462022 
0.057405 0.003327 0.491768 
0.988442 0.003853 0.003853 0.003853 
0.250000 0.250000 0.250000 0.250000 
 113
0.479817 0.003189 0.046210 
0.462778 0.993483 0.462022 
0.057405 0.003327 0.491768 
0.988442 0.003853 0.003853 0.003853 
0.250000 0.250000 0.250000 0.250000 
 114
0.479817 0.003189 0.046210 
0.462778 0.993483 0.462022 
0.057405 0.003327 0.491768 
0.003854 0.003854 0.981109 0.011184 
0.250000 0.250000 0.250000 0.250000 
 115
0.479817 0.003189 0.046210 
0.462778 0.993483 0.462022 
0.057405 0.003327 0.491768 
0.003853 0.988442 0.003853 0.003853 
0.250000 0.250000 0.250000 0.250000 
 116
0.479817 0.003189 0.046210 
0.462778 0.993483 0.462022 
0.057405 0.003327 0.491768 
0.003853 0.988442 0.003853 0.003853 
0.250000 0.250000 0.250000 0.250000 
 117
0.479817 0.003189 0.046210 
0.462778 0.993483 0.462022 
0.057405 0.003327 0.491768 
0.984434 0.007509 0.003853 0.004205 
0.250000 0.250000 0.250000 0.250000 
 118
0.479817 0.003189 0.046210 
0.462778 0.993483 0.462022 
0.057405 0.003327 0.491768 
0.988439 0.003854 0.003854 0.003854 
0.250000 0.250000 0.250000 0.250000 
 119
0.479817 0.003189 0.046210 
0.462778 0.993483 0.462022 
0.057405 0.003327 0.491768 
0.003854 0.003854 0.987973 0.004319 
0.250000 0.250000 0.250000 0.250000 
 120
0.479817 0.003189 0.046210 
0.462778 0.993483 0.462022 
0.057405 0.003327 0.491768 
0.019554 0.955558 0.003853 0.021035 
0.250000 0.250000 0.250000 0.250000 
 121
0.479817 0.003189 0.046210 
0.462778 0.993483 0.462022 
0.057405 0.003327 0.491768 
0.982744 0.009548 0.003854 0.003854 
0.250000 0.250000 0.250000 0.250000 
 122
0.479817 0.003189 0.046210 
0.462778 0.993483 0.462022 
0.057405 0.003327 0.491768 
0.003853 0.003853 0.004753 0.987541 
0.250000 0.250000 0.250000 0.250000 
 123
0.479817 0.003189 0.046210 
0.462778 0.993483 0.462022 
0.057405 0.003327 0.491768 
0.986118 0.005532 0.004191 0.004159 
0.250000 0.250000 0.250000 0.250000 
 124
0.479817 0.003189 0.046210 
0.462778 0.993483 0.462022 
0.057405 0.003327 0.491768 
0.003853 0.988440 0.003853 0.003853 
0.250000 0.250000 0.250000 0.250000 
 125
0.479817 0.003189 0.046210 
0.462778 0.993483 0.462022 
0.057405 0.003327 0.491768 
0.003853 0.003853 0.003853 0.988442 
0.250000 0.250000 0.250000 0.250000 
 126
0.479817 0.003189 0.046210 
0.462778 0.993483 0.462022 
0.057405 0.003327 0.491768 
0.007485 0.984450 0.003853 0.004212 
0.250000 0.250000 0.250000 0.250000 
 127
0.479817 0.003189 0.046210 
0.462778 0.993483 0.462022 
0.057405 0.003327 0.491768 
0.988442 0.003853 0.003853 0.003853 
0.250000 0.250000 0.250000 0.250000 
 128
0.479817 0.003189 0.046210 
0.462778 0.993483 0.462022 
0.057405 0.003327 0.491768 
0.986539 0.005407 0.004200 0.003853 
0.250000 0.250000 0.250000 0.250000 
 129
0.479817 0.003189 0.046210 
0.462778 0.993483 0.462022 
0.057405 0.003327 0.491768 
0.987328 0.004966 0.003853 0.003853 
0.250000 0.250000 0.250000 0.250000 
 130
0.479817 0.003189 0.046210 
0.462778 0.993483 0.462022 
0.057405 0.003327 0.491768 
0.987637 0.004657 0.003853 0.003853 
0.250000 0.250000 0.250000 0.250000 
 131
0.479817 0.003189 0.046210 
0.462778 0.993483 0.462022 
0.057405 0.003327 0.491768 
0.003853 0.003853 0.988442 0.003853 
0.250000 0.250000 0.250000 0.250000 
 132
0.479817 0.003189 0.046210 
0.462778 0.993483 0.462022 
0.057405 0.003327 0.491768 
0.986947 0.004961 0.003853 0.004240 
0.250000 0.250000 0.250000 0.250000 
 133
0.479817 0.003189 0.046210 
0.462778 0.993483 0.462022 
0.057405 0.003327 0.491768 
0.988442 0.003853 0.003853 0.003853 
0.250000 0.250000 0.250000 0.250000 
 134
0.479817 0.003189 0.046210 
0.462778 0.993483 0.462022 
0.057405 0.003327 0.491768 
0.003853 0.003853 0.003853 0.988442 
0.250000 0.250000 0.250000 0.250000 
 135
0.479817 0.003189 0.046210 
0.462778 0.993483 0.462022 
0.057405 0.003327 0.491768 
0.005165 0.003854 0.985436 0.005545 
0.250000 0.250000 0.250000 0.250000 
 136
0.479817 0.003189 0.046210 
0.462778 0.993483 0.462022 
0.057405 0.003327 0.491768 
0.987771 0.004523 0.003853 0.003853 
0.250000 0.250000 0.250000 0.250000 
 137
0.479817 0.003189 0.046210 
0.462778 0.993483 0.462022 
0.057405 0.003327 0.491768 
0.003853 0.003853 0.987929 0.004366 
0.250000 0.250000 0.250000 0.250000 
 138
0.479817 0.003189 0.046210 
0.462778 0.993483 0.462022 
0.057405 0.003327 0.491768 
0.906864 0.084641 0.003853 0.004642 
0.250000 0.250000 0.250000 0.250000 
 139
0.479817 0.003189 0.046210 
0.462778 0.993483 0.462022 
0.057405 0.003327 0.491768 
0.984919 0.006675 0.004161 0.004244 
0.250000 0.250000 0.250000 0.250000 
 140
0.479817 0.003189 0.046210 
0.462778 0.993483 0.462022 
0.057405 0.003327 0.491768 
0.983116 0.009178 0.003853 0.003853 
0.250000 0.250000 0.250000 0.250000 
 141
0.479817 0.003189 0.046210 
0.462778 0.993483 0.462022 
0.057405 0.003327 0.491768 
0.003853 0.003853 0.009364 0.982930 
0.250000 0.250000 0.250000 0.250000 
 142
0.479817 0.003189 0.046210 
0.462778 0.993483 0.462022 
0.057405 0.003327 0.491768 
0.004794 0.987501 0.003853 0.003853 
0.250000 0.250000 0.250000 0.250000 
 143
0.479817 0.003189 0.046210 
0.462778 0.993483 0.462022 
0.057405 0.003327 0.491768 
0.987280 0.005015 0.003853 0.003853 
0.250000 0.250000 0.250000 0.250000 
 144
0.479817 0.003189 0.046210 
0.462778 0.993483 0.462022 
0.057405 0.003327 0.491768 
0.005219 0.003853 0.985744 0.005184 
0.250000 0.250000 0.250000 0.250000 
 145
0.479817 0.003189 0.046210 
0.462778 0.993483 0.462022 
0.057405 0.003327 0.491768 
0.005909 0.003853 0.986385 0.003853 
0.250000 0.250000 0.250000 0.250000 
 146
0.479817 0.003189 0.046210 
0.462778 0.993483 0.462022 
0.057405 0.003327 0.491768 
0.014596 0.977302 0.003853 0.004249 
0.250000 0.250000 0.250000 0.250000 
 147
0.479817 0.003189 0.046210 
0.462778 0.993483 0.462022 
0.057405 0.003327 0.491768 
0.980000 0.012295 0.003853 0.003853 
0.250000 0.250000 0.250000 0.250000 
 148
0.479817 0.003189 0.046210 
0.462778 0.993483 0.462022 
0.057405 0.003327 0.491768 
0.987781 0.004513 0.003853 0.003853 
0.250000 0.250000 0.250000 0.250000 
 149
0.479817 0.003189 0.046210 
0.462778 0.993483 0.462022 
0.057405 0.003327 0.491768 
0.003853 0.003853 0.004344 0.987951 
0.250000 0.250000 0.250000 0.250000 
 150
0.479817 0.003189 0.046210 
0.462778 0.993483 0.462022 
0.057405 0.003327 0.491768 
0.004601 0.003853 0.004941 0.986605 
0.250000 0.250000 0.250000 0.250000 
 151
0.479817 0.003189 0.046210 
0.462778 0.993483 0.462022 
0.057405 0.003327 0.491768 
0.003853 0.988442 0.003853 0.003853 
0.250000 0.250000 0.250000 0.250000 
 152
0.479817 0.003189 0.046210 
0.462778 0.993483 0.462022 
0.057405 0.003327 0.491768 
0.988442 0.003853 0.003853 0.003853 
0.250000 0.250000 0.250000 0.250000 
 153
0.479817 0.003189 0.046210 
0.462778 0.993483 0.462022 
0.057405 0.003327 0.491768 
0.984858 0.007436 0.003853 0.003853 
0.250000 0.250000 0.250000 0.250000 
 154
0.479817 0.003189 0.046210 
0.462778 0.993483 0.462022 
0.057405 0.003327 0.491768 
0.003853 0.988442 0.003853 0.003853 
0.250000 0.250000 0.250000 0.250000 
 155
0.479817 0.003189 0.046210 
0.462778 0.993483 0.462022 
0.057405 0.003327 0.491768 
0.003853 0.003853 0.003853 0.988442 
0.250000 0.250000 0.250000 0.250000 
 156
0.479817 0.003189 0.046210 
0.462778 0.993483 0.462022 
0.057405 0.003327 0.491768 
0.004578 0.003853 0.008718 0.982851 
0.250000 0.250000 0.250000 0.250000 
 157
0.479817 0.003189 0.046210 
0.462778 0.993483 0.462022 
0.057405 0.003327 0.491768 
0.988442 0.003853 0.003853 0.003853 
0.250000 0.250000 0.250000 0.250000 
 158
0.479817 0.003189 0.046210 
0.462778 0.993483 0.462022 
0.057405 0.003327 0.491768 
0.003853 0.003853 0.988442 0.003853 
0.250000 0.250000 0.250000 0.250000 
 159
0.479817 0.003189 0.046210 
0.462778 0.993483 0.462022 
0.057405 0.003327 0.491768 
0.003853 0.004320 0.008261 0.983566 
0.250000 0.250000 0.250000 0.250000 
 160
0.479817 0.003189 0.046210 
0.462778 0.993483 0.462022 
0.057405 0.003327 0.491768 
0.988442 0.003853 0.003853 0.003853 
0.250000 0.250000 0.250000 0.250000 
 161
0.479817 0.003189 0.046210 
0.462778 0.993483 0.462022 
0.057405 0.003327 0.491768 
0.988440 0.003853 0.003853 0.003853 
0.250000 0.250000 0.250000 0.250000 
 162
0.479817 0.003189 0.046210 
0.462778 0.993483 0.462022 
0.057405 0.003327 0.491768 
0.003853 0.003853 0.004832 0.987462 
0.250000 0.250000 0.250000 0.250000 
 163
0.479817 0.003189 0.046210 
0.462778 0.993483 0.462022 
0.057405 0.003327 0.491768 
0.003853 0.988442 0.003853 0.003853 
0.250000 0.250000 0.250000 0.250000 
 164
0.479817 0.003189 0.046210 
0.462778 0.993483 0.462022 
0.057405 0.003327 0.491768 
0.003853 0.003853 0.988442 0.003853 
0.250000 0.250000 0.250000 0.250000 
 165
0.479817 0.003189 0.046210 
0.462778 0.993483 0.462022 
0.057405 0.003327 0.491768 
0.005601 0.004192 0.011121 0.979085 
0.250000 0.250000 0.250000 0.250000 
 166
0.479817 0.003189 0.046210 
0.462778 0.993483 0.462022 
0.057405 0.003327 0.491768 
0.988442 0.003853 0.003853 0.003853 
0.250000 0.250000 0.250000 0.250000 
 167
0.479817 0.003189 0.046210 
0.462778 0.993483 0.462022 
0.057405 0.003327 0.491768 
0.003854 0.003854 0.988437 0.003854 
0.250000 0.250000 0.250000 0.250000 
 168
0.479817 0.003189 0.046210 
0.462778 0.993483 0.462022 
0.057405 0.003327 0.491768 
0.004213 0.003854 0.005127 0.986806 
0.250000 0.250000 0.250000 0.250000 
 169
0.479817 0.003189 0.046210 
0.462778 0.993483 0.462022 
0.057405 0.003327 0.491768 
0.003853 0.988442 0.003853 0.003853 
0.250000 0.250000 0.250000 0.250000 
 170
0.479817 0.003189 0.046210 
0.462778 0.993483 0.462022 
0.057405 0.003327 0.491768 
0.988442 0.003853 0.003853 0.003853 
0.250000 0.250000 0.250000 0.250000 
 171
0.479817 0.003189 0.046210 
0.462778 0.993483 0.462022 
0.057405 0.003327 0.491768 
0.016528 0.975765 0.003853 0.003853 
0.250000 0.250000 0.250000 0.250000 
 172
0.479817 0.003189 0.046210 
0.462778 0.993483 0.462022 
0.057405 0.003327 0.491768 
0.003853 0.003853 0.684043 0.308252 
0.250000 0.250000 0.250000 0.250000 
 173
0.479817 0.003189 0.046210 
0.462778 0.993483 0.462022 
0.057405 0.003327 0.491768 
0.003853 0.003853 0.003853 0.988442 
0.250000 0.250000 0.250000 0.250000 
 174
0.479817 0.003189 0.046210 
0.462778 0.993483 0.462022 
0.057405 0.003327 0.491768 
0.008106 0.980601 0.003853 0.007440 
0.250000 0.250000 0.250000 0.250000 
 175
0.479817 0.003189 0.046210 
0.462778 0.993483 0.462022 
0.057405 0.003327 0.491768 
0.004575 0.987720 0.003853 0.003853 
0.250000 0.250000 0.250000 0.250000 
 176
0.479817 0.003189 0.046210 
0.462778 0.993483 0.462022 
0.057405 0.003327 0.491768 
0.003853 0.003853 0.003853 0.988442 
0.250000 0.250000 0.250000 0.250000 
 177
0.479817 0.003189 0.046210 
0.462778 0.993483 0.462022 
0.057405 0.003327 0.491768 
0.003853 0.003853 0.006686 0.985609 
0.250000 0.250000 0.250000 0.250000 
 178
0.479817 0.003189 0.046210 
0.462778 0.993483 0.462022 
0.057405 0.003327 0.491768 
0.003853 0.003853 0.988442 0.003853 
0.250000 0.250000 0.250000 0.250000 
 179
0.479817 0.003189 0.046210 
0.462778 0.993483 0.462022 
0.057405 0.003327 0.491768 
0.987848 0.004447 0.003853 0.003853 
0.250000 0.250000 0.250000 0.250000 
 180
0.479817 0.003189 0.046210 
0.462778 0.993483 0.462022 
0.057405 0.003327 0.491768 
0.009029 0.982606 0.003853 0.004512 
0.250000 0.250000 0.250000 0.250000 
 181
0.479817 0.003189 0.046210 
0.462778 0.993483 0.462022 
0.057405 0.003327 0.491768 
0.987061 0.004863 0.004224 0.003853 
0.250000 0.250000 0.250000 0.250000 
 182
0.479817 0.003189 0.046210 
0.462778 0.993483 0.462022 
0.057405 0.003327 0.491768 
0.987328 0.004601 0.004218 0.003853 
0.250000 0.250000 0.250000 0.250000 
 183
0.479817 0.003189 0.046210 
0.462778 0.993483 0.462022 
0.057405 0.003327 0.491768 
0.004269 0.003854 0.007191 0.984686 
0.250000 0.250000 0.250000 0.250000 
 184
0.479817 0.003189 0.046210 
0.462778 0.993483 0.462022 
0.057405 0.003327 0.491768 
0.004299 0.003853 0.004621 0.987227 
0.250000 0.250000 0.250000 0.250000 
 185
0.479817 0.003189 0.046210 
0.462778 0.993483 0.462022 
0.057405 0.003327 0.491768 
0.004621 0.003853 0.986890 0.004636 
0.250000 0.250000 0.250000 0.250000 
 186
0.479817 0.003189 0.046210 
0.462778 0.993483 0.462022 
0.057405 0.003327 0.491768 
0.005181 0.003853 0.985899 0.005067 
0.250000 0.250000 0.250000 0.250000 
 187
0.479817 0.003189 0.046210 
0.462778 0.993483 0.462022 
0.057405 0.003327 0.491768 
0.004248 0.003853 0.004611 0.987288 
0.250000 0.250000 0.250000 0.250000 
 188
0.479817 0.003189 0.046210 
0.462778 0.993483 0.462022 
0.057405 0.003327 0.491768 
0.003853 0.003853 0.987953 0.004342 
0.250000 0.250000 0.250000 0.250000 
 189
0.479817 0.003189 0.046210 
0.462778 0.993483 0.462022 
0.057405 0.003327 0.491768 
0.986390 0.005261 0.004495 0.003853 
0.250000 0.250000 0.250000 0.250000 
 190
0.479817 0.003189 0.046210 
0.462778 0.993483 0.462022 
0.057405 0.003327 0.491768 
0.987051 0.004864 0.003853 0.004232 
0.250000 0.250000 0.250000 0.250000 
 191
0.479817 0.003189 0.046210 
0.462778 0.993483 0.462022 
0.057405 0.003327 0.491768 
0.003853 0.003853 0.010184 0.982111 
0.250000 0.250000 0.250000 0.250000 
 192
0.479817 0.003189 0.046210 
0.462778 0.993483 0.462022 
0.057405 0.003327 0.491768 
0.985120 0.006349 0.004180 0.004351 
0.250000 0.250000 0.250000 0.250000 
 193
0.479817 0.003189 0.046210 
0.462778 0.993483 0.462022 
0.057405 0.003327 0.491768 
0.004593 0.987337 0.003853 0.004217 
0.250000 0.250000 0.250000 0.250000 
 194
0.479817 0.003189 0.046210 
0.462778 0.993483 0.462022 
0.057405 0.003327 0.491768 
0.005210 0.987083 0.003853 0.003853 
0.250000 0.250000 0.250000 0.250000 
 195
0.479817 0.003189 0.046210 
0.462778 0.993483 0.462022 
0.057405 0.003327 0.491768 
0.021445 0.004184 0.004672 0.969699 
0.250000 0.250000 0.250000 0.250000 
 196
0.479817 0.003189 0.046210 
0.462778 0.993483 0.462022 
0.057405 0.003327 0.491768 
0.005489 0.986806 0.003853 0.003853 
0.250000 0.250000 0.250000 0.250000 
 197
0.479817 0.003189 0.046210 
0.462778 0.993483 0.462022 
0.057405 0.003327 0.491768 
0.986477 0.004420 0.004163 0.004941 
0.250000 0.250000 0.250000 0.250000 
 198
0.479817 0.003189 0.046210 
0.462778 0.993483 0.462022 
0.057405 0.003327 0.491768 
0.986681 0.005614 0.003853 0.003853 
0.250000 0.250000 0.250000 0.250000 
 199
0.479817 0.003189 0.046210 
0.462778 0.993483 0.462022 
0.057405 0.003327 0.491768 
0.987511 0.004783 0.003853 0.003853 
0.250000 0.250000 0.250000 0.250000 
 200
0.479817 0.003189 0.046210 
0.462778 0.993483 0.462022 
0.057405 0.003327 0.491768 
0.003853 0.003853 0.003853 0.988442 
0.250000 0.250000 0.250000 0.250000 
 201
0.479817 0.003189 0.046210 
0.462778 0.993483 0.462022 
0.057405 0.003327 0.491768 
0.986659 0.004233 0.005255 0.003853 
0.250000 0.250000 0.250000 0.250000 
 202
0.479817 0.003189 0.046210 
0.462778 0.993483 0.462022 
0.057405 0.003327 0.491768 
0.003853 0.003853 0.003853 0.988442 
0.250000 0.250000 0.250000 0.250000 
 203
0.479817 0.003189 0.046210 
0.462778 0.993483 0.462022 
0.057405 0.003327 0.491768 
0.003853 0.988442 0.003853 0.003853 
0.250000 0.250000 0.250000 0.250000 
 204
0.479817 0.003189 0.046210 
0.462778 0.993483 0.462022 
0.057405 0.003327 0.491768 
0.003853 0.003853 0.981158 0.011135 
0.250000 0.250000 0.250000 0.250000 
 205
0.479817 0.003189 0.046210 
0.462778 0.993483 0.462022 
0.057405 0.003327 0.491768 
0.032361 0.959483 0.003853 0.004303 
0.250000 0.250000 0.250000 0.250000 
 206
0.479817 0.003189 0.046210 
0.462778 0.993483 0.462022 
0.057405 0.003327 0.491768 
0.987056 0.005237 0.003853 0.003853 
0.250000 0.250000 0.250000 0.250000 
 207
0.479817 0.003189 0.046210 
0.462778 0.993483 0.462022 
0.057405 0.003327 0.491768 
0.004372 0.003853 0.985972 0.005804 
0.250000 0.250000 0.250000 0.250000 
 208
0.479817 0.003189 0.046210 
0.462778 0.993483 0.462022 
0.057405 0.003327 0.491768 
0.987938 0.003853 0.004357 0.003853 
0.250000 0.250000 0.250000 0.250000 
 209
0.479817 0.003189 0.046210 
0.462778 0.993483 0.462022 
0.057405 0.003327 0.491768 
0.005216 0.987079 0.003853 0.003853 
0.250000 0.250000 0.250000 0.250000 
 210
0.479817 0.003189 0.046210 
0.462778 0.993483 0.462022 
0.057405 0.003327 0.491768 
0.003853 0.003853 0.011842 0.980453 
0.250000 0.250000 0.250000 0.250000 
 211
0.479817 0.003189 0.046210 
0.462778 0.993483 0.462022 
0.057405 0.003327 0.491768 
0.003853 0.003853 0.988442 0.003853 
0.250000 0.250000 0.250000 0.250000 
 212
0.479817 0.003189 0.046210 
0.462778 0.993483 0.462022 
0.057405 0.003327 0.491768 
0.003853 0.003853 0.988442 0.003853 
0.250000 0.250000 0.250000 0.250000 
 213
0.479817 0.003189 0.046210 
0.462778 0.993483 0.462022 
0.057405 0.003327 0.491768 
0.005467 0.003853 0.025965 0.964716 
0.250000 0.250000 0.250000 0.250000 
 214
0.479817 0.003189 0.046210 
0.462778 0.993483 0.462022 
0.057405 0.003327 0.491768 
0.003853 0.003853 0.987770 0.004525 
0.250000 0.250000 0.250000 0.250000 
 215
0.479817 0.003189 0.046210 
0.462778 0.993483 0.462022 
0.057405 0.003327 0.491768 
0.987224 0.004302 0.003853 0.004621 
0.250000 0.250000 0.250000 0.250000 
 216
0.479817 0.003189 0.046210 
0.462778 0.993483 0.462022 
0.057405 0.003327 0.491768 
0.003853 0.003853 0.009545 0.982750 
0.250000 0.250000 0.250000 0.250000 
 217
0.479817 0.003189 0.046210 
0.462778 0.993483 0.462022 
0.057405 0.003327 0.491768 
0.016767 0.003853 0.975526 0.003853 
0.250000 0.250000 0.250000 0.250000 
 218
0.479817 0.003189 0.046210 
0.462778 0.993483 0.462022 
0.057405 0.003327 0.491768 
0.982753 0.007080 0.003853 0.006314 
0.250000 0.250000 0.250000 0.250000 
 219
0.479817 0.003189 0.046210 
0.462778 0.993483 0.462022 
0.057405 0.003327 0.491768 
0.007211 0.983840 0.003853 0.005096 
0.250000 0.250000 0.250000 0.250000 
 220
0.479817 0.003189 0.046210 
0.462778 0.993483 0.462022 
0.057405 0.003327 0.491768 
0.981226 0.011068 0.003853 0.003853 
0.250000 0.250000 0.250000 0.250000 
 221
0.479817 0.003189 0.046210 
0.462778 0.993483 0.462022 
0.057405 0.003327 0.491768 
0.003853 0.003853 0.003853 0.988442 
0.250000 0.250000 0.250000 0.250000 
 222
0.479817 0.003189 0.046210 
0.462778 0.993483 0.462022 
0.057405 0.003327 0.491768 
0.004836 0.003853 0.985713 0.005599 
0.250000 0.250000 0.250000 0.250000 
 223
0.479817 0.003189 0.046210 
0.462778 0.993483 0.462022 
0.057405 0.003327 0.491768 
0.004525 0.003854 0.987768 0.003854 
0.250000 0.250000 0.250000 0.250000 
 224
0.479817 0.003189 0.046210 
0.462778 0.993483 0.462022 
0.057405 0.003327 0.491768 
0.003853 0.003853 0.003853 0.988442 
0.250000 0.250000 0.250000 0.250000 
 225
0.479817 0.003189 0.046210 
0.462778 0.993483 0.462022 
0.057405 0.003327 0.491768 
0.004204 0.003853 0.005159 0.986785 
0.250000 0.250000 0.250000 0.250000 
 226
0.479817 0.003189 0.046210 
0.462778 0.993483 0.462022 
0.057405 0.003327 0.491768 
0.003853 0.988442 0.003853 0.003853 
0.250000 0.250000 0.250000 0.250000 
 227
0.479817 0.003189 0.046210 
0.462778 0.993483 0.462022 
0.057405 0.003327 0.491768 
0.988442 0.003853 0.003853 0.003853 
0.250000 0.250000 0.250000 0.250000 
 228
0.479817 0.003189 0.046210 
0.462778 0.993483 0.462022 
0.057405 0.003327 0.491768 
0.003853 0.003853 0.004783 0.987512 
0.250000 0.250000 0.250000 0.250000 
 229
0.479817 0.003189 0.046210 
0.462778 0.993483 0.462022 
0.057405 0.003327 0.491768 
0.003853 0.988442 0.003853 0.003853 
0.250000 0.250000 0.250000 0.250000 
 230
0.479817 0.003189 0.046210 
0.462778 0.993483 0.462022 
0.057405 0.003327 0.491768 
0.003853 0.988442 0.003853 0.003853 
0.250000 0.250000 0.250000 0.250000 
 231
0.479817 0.003189 0.046210 
0.462778 0.993483 0.462022 
0.057405 0.003327 0.491768 
0.984238 0.007284 0.003853 0.004624 
0.250000 0.250000 0.250000 0.250000 
 232
0.479817 0.003189 0.046210 
0.462778 0.993483 0.462022 
0.057405 0.003327 0.491768 
0.010188 0.982101 0.003855 0.003855 
0.250000 0.250000 0.250000 0.250000 
 233
0.479817 0.003189 0.046210 
0.462778 0.993483 0.462022 
0.057405 0.003327 0.491768 
0.985767 0.006527 0.003853 0.003853 
0.250000 0.250000 0.250000 0.250000 
 234
0.479817 0.003189 0.046210 
0.462778 0.993483 0.462022 
0.057405 0.003327 0.491768 
0.987179 0.005116 0.003853 0.003853 
0.250000 0.250000 0.250000 0.250000 
 235
0.479817 0.003189 0.046210 
