%  SAM: /scicomp/home/vfn4/nomen/label/LABEL_RES/scripts/modelfromalign_Linux v3.5 (July 15, 2005) compiled 12/08/06_16:15:55
%  (c) 1992-2001 Regents of the University of California, Santa Cruz
%
%          Sequence Alignment and Modeling Software System
%         http://www.cse.ucsc.edu/research/compbio/sam.html
%
% ----------------- Citations (SAM, SAM-T2K, HMMs) --------------------
% R. Hughey, A. Krogh, Hidden Markov models for sequence analysis:
%  Extension and analysis of the basic method, CABIOS 12:95-107, 1996.
% K. Karplus, et al., What is the value added by human intervention in protein
%  structure prediction, Proteins: Stucture, Function, Genetics 45(S5):86--91, 2001.
% A. Krogh et al., Hidden Markov models in computational biology:
%  Applications to protein modeling, JMB 235:1501-1531, Feb 1994.
% ---------------------------------------------------------------------
%  c-6B_hmm   Host: node10.hpc.biotech.cdc.gov    Thu Feb  1 15:46:15 2018
%  vfn4       Dir:  /scicomp/groups/OID/NCIRD/ID-OD/ID_nomenclatures/H1/H1pdm09v2018R3/base
% ---------------------------------------------------------------------
%  Alignment weights from internal calc.  Total (92.02) Max (0.48) Min (0.01)
%  Weights from alignment method 1 (karplus), b=-1.000000, e=0.500000
MODEL --  Model from alignment file /scicomp/home/vfn4/nomen/label/LABEL_RES/training_data/H1pdm09v2018R3/c-6B.fasta
alphabet DNA
FREQAVE
0.000000 0.000000 0.000000 
0.000000 0.000000 0.000000 
0.000000 0.000000 0.000000 
0.353446 0.220761 0.188568 0.237225 
0.353446 0.220761 0.188568 0.237225 
Begin
0.000000 0.000000 0.000000 
0.000000 0.000000 0.000000 
0.000000 0.002461 0.491768 
0.250000 0.250000 0.250000 0.250000 
0.250000 0.250000 0.250000 0.250000 
   1
0.000000 0.004327 0.046210 
0.000000 0.993211 0.462022 
0.054460 0.002466 0.491768 
0.991339 0.002694 0.002694 0.003273 
0.250000 0.250000 0.250000 0.250000 
   2
0.504651 0.002364 0.046210 
0.440889 0.995170 0.462022 
0.054561 0.002466 0.491768 
0.002694 0.003354 0.002694 0.991259 
0.250000 0.250000 0.250000 0.250000 
   3
0.491582 0.002364 0.046210 
0.453856 0.995170 0.462022 
0.055336 0.002465 0.491768 
0.003352 0.991264 0.002692 0.002692 
0.250000 0.250000 0.250000 0.250000 
   4
0.494560 0.002363 0.046210 
0.450104 0.995173 0.462022 
0.055559 0.002464 0.491768 
0.989556 0.004067 0.003685 0.002691 
0.250000 0.250000 0.250000 0.250000 
   5
0.493107 0.002362 0.046210 
0.451334 0.995174 0.462022 
0.055751 0.002464 0.491768 
0.991252 0.002953 0.002691 0.003103 
0.250000 0.250000 0.250000 0.250000 
   6
0.480120 0.002362 0.046210 
0.464130 0.995174 0.462022 
0.056582 0.002463 0.491768 
0.004552 0.989654 0.002690 0.003104 
0.250000 0.250000 0.250000 0.250000 
   7
0.476367 0.002361 0.046210 
0.467051 0.995177 0.462022 
0.057206 0.002462 0.491768 
0.004451 0.990172 0.002688 0.002688 
0.250000 0.250000 0.250000 0.250000 
   8
0.478153 0.002360 0.046210 
0.464641 0.995179 0.462022 
0.057405 0.002461 0.491768 
0.003186 0.002688 0.989150 0.004976 
0.250000 0.250000 0.250000 0.250000 
   9
0.479817 0.002359 0.046210 
0.462778 0.995179 0.462022 
0.057405 0.002461 0.491768 
0.991937 0.002688 0.002688 0.002688 
0.250000 0.250000 0.250000 0.250000 
  10
0.479817 0.002359 0.046210 
0.462778 0.995179 0.462022 
0.057405 0.002461 0.491768 
0.991308 0.003316 0.002688 0.002688 
0.250000 0.250000 0.250000 0.250000 
  11
0.479817 0.002359 0.046210 
0.462778 0.995179 0.462022 
0.057405 0.002461 0.491768 
0.002688 0.002993 0.012047 0.982272 
0.250000 0.250000 0.250000 0.250000 
  12
0.479817 0.002359 0.046210 
0.462778 0.995179 0.462022 
0.057405 0.002461 0.491768 
0.990860 0.003765 0.002688 0.002688 
0.250000 0.250000 0.250000 0.250000 
  13
0.479817 0.002359 0.046210 
0.462778 0.995179 0.462022 
0.057405 0.002461 0.491768 
0.003351 0.003114 0.989654 0.003881 
0.250000 0.250000 0.250000 0.250000 
  14
0.479817 0.002359 0.046210 
0.462778 0.995179 0.462022 
0.057405 0.002461 0.491768 
0.002688 0.002688 0.002688 0.991937 
0.250000 0.250000 0.250000 0.250000 
  15
0.479817 0.002359 0.046210 
0.462778 0.995179 0.462022 
0.057405 0.002461 0.491768 
0.991264 0.003360 0.002688 0.002688 
0.250000 0.250000 0.250000 0.250000 
  16
0.479817 0.002359 0.046210 
0.462778 0.995179 0.462022 
0.057405 0.002461 0.491768 
0.005164 0.989105 0.002688 0.003043 
0.250000 0.250000 0.250000 0.250000 
  17
0.479817 0.002359 0.046210 
0.462778 0.995179 0.462022 
0.057405 0.002461 0.491768 
0.002688 0.002688 0.017736 0.976887 
0.250000 0.250000 0.250000 0.250000 
  18
0.479817 0.002359 0.046210 
0.462778 0.995179 0.462022 
0.057405 0.002461 0.491768 
0.990918 0.003372 0.002688 0.003023 
0.250000 0.250000 0.250000 0.250000 
  19
0.479817 0.002359 0.046210 
0.462778 0.995179 0.462022 
0.057405 0.002461 0.491768 
0.006056 0.987540 0.002688 0.003717 
0.250000 0.250000 0.250000 0.250000 
  20
0.479817 0.002359 0.046210 
0.462778 0.995179 0.462022 
0.057405 0.002461 0.491768 
0.002688 0.003506 0.002954 0.990852 
0.250000 0.250000 0.250000 0.250000 
  21
0.479817 0.002359 0.046210 
0.462778 0.995179 0.462022 
0.057405 0.002461 0.491768 
0.003379 0.002688 0.005491 0.988442 
0.250000 0.250000 0.250000 0.250000 
  22
0.479817 0.002359 0.046210 
0.462778 0.995179 0.462022 
0.057405 0.002461 0.491768 
0.003607 0.002691 0.988875 0.004827 
0.250000 0.250000 0.250000 0.250000 
  23
0.479817 0.002359 0.046210 
0.462778 0.995179 0.462022 
0.057405 0.002461 0.491768 
0.002688 0.002688 0.002688 0.991937 
0.250000 0.250000 0.250000 0.250000 
  24
0.479817 0.002359 0.046210 
0.462778 0.995179 0.462022 
0.057405 0.002461 0.491768 
0.005715 0.988910 0.002688 0.002688 
0.250000 0.250000 0.250000 0.250000 
  25
0.479817 0.002359 0.046210 
0.462778 0.995179 0.462022 
0.057405 0.002461 0.491768 
0.005293 0.002688 0.987897 0.004123 
0.250000 0.250000 0.250000 0.250000 
  26
0.479817 0.002359 0.046210 
0.462778 0.995179 0.462022 
0.057405 0.002461 0.491768 
0.002688 0.002688 0.002688 0.991937 
0.250000 0.250000 0.250000 0.250000 
  27
0.479817 0.002359 0.046210 
0.462778 0.995179 0.462022 
0.057405 0.002461 0.491768 
0.963609 0.028441 0.005262 0.002688 
0.250000 0.250000 0.250000 0.250000 
  28
0.479817 0.002359 0.046210 
0.462778 0.995179 0.462022 
0.057405 0.002461 0.491768 
0.003034 0.002688 0.007571 0.986707 
0.250000 0.250000 0.250000 0.250000 
  29
0.479817 0.002359 0.046210 
0.462778 0.995179 0.462022 
0.057405 0.002461 0.491768 
0.988616 0.005746 0.002688 0.002950 
0.250000 0.250000 0.250000 0.250000 
  30
0.479817 0.002359 0.046210 
0.462778 0.995179 0.462022 
0.057405 0.002461 0.491768 
0.002688 0.002688 0.215080 0.779544 
0.250000 0.250000 0.250000 0.250000 
  31
0.479817 0.002359 0.046210 
0.462778 0.995179 0.462022 
0.057405 0.002461 0.491768 
0.990943 0.003046 0.003323 0.002688 
0.250000 0.250000 0.250000 0.250000 
  32
0.479817 0.002359 0.046210 
0.462778 0.995179 0.462022 
0.057405 0.002461 0.491768 
0.002688 0.002688 0.989759 0.004865 
0.250000 0.250000 0.250000 0.250000 
  33
0.479817 0.002359 0.046210 
0.462778 0.995179 0.462022 
0.057405 0.002461 0.491768 
0.990347 0.003683 0.003062 0.002908 
0.250000 0.250000 0.250000 0.250000 
  34
0.479817 0.002359 0.046210 
0.462778 0.995179 0.462022 
0.057405 0.002461 0.491768 
0.003540 0.003087 0.015352 0.978020 
0.250000 0.250000 0.250000 0.250000 
  35
0.479817 0.002359 0.046210 
0.462778 0.995179 0.462022 
0.057405 0.002461 0.491768 
0.002926 0.003301 0.003350 0.990423 
0.250000 0.250000 0.250000 0.250000 
  36
0.479817 0.002359 0.046210 
0.462778 0.995179 0.462022 
0.057405 0.002461 0.491768 
0.003518 0.002688 0.008080 0.985714 
0.250000 0.250000 0.250000 0.250000 
  37
0.479817 0.002359 0.046210 
0.462778 0.995179 0.462022 
0.057405 0.002461 0.491768 
0.250000 0.250000 0.250000 0.250000 
0.250000 0.250000 0.250000 0.250000 
  38
0.479817 0.002359 0.046210 
0.462778 0.995179 0.462022 
0.057405 0.002461 0.491768 
0.003250 0.003117 0.990522 0.003112 
0.250000 0.250000 0.250000 0.250000 
  39
0.479817 0.002359 0.046210 
0.462778 0.995179 0.462022 
0.057405 0.002461 0.491768 
0.989050 0.003107 0.004857 0.002985 
0.250000 0.250000 0.250000 0.250000 
  40
0.479817 0.002359 0.046210 
0.462778 0.995179 0.462022 
0.057405 0.002461 0.491768 
0.988272 0.006046 0.002994 0.002688 
0.250000 0.250000 0.250000 0.250000 
  41
0.479817 0.002359 0.046210 
0.462778 0.995179 0.462022 
0.057405 0.002461 0.491768 
0.002983 0.002688 0.990466 0.003863 
0.250000 0.250000 0.250000 0.250000 
  42
0.479817 0.002359 0.046210 
0.462778 0.995179 0.462022 
0.057405 0.002461 0.491768 
0.004410 0.002688 0.978781 0.014122 
0.250000 0.250000 0.250000 0.250000 
  43
0.479817 0.002359 0.046210 
0.462778 0.995179 0.462022 
0.057405 0.002461 0.491768 
0.014295 0.980328 0.002688 0.002688 
0.250000 0.250000 0.250000 0.250000 
  44
0.479817 0.002359 0.046210 
0.462778 0.995179 0.462022 
0.057405 0.002461 0.491768 
0.002688 0.002688 0.991071 0.003553 
0.250000 0.250000 0.250000 0.250000 
  45
0.479817 0.002359 0.046210 
0.462778 0.995179 0.462022 
0.057405 0.002461 0.491768 
0.990474 0.003581 0.002962 0.002984 
0.250000 0.250000 0.250000 0.250000 
  46
0.479817 0.002359 0.046210 
0.462778 0.995179 0.462022 
0.057405 0.002461 0.491768 
0.990220 0.004120 0.002688 0.002972 
0.250000 0.250000 0.250000 0.250000 
  47
0.479817 0.002359 0.046210 
0.462778 0.995179 0.462022 
0.057405 0.002461 0.491768 
0.984525 0.006338 0.006450 0.002688 
0.250000 0.250000 0.250000 0.250000 
  48
0.479817 0.002359 0.046210 
0.462778 0.995179 0.462022 
0.057405 0.002461 0.491768 
0.003852 0.002688 0.003506 0.989954 
0.250000 0.250000 0.250000 0.250000 
  49
0.479817 0.002359 0.046210 
0.462778 0.995179 0.462022 
0.057405 0.002461 0.491768 
0.003289 0.989290 0.002688 0.004734 
0.250000 0.250000 0.250000 0.250000 
  50
0.479817 0.002359 0.046210 
0.462778 0.995179 0.462022 
0.057405 0.002461 0.491768 
0.002688 0.002688 0.991937 0.002688 
0.250000 0.250000 0.250000 0.250000 
  51
0.479817 0.002359 0.046210 
0.462778 0.995179 0.462022 
0.057405 0.002461 0.491768 
0.990219 0.003849 0.002943 0.002989 
0.250000 0.250000 0.250000 0.250000 
  52
0.479817 0.002359 0.046210 
0.462778 0.995179 0.462022 
0.057405 0.002461 0.491768 
0.002688 0.991937 0.002688 0.002688 
0.250000 0.250000 0.250000 0.250000 
  53
0.479817 0.002359 0.046210 
0.462778 0.995179 0.462022 
0.057405 0.002461 0.491768 
0.991936 0.002688 0.002688 0.002688 
0.250000 0.250000 0.250000 0.250000 
  54
0.479817 0.002359 0.046210 
0.462778 0.995179 0.462022 
0.057405 0.002461 0.491768 
0.002688 0.002688 0.990418 0.004207 
0.250000 0.250000 0.250000 0.250000 
  55
0.479817 0.002359 0.046210 
0.462778 0.995179 0.462022 
0.057405 0.002461 0.491768 
0.990994 0.002688 0.003367 0.002951 
0.250000 0.250000 0.250000 0.250000 
  56
0.479817 0.002359 0.046210 
0.462778 0.995179 0.462022 
0.057405 0.002461 0.491768 
0.003189 0.002902 0.990288 0.003621 
0.250000 0.250000 0.250000 0.250000 
  57
0.479817 0.002359 0.046210 
0.462778 0.995179 0.462022 
0.057405 0.002461 0.491768 
0.970284 0.004999 0.003147 0.021570 
0.250000 0.250000 0.250000 0.250000 
  58
0.479817 0.002359 0.046210 
0.462778 0.995179 0.462022 
0.057405 0.002461 0.491768 
0.003187 0.002688 0.004414 0.989711 
0.250000 0.250000 0.250000 0.250000 
  59
0.479817 0.002359 0.046210 
0.462778 0.995179 0.462022 
0.057405 0.002461 0.491768 
0.002688 0.002688 0.002688 0.991937 
0.250000 0.250000 0.250000 0.250000 
  60
0.479817 0.002359 0.046210 
0.462778 0.995179 0.462022 
0.057405 0.002461 0.491768 
0.990487 0.004137 0.002688 0.002688 
0.250000 0.250000 0.250000 0.250000 
  61
0.479817 0.002359 0.046210 
0.462778 0.995179 0.462022 
0.057405 0.002461 0.491768 
0.002688 0.002688 0.002688 0.991936 
0.250000 0.250000 0.250000 0.250000 
  62
0.479817 0.002359 0.046210 
0.462778 0.995179 0.462022 
0.057405 0.002461 0.491768 
0.002688 0.991937 0.002688 0.002688 
0.250000 0.250000 0.250000 0.250000 
  63
0.479817 0.002359 0.046210 
0.462778 0.995179 0.462022 
0.057405 0.002461 0.491768 
0.002688 0.002688 0.008569 0.986054 
0.250000 0.250000 0.250000 0.250000 
  64
0.479817 0.002359 0.046210 
0.462778 0.995179 0.462022 
0.057405 0.002461 0.491768 
0.990864 0.003761 0.002688 0.002688 
0.250000 0.250000 0.250000 0.250000 
  65
0.479817 0.002359 0.046210 
0.462778 0.995179 0.462022 
0.057405 0.002461 0.491768 
0.002688 0.002688 0.003051 0.991572 
0.250000 0.250000 0.250000 0.250000 
  66
0.479817 0.002359 0.046210 
0.462778 0.995179 0.462022 
0.057405 0.002461 0.491768 
0.991566 0.002688 0.003057 0.002688 
0.250000 0.250000 0.250000 0.250000 
  67
0.479817 0.002359 0.046210 
0.462778 0.995179 0.462022 
0.057405 0.002461 0.491768 
0.003223 0.991392 0.002693 0.002693 
0.250000 0.250000 0.250000 0.250000 
  68
0.479817 0.002359 0.046210 
0.462778 0.995179 0.462022 
0.057405 0.002461 0.491768 
0.002688 0.991937 0.002688 0.002688 
0.250000 0.250000 0.250000 0.250000 
  69
0.479817 0.002420 0.046210 
0.462778 0.995119 0.462022 
0.057310 0.002461 0.491768 
0.003335 0.004046 0.003736 0.988884 
0.250000 0.250000 0.250000 0.250000 
  70
0.479023 0.002359 0.046210 
0.463667 0.995179 0.462022 
0.057405 0.002461 0.491768 
0.002692 0.002692 0.003062 0.991554 
0.250000 0.250000 0.250000 0.250000 
  71
0.479817 0.002359 0.046210 
0.462778 0.995179 0.462022 
0.057405 0.002461 0.491768 
0.991935 0.002688 0.002688 0.002688 
0.250000 0.250000 0.250000 0.250000 
  72
0.479817 0.002359 0.046210 
0.462778 0.995179 0.462022 
0.057405 0.002461 0.491768 
0.002688 0.002688 0.005396 0.989228 
0.250000 0.250000 0.250000 0.250000 
  73
0.479817 0.002359 0.046210 
0.462778 0.995179 0.462022 
0.057405 0.002461 0.491768 
0.002688 0.002688 0.991937 0.002688 
0.250000 0.250000 0.250000 0.250000 
  74
0.479817 0.002359 0.046210 
0.462778 0.995179 0.462022 
0.057405 0.002461 0.491768 
0.991936 0.002688 0.002688 0.002688 
0.250000 0.250000 0.250000 0.250000 
  75
0.479817 0.002359 0.046210 
0.462778 0.995179 0.462022 
0.057405 0.002461 0.491768 
0.002688 0.002688 0.003380 0.991244 
0.250000 0.250000 0.250000 0.250000 
  76
0.479817 0.002359 0.046210 
0.462778 0.995179 0.462022 
0.057405 0.002461 0.491768 
0.003388 0.991232 0.002690 0.002690 
0.250000 0.250000 0.250000 0.250000 
  77
0.479817 0.002359 0.046210 
0.462778 0.995179 0.462022 
0.057405 0.002461 0.491768 
0.002689 0.002689 0.991933 0.002689 
0.250000 0.250000 0.250000 0.250000 
  78
0.479817 0.002359 0.046210 
0.462778 0.995179 0.462022 
0.057405 0.002461 0.491768 
0.022922 0.970489 0.002689 0.003900 
0.250000 0.250000 0.250000 0.250000 
  79
0.479817 0.002359 0.046210 
0.462778 0.995179 0.462022 
0.057405 0.002461 0.491768 
0.991937 0.002688 0.002688 0.002688 
0.250000 0.250000 0.250000 0.250000 
  80
0.479817 0.002359 0.046210 
0.462778 0.995179 0.462022 
0.057405 0.002461 0.491768 
0.991935 0.002688 0.002688 0.002688 
0.250000 0.250000 0.250000 0.250000 
  81
0.479817 0.002359 0.046210 
0.462778 0.995179 0.462022 
0.057405 0.002461 0.491768 
0.002688 0.002688 0.990340 0.004284 
0.250000 0.250000 0.250000 0.250000 
  82
0.479817 0.002359 0.046210 
0.462778 0.995179 0.462022 
0.057405 0.002461 0.491768 
0.991385 0.003238 0.002688 0.002688 
0.250000 0.250000 0.250000 0.250000 
  83
0.479817 0.002359 0.046210 
0.462778 0.995179 0.462022 
0.057405 0.002461 0.491768 
0.991936 0.002688 0.002688 0.002688 
0.250000 0.250000 0.250000 0.250000 
  84
0.479817 0.002359 0.046210 
0.462778 0.995179 0.462022 
0.057405 0.002461 0.491768 
0.002688 0.002688 0.005637 0.988987 
0.250000 0.250000 0.250000 0.250000 
  85
0.479817 0.002359 0.046210 
0.462778 0.995179 0.462022 
0.057405 0.002461 0.491768 
0.003193 0.002688 0.002688 0.991431 
0.250000 0.250000 0.250000 0.250000 
  86
0.479817 0.002359 0.046210 
0.462778 0.995179 0.462022 
0.057405 0.002461 0.491768 
0.002688 0.002688 0.991935 0.002688 
0.250000 0.250000 0.250000 0.250000 
  87
0.479817 0.002359 0.046210 
0.462778 0.995179 0.462022 
0.057405 0.002461 0.491768 
0.991115 0.003225 0.002972 0.002688 
0.250000 0.250000 0.250000 0.250000 
  88
0.479817 0.002359 0.046210 
0.462778 0.995179 0.462022 
0.057405 0.002461 0.491768 
0.991543 0.003081 0.002688 0.002688 
0.250000 0.250000 0.250000 0.250000 
  89
0.479817 0.002359 0.046210 
0.462778 0.995179 0.462022 
0.057405 0.002461 0.491768 
0.002688 0.002688 0.991936 0.002688 
0.250000 0.250000 0.250000 0.250000 
  90
0.479817 0.002359 0.046210 
0.462778 0.995179 0.462022 
0.057405 0.002461 0.491768 
0.988534 0.004036 0.003923 0.003506 
0.250000 0.250000 0.250000 0.250000 
  91
0.479817 0.002359 0.046210 
0.462778 0.995179 0.462022 
0.057405 0.002461 0.491768 
0.003302 0.991323 0.002688 0.002688 
0.250000 0.250000 0.250000 0.250000 
  92
0.479817 0.002359 0.046210 
0.462778 0.995179 0.462022 
0.057405 0.002461 0.491768 
0.991936 0.002688 0.002688 0.002688 
0.250000 0.250000 0.250000 0.250000 
  93
0.479817 0.002359 0.046210 
0.462778 0.995179 0.462022 
0.057405 0.002461 0.491768 
0.003028 0.002688 0.957031 0.037253 
0.250000 0.250000 0.250000 0.250000 
  94
0.479817 0.002359 0.046210 
0.462778 0.995179 0.462022 
0.057405 0.002461 0.491768 
0.989363 0.003086 0.002688 0.004863 
0.250000 0.250000 0.250000 0.250000 
  95
0.479817 0.002359 0.046210 
0.462778 0.995179 0.462022 
0.057405 0.002461 0.491768 
0.002689 0.002689 0.990289 0.004333 
0.250000 0.250000 0.250000 0.250000 
  96
0.479817 0.002359 0.046210 
0.462778 0.995179 0.462022 
0.057405 0.002461 0.491768 
0.003421 0.002688 0.005212 0.988679 
0.250000 0.250000 0.250000 0.250000 
  97
0.479817 0.002359 0.046210 
0.462778 0.995179 0.462022 
0.057405 0.002461 0.491768 
0.003710 0.990915 0.002688 0.002688 
0.250000 0.250000 0.250000 0.250000 
  98
0.479817 0.002359 0.046210 
0.462778 0.995179 0.462022 
0.057405 0.002461 0.491768 
0.002688 0.002688 0.002688 0.991937 
0.250000 0.250000 0.250000 0.250000 
  99
0.479817 0.002359 0.046210 
0.462778 0.995179 0.462022 
0.057405 0.002461 0.491768 
0.983507 0.006376 0.003541 0.006577 
0.250000 0.250000 0.250000 0.250000 
 100
0.479817 0.002359 0.046210 
0.462778 0.995179 0.462022 
0.057405 0.002461 0.491768 
0.003286 0.991337 0.002688 0.002688 
0.250000 0.250000 0.250000 0.250000 
 101
0.479817 0.002359 0.046210 
0.462778 0.995179 0.462022 
0.057405 0.002461 0.491768 
0.991563 0.002688 0.003061 0.002688 
0.250000 0.250000 0.250000 0.250000 
 102
0.479817 0.002359 0.046210 
0.462778 0.995179 0.462022 
0.057405 0.002461 0.491768 
0.002950 0.002689 0.988729 0.005632 
0.250000 0.250000 0.250000 0.250000 
 103
0.479817 0.002359 0.046210 
0.462778 0.995179 0.462022 
0.057405 0.002461 0.491768 
0.991936 0.002688 0.002688 0.002688 
0.250000 0.250000 0.250000 0.250000 
 104
0.479817 0.002359 0.046210 
0.462778 0.995179 0.462022 
0.057405 0.002461 0.491768 
0.002688 0.002688 0.991936 0.002688 
0.250000 0.250000 0.250000 0.250000 
 105
0.479817 0.002359 0.046210 
0.462778 0.995179 0.462022 
0.057405 0.002461 0.491768 
0.989602 0.003368 0.004115 0.002916 
0.250000 0.250000 0.250000 0.250000 
 106
0.479817 0.002359 0.046210 
0.462778 0.995179 0.462022 
0.057405 0.002461 0.491768 
0.005839 0.988119 0.003025 0.003017 
0.250000 0.250000 0.250000 0.250000 
 107
0.479817 0.002359 0.046210 
0.462778 0.995179 0.462022 
0.057405 0.002461 0.491768 
0.002688 0.002688 0.002688 0.991937 
0.250000 0.250000 0.250000 0.250000 
 108
0.479817 0.002359 0.046210 
0.462778 0.995179 0.462022 
0.057405 0.002461 0.491768 
0.956749 0.037590 0.002974 0.002688 
0.250000 0.250000 0.250000 0.250000 
 109
0.479817 0.002359 0.046210 
0.462778 0.995179 0.462022 
0.057405 0.002461 0.491768 
0.002688 0.002688 0.989082 0.005542 
0.250000 0.250000 0.250000 0.250000 
 110
0.479817 0.002359 0.046210 
0.462778 0.995179 0.462022 
0.057405 0.002461 0.491768 
0.002688 0.002688 0.002688 0.991937 
0.250000 0.250000 0.250000 0.250000 
 111
0.479817 0.002359 0.046210 
0.462778 0.995179 0.462022 
0.057405 0.002461 0.491768 
0.990129 0.003569 0.003100 0.003201 
0.250000 0.250000 0.250000 0.250000 
 112
0.479817 0.002359 0.046210 
0.462778 0.995179 0.462022 
0.057405 0.002461 0.491768 
0.003085 0.991539 0.002688 0.002688 
0.250000 0.250000 0.250000 0.250000 
 113
0.479817 0.002359 0.046210 
0.462778 0.995179 0.462022 
0.057405 0.002461 0.491768 
0.991937 0.002688 0.002688 0.002688 
0.250000 0.250000 0.250000 0.250000 
 114
0.479817 0.002359 0.046210 
0.462778 0.995179 0.462022 
0.057405 0.002461 0.491768 
0.990138 0.004486 0.002688 0.002688 
0.250000 0.250000 0.250000 0.250000 
 115
0.479817 0.002359 0.046210 
0.462778 0.995179 0.462022 
0.057405 0.002461 0.491768 
0.991933 0.002689 0.002689 0.002689 
0.250000 0.250000 0.250000 0.250000 
 116
0.479817 0.002359 0.046210 
0.462778 0.995179 0.462022 
0.057405 0.002461 0.491768 
0.990168 0.004456 0.002688 0.002688 
0.250000 0.250000 0.250000 0.250000 
 117
0.479817 0.002359 0.046210 
0.462778 0.995179 0.462022 
0.057405 0.002461 0.491768 
0.005241 0.989382 0.002689 0.002689 
0.250000 0.250000 0.250000 0.250000 
 118
0.479817 0.002359 0.046210 
0.462778 0.995179 0.462022 
0.057405 0.002461 0.491768 
0.991404 0.003220 0.002688 0.002688 
0.250000 0.250000 0.250000 0.250000 
 119
0.479817 0.002359 0.046210 
0.462778 0.995179 0.462022 
0.057405 0.002461 0.491768 
0.991937 0.002688 0.002688 0.002688 
0.250000 0.250000 0.250000 0.250000 
 120
0.479817 0.002359 0.046210 
0.462778 0.995179 0.462022 
0.057405 0.002461 0.491768 
0.002688 0.002688 0.003604 0.991021 
0.250000 0.250000 0.250000 0.250000 
 121
0.479817 0.002359 0.046210 
0.462778 0.995179 0.462022 
0.057405 0.002461 0.491768 
0.003984 0.990637 0.002690 0.002690 
0.250000 0.250000 0.250000 0.250000 
 122
0.479817 0.002359 0.046210 
0.462778 0.995179 0.462022 
0.057405 0.002461 0.491768 
0.002688 0.002688 0.002688 0.991937 
0.250000 0.250000 0.250000 0.250000 
 123
0.479817 0.002359 0.046210 
0.462778 0.995179 0.462022 
0.057405 0.002461 0.491768 
0.986894 0.006887 0.002930 0.003289 
0.250000 0.250000 0.250000 0.250000 
 124
0.479817 0.002359 0.046210 
0.462778 0.995179 0.462022 
0.057405 0.002461 0.491768 
0.991936 0.002688 0.002688 0.002688 
0.250000 0.250000 0.250000 0.250000 
 125
0.479817 0.002359 0.046210 
0.462778 0.995179 0.462022 
0.057405 0.002461 0.491768 
0.002688 0.002688 0.991550 0.003074 
0.250000 0.250000 0.250000 0.250000 
 126
0.479817 0.002359 0.046210 
0.462778 0.995179 0.462022 
0.057405 0.002461 0.491768 
0.990153 0.004178 0.002980 0.002688 
0.250000 0.250000 0.250000 0.250000 
 127
0.479817 0.002359 0.046210 
0.462778 0.995179 0.462022 
0.057405 0.002461 0.491768 
0.003570 0.991054 0.002688 0.002688 
0.250000 0.250000 0.250000 0.250000 
 128
0.479817 0.002359 0.046210 
0.462778 0.995179 0.462022 
0.057405 0.002461 0.491768 
0.002688 0.003126 0.002688 0.991498 
0.250000 0.250000 0.250000 0.250000 
 129
0.479817 0.002359 0.046210 
0.462778 0.995179 0.462022 
0.057405 0.002461 0.491768 
0.985989 0.008286 0.002688 0.003038 
0.250000 0.250000 0.250000 0.250000 
 130
0.479817 0.002359 0.046210 
0.462778 0.995179 0.462022 
0.057405 0.002461 0.491768 
0.991936 0.002688 0.002688 0.002688 
0.250000 0.250000 0.250000 0.250000 
 131
0.479817 0.002359 0.046210 
0.462778 0.995179 0.462022 
0.057405 0.002461 0.491768 
0.002688 0.002688 0.991937 0.002688 
0.250000 0.250000 0.250000 0.250000 
 132
0.479817 0.002359 0.046210 
0.462778 0.995179 0.462022 
0.057405 0.002461 0.491768 
0.989553 0.003624 0.004135 0.002688 
0.250000 0.250000 0.250000 0.250000 
 133
0.479817 0.002359 0.046210 
0.462778 0.995179 0.462022 
0.057405 0.002461 0.491768 
0.003095 0.002688 0.991529 0.002688 
0.250000 0.250000 0.250000 0.250000 
 134
0.479817 0.002359 0.046210 
0.462778 0.995179 0.462022 
0.057405 0.002461 0.491768 
0.991468 0.003156 0.002688 0.002688 
0.250000 0.250000 0.250000 0.250000 
 135
0.479817 0.002359 0.046210 
0.462778 0.995179 0.462022 
0.057405 0.002461 0.491768 
0.002688 0.002688 0.988183 0.006440 
0.250000 0.250000 0.250000 0.250000 
 136
0.479817 0.002359 0.046210 
0.462778 0.995179 0.462022 
0.057405 0.002461 0.491768 
0.002688 0.002688 0.002688 0.991937 
0.250000 0.250000 0.250000 0.250000 
 137
0.479817 0.002359 0.046210 
0.462778 0.995179 0.462022 
0.057405 0.002461 0.491768 
0.002688 0.002688 0.991937 0.002688 
0.250000 0.250000 0.250000 0.250000 
 138
0.479817 0.002359 0.046210 
0.462778 0.995179 0.462022 
0.057405 0.002461 0.491768 
0.003138 0.003400 0.004889 0.988572 
0.250000 0.250000 0.250000 0.250000 
 139
0.479817 0.002359 0.046210 
0.462778 0.995179 0.462022 
0.057405 0.002461 0.491768 
0.004314 0.990024 0.002688 0.002974 
0.250000 0.250000 0.250000 0.250000 
 140
0.479817 0.002359 0.046210 
0.462778 0.995179 0.462022 
0.057405 0.002461 0.491768 
0.002688 0.002688 0.004073 0.990551 
0.250000 0.250000 0.250000 0.250000 
 141
0.479817 0.002359 0.046210 
0.462778 0.995179 0.462022 
0.057405 0.002461 0.491768 
0.002689 0.002988 0.012439 0.981884 
0.250000 0.250000 0.250000 0.250000 
 142
0.479817 0.002359 0.046210 
0.462778 0.995179 0.462022 
0.057405 0.002461 0.491768 
0.991032 0.003593 0.002688 0.002688 
0.250000 0.250000 0.250000 0.250000 
 143
0.479817 0.002359 0.046210 
0.462778 0.995179 0.462022 
0.057405 0.002461 0.491768 
0.991937 0.002688 0.002688 0.002688 
0.250000 0.250000 0.250000 0.250000 
 144
0.479817 0.002359 0.046210 
0.462778 0.995179 0.462022 
0.057405 0.002461 0.491768 
0.002689 0.002689 0.513905 0.480717 
0.250000 0.250000 0.250000 0.250000 
 145
0.479817 0.002359 0.046210 
0.462778 0.995179 0.462022 
0.057405 0.002461 0.491768 
0.002981 0.002688 0.991382 0.002949 
0.250000 0.250000 0.250000 0.250000 
 146
0.479817 0.002359 0.046210 
0.462778 0.995179 0.462022 
0.057405 0.002461 0.491768 
0.002688 0.002688 0.003198 0.991427 
0.250000 0.250000 0.250000 0.250000 
 147
0.479817 0.002359 0.046210 
0.462778 0.995179 0.462022 
0.057405 0.002461 0.491768 
0.003373 0.002688 0.006760 0.987180 
0.250000 0.250000 0.250000 0.250000 
 148
0.479817 0.002359 0.046210 
0.462778 0.995179 0.462022 
0.057405 0.002461 0.491768 
0.003049 0.002690 0.989820 0.004441 
0.250000 0.250000 0.250000 0.250000 
 149
0.479817 0.002359 0.046210 
0.462778 0.995179 0.462022 
0.057405 0.002461 0.491768 
0.002688 0.002688 0.002688 0.991937 
0.250000 0.250000 0.250000 0.250000 
 150
0.479817 0.002359 0.046210 
0.462778 0.995179 0.462022 
0.057405 0.002461 0.491768 
0.399318 0.594618 0.002921 0.003143 
0.250000 0.250000 0.250000 0.250000 
 151
0.479817 0.002359 0.046210 
0.462778 0.995179 0.462022 
0.057405 0.002461 0.491768 
0.002688 0.991937 0.002688 0.002688 
0.250000 0.250000 0.250000 0.250000 
 152
0.479817 0.002359 0.046210 
0.462778 0.995179 0.462022 
0.057405 0.002461 0.491768 
0.991937 0.002688 0.002688 0.002688 
0.250000 0.250000 0.250000 0.250000 
 153
0.479817 0.002359 0.046210 
0.462778 0.995179 0.462022 
0.057405 0.002461 0.491768 
0.983742 0.010571 0.002999 0.002688 
0.250000 0.250000 0.250000 0.250000 
 154
0.479817 0.002359 0.046210 
0.462778 0.995179 0.462022 
0.057405 0.002461 0.491768 
0.007564 0.986315 0.002688 0.003433 
0.250000 0.250000 0.250000 0.250000 
 155
0.479817 0.002359 0.046210 
0.462778 0.995179 0.462022 
0.057405 0.002461 0.491768 
0.984055 0.010118 0.002926 0.002900 
0.250000 0.250000 0.250000 0.250000 
 156
0.479817 0.002359 0.046210 
0.462778 0.995179 0.462022 
0.057405 0.002461 0.491768 
0.004092 0.002688 0.988904 0.004316 
0.250000 0.250000 0.250000 0.250000 
 157
0.479817 0.002359 0.046210 
0.462778 0.995179 0.462022 
0.057405 0.002461 0.491768 
0.990235 0.004103 0.002974 0.002688 
0.250000 0.250000 0.250000 0.250000 
 158
0.479817 0.002359 0.046210 
0.462778 0.995179 0.462022 
0.057405 0.002461 0.491768 
0.985357 0.003311 0.002688 0.008644 
0.250000 0.250000 0.250000 0.250000 
 159
0.479817 0.002359 0.046210 
0.462778 0.995179 0.462022 
0.057405 0.002461 0.491768 
0.010756 0.981151 0.002688 0.005405 
0.250000 0.250000 0.250000 0.250000 
 160
0.479817 0.002359 0.046210 
0.462778 0.995179 0.462022 
0.057405 0.002461 0.491768 
0.003157 0.002688 0.991467 0.002688 
0.250000 0.250000 0.250000 0.250000 
 161
0.479817 0.002359 0.046210 
0.462778 0.995179 0.462022 
0.057405 0.002461 0.491768 
0.991937 0.002688 0.002688 0.002688 
0.250000 0.250000 0.250000 0.250000 
 162
0.479817 0.002359 0.046210 
0.462778 0.995179 0.462022 
0.057405 0.002461 0.491768 
0.003294 0.002688 0.041103 0.952915 
0.250000 0.250000 0.250000 0.250000 
 163
0.479817 0.002359 0.046210 
0.462778 0.995179 0.462022 
0.057405 0.002461 0.491768 
0.988428 0.006196 0.002688 0.002688 
0.250000 0.250000 0.250000 0.250000 
 164
0.479817 0.002359 0.046210 
0.462778 0.995179 0.462022 
0.057405 0.002461 0.491768 
0.991184 0.003074 0.003054 0.002688 
0.250000 0.250000 0.250000 0.250000 
 165
0.479817 0.002359 0.046210 
0.462778 0.995179 0.462022 
0.057405 0.002461 0.491768 
0.003000 0.002688 0.984521 0.009791 
0.250000 0.250000 0.250000 0.250000 
 166
0.479817 0.002359 0.046210 
0.462778 0.995179 0.462022 
0.057405 0.002461 0.491768 
0.003932 0.990692 0.002688 0.002688 
0.250000 0.250000 0.250000 0.250000 
 167
0.479817 0.002359 0.046210 
0.462778 0.995179 0.462022 
0.057405 0.002461 0.491768 
0.004699 0.989926 0.002688 0.002688 
0.250000 0.250000 0.250000 0.250000 
 168
0.479817 0.002359 0.046210 
0.462778 0.995179 0.462022 
0.057405 0.002461 0.491768 
0.591752 0.381321 0.002688 0.024240 
0.250000 0.250000 0.250000 0.250000 
 169
0.479817 0.002359 0.046210 
0.462778 0.995179 0.462022 
0.057405 0.002461 0.491768 
0.991937 0.002688 0.002688 0.002688 
0.250000 0.250000 0.250000 0.250000 
 170
0.479817 0.002359 0.046210 
0.462778 0.995179 0.462022 
0.057405 0.002461 0.491768 
0.990330 0.004294 0.002688 0.002688 
0.250000 0.250000 0.250000 0.250000 
 171
0.479817 0.002359 0.046210 
0.462778 0.995179 0.462022 
0.057405 0.002461 0.491768 
0.989964 0.004313 0.003035 0.002688 
0.250000 0.250000 0.250000 0.250000 
 172
0.479817 0.002359 0.046210 
0.462778 0.995179 0.462022 
0.057405 0.002461 0.491768 
0.003006 0.002688 0.987945 0.006361 
0.250000 0.250000 0.250000 0.250000 
 173
0.479817 0.002359 0.046210 
0.462778 0.995179 0.462022 
0.057405 0.002461 0.491768 
0.002688 0.002688 0.002688 0.991937 
0.250000 0.250000 0.250000 0.250000 
 174
0.479817 0.002359 0.046210 
0.462778 0.995179 0.462022 
0.057405 0.002461 0.491768 
0.988352 0.005475 0.003075 0.003098 
0.250000 0.250000 0.250000 0.250000 
 175
0.479817 0.002359 0.046210 
0.462778 0.995179 0.462022 
0.057405 0.002461 0.491768 
0.002688 0.002688 0.002688 0.991937 
0.250000 0.250000 0.250000 0.250000 
 176
0.479817 0.002359 0.046210 
0.462778 0.995179 0.462022 
0.057405 0.002461 0.491768 
0.002688 0.991937 0.002688 0.002688 
0.250000 0.250000 0.250000 0.250000 
 177
0.479817 0.002359 0.046210 
0.462778 0.995179 0.462022 
0.057405 0.002461 0.491768 
0.002688 0.002688 0.989956 0.004669 
0.250000 0.250000 0.250000 0.250000 
 178
0.479817 0.002359 0.046210 
0.462778 0.995179 0.462022 
0.057405 0.002461 0.491768 
0.991289 0.002949 0.003074 0.002688 
0.250000 0.250000 0.250000 0.250000 
 179
0.479817 0.002359 0.046210 
0.462778 0.995179 0.462022 
0.057405 0.002461 0.491768 
0.991263 0.003362 0.002688 0.002688 
0.250000 0.250000 0.250000 0.250000 
 180
0.479817 0.002359 0.046210 
0.462778 0.995179 0.462022 
0.057405 0.002461 0.491768 
0.983596 0.010616 0.003099 0.002688 
0.250000 0.250000 0.250000 0.250000 
 181
0.479817 0.002359 0.046210 
0.462778 0.995179 0.462022 
0.057405 0.002461 0.491768 
0.003661 0.002688 0.988772 0.004878 
0.250000 0.250000 0.250000 0.250000 
 182
0.479817 0.002359 0.046210 
0.462778 0.995179 0.462022 
0.057405 0.002461 0.491768 
0.002688 0.002688 0.002688 0.991937 
0.250000 0.250000 0.250000 0.250000 
 183
0.479817 0.002359 0.046210 
0.462778 0.995179 0.462022 
0.057405 0.002461 0.491768 
0.990010 0.004022 0.002688 0.003280 
0.250000 0.250000 0.250000 0.250000 
 184
0.479817 0.002359 0.046210 
0.462778 0.995179 0.462022 
0.057405 0.002461 0.491768 
0.988723 0.005589 0.003000 0.002688 
0.250000 0.250000 0.250000 0.250000 
 185
0.479817 0.002359 0.046210 
0.462778 0.995179 0.462022 
0.057405 0.002461 0.491768 
0.012076 0.982046 0.002688 0.003190 
0.250000 0.250000 0.250000 0.250000 
 186
0.479817 0.002359 0.046210 
0.462778 0.995179 0.462022 
0.057405 0.002461 0.491768 
0.990862 0.003477 0.002688 0.002973 
0.250000 0.250000 0.250000 0.250000 
 187
0.479817 0.002359 0.046210 
0.462778 0.995179 0.462022 
0.057405 0.002461 0.491768 
0.002688 0.991937 0.002688 0.002688 
0.250000 0.250000 0.250000 0.250000 
 188
0.479817 0.002359 0.046210 
0.462778 0.995179 0.462022 
0.057405 0.002461 0.491768 
0.003409 0.991216 0.002688 0.002688 
0.250000 0.250000 0.250000 0.250000 
 189
0.479817 0.002359 0.046210 
0.462778 0.995179 0.462022 
0.057405 0.002461 0.491768 
0.010322 0.983959 0.002689 0.003030 
0.250000 0.250000 0.250000 0.250000 
 190
0.479817 0.002359 0.046210 
0.462778 0.995179 0.462022 
0.057405 0.002461 0.491768 
0.008452 0.985487 0.003153 0.002908 
0.250000 0.250000 0.250000 0.250000 
 191
0.479817 0.002359 0.046210 
0.462778 0.995179 0.462022 
0.057405 0.002461 0.491768 
0.002906 0.002908 0.006248 0.987938 
0.250000 0.250000 0.250000 0.250000 
 192
0.479817 0.002359 0.046210 
0.462778 0.995179 0.462022 
0.057405 0.002461 0.491768 
0.983757 0.007966 0.003111 0.005165 
0.250000 0.250000 0.250000 0.250000 
 193
0.479817 0.002359 0.046210 
0.462778 0.995179 0.462022 
0.057405 0.002461 0.491768 
0.005402 0.964859 0.022587 0.007151 
0.250000 0.250000 0.250000 0.250000 
 194
0.479817 0.002359 0.046210 
0.462778 0.995179 0.462022 
0.057405 0.002461 0.491768 
0.002688 0.002688 0.990709 0.003916 
0.250000 0.250000 0.250000 0.250000 
 195
0.479817 0.002359 0.046210 
0.462778 0.995179 0.462022 
0.057405 0.002461 0.491768 
0.003042 0.002688 0.989755 0.004515 
0.250000 0.250000 0.250000 0.250000 
 196
0.479817 0.002359 0.046210 
0.462778 0.995179 0.462022 
0.057405 0.002461 0.491768 
0.002688 0.002688 0.991559 0.003065 
0.250000 0.250000 0.250000 0.250000 
 197
0.479817 0.002359 0.046210 
0.462778 0.995179 0.462022 
0.057405 0.002461 0.491768 
0.002688 0.002688 0.991937 0.002688 
0.250000 0.250000 0.250000 0.250000 
 198
0.479817 0.002359 0.046210 
0.462778 0.995179 0.462022 
0.057405 0.002461 0.491768 
0.990464 0.003867 0.002688 0.002981 
0.250000 0.250000 0.250000 0.250000 
 199
0.479817 0.002359 0.046210 
0.462778 0.995179 0.462022 
0.057405 0.002461 0.491768 
0.003075 0.002688 0.006282 0.987956 
0.250000 0.250000 0.250000 0.250000 
 200
0.479817 0.002359 0.046210 
0.462778 0.995179 0.462022 
0.057405 0.002461 0.491768 
0.002688 0.002688 0.002688 0.991937 
0.250000 0.250000 0.250000 0.250000 
 201
0.479817 0.002359 0.046210 
0.462778 0.995179 0.462022 
0.057405 0.002461 0.491768 
0.007993 0.986629 0.002689 0.002689 
0.250000 0.250000 0.250000 0.250000 
 202
0.479817 0.002359 0.046210 
0.462778 0.995179 0.462022 
0.057405 0.002461 0.491768 
0.004543 0.002688 0.990081 0.002688 
0.250000 0.250000 0.250000 0.250000 
 203
0.479817 0.002359 0.046210 
0.462778 0.995179 0.462022 
0.057405 0.002461 0.491768 
0.991575 0.003049 0.002688 0.002688 
0.250000 0.250000 0.250000 0.250000 
 204
0.479817 0.002359 0.046210 
0.462778 0.995179 0.462022 
0.057405 0.002461 0.491768 
0.002911 0.003043 0.004622 0.989425 
0.250000 0.250000 0.250000 0.250000 
 205
0.479817 0.002359 0.046210 
0.462778 0.995179 0.462022 
0.057405 0.002461 0.491768 
0.002688 0.002688 0.005217 0.989408 
0.250000 0.250000 0.250000 0.250000 
 206
0.479817 0.002359 0.046210 
0.462778 0.995179 0.462022 
0.057405 0.002461 0.491768 
0.002688 0.002688 0.002688 0.991936 
0.250000 0.250000 0.250000 0.250000 
 207
0.479817 0.002359 0.046210 
0.462778 0.995179 0.462022 
0.057405 0.002461 0.491768 
0.010829 0.983796 0.002688 0.002688 
0.250000 0.250000 0.250000 0.250000 
 208
0.479817 0.002359 0.046210 
0.462778 0.995179 0.462022 
0.057405 0.002461 0.491768 
0.003195 0.991430 0.002688 0.002688 
0.250000 0.250000 0.250000 0.250000 
 209
0.479817 0.002359 0.046210 
0.462778 0.995179 0.462022 
0.057405 0.002461 0.491768 
0.003348 0.991277 0.002688 0.002688 
0.250000 0.250000 0.250000 0.250000 
 210
0.479817 0.002359 0.046210 
0.462778 0.995179 0.462022 
0.057405 0.002461 0.491768 
0.003175 0.002689 0.005935 0.988201 
0.250000 0.250000 0.250000 0.250000 
 211
0.479817 0.002359 0.046210 
0.462778 0.995179 0.462022 
0.057405 0.002461 0.491768 
0.990982 0.003643 0.002688 0.002688 
0.250000 0.250000 0.250000 0.250000 
 212
0.479817 0.002359 0.046210 
0.462778 0.995179 0.462022 
0.057405 0.002461 0.491768 
0.990893 0.003732 0.002688 0.002688 
0.250000 0.250000 0.250000 0.250000 
 213
0.479817 0.002359 0.046210 
0.462778 0.995179 0.462022 
0.057405 0.002461 0.491768 
0.991061 0.003042 0.002989 0.002908 
0.250000 0.250000 0.250000 0.250000 
 214
0.479817 0.002359 0.046210 
0.462778 0.995179 0.462022 
0.057405 0.002461 0.491768 
0.002688 0.002688 0.002688 0.991937 
0.250000 0.250000 0.250000 0.250000 
 215
0.479817 0.002359 0.046210 
0.462778 0.995179 0.462022 
0.057405 0.002461 0.491768 
0.002688 0.991937 0.002688 0.002688 
0.250000 0.250000 0.250000 0.250000 
 216
0.479817 0.002359 0.046210 
0.462778 0.995179 0.462022 
0.057405 0.002461 0.491768 
0.002688 0.002688 0.011330 0.983294 
0.250000 0.250000 0.250000 0.250000 
 217
0.479817 0.002359 0.046210 
0.462778 0.995179 0.462022 
0.057405 0.002461 0.491768 
0.991191 0.003434 0.002688 0.002688 
0.250000 0.250000 0.250000 0.250000 
 218
0.479817 0.002359 0.046210 
0.462778 0.995179 0.462022 
0.057405 0.002461 0.491768 
0.990991 0.003134 0.003187 0.002688 
0.250000 0.250000 0.250000 0.250000 
 219
0.479817 0.002359 0.046210 
0.462778 0.995179 0.462022 
0.057405 0.002461 0.491768 
0.002688 0.002688 0.990568 0.004057 
0.250000 0.250000 0.250000 0.250000 
 220
0.479817 0.002359 0.046210 
0.462778 0.995179 0.462022 
0.057405 0.002461 0.491768 
0.991937 0.002688 0.002688 0.002688 
0.250000 0.250000 0.250000 0.250000 
 221
0.479817 0.002359 0.046210 
0.462778 0.995179 0.462022 
0.057405 0.002461 0.491768 
0.002688 0.002688 0.003063 0.991562 
0.250000 0.250000 0.250000 0.250000 
 222
0.479817 0.002359 0.046210 
0.462778 0.995179 0.462022 
0.057405 0.002461 0.491768 
0.002965 0.002688 0.004245 0.990103 
0.250000 0.250000 0.250000 0.250000 
 223
0.479817 0.002359 0.046210 
0.462778 0.995179 0.462022 
0.057405 0.002461 0.491768 
0.002688 0.991937 0.002688 0.002688 
0.250000 0.250000 0.250000 0.250000 
 224
0.479817 0.002359 0.046210 
0.462778 0.995179 0.462022 
0.057405 0.002461 0.491768 
0.002688 0.002688 0.991561 0.003063 
0.250000 0.250000 0.250000 0.250000 
 225
0.479817 0.002359 0.046210 
0.462778 0.995179 0.462022 
0.057405 0.002461 0.491768 
0.002934 0.003549 0.003671 0.989846 
0.250000 0.250000 0.250000 0.250000 
 226
0.479817 0.002359 0.046210 
0.462778 0.995179 0.462022 
0.057405 0.002461 0.491768 
0.002688 0.991937 0.002688 0.002688 
0.250000 0.250000 0.250000 0.250000 
 227
0.479817 0.002359 0.046210 
0.462778 0.995179 0.462022 
0.057405 0.002461 0.491768 
0.003054 0.991570 0.002688 0.002688 
0.250000 0.250000 0.250000 0.250000 
 228
0.479817 0.002359 0.046210 
0.462778 0.995179 0.462022 
0.057405 0.002461 0.491768 
0.006030 0.003134 0.986610 0.004227 
0.250000 0.250000 0.250000 0.250000 
 229
0.479817 0.002359 0.046210 
0.462778 0.995179 0.462022 
0.057405 0.002461 0.491768 
0.002688 0.002688 0.002688 0.991937 
0.250000 0.250000 0.250000 0.250000 
 230
0.479817 0.002359 0.046210 
0.462778 0.995179 0.462022 
0.057405 0.002461 0.491768 
0.002688 0.991578 0.002688 0.003046 
0.250000 0.250000 0.250000 0.250000 
 231
0.479817 0.002359 0.046210 
0.462778 0.995179 0.462022 
0.057405 0.002461 0.491768 
0.002688 0.991937 0.002688 0.002688 
0.250000 0.250000 0.250000 0.250000 
 232
0.479817 0.002359 0.046210 
0.462778 0.995179 0.462022 
0.057405 0.002461 0.491768 
0.991062 0.003056 0.003194 0.002688 
0.250000 0.250000 0.250000 0.250000 
 233
0.479817 0.002359 0.046210 
0.462778 0.995179 0.462022 
0.057405 0.002461 0.491768 
0.002688 0.002688 0.002688 0.991937 
0.250000 0.250000 0.250000 0.250000 
 234
0.479817 0.002359 0.046210 
0.462778 0.995179 0.462022 
0.057405 0.002461 0.491768 
0.003803 0.002688 0.986790 0.006718 
0.250000 0.250000 0.250000 0.250000 
 235
0.479817 0.002359 0.046210 
0.462778 0.995179 0.462022 
0.057405 0.002461 0.491768 
