%  SAM: /scicomp/home/vfn4/nomen/label/LABEL_RES/scripts/modelfromalign_Linux v3.5 (July 15, 2005) compiled 12/08/06_16:15:55
%  (c) 1992-2001 Regents of the University of California, Santa Cruz
%
%          Sequence Alignment and Modeling Software System
%         http://www.cse.ucsc.edu/research/compbio/sam.html
%
% ----------------- Citations (SAM, SAM-T2K, HMMs) --------------------
% R. Hughey, A. Krogh, Hidden Markov models for sequence analysis:
%  Extension and analysis of the basic method, CABIOS 12:95-107, 1996.
% K. Karplus, et al., What is the value added by human intervention in protein
%  structure prediction, Proteins: Stucture, Function, Genetics 45(S5):86--91, 2001.
% A. Krogh et al., Hidden Markov models in computational biology:
%  Applications to protein modeling, JMB 235:1501-1531, Feb 1994.
% ---------------------------------------------------------------------
%  c-otherwise_hmm   Host: node10.hpc.biotech.cdc.gov    Thu Feb  1 15:46:18 2018
%  vfn4              Dir:  /scicomp/groups/OID/NCIRD/ID-OD/ID_nomenclatures/H1/H1pdm09v2018R3/base
% ---------------------------------------------------------------------
%  Alignment weights from internal calc.  Total (99.29) Max (0.20) Min (0.00)
%  Weights from alignment method 1 (karplus), b=-1.000000, e=0.500000
MODEL --  Model from alignment file /scicomp/home/vfn4/nomen/label/LABEL_RES/training_data/H1pdm09v2018R3/c-otherwise.fasta
alphabet DNA
FREQAVE
0.000000 0.000000 0.000000 
0.000000 0.000000 0.000000 
0.000000 0.000000 0.000000 
0.352760 0.222334 0.185202 0.239704 
0.352760 0.222334 0.185202 0.239704 
Begin
0.000000 0.000000 0.000000 
0.000000 0.000000 0.000000 
0.000000 0.002306 0.491768 
0.250000 0.250000 0.250000 0.250000 
0.250000 0.250000 0.250000 0.250000 
   1
0.000000 0.002828 0.046210 
0.000000 0.994866 0.462022 
0.056384 0.002307 0.491768 
0.991356 0.002494 0.003655 0.002494 
0.250000 0.250000 0.250000 0.250000 
   2
0.487236 0.002212 0.046210 
0.456380 0.995481 0.462022 
0.056488 0.002307 0.491768 
0.003654 0.002494 0.002494 0.991357 
0.250000 0.250000 0.250000 0.250000 
   3
0.485570 0.002212 0.046210 
0.457943 0.995481 0.462022 
0.056633 0.002307 0.491768 
0.002494 0.992518 0.002494 0.002494 
0.250000 0.250000 0.250000 0.250000 
   4
0.485464 0.002211 0.046210 
0.457903 0.995481 0.462022 
0.056709 0.002307 0.491768 
0.972144 0.021706 0.002495 0.003655 
0.250000 0.250000 0.250000 0.250000 
   5
0.479109 0.002211 0.046210 
0.464182 0.995482 0.462022 
0.057110 0.002306 0.491768 
0.991011 0.003345 0.002834 0.002810 
0.250000 0.250000 0.250000 0.250000 
   6
0.477350 0.002211 0.046210 
0.465541 0.995483 0.462022 
0.057405 0.002306 0.491768 
0.006612 0.987689 0.002493 0.003206 
0.250000 0.250000 0.250000 0.250000 
   7
0.479817 0.002210 0.046210 
0.462778 0.995483 0.462022 
0.057405 0.002306 0.491768 
0.006602 0.987835 0.003071 0.002493 
0.250000 0.250000 0.250000 0.250000 
   8
0.479817 0.002210 0.046210 
0.462778 0.995483 0.462022 
0.057405 0.002306 0.491768 
0.003304 0.003652 0.989128 0.003916 
0.250000 0.250000 0.250000 0.250000 
   9
0.479817 0.002210 0.046210 
0.462778 0.995483 0.462022 
0.057405 0.002306 0.491768 
0.990460 0.002994 0.003652 0.002893 
0.250000 0.250000 0.250000 0.250000 
  10
0.479817 0.002210 0.046210 
0.462778 0.995483 0.462022 
0.057405 0.002306 0.491768 
0.990857 0.004158 0.002493 0.002493 
0.250000 0.250000 0.250000 0.250000 
  11
0.479817 0.002210 0.046210 
0.462778 0.995483 0.462022 
0.057405 0.002306 0.491768 
0.002707 0.002795 0.005060 0.989437 
0.250000 0.250000 0.250000 0.250000 
  12
0.479817 0.002210 0.046210 
0.462778 0.995483 0.462022 
0.057405 0.002306 0.491768 
0.991438 0.002946 0.002493 0.003123 
0.250000 0.250000 0.250000 0.250000 
  13
0.479817 0.002210 0.046210 
0.462778 0.995483 0.462022 
0.057405 0.002306 0.491768 
0.003045 0.002493 0.989512 0.004951 
0.250000 0.250000 0.250000 0.250000 
  14
0.479817 0.002210 0.046210 
0.462778 0.995483 0.462022 
0.057405 0.002306 0.491768 
0.002493 0.003069 0.003441 0.990998 
0.250000 0.250000 0.250000 0.250000 
  15
0.479817 0.002210 0.046210 
0.462778 0.995483 0.462022 
0.057405 0.002306 0.491768 
0.991033 0.003592 0.002883 0.002493 
0.250000 0.250000 0.250000 0.250000 
  16
0.479817 0.002210 0.046210 
0.462778 0.995483 0.462022 
0.057405 0.002306 0.491768 
0.007950 0.983738 0.002696 0.005617 
0.250000 0.250000 0.250000 0.250000 
  17
0.479817 0.002210 0.046210 
0.462778 0.995483 0.462022 
0.057405 0.002306 0.491768 
0.002494 0.003006 0.011794 0.982706 
0.250000 0.250000 0.250000 0.250000 
  18
0.479817 0.002210 0.046210 
0.462778 0.995483 0.462022 
0.057405 0.002306 0.491768 
0.991668 0.003347 0.002493 0.002493 
0.250000 0.250000 0.250000 0.250000 
  19
0.479817 0.002210 0.046210 
0.462778 0.995483 0.462022 
0.057405 0.002306 0.491768 
0.003943 0.989545 0.002493 0.004020 
0.250000 0.250000 0.250000 0.250000 
  20
0.479817 0.003219 0.046210 
0.462778 0.994475 0.462022 
0.055757 0.002308 0.491768 
0.002496 0.003079 0.003484 0.990941 
0.250000 0.250000 0.250000 0.250000 
  21
0.466038 0.002213 0.046210 
0.478206 0.995479 0.462022 
0.057405 0.002306 0.491768 
0.002696 0.003259 0.005363 0.988682 
0.250000 0.250000 0.250000 0.250000 
  22
0.479817 0.002210 0.046210 
0.462778 0.995483 0.462022 
0.057405 0.002306 0.491768 
0.050382 0.002860 0.934672 0.012086 
0.250000 0.250000 0.250000 0.250000 
  23
0.479817 0.002210 0.046210 
0.462778 0.995483 0.462022 
0.057405 0.002306 0.491768 
0.002493 0.002493 0.002871 0.992143 
0.250000 0.250000 0.250000 0.250000 
  24
0.479817 0.002210 0.046210 
0.462778 0.995483 0.462022 
0.057405 0.002306 0.491768 
0.004951 0.989280 0.002493 0.003276 
0.250000 0.250000 0.250000 0.250000 
  25
0.479817 0.002210 0.046210 
0.462778 0.995483 0.462022 
0.057405 0.002306 0.491768 
0.002797 0.002693 0.990710 0.003801 
0.250000 0.250000 0.250000 0.250000 
  26
0.479817 0.002210 0.046210 
0.462778 0.995483 0.462022 
0.057405 0.002306 0.491768 
0.002493 0.002493 0.002937 0.992078 
0.250000 0.250000 0.250000 0.250000 
  27
0.479817 0.002210 0.046210 
0.462778 0.995483 0.462022 
0.057405 0.002306 0.491768 
0.980890 0.013436 0.003182 0.002493 
0.250000 0.250000 0.250000 0.250000 
  28
0.479817 0.002210 0.046210 
0.462778 0.995483 0.462022 
0.057405 0.002306 0.491768 
0.002493 0.002493 0.004355 0.990659 
0.250000 0.250000 0.250000 0.250000 
  29
0.479817 0.002210 0.046210 
0.462778 0.995483 0.462022 
0.057405 0.002306 0.491768 
0.987520 0.005736 0.002493 0.004251 
0.250000 0.250000 0.250000 0.250000 
  30
0.479817 0.002210 0.046210 
0.462778 0.995483 0.462022 
0.057405 0.002306 0.491768 
0.002493 0.002493 0.112690 0.882324 
0.250000 0.250000 0.250000 0.250000 
  31
0.479817 0.002210 0.046210 
0.462778 0.995483 0.462022 
0.057405 0.002306 0.491768 
0.992154 0.002861 0.002493 0.002493 
0.250000 0.250000 0.250000 0.250000 
  32
0.479817 0.002210 0.046210 
0.462778 0.995483 0.462022 
0.057405 0.002306 0.491768 
0.003457 0.002493 0.989758 0.004292 
0.250000 0.250000 0.250000 0.250000 
  33
0.479817 0.002210 0.046210 
0.462778 0.995483 0.462022 
0.057405 0.002306 0.491768 
0.991105 0.003456 0.002493 0.002947 
0.250000 0.250000 0.250000 0.250000 
  34
0.479817 0.002210 0.046210 
0.462778 0.995483 0.462022 
0.057405 0.002306 0.491768 
0.003949 0.003014 0.007074 0.985964 
0.250000 0.250000 0.250000 0.250000 
  35
0.479817 0.002210 0.046210 
0.462778 0.995483 0.462022 
0.057405 0.002306 0.491768 
0.003896 0.002772 0.002862 0.990470 
0.250000 0.250000 0.250000 0.250000 
  36
0.479817 0.002210 0.046210 
0.462778 0.995483 0.462022 
0.057405 0.002306 0.491768 
0.003923 0.002493 0.004677 0.988907 
0.250000 0.250000 0.250000 0.250000 
  37
0.479817 0.002210 0.046210 
0.462778 0.995483 0.462022 
0.057405 0.002306 0.491768 
0.250000 0.250000 0.250000 0.250000 
0.250000 0.250000 0.250000 0.250000 
  38
0.479817 0.002210 0.046210 
0.462778 0.995483 0.462022 
0.057405 0.002306 0.491768 
0.003017 0.003959 0.988992 0.004032 
0.250000 0.250000 0.250000 0.250000 
  39
0.479817 0.002210 0.046210 
0.462778 0.995483 0.462022 
0.057405 0.002306 0.491768 
0.991510 0.002840 0.002721 0.002929 
0.250000 0.250000 0.250000 0.250000 
  40
0.479817 0.002210 0.046210 
0.462778 0.995483 0.462022 
0.057405 0.002306 0.491768 
0.986553 0.006994 0.002956 0.003497 
0.250000 0.250000 0.250000 0.250000 
  41
0.479817 0.002210 0.046210 
0.462778 0.995483 0.462022 
0.057405 0.002306 0.491768 
0.002493 0.002493 0.985260 0.009755 
0.250000 0.250000 0.250000 0.250000 
  42
0.479817 0.002210 0.046210 
0.462778 0.995483 0.462022 
0.057405 0.002306 0.491768 
0.005258 0.002750 0.983841 0.008151 
0.250000 0.250000 0.250000 0.250000 
  43
0.479817 0.002210 0.046210 
0.462778 0.995483 0.462022 
0.057405 0.002306 0.491768 
0.016274 0.978037 0.002493 0.003196 
0.250000 0.250000 0.250000 0.250000 
  44
0.479817 0.002210 0.046210 
0.462778 0.995483 0.462022 
0.057405 0.002306 0.491768 
0.002493 0.002493 0.991136 0.003879 
0.250000 0.250000 0.250000 0.250000 
  45
0.479817 0.002210 0.046210 
0.462778 0.995483 0.462022 
0.057405 0.002306 0.491768 
0.988775 0.004313 0.002865 0.004047 
0.250000 0.250000 0.250000 0.250000 
  46
0.479817 0.002210 0.046210 
0.462778 0.995483 0.462022 
0.057405 0.002306 0.491768 
0.989821 0.004660 0.002712 0.002807 
0.250000 0.250000 0.250000 0.250000 
  47
0.479817 0.002210 0.046210 
0.462778 0.995483 0.462022 
0.057405 0.002306 0.491768 
0.989862 0.004860 0.002785 0.002493 
0.250000 0.250000 0.250000 0.250000 
  48
0.479817 0.002210 0.046210 
0.462778 0.995483 0.462022 
0.057405 0.002306 0.491768 
0.004641 0.003461 0.008663 0.983234 
0.250000 0.250000 0.250000 0.250000 
  49
0.479817 0.002210 0.046210 
0.462778 0.995483 0.462022 
0.057405 0.002306 0.491768 
0.005009 0.989264 0.002686 0.003041 
0.250000 0.250000 0.250000 0.250000 
  50
0.479817 0.002210 0.046210 
0.462778 0.995483 0.462022 
0.057405 0.002306 0.491768 
0.002493 0.002832 0.992183 0.002493 
0.250000 0.250000 0.250000 0.250000 
  51
0.479817 0.002210 0.046210 
0.462778 0.995483 0.462022 
0.057405 0.002306 0.491768 
0.988396 0.003571 0.003608 0.004424 
0.250000 0.250000 0.250000 0.250000 
  52
0.479817 0.002210 0.046210 
0.462778 0.995483 0.462022 
0.057405 0.002306 0.491768 
0.002753 0.991902 0.002493 0.002853 
0.250000 0.250000 0.250000 0.250000 
  53
0.479817 0.002210 0.046210 
0.462778 0.995483 0.462022 
0.057405 0.002306 0.491768 
0.991910 0.002838 0.002759 0.002493 
0.250000 0.250000 0.250000 0.250000 
  54
0.479817 0.002210 0.046210 
0.462778 0.995483 0.462022 
0.057405 0.002306 0.491768 
0.002493 0.002810 0.991768 0.002929 
0.250000 0.250000 0.250000 0.250000 
  55
0.479817 0.002210 0.046210 
0.462778 0.995483 0.462022 
0.057405 0.002306 0.491768 
0.992522 0.002493 0.002493 0.002493 
0.250000 0.250000 0.250000 0.250000 
  56
0.479817 0.002210 0.046210 
0.462778 0.995483 0.462022 
0.057405 0.002306 0.491768 
0.002744 0.002493 0.991518 0.003245 
0.250000 0.250000 0.250000 0.250000 
  57
0.479817 0.002210 0.046210 
0.462778 0.995483 0.462022 
0.057405 0.002306 0.491768 
0.990571 0.003198 0.002717 0.003514 
0.250000 0.250000 0.250000 0.250000 
  58
0.479817 0.002210 0.046210 
0.462778 0.995483 0.462022 
0.057405 0.002306 0.491768 
0.003098 0.002493 0.005979 0.988430 
0.250000 0.250000 0.250000 0.250000 
  59
0.479817 0.002210 0.046210 
0.462778 0.995483 0.462022 
0.057405 0.002306 0.491768 
0.002493 0.002493 0.002493 0.992522 
0.250000 0.250000 0.250000 0.250000 
  60
0.479817 0.002210 0.046210 
0.462778 0.995483 0.462022 
0.057405 0.002306 0.491768 
0.982468 0.012546 0.002493 0.002493 
0.250000 0.250000 0.250000 0.250000 
  61
0.479817 0.002210 0.046210 
0.462778 0.995483 0.462022 
0.057405 0.002306 0.491768 
0.002908 0.002493 0.003080 0.991519 
0.250000 0.250000 0.250000 0.250000 
  62
0.479817 0.002210 0.046210 
0.462778 0.995483 0.462022 
0.057405 0.002306 0.491768 
0.002493 0.992522 0.002493 0.002493 
0.250000 0.250000 0.250000 0.250000 
  63
0.479817 0.002210 0.046210 
0.462778 0.995483 0.462022 
0.057405 0.002306 0.491768 
0.002493 0.002973 0.006457 0.988077 
0.250000 0.250000 0.250000 0.250000 
  64
0.479817 0.002210 0.046210 
0.462778 0.995483 0.462022 
0.057405 0.002306 0.491768 
0.989186 0.004923 0.003399 0.002493 
0.250000 0.250000 0.250000 0.250000 
  65
0.479817 0.002210 0.046210 
0.462778 0.995483 0.462022 
0.057405 0.002306 0.491768 
0.002493 0.003900 0.002851 0.990757 
0.250000 0.250000 0.250000 0.250000 
  66
0.479817 0.002210 0.046210 
0.462778 0.995483 0.462022 
0.057405 0.002306 0.491768 
0.990823 0.002871 0.002906 0.003400 
0.250000 0.250000 0.250000 0.250000 
  67
0.479817 0.002210 0.046210 
0.462778 0.995483 0.462022 
0.057405 0.002306 0.491768 
0.002835 0.992179 0.002493 0.002493 
0.250000 0.250000 0.250000 0.250000 
  68
0.479817 0.002210 0.046210 
0.462778 0.995483 0.462022 
0.057405 0.002306 0.491768 
0.002493 0.992522 0.002493 0.002493 
0.250000 0.250000 0.250000 0.250000 
  69
0.479817 0.002210 0.046210 
0.462778 0.995483 0.462022 
0.057405 0.002306 0.491768 
0.002728 0.003209 0.003855 0.990209 
0.250000 0.250000 0.250000 0.250000 
  70
0.479817 0.002210 0.046210 
0.462778 0.995483 0.462022 
0.057405 0.002306 0.491768 
0.002494 0.002494 0.003769 0.991242 
0.250000 0.250000 0.250000 0.250000 
  71
0.479817 0.002210 0.046210 
0.462778 0.995483 0.462022 
0.057405 0.002306 0.491768 
0.990988 0.003399 0.002493 0.003120 
0.250000 0.250000 0.250000 0.250000 
  72
0.479817 0.002210 0.046210 
0.462778 0.995483 0.462022 
0.057405 0.002306 0.491768 
0.002493 0.003399 0.050843 0.943266 
0.250000 0.250000 0.250000 0.250000 
  73
0.479817 0.002210 0.046210 
0.462778 0.995483 0.462022 
0.057405 0.002306 0.491768 
0.002493 0.002493 0.992522 0.002493 
0.250000 0.250000 0.250000 0.250000 
  74
0.479817 0.002210 0.046210 
0.462778 0.995483 0.462022 
0.057405 0.002306 0.491768 
0.992181 0.002833 0.002493 0.002493 
0.250000 0.250000 0.250000 0.250000 
  75
0.479817 0.002210 0.046210 
0.462778 0.995483 0.462022 
0.057405 0.002306 0.491768 
0.002742 0.002493 0.004120 0.990645 
0.250000 0.250000 0.250000 0.250000 
  76
0.479817 0.002210 0.046210 
0.462778 0.995483 0.462022 
0.057405 0.002306 0.491768 
0.003927 0.991082 0.002495 0.002495 
0.250000 0.250000 0.250000 0.250000 
  77
0.479817 0.002210 0.046210 
0.462778 0.995483 0.462022 
0.057405 0.002306 0.491768 
0.002494 0.002798 0.991968 0.002740 
0.250000 0.250000 0.250000 0.250000 
  78
0.479817 0.002210 0.046210 
0.462778 0.995483 0.462022 
0.057405 0.002306 0.491768 
0.010819 0.983660 0.002493 0.003029 
0.250000 0.250000 0.250000 0.250000 
  79
0.479817 0.002210 0.046210 
0.462778 0.995483 0.462022 
0.057405 0.002306 0.491768 
0.991733 0.003036 0.002493 0.002738 
0.250000 0.250000 0.250000 0.250000 
  80
0.479817 0.002210 0.046210 
0.462778 0.995483 0.462022 
0.057405 0.002306 0.491768 
0.990889 0.002835 0.003784 0.002493 
0.250000 0.250000 0.250000 0.250000 
  81
0.479817 0.002210 0.046210 
0.462778 0.995483 0.462022 
0.057405 0.002306 0.491768 
0.002493 0.002493 0.991442 0.003572 
0.250000 0.250000 0.250000 0.250000 
  82
0.479817 0.002210 0.046210 
0.462778 0.995483 0.462022 
0.057405 0.002306 0.491768 
0.991936 0.002799 0.002493 0.002772 
0.250000 0.250000 0.250000 0.250000 
  83
0.479817 0.002210 0.046210 
0.462778 0.995483 0.462022 
0.057405 0.002306 0.491768 
0.991195 0.003819 0.002493 0.002493 
0.250000 0.250000 0.250000 0.250000 
  84
0.479817 0.002210 0.046210 
0.462778 0.995483 0.462022 
0.057405 0.002306 0.491768 
0.002493 0.002493 0.006928 0.988087 
0.250000 0.250000 0.250000 0.250000 
  85
0.479817 0.002210 0.046210 
0.462778 0.995483 0.462022 
0.057405 0.002306 0.491768 
0.002493 0.002493 0.002846 0.992169 
0.250000 0.250000 0.250000 0.250000 
  86
0.479817 0.002210 0.046210 
0.462778 0.995483 0.462022 
0.057405 0.002306 0.491768 
0.002493 0.002493 0.992111 0.002903 
0.250000 0.250000 0.250000 0.250000 
  87
0.479817 0.002210 0.046210 
0.462778 0.995483 0.462022 
0.057405 0.002306 0.491768 
0.991145 0.003312 0.002493 0.003051 
0.250000 0.250000 0.250000 0.250000 
  88
0.479817 0.002210 0.046210 
0.462778 0.995483 0.462022 
0.057405 0.002306 0.491768 
0.991508 0.003029 0.002691 0.002772 
0.250000 0.250000 0.250000 0.250000 
  89
0.479817 0.002210 0.046210 
0.462778 0.995483 0.462022 
0.057405 0.002306 0.491768 
0.002493 0.002493 0.992103 0.002912 
0.250000 0.250000 0.250000 0.250000 
  90
0.479817 0.002210 0.046210 
0.462778 0.995483 0.462022 
0.057405 0.002306 0.491768 
0.980903 0.011583 0.002688 0.004826 
0.250000 0.250000 0.250000 0.250000 
  91
0.479817 0.002210 0.046210 
0.462778 0.995483 0.462022 
0.057405 0.002306 0.491768 
0.003305 0.991710 0.002493 0.002493 
0.250000 0.250000 0.250000 0.250000 
  92
0.479817 0.002210 0.046210 
0.462778 0.995483 0.462022 
0.057405 0.002306 0.491768 
0.992098 0.002917 0.002493 0.002493 
0.250000 0.250000 0.250000 0.250000 
  93
0.479817 0.002210 0.046210 
0.462778 0.995483 0.462022 
0.057405 0.002306 0.491768 
0.003134 0.002768 0.990707 0.003392 
0.250000 0.250000 0.250000 0.250000 
  94
0.479817 0.002210 0.046210 
0.462778 0.995483 0.462022 
0.057405 0.002306 0.491768 
0.992522 0.002493 0.002493 0.002493 
0.250000 0.250000 0.250000 0.250000 
  95
0.479817 0.002210 0.046210 
0.462778 0.995483 0.462022 
0.057405 0.002306 0.491768 
0.002863 0.002493 0.991014 0.003630 
0.250000 0.250000 0.250000 0.250000 
  96
0.479817 0.002210 0.046210 
0.462778 0.995483 0.462022 
0.057405 0.002306 0.491768 
0.003058 0.002493 0.003586 0.990863 
0.250000 0.250000 0.250000 0.250000 
  97
0.479817 0.002210 0.046210 
0.462778 0.995483 0.462022 
0.057405 0.002306 0.491768 
0.003655 0.991360 0.002493 0.002493 
0.250000 0.250000 0.250000 0.250000 
  98
0.479817 0.002210 0.046210 
0.462778 0.995483 0.462022 
0.057405 0.002306 0.491768 
0.002759 0.002828 0.002493 0.991920 
0.250000 0.250000 0.250000 0.250000 
  99
0.479817 0.002210 0.046210 
0.462778 0.995483 0.462022 
0.057405 0.002306 0.491768 
0.989033 0.005380 0.002493 0.003094 
0.250000 0.250000 0.250000 0.250000 
 100
0.479817 0.002210 0.046210 
0.462778 0.995483 0.462022 
0.057405 0.002306 0.491768 
0.002890 0.991862 0.002493 0.002755 
0.250000 0.250000 0.250000 0.250000 
 101
0.479817 0.002210 0.046210 
0.462778 0.995483 0.462022 
0.057405 0.002306 0.491768 
0.992165 0.002493 0.002493 0.002849 
0.250000 0.250000 0.250000 0.250000 
 102
0.479817 0.002210 0.046210 
0.462778 0.995483 0.462022 
0.057405 0.002306 0.491768 
0.002493 0.002912 0.990263 0.004332 
0.250000 0.250000 0.250000 0.250000 
 103
0.479817 0.002210 0.046210 
0.462778 0.995483 0.462022 
0.057405 0.002306 0.491768 
0.992522 0.002493 0.002493 0.002493 
0.250000 0.250000 0.250000 0.250000 
 104
0.479817 0.002210 0.046210 
0.462778 0.995483 0.462022 
0.057405 0.002306 0.491768 
0.002493 0.002493 0.992522 0.002493 
0.250000 0.250000 0.250000 0.250000 
 105
0.479817 0.002210 0.046210 
0.462778 0.995483 0.462022 
0.057405 0.002306 0.491768 
0.988856 0.004153 0.003980 0.003011 
0.250000 0.250000 0.250000 0.250000 
 106
0.479817 0.002210 0.046210 
0.462778 0.995483 0.462022 
0.057405 0.002306 0.491768 
0.017746 0.975437 0.002494 0.004323 
0.250000 0.250000 0.250000 0.250000 
 107
0.479817 0.002210 0.046210 
0.462778 0.995483 0.462022 
0.057405 0.002306 0.491768 
0.002493 0.002493 0.002493 0.992522 
0.250000 0.250000 0.250000 0.250000 
 108
0.479817 0.002210 0.046210 
0.462778 0.995483 0.462022 
0.057405 0.002306 0.491768 
0.986848 0.007628 0.002697 0.002827 
0.250000 0.250000 0.250000 0.250000 
 109
0.479817 0.002210 0.046210 
0.462778 0.995483 0.462022 
0.057405 0.002306 0.491768 
0.002869 0.002493 0.989311 0.005327 
0.250000 0.250000 0.250000 0.250000 
 110
0.479817 0.002210 0.046210 
0.462778 0.995483 0.462022 
0.057405 0.002306 0.491768 
0.002493 0.002493 0.002493 0.992522 
0.250000 0.250000 0.250000 0.250000 
 111
0.479817 0.002210 0.046210 
0.462778 0.995483 0.462022 
0.057405 0.002306 0.491768 
0.989897 0.004336 0.002829 0.002938 
0.250000 0.250000 0.250000 0.250000 
 112
0.479817 0.002210 0.046210 
0.462778 0.995483 0.462022 
0.057405 0.002306 0.491768 
0.004024 0.990457 0.003026 0.002493 
0.250000 0.250000 0.250000 0.250000 
 113
0.479817 0.002210 0.046210 
0.462778 0.995483 0.462022 
0.057405 0.002306 0.491768 
0.991994 0.002749 0.002765 0.002493 
0.250000 0.250000 0.250000 0.250000 
 114
0.479817 0.002210 0.046210 
0.462778 0.995483 0.462022 
0.057405 0.002306 0.491768 
0.986464 0.008258 0.002786 0.002493 
0.250000 0.250000 0.250000 0.250000 
 115
0.479817 0.002210 0.046210 
0.462778 0.995483 0.462022 
0.057405 0.002306 0.491768 
0.992041 0.002973 0.002493 0.002493 
0.250000 0.250000 0.250000 0.250000 
 116
0.479817 0.002210 0.046210 
0.462778 0.995483 0.462022 
0.057405 0.002306 0.491768 
0.988883 0.005792 0.002493 0.002831 
0.250000 0.250000 0.250000 0.250000 
 117
0.479817 0.002210 0.046210 
0.462778 0.995483 0.462022 
0.057405 0.002306 0.491768 
0.004395 0.990358 0.002493 0.002755 
0.250000 0.250000 0.250000 0.250000 
 118
0.479817 0.002210 0.046210 
0.462778 0.995483 0.462022 
0.057405 0.002306 0.491768 
0.991822 0.003193 0.002493 0.002493 
0.250000 0.250000 0.250000 0.250000 
 119
0.479817 0.002210 0.046210 
0.462778 0.995483 0.462022 
0.057405 0.002306 0.491768 
0.992522 0.002493 0.002493 0.002493 
0.250000 0.250000 0.250000 0.250000 
 120
0.479817 0.002210 0.046210 
0.462778 0.995483 0.462022 
0.057405 0.002306 0.491768 
0.003082 0.002493 0.003977 0.990448 
0.250000 0.250000 0.250000 0.250000 
 121
0.479817 0.002210 0.046210 
0.462778 0.995483 0.462022 
0.057405 0.002306 0.491768 
0.003151 0.991592 0.002493 0.002763 
0.250000 0.250000 0.250000 0.250000 
 122
0.479817 0.002210 0.046210 
0.462778 0.995483 0.462022 
0.057405 0.002306 0.491768 
0.002493 0.002493 0.003017 0.991997 
0.250000 0.250000 0.250000 0.250000 
 123
0.479817 0.002210 0.046210 
0.462778 0.995483 0.462022 
0.057405 0.002306 0.491768 
0.988576 0.005418 0.003513 0.002493 
0.250000 0.250000 0.250000 0.250000 
 124
0.479817 0.002210 0.046210 
0.462778 0.995483 0.462022 
0.057405 0.002306 0.491768 
0.991585 0.002747 0.003176 0.002493 
0.250000 0.250000 0.250000 0.250000 
 125
0.479817 0.002210 0.046210 
0.462778 0.995483 0.462022 
0.057405 0.002306 0.491768 
0.002737 0.002493 0.991857 0.002913 
0.250000 0.250000 0.250000 0.250000 
 126
0.479817 0.002210 0.046210 
0.462778 0.995483 0.462022 
0.057405 0.002306 0.491768 
0.990760 0.003618 0.002700 0.002922 
0.250000 0.250000 0.250000 0.250000 
 127
0.479817 0.002210 0.046210 
0.462778 0.995483 0.462022 
0.057405 0.002306 0.491768 
0.002964 0.991786 0.002493 0.002758 
0.250000 0.250000 0.250000 0.250000 
 128
0.479817 0.002210 0.046210 
0.462778 0.995483 0.462022 
0.057405 0.002306 0.491768 
0.002493 0.002493 0.002904 0.992110 
0.250000 0.250000 0.250000 0.250000 
 129
0.479817 0.002210 0.046210 
0.462778 0.995483 0.462022 
0.057405 0.002306 0.491768 
0.989406 0.004674 0.002699 0.003222 
0.250000 0.250000 0.250000 0.250000 
 130
0.479817 0.002210 0.046210 
0.462778 0.995483 0.462022 
0.057405 0.002306 0.491768 
0.992522 0.002493 0.002493 0.002493 
0.250000 0.250000 0.250000 0.250000 
 131
0.479817 0.002210 0.046210 
0.462778 0.995483 0.462022 
0.057405 0.002306 0.491768 
0.002493 0.002493 0.992522 0.002493 
0.250000 0.250000 0.250000 0.250000 
 132
0.479817 0.002210 0.046210 
0.462778 0.995483 0.462022 
0.057405 0.002306 0.491768 
0.974444 0.004337 0.002741 0.018478 
0.250000 0.250000 0.250000 0.250000 
 133
0.479817 0.002210 0.046210 
0.462778 0.995483 0.462022 
0.057405 0.002306 0.491768 
0.002749 0.002493 0.992008 0.002750 
0.250000 0.250000 0.250000 0.250000 
 134
0.479817 0.002210 0.046210 
0.462778 0.995483 0.462022 
0.057405 0.002306 0.491768 
0.992002 0.003013 0.002493 0.002493 
0.250000 0.250000 0.250000 0.250000 
 135
0.479817 0.002210 0.046210 
0.462778 0.995483 0.462022 
0.057405 0.002306 0.491768 
0.003033 0.002493 0.986596 0.007879 
0.250000 0.250000 0.250000 0.250000 
 136
0.479817 0.002210 0.046210 
0.462778 0.995483 0.462022 
0.057405 0.002306 0.491768 
0.002493 0.002832 0.002493 0.992183 
0.250000 0.250000 0.250000 0.250000 
 137
0.479817 0.002210 0.046210 
0.462778 0.995483 0.462022 
0.057405 0.002306 0.491768 
0.002493 0.002493 0.992521 0.002493 
0.250000 0.250000 0.250000 0.250000 
 138
0.479817 0.002210 0.046210 
0.462778 0.995483 0.462022 
0.057405 0.002306 0.491768 
0.002824 0.003082 0.004825 0.989270 
0.250000 0.250000 0.250000 0.250000 
 139
0.479817 0.002210 0.046210 
0.462778 0.995483 0.462022 
0.057405 0.002306 0.491768 
0.004091 0.990241 0.002493 0.003175 
0.250000 0.250000 0.250000 0.250000 
 140
0.479817 0.002210 0.046210 
0.462778 0.995483 0.462022 
0.057405 0.002306 0.491768 
0.002493 0.002493 0.009031 0.985984 
0.250000 0.250000 0.250000 0.250000 
 141
0.479817 0.002210 0.046210 
0.462778 0.995483 0.462022 
0.057405 0.002306 0.491768 
0.002910 0.002697 0.012513 0.981880 
0.250000 0.250000 0.250000 0.250000 
 142
0.479817 0.002210 0.046210 
0.462778 0.995483 0.462022 
0.057405 0.002306 0.491768 
0.982772 0.011750 0.002985 0.002493 
0.250000 0.250000 0.250000 0.250000 
 143
0.479817 0.002210 0.046210 
0.462778 0.995483 0.462022 
0.057405 0.002306 0.491768 
0.992057 0.002957 0.002493 0.002493 
0.250000 0.250000 0.250000 0.250000 
 144
0.479817 0.002210 0.046210 
0.462778 0.995483 0.462022 
0.057405 0.002306 0.491768 
0.002494 0.002494 0.859805 0.135208 
0.250000 0.250000 0.250000 0.250000 
 145
0.479817 0.002210 0.046210 
0.462778 0.995483 0.462022 
0.057405 0.002306 0.491768 
0.031918 0.003257 0.961918 0.002907 
0.250000 0.250000 0.250000 0.250000 
 146
0.479817 0.002210 0.046210 
0.462778 0.995483 0.462022 
0.057405 0.002306 0.491768 
0.002493 0.002493 0.002871 0.992144 
0.250000 0.250000 0.250000 0.250000 
 147
0.479817 0.002210 0.046210 
0.462778 0.995483 0.462022 
0.057405 0.002306 0.491768 
0.002493 0.002740 0.004439 0.990328 
0.250000 0.250000 0.250000 0.250000 
 148
0.479817 0.002210 0.046210 
0.462778 0.995483 0.462022 
0.057405 0.002306 0.491768 
0.003065 0.002493 0.988367 0.006075 
0.250000 0.250000 0.250000 0.250000 
 149
0.479817 0.002210 0.046210 
0.462778 0.995483 0.462022 
0.057405 0.002306 0.491768 
0.002493 0.002493 0.002493 0.992522 
0.250000 0.250000 0.250000 0.250000 
 150
0.479817 0.002210 0.046210 
0.462778 0.995483 0.462022 
0.057405 0.002306 0.491768 
0.990287 0.004068 0.002949 0.002697 
0.250000 0.250000 0.250000 0.250000 
 151
0.479817 0.002210 0.046210 
0.462778 0.995483 0.462022 
0.057405 0.002306 0.491768 
0.003176 0.991838 0.002493 0.002493 
0.250000 0.250000 0.250000 0.250000 
 152
0.479817 0.002210 0.046210 
0.462778 0.995483 0.462022 
0.057405 0.002306 0.491768 
0.992179 0.002836 0.002493 0.002493 
0.250000 0.250000 0.250000 0.250000 
 153
0.479817 0.002210 0.046210 
0.462778 0.995483 0.462022 
0.057405 0.002306 0.491768 
0.990701 0.004314 0.002493 0.002493 
0.250000 0.250000 0.250000 0.250000 
 154
0.479817 0.002210 0.046210 
0.462778 0.995483 0.462022 
0.057405 0.002306 0.491768 
0.005956 0.988209 0.002493 0.003342 
0.250000 0.250000 0.250000 0.250000 
 155
0.479817 0.002210 0.046210 
0.462778 0.995483 0.462022 
0.057405 0.002306 0.491768 
0.989216 0.005403 0.002493 0.002888 
0.250000 0.250000 0.250000 0.250000 
 156
0.479817 0.002210 0.046210 
0.462778 0.995483 0.462022 
0.057405 0.002306 0.491768 
0.003227 0.002493 0.990952 0.003328 
0.250000 0.250000 0.250000 0.250000 
 157
0.479817 0.002210 0.046210 
0.462778 0.995483 0.462022 
0.057405 0.002306 0.491768 
0.990649 0.003907 0.002951 0.002493 
0.250000 0.250000 0.250000 0.250000 
 158
0.479817 0.002210 0.046210 
0.462778 0.995483 0.462022 
0.057405 0.002306 0.491768 
0.990879 0.003844 0.002493 0.002784 
0.250000 0.250000 0.250000 0.250000 
 159
0.479817 0.002210 0.046210 
0.462778 0.995483 0.462022 
0.057405 0.002306 0.491768 
0.049460 0.944290 0.002494 0.003756 
0.250000 0.250000 0.250000 0.250000 
 160
0.479817 0.002210 0.046210 
0.462778 0.995483 0.462022 
0.057405 0.002306 0.491768 
0.003626 0.002493 0.990875 0.003006 
0.250000 0.250000 0.250000 0.250000 
 161
0.479817 0.002210 0.046210 
0.462778 0.995483 0.462022 
0.057405 0.002306 0.491768 
0.990813 0.002493 0.004201 0.002493 
0.250000 0.250000 0.250000 0.250000 
 162
0.479817 0.002210 0.046210 
0.462778 0.995483 0.462022 
0.057405 0.002306 0.491768 
0.002788 0.002493 0.005870 0.988848 
0.250000 0.250000 0.250000 0.250000 
 163
0.479817 0.002210 0.046210 
0.462778 0.995483 0.462022 
0.057405 0.002306 0.491768 
0.982265 0.012505 0.002493 0.002738 
0.250000 0.250000 0.250000 0.250000 
 164
0.479817 0.002210 0.046210 
0.462778 0.995483 0.462022 
0.057405 0.002306 0.491768 
0.990951 0.003683 0.002873 0.002493 
0.250000 0.250000 0.250000 0.250000 
 165
0.479817 0.002210 0.046210 
0.462778 0.995483 0.462022 
0.057405 0.002306 0.491768 
0.002848 0.002493 0.974942 0.019717 
0.250000 0.250000 0.250000 0.250000 
 166
0.479817 0.002210 0.046210 
0.462778 0.995483 0.462022 
0.057405 0.002306 0.491768 
0.004068 0.990542 0.002493 0.002898 
0.250000 0.250000 0.250000 0.250000 
 167
0.479817 0.002210 0.046210 
0.462778 0.995483 0.462022 
0.057405 0.002306 0.491768 
0.007552 0.986286 0.002493 0.003669 
0.250000 0.250000 0.250000 0.250000 
 168
0.479817 0.002210 0.046210 
0.462778 0.995483 0.462022 
0.057405 0.002306 0.491768 
0.012811 0.981524 0.002493 0.003172 
0.250000 0.250000 0.250000 0.250000 
 169
0.479817 0.002210 0.046210 
0.462778 0.995483 0.462022 
0.057405 0.002306 0.491768 
0.991945 0.002743 0.002820 0.002493 
0.250000 0.250000 0.250000 0.250000 
 170
0.479817 0.002210 0.046210 
0.462778 0.995483 0.462022 
0.057405 0.002306 0.491768 
0.991892 0.002868 0.002747 0.002493 
0.250000 0.250000 0.250000 0.250000 
 171
0.479817 0.002210 0.046210 
0.462778 0.995483 0.462022 
0.057405 0.002306 0.491768 
0.988788 0.006227 0.002493 0.002493 
0.250000 0.250000 0.250000 0.250000 
 172
0.479817 0.002210 0.046210 
0.462778 0.995483 0.462022 
0.057405 0.002306 0.491768 
0.002925 0.002493 0.974053 0.020530 
0.250000 0.250000 0.250000 0.250000 
 173
0.479817 0.002210 0.046210 
0.462778 0.995483 0.462022 
0.057405 0.002306 0.491768 
0.002493 0.002493 0.002493 0.992522 
0.250000 0.250000 0.250000 0.250000 
 174
0.479817 0.002210 0.046210 
0.462778 0.995483 0.462022 
0.057405 0.002306 0.491768 
0.990855 0.003918 0.002735 0.002493 
0.250000 0.250000 0.250000 0.250000 
 175
0.479817 0.002210 0.046210 
0.462778 0.995483 0.462022 
0.057405 0.002306 0.491768 
0.002493 0.003026 0.002493 0.991988 
0.250000 0.250000 0.250000 0.250000 
 176
0.479817 0.002210 0.046210 
0.462778 0.995483 0.462022 
0.057405 0.002306 0.491768 
0.002493 0.992522 0.002493 0.002493 
0.250000 0.250000 0.250000 0.250000 
 177
0.479817 0.002210 0.046210 
0.462778 0.995483 0.462022 
0.057405 0.002306 0.491768 
0.002493 0.002493 0.991521 0.003492 
0.250000 0.250000 0.250000 0.250000 
 178
0.479817 0.002210 0.046210 
0.462778 0.995483 0.462022 
0.057405 0.002306 0.491768 
0.991550 0.002832 0.003126 0.002493 
0.250000 0.250000 0.250000 0.250000 
 179
0.479817 0.002210 0.046210 
0.462778 0.995483 0.462022 
0.057405 0.002306 0.491768 
0.989191 0.005577 0.002493 0.002739 
0.250000 0.250000 0.250000 0.250000 
 180
0.479817 0.002210 0.046210 
0.462778 0.995483 0.462022 
0.057405 0.002306 0.491768 
0.989711 0.005303 0.002493 0.002493 
0.250000 0.250000 0.250000 0.250000 
 181
0.479817 0.002210 0.046210 
0.462778 0.995483 0.462022 
0.057405 0.002306 0.491768 
0.003170 0.002493 0.989637 0.004700 
0.250000 0.250000 0.250000 0.250000 
 182
0.479817 0.002210 0.046210 
0.462778 0.995483 0.462022 
0.057405 0.002306 0.491768 
0.002493 0.002493 0.003003 0.992011 
0.250000 0.250000 0.250000 0.250000 
 183
0.479817 0.002210 0.046210 
0.462778 0.995483 0.462022 
0.057405 0.002306 0.491768 
0.960028 0.034677 0.002493 0.002801 
0.250000 0.250000 0.250000 0.250000 
 184
0.479817 0.002210 0.046210 
0.462778 0.995483 0.462022 
0.057405 0.002306 0.491768 
0.988903 0.006110 0.002494 0.002494 
0.250000 0.250000 0.250000 0.250000 
 185
0.479817 0.002210 0.046210 
0.462778 0.995483 0.462022 
0.057405 0.002306 0.491768 
0.009676 0.984682 0.002708 0.002935 
0.250000 0.250000 0.250000 0.250000 
 186
0.479817 0.002210 0.046210 
0.462778 0.995483 0.462022 
0.057405 0.002306 0.491768 
0.990956 0.003803 0.002494 0.002747 
0.250000 0.250000 0.250000 0.250000 
 187
0.479817 0.002210 0.046210 
0.462778 0.995483 0.462022 
0.057405 0.002306 0.491768 
0.002494 0.992517 0.002494 0.002494 
0.250000 0.250000 0.250000 0.250000 
 188
0.479817 0.002210 0.046210 
0.462778 0.995483 0.462022 
0.057405 0.002306 0.491768 
0.003547 0.991466 0.002494 0.002494 
0.250000 0.250000 0.250000 0.250000 
 189
0.479817 0.002210 0.046210 
0.462778 0.995483 0.462022 
0.057405 0.002306 0.491768 
0.011210 0.983355 0.002494 0.002942 
0.250000 0.250000 0.250000 0.250000 
 190
0.479817 0.002210 0.046210 
0.462778 0.995483 0.462022 
0.057405 0.002306 0.491768 
0.010270 0.984501 0.002494 0.002736 
0.250000 0.250000 0.250000 0.250000 
 191
0.479817 0.002210 0.046210 
0.462778 0.995483 0.462022 
0.057405 0.002306 0.491768 
0.003610 0.002829 0.003731 0.989830 
0.250000 0.250000 0.250000 0.250000 
 192
0.479817 0.002210 0.046210 
0.462778 0.995483 0.462022 
0.057405 0.002306 0.491768 
0.990394 0.004197 0.002495 0.002914 
0.250000 0.250000 0.250000 0.250000 
 193
0.479817 0.002210 0.046210 
0.462778 0.995483 0.462022 
0.057405 0.002306 0.491768 
0.005691 0.985784 0.003230 0.005295 
0.250000 0.250000 0.250000 0.250000 
 194
0.479817 0.002210 0.046210 
0.462778 0.995483 0.462022 
0.057405 0.002306 0.491768 
0.002933 0.002725 0.989587 0.004754 
0.250000 0.250000 0.250000 0.250000 
 195
0.479817 0.002210 0.046210 
0.462778 0.995483 0.462022 
0.057405 0.002306 0.491768 
0.005690 0.002493 0.988572 0.003245 
0.250000 0.250000 0.250000 0.250000 
 196
0.479817 0.002210 0.046210 
0.462778 0.995483 0.462022 
0.057405 0.002306 0.491768 
0.002493 0.002493 0.992086 0.002928 
0.250000 0.250000 0.250000 0.250000 
 197
0.479817 0.002210 0.046210 
0.462778 0.995483 0.462022 
0.057405 0.002306 0.491768 
0.002740 0.002493 0.992032 0.002735 
0.250000 0.250000 0.250000 0.250000 
 198
0.479817 0.002210 0.046210 
0.462778 0.995483 0.462022 
0.057405 0.002306 0.491768 
0.990199 0.003891 0.002796 0.003114 
0.250000 0.250000 0.250000 0.250000 
 199
0.479817 0.002210 0.046210 
0.462778 0.995483 0.462022 
0.057405 0.002306 0.491768 
0.002493 0.002739 0.004299 0.990469 
0.250000 0.250000 0.250000 0.250000 
 200
0.479817 0.002210 0.046210 
0.462778 0.995483 0.462022 
0.057405 0.002306 0.491768 
0.002493 0.002493 0.002493 0.992522 
0.250000 0.250000 0.250000 0.250000 
 201
0.479817 0.002210 0.046210 
0.462778 0.995483 0.462022 
0.057405 0.002306 0.491768 
0.014324 0.980691 0.002493 0.002493 
0.250000 0.250000 0.250000 0.250000 
 202
0.479817 0.002210 0.046210 
0.462778 0.995483 0.462022 
0.057405 0.002306 0.491768 
0.003226 0.002493 0.991312 0.002969 
0.250000 0.250000 0.250000 0.250000 
 203
0.479817 0.002210 0.046210 
0.462778 0.995483 0.462022 
0.057405 0.002306 0.491768 
0.991319 0.003380 0.002808 0.002493 
0.250000 0.250000 0.250000 0.250000 
 204
0.479817 0.002210 0.046210 
0.462778 0.995483 0.462022 
0.057405 0.002306 0.491768 
0.002809 0.002694 0.003478 0.991020 
0.250000 0.250000 0.250000 0.250000 
 205
0.479817 0.002210 0.046210 
0.462778 0.995483 0.462022 
0.057405 0.002306 0.491768 
0.002493 0.002493 0.008632 0.986383 
0.250000 0.250000 0.250000 0.250000 
 206
0.479817 0.002210 0.046210 
0.462778 0.995483 0.462022 
0.057405 0.002306 0.491768 
0.002493 0.002493 0.002493 0.992522 
0.250000 0.250000 0.250000 0.250000 
 207
0.479817 0.002210 0.046210 
0.462778 0.995483 0.462022 
0.057405 0.002306 0.491768 
0.009734 0.985280 0.002493 0.002493 
0.250000 0.250000 0.250000 0.250000 
 208
0.479817 0.002210 0.046210 
0.462778 0.995483 0.462022 
0.057405 0.002306 0.491768 
0.002948 0.992067 0.002493 0.002493 
0.250000 0.250000 0.250000 0.250000 
 209
0.479817 0.002210 0.046210 
0.462778 0.995483 0.462022 
0.057405 0.002306 0.491768 
0.003208 0.991807 0.002493 0.002493 
0.250000 0.250000 0.250000 0.250000 
 210
0.479817 0.002210 0.046210 
0.462778 0.995483 0.462022 
0.057405 0.002306 0.491768 
0.007067 0.003272 0.006809 0.982852 
0.250000 0.250000 0.250000 0.250000 
 211
0.479817 0.002210 0.046210 
0.462778 0.995483 0.462022 
0.057405 0.002306 0.491768 
0.990580 0.004435 0.002493 0.002493 
0.250000 0.250000 0.250000 0.250000 
 212
0.479817 0.002210 0.046210 
0.462778 0.995483 0.462022 
0.057405 0.002306 0.491768 
0.989479 0.004985 0.002690 0.002845 
0.250000 0.250000 0.250000 0.250000 
 213
0.479817 0.002210 0.046210 
0.462778 0.995483 0.462022 
0.057405 0.002306 0.491768 
0.989830 0.003800 0.003334 0.003036 
0.250000 0.250000 0.250000 0.250000 
 214
0.479817 0.002210 0.046210 
0.462778 0.995483 0.462022 
0.057405 0.002306 0.491768 
0.002493 0.002493 0.002493 0.992522 
0.250000 0.250000 0.250000 0.250000 
 215
0.479817 0.002210 0.046210 
0.462778 0.995483 0.462022 
0.057405 0.002306 0.491768 
0.002493 0.992522 0.002493 0.002493 
0.250000 0.250000 0.250000 0.250000 
 216
0.479817 0.002210 0.046210 
0.462778 0.995483 0.462022 
0.057405 0.002306 0.491768 
0.002493 0.002493 0.011288 0.983727 
0.250000 0.250000 0.250000 0.250000 
 217
0.479817 0.002210 0.046210 
0.462778 0.995483 0.462022 
0.057405 0.002306 0.491768 
0.989957 0.005058 0.002493 0.002493 
0.250000 0.250000 0.250000 0.250000 
 218
0.479817 0.002210 0.046210 
0.462778 0.995483 0.462022 
0.057405 0.002306 0.491768 
0.988285 0.006149 0.003073 0.002493 
0.250000 0.250000 0.250000 0.250000 
 219
0.479817 0.002210 0.046210 
0.462778 0.995483 0.462022 
0.057405 0.002306 0.491768 
0.002748 0.002493 0.990984 0.003775 
0.250000 0.250000 0.250000 0.250000 
 220
0.479817 0.002210 0.046210 
0.462778 0.995483 0.462022 
0.057405 0.002306 0.491768 
0.992176 0.002839 0.002493 0.002493 
0.250000 0.250000 0.250000 0.250000 
 221
0.479817 0.002210 0.046210 
0.462778 0.995483 0.462022 
0.057405 0.002306 0.491768 
0.002493 0.002493 0.003324 0.991690 
0.250000 0.250000 0.250000 0.250000 
 222
0.479817 0.002210 0.046210 
0.462778 0.995483 0.462022 
0.057405 0.002306 0.491768 
0.010336 0.002493 0.010113 0.977059 
0.250000 0.250000 0.250000 0.250000 
 223
0.479817 0.002210 0.046210 
0.462778 0.995483 0.462022 
0.057405 0.002306 0.491768 
0.002493 0.992522 0.002493 0.002493 
0.250000 0.250000 0.250000 0.250000 
 224
0.479817 0.002210 0.046210 
0.462778 0.995483 0.462022 
0.057405 0.002306 0.491768 
0.002493 0.002493 0.992521 0.002493 
0.250000 0.250000 0.250000 0.250000 
 225
0.479817 0.002210 0.046210 
0.462778 0.995483 0.462022 
0.057405 0.002306 0.491768 
0.004475 0.025332 0.004081 0.966113 
0.250000 0.250000 0.250000 0.250000 
 226
0.479817 0.002210 0.046210 
0.462778 0.995483 0.462022 
0.057405 0.002306 0.491768 
0.002892 0.992123 0.002493 0.002493 
0.250000 0.250000 0.250000 0.250000 
 227
0.479817 0.002210 0.046210 
0.462778 0.995483 0.462022 
0.057405 0.002306 0.491768 
0.002493 0.992522 0.002493 0.002493 
0.250000 0.250000 0.250000 0.250000 
 228
0.479817 0.002210 0.046210 
0.462778 0.995483 0.462022 
0.057405 0.002306 0.491768 
0.004262 0.002803 0.989064 0.003871 
0.250000 0.250000 0.250000 0.250000 
 229
0.479817 0.002210 0.046210 
0.462778 0.995483 0.462022 
0.057405 0.002306 0.491768 
0.003243 0.002493 0.002860 0.991404 
0.250000 0.250000 0.250000 0.250000 
 230
0.479817 0.002210 0.046210 
0.462778 0.995483 0.462022 
0.057405 0.002306 0.491768 
0.002493 0.992522 0.002493 0.002493 
0.250000 0.250000 0.250000 0.250000 
 231
0.479817 0.002210 0.046210 
0.462778 0.995483 0.462022 
0.057405 0.002306 0.491768 
0.002493 0.992522 0.002493 0.002493 
0.250000 0.250000 0.250000 0.250000 
 232
0.479817 0.002210 0.046210 
0.462778 0.995483 0.462022 
0.057405 0.002306 0.491768 
0.991587 0.003182 0.002493 0.002738 
0.250000 0.250000 0.250000 0.250000 
 233
0.479817 0.002210 0.046210 
0.462778 0.995483 0.462022 
0.057405 0.002306 0.491768 
0.002493 0.002493 0.002945 0.992070 
0.250000 0.250000 0.250000 0.250000 
 234
0.479817 0.002210 0.046210 
0.462778 0.995483 0.462022 
0.057405 0.002306 0.491768 
0.003312 0.002493 0.988948 0.005247 
0.250000 0.250000 0.250000 0.250000 
 235
0.479817 0.002210 0.046210 
0.462778 0.995483 0.462022 
0.057405 0.002306 0.491768 
