%  SAM: /scicomp/home-pure/vfn4/Tools/label-dev/LABEL_RES/scripts/modelfromalign_Linux v3.5 (July 15, 2005) compiled 12/08/06_16:15:55
%  (c) 1992-2001 Regents of the University of California, Santa Cruz
%
%          Sequence Alignment and Modeling Software System
%         http://www.cse.ucsc.edu/research/compbio/sam.html
%
% ----------------- Citations (SAM, SAM-T2K, HMMs) --------------------
% R. Hughey, A. Krogh, Hidden Markov models for sequence analysis:
%  Extension and analysis of the basic method, CABIOS 12:95-107, 1996.
% K. Karplus, et al., What is the value added by human intervention in protein
%  structure prediction, Proteins: Stucture, Function, Genetics 45(S5):86--91, 2001.
% A. Krogh et al., Hidden Markov models in computational biology:
%  Applications to protein modeling, JMB 235:1501-1531, Feb 1994.
% ---------------------------------------------------------------------
%  c-2344abL2_hmm   Host: node235.hpc.biotech.cdc.gov    Fri Mar 31 14:47:15 2023
%  vfn4             Dir:  /scicomp/home-pure/vfn4/fluA/H5/c-2344/c-2344ab
% ---------------------------------------------------------------------
%  Alignment weights from internal calc.  Total (64.98) Max (0.39) Min (0.01)
%  Weights from alignment method 1 (karplus), b=-1.000000, e=0.500000
MODEL --  Model from alignment file /scicomp/home-pure/vfn4/Tools/label-dev/LABEL_RES/training_data/c2344ab/c-2344abL2.fasta
alphabet DNA
FREQAVE
0.000000 0.000000 0.000000 
0.000000 0.000000 0.000000 
0.000000 0.000000 0.000000 
0.345090 0.231430 0.187526 0.235953 
0.345090 0.231430 0.187526 0.235953 
Begin
0.000000 0.000000 0.000000 
0.000000 0.000000 0.000000 
0.000000 0.003283 0.491768 
0.250000 0.250000 0.250000 0.250000 
0.250000 0.250000 0.250000 0.250000 
   1
0.000000 0.185852 0.046210 
0.000000 0.810865 0.462022 
0.012050 0.004017 0.491768 
0.984461 0.004885 0.005768 0.004885 
0.250000 0.250000 0.250000 0.250000 
   2
0.882836 0.003850 0.046210 
0.105114 0.992133 0.462022 
0.012147 0.004008 0.491768 
0.004871 0.004871 0.004871 0.985387 
0.250000 0.250000 0.250000 0.250000 
   3
0.889140 0.003841 0.046210 
0.098713 0.992151 0.462022 
0.012156 0.004007 0.491768 
0.004870 0.985391 0.004870 0.004870 
0.250000 0.250000 0.250000 0.250000 
   4
0.889844 0.003841 0.046210 
0.097999 0.992153 0.462022 
0.012156 0.004007 0.491768 
0.011888 0.978373 0.004870 0.004870 
0.250000 0.250000 0.250000 0.250000 
   5
0.887705 0.003841 0.046210 
0.100138 0.992153 0.462022 
0.012182 0.004004 0.491768 
0.983728 0.006540 0.004866 0.004866 
0.250000 0.250000 0.250000 0.250000 
   6
0.885836 0.003838 0.046210 
0.101981 0.992157 0.462022 
0.012229 0.004000 0.491768 
0.014756 0.974953 0.004860 0.005431 
0.250000 0.250000 0.250000 0.250000 
   7
0.888051 0.003834 0.046210 
0.099721 0.992166 0.462022 
0.012242 0.003999 0.491768 
0.983043 0.007241 0.004858 0.004858 
0.250000 0.250000 0.250000 0.250000 
   8
0.886171 0.003833 0.046210 
0.101587 0.992168 0.462022 
0.012278 0.003996 0.491768 
0.973087 0.015991 0.006070 0.004852 
0.250000 0.250000 0.250000 0.250000 
   9
0.886359 0.003830 0.046210 
0.101363 0.992174 0.462022 
0.012307 0.003993 0.491768 
0.076764 0.004850 0.912477 0.005909 
0.250000 0.250000 0.250000 0.250000 
  10
0.885544 0.003828 0.046210 
0.102148 0.992179 0.462022 
0.012343 0.003990 0.491768 
0.984113 0.004843 0.005718 0.005326 
0.250000 0.250000 0.250000 0.250000 
  11
0.881352 0.003999 0.046210 
0.106304 0.992011 0.462022 
0.012420 0.003983 0.491768 
0.005622 0.004833 0.009397 0.980147 
0.250000 0.250000 0.250000 0.250000 
  12
0.886065 0.003818 0.046210 
0.101515 0.992199 0.462022 
0.012437 0.003982 0.491768 
0.976602 0.013169 0.004830 0.005398 
0.250000 0.250000 0.250000 0.250000 
  13
0.874318 0.003817 0.046210 
0.113244 0.992202 0.462022 
0.012601 0.003968 0.491768 
0.015568 0.973439 0.005207 0.005785 
0.250000 0.250000 0.250000 0.250000 
  14
0.880584 0.003803 0.046210 
0.106815 0.992229 0.462022 
0.012667 0.003962 0.491768 
0.004800 0.004800 0.008914 0.981486 
0.250000 0.250000 0.250000 0.250000 
  15
0.883973 0.003798 0.046210 
0.103360 0.992240 0.462022 
0.012683 0.003961 0.491768 
0.693687 0.296716 0.004799 0.004799 
0.250000 0.250000 0.250000 0.250000 
  16
0.882870 0.003970 0.046210 
0.104447 0.992070 0.462022 
0.012703 0.003959 0.491768 
0.006132 0.004797 0.977794 0.011277 
0.250000 0.250000 0.250000 0.250000 
  17
0.881883 0.003795 0.046210 
0.105415 0.992246 0.462022 
0.012741 0.003956 0.491768 
0.004790 0.004790 0.006012 0.984408 
0.250000 0.250000 0.250000 0.250000 
  18
0.883718 0.003792 0.046210 
0.103541 0.992252 0.462022 
0.012752 0.003955 0.491768 
0.174698 0.005549 0.007984 0.811769 
0.250000 0.250000 0.250000 0.250000 
  19
0.884451 0.003791 0.046210 
0.102798 0.992254 0.462022 
0.012752 0.003955 0.491768 
0.011353 0.004789 0.976091 0.007767 
0.250000 0.250000 0.250000 0.250000 
  20
0.883882 0.003791 0.046210 
0.103366 0.992254 0.462022 
0.012759 0.003954 0.491768 
0.004788 0.005801 0.005270 0.984141 
0.250000 0.250000 0.250000 0.250000 
  21
0.883757 0.003791 0.046210 
0.103484 0.992255 0.462022 
0.012767 0.003954 0.491768 
0.004787 0.004787 0.006306 0.984120 
0.250000 0.250000 0.250000 0.250000 
  22
0.884313 0.003790 0.046210 
0.102921 0.992256 0.462022 
0.012767 0.003954 0.491768 
0.005274 0.004787 0.981772 0.008167 
0.250000 0.250000 0.250000 0.250000 
  23
0.884313 0.003790 0.046210 
0.102921 0.992256 0.462022 
0.012767 0.003954 0.491768 
0.006296 0.004787 0.004787 0.984130 
0.250000 0.250000 0.250000 0.250000 
  24
0.882245 0.003790 0.046210 
0.104988 0.992256 0.462022 
0.012793 0.003952 0.491768 
0.005708 0.005192 0.011675 0.977425 
0.250000 0.250000 0.250000 0.250000 
  25
0.884073 0.003788 0.046210 
0.103134 0.992260 0.462022 
0.012793 0.003952 0.491768 
0.007182 0.980869 0.004784 0.007166 
0.250000 0.250000 0.250000 0.250000 
  26
0.878382 0.003788 0.046210 
0.108825 0.992260 0.462022 
0.012866 0.003946 0.491768 
0.005283 0.006759 0.982791 0.005166 
0.250000 0.250000 0.250000 0.250000 
  27
0.883409 0.004565 0.046210 
0.103724 0.991489 0.462022 
0.012828 0.003949 0.491768 
0.979740 0.007503 0.006766 0.005991 
0.250000 0.250000 0.250000 0.250000 
  28
0.877941 0.003785 0.046210 
0.109231 0.992266 0.462022 
0.012903 0.003943 0.491768 
0.976812 0.009492 0.007608 0.006088 
0.250000 0.250000 0.250000 0.250000 
  29
0.882172 0.003779 0.046210 
0.104925 0.992278 0.462022 
0.012915 0.003942 0.491768 
0.005335 0.004768 0.086275 0.903622 
0.250000 0.250000 0.250000 0.250000 
  30
0.878301 0.003779 0.046210 
0.108784 0.992279 0.462022 
0.012975 0.003937 0.491768 
0.977282 0.011638 0.006318 0.004762 
0.250000 0.250000 0.250000 0.250000 
  31
0.881782 0.003774 0.046210 
0.105243 0.992289 0.462022 
0.012984 0.003937 0.491768 
0.031439 0.956688 0.004760 0.007114 
0.250000 0.250000 0.250000 0.250000 
  32
0.881027 0.003773 0.046210 
0.105990 0.992290 0.462022 
0.013001 0.003935 0.491768 
0.004758 0.006312 0.009535 0.979396 
0.250000 0.250000 0.250000 0.250000 
  33
0.881610 0.003772 0.046210 
0.105389 0.992293 0.462022 
0.013008 0.003935 0.491768 
0.005259 0.008830 0.016791 0.969121 
0.250000 0.250000 0.250000 0.250000 
  34
0.877020 0.003772 0.046210 
0.109972 0.992294 0.462022 
0.013075 0.003929 0.491768 
0.968114 0.021124 0.004749 0.006013 
0.250000 0.250000 0.250000 0.250000 
  35
0.881519 0.003767 0.046210 
0.105406 0.992304 0.462022 
0.013075 0.003929 0.491768 
0.014483 0.974278 0.005548 0.005691 
0.250000 0.250000 0.250000 0.250000 
  36
0.881519 0.003767 0.046210 
0.105406 0.992304 0.462022 
0.013075 0.003929 0.491768 
0.004750 0.004750 0.982112 0.008387 
0.250000 0.250000 0.250000 0.250000 
  37
0.881519 0.003767 0.046210 
0.105406 0.992304 0.462022 
0.013075 0.003929 0.491768 
0.006371 0.004749 0.983614 0.005266 
0.250000 0.250000 0.250000 0.250000 
  38
0.881519 0.003767 0.046210 
0.105406 0.992304 0.462022 
0.013075 0.003929 0.491768 
0.004749 0.004749 0.004749 0.985753 
0.250000 0.250000 0.250000 0.250000 
  39
0.881519 0.003767 0.046210 
0.105406 0.992304 0.462022 
0.013075 0.003929 0.491768 
0.033096 0.006939 0.005755 0.954210 
0.250000 0.250000 0.250000 0.250000 
  40
0.879201 0.003767 0.046210 
0.107724 0.992304 0.462022 
0.013105 0.003927 0.491768 
0.009395 0.980418 0.005442 0.004745 
0.250000 0.250000 0.250000 0.250000 
  41
0.881244 0.003764 0.046210 
0.105651 0.992308 0.462022 
0.013105 0.003927 0.491768 
0.004746 0.006090 0.011122 0.978042 
0.250000 0.250000 0.250000 0.250000 
  42
0.878804 0.003764 0.046210 
0.108090 0.992308 0.462022 
0.013137 0.003925 0.491768 
0.006280 0.006276 0.020810 0.966634 
0.250000 0.250000 0.250000 0.250000 
  43
0.880953 0.003938 0.046210 
0.105909 0.992137 0.462022 
0.013128 0.003925 0.491768 
0.971387 0.015285 0.008585 0.004743 
0.250000 0.250000 0.250000 0.250000 
  44
0.878740 0.003763 0.046210 
0.108132 0.992312 0.462022 
0.013159 0.003923 0.491768 
0.976518 0.013308 0.004739 0.005435 
0.250000 0.250000 0.250000 0.250000 
  45
0.872093 0.003761 0.046210 
0.114749 0.992316 0.462022 
0.013274 0.003915 0.491768 
0.974883 0.014000 0.005960 0.005157 
0.250000 0.250000 0.250000 0.250000 
  46
0.878103 0.003752 0.046210 
0.108623 0.992333 0.462022 
0.013295 0.003913 0.491768 
0.953165 0.037388 0.004723 0.004723 
0.250000 0.250000 0.250000 0.250000 
  47
0.879525 0.003751 0.046210 
0.107180 0.992336 0.462022 
0.013295 0.003913 0.491768 
0.005864 0.984690 0.004723 0.004723 
0.250000 0.250000 0.250000 0.250000 
  48
0.876904 0.003751 0.046210 
0.109801 0.992336 0.462022 
0.013330 0.003910 0.491768 
0.004719 0.006670 0.005920 0.982691 
0.250000 0.250000 0.250000 0.250000 
  49
0.265204 0.003748 0.046210 
0.721466 0.992341 0.462022 
0.034534 0.003392 0.491768 
0.004410 0.987700 0.003945 0.003945 
0.250000 0.250000 0.250000 0.250000 
  50
0.687064 0.003251 0.046210 
0.278402 0.993357 0.462022 
0.034534 0.003392 0.491768 
0.987380 0.003945 0.004730 0.003945 
0.250000 0.250000 0.250000 0.250000 
  51
0.679511 0.003251 0.046210 
0.285955 0.993357 0.462022 
0.034797 0.003390 0.491768 
0.003942 0.003942 0.008011 0.984105 
0.250000 0.250000 0.250000 0.250000 
  52
0.545055 0.003249 0.046210 
0.420147 0.993361 0.462022 
0.040444 0.003351 0.491768 
0.004997 0.003887 0.987229 0.003887 
0.250000 0.250000 0.250000 0.250000 
  53
0.633511 0.003212 0.046210 
0.326045 0.993437 0.462022 
0.040444 0.003351 0.491768 
0.986186 0.005586 0.004341 0.003888 
0.250000 0.250000 0.250000 0.250000 
  54
0.629526 0.003212 0.046210 
0.330030 0.993437 0.462022 
0.040606 0.003350 0.491768 
0.050702 0.941143 0.003885 0.004270 
0.250000 0.250000 0.250000 0.250000 
  55
0.589355 0.003211 0.046210 
0.370039 0.993439 0.462022 
0.042417 0.003340 0.491768 
0.987802 0.003871 0.004457 0.003871 
0.250000 0.250000 0.250000 0.250000 
  56
0.615636 0.003202 0.046210 
0.341947 0.993458 0.462022 
0.042417 0.003340 0.491768 
0.003871 0.003871 0.003871 0.988388 
0.250000 0.250000 0.250000 0.250000 
  57
0.615636 0.003202 0.046210 
0.341947 0.993458 0.462022 
0.042417 0.003340 0.491768 
0.004787 0.003871 0.005296 0.986045 
0.250000 0.250000 0.250000 0.250000 
  58
0.563896 0.003202 0.046210 
0.393688 0.993458 0.462022 
0.044731 0.003329 0.491768 
0.003854 0.005274 0.004369 0.986503 
0.250000 0.250000 0.250000 0.250000 
  59
0.594664 0.003191 0.046210 
0.360605 0.993481 0.462022 
0.044731 0.003329 0.491768 
0.003854 0.987017 0.005274 0.003854 
0.250000 0.250000 0.250000 0.250000 
  60
0.594664 0.003191 0.046210 
0.360605 0.993481 0.462022 
0.044731 0.003329 0.491768 
0.003854 0.003854 0.986111 0.006181 
0.250000 0.250000 0.250000 0.250000 
  61
0.563331 0.003191 0.046210 
0.391938 0.993481 0.462022 
0.046178 0.003322 0.491768 
0.985566 0.004563 0.006025 0.003845 
0.250000 0.250000 0.250000 0.250000 
  62
0.581553 0.003184 0.046210 
0.372269 0.993494 0.462022 
0.046178 0.003322 0.491768 
0.005586 0.003845 0.003845 0.986724 
0.250000 0.250000 0.250000 0.250000 
  63
0.581553 0.003184 0.046210 
0.372269 0.993494 0.462022 
0.046178 0.003322 0.491768 
0.004730 0.003845 0.005254 0.986172 
0.250000 0.250000 0.250000 0.250000 
  64
0.574727 0.003184 0.046210 
0.379095 0.993494 0.462022 
0.046495 0.003321 0.491768 
0.003843 0.988471 0.003843 0.003843 
0.250000 0.250000 0.250000 0.250000 
  65
0.578677 0.003183 0.046210 
0.374828 0.993496 0.462022 
0.046495 0.003321 0.491768 
0.003843 0.988471 0.003843 0.003843 
0.250000 0.250000 0.250000 0.250000 
  66
0.578677 0.003183 0.046210 
0.374828 0.993496 0.462022 
0.046495 0.003321 0.491768 
0.004360 0.004140 0.006487 0.985013 
0.250000 0.250000 0.250000 0.250000 
  67
0.578677 0.003183 0.046210 
0.374828 0.993496 0.462022 
0.046495 0.003321 0.491768 
0.003843 0.003843 0.003843 0.988471 
0.250000 0.250000 0.250000 0.250000 
  68
0.578677 0.003183 0.046210 
0.374828 0.993496 0.462022 
0.046495 0.003321 0.491768 
0.987638 0.003843 0.004322 0.004197 
0.250000 0.250000 0.250000 0.250000 
  69
0.578677 0.003183 0.046210 
0.374828 0.993496 0.462022 
0.046495 0.003321 0.491768 
0.003843 0.003843 0.974327 0.017987 
0.250000 0.250000 0.250000 0.250000 
  70
0.578677 0.003183 0.046210 
0.374828 0.993496 0.462022 
0.046495 0.003321 0.491768 
0.003843 0.003843 0.987402 0.004912 
0.250000 0.250000 0.250000 0.250000 
  71
0.578677 0.003183 0.046210 
0.374828 0.993496 0.462022 
0.046495 0.003321 0.491768 
0.988471 0.003843 0.003843 0.003843 
0.250000 0.250000 0.250000 0.250000 
  72
0.578677 0.003183 0.046210 
0.374828 0.993496 0.462022 
0.046495 0.003321 0.491768 
0.004191 0.003843 0.011054 0.980913 
0.250000 0.250000 0.250000 0.250000 
  73
0.578677 0.003183 0.046210 
0.374828 0.993496 0.462022 
0.046495 0.003321 0.491768 
0.003843 0.988471 0.003843 0.003843 
0.250000 0.250000 0.250000 0.250000 
  74
0.578677 0.003183 0.046210 
0.374828 0.993496 0.462022 
0.046495 0.003321 0.491768 
0.003843 0.003843 0.988471 0.003843 
0.250000 0.250000 0.250000 0.250000 
  75
0.578677 0.003183 0.046210 
0.374828 0.993496 0.462022 
0.046495 0.003321 0.491768 
0.979965 0.010804 0.004170 0.005062 
0.250000 0.250000 0.250000 0.250000 
  76
0.562155 0.003183 0.046210 
0.391349 0.993496 0.462022 
0.047276 0.003317 0.491768 
0.988485 0.003838 0.003838 0.003838 
0.250000 0.250000 0.250000 0.250000 
  77
0.571599 0.003180 0.046210 
0.381124 0.993503 0.462022 
0.047276 0.003317 0.491768 
0.988485 0.003838 0.003838 0.003838 
0.250000 0.250000 0.250000 0.250000 
  78
0.571599 0.003180 0.046210 
0.381124 0.993503 0.462022 
0.047276 0.003317 0.491768 
0.003840 0.003840 0.962220 0.030101 
0.250000 0.250000 0.250000 0.250000 
  79
0.571599 0.003180 0.046210 
0.381124 0.993503 0.462022 
0.047276 0.003317 0.491768 
0.987565 0.003838 0.004758 0.003838 
0.250000 0.250000 0.250000 0.250000 
  80
0.571599 0.003180 0.046210 
0.381124 0.993503 0.462022 
0.047276 0.003317 0.491768 
0.987565 0.004758 0.003838 0.003838 
0.250000 0.250000 0.250000 0.250000 
  81
0.571599 0.003180 0.046210 
0.381124 0.993503 0.462022 
0.047276 0.003317 0.491768 
0.003839 0.005071 0.366724 0.624366 
0.250000 0.250000 0.250000 0.250000 
  82
0.564601 0.003180 0.046210 
0.388123 0.993503 0.462022 
0.047610 0.003316 0.491768 
0.003836 0.003836 0.003836 0.988491 
0.250000 0.250000 0.250000 0.250000 
  83
0.568580 0.003178 0.046210 
0.383810 0.993506 0.462022 
0.047610 0.003316 0.491768 
0.003836 0.005250 0.983736 0.007178 
0.250000 0.250000 0.250000 0.250000 
  84
0.568580 0.003178 0.046210 
0.383810 0.993506 0.462022 
0.047610 0.003316 0.491768 
0.014128 0.975751 0.003836 0.006285 
0.250000 0.250000 0.250000 0.250000 
  85
0.568580 0.003178 0.046210 
0.383810 0.993506 0.462022 
0.047610 0.003316 0.491768 
0.986368 0.004546 0.005250 0.003836 
0.250000 0.250000 0.250000 0.250000 
  86
0.568580 0.003178 0.046210 
0.383810 0.993506 0.462022 
0.047610 0.003316 0.491768 
0.003836 0.003836 0.988491 0.003836 
0.250000 0.250000 0.250000 0.250000 
  87
0.568580 0.003178 0.046210 
0.383810 0.993506 0.462022 
0.047610 0.003316 0.491768 
0.930446 0.060520 0.004504 0.004530 
0.250000 0.250000 0.250000 0.250000 
  88
0.566284 0.003178 0.046210 
0.386106 0.993506 0.462022 
0.047719 0.003315 0.491768 
0.005147 0.986705 0.004312 0.003836 
0.250000 0.250000 0.250000 0.250000 
  89
0.567587 0.003178 0.046210 
0.384694 0.993507 0.462022 
0.047719 0.003315 0.491768 
0.988493 0.003836 0.003836 0.003836 
0.250000 0.250000 0.250000 0.250000 
  90
0.567587 0.003178 0.046210 
0.384694 0.993507 0.462022 
0.047719 0.003315 0.491768 
0.062379 0.928067 0.005249 0.004305 
0.250000 0.250000 0.250000 0.250000 
  91
0.567587 0.003178 0.046210 
0.384694 0.993507 0.462022 
0.047719 0.003315 0.491768 
0.019838 0.003837 0.972488 0.003837 
0.250000 0.250000 0.250000 0.250000 
  92
0.567587 0.003178 0.046210 
0.384694 0.993507 0.462022 
0.047719 0.003315 0.491768 
0.986389 0.004177 0.003836 0.005598 
0.250000 0.250000 0.250000 0.250000 
  93
0.567587 0.003178 0.046210 
0.384694 0.993507 0.462022 
0.047719 0.003315 0.491768 
0.675328 0.316584 0.003836 0.004252 
0.250000 0.250000 0.250000 0.250000 
  94
0.564191 0.003178 0.046210 
0.388090 0.993507 0.462022 
0.047882 0.003315 0.491768 
0.011123 0.981208 0.003835 0.003835 
0.250000 0.250000 0.250000 0.250000 
  95
0.566113 0.003177 0.046210 
0.386005 0.993508 0.462022 
0.047882 0.003315 0.491768 
0.003835 0.003835 0.003835 0.988496 
0.250000 0.250000 0.250000 0.250000 
  96
0.566113 0.003177 0.046210 
0.386005 0.993508 0.462022 
0.047882 0.003315 0.491768 
0.003836 0.004776 0.049665 0.941723 
0.250000 0.250000 0.250000 0.250000 
  97
0.555477 0.003177 0.046210 
0.396641 0.993508 0.462022 
0.048397 0.003313 0.491768 
0.003832 0.988505 0.003832 0.003832 
0.250000 0.250000 0.250000 0.250000 
  98
0.561449 0.003175 0.046210 
0.390154 0.993512 0.462022 
0.048397 0.003313 0.491768 
0.984417 0.007920 0.003832 0.003832 
0.250000 0.250000 0.250000 0.250000 
  99
0.561449 0.003175 0.046210 
0.390154 0.993512 0.462022 
0.048397 0.003313 0.491768 
0.003832 0.003832 0.986231 0.006105 
0.250000 0.250000 0.250000 0.250000 
 100
0.561449 0.003175 0.046210 
0.390154 0.993512 0.462022 
0.048397 0.003313 0.491768 
0.985543 0.003832 0.006793 0.003832 
0.250000 0.250000 0.250000 0.250000 
 101
0.561449 0.003175 0.046210 
0.390154 0.993512 0.462022 
0.048397 0.003313 0.491768 
0.003832 0.003832 0.988503 0.003832 
0.250000 0.250000 0.250000 0.250000 
 102
0.561449 0.003175 0.046210 
0.390154 0.993512 0.462022 
0.048397 0.003313 0.491768 
0.027291 0.964663 0.003833 0.004213 
0.250000 0.250000 0.250000 0.250000 
 103
0.561449 0.003175 0.046210 
0.390154 0.993512 0.462022 
0.048397 0.003313 0.491768 
0.987439 0.003832 0.003832 0.004897 
0.250000 0.250000 0.250000 0.250000 
 104
0.561449 0.003175 0.046210 
0.390154 0.993512 0.462022 
0.048397 0.003313 0.491768 
0.003832 0.003832 0.003832 0.988503 
0.250000 0.250000 0.250000 0.250000 
 105
0.561449 0.003175 0.046210 
0.390154 0.993512 0.462022 
0.048397 0.003313 0.491768 
0.987702 0.004635 0.003832 0.003832 
0.250000 0.250000 0.250000 0.250000 
 106
0.535623 0.003175 0.046210 
0.415981 0.993512 0.462022 
0.049680 0.003308 0.491768 
0.988526 0.003825 0.003825 0.003825 
0.250000 0.250000 0.250000 0.250000 
 107
0.549823 0.003171 0.046210 
0.400498 0.993522 0.462022 
0.049680 0.003308 0.491768 
0.003825 0.003825 0.003825 0.988526 
0.250000 0.250000 0.250000 0.250000 
 108
0.549823 0.003171 0.046210 
0.400498 0.993522 0.462022 
0.049680 0.003308 0.491768 
0.004461 0.987890 0.003825 0.003825 
0.250000 0.250000 0.250000 0.250000 
 109
0.549823 0.003171 0.046210 
0.400498 0.993522 0.462022 
0.049680 0.003308 0.491768 
0.006529 0.984758 0.004888 0.003825 
0.250000 0.250000 0.250000 0.250000 
 110
0.549823 0.003171 0.046210 
0.400498 0.993522 0.462022 
0.049680 0.003308 0.491768 
0.988526 0.003825 0.003825 0.003825 
0.250000 0.250000 0.250000 0.250000 
 111
0.549823 0.003171 0.046210 
0.400498 0.993522 0.462022 
0.049680 0.003308 0.491768 
0.981563 0.010787 0.003825 0.003825 
0.250000 0.250000 0.250000 0.250000 
 112
0.549823 0.003171 0.046210 
0.400498 0.993522 0.462022 
0.049680 0.003308 0.491768 
0.987513 0.004838 0.003825 0.003825 
0.250000 0.250000 0.250000 0.250000 
 113
0.549823 0.003171 0.046210 
0.400498 0.993522 0.462022 
0.049680 0.003308 0.491768 
0.988054 0.004297 0.003825 0.003825 
0.250000 0.250000 0.250000 0.250000 
 114
0.446124 0.003171 0.046210 
0.504196 0.993522 0.462022 
0.055427 0.003288 0.491768 
0.008841 0.983564 0.003797 0.003797 
0.250000 0.250000 0.250000 0.250000 
 115
0.497739 0.003152 0.046210 
0.446834 0.993559 0.462022 
0.055427 0.003288 0.491768 
0.987867 0.004539 0.003797 0.003797 
0.250000 0.250000 0.250000 0.250000 
 116
0.497739 0.003152 0.046210 
0.446834 0.993559 0.462022 
0.055427 0.003288 0.491768 
0.988608 0.003797 0.003797 0.003797 
0.250000 0.250000 0.250000 0.250000 
 117
0.497739 0.003152 0.046210 
0.446834 0.993559 0.462022 
0.055427 0.003288 0.491768 
0.003798 0.003798 0.955585 0.036819 
0.250000 0.250000 0.250000 0.250000 
 118
0.497739 0.003152 0.046210 
0.446834 0.993559 0.462022 
0.055427 0.003288 0.491768 
0.004332 0.988073 0.003797 0.003797 
0.250000 0.250000 0.250000 0.250000 
 119
0.497739 0.003152 0.046210 
0.446834 0.993559 0.462022 
0.055427 0.003288 0.491768 
0.003797 0.003797 0.003797 0.988608 
0.250000 0.250000 0.250000 0.250000 
 120
0.497739 0.003152 0.046210 
0.446834 0.993559 0.462022 
0.055427 0.003288 0.491768 
0.009567 0.003797 0.974926 0.011710 
0.250000 0.250000 0.250000 0.250000 
 121
0.497739 0.003152 0.046210 
0.446834 0.993559 0.462022 
0.055427 0.003288 0.491768 
0.987559 0.004846 0.003797 0.003797 
0.250000 0.250000 0.250000 0.250000 
 122
0.493480 0.003152 0.046210 
0.451093 0.993559 0.462022 
0.055664 0.003288 0.491768 
0.003796 0.003796 0.988611 0.003796 
0.250000 0.250000 0.250000 0.250000 
 123
0.495591 0.003151 0.046210 
0.448745 0.993561 0.462022 
0.055664 0.003288 0.491768 
0.004539 0.003796 0.017351 0.974313 
0.250000 0.250000 0.250000 0.250000 
 124
0.495591 0.003151 0.046210 
0.448745 0.993561 0.462022 
0.055664 0.003288 0.491768 
0.003796 0.988611 0.003796 0.003796 
0.250000 0.250000 0.250000 0.250000 
 125
0.495591 0.003151 0.046210 
0.448745 0.993561 0.462022 
0.055664 0.003288 0.491768 
0.003796 0.003796 0.004543 0.987864 
0.250000 0.250000 0.250000 0.250000 
 126
0.495591 0.003151 0.046210 
0.448745 0.993561 0.462022 
0.055664 0.003288 0.491768 
0.004219 0.003796 0.011999 0.979986 
0.250000 0.250000 0.250000 0.250000 
 127
0.495591 0.003151 0.046210 
0.448745 0.993561 0.462022 
0.055664 0.003288 0.491768 
0.987647 0.004144 0.004412 0.003796 
0.250000 0.250000 0.250000 0.250000 
 128
0.495591 0.003151 0.046210 
0.448745 0.993561 0.462022 
0.055664 0.003288 0.491768 
0.003796 0.003796 0.988611 0.003796 
0.250000 0.250000 0.250000 0.250000 
 129
0.495591 0.003151 0.046210 
0.448745 0.993561 0.462022 
0.055664 0.003288 0.491768 
0.977856 0.009328 0.009020 0.003796 
0.250000 0.250000 0.250000 0.250000 
 130
0.495591 0.003151 0.046210 
0.448745 0.993561 0.462022 
0.055664 0.003288 0.491768 
0.003796 0.003796 0.988611 0.003796 
0.250000 0.250000 0.250000 0.250000 
 131
0.495591 0.003151 0.046210 
0.448745 0.993561 0.462022 
0.055664 0.003288 0.491768 
0.986961 0.003796 0.005446 0.003796 
0.250000 0.250000 0.250000 0.250000 
 132
0.495591 0.003151 0.046210 
0.448745 0.993561 0.462022 
0.055664 0.003288 0.491768 
0.004824 0.003796 0.010713 0.980667 
0.250000 0.250000 0.250000 0.250000 
 133
0.495591 0.003151 0.046210 
0.448745 0.993561 0.462022 
0.055664 0.003288 0.491768 
0.003796 0.987040 0.003796 0.005367 
0.250000 0.250000 0.250000 0.250000 
 134
0.495591 0.003151 0.046210 
0.448745 0.993561 0.462022 
0.055664 0.003288 0.491768 
0.003796 0.004391 0.987123 0.004690 
0.250000 0.250000 0.250000 0.250000 
 135
0.495591 0.003151 0.046210 
0.448745 0.993561 0.462022 
0.055664 0.003288 0.491768 
0.004310 0.003796 0.984245 0.007649 
0.250000 0.250000 0.250000 0.250000 
 136
0.495591 0.003151 0.046210 
0.448745 0.993561 0.462022 
0.055664 0.003288 0.491768 
0.006274 0.003796 0.986133 0.003796 
0.250000 0.250000 0.250000 0.250000 
 137
0.495591 0.003151 0.046210 
0.448745 0.993561 0.462022 
0.055664 0.003288 0.491768 
0.988091 0.004316 0.003796 0.003796 
0.250000 0.250000 0.250000 0.250000 
 138
0.495591 0.003151 0.046210 
0.448745 0.993561 0.462022 
0.055664 0.003288 0.491768 
0.987145 0.005262 0.003796 0.003796 
0.250000 0.250000 0.250000 0.250000 
 139
0.495591 0.003151 0.046210 
0.448745 0.993561 0.462022 
0.055664 0.003288 0.491768 
0.005847 0.986557 0.003798 0.003798 
0.250000 0.250000 0.250000 0.250000 
 140
0.495591 0.003151 0.046210 
0.448745 0.993561 0.462022 
0.055664 0.003288 0.491768 
0.986961 0.003796 0.005446 0.003796 
0.250000 0.250000 0.250000 0.250000 
 141
0.495591 0.003151 0.046210 
0.448745 0.993561 0.462022 
0.055664 0.003288 0.491768 
0.003796 0.003796 0.987577 0.004831 
0.250000 0.250000 0.250000 0.250000 
 142
0.495591 0.003283 0.046210 
0.448745 0.993429 0.462022 
0.055519 0.003288 0.491768 
0.988609 0.003797 0.003797 0.003797 
0.250000 0.250000 0.250000 0.250000 
 143
0.496909 0.003152 0.046210 
0.447572 0.993560 0.462022 
0.055519 0.003288 0.491768 
0.003797 0.003797 0.003797 0.988609 
0.250000 0.250000 0.250000 0.250000 
 144
0.496909 0.003152 0.046210 
0.447572 0.993560 0.462022 
0.055519 0.003288 0.491768 
0.986590 0.003797 0.004166 0.005447 
0.250000 0.250000 0.250000 0.250000 
 145
0.496909 0.003152 0.046210 
0.447572 0.993560 0.462022 
0.055519 0.003288 0.491768 
0.003797 0.003797 0.985003 0.007403 
0.250000 0.250000 0.250000 0.250000 
 146
0.496909 0.003152 0.046210 
0.447572 0.993560 0.462022 
0.055519 0.003288 0.491768 
0.003797 0.003797 0.003797 0.988609 
0.250000 0.250000 0.250000 0.250000 
 147
0.496909 0.003152 0.046210 
0.447572 0.993560 0.462022 
0.055519 0.003288 0.491768 
0.025194 0.966503 0.003797 0.004506 
0.250000 0.250000 0.250000 0.250000 
 148
0.496909 0.003152 0.046210 
0.447572 0.993560 0.462022 
0.055519 0.003288 0.491768 
0.003797 0.988609 0.003797 0.003797 
0.250000 0.250000 0.250000 0.250000 
 149
0.496909 0.003152 0.046210 
0.447572 0.993560 0.462022 
0.055519 0.003288 0.491768 
0.986163 0.006241 0.003798 0.003798 
0.250000 0.250000 0.250000 0.250000 
 150
0.496909 0.003152 0.046210 
0.447572 0.993560 0.462022 
0.055519 0.003288 0.491768 
0.957883 0.034522 0.003797 0.003797 
0.250000 0.250000 0.250000 0.250000 
 151
0.496909 0.003152 0.046210 
0.447572 0.993560 0.462022 
0.055519 0.003288 0.491768 
0.988609 0.003797 0.003797 0.003797 
0.250000 0.250000 0.250000 0.250000 
 152
0.496909 0.003152 0.046210 
0.447572 0.993560 0.462022 
0.055519 0.003288 0.491768 
0.984897 0.007509 0.003797 0.003797 
0.250000 0.250000 0.250000 0.250000 
 153
0.496909 0.003152 0.046210 
0.447572 0.993560 0.462022 
0.055519 0.003288 0.491768 
0.890263 0.102143 0.003797 0.003797 
0.250000 0.250000 0.250000 0.250000 
 154
0.496909 0.003152 0.046210 
0.447572 0.993560 0.462022 
0.055519 0.003288 0.491768 
0.929540 0.062865 0.003798 0.003798 
0.250000 0.250000 0.250000 0.250000 
 155
0.496909 0.003152 0.046210 
0.447572 0.993560 0.462022 
0.055519 0.003288 0.491768 
0.004846 0.003797 0.987560 0.003797 
0.250000 0.250000 0.250000 0.250000 
 156
0.496909 0.003152 0.046210 
0.447572 0.993560 0.462022 
0.055519 0.003288 0.491768 
0.985491 0.003797 0.006507 0.004205 
0.250000 0.250000 0.250000 0.250000 
 157
0.494235 0.003152 0.046210 
0.450246 0.993560 0.462022 
0.055668 0.003288 0.491768 
0.003796 0.003796 0.988611 0.003796 
0.250000 0.250000 0.250000 0.250000 
 158
0.495560 0.003151 0.046210 
0.448772 0.993561 0.462022 
0.055668 0.003288 0.491768 
0.986346 0.003796 0.006062 0.003796 
0.250000 0.250000 0.250000 0.250000 
 159
0.495560 0.003151 0.046210 
0.448772 0.993561 0.462022 
0.055668 0.003288 0.491768 
0.003796 0.003796 0.972796 0.019611 
0.250000 0.250000 0.250000 0.250000 
 160
0.495560 0.003151 0.046210 
0.448772 0.993561 0.462022 
0.055668 0.003288 0.491768 
0.988611 0.003796 0.003796 0.003796 
0.250000 0.250000 0.250000 0.250000 
 161
0.495560 0.003151 0.046210 
0.448772 0.993561 0.462022 
0.055668 0.003288 0.491768 
0.988611 0.003796 0.003796 0.003796 
0.250000 0.250000 0.250000 0.250000 
 162
0.495560 0.003151 0.046210 
0.448772 0.993561 0.462022 
0.055668 0.003288 0.491768 
0.003796 0.003796 0.919002 0.073405 
0.250000 0.250000 0.250000 0.250000 
 163
0.495560 0.003151 0.046210 
0.448772 0.993561 0.462022 
0.055668 0.003288 0.491768 
0.004877 0.987515 0.003804 0.003804 
0.250000 0.250000 0.250000 0.250000 
 164
0.495560 0.003151 0.046210 
0.448772 0.993561 0.462022 
0.055668 0.003288 0.491768 
0.003797 0.988609 0.003797 0.003797 
0.250000 0.250000 0.250000 0.250000 
 165
0.495560 0.003151 0.046210 
0.448772 0.993561 0.462022 
0.055668 0.003288 0.491768 
0.058791 0.933616 0.003797 0.003797 
0.250000 0.250000 0.250000 0.250000 
 166
0.495560 0.003151 0.046210 
0.448772 0.993561 0.462022 
0.055668 0.003288 0.491768 
0.988609 0.003797 0.003797 0.003797 
0.250000 0.250000 0.250000 0.250000 
 167
0.495560 0.003151 0.046210 
0.448772 0.993561 0.462022 
0.055668 0.003288 0.491768 
0.987865 0.004542 0.003796 0.003796 
0.250000 0.250000 0.250000 0.250000 
 168
0.495560 0.003151 0.046210 
0.448772 0.993561 0.462022 
0.055668 0.003288 0.491768 
0.019875 0.972532 0.003796 0.003796 
0.250000 0.250000 0.250000 0.250000 
 169
0.495560 0.003151 0.046210 
0.448772 0.993561 0.462022 
0.055668 0.003288 0.491768 
0.003796 0.003796 0.988611 0.003796 
0.250000 0.250000 0.250000 0.250000 
 170
0.495560 0.003151 0.046210 
0.448772 0.993561 0.462022 
0.055668 0.003288 0.491768 
0.003796 0.003796 0.003796 0.988611 
0.250000 0.250000 0.250000 0.250000 
 171
0.495560 0.003151 0.046210 
0.448772 0.993561 0.462022 
0.055668 0.003288 0.491768 
0.004090 0.004270 0.983551 0.008089 
0.250000 0.250000 0.250000 0.250000 
 172
0.495560 0.003151 0.046210 
0.448772 0.993561 0.462022 
0.055668 0.003288 0.491768 
0.003796 0.003796 0.005869 0.986538 
0.250000 0.250000 0.250000 0.250000 
 173
0.492950 0.003151 0.046210 
0.451382 0.993561 0.462022 
0.055814 0.003287 0.491768 
0.004646 0.987762 0.003796 0.003796 
0.250000 0.250000 0.250000 0.250000 
 174
0.494240 0.003151 0.046210 
0.449947 0.993562 0.462022 
0.055814 0.003287 0.491768 
0.003796 0.003796 0.411564 0.580843 
0.250000 0.250000 0.250000 0.250000 
 175
0.494240 0.003151 0.046210 
0.449947 0.993562 0.462022 
0.055814 0.003287 0.491768 
0.006587 0.985096 0.004521 0.003796 
0.250000 0.250000 0.250000 0.250000 
 176
0.494240 0.003151 0.046210 
0.449947 0.993562 0.462022 
0.055814 0.003287 0.491768 
0.987888 0.003796 0.003796 0.004521 
0.250000 0.250000 0.250000 0.250000 
 177
0.494240 0.003151 0.046210 
0.449947 0.993562 0.462022 
0.055814 0.003287 0.491768 
0.003796 0.003796 0.006278 0.986130 
0.250000 0.250000 0.250000 0.250000 
 178
0.494240 0.003151 0.046210 
0.449947 0.993562 0.462022 
0.055814 0.003287 0.491768 
0.004179 0.003797 0.651491 0.340533 
0.250000 0.250000 0.250000 0.250000 
 179
0.494240 0.003151 0.046210 
0.449947 0.993562 0.462022 
0.055814 0.003287 0.491768 
0.003796 0.003796 0.003796 0.988613 
0.250000 0.250000 0.250000 0.250000 
 180
0.494240 0.003301 0.046210 
0.449947 0.993411 0.462022 
0.055646 0.003288 0.491768 
0.978269 0.014138 0.003796 0.003796 
0.250000 0.250000 0.250000 0.250000 
 181
0.495757 0.003152 0.046210 
0.448597 0.993561 0.462022 
0.055646 0.003288 0.491768 
0.987587 0.004820 0.003796 0.003796 
0.250000 0.250000 0.250000 0.250000 
 182
0.495757 0.003152 0.046210 
0.448597 0.993561 0.462022 
0.055646 0.003288 0.491768 
0.987859 0.004548 0.003796 0.003796 
0.250000 0.250000 0.250000 0.250000 
 183
0.495757 0.003152 0.046210 
0.448597 0.993561 0.462022 
0.055646 0.003288 0.491768 
0.003796 0.005594 0.006717 0.983892 
0.250000 0.250000 0.250000 0.250000 
 184
0.495757 0.003152 0.046210 
0.448597 0.993561 0.462022 
0.055646 0.003288 0.491768 
0.003797 0.988609 0.003797 0.003797 
0.250000 0.250000 0.250000 0.250000 
 185
0.495757 0.003152 0.046210 
0.448597 0.993561 0.462022 
0.055646 0.003288 0.491768 
0.004489 0.987918 0.003796 0.003796 
0.250000 0.250000 0.250000 0.250000 
 186
0.495757 0.003152 0.046210 
0.448597 0.993561 0.462022 
0.055646 0.003288 0.491768 
0.091170 0.900668 0.003798 0.004364 
0.250000 0.250000 0.250000 0.250000 
 187
0.495757 0.003152 0.046210 
0.448597 0.993561 0.462022 
0.055646 0.003288 0.491768 
0.003797 0.988609 0.003797 0.003797 
0.250000 0.250000 0.250000 0.250000 
 188
0.495757 0.003152 0.046210 
0.448597 0.993561 0.462022 
0.055646 0.003288 0.491768 
0.003796 0.004267 0.003796 0.988140 
0.250000 0.250000 0.250000 0.250000 
 189
0.495757 0.003152 0.046210 
0.448597 0.993561 0.462022 
0.055646 0.003288 0.491768 
0.012633 0.976728 0.003799 0.006840 
0.250000 0.250000 0.250000 0.250000 
 190
0.495757 0.003152 0.046210 
0.448597 0.993561 0.462022 
0.055646 0.003288 0.491768 
0.988611 0.003796 0.003796 0.003796 
0.250000 0.250000 0.250000 0.250000 
 191
0.495757 0.003152 0.046210 
0.448597 0.993561 0.462022 
0.055646 0.003288 0.491768 
0.983122 0.009286 0.003796 0.003796 
0.250000 0.250000 0.250000 0.250000 
 192
0.487490 0.003152 0.046210 
0.456864 0.993561 0.462022 
0.056110 0.003286 0.491768 
0.081636 0.910772 0.003796 0.003796 
0.250000 0.250000 0.250000 0.250000 
 193
0.491554 0.003150 0.046210 
0.452336 0.993563 0.462022 
0.056110 0.003286 0.491768 
0.003795 0.003795 0.988615 0.003795 
0.250000 0.250000 0.250000 0.250000 
 194
0.491554 0.003150 0.046210 
0.452336 0.993563 0.462022 
0.056110 0.003286 0.491768 
0.003794 0.003794 0.988617 0.003794 
0.250000 0.250000 0.250000 0.250000 
 195
0.491554 0.003150 0.046210 
0.452336 0.993563 0.462022 
0.056110 0.003286 0.491768 
0.041217 0.004601 0.011989 0.942193 
0.250000 0.250000 0.250000 0.250000 
 196
0.491554 0.003150 0.046210 
0.452336 0.993563 0.462022 
0.056110 0.003286 0.491768 
0.003795 0.003795 0.984272 0.008138 
0.250000 0.250000 0.250000 0.250000 
 197
0.491554 0.003150 0.046210 
0.452336 0.993563 0.462022 
0.056110 0.003286 0.491768 
0.003794 0.003794 0.003794 0.988617 
0.250000 0.250000 0.250000 0.250000 
 198
0.491554 0.003150 0.046210 
0.452336 0.993563 0.462022 
0.056110 0.003286 0.491768 
0.011313 0.977037 0.007064 0.004587 
0.250000 0.250000 0.250000 0.250000 
 199
0.491554 0.003150 0.046210 
0.452336 0.993563 0.462022 
0.056110 0.003286 0.491768 
0.913295 0.079116 0.003794 0.003794 
0.250000 0.250000 0.250000 0.250000 
 200
0.487525 0.003150 0.046210 
0.456365 0.993563 0.462022 
0.056337 0.003286 0.491768 
0.003793 0.003793 0.003793 0.988620 
0.250000 0.250000 0.250000 0.250000 
 201
0.489497 0.003150 0.046210 
0.454166 0.993565 0.462022 
0.056337 0.003286 0.491768 
0.003793 0.004980 0.006729 0.984498 
0.250000 0.250000 0.250000 0.250000 
 202
0.489497 0.003150 0.046210 
0.454166 0.993565 0.462022 
0.056337 0.003286 0.491768 
0.003794 0.003794 0.022659 0.969753 
0.250000 0.250000 0.250000 0.250000 
 203
0.489497 0.003150 0.046210 
0.454166 0.993565 0.462022 
0.056337 0.003286 0.491768 
0.003793 0.003793 0.003793 0.988620 
0.250000 0.250000 0.250000 0.250000 
 204
0.489497 0.003150 0.046210 
0.454166 0.993565 0.462022 
0.056337 0.003286 0.491768 
0.959103 0.033309 0.003794 0.003794 
0.250000 0.250000 0.250000 0.250000 
 205
0.489497 0.003150 0.046210 
0.454166 0.993565 0.462022 
0.056337 0.003286 0.491768 
0.988620 0.003793 0.003793 0.003793 
0.250000 0.250000 0.250000 0.250000 
 206
0.489497 0.003150 0.046210 
0.454166 0.993565 0.462022 
0.056337 0.003286 0.491768 
0.978490 0.013922 0.003794 0.003794 
0.250000 0.250000 0.250000 0.250000 
 207
0.489497 0.003150 0.046210 
0.454166 0.993565 0.462022 
0.056337 0.003286 0.491768 
0.012637 0.931429 0.004117 0.051817 
0.250000 0.250000 0.250000 0.250000 
 208
0.489497 0.003150 0.046210 
0.454166 0.993565 0.462022 
0.056337 0.003286 0.491768 
0.008639 0.983774 0.003793 0.003793 
0.250000 0.250000 0.250000 0.250000 
 209
0.489497 0.003150 0.046210 
0.454166 0.993565 0.462022 
0.056337 0.003286 0.491768 
0.988620 0.003793 0.003793 0.003793 
0.250000 0.250000 0.250000 0.250000 
 210
0.489497 0.003150 0.046210 
0.454166 0.993565 0.462022 
0.056337 0.003286 0.491768 
0.004308 0.003794 0.009836 0.982062 
0.250000 0.250000 0.250000 0.250000 
 211
0.489497 0.003150 0.046210 
0.454166 0.993565 0.462022 
0.056337 0.003286 0.491768 
0.003793 0.003793 0.004290 0.988123 
0.250000 0.250000 0.250000 0.250000 
 212
0.489497 0.003150 0.046210 
0.454166 0.993565 0.462022 
0.056337 0.003286 0.491768 
0.003793 0.988620 0.003793 0.003793 
0.250000 0.250000 0.250000 0.250000 
 213
0.489497 0.003150 0.046210 
0.454166 0.993565 0.462022 
0.056337 0.003286 0.491768 
0.003793 0.003793 0.010245 0.982168 
0.250000 0.250000 0.250000 0.250000 
 214
0.489497 0.003150 0.046210 
0.454166 0.993565 0.462022 
0.056337 0.003286 0.491768 
0.987368 0.005045 0.003793 0.003793 
0.250000 0.250000 0.250000 0.250000 
 215
0.486844 0.003150 0.046210 
0.456819 0.993565 0.462022 
0.056487 0.003285 0.491768 
0.003793 0.988620 0.003793 0.003793 
0.250000 0.250000 0.250000 0.250000 
 216
0.488139 0.003149 0.046210 
0.455374 0.993565 0.462022 
0.056487 0.003285 0.491768 
0.003793 0.003793 0.006253 0.986161 
0.250000 0.250000 0.250000 0.250000 
 217
0.488139 0.003149 0.046210 
0.455374 0.993565 0.462022 
0.056487 0.003285 0.491768 
0.003793 0.988621 0.003793 0.003793 
0.250000 0.250000 0.250000 0.250000 
 218
0.488139 0.003149 0.046210 
0.455374 0.993565 0.462022 
0.056487 0.003285 0.491768 
0.003793 0.003793 0.003793 0.988621 
0.250000 0.250000 0.250000 0.250000 
 219
0.488139 0.003149 0.046210 
0.455374 0.993565 0.462022 
0.056487 0.003285 0.491768 
0.970296 0.021473 0.003793 0.004439 
0.250000 0.250000 0.250000 0.250000 
 220
0.488139 0.003149 0.046210 
0.455374 0.993565 0.462022 
0.056487 0.003285 0.491768 
0.004420 0.987994 0.003793 0.003793 
0.250000 0.250000 0.250000 0.250000 
 221
0.488139 0.003149 0.046210 
0.455374 0.993565 0.462022 
0.056487 0.003285 0.491768 
0.003793 0.003793 0.988621 0.003793 
0.250000 0.250000 0.250000 0.250000 
 222
0.488139 0.003149 0.046210 
0.455374 0.993565 0.462022 
0.056487 0.003285 0.491768 
0.011372 0.007582 0.005907 0.975139 
0.250000 0.250000 0.250000 0.250000 
 223
0.488139 0.003149 0.046210 
0.455374 0.993565 0.462022 
0.056487 0.003285 0.491768 
0.003793 0.988620 0.003793 0.003793 
0.250000 0.250000 0.250000 0.250000 
 224
0.488139 0.003149 0.046210 
0.455374 0.993565 0.462022 
0.056487 0.003285 0.491768 
0.003793 0.988621 0.003793 0.003793 
0.250000 0.250000 0.250000 0.250000 
 225
0.488139 0.003149 0.046210 
0.455374 0.993565 0.462022 
0.056487 0.003285 0.491768 
0.974388 0.016426 0.004241 0.004944 
0.250000 0.250000 0.250000 0.250000 
 226
0.488139 0.003149 0.046210 
0.455374 0.993565 0.462022 
0.056487 0.003285 0.491768 
0.003793 0.003793 0.003793 0.988621 
0.250000 0.250000 0.250000 0.250000 
 227
0.488139 0.003149 0.046210 
0.455374 0.993565 0.462022 
0.056487 0.003285 0.491768 
0.003793 0.988621 0.003793 0.003793 
0.250000 0.250000 0.250000 0.250000 
 228
0.488139 0.003149 0.046210 
0.455374 0.993565 0.462022 
0.056487 0.003285 0.491768 
0.003793 0.988621 0.003793 0.003793 
0.250000 0.250000 0.250000 0.250000 
 229
0.488139 0.003149 0.046210 
0.455374 0.993565 0.462022 
0.056487 0.003285 0.491768 
0.003793 0.003793 0.984122 0.008292 
0.250000 0.250000 0.250000 0.250000 
 230
0.488139 0.003149 0.046210 
0.455374 0.993565 0.462022 
0.056487 0.003285 0.491768 
0.003793 0.003793 0.003793 0.988621 
0.250000 0.250000 0.250000 0.250000 
 231
0.488139 0.003149 0.046210 
0.455374 0.993565 0.462022 
0.056487 0.003285 0.491768 
0.003793 0.006324 0.922784 0.067099 
0.250000 0.250000 0.250000 0.250000 
 232
0.488139 0.003149 0.046210 
0.455374 0.993565 0.462022 
0.056487 0.003285 0.491768 
0.003793 0.003793 0.988621 0.003793 
0.250000 0.250000 0.250000 0.250000 
 233
0.488139 0.003149 0.046210 
0.455374 0.993565 0.462022 
0.056487 0.003285 0.491768 
0.003793 0.003793 0.003793 0.988621 
0.250000 0.250000 0.250000 0.250000 
 234
0.488139 0.003149 0.046210 
0.455374 0.993565 0.462022 
0.056487 0.003285 0.491768 
0.004780 0.003793 0.981028 0.010399 
0.250000 0.250000 0.250000 0.250000 
 235
0.488139 0.003149 0.046210 
0.455374 0.993565 0.462022 
0.056487 0.003285 0.491768 
