%  SAM: /scicomp/home/yfa9/CDC_projects/Mol_genetic_analysis/Nomenclature/H1_Nomenclature/All_plus_Ref_v5/v_2/label/LABEL_RES/scripts/modelfromalign_Linux v3.5 (July 15, 2005) compiled 12/08/06_16:15:55
%  (c) 1992-2001 Regents of the University of California, Santa Cruz
%
%          Sequence Alignment and Modeling Software System
%         http://www.cse.ucsc.edu/research/compbio/sam.html
%
% ----------------- Citations (SAM, SAM-T2K, HMMs) --------------------
% R. Hughey, A. Krogh, Hidden Markov models for sequence analysis:
%  Extension and analysis of the basic method, CABIOS 12:95-107, 1996.
% K. Karplus, et al., What is the value added by human intervention in protein
%  structure prediction, Proteins: Stucture, Function, Genetics 45(S5):86--91, 2001.
% A. Krogh et al., Hidden Markov models in computational biology:
%  Applications to protein modeling, JMB 235:1501-1531, Feb 1994.
% ---------------------------------------------------------------------
%  6C_hmm   Host: node4.aspen.biotech.cdc.gov    Mon Jun 27 13:04:31 2016
%  yfa9     Dir:  /scicomp/home/yfa9/CDC_projects/Mol_genetic_analysis/Nomenclature/H1_Nomenclature/All_plus_Ref_v5/v_2/Step4/From_Clustering_v2/H1Pdm009_v1/c-6C-6B-6B1-6B2
% ---------------------------------------------------------------------
%  Alignment weights from internal calc.  Total (31.11) Max (0.12) Min (0.02)
%  Weights from alignment method 1 (karplus), b=-1.000000, e=0.500000
MODEL --  Model from alignment file /scicomp/home/yfa9/CDC_projects/Mol_genetic_analysis/Nomenclature/H1_Nomenclature/All_plus_Ref_v5/v_2/label/LABEL_RES/training_data/H1v2016_1/c-6C-6B-6B1-6B2/6C.fasta
alphabet DNA
FREQAVE
0.000000 0.000000 0.000000 
0.000000 0.000000 0.000000 
0.000000 0.000000 0.000000 
0.353233 0.221440 0.186679 0.238649 
0.353233 0.221440 0.186679 0.238649 
Begin
0.000000 0.000000 0.000000 
0.000000 0.000000 0.000000 
0.000000 0.005640 0.491768 
0.250000 0.250000 0.250000 0.250000 
0.250000 0.250000 0.250000 0.250000 
   1
0.000000 0.005407 0.046210 
0.000000 0.988953 0.462022 
0.057405 0.005640 0.491768 
0.976645 0.007785 0.007785 0.007785 
0.250000 0.250000 0.250000 0.250000 
   2
0.479817 0.005407 0.046210 
0.462778 0.988953 0.462022 
0.057405 0.005640 0.491768 
0.007785 0.007785 0.007785 0.976645 
0.250000 0.250000 0.250000 0.250000 
   3
0.479817 0.005407 0.046210 
0.462778 0.988953 0.462022 
0.057405 0.005640 0.491768 
0.007785 0.976645 0.007785 0.007785 
0.250000 0.250000 0.250000 0.250000 
   4
0.479817 0.005407 0.046210 
0.462778 0.988953 0.462022 
0.057405 0.005640 0.491768 
0.968112 0.016318 0.007785 0.007785 
0.250000 0.250000 0.250000 0.250000 
   5
0.479817 0.005407 0.046210 
0.462778 0.988953 0.462022 
0.057405 0.005640 0.491768 
0.975283 0.007785 0.007785 0.009147 
0.250000 0.250000 0.250000 0.250000 
   6
0.479817 0.005407 0.046210 
0.462778 0.988953 0.462022 
0.057405 0.005640 0.491768 
0.007785 0.976645 0.007785 0.007785 
0.250000 0.250000 0.250000 0.250000 
   7
0.479817 0.005407 0.046210 
0.462778 0.988953 0.462022 
0.057405 0.005640 0.491768 
0.007785 0.976645 0.007785 0.007785 
0.250000 0.250000 0.250000 0.250000 
   8
0.479817 0.005407 0.046210 
0.462778 0.988953 0.462022 
0.057405 0.005640 0.491768 
0.007785 0.007785 0.973820 0.010610 
0.250000 0.250000 0.250000 0.250000 
   9
0.479817 0.005407 0.046210 
0.462778 0.988953 0.462022 
0.057405 0.005640 0.491768 
0.976645 0.007785 0.007785 0.007785 
0.250000 0.250000 0.250000 0.250000 
  10
0.479817 0.005407 0.046210 
0.462778 0.988953 0.462022 
0.057405 0.005640 0.491768 
0.975007 0.009423 0.007785 0.007785 
0.250000 0.250000 0.250000 0.250000 
  11
0.479817 0.005407 0.046210 
0.462778 0.988953 0.462022 
0.057405 0.005640 0.491768 
0.007785 0.007785 0.011926 0.972504 
0.250000 0.250000 0.250000 0.250000 
  12
0.479817 0.005407 0.046210 
0.462778 0.988953 0.462022 
0.057405 0.005640 0.491768 
0.976621 0.007793 0.007793 0.007793 
0.250000 0.250000 0.250000 0.250000 
  13
0.479817 0.005407 0.046210 
0.462778 0.988953 0.462022 
0.057405 0.005640 0.491768 
0.007785 0.007785 0.973848 0.010582 
0.250000 0.250000 0.250000 0.250000 
  14
0.479817 0.005407 0.046210 
0.462778 0.988953 0.462022 
0.057405 0.005640 0.491768 
0.007785 0.007785 0.007785 0.976645 
0.250000 0.250000 0.250000 0.250000 
  15
0.479817 0.005407 0.046210 
0.462778 0.988953 0.462022 
0.057405 0.005640 0.491768 
0.975468 0.008961 0.007785 0.007785 
0.250000 0.250000 0.250000 0.250000 
  16
0.479817 0.005407 0.046210 
0.462778 0.988953 0.462022 
0.057405 0.005640 0.491768 
0.010782 0.973647 0.007785 0.007785 
0.250000 0.250000 0.250000 0.250000 
  17
0.479817 0.005407 0.046210 
0.462778 0.988953 0.462022 
0.057405 0.005640 0.491768 
0.007785 0.007785 0.011567 0.972863 
0.250000 0.250000 0.250000 0.250000 
  18
0.479817 0.005407 0.046210 
0.462778 0.988953 0.462022 
0.057405 0.005640 0.491768 
0.976645 0.007785 0.007785 0.007785 
0.250000 0.250000 0.250000 0.250000 
  19
0.479817 0.005407 0.046210 
0.462778 0.988953 0.462022 
0.057405 0.005640 0.491768 
0.008896 0.975533 0.007785 0.007785 
0.250000 0.250000 0.250000 0.250000 
  20
0.479817 0.005407 0.046210 
0.462778 0.988953 0.462022 
0.057405 0.005640 0.491768 
0.007785 0.007785 0.007785 0.976645 
0.250000 0.250000 0.250000 0.250000 
  21
0.479817 0.005407 0.046210 
0.462778 0.988953 0.462022 
0.057405 0.005640 0.491768 
0.007785 0.007785 0.016802 0.967627 
0.250000 0.250000 0.250000 0.250000 
  22
0.479817 0.005407 0.046210 
0.462778 0.988953 0.462022 
0.057405 0.005640 0.491768 
0.011103 0.007797 0.972178 0.008922 
0.250000 0.250000 0.250000 0.250000 
  23
0.479817 0.005407 0.046210 
0.462778 0.988953 0.462022 
0.057405 0.005640 0.491768 
0.007785 0.007785 0.007785 0.976645 
0.250000 0.250000 0.250000 0.250000 
  24
0.479817 0.005407 0.046210 
0.462778 0.988953 0.462022 
0.057405 0.005640 0.491768 
0.011075 0.973355 0.007785 0.007785 
0.250000 0.250000 0.250000 0.250000 
  25
0.479817 0.005407 0.046210 
0.462778 0.988953 0.462022 
0.057405 0.005640 0.491768 
0.007785 0.007785 0.975060 0.009370 
0.250000 0.250000 0.250000 0.250000 
  26
0.479817 0.005407 0.046210 
0.462778 0.988953 0.462022 
0.057405 0.005640 0.491768 
0.007785 0.007785 0.007785 0.976645 
0.250000 0.250000 0.250000 0.250000 
  27
0.479817 0.005407 0.046210 
0.462778 0.988953 0.462022 
0.057405 0.005640 0.491768 
0.973420 0.011010 0.007785 0.007785 
0.250000 0.250000 0.250000 0.250000 
  28
0.479817 0.005407 0.046210 
0.462778 0.988953 0.462022 
0.057405 0.005640 0.491768 
0.007785 0.007785 0.010389 0.974041 
0.250000 0.250000 0.250000 0.250000 
  29
0.479817 0.005407 0.046210 
0.462778 0.988953 0.462022 
0.057405 0.005640 0.491768 
0.976645 0.007785 0.007785 0.007785 
0.250000 0.250000 0.250000 0.250000 
  30
0.479817 0.005407 0.046210 
0.462778 0.988953 0.462022 
0.057405 0.005640 0.491768 
0.007785 0.007785 0.965214 0.019215 
0.250000 0.250000 0.250000 0.250000 
  31
0.479817 0.005407 0.046210 
0.462778 0.988953 0.462022 
0.057405 0.005640 0.491768 
0.976645 0.007785 0.007785 0.007785 
0.250000 0.250000 0.250000 0.250000 
  32
0.479817 0.005407 0.046210 
0.462778 0.988953 0.462022 
0.057405 0.005640 0.491768 
0.007785 0.007785 0.974758 0.009672 
0.250000 0.250000 0.250000 0.250000 
  33
0.479817 0.005407 0.046210 
0.462778 0.988953 0.462022 
0.057405 0.005640 0.491768 
0.975596 0.008833 0.007785 0.007785 
0.250000 0.250000 0.250000 0.250000 
  34
0.479817 0.005407 0.046210 
0.462778 0.988953 0.462022 
0.057405 0.005640 0.491768 
0.007785 0.007785 0.038226 0.946203 
0.250000 0.250000 0.250000 0.250000 
  35
0.479817 0.005407 0.046210 
0.462778 0.988953 0.462022 
0.057405 0.005640 0.491768 
0.018021 0.010174 0.007785 0.964020 
0.250000 0.250000 0.250000 0.250000 
  36
0.479817 0.005407 0.046210 
0.462778 0.988953 0.462022 
0.057405 0.005640 0.491768 
0.008833 0.007785 0.013829 0.969553 
0.250000 0.250000 0.250000 0.250000 
  37
0.479817 0.005407 0.046210 
0.462778 0.988953 0.462022 
0.057405 0.005640 0.491768 
0.012345 0.971109 0.007785 0.008761 
0.250000 0.250000 0.250000 0.250000 
  38
0.479817 0.005407 0.046210 
0.462778 0.988953 0.462022 
0.057405 0.005640 0.491768 
0.007785 0.007785 0.974710 0.009720 
0.250000 0.250000 0.250000 0.250000 
  39
0.479817 0.005407 0.046210 
0.462778 0.988953 0.462022 
0.057405 0.005640 0.491768 
0.976645 0.007785 0.007785 0.007785 
0.250000 0.250000 0.250000 0.250000 
  40
0.479817 0.005407 0.046210 
0.462778 0.988953 0.462022 
0.057405 0.005640 0.491768 
0.975368 0.009062 0.007785 0.007785 
0.250000 0.250000 0.250000 0.250000 
  41
0.479817 0.005407 0.046210 
0.462778 0.988953 0.462022 
0.057405 0.005640 0.491768 
0.010106 0.007785 0.971307 0.010802 
0.250000 0.250000 0.250000 0.250000 
  42
0.479817 0.005407 0.046210 
0.462778 0.988953 0.462022 
0.057405 0.005640 0.491768 
0.011076 0.007785 0.969091 0.012048 
0.250000 0.250000 0.250000 0.250000 
  43
0.479817 0.005407 0.046210 
0.462778 0.988953 0.462022 
0.057405 0.005640 0.491768 
0.010985 0.973445 0.007785 0.007785 
0.250000 0.250000 0.250000 0.250000 
  44
0.479817 0.005407 0.046210 
0.462778 0.988953 0.462022 
0.057405 0.005640 0.491768 
0.007785 0.007785 0.976645 0.007785 
0.250000 0.250000 0.250000 0.250000 
  45
0.479817 0.005407 0.046210 
0.462778 0.988953 0.462022 
0.057405 0.005640 0.491768 
0.976645 0.007785 0.007785 0.007785 
0.250000 0.250000 0.250000 0.250000 
  46
0.479817 0.005407 0.046210 
0.462778 0.988953 0.462022 
0.057405 0.005640 0.491768 
0.970809 0.013621 0.007785 0.007785 
0.250000 0.250000 0.250000 0.250000 
  47
0.479817 0.005407 0.046210 
0.462778 0.988953 0.462022 
0.057405 0.005640 0.491768 
0.975355 0.009075 0.007785 0.007785 
0.250000 0.250000 0.250000 0.250000 
  48
0.479817 0.005407 0.046210 
0.462778 0.988953 0.462022 
0.057405 0.005640 0.491768 
0.007785 0.007785 0.007785 0.976645 
0.250000 0.250000 0.250000 0.250000 
  49
0.479817 0.005407 0.046210 
0.462778 0.988953 0.462022 
0.057405 0.005640 0.491768 
0.013798 0.969240 0.007785 0.009176 
0.250000 0.250000 0.250000 0.250000 
  50
0.479817 0.005407 0.046210 
0.462778 0.988953 0.462022 
0.057405 0.005640 0.491768 
0.007785 0.007785 0.976645 0.007785 
0.250000 0.250000 0.250000 0.250000 
  51
0.479817 0.005407 0.046210 
0.462778 0.988953 0.462022 
0.057405 0.005640 0.491768 
0.962320 0.007785 0.007785 0.022110 
0.250000 0.250000 0.250000 0.250000 
  52
0.479817 0.005407 0.046210 
0.462778 0.988953 0.462022 
0.057405 0.005640 0.491768 
0.007798 0.976607 0.007798 0.007798 
0.250000 0.250000 0.250000 0.250000 
  53
0.479817 0.005407 0.046210 
0.462778 0.988953 0.462022 
0.057405 0.005640 0.491768 
0.976645 0.007785 0.007785 0.007785 
0.250000 0.250000 0.250000 0.250000 
  54
0.479817 0.005407 0.046210 
0.462778 0.988953 0.462022 
0.057405 0.005640 0.491768 
0.007785 0.007785 0.974559 0.009871 
0.250000 0.250000 0.250000 0.250000 
  55
0.479817 0.005407 0.046210 
0.462778 0.988953 0.462022 
0.057405 0.005640 0.491768 
0.976645 0.007785 0.007785 0.007785 
0.250000 0.250000 0.250000 0.250000 
  56
0.479817 0.005407 0.046210 
0.462778 0.988953 0.462022 
0.057405 0.005640 0.491768 
0.007785 0.007785 0.976645 0.007785 
0.250000 0.250000 0.250000 0.250000 
  57
0.479817 0.005407 0.046210 
0.462778 0.988953 0.462022 
0.057405 0.005640 0.491768 
0.972688 0.008842 0.008908 0.009562 
0.250000 0.250000 0.250000 0.250000 
  58
0.479817 0.005407 0.046210 
0.462778 0.988953 0.462022 
0.057405 0.005640 0.491768 
0.007785 0.007785 0.009388 0.975041 
0.250000 0.250000 0.250000 0.250000 
  59
0.479817 0.005407 0.046210 
0.462778 0.988953 0.462022 
0.057405 0.005640 0.491768 
0.007785 0.007785 0.007785 0.976645 
0.250000 0.250000 0.250000 0.250000 
  60
0.479817 0.005407 0.046210 
0.462778 0.988953 0.462022 
0.057405 0.005640 0.491768 
0.975379 0.009051 0.007785 0.007785 
0.250000 0.250000 0.250000 0.250000 
  61
0.479817 0.005407 0.046210 
0.462778 0.988953 0.462022 
0.057405 0.005640 0.491768 
0.007785 0.007785 0.007785 0.976645 
0.250000 0.250000 0.250000 0.250000 
  62
0.479817 0.005407 0.046210 
0.462778 0.988953 0.462022 
0.057405 0.005640 0.491768 
0.007785 0.976645 0.007785 0.007785 
0.250000 0.250000 0.250000 0.250000 
  63
0.479817 0.005407 0.046210 
0.462778 0.988953 0.462022 
0.057405 0.005640 0.491768 
0.007785 0.007785 0.009769 0.974661 
0.250000 0.250000 0.250000 0.250000 
  64
0.479817 0.005407 0.046210 
0.462778 0.988953 0.462022 
0.057405 0.005640 0.491768 
0.975569 0.008860 0.007785 0.007785 
0.250000 0.250000 0.250000 0.250000 
  65
0.479817 0.005407 0.046210 
0.462778 0.988953 0.462022 
0.057405 0.005640 0.491768 
0.007785 0.007785 0.007785 0.976645 
0.250000 0.250000 0.250000 0.250000 
  66
0.479817 0.005407 0.046210 
0.462778 0.988953 0.462022 
0.057405 0.005640 0.491768 
0.976599 0.007800 0.007800 0.007800 
0.250000 0.250000 0.250000 0.250000 
  67
0.479817 0.005407 0.046210 
0.462778 0.988953 0.462022 
0.057405 0.005640 0.491768 
0.008814 0.975616 0.007785 0.007785 
0.250000 0.250000 0.250000 0.250000 
  68
0.479817 0.005407 0.046210 
0.462778 0.988953 0.462022 
0.057405 0.005640 0.491768 
0.007785 0.976645 0.007785 0.007785 
0.250000 0.250000 0.250000 0.250000 
  69
0.479817 0.005407 0.046210 
0.462778 0.988953 0.462022 
0.057405 0.005640 0.491768 
0.007785 0.007785 0.007785 0.976645 
0.250000 0.250000 0.250000 0.250000 
  70
0.479817 0.005407 0.046210 
0.462778 0.988953 0.462022 
0.057405 0.005640 0.491768 
0.007785 0.007785 0.008821 0.975609 
0.250000 0.250000 0.250000 0.250000 
  71
0.479817 0.005407 0.046210 
0.462778 0.988953 0.462022 
0.057405 0.005640 0.491768 
0.976645 0.007785 0.007785 0.007785 
0.250000 0.250000 0.250000 0.250000 
  72
0.479817 0.005407 0.046210 
0.462778 0.988953 0.462022 
0.057405 0.005640 0.491768 
0.007785 0.007785 0.008996 0.975434 
0.250000 0.250000 0.250000 0.250000 
  73
0.479817 0.005407 0.046210 
0.462778 0.988953 0.462022 
0.057405 0.005640 0.491768 
0.007785 0.007785 0.976645 0.007785 
0.250000 0.250000 0.250000 0.250000 
  74
0.479817 0.005407 0.046210 
0.462778 0.988953 0.462022 
0.057405 0.005640 0.491768 
0.976645 0.007785 0.007785 0.007785 
0.250000 0.250000 0.250000 0.250000 
  75
0.479817 0.005407 0.046210 
0.462778 0.988953 0.462022 
0.057405 0.005640 0.491768 
0.007785 0.007785 0.011770 0.972660 
0.250000 0.250000 0.250000 0.250000 
  76
0.479817 0.005407 0.046210 
0.462778 0.988953 0.462022 
0.057405 0.005640 0.491768 
0.008826 0.975592 0.007791 0.007791 
0.250000 0.250000 0.250000 0.250000 
  77
0.479817 0.005407 0.046210 
0.462778 0.988953 0.462022 
0.057405 0.005640 0.491768 
0.007791 0.007791 0.976627 0.007791 
0.250000 0.250000 0.250000 0.250000 
  78
0.479817 0.005407 0.046210 
0.462778 0.988953 0.462022 
0.057405 0.005640 0.491768 
0.009193 0.975237 0.007785 0.007785 
0.250000 0.250000 0.250000 0.250000 
  79
0.479817 0.005407 0.046210 
0.462778 0.988953 0.462022 
0.057405 0.005640 0.491768 
0.976645 0.007785 0.007785 0.007785 
0.250000 0.250000 0.250000 0.250000 
  80
0.479817 0.005407 0.046210 
0.462778 0.988953 0.462022 
0.057405 0.005640 0.491768 
0.976645 0.007785 0.007785 0.007785 
0.250000 0.250000 0.250000 0.250000 
  81
0.479817 0.005407 0.046210 
0.462778 0.988953 0.462022 
0.057405 0.005640 0.491768 
0.007785 0.007785 0.975123 0.009307 
0.250000 0.250000 0.250000 0.250000 
  82
0.479817 0.005407 0.046210 
0.462778 0.988953 0.462022 
0.057405 0.005640 0.491768 
0.976645 0.007785 0.007785 0.007785 
0.250000 0.250000 0.250000 0.250000 
  83
0.479817 0.005407 0.046210 
0.462778 0.988953 0.462022 
0.057405 0.005640 0.491768 
0.976645 0.007785 0.007785 0.007785 
0.250000 0.250000 0.250000 0.250000 
  84
0.479817 0.005407 0.046210 
0.462778 0.988953 0.462022 
0.057405 0.005640 0.491768 
0.007785 0.007785 0.007785 0.976645 
0.250000 0.250000 0.250000 0.250000 
  85
0.479817 0.005407 0.046210 
0.462778 0.988953 0.462022 
0.057405 0.005640 0.491768 
0.007785 0.007785 0.007785 0.976645 
0.250000 0.250000 0.250000 0.250000 
  86
0.479817 0.005407 0.046210 
0.462778 0.988953 0.462022 
0.057405 0.005640 0.491768 
0.007785 0.007785 0.976645 0.007785 
0.250000 0.250000 0.250000 0.250000 
  87
0.479817 0.005407 0.046210 
0.462778 0.988953 0.462022 
0.057405 0.005640 0.491768 
0.976645 0.007785 0.007785 0.007785 
0.250000 0.250000 0.250000 0.250000 
  88
0.479817 0.005407 0.046210 
0.462778 0.988953 0.462022 
0.057405 0.005640 0.491768 
0.976645 0.007785 0.007785 0.007785 
0.250000 0.250000 0.250000 0.250000 
  89
0.479817 0.005407 0.046210 
0.462778 0.988953 0.462022 
0.057405 0.005640 0.491768 
0.007785 0.007785 0.976645 0.007785 
0.250000 0.250000 0.250000 0.250000 
  90
0.479817 0.005407 0.046210 
0.462778 0.988953 0.462022 
0.057405 0.005640 0.491768 
0.903994 0.079490 0.008725 0.007791 
0.250000 0.250000 0.250000 0.250000 
  91
0.479817 0.005407 0.046210 
0.462778 0.988953 0.462022 
0.057405 0.005640 0.491768 
0.008823 0.975607 0.007785 0.007785 
0.250000 0.250000 0.250000 0.250000 
  92
0.479817 0.005407 0.046210 
0.462778 0.988953 0.462022 
0.057405 0.005640 0.491768 
0.976645 0.007785 0.007785 0.007785 
0.250000 0.250000 0.250000 0.250000 
  93
0.479817 0.005407 0.046210 
0.462778 0.988953 0.462022 
0.057405 0.005640 0.491768 
0.007785 0.007785 0.976645 0.007785 
0.250000 0.250000 0.250000 0.250000 
  94
0.479817 0.005407 0.046210 
0.462778 0.988953 0.462022 
0.057405 0.005640 0.491768 
0.976645 0.007785 0.007785 0.007785 
0.250000 0.250000 0.250000 0.250000 
  95
0.479817 0.005407 0.046210 
0.462778 0.988953 0.462022 
0.057405 0.005640 0.491768 
0.007785 0.007785 0.975468 0.008962 
0.250000 0.250000 0.250000 0.250000 
  96
0.479817 0.005407 0.046210 
0.462778 0.988953 0.462022 
0.057405 0.005640 0.491768 
0.007785 0.007785 0.009103 0.975327 
0.250000 0.250000 0.250000 0.250000 
  97
0.479817 0.005407 0.046210 
0.462778 0.988953 0.462022 
0.057405 0.005640 0.491768 
0.007785 0.976645 0.007785 0.007785 
0.250000 0.250000 0.250000 0.250000 
  98
0.479817 0.005407 0.046210 
0.462778 0.988953 0.462022 
0.057405 0.005640 0.491768 
0.007791 0.007791 0.007791 0.976627 
0.250000 0.250000 0.250000 0.250000 
  99
0.479817 0.005407 0.046210 
0.462778 0.988953 0.462022 
0.057405 0.005640 0.491768 
0.972508 0.011922 0.007785 0.007785 
0.250000 0.250000 0.250000 0.250000 
 100
0.479817 0.005407 0.046210 
0.462778 0.988953 0.462022 
0.057405 0.005640 0.491768 
0.008850 0.975579 0.007785 0.007785 
0.250000 0.250000 0.250000 0.250000 
 101
0.479817 0.005407 0.046210 
0.462778 0.988953 0.462022 
0.057405 0.005640 0.491768 
0.976645 0.007785 0.007785 0.007785 
0.250000 0.250000 0.250000 0.250000 
 102
0.479817 0.005407 0.046210 
0.462778 0.988953 0.462022 
0.057405 0.005640 0.491768 
0.007785 0.007785 0.971547 0.012882 
0.250000 0.250000 0.250000 0.250000 
 103
0.479817 0.005407 0.046210 
0.462778 0.988953 0.462022 
0.057405 0.005640 0.491768 
0.976645 0.007785 0.007785 0.007785 
0.250000 0.250000 0.250000 0.250000 
 104
0.479817 0.005407 0.046210 
0.462778 0.988953 0.462022 
0.057405 0.005640 0.491768 
0.007785 0.007785 0.976645 0.007785 
0.250000 0.250000 0.250000 0.250000 
 105
0.479817 0.005407 0.046210 
0.462778 0.988953 0.462022 
0.057405 0.005640 0.491768 
0.976645 0.007785 0.007785 0.007785 
0.250000 0.250000 0.250000 0.250000 
 106
0.479817 0.005407 0.046210 
0.462778 0.988953 0.462022 
0.057405 0.005640 0.491768 
0.011395 0.973009 0.007798 0.007798 
0.250000 0.250000 0.250000 0.250000 
 107
0.479817 0.005407 0.046210 
0.462778 0.988953 0.462022 
0.057405 0.005640 0.491768 
0.007785 0.007785 0.007785 0.976645 
0.250000 0.250000 0.250000 0.250000 
 108
0.479817 0.005407 0.046210 
0.462778 0.988953 0.462022 
0.057405 0.005640 0.491768 
0.976645 0.007785 0.007785 0.007785 
0.250000 0.250000 0.250000 0.250000 
 109
0.479817 0.005407 0.046210 
0.462778 0.988953 0.462022 
0.057405 0.005640 0.491768 
0.007785 0.007785 0.975367 0.009063 
0.250000 0.250000 0.250000 0.250000 
 110
0.479817 0.005407 0.046210 
0.462778 0.988953 0.462022 
0.057405 0.005640 0.491768 
0.007785 0.007785 0.007785 0.976645 
0.250000 0.250000 0.250000 0.250000 
 111
0.479817 0.005407 0.046210 
0.462778 0.988953 0.462022 
0.057405 0.005640 0.491768 
0.972061 0.011385 0.007785 0.008769 
0.250000 0.250000 0.250000 0.250000 
 112
0.479817 0.005407 0.046210 
0.462778 0.988953 0.462022 
0.057405 0.005640 0.491768 
0.008873 0.975557 0.007785 0.007785 
0.250000 0.250000 0.250000 0.250000 
 113
0.479817 0.005407 0.046210 
0.462778 0.988953 0.462022 
0.057405 0.005640 0.491768 
0.976645 0.007785 0.007785 0.007785 
0.250000 0.250000 0.250000 0.250000 
 114
0.479817 0.005407 0.046210 
0.462778 0.988953 0.462022 
0.057405 0.005640 0.491768 
0.976645 0.007785 0.007785 0.007785 
0.250000 0.250000 0.250000 0.250000 
 115
0.479817 0.005407 0.046210 
0.462778 0.988953 0.462022 
0.057405 0.005640 0.491768 
0.975375 0.009041 0.007792 0.007792 
0.250000 0.250000 0.250000 0.250000 
 116
0.479817 0.005407 0.046210 
0.462778 0.988953 0.462022 
0.057405 0.005640 0.491768 
0.976626 0.007791 0.007791 0.007791 
0.250000 0.250000 0.250000 0.250000 
 117
0.479817 0.005407 0.046210 
0.462778 0.988953 0.462022 
0.057405 0.005640 0.491768 
0.010868 0.973562 0.007785 0.007785 
0.250000 0.250000 0.250000 0.250000 
 118
0.479817 0.005407 0.046210 
0.462778 0.988953 0.462022 
0.057405 0.005640 0.491768 
0.976645 0.007785 0.007785 0.007785 
0.250000 0.250000 0.250000 0.250000 
 119
0.479817 0.005407 0.046210 
0.462778 0.988953 0.462022 
0.057405 0.005640 0.491768 
0.976645 0.007785 0.007785 0.007785 
0.250000 0.250000 0.250000 0.250000 
 120
0.479817 0.005407 0.046210 
0.462778 0.988953 0.462022 
0.057405 0.005640 0.491768 
0.007785 0.007785 0.007785 0.976645 
0.250000 0.250000 0.250000 0.250000 
 121
0.479817 0.005407 0.046210 
0.462778 0.988953 0.462022 
0.057405 0.005640 0.491768 
0.008974 0.975455 0.007785 0.007785 
0.250000 0.250000 0.250000 0.250000 
 122
0.479817 0.005407 0.046210 
0.462778 0.988953 0.462022 
0.057405 0.005640 0.491768 
0.007785 0.007785 0.007785 0.976645 
0.250000 0.250000 0.250000 0.250000 
 123
0.479817 0.005407 0.046210 
0.462778 0.988953 0.462022 
0.057405 0.005640 0.491768 
0.968307 0.012376 0.011532 0.007785 
0.250000 0.250000 0.250000 0.250000 
 124
0.479817 0.005407 0.046210 
0.462778 0.988953 0.462022 
0.057405 0.005640 0.491768 
0.976645 0.007785 0.007785 0.007785 
0.250000 0.250000 0.250000 0.250000 
 125
0.479817 0.005407 0.046210 
0.462778 0.988953 0.462022 
0.057405 0.005640 0.491768 
0.007785 0.007785 0.976645 0.007785 
0.250000 0.250000 0.250000 0.250000 
 126
0.479817 0.005407 0.046210 
0.462778 0.988953 0.462022 
0.057405 0.005640 0.491768 
0.976645 0.007785 0.007785 0.007785 
0.250000 0.250000 0.250000 0.250000 
 127
0.479817 0.005407 0.046210 
0.462778 0.988953 0.462022 
0.057405 0.005640 0.491768 
0.008888 0.974488 0.007785 0.008839 
0.250000 0.250000 0.250000 0.250000 
 128
0.479817 0.005407 0.046210 
0.462778 0.988953 0.462022 
0.057405 0.005640 0.491768 
0.007785 0.007785 0.007785 0.976645 
0.250000 0.250000 0.250000 0.250000 
 129
0.479817 0.005407 0.046210 
0.462778 0.988953 0.462022 
0.057405 0.005640 0.491768 
0.974210 0.010220 0.007785 0.007785 
0.250000 0.250000 0.250000 0.250000 
 130
0.479817 0.005407 0.046210 
0.462778 0.988953 0.462022 
0.057405 0.005640 0.491768 
0.976645 0.007785 0.007785 0.007785 
0.250000 0.250000 0.250000 0.250000 
 131
0.479817 0.005407 0.046210 
0.462778 0.988953 0.462022 
0.057405 0.005640 0.491768 
0.007785 0.007785 0.976645 0.007785 
0.250000 0.250000 0.250000 0.250000 
 132
0.479817 0.005407 0.046210 
0.462778 0.988953 0.462022 
0.057405 0.005640 0.491768 
0.974687 0.007785 0.009742 0.007785 
0.250000 0.250000 0.250000 0.250000 
 133
0.479817 0.005407 0.046210 
0.462778 0.988953 0.462022 
0.057405 0.005640 0.491768 
0.007785 0.007785 0.976645 0.007785 
0.250000 0.250000 0.250000 0.250000 
 134
0.479817 0.005407 0.046210 
0.462778 0.988953 0.462022 
0.057405 0.005640 0.491768 
0.976645 0.007785 0.007785 0.007785 
0.250000 0.250000 0.250000 0.250000 
 135
0.479817 0.005407 0.046210 
0.462778 0.988953 0.462022 
0.057405 0.005640 0.491768 
0.007785 0.007785 0.970582 0.013848 
0.250000 0.250000 0.250000 0.250000 
 136
0.479817 0.005407 0.046210 
0.462778 0.988953 0.462022 
0.057405 0.005640 0.491768 
0.007785 0.007785 0.007785 0.976645 
0.250000 0.250000 0.250000 0.250000 
 137
0.479817 0.005407 0.046210 
0.462778 0.988953 0.462022 
0.057405 0.005640 0.491768 
0.007785 0.007785 0.976645 0.007785 
0.250000 0.250000 0.250000 0.250000 
 138
0.479817 0.005407 0.046210 
0.462778 0.988953 0.462022 
0.057405 0.005640 0.491768 
0.007785 0.007785 0.007785 0.976645 
0.250000 0.250000 0.250000 0.250000 
 139
0.479817 0.005407 0.046210 
0.462778 0.988953 0.462022 
0.057405 0.005640 0.491768 
0.011838 0.972592 0.007785 0.007785 
0.250000 0.250000 0.250000 0.250000 
 140
0.479817 0.005407 0.046210 
0.462778 0.988953 0.462022 
0.057405 0.005640 0.491768 
0.007785 0.007785 0.023320 0.961110 
0.250000 0.250000 0.250000 0.250000 
 141
0.479817 0.005407 0.046210 
0.462778 0.988953 0.462022 
0.057405 0.005640 0.491768 
0.007785 0.008832 0.012300 0.971083 
0.250000 0.250000 0.250000 0.250000 
 142
0.479817 0.005407 0.046210 
0.462778 0.988953 0.462022 
0.057405 0.005640 0.491768 
0.974714 0.007785 0.009716 0.007785 
0.250000 0.250000 0.250000 0.250000 
 143
0.479817 0.005407 0.046210 
0.462778 0.988953 0.462022 
0.057405 0.005640 0.491768 
0.976645 0.007785 0.007785 0.007785 
0.250000 0.250000 0.250000 0.250000 
 144
0.479817 0.005407 0.046210 
0.462778 0.988953 0.462022 
0.057405 0.005640 0.491768 
0.007785 0.007785 0.968274 0.016156 
0.250000 0.250000 0.250000 0.250000 
 145
0.479817 0.005407 0.046210 
0.462778 0.988953 0.462022 
0.057405 0.005640 0.491768 
0.007785 0.007785 0.974667 0.009763 
0.250000 0.250000 0.250000 0.250000 
 146
0.479817 0.005407 0.046210 
0.462778 0.988953 0.462022 
0.057405 0.005640 0.491768 
0.007785 0.007785 0.007785 0.976645 
0.250000 0.250000 0.250000 0.250000 
 147
0.479817 0.005407 0.046210 
0.462778 0.988953 0.462022 
0.057405 0.005640 0.491768 
0.007785 0.007785 0.011587 0.972842 
0.250000 0.250000 0.250000 0.250000 
 148
0.479817 0.005407 0.046210 
0.462778 0.988953 0.462022 
0.057405 0.005640 0.491768 
0.007785 0.007785 0.974039 0.010391 
0.250000 0.250000 0.250000 0.250000 
 149
0.479817 0.005407 0.046210 
0.462778 0.988953 0.462022 
0.057405 0.005640 0.491768 
0.007785 0.007785 0.007785 0.976645 
0.250000 0.250000 0.250000 0.250000 
 150
0.479817 0.005407 0.046210 
0.462778 0.988953 0.462022 
0.057405 0.005640 0.491768 
0.970990 0.013440 0.007785 0.007785 
0.250000 0.250000 0.250000 0.250000 
 151
0.479817 0.005407 0.046210 
0.462778 0.988953 0.462022 
0.057405 0.005640 0.491768 
0.007785 0.976645 0.007785 0.007785 
0.250000 0.250000 0.250000 0.250000 
 152
0.479817 0.005407 0.046210 
0.462778 0.988953 0.462022 
0.057405 0.005640 0.491768 
0.976645 0.007785 0.007785 0.007785 
0.250000 0.250000 0.250000 0.250000 
 153
0.479817 0.005407 0.046210 
0.462778 0.988953 0.462022 
0.057405 0.005640 0.491768 
0.975577 0.008853 0.007785 0.007785 
0.250000 0.250000 0.250000 0.250000 
 154
0.479817 0.005407 0.046210 
0.462778 0.988953 0.462022 
0.057405 0.005640 0.491768 
0.009908 0.973572 0.007785 0.008735 
0.250000 0.250000 0.250000 0.250000 
 155
0.479817 0.005407 0.046210 
0.462778 0.988953 0.462022 
0.057405 0.005640 0.491768 
0.976645 0.007785 0.007785 0.007785 
0.250000 0.250000 0.250000 0.250000 
 156
0.479817 0.005407 0.046210 
0.462778 0.988953 0.462022 
0.057405 0.005640 0.491768 
0.007785 0.007785 0.976645 0.007785 
0.250000 0.250000 0.250000 0.250000 
 157
0.479817 0.005407 0.046210 
0.462778 0.988953 0.462022 
0.057405 0.005640 0.491768 
0.973475 0.009304 0.009436 0.007785 
0.250000 0.250000 0.250000 0.250000 
 158
0.479817 0.005407 0.046210 
0.462778 0.988953 0.462022 
0.057405 0.005640 0.491768 
0.976645 0.007785 0.007785 0.007785 
0.250000 0.250000 0.250000 0.250000 
 159
0.479817 0.005407 0.046210 
0.462778 0.988953 0.462022 
0.057405 0.005640 0.491768 
0.341307 0.643100 0.007797 0.007797 
0.250000 0.250000 0.250000 0.250000 
 160
0.479817 0.005407 0.046210 
0.462778 0.988953 0.462022 
0.057405 0.005640 0.491768 
0.007785 0.007785 0.976645 0.007785 
0.250000 0.250000 0.250000 0.250000 
 161
0.479817 0.005407 0.046210 
0.462778 0.988953 0.462022 
0.057405 0.005640 0.491768 
0.976645 0.007785 0.007785 0.007785 
0.250000 0.250000 0.250000 0.250000 
 162
0.479817 0.005407 0.046210 
0.462778 0.988953 0.462022 
0.057405 0.005640 0.491768 
0.007794 0.007794 0.011656 0.972756 
0.250000 0.250000 0.250000 0.250000 
 163
0.479817 0.005407 0.046210 
0.462778 0.988953 0.462022 
0.057405 0.005640 0.491768 
0.973052 0.011378 0.007785 0.007785 
0.250000 0.250000 0.250000 0.250000 
 164
0.479817 0.005407 0.046210 
0.462778 0.988953 0.462022 
0.057405 0.005640 0.491768 
0.976645 0.007785 0.007785 0.007785 
0.250000 0.250000 0.250000 0.250000 
 165
0.479817 0.005407 0.046210 
0.462778 0.988953 0.462022 
0.057405 0.005640 0.491768 
0.009175 0.007785 0.965397 0.017642 
0.250000 0.250000 0.250000 0.250000 
 166
0.479817 0.005407 0.046210 
0.462778 0.988953 0.462022 
0.057405 0.005640 0.491768 
0.008840 0.975590 0.007785 0.007785 
0.250000 0.250000 0.250000 0.250000 
 167
0.479817 0.005407 0.046210 
0.462778 0.988953 0.462022 
0.057405 0.005640 0.491768 
0.012526 0.971903 0.007785 0.007785 
0.250000 0.250000 0.250000 0.250000 
 168
0.479817 0.005407 0.046210 
0.462778 0.988953 0.462022 
0.057405 0.005640 0.491768 
0.010775 0.973654 0.007785 0.007785 
0.250000 0.250000 0.250000 0.250000 
 169
0.479817 0.005407 0.046210 
0.462778 0.988953 0.462022 
0.057405 0.005640 0.491768 
0.975258 0.007785 0.009172 0.007785 
0.250000 0.250000 0.250000 0.250000 
 170
0.479817 0.005407 0.046210 
0.462778 0.988953 0.462022 
0.057405 0.005640 0.491768 
0.976645 0.007785 0.007785 0.007785 
0.250000 0.250000 0.250000 0.250000 
 171
0.479817 0.005407 0.046210 
0.462778 0.988953 0.462022 
0.057405 0.005640 0.491768 
0.975319 0.009111 0.007785 0.007785 
0.250000 0.250000 0.250000 0.250000 
 172
0.479817 0.005407 0.046210 
0.462778 0.988953 0.462022 
0.057405 0.005640 0.491768 
0.007785 0.007785 0.973216 0.011214 
0.250000 0.250000 0.250000 0.250000 
 173
0.479817 0.005407 0.046210 
0.462778 0.988953 0.462022 
0.057405 0.005640 0.491768 
0.007785 0.007785 0.007785 0.976645 
0.250000 0.250000 0.250000 0.250000 
 174
0.479817 0.005407 0.046210 
0.462778 0.988953 0.462022 
0.057405 0.005640 0.491768 
0.972040 0.012390 0.007785 0.007785 
0.250000 0.250000 0.250000 0.250000 
 175
0.479817 0.005407 0.046210 
0.462778 0.988953 0.462022 
0.057405 0.005640 0.491768 
0.007785 0.007785 0.007785 0.976645 
0.250000 0.250000 0.250000 0.250000 
 176
0.479817 0.005407 0.046210 
0.462778 0.988953 0.462022 
0.057405 0.005640 0.491768 
0.007785 0.976645 0.007785 0.007785 
0.250000 0.250000 0.250000 0.250000 
 177
0.479817 0.005407 0.046210 
0.462778 0.988953 0.462022 
0.057405 0.005640 0.491768 
0.007785 0.007785 0.973225 0.011205 
0.250000 0.250000 0.250000 0.250000 
 178
0.479817 0.005407 0.046210 
0.462778 0.988953 0.462022 
0.057405 0.005640 0.491768 
0.976645 0.007785 0.007785 0.007785 
0.250000 0.250000 0.250000 0.250000 
 179
0.479817 0.005407 0.046210 
0.462778 0.988953 0.462022 
0.057405 0.005640 0.491768 
0.964308 0.020122 0.007785 0.007785 
0.250000 0.250000 0.250000 0.250000 
 180
0.479817 0.005407 0.046210 
0.462778 0.988953 0.462022 
0.057405 0.005640 0.491768 
0.974665 0.009765 0.007785 0.007785 
0.250000 0.250000 0.250000 0.250000 
 181
0.479817 0.005407 0.046210 
0.462778 0.988953 0.462022 
0.057405 0.005640 0.491768 
0.008757 0.007791 0.971797 0.011654 
0.250000 0.250000 0.250000 0.250000 
 182
0.479817 0.005407 0.046210 
0.462778 0.988953 0.462022 
0.057405 0.005640 0.491768 
0.007785 0.007785 0.007785 0.976645 
0.250000 0.250000 0.250000 0.250000 
 183
0.479817 0.005407 0.046210 
0.462778 0.988953 0.462022 
0.057405 0.005640 0.491768 
0.974560 0.009870 0.007785 0.007785 
0.250000 0.250000 0.250000 0.250000 
 184
0.479817 0.005407 0.046210 
0.462778 0.988953 0.462022 
0.057405 0.005640 0.491768 
0.976645 0.007785 0.007785 0.007785 
0.250000 0.250000 0.250000 0.250000 
 185
0.479817 0.005407 0.046210 
0.462778 0.988953 0.462022 
0.057405 0.005640 0.491768 
0.010390 0.974040 0.007785 0.007785 
0.250000 0.250000 0.250000 0.250000 
 186
0.479817 0.005407 0.046210 
0.462778 0.988953 0.462022 
0.057405 0.005640 0.491768 
0.976645 0.007785 0.007785 0.007785 
0.250000 0.250000 0.250000 0.250000 
 187
0.479817 0.005407 0.046210 
0.462778 0.988953 0.462022 
0.057405 0.005640 0.491768 
0.007785 0.976645 0.007785 0.007785 
0.250000 0.250000 0.250000 0.250000 
 188
0.479817 0.005407 0.046210 
0.462778 0.988953 0.462022 
0.057405 0.005640 0.491768 
0.009778 0.974651 0.007785 0.007785 
0.250000 0.250000 0.250000 0.250000 
 189
0.479817 0.005407 0.046210 
0.462778 0.988953 0.462022 
0.057405 0.005640 0.491768 
0.018113 0.966316 0.007785 0.007785 
0.250000 0.250000 0.250000 0.250000 
 190
0.479817 0.005407 0.046210 
0.462778 0.988953 0.462022 
0.057405 0.005640 0.491768 
0.020852 0.963561 0.007793 0.007793 
0.250000 0.250000 0.250000 0.250000 
 191
0.479817 0.005407 0.046210 
0.462778 0.988953 0.462022 
0.057405 0.005640 0.491768 
0.007785 0.007785 0.007785 0.976645 
0.250000 0.250000 0.250000 0.250000 
 192
0.479817 0.005407 0.046210 
0.462778 0.988953 0.462022 
0.057405 0.005640 0.491768 
0.974868 0.009562 0.007785 0.007785 
0.250000 0.250000 0.250000 0.250000 
 193
0.479817 0.005407 0.046210 
0.462778 0.988953 0.462022 
0.057405 0.005640 0.491768 
0.011078 0.970769 0.010368 0.007785 
0.250000 0.250000 0.250000 0.250000 
 194
0.479817 0.005407 0.046210 
0.462778 0.988953 0.462022 
0.057405 0.005640 0.491768 
0.007785 0.007785 0.970926 0.013504 
0.250000 0.250000 0.250000 0.250000 
 195
0.479817 0.005407 0.046210 
0.462778 0.988953 0.462022 
0.057405 0.005640 0.491768 
0.007785 0.007785 0.976645 0.007785 
0.250000 0.250000 0.250000 0.250000 
 196
0.479817 0.005407 0.046210 
0.462778 0.988953 0.462022 
0.057405 0.005640 0.491768 
0.007785 0.007785 0.976645 0.007785 
0.250000 0.250000 0.250000 0.250000 
 197
0.479817 0.005407 0.046210 
0.462778 0.988953 0.462022 
0.057405 0.005640 0.491768 
0.007785 0.007785 0.976645 0.007785 
0.250000 0.250000 0.250000 0.250000 
 198
0.479817 0.005407 0.046210 
0.462778 0.988953 0.462022 
0.057405 0.005640 0.491768 
0.971373 0.013057 0.007785 0.007785 
0.250000 0.250000 0.250000 0.250000 
 199
0.479817 0.005407 0.046210 
0.462778 0.988953 0.462022 
0.057405 0.005640 0.491768 
0.007785 0.007785 0.007785 0.976645 
0.250000 0.250000 0.250000 0.250000 
 200
0.479817 0.005407 0.046210 
0.462778 0.988953 0.462022 
0.057405 0.005640 0.491768 
0.007785 0.007785 0.007785 0.976645 
0.250000 0.250000 0.250000 0.250000 
 201
0.479817 0.005407 0.046210 
0.462778 0.988953 0.462022 
0.057405 0.005640 0.491768 
0.010064 0.974366 0.007785 0.007785 
0.250000 0.250000 0.250000 0.250000 
 202
0.479817 0.005407 0.046210 
0.462778 0.988953 0.462022 
0.057405 0.005640 0.491768 
0.014032 0.007785 0.970398 0.007785 
0.250000 0.250000 0.250000 0.250000 
 203
0.479817 0.005407 0.046210 
0.462778 0.988953 0.462022 
0.057405 0.005640 0.491768 
0.973826 0.007785 0.010604 0.007785 
0.250000 0.250000 0.250000 0.250000 
 204
0.479817 0.005407 0.046210 
0.462778 0.988953 0.462022 
0.057405 0.005640 0.491768 
0.009062 0.007785 0.009187 0.973966 
0.250000 0.250000 0.250000 0.250000 
 205
0.479817 0.005407 0.046210 
0.462778 0.988953 0.462022 
0.057405 0.005640 0.491768 
0.007785 0.007785 0.007785 0.976645 
0.250000 0.250000 0.250000 0.250000 
 206
0.479817 0.005407 0.046210 
0.462778 0.988953 0.462022 
0.057405 0.005640 0.491768 
0.007785 0.007785 0.007785 0.976645 
0.250000 0.250000 0.250000 0.250000 
 207
0.479817 0.005407 0.046210 
0.462778 0.988953 0.462022 
0.057405 0.005640 0.491768 
0.009940 0.974489 0.007785 0.007785 
0.250000 0.250000 0.250000 0.250000 
 208
0.479817 0.005407 0.046210 
0.462778 0.988953 0.462022 
0.057405 0.005640 0.491768 
0.007785 0.976645 0.007785 0.007785 
0.250000 0.250000 0.250000 0.250000 
 209
0.479817 0.005407 0.046210 
0.462778 0.988953 0.462022 
0.057405 0.005640 0.491768 
0.007785 0.976645 0.007785 0.007785 
0.250000 0.250000 0.250000 0.250000 
 210
0.479817 0.005407 0.046210 
0.462778 0.988953 0.462022 
0.057405 0.005640 0.491768 
0.007785 0.015506 0.007785 0.968924 
0.250000 0.250000 0.250000 0.250000 
 211
0.479817 0.005407 0.046210 
0.462778 0.988953 0.462022 
0.057405 0.005640 0.491768 
0.975087 0.009343 0.007785 0.007785 
0.250000 0.250000 0.250000 0.250000 
 212
0.479817 0.005407 0.046210 
0.462778 0.988953 0.462022 
0.057405 0.005640 0.491768 
0.974435 0.008755 0.007785 0.009025 
0.250000 0.250000 0.250000 0.250000 
 213
0.479817 0.005407 0.046210 
0.462778 0.988953 0.462022 
0.057405 0.005640 0.491768 
0.970107 0.011973 0.010135 0.007785 
0.250000 0.250000 0.250000 0.250000 
 214
0.479817 0.005407 0.046210 
0.462778 0.988953 0.462022 
0.057405 0.005640 0.491768 
0.007785 0.007785 0.007785 0.976645 
0.250000 0.250000 0.250000 0.250000 
 215
0.479817 0.005407 0.046210 
0.462778 0.988953 0.462022 
0.057405 0.005640 0.491768 
0.007785 0.976645 0.007785 0.007785 
0.250000 0.250000 0.250000 0.250000 
 216
0.479817 0.005407 0.046210 
0.462778 0.988953 0.462022 
0.057405 0.005640 0.491768 
0.007785 0.007785 0.057789 0.926640 
0.250000 0.250000 0.250000 0.250000 
 217
0.479817 0.005407 0.046210 
0.462778 0.988953 0.462022 
0.057405 0.005640 0.491768 
0.975264 0.009166 0.007785 0.007785 
0.250000 0.250000 0.250000 0.250000 
 218
0.479817 0.005407 0.046210 
0.462778 0.988953 0.462022 
0.057405 0.005640 0.491768 
0.971326 0.013104 0.007785 0.007785 
0.250000 0.250000 0.250000 0.250000 
 219
0.479817 0.005407 0.046210 
0.462778 0.988953 0.462022 
0.057405 0.005640 0.491768 
0.007785 0.007785 0.976645 0.007785 
0.250000 0.250000 0.250000 0.250000 
 220
0.479817 0.005407 0.046210 
0.462778 0.988953 0.462022 
0.057405 0.005640 0.491768 
0.976645 0.007785 0.007785 0.007785 
0.250000 0.250000 0.250000 0.250000 
 221
0.479817 0.005407 0.046210 
0.462778 0.988953 0.462022 
0.057405 0.005640 0.491768 
0.007785 0.007785 0.007785 0.976645 
0.250000 0.250000 0.250000 0.250000 
 222
0.479817 0.005407 0.046210 
0.462778 0.988953 0.462022 
0.057405 0.005640 0.491768 
0.007785 0.007785 0.009246 0.975184 
0.250000 0.250000 0.250000 0.250000 
 223
0.479817 0.005407 0.046210 
0.462778 0.988953 0.462022 
0.057405 0.005640 0.491768 
0.007785 0.976645 0.007785 0.007785 
0.250000 0.250000 0.250000 0.250000 
 224
0.479817 0.005407 0.046210 
0.462778 0.988953 0.462022 
0.057405 0.005640 0.491768 
0.007785 0.007785 0.976645 0.007785 
0.250000 0.250000 0.250000 0.250000 
 225
0.479817 0.005407 0.046210 
0.462778 0.988953 0.462022 
0.057405 0.005640 0.491768 
0.008823 0.007785 0.013477 0.969915 
0.250000 0.250000 0.250000 0.250000 
 226
0.479817 0.005407 0.046210 
0.462778 0.988953 0.462022 
0.057405 0.005640 0.491768 
0.007785 0.976645 0.007785 0.007785 
0.250000 0.250000 0.250000 0.250000 
 227
0.479817 0.005407 0.046210 
0.462778 0.988953 0.462022 
0.057405 0.005640 0.491768 
0.007785 0.976645 0.007785 0.007785 
0.250000 0.250000 0.250000 0.250000 
 228
0.479817 0.005407 0.046210 
0.462778 0.988953 0.462022 
0.057405 0.005640 0.491768 
0.009637 0.007785 0.973234 0.009343 
0.250000 0.250000 0.250000 0.250000 
 229
0.479817 0.005407 0.046210 
0.462778 0.988953 0.462022 
0.057405 0.005640 0.491768 
0.007785 0.007785 0.007785 0.976645 
0.250000 0.250000 0.250000 0.250000 
 230
0.479817 0.005407 0.046210 
0.462778 0.988953 0.462022 
0.057405 0.005640 0.491768 
0.007785 0.975182 0.007785 0.009248 
0.250000 0.250000 0.250000 0.250000 
 231
0.479817 0.005407 0.046210 
0.462778 0.988953 0.462022 
0.057405 0.005640 0.491768 
0.007785 0.976645 0.007785 0.007785 
0.250000 0.250000 0.250000 0.250000 
 232
0.479817 0.005407 0.046210 
0.462778 0.988953 0.462022 
0.057405 0.005640 0.491768 
0.975291 0.009139 0.007785 0.007785 
0.250000 0.250000 0.250000 0.250000 
 233
0.479817 0.005407 0.046210 
0.462778 0.988953 0.462022 
0.057405 0.005640 0.491768 
0.007785 0.007785 0.009423 0.975007 
0.250000 0.250000 0.250000 0.250000 
 234
0.479817 0.005407 0.046210 
