%  SAM: /scicomp/home/yfa9/CDC_projects/Mol_genetic_analysis/Nomenclature/H1_Nomenclature/All_plus_Ref_v5/v_2/label/LABEL_RES/scripts/modelfromalign_Linux v3.5 (July 15, 2005) compiled 12/08/06_16:15:55
%  (c) 1992-2001 Regents of the University of California, Santa Cruz
%
%          Sequence Alignment and Modeling Software System
%         http://www.cse.ucsc.edu/research/compbio/sam.html
%
% ----------------- Citations (SAM, SAM-T2K, HMMs) --------------------
% R. Hughey, A. Krogh, Hidden Markov models for sequence analysis:
%  Extension and analysis of the basic method, CABIOS 12:95-107, 1996.
% K. Karplus, et al., What is the value added by human intervention in protein
%  structure prediction, Proteins: Stucture, Function, Genetics 45(S5):86--91, 2001.
% A. Krogh et al., Hidden Markov models in computational biology:
%  Applications to protein modeling, JMB 235:1501-1531, Feb 1994.
% ---------------------------------------------------------------------
%  c-6B-6B1-6B2_hmm   Host: node4.aspen.biotech.cdc.gov    Mon Jun 27 13:04:31 2016
%  yfa9               Dir:  /scicomp/home/yfa9/CDC_projects/Mol_genetic_analysis/Nomenclature/H1_Nomenclature/All_plus_Ref_v5/v_2/Step4/From_Clustering_v2/H1Pdm009_v1/c-6C-6B-6B1-6B2
% ---------------------------------------------------------------------
%  Alignment weights from internal calc.  Total (70.07) Max (0.12) Min (0.01)
%  Weights from alignment method 1 (karplus), b=-1.000000, e=0.500000
MODEL --  Model from alignment file /scicomp/home/yfa9/CDC_projects/Mol_genetic_analysis/Nomenclature/H1_Nomenclature/All_plus_Ref_v5/v_2/label/LABEL_RES/training_data/H1v2016_1/c-6C-6B-6B1-6B2/c-6B-6B1-6B2.fasta
alphabet DNA
FREQAVE
0.000000 0.000000 0.000000 
0.000000 0.000000 0.000000 
0.000000 0.000000 0.000000 
0.353165 0.221021 0.188328 0.237487 
0.353165 0.221021 0.188328 0.237487 
Begin
0.000000 0.000000 0.000000 
0.000000 0.000000 0.000000 
0.000000 0.003089 0.491768 
0.250000 0.250000 0.250000 0.250000 
0.250000 0.250000 0.250000 0.250000 
   1
0.000000 0.004586 0.046210 
0.000000 0.992325 0.462022 
0.055432 0.003094 0.491768 
0.989426 0.003525 0.003525 0.003525 
0.250000 0.250000 0.250000 0.250000 
   2
0.497697 0.002965 0.046210 
0.446871 0.993941 0.462022 
0.055432 0.003094 0.491768 
0.003525 0.003525 0.003525 0.989426 
0.250000 0.250000 0.250000 0.250000 
   3
0.497697 0.002965 0.046210 
0.446871 0.993941 0.462022 
0.055432 0.003094 0.491768 
0.003525 0.989426 0.003525 0.003525 
0.250000 0.250000 0.250000 0.250000 
   4
0.497697 0.002965 0.046210 
0.446871 0.993941 0.462022 
0.055432 0.003094 0.491768 
0.987034 0.005386 0.004055 0.003525 
0.250000 0.250000 0.250000 0.250000 
   5
0.492797 0.002965 0.046210 
0.451771 0.993941 0.462022 
0.055705 0.003093 0.491768 
0.989015 0.003938 0.003524 0.003524 
0.250000 0.250000 0.250000 0.250000 
   6
0.480923 0.002965 0.046210 
0.463372 0.993942 0.462022 
0.056513 0.003091 0.491768 
0.005329 0.987256 0.003521 0.003894 
0.250000 0.250000 0.250000 0.250000 
   7
0.480142 0.002963 0.046210 
0.463344 0.993946 0.462022 
0.056955 0.003090 0.491768 
0.005864 0.987097 0.003520 0.003520 
0.250000 0.250000 0.250000 0.250000 
   8
0.479136 0.002962 0.046210 
0.463909 0.993949 0.462022 
0.057227 0.003089 0.491768 
0.004109 0.004998 0.986207 0.004686 
0.250000 0.250000 0.250000 0.250000 
   9
0.481428 0.002961 0.046210 
0.461345 0.993950 0.462022 
0.057227 0.003089 0.491768 
0.987966 0.003518 0.004998 0.003518 
0.250000 0.250000 0.250000 0.250000 
  10
0.481428 0.002961 0.046210 
0.461345 0.993950 0.462022 
0.057227 0.003089 0.491768 
0.987872 0.004084 0.003519 0.004526 
0.250000 0.250000 0.250000 0.250000 
  11
0.481428 0.002961 0.046210 
0.461345 0.993950 0.462022 
0.057227 0.003089 0.491768 
0.003519 0.003911 0.018505 0.974065 
0.250000 0.250000 0.250000 0.250000 
  12
0.481428 0.002961 0.046210 
0.461345 0.993950 0.462022 
0.057227 0.003089 0.491768 
0.988012 0.003861 0.004608 0.003518 
0.250000 0.250000 0.250000 0.250000 
  13
0.481428 0.002961 0.046210 
0.461345 0.993950 0.462022 
0.057227 0.003089 0.491768 
0.004035 0.004128 0.987515 0.004322 
0.250000 0.250000 0.250000 0.250000 
  14
0.481428 0.002961 0.046210 
0.461345 0.993950 0.462022 
0.057227 0.003089 0.491768 
0.003518 0.003518 0.003518 0.989445 
0.250000 0.250000 0.250000 0.250000 
  15
0.481428 0.002961 0.046210 
0.461345 0.993950 0.462022 
0.057227 0.003089 0.491768 
0.988589 0.004374 0.003518 0.003518 
0.250000 0.250000 0.250000 0.250000 
  16
0.481428 0.002961 0.046210 
0.461345 0.993950 0.462022 
0.057227 0.003089 0.491768 
0.007335 0.985292 0.003518 0.003855 
0.250000 0.250000 0.250000 0.250000 
  17
0.481428 0.002961 0.046210 
0.461345 0.993950 0.462022 
0.057227 0.003089 0.491768 
0.003519 0.003519 0.019207 0.973755 
0.250000 0.250000 0.250000 0.250000 
  18
0.481428 0.002961 0.046210 
0.461345 0.993950 0.462022 
0.057227 0.003089 0.491768 
0.988693 0.004270 0.003518 0.003518 
0.250000 0.250000 0.250000 0.250000 
  19
0.481428 0.002961 0.046210 
0.461345 0.993950 0.462022 
0.057227 0.003089 0.491768 
0.007892 0.982830 0.003518 0.005759 
0.250000 0.250000 0.250000 0.250000 
  20
0.481428 0.002961 0.046210 
0.461345 0.993950 0.462022 
0.057227 0.003089 0.491768 
0.003518 0.004741 0.003518 0.988222 
0.250000 0.250000 0.250000 0.250000 
  21
0.481428 0.002961 0.046210 
0.461345 0.993950 0.462022 
0.057227 0.003089 0.491768 
0.005482 0.003519 0.005133 0.985867 
0.250000 0.250000 0.250000 0.250000 
  22
0.481428 0.002961 0.046210 
0.461345 0.993950 0.462022 
0.057227 0.003089 0.491768 
0.004375 0.003524 0.987519 0.004582 
0.250000 0.250000 0.250000 0.250000 
  23
0.481428 0.002961 0.046210 
0.461345 0.993950 0.462022 
0.057227 0.003089 0.491768 
0.003518 0.003518 0.003518 0.989445 
0.250000 0.250000 0.250000 0.250000 
  24
0.481428 0.002961 0.046210 
0.461345 0.993950 0.462022 
0.057227 0.003089 0.491768 
0.007782 0.985181 0.003518 0.003518 
0.250000 0.250000 0.250000 0.250000 
  25
0.481428 0.002961 0.046210 
0.461345 0.993950 0.462022 
0.057227 0.003089 0.491768 
0.003839 0.003518 0.987668 0.004975 
0.250000 0.250000 0.250000 0.250000 
  26
0.481428 0.002961 0.046210 
0.461345 0.993950 0.462022 
0.057227 0.003089 0.491768 
0.003518 0.003518 0.004209 0.988755 
0.250000 0.250000 0.250000 0.250000 
  27
0.481428 0.002961 0.046210 
0.461345 0.993950 0.462022 
0.057227 0.003089 0.491768 
0.988077 0.004111 0.004294 0.003518 
0.250000 0.250000 0.250000 0.250000 
  28
0.481428 0.002961 0.046210 
0.461345 0.993950 0.462022 
0.057227 0.003089 0.491768 
0.003958 0.003518 0.011141 0.981382 
0.250000 0.250000 0.250000 0.250000 
  29
0.481428 0.002961 0.046210 
0.461345 0.993950 0.462022 
0.057227 0.003089 0.491768 
0.986461 0.006179 0.003518 0.003842 
0.250000 0.250000 0.250000 0.250000 
  30
0.481428 0.002961 0.046210 
0.461345 0.993950 0.462022 
0.057227 0.003089 0.491768 
0.003519 0.003519 0.325016 0.667946 
0.250000 0.250000 0.250000 0.250000 
  31
0.481428 0.002961 0.046210 
0.461345 0.993950 0.462022 
0.057227 0.003089 0.491768 
0.988459 0.003518 0.004505 0.003518 
0.250000 0.250000 0.250000 0.250000 
  32
0.481428 0.002961 0.046210 
0.461345 0.993950 0.462022 
0.057227 0.003089 0.491768 
0.003518 0.003518 0.986977 0.005987 
0.250000 0.250000 0.250000 0.250000 
  33
0.481428 0.002961 0.046210 
0.461345 0.993950 0.462022 
0.057227 0.003089 0.491768 
0.988616 0.003836 0.004030 0.003518 
0.250000 0.250000 0.250000 0.250000 
  34
0.481428 0.002961 0.046210 
0.461345 0.993950 0.462022 
0.057227 0.003089 0.491768 
0.004880 0.004139 0.022869 0.968112 
0.250000 0.250000 0.250000 0.250000 
  35
0.481428 0.002961 0.046210 
0.461345 0.993950 0.462022 
0.057227 0.003089 0.491768 
0.003833 0.004490 0.004550 0.987126 
0.250000 0.250000 0.250000 0.250000 
  36
0.481428 0.002961 0.046210 
0.461345 0.993950 0.462022 
0.057227 0.003089 0.491768 
0.004297 0.003518 0.008306 0.983878 
0.250000 0.250000 0.250000 0.250000 
  37
0.481428 0.002961 0.046210 
0.461345 0.993950 0.462022 
0.057227 0.003089 0.491768 
0.377507 0.615457 0.003518 0.003518 
0.250000 0.250000 0.250000 0.250000 
  38
0.481428 0.002961 0.046210 
0.461345 0.993950 0.462022 
0.057227 0.003089 0.491768 
0.004086 0.003880 0.987843 0.004192 
0.250000 0.250000 0.250000 0.250000 
  39
0.481428 0.002961 0.046210 
0.461345 0.993950 0.462022 
0.057227 0.003089 0.491768 
0.985616 0.004027 0.006454 0.003903 
0.250000 0.250000 0.250000 0.250000 
  40
0.481428 0.002961 0.046210 
0.461345 0.993950 0.462022 
0.057227 0.003089 0.491768 
0.985519 0.007048 0.003914 0.003518 
0.250000 0.250000 0.250000 0.250000 
  41
0.481428 0.002961 0.046210 
0.461345 0.993950 0.462022 
0.057227 0.003089 0.491768 
0.003519 0.003519 0.987439 0.005522 
0.250000 0.250000 0.250000 0.250000 
  42
0.481428 0.002961 0.046210 
0.461345 0.993950 0.462022 
0.057227 0.003089 0.491768 
0.005835 0.003519 0.972336 0.018311 
0.250000 0.250000 0.250000 0.250000 
  43
0.481428 0.002961 0.046210 
0.461345 0.993950 0.462022 
0.057227 0.003089 0.491768 
0.023104 0.969857 0.003519 0.003519 
0.250000 0.250000 0.250000 0.250000 
  44
0.481428 0.002961 0.046210 
0.461345 0.993950 0.462022 
0.057227 0.003089 0.491768 
0.003519 0.003519 0.988631 0.004332 
0.250000 0.250000 0.250000 0.250000 
  45
0.481428 0.002961 0.046210 
0.461345 0.993950 0.462022 
0.057227 0.003089 0.491768 
0.987393 0.004768 0.003896 0.003944 
0.250000 0.250000 0.250000 0.250000 
  46
0.481428 0.002961 0.046210 
0.461345 0.993950 0.462022 
0.057227 0.003089 0.491768 
0.988012 0.004950 0.003519 0.003519 
0.250000 0.250000 0.250000 0.250000 
  47
0.481428 0.002961 0.046210 
0.461345 0.993950 0.462022 
0.057227 0.003089 0.491768 
0.978681 0.008380 0.009421 0.003519 
0.250000 0.250000 0.250000 0.250000 
  48
0.481428 0.002961 0.046210 
0.461345 0.993950 0.462022 
0.057227 0.003089 0.491768 
0.005296 0.003519 0.004788 0.986397 
0.250000 0.250000 0.250000 0.250000 
  49
0.481428 0.002961 0.046210 
0.461345 0.993950 0.462022 
0.057227 0.003089 0.491768 
0.004295 0.988214 0.003519 0.003972 
0.250000 0.250000 0.250000 0.250000 
  50
0.481428 0.002961 0.046210 
0.461345 0.993950 0.462022 
0.057227 0.003089 0.491768 
0.003518 0.003518 0.989445 0.003518 
0.250000 0.250000 0.250000 0.250000 
  51
0.481428 0.002961 0.046210 
0.461345 0.993950 0.462022 
0.057227 0.003089 0.491768 
0.987773 0.005189 0.003519 0.003519 
0.250000 0.250000 0.250000 0.250000 
  52
0.478332 0.002961 0.046210 
0.464441 0.993950 0.462022 
0.057405 0.003089 0.491768 
0.003518 0.989447 0.003518 0.003518 
0.250000 0.250000 0.250000 0.250000 
  53
0.479817 0.002961 0.046210 
0.462778 0.993951 0.462022 
0.057405 0.003089 0.491768 
0.989446 0.003518 0.003518 0.003518 
0.250000 0.250000 0.250000 0.250000 
  54
0.479817 0.002961 0.046210 
0.462778 0.993951 0.462022 
0.057405 0.003089 0.491768 
0.003518 0.003518 0.987447 0.005516 
0.250000 0.250000 0.250000 0.250000 
  55
0.479817 0.002961 0.046210 
0.462778 0.993951 0.462022 
0.057405 0.003089 0.491768 
0.988554 0.003518 0.004410 0.003518 
0.250000 0.250000 0.250000 0.250000 
  56
0.479817 0.002961 0.046210 
0.462778 0.993951 0.462022 
0.057405 0.003089 0.491768 
0.004340 0.003518 0.987904 0.004238 
0.250000 0.250000 0.250000 0.250000 
  57
0.479817 0.002961 0.046210 
0.462778 0.993951 0.462022 
0.057405 0.003089 0.491768 
0.944137 0.005455 0.004140 0.046269 
0.250000 0.250000 0.250000 0.250000 
  58
0.479817 0.002961 0.046210 
0.462778 0.993951 0.462022 
0.057405 0.003089 0.491768 
0.004243 0.003518 0.005552 0.986687 
0.250000 0.250000 0.250000 0.250000 
  59
0.479817 0.002961 0.046210 
0.462778 0.993951 0.462022 
0.057405 0.003089 0.491768 
0.003518 0.003518 0.003518 0.989447 
0.250000 0.250000 0.250000 0.250000 
  60
0.479817 0.002961 0.046210 
0.462778 0.993951 0.462022 
0.057405 0.003089 0.491768 
0.987792 0.005172 0.003518 0.003518 
0.250000 0.250000 0.250000 0.250000 
  61
0.479817 0.002961 0.046210 
0.462778 0.993951 0.462022 
0.057405 0.003089 0.491768 
0.003971 0.003518 0.003518 0.988994 
0.250000 0.250000 0.250000 0.250000 
  62
0.479817 0.002961 0.046210 
0.462778 0.993951 0.462022 
0.057405 0.003089 0.491768 
0.003518 0.989447 0.003518 0.003518 
0.250000 0.250000 0.250000 0.250000 
  63
0.479817 0.002961 0.046210 
0.462778 0.993951 0.462022 
0.057405 0.003089 0.491768 
0.003518 0.003518 0.008438 0.984526 
0.250000 0.250000 0.250000 0.250000 
  64
0.479817 0.002961 0.046210 
0.462778 0.993951 0.462022 
0.057405 0.003089 0.491768 
0.988070 0.004894 0.003518 0.003518 
0.250000 0.250000 0.250000 0.250000 
  65
0.479817 0.002961 0.046210 
0.462778 0.993951 0.462022 
0.057405 0.003089 0.491768 
0.003518 0.003518 0.003935 0.989029 
0.250000 0.250000 0.250000 0.250000 
  66
0.479817 0.002961 0.046210 
0.462778 0.993951 0.462022 
0.057405 0.003089 0.491768 
0.989005 0.003518 0.003958 0.003518 
0.250000 0.250000 0.250000 0.250000 
  67
0.479817 0.002961 0.046210 
0.462778 0.993951 0.462022 
0.057405 0.003089 0.491768 
0.004260 0.988696 0.003522 0.003522 
0.250000 0.250000 0.250000 0.250000 
  68
0.479817 0.002961 0.046210 
0.462778 0.993951 0.462022 
0.057405 0.003089 0.491768 
0.003518 0.989447 0.003518 0.003518 
0.250000 0.250000 0.250000 0.250000 
  69
0.479817 0.002961 0.046210 
0.462778 0.993951 0.462022 
0.057405 0.003089 0.491768 
0.003518 0.005175 0.004279 0.987028 
0.250000 0.250000 0.250000 0.250000 
  70
0.479817 0.002961 0.046210 
0.462778 0.993951 0.462022 
0.057405 0.003089 0.491768 
0.003523 0.003523 0.003523 0.989431 
0.250000 0.250000 0.250000 0.250000 
  71
0.479817 0.002961 0.046210 
0.462778 0.993951 0.462022 
0.057405 0.003089 0.491768 
0.989447 0.003518 0.003518 0.003518 
0.250000 0.250000 0.250000 0.250000 
  72
0.479817 0.002961 0.046210 
0.462778 0.993951 0.462022 
0.057405 0.003089 0.491768 
0.003518 0.003518 0.005457 0.987507 
0.250000 0.250000 0.250000 0.250000 
  73
0.479817 0.002961 0.046210 
0.462778 0.993951 0.462022 
0.057405 0.003089 0.491768 
0.003518 0.003518 0.989447 0.003518 
0.250000 0.250000 0.250000 0.250000 
  74
0.479817 0.002961 0.046210 
0.462778 0.993951 0.462022 
0.057405 0.003089 0.491768 
0.989447 0.003518 0.003518 0.003518 
0.250000 0.250000 0.250000 0.250000 
  75
0.479817 0.002961 0.046210 
0.462778 0.993951 0.462022 
0.057405 0.003089 0.491768 
0.003518 0.003518 0.004081 0.988884 
0.250000 0.250000 0.250000 0.250000 
  76
0.479817 0.002961 0.046210 
0.462778 0.993951 0.462022 
0.057405 0.003089 0.491768 
0.003939 0.989018 0.003522 0.003522 
0.250000 0.250000 0.250000 0.250000 
  77
0.479817 0.002961 0.046210 
0.462778 0.993951 0.462022 
0.057405 0.003089 0.491768 
0.003520 0.003520 0.989439 0.003520 
0.250000 0.250000 0.250000 0.250000 
  78
0.479817 0.002961 0.046210 
0.462778 0.993951 0.462022 
0.057405 0.003089 0.491768 
0.023841 0.967946 0.003518 0.004695 
0.250000 0.250000 0.250000 0.250000 
  79
0.479817 0.002961 0.046210 
0.462778 0.993951 0.462022 
0.057405 0.003089 0.491768 
0.989447 0.003518 0.003518 0.003518 
0.250000 0.250000 0.250000 0.250000 
  80
0.479817 0.002961 0.046210 
0.462778 0.993951 0.462022 
0.057405 0.003089 0.491768 
0.989444 0.003519 0.003519 0.003519 
0.250000 0.250000 0.250000 0.250000 
  81
0.479817 0.002961 0.046210 
0.462778 0.993951 0.462022 
0.057405 0.003089 0.491768 
0.003518 0.003518 0.988189 0.004776 
0.250000 0.250000 0.250000 0.250000 
  82
0.479817 0.002961 0.046210 
0.462778 0.993951 0.462022 
0.057405 0.003089 0.491768 
0.988812 0.004150 0.003519 0.003519 
0.250000 0.250000 0.250000 0.250000 
  83
0.479817 0.002961 0.046210 
0.462778 0.993951 0.462022 
0.057405 0.003089 0.491768 
0.989447 0.003518 0.003518 0.003518 
0.250000 0.250000 0.250000 0.250000 
  84
0.479817 0.002961 0.046210 
0.462778 0.993951 0.462022 
0.057405 0.003089 0.491768 
0.003518 0.003518 0.006130 0.986835 
0.250000 0.250000 0.250000 0.250000 
  85
0.479817 0.002961 0.046210 
0.462778 0.993951 0.462022 
0.057405 0.003089 0.491768 
0.004178 0.003518 0.003518 0.988787 
0.250000 0.250000 0.250000 0.250000 
  86
0.479817 0.002961 0.046210 
0.462778 0.993951 0.462022 
0.057405 0.003089 0.491768 
0.003518 0.003518 0.989445 0.003518 
0.250000 0.250000 0.250000 0.250000 
  87
0.479817 0.002961 0.046210 
0.462778 0.993951 0.462022 
0.057405 0.003089 0.491768 
0.988653 0.004311 0.003518 0.003518 
0.250000 0.250000 0.250000 0.250000 
  88
0.479817 0.002961 0.046210 
0.462778 0.993951 0.462022 
0.057405 0.003089 0.491768 
0.988970 0.003993 0.003518 0.003518 
0.250000 0.250000 0.250000 0.250000 
  89
0.479817 0.002961 0.046210 
0.462778 0.993951 0.462022 
0.057405 0.003089 0.491768 
0.003518 0.003518 0.989446 0.003518 
0.250000 0.250000 0.250000 0.250000 
  90
0.479817 0.002961 0.046210 
0.462778 0.993951 0.462022 
0.057405 0.003089 0.491768 
0.984984 0.004652 0.005531 0.004833 
0.250000 0.250000 0.250000 0.250000 
  91
0.479817 0.002961 0.046210 
0.462778 0.993951 0.462022 
0.057405 0.003089 0.491768 
0.003518 0.989447 0.003518 0.003518 
0.250000 0.250000 0.250000 0.250000 
  92
0.479817 0.002961 0.046210 
0.462778 0.993951 0.462022 
0.057405 0.003089 0.491768 
0.989444 0.003519 0.003519 0.003519 
0.250000 0.250000 0.250000 0.250000 
  93
0.479817 0.002961 0.046210 
0.462778 0.993951 0.462022 
0.057405 0.003089 0.491768 
0.003842 0.003518 0.933648 0.058992 
0.250000 0.250000 0.250000 0.250000 
  94
0.479817 0.002961 0.046210 
0.462778 0.993951 0.462022 
0.057405 0.003089 0.491768 
0.985400 0.003862 0.003518 0.007220 
0.250000 0.250000 0.250000 0.250000 
  95
0.479817 0.002961 0.046210 
0.462778 0.993951 0.462022 
0.057405 0.003089 0.491768 
0.003947 0.003520 0.987228 0.005304 
0.250000 0.250000 0.250000 0.250000 
  96
0.479817 0.002961 0.046210 
0.462778 0.993951 0.462022 
0.057405 0.003089 0.491768 
0.004376 0.003518 0.008108 0.983998 
0.250000 0.250000 0.250000 0.250000 
  97
0.479817 0.002961 0.046210 
0.462778 0.993951 0.462022 
0.057405 0.003089 0.491768 
0.004636 0.988329 0.003518 0.003518 
0.250000 0.250000 0.250000 0.250000 
  98
0.479817 0.002961 0.046210 
0.462778 0.993951 0.462022 
0.057405 0.003089 0.491768 
0.003518 0.003518 0.003518 0.989447 
0.250000 0.250000 0.250000 0.250000 
  99
0.479817 0.002961 0.046210 
0.462778 0.993951 0.462022 
0.057405 0.003089 0.491768 
0.981967 0.006677 0.004243 0.007113 
0.250000 0.250000 0.250000 0.250000 
 100
0.479817 0.002961 0.046210 
0.462778 0.993951 0.462022 
0.057405 0.003089 0.491768 
0.004014 0.987864 0.003519 0.004603 
0.250000 0.250000 0.250000 0.250000 
 101
0.479817 0.002961 0.046210 
0.462778 0.993951 0.462022 
0.057405 0.003089 0.491768 
0.989000 0.003518 0.003965 0.003518 
0.250000 0.250000 0.250000 0.250000 
 102
0.479817 0.002961 0.046210 
0.462778 0.993951 0.462022 
0.057405 0.003089 0.491768 
0.003519 0.003519 0.986142 0.006820 
0.250000 0.250000 0.250000 0.250000 
 103
0.479817 0.002961 0.046210 
0.462778 0.993951 0.462022 
0.057405 0.003089 0.491768 
0.989446 0.003518 0.003518 0.003518 
0.250000 0.250000 0.250000 0.250000 
 104
0.479817 0.002961 0.046210 
0.462778 0.993951 0.462022 
0.057405 0.003089 0.491768 
0.003518 0.003518 0.989446 0.003518 
0.250000 0.250000 0.250000 0.250000 
 105
0.479817 0.002961 0.046210 
0.462778 0.993951 0.462022 
0.057405 0.003089 0.491768 
0.988219 0.004180 0.004083 0.003518 
0.250000 0.250000 0.250000 0.250000 
 106
0.479817 0.002961 0.046210 
0.462778 0.993951 0.462022 
0.057405 0.003089 0.491768 
0.007524 0.983817 0.003519 0.005140 
0.250000 0.250000 0.250000 0.250000 
 107
0.479817 0.002961 0.046210 
0.462778 0.993951 0.462022 
0.057405 0.003089 0.491768 
0.003518 0.003518 0.003518 0.989447 
0.250000 0.250000 0.250000 0.250000 
 108
0.479817 0.002961 0.046210 
0.462778 0.993951 0.462022 
0.057405 0.003089 0.491768 
0.955351 0.037614 0.003518 0.003518 
0.250000 0.250000 0.250000 0.250000 
 109
0.479817 0.002961 0.046210 
0.462778 0.993951 0.462022 
0.057405 0.003089 0.491768 
0.003519 0.004603 0.985586 0.006292 
0.250000 0.250000 0.250000 0.250000 
 110
0.479817 0.002961 0.046210 
0.462778 0.993951 0.462022 
0.057405 0.003089 0.491768 
0.003518 0.003518 0.003518 0.989447 
0.250000 0.250000 0.250000 0.250000 
 111
0.479817 0.002961 0.046210 
0.462778 0.993951 0.462022 
0.057405 0.003089 0.491768 
0.987437 0.004850 0.003518 0.004196 
0.250000 0.250000 0.250000 0.250000 
 112
0.479817 0.002961 0.046210 
0.462778 0.993951 0.462022 
0.057405 0.003089 0.491768 
0.004154 0.988808 0.003519 0.003519 
0.250000 0.250000 0.250000 0.250000 
 113
0.479817 0.002961 0.046210 
0.462778 0.993951 0.462022 
0.057405 0.003089 0.491768 
0.989447 0.003518 0.003518 0.003518 
0.250000 0.250000 0.250000 0.250000 
 114
0.479817 0.002961 0.046210 
0.462778 0.993951 0.462022 
0.057405 0.003089 0.491768 
0.987912 0.005052 0.003518 0.003518 
0.250000 0.250000 0.250000 0.250000 
 115
0.479817 0.002961 0.046210 
0.462778 0.993951 0.462022 
0.057405 0.003089 0.491768 
0.989444 0.003519 0.003519 0.003519 
0.250000 0.250000 0.250000 0.250000 
 116
0.479817 0.002961 0.046210 
0.462778 0.993951 0.462022 
0.057405 0.003089 0.491768 
0.987704 0.005261 0.003518 0.003518 
0.250000 0.250000 0.250000 0.250000 
 117
0.479817 0.002961 0.046210 
0.462778 0.993951 0.462022 
0.057405 0.003089 0.491768 
0.006879 0.986085 0.003518 0.003518 
0.250000 0.250000 0.250000 0.250000 
 118
0.479817 0.002961 0.046210 
0.462778 0.993951 0.462022 
0.057405 0.003089 0.491768 
0.988718 0.004247 0.003518 0.003518 
0.250000 0.250000 0.250000 0.250000 
 119
0.479817 0.002961 0.046210 
0.462778 0.993951 0.462022 
0.057405 0.003089 0.491768 
0.989447 0.003518 0.003518 0.003518 
0.250000 0.250000 0.250000 0.250000 
 120
0.479817 0.002961 0.046210 
0.462778 0.993951 0.462022 
0.057405 0.003089 0.491768 
0.003518 0.003518 0.004335 0.988629 
0.250000 0.250000 0.250000 0.250000 
 121
0.479817 0.002961 0.046210 
0.462778 0.993951 0.462022 
0.057405 0.003089 0.491768 
0.004952 0.988009 0.003520 0.003520 
0.250000 0.250000 0.250000 0.250000 
 122
0.479817 0.002961 0.046210 
0.462778 0.993951 0.462022 
0.057405 0.003089 0.491768 
0.003518 0.003518 0.003518 0.989447 
0.250000 0.250000 0.250000 0.250000 
 123
0.479817 0.002961 0.046210 
0.462778 0.993951 0.462022 
0.057405 0.003089 0.491768 
0.986189 0.005914 0.003827 0.004070 
0.250000 0.250000 0.250000 0.250000 
 124
0.479817 0.002961 0.046210 
0.462778 0.993951 0.462022 
0.057405 0.003089 0.491768 
0.989446 0.003518 0.003518 0.003518 
0.250000 0.250000 0.250000 0.250000 
 125
0.479817 0.002961 0.046210 
0.462778 0.993951 0.462022 
0.057405 0.003089 0.491768 
0.003519 0.003519 0.988977 0.003985 
0.250000 0.250000 0.250000 0.250000 
 126
0.479817 0.002961 0.046210 
0.462778 0.993951 0.462022 
0.057405 0.003089 0.491768 
0.988037 0.004926 0.003518 0.003518 
0.250000 0.250000 0.250000 0.250000 
 127
0.479817 0.002961 0.046210 
0.462778 0.993951 0.462022 
0.057405 0.003089 0.491768 
0.004127 0.988838 0.003518 0.003518 
0.250000 0.250000 0.250000 0.250000 
 128
0.479817 0.002961 0.046210 
0.462778 0.993951 0.462022 
0.057405 0.003089 0.491768 
0.003518 0.003518 0.003518 0.989447 
0.250000 0.250000 0.250000 0.250000 
 129
0.479817 0.002961 0.046210 
0.462778 0.993951 0.462022 
0.057405 0.003089 0.491768 
0.986089 0.006876 0.003518 0.003518 
0.250000 0.250000 0.250000 0.250000 
 130
0.479817 0.002961 0.046210 
0.462778 0.993951 0.462022 
0.057405 0.003089 0.491768 
0.989445 0.003518 0.003518 0.003518 
0.250000 0.250000 0.250000 0.250000 
 131
0.479817 0.002961 0.046210 
0.462778 0.993951 0.462022 
0.057405 0.003089 0.491768 
0.003518 0.003518 0.989447 0.003518 
0.250000 0.250000 0.250000 0.250000 
 132
0.479817 0.002961 0.046210 
0.462778 0.993951 0.462022 
0.057405 0.003089 0.491768 
0.986462 0.004544 0.005476 0.003518 
0.250000 0.250000 0.250000 0.250000 
 133
0.479817 0.002961 0.046210 
0.462778 0.993951 0.462022 
0.057405 0.003089 0.491768 
0.003518 0.003518 0.989447 0.003518 
0.250000 0.250000 0.250000 0.250000 
 134
0.479817 0.002961 0.046210 
0.462778 0.993951 0.462022 
0.057405 0.003089 0.491768 
0.989447 0.003518 0.003518 0.003518 
0.250000 0.250000 0.250000 0.250000 
 135
0.479817 0.002961 0.046210 
0.462778 0.993951 0.462022 
0.057405 0.003089 0.491768 
0.003518 0.003518 0.985477 0.007486 
0.250000 0.250000 0.250000 0.250000 
 136
0.479817 0.002961 0.046210 
0.462778 0.993951 0.462022 
0.057405 0.003089 0.491768 
0.003518 0.003518 0.003518 0.989447 
0.250000 0.250000 0.250000 0.250000 
 137
0.479817 0.002961 0.046210 
0.462778 0.993951 0.462022 
0.057405 0.003089 0.491768 
0.003518 0.003518 0.989447 0.003518 
0.250000 0.250000 0.250000 0.250000 
 138
0.479817 0.002961 0.046210 
0.462778 0.993951 0.462022 
0.057405 0.003089 0.491768 
0.003938 0.003804 0.006169 0.986089 
0.250000 0.250000 0.250000 0.250000 
 139
0.479817 0.002961 0.046210 
0.462778 0.993951 0.462022 
0.057405 0.003089 0.491768 
0.005049 0.987916 0.003518 0.003518 
0.250000 0.250000 0.250000 0.250000 
 140
0.479817 0.002961 0.046210 
0.462778 0.993951 0.462022 
0.057405 0.003089 0.491768 
0.003518 0.003518 0.004772 0.988193 
0.250000 0.250000 0.250000 0.250000 
 141
0.479817 0.002961 0.046210 
0.462778 0.993951 0.462022 
0.057405 0.003089 0.491768 
0.003518 0.003518 0.008633 0.984330 
0.250000 0.250000 0.250000 0.250000 
 142
0.479817 0.002961 0.046210 
0.462778 0.993951 0.462022 
0.057405 0.003089 0.491768 
0.988748 0.004217 0.003518 0.003518 
0.250000 0.250000 0.250000 0.250000 
 143
0.479817 0.002961 0.046210 
0.462778 0.993951 0.462022 
0.057405 0.003089 0.491768 
0.989447 0.003518 0.003518 0.003518 
0.250000 0.250000 0.250000 0.250000 
 144
0.479817 0.002961 0.046210 
0.462778 0.993951 0.462022 
0.057405 0.003089 0.491768 
0.003519 0.003519 0.755488 0.237474 
0.250000 0.250000 0.250000 0.250000 
 145
0.479817 0.002961 0.046210 
0.462778 0.993951 0.462022 
0.057405 0.003089 0.491768 
0.003518 0.003518 0.989034 0.003931 
0.250000 0.250000 0.250000 0.250000 
 146
0.479817 0.002961 0.046210 
0.462778 0.993951 0.462022 
0.057405 0.003089 0.491768 
0.003518 0.003518 0.003518 0.989447 
0.250000 0.250000 0.250000 0.250000 
 147
0.479817 0.002961 0.046210 
0.462778 0.993951 0.462022 
0.057405 0.003089 0.491768 
0.004325 0.003518 0.009032 0.983125 
0.250000 0.250000 0.250000 0.250000 
 148
0.479817 0.002961 0.046210 
0.462778 0.993951 0.462022 
0.057405 0.003089 0.491768 
0.003522 0.003522 0.987066 0.005890 
0.250000 0.250000 0.250000 0.250000 
 149
0.479817 0.002961 0.046210 
0.462778 0.993951 0.462022 
0.057405 0.003089 0.491768 
0.003518 0.003518 0.003518 0.989447 
0.250000 0.250000 0.250000 0.250000 
 150
0.479817 0.002961 0.046210 
0.462778 0.993951 0.462022 
0.057405 0.003089 0.491768 
0.659708 0.332691 0.003812 0.003789 
0.250000 0.250000 0.250000 0.250000 
 151
0.479817 0.002961 0.046210 
0.462778 0.993951 0.462022 
0.057405 0.003089 0.491768 
0.003518 0.989447 0.003518 0.003518 
0.250000 0.250000 0.250000 0.250000 
 152
0.479817 0.002961 0.046210 
0.462778 0.993951 0.462022 
0.057405 0.003089 0.491768 
0.989447 0.003518 0.003518 0.003518 
0.250000 0.250000 0.250000 0.250000 
 153
0.479817 0.002961 0.046210 
0.462778 0.993951 0.462022 
0.057405 0.003089 0.491768 
0.986376 0.006164 0.003942 0.003518 
0.250000 0.250000 0.250000 0.250000 
 154
0.479817 0.002961 0.046210 
0.462778 0.993951 0.462022 
0.057405 0.003089 0.491768 
0.007004 0.984936 0.003518 0.004542 
0.250000 0.250000 0.250000 0.250000 
 155
0.479817 0.002961 0.046210 
0.462778 0.993951 0.462022 
0.057405 0.003089 0.491768 
0.979822 0.012783 0.003877 0.003518 
0.250000 0.250000 0.250000 0.250000 
 156
0.479817 0.002961 0.046210 
0.462778 0.993951 0.462022 
0.057405 0.003089 0.491768 
0.005063 0.003518 0.986314 0.005104 
0.250000 0.250000 0.250000 0.250000 
 157
0.479817 0.002961 0.046210 
0.462778 0.993951 0.462022 
0.057405 0.003089 0.491768 
0.987459 0.005506 0.003518 0.003518 
0.250000 0.250000 0.250000 0.250000 
 158
0.479817 0.002961 0.046210 
0.462778 0.993951 0.462022 
0.057405 0.003089 0.491768 
0.980599 0.004247 0.003518 0.011637 
0.250000 0.250000 0.250000 0.250000 
 159
0.479817 0.002961 0.046210 
0.462778 0.993951 0.462022 
0.057405 0.003089 0.491768 
0.010503 0.980402 0.003518 0.005577 
0.250000 0.250000 0.250000 0.250000 
 160
0.479817 0.002961 0.046210 
0.462778 0.993951 0.462022 
0.057405 0.003089 0.491768 
0.004008 0.003518 0.988956 0.003518 
0.250000 0.250000 0.250000 0.250000 
 161
0.479817 0.002961 0.046210 
0.462778 0.993951 0.462022 
0.057405 0.003089 0.491768 
0.989447 0.003518 0.003518 0.003518 
0.250000 0.250000 0.250000 0.250000 
 162
0.479817 0.002961 0.046210 
0.462778 0.993951 0.462022 
0.057405 0.003089 0.491768 
0.004253 0.003518 0.041702 0.950527 
0.250000 0.250000 0.250000 0.250000 
 163
0.479817 0.002961 0.046210 
0.462778 0.993951 0.462022 
0.057405 0.003089 0.491768 
0.985052 0.007912 0.003518 0.003518 
0.250000 0.250000 0.250000 0.250000 
 164
0.479817 0.002961 0.046210 
0.462778 0.993951 0.462022 
0.057405 0.003089 0.491768 
0.988943 0.004022 0.003518 0.003518 
0.250000 0.250000 0.250000 0.250000 
 165
0.479817 0.002961 0.046210 
0.462778 0.993951 0.462022 
0.057405 0.003089 0.491768 
0.003926 0.003518 0.981907 0.010650 
0.250000 0.250000 0.250000 0.250000 
 166
0.479817 0.002961 0.046210 
0.462778 0.993951 0.462022 
0.057405 0.003089 0.491768 
0.004832 0.988133 0.003518 0.003518 
0.250000 0.250000 0.250000 0.250000 
 167
0.479817 0.002961 0.046210 
0.462778 0.993951 0.462022 
0.057405 0.003089 0.491768 
0.005222 0.987743 0.003518 0.003518 
0.250000 0.250000 0.250000 0.250000 
 168
0.479817 0.002961 0.046210 
0.462778 0.993951 0.462022 
0.057405 0.003089 0.491768 
0.335342 0.609956 0.003518 0.051184 
0.250000 0.250000 0.250000 0.250000 
 169
0.479817 0.002961 0.046210 
0.462778 0.993951 0.462022 
0.057405 0.003089 0.491768 
0.989447 0.003518 0.003518 0.003518 
0.250000 0.250000 0.250000 0.250000 
 170
0.479817 0.002961 0.046210 
0.462778 0.993951 0.462022 
0.057405 0.003089 0.491768 
0.988759 0.004205 0.003518 0.003518 
0.250000 0.250000 0.250000 0.250000 
 171
0.479817 0.002961 0.046210 
0.462778 0.993951 0.462022 
0.057405 0.003089 0.491768 
0.986482 0.006152 0.003848 0.003518 
0.250000 0.250000 0.250000 0.250000 
 172
0.479817 0.002961 0.046210 
0.462778 0.993951 0.462022 
0.057405 0.003089 0.491768 
0.003518 0.003518 0.984076 0.008888 
0.250000 0.250000 0.250000 0.250000 
 173
0.479817 0.002961 0.046210 
0.462778 0.993951 0.462022 
0.057405 0.003089 0.491768 
0.003518 0.003518 0.003518 0.989447 
0.250000 0.250000 0.250000 0.250000 
 174
0.479817 0.002961 0.046210 
0.462778 0.993951 0.462022 
0.057405 0.003089 0.491768 
0.986091 0.006390 0.004001 0.003518 
0.250000 0.250000 0.250000 0.250000 
 175
0.479817 0.002961 0.046210 
0.462778 0.993951 0.462022 
0.057405 0.003089 0.491768 
0.003518 0.003518 0.003518 0.989447 
0.250000 0.250000 0.250000 0.250000 
 176
0.479817 0.002961 0.046210 
0.462778 0.993951 0.462022 
0.057405 0.003089 0.491768 
0.003518 0.989447 0.003518 0.003518 
0.250000 0.250000 0.250000 0.250000 
 177
0.479817 0.002961 0.046210 
0.462778 0.993951 0.462022 
0.057405 0.003089 0.491768 
0.003518 0.003518 0.987877 0.005088 
0.250000 0.250000 0.250000 0.250000 
 178
0.479817 0.002961 0.046210 
0.462778 0.993951 0.462022 
0.057405 0.003089 0.491768 
0.988711 0.003836 0.003935 0.003518 
0.250000 0.250000 0.250000 0.250000 
 179
0.479817 0.002961 0.046210 
0.462778 0.993951 0.462022 
0.057405 0.003089 0.491768 
0.989008 0.003957 0.003518 0.003518 
0.250000 0.250000 0.250000 0.250000 
 180
0.479817 0.002961 0.046210 
0.462778 0.993951 0.462022 
0.057405 0.003089 0.491768 
0.987769 0.004746 0.003967 0.003518 
0.250000 0.250000 0.250000 0.250000 
 181
0.479817 0.002961 0.046210 
0.462778 0.993951 0.462022 
0.057405 0.003089 0.491768 
0.004097 0.003518 0.986035 0.006350 
0.250000 0.250000 0.250000 0.250000 
 182
0.479817 0.002961 0.046210 
0.462778 0.993951 0.462022 
0.057405 0.003089 0.491768 
0.003518 0.003518 0.003518 0.989447 
0.250000 0.250000 0.250000 0.250000 
 183
0.479817 0.002961 0.046210 
0.462778 0.993951 0.462022 
0.057405 0.003089 0.491768 
0.986868 0.005535 0.003518 0.004079 
0.250000 0.250000 0.250000 0.250000 
 184
0.479817 0.002961 0.046210 
0.462778 0.993951 0.462022 
0.057405 0.003089 0.491768 
0.985807 0.007158 0.003518 0.003518 
0.250000 0.250000 0.250000 0.250000 
 185
0.479817 0.002961 0.046210 
0.462778 0.993951 0.462022 
0.057405 0.003089 0.491768 
0.012610 0.979788 0.003519 0.004084 
0.250000 0.250000 0.250000 0.250000 
 186
0.479817 0.002961 0.046210 
0.462778 0.993951 0.462022 
0.057405 0.003089 0.491768 
0.988268 0.004697 0.003518 0.003518 
0.250000 0.250000 0.250000 0.250000 
 187
0.479817 0.002961 0.046210 
0.462778 0.993951 0.462022 
0.057405 0.003089 0.491768 
0.003518 0.989447 0.003518 0.003518 
0.250000 0.250000 0.250000 0.250000 
 188
0.479817 0.002961 0.046210 
0.462778 0.993951 0.462022 
0.057405 0.003089 0.491768 
0.004623 0.988342 0.003518 0.003518 
0.250000 0.250000 0.250000 0.250000 
 189
0.479817 0.002961 0.046210 
0.462778 0.993951 0.462022 
0.057405 0.003089 0.491768 
0.008328 0.984173 0.003519 0.003980 
0.250000 0.250000 0.250000 0.250000 
 190
0.479817 0.002961 0.046210 
0.462778 0.993951 0.462022 
0.057405 0.003089 0.491768 
0.009193 0.983440 0.003518 0.003850 
0.250000 0.250000 0.250000 0.250000 
 191
0.479817 0.002961 0.046210 
0.462778 0.993951 0.462022 
0.057405 0.003089 0.491768 
0.003799 0.003807 0.004642 0.987752 
0.250000 0.250000 0.250000 0.250000 
 192
0.479817 0.002961 0.046210 
0.462778 0.993951 0.462022 
0.057405 0.003089 0.491768 
0.979455 0.009345 0.004028 0.007172 
0.250000 0.250000 0.250000 0.250000 
 193
0.479817 0.002961 0.046210 
0.462778 0.993951 0.462022 
0.057405 0.003089 0.491768 
0.005440 0.958439 0.025853 0.010268 
0.250000 0.250000 0.250000 0.250000 
 194
0.479817 0.002961 0.046210 
0.462778 0.993951 0.462022 
0.057405 0.003089 0.491768 
0.003518 0.003518 0.988463 0.004502 
0.250000 0.250000 0.250000 0.250000 
 195
0.479817 0.002961 0.046210 
0.462778 0.993951 0.462022 
0.057405 0.003089 0.491768 
0.003899 0.003518 0.986409 0.006174 
0.250000 0.250000 0.250000 0.250000 
 196
0.479817 0.002961 0.046210 
0.462778 0.993951 0.462022 
0.057405 0.003089 0.491768 
0.003518 0.003518 0.989447 0.003518 
0.250000 0.250000 0.250000 0.250000 
 197
0.479817 0.002961 0.046210 
0.462778 0.993951 0.462022 
0.057405 0.003089 0.491768 
0.003518 0.003518 0.989447 0.003518 
0.250000 0.250000 0.250000 0.250000 
 198
0.479817 0.002961 0.046210 
0.462778 0.993951 0.462022 
0.057405 0.003089 0.491768 
0.988568 0.004397 0.003518 0.003518 
0.250000 0.250000 0.250000 0.250000 
 199
0.479817 0.002961 0.046210 
0.462778 0.993951 0.462022 
0.057405 0.003089 0.491768 
0.003518 0.003518 0.006549 0.986416 
0.250000 0.250000 0.250000 0.250000 
 200
0.479817 0.002961 0.046210 
0.462778 0.993951 0.462022 
0.057405 0.003089 0.491768 
0.003518 0.003518 0.003518 0.989447 
0.250000 0.250000 0.250000 0.250000 
 201
0.479817 0.002961 0.046210 
0.462778 0.993951 0.462022 
0.057405 0.003089 0.491768 
0.006010 0.986954 0.003518 0.003518 
0.250000 0.250000 0.250000 0.250000 
 202
0.479817 0.002961 0.046210 
0.462778 0.993951 0.462022 
0.057405 0.003089 0.491768 
0.004952 0.003518 0.988013 0.003518 
0.250000 0.250000 0.250000 0.250000 
 203
0.479817 0.002961 0.046210 
0.462778 0.993951 0.462022 
0.057405 0.003089 0.491768 
0.989447 0.003518 0.003518 0.003518 
0.250000 0.250000 0.250000 0.250000 
 204
0.479817 0.002961 0.046210 
0.462778 0.993951 0.462022 
0.057405 0.003089 0.491768 
0.003805 0.003816 0.004770 0.987609 
0.250000 0.250000 0.250000 0.250000 
 205
0.479817 0.002961 0.046210 
0.462778 0.993951 0.462022 
0.057405 0.003089 0.491768 
0.003518 0.003518 0.005259 0.987706 
0.250000 0.250000 0.250000 0.250000 
 206
0.479817 0.002961 0.046210 
0.462778 0.993951 0.462022 
0.057405 0.003089 0.491768 
0.003518 0.003518 0.003518 0.989447 
0.250000 0.250000 0.250000 0.250000 
 207
0.479817 0.002961 0.046210 
0.462778 0.993951 0.462022 
0.057405 0.003089 0.491768 
0.011302 0.981663 0.003518 0.003518 
0.250000 0.250000 0.250000 0.250000 
 208
0.479817 0.002961 0.046210 
0.462778 0.993951 0.462022 
0.057405 0.003089 0.491768 
0.003954 0.989011 0.003518 0.003518 
0.250000 0.250000 0.250000 0.250000 
 209
0.479817 0.002961 0.046210 
0.462778 0.993951 0.462022 
0.057405 0.003089 0.491768 
0.003945 0.989020 0.003518 0.003518 
0.250000 0.250000 0.250000 0.250000 
 210
0.479817 0.002961 0.046210 
0.462778 0.993951 0.462022 
0.057405 0.003089 0.491768 
0.003855 0.003519 0.006264 0.986362 
0.250000 0.250000 0.250000 0.250000 
 211
0.479817 0.002961 0.046210 
0.462778 0.993951 0.462022 
0.057405 0.003089 0.491768 
0.988106 0.004859 0.003518 0.003518 
0.250000 0.250000 0.250000 0.250000 
 212
0.479817 0.002961 0.046210 
0.462778 0.993951 0.462022 
0.057405 0.003089 0.491768 
0.988443 0.004522 0.003518 0.003518 
0.250000 0.250000 0.250000 0.250000 
 213
0.479817 0.002961 0.046210 
0.462778 0.993951 0.462022 
0.057405 0.003089 0.491768 
0.988647 0.003842 0.003993 0.003518 
0.250000 0.250000 0.250000 0.250000 
 214
0.479817 0.002961 0.046210 
0.462778 0.993951 0.462022 
0.057405 0.003089 0.491768 
0.003518 0.003518 0.003518 0.989447 
0.250000 0.250000 0.250000 0.250000 
 215
0.479817 0.002961 0.046210 
0.462778 0.993951 0.462022 
0.057405 0.003089 0.491768 
0.003518 0.989447 0.003518 0.003518 
0.250000 0.250000 0.250000 0.250000 
 216
0.479817 0.002961 0.046210 
0.462778 0.993951 0.462022 
0.057405 0.003089 0.491768 
0.003519 0.003519 0.014514 0.978448 
0.250000 0.250000 0.250000 0.250000 
 217
0.479817 0.002961 0.046210 
0.462778 0.993951 0.462022 
0.057405 0.003089 0.491768 
0.988935 0.004029 0.003518 0.003518 
0.250000 0.250000 0.250000 0.250000 
 218
0.479817 0.002961 0.046210 
0.462778 0.993951 0.462022 
0.057405 0.003089 0.491768 
0.988817 0.003518 0.004148 0.003518 
0.250000 0.250000 0.250000 0.250000 
 219
0.479817 0.002961 0.046210 
0.462778 0.993951 0.462022 
0.057405 0.003089 0.491768 
0.003518 0.003518 0.988147 0.004818 
0.250000 0.250000 0.250000 0.250000 
 220
0.479817 0.002961 0.046210 
0.462778 0.993951 0.462022 
0.057405 0.003089 0.491768 
0.989447 0.003518 0.003518 0.003518 
0.250000 0.250000 0.250000 0.250000 
 221
0.479817 0.002961 0.046210 
0.462778 0.993951 0.462022 
0.057405 0.003089 0.491768 
0.003518 0.003518 0.003970 0.988995 
0.250000 0.250000 0.250000 0.250000 
 222
0.479817 0.002961 0.046210 
0.462778 0.993951 0.462022 
0.057405 0.003089 0.491768 
0.003518 0.003518 0.004618 0.988347 
0.250000 0.250000 0.250000 0.250000 
 223
0.479817 0.002961 0.046210 
0.462778 0.993951 0.462022 
0.057405 0.003089 0.491768 
0.003518 0.989447 0.003518 0.003518 
0.250000 0.250000 0.250000 0.250000 
 224
0.479817 0.002961 0.046210 
0.462778 0.993951 0.462022 
0.057405 0.003089 0.491768 
0.003518 0.003518 0.989447 0.003518 
0.250000 0.250000 0.250000 0.250000 
 225
0.479817 0.002961 0.046210 
0.462778 0.993951 0.462022 
0.057405 0.003089 0.491768 
0.003856 0.004484 0.004205 0.987454 
0.250000 0.250000 0.250000 0.250000 
 226
0.479817 0.002961 0.046210 
0.462778 0.993951 0.462022 
0.057405 0.003089 0.491768 
0.003518 0.989447 0.003518 0.003518 
0.250000 0.250000 0.250000 0.250000 
 227
0.479817 0.002961 0.046210 
0.462778 0.993951 0.462022 
0.057405 0.003089 0.491768 
0.003948 0.989017 0.003518 0.003518 
0.250000 0.250000 0.250000 0.250000 
 228
0.479817 0.002961 0.046210 
0.462778 0.993951 0.462022 
0.057405 0.003089 0.491768 
0.006409 0.004117 0.984908 0.004565 
0.250000 0.250000 0.250000 0.250000 
 229
0.479817 0.002961 0.046210 
0.462778 0.993951 0.462022 
0.057405 0.003089 0.491768 
0.003518 0.003518 0.003518 0.989447 
0.250000 0.250000 0.250000 0.250000 
 230
0.479817 0.002961 0.046210 
0.462778 0.993951 0.462022 
0.057405 0.003089 0.491768 
0.003518 0.989021 0.003518 0.003943 
0.250000 0.250000 0.250000 0.250000 
 231
0.479817 0.002961 0.046210 
0.462778 0.993951 0.462022 
0.057405 0.003089 0.491768 
0.003518 0.989447 0.003518 0.003518 
0.250000 0.250000 0.250000 0.250000 
 232
0.479817 0.002961 0.046210 
0.462778 0.993951 0.462022 
0.057405 0.003089 0.491768 
0.989025 0.003939 0.003518 0.003518 
0.250000 0.250000 0.250000 0.250000 
 233
0.479817 0.002961 0.046210 
0.462778 0.993951 0.462022 
0.057405 0.003089 0.491768 
0.003518 0.003518 0.003518 0.989447 
0.250000 0.250000 0.250000 0.250000 
 234
